data_processed/recharge/precip/Precip_1991_05.asc
ncols        168
nrows        136
xllcorner    455000
yllcorner    2107000
cellsize     500
NODATA_value     -99999
[rows 102 to 135 of 136, columns 77 to 153 of 168]
102.61 102.19 101.60 100.85 99.95 98.93 97.80 96.58 95.27 93.90 92.47 91.02 89.55 88.07 86.61 85.18 83.79 82.46 81.21 80.04 78.99 78.06 77.26 76.57 75.88 75.15 74.42 73.72 73.05 72.41 71.79 71.20 70.64 70.10 69.59 69.11 68.65 68.22 67.81 67.43 67.07 66.74 66.43 66.15 65.89 65.65 65.44 65.25 65.09 64.97 64.85 64.69 64.49 64.24 63.95 63.59 63.17 62.67 62.10 61.45 60.70 59.86 58.92 57.87 56.70 55.41 54.00 52.45 50.76 48.93 46.94 44.80 42.49 40.00 37.29 34.22 30.74
105.73 105.19 104.48 103.60 102.58 101.43 100.17 98.80 97.35 95.84 94.27 92.67 91.04 89.41 87.79 86.20 84.65 83.15 81.73 80.39 79.16 78.05 77.07 76.24 75.46 74.70 73.97 73.26 72.59 71.94 71.32 70.72 70.16 69.61 69.10 68.61 68.15 67.71 67.30 66.91 66.55 66.21 65.90 65.61 65.35 65.11 64.89 64.70 64.53 64.38 64.22 64.03 63.80 63.53 63.21 62.83 62.39 61.88 61.29 60.62 59.86 59.01 58.06 57.00 55.83 54.54 53.12 51.58 49.89 48.06 46.09 43.95 41.65 39.19 36.54 33.64 30.45
109.05 108.39 107.54 106.53 105.37 104.08 102.67 101.16 99.56 97.89 96.17 94.41 92.62 90.83 89.04 87.27 85.55 83.88 82.27 80.76 79.34 78.04 76.87 75.89 75.07 74.31 73.57 72.86 72.18 71.52 70.89 70.29 69.72 69.17 68.65 68.16 67.69 67.24 66.83 66.43 66.07 65.72 65.41 65.11 64.84 64.60 64.38 64.18 64.00 63.83 63.65 63.44 63.19 62.90 62.57 62.17 61.72 61.20 60.61 59.94 59.18 58.33 57.38 56.32 55.16 53.87 52.47 50.93 49.26 47.45 45.49 43.37 41.10 38.65 36.04 33.28 30.44
112.67 111.86 110.86 109.70 108.38 106.93 105.36 103.68 101.92 100.08 98.18 96.24 94.27 92.29 90.32 88.36 86.44 84.57 82.77 81.05 79.43 77.93 76.60 75.53 74.65 73.85 73.11 72.40 71.71 71.05 70.42 69.82 69.24 68.69 68.17 67.67 67.20 66.75 66.33 65.94 65.57 65.22 64.90 64.60 64.33 64.09 63.86 63.66 63.46 63.25 63.05 62.82 62.57 62.28 61.93 61.54 61.09 60.57 59.98 59.31 58.56 57.72 56.78 55.74 54.59 53.33 51.94 50.43 48.78 46.99 45.06 42.97 40.73 38.32 35.73 33.01 30.33
116.56 115.59 114.42 113.09 111.59 109.96 108.20 106.34 104.38 102.35 100.26 98.12 95.95 93.77 91.58 89.42 87.28 85.20 83.18 81.24 79.39 77.72 76.30 75.15 74.20 73.35 72.58 71.87 71.18 70.52 69.89 69.28 68.71 68.16 67.63 67.14 66.66 66.22 65.80 65.40 65.03 64.69 64.37 64.07 63.80 63.56 63.33 63.11 62.88 62.64 62.41 62.19 61.93 61.64 61.31 60.92 60.48 59.97 59.40 58.74 58.01 57.19 56.27 55.25 54.13 52.89 51.53 50.05 48.44 46.69 44.79 42.74 40.54 38.15 35.59 32.90 30.25
120.52 119.53 118.18 116.65 114.96 113.12 111.16 109.09 106.93 104.68 102.37 100.01 97.62 95.21 92.80 90.40 88.03 85.71 83.45 81.27 79.24 77.47 75.98 74.76 73.73 72.81 71.99 71.26 70.57 69.92 69.29 68.69 68.11 67.57 67.05 66.55 66.08 65.64 65.22 64.83 64.47 64.13 63.81 63.52 63.25 63.01 62.77 62.51 62.25 61.99 61.75 61.53 61.29 61.01 60.69 60.32 59.90 59.41 58.86 58.23 57.53 56.73 55.85 54.86 53.77 52.57 51.26 49.81 48.24 46.54 44.69 42.69 40.51 38.15 35.61 32.94 30.32
124.37 123.49 122.08 120.35 118.44 116.38 114.19 111.90 109.50 107.02 104.47 101.87 99.24 96.58 93.92 91.27 88.65 86.07 83.55 81.18 79.06 77.21 75.65 74.35 73.24 72.26 71.38 70.59 69.90 69.25 68.62 68.03 67.46 66.92 66.40 65.92 65.45 65.02 64.61 64.22 63.86 63.53 63.22 62.94 62.67 62.42 62.14 61.86 61.58 61.31 61.07 60.85 60.63 60.39 60.09 59.75 59.36 58.90 58.38 57.79 57.12 56.37 55.52 54.58 53.54 52.38 51.11 49.72 48.20 46.55 44.75 42.78 40.62 38.29 35.77 33.13 30.53
128.06 127.28 125.95 124.12 121.99 119.69 117.26 114.71 112.06 109.33 106.52 103.66 100.76 97.84 94.91 91.99 89.09 86.23 83.51 81.04 78.85 76.94 75.29 73.92 72.74 71.68 70.74 69.90 69.16 68.50 67.88 67.30 66.74 66.21 65.70 65.22 64.77 64.35 63.95 63.57 63.22 62.90 62.60 62.32 62.05 61.76 61.47 61.17 60.87 60.59 60.36 60.16 59.97 59.76 59.52 59.22 58.86 58.45 57.97 57.42 56.80 56.09 55.30 54.41 53.42 52.32 51.11 49.78 48.33 46.73 44.96 43.01 40.87 38.56 36.07 33.46 30.87
131.55 130.87 129.61 127.82 125.56 123.01 120.31 117.50 114.57 111.56 108.48 105.34 102.15 98.94 95.72 92.51 89.32 86.25 83.43 80.89 78.63 76.64 74.92 73.47 72.22 71.09 70.08 69.19 68.39 67.69 67.07 66.50 65.95 65.43 64.94 64.48 64.04 63.62 63.24 62.87 62.54 62.23 61.94 61.65 61.35 61.04 60.73 60.42 60.12 59.85 59.62 59.44 59.29 59.14 58.96 58.72 58.42 58.06 57.63 57.14 56.57 55.92 55.19 54.36 53.44 52.41 51.26 50.00 48.61 47.05 45.29 43.36 41.24 38.95 36.48 33.90 31.33
134.82 134.21 133.00 131.25 128.99 126.29 123.32 120.21 117.00 113.69 110.31 106.86 103.37 99.85 96.32 92.80 89.38 86.22 83.33 80.72 78.38 76.31 74.52 73.00 71.67 70.48 69.41 68.45 67.60 66.86 66.20 65.63 65.10 64.59 64.12 63.67 63.24 62.84 62.47 62.13 61.81 61.51 61.22 60.91 60.59 60.27 59.94 59.63 59.34 59.07 58.86 58.72 58.61 58.51 58.40 58.25 58.03 57.74 57.37 56.94 56.44 55.86 55.20 54.44 53.59 52.64 51.57 50.38 49.02 47.47 45.73 43.81 41.71 39.44 37.01 34.45 31.91
137.83 137.28 136.11 134.38 132.12 129.38 126.22 122.82 119.29 115.66 111.96 108.19 104.38 100.53 96.67 92.91 89.40 86.16 83.20 80.52 78.11 75.97 74.10 72.50 71.10 69.84 68.70 67.69 66.79 66.00 65.30 64.70 64.17 63.68 63.22 62.79 62.39 62.01 61.66 61.33 61.03 60.73 60.41 60.09 59.75 59.42 59.10 58.80 58.51 58.25 58.08 57.97 57.92 57.89 57.85 57.79 57.68 57.48 57.20 56.85 56.42 55.92 55.33 54.66 53.89 53.02 52.03 50.88 49.53 47.99 46.27 44.36 42.29 40.04 37.62 35.09 32.57
140.57 140.05 138.90 137.16 134.88 132.11 128.88 125.26 121.41 117.44 113.40 109.29 105.12 100.93 96.83 92.97 89.39 86.08 83.05 80.30 77.81 75.60 73.66 71.98 70.50 69.17 67.97 66.90 65.95 65.11 64.37 63.73 63.18 62.70 62.26 61.85 61.47 61.12 60.79 60.48 60.18 59.86 59.53 59.19 58.85 58.52 58.21 57.91 57.64 57.41 57.27 57.21 57.22 57.26 57.31 57.35 57.35 57.28 57.12 56.86 56.52 56.10 55.61 55.02 54.35 53.56 52.61 51.46 50.12 48.59 46.88 45.00 42.94 40.71 38.33 35.82 33.32
142.99 142.49 141.34 139.59 137.27 134.43 131.12 127.39 123.30 118.99 114.58 110.11 105.58 101.14 96.93 93.00 89.35 85.98 82.88 80.05 77.49 75.20 73.19 71.43 69.88 68.48 67.22 66.09 65.09 64.20 63.42 62.74 62.16 61.66 61.23 60.85 60.49 60.16 59.85 59.55 59.23 58.89 58.55 58.22 57.88 57.56 57.26 56.99 56.74 56.54 56.44 56.44 56.51 56.64 56.78 56.93 57.04 57.10 57.09 56.96 56.73 56.41 56.02 55.54 54.95 54.20 53.25 52.11 50.78 49.26 47.57 45.70 43.66 41.46 39.10 36.62 34.14
145.08 144.58 143.41 141.61 139.24 136.32 132.92 129.07 124.83 120.25 115.47 110.62 105.83 101.27 97.00 93.01 89.29 85.84 82.67 79.77 77.14 74.78 72.69 70.86 69.23 67.76 66.44 65.25 64.19 63.26 62.44 61.72 61.11 60.58 60.14 59.77 59.44 59.14 58.84 58.52 58.18 57.84 57.50 57.17 56.85 56.54 56.26 56.02 55.81 55.65 55.59 55.66 55.80 56.01 56.26 56.52 56.76 56.96 57.10 57.14 57.06 56.87 56.58 56.19 55.64 54.90 53.95 52.81 51.49 49.99 48.31 46.46 44.44 42.26 39.93 37.48 35.02
146.80 146.28 145.07 143.22 140.76 137.75 134.24 130.26 125.86 121.09 116.02 110.90 106.00 101.39 97.05 92.99 89.20 85.68 82.44 79.47 76.77 74.33 72.16 70.25 68.55 67.01 65.63 64.38 63.27 62.29 61.42 60.67 60.03 59.48 59.02 58.64 58.32 58.02 57.71 57.38 57.04 56.70 56.37 56.05 55.75 55.47 55.22 55.00 54.83 54.72 54.73 54.86 55.09 55.40 55.75 56.13 56.51 56.85 57.15 57.36 57.47 57.45 57.28 56.93 56.38 55.64 54.70 53.57 52.25 50.76 49.10 47.27 45.27 43.11 40.80 38.38 35.95
148.13 147.57 146.30 144.37 141.82 138.70 135.04 130.91 126.34 121.39 116.23 111.10 106.15 101.47 97.06 92.93 89.08 85.49 82.18 79.14 76.36 73.85 71.60 69.62 67.84 66.24 64.78 63.48 62.32 61.28 60.38 59.59 58.91 58.34 57.86 57.46 57.11 56.79 56.47 56.14 55.80 55.48 55.16 54.86 54.58 54.33 54.12 53.95 53.83 53.77 53.84 54.05 54.37 54.78 55.25 55.76 56.28 56.78 57.24 57.64 57.94 58.11 58.04 57.71 57.16 56.41 55.47 54.35 53.05 51.57 49.92 48.11 46.13 44.00 41.71 39.31 36.90
149.03 148.41 147.07 145.04 142.37 139.12 135.32 131.01 126.26 121.24 116.19 111.18 106.26 101.52 97.05 92.85 88.93 85.27 81.89 78.77 75.92 73.34 71.01 68.95 67.10 65.42 63.91 62.54 61.33 60.25 59.30 58.48 57.77 57.17 56.66 56.22 55.82 55.46 55.12 54.79 54.47 54.16 53.87 53.59 53.35 53.14 52.97 52.85 52.79 52.79 52.94 53.23 53.65 54.18 54.77 55.41 56.08 56.75 57.38 57.97 58.45 58.73 58.75 58.48 57.95 57.20 56.27 55.16 53.86 52.40 50.76 48.97 47.01 44.90 42.64 40.27 37.88
149.48 148.78 147.34 145.20 142.40 138.99 135.02 130.54 125.72 120.83 115.94 111.07 106.25 101.53 97.00 92.74 88.74 85.02 81.56 78.37 75.45 72.79 70.39 68.25 66.33 64.58 63.00 61.58 60.31 59.18 58.19 57.33 56.59 55.96 55.40 54.90 54.45 54.04 53.68 53.35 53.05 52.76 52.50 52.26 52.06 51.90 51.78 51.72 51.72 51.79 52.02 52.41 52.93 53.57 54.30 55.09 55.91 56.75 57.57 58.32 58.91 59.26 59.35 59.18 58.73 58.01 57.08 55.97 54.69 53.23 51.61 49.83 47.90 45.81 43.58 41.24 38.87
149.44 148.65 147.10 144.82 141.87 138.29 134.14 129.60 124.93 120.21 115.48 110.75 106.06 101.43 96.91 92.59 88.53 84.73 81.20 77.94 74.94 72.21 69.73 67.52 65.52 63.70 62.06 60.57 59.25 58.08 57.04 56.14 55.37 54.68 54.06 53.50 52.99 52.55 52.16 51.82 51.53 51.28 51.05 50.86 50.70 50.60 50.54 50.55 50.61 50.77 51.08 51.57 52.21 52.98 53.84 54.78 55.77 56.79 57.77 58.62 59.26 59.67 59.85 59.76 59.41 58.78 57.88 56.78 55.50 54.06 52.46 50.70 48.78 46.72 44.52 42.20 39.85
148.90 148.00 146.31 143.88 140.76 137.00 132.80 128.42 123.94 119.40 114.83 110.24 105.68 101.16 96.72 92.40 88.27 84.41 80.81 77.47 74.40 71.59 69.04 66.75 64.67 62.78 61.07 59.54 58.16 56.94 55.86 54.92 54.08 53.32 52.63 52.01 51.46 50.98 50.57 50.22 49.93 49.71 49.53 49.38 49.29 49.24 49.26 49.33 49.48 49.72 50.13 50.73 51.49 52.39 53.40 54.50 55.67 56.84 57.90 58.79 59.48 59.95 60.20 60.21 59.96 59.44 58.64 57.57 56.31 54.88 53.29 51.55 49.65 47.61 45.43 43.14 40.82
147.82 146.78 144.94 142.34 139.04 135.24 131.21 127.04 122.77 118.41 113.99 109.55 105.12 100.71 96.37 92.11 87.98 84.05 80.38 76.97 73.82 70.94 68.31 65.94 63.79 61.83 60.06 58.46 57.03 55.76 54.63 53.63 52.71 51.88 51.12 50.45 49.86 49.35 48.91 48.56 48.27 48.07 47.93 47.84 47.81 47.84 47.93 48.08 48.32 48.65 49.16 49.88 50.77 51.81 52.98 54.25 55.56 56.80 57.89 58.81 59.55 60.08 60.41 60.50 60.35 59.95 59.27 58.30 57.08 55.66 54.09 52.36 50.49 48.48 46.32 44.06 41.76
146.17 144.98 142.97 140.19 136.85 133.24 129.45 125.50 121.42 117.24 112.99 108.70 104.39 100.10 95.85 91.67 87.59 83.64 79.91 76.43 73.21 70.24 67.54 65.09 62.87 60.84 59.00 57.34 55.86 54.53 53.34 52.24 51.25 50.34 49.53 48.81 48.18 47.65 47.20 46.84 46.56 46.37 46.26 46.24 46.28 46.38 46.55 46.80 47.13 47.56 48.19 49.02 50.05 51.24 52.57 53.99 55.36 56.61 57.72 58.67 59.45 60.04 60.43 60.61 60.56 60.27 59.72 58.89 57.78 56.40 54.85 53.14 51.29 49.30 47.17 44.93 42.66
143.92 142.56 140.37 137.56 134.44 131.08 127.52 123.79 119.91 115.91 111.83 107.68 103.51 99.33 95.17 91.08 87.06 83.15 79.39 75.84 72.55 69.51 66.73 64.20 61.90 59.80 57.90 56.18 54.64 53.24 51.95 50.77 49.69 48.73 47.86 47.10 46.44 45.88 45.42 45.06 44.79 44.62 44.55 44.57 44.68 44.87 45.13 45.48 45.91 46.45 47.19 48.16 49.34 50.69 52.16 53.62 54.98 56.23 57.35 58.33 59.16 59.81 60.27 60.53 60.58 60.40 59.97 59.28 58.31 57.06 55.55 53.86 52.03 50.07 47.97 45.75 43.50
141.05 139.51 137.30 134.72 131.86 128.76 125.44 121.92 118.24 114.43 110.51 106.52 102.48 98.41 94.36 90.34 86.39 82.53 78.80 75.22 71.85 68.74 65.88 63.27 60.90 58.73 56.76 54.98 53.35 51.85 50.47 49.20 48.06 47.03 46.11 45.31 44.62 44.05 43.58 43.22 42.97 42.83 42.80 42.87 43.04 43.31 43.67 44.12 44.66 45.32 46.19 47.30 48.63 50.11 51.61 53.05 54.40 55.65 56.79 57.80 58.66 59.36 59.89 60.24 60.38 60.30 60.00 59.44 58.63 57.54 56.16 54.52 52.71 50.77 48.69 46.51 44.28
137.53 135.98 134.01 131.72 129.14 126.29 123.20 119.91 116.44 112.81 109.06 105.22 101.31 97.37 93.41 89.48 85.59 81.78 78.08 74.51 71.11 67.92 64.98 62.30 59.85 57.61 55.57 53.70 51.97 50.36 48.89 47.55 46.34 45.25 44.29 43.45 42.74 42.15 41.68 41.34 41.11 41.00 41.00 41.13 41.36 41.71 42.17 42.73 43.39 44.17 45.18 46.43 47.89 49.39 50.86 52.27 53.60 54.85 56.00 57.03 57.93 58.69 59.29 59.71 59.94 59.97 59.79 59.37 58.70 57.77 56.56 55.06 53.31 51.39 49.34 47.19 44.98
133.54 132.25 130.59 128.59 126.28 123.69 120.84 117.77 114.50 111.06 107.48 103.80 100.03 96.20 92.35 88.50 84.68 80.92 77.25 73.70 70.29 67.06 64.05 61.28 58.76 56.44 54.31 52.32 50.48 48.78 47.23 45.81 44.53 43.39 42.39 41.53 40.80 40.20 39.73 39.40 39.19 39.12 39.17 39.35 39.66 40.09 40.64 41.31 42.10 43.01 44.15 45.53 46.99 48.45 49.87 51.24 52.56 53.81 54.97 56.02 56.96 57.77 58.43 58.93 59.25 59.39 59.32 59.03 58.51 57.73 56.70 55.39 53.78 51.92 49.90 47.77 45.59
129.34 128.38 127.03 125.32 123.29 120.95 118.35 115.50 112.44 109.19 105.79 102.26 98.62 94.92 91.17 87.41 83.66 79.95 76.32 72.78 69.38 66.12 63.06 60.22 57.61 55.20 52.94 50.84 48.90 47.11 45.47 43.99 42.65 41.46 40.43 39.53 38.79 38.19 37.73 37.41 37.24 37.20 37.31 37.55 37.93 38.44 39.09 39.87 40.78 41.83 43.09 44.46 45.86 47.25 48.62 49.97 51.27 52.51 53.68 54.75 55.73 56.58 57.30 57.88 58.29 58.53 58.57 58.41 58.03 57.42 56.55 55.42 54.01 52.31 50.36 48.26 46.15
125.02 124.38 123.34 121.93 120.17 118.10 115.74 113.12 110.27 107.21 103.98 100.61 97.11 93.53 89.89 86.22 82.54 78.89 75.29 71.78 68.37 65.10 62.01 59.10 56.39 53.84 51.47 49.26 47.22 45.34 43.63 42.08 40.69 39.46 38.39 37.48 36.72 36.12 35.67 35.38 35.24 35.25 35.41 35.71 36.17 36.77 37.52 38.41 39.44 40.60 41.85 43.14 44.46 45.79 47.12 48.43 49.71 50.94 52.11 53.21 54.21 55.11 55.90 56.55 57.05 57.38 57.54 57.51 57.27 56.80 56.11 55.16 53.94 52.45 50.66 48.67 46.75
120.38 120.08 119.37 118.26 116.79 114.98 112.87 110.49 107.85 105.00 101.95 98.74 95.40 91.95 88.42 84.85 81.25 77.66 74.11 70.62 67.23 63.96 60.83 57.83 54.98 52.32 49.83 47.53 45.40 43.45 41.67 40.06 38.63 37.37 36.28 35.35 34.60 34.01 33.58 33.32 33.22 33.29 33.51 33.90 34.44 35.14 36.00 37.01 38.15 39.35 40.52 41.72 42.96 44.22 45.49 46.76 48.02 49.23 50.40 51.51 52.55 53.49 54.32 55.04 55.62 56.05 56.32 56.40 56.30 55.98 55.44 54.67 53.64 52.35 50.77 48.97 47.26
115.26 115.32 114.94 114.15 112.98 111.46 109.62 107.48 105.08 102.44 99.59 96.56 93.38 90.08 86.68 83.22 79.72 76.21 72.72 69.28 65.91 62.64 59.46 56.34 53.36 50.58 48.00 45.61 43.41 41.40 39.57 37.93 36.47 35.19 34.09 33.17 32.43 31.87 31.48 31.27 31.23 31.37 31.68 32.15 32.80 33.61 34.60 35.72 36.91 38.10 39.26 40.39 41.54 42.72 43.93 45.15 46.36 47.55 48.71 49.82 50.87 51.84 52.72 53.49 54.14 54.66 55.02 55.22 55.23 55.06 54.67 54.06 53.21 52.10 50.68 49.05 47.53
109.71 110.10 110.06 109.61 108.76 107.54 105.98 104.11 101.95 99.54 96.91 94.08 91.08 87.94 84.69 81.35 77.96 74.54 71.13 67.75 64.42 61.13 57.86 54.64 51.55 48.66 45.99 43.54 41.28 39.23 37.37 35.70 34.23 32.95 31.86 30.97 30.26 29.74 29.41 29.26 29.30 29.52 29.93 30.52 31.28 32.23 33.33 34.51 35.70 36.88 38.03 39.13 40.21 41.31 42.44 43.60 44.76 45.92 47.06 48.16 49.21 50.20 51.11 51.93 52.63 53.22 53.67 53.97 54.10 54.04 53.80 53.34 52.65 51.68 50.42 48.95 47.58
103.94 104.47 104.76 104.66 104.14 103.23 101.97 100.38 98.49 96.33 93.92 91.30 88.50 85.54 82.45 79.25 75.99 72.68 69.36 66.05 62.73 59.40 56.07 52.78 49.60 46.62 43.86 41.34 39.04 36.96 35.08 33.41 31.94 30.68 29.62 28.76 28.11 27.65 27.39 27.32 27.46 27.78 28.30 29.02 29.92 30.99 32.15 33.32 34.50 35.67 36.81 37.91 38.97 39.99 41.04 42.12 43.23 44.34 45.44 46.53 47.57 48.57 49.50 50.35 51.11 51.75 52.28 52.66 52.89 52.96 52.84 52.51 51.95 51.11 49.99 48.67 47.45
98.09 98.64 99.09 99.31 99.14 98.56 97.62 96.32 94.71 92.81 90.65 88.26 85.67 82.90 79.98 76.95 73.83 70.64 67.43 64.16 60.84 57.48 54.12 50.77 47.53 44.49 41.66 39.06 36.72 34.63 32.75 31.09 29.65 28.42 27.40 26.60 26.00 25.62 25.45 25.49 25.73 26.17 26.83 27.68 28.72 29.84 31.00 32.17 33.34 34.49 35.61 36.70 37.75 38.76 39.74 40.74 41.77 42.83 43.89 44.94 45.97 46.96 47.90 48.78 49.57 50.27 50.86 51.32 51.64 51.81 51.80 51.58 51.12 50.40 49.42 48.24 47.15
92.21 92.77 93.25 93.62 93.78 93.55 92.93 91.95 90.63 89.01 87.11 84.96 82.59 80.03 77.31 74.45 71.49 68.44 65.31 62.07 58.77 55.41 52.03 48.66 45.38 42.29 39.41 36.77 34.38 32.26 30.40 28.77 27.36 26.18 25.23 24.49 23.98 23.70 23.63 23.78 24.15 24.73 25.53 26.52 27.62 28.75 29.91 31.07 32.22 33.34 34.44 35.51 36.55 37.56 38.52 39.46 40.41 41.40 42.40 43.41 44.42 45.39 46.33 47.22 48.04 48.78 49.42 49.94 50.35 50.60 50.67 50.53 50.17 49.57 48.71 47.67 46.71
