data_processed/recharge/precip/Precip_2002_10.asc
ncols        168
nrows        136
xllcorner    455000
yllcorner    2107000
cellsize     500
NODATA_value     -99999
[rows 0 to 33 of 136, columns 0 to 76 of 168]
19.90 20.11 20.45 20.93 21.55 22.32 23.24 24.31 25.53 26.92 28.48 30.21 32.11 34.19 36.46 38.91 41.56 44.40 47.44 50.69 54.06 57.31 60.39 63.31 66.07 68.66 71.10 73.38 75.51 77.48 79.30 80.98 82.50 83.88 85.11 86.20 87.15 87.96 88.63 89.17 89.57 89.84 89.98 89.99 89.89 89.72 89.52 89.28 89.00 88.68 88.31 87.90 87.43 86.91 86.36 85.87 85.45 85.10 84.82 84.59 84.41 84.27 84.17 84.09 84.03 83.98 83.93 83.88 83.81 83.73 83.62 83.47 83.28 83.04 82.75 82.39 81.95
20.62 20.86 21.24 21.75 22.41 23.22 24.17 25.28 26.55 27.99 29.59 31.36 33.32 35.45 37.77 40.28 42.98 45.88 48.99 52.30 55.73 59.04 62.18 65.15 67.96 70.60 73.08 75.40 77.56 79.56 81.41 83.11 84.65 86.05 87.29 88.39 89.35 90.16 90.83 91.36 91.76 92.01 92.14 92.13 91.99 91.73 91.41 91.04 90.63 90.18 89.68 89.12 88.52 87.88 87.31 86.82 86.40 86.06 85.78 85.55 85.37 85.22 85.11 85.03 84.96 84.90 84.84 84.77 84.69 84.59 84.46 84.30 84.09 83.83 83.51 83.12 82.66
21.55 21.81 22.21 22.75 23.43 24.26 25.25 26.39 27.69 29.16 30.80 32.62 34.61 36.79 39.15 41.71 44.46 47.41 50.56 53.93 57.41 60.77 63.96 66.97 69.82 72.50 75.01 77.36 79.55 81.57 83.44 85.15 86.71 88.11 89.36 90.46 91.41 92.21 92.87 93.39 93.77 94.00 94.10 94.06 93.89 93.59 93.16 92.66 92.12 91.53 90.88 90.19 89.47 88.81 88.24 87.75 87.34 87.00 86.72 86.49 86.31 86.16 86.05 85.96 85.88 85.81 85.74 85.66 85.57 85.45 85.31 85.12 84.89 84.61 84.27 83.85 83.37
22.67 22.94 23.35 23.91 24.61 25.46 26.46 27.63 28.95 30.45 32.12 33.96 35.98 38.19 40.59 43.18 45.97 48.97 52.16 55.57 59.10 62.50 65.73 68.78 71.66 74.36 76.90 79.27 81.47 83.51 85.38 87.10 88.66 90.06 91.30 92.39 93.33 94.12 94.76 95.25 95.60 95.80 95.86 95.79 95.57 95.22 94.74 94.13 93.45 92.71 91.92 91.11 90.36 89.71 89.15 88.67 88.27 87.93 87.65 87.43 87.24 87.09 86.97 86.88 86.79 86.71 86.63 86.55 86.44 86.31 86.15 85.95 85.70 85.39 85.03 84.59 84.08
23.97 24.25 24.66 25.22 25.93 26.79 27.81 28.98 30.33 31.84 33.52 35.39 37.43 39.67 42.09 44.71 47.53 50.55 53.79 57.23 60.79 64.23 67.48 70.55 73.45 76.18 78.73 81.11 83.32 85.36 87.23 88.95 90.49 91.88 93.11 94.18 95.10 95.86 96.47 96.93 97.24 97.41 97.43 97.30 97.04 96.63 96.09 95.41 94.60 93.72 92.81 91.97 91.24 90.60 90.05 89.58 89.18 88.85 88.57 88.34 88.16 88.01 87.89 87.79 87.70 87.61 87.52 87.42 87.30 87.16 86.98 86.76 86.50 86.17 85.79 85.33 84.79
25.46 25.73 26.14 26.69 27.40 28.26 29.28 30.46 31.81 33.32 35.02 36.89 38.95 41.20 43.64 46.28 49.12 52.16 55.42 58.89 62.48 65.93 69.21 72.30 75.21 77.94 80.50 82.88 85.08 87.12 88.99 90.68 92.22 93.58 94.79 95.83 96.72 97.44 98.01 98.43 98.70 98.81 98.78 98.59 98.27 97.80 97.19 96.43 95.55 94.57 93.64 92.82 92.10 91.47 90.93 90.47 90.07 89.75 89.47 89.25 89.07 88.92 88.79 88.69 88.59 88.50 88.40 88.29 88.16 88.00 87.81 87.58 87.29 86.95 86.54 86.06 85.50
27.12 27.37 27.77 28.31 29.00 29.85 30.87 32.04 33.38 34.90 36.60 38.47 40.54 42.79 45.24 47.88 50.73 53.79 57.06 60.54 64.15 67.62 70.90 74.00 76.91 79.65 82.20 84.57 86.77 88.79 90.63 92.31 93.81 95.15 96.32 97.33 98.17 98.85 99.38 99.74 99.95 100.01 99.91 99.66 99.26 98.72 98.03 97.20 96.27 95.33 94.45 93.64 92.93 92.32 91.79 91.33 90.95 90.63 90.36 90.14 89.96 89.81 89.68 89.57 89.47 89.38 89.27 89.15 89.01 88.84 88.64 88.39 88.09 87.72 87.30 86.79 86.21
28.95 29.18 29.55 30.07 30.74 31.57 32.57 33.73 35.06 36.56 38.25 40.12 42.17 44.42 46.87 49.51 52.37 55.43 58.70 62.19 65.80 69.28 72.56 75.66 78.57 81.29 83.82 86.18 88.35 90.35 92.17 93.81 95.28 96.58 97.71 98.67 99.46 100.09 100.55 100.86 101.00 100.99 100.82 100.50 100.02 99.39 98.62 97.74 96.86 96.01 95.20 94.44 93.75 93.15 92.63 92.18 91.81 91.49 91.23 91.02 90.84 90.69 90.56 90.45 90.35 90.24 90.13 90.00 89.85 89.67 89.45 89.19 88.87 88.49 88.05 87.52 86.92
30.94 31.13 31.47 31.96 32.60 33.41 34.37 35.51 36.82 38.30 39.97 41.82 43.86 46.10 48.53 51.17 54.01 57.07 60.34 63.83 67.44 70.91 74.18 77.26 80.16 82.86 85.37 87.70 89.84 91.81 93.59 95.19 96.61 97.86 98.94 99.84 100.58 101.14 101.54 101.77 101.84 101.75 101.50 101.09 100.53 99.81 98.98 98.15 97.36 96.60 95.88 95.19 94.54 93.95 93.45 93.01 92.65 92.34 92.09 91.87 91.70 91.55 91.42 91.31 91.21 91.10 90.98 90.84 90.69 90.49 90.26 89.99 89.65 89.26 88.79 88.25 87.62
33.09 33.24 33.53 33.98 34.58 35.35 36.28 37.38 38.66 40.12 41.75 43.58 45.60 47.81 50.22 52.84 55.67 58.70 61.96 65.44 69.04 72.49 75.75 78.81 81.68 84.35 86.83 89.13 91.23 93.15 94.88 96.43 97.80 99.00 100.01 100.85 101.51 102.00 102.33 102.48 102.47 102.29 101.95 101.45 100.78 100.01 99.23 98.49 97.78 97.11 96.48 95.87 95.29 94.74 94.24 93.82 93.47 93.17 92.92 92.71 92.54 92.40 92.27 92.16 92.05 91.94 91.82 91.68 91.51 91.31 91.06 90.77 90.43 90.02 89.53 88.97 88.32
35.39 35.48 35.72 36.12 36.68 37.40 38.28 39.34 40.58 41.99 43.60 45.39 47.37 49.55 51.93 54.52 57.32 60.33 63.57 67.02 70.60 74.04 77.27 80.30 83.13 85.76 88.20 90.45 92.51 94.37 96.05 97.54 98.85 99.97 100.91 101.68 102.26 102.67 102.91 102.98 102.87 102.60 102.15 101.55 100.82 100.10 99.41 98.75 98.13 97.55 96.99 96.46 95.96 95.48 95.02 94.61 94.27 93.98 93.74 93.54 93.37 93.23 93.11 92.99 92.88 92.77 92.64 92.49 92.32 92.11 91.86 91.55 91.19 90.77 90.27 89.69 89.02
37.83 37.86 38.04 38.38 38.88 39.54 40.38 41.38 42.57 43.93 45.49 47.23 49.17 51.31 53.65 56.21 58.97 61.95 65.15 68.58 72.13 75.53 78.72 81.71 84.50 87.09 89.47 91.67 93.66 95.47 97.08 98.50 99.73 100.78 101.64 102.32 102.82 103.14 103.29 103.25 103.04 102.66 102.11 101.44 100.76 100.12 99.52 98.96 98.42 97.92 97.44 96.99 96.56 96.15 95.75 95.38 95.04 94.77 94.53 94.34 94.18 94.04 93.92 93.81 93.70 93.58 93.45 93.30 93.12 92.90 92.64 92.32 91.95 91.51 91.00 90.40 89.71
40.41 40.37 40.48 40.75 41.18 41.78 42.55 43.49 44.62 45.93 47.42 49.11 51.00 53.09 55.38 57.89 60.61 63.54 66.70 70.09 73.60 76.96 80.11 83.05 85.78 88.31 90.64 92.77 94.70 96.43 97.97 99.31 100.46 101.42 102.20 102.78 103.19 103.40 103.44 103.30 102.98 102.49 101.87 101.24 100.65 100.10 99.58 99.10 98.65 98.22 97.82 97.45 97.09 96.74 96.42 96.10 95.80 95.53 95.31 95.12 94.97 94.84 94.72 94.61 94.50 94.38 94.25 94.09 93.91 93.68 93.41 93.09 92.70 92.25 91.72 91.10 90.40
43.12 43.00 43.03 43.22 43.57 44.10 44.80 45.67 46.73 47.97 49.40 51.03 52.85 54.88 57.12 59.56 62.23 65.11 68.22 71.56 75.02 78.33 81.42 84.30 86.97 89.44 91.70 93.75 95.60 97.25 98.71 99.96 101.02 101.89 102.56 103.05 103.34 103.45 103.38 103.12 102.68 102.11 101.53 100.99 100.49 100.03 99.60 99.20 98.82 98.48 98.15 97.84 97.55 97.28 97.01 96.76 96.51 96.27 96.06 95.89 95.74 95.61 95.50 95.39 95.28 95.17 95.03 94.87 94.68 94.45 94.17 93.83 93.44 92.97 92.43 91.80 91.08
45.96 45.74 45.69 45.79 46.06 46.50 47.11 47.91 48.88 50.05 51.41 52.96 54.71 56.67 58.84 61.22 63.82 66.65 69.70 72.97 76.38 79.62 82.65 85.47 88.07 90.46 92.64 94.61 96.37 97.93 99.29 100.45 101.41 102.17 102.74 103.11 103.29 103.28 103.08 102.70 102.18 101.65 101.17 100.72 100.30 99.92 99.57 99.25 98.95 98.68 98.42 98.19 97.96 97.75 97.55 97.36 97.17 96.98 96.79 96.63 96.49 96.37 96.26 96.16 96.05 95.93 95.80 95.63 95.44 95.20 94.91 94.57 94.17 93.69 93.13 92.49 91.75
48.90 48.60 48.44 48.45 48.62 48.97 49.49 50.20 51.09 52.17 53.44 54.91 56.59 58.47 60.56 62.86 65.39 68.14 71.12 74.33 77.67 80.84 83.80 86.54 89.06 91.36 93.45 95.33 97.00 98.46 99.72 100.77 101.62 102.27 102.72 102.97 103.02 102.89 102.56 102.09 101.61 101.17 100.77 100.41 100.08 99.78 99.51 99.26 99.04 98.84 98.65 98.48 98.33 98.18 98.04 97.90 97.76 97.63 97.49 97.35 97.22 97.10 97.00 96.90 96.80 96.68 96.55 96.38 96.18 95.94 95.65 95.30 94.88 94.39 93.82 93.16 92.41
51.88 51.54 51.29 51.19 51.26 51.51 51.93 52.54 53.33 54.31 55.49 56.87 58.46 60.25 62.26 64.48 66.92 69.59 72.49 75.63 78.89 81.98 84.85 87.50 89.93 92.14 94.14 95.92 97.48 98.84 99.98 100.92 101.65 102.17 102.49 102.61 102.53 102.26 101.84 101.41 101.02 100.67 100.36 100.08 99.83 99.61 99.42 99.25 99.10 98.96 98.84 98.74 98.64 98.56 98.47 98.39 98.31 98.22 98.13 98.03 97.92 97.82 97.72 97.63 97.53 97.41 97.28 97.11 96.91 96.66 96.37 96.01 95.58 95.08 94.50 93.83 93.06
54.84 54.51 54.22 54.02 53.97 54.11 54.42 54.92 55.60 56.48 57.56 58.84 60.32 62.02 63.93 66.06 68.41 70.99 73.80 76.85 80.03 83.03 85.81 88.37 90.70 92.80 94.69 96.36 97.81 99.05 100.07 100.88 101.48 101.87 102.06 102.04 101.82 101.45 101.07 100.73 100.43 100.17 99.94 99.74 99.57 99.42 99.30 99.20 99.12 99.06 99.00 98.96 98.93 98.90 98.87 98.84 98.81 98.77 98.72 98.66 98.59 98.51 98.42 98.33 98.24 98.12 97.99 97.82 97.62 97.37 97.07 96.71 96.27 95.76 95.17 94.49 93.71
57.79 57.45 57.15 56.90 56.75 56.76 56.95 57.33 57.90 58.67 59.63 60.80 62.18 63.77 65.57 67.60 69.85 72.33 75.05 78.00 81.08 83.99 86.67 89.11 91.33 93.33 95.10 96.65 97.98 99.08 99.98 100.65 101.11 101.37 101.41 101.24 100.92 100.59 100.30 100.05 99.83 99.65 99.50 99.39 99.29 99.22 99.17 99.14 99.13 99.13 99.14 99.16 99.18 99.20 99.23 99.25 99.26 99.27 99.27 99.25 99.22 99.17 99.10 99.02 98.92 98.82 98.68 98.52 98.31 98.06 97.76 97.39 96.95 96.43 95.83 95.13 94.34
60.70 60.35 60.04 59.77 59.56 59.46 59.53 59.78 60.22 60.87 61.71 62.76 64.02 65.49 67.18 69.10 71.24 73.61 76.22 79.07 82.04 84.84 87.41 89.74 91.84 93.72 95.36 96.78 97.98 98.95 99.70 100.23 100.55 100.65 100.53 100.26 99.98 99.74 99.54 99.37 99.24 99.14 99.07 99.03 99.01 99.02 99.04 99.07 99.12 99.19 99.25 99.33 99.41 99.48 99.56 99.63 99.69 99.74 99.78 99.80 99.80 99.78 99.74 99.68 99.59 99.49 99.36 99.19 98.99 98.74 98.43 98.05 97.61 97.08 96.47 95.76 94.96
63.56 63.20 62.87 62.59 62.36 62.19 62.13 62.25 62.56 63.07 63.78 64.70 65.83 67.18 68.75 70.54 72.56 74.82 77.31 80.04 82.90 85.59 88.03 90.24 92.22 93.96 95.47 96.75 97.80 98.63 99.23 99.61 99.77 99.71 99.49 99.26 99.06 98.91 98.79 98.71 98.66 98.64 98.65 98.68 98.73 98.81 98.89 99.00 99.11 99.23 99.36 99.49 99.62 99.74 99.87 99.98 100.09 100.18 100.25 100.31 100.35 100.36 100.35 100.31 100.23 100.14 100.01 99.85 99.65 99.39 99.08 98.70 98.25 97.72 97.10 96.38 95.56
66.38 66.00 65.65 65.34 65.08 64.88 64.75 64.73 64.90 65.27 65.84 66.62 67.62 68.83 70.27 71.93 73.82 75.95 78.32 80.93 83.66 86.22 88.54 90.62 92.45 94.05 95.42 96.55 97.45 98.12 98.57 98.78 98.78 98.61 98.42 98.27 98.17 98.10 98.07 98.07 98.10 98.16 98.24 98.34 98.46 98.60 98.76 98.92 99.09 99.27 99.45 99.64 99.82 99.99 100.16 100.32 100.46 100.59 100.71 100.80 100.86 100.91 100.92 100.90 100.85 100.76 100.64 100.48 100.28 100.03 99.71 99.33 98.88 98.34 97.71 96.99 96.16
69.14 68.73 68.35 68.01 67.72 67.48 67.31 67.21 67.24 67.46 67.88 68.52 69.37 70.44 71.73 73.25 75.01 77.00 79.23 81.71 84.31 86.74 88.91 90.85 92.54 93.99 95.20 96.18 96.92 97.42 97.70 97.75 97.62 97.48 97.39 97.33 97.31 97.33 97.38 97.46 97.56 97.69 97.85 98.02 98.21 98.41 98.63 98.85 99.08 99.32 99.55 99.78 100.01 100.23 100.44 100.64 100.83 100.99 101.14 101.26 101.36 101.43 101.46 101.47 101.43 101.36 101.25 101.10 100.90 100.64 100.33 99.94 99.49 98.94 98.31 97.57 96.74
71.83 71.39 70.98 70.60 70.27 69.99 69.77 69.63 69.57 69.64 69.90 70.38 71.08 71.99 73.14 74.51 76.11 77.96 80.05 82.38 84.84 87.12 89.15 90.94 92.47 93.76 94.81 95.62 96.19 96.52 96.62 96.55 96.46 96.41 96.40 96.43 96.49 96.59 96.72 96.87 97.05 97.26 97.48 97.72 97.98 98.24 98.52 98.80 99.08 99.37 99.65 99.94 100.21 100.47 100.73 100.96 101.18 101.38 101.56 101.71 101.83 101.93 101.98 102.01 101.99 101.93 101.83 101.69 101.49 101.24 100.92 100.54 100.08 99.53 98.89 98.15 97.30
74.44 73.97 73.51 73.09 72.72 72.39 72.12 71.92 71.81 71.78 71.89 72.21 72.74 73.49 74.47 75.69 77.14 78.83 80.76 82.94 85.25 87.38 89.25 90.87 92.24 93.37 94.24 94.88 95.27 95.42 95.39 95.35 95.35 95.38 95.46 95.57 95.72 95.90 96.10 96.33 96.58 96.86 97.15 97.45 97.77 98.09 98.43 98.76 99.10 99.44 99.77 100.10 100.41 100.72 101.01 101.28 101.54 101.77 101.97 102.15 102.30 102.41 102.49 102.53 102.53 102.48 102.39 102.25 102.06 101.81 101.50 101.11 100.65 100.10 99.45 98.70 97.85
76.96 76.45 75.95 75.48 75.05 74.67 74.35 74.10 73.92 73.83 73.84 73.99 74.34 74.93 75.74 76.78 78.07 79.59 81.36 83.38 85.54 87.50 89.20 90.65 91.85 92.80 93.49 93.94 94.14 94.17 94.17 94.21 94.30 94.42 94.58 94.78 95.00 95.26 95.53 95.84 96.16 96.50 96.85 97.22 97.60 97.98 98.37 98.76 99.15 99.53 99.91 100.28 100.64 100.98 101.31 101.61 101.90 102.16 102.39 102.59 102.76 102.89 102.99 103.04 103.05 103.02 102.93 102.80 102.61 102.36 102.05 101.66 101.20 100.64 99.99 99.24 98.37
79.39 78.82 78.28 77.76 77.27 76.84 76.45 76.13 75.89 75.73 75.66 75.70 75.89 76.29 76.92 77.79 78.90 80.25 81.85 83.70 85.68 87.47 89.00 90.27 91.28 92.04 92.55 92.80 92.87 92.92 93.01 93.15 93.32 93.53 93.77 94.04 94.34 94.67 95.02 95.39 95.78 96.19 96.60 97.03 97.46 97.90 98.34 98.78 99.22 99.65 100.07 100.48 100.88 101.26 101.62 101.95 102.27 102.55 102.81 103.03 103.22 103.37 103.48 103.55 103.57 103.54 103.46 103.33 103.14 102.89 102.58 102.19 101.73 101.17 100.52 99.76 98.89
81.71 81.09 80.49 79.91 79.37 78.86 78.41 78.02 77.71 77.47 77.33 77.29 77.35 77.58 78.02 78.70 79.63 80.79 82.21 83.89 85.69 87.30 88.64 89.72 90.54 91.10 91.41 91.53 91.62 91.76 91.94 92.16 92.41 92.70 93.02 93.37 93.75 94.15 94.57 95.01 95.46 95.93 96.41 96.89 97.38 97.87 98.36 98.85 99.33 99.80 100.27 100.71 101.15 101.56 101.95 102.32 102.66 102.97 103.25 103.49 103.69 103.86 103.98 104.06 104.08 104.06 103.98 103.85 103.66 103.40 103.09 102.70 102.23 101.68 101.02 100.26 99.38
83.91 83.24 82.57 81.93 81.32 80.75 80.23 79.76 79.37 79.05 78.83 78.70 78.67 78.77 79.03 79.52 80.24 81.22 82.45 83.93 85.55 86.96 88.11 88.99 89.61 89.97 90.13 90.28 90.46 90.69 90.95 91.25 91.59 91.96 92.36 92.78 93.23 93.70 94.19 94.69 95.20 95.73 96.27 96.80 97.35 97.89 98.43 98.96 99.49 100.00 100.50 100.98 101.45 101.89 102.31 102.71 103.07 103.40 103.70 103.96 104.18 104.36 104.49 104.57 104.60 104.58 104.51 104.37 104.17 103.91 103.59 103.19 102.72 102.16 101.50 100.74 99.85
85.99 85.25 84.52 83.81 83.13 82.48 81.88 81.34 80.86 80.46 80.14 79.92 79.81 79.80 79.93 80.22 80.75 81.52 82.55 83.83 85.25 86.47 87.41 88.09 88.50 88.71 88.89 89.12 89.39 89.71 90.06 90.44 90.86 91.30 91.77 92.27 92.79 93.32 93.88 94.44 95.02 95.60 96.19 96.78 97.37 97.96 98.55 99.12 99.69 100.24 100.78 101.30 101.79 102.27 102.71 103.13 103.52 103.87 104.18 104.46 104.69 104.87 105.01 105.10 105.14 105.12 105.04 104.90 104.69 104.42 104.08 103.67 103.19 102.62 101.96 101.19 100.31
87.94 87.13 86.33 85.54 84.78 84.05 83.37 82.74 82.18 81.68 81.27 80.96 80.74 80.63 80.65 80.80 81.13 81.69 82.51 83.59 84.80 85.80 86.53 86.99 87.25 87.48 87.76 88.08 88.43 88.83 89.26 89.72 90.22 90.74 91.28 91.85 92.43 93.03 93.65 94.27 94.90 95.54 96.19 96.83 97.47 98.10 98.73 99.35 99.95 100.54 101.11 101.66 102.19 102.69 103.16 103.59 104.00 104.37 104.70 104.98 105.22 105.42 105.56 105.65 105.69 105.66 105.58 105.43 105.22 104.94 104.59 104.16 103.65 103.07 102.40 101.63 100.74
89.74 88.86 87.98 87.11 86.27 85.45 84.68 83.96 83.30 82.71 82.20 81.78 81.46 81.25 81.16 81.19 81.36 81.72 82.32 83.18 84.18 84.96 85.47 85.78 86.05 86.38 86.74 87.14 87.59 88.06 88.57 89.11 89.68 90.27 90.88 91.52 92.17 92.83 93.50 94.19 94.87 95.57 96.26 96.95 97.63 98.31 98.98 99.64 100.28 100.90 101.50 102.08 102.63 103.15 103.65 104.10 104.53 104.91 105.25 105.54 105.79 105.99 106.14 106.23 106.26 106.24 106.14 105.99 105.76 105.47 105.10 104.65 104.13 103.52 102.83 102.04 101.15
91.39 90.43 89.46 88.51 87.58 86.68 85.81 84.99 84.23 83.54 82.93 82.40 81.97 81.64 81.43 81.35 81.40 81.60 81.98 82.62 83.38 83.94 84.29 84.62 84.98 85.39 85.84 86.33 86.85 87.41 88.00 88.61 89.25 89.91 90.59 91.29 92.00 92.72 93.45 94.19 94.93 95.67 96.41 97.15 97.88 98.60 99.30 100.00 100.67 101.32 101.95 102.56 103.13 103.68 104.19 104.67 105.10 105.50 105.85 106.15 106.40 106.61 106.75 106.84 106.87 106.83 106.73 106.57 106.33 106.01 105.63 105.16 104.61 103.98 103.25 102.44 101.54
92.88 91.83 90.78 89.74 88.71 87.71 86.74 85.82 84.96 84.16 83.43 82.79 82.25 81.80 81.47 81.26 81.18 81.25 81.47 81.88 82.42 82.81 83.18 83.59 84.04 84.54 85.07 85.64 86.25 86.88 87.54 88.22 88.93 89.66 90.41 91.17 91.94 92.72 93.50 94.29 95.09 95.88 96.66 97.44 98.21 98.97 99.71 100.43 101.14 101.82 102.48 103.11 103.70 104.27 104.80 105.29 105.74 106.14 106.50 106.81 107.06 107.26 107.41 107.49 107.51 107.47 107.36 107.17 106.92 106.59 106.18 105.69 105.11 104.45 103.70 102.85 101.92
