data_processed/recharge/precip/Precip_1994_03.asc
ncols        168
nrows        136
xllcorner    455000
yllcorner    2107000
cellsize     500
NODATA_value     -99999
[rows 0 to 36 of 136, columns 83 to 165 of 168]
1.42 1.36 1.29 1.22 1.16 1.09 1.02 0.95 0.88 0.81 0.74 0.67 0.61 0.55 0.49 0.43 0.37 0.32 0.28 0.24 0.20 0.15 0.11 0.07 0.04 0.01 0.00 0.00 0.00 0.00 0.03 0.08 0.14 0.21 0.29 0.38 0.48 0.58 0.68 0.79 0.90 1.01 1.12 1.23 1.33 1.43 1.52 1.59 1.66 1.70 1.74 1.75 1.76 1.75 1.73 1.70 1.66 1.60 1.54 1.48 1.41 1.33 1.25 1.18 1.10 1.02 0.95 0.89 0.83 0.77 0.73 0.70 0.67 0.65 0.62 0.59 0.56 0.53 0.50 0.49 0.50 0.53 0.59
1.39 1.33 1.27 1.21 1.15 1.08 1.02 0.96 0.89 0.83 0.77 0.71 0.65 0.60 0.55 0.50 0.45 0.41 0.38 0.34 0.30 0.26 0.22 0.18 0.14 0.11 0.08 0.05 0.04 0.04 0.06 0.10 0.14 0.20 0.27 0.35 0.43 0.52 0.62 0.71 0.82 0.92 1.02 1.12 1.21 1.30 1.38 1.45 1.50 1.54 1.57 1.58 1.58 1.57 1.55 1.52 1.48 1.44 1.38 1.32 1.26 1.19 1.12 1.06 0.99 0.93 0.87 0.82 0.77 0.74 0.71 0.69 0.67 0.65 0.63 0.60 0.57 0.55 0.52 0.50 0.49 0.50 0.53
1.34 1.28 1.22 1.17 1.12 1.06 1.01 0.95 0.90 0.85 0.80 0.75 0.70 0.66 0.61 0.58 0.54 0.51 0.48 0.44 0.40 0.36 0.32 0.29 0.25 0.21 0.18 0.15 0.13 0.11 0.12 0.14 0.17 0.21 0.27 0.33 0.40 0.48 0.57 0.65 0.75 0.84 0.93 1.02 1.11 1.19 1.25 1.31 1.35 1.38 1.41 1.41 1.41 1.40 1.38 1.36 1.32 1.28 1.23 1.18 1.12 1.06 1.00 0.95 0.89 0.84 0.80 0.76 0.73 0.71 0.70 0.69 0.68 0.66 0.64 0.61 0.59 0.56 0.54 0.52 0.50 0.49 0.50
1.28 1.21 1.16 1.11 1.07 1.03 0.98 0.94 0.90 0.86 0.82 0.78 0.75 0.72 0.69 0.66 0.64 0.62 0.59 0.55 0.52 0.48 0.44 0.40 0.36 0.33 0.29 0.26 0.23 0.21 0.19 0.20 0.21 0.24 0.28 0.33 0.39 0.46 0.53 0.61 0.69 0.78 0.86 0.94 1.01 1.07 1.13 1.17 1.21 1.24 1.26 1.26 1.26 1.24 1.22 1.20 1.17 1.13 1.08 1.04 0.99 0.94 0.89 0.85 0.81 0.77 0.74 0.72 0.70 0.70 0.69 0.69 0.68 0.66 0.64 0.62 0.60 0.58 0.56 0.54 0.52 0.50 0.49
1.22 1.14 1.09 1.04 1.01 0.98 0.95 0.92 0.89 0.87 0.84 0.82 0.80 0.79 0.77 0.76 0.75 0.73 0.70 0.67 0.63 0.59 0.55 0.52 0.48 0.44 0.41 0.38 0.34 0.31 0.29 0.27 0.28 0.29 0.32 0.35 0.40 0.45 0.52 0.58 0.65 0.73 0.80 0.86 0.92 0.97 1.01 1.05 1.08 1.10 1.11 1.12 1.11 1.09 1.07 1.05 1.02 0.99 0.95 0.91 0.87 0.83 0.80 0.76 0.73 0.71 0.69 0.68 0.68 0.69 0.69 0.68 0.68 0.67 0.65 0.63 0.61 0.59 0.57 0.56 0.54 0.52 0.51
1.16 1.07 1.01 0.97 0.94 0.93 0.91 0.90 0.89 0.88 0.87 0.87 0.86 0.87 0.87 0.87 0.86 0.84 0.81 0.78 0.75 0.71 0.67 0.63 0.60 0.56 0.53 0.49 0.46 0.43 0.40 0.37 0.36 0.36 0.37 0.39 0.42 0.46 0.51 0.57 0.63 0.69 0.74 0.79 0.83 0.87 0.91 0.93 0.96 0.97 0.98 0.98 0.97 0.95 0.93 0.91 0.88 0.85 0.83 0.79 0.76 0.73 0.71 0.69 0.67 0.66 0.66 0.66 0.67 0.68 0.68 0.68 0.68 0.67 0.66 0.64 0.62 0.61 0.59 0.58 0.56 0.55 0.53
1.09 1.00 0.94 0.90 0.88 0.87 0.87 0.88 0.88 0.89 0.91 0.92 0.94 0.96 0.97 0.97 0.97 0.95 0.93 0.90 0.86 0.83 0.79 0.75 0.72 0.68 0.65 0.61 0.58 0.54 0.51 0.48 0.45 0.44 0.43 0.44 0.46 0.49 0.52 0.56 0.61 0.65 0.69 0.72 0.75 0.78 0.80 0.82 0.84 0.85 0.86 0.86 0.84 0.83 0.81 0.78 0.76 0.73 0.71 0.69 0.67 0.65 0.63 0.62 0.62 0.62 0.63 0.65 0.66 0.67 0.67 0.68 0.68 0.67 0.66 0.65 0.64 0.62 0.61 0.59 0.58 0.57 0.56
1.02 0.93 0.87 0.83 0.82 0.81 0.83 0.86 0.88 0.91 0.95 0.98 1.02 1.05 1.07 1.08 1.07 1.06 1.04 1.01 0.98 0.94 0.91 0.87 0.84 0.80 0.76 0.73 0.70 0.66 0.63 0.59 0.56 0.53 0.51 0.50 0.51 0.52 0.54 0.57 0.60 0.62 0.64 0.66 0.68 0.69 0.71 0.72 0.73 0.74 0.74 0.74 0.73 0.71 0.69 0.67 0.64 0.62 0.60 0.59 0.58 0.57 0.56 0.57 0.58 0.59 0.61 0.63 0.64 0.66 0.67 0.67 0.68 0.68 0.67 0.66 0.65 0.64 0.63 0.61 0.60 0.59 0.58
0.95 0.87 0.81 0.78 0.76 0.77 0.80 0.84 0.89 0.94 1.00 1.06 1.11 1.14 1.17 1.18 1.18 1.16 1.15 1.12 1.09 1.06 1.02 0.99 0.95 0.92 0.88 0.85 0.81 0.78 0.74 0.71 0.67 0.63 0.60 0.58 0.57 0.57 0.57 0.58 0.59 0.59 0.60 0.60 0.61 0.61 0.62 0.63 0.63 0.64 0.64 0.63 0.62 0.60 0.58 0.56 0.54 0.53 0.51 0.50 0.50 0.50 0.51 0.52 0.55 0.57 0.59 0.61 0.63 0.65 0.66 0.67 0.68 0.68 0.68 0.67 0.66 0.66 0.65 0.64 0.63 0.62 0.61
0.88 0.80 0.75 0.73 0.73 0.74 0.78 0.84 0.91 0.98 1.07 1.14 1.19 1.23 1.26 1.27 1.27 1.27 1.25 1.23 1.20 1.17 1.14 1.10 1.07 1.03 1.00 0.96 0.93 0.89 0.85 0.82 0.78 0.74 0.70 0.67 0.64 0.62 0.61 0.59 0.58 0.57 0.56 0.55 0.54 0.54 0.54 0.54 0.54 0.54 0.54 0.53 0.52 0.50 0.49 0.47 0.45 0.44 0.43 0.43 0.43 0.44 0.46 0.49 0.52 0.55 0.57 0.60 0.62 0.64 0.66 0.67 0.68 0.69 0.69 0.69 0.68 0.67 0.67 0.66 0.65 0.64 0.63
0.81 0.74 0.70 0.69 0.70 0.73 0.78 0.85 0.94 1.04 1.13 1.21 1.27 1.32 1.35 1.36 1.37 1.37 1.35 1.33 1.31 1.28 1.25 1.21 1.18 1.14 1.11 1.07 1.04 1.00 0.96 0.92 0.88 0.84 0.80 0.76 0.72 0.68 0.64 0.61 0.57 0.55 0.52 0.50 0.48 0.47 0.46 0.45 0.45 0.45 0.45 0.44 0.43 0.42 0.40 0.39 0.37 0.37 0.36 0.37 0.38 0.40 0.43 0.46 0.49 0.53 0.56 0.59 0.61 0.64 0.66 0.68 0.69 0.70 0.70 0.70 0.70 0.69 0.69 0.68 0.68 0.67 0.66
0.75 0.69 0.66 0.66 0.68 0.73 0.80 0.89 0.99 1.10 1.19 1.28 1.34 1.39 1.43 1.45 1.46 1.46 1.45 1.43 1.41 1.38 1.35 1.32 1.28 1.25 1.21 1.18 1.14 1.10 1.06 1.02 0.98 0.94 0.90 0.85 0.80 0.73 0.67 0.62 0.57 0.53 0.49 0.45 0.43 0.40 0.39 0.38 0.37 0.37 0.37 0.36 0.35 0.34 0.32 0.31 0.31 0.30 0.31 0.32 0.34 0.37 0.40 0.44 0.47 0.51 0.54 0.58 0.61 0.64 0.66 0.68 0.70 0.71 0.72 0.72 0.72 0.72 0.71 0.71 0.70 0.70 0.69
0.69 0.65 0.63 0.65 0.69 0.75 0.84 0.94 1.05 1.16 1.25 1.33 1.40 1.46 1.50 1.52 1.54 1.54 1.53 1.52 1.50 1.47 1.44 1.41 1.38 1.35 1.31 1.28 1.24 1.20 1.16 1.12 1.08 1.04 0.99 0.93 0.86 0.79 0.71 0.64 0.57 0.51 0.46 0.41 0.37 0.34 0.32 0.31 0.30 0.30 0.29 0.28 0.28 0.27 0.26 0.25 0.25 0.25 0.26 0.28 0.31 0.34 0.37 0.41 0.45 0.49 0.53 0.57 0.60 0.64 0.66 0.69 0.71 0.72 0.73 0.74 0.74 0.74 0.74 0.74 0.73 0.73 0.72
0.64 0.61 0.61 0.65 0.70 0.79 0.90 1.01 1.11 1.21 1.30 1.38 1.46 1.52 1.56 1.59 1.61 1.61 1.61 1.60 1.58 1.56 1.53 1.50 1.47 1.44 1.40 1.37 1.33 1.29 1.25 1.21 1.17 1.12 1.06 0.99 0.91 0.83 0.74 0.65 0.57 0.49 0.43 0.37 0.32 0.29 0.26 0.24 0.23 0.23 0.22 0.22 0.21 0.20 0.20 0.20 0.20 0.21 0.23 0.25 0.29 0.32 0.36 0.40 0.44 0.48 0.53 0.57 0.60 0.64 0.67 0.70 0.72 0.74 0.75 0.76 0.77 0.77 0.77 0.77 0.77 0.76 0.76
0.60 0.59 0.61 0.66 0.74 0.84 0.96 1.07 1.17 1.26 1.35 1.43 1.50 1.56 1.61 1.65 1.67 1.68 1.68 1.67 1.65 1.63 1.61 1.58 1.55 1.52 1.48 1.45 1.41 1.37 1.33 1.29 1.24 1.18 1.11 1.04 0.95 0.86 0.77 0.67 0.57 0.48 0.40 0.34 0.28 0.23 0.20 0.18 0.17 0.16 0.16 0.16 0.15 0.15 0.15 0.15 0.16 0.18 0.21 0.24 0.27 0.31 0.34 0.39 0.43 0.48 0.52 0.57 0.61 0.65 0.68 0.71 0.74 0.76 0.78 0.79 0.79 0.80 0.80 0.80 0.80 0.80 0.80
0.57 0.58 0.62 0.69 0.79 0.90 1.01 1.11 1.21 1.31 1.39 1.47 1.54 1.60 1.65 1.69 1.72 1.73 1.73 1.73 1.72 1.70 1.67 1.65 1.62 1.59 1.56 1.52 1.48 1.45 1.40 1.36 1.30 1.23 1.15 1.07 0.97 0.88 0.78 0.67 0.57 0.47 0.38 0.30 0.24 0.19 0.15 0.12 0.11 0.11 0.11 0.10 0.10 0.10 0.11 0.12 0.14 0.16 0.19 0.22 0.26 0.30 0.34 0.38 0.43 0.47 0.52 0.57 0.62 0.66 0.70 0.73 0.76 0.79 0.80 0.82 0.83 0.83 0.84 0.84 0.84 0.84 0.84
0.55 0.58 0.64 0.74 0.84 0.95 1.05 1.15 1.25 1.34 1.42 1.50 1.57 1.63 1.68 1.72 1.75 1.77 1.78 1.78 1.77 1.75 1.73 1.70 1.68 1.65 1.62 1.58 1.54 1.51 1.46 1.40 1.33 1.26 1.17 1.08 0.98 0.88 0.77 0.67 0.56 0.46 0.36 0.27 0.20 0.14 0.10 0.07 0.06 0.06 0.06 0.06 0.06 0.07 0.08 0.09 0.12 0.15 0.18 0.21 0.25 0.29 0.34 0.38 0.43 0.48 0.53 0.58 0.63 0.67 0.72 0.75 0.79 0.81 0.83 0.85 0.86 0.87 0.88 0.88 0.89 0.89 0.89
0.54 0.59 0.68 0.78 0.88 0.98 1.08 1.18 1.27 1.36 1.44 1.51 1.58 1.64 1.70 1.74 1.77 1.79 1.81 1.81 1.80 1.79 1.77 1.75 1.72 1.69 1.66 1.63 1.59 1.55 1.49 1.43 1.35 1.26 1.17 1.07 0.97 0.86 0.76 0.65 0.54 0.44 0.33 0.24 0.16 0.10 0.05 0.02 0.01 0.01 0.01 0.02 0.02 0.04 0.05 0.08 0.10 0.14 0.17 0.21 0.25 0.30 0.35 0.39 0.44 0.49 0.54 0.59 0.64 0.69 0.74 0.78 0.81 0.85 0.87 0.89 0.90 0.91 0.92 0.93 0.93 0.93 0.94
0.54 0.62 0.71 0.81 0.91 1.00 1.10 1.19 1.28 1.36 1.44 1.51 1.58 1.64 1.70 1.74 1.78 1.80 1.82 1.82 1.82 1.81 1.79 1.77 1.75 1.72 1.69 1.66 1.62 1.57 1.50 1.43 1.34 1.25 1.15 1.05 0.95 0.84 0.73 0.62 0.51 0.40 0.30 0.21 0.13 0.06 0.01 0.00 0.00 0.00 0.00 0.00 0.00 0.01 0.04 0.06 0.10 0.13 0.17 0.22 0.26 0.31 0.36 0.41 0.46 0.51 0.57 0.62 0.67 0.72 0.77 0.81 0.85 0.88 0.91 0.93 0.95 0.96 0.97 0.98 0.98 0.99 0.99
0.56 0.64 0.73 0.82 0.91 1.00 1.09 1.18 1.26 1.35 1.42 1.50 1.57 1.63 1.68 1.73 1.77 1.80 1.82 1.83 1.82 1.82 1.80 1.78 1.76 1.74 1.71 1.67 1.62 1.56 1.49 1.41 1.32 1.22 1.12 1.01 0.90 0.79 0.68 0.57 0.46 0.36 0.26 0.17 0.09 0.02 0.00 0.00 0.00 0.00 0.00 0.00 0.00 0.00 0.02 0.06 0.09 0.13 0.18 0.23 0.27 0.33 0.38 0.43 0.49 0.54 0.59 0.65 0.70 0.75 0.80 0.85 0.89 0.92 0.95 0.98 1.00 1.01 1.02 1.03 1.04 1.05 1.05
0.56 0.64 0.72 0.81 0.89 0.98 1.06 1.15 1.23 1.31 1.39 1.46 1.53 1.59 1.65 1.70 1.74 1.77 1.79 1.81 1.81 1.81 1.79 1.78 1.76 1.74 1.70 1.66 1.60 1.53 1.45 1.37 1.27 1.17 1.06 0.95 0.84 0.73 0.62 0.51 0.41 0.31 0.21 0.13 0.05 0.00 0.00 0.00 0.00 0.00 0.00 0.00 0.00 0.00 0.02 0.06 0.10 0.14 0.19 0.24 0.29 0.35 0.40 0.46 0.52 0.57 0.63 0.69 0.74 0.79 0.84 0.89 0.93 0.97 1.00 1.03 1.05 1.07 1.08 1.09 1.10 1.11 1.11
0.55 0.62 0.69 0.77 0.85 0.93 1.01 1.09 1.17 1.25 1.33 1.40 1.47 1.53 1.59 1.64 1.69 1.72 1.75 1.77 1.78 1.78 1.77 1.75 1.74 1.71 1.67 1.62 1.55 1.48 1.39 1.30 1.20 1.09 0.99 0.88 0.76 0.65 0.54 0.44 0.34 0.24 0.15 0.07 0.00 0.00 0.00 0.00 0.00 0.00 0.00 0.00 0.00 0.00 0.02 0.06 0.11 0.16 0.21 0.26 0.32 0.38 0.44 0.50 0.56 0.61 0.67 0.73 0.79 0.84 0.89 0.94 0.98 1.02 1.06 1.09 1.11 1.13 1.15 1.16 1.17 1.18 1.18
0.51 0.57 0.64 0.71 0.78 0.86 0.94 1.01 1.09 1.17 1.24 1.31 1.38 1.45 1.51 1.56 1.61 1.65 1.68 1.71 1.72 1.73 1.72 1.71 1.69 1.65 1.61 1.55 1.47 1.39 1.30 1.21 1.10 1.00 0.89 0.78 0.67 0.56 0.45 0.35 0.25 0.16 0.08 0.00 0.00 0.00 0.00 0.00 0.00 0.00 0.00 0.00 0.00 0.00 0.02 0.07 0.12 0.18 0.23 0.29 0.35 0.41 0.48 0.54 0.60 0.66 0.72 0.78 0.84 0.90 0.95 1.00 1.04 1.09 1.12 1.15 1.18 1.20 1.22 1.23 1.24 1.25 1.26
0.43 0.49 0.55 0.62 0.69 0.76 0.83 0.91 0.98 1.06 1.13 1.20 1.27 1.34 1.40 1.46 1.51 1.55 1.59 1.62 1.64 1.65 1.65 1.64 1.61 1.57 1.52 1.45 1.37 1.29 1.19 1.09 0.99 0.88 0.77 0.66 0.55 0.45 0.34 0.24 0.15 0.07 0.00 0.00 0.00 0.00 0.00 0.00 0.00 0.00 0.00 0.00 0.00 0.00 0.03 0.09 0.14 0.20 0.26 0.33 0.39 0.46 0.52 0.59 0.65 0.72 0.78 0.84 0.90 0.96 1.01 1.06 1.11 1.15 1.19 1.22 1.25 1.27 1.29 1.31 1.32 1.33 1.34
0.36 0.41 0.46 0.52 0.59 0.65 0.72 0.80 0.87 0.94 1.02 1.09 1.16 1.23 1.29 1.35 1.40 1.45 1.50 1.53 1.56 1.58 1.59 1.59 1.55 1.50 1.44 1.36 1.28 1.19 1.09 0.99 0.88 0.78 0.67 0.56 0.45 0.34 0.24 0.15 0.06 0.00 0.00 0.00 0.00 0.00 0.00 0.00 0.00 0.00 0.00 0.00 0.00 0.00 0.05 0.11 0.17 0.23 0.30 0.36 0.43 0.50 0.57 0.64 0.71 0.78 0.84 0.90 0.97 1.02 1.08 1.13 1.18 1.22 1.26 1.29 1.31 1.34 1.36 1.38 1.39 1.40 1.41
0.31 0.35 0.40 0.45 0.51 0.58 0.64 0.71 0.78 0.85 0.93 1.00 1.07 1.14 1.20 1.26 1.32 1.37 1.42 1.46 1.49 1.52 1.55 1.57 1.54 1.49 1.41 1.33 1.24 1.14 1.04 0.93 0.82 0.71 0.60 0.49 0.38 0.27 0.17 0.08 0.00 0.00 0.00 0.00 0.00 0.00 0.00 0.00 0.00 0.00 0.00 0.00 0.00 0.00 0.06 0.13 0.19 0.26 0.33 0.40 0.47 0.54 0.62 0.69 0.76 0.83 0.90 0.96 1.02 1.08 1.14 1.19 1.24 1.28 1.31 1.33 1.35 1.37 1.40 1.42 1.43 1.45 1.45
0.29 0.32 0.37 0.41 0.46 0.52 0.58 0.65 0.72 0.79 0.86 0.93 1.00 1.07 1.13 1.20 1.26 1.31 1.36 1.41 1.45 1.50 1.55 1.59 1.58 1.52 1.44 1.35 1.25 1.14 1.03 0.92 0.80 0.68 0.57 0.45 0.34 0.23 0.13 0.04 0.00 0.00 0.00 0.00 0.00 0.00 0.00 0.00 0.00 0.00 0.00 0.00 0.00 0.01 0.08 0.15 0.22 0.29 0.36 0.44 0.51 0.58 0.66 0.73 0.81 0.88 0.94 1.01 1.07 1.13 1.19 1.24 1.29 1.33 1.35 1.36 1.37 1.38 1.41 1.43 1.45 1.47 1.48
0.30 0.32 0.35 0.39 0.44 0.49 0.55 0.61 0.67 0.74 0.81 0.88 0.95 1.02 1.08 1.15 1.21 1.27 1.33 1.38 1.44 1.51 1.57 1.63 1.63 1.59 1.52 1.41 1.30 1.18 1.06 0.94 0.81 0.69 0.57 0.45 0.33 0.22 0.12 0.02 0.00 0.00 0.00 0.00 0.00 0.00 0.00 0.00 0.00 0.00 0.00 0.00 0.00 0.03 0.10 0.17 0.24 0.32 0.39 0.47 0.55 0.62 0.70 0.77 0.85 0.92 0.99 1.06 1.12 1.18 1.24 1.29 1.33 1.35 1.37 1.37 1.37 1.38 1.40 1.42 1.45 1.46 1.48
0.32 0.34 0.37 0.40 0.44 0.49 0.54 0.59 0.65 0.72 0.78 0.85 0.92 0.99 1.06 1.12 1.19 1.25 1.31 1.38 1.46 1.54 1.62 1.69 1.71 1.69 1.62 1.52 1.40 1.27 1.13 1.00 0.86 0.73 0.60 0.47 0.35 0.23 0.12 0.02 0.00 0.00 0.00 0.00 0.00 0.00 0.00 0.00 0.00 0.00 0.00 0.00 0.00 0.05 0.12 0.19 0.27 0.35 0.42 0.50 0.58 0.66 0.74 0.81 0.89 0.96 1.03 1.10 1.16 1.22 1.27 1.32 1.35 1.37 1.37 1.36 1.36 1.36 1.38 1.40 1.42 1.44 1.46
0.37 0.39 0.40 0.43 0.46 0.50 0.55 0.60 0.66 0.72 0.78 0.84 0.91 0.98 1.05 1.11 1.18 1.25 1.33 1.41 1.50 1.60 1.70 1.77 1.81 1.79 1.74 1.65 1.53 1.39 1.24 1.09 0.94 0.80 0.65 0.52 0.39 0.26 0.15 0.04 0.00 0.00 0.00 0.00 0.00 0.00 0.00 0.00 0.00 0.00 0.00 0.00 0.00 0.07 0.14 0.22 0.30 0.37 0.45 0.53 0.61 0.69 0.77 0.85 0.92 1.00 1.06 1.13 1.19 1.25 1.30 1.33 1.35 1.36 1.36 1.35 1.34 1.33 1.34 1.36 1.38 1.40 1.43
0.43 0.45 0.46 0.48 0.51 0.54 0.58 0.63 0.68 0.73 0.79 0.86 0.92 0.99 1.06 1.12 1.20 1.28 1.37 1.47 1.57 1.68 1.79 1.88 1.92 1.92 1.87 1.79 1.68 1.53 1.37 1.21 1.05 0.89 0.74 0.59 0.44 0.31 0.19 0.07 0.00 0.00 0.00 0.00 0.00 0.00 0.00 0.00 0.00 0.00 0.00 0.00 0.02 0.09 0.17 0.24 0.32 0.40 0.48 0.57 0.65 0.73 0.80 0.88 0.96 1.03 1.10 1.16 1.22 1.27 1.31 1.33 1.35 1.35 1.34 1.32 1.30 1.29 1.30 1.31 1.32 1.35 1.37
0.51 0.52 0.54 0.55 0.57 0.60 0.63 0.67 0.72 0.77 0.83 0.89 0.95 1.02 1.09 1.16 1.24 1.34 1.44 1.55 1.67 1.78 1.90 2.00 2.05 2.05 2.02 1.94 1.84 1.70 1.54 1.36 1.18 1.01 0.84 0.67 0.52 0.37 0.24 0.11 0.01 0.00 0.00 0.00 0.00 0.00 0.00 0.00 0.00 0.00 0.00 0.00 0.05 0.12 0.19 0.27 0.35 0.43 0.52 0.60 0.68 0.76 0.83 0.91 0.98 1.05 1.12 1.18 1.24 1.28 1.31 1.32 1.33 1.32 1.30 1.28 1.26 1.25 1.24 1.25 1.26 1.28 1.31
0.60 0.61 0.62 0.64 0.66 0.68 0.71 0.74 0.78 0.83 0.88 0.94 1.00 1.06 1.14 1.22 1.32 1.42 1.54 1.65 1.78 1.90 2.03 2.13 2.19 2.20 2.17 2.10 2.00 1.87 1.71 1.52 1.33 1.14 0.95 0.77 0.60 0.45 0.30 0.16 0.04 0.00 0.00 0.00 0.00 0.00 0.00 0.00 0.00 0.00 0.00 0.01 0.08 0.15 0.23 0.30 0.38 0.46 0.55 0.63 0.71 0.79 0.86 0.94 1.01 1.08 1.14 1.20 1.24 1.27 1.29 1.30 1.29 1.28 1.26 1.23 1.20 1.19 1.18 1.19 1.20 1.22 1.24
0.70 0.71 0.72 0.74 0.76 0.78 0.80 0.83 0.86 0.91 0.95 1.01 1.07 1.13 1.21 1.31 1.41 1.53 1.65 1.78 1.91 2.04 2.17 2.27 2.34 2.35 2.33 2.26 2.16 2.03 1.88 1.70 1.50 1.29 1.08 0.89 0.70 0.52 0.36 0.21 0.09 0.00 0.00 0.00 0.00 0.00 0.00 0.00 0.00 0.00 0.00 0.04 0.11 0.19 0.26 0.34 0.42 0.50 0.58 0.66 0.74 0.81 0.89 0.96 1.03 1.10 1.15 1.20 1.23 1.25 1.26 1.26 1.25 1.23 1.21 1.17 1.14 1.12 1.11 1.12 1.13 1.14 1.17
0.82 0.82 0.84 0.85 0.87 0.89 0.91 0.93 0.96 1.00 1.04 1.09 1.15 1.23 1.32 1.42 1.53 1.66 1.78 1.92 2.05 2.18 2.32 2.43 2.49 2.51 2.49 2.42 2.33 2.20 2.04 1.86 1.66 1.44 1.22 1.01 0.80 0.61 0.43 0.28 0.14 0.04 0.00 0.00 0.00 0.00 0.00 0.00 0.00 0.00 0.02 0.08 0.15 0.22 0.30 0.37 0.45 0.53 0.61 0.69 0.76 0.84 0.91 0.98 1.05 1.11 1.15 1.19 1.21 1.22 1.23 1.22 1.20 1.18 1.15 1.11 1.07 1.05 1.04 1.04 1.05 1.07 1.09
0.94 0.95 0.96 0.97 0.99 1.01 1.03 1.05 1.08 1.11 1.15 1.20 1.27 1.35 1.45 1.56 1.67 1.80 1.93 2.07 2.21 2.34 2.48 2.59 2.65 2.67 2.65 2.59 2.49 2.36 2.20 2.02 1.82 1.60 1.37 1.13 0.90 0.69 0.51 0.35 0.21 0.10 0.01 0.00 0.00 0.00 0.00 0.00 0.00 0.00 0.06 0.13 0.19 0.27 0.34 0.41 0.49 0.56 0.64 0.72 0.79 0.86 0.93 1.00 1.06 1.11 1.14 1.17 1.18 1.19 1.18 1.17 1.14 1.11 1.08 1.04 1.00 0.98 0.96 0.96 0.97 0.99 1.01
1.07 1.08 1.09 1.10 1.12 1.14 1.16 1.18 1.21 1.24 1.27 1.33 1.40 1.49 1.60 1.71 1.83 1.96 2.10 2.23 2.37 2.51 2.64 2.75 2.82 2.83 2.81 2.74 2.64 2.51 2.35 2.17 1.96 1.74 1.50 1.25 1.01 0.79 0.59 0.43 0.28 0.17 0.07 0.00 0.00 0.00 0.00 0.00 0.00 0.05 0.11 0.17 0.24 0.31 0.38 0.45 0.53 0.60 0.67 0.75 0.82 0.89 0.95 1.01 1.06 1.10 1.12 1.14 1.14 1.14 1.13 1.11 1.08 1.05 1.01 0.96 0.92 0.90 0.89 0.88 0.89 0.91 0.93
