data_processed/recharge/precip/Precip_1984_01.asc
ncols        168
nrows        136
xllcorner    455000
yllcorner    2107000
cellsize     500
NODATA_value     -99999
[rows 36 to 71 of 136, columns 80 to 159 of 168]
9.74 9.81 9.83 9.79 9.68 9.49 9.21 8.84 8.42 8.00 7.61 7.25 6.92 6.65 6.44 6.35 6.39 6.56 6.83 7.21 7.69 8.25 8.90 9.62 10.40 11.23 12.04 12.80 13.50 14.12 14.64 15.06 15.42 15.73 15.96 16.10 16.13 16.05 15.91 15.72 15.51 15.28 15.04 14.79 14.54 14.30 14.07 13.86 13.67 13.53 13.42 13.38 13.40 13.50 13.69 13.94 14.22 14.53 14.88 15.27 15.70 16.22 16.84 17.56 18.37 19.26 20.21 21.22 22.27 23.36 24.48 25.60 26.60 27.40 28.00 28.39 28.55 28.49 28.50 28.78
9.48 9.55 9.57 9.54 9.45 9.28 9.03 8.69 8.30 7.91 7.55 7.21 6.92 6.69 6.57 6.58 6.71 6.94 7.28 7.70 8.22 8.81 9.47 10.19 10.96 11.77 12.60 13.40 14.12 14.75 15.28 15.69 16.02 16.29 16.45 16.51 16.45 16.31 16.13 15.92 15.67 15.40 15.12 14.82 14.52 14.23 13.94 13.67 13.43 13.21 13.04 12.93 12.88 12.92 13.04 13.21 13.43 13.69 13.98 14.33 14.76 15.30 15.95 16.70 17.52 18.42 19.39 20.40 21.46 22.55 23.66 24.79 25.89 26.86 27.62 28.14 28.43 28.49 28.60 28.99
9.24 9.30 9.32 9.30 9.22 9.08 8.86 8.55 8.19 7.83 7.50 7.19 6.95 6.81 6.80 6.90 7.10 7.40 7.79 8.26 8.80 9.41 10.07 10.78 11.53 12.32 13.13 13.93 14.67 15.31 15.83 16.23 16.54 16.75 16.85 16.83 16.72 16.57 16.36 16.12 15.84 15.54 15.22 14.88 14.54 14.20 13.86 13.54 13.24 12.97 12.73 12.54 12.42 12.38 12.43 12.53 12.68 12.87 13.12 13.45 13.91 14.48 15.14 15.90 16.74 17.64 18.61 19.62 20.67 21.75 22.85 23.95 25.05 26.12 27.03 27.71 28.13 28.31 28.54 29.06
9.01 9.07 9.09 9.07 9.00 8.88 8.69 8.41 8.08 7.76 7.45 7.20 7.06 7.03 7.11 7.29 7.57 7.93 8.36 8.87 9.43 10.05 10.71 11.41 12.13 12.88 13.64 14.40 15.13 15.78 16.30 16.68 16.96 17.11 17.15 17.10 16.98 16.81 16.59 16.32 16.02 15.69 15.33 14.96 14.58 14.20 13.82 13.45 13.10 12.77 12.47 12.22 12.02 11.90 11.87 11.90 11.97 12.11 12.34 12.69 13.16 13.74 14.42 15.18 16.02 16.92 17.87 18.88 19.91 20.97 22.04 23.12 24.18 25.23 26.23 27.06 27.63 27.94 28.30 28.95
8.80 8.85 8.87 8.86 8.80 8.69 8.52 8.28 7.98 7.69 7.44 7.30 7.27 7.34 7.51 7.77 8.10 8.51 8.99 9.52 10.10 10.72 11.37 12.05 12.74 13.44 14.15 14.84 15.52 16.14 16.65 17.02 17.26 17.37 17.39 17.33 17.21 17.02 16.79 16.50 16.18 15.83 15.45 15.05 14.64 14.22 13.80 13.39 12.99 12.62 12.27 11.95 11.68 11.48 11.37 11.31 11.32 11.43 11.68 12.04 12.52 13.10 13.78 14.53 15.36 16.25 17.19 18.17 19.17 20.20 21.24 22.28 23.30 24.31 25.28 26.18 26.90 27.35 27.84 28.63
8.60 8.65 8.68 8.66 8.61 8.51 8.36 8.15 7.89 7.66 7.52 7.49 7.57 7.73 7.98 8.31 8.70 9.16 9.67 10.22 10.81 11.43 12.06 12.71 13.36 14.01 14.65 15.27 15.86 16.41 16.89 17.23 17.44 17.54 17.56 17.51 17.38 17.20 16.95 16.66 16.32 15.95 15.55 15.13 14.69 14.24 13.79 13.34 12.91 12.49 12.09 11.73 11.40 11.12 10.92 10.80 10.78 10.90 11.14 11.51 11.99 12.56 13.22 13.96 14.77 15.64 16.55 17.49 18.47 19.46 20.45 21.44 22.41 23.36 24.27 25.13 25.92 26.51 27.14 27.95
8.41 8.47 8.50 8.49 8.44 8.35 8.22 8.03 7.82 7.70 7.69 7.78 7.95 8.20 8.53 8.92 9.36 9.85 10.39 10.96 11.55 12.15 12.77 13.38 13.99 14.58 15.14 15.68 16.17 16.61 17.00 17.31 17.52 17.64 17.67 17.62 17.50 17.31 17.07 16.77 16.43 16.05 15.63 15.19 14.73 14.26 13.78 13.30 12.83 12.38 11.94 11.53 11.16 10.83 10.55 10.39 10.38 10.49 10.74 11.10 11.56 12.12 12.76 13.47 14.25 15.08 15.96 16.87 17.79 18.73 19.67 20.60 21.51 22.40 23.24 24.03 24.75 25.40 26.06 26.77
8.24 8.30 8.33 8.33 8.29 8.22 8.09 7.91 7.76 7.76 7.86 8.05 8.32 8.65 9.05 9.49 9.98 10.51 11.07 11.64 12.23 12.82 13.41 13.98 14.54 15.06 15.55 16.00 16.39 16.72 17.00 17.27 17.49 17.63 17.68 17.64 17.54 17.36 17.12 16.82 16.47 16.09 15.66 15.21 14.74 14.24 13.75 13.24 12.75 12.26 11.79 11.34 10.93 10.56 10.30 10.15 10.13 10.24 10.47 10.81 11.26 11.79 12.40 13.08 13.83 14.62 15.44 16.30 17.18 18.06 18.94 19.80 20.64 21.45 22.21 22.92 23.56 24.15 24.73 25.33
8.09 8.15 8.19 8.19 8.16 8.09 7.98 7.80 7.65 7.70 7.91 8.20 8.56 8.97 9.43 9.93 10.47 11.02 11.60 12.18 12.76 13.33 13.89 14.42 14.92 15.38 15.79 16.15 16.44 16.67 16.90 17.13 17.34 17.50 17.57 17.56 17.46 17.30 17.07 16.78 16.44 16.05 15.63 15.17 14.69 14.19 13.67 13.16 12.64 12.13 11.63 11.15 10.72 10.38 10.17 10.07 10.05 10.14 10.35 10.67 11.09 11.59 12.17 12.81 13.51 14.25 15.03 15.83 16.64 17.46 18.27 19.06 19.82 20.55 21.23 21.85 22.42 22.96 23.48 24.00
7.97 8.03 8.07 8.08 8.05 7.99 7.87 7.70 7.55 7.59 7.84 8.22 8.66 9.15 9.68 10.23 10.81 11.39 11.98 12.57 13.14 13.69 14.21 14.70 15.14 15.53 15.86 16.12 16.32 16.51 16.71 16.92 17.10 17.25 17.34 17.35 17.29 17.14 16.93 16.66 16.33 15.95 15.53 15.08 14.59 14.09 13.57 13.04 12.51 11.98 11.46 10.97 10.57 10.30 10.16 10.10 10.10 10.19 10.38 10.66 11.05 11.51 12.04 12.64 13.29 13.97 14.69 15.43 16.18 16.92 17.66 18.37 19.05 19.69 20.28 20.82 21.35 21.85 22.33 22.80
7.86 7.92 7.96 7.97 7.95 7.88 7.77 7.60 7.45 7.49 7.72 8.12 8.64 9.21 9.80 10.40 11.01 11.62 12.22 12.81 13.37 13.90 14.39 14.83 15.21 15.53 15.78 15.95 16.11 16.27 16.45 16.63 16.79 16.92 17.00 17.04 17.00 16.89 16.70 16.45 16.14 15.78 15.37 14.93 14.45 13.95 13.42 12.89 12.35 11.82 11.30 10.86 10.54 10.34 10.25 10.23 10.26 10.36 10.52 10.77 11.12 11.53 12.02 12.56 13.15 13.78 14.43 15.10 15.77 16.44 17.09 17.72 18.31 18.86 19.37 19.87 20.35 20.81 21.25 21.67
7.78 7.84 7.87 7.88 7.86 7.79 7.67 7.50 7.36 7.39 7.60 7.99 8.52 9.15 9.79 10.44 11.09 11.72 12.34 12.92 13.47 13.97 14.42 14.81 15.13 15.38 15.55 15.69 15.83 15.97 16.12 16.28 16.42 16.52 16.59 16.62 16.62 16.54 16.38 16.16 15.88 15.54 15.15 14.72 14.26 13.76 13.25 12.72 12.18 11.65 11.19 10.84 10.60 10.47 10.43 10.45 10.51 10.61 10.77 10.99 11.29 11.65 12.08 12.57 13.09 13.65 14.23 14.82 15.42 16.00 16.57 17.10 17.60 18.07 18.54 18.99 19.43 19.84 20.23 20.62
7.71 7.77 7.80 7.80 7.77 7.69 7.57 7.41 7.26 7.29 7.49 7.86 8.36 8.99 9.68 10.37 11.05 11.71 12.33 12.91 13.44 13.91 14.32 14.66 14.92 15.10 15.24 15.36 15.48 15.60 15.73 15.87 15.99 16.07 16.12 16.14 16.14 16.09 15.97 15.79 15.54 15.23 14.86 14.46 14.01 13.54 13.04 12.52 12.00 11.54 11.18 10.92 10.75 10.68 10.69 10.74 10.83 10.94 11.10 11.29 11.54 11.85 12.22 12.64 13.09 13.58 14.08 14.59 15.10 15.59 16.06 16.50 16.92 17.34 17.76 18.17 18.57 18.94 19.29 19.64
7.66 7.71 7.73 7.73 7.69 7.61 7.49 7.32 7.18 7.20 7.39 7.73 8.20 8.79 9.47 10.20 10.91 11.58 12.21 12.78 13.29 13.74 14.10 14.39 14.59 14.74 14.86 14.97 15.08 15.18 15.29 15.41 15.51 15.57 15.61 15.62 15.60 15.55 15.47 15.33 15.12 14.85 14.52 14.14 13.72 13.27 12.79 12.30 11.86 11.51 11.25 11.08 10.99 10.98 11.03 11.11 11.22 11.34 11.48 11.66 11.87 12.12 12.42 12.77 13.14 13.55 13.97 14.39 14.80 15.20 15.57 15.93 16.30 16.68 17.05 17.42 17.77 18.10 18.41 18.72
7.63 7.66 7.67 7.66 7.61 7.52 7.40 7.24 7.10 7.11 7.28 7.60 8.04 8.59 9.23 9.94 10.66 11.35 11.98 12.54 13.04 13.45 13.77 14.00 14.18 14.32 14.44 14.54 14.63 14.72 14.81 14.91 14.99 15.04 15.06 15.05 15.02 14.97 14.90 14.79 14.63 14.40 14.11 13.77 13.39 12.97 12.53 12.12 11.81 11.57 11.41 11.32 11.30 11.34 11.43 11.55 11.66 11.78 11.92 12.07 12.24 12.44 12.67 12.94 13.23 13.55 13.87 14.20 14.51 14.81 15.10 15.41 15.74 16.07 16.40 16.73 17.04 17.32 17.60 17.87
7.61 7.62 7.62 7.59 7.54 7.45 7.32 7.16 7.02 7.02 7.18 7.48 7.89 8.40 8.99 9.64 10.34 11.03 11.66 12.21 12.68 13.05 13.34 13.55 13.73 13.86 13.97 14.06 14.14 14.21 14.29 14.37 14.43 14.46 14.47 14.45 14.42 14.36 14.28 14.19 14.07 13.89 13.65 13.35 13.01 12.64 12.29 12.03 11.83 11.70 11.63 11.62 11.67 11.76 11.89 12.03 12.16 12.28 12.40 12.52 12.65 12.79 12.95 13.14 13.34 13.57 13.79 14.02 14.23 14.44 14.69 14.95 15.23 15.52 15.81 16.09 16.36 16.61 16.84 17.08
7.59 7.59 7.57 7.53 7.47 7.38 7.25 7.09 6.95 6.95 7.09 7.36 7.74 8.21 8.75 9.35 9.98 10.63 11.25 11.79 12.23 12.57 12.84 13.06 13.23 13.36 13.47 13.55 13.61 13.67 13.73 13.80 13.84 13.86 13.86 13.83 13.79 13.72 13.64 13.55 13.44 13.31 13.12 12.88 12.60 12.33 12.13 12.00 11.92 11.89 11.92 11.98 12.09 12.23 12.40 12.56 12.69 12.80 12.91 13.00 13.08 13.17 13.26 13.36 13.47 13.59 13.71 13.83 13.96 14.12 14.32 14.54 14.78 15.02 15.27 15.51 15.74 15.94 16.14 16.34
7.58 7.56 7.53 7.48 7.41 7.31 7.19 7.02 6.88 6.87 7.00 7.25 7.60 8.03 8.52 9.06 9.63 10.20 10.77 11.29 11.71 12.04 12.32 12.53 12.70 12.83 12.93 13.00 13.06 13.11 13.15 13.20 13.23 13.24 13.23 13.19 13.14 13.07 12.99 12.90 12.79 12.68 12.54 12.37 12.20 12.09 12.04 12.03 12.07 12.14 12.25 12.39 12.56 12.74 12.94 13.11 13.25 13.36 13.44 13.49 13.53 13.55 13.57 13.58 13.59 13.61 13.62 13.66 13.73 13.85 14.00 14.18 14.37 14.58 14.78 14.98 15.17 15.34 15.49 15.66
7.57 7.54 7.50 7.44 7.36 7.26 7.13 6.96 6.82 6.81 6.92 7.14 7.46 7.85 8.29 8.77 9.28 9.78 10.27 10.73 11.14 11.48 11.76 11.98 12.15 12.27 12.37 12.43 12.48 12.52 12.56 12.59 12.61 12.61 12.58 12.54 12.48 12.41 12.33 12.24 12.14 12.03 11.93 11.87 11.87 11.92 12.00 12.12 12.27 12.44 12.63 12.84 13.06 13.29 13.51 13.70 13.84 13.93 13.98 14.00 13.98 13.94 13.88 13.80 13.71 13.61 13.54 13.52 13.55 13.63 13.73 13.86 14.01 14.18 14.34 14.50 14.65 14.78 14.90 15.03
7.58 7.53 7.47 7.40 7.31 7.21 7.07 6.91 6.77 6.74 6.84 7.04 7.32 7.67 8.07 8.49 8.93 9.36 9.77 10.17 10.55 10.89 11.18 11.40 11.57 11.70 11.79 11.85 11.89 11.92 11.95 11.97 11.98 11.96 11.93 11.89 11.83 11.75 11.67 11.58 11.48 11.39 11.37 11.44 11.59 11.79 12.01 12.25 12.51 12.77 13.04 13.32 13.59 13.85 14.10 14.30 14.43 14.51 14.53 14.51 14.44 14.33 14.18 14.01 13.81 13.62 13.49 13.43 13.41 13.44 13.50 13.59 13.70 13.82 13.94 14.06 14.17 14.26 14.35 14.45
7.59 7.53 7.45 7.37 7.28 7.16 7.02 6.86 6.72 6.69 6.77 6.94 7.19 7.50 7.85 8.22 8.59 8.95 9.30 9.64 9.97 10.29 10.58 10.81 10.98 11.11 11.20 11.26 11.30 11.32 11.33 11.35 11.34 11.32 11.28 11.23 11.17 11.10 11.02 10.93 10.85 10.84 10.92 11.10 11.37 11.70 12.06 12.41 12.77 13.13 13.48 13.82 14.13 14.43 14.70 14.90 15.03 15.08 15.07 15.00 14.87 14.69 14.46 14.19 13.92 13.68 13.50 13.37 13.31 13.29 13.31 13.36 13.43 13.50 13.59 13.67 13.74 13.80 13.85 13.91
7.61 7.53 7.44 7.35 7.25 7.12 6.99 6.82 6.68 6.64 6.70 6.85 7.07 7.34 7.64 7.95 8.25 8.56 8.86 9.15 9.44 9.71 9.98 10.21 10.39 10.52 10.61 10.67 10.70 10.71 10.72 10.72 10.71 10.68 10.64 10.59 10.53 10.46 10.38 10.31 10.30 10.40 10.59 10.87 11.23 11.66 12.13 12.60 13.06 13.51 13.93 14.32 14.69 15.01 15.29 15.50 15.62 15.65 15.60 15.48 15.29 15.03 14.72 14.38 14.07 13.79 13.56 13.37 13.25 13.18 13.16 13.16 13.19 13.23 13.27 13.32 13.35 13.37 13.38 13.41
7.64 7.54 7.44 7.34 7.22 7.10 6.95 6.79 6.64 6.60 6.65 6.77 6.96 7.18 7.43 7.68 7.94 8.19 8.45 8.70 8.94 9.18 9.40 9.61 9.79 9.93 10.02 10.08 10.11 10.12 10.12 10.11 10.09 10.06 10.02 9.96 9.90 9.83 9.77 9.78 9.88 10.09 10.38 10.75 11.19 11.69 12.23 12.81 13.37 13.89 14.38 14.83 15.23 15.59 15.88 16.09 16.19 16.19 16.11 15.93 15.67 15.34 14.97 14.61 14.27 13.95 13.67 13.43 13.24 13.11 13.04 13.00 12.99 12.99 12.99 13.00 13.00 12.98 12.96 12.96
7.68 7.56 7.45 7.33 7.21 7.07 6.93 6.76 6.62 6.56 6.59 6.69 6.84 7.03 7.23 7.43 7.64 7.85 8.07 8.27 8.48 8.68 8.87 9.04 9.21 9.34 9.44 9.50 9.53 9.54 9.53 9.52 9.49 9.46 9.41 9.36 9.30 9.25 9.26 9.38 9.59 9.89 10.27 10.72 11.23 11.79 12.40 13.03 13.67 14.28 14.83 15.33 15.77 16.15 16.45 16.65 16.73 16.71 16.58 16.35 16.02 15.64 15.26 14.88 14.51 14.16 13.84 13.55 13.30 13.10 12.96 12.87 12.82 12.78 12.75 12.72 12.68 12.63 12.57 12.54
7.73 7.59 7.46 7.33 7.20 7.06 6.91 6.75 6.60 6.53 6.55 6.62 6.74 6.88 7.04 7.20 7.37 7.54 7.71 7.88 8.05 8.22 8.37 8.52 8.66 8.78 8.88 8.94 8.97 8.98 8.97 8.95 8.92 8.88 8.84 8.79 8.74 8.76 8.89 9.11 9.42 9.81 10.27 10.79 11.37 11.98 12.63 13.30 13.98 14.65 15.26 15.81 16.29 16.68 16.99 17.18 17.24 17.18 17.01 16.72 16.36 15.98 15.58 15.19 14.80 14.42 14.05 13.72 13.42 13.15 12.94 12.78 12.68 12.60 12.53 12.46 12.39 12.30 12.22 12.15
7.79 7.64 7.49 7.34 7.20 7.06 6.90 6.74 6.59 6.51 6.51 6.56 6.64 6.74 6.86 6.98 7.11 7.24 7.38 7.52 7.66 7.79 7.92 8.04 8.15 8.26 8.34 8.40 8.44 8.44 8.43 8.41 8.38 8.34 8.30 8.26 8.29 8.42 8.65 8.97 9.37 9.84 10.38 10.96 11.58 12.24 12.92 13.62 14.32 15.01 15.68 16.27 16.77 17.18 17.49 17.67 17.71 17.61 17.39 17.07 16.72 16.35 15.95 15.54 15.13 14.72 14.33 13.95 13.59 13.27 12.99 12.75 12.58 12.45 12.34 12.24 12.13 12.01 11.89 11.80
7.86 7.69 7.53 7.37 7.21 7.06 6.90 6.73 6.58 6.50 6.48 6.50 6.55 6.61 6.68 6.77 6.86 6.97 7.07 7.18 7.29 7.40 7.51 7.60 7.70 7.78 7.85 7.90 7.94 7.94 7.93 7.91 7.88 7.84 7.81 7.84 7.98 8.22 8.55 8.96 9.44 9.98 10.58 11.21 11.88 12.58 13.28 14.00 14.70 15.40 16.07 16.69 17.22 17.64 17.95 18.11 18.12 17.98 17.75 17.45 17.12 16.75 16.36 15.94 15.51 15.08 14.65 14.23 13.83 13.45 13.11 12.80 12.54 12.33 12.18 12.04 11.90 11.74 11.60 11.47
7.94 7.76 7.58 7.41 7.24 7.07 6.91 6.74 6.59 6.49 6.45 6.44 6.45 6.48 6.52 6.57 6.63 6.71 6.79 6.87 6.96 7.04 7.13 7.21 7.28 7.35 7.40 7.45 7.48 7.49 7.47 7.45 7.42 7.39 7.44 7.58 7.83 8.17 8.58 9.07 9.62 10.23 10.87 11.55 12.26 12.98 13.70 14.42 15.13 15.81 16.46 17.07 17.61 18.04 18.34 18.49 18.47 18.33 18.13 17.86 17.55 17.19 16.80 16.38 15.94 15.49 15.03 14.58 14.13 13.70 13.29 12.92 12.58 12.29 12.05 11.86 11.69 11.50 11.32 11.16
8.03 7.84 7.65 7.46 7.28 7.10 6.93 6.75 6.60 6.49 6.42 6.38 6.35 6.34 6.35 6.38 6.42 6.46 6.52 6.58 6.65 6.72 6.78 6.85 6.91 6.97 7.01 7.05 7.07 7.08 7.07 7.04 7.02 7.07 7.23 7.48 7.82 8.25 8.75 9.31 9.92 10.57 11.26 11.98 12.71 13.45 14.18 14.90 15.59 16.26 16.88 17.45 17.96 18.38 18.68 18.80 18.79 18.70 18.53 18.30 18.01 17.67 17.28 16.86 16.42 15.95 15.47 14.98 14.49 14.01 13.55 13.11 12.70 12.33 12.00 11.72 11.50 11.28 11.07 10.88
8.13 7.93 7.73 7.53 7.33 7.14 6.96 6.78 6.61 6.48 6.38 6.30 6.25 6.21 6.20 6.19 6.21 6.23 6.27 6.32 6.36 6.42 6.47 6.53 6.58 6.63 6.67 6.70 6.72 6.73 6.72 6.71 6.76 6.92 7.18 7.53 7.96 8.47 9.03 9.65 10.32 11.02 11.74 12.48 13.23 13.97 14.70 15.41 16.09 16.72 17.31 17.83 18.29 18.67 18.94 19.08 19.13 19.08 18.96 18.76 18.50 18.18 17.80 17.39 16.94 16.46 15.95 15.43 14.91 14.39 13.87 13.37 12.89 12.44 12.03 11.66 11.34 11.07 10.83 10.61
8.23 8.02 7.81 7.61 7.40 7.20 7.00 6.81 6.63 6.47 6.33 6.23 6.14 6.08 6.05 6.02 6.02 6.03 6.05 6.08 6.11 6.15 6.20 6.25 6.29 6.34 6.37 6.40 6.43 6.43 6.43 6.46 6.61 6.87 7.23 7.67 8.18 8.76 9.39 10.06 10.77 11.51 12.26 13.01 13.77 14.51 15.23 15.92 16.57 17.17 17.71 18.18 18.57 18.88 19.12 19.32 19.43 19.44 19.37 19.21 18.98 18.69 18.33 17.92 17.47 16.98 16.46 15.92 15.37 14.80 14.24 13.68 13.14 12.61 12.12 11.67 11.25 10.89 10.60 10.34
8.31 8.10 7.88 7.67 7.45 7.24 7.03 6.83 6.64 6.46 6.30 6.17 6.06 5.98 5.92 5.88 5.86 5.85 5.86 5.88 5.90 5.94 5.98 6.02 6.06 6.10 6.14 6.17 6.20 6.21 6.22 6.27 6.47 6.82 7.27 7.79 8.37 9.01 9.70 10.42 11.16 11.93 12.70 13.46 14.22 14.95 15.65 16.32 16.93 17.49 17.97 18.38 18.70 18.97 19.22 19.43 19.60 19.68 19.66 19.56 19.37 19.10 18.77 18.38 17.94 17.45 16.93 16.37 15.79 15.20 14.59 13.99 13.39 12.80 12.24 11.70 11.20 10.75 10.37 10.06
8.37 8.16 7.93 7.71 7.49 7.27 7.06 6.85 6.65 6.46 6.28 6.13 6.00 5.90 5.82 5.77 5.73 5.71 5.70 5.71 5.73 5.76 5.80 5.84 5.88 5.92 5.96 6.00 6.03 6.07 6.10 6.15 6.36 6.75 7.27 7.86 8.51 9.21 9.94 10.70 11.48 12.26 13.04 13.81 14.56 15.28 15.96 16.59 17.16 17.66 18.09 18.43 18.71 18.98 19.22 19.44 19.63 19.77 19.82 19.77 19.63 19.41 19.12 18.75 18.33 17.85 17.33 16.77 16.17 15.56 14.92 14.28 13.64 13.00 12.37 11.76 11.19 10.65 10.18 9.81
8.41 8.19 7.97 7.74 7.51 7.29 7.07 6.86 6.65 6.45 6.27 6.10 5.95 5.83 5.74 5.67 5.62 5.60 5.58 5.59 5.60 5.63 5.66 5.70 5.75 5.79 5.84 5.89 5.94 5.99 6.04 6.12 6.33 6.70 7.24 7.90 8.61 9.35 10.12 10.91 11.71 12.51 13.30 14.06 14.80 15.49 16.14 16.73 17.25 17.70 18.06 18.37 18.65 18.91 19.15 19.37 19.57 19.73 19.84 19.86 19.78 19.61 19.36 19.03 18.64 18.18 17.67 17.11 16.51 15.88 15.23 14.56 13.87 13.19 12.51 11.85 11.20 10.59 10.05 9.60
8.43 8.21 7.98 7.75 7.52 7.30 7.08 6.86 6.65 6.44 6.25 6.07 5.92 5.78 5.68 5.60 5.54 5.51 5.49 5.49 5.50 5.53 5.56 5.61 5.66 5.71 5.77 5.83 5.91 5.99 6.06 6.14 6.36 6.73 7.24 7.90 8.65 9.44 10.25 11.06 11.88 12.68 13.46 14.22 14.93 15.60 16.21 16.75 17.22 17.60 17.93 18.23 18.51 18.77 19.02 19.24 19.43 19.59 19.73 19.81 19.80 19.70 19.50 19.21 18.86 18.43 17.94 17.39 16.80 16.17 15.50 14.81 14.10 13.38 12.66 11.95 11.25 10.58 9.97 9.46
8.42 8.20 7.97 7.75 7.52 7.30 7.08 6.86 6.64 6.43 6.23 6.05 5.88 5.74 5.63 5.54 5.48 5.44 5.42 5.42 5.43 5.46 5.50 5.55 5.60 5.67 5.75 5.85 5.95 6.05 6.14 6.24 6.45 6.81 7.30 7.92 8.66 9.48 10.31 11.15 11.97 12.77 13.55 14.28 14.97 15.60 16.17 16.66 17.06 17.41 17.73 18.03 18.31 18.57 18.82 19.04 19.23 19.40 19.54 19.64 19.70 19.66 19.53 19.30 18.99 18.60 18.14 17.61 17.03 16.41 15.74 15.04 14.31 13.57 12.81 12.06 11.32 10.60 9.94 9.37
