data_processed/recharge/precip/Precip_1998_02.asc
ncols        168
nrows        136
xllcorner    455000
yllcorner    2107000
cellsize     500
NODATA_value     -99999
[rows 0 to 37 of 136, columns 0 to 83 of 168]
0.00 0.00 0.00 0.00 0.00 0.00 0.00 0.00 0.00 0.00 0.00 0.00 0.00 0.00 0.00 0.00 0.00 0.00 0.00 0.00 0.88 2.13 3.46 4.86 6.32 7.83 9.37 10.95 12.54 14.10 15.61 17.07 18.46 19.79 21.05 22.23 23.33 24.34 25.26 26.08 26.81 27.42 27.92 28.26 28.41 28.35 28.05 27.49 26.68 25.70 24.60 23.39 22.12 20.82 19.47 18.07 16.62 15.13 13.63 12.14 10.66 9.22 7.83 6.52 5.30 4.19 3.20 2.36 1.65 1.05 0.55 0.17 0.00 0.00 0.00 0.00 0.00 0.00 0.10 0.30 0.49 0.65 0.78 0.88
0.00 0.00 0.00 0.00 0.00 0.00 0.00 0.00 0.00 0.00 0.00 0.00 0.00 0.00 0.00 0.00 0.00 0.00 0.00 0.18 1.33 2.58 3.92 5.34 6.81 8.33 9.89 11.47 13.03 14.55 16.02 17.44 18.81 20.11 21.34 22.50 23.59 24.59 25.51 26.33 27.06 27.68 28.20 28.60 28.83 28.85 28.64 28.18 27.47 26.58 25.57 24.46 23.29 22.05 20.72 19.32 17.86 16.36 14.84 13.31 11.79 10.30 8.86 7.49 6.20 5.01 3.94 3.00 2.22 1.58 1.05 0.65 0.35 0.18 0.11 0.11 0.19 0.31 0.47 0.62 0.75 0.86 0.95 1.02
0.00 0.00 0.00 0.00 0.00 0.00 0.00 0.00 0.00 0.00 0.00 0.00 0.00 0.00 0.00 0.00 0.00 0.00 0.00 0.60 1.73 2.98 4.33 5.75 7.23 8.75 10.31 11.85 13.37 14.84 16.27 17.66 18.99 20.26 21.47 22.61 23.68 24.67 25.58 26.40 27.13 27.76 28.29 28.71 29.01 29.13 29.02 28.67 28.07 27.30 26.40 25.40 24.31 23.11 21.80 20.41 18.96 17.45 15.92 14.37 12.83 11.31 9.83 8.40 7.05 5.80 4.66 3.64 2.77 2.07 1.51 1.08 0.77 0.58 0.50 0.49 0.56 0.66 0.77 0.87 0.94 1.01 1.05 1.09
0.00 0.00 0.00 0.00 0.00 0.00 0.00 0.00 0.00 0.00 0.00 0.00 0.00 0.00 0.00 0.00 0.00 0.00 0.03 1.00 2.11 3.35 4.69 6.11 7.58 9.09 10.61 12.10 13.56 14.99 16.38 17.72 19.02 20.26 21.45 22.57 23.62 24.60 25.50 26.31 27.04 27.68 28.21 28.65 28.97 29.17 29.19 28.96 28.48 27.84 27.06 26.16 25.13 23.96 22.69 21.33 19.89 18.40 16.86 15.31 13.75 12.21 10.70 9.24 7.85 6.55 5.34 4.26 3.32 2.53 1.92 1.46 1.14 0.94 0.85 0.84 0.88 0.94 0.98 1.02 1.05 1.07 1.07 1.07
0.00 0.00 0.00 0.00 0.00 0.00 0.00 0.00 0.00 0.00 0.00 0.00 0.00 0.00 0.00 0.00 0.00 0.00 0.47 1.39 2.46 3.67 5.00 6.41 7.86 9.33 10.79 12.22 13.63 15.01 16.35 17.66 18.92 20.13 21.28 22.38 23.41 24.38 25.27 26.08 26.80 27.44 27.98 28.43 28.77 29.01 29.11 29.01 28.68 28.18 27.52 26.70 25.72 24.61 23.38 22.06 20.65 19.18 17.66 16.12 14.56 13.01 11.49 10.00 8.58 7.24 5.99 4.85 3.85 2.99 2.30 1.79 1.45 1.25 1.15 1.12 1.11 1.10 1.09 1.07 1.05 1.03 1.00 0.97
0.00 0.00 0.00 0.00 0.00 0.00 0.00 0.00 0.00 0.00 0.00 0.00 0.00 0.00 0.00 0.00 0.00 0.18 0.93 1.80 2.81 3.97 5.27 6.65 8.06 9.46 10.85 12.23 13.58 14.91 16.21 17.47 18.69 19.87 20.99 22.07 23.08 24.02 24.90 25.70 26.43 27.07 27.62 28.07 28.43 28.68 28.82 28.83 28.65 28.28 27.71 26.97 26.07 25.03 23.86 22.59 21.22 19.79 18.30 16.78 15.23 13.69 12.16 10.67 9.23 7.86 6.57 5.40 4.34 3.43 2.67 2.10 1.71 1.50 1.38 1.30 1.22 1.15 1.08 1.01 0.94 0.88 0.81 0.75
0.00 0.00 0.00 0.00 0.00 0.00 0.00 0.00 0.00 0.00 0.00 0.00 0.00 0.00 0.00 0.00 0.11 0.70 1.40 2.22 3.17 4.27 5.51 6.84 8.18 9.51 10.83 12.14 13.44 14.72 15.97 17.18 18.37 19.51 20.60 21.65 22.63 23.56 24.43 25.22 25.94 26.57 27.12 27.59 27.95 28.22 28.38 28.44 28.36 28.10 27.64 26.99 26.18 25.21 24.12 22.91 21.60 20.21 18.76 17.27 15.75 14.23 12.71 11.22 9.77 8.39 7.09 5.88 4.79 3.83 3.03 2.39 1.94 1.68 1.51 1.35 1.21 1.07 0.94 0.82 0.71 0.61 0.52 0.43
0.00 0.00 0.00 0.00 0.00 0.00 0.00 0.00 0.00 0.00 0.00 0.00 0.00 0.00 0.00 0.19 0.64 1.19 1.85 2.62 3.51 4.55 5.77 7.07 8.33 9.59 10.84 12.08 13.31 14.53 15.72 16.89 18.02 19.12 20.18 21.19 22.15 23.05 23.89 24.66 25.37 26.00 26.55 27.01 27.38 27.65 27.83 27.89 27.83 27.65 27.30 26.76 26.04 25.17 24.16 23.02 21.78 20.45 19.05 17.61 16.12 14.63 13.13 11.65 10.21 8.82 7.51 6.29 5.17 4.18 3.33 2.64 2.14 1.81 1.57 1.34 1.13 0.94 0.76 0.59 0.44 0.30 0.18 0.07
0.00 0.00 0.00 0.00 0.00 0.00 0.00 0.00 0.00 0.00 0.00 0.00 0.00 0.08 0.36 0.70 1.13 1.64 2.26 2.98 3.82 4.84 6.06 7.35 8.57 9.75 10.92 12.08 13.24 14.39 15.52 16.62 17.70 18.74 19.75 20.72 21.64 22.50 23.31 24.06 24.74 25.35 25.89 26.34 26.71 26.98 27.16 27.22 27.16 26.99 26.73 26.30 25.69 24.91 23.99 22.94 21.77 20.51 19.17 17.78 16.34 14.88 13.41 11.96 10.53 9.15 7.83 6.60 5.47 4.45 3.57 2.85 2.29 1.90 1.60 1.31 1.04 0.79 0.56 0.35 0.17 0.00 0.00 0.00
0.00 0.00 0.00 0.00 0.00 0.00 0.00 0.00 0.00 0.00 0.09 0.21 0.38 0.58 0.85 1.17 1.57 2.05 2.62 3.30 4.14 5.16 6.37 7.65 8.85 9.98 11.07 12.15 13.22 14.29 15.34 16.38 17.39 18.37 19.32 20.23 21.10 21.92 22.69 23.41 24.06 24.64 25.15 25.58 25.93 26.20 26.36 26.41 26.35 26.20 25.95 25.60 25.11 24.44 23.62 22.66 21.58 20.39 19.13 17.79 16.41 14.99 13.56 12.14 10.74 9.37 8.06 6.83 5.69 4.66 3.76 3.00 2.40 1.96 1.60 1.26 0.93 0.63 0.36 0.12 0.00 0.00 0.00 0.00
0.00 0.00 0.00 0.00 0.00 0.00 0.10 0.22 0.32 0.42 0.54 0.68 0.84 1.04 1.29 1.60 1.97 2.42 2.96 3.63 4.48 5.51 6.71 7.97 9.15 10.25 11.28 12.27 13.25 14.22 15.19 16.15 17.08 17.99 18.88 19.73 20.54 21.30 22.02 22.69 23.30 23.84 24.32 24.73 25.05 25.30 25.45 25.50 25.43 25.28 25.04 24.72 24.31 23.76 23.05 22.19 21.20 20.10 18.91 17.65 16.33 14.97 13.59 12.20 10.83 9.49 8.20 6.98 5.84 4.80 3.89 3.11 2.47 1.99 1.58 1.19 0.82 0.48 0.16 0.00 0.00 0.00 0.00 0.00
0.00 0.00 0.00 0.00 0.02 0.22 0.40 0.55 0.68 0.81 0.94 1.09 1.26 1.46 1.70 1.99 2.33 2.76 3.30 3.99 4.85 5.87 7.07 8.31 9.46 10.52 11.50 12.43 13.31 14.19 15.06 15.93 16.78 17.61 18.41 19.19 19.93 20.64 21.30 21.91 22.46 22.96 23.40 23.77 24.07 24.30 24.43 24.47 24.41 24.25 24.02 23.72 23.34 22.87 22.27 21.53 20.64 19.64 18.54 17.36 16.11 14.81 13.49 12.15 10.82 9.51 8.25 7.04 5.92 4.89 3.97 3.18 2.51 1.98 1.53 1.10 0.69 0.32 0.00 0.00 0.00 0.00 0.00 0.00
0.00 0.00 0.00 0.00 0.16 0.42 0.64 0.83 1.00 1.15 1.30 1.46 1.63 1.83 2.06 2.33 2.67 3.10 3.67 4.38 5.24 6.26 7.44 8.66 9.78 10.79 11.73 12.59 13.40 14.18 14.95 15.71 16.47 17.21 17.93 18.62 19.28 19.91 20.50 21.05 21.55 21.99 22.38 22.72 23.00 23.20 23.32 23.35 23.28 23.13 22.91 22.61 22.25 21.82 21.31 20.68 19.91 19.01 18.01 16.91 15.74 14.52 13.26 11.98 10.70 9.44 8.21 7.03 5.93 4.92 4.01 3.20 2.52 1.96 1.46 1.00 0.56 0.16 0.00 0.00 0.00 0.00 0.00 0.00
0.00 0.00 0.00 0.00 0.25 0.56 0.83 1.06 1.26 1.44 1.62 1.79 1.97 2.16 2.39 2.65 3.00 3.47 4.06 4.78 5.65 6.66 7.82 9.01 10.09 11.06 11.95 12.75 13.49 14.18 14.84 15.49 16.14 16.78 17.41 18.01 18.59 19.13 19.64 20.11 20.54 20.93 21.28 21.58 21.84 22.02 22.13 22.15 22.07 21.92 21.70 21.42 21.07 20.66 20.19 19.65 19.00 18.21 17.31 16.32 15.24 14.10 12.92 11.71 10.49 9.27 8.09 6.96 5.89 4.90 4.00 3.19 2.49 1.90 1.38 0.89 0.43 0.00 0.00 0.00 0.00 0.00 0.00 0.00
0.00 0.00 0.00 0.00 0.31 0.66 0.97 1.25 1.48 1.70 1.89 2.07 2.26 2.46 2.68 2.97 3.36 3.86 4.47 5.20 6.06 7.06 8.20 9.36 10.40 11.33 12.15 12.89 13.55 14.16 14.73 15.27 15.80 16.33 16.85 17.35 17.83 18.28 18.71 19.09 19.45 19.79 20.11 20.38 20.60 20.77 20.86 20.87 20.79 20.63 20.42 20.14 19.81 19.42 18.97 18.47 17.92 17.25 16.47 15.58 14.60 13.55 12.45 11.32 10.17 9.02 7.90 6.82 5.80 4.84 3.95 3.15 2.44 1.83 1.28 0.77 0.29 0.00 0.00 0.00 0.00 0.00 0.00 0.00
0.00 0.00 0.00 0.03 0.38 0.73 1.07 1.39 1.66 1.90 2.12 2.32 2.52 2.72 2.98 3.32 3.74 4.26 4.89 5.63 6.49 7.47 8.58 9.70 10.70 11.57 12.34 13.01 13.59 14.12 14.59 15.02 15.44 15.85 16.25 16.64 17.01 17.36 17.69 18.00 18.30 18.60 18.87 19.11 19.31 19.45 19.52 19.52 19.43 19.28 19.07 18.80 18.48 18.10 17.68 17.21 16.70 16.13 15.47 14.70 13.83 12.88 11.87 10.82 9.75 8.69 7.64 6.63 5.65 4.73 3.87 3.08 2.36 1.74 1.17 0.64 0.15 0.00 0.00 0.00 0.00 0.00 0.00 0.00
0.00 0.00 0.00 0.11 0.45 0.80 1.15 1.49 1.80 2.07 2.31 2.53 2.75 2.99 3.30 3.68 4.14 4.69 5.32 6.06 6.91 7.88 8.96 10.04 10.98 11.80 12.50 13.10 13.60 14.04 14.41 14.74 15.04 15.32 15.60 15.87 16.13 16.37 16.60 16.85 17.10 17.35 17.59 17.79 17.96 18.08 18.13 18.11 18.02 17.86 17.66 17.39 17.08 16.73 16.33 15.89 15.40 14.89 14.32 13.67 12.92 12.08 11.18 10.23 9.26 8.29 7.32 6.38 5.46 4.58 3.75 2.97 2.26 1.63 1.05 0.52 0.02 0.00 0.00 0.00 0.00 0.00 0.00 0.00
0.00 0.00 0.00 0.19 0.54 0.88 1.23 1.57 1.90 2.20 2.47 2.72 2.98 3.28 3.64 4.06 4.55 5.11 5.76 6.50 7.33 8.27 9.32 10.35 11.25 12.00 12.63 13.15 13.58 13.92 14.19 14.41 14.59 14.75 14.89 15.03 15.16 15.30 15.47 15.66 15.87 16.07 16.26 16.43 16.57 16.66 16.70 16.66 16.56 16.40 16.20 15.94 15.64 15.30 14.92 14.51 14.06 13.57 13.06 12.51 11.89 11.17 10.38 9.55 8.69 7.82 6.95 6.08 5.22 4.39 3.59 2.84 2.15 1.51 0.93 0.39 0.00 0.00 0.00 0.00 0.00 0.00 0.00 0.00
0.00 0.00 0.00 0.29 0.63 0.97 1.31 1.65 1.98 2.30 2.60 2.90 3.23 3.59 4.00 4.45 4.96 5.54 6.19 6.92 7.74 8.65 9.66 10.65 11.49 12.18 12.74 13.18 13.51 13.76 13.92 14.03 14.09 14.12 14.12 14.13 14.15 14.21 14.31 14.45 14.60 14.75 14.90 15.04 15.14 15.21 15.22 15.18 15.07 14.90 14.70 14.45 14.16 13.83 13.47 13.08 12.66 12.22 11.75 11.25 10.73 10.14 9.49 8.79 8.06 7.29 6.51 5.72 4.94 4.16 3.41 2.69 2.01 1.38 0.80 0.27 0.00 0.00 0.00 0.00 0.00 0.00 0.00 0.00
0.00 0.00 0.07 0.40 0.73 1.06 1.40 1.73 2.06 2.39 2.73 3.11 3.50 3.91 4.36 4.85 5.38 5.97 6.62 7.34 8.14 9.01 9.98 10.92 11.69 12.32 12.80 13.15 13.40 13.54 13.60 13.59 13.53 13.42 13.29 13.17 13.11 13.10 13.14 13.21 13.31 13.42 13.52 13.62 13.69 13.73 13.73 13.67 13.54 13.38 13.17 12.92 12.64 12.33 11.99 11.63 11.24 10.82 10.39 9.94 9.48 9.02 8.52 7.96 7.35 6.70 6.03 5.33 4.61 3.90 3.20 2.52 1.86 1.24 0.67 0.15 0.00 0.00 0.00 0.00 0.00 0.00 0.00 0.00
0.00 0.00 0.20 0.52 0.84 1.17 1.50 1.82 2.15 2.51 2.90 3.33 3.78 4.24 4.73 5.24 5.79 6.39 7.04 7.74 8.51 9.35 10.27 11.15 11.87 12.42 12.82 13.09 13.23 13.27 13.22 13.09 12.89 12.65 12.40 12.20 12.06 11.98 11.96 11.97 12.01 12.07 12.13 12.19 12.23 12.24 12.22 12.14 12.00 11.83 11.62 11.38 11.11 10.81 10.49 10.15 9.78 9.40 9.01 8.61 8.22 7.85 7.48 7.06 6.59 6.06 5.49 4.88 4.25 3.61 2.97 2.33 1.70 1.10 0.55 0.05 0.00 0.00 0.00 0.00 0.00 0.00 0.00 0.00
0.00 0.06 0.35 0.65 0.97 1.28 1.60 1.93 2.28 2.67 3.10 3.57 4.06 4.57 5.09 5.63 6.20 6.80 7.43 8.12 8.86 9.66 10.53 11.35 12.00 12.47 12.79 12.96 13.01 12.94 12.77 12.52 12.19 11.84 11.52 11.25 11.03 10.87 10.77 10.73 10.71 10.72 10.74 10.76 10.76 10.75 10.70 10.60 10.46 10.28 10.07 9.83 9.56 9.28 8.98 8.65 8.32 7.97 7.62 7.28 6.97 6.67 6.39 6.10 5.76 5.36 4.90 4.40 3.86 3.29 2.71 2.12 1.53 0.96 0.43 0.00 0.00 0.00 0.00 0.00 0.00 0.00 0.00 0.00
0.00 0.23 0.51 0.80 1.10 1.41 1.72 2.06 2.45 2.88 3.34 3.84 4.36 4.90 5.45 6.01 6.59 7.18 7.81 8.47 9.18 9.94 10.75 11.51 12.08 12.48 12.71 12.78 12.73 12.54 12.25 11.87 11.45 11.03 10.65 10.31 10.02 9.78 9.61 9.50 9.42 9.38 9.35 9.33 9.31 9.26 9.19 9.07 8.91 8.72 8.51 8.27 8.02 7.74 7.46 7.16 6.85 6.54 6.25 5.98 5.74 5.52 5.30 5.10 4.88 4.61 4.27 3.88 3.43 2.95 2.44 1.90 1.36 0.82 0.31 0.00 0.00 0.00 0.00 0.00 0.00 0.00 0.00 0.00
0.18 0.42 0.69 0.96 1.25 1.55 1.88 2.25 2.67 3.13 3.62 4.13 4.67 5.23 5.80 6.38 6.96 7.55 8.16 8.80 9.47 10.18 10.93 11.62 12.12 12.43 12.56 12.54 12.38 12.08 11.67 11.19 10.71 10.25 9.82 9.41 9.05 8.74 8.48 8.29 8.16 8.06 7.99 7.93 7.86 7.79 7.69 7.56 7.38 7.18 6.97 6.73 6.48 6.22 5.95 5.67 5.39 5.14 4.92 4.72 4.55 4.39 4.25 4.11 3.97 3.81 3.60 3.32 2.98 2.58 2.15 1.68 1.18 0.68 0.21 0.00 0.00 0.00 0.00 0.00 0.00 0.00 0.00 0.00
0.41 0.64 0.88 1.14 1.42 1.73 2.09 2.49 2.93 3.41 3.91 4.44 5.00 5.56 6.14 6.72 7.30 7.88 8.47 9.08 9.71 10.37 11.06 11.68 12.10 12.32 12.36 12.23 11.95 11.54 11.04 10.52 10.01 9.50 9.02 8.56 8.13 7.75 7.41 7.14 6.93 6.77 6.65 6.55 6.45 6.34 6.22 6.06 5.87 5.67 5.44 5.21 4.96 4.71 4.45 4.20 3.98 3.79 3.63 3.51 3.40 3.31 3.23 3.15 3.07 2.99 2.89 2.73 2.50 2.20 1.84 1.44 1.01 0.55 0.12 0.00 0.00 0.00 0.00 0.00 0.00 0.00 0.00 0.00
0.66 0.87 1.09 1.34 1.62 1.96 2.34 2.76 3.22 3.71 4.23 4.77 5.32 5.89 6.46 7.04 7.62 8.19 8.75 9.33 9.91 10.51 11.14 11.68 12.01 12.14 12.08 11.85 11.46 10.96 10.43 9.89 9.34 8.80 8.27 7.76 7.27 6.82 6.42 6.06 5.76 5.53 5.35 5.20 5.07 4.93 4.78 4.60 4.40 4.18 3.95 3.71 3.47 3.23 2.99 2.79 2.63 2.51 2.41 2.35 2.30 2.27 2.25 2.24 2.22 2.20 2.17 2.11 1.99 1.79 1.53 1.21 0.83 0.43 0.05 0.00 0.00 0.00 0.00 0.00 0.00 0.00 0.00 0.00
0.93 1.12 1.33 1.58 1.89 2.24 2.63 3.07 3.53 4.03 4.55 5.09 5.64 6.21 6.77 7.34 7.90 8.45 8.99 9.52 10.06 10.60 11.16 11.62 11.86 11.90 11.73 11.39 10.92 10.41 9.87 9.30 8.73 8.16 7.58 7.02 6.48 5.97 5.50 5.07 4.68 4.36 4.11 3.91 3.73 3.56 3.38 3.19 2.97 2.74 2.50 2.26 2.02 1.79 1.60 1.46 1.36 1.30 1.26 1.26 1.27 1.30 1.34 1.38 1.42 1.46 1.48 1.49 1.47 1.38 1.21 0.97 0.67 0.32 0.00 0.00 0.00 0.00 0.00 0.00 0.00 0.00 0.00 0.00
1.22 1.39 1.61 1.88 2.19 2.56 2.96 3.40 3.87 4.36 4.88 5.41 5.96 6.51 7.06 7.60 8.14 8.67 9.18 9.67 10.15 10.63 11.11 11.49 11.64 11.58 11.31 10.90 10.42 9.91 9.36 8.78 8.18 7.58 6.97 6.37 5.78 5.21 4.67 4.17 3.71 3.30 2.96 2.68 2.45 2.25 2.04 1.82 1.59 1.34 1.10 0.86 0.63 0.44 0.31 0.22 0.18 0.17 0.19 0.24 0.31 0.39 0.49 0.58 0.68 0.77 0.85 0.91 0.95 0.95 0.88 0.73 0.51 0.22 0.00 0.00 0.00 0.00 0.00 0.00 0.00 0.00 0.00 0.00
1.55 1.72 1.94 2.22 2.54 2.91 3.31 3.75 4.22 4.70 5.21 5.73 6.25 6.78 7.31 7.83 8.34 8.84 9.31 9.76 10.18 10.60 11.00 11.29 11.35 11.18 10.85 10.44 9.98 9.46 8.91 8.32 7.71 7.08 6.44 5.80 5.17 4.55 3.95 3.38 2.85 2.36 1.93 1.56 1.25 1.00 0.77 0.52 0.27 0.01 0.00 0.00 0.00 0.00 0.00 0.00 0.00 0.00 0.00 0.00 0.00 0.00 0.00 0.00 0.01 0.15 0.28 0.39 0.47 0.53 0.55 0.50 0.36 0.15 0.00 0.00 0.00 0.00 0.00 0.00 0.00 0.00 0.00 0.00
1.92 2.09 2.32 2.60 2.93 3.29 3.69 4.12 4.57 5.04 5.53 6.03 6.53 7.03 7.53 8.02 8.49 8.95 9.38 9.78 10.15 10.49 10.81 11.01 10.97 10.75 10.44 10.05 9.60 9.09 8.54 7.95 7.32 6.67 6.01 5.33 4.66 3.99 3.34 2.71 2.11 1.55 1.03 0.57 0.17 0.00 0.00 0.00 0.00 0.00 0.00 0.00 0.00 0.00 0.00 0.00 0.00 0.00 0.00 0.00 0.00 0.00 0.00 0.00 0.00 0.00 0.00 0.00 0.07 0.18 0.25 0.27 0.22 0.09 0.00 0.00 0.00 0.00 0.00 0.00 0.00 0.00 0.00 0.00
2.34 2.52 2.75 3.02 3.34 3.69 4.08 4.49 4.92 5.37 5.83 6.30 6.77 7.24 7.70 8.15 8.58 8.99 9.37 9.72 10.04 10.31 10.55 10.65 10.57 10.37 10.09 9.73 9.30 8.81 8.26 7.66 7.03 6.37 5.68 4.98 4.27 3.55 2.85 2.17 1.50 0.87 0.28 0.00 0.00 0.00 0.00 0.00 0.00 0.00 0.00 0.00 0.00 0.00 0.00 0.00 0.00 0.00 0.00 0.00 0.00 0.00 0.00 0.00 0.00 0.00 0.00 0.00 0.00 0.00 0.01 0.08 0.10 0.05 0.01 0.01 0.01 0.01 0.01 0.01 0.01 0.01 0.01 0.01
2.82 2.99 3.21 3.47 3.77 4.11 4.47 4.86 5.27 5.69 6.12 6.55 6.98 7.41 7.83 8.23 8.61 8.97 9.29 9.58 9.83 10.04 10.20 10.26 10.21 10.06 9.82 9.49 9.09 8.61 8.07 7.48 6.85 6.17 5.47 4.74 4.00 3.25 2.50 1.76 1.04 0.35 0.00 0.00 0.00 0.00 0.00 0.00 0.00 0.00 0.00 0.00 0.00 0.00 0.00 0.00 0.00 0.00 0.00 0.00 0.00 0.00 0.00 0.00 0.00 0.00 0.00 0.00 0.00 0.00 0.00 0.00 0.03 0.04 0.04 0.04 0.05 0.05 0.05 0.04 0.04 0.04 0.04 0.04
3.25 3.41 3.62 3.87 4.15 4.47 4.81 5.17 5.55 5.94 6.33 6.73 7.12 7.50 7.87 8.22 8.55 8.85 9.12 9.35 9.54 9.68 9.79 9.87 9.87 9.77 9.58 9.29 8.91 8.46 7.94 7.36 6.73 6.05 5.34 4.59 3.83 3.05 2.26 1.48 0.71 0.00 0.00 0.00 0.00 0.00 0.00 0.00 0.00 0.00 0.00 0.00 0.00 0.00 0.00 0.00 0.00 0.00 0.00 0.00 0.00 0.00 0.00 0.00 0.00 0.00 0.00 0.00 0.00 0.00 0.00 0.00 0.00 0.04 0.04 0.05 0.05 0.05 0.05 0.05 0.05 0.05 0.04 0.04
3.52 3.67 3.88 4.12 4.39 4.69 5.01 5.35 5.70 6.06 6.42 6.79 7.14 7.49 7.81 8.12 8.40 8.65 8.86 9.03 9.16 9.26 9.34 9.41 9.45 9.41 9.27 9.02 8.69 8.28 7.79 7.23 6.61 5.94 5.23 4.48 3.70 2.90 2.09 1.27 0.46 0.00 0.00 0.00 0.00 0.00 0.00 0.00 0.00 0.00 0.00 0.00 0.00 0.00 0.00 0.00 0.00 0.00 0.00 0.00 0.00 0.00 0.00 0.00 0.00 0.00 0.00 0.00 0.00 0.00 0.00 0.00 0.00 0.04 0.04 0.05 0.05 0.05 0.05 0.05 0.05 0.05 0.05 0.04
3.62 3.78 3.98 4.21 4.48 4.76 5.07 5.39 5.73 6.06 6.40 6.73 7.06 7.37 7.66 7.92 8.16 8.36 8.52 8.64 8.73 8.80 8.87 8.93 8.96 8.95 8.87 8.69 8.41 8.04 7.59 7.07 6.48 5.82 5.12 4.38 3.60 2.79 1.96 1.12 0.28 0.00 0.00 0.00 0.00 0.00 0.00 0.00 0.00 0.00 0.00 0.00 0.00 0.00 0.00 0.00 0.00 0.00 0.00 0.00 0.00 0.00 0.00 0.00 0.00 0.00 0.00 0.00 0.00 0.00 0.00 0.00 0.00 0.04 0.04 0.04 0.05 0.05 0.05 0.05 0.05 0.05 0.05 0.04
3.61 3.74 3.94 4.18 4.44 4.72 5.02 5.33 5.64 5.96 6.28 6.59 6.88 7.16 7.42 7.65 7.84 8.00 8.12 8.21 8.27 8.33 8.39 8.43 8.44 8.43 8.39 8.28 8.06 7.75 7.35 6.87 6.31 5.69 5.01 4.28 3.51 2.71 1.87 1.02 0.16 0.00 0.00 0.00 0.00 0.00 0.00 0.00 0.00 0.00 0.00 0.00 0.00 0.00 0.00 0.00 0.00 0.00 0.00 0.00 0.00 0.00 0.00 0.00 0.00 0.00 0.00 0.00 0.00 0.00 0.00 0.00 0.00 0.04 0.04 0.04 0.04 0.05 0.05 0.05 0.05 0.05 0.05 0.05
3.54 3.60 3.78 4.02 4.28 4.56 4.85 5.15 5.46 5.76 6.06 6.35 6.62 6.88 7.11 7.30 7.46 7.59 7.68 7.74 7.80 7.84 7.88 7.91 7.91 7.89 7.85 7.78 7.63 7.39 7.05 6.63 6.12 5.54 4.89 4.19 3.44 2.64 1.82 0.97 0.10 0.00 0.00 0.00 0.00 0.00 0.00 0.00 0.00 0.00 0.00 0.00 0.00 0.00 0.00 0.00 0.00 0.00 0.00 0.00 0.00 0.00 0.00 0.00 0.00 0.00 0.00 0.00 0.00 0.00 0.00 0.00 0.00 0.03 0.04 0.04 0.04 0.05 0.05 0.05 0.05 0.05 0.05 0.05
3.46 3.42 3.53 3.75 4.02 4.30 4.59 4.89 5.19 5.48 5.77 6.05 6.30 6.53 6.74 6.91 7.04 7.14 7.21 7.27 7.31 7.34 7.36 7.38 7.37 7.34 7.29 7.22 7.12 6.95 6.69 6.32 5.88 5.35 4.75 4.08 3.36 2.59 1.78 0.94 0.08 0.00 0.00 0.00 0.00 0.00 0.00 0.00 0.00 0.00 0.00 0.00 0.00 0.00 0.00 0.00 0.00 0.00 0.00 0.00 0.00 0.00 0.00 0.00 0.00 0.00 0.00 0.00 0.00 0.00 0.00 0.00 0.00 0.03 0.04 0.04 0.04 0.04 0.04 0.05 0.05 0.05 0.05 0.05
