data_processed/recharge/precip/Precip_1989_02.asc
ncols        168
nrows        136
xllcorner    455000
yllcorner    2107000
cellsize     500
NODATA_value     -99999
[rows 74 to 110 of 136, columns 0 to 83 of 168]
10.84 10.64 10.43 10.22 10.01 9.80 9.58 9.36 9.14 8.91 8.69 8.45 8.22 7.98 7.74 7.50 7.25 7.00 6.75 6.50 6.25 6.01 5.77 5.55 5.35 5.19 5.06 4.96 4.88 4.82 4.77 4.73 4.71 4.69 4.67 4.66 4.66 4.65 4.64 4.63 4.61 4.58 4.54 4.49 4.45 4.43 4.45 4.51 4.60 4.69 4.77 4.83 4.88 4.91 4.89 4.82 4.72 4.59 4.42 4.23 4.01 3.77 3.52 3.25 2.97 2.69 2.40 2.12 1.84 1.57 1.33 1.10 0.90 0.72 0.60 0.56 0.62 0.76 0.96 1.21 1.50 1.81 2.15 2.51
10.74 10.55 10.35 10.15 9.95 9.75 9.54 9.33 9.11 8.89 8.67 8.44 8.21 7.97 7.73 7.48 7.23 6.97 6.71 6.45 6.18 5.92 5.67 5.43 5.23 5.06 4.92 4.82 4.73 4.66 4.61 4.58 4.56 4.55 4.54 4.55 4.56 4.58 4.59 4.61 4.62 4.63 4.63 4.62 4.61 4.59 4.61 4.67 4.76 4.85 4.92 4.98 5.01 5.00 4.94 4.85 4.72 4.56 4.37 4.15 3.92 3.67 3.40 3.12 2.84 2.55 2.27 1.99 1.71 1.45 1.20 0.98 0.79 0.63 0.53 0.51 0.59 0.75 0.95 1.19 1.47 1.78 2.11 2.47
10.64 10.46 10.28 10.09 9.90 9.70 9.50 9.30 9.09 8.87 8.65 8.43 8.19 7.96 7.72 7.47 7.21 6.95 6.68 6.41 6.13 5.85 5.58 5.32 5.10 4.92 4.77 4.65 4.56 4.48 4.43 4.39 4.37 4.37 4.38 4.40 4.43 4.46 4.50 4.54 4.58 4.62 4.66 4.69 4.71 4.73 4.75 4.81 4.89 4.98 5.05 5.09 5.09 5.04 4.95 4.83 4.67 4.49 4.28 4.05 3.80 3.53 3.26 2.97 2.69 2.40 2.12 1.84 1.57 1.32 1.09 0.88 0.70 0.55 0.47 0.48 0.58 0.73 0.92 1.15 1.42 1.72 2.05 2.40
10.55 10.38 10.21 10.03 9.85 9.67 9.47 9.27 9.07 8.86 8.64 8.42 8.19 7.95 7.70 7.45 7.19 6.93 6.65 6.37 6.08 5.79 5.49 5.21 4.98 4.78 4.61 4.47 4.36 4.28 4.22 4.18 4.16 4.16 4.18 4.21 4.25 4.30 4.36 4.42 4.49 4.56 4.63 4.70 4.76 4.82 4.87 4.92 5.01 5.09 5.14 5.15 5.11 5.03 4.91 4.76 4.58 4.38 4.15 3.90 3.64 3.37 3.09 2.80 2.51 2.23 1.95 1.68 1.43 1.19 0.97 0.78 0.62 0.49 0.43 0.46 0.54 0.68 0.86 1.08 1.34 1.63 1.95 2.30
10.46 10.30 10.14 9.98 9.81 9.63 9.44 9.25 9.05 8.84 8.63 8.41 8.18 7.94 7.69 7.44 7.18 6.90 6.62 6.34 6.04 5.73 5.41 5.11 4.85 4.63 4.44 4.28 4.15 4.06 3.99 3.94 3.92 3.92 3.94 3.98 4.03 4.09 4.17 4.25 4.34 4.44 4.54 4.64 4.74 4.83 4.92 5.01 5.10 5.16 5.17 5.14 5.07 4.97 4.82 4.65 4.45 4.23 3.99 3.73 3.46 3.18 2.90 2.61 2.33 2.05 1.78 1.52 1.28 1.06 0.86 0.69 0.55 0.45 0.40 0.42 0.49 0.61 0.77 0.98 1.23 1.51 1.82 2.16
10.36 10.22 10.07 9.92 9.75 9.58 9.41 9.22 9.02 8.82 8.61 8.39 8.16 7.92 7.67 7.42 7.15 6.87 6.58 6.29 5.98 5.66 5.33 5.01 4.72 4.46 4.25 4.07 3.92 3.81 3.73 3.68 3.65 3.65 3.67 3.71 3.76 3.84 3.93 4.03 4.14 4.26 4.38 4.51 4.65 4.78 4.91 5.04 5.15 5.19 5.17 5.11 5.01 4.88 4.71 4.52 4.30 4.06 3.81 3.54 3.26 2.98 2.70 2.41 2.13 1.86 1.60 1.36 1.13 0.93 0.75 0.61 0.49 0.41 0.37 0.36 0.42 0.52 0.67 0.87 1.10 1.37 1.68 2.01
10.24 10.11 9.97 9.83 9.68 9.52 9.34 9.16 8.97 8.77 8.56 8.34 8.12 7.88 7.62 7.36 7.09 6.81 6.51 6.21 5.89 5.57 5.24 4.91 4.59 4.31 4.06 3.86 3.69 3.56 3.46 3.39 3.35 3.35 3.36 3.40 3.46 3.54 3.64 3.76 3.88 4.02 4.17 4.33 4.49 4.66 4.82 5.00 5.18 5.25 5.21 5.11 4.98 4.82 4.63 4.41 4.18 3.92 3.66 3.38 3.09 2.80 2.52 2.23 1.96 1.69 1.44 1.21 1.00 0.81 0.66 0.53 0.44 0.38 0.34 0.33 0.37 0.46 0.60 0.78 1.00 1.26 1.56 1.89
10.09 9.98 9.85 9.72 9.57 9.42 9.26 9.08 8.89 8.70 8.49 8.27 8.04 7.80 7.55 7.28 7.01 6.72 6.41 6.10 5.78 5.45 5.12 4.79 4.47 4.16 3.88 3.65 3.45 3.30 3.18 3.10 3.05 3.03 3.04 3.07 3.13 3.22 3.32 3.45 3.59 3.74 3.91 4.09 4.28 4.47 4.69 4.92 5.16 5.29 5.27 5.15 4.99 4.80 4.58 4.34 4.09 3.81 3.53 3.24 2.95 2.65 2.36 2.07 1.80 1.54 1.30 1.07 0.88 0.71 0.57 0.47 0.39 0.35 0.32 0.32 0.35 0.43 0.55 0.72 0.94 1.19 1.48 1.80
9.92 9.82 9.71 9.58 9.45 9.30 9.14 8.97 8.79 8.60 8.39 8.17 7.94 7.70 7.44 7.17 6.89 6.59 6.28 5.96 5.64 5.31 4.98 4.65 4.33 4.02 3.72 3.45 3.22 3.04 2.90 2.80 2.73 2.70 2.69 2.72 2.78 2.86 2.97 3.10 3.25 3.42 3.60 3.80 4.01 4.24 4.51 4.80 5.09 5.27 5.31 5.22 5.04 4.81 4.57 4.30 4.02 3.73 3.43 3.13 2.82 2.52 2.22 1.93 1.66 1.40 1.16 0.95 0.76 0.61 0.49 0.40 0.34 0.31 0.30 0.31 0.35 0.42 0.53 0.69 0.90 1.15 1.43 1.75
9.73 9.64 9.53 9.42 9.29 9.15 9.00 8.84 8.66 8.47 8.26 8.04 7.81 7.57 7.31 7.03 6.75 6.44 6.13 5.80 5.48 5.15 4.82 4.49 4.17 3.86 3.56 3.27 3.01 2.80 2.63 2.50 2.41 2.36 2.35 2.36 2.41 2.49 2.60 2.73 2.88 3.06 3.26 3.47 3.71 3.99 4.30 4.63 4.97 5.21 5.30 5.26 5.10 4.85 4.58 4.29 3.98 3.67 3.35 3.03 2.71 2.40 2.09 1.80 1.53 1.27 1.04 0.83 0.65 0.51 0.41 0.33 0.29 0.26 0.26 0.29 0.34 0.42 0.53 0.68 0.88 1.12 1.41 1.72
9.53 9.44 9.34 9.24 9.12 8.98 8.84 8.68 8.50 8.31 8.11 7.89 7.66 7.41 7.15 6.87 6.57 6.27 5.95 5.63 5.30 4.98 4.65 4.32 4.00 3.69 3.39 3.09 2.81 2.57 2.37 2.21 2.10 2.03 1.99 2.00 2.04 2.11 2.21 2.34 2.49 2.68 2.88 3.12 3.40 3.71 4.06 4.44 4.82 5.10 5.24 5.24 5.13 4.91 4.61 4.29 3.96 3.63 3.29 2.95 2.62 2.29 1.98 1.68 1.40 1.14 0.91 0.71 0.54 0.41 0.32 0.26 0.23 0.22 0.23 0.26 0.33 0.42 0.53 0.69 0.88 1.12 1.40 1.71
9.31 9.23 9.13 9.03 8.92 8.79 8.65 8.50 8.32 8.14 7.93 7.71 7.48 7.23 6.96 6.68 6.38 6.07 5.76 5.44 5.12 4.79 4.46 4.14 3.82 3.51 3.21 2.91 2.63 2.36 2.13 1.94 1.80 1.70 1.65 1.63 1.66 1.72 1.81 1.93 2.09 2.27 2.49 2.76 3.07 3.42 3.80 4.21 4.63 4.95 5.12 5.18 5.11 4.93 4.65 4.31 3.95 3.59 3.23 2.87 2.53 2.19 1.86 1.56 1.27 1.01 0.78 0.59 0.43 0.32 0.24 0.19 0.17 0.17 0.19 0.23 0.31 0.41 0.53 0.70 0.89 1.13 1.40 1.72
9.07 9.00 8.91 8.81 8.70 8.58 8.44 8.29 8.12 7.94 7.73 7.51 7.28 7.02 6.75 6.46 6.17 5.86 5.55 5.23 4.91 4.59 4.27 3.94 3.63 3.32 3.02 2.73 2.44 2.17 1.92 1.70 1.52 1.40 1.32 1.28 1.28 1.33 1.41 1.52 1.67 1.87 2.11 2.40 2.74 3.11 3.52 3.96 4.41 4.76 4.97 5.06 5.03 4.89 4.66 4.33 3.95 3.57 3.18 2.80 2.44 2.08 1.75 1.43 1.14 0.88 0.65 0.47 0.32 0.22 0.15 0.12 0.10 0.11 0.14 0.20 0.28 0.39 0.53 0.70 0.90 1.14 1.42 1.73
8.83 8.76 8.67 8.58 8.47 8.35 8.22 8.07 7.90 7.72 7.51 7.29 7.05 6.80 6.52 6.23 5.94 5.64 5.33 5.02 4.70 4.38 4.06 3.74 3.42 3.12 2.82 2.53 2.25 1.98 1.72 1.48 1.27 1.11 1.00 0.94 0.92 0.95 1.01 1.12 1.27 1.48 1.74 2.05 2.40 2.80 3.23 3.69 4.16 4.54 4.78 4.89 4.90 4.80 4.60 4.31 3.95 3.54 3.13 2.73 2.34 1.97 1.62 1.30 1.00 0.73 0.52 0.35 0.22 0.13 0.07 0.04 0.04 0.06 0.10 0.16 0.25 0.37 0.51 0.69 0.90 1.15 1.43 1.75
8.57 8.50 8.42 8.33 8.22 8.10 7.97 7.82 7.66 7.47 7.27 7.05 6.81 6.55 6.27 5.99 5.70 5.40 5.10 4.79 4.48 4.16 3.84 3.53 3.22 2.91 2.62 2.33 2.05 1.79 1.53 1.28 1.05 0.86 0.72 0.62 0.58 0.58 0.63 0.73 0.89 1.11 1.38 1.70 2.07 2.48 2.93 3.41 3.90 4.29 4.55 4.69 4.72 4.65 4.48 4.23 3.90 3.51 3.08 2.65 2.25 1.86 1.49 1.15 0.85 0.59 0.39 0.23 0.11 0.03 0.00 0.00 0.00 0.00 0.04 0.12 0.21 0.34 0.49 0.68 0.90 1.15 1.44 1.76
8.30 8.24 8.16 8.07 7.96 7.84 7.71 7.56 7.40 7.21 7.01 6.79 6.54 6.29 6.02 5.74 5.45 5.16 4.86 4.56 4.25 3.94 3.62 3.31 3.00 2.70 2.41 2.13 1.85 1.59 1.33 1.09 0.86 0.64 0.46 0.34 0.26 0.24 0.27 0.37 0.54 0.76 1.04 1.37 1.74 2.16 2.62 3.11 3.61 4.02 4.29 4.45 4.50 4.45 4.31 4.09 3.79 3.42 3.01 2.56 2.13 1.72 1.34 0.99 0.70 0.45 0.26 0.11 0.01 0.00 0.00 0.00 0.00 0.00 0.00 0.07 0.17 0.30 0.47 0.66 0.88 1.14 1.44 1.77
8.03 7.97 7.89 7.80 7.70 7.58 7.44 7.29 7.12 6.93 6.73 6.50 6.27 6.01 5.75 5.48 5.20 4.91 4.62 4.32 4.01 3.70 3.39 3.09 2.78 2.49 2.20 1.92 1.65 1.39 1.14 0.89 0.67 0.45 0.25 0.09 0.00 0.00 0.00 0.06 0.22 0.45 0.72 1.05 1.43 1.85 2.31 2.81 3.31 3.72 4.01 4.18 4.25 4.21 4.09 3.89 3.61 3.28 2.89 2.45 2.00 1.57 1.18 0.84 0.55 0.32 0.14 0.00 0.00 0.00 0.00 0.00 0.00 0.00 0.00 0.02 0.13 0.26 0.43 0.63 0.86 1.13 1.43 1.76
7.74 7.69 7.62 7.53 7.42 7.30 7.16 7.00 6.83 6.64 6.43 6.21 5.98 5.73 5.48 5.21 4.94 4.66 4.37 4.07 3.77 3.47 3.17 2.86 2.56 2.27 1.99 1.71 1.45 1.19 0.94 0.70 0.48 0.26 0.06 0.00 0.00 0.00 0.00 0.00 0.00 0.16 0.44 0.76 1.13 1.55 2.01 2.50 3.00 3.42 3.71 3.89 3.96 3.94 3.83 3.64 3.38 3.06 2.70 2.29 1.84 1.40 1.02 0.69 0.42 0.20 0.02 0.00 0.00 0.00 0.00 0.00 0.00 0.00 0.00 0.00 0.08 0.22 0.39 0.59 0.83 1.10 1.41 1.75
7.45 7.40 7.33 7.24 7.14 7.01 6.87 6.71 6.53 6.33 6.13 5.91 5.69 5.45 5.20 4.94 4.67 4.40 4.11 3.82 3.53 3.23 2.94 2.64 2.35 2.06 1.78 1.51 1.25 0.99 0.75 0.52 0.30 0.09 0.00 0.00 0.00 0.00 0.00 0.00 0.00 0.00 0.18 0.49 0.85 1.26 1.71 2.19 2.69 3.10 3.39 3.57 3.64 3.63 3.52 3.34 3.10 2.79 2.44 2.05 1.64 1.23 0.86 0.54 0.28 0.07 0.00 0.00 0.00 0.00 0.00 0.00 0.00 0.00 0.00 0.00 0.02 0.17 0.35 0.55 0.79 1.07 1.38 1.72
7.16 7.11 7.04 6.95 6.85 6.72 6.57 6.41 6.22 6.03 5.82 5.61 5.39 5.16 4.92 4.66 4.40 4.13 3.86 3.58 3.29 3.00 2.71 2.41 2.13 1.85 1.58 1.31 1.05 0.81 0.57 0.34 0.12 0.00 0.00 0.00 0.00 0.00 0.00 0.00 0.00 0.00 0.00 0.26 0.60 0.99 1.42 1.90 2.38 2.78 3.06 3.23 3.30 3.28 3.18 3.01 2.77 2.47 2.13 1.76 1.39 1.04 0.71 0.41 0.16 0.00 0.00 0.00 0.00 0.00 0.00 0.00 0.00 0.00 0.00 0.00 0.00 0.12 0.29 0.50 0.75 1.02 1.34 1.69
6.86 6.81 6.75 6.66 6.55 6.42 6.27 6.10 5.92 5.72 5.52 5.31 5.09 4.87 4.63 4.39 4.13 3.87 3.60 3.33 3.05 2.77 2.48 2.19 1.91 1.64 1.37 1.12 0.86 0.62 0.39 0.17 0.00 0.00 0.00 0.00 0.00 0.00 0.00 0.00 0.00 0.00 0.00 0.05 0.38 0.74 1.16 1.61 2.07 2.46 2.72 2.88 2.94 2.92 2.81 2.63 2.39 2.10 1.77 1.44 1.13 0.83 0.55 0.28 0.04 0.00 0.00 0.00 0.00 0.00 0.00 0.00 0.00 0.00 0.00 0.00 0.00 0.06 0.24 0.45 0.70 0.97 1.29 1.65
6.56 6.51 6.45 6.36 6.25 6.12 5.97 5.80 5.62 5.43 5.22 5.01 4.80 4.58 4.35 4.11 3.87 3.61 3.35 3.08 2.81 2.54 2.26 1.98 1.71 1.44 1.18 0.93 0.68 0.45 0.22 0.00 0.00 0.00 0.00 0.00 0.00 0.00 0.00 0.00 0.00 0.00 0.00 0.00 0.18 0.53 0.91 1.34 1.78 2.14 2.38 2.52 2.57 2.53 2.41 2.22 1.97 1.69 1.40 1.12 0.86 0.60 0.36 0.13 0.00 0.00 0.00 0.00 0.00 0.00 0.00 0.00 0.00 0.00 0.00 0.00 0.00 0.00 0.18 0.39 0.64 0.92 1.24 1.62
6.25 6.21 6.15 6.06 5.95 5.82 5.67 5.50 5.32 5.13 4.93 4.73 4.51 4.29 4.07 3.84 3.60 3.36 3.10 2.84 2.58 2.31 2.04 1.77 1.51 1.25 1.00 0.75 0.51 0.28 0.06 0.00 0.00 0.00 0.00 0.00 0.00 0.00 0.00 0.00 0.00 0.00 0.00 0.00 0.03 0.34 0.69 1.08 1.49 1.82 2.04 2.16 2.18 2.12 1.99 1.78 1.54 1.29 1.04 0.80 0.58 0.36 0.16 0.00 0.00 0.00 0.00 0.00 0.00 0.00 0.00 0.00 0.00 0.00 0.00 0.00 0.00 0.00 0.11 0.33 0.57 0.86 1.20 1.61
5.95 5.91 5.85 5.76 5.65 5.52 5.37 5.21 5.04 4.85 4.65 4.45 4.24 4.02 3.80 3.57 3.34 3.10 2.86 2.61 2.36 2.10 1.84 1.57 1.32 1.07 0.82 0.58 0.35 0.13 0.00 0.00 0.00 0.00 0.00 0.00 0.00 0.00 0.00 0.00 0.00 0.00 0.00 0.00 0.00 0.19 0.50 0.86 1.23 1.52 1.71 1.80 1.79 1.71 1.55 1.34 1.12 0.91 0.70 0.50 0.31 0.13 0.00 0.00 0.00 0.00 0.00 0.00 0.00 0.00 0.00 0.00 0.00 0.00 0.00 0.00 0.00 0.00 0.04 0.25 0.50 0.81 1.20 1.65
5.65 5.61 5.55 5.46 5.35 5.23 5.09 4.93 4.76 4.58 4.38 4.18 3.97 3.76 3.54 3.31 3.09 2.86 2.63 2.39 2.14 1.89 1.64 1.39 1.14 0.89 0.66 0.43 0.21 0.01 0.00 0.00 0.00 0.00 0.00 0.00 0.00 0.00 0.00 0.00 0.00 0.00 0.00 0.00 0.00 0.08 0.35 0.66 0.99 1.24 1.39 1.44 1.40 1.28 1.11 0.92 0.74 0.56 0.39 0.22 0.06 0.00 0.00 0.00 0.00 0.00 0.00 0.00 0.00 0.00 0.00 0.00 0.00 0.00 0.00 0.00 0.00 0.00 0.00 0.18 0.46 0.81 1.23 1.71
5.35 5.31 5.25 5.17 5.07 4.95 4.81 4.66 4.49 4.32 4.13 3.93 3.72 3.51 3.29 3.07 2.85 2.63 2.40 2.17 1.94 1.70 1.45 1.21 0.97 0.74 0.51 0.29 0.09 0.00 0.00 0.00 0.00 0.00 0.00 0.00 0.00 0.00 0.00 0.00 0.00 0.00 0.00 0.00 0.00 0.01 0.23 0.49 0.77 0.98 1.08 1.09 1.01 0.87 0.71 0.56 0.41 0.26 0.11 0.00 0.00 0.00 0.00 0.00 0.00 0.00 0.00 0.00 0.00 0.00 0.00 0.00 0.00 0.00 0.00 0.00 0.00 0.00 0.00 0.13 0.45 0.84 1.30 1.81
5.05 5.02 4.97 4.89 4.80 4.68 4.55 4.40 4.24 4.07 3.89 3.69 3.49 3.28 3.07 2.85 2.63 2.41 2.19 1.97 1.74 1.51 1.28 1.05 0.82 0.60 0.38 0.18 0.01 0.00 0.00 0.00 0.00 0.00 0.00 0.00 0.00 0.00 0.00 0.00 0.00 0.00 0.00 0.00 0.00 0.00 0.16 0.36 0.59 0.74 0.79 0.75 0.64 0.52 0.39 0.26 0.13 0.01 0.00 0.00 0.00 0.00 0.00 0.00 0.00 0.00 0.00 0.00 0.00 0.00 0.00 0.00 0.00 0.00 0.00 0.00 0.00 0.00 0.00 0.13 0.49 0.92 1.41 1.95
4.76 4.74 4.69 4.62 4.53 4.43 4.30 4.16 4.01 3.84 3.66 3.47 3.28 3.07 2.86 2.65 2.43 2.21 2.00 1.78 1.57 1.35 1.12 0.90 0.68 0.47 0.28 0.11 0.00 0.00 0.00 0.00 0.00 0.00 0.00 0.00 0.00 0.00 0.00 0.00 0.00 0.00 0.00 0.00 0.00 0.03 0.13 0.27 0.44 0.53 0.53 0.45 0.35 0.25 0.14 0.03 0.00 0.00 0.00 0.00 0.00 0.00 0.00 0.00 0.00 0.00 0.00 0.00 0.00 0.00 0.00 0.00 0.00 0.00 0.00 0.00 0.00 0.00 0.00 0.18 0.58 1.04 1.56 2.12
4.48 4.47 4.43 4.37 4.29 4.19 4.07 3.94 3.79 3.63 3.46 3.27 3.08 2.88 2.68 2.47 2.26 2.04 1.83 1.62 1.40 1.20 0.99 0.77 0.57 0.38 0.21 0.07 0.00 0.00 0.00 0.00 0.00 0.00 0.00 0.00 0.00 0.00 0.00 0.00 0.00 0.00 0.00 0.01 0.06 0.11 0.16 0.23 0.33 0.36 0.31 0.24 0.16 0.07 0.00 0.00 0.00 0.00 0.00 0.00 0.00 0.00 0.00 0.00 0.00 0.00 0.00 0.00 0.00 0.00 0.00 0.00 0.00 0.00 0.00 0.00 0.00 0.00 0.00 0.27 0.71 1.20 1.75 2.34
4.22 4.22 4.19 4.13 4.06 3.97 3.86 3.74 3.59 3.44 3.27 3.10 2.91 2.72 2.52 2.31 2.10 1.89 1.68 1.48 1.27 1.07 0.87 0.67 0.48 0.33 0.19 0.08 0.00 0.00 0.00 0.00 0.00 0.00 0.00 0.00 0.00 0.00 0.00 0.00 0.00 0.05 0.09 0.13 0.17 0.20 0.22 0.24 0.27 0.24 0.20 0.14 0.07 0.00 0.00 0.00 0.00 0.00 0.00 0.00 0.00 0.00 0.00 0.00 0.00 0.00 0.00 0.00 0.00 0.00 0.00 0.00 0.00 0.00 0.00 0.00 0.00 0.00 0.01 0.42 0.89 1.41 1.98 2.59
3.97 3.98 3.96 3.92 3.85 3.77 3.67 3.55 3.42 3.27 3.11 2.94 2.76 2.58 2.38 2.18 1.98 1.77 1.57 1.36 1.16 0.96 0.77 0.59 0.44 0.31 0.21 0.12 0.05 0.01 0.00 0.00 0.00 0.00 0.00 0.00 0.02 0.05 0.09 0.12 0.16 0.20 0.23 0.25 0.27 0.29 0.29 0.28 0.26 0.24 0.20 0.15 0.09 0.03 0.00 0.00 0.00 0.00 0.00 0.00 0.00 0.00 0.00 0.00 0.00 0.00 0.00 0.00 0.00 0.00 0.00 0.00 0.00 0.00 0.00 0.00 0.00 0.00 0.16 0.61 1.11 1.66 2.25 2.87
3.73 3.75 3.74 3.70 3.65 3.58 3.49 3.38 3.25 3.12 2.96 2.80 2.63 2.45 2.26 2.07 1.87 1.67 1.47 1.27 1.07 0.88 0.69 0.53 0.40 0.30 0.23 0.17 0.12 0.10 0.08 0.08 0.08 0.10 0.12 0.15 0.18 0.21 0.25 0.28 0.31 0.34 0.36 0.37 0.37 0.37 0.35 0.32 0.30 0.28 0.25 0.21 0.16 0.10 0.04 0.00 0.00 0.00 0.00 0.00 0.00 0.00 0.00 0.00 0.00 0.00 0.00 0.00 0.00 0.00 0.00 0.00 0.00 0.00 0.00 0.00 0.00 0.00 0.29 0.77 1.30 1.87 2.48 3.11
3.48 3.51 3.51 3.49 3.45 3.39 3.31 3.21 3.09 2.96 2.82 2.67 2.50 2.33 2.15 1.97 1.78 1.58 1.39 1.20 1.00 0.81 0.63 0.47 0.36 0.29 0.24 0.20 0.18 0.17 0.17 0.18 0.20 0.23 0.26 0.29 0.32 0.36 0.39 0.42 0.44 0.45 0.46 0.46 0.45 0.42 0.39 0.35 0.33 0.31 0.29 0.26 0.22 0.17 0.11 0.04 0.00 0.00 0.00 0.00 0.00 0.00 0.00 0.00 0.00 0.00 0.00 0.00 0.00 0.00 0.00 0.00 0.00 0.00 0.00 0.00 0.00 0.00 0.33 0.84 1.40 2.00 2.62 3.27
3.23 3.27 3.28 3.28 3.25 3.19 3.12 3.04 2.93 2.81 2.68 2.54 2.38 2.22 2.05 1.87 1.69 1.51 1.32 1.13 0.95 0.77 0.59 0.43 0.32 0.26 0.23 0.22 0.22 0.23 0.25 0.28 0.31 0.34 0.38 0.42 0.45 0.48 0.51 0.53 0.55 0.55 0.55 0.53 0.50 0.46 0.42 0.39 0.36 0.34 0.32 0.30 0.27 0.23 0.18 0.12 0.05 0.00 0.00 0.00 0.00 0.00 0.00 0.00 0.00 0.00 0.00 0.00 0.00 0.00 0.00 0.00 0.00 0.00 0.00 0.00 0.00 0.00 0.29 0.84 1.42 2.04 2.68 3.34
2.98 3.02 3.05 3.06 3.04 3.00 2.94 2.87 2.78 2.67 2.55 2.41 2.27 2.12 1.96 1.79 1.62 1.44 1.26 1.09 0.91 0.74 0.56 0.41 0.31 0.25 0.22 0.23 0.25 0.28 0.32 0.36 0.40 0.44 0.48 0.52 0.56 0.59 0.62 0.63 0.64 0.63 0.62 0.58 0.54 0.49 0.45 0.42 0.40 0.38 0.36 0.34 0.31 0.28 0.24 0.19 0.13 0.06 0.00 0.00 0.00 0.00 0.00 0.00 0.00 0.00 0.00 0.00 0.00 0.00 0.00 0.00 0.00 0.00 0.00 0.00 0.00 0.00 0.18 0.76 1.38 2.01 2.67 3.34
2.75 2.78 2.81 2.83 2.83 2.81 2.76 2.70 2.62 2.53 2.42 2.30 2.16 2.02 1.87 1.72 1.55 1.39 1.22 1.05 0.89 0.72 0.55 0.40 0.30 0.24 0.22 0.24 0.28 0.32 0.37 0.42 0.48 0.53 0.58 0.62 0.66 0.69 0.71 0.72 0.71 0.70 0.66 0.62 0.57 0.52 0.48 0.45 0.43 0.41 0.39 0.37 0.35 0.32 0.29 0.25 0.20 0.14 0.07 0.00 0.00 0.00 0.00 0.00 0.00 0.00 0.00 0.00 0.00 0.00 0.00 0.00 0.00 0.00 0.00 0.00 0.00 0.00 0.02 0.63 1.26 1.92 2.59 3.27
2.53 2.56 2.58 2.61 2.62 2.61 2.58 2.53 2.47 2.39 2.29 2.18 2.06 1.93 1.79 1.65 1.50 1.35 1.19 1.03 0.88 0.72 0.55 0.41 0.31 0.25 0.23 0.25 0.29 0.35 0.42 0.48 0.54 0.60 0.65 0.70 0.74 0.76 0.78 0.78 0.77 0.74 0.70 0.65 0.60 0.56 0.52 0.49 0.47 0.45 0.43 0.41 0.38 0.36 0.34 0.31 0.26 0.21 0.15 0.08 0.00 0.00 0.00 0.00 0.00 0.00 0.00 0.00 0.00 0.00 0.00 0.00 0.00 0.00 0.00 0.00 0.00 0.00 0.00 0.44 1.09 1.77 2.45 3.14
