data_processed/recharge/precip/Precip_2001_09.asc
ncols        168
nrows        136
xllcorner    455000
yllcorner    2107000
cellsize     500
NODATA_value     -99999
[rows 64 to 95 of 136, columns 72 to 143 of 168]
123.80 116.57 109.42 102.45 96.00 90.30 85.33 81.09 77.57 74.75 72.63 71.18 70.39 70.17 70.35 70.90 71.81 73.07 74.68 76.61 78.81 81.10 83.45 85.83 88.23 90.61 92.97 95.27 97.51 99.67 101.81 103.97 106.13 108.28 110.41 112.52 114.58 116.59 118.53 120.34 121.91 123.24 124.32 125.18 125.79 126.18 126.22 125.77 124.82 123.41 121.56 119.31 116.70 113.74 110.48 107.05 103.98 101.49 99.57 98.22 97.43 97.19 97.49 98.32 99.66 101.32 103.07 104.88 106.75 108.67 110.64 112.64
123.63 116.33 109.18 102.25 95.88 90.25 85.37 81.23 77.81 75.10 73.09 71.76 71.11 71.11 71.67 72.64 73.96 75.64 77.67 79.96 82.35 84.80 87.27 89.77 92.25 94.70 97.10 99.44 101.68 103.83 105.96 108.10 110.24 112.38 114.50 116.59 118.63 120.63 122.56 124.41 126.10 127.56 128.75 129.69 130.37 130.69 130.50 129.79 128.59 126.95 124.88 122.42 119.60 116.46 113.03 109.43 106.19 103.52 101.40 99.84 98.83 98.35 98.41 98.98 100.07 101.65 103.52 105.50 107.53 109.62 111.75 113.80
123.46 116.13 109.01 102.15 95.88 90.36 85.60 81.57 78.28 75.71 73.83 72.66 72.16 72.33 73.15 74.53 76.30 78.43 80.83 83.34 85.90 88.49 91.09 93.69 96.26 98.77 101.22 103.58 105.84 107.97 110.08 112.20 114.33 116.44 118.54 120.61 122.63 124.61 126.52 128.35 130.10 131.67 132.99 134.03 134.68 134.80 134.39 133.47 132.08 130.25 128.01 125.39 122.43 119.15 115.60 111.88 108.52 105.72 103.46 101.74 100.56 99.90 99.75 100.12 100.99 102.35 104.18 106.29 108.50 110.76 112.95 114.93
123.31 115.98 108.90 102.15 96.00 90.62 86.00 82.13 78.99 76.58 74.88 73.88 73.56 73.92 74.95 76.62 78.83 81.36 83.99 86.68 89.41 92.14 94.86 97.56 100.21 102.79 105.28 107.67 109.92 112.04 114.13 116.23 118.33 120.42 122.50 124.54 126.54 128.49 130.38 132.19 133.92 135.54 136.97 138.02 138.52 138.46 137.87 136.80 135.26 133.29 130.93 128.20 125.14 121.78 118.15 114.38 110.95 108.06 105.70 103.88 102.57 101.78 101.49 101.70 102.39 103.57 105.22 107.32 109.69 112.01 114.11 115.98
123.18 115.87 108.87 102.25 96.26 91.04 86.59 82.89 79.94 77.72 76.21 75.42 75.31 75.89 77.14 79.05 81.50 84.25 87.08 89.95 92.83 95.70 98.55 101.35 104.07 106.71 109.24 111.65 113.90 116.00 118.06 120.14 122.21 124.28 126.33 128.35 130.32 132.24 134.10 135.89 137.58 139.17 140.54 141.45 141.80 141.61 140.91 139.72 138.09 136.04 133.61 130.82 127.71 124.32 120.66 116.87 113.43 110.50 108.11 106.22 104.85 103.97 103.59 103.69 104.26 105.31 106.81 108.76 110.99 113.20 115.20 116.97
123.07 115.81 108.92 102.46 96.65 91.62 87.37 83.87 81.13 79.13 77.85 77.28 77.42 78.24 79.74 81.81 84.28 87.06 90.06 93.10 96.14 99.14 102.10 104.99 107.80 110.49 113.06 115.48 117.73 119.81 121.84 123.88 125.93 127.97 129.99 131.98 133.92 135.81 137.64 139.39 141.05 142.50 143.58 144.26 144.51 144.23 143.46 142.22 140.54 138.46 136.00 133.21 130.11 126.73 123.10 119.35 115.93 113.03 110.64 108.75 107.35 106.44 106.01 106.05 106.56 107.52 108.92 110.61 112.43 114.34 116.21 117.88
122.99 115.81 109.05 102.77 97.17 92.36 88.33 85.07 82.57 80.81 79.78 79.48 79.88 80.98 82.66 84.74 87.17 89.90 92.91 96.09 99.27 102.41 105.49 108.47 111.35 114.09 116.69 119.12 121.37 123.42 125.42 127.43 129.45 131.45 133.44 135.39 137.30 139.16 140.95 142.67 144.18 145.33 146.12 146.54 146.61 146.29 145.50 144.25 142.58 140.51 138.09 135.34 132.29 128.97 125.43 121.76 118.43 115.59 113.26 111.41 110.05 109.16 108.73 108.77 109.25 110.17 111.37 112.68 114.08 115.58 117.17 118.72
122.93 115.85 109.25 103.19 97.83 93.27 89.49 86.49 84.25 82.77 82.02 82.01 82.70 83.99 85.70 87.76 90.13 92.80 95.73 98.90 102.21 105.47 108.65 111.73 114.67 117.47 120.10 122.54 124.77 126.79 128.76 130.73 132.71 134.68 136.63 138.55 140.42 142.25 143.99 145.56 146.78 147.63 148.15 148.33 148.20 147.77 146.99 145.79 144.17 142.18 139.83 137.17 134.23 131.03 127.61 124.09 120.88 118.17 115.94 114.19 112.90 112.08 111.71 111.79 112.29 113.07 113.94 114.88 115.90 117.01 118.21 119.50
122.90 115.95 109.54 103.72 98.63 94.34 90.84 88.13 86.19 85.01 84.57 84.86 85.77 87.11 88.80 90.81 93.13 95.73 98.57 101.65 104.92 108.28 111.57 114.72 117.73 120.58 123.23 125.68 127.90 129.89 131.81 133.75 135.69 137.62 139.53 141.41 143.24 145.02 146.62 147.88 148.80 149.39 149.66 149.63 149.33 148.76 147.93 146.80 145.29 143.41 141.20 138.68 135.89 132.86 129.63 126.29 123.27 120.72 118.65 117.04 115.89 115.19 114.93 115.09 115.50 116.00 116.55 117.16 117.83 118.59 119.43 120.36
122.90 116.12 109.92 104.37 99.57 95.58 92.40 90.00 88.38 87.52 87.42 87.95 88.91 90.23 91.90 93.87 96.13 98.64 101.40 104.37 107.52 110.83 114.18 117.42 120.49 123.38 126.05 128.50 130.70 132.66 134.55 136.44 138.34 140.22 142.09 143.93 145.71 147.33 148.63 149.60 150.25 150.59 150.65 150.45 149.99 149.30 148.39 147.27 145.90 144.19 142.16 139.84 137.25 134.44 131.43 128.33 125.55 123.22 121.36 119.95 118.98 118.44 118.32 118.46 118.65 118.87 119.14 119.45 119.82 120.26 120.77 121.37
122.93 116.34 110.39 105.13 100.66 97.00 94.15 92.09 90.82 90.32 90.47 91.06 92.02 93.33 94.96 96.88 99.07 101.51 104.17 107.02 110.04 113.21 116.49 119.77 122.90 125.83 128.52 130.97 133.15 135.07 136.91 138.76 140.61 142.45 144.27 146.05 147.68 149.01 150.01 150.70 151.11 151.24 151.12 150.76 150.18 149.39 148.42 147.28 145.99 144.48 142.68 140.60 138.27 135.73 133.00 130.19 127.69 125.63 124.03 122.86 122.13 121.80 121.71 121.66 121.63 121.62 121.64 121.70 121.81 121.97 122.19 122.49
123.00 116.63 110.95 106.02 101.89 98.59 96.10 94.42 93.52 93.29 93.51 94.12 95.08 96.36 97.95 99.82 101.94 104.29 106.84 109.57 112.45 115.47 118.58 121.77 124.93 127.89 130.60 133.04 135.20 137.08 138.87 140.67 142.47 144.26 146.02 147.65 148.98 150.00 150.73 151.18 151.37 151.32 151.04 150.56 149.88 149.04 148.04 146.90 145.64 144.26 142.72 140.94 138.92 136.69 134.30 131.83 129.66 127.93 126.63 125.76 125.29 125.05 124.84 124.62 124.40 124.19 124.01 123.85 123.73 123.65 123.63 123.67
123.11 116.98 111.61 107.02 103.27 100.36 98.26 96.97 96.36 96.22 96.47 97.08 98.02 99.28 100.82 102.63 104.67 106.93 109.37 111.97 114.72 117.57 120.51 123.51 126.55 129.51 132.23 134.67 136.80 138.63 140.37 142.12 143.87 145.60 147.20 148.53 149.55 150.30 150.78 151.02 151.02 150.82 150.42 149.84 149.10 148.22 147.22 146.11 144.90 143.63 142.29 140.82 139.16 137.30 135.29 133.21 131.43 130.07 129.13 128.59 128.27 127.95 127.61 127.25 126.89 126.53 126.18 125.84 125.53 125.26 125.02 124.84
123.26 117.41 112.36 108.15 104.81 102.31 100.62 99.64 99.14 99.03 99.29 99.89 100.82 102.04 103.54 105.28 107.24 109.39 111.72 114.19 116.79 119.48 122.24 125.04 127.87 130.69 133.39 135.82 137.92 139.70 141.38 143.08 144.76 146.33 147.64 148.65 149.40 149.90 150.17 150.22 150.07 149.74 149.24 148.60 147.83 146.95 145.97 144.91 143.79 142.63 141.45 140.24 138.97 137.53 135.95 134.31 132.96 132.02 131.48 131.14 130.79 130.40 129.97 129.52 129.05 128.57 128.09 127.62 127.16 126.72 126.32 125.95
123.45 117.91 113.21 109.41 106.50 104.43 103.08 102.21 101.74 101.66 101.93 102.53 103.43 104.62 106.05 107.72 109.59 111.64 113.85 116.19 118.63 121.15 123.72 126.32 128.93 131.52 134.06 136.44 138.50 140.24 141.86 143.49 145.01 146.28 147.27 148.01 148.52 148.80 148.88 148.77 148.49 148.07 147.51 146.83 146.05 145.19 144.27 143.30 142.30 141.28 140.27 139.28 138.32 137.34 136.24 135.09 134.23 133.74 133.46 133.15 132.77 132.34 131.87 131.36 130.82 130.26 129.69 129.11 128.54 127.99 127.45 126.94
123.63 118.47 114.17 110.80 108.35 106.62 105.39 104.57 104.15 104.08 104.35 104.94 105.82 106.95 108.33 109.92 111.70 113.64 115.72 117.91 120.19 122.53 124.92 127.31 129.70 132.05 134.33 136.53 138.52 140.20 141.75 143.21 144.43 145.39 146.11 146.60 146.88 146.98 146.90 146.67 146.29 145.80 145.20 144.52 143.76 142.96 142.12 141.26 140.40 139.56 138.76 138.00 137.32 136.71 136.12 135.52 135.17 135.01 134.80 134.51 134.15 133.72 133.24 132.71 132.14 131.54 130.92 130.28 129.64 129.00 128.37 127.76
123.79 119.06 115.22 112.32 110.22 108.63 107.47 106.70 106.30 106.25 106.52 107.09 107.93 109.02 110.33 111.83 113.51 115.34 117.28 119.33 121.44 123.60 125.79 127.97 130.13 132.23 134.25 136.17 137.96 139.54 140.92 142.08 142.99 143.67 144.13 144.41 144.50 144.44 144.23 143.90 143.46 142.93 142.32 141.66 140.96 140.24 139.51 138.79 138.11 137.47 136.90 136.41 136.02 135.75 135.60 135.55 135.58 135.54 135.40 135.17 134.86 134.48 134.02 133.51 132.95 132.35 131.71 131.05 130.38 129.69 129.01 128.33
124.07 119.81 116.46 113.97 112.03 110.52 109.41 108.69 108.32 108.28 108.54 109.09 109.89 110.93 112.16 113.58 115.16 116.86 118.67 120.57 122.51 124.49 126.48 128.44 130.36 132.21 133.97 135.61 137.10 138.33 139.37 140.21 140.83 141.26 141.50 141.58 141.52 141.32 141.01 140.61 140.13 139.58 139.00 138.38 137.76 137.15 136.56 136.02 135.53 135.13 134.82 134.62 134.55 134.63 134.85 135.12 135.30 135.38 135.35 135.21 134.98 134.67 134.28 133.82 133.30 132.73 132.12 131.46 130.79 130.09 129.38 128.67
124.91 121.13 118.18 115.91 114.11 112.69 111.65 110.97 110.63 110.61 110.87 111.40 112.17 113.16 114.33 115.67 117.14 118.73 120.42 122.16 123.95 125.74 127.53 129.29 130.98 132.59 134.08 135.43 136.50 137.13 137.65 138.16 138.52 138.71 138.75 138.66 138.45 138.14 137.74 137.29 136.78 136.25 135.70 135.15 134.63 134.14 133.72 133.36 133.10 132.94 132.91 133.02 133.29 133.72 134.19 134.52 134.78 134.98 135.06 135.03 134.90 134.67 134.36 133.96 133.50 132.97 132.38 131.75 131.09 130.39 129.67 128.94
126.36 122.98 120.27 118.16 116.50 115.20 114.24 113.62 113.32 113.32 113.59 114.11 114.86 115.80 116.91 118.18 119.56 121.05 122.60 124.21 125.84 127.46 129.06 130.61 132.08 133.45 134.69 135.64 136.13 136.16 136.10 136.14 136.22 136.19 136.04 135.79 135.46 135.05 134.59 134.09 133.58 133.07 132.58 132.11 131.71 131.37 131.11 130.96 130.93 131.04 131.30 131.74 132.35 133.01 133.53 133.90 134.20 134.47 134.67 134.75 134.72 134.58 134.35 134.02 133.62 133.14 132.59 131.99 131.34 130.65 129.93 129.19
128.29 125.15 122.62 120.67 119.15 117.98 117.12 116.57 116.32 116.35 116.64 117.16 117.88 118.79 119.85 121.05 122.35 123.74 125.18 126.65 128.13 129.60 131.01 132.37 133.62 134.75 135.61 136.01 135.92 135.40 134.80 134.33 133.99 133.73 133.41 133.02 132.57 132.08 131.57 131.06 130.55 130.08 129.66 129.30 129.02 128.84 128.78 128.85 129.07 129.46 130.04 130.80 131.62 132.32 132.86 133.26 133.59 133.90 134.17 134.36 134.44 134.40 134.25 134.01 133.67 133.24 132.74 132.18 131.55 130.88 130.16 129.40
130.50 127.56 125.20 123.40 122.03 120.98 120.24 119.77 119.58 119.65 119.96 120.48 121.20 122.08 123.10 124.23 125.46 126.75 128.09 129.44 130.77 132.08 133.32 134.49 135.53 136.31 136.63 136.48 135.86 134.83 133.75 132.79 132.00 131.38 130.88 130.36 129.82 129.26 128.72 128.20 127.72 127.31 126.97 126.73 126.60 126.59 126.74 127.05 127.54 128.23 129.12 130.07 130.92 131.62 132.18 132.61 132.98 133.31 133.61 133.87 134.06 134.12 134.07 133.91 133.64 133.28 132.83 132.31 131.71 131.05 130.35 129.59
132.92 130.17 127.98 126.33 125.09 124.16 123.52 123.15 123.03 123.15 123.49 124.03 124.74 125.60 126.58 127.67 128.83 130.03 131.27 132.50 133.70 134.86 135.94 136.91 137.62 137.89 137.69 137.02 135.92 134.44 132.92 131.53 130.32 129.31 128.50 127.84 127.22 126.62 126.06 125.55 125.12 124.78 124.54 124.43 124.46 124.65 125.02 125.59 126.36 127.35 128.42 129.38 130.22 130.92 131.50 131.95 132.35 132.71 133.04 133.33 133.58 133.75 133.80 133.72 133.54 133.24 132.85 132.38 131.82 131.19 130.50 129.75
135.50 132.94 130.92 129.41 128.30 127.49 126.95 126.67 126.63 126.80 127.18 127.73 128.45 129.30 130.25 131.29 132.39 133.52 134.66 135.78 136.86 137.87 138.78 139.45 139.67 139.44 138.75 137.63 136.10 134.21 132.29 130.53 128.95 127.58 126.43 125.53 124.81 124.18 123.62 123.14 122.77 122.51 122.40 122.44 122.65 123.05 123.66 124.49 125.55 126.70 127.77 128.71 129.53 130.23 130.82 131.30 131.73 132.12 132.47 132.78 133.06 133.28 133.43 133.45 133.35 133.14 132.81 132.39 131.87 131.28 130.61 129.87
138.21 135.83 133.97 132.61 131.62 130.91 130.47 130.28 130.31 130.54 130.96 131.55 132.27 133.12 134.05 135.05 136.10 137.16 138.21 139.22 140.18 141.05 141.68 141.88 141.63 140.93 139.81 138.29 136.37 134.12 131.85 129.76 127.86 126.18 124.73 123.55 122.65 121.97 121.42 120.99 120.69 120.54 120.56 120.77 121.18 121.80 122.67 123.78 124.99 126.12 127.14 128.05 128.86 129.56 130.16 130.66 131.11 131.52 131.90 132.23 132.52 132.77 132.98 133.09 133.09 132.95 132.70 132.34 131.87 131.32 130.68 129.96
141.02 138.81 137.11 135.88 135.01 134.41 134.06 133.95 134.04 134.33 134.79 135.41 136.15 137.00 137.92 138.89 139.88 140.88 141.85 142.77 143.61 144.22 144.41 144.16 143.47 142.36 140.85 138.97 136.71 134.15 131.59 129.21 127.03 125.09 123.40 121.98 120.85 120.04 119.50 119.13 118.92 118.90 119.07 119.46 120.08 120.95 122.07 123.31 124.49 125.56 126.54 127.42 128.21 128.91 129.51 130.03 130.50 130.94 131.33 131.68 132.00 132.26 132.48 132.65 132.73 132.69 132.51 132.22 131.81 131.30 130.70 130.01
143.87 141.84 140.29 139.19 138.43 137.93 137.68 137.64 137.80 138.13 138.63 139.27 140.03 140.88 141.79 142.74 143.70 144.64 145.54 146.36 146.97 147.16 146.91 146.24 145.17 143.70 141.85 139.65 137.11 134.28 131.47 128.85 126.46 124.30 122.40 120.80 119.50 118.53 117.90 117.58 117.49 117.60 117.94 118.52 119.37 120.49 121.73 122.92 124.03 125.04 125.98 126.82 127.59 128.28 128.89 129.43 129.92 130.37 130.78 131.15 131.48 131.76 131.99 132.18 132.31 132.35 132.26 132.04 131.70 131.24 130.68 130.01
146.74 144.88 143.47 142.50 141.85 141.45 141.28 141.31 141.52 141.91 142.44 143.09 143.86 144.71 145.62 146.55 147.47 148.37 149.19 149.81 150.02 149.80 149.16 148.13 146.71 144.93 142.80 140.33 137.55 134.50 131.49 128.68 126.11 123.79 121.74 119.99 118.56 117.47 116.75 116.41 116.41 116.67 117.20 118.00 119.08 120.30 121.48 122.58 123.61 124.57 125.45 126.27 127.01 127.69 128.30 128.85 129.36 129.82 130.25 130.63 130.97 131.27 131.51 131.70 131.85 131.93 131.92 131.79 131.51 131.12 130.60 129.96
149.59 147.89 146.63 145.78 145.23 144.92 144.83 144.92 145.19 145.62 146.17 146.85 147.61 148.45 149.34 150.26 151.16 152.00 152.64 152.89 152.71 152.12 151.15 149.80 148.09 146.04 143.66 140.98 138.00 134.79 131.62 128.68 125.97 123.53 121.38 119.54 118.03 116.87 116.09 115.70 115.74 116.16 116.88 117.90 119.07 120.21 121.29 122.30 123.25 124.14 124.98 125.75 126.47 127.14 127.75 128.31 128.83 129.31 129.75 130.14 130.49 130.79 131.05 131.25 131.40 131.49 131.52 131.46 131.27 130.93 130.46 129.84
152.38 150.84 149.72 148.98 148.54 148.31 148.29 148.45 148.77 149.23 149.81 150.49 151.25 152.07 152.93 153.82 154.69 155.37 155.66 155.54 155.02 154.11 152.85 151.23 149.28 147.01 144.44 141.58 138.46 135.13 131.86 128.82 126.03 123.52 121.31 119.43 117.88 116.70 115.91 115.53 115.58 116.09 116.99 118.09 119.17 120.19 121.16 122.08 122.95 123.78 124.55 125.29 125.98 126.63 127.24 127.81 128.34 128.83 129.28 129.68 130.04 130.34 130.60 130.81 130.96 131.06 131.10 131.07 130.95 130.68 130.24 129.65
155.08 153.69 152.70 152.07 151.72 151.58 151.63 151.84 152.21 152.69 153.29 153.98 154.73 155.53 156.36 157.19 157.88 158.23 158.18 157.74 156.92 155.75 154.24 152.40 150.25 147.81 145.10 142.12 138.91 135.50 132.17 129.09 126.27 123.74 121.52 119.63 118.10 116.95 116.20 115.87 115.98 116.55 117.43 118.39 119.33 120.24 121.10 121.93 122.72 123.47 124.19 124.88 125.54 126.18 126.78 127.35 127.89 128.39 128.85 129.25 129.62 129.93 130.19 130.40 130.55 130.65 130.69 130.66 130.56 130.33 129.94 129.38
157.64 156.40 155.53 155.01 154.76 154.69 154.80 155.07 155.47 155.99 156.60 157.28 158.02 158.80 159.58 160.23 160.56 160.54 160.19 159.48 158.42 157.02 155.31 153.30 151.01 148.44 145.63 142.58 139.31 135.88 132.55 129.46 126.66 124.16 121.98 120.14 118.67 117.59 116.93 116.70 116.90 117.42 118.06 118.80 119.59 120.36 121.12 121.85 122.55 123.24 123.90 124.54 125.17 125.78 126.38 126.96 127.50 128.00 128.46 128.87 129.24 129.55 129.82 130.02 130.18 130.27 130.30 130.26 130.13 129.90 129.55 129.04
