data_processed/recharge/precip/Precip_2004_03.asc
ncols        168
nrows        136
xllcorner    455000
yllcorner    2107000
cellsize     500
NODATA_value     -99999
[rows 68 to 101 of 136, columns 0 to 76 of 168]
29.51 29.60 29.69 29.77 29.83 29.89 29.94 29.98 30.01 30.03 30.04 30.06 30.11 30.18 30.27 30.39 30.54 30.72 30.92 31.16 31.43 31.73 32.07 32.42 32.74 33.02 33.25 33.45 33.61 33.76 33.89 34.01 34.13 34.26 34.39 34.55 34.72 34.95 35.22 35.54 35.91 36.32 36.77 37.25 37.77 38.31 38.88 39.46 40.07 40.67 41.25 41.79 42.30 42.76 43.18 43.54 43.84 44.08 44.26 44.36 44.38 44.32 44.12 43.75 43.20 42.50 41.65 40.67 39.57 38.38 37.10 35.75 34.35 32.91 31.46 30.05 28.75
29.23 29.31 29.39 29.46 29.52 29.58 29.63 29.67 29.70 29.72 29.74 29.76 29.80 29.87 29.97 30.09 30.25 30.43 30.65 30.91 31.19 31.52 31.88 32.26 32.61 32.90 33.16 33.37 33.56 33.73 33.87 34.01 34.15 34.28 34.43 34.59 34.80 35.06 35.38 35.73 36.13 36.57 37.04 37.54 38.08 38.63 39.21 39.80 40.41 41.01 41.59 42.13 42.64 43.11 43.52 43.89 44.20 44.45 44.63 44.74 44.77 44.71 44.49 44.10 43.53 42.81 41.95 40.96 39.86 38.66 37.38 36.04 34.64 33.21 31.77 30.38 29.07
28.96 29.04 29.11 29.17 29.24 29.29 29.35 29.39 29.43 29.46 29.49 29.52 29.56 29.63 29.72 29.85 30.01 30.20 30.43 30.69 31.00 31.34 31.72 32.12 32.49 32.81 33.08 33.31 33.52 33.70 33.86 34.01 34.15 34.29 34.45 34.64 34.89 35.19 35.54 35.93 36.36 36.82 37.32 37.84 38.39 38.96 39.54 40.14 40.75 41.35 41.93 42.47 42.98 43.45 43.87 44.24 44.56 44.81 45.00 45.12 45.14 45.02 44.76 44.34 43.77 43.04 42.17 41.18 40.08 38.89 37.62 36.29 34.91 33.50 32.07 30.70 29.41
28.71 28.78 28.84 28.91 28.97 29.03 29.09 29.14 29.19 29.24 29.29 29.33 29.39 29.45 29.54 29.66 29.82 30.02 30.25 30.53 30.84 31.19 31.59 32.01 32.40 32.73 33.02 33.27 33.48 33.67 33.84 34.00 34.15 34.30 34.49 34.72 35.00 35.33 35.71 36.13 36.59 37.08 37.60 38.14 38.70 39.28 39.87 40.48 41.09 41.69 42.26 42.81 43.32 43.79 44.21 44.59 44.91 45.17 45.36 45.47 45.43 45.26 44.94 44.49 43.90 43.18 42.32 41.34 40.25 39.07 37.82 36.51 35.15 33.76 32.37 31.02 29.76
28.46 28.53 28.60 28.67 28.73 28.80 28.86 28.92 28.99 29.05 29.12 29.19 29.26 29.33 29.42 29.54 29.69 29.89 30.13 30.40 30.72 31.09 31.50 31.93 32.33 32.68 32.98 33.23 33.46 33.65 33.83 33.99 34.15 34.33 34.55 34.81 35.12 35.48 35.88 36.33 36.82 37.34 37.88 38.44 39.01 39.60 40.20 40.81 41.42 42.02 42.60 43.14 43.65 44.12 44.55 44.93 45.25 45.51 45.69 45.74 45.64 45.41 45.04 44.55 43.95 43.22 42.38 41.41 40.34 39.19 37.96 36.68 35.36 34.01 32.65 31.34 30.11
28.23 28.30 28.37 28.44 28.51 28.58 28.66 28.73 28.81 28.90 28.98 29.07 29.17 29.26 29.36 29.47 29.62 29.81 30.05 30.33 30.65 31.02 31.44 31.89 32.30 32.65 32.96 33.22 33.45 33.65 33.82 33.99 34.17 34.39 34.65 34.94 35.28 35.65 36.07 36.54 37.05 37.59 38.15 38.73 39.32 39.92 40.53 41.14 41.74 42.34 42.92 43.46 43.97 44.44 44.87 45.25 45.58 45.82 45.94 45.92 45.76 45.47 45.06 44.54 43.91 43.18 42.35 41.41 40.37 39.25 38.06 36.82 35.53 34.23 32.92 31.65 30.47
28.01 28.07 28.15 28.23 28.31 28.39 28.48 28.57 28.67 28.77 28.88 28.99 29.10 29.22 29.34 29.47 29.61 29.79 30.02 30.30 30.62 31.00 31.42 31.87 32.29 32.65 32.96 33.22 33.45 33.65 33.83 34.02 34.24 34.49 34.78 35.10 35.46 35.85 36.29 36.76 37.27 37.83 38.41 39.01 39.61 40.22 40.84 41.45 42.06 42.65 43.22 43.77 44.28 44.75 45.18 45.56 45.87 46.05 46.09 46.00 45.78 45.45 45.01 44.46 43.81 43.07 42.24 41.33 40.33 39.25 38.10 36.91 35.67 34.42 33.17 31.96 30.82
27.79 27.86 27.94 28.03 28.12 28.22 28.32 28.43 28.55 28.67 28.79 28.92 29.06 29.20 29.35 29.50 29.66 29.83 30.05 30.32 30.64 31.01 31.44 31.90 32.31 32.67 32.98 33.25 33.47 33.67 33.88 34.10 34.36 34.64 34.96 35.30 35.68 36.08 36.53 37.00 37.52 38.07 38.66 39.27 39.89 40.51 41.13 41.74 42.35 42.94 43.51 44.05 44.56 45.04 45.47 45.83 46.06 46.16 46.14 45.98 45.72 45.34 44.87 44.29 43.63 42.88 42.06 41.17 40.21 39.18 38.09 36.95 35.77 34.58 33.39 32.25 31.18
27.58 27.66 27.75 27.85 27.95 28.06 28.18 28.31 28.44 28.58 28.72 28.88 29.04 29.20 29.37 29.55 29.73 29.92 30.14 30.40 30.71 31.08 31.50 31.96 32.37 32.73 33.04 33.30 33.52 33.74 33.98 34.25 34.53 34.84 35.18 35.54 35.93 36.35 36.79 37.27 37.79 38.33 38.91 39.52 40.15 40.78 41.41 42.02 42.63 43.21 43.78 44.32 44.83 45.30 45.70 45.99 46.14 46.17 46.08 45.87 45.56 45.15 44.64 44.05 43.38 42.63 41.82 40.95 40.02 39.04 38.01 36.94 35.83 34.71 33.60 32.53 31.52
27.37 27.46 27.56 27.67 27.79 27.92 28.05 28.20 28.35 28.50 28.67 28.84 29.03 29.21 29.41 29.62 29.83 30.05 30.27 30.53 30.83 31.18 31.60 32.05 32.47 32.82 33.12 33.37 33.62 33.88 34.16 34.45 34.77 35.10 35.45 35.83 36.23 36.65 37.10 37.57 38.08 38.61 39.17 39.77 40.39 41.03 41.66 42.28 42.88 43.46 44.02 44.56 45.07 45.51 45.84 46.04 46.11 46.07 45.92 45.66 45.31 44.86 44.33 43.73 43.05 42.31 41.51 40.66 39.77 38.84 37.88 36.87 35.85 34.81 33.77 32.79 31.86
27.16 27.27 27.38 27.50 27.64 27.78 27.93 28.09 28.26 28.44 28.62 28.82 29.02 29.24 29.46 29.69 29.93 30.18 30.44 30.70 31.00 31.34 31.75 32.20 32.60 32.94 33.23 33.51 33.80 34.09 34.40 34.72 35.06 35.41 35.78 36.16 36.57 36.99 37.44 37.91 38.40 38.92 39.46 40.03 40.63 41.26 41.89 42.51 43.10 43.68 44.24 44.77 45.25 45.61 45.85 45.96 45.96 45.86 45.65 45.35 44.96 44.49 43.94 43.33 42.65 41.92 41.14 40.32 39.47 38.58 37.68 36.75 35.81 34.86 33.92 33.02 32.18
26.96 27.07 27.20 27.33 27.48 27.64 27.81 27.98 28.17 28.37 28.58 28.80 29.03 29.27 29.51 29.77 30.04 30.32 30.61 30.91 31.21 31.55 31.94 32.38 32.77 33.11 33.42 33.74 34.06 34.39 34.72 35.07 35.42 35.78 36.16 36.55 36.96 37.38 37.82 38.28 38.75 39.25 39.77 40.31 40.88 41.47 42.09 42.70 43.30 43.87 44.42 44.93 45.32 45.58 45.73 45.77 45.70 45.54 45.28 44.93 44.51 44.02 43.46 42.84 42.17 41.46 40.70 39.92 39.10 38.27 37.43 36.58 35.73 34.88 34.04 33.24 32.49
26.74 26.87 27.01 27.16 27.32 27.49 27.68 27.87 28.08 28.30 28.53 28.77 29.03 29.29 29.57 29.85 30.15 30.46 30.78 31.11 31.45 31.81 32.19 32.61 32.99 33.35 33.70 34.05 34.41 34.76 35.12 35.48 35.85 36.23 36.61 37.00 37.40 37.82 38.25 38.69 39.15 39.62 40.11 40.62 41.15 41.70 42.28 42.87 43.46 44.02 44.54 44.96 45.25 45.42 45.49 45.45 45.32 45.10 44.80 44.42 43.97 43.46 42.89 42.27 41.62 40.92 40.19 39.45 38.68 37.91 37.13 36.36 35.60 34.85 34.12 33.42 32.74
26.52 26.66 26.81 26.97 27.15 27.34 27.54 27.76 27.98 28.23 28.48 28.74 29.02 29.31 29.61 29.93 30.26 30.60 30.95 31.31 31.69 32.08 32.48 32.89 33.29 33.69 34.08 34.46 34.84 35.22 35.60 35.98 36.35 36.74 37.12 37.51 37.91 38.31 38.72 39.15 39.58 40.03 40.48 40.96 41.45 41.95 42.48 43.02 43.58 44.11 44.54 44.85 45.04 45.13 45.12 45.01 44.82 44.55 44.21 43.80 43.33 42.80 42.23 41.62 40.98 40.31 39.62 38.91 38.20 37.49 36.79 36.09 35.42 34.77 34.15 33.53 32.87
26.22 26.38 26.54 26.72 26.92 27.13 27.35 27.59 27.84 28.11 28.38 28.68 28.98 29.30 29.63 29.98 30.34 30.71 31.10 31.50 31.91 32.34 32.78 33.21 33.65 34.09 34.51 34.92 35.33 35.73 36.12 36.51 36.90 37.29 37.67 38.06 38.44 38.83 39.23 39.63 40.04 40.45 40.88 41.31 41.76 42.22 42.69 43.18 43.69 44.16 44.47 44.68 44.78 44.78 44.70 44.53 44.28 43.97 43.58 43.15 42.66 42.12 41.55 40.95 40.33 39.68 39.03 38.37 37.72 37.07 36.44 35.83 35.25 34.70 34.14 33.54 32.90
25.76 25.94 26.13 26.33 26.56 26.79 27.04 27.31 27.59 27.89 28.20 28.53 28.87 29.23 29.60 29.99 30.39 30.80 31.23 31.68 32.14 32.60 33.07 33.52 33.98 34.45 34.91 35.35 35.79 36.21 36.62 37.02 37.42 37.81 38.20 38.58 38.96 39.34 39.72 40.10 40.48 40.87 41.26 41.66 42.06 42.48 42.90 43.34 43.83 44.26 44.51 44.61 44.62 44.54 44.38 44.14 43.84 43.47 43.06 42.59 42.08 41.54 40.97 40.37 39.77 39.15 38.53 37.92 37.32 36.74 36.18 35.66 35.16 34.66 34.11 33.52 32.90
25.13 25.34 25.57 25.81 26.06 26.34 26.63 26.93 27.26 27.59 27.95 28.32 28.71 29.11 29.53 29.96 30.41 30.88 31.36 31.86 32.36 32.86 33.34 33.81 34.28 34.77 35.26 35.74 36.20 36.65 37.08 37.50 37.91 38.31 38.69 39.08 39.45 39.82 40.18 40.55 40.91 41.26 41.62 41.99 42.35 42.72 43.10 43.52 43.99 44.39 44.61 44.65 44.57 44.40 44.17 43.86 43.50 43.09 42.63 42.14 41.61 41.05 40.48 39.89 39.30 38.71 38.13 37.57 37.02 36.50 36.01 35.57 35.12 34.62 34.06 33.47 32.86
24.39 24.61 24.88 25.16 25.46 25.78 26.12 26.47 26.84 27.23 27.64 28.06 28.50 28.96 29.43 29.93 30.43 30.96 31.50 32.06 32.59 33.10 33.59 34.07 34.56 35.07 35.58 36.08 36.57 37.05 37.50 37.94 38.36 38.77 39.16 39.54 39.91 40.27 40.62 40.97 41.31 41.64 41.97 42.30 42.63 42.96 43.33 43.73 44.17 44.55 44.75 44.76 44.62 44.37 44.06 43.69 43.27 42.80 42.30 41.78 41.23 40.66 40.08 39.50 38.93 38.36 37.82 37.29 36.80 36.34 35.92 35.51 35.06 34.56 34.00 33.41 32.80
23.61 23.80 24.08 24.42 24.77 25.15 25.54 25.95 26.38 26.83 27.29 27.78 28.28 28.80 29.34 29.90 30.47 31.07 31.67 32.26 32.81 33.33 33.83 34.33 34.83 35.34 35.86 36.39 36.90 37.40 37.88 38.34 38.77 39.19 39.59 39.97 40.34 40.70 41.04 41.37 41.69 42.00 42.30 42.60 42.89 43.22 43.57 43.95 44.36 44.72 44.89 44.89 44.73 44.42 44.03 43.59 43.11 42.60 42.06 41.50 40.93 40.35 39.77 39.19 38.63 38.09 37.58 37.09 36.65 36.25 35.86 35.44 34.98 34.47 33.91 33.32 32.72
22.81 22.95 23.23 23.60 24.01 24.45 24.91 25.38 25.88 26.39 26.93 27.48 28.06 28.65 29.26 29.90 30.55 31.21 31.85 32.45 33.01 33.54 34.06 34.56 35.08 35.60 36.13 36.66 37.20 37.72 38.22 38.70 39.15 39.58 39.99 40.38 40.74 41.09 41.43 41.74 42.04 42.33 42.61 42.88 43.17 43.49 43.82 44.19 44.57 44.90 45.05 45.02 44.84 44.52 44.08 43.58 43.04 42.47 41.89 41.29 40.70 40.10 39.52 38.95 38.40 37.88 37.40 36.96 36.56 36.18 35.78 35.35 34.87 34.36 33.80 33.21 32.61
22.00 22.11 22.37 22.74 23.21 23.71 24.24 24.79 25.36 25.96 26.57 27.20 27.86 28.53 29.23 29.94 30.67 31.37 32.02 32.63 33.20 33.74 34.27 34.79 35.31 35.84 36.38 36.92 37.46 38.00 38.52 39.02 39.49 39.94 40.36 40.75 41.12 41.46 41.79 42.09 42.38 42.65 42.91 43.18 43.46 43.77 44.09 44.43 44.78 45.08 45.20 45.16 44.96 44.63 44.17 43.62 43.02 42.40 41.78 41.15 40.53 39.92 39.32 38.76 38.22 37.73 37.27 36.87 36.49 36.09 35.67 35.22 34.74 34.22 33.66 33.07 32.48
21.20 21.29 21.53 21.90 22.39 22.96 23.57 24.20 24.85 25.53 26.23 26.95 27.70 28.46 29.25 30.05 30.81 31.52 32.18 32.79 33.37 33.93 34.47 35.00 35.53 36.08 36.62 37.16 37.71 38.25 38.79 39.31 39.80 40.26 40.69 41.09 41.46 41.80 42.12 42.42 42.69 42.95 43.21 43.48 43.76 44.05 44.35 44.67 45.00 45.26 45.36 45.29 45.07 44.72 44.26 43.70 43.06 42.39 41.72 41.05 40.41 39.78 39.18 38.61 38.09 37.61 37.19 36.79 36.39 35.97 35.53 35.06 34.57 34.05 33.48 32.90 32.31
20.42 20.50 20.73 21.11 21.61 22.21 22.90 23.62 24.37 25.14 25.94 26.75 27.60 28.46 29.34 30.17 30.95 31.66 32.33 32.95 33.54 34.11 34.66 35.20 35.74 36.29 36.85 37.40 37.94 38.49 39.03 39.55 40.06 40.54 40.98 41.39 41.77 42.12 42.43 42.72 42.99 43.25 43.51 43.78 44.06 44.33 44.62 44.91 45.21 45.44 45.51 45.41 45.17 44.81 44.33 43.76 43.11 42.41 41.70 41.00 40.32 39.68 39.07 38.50 37.99 37.53 37.10 36.68 36.25 35.81 35.35 34.87 34.37 33.84 33.28 32.70 32.11
19.67 19.74 19.98 20.37 20.89 21.53 22.27 23.08 23.93 24.80 25.70 26.63 27.57 28.53 29.45 30.30 31.08 31.80 32.47 33.10 33.70 34.28 34.84 35.39 35.94 36.50 37.06 37.62 38.17 38.71 39.25 39.78 40.30 40.79 41.25 41.67 42.05 42.40 42.71 43.00 43.28 43.55 43.82 44.08 44.35 44.61 44.87 45.14 45.41 45.60 45.64 45.52 45.26 44.87 44.38 43.80 43.15 42.45 41.71 40.97 40.27 39.60 38.98 38.42 37.91 37.44 36.98 36.53 36.07 35.61 35.13 34.64 34.13 33.60 33.03 32.46 31.88
18.97 19.04 19.28 19.69 20.25 20.93 21.72 22.61 23.55 24.54 25.55 26.59 27.64 28.64 29.57 30.42 31.20 31.93 32.61 33.25 33.86 34.44 35.01 35.57 36.13 36.70 37.26 37.82 38.38 38.93 39.46 39.99 40.50 41.00 41.47 41.91 42.30 42.65 42.97 43.27 43.56 43.84 44.11 44.38 44.63 44.88 45.12 45.36 45.59 45.75 45.75 45.60 45.32 44.92 44.41 43.82 43.16 42.45 41.71 40.96 40.23 39.54 38.91 38.34 37.82 37.31 36.82 36.33 35.85 35.36 34.87 34.37 33.85 33.31 32.75 32.18 31.60
18.33 18.40 18.67 19.10 19.70 20.43 21.28 22.23 23.27 24.37 25.50 26.65 27.74 28.75 29.68 30.54 31.32 32.06 32.74 33.39 34.00 34.59 35.17 35.74 36.32 36.89 37.46 38.02 38.58 39.13 39.67 40.19 40.70 41.19 41.67 42.11 42.51 42.88 43.22 43.54 43.84 44.13 44.40 44.65 44.90 45.13 45.34 45.55 45.75 45.88 45.85 45.67 45.36 44.93 44.41 43.81 43.14 42.43 41.69 40.93 40.19 39.48 38.84 38.25 37.68 37.14 36.61 36.09 35.58 35.08 34.57 34.05 33.52 32.98 32.42 31.85 31.28
17.76 17.84 18.13 18.60 19.24 20.03 20.95 21.99 23.11 24.31 25.56 26.75 27.85 28.86 29.79 30.65 31.44 32.18 32.87 33.52 34.14 34.74 35.33 35.91 36.49 37.07 37.65 38.21 38.77 39.32 39.86 40.38 40.89 41.37 41.84 42.28 42.70 43.09 43.45 43.79 44.10 44.40 44.66 44.91 45.14 45.35 45.55 45.73 45.89 45.97 45.91 45.70 45.36 44.91 44.37 43.76 43.08 42.36 41.62 40.87 40.13 39.42 38.74 38.10 37.49 36.91 36.35 35.80 35.27 34.74 34.21 33.69 33.15 32.61 32.05 31.48 30.92
17.27 17.37 17.69 18.21 18.90 19.76 20.75 21.87 23.10 24.39 25.67 26.86 27.96 28.97 29.90 30.76 31.56 32.30 33.00 33.66 34.28 34.89 35.49 36.08 36.66 37.25 37.83 38.40 38.96 39.51 40.04 40.56 41.06 41.55 42.00 42.44 42.87 43.29 43.67 44.02 44.35 44.64 44.91 45.15 45.36 45.56 45.72 45.87 45.99 46.04 45.94 45.69 45.33 44.86 44.30 43.67 42.98 42.26 41.51 40.76 40.02 39.30 38.59 37.91 37.26 36.63 36.04 35.46 34.90 34.35 33.81 33.27 32.73 32.18 31.62 31.06 30.51
16.87 17.01 17.37 17.93 18.69 19.61 20.69 21.91 23.22 24.54 25.79 26.97 28.07 29.08 30.02 30.88 31.68 32.42 33.12 33.79 34.42 35.03 35.64 36.24 36.83 37.42 38.00 38.58 39.14 39.69 40.22 40.74 41.23 41.71 42.16 42.61 43.04 43.47 43.87 44.23 44.56 44.86 45.12 45.36 45.55 45.72 45.86 45.98 46.06 46.06 45.92 45.65 45.26 44.76 44.18 43.53 42.83 42.10 41.35 40.60 39.85 39.11 38.38 37.65 36.96 36.30 35.67 35.06 34.48 33.91 33.35 32.80 32.25 31.70 31.14 30.59 30.04
16.58 16.75 17.16 17.79 18.61 19.62 20.79 22.08 23.41 24.69 25.92 27.09 28.19 29.20 30.13 31.00 31.80 32.55 33.25 33.92 34.56 35.18 35.79 36.39 36.99 37.59 38.18 38.75 39.31 39.86 40.39 40.90 41.40 41.87 42.33 42.78 43.21 43.63 44.04 44.41 44.75 45.05 45.31 45.53 45.71 45.86 45.97 46.04 46.08 46.05 45.87 45.56 45.13 44.61 44.01 43.34 42.63 41.88 41.13 40.37 39.60 38.84 38.08 37.33 36.61 35.91 35.24 34.61 34.00 33.41 32.84 32.27 31.72 31.16 30.61 30.06 29.52
16.42 16.63 17.09 17.78 18.68 19.78 21.03 22.33 23.61 24.85 26.06 27.21 28.30 29.31 30.25 31.12 31.92 32.67 33.38 34.05 34.69 35.32 35.94 36.55 37.16 37.76 38.35 38.92 39.48 40.03 40.56 41.07 41.56 42.03 42.50 42.95 43.38 43.80 44.19 44.56 44.90 45.20 45.45 45.66 45.82 45.94 46.02 46.06 46.06 45.98 45.76 45.42 44.96 44.41 43.78 43.09 42.37 41.61 40.84 40.06 39.27 38.49 37.71 36.94 36.18 35.45 34.76 34.09 33.46 32.85 32.26 31.69 31.13 30.57 30.02 29.47 28.94
16.38 16.64 17.17 17.93 18.92 20.09 21.33 22.57 23.81 25.01 26.19 27.32 28.40 29.42 30.37 31.24 32.04 32.80 33.51 34.18 34.83 35.46 36.09 36.71 37.32 37.92 38.51 39.09 39.65 40.20 40.72 41.23 41.72 42.20 42.67 43.11 43.54 43.95 44.33 44.69 45.02 45.31 45.55 45.74 45.89 45.98 46.03 46.03 45.99 45.86 45.60 45.22 44.73 44.15 43.49 42.79 42.04 41.27 40.48 39.68 38.87 38.06 37.26 36.46 35.69 34.93 34.21 33.51 32.86 32.23 31.62 31.04 30.47 29.91 29.36 28.82 28.30
16.49 16.81 17.40 18.25 19.30 20.46 21.63 22.82 24.00 25.16 26.31 27.42 28.49 29.51 30.47 31.36 32.17 32.93 33.64 34.32 34.97 35.61 36.24 36.86 37.48 38.09 38.68 39.26 39.82 40.36 40.89 41.40 41.89 42.37 42.83 43.27 43.69 44.09 44.45 44.79 45.10 45.37 45.60 45.78 45.90 45.97 45.99 45.95 45.86 45.69 45.38 44.96 44.43 43.82 43.14 42.41 41.65 40.86 40.05 39.22 38.39 37.56 36.73 35.92 35.12 34.34 33.58 32.87 32.18 31.54 30.92 30.32 29.75 29.19 28.64 28.11 27.60
16.75 17.14 17.81 18.72 19.75 20.83 21.93 23.05 24.18 25.30 26.41 27.51 28.57 29.58 30.55 31.46 32.30 33.07 33.78 34.46 35.12 35.76 36.39 37.02 37.65 38.26 38.85 39.43 39.99 40.53 41.06 41.57 42.06 42.54 43.00 43.43 43.83 44.21 44.56 44.87 45.15 45.40 45.60 45.76 45.86 45.90 45.88 45.80 45.67 45.44 45.09 44.63 44.07 43.42 42.72 41.96 41.18 40.37 39.54 38.70 37.85 36.99 36.14 35.30 34.47 33.67 32.89 32.15 31.44 30.78 30.14 29.54 28.96 28.40 27.85 27.33 26.82
