data_processed/recharge/precip/Precip_2007_07.asc
ncols        168
nrows        136
xllcorner    455000
yllcorner    2107000
cellsize     500
NODATA_value     -99999
[rows 66 to 98 of 136, columns 74 to 147 of 168]
211.88 210.70 209.37 207.90 206.29 204.54 202.65 200.62 198.46 196.15 193.74 191.28 188.78 186.24 183.66 181.04 178.36 175.64 172.87 170.04 167.16 164.22 161.22 158.16 155.03 151.91 148.92 146.12 143.49 141.03 138.75 136.63 134.66 132.86 131.20 129.70 128.33 127.11 126.02 125.06 124.23 123.52 122.92 122.44 122.01 121.61 121.23 120.87 120.53 120.21 119.91 119.63 119.37 119.13 118.90 118.70 118.51 118.34 118.18 118.04 117.92 117.81 117.50 116.64 115.14 113.05 110.39 107.22 103.57 99.48 95.00 90.15 84.99 79.55
212.31 211.18 209.90 208.47 206.89 205.17 203.31 201.30 199.15 196.86 194.43 191.89 189.28 186.64 183.94 181.20 178.40 175.54 172.63 169.66 166.63 163.53 160.37 157.15 153.92 150.83 147.92 145.19 142.63 140.24 138.02 135.96 134.05 132.30 130.70 129.24 127.91 126.73 125.68 124.75 123.94 123.26 122.69 122.22 121.81 121.43 121.06 120.72 120.39 120.09 119.80 119.53 119.28 119.05 118.84 118.65 118.47 118.31 118.16 118.03 117.92 117.82 117.73 117.45 116.62 115.15 113.09 110.48 107.35 103.74 99.70 95.27 90.48 85.38
212.62 211.52 210.27 208.86 207.31 205.60 203.75 201.75 199.61 197.32 194.88 192.30 189.60 186.84 184.02 181.15 178.22 175.23 172.17 169.05 165.86 162.60 159.27 155.94 152.75 149.74 146.91 144.25 141.77 139.44 137.29 135.28 133.43 131.73 130.18 128.76 127.49 126.34 125.32 124.43 123.65 122.99 122.44 121.99 121.60 121.23 120.88 120.55 120.24 119.94 119.67 119.42 119.18 118.96 118.76 118.58 118.41 118.26 118.12 118.00 117.90 117.81 117.74 117.67 117.41 116.60 115.17 113.14 110.56 107.47 103.91 99.92 95.53 90.80
212.79 211.71 210.48 209.09 207.54 205.84 203.99 201.99 199.83 197.52 195.07 192.47 189.72 186.84 183.90 180.89 177.82 174.68 171.47 168.19 164.84 161.42 157.99 154.69 151.58 148.65 145.90 143.32 140.90 138.64 136.55 134.60 132.81 131.16 129.66 128.29 127.05 125.94 124.96 124.09 123.34 122.71 122.18 121.75 121.37 121.02 120.68 120.36 120.07 119.79 119.53 119.29 119.06 118.86 118.67 118.49 118.33 118.19 118.07 117.96 117.86 117.78 117.71 117.66 117.61 117.38 116.59 115.18 113.18 110.64 107.59 104.07 100.12 95.79
212.84 211.77 210.54 209.14 207.59 205.89 204.02 202.00 199.82 197.49 195.00 192.36 189.57 186.63 183.56 180.41 177.19 173.90 170.53 167.09 163.57 160.04 156.65 153.44 150.42 147.57 144.89 142.38 140.03 137.84 135.80 133.92 132.18 130.59 129.13 127.80 126.61 125.54 124.59 123.75 123.03 122.42 121.91 121.50 121.14 120.79 120.47 120.17 119.89 119.62 119.37 119.14 118.93 118.73 118.56 118.39 118.24 118.11 118.00 117.89 117.81 117.73 117.67 117.63 117.59 117.56 117.35 116.58 115.20 113.23 110.72 107.70 104.22 100.32
212.76 211.68 210.44 209.04 207.47 205.73 203.84 201.79 199.57 197.20 194.67 191.98 189.13 186.13 182.98 179.70 176.32 172.87 169.33 165.72 162.10 158.61 155.31 152.19 149.25 146.48 143.87 141.44 139.16 137.03 135.06 133.23 131.55 130.01 128.60 127.31 126.16 125.13 124.21 123.41 122.71 122.12 121.63 121.24 120.89 120.56 120.26 119.97 119.70 119.44 119.21 118.99 118.79 118.60 118.43 118.28 118.14 118.02 117.91 117.81 117.73 117.67 117.61 117.57 117.54 117.53 117.52 117.32 116.57 115.21 113.27 110.79 107.81 104.37
212.55 211.46 210.19 208.76 207.16 205.39 203.46 201.36 199.10 196.67 194.08 191.33 188.42 185.34 182.11 178.73 175.20 171.58 167.88 164.16 160.58 157.19 153.98 150.94 148.08 145.39 142.86 140.50 138.29 136.23 134.31 132.55 130.92 129.42 128.06 126.82 125.71 124.71 123.83 123.06 122.39 121.82 121.35 120.97 120.64 120.33 120.03 119.76 119.50 119.26 119.03 118.82 118.63 118.46 118.30 118.15 118.02 117.91 117.81 117.72 117.65 117.59 117.54 117.50 117.48 117.47 117.47 117.47 117.29 116.57 115.23 113.31 110.86 107.92
212.22 211.09 209.79 208.32 206.68 204.86 202.87 200.71 198.39 195.89 193.23 190.41 187.42 184.26 180.94 177.46 173.81 170.03 166.23 162.56 159.07 155.77 152.65 149.70 146.92 144.31 141.86 139.56 137.42 135.42 133.57 131.86 130.28 128.84 127.53 126.33 125.26 124.30 123.45 122.70 122.06 121.52 121.07 120.70 120.38 120.08 119.80 119.54 119.29 119.06 118.85 118.65 118.47 118.30 118.15 118.02 117.90 117.79 117.69 117.61 117.55 117.49 117.45 117.42 117.40 117.39 117.40 117.41 117.43 117.26 116.55 115.24 113.35 110.93
211.76 210.59 209.24 207.72 206.01 204.13 202.08 199.85 197.45 194.88 192.13 189.22 186.13 182.88 179.46 175.87 172.12 168.28 164.53 160.96 157.57 154.36 151.33 148.46 145.77 143.23 140.85 138.63 136.55 134.62 132.83 131.18 129.65 128.26 126.99 125.84 124.80 123.88 123.06 122.35 121.73 121.21 120.78 120.43 120.12 119.84 119.57 119.31 119.08 118.86 118.66 118.47 118.30 118.14 118.00 117.87 117.76 117.66 117.57 117.50 117.44 117.39 117.35 117.32 117.31 117.31 117.31 117.33 117.36 117.39 117.23 116.55 115.26 113.39
211.18 209.96 208.54 206.95 205.18 203.22 201.09 198.78 196.29 193.62 190.78 187.76 184.57 181.20 177.66 173.96 170.16 166.44 162.83 159.37 156.08 152.96 150.01 147.23 144.62 142.16 139.85 137.70 135.69 133.82 132.09 130.49 129.03 127.68 126.46 125.35 124.35 123.46 122.68 121.99 121.40 120.90 120.49 120.15 119.86 119.58 119.33 119.09 118.86 118.65 118.46 118.28 118.12 117.97 117.84 117.72 117.61 117.52 117.44 117.37 117.31 117.27 117.24 117.22 117.21 117.21 117.21 117.23 117.26 117.31 117.35 117.22 116.55 115.28
210.48 209.18 207.70 206.02 204.17 202.12 199.90 197.48 194.89 192.12 189.17 186.03 182.72 179.23 175.57 171.81 168.12 164.55 161.11 157.78 154.59 151.57 148.71 146.01 143.48 141.09 138.86 136.78 134.84 133.03 131.36 129.82 128.40 127.11 125.93 124.86 123.90 123.05 122.30 121.64 121.07 120.59 120.19 119.87 119.59 119.33 119.09 118.86 118.64 118.45 118.26 118.09 117.94 117.80 117.67 117.56 117.46 117.37 117.30 117.24 117.19 117.15 117.12 117.10 117.09 117.09 117.11 117.13 117.16 117.21 117.27 117.34 117.22 116.56
209.66 208.28 206.70 204.94 202.98 200.84 198.50 195.98 193.27 190.38 187.30 184.04 180.60 176.97 173.25 169.59 166.06 162.64 159.35 156.17 153.11 150.19 147.41 144.80 142.34 140.04 137.88 135.87 133.99 132.25 130.63 129.15 127.78 126.54 125.40 124.38 123.46 122.64 121.92 121.29 120.74 120.28 119.90 119.60 119.33 119.08 118.84 118.63 118.42 118.23 118.06 117.90 117.75 117.62 117.50 117.40 117.30 117.22 117.15 117.10 117.05 117.01 116.99 116.97 116.97 116.97 116.99 117.02 117.06 117.12 117.18 117.26 117.34 117.23
208.72 207.24 205.56 203.69 201.62 199.36 196.91 194.27 191.43 188.40 185.19 181.78 178.20 174.51 170.88 167.37 163.99 160.72 157.57 154.53 151.61 148.81 146.13 143.60 141.22 138.99 136.91 134.96 133.15 131.47 129.92 128.49 127.17 125.98 124.89 123.90 123.02 122.24 121.54 120.94 120.42 119.98 119.62 119.32 119.07 118.83 118.60 118.40 118.20 118.02 117.86 117.71 117.57 117.44 117.33 117.23 117.14 117.07 117.00 116.95 116.91 116.88 116.85 116.84 116.84 116.85 116.87 116.91 116.96 117.02 117.09 117.18 117.27 117.35
207.67 206.07 204.28 202.29 200.10 197.71 195.12 192.34 189.36 186.19 182.82 179.27 175.60 172.00 168.52 165.16 161.92 158.79 155.77 152.88 150.09 147.42 144.85 142.41 140.12 137.96 135.95 134.07 132.32 130.71 129.21 127.83 126.57 125.42 124.38 123.43 122.59 121.84 121.18 120.60 120.10 119.68 119.33 119.05 118.81 118.58 118.37 118.17 117.98 117.81 117.65 117.51 117.38 117.26 117.16 117.06 116.98 116.91 116.85 116.80 116.76 116.73 116.71 116.70 116.70 116.72 116.75 116.80 116.86 116.93 117.01 117.10 117.19 117.29
206.49 204.77 202.85 200.73 198.40 195.87 193.14 190.20 187.07 183.74 180.21 176.57 173.00 169.54 166.20 162.97 159.86 156.87 153.98 151.21 148.56 146.01 143.57 141.24 139.02 136.94 135.00 133.19 131.51 129.95 128.51 127.19 125.98 124.88 123.88 122.97 122.17 121.45 120.81 120.26 119.79 119.39 119.06 118.79 118.55 118.34 118.13 117.94 117.77 117.60 117.45 117.32 117.19 117.08 116.98 116.89 116.82 116.75 116.69 116.65 116.61 116.59 116.57 116.56 116.57 116.60 116.64 116.70 116.77 116.85 116.93 117.03 117.13 117.23
205.20 203.35 201.28 199.01 196.53 193.85 190.96 187.86 184.56 181.06 177.44 173.88 170.44 167.12 163.91 160.81 157.83 154.96 152.21 149.56 147.02 144.59 142.27 140.05 137.94 135.94 134.07 132.33 130.71 129.21 127.83 126.56 125.40 124.35 123.39 122.52 121.75 121.07 120.46 119.94 119.49 119.10 118.79 118.53 118.31 118.10 117.90 117.72 117.55 117.40 117.26 117.13 117.01 116.90 116.81 116.73 116.65 116.59 116.54 116.50 116.46 116.44 116.43 116.43 116.45 116.49 116.54 116.61 116.68 116.77 116.87 116.97 117.07 117.18
203.80 201.79 199.57 197.14 194.50 191.65 188.58 185.31 181.83 178.23 174.69 171.26 167.95 164.76 161.67 158.70 155.84 153.10 150.46 147.92 145.50 143.18 140.97 138.86 136.85 134.95 133.15 131.48 129.92 128.49 127.16 125.95 124.84 123.83 122.91 122.09 121.35 120.70 120.12 119.62 119.19 118.83 118.53 118.28 118.07 117.87 117.68 117.51 117.35 117.20 117.07 116.94 116.83 116.73 116.64 116.56 116.49 116.43 116.38 116.35 116.31 116.30 116.29 116.31 116.34 116.39 116.46 116.53 116.62 116.71 116.81 116.92 117.04 117.15
202.28 200.11 197.72 195.12 192.30 189.27 186.01 182.55 178.97 175.44 172.03 168.73 165.54 162.46 159.50 156.65 153.91 151.27 148.74 146.32 144.00 141.79 139.68 137.67 135.77 133.96 132.25 130.65 129.15 127.78 126.51 125.35 124.29 123.32 122.45 121.66 120.96 120.34 119.79 119.32 118.91 118.56 118.28 118.04 117.84 117.64 117.47 117.30 117.15 117.01 116.88 116.76 116.66 116.56 116.48 116.40 116.34 116.28 116.23 116.20 116.17 116.16 116.17 116.20 116.25 116.31 116.38 116.47 116.57 116.67 116.78 116.90 117.02 117.14
200.65 198.30 195.73 192.95 189.94 186.71 183.26 179.68 176.16 172.76 169.47 166.28 163.22 160.26 157.41 154.67 152.03 149.50 147.08 144.76 142.55 140.43 138.42 136.51 134.69 132.97 131.35 129.83 128.40 127.09 125.87 124.76 123.75 122.83 122.00 121.25 120.59 120.00 119.48 119.03 118.64 118.31 118.04 117.81 117.62 117.43 117.26 117.10 116.96 116.82 116.70 116.59 116.49 116.40 116.32 116.25 116.18 116.13 116.09 116.05 116.04 116.05 116.07 116.12 116.18 116.25 116.33 116.43 116.53 116.65 116.77 116.89 117.02 117.15
198.90 196.37 193.61 190.62 187.41 183.97 180.40 176.89 173.49 170.20 167.02 163.95 160.99 158.14 155.40 152.76 150.23 147.81 145.48 143.26 141.14 139.11 137.19 135.37 133.64 132.01 130.47 129.02 127.67 126.41 125.26 124.20 123.23 122.36 121.57 120.86 120.23 119.67 119.18 118.75 118.38 118.07 117.81 117.60 117.41 117.23 117.07 116.92 116.78 116.65 116.53 116.43 116.33 116.24 116.17 116.10 116.04 115.99 115.95 115.93 115.93 115.96 116.00 116.05 116.12 116.21 116.30 116.41 116.53 116.65 116.78 116.91 117.05 117.19
197.05 194.31 191.34 188.14 184.72 181.15 177.64 174.24 170.95 167.77 164.70 161.74 158.89 156.14 153.50 150.96 148.52 146.19 143.96 141.82 139.79 137.85 136.01 134.27 132.62 131.07 129.60 128.23 126.95 125.76 124.66 123.65 122.74 121.90 121.16 120.48 119.89 119.36 118.89 118.49 118.14 117.85 117.60 117.39 117.21 117.05 116.89 116.74 116.61 116.49 116.38 116.27 116.18 116.10 116.02 115.96 115.90 115.86 115.83 115.83 115.85 115.89 115.94 116.01 116.10 116.19 116.30 116.42 116.55 116.68 116.82 116.96 117.11 117.25
195.09 192.14 188.95 185.52 181.96 178.45 175.04 171.75 168.57 165.49 162.52 159.66 156.91 154.25 151.70 149.26 146.91 144.66 142.52 140.47 138.52 136.66 134.90 133.23 131.65 130.17 128.77 127.47 126.25 125.13 124.08 123.13 122.26 121.47 120.76 120.13 119.56 119.06 118.63 118.24 117.92 117.64 117.40 117.21 117.03 116.87 116.72 116.58 116.46 116.34 116.23 116.13 116.04 115.96 115.89 115.83 115.78 115.75 115.74 115.76 115.79 115.84 115.91 116.00 116.10 116.21 116.33 116.46 116.60 116.74 116.89 117.04 117.20 117.35
193.02 189.84 186.42 182.85 179.33 175.92 172.62 169.43 166.35 163.37 160.50 157.73 155.06 152.50 150.04 147.67 145.41 143.25 141.18 139.21 137.33 135.54 133.85 132.25 130.74 129.32 127.99 126.75 125.59 124.52 123.53 122.63 121.80 121.06 120.39 119.79 119.26 118.79 118.38 118.02 117.71 117.45 117.22 117.04 116.87 116.72 116.57 116.44 116.32 116.20 116.10 116.00 115.92 115.84 115.77 115.72 115.68 115.67 115.68 115.71 115.77 115.83 115.92 116.02 116.13 116.26 116.39 116.53 116.68 116.84 117.00 117.16 117.32 117.48
190.85 187.42 183.85 180.32 176.90 173.59 170.39 167.29 164.30 161.42 158.63 155.95 153.37 150.89 148.51 146.22 144.04 141.95 139.95 138.05 136.24 134.52 132.89 131.36 129.91 128.54 127.27 126.08 124.97 123.95 123.01 122.15 121.37 120.67 120.04 119.48 118.98 118.54 118.15 117.82 117.52 117.28 117.06 116.89 116.73 116.58 116.44 116.31 116.19 116.08 115.98 115.89 115.81 115.73 115.67 115.63 115.62 115.62 115.65 115.70 115.77 115.86 115.96 116.07 116.20 116.34 116.49 116.64 116.80 116.97 117.14 117.31 117.48 117.66
188.57 184.99 181.45 178.02 174.69 171.47 168.36 165.35 162.45 159.64 156.94 154.34 151.84 149.43 147.13 144.92 142.80 140.78 138.85 137.01 135.26 133.60 132.03 130.55 129.15 127.84 126.62 125.47 124.41 123.43 122.53 121.71 120.97 120.31 119.72 119.19 118.72 118.31 117.95 117.63 117.36 117.13 116.93 116.75 116.60 116.46 116.32 116.20 116.09 115.98 115.88 115.79 115.71 115.65 115.60 115.58 115.59 115.62 115.66 115.73 115.82 115.92 116.04 116.17 116.31 116.46 116.62 116.79 116.97 117.14 117.33 117.51 117.69 117.87
186.29 182.73 179.28 175.94 172.71 169.57 166.54 163.62 160.79 158.07 155.44 152.91 150.48 148.15 145.91 143.76 141.71 139.75 137.88 136.09 134.40 132.80 131.28 129.84 128.50 127.23 126.05 124.95 123.92 122.98 122.12 121.33 120.62 119.98 119.42 118.92 118.49 118.10 117.77 117.47 117.22 117.00 116.81 116.64 116.50 116.36 116.23 116.11 116.00 115.90 115.80 115.72 115.64 115.59 115.57 115.57 115.60 115.64 115.71 115.80 115.90 116.02 116.16 116.30 116.46 116.63 116.80 116.98 117.17 117.36 117.56 117.75 117.94 118.13
184.20 180.74 177.37 174.11 170.96 167.91 164.95 162.10 159.35 156.70 154.14 151.68 149.31 147.04 144.86 142.78 140.78 138.87 137.05 135.32 133.68 132.12 130.65 129.26 127.95 126.72 125.57 124.51 123.52 122.60 121.77 121.01 120.32 119.70 119.16 118.69 118.28 117.92 117.61 117.34 117.10 116.89 116.71 116.56 116.41 116.28 116.16 116.04 115.93 115.83 115.74 115.66 115.61 115.58 115.58 115.60 115.65 115.72 115.80 115.91 116.03 116.17 116.32 116.48 116.66 116.84 117.03 117.22 117.43 117.63 117.83 118.04 118.24 118.44
182.40 179.01 175.73 172.54 169.46 166.48 163.60 160.82 158.14 155.55 153.05 150.65 148.34 146.13 144.00 141.97 140.02 138.16 136.39 134.71 133.10 131.59 130.15 128.79 127.52 126.32 125.21 124.17 123.20 122.32 121.50 120.76 120.09 119.49 118.96 118.50 118.11 117.77 117.48 117.23 117.01 116.82 116.65 116.49 116.36 116.23 116.11 115.99 115.89 115.79 115.71 115.65 115.62 115.61 115.64 115.68 115.75 115.84 115.94 116.07 116.21 116.36 116.53 116.71 116.90 117.10 117.30 117.51 117.73 117.95 118.16 118.38 118.59 118.81
180.88 177.57 174.35 171.24 168.23 165.32 162.50 159.78 157.16 154.63 152.19 149.84 147.59 145.42 143.34 141.35 139.45 137.63 135.90 134.25 132.69 131.20 129.80 128.47 127.23 126.06 124.96 123.94 123.00 122.13 121.33 120.60 119.94 119.35 118.83 118.37 117.98 117.65 117.38 117.15 116.94 116.76 116.60 116.46 116.32 116.20 116.08 115.97 115.87 115.78 115.72 115.68 115.68 115.70 115.74 115.81 115.90 116.00 116.13 116.28 116.44 116.61 116.80 116.99 117.20 117.41 117.63 117.86 118.09 118.32 118.55 118.78 119.00 119.22
179.66 176.42 173.27 170.23 167.28 164.42 161.66 159.00 156.43 153.95 151.56 149.26 147.05 144.93 142.89 140.94 139.08 137.30 135.60 133.98 132.44 130.98 129.60 128.30 127.08 125.92 124.85 123.84 122.91 122.05 121.26 120.54 119.88 119.29 118.77 118.31 117.92 117.59 117.32 117.10 116.91 116.74 116.59 116.45 116.32 116.19 116.08 115.97 115.88 115.81 115.77 115.77 115.78 115.83 115.89 115.98 116.10 116.23 116.37 116.54 116.72 116.91 117.11 117.33 117.55 117.78 118.02 118.26 118.50 118.75 118.99 119.23 119.47 119.70
178.76 175.58 172.49 169.50 166.61 163.81 161.10 158.48 155.96 153.53 151.18 148.92 146.75 144.67 142.67 140.75 138.91 137.16 135.49 133.89 132.38 130.94 129.58 128.29 127.08 125.94 124.88 123.88 122.96 122.10 121.31 120.59 119.93 119.34 118.81 118.34 117.94 117.59 117.31 117.08 116.90 116.75 116.60 116.47 116.34 116.22 116.11 116.01 115.94 115.90 115.89 115.90 115.95 116.01 116.11 116.22 116.35 116.50 116.67 116.86 117.06 117.27 117.49 117.72 117.96 118.21 118.46 118.72 118.98 119.24 119.49 119.75 120.00 120.24
178.18 175.06 172.02 169.08 166.24 163.49 160.82 158.25 155.77 153.37 151.06 148.84 146.70 144.64 142.67 140.78 138.97 137.24 135.59 134.01 132.51 131.09 129.74 128.46 127.26 126.13 125.06 124.07 123.14 122.28 121.49 120.76 120.09 119.49 118.95 118.47 118.05 117.68 117.38 117.13 116.94 116.78 116.65 116.52 116.39 116.27 116.17 116.10 116.05 116.04 116.05 116.10 116.17 116.26 116.37 116.51 116.67 116.84 117.03 117.24 117.46 117.69 117.93 118.18 118.44 118.70 118.97 119.24 119.52 119.79 120.06 120.33 120.59 120.85
177.95 174.87 171.88 168.99 166.18 163.47 160.84 158.31 155.86 153.49 151.22 149.02 146.91 144.88 142.93 141.05 139.26 137.55 135.91 134.34 132.85 131.44 130.09 128.82 127.62 126.48 125.42 124.42 123.48 122.62 121.81 121.07 120.39 119.77 119.21 118.71 118.26 117.87 117.54 117.26 117.03 116.86 116.72 116.60 116.48 116.37 116.29 116.24 116.23 116.24 116.28 116.35 116.45 116.56 116.70 116.86 117.04 117.24 117.45 117.68 117.92 118.17 118.43 118.70 118.98 119.26 119.55 119.84 120.13 120.41 120.70 120.98 121.26 121.53
