data_processed/recharge/precip/Precip_1993_06.asc
ncols        168
nrows        136
xllcorner    455000
yllcorner    2107000
cellsize     500
NODATA_value     -99999
[rows 32 to 63 of 136, columns 72 to 143 of 168]
173.14 170.81 167.94 164.50 160.72 157.14 153.82 150.77 147.96 145.32 142.78 140.33 137.96 135.67 133.46 131.32 129.26 127.26 125.32 123.44 121.62 119.84 118.12 116.44 114.78 113.02 110.97 108.65 106.08 103.45 101.64 101.04 101.53 103.00 105.16 107.62 110.26 113.02 115.89 118.82 121.77 124.70 127.58 130.36 133.02 135.51 137.80 139.84 141.61 143.05 144.17 145.04 145.75 146.35 146.90 147.43 147.95 148.47 148.98 149.56 150.46 151.81 153.57 155.67 158.05 160.65 163.41 166.26 169.15 172.01 174.78 177.40
170.38 168.27 165.65 162.49 158.99 155.68 152.61 149.80 147.23 144.89 142.69 140.56 138.48 136.46 134.49 132.57 130.69 128.85 127.05 125.28 123.54 121.82 120.12 118.43 116.60 114.46 112.02 109.31 106.38 103.39 101.22 100.24 100.35 101.44 103.40 105.94 108.71 111.59 114.53 117.50 120.47 123.39 126.23 128.94 131.50 133.86 135.99 137.84 139.39 140.60 141.54 142.28 142.87 143.36 143.80 144.23 144.66 145.09 145.51 145.94 146.44 147.26 148.53 150.19 152.19 154.45 156.93 159.56 162.27 165.01 167.72 170.33
168.12 166.23 163.85 160.94 157.72 154.66 151.84 149.25 146.89 144.76 142.84 141.03 139.27 137.52 135.81 134.11 132.43 130.77 129.11 127.46 125.81 124.15 122.48 120.65 118.49 115.98 113.19 110.15 106.89 103.60 101.12 99.81 99.59 100.34 101.95 104.31 107.15 110.15 113.19 116.22 119.22 122.14 124.96 127.62 130.09 132.34 134.32 136.00 137.35 138.40 139.20 139.81 140.28 140.66 141.00 141.35 141.68 142.02 142.36 142.71 143.07 143.50 144.26 145.45 147.03 148.93 151.10 153.47 155.98 158.57 161.18 163.74
166.33 164.64 162.49 159.83 156.87 154.06 151.47 149.09 146.93 144.98 143.25 141.70 140.25 138.79 137.34 135.88 134.41 132.93 131.43 129.91 128.36 126.78 125.00 122.87 120.37 117.55 114.46 111.13 107.60 104.04 101.29 99.72 99.21 99.66 100.96 103.01 105.69 108.76 111.91 115.02 118.07 121.01 123.81 126.44 128.84 130.99 132.84 134.37 135.56 136.47 137.13 137.62 137.97 138.25 138.50 138.75 139.00 139.26 139.51 139.78 140.07 140.37 140.75 141.45 142.58 144.09 145.91 148.00 150.27 152.68 155.16 157.65
164.98 163.48 161.55 159.13 156.42 153.85 151.47 149.30 147.33 145.55 143.97 142.58 141.36 140.21 139.03 137.82 136.57 135.28 133.95 132.57 131.13 129.47 127.43 125.00 122.22 119.13 115.79 112.21 108.46 104.69 101.72 99.92 99.17 99.37 100.42 102.20 104.61 107.53 110.74 113.95 117.06 120.04 122.85 125.45 127.80 129.87 131.60 132.98 134.02 134.79 135.33 135.69 135.93 136.11 136.26 136.43 136.60 136.77 136.96 137.15 137.36 137.60 137.86 138.20 138.86 139.94 141.39 143.15 145.15 147.35 149.67 152.05
164.04 162.73 161.00 158.81 156.33 153.98 151.82 149.84 148.04 146.42 144.99 143.72 142.64 141.70 140.80 139.85 138.84 137.76 136.60 135.36 133.89 132.00 129.69 127.01 124.00 120.70 117.14 113.38 109.44 105.50 102.37 100.39 99.45 99.45 100.28 101.84 104.02 106.70 109.79 113.06 116.25 119.28 122.11 124.70 127.02 129.00 130.60 131.82 132.72 133.35 133.76 134.01 134.14 134.22 134.29 134.37 134.47 134.56 134.67 134.80 134.94 135.11 135.30 135.53 135.85 136.48 137.53 138.93 140.64 142.58 144.72 147.04
163.48 162.34 160.80 158.83 156.58 154.45 152.48 150.68 149.05 147.58 146.27 145.12 144.14 143.31 142.61 141.92 141.15 140.29 139.31 138.08 136.40 134.28 131.76 128.88 125.68 122.20 118.49 114.58 110.52 106.46 103.21 101.09 100.01 99.85 100.52 101.90 103.89 106.39 109.27 112.44 115.68 118.78 121.65 124.25 126.52 128.37 129.81 130.88 131.64 132.13 132.42 132.56 132.59 132.57 132.56 132.57 132.58 132.61 132.65 132.70 132.78 132.89 133.02 133.20 133.41 133.71 134.33 135.35 136.73 138.40 140.39 142.70
163.27 162.29 160.94 159.17 157.14 155.20 153.42 151.79 150.31 148.98 147.79 146.75 145.85 145.09 144.47 143.96 143.44 142.79 141.86 140.46 138.59 136.29 133.60 130.57 127.23 123.62 119.80 115.79 111.65 107.52 104.19 101.99 100.81 100.55 101.10 102.36 104.21 106.55 109.28 112.28 115.44 118.59 121.51 124.11 126.25 127.94 129.22 130.14 130.76 131.13 131.30 131.33 131.26 131.15 131.05 130.99 130.94 130.89 130.87 130.86 130.88 130.92 131.00 131.12 131.28 131.49 131.80 132.41 133.43 134.87 136.76 139.01
163.37 162.54 161.36 159.79 157.96 156.22 154.61 153.14 151.81 150.60 149.52 148.57 147.75 147.05 146.47 146.02 145.64 145.06 144.00 142.43 140.42 137.98 135.17 132.04 128.60 124.92 121.04 116.98 112.80 108.65 105.29 103.05 101.83 101.51 101.99 103.17 104.93 107.18 109.79 112.67 115.70 118.79 121.71 124.18 126.16 127.69 128.81 129.59 130.08 130.33 130.38 130.30 130.14 129.94 129.77 129.63 129.51 129.40 129.32 129.25 129.21 129.20 129.23 129.30 129.41 129.57 129.79 130.12 130.83 132.08 133.82 135.98
163.77 163.07 162.05 160.66 159.03 157.47 156.03 154.70 153.50 152.41 151.43 150.56 149.80 149.15 148.61 148.15 147.64 146.85 145.65 143.97 141.85 139.33 136.45 133.26 129.78 126.07 122.17 118.11 113.94 109.81 106.48 104.25 103.03 102.70 103.16 104.31 106.03 108.21 110.76 113.57 116.52 119.46 122.15 124.43 126.23 127.60 128.58 129.22 129.58 129.70 129.64 129.46 129.21 128.93 128.68 128.48 128.29 128.13 127.98 127.86 127.76 127.70 127.68 127.71 127.77 127.90 128.08 128.40 128.99 130.03 131.58 133.58
164.42 163.85 162.98 161.76 160.31 158.92 157.63 156.44 155.36 154.37 153.48 152.68 151.98 151.37 150.83 150.21 149.33 148.19 146.79 145.03 142.86 140.31 137.40 134.20 130.72 127.03 123.16 119.15 115.04 110.99 107.72 105.55 104.37 104.08 104.57 105.73 107.46 109.64 112.17 114.95 117.80 120.47 122.82 124.83 126.46 127.67 128.50 129.00 129.23 129.24 129.08 128.80 128.45 128.10 127.78 127.51 127.27 127.04 126.84 126.67 126.52 126.42 126.35 126.33 126.36 126.45 126.68 127.12 127.78 128.68 130.01 131.81
165.29 164.84 164.11 163.05 161.77 160.54 159.39 158.33 157.35 156.46 155.64 154.91 154.25 153.65 152.95 151.97 150.71 149.20 147.49 145.60 143.42 140.87 137.99 134.82 131.40 127.77 123.98 120.06 116.06 112.13 108.98 106.92 105.84 105.63 106.19 107.42 109.19 111.42 113.98 116.71 119.31 121.64 123.68 125.41 126.82 127.87 128.56 128.93 129.04 128.93 128.67 128.29 127.86 127.43 127.05 126.72 126.42 126.14 125.89 125.67 125.48 125.33 125.22 125.16 125.16 125.30 125.64 126.20 126.96 127.91 129.08 130.64
166.36 166.02 165.41 164.50 163.39 162.30 161.28 160.34 159.46 158.64 157.89 157.20 156.56 155.81 154.75 153.39 151.77 149.92 147.91 145.76 143.49 140.99 138.18 135.10 131.78 128.26 124.60 120.82 116.98 113.21 110.22 108.32 107.38 107.30 107.99 109.32 111.20 113.51 116.08 118.58 120.85 122.88 124.64 126.13 127.32 128.20 128.75 128.99 128.98 128.76 128.40 127.93 127.42 126.92 126.47 126.09 125.74 125.41 125.11 124.84 124.61 124.42 124.27 124.19 124.23 124.48 124.94 125.60 126.45 127.47 128.67 130.05
167.60 167.34 166.86 166.09 165.12 164.17 163.27 162.43 161.64 160.89 160.20 159.53 158.74 157.62 156.18 154.46 152.51 150.36 148.05 145.64 143.17 140.64 137.94 134.99 131.82 128.47 124.98 121.39 117.75 114.19 111.42 109.71 108.97 109.07 109.93 111.42 113.45 115.81 118.17 120.35 122.32 124.08 125.61 126.89 127.89 128.62 129.04 129.16 129.04 128.71 128.25 127.70 127.11 126.54 126.03 125.60 125.20 124.83 124.48 124.17 123.90 123.68 123.51 123.46 123.62 123.99 124.55 125.30 126.22 127.31 128.54 129.92
168.97 168.80 168.41 167.77 166.94 166.12 165.33 164.58 163.86 163.18 162.51 161.70 160.54 159.05 157.25 155.20 152.93 150.50 147.93 145.29 142.60 139.92 137.25 134.47 131.49 128.35 125.08 121.73 118.34 115.05 112.54 111.08 110.57 110.90 111.98 113.67 115.80 117.98 120.03 121.92 123.63 125.16 126.48 127.58 128.45 129.05 129.38 129.43 129.20 128.77 128.22 127.58 126.92 126.28 125.72 125.25 124.80 124.38 124.00 123.65 123.35 123.09 122.97 123.04 123.32 123.79 124.44 125.26 126.24 127.37 128.63 130.02
170.44 170.34 170.05 169.53 168.82 168.11 167.42 166.75 166.10 165.45 164.64 163.47 161.93 160.08 157.95 155.59 153.04 150.35 147.55 144.70 141.83 138.98 136.21 133.51 130.77 127.88 124.88 121.82 118.72 115.74 113.54 112.38 112.16 112.77 114.10 115.95 117.91 119.79 121.55 123.19 124.68 126.01 127.17 128.13 128.88 129.40 129.67 129.69 129.43 128.93 128.28 127.57 126.83 126.14 125.53 125.00 124.52 124.06 123.64 123.26 122.93 122.72 122.71 122.90 123.28 123.83 124.56 125.44 126.46 127.62 128.90 130.29
171.98 171.95 171.74 171.32 170.73 170.12 169.52 168.92 168.31 167.52 166.35 164.80 162.91 160.73 158.29 155.65 152.84 149.92 146.91 143.87 140.84 137.86 134.97 132.22 129.62 127.02 124.35 121.61 118.87 116.24 114.39 113.58 113.69 114.62 116.16 117.86 119.53 121.13 122.65 124.07 125.37 126.54 127.56 128.42 129.09 129.56 129.82 129.84 129.62 129.13 128.43 127.64 126.84 126.08 125.42 124.86 124.34 123.84 123.39 122.99 122.70 122.61 122.72 123.01 123.47 124.10 124.88 125.81 126.86 128.03 129.31 130.69
173.57 173.58 173.45 173.12 172.64 172.12 171.59 171.04 170.29 169.14 167.59 165.69 163.47 160.99 158.27 155.37 152.33 149.20 146.01 142.81 139.64 136.55 133.57 130.76 128.16 125.76 123.44 121.08 118.73 116.51 115.07 114.64 115.13 116.32 117.73 119.15 120.55 121.91 123.22 124.45 125.60 126.65 127.57 128.36 128.99 129.45 129.72 129.79 129.64 129.25 128.60 127.77 126.91 126.11 125.40 124.80 124.24 123.72 123.25 122.89 122.72 122.74 122.95 123.33 123.86 124.55 125.38 126.33 127.40 128.57 129.84 131.19
175.11 175.22 175.15 174.90 174.51 174.08 173.60 172.91 171.81 170.28 168.38 166.15 163.63 160.86 157.89 154.76 151.51 148.19 144.85 141.51 138.23 135.05 132.02 129.17 126.55 124.20 122.14 120.20 118.29 116.52 115.53 115.54 116.34 117.42 118.55 119.71 120.87 122.03 123.16 124.25 125.28 126.24 127.10 127.85 128.48 128.96 129.29 129.43 129.39 129.13 128.65 127.93 127.05 126.19 125.45 124.82 124.23 123.68 123.25 123.01 122.96 123.08 123.38 123.82 124.42 125.15 126.00 126.97 128.04 129.20 130.43 131.74
176.41 176.77 176.80 176.63 176.32 175.94 175.33 174.29 172.81 170.94 168.71 166.18 163.38 160.35 157.15 153.82 150.39 146.91 143.43 139.98 136.62 133.38 130.31 127.45 124.84 122.53 120.56 118.94 117.50 116.24 115.74 116.11 116.82 117.63 118.51 119.44 120.41 121.40 122.39 123.37 124.32 125.22 126.05 126.80 127.46 128.00 128.41 128.67 128.77 128.69 128.40 127.91 127.18 126.33 125.55 124.89 124.28 123.78 123.47 123.34 123.38 123.60 123.96 124.47 125.10 125.86 126.73 127.70 128.75 129.88 131.07 132.32
177.39 178.06 178.34 178.28 178.02 177.52 176.56 175.14 173.31 171.11 168.58 165.77 162.71 159.46 156.06 152.54 148.95 145.34 141.75 138.22 134.80 131.52 128.44 125.59 123.02 120.77 118.89 117.42 116.35 115.62 115.53 115.83 116.28 116.85 117.51 118.25 119.06 119.92 120.80 121.70 122.60 123.48 124.33 125.12 125.84 126.47 127.00 127.42 127.69 127.81 127.77 127.53 127.09 126.44 125.69 125.00 124.44 124.06 123.86 123.83 123.96 124.25 124.67 125.22 125.88 126.66 127.52 128.47 129.50 130.58 131.72 132.89
178.08 179.04 179.61 179.77 179.40 178.54 177.21 175.45 173.29 170.79 167.99 164.92 161.64 158.18 154.60 150.93 147.21 143.50 139.82 136.24 132.78 129.49 126.43 123.62 121.11 118.95 117.18 115.84 114.98 114.57 114.44 114.49 114.70 115.05 115.52 116.11 116.79 117.54 118.36 119.21 120.10 120.99 121.87 122.73 123.55 124.31 125.00 125.59 126.08 126.44 126.66 126.72 126.60 126.30 125.79 125.20 124.76 124.49 124.39 124.45 124.65 124.99 125.45 126.03 126.71 127.48 128.33 129.25 130.23 131.26 132.32 133.41
178.87 180.07 180.89 180.94 180.07 178.81 177.15 175.08 172.64 169.87 166.83 163.56 160.09 156.47 152.74 148.96 145.15 141.37 137.65 134.05 130.59 127.34 124.33 121.60 119.19 117.16 115.54 114.38 113.68 113.36 113.08 112.86 112.82 112.96 113.24 113.67 114.21 114.86 115.60 116.41 117.27 118.17 119.10 120.02 120.93 121.82 122.65 123.42 124.12 124.71 125.20 125.55 125.75 125.80 125.66 125.37 125.08 124.91 124.90 125.03 125.29 125.67 126.16 126.75 127.43 128.19 129.01 129.89 130.81 131.76 132.74 133.72
180.00 181.39 182.06 181.51 180.03 178.29 176.31 173.97 171.30 168.33 165.10 161.66 158.05 154.32 150.50 146.65 142.80 139.00 135.30 131.72 128.33 125.15 122.24 119.64 117.39 115.54 114.12 113.14 112.55 112.27 112.00 111.63 111.32 111.20 111.27 111.50 111.88 112.40 113.03 113.76 114.57 115.45 116.37 117.33 118.31 119.28 120.23 121.15 122.02 122.82 123.54 124.15 124.64 125.00 125.20 125.27 125.25 125.21 125.27 125.46 125.77 126.18 126.69 127.28 127.95 128.68 129.46 130.28 131.13 131.99 132.87 133.74
181.42 182.61 182.65 181.46 179.40 177.16 174.79 172.21 169.35 166.22 162.86 159.31 155.61 151.81 147.96 144.09 140.25 136.49 132.84 129.34 126.05 123.01 120.26 117.83 115.78 114.15 112.95 112.08 111.53 111.30 111.07 110.70 110.23 109.84 109.66 109.66 109.85 110.19 110.68 111.30 112.03 112.85 113.75 114.71 115.71 116.74 117.78 118.81 119.82 120.79 121.71 122.55 123.29 123.93 124.44 124.84 125.15 125.35 125.51 125.74 126.08 126.51 127.02 127.61 128.25 128.93 129.66 130.41 131.18 131.95 132.71 133.46
182.73 183.26 182.61 180.81 178.22 175.51 172.75 169.90 166.88 163.63 160.18 156.57 152.84 149.03 145.18 141.35 137.57 133.89 130.34 126.98 123.85 120.99 118.44 116.24 114.45 113.05 111.95 111.13 110.63 110.44 110.25 109.92 109.45 108.89 108.42 108.17 108.13 108.27 108.58 109.06 109.67 110.40 111.24 112.16 113.16 114.22 115.31 116.43 117.55 118.65 119.73 120.77 121.73 122.62 123.40 124.09 124.70 125.20 125.57 125.88 126.24 126.67 127.17 127.73 128.33 128.97 129.63 130.30 130.97 131.63 132.26 132.87
183.47 183.28 182.00 179.62 176.54 173.41 170.30 167.16 163.97 160.64 157.16 153.53 149.81 146.04 142.26 138.51 134.84 131.29 127.90 124.72 121.80 119.16 116.87 114.95 113.41 112.13 111.07 110.29 109.83 109.68 109.54 109.24 108.79 108.23 107.59 107.06 106.75 106.65 106.76 107.06 107.52 108.13 108.87 109.74 110.70 111.75 112.86 114.02 115.22 116.43 117.64 118.83 119.98 121.08 122.11 123.06 123.93 124.70 125.34 125.83 126.23 126.65 127.13 127.65 128.21 128.78 129.35 129.93 130.49 131.03 131.53 131.98
183.60 182.73 180.84 177.94 174.40 170.89 167.47 164.10 160.74 157.34 153.86 150.27 146.61 142.92 139.25 135.64 132.13 128.76 125.58 122.64 119.97 117.61 115.62 113.98 112.56 111.32 110.31 109.57 109.14 109.03 108.92 108.65 108.24 107.70 107.04 106.33 105.73 105.38 105.24 105.33 105.60 106.06 106.68 107.44 108.34 109.34 110.44 111.62 112.86 114.14 115.45 116.76 118.06 119.34 120.58 121.76 122.86 123.86 124.74 125.47 126.02 126.46 126.91 127.38 127.87 128.36 128.84 129.31 129.75 130.15 130.50 130.79
183.15 181.65 179.20 175.82 171.86 168.01 164.32 160.76 157.27 153.82 150.36 146.85 143.31 139.76 136.25 132.82 129.52 126.39 123.47 120.80 118.44 116.42 114.72 113.21 111.83 110.63 109.65 108.94 108.56 108.48 108.41 108.17 107.78 107.25 106.62 105.89 105.10 104.46 104.05 103.89 103.95 104.22 104.68 105.32 106.11 107.04 108.09 109.25 110.50 111.81 113.18 114.58 116.00 117.43 118.84 120.22 121.52 122.72 123.80 124.73 125.49 126.06 126.49 126.90 127.31 127.71 128.09 128.44 128.75 129.00 129.19 129.30
182.19 180.09 177.12 173.29 168.97 164.82 160.90 157.18 153.61 150.14 146.74 143.37 139.98 136.62 133.32 130.13 127.09 124.24 121.63 119.30 117.29 115.58 114.02 112.55 111.20 110.04 109.10 108.42 108.07 108.03 107.98 107.77 107.40 106.90 106.28 105.56 104.75 103.91 103.21 102.77 102.59 102.64 102.90 103.37 104.03 104.85 105.83 106.94 108.15 109.47 110.86 112.32 113.83 115.37 116.92 118.46 119.93 121.30 122.55 123.65 124.59 125.33 125.86 126.23 126.55 126.85 127.11 127.32 127.48 127.57 127.58 127.50
180.74 178.10 174.65 170.42 165.76 161.36 157.25 153.42 149.80 146.37 143.07 139.86 136.71 133.59 130.55 127.65 124.91 122.40 120.15 118.20 116.53 114.96 113.44 112.00 110.69 109.55 108.64 108.00 107.68 107.67 107.65 107.47 107.12 106.63 106.02 105.31 104.51 103.63 102.74 102.00 101.53 101.33 101.37 101.65 102.13 102.82 103.68 104.69 105.85 107.13 108.52 110.00 111.56 113.18 114.85 116.51 118.11 119.62 121.01 122.25 123.33 124.21 124.89 125.32 125.57 125.75 125.88 125.95 125.95 125.87 125.69 125.46
178.87 175.71 171.83 167.24 162.29 157.67 153.43 149.52 145.90 142.53 139.38 136.38 133.51 130.73 128.02 125.45 123.07 120.94 119.10 117.51 115.98 114.45 112.96 111.55 110.27 109.17 108.29 107.68 107.38 107.40 107.41 107.25 106.92 106.44 105.84 105.14 104.34 103.46 102.53 101.59 100.82 100.33 100.11 100.16 100.44 100.95 101.66 102.55 103.61 104.82 106.18 107.65 109.23 110.89 112.63 114.39 116.09 117.70 119.19 120.55 121.73 122.73 123.51 124.06 124.35 124.44 124.42 124.33 124.16 123.89 123.56 123.29
