data_processed/recharge/precip/Precip_2009_09.asc
ncols        168
nrows        136
xllcorner    455000
yllcorner    2107000
cellsize     500
NODATA_value     -99999
[rows 102 to 135 of 136, columns 75 to 149 of 168]
260.64 257.44 253.92 250.09 245.99 241.80 237.65 233.53 229.47 225.45 221.50 217.60 213.78 210.04 206.45 203.15 200.14 197.43 195.00 192.85 190.97 189.35 188.00 186.89 186.02 185.39 184.98 184.80 184.82 185.06 185.49 186.11 186.92 187.90 189.05 190.36 191.83 193.45 195.20 197.09 199.10 201.24 203.48 205.83 208.27 210.80 213.41 216.10 218.86 221.67 224.54 227.45 230.40 233.39 236.39 239.39 242.38 245.35 248.28 251.16 253.99 256.74 259.41 261.94 264.04 265.53 266.43 266.73 266.44 265.57 264.13 262.11 259.53 256.52 253.29
262.74 259.59 256.11 252.32 248.26 244.12 240.00 235.92 231.88 227.89 223.96 220.09 216.28 212.54 208.88 205.39 202.17 199.25 196.62 194.28 192.21 190.41 188.88 187.60 186.57 185.78 185.23 184.90 184.79 184.89 185.20 185.70 186.40 187.27 188.32 189.55 190.93 192.46 194.14 195.96 197.91 199.99 202.18 204.49 206.89 209.40 211.99 214.66 217.40 220.21 223.08 226.00 228.96 231.96 234.98 238.00 241.02 244.02 246.99 249.91 252.78 255.58 258.31 260.90 263.07 264.65 265.65 266.06 265.91 265.18 263.89 262.04 259.64 256.69 253.35
264.92 261.82 258.38 254.64 250.62 246.51 242.43 238.38 234.37 230.41 226.49 222.64 218.84 215.11 211.46 207.88 204.47 201.34 198.50 195.95 193.69 191.70 189.99 188.53 187.33 186.38 185.66 185.18 184.93 184.89 185.06 185.44 186.01 186.78 187.72 188.84 190.12 191.57 193.17 194.91 196.79 198.81 200.94 203.19 205.56 208.02 210.58 213.22 215.94 218.74 221.60 224.52 227.49 230.49 233.52 236.56 239.59 242.61 245.61 248.57 251.48 254.32 257.10 259.75 261.98 263.64 264.73 265.26 265.22 264.63 263.49 261.81 259.58 256.82 253.55
267.19 264.12 260.73 257.02 253.05 248.98 244.93 240.91 236.93 232.99 229.09 225.25 221.47 217.75 214.09 210.52 207.03 203.69 200.64 197.88 195.42 193.23 191.32 189.68 188.30 187.17 186.29 185.65 185.24 185.05 185.09 185.33 185.77 186.41 187.24 188.25 189.43 190.78 192.28 193.94 195.74 197.68 199.75 201.95 204.25 206.67 209.19 211.79 214.49 217.26 220.11 223.02 225.98 228.98 232.01 235.06 238.10 241.14 244.16 247.15 250.09 252.97 255.79 258.49 260.78 262.52 263.70 264.32 264.40 263.94 262.95 261.42 259.37 256.80 253.71
269.53 266.51 263.15 259.49 255.55 251.52 247.50 243.51 239.56 235.64 231.76 227.93 224.16 220.44 216.79 213.21 209.71 206.30 203.05 200.07 197.39 195.00 192.89 191.05 189.48 188.17 187.12 186.30 185.73 185.39 185.27 185.37 185.67 186.18 186.88 187.77 188.84 190.08 191.49 193.06 194.77 196.63 198.62 200.75 202.99 205.35 207.82 210.38 213.04 215.79 218.61 221.50 224.45 227.44 230.46 233.51 236.56 239.61 242.65 245.66 248.62 251.54 254.39 257.13 259.48 261.29 262.55 263.27 263.46 263.12 262.26 260.89 259.00 256.61 253.72
271.95 268.97 265.65 262.03 258.13 254.13 250.15 246.18 242.25 238.35 234.49 230.67 226.91 223.20 219.55 215.97 212.46 209.03 205.69 202.51 199.61 197.00 194.68 192.64 190.88 189.38 188.14 187.15 186.40 185.90 185.62 185.56 185.72 186.09 186.66 187.42 188.37 189.49 190.79 192.25 193.87 195.64 197.55 199.60 201.77 204.07 206.48 208.99 211.60 214.31 217.10 219.97 222.89 225.87 228.88 231.92 234.98 238.03 241.08 244.10 247.09 250.03 252.92 255.69 258.09 259.95 261.29 262.10 262.39 262.18 261.45 260.22 258.49 256.28 253.57
274.45 271.50 268.23 264.64 260.77 256.81 252.86 248.92 245.01 241.13 237.28 233.48 229.72 226.01 222.37 218.78 215.26 211.82 208.46 205.19 202.09 199.25 196.72 194.47 192.49 190.80 189.36 188.19 187.26 186.58 186.13 185.92 185.92 186.14 186.57 187.19 188.01 189.01 190.19 191.54 193.06 194.73 196.55 198.51 200.60 202.82 205.16 207.62 210.18 212.84 215.60 218.43 221.33 224.29 227.28 230.31 233.36 236.42 239.46 242.50 245.50 248.46 251.37 254.17 256.61 258.53 259.94 260.83 261.22 261.11 260.51 259.42 257.85 255.80 253.28
277.02 274.11 270.87 267.32 263.49 259.56 255.63 251.72 247.83 243.97 240.14 236.34 232.59 228.89 225.24 221.65 218.12 214.67 211.29 207.99 204.79 201.75 198.99 196.52 194.33 192.43 190.79 189.42 188.30 187.44 186.82 186.43 186.27 186.33 186.61 187.09 187.77 188.64 189.69 190.92 192.32 193.89 195.61 197.47 199.48 201.62 203.88 206.27 208.78 211.39 214.10 216.90 219.77 222.69 225.67 228.68 231.72 234.76 237.81 240.85 243.86 246.83 249.76 252.59 255.06 257.03 258.49 259.47 259.95 259.94 259.46 258.51 257.08 255.19 252.85
279.67 276.79 273.59 270.07 266.27 262.37 258.47 254.59 250.72 246.87 243.05 239.26 235.52 231.81 228.16 224.56 221.03 217.56 214.16 210.85 207.61 204.48 201.50 198.80 196.39 194.27 192.42 190.85 189.54 188.48 187.67 187.11 186.78 186.67 186.79 187.11 187.65 188.38 189.30 190.40 191.68 193.13 194.73 196.50 198.41 200.46 202.64 204.96 207.41 209.97 212.63 215.38 218.21 221.11 224.05 227.04 230.06 233.09 236.13 239.16 242.17 245.15 248.09 250.94 253.44 255.45 256.97 258.02 258.58 258.68 258.31 257.48 256.20 254.46 252.29
282.38 279.54 276.37 272.88 269.12 265.25 261.38 257.52 253.66 249.83 246.02 242.24 238.50 234.79 231.14 227.53 223.98 220.50 217.09 213.74 210.49 207.31 204.23 201.32 198.68 196.33 194.27 192.48 190.96 189.71 188.71 187.95 187.44 187.16 187.11 187.27 187.65 188.23 189.01 189.97 191.12 192.44 193.93 195.58 197.39 199.35 201.45 203.70 206.08 208.58 211.19 213.89 216.67 219.53 222.44 225.40 228.39 231.40 234.42 237.45 240.45 243.43 246.38 249.24 251.76 253.81 255.38 256.49 257.13 257.32 257.06 256.35 255.20 253.62 251.60
285.17 282.36 279.22 275.76 272.03 268.19 264.35 260.50 256.67 252.85 249.05 245.27 241.53 237.83 234.16 230.55 226.99 223.49 220.05 216.69 213.40 210.19 207.07 204.05 201.20 198.62 196.33 194.32 192.58 191.12 189.92 188.97 188.27 187.80 187.57 187.57 187.78 188.20 188.82 189.64 190.65 191.84 193.21 194.74 196.44 198.30 200.33 202.50 204.81 207.24 209.79 212.43 215.16 217.97 220.84 223.76 226.72 229.71 232.71 235.72 238.71 241.69 244.63 247.49 250.03 252.11 253.73 254.89 255.61 255.88 255.72 255.13 254.11 252.67 250.81
288.03 285.25 282.14 278.71 275.01 271.19 267.37 263.55 259.73 255.92 252.13 248.36 244.62 240.91 237.24 233.61 230.04 226.52 223.06 219.67 216.35 213.11 209.96 206.89 203.92 201.13 198.60 196.36 194.40 192.72 191.31 190.15 189.25 188.60 188.18 188.00 188.03 188.29 188.75 189.42 190.28 191.33 192.56 193.97 195.56 197.34 199.27 201.36 203.59 205.95 208.43 211.01 213.68 216.44 219.26 222.14 225.06 228.02 230.99 233.97 236.95 239.92 242.85 245.71 248.26 250.36 252.02 253.24 254.02 254.38 254.31 253.82 252.92 251.62 249.91
290.95 288.20 285.11 281.72 278.05 274.26 270.46 266.65 262.85 259.05 255.26 251.50 247.75 244.04 240.36 236.73 233.13 229.60 226.11 222.70 219.35 216.07 212.88 209.77 206.75 203.83 201.09 198.61 196.42 194.51 192.88 191.51 190.41 189.55 188.94 188.57 188.42 188.50 188.80 189.30 190.01 190.91 192.00 193.30 194.79 196.46 198.30 200.30 202.45 204.73 207.13 209.64 212.25 214.94 217.71 220.54 223.42 226.34 229.28 232.23 235.19 238.13 241.05 243.91 246.46 248.58 250.27 251.53 252.37 252.80 252.82 252.44 251.66 250.48 248.92
293.93 291.21 288.16 284.79 281.14 277.38 273.60 269.81 266.02 262.23 258.45 254.68 250.94 247.22 243.53 239.88 236.27 232.71 229.21 225.76 222.38 219.07 215.83 212.68 209.61 206.64 203.77 201.07 198.65 196.50 194.64 193.05 191.73 190.66 189.85 189.28 188.95 188.84 188.96 189.29 189.83 190.58 191.55 192.73 194.11 195.68 197.42 199.32 201.38 203.57 205.89 208.33 210.87 213.50 216.21 218.98 221.81 224.68 227.58 230.50 233.43 236.35 239.25 242.09 244.64 246.77 248.48 249.78 250.68 251.18 251.28 250.99 250.32 249.26 247.84
296.98 294.28 291.26 287.91 284.29 280.55 276.79 273.02 269.24 265.46 261.68 257.92 254.17 250.44 246.74 243.08 239.45 235.87 232.34 228.86 225.44 222.10 218.82 215.62 212.51 209.48 206.55 203.73 201.07 198.69 196.59 194.77 193.22 191.94 190.92 190.14 189.61 189.31 189.24 189.39 189.77 190.38 191.23 192.28 193.54 195.00 196.63 198.44 200.39 202.50 204.73 207.08 209.55 212.10 214.75 217.46 220.23 223.05 225.91 228.78 231.67 234.56 237.44 240.26 242.80 244.94 246.67 248.00 248.95 249.50 249.68 249.48 248.91 247.98 246.68
300.09 297.42 294.42 291.10 287.50 283.78 280.04 276.28 272.51 268.74 264.97 261.20 257.45 253.71 250.00 246.32 242.67 239.06 235.50 232.00 228.54 225.16 221.84 218.59 215.43 212.35 209.36 206.47 203.69 201.08 198.73 196.67 194.89 193.38 192.14 191.15 190.41 189.91 189.65 189.62 189.85 190.33 191.03 191.96 193.10 194.43 195.95 197.65 199.50 201.51 203.65 205.92 208.29 210.77 213.34 215.99 218.70 221.46 224.26 227.09 229.94 232.79 235.64 238.43 240.96 243.09 244.84 246.20 247.18 247.80 248.04 247.92 247.45 246.63 245.46
303.26 300.61 297.63 294.34 290.77 287.07 283.34 279.59 275.83 272.06 268.29 264.53 260.77 257.02 253.30 249.60 245.93 242.30 238.71 235.17 231.68 228.25 224.89 221.59 218.38 215.24 212.20 209.24 206.39 203.64 201.07 198.76 196.74 195.00 193.52 192.31 191.35 190.65 190.19 190.01 190.08 190.41 190.98 191.77 192.78 193.99 195.39 196.97 198.72 200.62 202.66 204.83 207.12 209.52 212.01 214.58 217.22 219.92 222.66 225.44 228.24 231.05 233.85 236.61 239.12 241.24 242.99 244.38 245.40 246.06 246.37 246.33 245.95 245.23 244.18
306.48 303.86 300.91 297.63 294.08 290.40 286.69 282.95 279.20 275.44 271.67 267.89 264.13 260.37 256.63 252.91 249.22 245.56 241.94 238.37 234.84 231.37 227.96 224.62 221.35 218.16 215.05 212.04 209.11 206.29 203.58 201.04 198.77 196.78 195.07 193.62 192.44 191.53 190.91 190.56 190.48 190.66 191.08 191.73 192.60 193.68 194.96 196.41 198.04 199.83 201.77 203.84 206.03 208.34 210.74 213.23 215.80 218.43 221.11 223.83 226.57 229.33 232.09 234.81 237.29 239.40 241.15 242.55 243.60 244.30 244.67 244.70 244.40 243.78 242.84
309.77 307.17 304.23 300.98 297.45 293.79 290.09 286.36 282.62 278.85 275.08 271.31 267.53 263.76 260.00 256.26 252.55 248.86 245.21 241.60 238.04 234.52 231.07 227.68 224.35 221.10 217.93 214.85 211.86 208.96 206.17 203.49 200.98 198.74 196.78 195.10 193.70 192.60 191.80 191.29 191.05 191.06 191.33 191.84 192.57 193.51 194.65 195.98 197.49 199.16 200.99 202.95 205.04 207.25 209.56 211.97 214.45 217.01 219.61 222.27 224.95 227.65 230.36 233.04 235.48 237.57 239.32 240.72 241.79 242.53 242.95 243.04 242.83 242.30 241.47
313.11 310.53 307.61 304.38 300.86 297.22 293.53 289.82 286.08 282.31 278.54 274.76 270.97 267.19 263.41 259.65 255.91 252.19 248.51 244.86 241.26 237.70 234.20 230.75 227.37 224.06 220.83 217.68 214.62 211.64 208.77 206.01 203.35 200.87 198.66 196.75 195.15 193.87 192.89 192.20 191.79 191.65 191.76 192.11 192.69 193.49 194.49 195.69 197.07 198.62 200.32 202.17 204.16 206.26 208.48 210.79 213.19 215.66 218.19 220.77 223.38 226.02 228.67 231.30 233.70 235.77 237.50 238.91 239.99 240.76 241.22 241.38 241.23 240.79 240.06
316.50 313.94 311.04 307.82 304.33 300.70 297.02 293.31 289.58 285.81 282.04 278.24 274.45 270.65 266.85 263.07 259.30 255.56 251.84 248.15 244.50 240.90 237.35 233.85 230.41 227.04 223.75 220.53 217.39 214.34 211.39 208.54 205.79 203.17 200.73 198.61 196.82 195.35 194.18 193.31 192.73 192.41 192.35 192.55 192.97 193.62 194.48 195.54 196.78 198.20 199.78 201.51 203.38 205.38 207.49 209.70 212.01 214.39 216.83 219.33 221.88 224.45 227.04 229.61 231.96 233.99 235.71 237.11 238.21 239.00 239.50 239.70 239.62 239.26 238.63
319.94 317.40 314.52 311.32 307.84 304.22 300.56 296.85 293.12 289.35 285.57 281.77 277.96 274.14 270.33 266.52 262.72 258.95 255.19 251.47 247.78 244.13 240.52 236.97 233.47 230.04 226.68 223.39 220.18 217.05 214.02 211.08 208.25 205.54 203.01 200.70 198.71 197.04 195.68 194.62 193.86 193.36 193.14 193.16 193.43 193.92 194.63 195.54 196.64 197.93 199.38 200.98 202.73 204.61 206.61 208.72 210.92 213.21 215.57 217.98 220.44 222.94 225.46 227.97 230.27 232.26 233.95 235.34 236.44 237.25 237.78 238.03 238.01 237.72 237.18
323.43 320.90 318.04 314.86 311.39 307.79 304.13 300.43 296.70 292.93 289.14 285.33 281.50 277.67 273.83 270.00 266.17 262.36 258.57 254.80 251.07 247.37 243.71 240.11 236.55 233.05 229.62 226.26 222.98 219.77 216.66 213.64 210.73 207.99 205.41 203.00 200.82 198.95 197.40 196.15 195.19 194.52 194.11 193.97 194.06 194.39 194.94 195.70 196.66 197.80 199.12 200.59 202.21 203.97 205.86 207.85 209.95 212.13 214.39 216.72 219.09 221.51 223.95 226.39 228.63 230.58 232.24 233.61 234.71 235.53 236.08 236.37 236.41 236.19 235.72
326.97 324.46 321.61 318.44 314.99 311.39 307.75 304.05 300.31 296.54 292.74 288.92 285.08 281.23 277.37 273.51 269.65 265.80 261.97 258.17 254.38 250.64 246.93 243.26 239.64 236.08 232.58 229.15 225.79 222.50 219.30 216.22 213.28 210.50 207.89 205.44 203.16 201.10 199.34 197.90 196.75 195.88 195.29 194.97 194.89 195.05 195.44 196.04 196.84 197.83 199.01 200.34 201.83 203.46 205.22 207.10 209.08 211.16 213.32 215.55 217.83 220.16 222.52 224.88 227.06 228.95 230.58 231.93 233.01 233.84 234.41 234.73 234.81 234.66 234.26
330.56 328.06 325.22 322.07 318.63 315.04 311.40 307.71 303.97 300.19 296.38 292.55 288.69 284.81 280.93 277.04 273.15 269.27 265.40 261.55 257.72 253.92 250.15 246.43 242.75 239.12 235.55 232.04 228.61 225.24 221.98 218.86 215.90 213.10 210.45 207.96 205.64 203.47 201.52 199.87 198.52 197.46 196.68 196.17 195.91 195.90 196.12 196.55 197.20 198.04 199.06 200.25 201.60 203.10 204.73 206.48 208.35 210.31 212.36 214.48 216.67 218.90 221.17 223.45 225.56 227.40 228.97 230.30 231.37 232.19 232.78 233.13 233.25 233.14 232.82
334.19 331.70 328.88 325.73 322.30 318.73 315.09 311.40 307.65 303.87 300.05 296.20 292.32 288.43 284.52 280.60 276.68 272.76 268.85 264.95 261.07 257.22 253.40 249.61 245.87 242.17 238.53 234.95 231.43 228.01 224.72 221.59 218.60 215.77 213.09 210.57 208.20 205.98 203.93 202.08 200.53 199.27 198.29 197.59 197.15 196.95 196.99 197.26 197.73 198.41 199.28 200.32 201.52 202.88 204.38 206.00 207.74 209.58 211.51 213.53 215.61 217.74 219.92 222.11 224.14 225.91 227.44 228.73 229.78 230.59 231.18 231.55 231.71 231.65 231.39
337.87 335.39 332.57 329.44 326.02 322.45 318.81 315.12 311.37 307.58 303.75 299.88 295.99 292.07 288.13 284.18 280.22 276.26 272.31 268.37 264.44 260.53 256.65 252.81 249.00 245.23 241.52 237.86 234.29 230.85 227.55 224.40 221.39 218.54 215.83 213.26 210.85 208.59 206.48 204.53 202.78 201.31 200.13 199.23 198.59 198.21 198.07 198.16 198.46 198.97 199.68 200.56 201.61 202.82 204.18 205.66 207.27 208.99 210.80 212.70 214.67 216.70 218.77 220.86 222.81 224.51 225.99 227.23 228.25 229.05 229.65 230.03 230.21 230.20 230.00
341.58 339.12 336.31 333.18 329.77 326.21 322.57 318.88 315.12 311.32 307.48 303.59 299.68 295.73 291.76 287.78 283.79 279.79 275.79 271.80 267.82 263.86 259.92 256.01 252.14 248.30 244.51 240.80 237.22 233.77 230.46 227.30 224.27 221.39 218.65 216.05 213.60 211.29 209.13 207.12 205.25 203.59 202.20 201.10 200.26 199.69 199.36 199.26 199.39 199.73 200.26 200.98 201.88 202.93 204.14 205.48 206.95 208.54 210.22 212.00 213.85 215.77 217.74 219.73 221.58 223.21 224.62 225.81 226.80 227.58 228.17 228.56 228.77 228.79 228.64
345.34 342.88 340.08 336.96 333.56 329.99 326.36 322.66 318.90 315.09 311.23 307.33 303.39 299.42 295.42 291.40 287.37 283.33 279.29 275.25 271.22 267.20 263.20 259.23 255.28 251.38 247.54 243.82 240.24 236.79 233.47 230.29 227.24 224.34 221.57 218.93 216.44 214.09 211.88 209.81 207.89 206.11 204.52 203.21 202.17 201.39 200.87 200.58 200.53 200.68 201.04 201.59 202.33 203.22 204.27 205.47 206.80 208.24 209.79 211.44 213.16 214.96 216.82 218.70 220.46 222.00 223.35 224.49 225.43 226.19 226.76 227.16 227.38 227.43 227.32
349.14 346.68 343.89 340.78 337.37 333.82 330.18 326.48 322.71 318.88 315.01 311.08 307.12 303.12 299.09 295.04 290.97 286.89 282.80 278.71 274.62 270.55 266.49 262.45 258.43 254.48 250.65 246.94 243.35 239.90 236.57 233.38 230.31 227.38 224.58 221.92 219.39 216.99 214.73 212.61 210.63 208.78 207.08 205.57 204.32 203.33 202.61 202.13 201.88 201.85 202.03 202.41 202.96 203.70 204.59 205.63 206.80 208.10 209.51 211.02 212.62 214.30 216.03 217.80 219.45 220.91 222.18 223.26 224.16 224.88 225.44 225.82 226.06 226.13 226.06
352.97 350.52 347.73 344.62 341.22 337.67 334.03 330.32 326.54 322.70 318.81 314.86 310.88 306.85 302.79 298.70 294.59 290.46 286.32 282.18 278.04 273.90 269.78 265.67 261.62 257.67 253.85 250.15 246.56 243.11 239.77 236.57 233.49 230.53 227.71 225.01 222.44 220.00 217.70 215.52 213.48 211.57 209.80 208.16 206.72 205.52 204.59 203.90 203.46 203.24 203.23 203.42 203.81 204.37 205.09 205.97 206.99 208.13 209.40 210.77 212.23 213.77 215.38 217.03 218.58 219.94 221.12 222.14 222.98 223.67 224.20 224.57 224.81 224.90 224.86
356.83 354.39 351.60 348.50 345.10 341.55 337.90 334.19 330.40 326.54 322.63 318.66 314.65 310.59 306.49 302.37 298.22 294.04 289.86 285.66 281.46 277.27 273.08 268.94 264.89 260.96 257.15 253.46 249.88 246.42 243.08 239.86 236.77 233.79 230.94 228.21 225.60 223.12 220.77 218.55 216.45 214.48 212.64 210.93 209.35 207.96 206.81 205.92 205.27 204.85 204.65 204.66 204.86 205.24 205.79 206.50 207.35 208.34 209.46 210.68 212.00 213.40 214.88 216.40 217.83 219.09 220.19 221.13 221.92 222.56 223.05 223.42 223.65 223.75 223.74
360.73 358.29 355.51 352.40 349.01 345.45 341.81 338.08 334.28 330.41 326.47 322.48 318.44 314.35 310.22 306.05 301.86 297.64 293.40 289.15 284.89 280.63 276.41 272.29 268.27 264.36 260.56 256.87 253.30 249.84 246.50 243.27 240.16 237.16 234.28 231.52 228.88 226.36 223.96 221.69 219.53 217.50 215.60 213.82 212.17 210.64 209.29 208.19 207.33 206.70 206.30 206.11 206.12 206.32 206.69 207.23 207.92 208.74 209.69 210.76 211.93 213.19 214.53 215.92 217.23 218.38 219.39 220.25 220.97 221.56 222.02 222.35 222.58 222.69 222.69
364.67 362.22 359.44 356.34 352.94 349.38 345.73 341.99 338.18 334.29 330.33 326.32 322.24 318.12 313.95 309.75 305.51 301.24 296.95 292.64 288.33 284.04 279.84 275.74 271.75 267.86 264.08 260.40 256.84 253.38 250.03 246.79 243.66 240.65 237.74 234.95 232.28 229.72 227.28 224.95 222.74 220.65 218.68 216.84 215.11 213.50 212.02 210.71 209.64 208.80 208.19 207.80 207.62 207.62 207.81 208.17 208.68 209.33 210.12 211.03 212.05 213.16 214.35 215.60 216.78 217.82 218.72 219.50 220.15 220.68 221.09 221.40 221.61 221.72 221.73
