data_processed/recharge/precip/Precip_2008_09.asc
ncols        168
nrows        136
xllcorner    455000
yllcorner    2107000
cellsize     500
NODATA_value     -99999
[rows 33 to 65 of 136, columns 74 to 147 of 168]
124.87 125.03 125.30 125.67 126.17 126.77 127.46 128.21 128.98 129.75 130.50 131.20 131.81 132.33 132.71 132.93 132.96 132.79 132.37 131.69 130.71 129.42 127.86 126.09 124.07 121.72 118.98 115.87 112.56 109.24 105.94 102.69 99.52 96.45 93.49 90.69 88.05 85.61 83.38 81.39 79.66 78.22 77.09 76.29 75.85 75.78 76.13 76.99 78.48 80.63 83.13 85.63 88.08 90.41 92.59 94.62 96.50 98.25 99.86 101.36 102.75 104.04 105.23 106.34 107.38 108.34 109.25 110.11 110.93 111.72 112.48 113.22 113.87 114.37
120.96 121.15 121.43 121.79 122.25 122.83 123.50 124.25 125.04 125.85 126.65 127.41 128.11 128.73 129.22 129.57 129.76 129.74 129.50 129.02 128.26 127.28 126.13 124.79 123.18 121.24 118.91 116.20 113.13 109.87 106.60 103.37 100.20 97.11 94.13 91.28 88.59 86.07 83.75 81.65 79.80 78.23 76.94 75.98 75.35 75.10 75.32 76.14 77.60 79.72 82.18 84.65 87.07 89.44 91.70 93.79 95.74 97.54 99.20 100.74 102.15 103.46 104.66 105.77 106.80 107.75 108.63 109.45 110.23 110.96 111.65 112.23 112.65 112.91
117.15 117.36 117.66 118.05 118.50 119.04 119.68 120.42 121.21 122.04 122.87 123.68 124.45 125.14 125.74 126.20 126.51 126.65 126.57 126.27 125.79 125.19 124.44 123.48 122.25 120.68 118.73 116.39 113.68 110.64 107.41 104.17 100.99 97.87 94.84 91.93 89.16 86.54 84.12 81.90 79.92 78.19 76.73 75.59 74.77 74.40 74.58 75.37 76.80 78.88 81.30 83.73 86.13 88.47 90.76 92.93 94.94 96.80 98.51 100.09 101.54 102.87 104.08 105.20 106.22 107.16 108.02 108.81 109.54 110.22 110.77 111.13 111.32 111.36
113.45 113.68 114.00 114.41 114.88 115.42 116.02 116.72 117.50 118.33 119.18 120.02 120.84 121.60 122.27 122.84 123.26 123.52 123.60 123.55 123.42 123.19 122.80 122.18 121.29 120.06 118.44 116.44 114.08 111.35 108.30 105.07 101.85 98.69 95.60 92.61 89.74 87.02 84.47 82.12 79.98 78.08 76.45 75.11 74.17 73.76 73.92 74.68 76.07 78.11 80.49 82.88 85.24 87.56 89.83 92.03 94.11 96.03 97.80 99.42 100.90 102.26 103.49 104.62 105.64 106.57 107.41 108.18 108.87 109.41 109.76 109.91 109.90 109.75
109.86 110.10 110.44 110.87 111.37 111.93 112.53 113.19 113.93 114.74 115.59 116.46 117.30 118.11 118.85 119.50 120.02 120.40 120.69 120.96 121.18 121.28 121.20 120.90 120.31 119.37 118.05 116.36 114.30 111.88 109.11 106.03 102.79 99.56 96.39 93.30 90.33 87.49 84.80 82.29 79.98 77.89 76.07 74.60 73.63 73.20 73.34 74.07 75.42 77.40 79.74 82.09 84.41 86.70 88.94 91.12 93.23 95.22 97.04 98.72 100.24 101.63 102.89 104.03 105.05 105.98 106.81 107.54 108.12 108.47 108.62 108.58 108.39 108.07
106.39 106.64 107.00 107.44 107.97 108.55 109.17 109.83 110.53 111.31 112.14 113.00 113.87 114.71 115.49 116.20 116.81 117.38 117.97 118.55 119.06 119.45 119.66 119.63 119.31 118.63 117.57 116.14 114.34 112.19 109.70 106.87 103.74 100.45 97.19 93.99 90.89 87.91 85.06 82.38 79.88 77.61 75.66 74.17 73.18 72.73 72.83 73.52 74.83 76.77 79.06 81.36 83.64 85.89 88.10 90.26 92.36 94.37 96.25 97.98 99.55 100.98 102.26 103.42 104.46 105.38 106.20 106.83 107.23 107.40 107.37 107.17 106.82 106.36
103.05 103.30 103.67 104.13 104.67 105.28 105.93 106.61 107.31 108.04 108.84 109.69 110.55 111.40 112.22 112.98 113.75 114.58 115.45 116.31 117.09 117.73 118.18 118.39 118.29 117.83 117.00 115.79 114.23 112.31 110.05 107.46 104.54 101.33 97.97 94.65 91.41 88.27 85.25 82.38 79.69 77.30 75.32 73.82 72.81 72.32 72.40 73.05 74.31 76.20 78.43 80.68 82.92 85.14 87.32 89.45 91.51 93.51 95.42 97.21 98.83 100.29 101.61 102.79 103.85 104.77 105.50 105.96 106.19 106.20 106.02 105.68 105.20 104.61
99.83 100.09 100.46 100.93 101.49 102.12 102.79 103.50 104.23 104.96 105.72 106.53 107.37 108.22 109.06 109.95 110.95 112.04 113.16 114.25 115.25 116.11 116.77 117.17 117.26 116.99 116.34 115.32 113.95 112.22 110.16 107.76 105.05 102.02 98.71 95.27 91.87 88.55 85.35 82.28 79.47 77.05 75.07 73.54 72.51 72.00 72.03 72.64 73.85 75.68 77.86 80.06 82.26 84.43 86.57 88.67 90.71 92.69 94.59 96.39 98.07 99.58 100.94 102.15 103.21 104.06 104.63 104.94 105.02 104.89 104.59 104.12 103.54 102.85
96.74 97.00 97.38 97.86 98.43 99.08 99.77 100.51 101.26 102.02 102.77 103.54 104.35 105.19 106.12 107.22 108.45 109.75 111.08 112.36 113.56 114.60 115.43 115.99 116.23 116.10 115.60 114.73 113.51 111.94 110.04 107.80 105.25 102.39 99.23 95.80 92.24 88.74 85.34 82.15 79.32 76.89 74.89 73.35 72.29 71.74 71.73 72.30 73.46 75.23 77.35 79.50 81.64 83.77 85.87 87.93 89.95 91.90 93.78 95.57 97.27 98.83 100.23 101.46 102.46 103.17 103.61 103.79 103.74 103.50 103.08 102.53 101.85 101.09
93.79 94.05 94.43 94.92 95.50 96.16 96.87 97.63 98.41 99.20 99.98 100.75 101.52 102.42 103.53 104.83 106.24 107.73 109.22 110.67 112.02 113.20 114.16 114.84 115.20 115.18 114.79 114.03 112.93 111.48 109.69 107.58 105.15 102.42 99.39 96.07 92.49 88.81 85.29 82.09 79.25 76.81 74.79 73.22 72.13 71.55 71.50 72.02 73.12 74.83 76.89 78.98 81.07 83.15 85.21 87.23 89.21 91.14 92.99 94.77 96.46 98.04 99.47 100.66 101.54 102.12 102.43 102.50 102.36 102.02 101.52 100.89 100.16 99.34
90.98 91.23 91.62 92.11 92.70 93.37 94.10 94.87 95.68 96.50 97.31 98.11 98.98 100.04 101.32 102.78 104.35 105.98 107.60 109.17 110.63 111.91 112.97 113.74 114.17 114.22 113.90 113.22 112.20 110.83 109.12 107.10 104.76 102.12 99.18 95.96 92.47 88.83 85.32 82.11 79.27 76.81 74.77 73.17 72.05 71.43 71.33 71.79 72.84 74.49 76.48 78.51 80.54 82.57 84.59 86.57 88.51 90.41 92.24 93.99 95.66 97.23 98.60 99.67 100.43 100.91 101.12 101.11 100.88 100.48 99.92 99.24 98.46 97.61
88.31 88.56 88.94 89.44 90.03 90.71 91.45 92.25 93.07 93.91 94.76 95.70 96.81 98.08 99.50 101.08 102.76 104.49 106.22 107.87 109.40 110.75 111.87 112.68 113.15 113.23 112.95 112.31 111.32 110.00 108.34 106.36 104.07 101.48 98.60 95.45 92.12 88.76 85.41 82.22 79.36 76.89 74.82 73.19 72.03 71.37 71.22 71.63 72.61 74.19 76.12 78.08 80.06 82.03 84.00 85.94 87.84 89.70 91.50 93.23 94.87 96.34 97.55 98.50 99.16 99.56 99.70 99.62 99.34 98.89 98.30 97.59 96.79 95.93
85.80 86.04 86.42 86.91 87.51 88.19 88.94 89.75 90.59 91.47 92.44 93.62 94.98 96.48 98.06 99.73 101.49 103.29 105.07 106.77 108.34 109.72 110.85 111.68 112.14 112.23 111.94 111.30 110.31 108.99 107.34 105.38 103.10 100.53 97.67 94.64 91.57 88.49 85.42 82.38 79.53 77.03 74.94 73.28 72.08 71.37 71.17 71.52 72.44 73.95 75.80 77.70 79.61 81.53 83.44 85.33 87.20 89.02 90.79 92.48 94.02 95.31 96.36 97.17 97.74 98.07 98.17 98.04 97.73 97.26 96.66 95.94 95.15 94.31
83.45 83.67 84.04 84.53 85.13 85.81 86.57 87.39 88.26 89.25 90.47 91.90 93.49 95.19 96.95 98.74 100.54 102.37 104.17 105.88 107.45 108.82 109.93 110.73 111.16 111.20 110.87 110.19 109.17 107.82 106.14 104.15 101.85 99.26 96.49 93.68 90.86 88.04 85.24 82.46 79.75 77.25 75.13 73.43 72.19 71.42 71.17 71.46 72.31 73.75 75.53 77.35 79.20 81.06 82.92 84.76 86.57 88.36 90.08 91.66 93.02 94.14 95.05 95.73 96.21 96.48 96.54 96.40 96.08 95.61 95.02 94.32 93.56 92.76
81.25 81.46 81.82 82.30 82.89 83.58 84.35 85.18 86.17 87.40 88.87 90.52 92.31 94.19 96.11 98.03 99.91 101.73 103.51 105.20 106.73 108.05 109.11 109.84 110.20 110.16 109.75 109.00 107.91 106.48 104.74 102.68 100.32 97.79 95.20 92.60 90.01 87.42 84.86 82.35 79.89 77.52 75.38 73.64 72.35 71.54 71.23 71.45 72.23 73.59 75.29 77.05 78.83 80.62 82.42 84.21 85.97 87.70 89.30 90.70 91.88 92.85 93.62 94.20 94.59 94.81 94.84 94.71 94.40 93.95 93.39 92.74 92.03 91.29
79.23 79.42 79.76 80.23 80.82 81.50 82.28 83.23 84.45 85.93 87.62 89.47 91.44 93.48 95.54 97.57 99.53 101.38 103.12 104.73 106.19 107.43 108.39 109.02 109.26 109.11 108.59 107.72 106.52 104.99 103.13 100.98 98.64 96.25 93.84 91.43 89.03 86.66 84.32 82.04 79.83 77.70 75.68 73.92 72.58 71.71 71.34 71.49 72.20 73.48 75.09 76.77 78.48 80.21 81.94 83.68 85.38 86.98 88.39 89.60 90.61 91.45 92.10 92.59 92.91 93.08 93.10 92.97 92.70 92.30 91.80 91.21 90.58 89.91
77.37 77.54 77.87 78.33 78.90 79.59 80.48 81.66 83.13 84.83 86.71 88.74 90.87 93.04 95.21 97.33 99.37 101.26 102.97 104.49 105.84 106.95 107.78 108.27 108.36 108.05 107.38 106.37 105.01 103.34 101.35 99.17 96.94 94.69 92.44 90.19 87.96 85.77 83.64 81.57 79.57 77.67 75.88 74.23 72.85 71.93 71.49 71.57 72.20 73.40 74.93 76.53 78.17 79.82 81.49 83.16 84.73 86.12 87.33 88.37 89.24 89.95 90.51 90.92 91.19 91.33 91.34 91.23 91.01 90.67 90.25 89.75 89.21 88.66
75.69 75.84 76.14 76.59 77.16 77.95 79.07 80.50 82.18 84.08 86.14 88.32 90.58 92.86 95.12 97.31 99.39 101.31 103.01 104.47 105.67 106.63 107.29 107.60 107.50 107.00 106.14 104.93 103.40 101.55 99.50 97.39 95.27 93.13 91.00 88.89 86.82 84.79 82.83 80.94 79.14 77.45 75.88 74.44 73.16 72.19 71.69 71.70 72.25 73.36 74.80 76.32 77.88 79.46 81.05 82.57 83.93 85.12 86.16 87.04 87.78 88.38 88.85 89.20 89.43 89.55 89.57 89.50 89.33 89.08 88.75 88.37 87.95 87.52
74.19 74.31 74.59 75.03 75.70 76.73 78.08 79.72 81.60 83.67 85.89 88.20 90.57 92.93 95.26 97.50 99.59 101.51 103.19 104.60 105.69 106.46 106.92 107.01 106.69 105.95 104.86 103.43 101.68 99.73 97.72 95.68 93.64 91.59 89.57 87.57 85.62 83.73 81.92 80.19 78.57 77.06 75.68 74.45 73.37 72.49 71.93 71.86 72.33 73.35 74.70 76.13 77.61 79.11 80.55 81.85 83.00 84.00 84.87 85.62 86.24 86.75 87.15 87.45 87.66 87.78 87.82 87.79 87.70 87.54 87.33 87.08 86.81 86.53
72.88 72.97 73.24 73.76 74.67 75.93 77.50 79.33 81.38 83.60 85.95 88.37 90.82 93.25 95.61 97.87 99.97 101.86 103.50 104.84 105.84 106.44 106.66 106.50 105.92 104.91 103.56 101.88 99.99 98.04 96.06 94.06 92.07 90.10 88.15 86.24 84.40 82.62 80.93 79.34 77.86 76.51 75.31 74.26 73.37 72.68 72.19 72.06 72.44 73.37 74.63 75.97 77.36 78.69 79.91 80.99 81.94 82.78 83.50 84.12 84.64 85.07 85.42 85.69 85.89 86.03 86.11 86.14 86.13 86.08 86.00 85.90 85.79 85.70
71.75 71.82 72.18 72.93 74.07 75.54 77.31 79.31 81.51 83.85 86.30 88.81 91.32 93.79 96.17 98.43 100.50 102.34 103.91 105.17 106.05 106.52 106.53 106.09 105.20 103.89 102.25 100.39 98.46 96.51 94.53 92.56 90.60 88.67 86.77 84.93 83.16 81.48 79.89 78.41 77.05 75.84 74.78 73.88 73.17 72.66 72.35 72.28 72.59 73.42 74.59 75.83 77.04 78.14 79.13 80.01 80.78 81.46 82.05 82.56 83.00 83.37 83.68 83.93 84.14 84.30 84.44 84.54 84.63 84.71 84.78 84.85 84.93 85.03
70.83 70.99 71.57 72.56 73.90 75.57 77.50 79.65 81.97 84.42 86.95 89.51 92.06 94.55 96.93 99.15 101.17 102.95 104.43 105.57 106.31 106.63 106.46 105.76 104.54 102.91 101.04 99.11 97.14 95.16 93.17 91.19 89.24 87.32 85.46 83.66 81.95 80.32 78.81 77.42 76.16 75.06 74.12 73.36 72.79 72.43 72.29 72.39 72.75 73.50 74.55 75.62 76.58 77.45 78.23 78.92 79.53 80.07 80.55 80.96 81.33 81.65 81.93 82.19 82.42 82.63 82.83 83.03 83.23 83.45 83.68 83.94 84.22 84.55
70.19 70.57 71.38 72.58 74.12 75.95 78.02 80.29 82.72 85.25 87.84 90.44 93.01 95.49 97.84 100.02 101.97 103.65 105.02 106.02 106.61 106.74 106.37 105.45 103.95 102.07 100.10 98.09 96.06 94.03 92.00 89.99 88.02 86.10 84.24 82.46 80.77 79.19 77.73 76.40 75.22 74.20 73.36 72.71 72.26 72.03 72.04 72.29 72.80 73.58 74.47 75.28 76.01 76.66 77.24 77.76 78.22 78.63 79.01 79.35 79.66 79.94 80.22 80.49 80.75 81.02 81.31 81.62 81.95 82.32 82.73 83.18 83.70 84.27
69.29 69.83 70.88 72.30 74.03 76.04 78.27 80.67 83.21 85.83 88.49 91.13 93.72 96.20 98.54 100.67 102.56 104.16 105.42 106.29 106.73 106.69 106.13 105.01 103.42 101.53 99.47 97.37 95.27 93.16 91.08 89.03 87.02 85.08 83.21 81.43 79.75 78.20 76.77 75.49 74.37 73.42 72.66 72.10 71.76 71.64 71.78 72.17 72.82 73.65 74.40 74.98 75.48 75.92 76.32 76.68 77.01 77.31 77.60 77.87 78.14 78.41 78.68 78.98 79.29 79.64 80.03 80.45 80.93 81.46 82.06 82.73 83.48 84.30
67.93 68.17 69.41 71.08 73.05 75.27 77.69 80.26 82.95 85.69 88.45 91.18 93.83 96.35 98.70 100.83 102.70 104.25 105.44 106.22 106.55 106.38 105.67 104.49 102.99 101.20 99.16 96.98 94.79 92.61 90.46 88.35 86.31 84.33 82.44 80.66 78.99 77.44 76.04 74.80 73.73 72.84 72.15 71.68 71.43 71.43 71.68 72.19 72.89 73.69 74.41 74.86 75.16 75.41 75.64 75.85 76.05 76.25 76.46 76.68 76.91 77.17 77.47 77.80 78.18 78.61 79.10 79.66 80.29 81.00 81.80 82.70 83.68 84.63
66.48 66.11 67.10 68.98 71.22 73.69 76.34 79.13 82.00 84.91 87.81 90.66 93.41 96.01 98.42 100.59 102.46 104.01 105.17 105.90 106.15 105.90 105.16 104.07 102.67 100.99 99.05 96.88 94.61 92.34 90.12 87.95 85.86 83.84 81.93 80.13 78.45 76.92 75.53 74.32 73.29 72.46 71.84 71.44 71.28 71.37 71.73 72.27 72.94 73.70 74.38 74.82 75.02 75.10 75.17 75.25 75.34 75.45 75.59 75.76 75.98 76.24 76.56 76.94 77.39 77.92 78.53 79.23 80.03 80.93 81.94 83.06 84.16 85.13
64.97 64.02 64.49 66.19 68.66 71.42 74.34 77.37 80.47 83.58 86.67 89.68 92.57 95.29 97.79 100.03 101.96 103.53 104.70 105.42 105.65 105.40 104.75 103.76 102.46 100.88 99.03 96.96 94.69 92.35 90.05 87.81 85.66 83.60 81.65 79.82 78.14 76.60 75.23 74.04 73.04 72.25 71.69 71.36 71.28 71.46 71.83 72.33 72.95 73.67 74.33 74.76 74.96 74.98 74.91 74.86 74.85 74.88 74.96 75.11 75.31 75.59 75.95 76.39 76.92 77.56 78.30 79.15 80.13 81.23 82.45 83.68 84.80 85.78
63.42 61.96 61.94 63.19 65.53 68.55 71.78 75.09 78.46 81.81 85.12 88.33 91.40 94.28 96.91 99.27 101.29 102.93 104.15 104.90 105.17 105.00 104.44 103.54 102.34 100.85 99.10 97.11 94.94 92.60 90.23 87.91 85.69 83.58 81.59 79.73 78.02 76.47 75.11 73.93 72.96 72.21 71.69 71.42 71.41 71.59 71.91 72.35 72.92 73.60 74.24 74.67 74.89 74.93 74.83 74.68 74.57 74.54 74.57 74.69 74.90 75.20 75.61 76.12 76.75 77.50 78.38 79.40 80.56 81.86 83.19 84.44 85.57 86.55
61.85 59.94 59.49 60.33 62.31 65.25 68.76 72.40 76.07 79.71 83.28 86.73 90.01 93.08 95.90 98.40 100.56 102.31 103.61 104.43 104.78 104.70 104.23 103.42 102.30 100.90 99.23 97.33 95.24 92.99 90.62 88.23 85.94 83.76 81.72 79.82 78.08 76.52 75.15 73.98 73.03 72.30 71.83 71.60 71.58 71.70 71.95 72.34 72.86 73.51 74.13 74.56 74.80 74.88 74.82 74.66 74.49 74.39 74.39 74.50 74.72 75.06 75.52 76.12 76.85 77.74 78.77 79.96 81.31 82.71 84.06 85.31 86.44 87.41
60.27 57.97 57.15 57.64 59.30 61.96 65.45 69.40 73.41 77.37 81.24 84.97 88.51 91.82 94.84 97.54 99.86 101.76 103.17 104.07 104.50 104.50 104.11 103.38 102.33 101.01 99.42 97.61 95.59 93.42 91.13 88.75 86.38 84.13 82.03 80.08 78.31 76.72 75.34 74.17 73.22 72.52 72.07 71.83 71.73 71.78 71.96 72.30 72.78 73.40 74.00 74.43 74.69 74.81 74.81 74.72 74.56 74.43 74.41 74.52 74.76 75.15 75.68 76.37 77.22 78.24 79.44 80.81 82.25 83.66 85.01 86.26 87.39 88.36
58.70 56.07 54.94 55.15 56.54 58.96 62.25 66.24 70.58 74.90 79.11 83.15 86.99 90.57 93.85 96.78 99.31 101.34 102.83 103.80 104.31 104.38 104.06 103.40 102.43 101.18 99.67 97.92 95.98 93.88 91.66 89.35 86.99 84.67 82.50 80.50 78.68 77.06 75.66 74.47 73.53 72.84 72.35 72.02 71.85 71.82 71.95 72.23 72.67 73.26 73.85 74.28 74.57 74.73 74.79 74.78 74.72 74.63 74.61 74.73 75.01 75.45 76.06 76.86 77.83 79.00 80.36 81.82 83.27 84.69 86.03 87.27 88.40 89.37
57.14 54.25 52.87 52.86 54.05 56.29 59.42 63.29 67.73 72.40 76.99 81.39 85.56 89.46 93.03 96.22 98.91 101.02 102.58 103.62 104.19 104.33 104.09 103.49 102.58 101.40 99.95 98.27 96.40 94.37 92.21 89.96 87.67 85.35 83.12 81.05 79.18 77.52 76.08 74.88 73.93 73.19 72.61 72.19 71.93 71.84 71.90 72.14 72.54 73.11 73.68 74.12 74.43 74.64 74.77 74.84 74.88 74.91 74.96 75.11 75.43 75.94 76.65 77.56 78.67 79.99 81.44 82.90 84.35 85.76 87.09 88.33 89.45 90.41
55.61 52.52 50.96 50.79 51.84 53.96 57.00 60.79 65.19 70.02 74.98 79.78 84.33 88.58 92.47 95.85 98.63 100.80 102.42 103.52 104.15 104.35 104.16 103.62 102.78 101.65 100.26 98.64 96.83 94.86 92.76 90.58 88.34 86.08 83.85 81.72 79.79 78.08 76.60 75.37 74.35 73.51 72.83 72.33 71.99 71.83 71.84 72.03 72.40 72.94 73.50 73.95 74.29 74.55 74.74 74.90 75.05 75.20 75.39 75.64 76.02 76.61 77.42 78.46 79.71 81.11 82.55 84.01 85.45 86.85 88.18 89.41 90.52 91.47
