data_processed/recharge/precip/Precip_1995_07.asc
ncols        168
nrows        136
xllcorner    455000
yllcorner    2107000
cellsize     500
NODATA_value     -99999
[rows 66 to 98 of 136, columns 74 to 147 of 168]
79.24 75.71 72.00 68.09 64.14 60.72 57.99 55.90 54.41 53.44 52.95 52.88 53.19 53.80 54.68 55.76 56.98 58.26 59.49 60.53 61.31 61.84 62.16 62.28 62.23 62.02 61.68 61.24 60.71 60.11 59.48 58.85 58.26 57.71 57.22 56.79 56.41 56.10 55.85 55.68 55.59 55.57 55.64 55.80 56.07 56.47 56.99 57.65 58.44 59.34 60.35 61.47 62.70 64.01 65.41 66.89 68.44 70.07 71.80 73.67 75.66 77.77 79.99 82.30 84.72 87.22 89.80 92.45 95.17 97.94 100.75 103.55 106.34 109.15
77.11 73.46 69.68 65.77 61.87 58.50 55.83 53.79 52.34 51.42 50.97 50.94 51.28 51.93 52.83 53.93 55.12 56.32 57.50 58.62 59.54 60.22 60.66 60.90 60.95 60.83 60.58 60.20 59.73 59.18 58.58 57.97 57.39 56.86 56.38 55.95 55.58 55.27 55.02 54.84 54.73 54.70 54.76 54.91 55.18 55.55 56.04 56.66 57.41 58.28 59.26 60.35 61.53 62.82 64.19 65.64 67.16 68.76 70.48 72.34 74.33 76.45 78.68 81.03 83.49 86.04 88.68 91.40 94.20 97.04 99.89 102.74 105.57 108.41
74.87 71.13 67.31 63.42 59.59 56.31 53.72 51.76 50.39 49.53 49.15 49.19 49.59 50.29 51.24 52.32 53.43 54.56 55.67 56.75 57.76 58.57 59.15 59.51 59.66 59.64 59.47 59.16 58.75 58.24 57.68 57.09 56.54 56.03 55.56 55.14 54.78 54.47 54.22 54.04 53.92 53.89 53.94 54.09 54.35 54.71 55.18 55.77 56.47 57.30 58.24 59.29 60.44 61.69 63.03 64.44 65.94 67.50 69.20 71.04 73.03 75.16 77.41 79.79 82.28 84.87 87.57 90.36 93.21 96.08 98.96 101.84 104.73 107.60
72.56 68.74 64.91 61.08 57.35 54.18 51.69 49.83 48.56 47.80 47.51 47.64 48.12 48.90 49.85 50.86 51.90 52.96 54.02 55.04 56.03 56.92 57.63 58.11 58.37 58.45 58.36 58.13 57.78 57.33 56.80 56.24 55.72 55.22 54.77 54.37 54.01 53.71 53.46 53.28 53.17 53.14 53.20 53.35 53.60 53.96 54.41 54.96 55.63 56.41 57.31 58.32 59.43 60.64 61.94 63.32 64.77 66.31 67.97 69.80 71.78 73.91 76.18 78.57 81.10 83.74 86.49 89.31 92.17 95.06 97.96 100.87 103.79 106.71
70.19 66.33 62.51 58.75 55.14 52.11 49.75 48.03 46.88 46.24 46.07 46.31 46.90 47.69 48.57 49.52 50.50 51.51 52.51 53.50 54.44 55.32 56.11 56.71 57.09 57.27 57.27 57.12 56.83 56.43 55.94 55.42 54.92 54.45 54.03 53.64 53.29 53.00 52.76 52.59 52.48 52.47 52.53 52.69 52.94 53.28 53.72 54.25 54.88 55.62 56.48 57.44 58.51 59.67 60.93 62.26 63.68 65.18 66.81 68.62 70.59 72.71 74.99 77.41 79.96 82.63 85.40 88.22 91.08 93.97 96.88 99.81 102.76 105.71
67.78 63.90 60.12 56.46 53.00 50.13 47.93 46.36 45.36 44.87 44.85 45.22 45.83 46.57 47.39 48.28 49.21 50.17 51.13 52.08 53.00 53.86 54.65 55.33 55.83 56.11 56.21 56.13 55.91 55.57 55.13 54.64 54.17 53.73 53.32 52.96 52.63 52.35 52.13 51.97 51.89 51.88 51.96 52.12 52.36 52.70 53.12 53.63 54.24 54.94 55.75 56.66 57.68 58.80 60.01 61.30 62.67 64.12 65.72 67.50 69.46 71.58 73.86 76.29 78.86 81.55 84.29 87.09 89.93 92.81 95.73 98.67 101.63 104.61
65.36 61.48 57.77 54.23 50.95 48.26 46.25 44.86 44.03 43.72 43.85 44.27 44.83 45.51 46.27 47.11 48.00 48.93 49.86 50.79 51.69 52.54 53.32 54.01 54.58 54.98 55.17 55.18 55.03 54.75 54.35 53.90 53.47 53.06 52.68 52.34 52.03 51.77 51.57 51.44 51.38 51.39 51.48 51.64 51.88 52.21 52.62 53.11 53.69 54.36 55.13 55.99 56.96 58.02 59.18 60.43 61.75 63.16 64.72 66.47 68.40 70.51 72.79 75.23 77.80 80.44 83.15 85.91 88.73 91.60 94.50 97.44 100.41 103.40
62.93 59.08 55.46 52.07 48.99 46.52 44.71 43.53 42.91 42.78 42.97 43.34 43.85 44.48 45.20 46.00 46.86 47.76 48.67 49.58 50.47 51.32 52.11 52.81 53.41 53.88 54.17 54.26 54.19 53.97 53.63 53.22 52.82 52.45 52.10 51.79 51.51 51.28 51.12 51.01 50.97 51.00 51.10 51.26 51.51 51.82 52.22 52.69 53.25 53.89 54.62 55.44 56.35 57.36 58.46 59.65 60.93 62.28 63.80 65.52 67.43 69.53 71.80 74.21 76.72 79.31 81.97 84.69 87.47 90.31 93.20 96.13 99.09 102.09
60.52 56.73 53.22 50.01 47.16 44.92 43.35 42.40 41.99 41.94 42.10 42.42 42.88 43.46 44.15 44.93 45.76 46.64 47.54 48.45 49.34 50.20 50.99 51.72 52.34 52.85 53.22 53.40 53.41 53.26 52.97 52.60 52.25 51.91 51.60 51.32 51.08 50.89 50.76 50.68 50.67 50.71 50.82 50.99 51.23 51.54 51.93 52.38 52.92 53.53 54.22 55.00 55.86 56.82 57.86 59.00 60.21 61.51 62.98 64.66 66.55 68.62 70.86 73.20 75.63 78.15 80.75 83.42 86.16 88.96 91.82 94.73 97.68 100.67
58.13 54.44 51.08 48.07 45.47 43.50 42.19 41.47 41.16 41.08 41.18 41.46 41.89 42.44 43.10 43.86 44.68 45.55 46.46 47.37 48.27 49.14 49.96 50.71 51.37 51.92 52.34 52.60 52.69 52.61 52.37 52.06 51.75 51.46 51.18 50.95 50.75 50.61 50.51 50.46 50.47 50.53 50.65 50.83 51.07 51.38 51.75 52.19 52.70 53.29 53.95 54.68 55.50 56.40 57.38 58.46 59.61 60.86 62.27 63.91 65.76 67.78 69.93 72.17 74.52 76.96 79.49 82.10 84.79 87.55 90.37 93.25 96.18 99.15
55.73 52.22 49.04 46.26 43.94 42.25 41.21 40.61 40.27 40.14 40.21 40.45 40.85 41.39 42.04 42.78 43.60 44.48 45.39 46.31 47.23 48.13 48.98 49.77 50.47 51.07 51.55 51.88 52.04 52.03 51.86 51.60 51.34 51.09 50.87 50.69 50.54 50.44 50.38 50.36 50.39 50.47 50.60 50.79 51.03 51.33 51.70 52.12 52.61 53.17 53.79 54.49 55.26 56.11 57.04 58.05 59.14 60.32 61.68 63.27 65.05 66.96 69.00 71.14 73.40 75.75 78.20 80.74 83.36 86.07 88.84 91.68 94.57 97.53
53.30 50.04 47.12 44.60 42.59 41.20 40.29 39.66 39.28 39.12 39.16 39.38 39.76 40.28 40.92 41.67 42.49 43.38 44.31 45.26 46.21 47.14 48.04 48.87 49.63 50.29 50.83 51.23 51.47 51.54 51.43 51.23 51.02 50.83 50.67 50.54 50.45 50.38 50.36 50.38 50.43 50.53 50.68 50.87 51.12 51.42 51.77 52.18 52.65 53.18 53.77 54.43 55.16 55.96 56.83 57.77 58.80 59.91 61.21 62.72 64.37 66.15 68.07 70.10 72.25 74.51 76.87 79.33 81.88 84.52 87.23 90.02 92.88 95.79
50.84 47.88 45.29 43.11 41.41 40.17 39.24 38.58 38.17 37.98 38.00 38.20 38.58 39.10 39.75 40.50 41.34 42.25 43.21 44.19 45.18 46.16 47.11 48.00 48.82 49.55 50.16 50.64 50.97 51.13 51.10 50.96 50.82 50.69 50.60 50.52 50.47 50.46 50.47 50.52 50.60 50.72 50.88 51.09 51.33 51.63 51.97 52.37 52.82 53.32 53.88 54.51 55.19 55.94 56.76 57.64 58.60 59.64 60.84 62.20 63.71 65.36 67.14 69.05 71.09 73.24 75.50 77.87 80.34 82.90 85.55 88.28 91.08 93.95
48.57 45.93 43.71 41.91 40.41 39.16 38.19 37.50 37.06 36.85 36.85 37.05 37.42 37.94 38.60 39.37 40.23 41.17 42.16 43.18 44.22 45.24 46.24 47.20 48.09 48.89 49.58 50.15 50.57 50.82 50.90 50.86 50.79 50.74 50.70 50.68 50.68 50.71 50.76 50.84 50.95 51.09 51.26 51.47 51.72 52.02 52.35 52.73 53.16 53.64 54.17 54.75 55.40 56.10 56.86 57.68 58.57 59.54 60.59 61.79 63.14 64.64 66.28 68.06 69.97 72.01 74.16 76.43 78.80 81.28 83.85 86.51 89.25 92.06
47.01 44.70 42.82 41.24 39.81 38.57 37.57 36.83 36.35 36.11 36.09 36.27 36.63 37.15 37.80 38.58 39.45 40.41 41.42 42.47 43.54 44.61 45.66 46.66 47.61 48.47 49.24 49.88 50.39 50.74 50.96 51.07 51.10 51.11 51.13 51.16 51.20 51.27 51.35 51.45 51.58 51.74 51.92 52.14 52.39 52.67 52.99 53.35 53.76 54.20 54.70 55.24 55.83 56.48 57.18 57.94 58.77 59.67 60.63 61.67 62.85 64.19 65.68 67.32 69.09 70.99 73.03 75.18 77.45 79.82 82.30 84.88 87.54 90.29
46.23 44.23 42.54 41.02 39.64 38.43 37.43 36.65 36.12 35.84 35.79 35.93 36.27 36.77 37.41 38.18 39.05 40.01 41.03 42.10 43.19 44.29 45.37 46.42 47.41 48.33 49.15 49.86 50.44 50.91 51.27 51.54 51.71 51.81 51.88 51.95 52.03 52.13 52.24 52.36 52.51 52.67 52.86 53.08 53.32 53.59 53.89 54.22 54.60 55.01 55.46 55.95 56.49 57.08 57.72 58.41 59.18 60.03 60.93 61.87 62.89 64.06 65.38 66.86 68.48 70.24 72.14 74.16 76.31 78.58 80.95 83.43 86.00 88.67
46.18 44.33 42.69 41.20 39.85 38.69 37.72 36.93 36.35 36.01 35.91 36.01 36.31 36.78 37.39 38.14 39.00 39.95 40.97 42.04 43.15 44.26 45.36 46.44 47.46 48.42 49.29 50.06 50.74 51.33 51.83 52.23 52.54 52.77 52.91 53.03 53.14 53.26 53.40 53.54 53.69 53.86 54.05 54.25 54.48 54.73 55.01 55.31 55.65 56.01 56.42 56.86 57.34 57.86 58.43 59.08 59.80 60.59 61.44 62.32 63.24 64.24 65.39 66.69 68.15 69.75 71.50 73.39 75.40 77.54 79.79 82.16 84.64 87.21
46.66 44.84 43.21 41.75 40.44 39.31 38.36 37.59 37.00 36.61 36.44 36.49 36.74 37.16 37.74 38.46 39.29 40.22 41.22 42.29 43.39 44.50 45.62 46.71 47.75 48.74 49.65 50.49 51.27 51.97 52.59 53.11 53.55 53.91 54.17 54.35 54.50 54.64 54.78 54.94 55.09 55.26 55.44 55.63 55.84 56.06 56.31 56.58 56.87 57.19 57.54 57.92 58.33 58.80 59.32 59.92 60.59 61.34 62.13 62.96 63.82 64.72 65.70 66.81 68.09 69.53 71.12 72.85 74.71 76.71 78.84 81.08 83.44 85.91
47.52 45.70 44.09 42.65 41.36 40.26 39.34 38.59 38.01 37.59 37.36 37.34 37.52 37.89 38.42 39.09 39.89 40.78 41.76 42.80 43.89 45.00 46.11 47.20 48.25 49.26 50.22 51.15 52.01 52.81 53.53 54.17 54.73 55.19 55.57 55.86 56.06 56.22 56.37 56.53 56.68 56.84 57.01 57.18 57.36 57.56 57.76 57.99 58.24 58.50 58.79 59.11 59.46 59.88 60.36 60.91 61.54 62.24 62.99 63.77 64.58 65.42 66.29 67.23 68.32 69.57 70.98 72.55 74.25 76.10 78.08 80.19 82.42 84.76
48.71 46.89 45.28 43.86 42.60 41.52 40.61 39.88 39.31 38.90 38.63 38.54 38.65 38.95 39.42 40.03 40.77 41.62 42.56 43.57 44.63 45.72 46.81 47.89 48.95 49.99 51.01 52.00 52.94 53.82 54.64 55.37 56.03 56.60 57.08 57.47 57.76 57.96 58.12 58.28 58.42 58.57 58.71 58.86 59.01 59.17 59.34 59.52 59.71 59.91 60.14 60.40 60.71 61.09 61.53 62.05 62.63 63.29 64.00 64.73 65.49 66.27 67.08 67.92 68.83 69.89 71.11 72.49 74.02 75.70 77.53 79.48 81.57 83.78
50.20 48.38 46.77 45.36 44.12 43.06 42.17 41.44 40.88 40.46 40.19 40.07 40.10 40.31 40.70 41.25 41.93 42.72 43.61 44.57 45.59 46.64 47.71 48.77 49.85 50.92 51.98 53.01 54.02 54.97 55.87 56.69 57.44 58.10 58.67 59.15 59.53 59.81 60.00 60.15 60.29 60.41 60.53 60.65 60.76 60.88 61.00 61.12 61.25 61.39 61.56 61.78 62.06 62.40 62.81 63.29 63.84 64.46 65.13 65.82 66.53 67.26 68.02 68.79 69.60 70.47 71.49 72.67 74.02 75.52 77.18 78.97 80.90 82.96
51.97 50.14 48.53 47.13 45.90 44.85 43.97 43.25 42.68 42.27 41.99 41.84 41.83 41.96 42.26 42.72 43.33 44.05 44.87 45.78 46.74 47.75 48.78 49.84 50.92 52.01 53.10 54.17 55.23 56.24 57.20 58.10 58.92 59.66 60.31 60.86 61.33 61.69 61.95 62.11 62.23 62.33 62.42 62.50 62.57 62.64 62.71 62.77 62.84 62.93 63.06 63.25 63.50 63.81 64.18 64.63 65.14 65.74 66.37 67.01 67.68 68.37 69.07 69.79 70.53 71.30 72.13 73.11 74.25 75.56 77.03 78.65 80.41 82.31
53.99 52.15 50.53 49.13 47.91 46.87 45.99 45.27 44.70 44.27 43.98 43.82 43.78 43.86 44.07 44.44 44.95 45.59 46.34 47.17 48.07 49.02 50.02 51.07 52.14 53.24 54.35 55.45 56.54 57.60 58.62 59.58 60.46 61.26 61.97 62.60 63.12 63.55 63.88 64.10 64.23 64.30 64.35 64.39 64.41 64.43 64.43 64.43 64.45 64.50 64.61 64.77 64.99 65.27 65.62 66.03 66.52 67.09 67.68 68.30 68.92 69.57 70.22 70.89 71.58 72.28 73.00 73.79 74.72 75.82 77.09 78.52 80.10 81.83
56.24 54.37 52.74 51.34 50.12 49.08 48.21 47.48 46.90 46.46 46.15 45.97 45.90 45.94 46.09 46.36 46.77 47.32 47.98 48.73 49.56 50.45 51.42 52.44 53.50 54.59 55.70 56.81 57.92 59.02 60.08 61.09 62.02 62.87 63.64 64.31 64.89 65.38 65.76 66.04 66.20 66.27 66.28 66.27 66.24 66.20 66.14 66.09 66.08 66.11 66.19 66.33 66.52 66.78 67.10 67.49 67.96 68.50 69.06 69.64 70.24 70.84 71.45 72.07 72.71 73.36 74.01 74.69 75.42 76.31 77.36 78.59 79.97 81.50
58.68 56.79 55.14 53.73 52.51 51.47 50.59 49.85 49.26 48.80 48.47 48.26 48.16 48.17 48.27 48.47 48.78 49.22 49.77 50.43 51.18 52.02 52.94 53.92 54.95 56.02 57.12 58.24 59.36 60.47 61.57 62.61 63.58 64.47 65.28 65.99 66.61 67.14 67.56 67.88 68.09 68.19 68.19 68.13 68.04 67.93 67.82 67.74 67.71 67.72 67.79 67.90 68.08 68.31 68.61 68.99 69.43 69.94 70.49 71.04 71.60 72.16 72.74 73.32 73.90 74.50 75.10 75.71 76.33 77.01 77.85 78.85 80.01 81.26
61.29 59.36 57.70 56.27 55.05 54.01 53.11 52.36 51.75 51.27 50.91 50.66 50.53 50.50 50.56 50.70 50.93 51.26 51.70 52.26 52.94 53.71 54.56 55.49 56.48 57.52 58.60 59.70 60.82 61.94 63.05 64.12 65.12 66.03 66.86 67.60 68.25 68.81 69.26 69.61 69.85 69.98 70.00 69.91 69.76 69.60 69.47 69.38 69.33 69.33 69.37 69.47 69.63 69.85 70.13 70.49 70.91 71.41 71.93 72.46 72.99 73.52 74.06 74.60 75.14 75.69 76.24 76.79 77.35 77.92 78.54 79.30 80.17 81.09
64.04 62.08 60.39 58.94 57.72 56.66 55.74 54.97 54.34 53.83 53.44 53.16 52.98 52.90 52.91 53.01 53.18 53.41 53.75 54.21 54.79 55.47 56.26 57.12 58.06 59.05 60.10 61.18 62.28 63.39 64.51 65.59 66.60 67.52 68.37 69.12 69.79 70.36 70.82 71.19 71.45 71.60 71.64 71.56 71.39 71.22 71.08 70.97 70.91 70.90 70.93 71.02 71.16 71.37 71.64 71.98 72.39 72.87 73.37 73.88 74.38 74.89 75.39 75.89 76.40 76.90 77.40 77.91 78.41 78.91 79.41 79.88 80.40 81.00
66.91 64.91 63.18 61.71 60.47 59.40 58.46 57.67 57.00 56.46 56.03 55.71 55.49 55.36 55.32 55.35 55.46 55.64 55.89 56.24 56.71 57.30 58.00 58.78 59.65 60.59 61.59 62.63 63.71 64.80 65.91 66.99 68.00 68.92 69.77 70.52 71.19 71.76 72.23 72.60 72.87 73.02 73.07 73.02 72.92 72.77 72.62 72.51 72.44 72.41 72.44 72.52 72.65 72.85 73.11 73.43 73.83 74.30 74.80 75.29 75.77 76.25 76.72 77.19 77.66 78.12 78.58 79.03 79.48 79.92 80.27 80.52 80.73 81.00
69.86 67.81 66.05 64.56 63.30 62.20 61.24 60.42 59.72 59.14 58.67 58.30 58.03 57.84 57.74 57.71 57.76 57.87 58.06 58.32 58.68 59.16 59.76 60.46 61.25 62.11 63.05 64.04 65.08 66.14 67.23 68.29 69.29 70.20 71.03 71.78 72.43 73.00 73.46 73.82 74.08 74.23 74.29 74.31 74.28 74.20 74.07 73.96 73.89 73.86 73.87 73.95 74.08 74.26 74.52 74.84 75.23 75.70 76.18 76.65 77.12 77.58 78.03 78.47 78.90 79.32 79.74 80.15 80.54 80.85 81.05 81.14 81.14 81.11
72.87 70.78 68.98 67.45 66.16 65.04 64.05 63.19 62.45 61.83 61.31 60.89 60.56 60.32 60.15 60.06 60.04 60.08 60.20 60.40 60.66 61.03 61.51 62.11 62.81 63.59 64.45 65.38 66.36 67.39 68.44 69.47 70.44 71.33 72.14 72.86 73.49 74.03 74.47 74.81 75.05 75.21 75.33 75.41 75.45 75.44 75.39 75.31 75.23 75.20 75.22 75.29 75.42 75.60 75.85 76.17 76.56 77.02 77.50 77.96 78.42 78.86 79.28 79.70 80.10 80.49 80.87 81.23 81.50 81.66 81.71 81.66 81.52 81.32
75.92 73.77 71.92 70.36 69.04 67.88 66.86 65.96 65.18 64.51 63.94 63.47 63.08 62.77 62.53 62.36 62.27 62.24 62.29 62.41 62.60 62.87 63.23 63.72 64.31 65.00 65.78 66.63 67.54 68.51 69.51 70.51 71.44 72.29 73.06 73.75 74.34 74.84 75.25 75.56 75.80 76.00 76.17 76.31 76.41 76.48 76.51 76.50 76.46 76.43 76.45 76.52 76.65 76.84 77.09 77.41 77.80 78.26 78.74 79.20 79.64 80.06 80.47 80.86 81.24 81.60 81.94 82.18 82.31 82.33 82.25 82.08 81.83 81.51
78.97 76.76 74.86 73.25 71.90 70.71 69.65 68.71 67.88 67.15 66.53 65.99 65.54 65.15 64.84 64.59 64.42 64.32 64.28 64.33 64.44 64.63 64.89 65.25 65.72 66.31 66.99 67.75 68.59 69.48 70.43 71.37 72.25 73.05 73.77 74.40 74.95 75.41 75.77 76.06 76.33 76.58 76.80 76.99 77.16 77.30 77.41 77.48 77.52 77.53 77.55 77.63 77.76 77.96 78.21 78.54 78.93 79.40 79.87 80.33 80.76 81.18 81.57 81.95 82.30 82.63 82.86 82.97 82.97 82.87 82.67 82.40 82.05 81.64
82.00 79.72 77.77 76.12 74.72 73.49 72.39 71.40 70.51 69.73 69.04 68.44 67.91 67.44 67.04 66.72 66.46 66.27 66.16 66.12 66.15 66.25 66.43 66.68 67.03 67.49 68.06 68.72 69.47 70.28 71.15 72.03 72.85 73.58 74.24 74.81 75.30 75.69 76.03 76.35 76.65 76.94 77.20 77.46 77.68 77.89 78.07 78.22 78.34 78.43 78.50 78.59 78.73 78.93 79.19 79.53 79.93 80.40 80.88 81.34 81.77 82.18 82.56 82.92 83.25 83.48 83.59 83.58 83.47 83.26 82.97 82.60 82.17 81.68
