data_processed/recharge/precip/Precip_1986_03.asc
ncols        168
nrows        136
xllcorner    455000
yllcorner    2107000
cellsize     500
NODATA_value     -99999
[rows 76 to 113 of 136, columns 0 to 83 of 168]
2.54 2.47 2.39 2.30 2.20 2.10 2.00 1.89 1.78 1.67 1.54 1.42 1.29 1.16 1.03 0.91 0.79 0.68 0.59 0.49 0.40 0.31 0.22 0.14 0.06 0.00 0.00 0.00 0.00 0.00 0.00 0.00 0.00 0.00 0.00 0.00 0.00 0.05 0.12 0.19 0.27 0.36 0.45 0.53 0.62 0.71 0.80 0.89 0.97 1.05 1.12 1.19 1.25 1.29 1.30 1.29 1.26 1.21 1.14 1.05 0.95 0.83 0.70 0.57 0.43 0.29 0.19 0.11 0.06 0.04 0.03 0.04 0.07 0.11 0.16 0.22 0.28 0.33 0.37 0.40 0.41 0.40 0.39 0.37
2.60 2.53 2.44 2.35 2.26 2.15 2.05 1.94 1.81 1.68 1.55 1.41 1.27 1.14 1.01 0.88 0.76 0.65 0.56 0.46 0.37 0.27 0.18 0.09 0.01 0.00 0.00 0.00 0.00 0.00 0.00 0.00 0.00 0.00 0.00 0.00 0.00 0.00 0.05 0.12 0.20 0.29 0.38 0.47 0.56 0.65 0.73 0.82 0.90 0.98 1.06 1.13 1.20 1.25 1.28 1.29 1.27 1.23 1.17 1.09 0.99 0.88 0.76 0.62 0.48 0.35 0.24 0.17 0.11 0.09 0.08 0.09 0.12 0.16 0.21 0.27 0.34 0.39 0.43 0.45 0.46 0.46 0.45 0.43
2.66 2.58 2.50 2.41 2.31 2.20 2.09 1.97 1.83 1.69 1.55 1.40 1.26 1.11 0.98 0.85 0.73 0.62 0.52 0.43 0.33 0.24 0.14 0.05 0.00 0.00 0.00 0.00 0.00 0.00 0.00 0.00 0.00 0.00 0.00 0.00 0.00 0.00 0.00 0.05 0.13 0.22 0.31 0.39 0.48 0.57 0.66 0.75 0.83 0.91 0.99 1.06 1.13 1.19 1.23 1.26 1.25 1.23 1.18 1.11 1.02 0.92 0.80 0.67 0.53 0.40 0.30 0.22 0.17 0.15 0.14 0.15 0.18 0.23 0.28 0.34 0.40 0.45 0.49 0.52 0.52 0.52 0.51 0.49
2.71 2.63 2.55 2.45 2.35 2.24 2.12 1.98 1.84 1.69 1.53 1.38 1.23 1.08 0.94 0.81 0.69 0.58 0.49 0.40 0.30 0.20 0.10 0.00 0.00 0.00 0.00 0.00 0.00 0.00 0.00 0.00 0.00 0.00 0.00 0.00 0.00 0.00 0.00 0.00 0.06 0.14 0.23 0.32 0.41 0.50 0.59 0.68 0.76 0.84 0.92 0.99 1.06 1.11 1.17 1.20 1.22 1.21 1.17 1.12 1.04 0.95 0.84 0.72 0.58 0.45 0.35 0.28 0.24 0.22 0.21 0.23 0.27 0.31 0.37 0.43 0.48 0.52 0.55 0.58 0.58 0.58 0.57 0.55
2.76 2.68 2.59 2.50 2.39 2.27 2.14 1.99 1.84 1.68 1.52 1.35 1.20 1.05 0.90 0.77 0.65 0.54 0.45 0.36 0.26 0.16 0.06 0.00 0.00 0.00 0.00 0.00 0.00 0.00 0.00 0.00 0.00 0.00 0.00 0.00 0.00 0.00 0.00 0.00 0.00 0.07 0.16 0.25 0.34 0.43 0.52 0.60 0.69 0.77 0.84 0.92 0.98 1.04 1.09 1.13 1.16 1.17 1.15 1.11 1.05 0.97 0.87 0.76 0.63 0.51 0.41 0.35 0.31 0.29 0.30 0.32 0.36 0.42 0.47 0.51 0.55 0.59 0.62 0.64 0.64 0.64 0.63 0.61
2.80 2.72 2.63 2.53 2.41 2.28 2.14 1.98 1.82 1.66 1.49 1.32 1.16 1.00 0.86 0.73 0.60 0.50 0.41 0.32 0.23 0.13 0.02 0.00 0.00 0.00 0.00 0.00 0.00 0.00 0.00 0.00 0.00 0.00 0.00 0.00 0.00 0.00 0.00 0.00 0.00 0.00 0.09 0.17 0.26 0.35 0.44 0.53 0.61 0.69 0.77 0.84 0.90 0.96 1.01 1.05 1.09 1.11 1.11 1.09 1.05 0.98 0.89 0.79 0.67 0.56 0.47 0.42 0.39 0.38 0.39 0.43 0.47 0.52 0.56 0.60 0.63 0.66 0.68 0.70 0.70 0.70 0.69 0.66
2.84 2.76 2.66 2.55 2.42 2.28 2.12 1.96 1.80 1.62 1.45 1.28 1.12 0.96 0.81 0.68 0.56 0.46 0.37 0.28 0.19 0.09 0.00 0.00 0.00 0.00 0.00 0.00 0.00 0.00 0.00 0.00 0.00 0.00 0.00 0.00 0.00 0.00 0.00 0.00 0.00 0.00 0.02 0.10 0.19 0.28 0.36 0.45 0.53 0.61 0.68 0.75 0.82 0.87 0.92 0.97 1.01 1.04 1.06 1.06 1.03 0.98 0.91 0.81 0.71 0.61 0.53 0.49 0.47 0.47 0.50 0.54 0.58 0.62 0.66 0.69 0.71 0.73 0.75 0.76 0.76 0.75 0.74 0.72
2.87 2.78 2.67 2.55 2.41 2.26 2.10 1.93 1.76 1.58 1.41 1.23 1.07 0.91 0.76 0.63 0.51 0.41 0.33 0.25 0.16 0.06 0.00 0.00 0.00 0.00 0.00 0.00 0.00 0.00 0.00 0.00 0.00 0.00 0.00 0.00 0.00 0.00 0.00 0.00 0.00 0.00 0.00 0.03 0.12 0.20 0.29 0.37 0.45 0.53 0.60 0.67 0.73 0.79 0.84 0.89 0.93 0.96 0.99 1.00 0.99 0.96 0.91 0.83 0.74 0.65 0.59 0.56 0.55 0.57 0.60 0.64 0.68 0.71 0.74 0.76 0.79 0.80 0.81 0.82 0.81 0.81 0.79 0.77
2.88 2.78 2.66 2.53 2.38 2.22 2.05 1.88 1.71 1.53 1.35 1.18 1.01 0.85 0.70 0.57 0.46 0.36 0.29 0.21 0.12 0.03 0.00 0.00 0.00 0.00 0.00 0.00 0.00 0.00 0.00 0.00 0.00 0.00 0.00 0.00 0.00 0.00 0.00 0.00 0.00 0.00 0.00 0.00 0.05 0.13 0.22 0.30 0.37 0.45 0.52 0.59 0.65 0.71 0.76 0.80 0.85 0.88 0.91 0.93 0.94 0.93 0.90 0.84 0.76 0.69 0.65 0.63 0.64 0.67 0.70 0.73 0.76 0.79 0.81 0.83 0.85 0.86 0.87 0.87 0.87 0.86 0.84 0.82
2.88 2.77 2.64 2.49 2.34 2.17 2.00 1.82 1.64 1.46 1.28 1.11 0.95 0.79 0.64 0.51 0.40 0.31 0.24 0.17 0.09 0.00 0.00 0.00 0.00 0.00 0.00 0.00 0.00 0.00 0.00 0.00 0.00 0.00 0.00 0.00 0.00 0.00 0.00 0.00 0.00 0.00 0.00 0.00 0.00 0.06 0.14 0.22 0.30 0.37 0.44 0.50 0.57 0.62 0.68 0.72 0.77 0.80 0.84 0.86 0.88 0.89 0.88 0.84 0.78 0.73 0.70 0.70 0.72 0.75 0.78 0.81 0.83 0.85 0.87 0.89 0.90 0.91 0.91 0.91 0.91 0.90 0.89 0.86
2.85 2.73 2.59 2.44 2.28 2.11 1.93 1.75 1.57 1.39 1.21 1.04 0.87 0.72 0.58 0.45 0.35 0.26 0.20 0.14 0.06 0.00 0.00 0.00 0.00 0.00 0.00 0.00 0.00 0.00 0.00 0.00 0.00 0.00 0.00 0.00 0.00 0.00 0.00 0.00 0.00 0.00 0.00 0.00 0.00 0.00 0.07 0.15 0.22 0.29 0.36 0.42 0.49 0.54 0.60 0.65 0.69 0.73 0.77 0.80 0.82 0.84 0.84 0.83 0.79 0.75 0.75 0.76 0.79 0.81 0.83 0.86 0.88 0.90 0.91 0.93 0.94 0.94 0.95 0.95 0.94 0.93 0.92 0.90
2.81 2.68 2.53 2.37 2.20 2.03 1.85 1.66 1.48 1.30 1.12 0.95 0.79 0.64 0.51 0.39 0.29 0.22 0.16 0.10 0.03 0.00 0.00 0.00 0.00 0.00 0.00 0.00 0.00 0.00 0.00 0.00 0.00 0.00 0.00 0.00 0.00 0.00 0.00 0.00 0.00 0.00 0.00 0.00 0.00 0.00 0.01 0.08 0.15 0.22 0.28 0.35 0.41 0.47 0.52 0.57 0.62 0.66 0.70 0.73 0.76 0.78 0.80 0.80 0.79 0.77 0.78 0.80 0.82 0.84 0.86 0.88 0.90 0.92 0.93 0.94 0.95 0.96 0.96 0.96 0.96 0.95 0.94 0.92
2.74 2.60 2.45 2.28 2.11 1.93 1.75 1.56 1.38 1.20 1.03 0.86 0.70 0.56 0.43 0.32 0.23 0.16 0.12 0.07 0.02 0.00 0.00 0.00 0.00 0.00 0.00 0.00 0.00 0.00 0.00 0.00 0.00 0.00 0.00 0.00 0.00 0.00 0.00 0.00 0.00 0.00 0.00 0.00 0.00 0.00 0.00 0.01 0.08 0.15 0.21 0.28 0.34 0.40 0.45 0.51 0.55 0.60 0.64 0.68 0.71 0.74 0.76 0.77 0.78 0.78 0.80 0.81 0.83 0.84 0.86 0.88 0.89 0.91 0.92 0.94 0.95 0.95 0.96 0.96 0.96 0.95 0.95 0.93
2.66 2.51 2.35 2.18 2.00 1.82 1.64 1.45 1.27 1.09 0.92 0.76 0.61 0.47 0.35 0.25 0.17 0.11 0.08 0.05 0.02 0.00 0.00 0.00 0.00 0.00 0.00 0.00 0.00 0.00 0.00 0.00 0.00 0.00 0.00 0.00 0.00 0.00 0.00 0.00 0.00 0.00 0.00 0.00 0.00 0.00 0.00 0.00 0.02 0.08 0.15 0.21 0.27 0.33 0.39 0.44 0.49 0.54 0.59 0.63 0.66 0.69 0.72 0.74 0.76 0.77 0.78 0.79 0.80 0.82 0.83 0.85 0.86 0.88 0.89 0.90 0.92 0.93 0.93 0.94 0.94 0.94 0.93 0.93
2.54 2.39 2.23 2.05 1.88 1.69 1.51 1.33 1.15 0.98 0.81 0.65 0.51 0.38 0.27 0.18 0.12 0.07 0.04 0.02 0.00 0.00 0.00 0.00 0.00 0.00 0.00 0.00 0.00 0.00 0.00 0.00 0.00 0.00 0.00 0.00 0.00 0.00 0.00 0.00 0.00 0.00 0.00 0.00 0.00 0.00 0.00 0.00 0.00 0.02 0.08 0.15 0.21 0.27 0.33 0.38 0.44 0.49 0.53 0.58 0.62 0.66 0.69 0.71 0.73 0.74 0.75 0.75 0.77 0.78 0.79 0.80 0.82 0.83 0.85 0.86 0.87 0.89 0.90 0.90 0.91 0.91 0.91 0.91
2.40 2.25 2.08 1.91 1.73 1.55 1.37 1.19 1.02 0.85 0.69 0.55 0.42 0.30 0.20 0.12 0.07 0.03 0.00 0.00 0.00 0.00 0.00 0.00 0.00 0.00 0.00 0.00 0.00 0.00 0.00 0.00 0.00 0.00 0.00 0.00 0.00 0.00 0.00 0.00 0.00 0.00 0.00 0.00 0.00 0.00 0.00 0.00 0.00 0.00 0.01 0.08 0.14 0.20 0.26 0.32 0.38 0.43 0.48 0.53 0.58 0.62 0.66 0.68 0.70 0.71 0.71 0.72 0.73 0.74 0.75 0.76 0.77 0.79 0.80 0.81 0.83 0.84 0.85 0.86 0.87 0.87 0.88 0.88
2.24 2.09 1.92 1.75 1.58 1.40 1.23 1.05 0.89 0.73 0.58 0.45 0.32 0.22 0.14 0.07 0.02 0.00 0.00 0.00 0.00 0.00 0.00 0.00 0.00 0.00 0.00 0.00 0.00 0.00 0.00 0.00 0.00 0.00 0.00 0.00 0.00 0.00 0.00 0.00 0.00 0.00 0.00 0.00 0.00 0.00 0.00 0.00 0.00 0.00 0.00 0.01 0.07 0.13 0.20 0.26 0.32 0.38 0.43 0.49 0.54 0.58 0.62 0.65 0.66 0.67 0.68 0.68 0.69 0.69 0.70 0.71 0.72 0.73 0.75 0.76 0.77 0.79 0.80 0.81 0.82 0.83 0.84 0.84
2.07 1.91 1.75 1.58 1.41 1.24 1.07 0.91 0.75 0.61 0.47 0.35 0.24 0.15 0.08 0.02 0.00 0.00 0.00 0.00 0.00 0.00 0.00 0.00 0.00 0.00 0.00 0.00 0.00 0.00 0.00 0.00 0.00 0.00 0.00 0.00 0.00 0.00 0.00 0.00 0.00 0.00 0.00 0.00 0.00 0.00 0.00 0.00 0.00 0.00 0.00 0.00 0.00 0.07 0.14 0.20 0.26 0.33 0.39 0.45 0.50 0.55 0.58 0.61 0.62 0.63 0.64 0.64 0.65 0.65 0.65 0.66 0.67 0.68 0.69 0.71 0.72 0.73 0.75 0.76 0.77 0.78 0.79 0.80
1.87 1.72 1.56 1.40 1.24 1.08 0.92 0.77 0.62 0.49 0.37 0.26 0.17 0.10 0.03 0.00 0.00 0.00 0.00 0.00 0.00 0.00 0.00 0.00 0.00 0.00 0.00 0.00 0.00 0.00 0.00 0.00 0.00 0.00 0.00 0.00 0.00 0.00 0.00 0.00 0.00 0.00 0.00 0.00 0.00 0.00 0.00 0.00 0.00 0.00 0.00 0.00 0.00 0.01 0.08 0.14 0.21 0.28 0.35 0.41 0.46 0.51 0.54 0.57 0.58 0.59 0.59 0.60 0.60 0.60 0.61 0.61 0.62 0.63 0.64 0.65 0.66 0.67 0.69 0.70 0.71 0.72 0.74 0.75
1.67 1.52 1.37 1.22 1.06 0.91 0.77 0.63 0.50 0.38 0.27 0.18 0.11 0.04 0.00 0.00 0.00 0.00 0.00 0.00 0.00 0.00 0.00 0.00 0.00 0.00 0.02 0.04 0.04 0.03 0.01 0.00 0.00 0.00 0.00 0.00 0.00 0.00 0.00 0.00 0.00 0.00 0.00 0.00 0.00 0.00 0.00 0.00 0.00 0.00 0.00 0.00 0.00 0.00 0.02 0.09 0.17 0.24 0.31 0.37 0.42 0.47 0.50 0.52 0.54 0.54 0.55 0.55 0.56 0.56 0.56 0.56 0.56 0.57 0.58 0.59 0.60 0.61 0.62 0.64 0.65 0.67 0.68 0.69
1.47 1.32 1.17 1.03 0.89 0.75 0.62 0.49 0.38 0.28 0.19 0.12 0.05 0.00 0.00 0.00 0.00 0.00 0.00 0.00 0.00 0.00 0.00 0.00 0.00 0.00 0.03 0.06 0.07 0.08 0.07 0.05 0.03 0.00 0.00 0.00 0.00 0.00 0.00 0.00 0.00 0.00 0.00 0.00 0.00 0.00 0.00 0.00 0.00 0.00 0.00 0.00 0.00 0.00 0.00 0.05 0.13 0.20 0.27 0.33 0.38 0.42 0.45 0.48 0.49 0.49 0.50 0.50 0.51 0.51 0.51 0.51 0.51 0.51 0.52 0.53 0.54 0.55 0.56 0.57 0.59 0.60 0.62 0.63
1.28 1.12 0.98 0.84 0.71 0.59 0.48 0.37 0.27 0.19 0.12 0.05 0.00 0.00 0.00 0.00 0.00 0.00 0.00 0.00 0.00 0.00 0.00 0.00 0.00 0.00 0.03 0.07 0.10 0.11 0.12 0.11 0.09 0.06 0.03 0.00 0.00 0.00 0.00 0.00 0.00 0.00 0.00 0.00 0.00 0.00 0.00 0.00 0.00 0.00 0.00 0.00 0.00 0.00 0.00 0.01 0.09 0.17 0.23 0.29 0.34 0.38 0.41 0.43 0.44 0.44 0.45 0.45 0.46 0.46 0.46 0.46 0.46 0.46 0.46 0.47 0.47 0.48 0.50 0.51 0.52 0.54 0.56 0.57
1.09 0.93 0.79 0.66 0.55 0.44 0.34 0.26 0.18 0.12 0.05 0.00 0.00 0.00 0.00 0.00 0.00 0.00 0.00 0.00 0.00 0.00 0.00 0.00 0.00 0.00 0.02 0.07 0.11 0.14 0.15 0.16 0.14 0.12 0.08 0.03 0.00 0.00 0.00 0.00 0.00 0.00 0.00 0.00 0.00 0.00 0.00 0.00 0.00 0.00 0.00 0.00 0.00 0.00 0.00 0.00 0.06 0.13 0.19 0.25 0.29 0.33 0.36 0.37 0.39 0.39 0.40 0.40 0.40 0.41 0.41 0.41 0.41 0.41 0.41 0.41 0.41 0.42 0.43 0.44 0.46 0.48 0.49 0.51
0.91 0.76 0.62 0.50 0.39 0.30 0.22 0.16 0.10 0.05 0.00 0.00 0.00 0.00 0.00 0.00 0.00 0.00 0.00 0.00 0.00 0.00 0.00 0.00 0.00 0.00 0.01 0.06 0.11 0.15 0.18 0.19 0.19 0.17 0.13 0.08 0.02 0.00 0.00 0.00 0.00 0.00 0.00 0.00 0.00 0.00 0.00 0.00 0.00 0.00 0.00 0.00 0.00 0.00 0.00 0.00 0.03 0.09 0.15 0.20 0.24 0.28 0.30 0.32 0.33 0.34 0.34 0.35 0.35 0.35 0.35 0.35 0.36 0.35 0.35 0.35 0.35 0.36 0.37 0.38 0.39 0.41 0.43 0.45
0.74 0.60 0.47 0.35 0.26 0.18 0.12 0.07 0.03 0.00 0.00 0.00 0.00 0.00 0.00 0.00 0.00 0.00 0.00 0.00 0.00 0.00 0.00 0.00 0.00 0.00 0.00 0.05 0.10 0.15 0.19 0.21 0.21 0.20 0.17 0.12 0.07 0.00 0.00 0.00 0.00 0.00 0.00 0.00 0.00 0.00 0.00 0.00 0.00 0.00 0.00 0.00 0.00 0.00 0.00 0.00 0.00 0.05 0.11 0.16 0.20 0.23 0.25 0.27 0.28 0.28 0.29 0.29 0.29 0.30 0.30 0.30 0.30 0.30 0.30 0.30 0.30 0.30 0.31 0.32 0.33 0.35 0.37 0.39
0.59 0.45 0.33 0.23 0.15 0.08 0.04 0.00 0.00 0.00 0.00 0.00 0.00 0.00 0.00 0.00 0.00 0.00 0.00 0.00 0.00 0.00 0.00 0.00 0.00 0.00 0.00 0.05 0.10 0.15 0.19 0.22 0.23 0.22 0.19 0.15 0.10 0.04 0.00 0.00 0.00 0.00 0.00 0.00 0.00 0.00 0.00 0.00 0.00 0.00 0.00 0.00 0.00 0.00 0.00 0.00 0.00 0.02 0.07 0.11 0.15 0.18 0.20 0.22 0.22 0.23 0.23 0.24 0.24 0.24 0.24 0.25 0.25 0.25 0.25 0.25 0.25 0.25 0.25 0.26 0.28 0.29 0.31 0.33
0.45 0.32 0.22 0.13 0.06 0.01 0.00 0.00 0.00 0.00 0.00 0.00 0.00 0.00 0.00 0.00 0.00 0.00 0.00 0.00 0.00 0.00 0.00 0.00 0.00 0.00 0.00 0.04 0.09 0.13 0.17 0.20 0.22 0.22 0.21 0.17 0.13 0.07 0.00 0.00 0.00 0.00 0.00 0.00 0.00 0.00 0.00 0.00 0.00 0.00 0.00 0.00 0.00 0.00 0.00 0.00 0.00 0.00 0.03 0.07 0.10 0.13 0.15 0.16 0.17 0.17 0.18 0.18 0.18 0.19 0.19 0.19 0.19 0.19 0.19 0.20 0.20 0.20 0.20 0.21 0.22 0.24 0.25 0.27
0.32 0.21 0.12 0.05 0.00 0.00 0.00 0.00 0.00 0.00 0.00 0.00 0.00 0.00 0.00 0.00 0.00 0.00 0.00 0.00 0.00 0.00 0.00 0.00 0.00 0.00 0.00 0.03 0.08 0.12 0.15 0.18 0.20 0.22 0.21 0.18 0.14 0.09 0.03 0.00 0.00 0.00 0.00 0.00 0.00 0.00 0.00 0.00 0.00 0.00 0.00 0.00 0.00 0.00 0.00 0.00 0.00 0.00 0.00 0.02 0.05 0.08 0.10 0.11 0.12 0.12 0.12 0.13 0.13 0.13 0.14 0.14 0.14 0.14 0.14 0.15 0.15 0.15 0.16 0.16 0.17 0.18 0.20 0.22
0.22 0.13 0.06 0.00 0.00 0.00 0.00 0.00 0.00 0.00 0.00 0.00 0.00 0.00 0.00 0.00 0.00 0.00 0.00 0.00 0.00 0.00 0.00 0.00 0.00 0.00 0.00 0.02 0.06 0.10 0.13 0.16 0.18 0.19 0.20 0.18 0.15 0.11 0.05 0.00 0.00 0.00 0.00 0.00 0.00 0.00 0.00 0.00 0.00 0.00 0.00 0.00 0.00 0.00 0.00 0.00 0.00 0.00 0.00 0.00 0.01 0.03 0.05 0.06 0.07 0.07 0.07 0.07 0.08 0.08 0.08 0.08 0.09 0.09 0.09 0.10 0.10 0.11 0.12 0.12 0.13 0.14 0.15 0.17
0.14 0.06 0.01 0.00 0.00 0.00 0.00 0.00 0.00 0.00 0.00 0.00 0.00 0.00 0.00 0.00 0.00 0.00 0.00 0.00 0.00 0.00 0.00 0.00 0.00 0.00 0.00 0.00 0.04 0.08 0.11 0.13 0.15 0.16 0.17 0.17 0.15 0.11 0.06 0.00 0.00 0.00 0.00 0.00 0.00 0.00 0.00 0.00 0.00 0.00 0.00 0.00 0.00 0.00 0.00 0.00 0.00 0.00 0.00 0.00 0.00 0.00 0.00 0.01 0.02 0.02 0.02 0.02 0.03 0.03 0.03 0.03 0.04 0.04 0.05 0.05 0.06 0.07 0.08 0.08 0.09 0.10 0.11 0.12
0.07 0.02 0.00 0.00 0.00 0.00 0.00 0.00 0.00 0.00 0.00 0.00 0.00 0.00 0.00 0.00 0.00 0.00 0.00 0.00 0.00 0.00 0.00 0.00 0.00 0.00 0.00 0.00 0.02 0.05 0.08 0.10 0.12 0.13 0.14 0.14 0.13 0.11 0.07 0.02 0.00 0.00 0.00 0.00 0.00 0.00 0.00 0.00 0.00 0.00 0.00 0.00 0.00 0.00 0.00 0.00 0.00 0.00 0.00 0.00 0.00 0.00 0.00 0.00 0.00 0.00 0.00 0.00 0.00 0.00 0.00 0.00 0.00 0.00 0.00 0.01 0.02 0.03 0.04 0.05 0.06 0.07 0.07 0.08
0.03 0.00 0.00 0.00 0.00 0.00 0.00 0.00 0.00 0.00 0.00 0.00 0.00 0.00 0.00 0.00 0.00 0.00 0.00 0.00 0.00 0.00 0.00 0.00 0.00 0.00 0.00 0.00 0.00 0.02 0.05 0.07 0.08 0.10 0.10 0.11 0.11 0.10 0.07 0.03 0.00 0.00 0.00 0.00 0.00 0.00 0.00 0.00 0.00 0.00 0.00 0.00 0.00 0.00 0.00 0.00 0.00 0.00 0.00 0.00 0.00 0.00 0.00 0.00 0.00 0.00 0.00 0.00 0.00 0.00 0.00 0.00 0.00 0.00 0.00 0.00 0.00 0.00 0.01 0.02 0.03 0.04 0.04 0.05
0.00 0.00 0.00 0.00 0.00 0.00 0.00 0.00 0.00 0.00 0.00 0.00 0.00 0.00 0.00 0.00 0.00 0.00 0.00 0.00 0.00 0.00 0.00 0.00 0.00 0.00 0.00 0.00 0.00 0.00 0.01 0.03 0.05 0.06 0.07 0.08 0.08 0.08 0.06 0.04 0.00 0.00 0.00 0.00 0.00 0.00 0.00 0.00 0.00 0.00 0.00 0.00 0.00 0.00 0.00 0.00 0.00 0.00 0.00 0.00 0.00 0.00 0.00 0.00 0.00 0.00 0.00 0.00 0.00 0.00 0.00 0.00 0.00 0.00 0.00 0.00 0.00 0.00 0.00 0.00 0.00 0.01 0.02 0.03
0.00 0.00 0.00 0.00 0.00 0.00 0.00 0.00 0.00 0.00 0.00 0.00 0.00 0.00 0.00 0.00 0.00 0.00 0.00 0.00 0.00 0.00 0.00 0.00 0.00 0.00 0.00 0.00 0.00 0.00 0.00 0.00 0.01 0.03 0.04 0.04 0.05 0.05 0.04 0.03 0.01 0.00 0.00 0.00 0.00 0.00 0.00 0.00 0.00 0.00 0.00 0.00 0.00 0.00 0.00 0.00 0.00 0.00 0.00 0.00 0.00 0.00 0.00 0.00 0.00 0.00 0.00 0.00 0.00 0.00 0.00 0.00 0.00 0.00 0.00 0.00 0.00 0.00 0.00 0.00 0.00 0.00 0.00 0.00
0.00 0.00 0.00 0.00 0.00 0.00 0.00 0.00 0.00 0.00 0.00 0.00 0.00 0.00 0.00 0.00 0.00 0.00 0.00 0.00 0.00 0.00 0.00 0.00 0.00 0.00 0.00 0.00 0.00 0.00 0.00 0.00 0.00 0.00 0.00 0.01 0.02 0.02 0.02 0.02 0.01 0.00 0.00 0.00 0.00 0.00 0.00 0.00 0.00 0.00 0.00 0.00 0.00 0.00 0.00 0.00 0.00 0.00 0.00 0.00 0.00 0.00 0.00 0.00 0.00 0.00 0.00 0.00 0.00 0.00 0.00 0.00 0.00 0.00 0.00 0.00 0.00 0.00 0.00 0.00 0.00 0.00 0.00 0.00
0.00 0.00 0.00 0.00 0.00 0.00 0.00 0.00 0.00 0.00 0.00 0.00 0.00 0.00 0.00 0.00 0.00 0.00 0.00 0.00 0.00 0.00 0.00 0.00 0.00 0.00 0.00 0.00 0.00 0.00 0.00 0.00 0.00 0.00 0.00 0.00 0.00 0.00 0.00 0.01 0.00 0.00 0.00 0.00 0.00 0.00 0.00 0.00 0.00 0.00 0.00 0.00 0.00 0.00 0.00 0.00 0.00 0.00 0.00 0.00 0.00 0.00 0.00 0.00 0.00 0.00 0.00 0.00 0.00 0.00 0.00 0.00 0.00 0.00 0.00 0.00 0.00 0.00 0.00 0.00 0.00 0.00 0.00 0.00
0.00 0.00 0.00 0.00 0.00 0.00 0.00 0.00 0.00 0.00 0.00 0.00 0.00 0.00 0.00 0.00 0.00 0.00 0.00 0.00 0.00 0.00 0.00 0.00 0.00 0.00 0.00 0.00 0.00 0.00 0.00 0.00 0.00 0.00 0.00 0.00 0.00 0.00 0.00 0.00 0.00 0.00 0.00 0.00 0.00 0.00 0.00 0.00 0.00 0.00 0.00 0.00 0.00 0.00 0.00 0.00 0.00 0.00 0.00 0.00 0.00 0.00 0.00 0.00 0.00 0.00 0.00 0.00 0.00 0.00 0.00 0.00 0.00 0.00 0.00 0.00 0.00 0.00 0.00 0.00 0.00 0.00 0.00 0.00
0.00 0.00 0.00 0.00 0.00 0.00 0.00 0.00 0.00 0.00 0.00 0.00 0.00 0.00 0.00 0.00 0.00 0.00 0.00 0.00 0.00 0.00 0.00 0.00 0.00 0.00 0.00 0.00 0.00 0.00 0.00 0.00 0.00 0.00 0.00 0.00 0.00 0.00 0.00 0.00 0.00 0.00 0.00 0.00 0.00 0.00 0.00 0.00 0.00 0.00 0.00 0.00 0.00 0.00 0.00 0.00 0.00 0.00 0.00 0.00 0.00 0.00 0.00 0.00 0.00 0.00 0.00 0.00 0.00 0.00 0.00 0.00 0.00 0.00 0.00 0.00 0.00 0.00 0.00 0.00 0.00 0.00 0.00 0.00
