data_processed/recharge/precip/Precip_1987_07.asc
ncols        168
nrows        136
xllcorner    455000
yllcorner    2107000
cellsize     500
NODATA_value     -99999
[rows 0 to 31 of 136, columns 72 to 143 of 168]
142.76 143.68 144.60 145.51 146.41 147.31 148.20 149.08 149.95 150.80 151.65 152.48 153.29 154.10 154.90 155.69 156.47 157.24 158.00 158.74 159.48 160.20 160.90 161.59 162.26 162.92 163.56 164.18 164.78 165.36 165.91 166.45 166.96 167.45 167.92 168.36 168.78 169.16 169.53 169.86 170.16 170.43 170.68 170.88 171.04 171.15 171.20 171.19 171.13 171.01 170.84 170.62 170.35 170.02 169.65 169.66 170.60 172.47 175.16 178.58 182.62 187.20 192.20 197.53 203.09 208.79 214.50 220.10 225.52 230.74 235.73 240.48
142.82 143.71 144.60 145.48 146.36 147.23 148.10 148.95 149.80 150.63 151.45 152.26 153.06 153.84 154.62 155.38 156.14 156.89 157.63 158.35 159.07 159.78 160.47 161.14 161.81 162.45 163.08 163.69 164.29 164.87 165.42 165.96 166.47 166.97 167.44 167.88 168.30 168.70 169.07 169.41 169.73 170.02 170.27 170.48 170.63 170.74 170.79 170.79 170.73 170.63 170.47 170.26 170.01 169.70 169.36 169.39 170.37 172.28 175.01 178.48 182.58 187.22 192.29 197.70 203.35 209.13 214.96 220.72 226.29 231.63 236.71 241.51
142.91 143.77 144.63 145.48 146.33 147.18 148.02 148.85 149.67 150.49 151.29 152.08 152.85 153.62 154.36 155.10 155.84 156.56 157.28 157.99 158.69 159.38 160.05 160.71 161.36 162.00 162.62 163.22 163.81 164.38 164.94 165.47 165.98 166.48 166.95 167.40 167.83 168.23 168.61 168.96 169.29 169.58 169.84 170.04 170.19 170.29 170.34 170.34 170.30 170.20 170.06 169.87 169.63 169.34 169.02 169.08 170.09 172.04 174.82 178.35 182.50 187.20 192.35 197.83 203.56 209.43 215.36 221.23 226.94 232.41 237.58 242.44
143.02 143.85 144.68 145.51 146.33 147.15 147.97 148.78 149.57 150.36 151.15 151.91 152.67 153.41 154.14 154.86 155.57 156.27 156.96 157.65 158.33 159.00 159.66 160.30 160.94 161.56 162.17 162.77 163.35 163.91 164.46 164.99 165.50 165.99 166.47 166.92 167.35 167.76 168.14 168.50 168.83 169.12 169.37 169.56 169.71 169.81 169.86 169.87 169.83 169.74 169.61 169.43 169.21 168.95 168.65 168.73 169.78 171.77 174.60 178.17 182.39 187.15 192.36 197.92 203.73 209.69 215.71 221.68 227.51 233.09 238.36 243.28
143.17 143.96 144.77 145.56 146.36 147.15 147.94 148.72 149.50 150.27 151.03 151.77 152.51 153.24 153.95 154.64 155.33 156.00 156.67 157.34 157.99 158.64 159.28 159.91 160.53 161.14 161.74 162.32 162.89 163.45 163.99 164.51 165.02 165.51 165.98 166.43 166.87 167.28 167.67 168.03 168.36 168.63 168.87 169.05 169.20 169.29 169.35 169.36 169.32 169.25 169.13 168.96 168.76 168.52 168.24 168.35 169.43 171.46 174.33 177.96 182.23 187.06 192.34 197.98 203.87 209.92 216.03 222.10 228.03 233.73 239.10 244.08
143.33 144.10 144.87 145.64 146.41 147.18 147.94 148.70 149.45 150.19 150.93 151.66 152.37 153.08 153.77 154.45 155.11 155.76 156.41 157.05 157.68 158.31 158.93 159.54 160.14 160.74 161.32 161.89 162.45 162.99 163.53 164.04 164.55 165.03 165.50 165.95 166.38 166.80 167.19 167.54 167.85 168.11 168.34 168.52 168.65 168.75 168.80 168.81 168.79 168.72 168.61 168.46 168.28 168.05 167.80 167.94 169.05 171.12 174.04 177.71 182.04 186.93 192.28 197.99 203.97 210.11 216.31 222.48 228.52 234.33 239.81 244.88
143.53 144.26 145.00 145.74 146.48 147.22 147.96 148.69 149.42 150.14 150.85 151.56 152.25 152.94 153.61 154.27 154.92 155.55 156.17 156.79 157.39 158.00 158.60 159.19 159.77 160.35 160.91 161.47 162.02 162.55 163.07 163.58 164.08 164.56 165.02 165.47 165.90 166.31 166.69 167.02 167.31 167.57 167.78 167.95 168.08 168.17 168.23 168.24 168.22 168.16 168.07 167.93 167.76 167.56 167.33 167.49 168.64 170.74 173.71 177.43 181.82 186.77 192.19 197.98 204.03 210.26 216.56 222.83 228.97 234.90 240.49 245.67
143.74 144.45 145.15 145.87 146.58 147.29 148.00 148.70 149.40 150.10 150.79 151.48 152.15 152.82 153.47 154.11 154.74 155.36 155.96 156.55 157.13 157.71 158.29 158.86 159.42 159.98 160.53 161.07 161.60 162.12 162.63 163.13 163.61 164.09 164.55 164.99 165.41 165.81 166.16 166.48 166.75 166.99 167.19 167.35 167.48 167.57 167.63 167.64 167.63 167.58 167.49 167.37 167.22 167.04 166.83 167.02 168.20 170.34 173.35 177.12 181.57 186.58 192.07 197.93 204.07 210.38 216.77 223.14 229.40 235.43 241.14 246.45
143.98 144.65 145.33 146.01 146.69 147.37 148.05 148.73 149.41 150.08 150.75 151.41 152.07 152.71 153.35 153.97 154.59 155.19 155.77 156.34 156.90 157.45 158.00 158.55 159.09 159.63 160.15 160.68 161.19 161.70 162.20 162.68 163.16 163.62 164.07 164.51 164.91 165.28 165.61 165.91 166.17 166.39 166.58 166.74 166.86 166.95 167.00 167.02 167.01 166.97 166.89 166.79 166.65 166.49 166.30 166.52 167.73 169.91 172.96 176.79 181.29 186.37 191.92 197.86 204.08 210.48 216.96 223.43 229.79 235.93 241.77 247.19
144.23 144.87 145.52 146.17 146.82 147.48 148.13 148.78 149.44 150.08 150.73 151.37 152.00 152.62 153.24 153.84 154.44 155.02 155.59 156.15 156.69 157.22 157.74 158.26 158.78 159.29 159.80 160.30 160.80 161.29 161.77 162.25 162.71 163.16 163.60 164.01 164.39 164.73 165.04 165.32 165.56 165.77 165.95 166.10 166.21 166.30 166.35 166.37 166.37 166.33 166.27 166.18 166.06 165.91 165.75 165.99 167.23 169.45 172.55 176.43 180.98 186.12 191.75 197.76 204.06 210.55 217.12 223.69 230.15 236.41 242.36 247.91
144.51 145.11 145.73 146.35 146.97 147.60 148.22 148.85 149.47 150.10 150.72 151.33 151.94 152.55 153.14 153.73 154.31 154.87 155.43 155.97 156.49 157.00 157.50 158.00 158.49 158.98 159.47 159.95 160.43 160.90 161.36 161.82 162.27 162.71 163.12 163.50 163.85 164.17 164.46 164.71 164.94 165.13 165.30 165.44 165.55 165.63 165.68 165.71 165.71 165.68 165.63 165.55 165.44 165.32 165.18 165.44 166.72 168.97 172.11 176.04 180.65 185.86 191.55 197.64 204.01 210.59 217.26 223.92 230.49 236.86 242.92 248.60
144.80 145.37 145.95 146.54 147.13 147.73 148.33 148.93 149.53 150.13 150.72 151.31 151.90 152.48 153.06 153.63 154.19 154.73 155.27 155.80 156.31 156.81 157.29 157.76 158.22 158.69 159.15 159.61 160.07 160.52 160.96 161.41 161.84 162.25 162.63 162.98 163.30 163.59 163.85 164.09 164.30 164.48 164.63 164.76 164.86 164.94 164.99 165.02 165.02 165.00 164.96 164.90 164.81 164.70 164.58 164.88 166.18 168.47 171.66 175.63 180.30 185.57 191.33 197.49 203.95 210.61 217.37 224.13 230.80 237.28 243.47 249.26
145.10 145.64 146.19 146.75 147.31 147.88 148.45 149.02 149.59 150.17 150.74 151.31 151.87 152.43 152.99 153.53 154.07 154.60 155.13 155.63 156.13 156.61 157.08 157.54 157.98 158.41 158.85 159.29 159.72 160.15 160.58 161.00 161.40 161.77 162.12 162.43 162.73 162.99 163.23 163.45 163.64 163.80 163.95 164.07 164.16 164.24 164.29 164.32 164.33 164.31 164.28 164.23 164.16 164.07 163.97 164.29 165.62 167.95 171.18 175.21 179.93 185.26 191.09 197.32 203.86 210.61 217.46 224.32 231.10 237.69 243.99 249.91
145.42 145.93 146.45 146.97 147.50 148.04 148.58 149.13 149.67 150.22 150.76 151.31 151.85 152.39 152.92 153.45 153.97 154.48 154.99 155.48 155.96 156.43 156.89 157.33 157.75 158.16 158.57 158.98 159.39 159.80 160.20 160.59 160.95 161.29 161.60 161.88 162.15 162.38 162.60 162.80 162.97 163.12 163.25 163.36 163.45 163.52 163.57 163.60 163.61 163.61 163.59 163.55 163.49 163.42 163.34 163.68 165.05 167.42 170.69 174.76 179.55 184.93 190.83 197.14 203.76 210.59 217.53 224.49 231.37 238.07 244.49 250.53
145.76 146.23 146.71 147.21 147.71 148.21 148.72 149.24 149.76 150.28 150.80 151.32 151.84 152.35 152.87 153.37 153.87 154.37 154.86 155.33 155.80 156.25 156.69 157.12 157.54 157.93 158.32 158.70 159.08 159.46 159.83 160.17 160.49 160.79 161.07 161.32 161.55 161.77 161.96 162.13 162.29 162.42 162.54 162.64 162.72 162.79 162.84 162.87 162.89 162.89 162.88 162.85 162.81 162.75 162.70 163.07 164.46 166.87 170.18 174.31 179.14 184.59 190.56 196.94 203.63 210.55 217.59 224.65 231.63 238.44 244.97 251.14
146.10 146.54 146.99 147.45 147.92 148.39 148.88 149.36 149.85 150.35 150.84 151.34 151.83 152.33 152.82 153.30 153.78 154.26 154.73 155.19 155.64 156.08 156.51 156.92 157.32 157.71 158.08 158.44 158.79 159.13 159.45 159.75 160.03 160.29 160.53 160.75 160.95 161.14 161.31 161.46 161.60 161.72 161.82 161.91 161.99 162.05 162.10 162.13 162.15 162.16 162.16 162.14 162.12 162.08 162.04 162.44 163.86 166.31 169.66 173.84 178.73 184.24 190.27 196.72 203.50 210.50 217.63 224.79 231.87 238.79 245.44 251.73
146.46 146.86 147.28 147.70 148.14 148.58 149.04 149.49 149.96 150.42 150.89 151.36 151.83 152.30 152.77 153.24 153.70 154.16 154.61 155.05 155.48 155.91 156.32 156.72 157.11 157.49 157.84 158.18 158.50 158.79 159.06 159.32 159.56 159.78 159.98 160.17 160.35 160.51 160.65 160.78 160.90 161.01 161.10 161.18 161.25 161.30 161.35 161.38 161.41 161.42 161.43 161.42 161.41 161.39 161.38 161.80 163.26 165.73 169.13 173.35 178.30 183.87 189.97 196.49 203.35 210.44 217.66 224.91 232.10 239.13 245.90 252.30
146.82 147.19 147.57 147.96 148.37 148.78 149.20 149.63 150.07 150.50 150.95 151.39 151.84 152.29 152.73 153.18 153.62 154.05 154.48 154.91 155.33 155.74 156.13 156.52 156.90 157.26 157.61 157.92 158.20 158.45 158.67 158.89 159.08 159.27 159.44 159.60 159.74 159.87 159.99 160.10 160.20 160.29 160.37 160.44 160.50 160.55 160.59 160.63 160.66 160.68 160.69 160.70 160.70 160.70 160.71 161.15 162.64 165.15 168.59 172.86 177.86 183.49 189.66 196.26 203.19 210.37 217.68 225.03 232.32 239.46 246.34 252.87
147.19 147.52 147.87 148.23 148.60 148.98 149.37 149.77 150.18 150.59 151.01 151.43 151.85 152.27 152.69 153.12 153.54 153.95 154.36 154.77 155.17 155.56 155.95 156.32 156.69 157.03 157.35 157.64 157.89 158.10 158.29 158.45 158.61 158.76 158.89 159.02 159.13 159.24 159.33 159.42 159.50 159.57 159.64 159.70 159.75 159.79 159.83 159.87 159.90 159.93 159.95 159.97 159.99 160.01 160.03 160.50 162.02 164.57 168.05 172.37 177.42 183.11 189.34 196.02 203.03 210.29 217.69 225.14 232.53 239.78 246.78 253.43
147.57 147.86 148.18 148.50 148.84 149.19 149.55 149.92 150.30 150.68 151.07 151.46 151.86 152.26 152.66 153.06 153.45 153.85 154.24 154.63 155.02 155.39 155.76 156.12 156.47 156.79 157.08 157.33 157.55 157.74 157.90 158.02 158.14 158.25 158.35 158.44 158.52 158.60 158.67 158.74 158.80 158.85 158.90 158.95 159.00 159.04 159.08 159.11 159.15 159.18 159.21 159.24 159.27 159.31 159.35 159.84 161.39 163.97 167.50 171.86 176.97 182.73 189.02 195.77 202.86 210.20 217.69 225.24 232.74 240.09 247.21 253.98
147.95 148.21 148.48 148.78 149.08 149.40 149.73 150.07 150.41 150.77 151.13 151.50 151.87 152.24 152.62 153.00 153.37 153.75 154.12 154.49 154.86 155.22 155.57 155.91 156.23 156.52 156.77 157.00 157.19 157.36 157.49 157.59 157.67 157.74 157.80 157.86 157.91 157.96 158.01 158.06 158.10 158.14 158.17 158.21 158.25 158.28 158.32 158.35 158.39 158.43 158.47 158.51 158.56 158.61 158.67 159.18 160.76 163.38 166.95 171.36 176.52 182.34 188.70 195.52 202.69 210.11 217.70 225.34 232.94 240.40 247.63 254.52
148.33 148.55 148.80 149.05 149.33 149.61 149.91 150.21 150.53 150.86 151.19 151.53 151.88 152.23 152.58 152.93 153.29 153.64 154.00 154.35 154.70 155.04 155.37 155.68 155.97 156.22 156.45 156.65 156.81 156.95 157.07 157.15 157.21 157.24 157.27 157.29 157.31 157.34 157.36 157.38 157.40 157.42 157.45 157.47 157.50 157.53 157.56 157.60 157.64 157.68 157.73 157.78 157.84 157.91 157.99 158.53 160.13 162.79 166.40 170.86 176.07 181.95 188.37 195.26 202.51 210.02 217.70 225.43 233.14 240.71 248.05 255.06
148.72 148.90 149.11 149.33 149.57 149.82 150.09 150.36 150.65 150.95 151.25 151.56 151.88 152.21 152.54 152.87 153.20 153.53 153.87 154.20 154.53 154.85 155.15 155.43 155.68 155.90 156.10 156.27 156.41 156.53 156.62 156.69 156.73 156.74 156.74 156.73 156.72 156.71 156.71 156.71 156.71 156.71 156.72 156.74 156.76 156.78 156.81 156.84 156.89 156.94 156.99 157.06 157.13 157.21 157.31 157.87 159.51 162.20 165.85 170.36 175.63 181.56 188.05 195.01 202.34 209.93 217.70 225.53 233.34 241.02 248.47 255.60
149.10 149.25 149.42 149.61 149.81 150.03 150.26 150.51 150.76 151.03 151.31 151.59 151.89 152.18 152.49 152.80 153.11 153.42 153.73 154.04 154.35 154.64 154.91 155.15 155.36 155.56 155.72 155.87 155.99 156.08 156.16 156.21 156.23 156.23 156.21 156.17 156.13 156.10 156.07 156.05 156.03 156.02 156.01 156.01 156.02 156.04 156.06 156.10 156.14 156.20 156.26 156.34 156.42 156.52 156.64 157.22 158.89 161.61 165.30 169.86 175.18 181.17 187.73 194.76 202.17 209.84 217.70 225.63 233.54 241.33 248.90 256.15
149.49 149.60 149.73 149.88 150.05 150.24 150.44 150.65 150.88 151.11 151.36 151.62 151.88 152.16 152.44 152.72 153.01 153.30 153.59 153.88 154.15 154.40 154.63 154.84 155.02 155.19 155.33 155.45 155.54 155.62 155.67 155.70 155.72 155.71 155.68 155.63 155.56 155.50 155.44 155.39 155.36 155.33 155.31 155.30 155.30 155.31 155.33 155.36 155.41 155.47 155.54 155.63 155.72 155.84 155.98 156.58 158.27 161.04 164.77 169.37 174.74 180.79 187.42 194.52 202.00 209.76 217.71 225.73 233.74 241.64 249.32 256.69
149.87 149.94 150.04 150.16 150.29 150.44 150.61 150.79 150.98 151.19 151.41 151.64 151.87 152.12 152.37 152.63 152.90 153.17 153.43 153.69 153.92 154.14 154.33 154.50 154.66 154.79 154.90 155.00 155.07 155.13 155.17 155.19 155.18 155.17 155.13 155.07 155.00 154.91 154.83 154.76 154.70 154.65 154.62 154.59 154.58 154.59 154.61 154.64 154.69 154.75 154.83 154.92 155.04 155.16 155.32 155.95 157.67 160.47 164.24 168.89 174.31 180.42 187.11 194.29 201.84 209.69 217.72 225.84 233.95 241.96 249.75 257.25
150.25 150.28 150.34 150.42 150.52 150.64 150.77 150.92 151.08 151.26 151.45 151.65 151.86 152.08 152.30 152.54 152.78 153.02 153.25 153.47 153.66 153.84 154.00 154.14 154.26 154.37 154.46 154.53 154.59 154.62 154.64 154.65 154.64 154.61 154.56 154.50 154.42 154.33 154.23 154.13 154.05 153.99 153.94 153.90 153.88 153.88 153.90 153.93 153.98 154.04 154.13 154.23 154.36 154.50 154.68 155.33 157.08 159.91 163.72 168.41 173.89 180.06 186.82 194.06 201.69 209.62 217.74 225.96 234.17 242.28 250.19 257.81
150.62 150.62 150.64 150.68 150.74 150.83 150.92 151.04 151.17 151.32 151.48 151.65 151.83 152.02 152.23 152.43 152.65 152.85 153.04 153.21 153.37 153.51 153.64 153.75 153.84 153.92 153.99 154.04 154.07 154.09 154.10 154.09 154.07 154.03 153.98 153.92 153.84 153.74 153.64 153.53 153.43 153.34 153.28 153.23 153.20 153.19 153.20 153.23 153.28 153.35 153.45 153.56 153.70 153.86 154.05 154.72 156.50 159.36 163.21 167.95 173.49 179.71 186.53 193.85 201.56 209.57 217.78 226.09 234.40 242.62 250.65 258.39
150.99 150.95 150.93 150.93 150.96 151.01 151.07 151.15 151.25 151.37 151.50 151.64 151.79 151.96 152.13 152.32 152.49 152.65 152.80 152.93 153.05 153.16 153.25 153.33 153.40 153.45 153.50 153.53 153.54 153.55 153.54 153.52 153.48 153.44 153.38 153.32 153.24 153.15 153.05 152.93 152.82 152.72 152.64 152.57 152.54 152.52 152.52 152.55 152.60 152.68 152.78 152.90 153.05 153.22 153.44 154.13 155.93 158.83 162.72 167.51 173.09 179.38 186.26 193.65 201.43 209.53 217.83 226.23 234.65 242.97 251.09 258.95
151.35 151.27 151.21 151.18 151.17 151.18 151.21 151.26 151.32 151.41 151.51 151.62 151.74 151.88 152.03 152.17 152.30 152.42 152.52 152.62 152.70 152.78 152.84 152.89 152.93 152.96 152.98 152.99 152.99 152.98 152.96 152.92 152.88 152.83 152.77 152.70 152.63 152.54 152.44 152.34 152.22 152.11 152.01 151.94 151.89 151.87 151.87 151.89 151.95 152.02 152.13 152.26 152.42 152.61 152.84 153.56 155.39 158.32 162.25 167.08 172.72 179.06 186.01 193.46 201.33 209.50 217.89 226.39 234.90 243.29 251.48 259.44
151.70 151.58 151.48 151.41 151.36 151.34 151.33 151.35 151.38 151.43 151.50 151.58 151.68 151.79 151.89 151.99 152.07 152.15 152.22 152.28 152.33 152.37 152.40 152.42 152.44 152.44 152.44 152.43 152.41 152.39 152.35 152.31 152.27 152.21 152.15 152.08 152.00 151.92 151.83 151.73 151.63 151.52 151.41 151.33 151.27 151.24 151.23 151.26 151.31 151.39 151.50 151.64 151.82 152.02 152.27 153.00 154.86 157.82 161.79 166.67 172.36 178.76 185.77 193.30 201.24 209.49 217.97 226.55 235.10 243.51 251.75 259.78
152.04 151.88 151.74 151.63 151.55 151.49 151.45 151.43 151.43 151.45 151.48 151.54 151.60 151.66 151.72 151.77 151.81 151.85 151.88 151.90 151.92 151.93 151.93 151.92 151.91 151.90 151.88 151.85 151.82 151.78 151.73 151.68 151.63 151.57 151.51 151.44 151.36 151.29 151.20 151.12 151.03 150.93 150.83 150.74 150.67 150.63 150.62 150.64 150.70 150.78 150.90 151.05 151.23 151.45 151.71 152.47 154.36 157.35 161.36 166.29 172.02 178.48 185.56 193.15 201.17 209.51 218.06 226.65 235.17 243.58 251.84 259.92
