data_processed/recharge/precip/Precip_2001_07.asc
ncols        168
nrows        136
xllcorner    455000
yllcorner    2107000
cellsize     500
NODATA_value     -99999
[rows 32 to 63 of 136, columns 0 to 71 of 168]
206.47 206.26 206.25 206.20 206.11 205.98 205.79 205.55 205.26 204.90 204.48 203.99 203.44 202.81 202.10 201.32 200.46 199.51 198.47 197.34 196.13 194.88 193.66 192.51 191.53 190.82 190.36 190.05 189.61 188.88 187.90 186.68 185.26 183.65 181.88 179.98 177.97 175.87 173.72 171.54 169.35 167.17 165.04 162.98 161.01 159.15 157.39 155.62 153.83 152.09 150.74 150.18 150.38 151.17 152.16 153.15 154.13 155.10 156.06 156.99 157.90 158.77 159.61 160.40 161.15 161.85 162.50 163.08 163.60 164.05 164.43 164.73
205.06 204.43 204.32 204.39 204.42 204.40 204.32 204.18 203.98 203.71 203.37 202.97 202.48 201.92 201.27 200.54 199.72 198.82 197.81 196.72 195.57 194.40 193.27 192.23 191.37 190.76 190.40 190.25 190.23 190.04 189.55 188.77 187.74 186.46 184.98 183.32 181.49 179.53 177.46 175.31 173.09 170.85 168.59 166.35 164.16 161.97 159.71 157.34 154.93 152.53 150.52 149.31 148.87 149.16 150.02 151.05 152.09 153.13 154.15 155.16 156.14 157.09 158.02 158.91 159.76 160.56 161.31 162.01 162.65 163.22 163.72 164.08
203.78 202.69 202.19 202.19 202.34 202.45 202.49 202.47 202.37 202.21 201.97 201.65 201.25 200.77 200.19 199.53 198.77 197.92 196.97 195.93 194.85 193.77 192.74 191.80 191.05 190.55 190.28 190.23 190.37 190.59 190.62 190.32 189.72 188.82 187.66 186.27 184.67 182.88 180.93 178.85 176.65 174.37 172.03 169.66 167.22 164.62 161.85 158.95 155.97 152.98 150.37 148.57 147.56 147.29 147.71 148.67 149.79 150.92 152.05 153.16 154.25 155.32 156.37 157.38 158.36 159.30 160.20 161.04 161.83 162.56 163.14 163.39
202.63 201.12 200.20 199.84 199.94 200.18 200.35 200.46 200.49 200.44 200.31 200.10 199.80 199.41 198.92 198.34 197.66 196.87 195.97 194.99 193.98 192.99 192.06 191.23 190.59 190.20 190.03 190.07 190.29 190.67 191.10 191.31 191.17 190.69 189.90 188.82 187.48 185.90 184.11 182.14 180.00 177.72 175.34 172.82 170.05 167.04 163.82 160.44 156.96 153.44 150.29 147.97 146.45 145.68 145.62 146.21 147.30 148.55 149.81 151.06 152.30 153.52 154.72 155.89 157.04 158.15 159.21 160.24 161.21 162.04 162.53 162.61
201.60 199.72 198.42 197.67 197.45 197.65 197.96 198.21 198.38 198.46 198.46 198.36 198.17 197.89 197.51 197.02 196.41 195.68 194.83 193.91 192.98 192.07 191.24 190.53 190.00 189.72 189.65 189.78 190.08 190.54 191.11 191.72 192.08 192.05 191.66 190.94 189.90 188.57 186.98 185.15 183.11 180.88 178.44 175.68 172.58 169.21 165.60 161.81 157.89 153.90 150.28 147.49 145.52 144.32 143.84 144.02 144.81 146.08 147.50 148.92 150.34 151.75 153.13 154.50 155.84 157.16 158.43 159.67 160.76 161.50 161.83 161.75
200.67 198.47 196.84 195.75 195.17 195.08 195.37 195.77 196.09 196.32 196.45 196.49 196.43 196.27 196.00 195.60 195.05 194.35 193.55 192.70 191.85 191.03 190.30 189.70 189.29 189.11 189.15 189.37 189.76 190.29 190.94 191.68 192.42 192.88 192.93 192.60 191.90 190.86 189.51 187.86 185.96 183.76 181.17 178.17 174.81 171.14 167.21 163.07 158.77 154.37 150.34 147.15 144.79 143.21 142.37 142.20 142.67 143.71 145.19 146.81 148.44 150.07 151.68 153.27 154.84 156.39 157.91 159.29 160.30 160.88 161.05 160.81
199.85 197.37 195.45 194.06 193.17 192.77 192.81 193.20 193.67 194.06 194.35 194.54 194.62 194.59 194.43 194.08 193.55 192.90 192.16 191.37 190.59 189.87 189.23 188.75 188.46 188.39 188.53 188.85 189.32 189.93 190.65 191.45 192.32 193.15 193.68 193.78 193.46 192.75 191.67 190.25 188.47 186.21 183.47 180.29 176.72 172.82 168.63 164.20 159.58 154.84 150.45 146.92 144.24 142.35 141.21 140.76 140.95 141.74 143.06 144.80 146.67 148.54 150.41 152.26 154.10 155.91 157.60 158.91 159.77 160.19 160.20 159.82
199.11 196.40 194.24 192.60 191.46 190.78 190.54 190.71 191.20 191.75 192.20 192.55 192.79 192.88 192.76 192.43 191.94 191.33 190.64 189.92 189.22 188.59 188.06 187.69 187.52 187.56 187.81 188.22 188.78 189.47 190.26 191.13 192.05 193.00 193.90 194.45 194.55 194.21 193.45 192.24 190.49 188.17 185.34 182.04 178.33 174.25 169.86 165.20 160.33 155.31 150.63 146.82 143.87 141.73 140.35 139.68 139.67 140.26 141.40 143.05 145.08 147.23 149.39 151.53 153.67 155.68 157.30 158.45 159.16 159.43 159.30 158.78
198.45 195.55 193.20 191.36 190.00 189.10 188.62 188.55 188.85 189.44 190.07 190.59 190.96 191.09 190.99 190.68 190.22 189.65 189.01 188.37 187.75 187.20 186.78 186.52 186.48 186.64 186.98 187.49 188.15 188.91 189.78 190.71 191.69 192.69 193.70 194.61 195.15 195.22 194.76 193.67 191.95 189.63 186.77 183.42 179.62 175.43 170.90 166.07 161.01 155.77 150.86 146.83 143.68 141.35 139.80 138.97 138.81 139.27 140.30 141.84 143.85 146.21 148.68 151.15 153.50 155.46 156.93 157.93 158.49 158.62 158.35 157.69
197.85 194.82 192.32 190.33 188.80 187.72 187.06 186.79 186.88 187.31 187.99 188.66 189.07 189.20 189.10 188.82 188.39 187.86 187.29 186.71 186.17 185.72 185.41 185.27 185.34 185.62 186.07 186.68 187.42 188.27 189.21 190.21 191.25 192.30 193.35 194.36 195.25 195.70 195.45 194.48 192.84 190.59 187.76 184.41 180.59 176.35 171.74 166.82 161.62 156.22 151.15 146.96 143.67 141.22 139.55 138.62 138.37 138.76 139.73 141.24 143.22 145.63 148.36 151.06 153.37 155.17 156.49 157.35 157.77 157.77 157.37 156.59
197.32 194.20 191.60 189.49 187.84 186.64 185.83 185.41 185.35 185.60 186.11 186.68 187.08 187.21 187.12 186.86 186.46 185.98 185.47 184.96 184.51 184.15 183.94 183.92 184.12 184.51 185.07 185.78 186.62 187.55 188.57 189.63 190.73 191.84 192.92 193.97 194.91 195.50 195.45 194.66 193.17 191.04 188.30 185.02 181.24 177.02 172.39 167.42 162.16 156.66 151.48 147.21 143.83 141.31 139.60 138.63 138.36 138.74 139.72 141.24 143.26 145.71 148.43 151.01 153.16 154.82 156.00 156.72 157.01 156.88 156.36 155.46
196.83 193.67 191.01 188.84 187.12 185.83 184.94 184.41 184.23 184.31 184.50 184.74 185.00 185.12 185.05 184.81 184.45 184.02 183.56 183.13 182.76 182.50 182.40 182.50 182.82 183.33 184.00 184.81 185.74 186.76 187.85 188.99 190.15 191.30 192.44 193.47 194.25 194.70 194.77 194.21 192.93 190.98 188.40 185.25 181.57 177.42 172.85 167.89 162.62 157.09 151.87 147.56 144.17 141.65 139.94 139.00 138.77 139.20 140.24 141.85 143.95 146.38 148.77 150.97 152.91 154.42 155.47 156.06 156.22 155.98 155.34 154.33
196.38 193.22 190.56 188.37 186.63 185.30 184.36 183.78 183.47 183.27 183.10 182.99 182.95 182.96 182.89 182.68 182.36 181.98 181.58 181.22 180.94 180.78 180.79 181.01 181.46 182.08 182.87 183.78 184.80 185.91 187.08 188.28 189.50 190.71 191.84 192.73 193.30 193.57 193.54 193.13 192.12 190.41 188.05 185.09 181.58 177.56 173.09 168.22 163.00 157.50 152.29 148.02 144.67 142.21 140.57 139.72 139.59 140.13 141.31 143.05 145.17 147.30 149.28 151.08 152.67 153.99 154.90 155.38 155.42 155.06 154.32 153.21
195.96 192.85 190.23 188.07 186.35 185.03 184.09 183.43 182.88 182.34 181.85 181.42 181.07 180.83 180.67 180.47 180.19 179.86 179.53 179.25 179.05 178.99 179.11 179.46 180.03 180.78 181.67 182.69 183.81 185.00 186.25 187.53 188.81 190.02 191.01 191.70 192.10 192.21 192.03 191.56 190.73 189.33 187.25 184.54 181.25 177.44 173.14 168.41 163.30 157.89 152.76 148.58 145.34 142.99 141.49 140.79 140.82 141.54 142.90 144.70 146.55 148.29 149.89 151.32 152.56 153.58 154.32 154.68 154.62 154.15 153.31 152.11
195.56 192.55 190.02 187.93 186.27 185.01 184.05 183.18 182.32 181.48 180.70 179.98 179.36 178.85 178.47 178.21 177.96 177.69 177.42 177.21 177.10 177.14 177.37 177.85 178.55 179.42 180.43 181.55 182.76 184.05 185.38 186.73 188.02 189.10 189.90 190.43 190.68 190.65 190.34 189.77 188.92 187.74 185.99 183.60 180.60 177.04 172.97 168.45 163.52 158.26 153.27 149.24 146.17 144.01 142.70 142.20 142.46 143.42 144.88 146.43 147.92 149.30 150.55 151.65 152.57 153.29 153.78 153.98 153.81 153.25 152.32 151.03
195.17 192.30 189.90 187.94 186.39 185.16 184.02 182.87 181.73 180.63 179.59 178.63 177.76 177.02 176.41 175.97 175.68 175.46 175.25 175.12 175.10 175.24 175.59 176.19 177.02 178.01 179.14 180.37 181.68 183.05 184.46 185.84 187.01 187.91 188.56 188.94 189.05 188.91 188.51 187.85 186.94 185.77 184.29 182.26 179.61 176.37 172.60 168.34 163.65 158.60 153.82 150.00 147.16 145.24 144.19 143.97 144.51 145.61 146.85 148.06 149.20 150.26 151.21 152.01 152.65 153.10 153.34 153.33 153.03 152.38 151.36 149.99
194.77 192.10 189.88 188.09 186.62 185.24 183.84 182.45 181.07 179.74 178.48 177.30 176.22 175.28 174.48 173.86 173.43 173.18 173.04 172.99 173.06 173.31 173.77 174.49 175.46 176.57 177.81 179.15 180.56 182.03 183.47 184.73 185.73 186.49 186.99 187.25 187.26 187.03 186.56 185.84 184.89 183.69 182.26 180.53 178.28 175.42 172.01 168.08 163.69 158.91 154.40 150.86 148.31 146.69 145.97 146.07 146.79 147.70 148.62 149.51 150.36 151.13 151.80 152.35 152.74 152.96 152.98 152.77 152.30 151.54 150.44 149.00
194.37 191.93 189.93 188.28 186.70 185.09 183.47 181.86 180.28 178.75 177.30 175.94 174.69 173.58 172.63 171.86 171.28 170.93 170.80 170.82 170.99 171.34 171.92 172.77 173.86 175.11 176.46 177.91 179.42 180.93 182.26 183.36 184.22 184.85 185.24 185.40 185.34 185.04 184.51 183.76 182.79 181.59 180.18 178.54 176.62 174.20 171.20 167.66 163.64 159.19 155.01 151.80 149.61 148.36 148.01 148.34 148.90 149.51 150.13 150.75 151.33 151.85 152.28 152.60 152.79 152.81 152.65 152.27 151.65 150.76 149.58 148.07
193.95 191.79 189.98 188.24 186.46 184.66 182.85 181.06 179.31 177.62 176.01 174.50 173.11 171.87 170.80 169.91 169.23 168.78 168.58 168.63 168.88 169.34 170.04 171.02 172.25 173.62 175.09 176.65 178.21 179.62 180.80 181.77 182.51 183.03 183.34 183.43 183.30 182.96 182.41 181.65 180.68 179.51 178.13 176.54 174.76 172.71 170.18 167.09 163.49 159.44 155.64 152.84 151.06 150.24 150.15 150.35 150.63 150.96 151.33 151.70 152.05 152.36 152.59 152.73 152.74 152.60 152.29 151.78 151.04 150.05 148.79 147.22
193.49 191.57 189.71 187.80 185.86 183.89 181.93 179.99 178.10 176.28 174.55 172.93 171.43 170.09 168.93 167.96 167.21 166.69 166.43 166.46 166.77 167.33 168.14 169.26 170.62 172.12 173.71 175.33 176.80 178.07 179.12 179.98 180.62 181.06 181.30 181.34 181.19 180.83 180.28 179.53 178.59 177.46 176.14 174.64 172.94 171.06 168.94 166.36 163.24 159.65 156.30 153.97 152.66 152.14 151.95 151.89 151.92 152.02 152.16 152.33 152.49 152.61 152.68 152.66 152.54 152.28 151.85 151.25 150.43 149.37 148.05 146.44
192.90 190.96 188.96 186.91 184.82 182.73 180.65 178.60 176.61 174.69 172.87 171.16 169.60 168.20 166.98 165.96 165.17 164.62 164.34 164.35 164.67 165.30 166.24 167.49 168.99 170.61 172.28 173.81 175.15 176.30 177.25 178.02 178.59 178.98 179.18 179.19 179.02 178.67 178.14 177.44 176.55 175.49 174.26 172.85 171.27 169.52 167.61 165.47 162.89 159.83 156.99 155.17 154.21 153.62 153.19 152.90 152.71 152.61 152.57 152.57 152.57 152.55 152.49 152.35 152.13 151.78 151.28 150.61 149.75 148.66 147.32 145.70
191.83 189.78 187.66 185.50 183.31 181.12 178.95 176.83 174.77 172.79 170.91 169.16 167.56 166.13 164.89 163.86 163.06 162.52 162.25 162.28 162.62 163.30 164.34 165.72 167.36 169.06 170.65 172.06 173.29 174.34 175.21 175.91 176.44 176.79 176.98 176.99 176.84 176.52 176.04 175.39 174.58 173.62 172.49 171.21 169.77 168.18 166.44 164.55 162.44 159.96 157.68 156.26 155.25 154.44 153.80 153.32 152.96 152.70 152.51 152.37 152.24 152.12 151.96 151.75 151.45 151.05 150.52 149.82 148.95 147.86 146.54 144.95
190.11 187.96 185.76 183.52 181.27 179.02 176.80 174.63 172.53 170.52 168.63 166.87 165.26 163.84 162.61 161.60 160.83 160.32 160.10 160.18 160.58 161.34 162.46 163.96 165.68 167.32 168.79 170.10 171.24 172.22 173.04 173.70 174.21 174.55 174.74 174.78 174.67 174.40 173.99 173.43 172.72 171.87 170.88 169.75 168.48 167.07 165.52 163.84 162.02 160.04 158.20 156.75 155.54 154.55 153.75 153.11 152.61 152.22 151.91 151.67 151.46 151.26 151.05 150.79 150.47 150.05 149.51 148.83 147.97 146.93 145.65 144.14
187.88 185.66 183.40 181.11 178.81 176.53 174.28 172.09 169.98 167.97 166.08 164.34 162.76 161.36 160.17 159.20 158.49 158.04 157.89 158.05 158.54 159.38 160.61 162.28 164.08 165.61 166.98 168.20 169.27 170.20 170.98 171.61 172.10 172.45 172.67 172.74 172.68 172.48 172.16 171.70 171.11 170.39 169.54 168.57 167.48 166.26 164.92 163.47 161.89 160.19 158.41 156.78 155.40 154.25 153.30 152.53 151.90 151.41 151.01 150.69 150.42 150.17 149.92 149.64 149.31 148.89 148.37 147.72 146.92 145.93 144.73 143.30
185.66 183.38 181.06 178.72 176.38 174.06 171.79 169.58 167.47 165.45 163.57 161.84 160.28 158.91 157.76 156.84 156.18 155.80 155.72 155.95 156.53 157.48 158.87 160.88 163.03 164.62 165.89 167.00 167.99 168.84 169.57 170.16 170.63 170.98 171.20 171.30 171.27 171.13 170.88 170.50 170.01 169.41 168.70 167.88 166.95 165.92 164.78 163.53 162.18 160.67 159.03 157.32 155.75 154.43 153.31 152.39 151.64 151.02 150.52 150.10 149.75 149.44 149.13 148.82 148.46 148.03 147.52 146.89 146.11 145.17 144.03 142.68
183.60 181.25 178.86 176.47 174.08 171.73 169.43 167.20 165.07 163.05 161.17 159.45 157.90 156.56 155.45 154.57 153.96 153.64 153.62 153.93 154.60 155.70 157.42 159.82 162.35 164.28 165.60 166.61 167.49 168.26 168.91 169.44 169.87 170.19 170.40 170.50 170.50 170.40 170.19 169.89 169.48 168.98 168.38 167.69 166.91 166.04 165.07 164.01 162.83 161.51 160.04 158.44 156.78 155.26 153.96 152.87 151.96 151.20 150.56 150.03 149.58 149.18 148.80 148.42 148.02 147.56 147.03 146.39 145.62 144.70 143.60 142.30
181.66 179.27 176.82 174.37 171.93 169.54 167.20 164.95 162.79 160.77 158.88 157.17 155.64 154.32 153.23 152.40 151.83 151.57 151.61 152.00 152.80 154.23 156.33 159.08 161.96 164.26 165.91 166.98 167.74 168.40 168.96 169.42 169.78 170.06 170.24 170.32 170.33 170.24 170.07 169.81 169.47 169.05 168.54 167.97 167.31 166.58 165.77 164.86 163.83 162.66 161.36 159.92 158.36 156.73 155.23 153.94 152.84 151.92 151.13 150.46 149.88 149.37 148.89 148.43 147.95 147.44 146.87 146.20 145.42 144.50 143.41 142.13
179.83 177.43 174.94 172.43 169.94 167.50 165.12 162.84 160.66 158.62 156.73 155.02 153.50 152.20 151.14 150.33 149.81 149.59 149.70 150.22 151.34 153.14 155.59 158.65 161.83 164.47 166.49 167.88 168.69 169.23 169.68 170.04 170.33 170.54 170.67 170.72 170.71 170.62 170.46 170.23 169.93 169.57 169.15 168.66 168.11 167.50 166.81 166.03 165.14 164.12 162.97 161.68 160.25 158.69 157.07 155.57 154.27 153.15 152.19 151.36 150.63 149.98 149.39 148.82 148.25 147.66 147.01 146.30 145.48 144.53 143.44 142.13
178.08 175.69 173.21 170.66 168.11 165.62 163.20 160.88 158.68 156.62 154.72 153.00 151.49 150.20 149.16 148.39 147.91 147.74 147.96 148.79 150.28 152.41 155.17 158.50 161.96 164.89 167.24 168.99 170.13 170.71 171.04 171.29 171.47 171.59 171.66 171.66 171.60 171.49 171.33 171.11 170.84 170.52 170.15 169.74 169.28 168.76 168.18 167.51 166.74 165.86 164.85 163.68 162.38 160.94 159.37 157.74 156.22 154.89 153.72 152.70 151.80 151.00 150.26 149.56 148.87 148.18 147.45 146.65 145.78 144.78 143.62 142.19
176.41 174.03 171.57 169.03 166.46 163.91 161.45 159.09 156.86 154.77 152.86 151.14 149.63 148.35 147.33 146.58 146.13 146.07 146.60 147.78 149.60 152.03 155.05 158.63 162.31 165.51 168.15 170.22 171.71 172.61 172.97 173.10 173.17 173.19 173.16 173.09 172.98 172.83 172.64 172.42 172.15 171.86 171.53 171.17 170.77 170.34 169.85 169.28 168.62 167.86 166.97 165.92 164.72 163.38 161.91 160.31 158.65 157.08 155.70 154.47 153.38 152.39 151.48 150.62 149.80 148.98 148.14 147.25 146.28 145.18 143.86 142.28
174.83 172.47 170.02 167.51 164.96 162.39 159.88 157.47 155.21 153.10 151.16 149.43 147.92 146.64 145.63 144.91 144.56 144.79 145.67 147.17 149.28 151.98 155.23 159.00 162.88 166.31 169.20 171.56 173.36 174.61 175.28 175.44 175.38 175.28 175.15 174.99 174.80 174.59 174.36 174.10 173.83 173.53 173.23 172.91 172.57 172.21 171.79 171.31 170.75 170.10 169.31 168.37 167.26 166.01 164.62 163.09 161.44 159.72 158.09 156.63 155.32 154.12 153.03 152.00 151.01 150.04 149.06 148.05 146.94 145.63 144.12 142.40
173.34 170.98 168.56 166.08 163.56 161.02 158.49 156.05 153.74 151.60 149.64 147.89 146.37 145.10 144.10 143.46 143.40 143.97 145.16 146.95 149.32 152.23 155.67 159.61 163.65 167.26 170.37 172.97 175.06 176.61 177.63 178.09 178.06 177.83 177.57 177.30 177.02 176.73 176.44 176.13 175.83 175.52 175.23 174.95 174.66 174.34 173.98 173.58 173.10 172.54 171.86 171.00 169.98 168.80 167.47 166.00 164.40 162.67 160.87 159.16 157.61 156.19 154.87 153.64 152.47 151.33 150.19 148.99 147.64 146.10 144.39 142.53
