data_processed/recharge/precip/Precip_1985_02.asc
ncols        168
nrows        136
xllcorner    455000
yllcorner    2107000
cellsize     500
NODATA_value     -99999
[rows 0 to 37 of 136, columns 84 to 167 of 168]
2.62 2.64 2.67 2.70 2.75 2.79 2.84 2.90 2.96 3.03 3.10 3.18 3.26 3.35 3.44 3.53 3.63 3.73 3.83 3.94 4.05 4.16 4.27 4.39 4.51 4.63 4.75 4.88 5.00 5.12 5.23 5.35 5.45 5.56 5.66 5.76 5.85 5.94 6.02 6.10 6.15 6.18 6.19 6.16 6.12 6.06 5.97 5.87 5.76 5.63 5.50 5.35 5.20 5.05 4.89 4.73 4.57 4.41 4.25 4.08 3.92 3.75 3.58 3.42 3.25 3.08 2.91 2.75 2.58 2.41 2.25 2.08 1.92 1.76 1.59 1.44 1.28 1.12 0.97 0.82 0.67 0.53 0.38 0.23
2.53 2.55 2.58 2.61 2.64 2.69 2.73 2.79 2.85 2.91 2.98 3.06 3.14 3.22 3.31 3.40 3.50 3.60 3.70 3.81 3.92 4.03 4.15 4.26 4.38 4.51 4.63 4.75 4.88 4.99 5.11 5.22 5.33 5.44 5.54 5.64 5.73 5.82 5.91 5.99 6.05 6.08 6.08 6.06 6.02 5.96 5.88 5.78 5.67 5.54 5.40 5.26 5.10 4.95 4.79 4.63 4.47 4.30 4.14 3.98 3.81 3.65 3.48 3.32 3.15 2.99 2.83 2.66 2.50 2.34 2.19 2.03 1.87 1.72 1.57 1.42 1.27 1.13 0.99 0.85 0.72 0.58 0.45 0.31
2.46 2.47 2.49 2.51 2.55 2.58 2.63 2.68 2.74 2.80 2.87 2.94 3.02 3.10 3.18 3.27 3.37 3.47 3.57 3.68 3.79 3.90 4.02 4.14 4.26 4.38 4.51 4.63 4.75 4.87 4.98 5.10 5.21 5.31 5.42 5.52 5.61 5.70 5.79 5.87 5.93 5.97 5.98 5.96 5.92 5.86 5.78 5.68 5.57 5.44 5.30 5.16 5.01 4.85 4.69 4.52 4.36 4.20 4.03 3.87 3.71 3.54 3.38 3.22 3.06 2.90 2.74 2.58 2.43 2.28 2.12 1.97 1.83 1.68 1.54 1.40 1.27 1.14 1.01 0.88 0.76 0.63 0.50 0.38
2.38 2.39 2.40 2.43 2.45 2.49 2.53 2.58 2.63 2.69 2.75 2.82 2.90 2.98 3.06 3.15 3.25 3.34 3.45 3.55 3.66 3.78 3.89 4.01 4.14 4.26 4.38 4.50 4.62 4.74 4.85 4.97 5.08 5.19 5.29 5.39 5.49 5.58 5.67 5.75 5.82 5.86 5.87 5.85 5.81 5.75 5.67 5.58 5.46 5.34 5.20 5.06 4.90 4.74 4.58 4.42 4.25 4.09 3.93 3.76 3.60 3.44 3.28 3.12 2.96 2.81 2.65 2.50 2.35 2.21 2.06 1.92 1.78 1.65 1.51 1.39 1.26 1.14 1.02 0.91 0.79 0.68 0.56 0.44
2.31 2.32 2.33 2.34 2.37 2.40 2.43 2.48 2.52 2.58 2.64 2.71 2.78 2.86 2.94 3.03 3.12 3.22 3.32 3.43 3.54 3.65 3.77 3.89 4.01 4.13 4.25 4.37 4.49 4.61 4.72 4.84 4.95 5.06 5.16 5.26 5.36 5.46 5.55 5.64 5.70 5.74 5.75 5.74 5.70 5.64 5.57 5.47 5.36 5.24 5.10 4.95 4.80 4.64 4.48 4.31 4.14 3.98 3.82 3.65 3.49 3.33 3.17 3.02 2.86 2.71 2.56 2.42 2.27 2.13 2.00 1.86 1.73 1.61 1.48 1.37 1.25 1.14 1.04 0.93 0.83 0.72 0.61 0.50
2.24 2.25 2.25 2.26 2.28 2.31 2.34 2.38 2.42 2.48 2.53 2.60 2.67 2.74 2.83 2.91 3.00 3.10 3.20 3.31 3.42 3.53 3.65 3.77 3.89 4.01 4.12 4.24 4.36 4.48 4.59 4.70 4.81 4.92 5.03 5.13 5.23 5.33 5.42 5.51 5.58 5.63 5.64 5.63 5.59 5.53 5.46 5.36 5.25 5.13 4.99 4.85 4.69 4.53 4.37 4.20 4.03 3.87 3.70 3.54 3.38 3.22 3.07 2.91 2.76 2.62 2.47 2.33 2.19 2.06 1.93 1.80 1.68 1.57 1.45 1.35 1.24 1.14 1.05 0.95 0.85 0.76 0.66 0.56
2.17 2.17 2.18 2.19 2.20 2.22 2.25 2.29 2.33 2.38 2.43 2.49 2.56 2.63 2.71 2.80 2.89 2.98 3.08 3.19 3.30 3.41 3.53 3.64 3.76 3.88 3.99 4.11 4.23 4.34 4.45 4.57 4.68 4.79 4.90 5.00 5.10 5.20 5.30 5.39 5.46 5.51 5.52 5.51 5.48 5.42 5.35 5.25 5.14 5.02 4.88 4.74 4.58 4.42 4.26 4.09 3.92 3.75 3.59 3.43 3.27 3.11 2.96 2.81 2.66 2.52 2.38 2.24 2.11 1.98 1.86 1.74 1.63 1.52 1.42 1.32 1.23 1.14 1.05 0.96 0.88 0.79 0.70 0.61
2.10 2.10 2.11 2.12 2.13 2.15 2.17 2.20 2.24 2.28 2.33 2.39 2.46 2.53 2.60 2.69 2.77 2.87 2.97 3.07 3.18 3.29 3.40 3.52 3.63 3.75 3.86 3.98 4.09 4.20 4.32 4.43 4.54 4.65 4.76 4.87 4.97 5.07 5.17 5.26 5.34 5.39 5.40 5.40 5.36 5.31 5.23 5.14 5.03 4.91 4.77 4.63 4.47 4.31 4.14 3.97 3.80 3.63 3.47 3.31 3.15 2.99 2.84 2.70 2.55 2.41 2.28 2.15 2.02 1.90 1.79 1.68 1.57 1.47 1.38 1.29 1.21 1.13 1.05 0.97 0.89 0.82 0.74 0.65
2.03 2.03 2.04 2.05 2.06 2.07 2.09 2.12 2.15 2.19 2.24 2.29 2.35 2.42 2.50 2.58 2.66 2.76 2.85 2.96 3.06 3.17 3.28 3.39 3.50 3.61 3.73 3.84 3.95 4.07 4.18 4.29 4.41 4.52 4.62 4.73 4.84 4.94 5.04 5.14 5.22 5.26 5.28 5.28 5.25 5.19 5.12 5.03 4.92 4.80 4.66 4.51 4.36 4.19 4.03 3.86 3.69 3.52 3.35 3.19 3.03 2.87 2.73 2.58 2.44 2.31 2.18 2.05 1.93 1.82 1.71 1.61 1.51 1.42 1.34 1.26 1.18 1.11 1.04 0.98 0.91 0.84 0.77 0.70
1.96 1.96 1.97 1.98 1.99 2.00 2.02 2.04 2.07 2.11 2.15 2.20 2.26 2.32 2.39 2.47 2.56 2.65 2.74 2.84 2.94 3.05 3.15 3.26 3.37 3.48 3.59 3.70 3.82 3.93 4.04 4.16 4.27 4.38 4.49 4.60 4.70 4.81 4.91 5.01 5.09 5.14 5.16 5.16 5.13 5.08 5.00 4.91 4.81 4.68 4.55 4.40 4.24 4.08 3.91 3.74 3.57 3.39 3.23 3.06 2.90 2.75 2.60 2.46 2.33 2.20 2.07 1.95 1.84 1.73 1.63 1.53 1.45 1.37 1.29 1.22 1.16 1.09 1.03 0.98 0.92 0.86 0.80 0.73
1.89 1.89 1.90 1.91 1.92 1.93 1.95 1.97 1.99 2.02 2.06 2.11 2.16 2.23 2.29 2.37 2.45 2.54 2.63 2.73 2.83 2.93 3.03 3.13 3.24 3.35 3.46 3.57 3.68 3.79 3.90 4.02 4.13 4.24 4.35 4.46 4.57 4.68 4.78 4.88 4.97 5.02 5.04 5.04 5.01 4.96 4.89 4.80 4.69 4.57 4.43 4.28 4.13 3.96 3.79 3.62 3.45 3.27 3.10 2.93 2.77 2.62 2.48 2.34 2.21 2.08 1.96 1.84 1.74 1.64 1.54 1.46 1.38 1.31 1.24 1.18 1.12 1.07 1.02 0.97 0.92 0.87 0.82 0.77
1.82 1.82 1.83 1.83 1.85 1.86 1.88 1.90 1.92 1.95 1.98 2.02 2.08 2.13 2.20 2.27 2.35 2.43 2.52 2.61 2.71 2.80 2.90 3.01 3.11 3.22 3.32 3.43 3.54 3.66 3.77 3.88 3.99 4.10 4.21 4.32 4.43 4.54 4.65 4.75 4.84 4.89 4.92 4.92 4.89 4.84 4.77 4.68 4.58 4.45 4.32 4.17 4.01 3.85 3.68 3.50 3.33 3.15 2.98 2.81 2.64 2.49 2.34 2.21 2.08 1.96 1.84 1.73 1.63 1.54 1.45 1.37 1.30 1.24 1.18 1.13 1.09 1.04 1.00 0.96 0.92 0.88 0.84 0.80
1.75 1.75 1.76 1.76 1.78 1.79 1.81 1.82 1.85 1.87 1.90 1.94 1.99 2.05 2.11 2.18 2.25 2.33 2.41 2.50 2.59 2.68 2.78 2.88 2.98 3.09 3.19 3.30 3.41 3.52 3.63 3.74 3.85 3.97 4.08 4.19 4.30 4.41 4.52 4.63 4.71 4.77 4.80 4.80 4.78 4.73 4.66 4.57 4.46 4.34 4.20 4.05 3.90 3.73 3.56 3.38 3.21 3.03 2.85 2.68 2.52 2.36 2.21 2.07 1.95 1.83 1.72 1.61 1.52 1.43 1.35 1.28 1.22 1.17 1.12 1.08 1.04 1.01 0.98 0.95 0.92 0.89 0.86 0.82
1.68 1.68 1.69 1.69 1.70 1.72 1.73 1.75 1.78 1.80 1.83 1.87 1.91 1.96 2.02 2.08 2.15 2.23 2.31 2.39 2.48 2.57 2.66 2.75 2.85 2.96 3.06 3.17 3.27 3.38 3.49 3.60 3.72 3.83 3.94 4.05 4.17 4.28 4.39 4.50 4.59 4.65 4.68 4.68 4.66 4.61 4.54 4.45 4.35 4.22 4.09 3.94 3.78 3.61 3.44 3.27 3.09 2.91 2.73 2.55 2.39 2.23 2.07 1.93 1.81 1.69 1.59 1.49 1.40 1.32 1.25 1.19 1.14 1.10 1.06 1.03 1.00 0.97 0.95 0.93 0.91 0.89 0.87 0.84
1.61 1.61 1.62 1.62 1.63 1.65 1.66 1.68 1.71 1.73 1.76 1.80 1.83 1.88 1.94 1.99 2.06 2.13 2.20 2.28 2.36 2.45 2.54 2.63 2.73 2.83 2.93 3.03 3.14 3.25 3.36 3.47 3.58 3.69 3.81 3.92 4.04 4.15 4.26 4.37 4.47 4.53 4.56 4.56 4.54 4.50 4.43 4.34 4.23 4.11 3.97 3.83 3.67 3.50 3.33 3.15 2.97 2.79 2.61 2.43 2.26 2.09 1.94 1.80 1.67 1.55 1.45 1.36 1.28 1.21 1.15 1.10 1.05 1.02 0.99 0.97 0.95 0.93 0.92 0.91 0.90 0.89 0.87 0.86
1.54 1.54 1.55 1.56 1.57 1.58 1.59 1.61 1.64 1.66 1.69 1.73 1.76 1.80 1.85 1.91 1.96 2.03 2.10 2.17 2.25 2.33 2.42 2.51 2.60 2.70 2.80 2.90 3.01 3.11 3.22 3.33 3.45 3.56 3.67 3.79 3.90 4.02 4.14 4.25 4.34 4.41 4.44 4.45 4.43 4.38 4.31 4.23 4.12 4.00 3.86 3.71 3.55 3.38 3.21 3.03 2.85 2.66 2.48 2.30 2.13 1.96 1.81 1.66 1.52 1.41 1.30 1.22 1.15 1.09 1.04 0.99 0.96 0.94 0.92 0.90 0.89 0.89 0.88 0.88 0.88 0.88 0.87 0.87
1.47 1.48 1.48 1.49 1.50 1.51 1.53 1.54 1.57 1.59 1.62 1.66 1.69 1.73 1.77 1.82 1.87 1.93 2.00 2.06 2.14 2.22 2.30 2.39 2.48 2.57 2.67 2.77 2.88 2.98 3.09 3.20 3.31 3.43 3.54 3.66 3.78 3.89 4.01 4.13 4.22 4.29 4.32 4.33 4.31 4.27 4.20 4.11 4.01 3.89 3.75 3.60 3.44 3.27 3.09 2.91 2.73 2.54 2.36 2.18 2.00 1.83 1.67 1.52 1.38 1.26 1.16 1.08 1.01 0.96 0.92 0.89 0.86 0.85 0.84 0.83 0.83 0.84 0.84 0.85 0.86 0.86 0.87 0.87
1.41 1.41 1.41 1.42 1.43 1.44 1.46 1.48 1.50 1.52 1.55 1.58 1.62 1.65 1.69 1.73 1.78 1.84 1.90 1.96 2.03 2.11 2.19 2.27 2.36 2.45 2.55 2.65 2.75 2.85 2.96 3.07 3.18 3.30 3.41 3.53 3.65 3.77 3.89 4.01 4.10 4.17 4.21 4.22 4.20 4.16 4.09 4.01 3.90 3.78 3.64 3.49 3.33 3.16 2.98 2.80 2.61 2.43 2.24 2.06 1.88 1.71 1.54 1.39 1.25 1.12 1.02 0.94 0.88 0.83 0.80 0.78 0.76 0.76 0.76 0.76 0.77 0.78 0.80 0.81 0.83 0.85 0.86 0.88
1.34 1.34 1.35 1.35 1.36 1.37 1.39 1.41 1.43 1.45 1.48 1.51 1.54 1.58 1.61 1.65 1.70 1.75 1.80 1.86 1.93 2.00 2.08 2.16 2.24 2.33 2.43 2.52 2.62 2.73 2.84 2.95 3.06 3.17 3.29 3.41 3.53 3.65 3.77 3.89 3.99 4.06 4.10 4.11 4.09 4.05 3.98 3.90 3.79 3.67 3.53 3.38 3.22 3.05 2.87 2.69 2.50 2.31 2.12 1.94 1.75 1.58 1.41 1.26 1.11 0.99 0.89 0.81 0.74 0.70 0.68 0.66 0.66 0.66 0.67 0.68 0.70 0.72 0.75 0.77 0.80 0.83 0.85 0.87
1.28 1.28 1.28 1.29 1.29 1.31 1.32 1.34 1.36 1.39 1.41 1.44 1.47 1.50 1.54 1.57 1.61 1.66 1.71 1.76 1.83 1.89 1.97 2.05 2.13 2.22 2.31 2.40 2.50 2.61 2.71 2.82 2.93 3.05 3.16 3.28 3.40 3.53 3.65 3.77 3.88 3.95 3.99 4.00 3.98 3.94 3.88 3.79 3.69 3.57 3.43 3.28 3.12 2.94 2.76 2.58 2.39 2.20 2.01 1.82 1.63 1.45 1.29 1.13 0.99 0.87 0.76 0.68 0.62 0.57 0.55 0.54 0.55 0.56 0.58 0.60 0.63 0.66 0.69 0.73 0.76 0.80 0.83 0.87
1.21 1.21 1.21 1.22 1.23 1.24 1.25 1.27 1.29 1.31 1.34 1.37 1.39 1.42 1.46 1.49 1.53 1.57 1.62 1.67 1.73 1.79 1.86 1.94 2.02 2.10 2.19 2.29 2.38 2.49 2.59 2.70 2.81 2.93 3.04 3.16 3.29 3.41 3.53 3.66 3.77 3.84 3.88 3.89 3.88 3.84 3.78 3.69 3.59 3.47 3.33 3.18 3.01 2.84 2.66 2.47 2.28 2.09 1.89 1.70 1.52 1.33 1.17 1.01 0.87 0.75 0.65 0.56 0.50 0.45 0.43 0.42 0.43 0.45 0.48 0.51 0.55 0.59 0.63 0.68 0.72 0.77 0.81 0.85
1.15 1.15 1.15 1.16 1.16 1.17 1.19 1.21 1.22 1.24 1.27 1.29 1.32 1.35 1.38 1.41 1.45 1.49 1.54 1.58 1.64 1.70 1.76 1.83 1.91 1.99 2.08 2.17 2.27 2.37 2.48 2.58 2.70 2.81 2.93 3.05 3.17 3.30 3.42 3.55 3.66 3.73 3.78 3.79 3.78 3.74 3.68 3.59 3.49 3.37 3.23 3.08 2.91 2.74 2.56 2.37 2.17 1.98 1.78 1.59 1.40 1.22 1.06 0.90 0.77 0.65 0.54 0.46 0.39 0.34 0.31 0.30 0.32 0.34 0.38 0.42 0.47 0.52 0.57 0.62 0.68 0.73 0.79 0.84
1.09 1.09 1.09 1.09 1.10 1.11 1.12 1.14 1.15 1.17 1.19 1.22 1.24 1.27 1.30 1.34 1.37 1.41 1.45 1.50 1.55 1.60 1.67 1.74 1.81 1.89 1.98 2.07 2.16 2.26 2.36 2.47 2.58 2.70 2.82 2.94 3.06 3.19 3.32 3.45 3.56 3.63 3.68 3.70 3.68 3.65 3.58 3.50 3.40 3.27 3.13 2.98 2.82 2.64 2.46 2.27 2.07 1.88 1.68 1.48 1.30 1.12 0.96 0.81 0.67 0.55 0.45 0.36 0.29 0.24 0.21 0.19 0.20 0.23 0.27 0.33 0.38 0.44 0.50 0.57 0.63 0.69 0.76 0.82
1.03 1.03 1.03 1.03 1.04 1.05 1.06 1.07 1.08 1.10 1.12 1.14 1.17 1.19 1.22 1.26 1.29 1.33 1.37 1.42 1.46 1.52 1.58 1.64 1.71 1.79 1.87 1.96 2.06 2.15 2.26 2.36 2.48 2.59 2.71 2.83 2.96 3.08 3.21 3.35 3.46 3.54 3.58 3.60 3.59 3.55 3.49 3.41 3.30 3.18 3.04 2.89 2.72 2.55 2.36 2.17 1.97 1.77 1.58 1.38 1.20 1.03 0.87 0.72 0.59 0.47 0.37 0.28 0.21 0.15 0.12 0.10 0.10 0.12 0.17 0.23 0.29 0.36 0.43 0.50 0.58 0.65 0.72 0.79
0.97 0.97 0.97 0.97 0.97 0.98 0.99 1.00 1.02 1.03 1.05 1.07 1.09 1.12 1.15 1.18 1.21 1.25 1.29 1.34 1.38 1.43 1.49 1.55 1.62 1.70 1.78 1.86 1.95 2.05 2.15 2.26 2.37 2.49 2.61 2.73 2.86 2.98 3.12 3.25 3.36 3.45 3.49 3.51 3.50 3.47 3.41 3.32 3.22 3.10 2.96 2.80 2.64 2.46 2.27 2.08 1.88 1.68 1.48 1.30 1.12 0.95 0.80 0.65 0.52 0.40 0.30 0.21 0.13 0.08 0.04 0.01 0.01 0.03 0.06 0.12 0.19 0.27 0.35 0.44 0.52 0.60 0.68 0.76
0.91 0.91 0.91 0.91 0.91 0.92 0.93 0.94 0.95 0.96 0.98 1.00 1.02 1.04 1.07 1.10 1.14 1.17 1.21 1.26 1.30 1.35 1.41 1.47 1.53 1.61 1.68 1.77 1.86 1.96 2.06 2.16 2.27 2.39 2.51 2.63 2.76 2.89 3.02 3.16 3.28 3.36 3.41 3.43 3.42 3.39 3.33 3.24 3.14 3.02 2.88 2.72 2.55 2.37 2.19 1.99 1.79 1.60 1.41 1.23 1.05 0.89 0.74 0.59 0.46 0.34 0.24 0.15 0.07 0.01 0.00 0.00 0.00 0.00 0.00 0.03 0.10 0.18 0.27 0.36 0.46 0.55 0.64 0.73
0.85 0.85 0.85 0.85 0.85 0.85 0.86 0.87 0.88 0.89 0.91 0.93 0.95 0.97 1.00 1.03 1.06 1.10 1.14 1.18 1.23 1.28 1.33 1.39 1.45 1.52 1.60 1.68 1.77 1.87 1.97 2.07 2.18 2.30 2.42 2.54 2.67 2.80 2.94 3.07 3.19 3.28 3.33 3.35 3.34 3.31 3.25 3.17 3.06 2.94 2.80 2.64 2.48 2.30 2.11 1.91 1.72 1.53 1.34 1.17 1.00 0.84 0.69 0.55 0.42 0.30 0.20 0.11 0.03 0.00 0.00 0.00 0.00 0.00 0.00 0.00 0.01 0.09 0.19 0.29 0.39 0.49 0.59 0.69
0.80 0.79 0.79 0.79 0.79 0.79 0.80 0.80 0.81 0.83 0.84 0.86 0.88 0.90 0.93 0.96 0.99 1.03 1.06 1.11 1.15 1.20 1.26 1.32 1.38 1.45 1.52 1.60 1.69 1.78 1.88 1.98 2.09 2.21 2.33 2.46 2.58 2.72 2.86 2.99 3.12 3.20 3.26 3.28 3.27 3.24 3.18 3.10 2.99 2.87 2.73 2.57 2.40 2.22 2.03 1.84 1.66 1.47 1.30 1.13 0.96 0.81 0.66 0.52 0.39 0.28 0.17 0.08 0.00 0.00 0.00 0.00 0.00 0.00 0.00 0.00 0.00 0.00 0.10 0.21 0.32 0.43 0.54 0.65
0.75 0.74 0.73 0.73 0.73 0.73 0.74 0.74 0.75 0.76 0.77 0.79 0.81 0.83 0.86 0.89 0.92 0.96 0.99 1.04 1.08 1.13 1.19 1.25 1.31 1.37 1.45 1.53 1.61 1.70 1.80 1.90 2.01 2.13 2.25 2.38 2.51 2.64 2.78 2.92 3.04 3.13 3.19 3.21 3.21 3.17 3.11 3.03 2.93 2.80 2.66 2.51 2.34 2.16 1.97 1.79 1.61 1.44 1.27 1.10 0.94 0.79 0.65 0.51 0.38 0.27 0.16 0.07 0.00 0.00 0.00 0.00 0.00 0.00 0.00 0.00 0.00 0.00 0.02 0.12 0.24 0.36 0.48 0.60
0.69 0.69 0.68 0.67 0.67 0.67 0.67 0.68 0.69 0.70 0.71 0.73 0.75 0.77 0.79 0.82 0.85 0.89 0.93 0.97 1.02 1.07 1.12 1.18 1.24 1.31 1.38 1.46 1.54 1.63 1.73 1.83 1.94 2.06 2.18 2.30 2.44 2.57 2.71 2.86 2.98 3.07 3.13 3.15 3.15 3.11 3.06 2.97 2.87 2.75 2.61 2.45 2.28 2.10 1.93 1.76 1.59 1.42 1.25 1.09 0.94 0.79 0.65 0.52 0.39 0.27 0.17 0.07 0.00 0.00 0.00 0.00 0.00 0.00 0.00 0.00 0.00 0.00 0.00 0.05 0.16 0.29 0.42 0.55
0.64 0.63 0.63 0.62 0.62 0.62 0.62 0.62 0.63 0.64 0.65 0.66 0.68 0.70 0.73 0.76 0.79 0.82 0.86 0.91 0.95 1.00 1.06 1.12 1.18 1.25 1.32 1.40 1.48 1.57 1.66 1.77 1.88 1.99 2.11 2.24 2.37 2.51 2.65 2.80 2.92 3.01 3.07 3.10 3.09 3.06 3.00 2.92 2.82 2.70 2.55 2.40 2.23 2.07 1.91 1.74 1.58 1.42 1.26 1.11 0.96 0.81 0.67 0.54 0.41 0.30 0.19 0.09 0.01 0.00 0.00 0.00 0.00 0.00 0.00 0.00 0.00 0.00 0.00 0.00 0.09 0.22 0.36 0.49
0.59 0.58 0.57 0.57 0.56 0.56 0.56 0.56 0.57 0.58 0.59 0.61 0.62 0.65 0.67 0.70 0.73 0.76 0.80 0.85 0.89 0.94 1.00 1.06 1.12 1.19 1.26 1.34 1.42 1.51 1.61 1.71 1.82 1.93 2.05 2.18 2.31 2.45 2.60 2.74 2.87 2.97 3.02 3.05 3.05 3.02 2.96 2.88 2.78 2.65 2.51 2.36 2.21 2.06 1.90 1.75 1.59 1.44 1.28 1.14 0.99 0.85 0.71 0.58 0.46 0.34 0.24 0.14 0.05 0.00 0.00 0.00 0.00 0.00 0.00 0.00 0.00 0.00 0.00 0.00 0.04 0.16 0.29 0.43
0.55 0.53 0.52 0.52 0.51 0.51 0.51 0.51 0.52 0.52 0.54 0.55 0.57 0.59 0.61 0.64 0.67 0.71 0.75 0.79 0.84 0.89 0.95 1.01 1.07 1.14 1.21 1.29 1.37 1.46 1.56 1.66 1.77 1.88 2.00 2.13 2.26 2.40 2.55 2.70 2.83 2.92 2.98 3.01 3.01 2.98 2.92 2.84 2.74 2.62 2.48 2.35 2.21 2.06 1.92 1.77 1.62 1.48 1.33 1.19 1.04 0.91 0.77 0.65 0.52 0.41 0.30 0.20 0.11 0.03 0.00 0.00 0.00 0.00 0.00 0.00 0.00 0.00 0.00 0.00 0.01 0.11 0.23 0.37
0.50 0.49 0.48 0.47 0.46 0.46 0.46 0.46 0.46 0.47 0.48 0.50 0.52 0.54 0.56 0.59 0.62 0.66 0.70 0.74 0.79 0.84 0.90 0.96 1.02 1.09 1.17 1.25 1.33 1.42 1.51 1.62 1.72 1.84 1.96 2.09 2.22 2.36 2.51 2.66 2.79 2.89 2.95 2.98 2.98 2.95 2.90 2.81 2.71 2.60 2.48 2.35 2.22 2.09 1.95 1.82 1.68 1.54 1.40 1.26 1.12 0.99 0.86 0.73 0.61 0.49 0.39 0.28 0.19 0.11 0.03 0.00 0.00 0.00 0.00 0.00 0.00 0.00 0.00 0.00 0.00 0.09 0.19 0.32
0.46 0.44 0.43 0.42 0.42 0.41 0.41 0.41 0.42 0.43 0.44 0.45 0.47 0.49 0.51 0.54 0.57 0.61 0.65 0.69 0.74 0.80 0.85 0.91 0.98 1.05 1.13 1.21 1.29 1.38 1.48 1.58 1.69 1.80 1.93 2.06 2.19 2.33 2.48 2.63 2.77 2.87 2.93 2.96 2.96 2.93 2.87 2.80 2.70 2.60 2.50 2.38 2.26 2.14 2.01 1.88 1.75 1.62 1.49 1.35 1.22 1.09 0.96 0.84 0.72 0.60 0.49 0.39 0.29 0.21 0.13 0.06 0.00 0.00 0.00 0.00 0.00 0.00 0.00 0.00 0.01 0.08 0.17 0.28
0.42 0.40 0.39 0.38 0.37 0.37 0.37 0.37 0.37 0.38 0.39 0.41 0.42 0.45 0.47 0.50 0.53 0.57 0.61 0.65 0.70 0.76 0.81 0.88 0.94 1.02 1.09 1.18 1.26 1.36 1.45 1.56 1.66 1.78 1.90 2.03 2.17 2.31 2.46 2.61 2.75 2.85 2.91 2.95 2.95 2.92 2.86 2.80 2.72 2.63 2.54 2.43 2.33 2.21 2.10 1.98 1.85 1.73 1.60 1.47 1.34 1.21 1.09 0.97 0.85 0.73 0.62 0.52 0.42 0.33 0.25 0.17 0.11 0.06 0.01 0.00 0.00 0.00 0.00 0.00 0.04 0.10 0.18 0.27
0.38 0.37 0.36 0.34 0.34 0.33 0.33 0.33 0.34 0.34 0.35 0.37 0.39 0.41 0.43 0.46 0.50 0.53 0.57 0.62 0.67 0.72 0.78 0.85 0.92 0.99 1.07 1.15 1.24 1.33 1.43 1.54 1.65 1.76 1.89 2.01 2.15 2.30 2.45 2.60 2.74 2.84 2.91 2.94 2.94 2.92 2.87 2.82 2.76 2.68 2.60 2.51 2.41 2.31 2.20 2.09 1.97 1.86 1.73 1.61 1.49 1.36 1.24 1.12 1.00 0.89 0.78 0.67 0.57 0.48 0.39 0.31 0.24 0.18 0.13 0.09 0.07 0.06 0.06 0.07 0.10 0.15 0.21 0.29
0.35 0.34 0.32 0.31 0.30 0.30 0.30 0.30 0.30 0.31 0.32 0.33 0.35 0.37 0.40 0.43 0.46 0.50 0.54 0.59 0.64 0.70 0.76 0.82 0.89 0.97 1.05 1.13 1.22 1.32 1.42 1.52 1.64 1.75 1.88 2.01 2.15 2.29 2.45 2.60 2.74 2.85 2.91 2.95 2.95 2.94 2.91 2.87 2.82 2.76 2.69 2.61 2.53 2.44 2.34 2.23 2.12 2.01 1.90 1.78 1.66 1.54 1.42 1.30 1.18 1.07 0.95 0.85 0.74 0.65 0.56 0.47 0.40 0.33 0.28 0.23 0.19 0.17 0.16 0.16 0.18 0.21 0.26 0.33
