data_processed/recharge/precip/Precip_1998_12.asc
ncols        168
nrows        136
xllcorner    455000
yllcorner    2107000
cellsize     500
NODATA_value     -99999
[rows 0 to 37 of 136, columns 0 to 83 of 168]
0.00 0.00 0.00 0.00 0.00 0.00 0.00 0.00 0.00 0.00 0.00 0.00 0.00 0.00 0.00 0.00 0.00 0.00 0.00 0.00 0.00 0.00 0.00 0.00 0.00 0.00 0.00 0.00 0.00 0.00 0.00 0.00 0.00 0.18 0.43 0.68 0.93 1.19 1.45 1.70 1.96 2.22 2.48 2.74 3.00 3.25 3.51 3.76 4.00 4.25 4.49 4.72 4.95 5.17 5.39 5.60 5.81 6.01 6.20 6.38 6.55 6.71 6.86 7.00 7.13 7.25 7.36 7.46 7.56 7.64 7.72 7.80 7.87 7.93 7.98 8.03 8.08 8.14 8.21 8.29 8.39 8.50 8.62 8.75
0.00 0.00 0.00 0.00 0.00 0.00 0.00 0.00 0.00 0.00 0.00 0.00 0.00 0.00 0.00 0.00 0.00 0.00 0.00 0.00 0.00 0.00 0.00 0.00 0.00 0.00 0.00 0.00 0.00 0.00 0.00 0.00 0.00 0.12 0.36 0.61 0.87 1.12 1.38 1.63 1.89 2.15 2.41 2.66 2.92 3.17 3.42 3.67 3.91 4.15 4.39 4.62 4.85 5.07 5.28 5.49 5.69 5.89 6.07 6.25 6.41 6.57 6.72 6.85 6.98 7.10 7.21 7.30 7.39 7.48 7.55 7.63 7.69 7.75 7.80 7.85 7.89 7.93 7.98 8.04 8.12 8.21 8.31 8.43
0.00 0.00 0.00 0.00 0.00 0.00 0.00 0.00 0.00 0.00 0.00 0.00 0.00 0.00 0.00 0.00 0.00 0.00 0.00 0.00 0.00 0.00 0.00 0.00 0.00 0.00 0.00 0.00 0.00 0.00 0.00 0.00 0.00 0.05 0.30 0.55 0.80 1.05 1.31 1.56 1.82 2.07 2.33 2.58 2.83 3.08 3.33 3.58 3.82 4.06 4.29 4.52 4.74 4.96 5.17 5.38 5.57 5.76 5.94 6.11 6.28 6.43 6.57 6.70 6.83 6.94 7.04 7.14 7.22 7.30 7.38 7.45 7.51 7.57 7.62 7.66 7.70 7.73 7.76 7.81 7.86 7.93 8.02 8.11
0.00 0.00 0.00 0.00 0.00 0.00 0.00 0.00 0.00 0.00 0.00 0.00 0.00 0.00 0.00 0.00 0.00 0.00 0.00 0.00 0.00 0.00 0.00 0.00 0.00 0.00 0.00 0.00 0.00 0.00 0.00 0.00 0.00 0.00 0.23 0.48 0.73 0.98 1.23 1.48 1.74 1.99 2.24 2.50 2.75 2.99 3.24 3.48 3.72 3.95 4.19 4.41 4.63 4.85 5.05 5.26 5.45 5.63 5.81 5.97 6.13 6.28 6.42 6.55 6.67 6.78 6.88 6.97 7.05 7.13 7.20 7.27 7.33 7.38 7.43 7.47 7.51 7.54 7.56 7.59 7.62 7.67 7.73 7.81
0.00 0.00 0.00 0.00 0.00 0.00 0.00 0.00 0.00 0.00 0.00 0.00 0.00 0.00 0.00 0.00 0.00 0.00 0.00 0.00 0.00 0.00 0.00 0.00 0.00 0.00 0.00 0.00 0.00 0.00 0.00 0.00 0.00 0.00 0.16 0.41 0.66 0.91 1.16 1.41 1.66 1.91 2.16 2.41 2.66 2.90 3.14 3.38 3.62 3.85 4.08 4.30 4.52 4.73 4.93 5.13 5.32 5.50 5.67 5.83 5.98 6.13 6.26 6.39 6.50 6.61 6.71 6.79 6.87 6.95 7.02 7.08 7.14 7.19 7.24 7.28 7.31 7.34 7.36 7.38 7.39 7.42 7.46 7.52
0.00 0.00 0.00 0.00 0.00 0.00 0.00 0.00 0.00 0.00 0.00 0.00 0.00 0.00 0.00 0.00 0.00 0.00 0.00 0.00 0.00 0.00 0.00 0.00 0.00 0.00 0.00 0.00 0.00 0.00 0.00 0.00 0.00 0.00 0.09 0.34 0.58 0.83 1.08 1.33 1.58 1.82 2.07 2.32 2.56 2.81 3.05 3.28 3.52 3.74 3.97 4.19 4.40 4.61 4.81 5.00 5.18 5.36 5.52 5.68 5.83 5.97 6.10 6.22 6.33 6.44 6.53 6.61 6.69 6.76 6.83 6.89 6.94 6.99 7.04 7.08 7.11 7.14 7.16 7.17 7.18 7.19 7.21 7.24
0.00 0.00 0.00 0.00 0.00 0.00 0.00 0.00 0.00 0.00 0.00 0.00 0.00 0.00 0.00 0.00 0.00 0.00 0.00 0.00 0.00 0.00 0.00 0.00 0.00 0.00 0.00 0.00 0.00 0.00 0.00 0.00 0.00 0.00 0.02 0.27 0.51 0.75 1.00 1.25 1.49 1.74 1.98 2.23 2.47 2.71 2.95 3.18 3.41 3.64 3.86 4.07 4.28 4.48 4.68 4.87 5.04 5.21 5.38 5.53 5.67 5.81 5.94 6.05 6.16 6.26 6.35 6.43 6.50 6.57 6.64 6.70 6.75 6.79 6.84 6.87 6.90 6.93 6.95 6.96 6.97 6.97 6.97 6.99
0.00 0.00 0.00 0.00 0.00 0.00 0.00 0.00 0.00 0.00 0.00 0.00 0.00 0.00 0.00 0.00 0.00 0.00 0.00 0.00 0.00 0.00 0.00 0.00 0.00 0.00 0.00 0.00 0.00 0.00 0.00 0.00 0.00 0.00 0.00 0.19 0.43 0.68 0.92 1.16 1.41 1.65 1.89 2.13 2.37 2.61 2.84 3.08 3.30 3.52 3.74 3.95 4.16 4.36 4.55 4.73 4.90 5.07 5.22 5.37 5.51 5.64 5.77 5.88 5.98 6.08 6.17 6.24 6.32 6.38 6.44 6.50 6.55 6.59 6.63 6.67 6.70 6.72 6.74 6.75 6.76 6.76 6.75 6.75
0.00 0.00 0.00 0.00 0.00 0.00 0.00 0.00 0.00 0.00 0.00 0.00 0.00 0.00 0.00 0.00 0.00 0.00 0.00 0.00 0.00 0.00 0.00 0.00 0.00 0.00 0.00 0.00 0.00 0.00 0.00 0.00 0.00 0.00 0.00 0.12 0.35 0.60 0.84 1.08 1.32 1.56 1.80 2.04 2.28 2.51 2.74 2.97 3.19 3.41 3.62 3.83 4.03 4.22 4.41 4.58 4.75 4.91 5.07 5.21 5.35 5.47 5.59 5.70 5.81 5.90 5.98 6.05 6.12 6.19 6.24 6.30 6.34 6.39 6.43 6.46 6.48 6.51 6.52 6.53 6.54 6.54 6.53 6.52
0.00 0.00 0.00 0.00 0.00 0.00 0.00 0.00 0.00 0.00 0.00 0.00 0.00 0.00 0.00 0.00 0.00 0.00 0.00 0.00 0.00 0.00 0.00 0.00 0.00 0.00 0.00 0.00 0.00 0.00 0.00 0.00 0.00 0.00 0.00 0.04 0.28 0.51 0.75 0.99 1.23 1.47 1.71 1.94 2.18 2.41 2.64 2.86 3.08 3.29 3.50 3.70 3.90 4.09 4.27 4.44 4.60 4.76 4.91 5.05 5.18 5.30 5.42 5.52 5.62 5.71 5.79 5.86 5.93 5.99 6.04 6.09 6.14 6.18 6.22 6.25 6.27 6.29 6.31 6.32 6.32 6.32 6.31 6.30
0.00 0.00 0.00 0.00 0.00 0.00 0.00 0.00 0.00 0.00 0.00 0.00 0.00 0.00 0.00 0.00 0.00 0.00 0.00 0.00 0.00 0.00 0.00 0.00 0.00 0.00 0.00 0.00 0.00 0.00 0.00 0.00 0.00 0.00 0.00 0.00 0.20 0.43 0.67 0.91 1.14 1.38 1.61 1.85 2.08 2.30 2.53 2.75 2.96 3.18 3.38 3.58 3.76 3.95 4.12 4.29 4.45 4.60 4.74 4.88 5.01 5.13 5.24 5.34 5.44 5.52 5.60 5.67 5.73 5.79 5.84 5.89 5.93 5.97 6.00 6.03 6.06 6.07 6.09 6.10 6.10 6.10 6.09 6.08
0.00 0.00 0.00 0.00 0.00 0.00 0.00 0.00 0.00 0.00 0.00 0.00 0.00 0.00 0.00 0.00 0.00 0.00 0.00 0.00 0.00 0.00 0.00 0.00 0.00 0.00 0.00 0.00 0.00 0.00 0.00 0.00 0.00 0.00 0.00 0.00 0.12 0.35 0.59 0.82 1.05 1.29 1.52 1.75 1.97 2.20 2.42 2.64 2.85 3.05 3.25 3.44 3.63 3.80 3.97 4.14 4.29 4.44 4.58 4.71 4.83 4.95 5.06 5.16 5.25 5.33 5.40 5.47 5.53 5.58 5.63 5.68 5.72 5.76 5.79 5.82 5.84 5.85 5.87 5.87 5.88 5.87 5.87 5.85
0.00 0.00 0.00 0.00 0.00 0.00 0.00 0.00 0.00 0.00 0.00 0.00 0.00 0.00 0.00 0.00 0.00 0.00 0.00 0.00 0.00 0.00 0.00 0.00 0.00 0.00 0.00 0.00 0.00 0.00 0.00 0.00 0.00 0.00 0.00 0.00 0.04 0.27 0.50 0.73 0.96 1.19 1.42 1.65 1.87 2.09 2.31 2.52 2.73 2.93 3.12 3.31 3.48 3.66 3.82 3.98 4.13 4.27 4.41 4.54 4.66 4.77 4.87 4.97 5.06 5.13 5.21 5.27 5.32 5.38 5.42 5.47 5.51 5.54 5.57 5.60 5.62 5.63 5.64 5.65 5.65 5.65 5.64 5.63
0.00 0.00 0.00 0.00 0.00 0.00 0.00 0.00 0.00 0.00 0.00 0.00 0.00 0.00 0.00 0.00 0.00 0.00 0.00 0.00 0.00 0.00 0.00 0.00 0.00 0.00 0.00 0.00 0.00 0.00 0.00 0.00 0.00 0.00 0.00 0.00 0.00 0.19 0.42 0.65 0.87 1.10 1.33 1.55 1.77 1.99 2.20 2.40 2.60 2.80 2.99 3.17 3.34 3.51 3.67 3.82 3.97 4.11 4.24 4.36 4.48 4.59 4.69 4.78 4.86 4.94 5.01 5.07 5.12 5.17 5.21 5.26 5.29 5.33 5.35 5.38 5.40 5.41 5.42 5.43 5.43 5.42 5.41 5.40
0.00 0.00 0.00 0.00 0.00 0.00 0.00 0.00 0.00 0.00 0.00 0.00 0.00 0.00 0.00 0.00 0.00 0.00 0.00 0.00 0.00 0.00 0.00 0.00 0.00 0.00 0.00 0.00 0.00 0.00 0.00 0.00 0.00 0.00 0.00 0.00 0.00 0.11 0.33 0.56 0.78 1.01 1.23 1.45 1.67 1.88 2.08 2.28 2.48 2.67 2.85 3.02 3.19 3.36 3.51 3.66 3.80 3.94 4.06 4.18 4.30 4.40 4.50 4.59 4.67 4.74 4.80 4.86 4.91 4.96 5.00 5.04 5.08 5.11 5.13 5.16 5.17 5.19 5.19 5.20 5.20 5.19 5.18 5.17
0.00 0.00 0.00 0.00 0.00 0.00 0.00 0.00 0.00 0.00 0.00 0.00 0.00 0.00 0.00 0.00 0.00 0.00 0.00 0.00 0.00 0.00 0.00 0.00 0.00 0.00 0.00 0.00 0.00 0.00 0.00 0.00 0.00 0.00 0.00 0.00 0.00 0.03 0.25 0.47 0.69 0.91 1.13 1.35 1.56 1.77 1.97 2.16 2.35 2.53 2.71 2.88 3.04 3.20 3.35 3.50 3.63 3.76 3.89 4.00 4.11 4.21 4.31 4.39 4.47 4.54 4.60 4.66 4.70 4.75 4.79 4.83 4.86 4.89 4.91 4.93 4.95 4.96 4.97 4.97 4.97 4.96 4.95 4.94
0.00 0.00 0.00 0.00 0.00 0.00 0.00 0.00 0.00 0.00 0.00 0.00 0.00 0.00 0.00 0.00 0.00 0.00 0.00 0.00 0.00 0.00 0.00 0.00 0.00 0.00 0.00 0.00 0.00 0.00 0.00 0.00 0.00 0.00 0.00 0.00 0.00 0.00 0.17 0.39 0.60 0.82 1.04 1.25 1.45 1.65 1.85 2.04 2.22 2.40 2.57 2.73 2.89 3.05 3.19 3.33 3.46 3.59 3.71 3.82 3.93 4.02 4.11 4.20 4.27 4.34 4.40 4.45 4.49 4.54 4.58 4.61 4.64 4.67 4.69 4.71 4.72 4.74 4.74 4.74 4.74 4.74 4.73 4.71
0.00 0.00 0.00 0.00 0.00 0.00 0.00 0.00 0.00 0.00 0.00 0.00 0.00 0.00 0.00 0.00 0.00 0.00 0.00 0.00 0.00 0.00 0.00 0.00 0.00 0.00 0.00 0.00 0.00 0.00 0.00 0.00 0.00 0.00 0.00 0.00 0.00 0.00 0.10 0.30 0.51 0.73 0.94 1.14 1.34 1.54 1.73 1.91 2.09 2.26 2.43 2.59 2.74 2.89 3.03 3.17 3.29 3.42 3.53 3.64 3.74 3.83 3.92 4.00 4.07 4.13 4.19 4.24 4.28 4.32 4.36 4.39 4.42 4.45 4.47 4.49 4.50 4.51 4.51 4.52 4.51 4.51 4.50 4.48
0.00 0.00 0.00 0.00 0.00 0.00 0.00 0.00 0.00 0.00 0.00 0.00 0.00 0.00 0.00 0.00 0.00 0.00 0.00 0.00 0.00 0.00 0.00 0.00 0.00 0.00 0.00 0.00 0.00 0.00 0.00 0.00 0.00 0.00 0.00 0.00 0.00 0.00 0.03 0.23 0.43 0.63 0.84 1.04 1.23 1.42 1.60 1.78 1.95 2.12 2.28 2.44 2.59 2.73 2.87 3.00 3.12 3.24 3.35 3.45 3.55 3.64 3.73 3.80 3.87 3.93 3.98 4.03 4.07 4.11 4.14 4.18 4.20 4.23 4.25 4.26 4.27 4.28 4.29 4.29 4.28 4.28 4.27 4.25
0.00 0.00 0.00 0.00 0.00 0.00 0.00 0.00 0.00 0.00 0.00 0.00 0.00 0.00 0.00 0.00 0.00 0.00 0.00 0.00 0.00 0.00 0.00 0.00 0.00 0.00 0.00 0.00 0.00 0.00 0.00 0.00 0.00 0.00 0.00 0.00 0.00 0.00 0.00 0.16 0.35 0.54 0.74 0.93 1.12 1.30 1.48 1.65 1.82 1.98 2.13 2.29 2.43 2.57 2.70 2.83 2.95 3.06 3.17 3.27 3.36 3.45 3.53 3.60 3.67 3.73 3.78 3.82 3.86 3.90 3.93 3.96 3.98 4.01 4.02 4.04 4.05 4.06 4.06 4.06 4.06 4.05 4.04 4.02
0.00 0.00 0.00 0.00 0.00 0.00 0.00 0.00 0.00 0.00 0.00 0.00 0.00 0.00 0.00 0.00 0.00 0.00 0.00 0.00 0.00 0.00 0.00 0.00 0.00 0.00 0.00 0.00 0.00 0.00 0.00 0.00 0.00 0.00 0.00 0.00 0.00 0.00 0.00 0.10 0.28 0.45 0.64 0.82 1.00 1.18 1.35 1.52 1.68 1.84 1.99 2.13 2.27 2.41 2.54 2.66 2.77 2.88 2.99 3.08 3.17 3.26 3.34 3.40 3.47 3.52 3.57 3.61 3.65 3.68 3.71 3.74 3.76 3.78 3.80 3.81 3.82 3.83 3.83 3.83 3.83 3.82 3.81 3.79
0.00 0.00 0.00 0.00 0.00 0.00 0.00 0.00 0.00 0.00 0.00 0.00 0.00 0.00 0.00 0.00 0.00 0.00 0.00 0.00 0.00 0.00 0.00 0.00 0.00 0.00 0.00 0.00 0.00 0.00 0.00 0.00 0.00 0.00 0.00 0.00 0.00 0.00 0.00 0.05 0.21 0.37 0.54 0.71 0.89 1.06 1.22 1.39 1.54 1.69 1.84 1.98 2.12 2.25 2.37 2.49 2.60 2.71 2.80 2.90 2.99 3.07 3.14 3.21 3.27 3.32 3.36 3.40 3.44 3.47 3.50 3.52 3.54 3.56 3.58 3.59 3.60 3.61 3.61 3.61 3.60 3.59 3.58 3.56
0.00 0.00 0.00 0.00 0.00 0.00 0.00 0.00 0.00 0.00 0.00 0.00 0.00 0.00 0.00 0.00 0.00 0.00 0.00 0.00 0.00 0.00 0.00 0.00 0.00 0.00 0.00 0.00 0.00 0.00 0.00 0.00 0.00 0.00 0.00 0.00 0.00 0.00 0.00 0.00 0.15 0.30 0.45 0.61 0.77 0.93 1.10 1.25 1.40 1.55 1.69 1.83 1.96 2.08 2.20 2.32 2.42 2.53 2.62 2.71 2.80 2.87 2.94 3.01 3.06 3.11 3.16 3.19 3.23 3.26 3.28 3.31 3.33 3.34 3.36 3.37 3.38 3.38 3.38 3.38 3.37 3.37 3.35 3.34
0.00 0.00 0.00 0.00 0.00 0.00 0.00 0.00 0.00 0.00 0.00 0.00 0.00 0.00 0.00 0.00 0.00 0.00 0.00 0.00 0.00 0.00 0.00 0.00 0.00 0.00 0.00 0.00 0.00 0.00 0.00 0.00 0.00 0.00 0.00 0.00 0.00 0.00 0.00 0.00 0.09 0.23 0.37 0.51 0.66 0.81 0.97 1.12 1.26 1.41 1.54 1.67 1.80 1.92 2.04 2.15 2.25 2.35 2.44 2.53 2.61 2.68 2.75 2.81 2.86 2.91 2.95 2.99 3.02 3.04 3.07 3.09 3.11 3.12 3.14 3.15 3.15 3.16 3.16 3.16 3.15 3.14 3.13 3.11
0.00 0.00 0.00 0.00 0.00 0.00 0.00 0.00 0.00 0.00 0.00 0.00 0.00 0.00 0.00 0.00 0.00 0.00 0.00 0.00 0.00 0.00 0.00 0.00 0.00 0.00 0.00 0.00 0.00 0.00 0.00 0.00 0.00 0.00 0.00 0.00 0.00 0.00 0.00 0.00 0.04 0.17 0.29 0.43 0.56 0.70 0.84 0.98 1.12 1.26 1.39 1.52 1.64 1.76 1.87 1.97 2.07 2.17 2.26 2.34 2.42 2.49 2.55 2.61 2.66 2.71 2.75 2.78 2.81 2.83 2.85 2.87 2.89 2.91 2.92 2.93 2.93 2.93 2.93 2.93 2.93 2.92 2.90 2.89
0.00 0.00 0.00 0.00 0.00 0.00 0.00 0.00 0.00 0.00 0.00 0.00 0.00 0.00 0.00 0.00 0.00 0.00 0.00 0.00 0.00 0.00 0.00 0.00 0.00 0.00 0.00 0.00 0.00 0.00 0.00 0.00 0.00 0.00 0.00 0.00 0.00 0.00 0.00 0.00 0.00 0.11 0.22 0.34 0.47 0.59 0.72 0.85 0.99 1.12 1.24 1.37 1.48 1.60 1.70 1.80 1.90 1.99 2.08 2.16 2.23 2.30 2.36 2.41 2.46 2.51 2.54 2.57 2.60 2.62 2.64 2.66 2.68 2.69 2.70 2.71 2.71 2.71 2.71 2.71 2.70 2.69 2.68 2.67
0.00 0.00 0.00 0.00 0.00 0.00 0.00 0.00 0.00 0.00 0.00 0.00 0.00 0.00 0.00 0.00 0.00 0.00 0.00 0.00 0.00 0.00 0.00 0.00 0.00 0.00 0.00 0.00 0.00 0.00 0.00 0.00 0.00 0.00 0.00 0.00 0.00 0.00 0.00 0.00 0.00 0.05 0.16 0.27 0.38 0.49 0.61 0.73 0.85 0.97 1.10 1.21 1.33 1.43 1.54 1.63 1.73 1.81 1.90 1.97 2.04 2.11 2.17 2.22 2.26 2.30 2.34 2.37 2.39 2.41 2.43 2.45 2.46 2.47 2.48 2.49 2.49 2.50 2.49 2.49 2.48 2.48 2.46 2.45
0.00 0.00 0.00 0.00 0.00 0.00 0.00 0.00 0.00 0.00 0.00 0.00 0.00 0.00 0.00 0.00 0.00 0.00 0.00 0.00 0.00 0.00 0.00 0.00 0.00 0.00 0.00 0.00 0.00 0.00 0.00 0.00 0.00 0.00 0.00 0.00 0.00 0.00 0.00 0.00 0.00 0.00 0.10 0.19 0.29 0.40 0.50 0.61 0.72 0.83 0.95 1.06 1.17 1.27 1.37 1.47 1.56 1.64 1.72 1.79 1.86 1.92 1.97 2.02 2.07 2.11 2.14 2.16 2.18 2.20 2.22 2.24 2.25 2.26 2.27 2.28 2.28 2.28 2.28 2.27 2.27 2.26 2.25 2.23
0.00 0.00 0.00 0.00 0.00 0.00 0.00 0.00 0.00 0.00 0.00 0.00 0.00 0.00 0.00 0.00 0.00 0.00 0.00 0.00 0.00 0.00 0.00 0.00 0.00 0.00 0.00 0.00 0.00 0.00 0.00 0.00 0.00 0.00 0.00 0.00 0.00 0.00 0.00 0.00 0.00 0.00 0.04 0.13 0.22 0.31 0.40 0.50 0.60 0.70 0.80 0.91 1.01 1.11 1.21 1.30 1.38 1.46 1.54 1.61 1.67 1.73 1.78 1.83 1.87 1.91 1.94 1.96 1.98 2.00 2.01 2.03 2.04 2.05 2.06 2.06 2.07 2.07 2.06 2.06 2.05 2.04 2.03 2.02
0.00 0.00 0.00 0.00 0.00 0.00 0.00 0.00 0.00 0.00 0.00 0.00 0.00 0.00 0.00 0.00 0.00 0.00 0.00 0.00 0.00 0.00 0.00 0.00 0.00 0.00 0.00 0.00 0.00 0.00 0.00 0.00 0.00 0.00 0.00 0.00 0.00 0.00 0.00 0.00 0.00 0.00 0.00 0.07 0.15 0.23 0.31 0.39 0.48 0.57 0.67 0.76 0.86 0.96 1.05 1.13 1.21 1.29 1.36 1.43 1.49 1.55 1.60 1.64 1.68 1.71 1.74 1.76 1.78 1.80 1.81 1.82 1.83 1.84 1.85 1.85 1.85 1.85 1.85 1.85 1.84 1.83 1.82 1.81
0.00 0.00 0.00 0.00 0.00 0.00 0.00 0.00 0.00 0.00 0.00 0.00 0.00 0.00 0.00 0.00 0.00 0.00 0.00 0.00 0.00 0.00 0.00 0.00 0.00 0.00 0.00 0.00 0.00 0.00 0.00 0.00 0.00 0.00 0.00 0.00 0.00 0.00 0.00 0.00 0.00 0.00 0.00 0.01 0.08 0.15 0.22 0.30 0.37 0.45 0.54 0.62 0.71 0.80 0.89 0.97 1.05 1.12 1.19 1.25 1.31 1.36 1.41 1.45 1.49 1.52 1.54 1.56 1.58 1.59 1.61 1.62 1.63 1.64 1.64 1.64 1.65 1.65 1.64 1.64 1.63 1.62 1.61 1.60
0.00 0.00 0.00 0.00 0.00 0.00 0.00 0.00 0.00 0.00 0.00 0.00 0.00 0.00 0.00 0.00 0.00 0.00 0.00 0.00 0.00 0.00 0.00 0.00 0.00 0.00 0.00 0.00 0.00 0.00 0.00 0.00 0.00 0.00 0.00 0.00 0.00 0.00 0.00 0.00 0.00 0.00 0.00 0.00 0.02 0.08 0.14 0.21 0.27 0.34 0.42 0.49 0.57 0.65 0.73 0.81 0.88 0.95 1.02 1.08 1.13 1.18 1.23 1.27 1.30 1.33 1.35 1.37 1.38 1.40 1.41 1.42 1.43 1.43 1.44 1.44 1.44 1.44 1.44 1.43 1.43 1.42 1.41 1.39
0.00 0.00 0.00 0.00 0.00 0.00 0.00 0.00 0.00 0.00 0.00 0.00 0.00 0.00 0.00 0.00 0.00 0.00 0.00 0.00 0.00 0.00 0.00 0.00 0.00 0.00 0.00 0.00 0.00 0.00 0.00 0.00 0.00 0.00 0.00 0.00 0.00 0.00 0.00 0.00 0.00 0.00 0.00 0.00 0.00 0.01 0.07 0.12 0.18 0.24 0.30 0.37 0.43 0.50 0.57 0.65 0.72 0.78 0.85 0.90 0.96 1.00 1.05 1.08 1.12 1.14 1.16 1.18 1.19 1.20 1.21 1.22 1.23 1.23 1.24 1.24 1.24 1.24 1.24 1.23 1.22 1.22 1.21 1.19
0.00 0.00 0.00 0.00 0.00 0.00 0.00 0.00 0.00 0.00 0.00 0.00 0.00 0.00 0.00 0.00 0.00 0.00 0.00 0.00 0.00 0.00 0.00 0.00 0.00 0.00 0.00 0.00 0.00 0.00 0.00 0.00 0.00 0.00 0.00 0.00 0.00 0.00 0.00 0.00 0.00 0.00 0.00 0.00 0.00 0.00 0.00 0.04 0.09 0.14 0.20 0.25 0.31 0.37 0.43 0.49 0.56 0.62 0.68 0.73 0.78 0.83 0.87 0.90 0.93 0.96 0.98 0.99 1.00 1.01 1.02 1.03 1.03 1.04 1.04 1.04 1.04 1.04 1.04 1.03 1.03 1.02 1.01 1.00
0.00 0.00 0.00 0.00 0.00 0.00 0.00 0.00 0.00 0.00 0.00 0.00 0.00 0.00 0.00 0.00 0.00 0.00 0.00 0.00 0.00 0.00 0.00 0.00 0.00 0.00 0.00 0.00 0.00 0.00 0.00 0.00 0.00 0.00 0.00 0.00 0.00 0.00 0.00 0.00 0.00 0.00 0.00 0.00 0.00 0.00 0.00 0.00 0.01 0.05 0.10 0.14 0.19 0.24 0.29 0.35 0.40 0.46 0.52 0.57 0.61 0.66 0.69 0.73 0.75 0.78 0.79 0.80 0.81 0.82 0.83 0.84 0.84 0.85 0.85 0.85 0.85 0.85 0.84 0.84 0.83 0.82 0.81 0.80
0.00 0.00 0.00 0.00 0.00 0.00 0.00 0.00 0.00 0.00 0.00 0.00 0.00 0.00 0.00 0.00 0.00 0.00 0.00 0.00 0.00 0.00 0.00 0.00 0.00 0.00 0.00 0.00 0.00 0.00 0.00 0.00 0.00 0.00 0.00 0.00 0.00 0.00 0.00 0.00 0.00 0.00 0.00 0.00 0.00 0.00 0.00 0.00 0.00 0.00 0.00 0.04 0.08 0.12 0.16 0.21 0.26 0.30 0.36 0.40 0.45 0.49 0.52 0.55 0.58 0.60 0.61 0.62 0.63 0.64 0.65 0.65 0.65 0.66 0.66 0.66 0.66 0.66 0.65 0.65 0.64 0.63 0.63 0.62
0.00 0.00 0.00 0.00 0.00 0.00 0.00 0.00 0.00 0.00 0.00 0.00 0.00 0.00 0.00 0.00 0.00 0.00 0.00 0.00 0.00 0.00 0.00 0.00 0.00 0.00 0.00 0.00 0.00 0.00 0.00 0.00 0.00 0.00 0.00 0.00 0.00 0.00 0.00 0.00 0.00 0.00 0.00 0.00 0.00 0.00 0.00 0.00 0.00 0.00 0.00 0.00 0.00 0.01 0.04 0.08 0.12 0.16 0.20 0.24 0.29 0.32 0.35 0.38 0.41 0.42 0.44 0.45 0.45 0.46 0.46 0.47 0.47 0.47 0.47 0.47 0.47 0.47 0.47 0.46 0.46 0.45 0.44 0.43
0.00 0.00 0.00 0.00 0.00 0.00 0.00 0.00 0.00 0.00 0.00 0.00 0.00 0.00 0.00 0.00 0.00 0.00 0.00 0.00 0.00 0.00 0.00 0.00 0.00 0.00 0.00 0.00 0.00 0.00 0.00 0.00 0.00 0.00 0.00 0.00 0.00 0.00 0.00 0.00 0.00 0.00 0.00 0.00 0.00 0.00 0.00 0.00 0.00 0.00 0.00 0.00 0.00 0.00 0.00 0.00 0.00 0.02 0.05 0.09 0.13 0.16 0.19 0.22 0.24 0.25 0.27 0.27 0.28 0.28 0.29 0.29 0.29 0.29 0.30 0.29 0.29 0.29 0.29 0.28 0.28 0.27 0.26 0.25
