data_processed/recharge/precip/Precip_2009_04.asc
ncols        168
nrows        136
xllcorner    455000
yllcorner    2107000
cellsize     500
NODATA_value     -99999
[rows 36 to 71 of 136, columns 79 to 157 of 168]
6.00 6.07 6.14 6.22 6.31 6.40 6.49 6.59 6.69 6.80 6.91 7.02 7.14 7.25 7.37 7.50 7.62 7.75 7.88 8.01 8.14 8.27 8.40 8.54 8.67 8.80 8.94 9.07 9.20 9.33 9.46 9.59 9.71 9.83 9.96 10.07 10.19 10.30 10.41 10.52 10.62 10.72 10.82 10.91 10.99 11.07 11.15 11.22 11.28 11.34 11.39 11.44 11.47 11.47 11.40 11.29 11.15 10.98 10.79 10.58 10.35 10.10 9.83 9.55 9.26 8.94 8.62 8.29 7.94 7.59 7.23 6.87 6.50 6.13 5.75 5.37 5.00 4.62 4.25
6.41 6.48 6.55 6.63 6.72 6.81 6.90 7.00 7.10 7.20 7.31 7.42 7.54 7.65 7.77 7.89 8.01 8.13 8.26 8.38 8.51 8.63 8.76 8.88 9.01 9.13 9.26 9.38 9.50 9.63 9.74 9.86 9.98 10.09 10.20 10.31 10.41 10.51 10.61 10.70 10.79 10.88 10.96 11.03 11.10 11.17 11.23 11.28 11.33 11.37 11.41 11.43 11.45 11.44 11.38 11.29 11.17 11.03 10.86 10.67 10.46 10.24 9.99 9.72 9.44 9.15 8.84 8.52 8.18 7.84 7.49 7.13 6.77 6.40 6.03 5.66 5.28 4.91 4.54
6.83 6.90 6.98 7.06 7.14 7.23 7.33 7.42 7.52 7.62 7.73 7.84 7.95 8.06 8.17 8.29 8.40 8.52 8.64 8.76 8.88 9.00 9.12 9.23 9.35 9.47 9.58 9.70 9.81 9.92 10.03 10.14 10.24 10.34 10.44 10.54 10.63 10.72 10.80 10.88 10.96 11.03 11.09 11.15 11.21 11.26 11.30 11.34 11.37 11.39 11.41 11.42 11.42 11.41 11.38 11.31 11.22 11.10 10.96 10.79 10.60 10.39 10.16 9.91 9.65 9.37 9.07 8.76 8.44 8.11 7.77 7.42 7.06 6.70 6.33 5.96 5.59 5.22 4.85
7.26 7.34 7.41 7.49 7.58 7.67 7.76 7.85 7.95 8.05 8.15 8.26 8.36 8.47 8.58 8.69 8.80 8.91 9.02 9.14 9.25 9.36 9.47 9.58 9.69 9.80 9.91 10.01 10.11 10.21 10.31 10.41 10.50 10.59 10.67 10.76 10.84 10.91 10.98 11.04 11.11 11.16 11.21 11.25 11.29 11.33 11.35 11.37 11.38 11.39 11.39 11.38 11.37 11.37 11.35 11.31 11.25 11.15 11.03 10.89 10.72 10.53 10.32 10.09 9.84 9.58 9.30 9.00 8.69 8.37 8.04 7.70 7.35 6.99 6.63 6.27 5.90 5.52 5.15
7.71 7.78 7.86 7.94 8.02 8.11 8.19 8.29 8.38 8.48 8.57 8.67 8.78 8.88 8.98 9.09 9.19 9.30 9.40 9.50 9.61 9.71 9.82 9.92 10.02 10.11 10.21 10.31 10.40 10.49 10.57 10.66 10.74 10.81 10.89 10.95 11.02 11.08 11.13 11.18 11.23 11.27 11.30 11.33 11.35 11.36 11.37 11.37 11.37 11.35 11.33 11.31 11.30 11.29 11.29 11.27 11.23 11.16 11.07 10.95 10.80 10.64 10.45 10.23 10.00 9.75 9.49 9.21 8.91 8.60 8.28 7.95 7.61 7.26 6.91 6.54 6.18 5.81 5.44
8.16 8.23 8.31 8.38 8.46 8.55 8.63 8.72 8.81 8.90 9.00 9.09 9.19 9.28 9.38 9.48 9.57 9.67 9.77 9.87 9.96 10.06 10.15 10.24 10.33 10.42 10.50 10.59 10.67 10.74 10.82 10.89 10.95 11.02 11.07 11.13 11.18 11.22 11.26 11.30 11.32 11.35 11.36 11.37 11.38 11.37 11.36 11.34 11.32 11.28 11.25 11.23 11.21 11.20 11.19 11.18 11.17 11.13 11.06 10.96 10.84 10.70 10.53 10.34 10.13 9.89 9.65 9.38 9.10 8.80 8.49 8.17 7.84 7.50 7.15 6.80 6.44 6.07 5.70
8.62 8.69 8.76 8.83 8.91 8.99 9.07 9.16 9.24 9.33 9.42 9.50 9.59 9.68 9.77 9.86 9.95 10.04 10.13 10.22 10.30 10.39 10.47 10.55 10.63 10.70 10.78 10.85 10.92 10.98 11.04 11.10 11.15 11.20 11.24 11.28 11.31 11.34 11.36 11.38 11.39 11.40 11.39 11.39 11.37 11.35 11.32 11.28 11.23 11.19 11.15 11.12 11.10 11.09 11.08 11.07 11.06 11.04 11.00 10.93 10.84 10.72 10.57 10.40 10.21 10.00 9.77 9.52 9.25 8.97 8.67 8.36 8.04 7.71 7.37 7.03 6.67 6.31 5.95
9.08 9.15 9.22 9.29 9.36 9.44 9.51 9.59 9.67 9.75 9.83 9.91 10.00 10.08 10.16 10.24 10.32 10.40 10.48 10.56 10.63 10.71 10.78 10.85 10.91 10.98 11.04 11.09 11.15 11.20 11.24 11.29 11.32 11.36 11.38 11.41 11.42 11.43 11.44 11.44 11.43 11.42 11.40 11.37 11.33 11.29 11.24 11.18 11.12 11.07 11.03 11.00 10.98 10.96 10.95 10.94 10.93 10.92 10.90 10.86 10.79 10.69 10.57 10.42 10.25 10.06 9.85 9.62 9.37 9.10 8.82 8.53 8.22 7.90 7.57 7.23 6.88 6.53 6.17
9.53 9.61 9.68 9.75 9.81 9.88 9.95 10.03 10.10 10.17 10.25 10.32 10.39 10.47 10.54 10.61 10.68 10.75 10.82 10.89 10.95 11.01 11.07 11.13 11.18 11.23 11.28 11.32 11.36 11.40 11.43 11.45 11.48 11.49 11.50 11.51 11.51 11.50 11.49 11.47 11.44 11.41 11.37 11.32 11.26 11.20 11.13 11.05 10.99 10.94 10.90 10.86 10.84 10.82 10.80 10.79 10.78 10.77 10.76 10.74 10.69 10.62 10.53 10.40 10.26 10.09 9.89 9.68 9.45 9.20 8.94 8.66 8.36 8.05 7.73 7.40 7.07 6.72 6.37
9.96 10.06 10.14 10.21 10.27 10.33 10.40 10.46 10.53 10.59 10.66 10.72 10.79 10.85 10.91 10.97 11.03 11.09 11.15 11.20 11.26 11.31 11.35 11.40 11.44 11.47 11.50 11.53 11.56 11.58 11.59 11.60 11.60 11.60 11.60 11.58 11.56 11.54 11.51 11.47 11.42 11.37 11.31 11.24 11.16 11.07 10.99 10.91 10.85 10.79 10.75 10.71 10.68 10.66 10.64 10.63 10.61 10.60 10.58 10.57 10.55 10.51 10.44 10.34 10.22 10.07 9.90 9.71 9.50 9.27 9.02 8.75 8.47 8.18 7.87 7.55 7.22 6.89 6.54
10.37 10.49 10.59 10.66 10.72 10.78 10.84 10.89 10.95 11.01 11.06 11.12 11.17 11.23 11.28 11.33 11.38 11.42 11.47 11.51 11.55 11.58 11.62 11.65 11.67 11.69 11.71 11.72 11.73 11.73 11.73 11.72 11.71 11.69 11.67 11.63 11.60 11.55 11.50 11.44 11.37 11.30 11.21 11.12 11.02 10.92 10.83 10.76 10.69 10.63 10.58 10.55 10.51 10.49 10.47 10.45 10.43 10.41 10.40 10.38 10.37 10.35 10.31 10.24 10.14 10.02 9.87 9.70 9.51 9.30 9.06 8.82 8.55 8.27 7.98 7.67 7.35 7.03 6.69
10.77 10.91 11.02 11.11 11.17 11.23 11.27 11.32 11.37 11.42 11.46 11.51 11.55 11.59 11.63 11.67 11.71 11.74 11.77 11.80 11.83 11.85 11.87 11.88 11.89 11.90 11.90 11.89 11.88 11.87 11.85 11.82 11.79 11.75 11.71 11.66 11.60 11.53 11.46 11.38 11.29 11.19 11.09 10.97 10.86 10.76 10.67 10.59 10.52 10.46 10.41 10.37 10.33 10.30 10.28 10.25 10.23 10.21 10.20 10.18 10.17 10.16 10.14 10.09 10.02 9.92 9.80 9.65 9.48 9.29 9.08 8.85 8.60 8.34 8.06 7.76 7.46 7.14 6.82
11.16 11.30 11.43 11.53 11.61 11.67 11.71 11.75 11.79 11.82 11.86 11.89 11.92 11.95 11.98 12.01 12.03 12.05 12.07 12.08 12.09 12.10 12.10 12.10 12.09 12.08 12.07 12.04 12.02 11.98 11.95 11.90 11.85 11.79 11.73 11.65 11.57 11.49 11.39 11.29 11.18 11.06 10.93 10.80 10.68 10.58 10.49 10.40 10.33 10.27 10.22 10.17 10.14 10.10 10.07 10.05 10.02 10.00 9.98 9.96 9.95 9.93 9.92 9.90 9.86 9.78 9.69 9.56 9.42 9.25 9.06 8.84 8.61 8.37 8.10 7.83 7.53 7.23 6.91
11.52 11.68 11.82 11.93 12.02 12.09 12.14 12.17 12.20 12.22 12.25 12.27 12.29 12.30 12.32 12.33 12.34 12.35 12.35 12.35 12.34 12.33 12.32 12.30 12.28 12.25 12.21 12.17 12.13 12.08 12.02 11.95 11.88 11.80 11.72 11.62 11.52 11.41 11.29 11.17 11.03 10.89 10.75 10.61 10.50 10.39 10.29 10.21 10.14 10.07 10.02 9.97 9.93 9.89 9.86 9.83 9.80 9.77 9.75 9.73 9.71 9.70 9.68 9.67 9.65 9.61 9.53 9.44 9.31 9.17 9.00 8.81 8.60 8.37 8.12 7.86 7.58 7.29 6.99
11.88 12.05 12.20 12.32 12.42 12.50 12.55 12.59 12.60 12.62 12.63 12.64 12.64 12.65 12.65 12.64 12.64 12.63 12.62 12.60 12.58 12.55 12.52 12.48 12.44 12.39 12.34 12.28 12.21 12.14 12.06 11.98 11.89 11.79 11.68 11.56 11.44 11.30 11.16 11.01 10.85 10.70 10.55 10.42 10.30 10.19 10.09 10.01 9.93 9.86 9.80 9.75 9.71 9.67 9.63 9.59 9.56 9.53 9.51 9.49 9.47 9.45 9.43 9.42 9.40 9.38 9.34 9.27 9.17 9.05 8.90 8.73 8.54 8.33 8.11 7.86 7.60 7.32 7.03
12.22 12.40 12.56 12.69 12.80 12.88 12.94 12.98 13.00 13.00 13.00 13.00 12.99 12.98 12.96 12.94 12.92 12.90 12.87 12.83 12.79 12.75 12.70 12.64 12.58 12.52 12.44 12.37 12.28 12.19 12.09 11.98 11.86 11.74 11.61 11.47 11.32 11.17 11.00 10.83 10.65 10.49 10.34 10.21 10.09 9.98 9.88 9.79 9.71 9.64 9.58 9.52 9.47 9.43 9.39 9.35 9.32 9.28 9.26 9.23 9.21 9.19 9.17 9.15 9.14 9.12 9.10 9.06 8.99 8.89 8.77 8.62 8.46 8.27 8.06 7.83 7.59 7.33 7.05
12.54 12.73 12.90 13.04 13.15 13.24 13.31 13.35 13.38 13.38 13.37 13.35 13.32 13.30 13.27 13.23 13.19 13.15 13.10 13.05 12.99 12.93 12.86 12.79 12.71 12.62 12.53 12.43 12.32 12.21 12.08 11.95 11.82 11.67 11.51 11.35 11.18 11.00 10.81 10.62 10.44 10.28 10.13 9.99 9.87 9.76 9.66 9.57 9.49 9.41 9.35 9.29 9.23 9.18 9.14 9.10 9.06 9.02 8.99 8.96 8.94 8.91 8.89 8.87 8.86 8.84 8.83 8.81 8.77 8.70 8.60 8.48 8.33 8.17 7.98 7.77 7.54 7.30 7.04
12.85 13.05 13.23 13.37 13.49 13.59 13.66 13.71 13.73 13.74 13.72 13.69 13.65 13.61 13.56 13.51 13.45 13.39 13.32 13.25 13.18 13.09 13.01 12.91 12.81 12.70 12.59 12.47 12.34 12.20 12.05 11.90 11.74 11.57 11.39 11.20 11.00 10.80 10.59 10.40 10.22 10.06 9.91 9.77 9.65 9.53 9.43 9.34 9.25 9.17 9.10 9.04 8.98 8.93 8.88 8.83 8.79 8.75 8.72 8.68 8.65 8.63 8.60 8.58 8.56 8.55 8.54 8.52 8.50 8.46 8.39 8.29 8.17 8.03 7.86 7.68 7.47 7.25 7.00
13.14 13.35 13.54 13.69 13.81 13.91 13.99 14.04 14.06 14.07 14.05 14.02 13.96 13.90 13.84 13.77 13.69 13.61 13.53 13.44 13.34 13.24 13.13 13.01 12.89 12.76 12.62 12.48 12.33 12.17 12.00 11.82 11.63 11.44 11.23 11.02 10.80 10.57 10.36 10.17 9.99 9.83 9.68 9.54 9.41 9.30 9.19 9.09 9.01 8.93 8.85 8.78 8.72 8.66 8.61 8.56 8.51 8.47 8.43 8.39 8.36 8.33 8.31 8.28 8.26 8.24 8.23 8.22 8.20 8.19 8.14 8.07 7.98 7.86 7.72 7.55 7.36 7.16 6.94
13.43 13.64 13.83 13.99 14.12 14.22 14.29 14.35 14.37 14.38 14.36 14.32 14.26 14.19 14.10 14.01 13.92 13.82 13.72 13.60 13.49 13.36 13.23 13.09 12.95 12.80 12.64 12.47 12.29 12.11 11.91 11.71 11.50 11.28 11.05 10.81 10.57 10.34 10.13 9.94 9.76 9.59 9.44 9.30 9.17 9.05 8.95 8.85 8.75 8.67 8.59 8.52 8.45 8.39 8.33 8.28 8.23 8.18 8.14 8.10 8.06 8.03 8.00 7.97 7.95 7.93 7.91 7.90 7.88 7.87 7.86 7.81 7.74 7.65 7.53 7.39 7.23 7.04 6.84
13.70 13.92 14.11 14.27 14.40 14.51 14.58 14.63 14.66 14.66 14.64 14.60 14.54 14.45 14.35 14.24 14.13 14.01 13.88 13.75 13.61 13.47 13.31 13.15 12.98 12.81 12.62 12.43 12.23 12.02 11.80 11.57 11.33 11.08 10.83 10.57 10.33 10.10 9.89 9.70 9.52 9.35 9.20 9.06 8.93 8.81 8.69 8.59 8.50 8.41 8.33 8.25 8.18 8.11 8.05 7.99 7.93 7.88 7.83 7.79 7.75 7.72 7.68 7.65 7.63 7.61 7.59 7.57 7.55 7.54 7.53 7.51 7.47 7.41 7.31 7.20 7.06 6.89 6.71
13.95 14.18 14.37 14.54 14.67 14.77 14.85 14.90 14.93 14.93 14.90 14.85 14.78 14.69 14.59 14.46 14.32 14.18 14.04 13.88 13.72 13.55 13.37 13.19 13.00 12.79 12.59 12.37 12.14 11.90 11.66 11.40 11.14 10.86 10.59 10.33 10.09 9.86 9.65 9.46 9.28 9.11 8.95 8.81 8.67 8.55 8.44 8.33 8.23 8.14 8.05 7.97 7.90 7.82 7.76 7.69 7.63 7.58 7.53 7.48 7.43 7.40 7.36 7.33 7.30 7.27 7.25 7.23 7.21 7.20 7.19 7.18 7.16 7.12 7.06 6.97 6.85 6.71 6.55
14.20 14.43 14.62 14.79 14.92 15.03 15.10 15.15 15.17 15.17 15.14 15.08 15.01 14.91 14.79 14.65 14.50 14.34 14.17 13.99 13.80 13.61 13.41 13.20 12.98 12.76 12.52 12.28 12.02 11.76 11.49 11.20 10.91 10.62 10.34 10.08 9.84 9.62 9.40 9.21 9.03 8.86 8.70 8.55 8.42 8.29 8.17 8.06 7.96 7.87 7.78 7.69 7.61 7.53 7.46 7.39 7.32 7.26 7.21 7.16 7.11 7.07 7.03 6.99 6.96 6.93 6.91 6.89 6.87 6.85 6.84 6.83 6.82 6.80 6.77 6.70 6.61 6.50 6.36
14.43 14.66 14.86 15.02 15.16 15.26 15.33 15.38 15.39 15.38 15.35 15.29 15.21 15.10 14.97 14.82 14.66 14.47 14.28 14.08 13.87 13.65 13.42 13.19 12.94 12.69 12.43 12.16 11.88 11.59 11.28 10.97 10.66 10.37 10.09 9.83 9.59 9.37 9.16 8.96 8.77 8.60 8.44 8.30 8.16 8.03 7.91 7.79 7.69 7.59 7.49 7.40 7.31 7.23 7.15 7.08 7.01 6.95 6.89 6.83 6.78 6.73 6.69 6.65 6.62 6.58 6.56 6.53 6.51 6.49 6.48 6.47 6.46 6.45 6.44 6.40 6.34 6.25 6.13
14.64 14.88 15.08 15.24 15.37 15.47 15.54 15.58 15.60 15.58 15.54 15.47 15.38 15.26 15.12 14.96 14.78 14.58 14.37 14.14 13.91 13.66 13.41 13.15 12.88 12.60 12.31 12.01 11.70 11.38 11.05 10.72 10.41 10.12 9.84 9.58 9.34 9.12 8.90 8.70 8.52 8.35 8.18 8.03 7.89 7.76 7.64 7.52 7.41 7.30 7.20 7.11 7.02 6.93 6.84 6.76 6.69 6.62 6.56 6.50 6.44 6.39 6.35 6.30 6.26 6.23 6.20 6.17 6.15 6.13 6.11 6.10 6.09 6.08 6.07 6.06 6.03 5.96 5.88
14.85 15.08 15.28 15.45 15.58 15.67 15.74 15.77 15.78 15.76 15.71 15.63 15.53 15.40 15.25 15.08 14.88 14.67 14.44 14.19 13.93 13.66 13.38 13.09 12.79 12.48 12.16 11.84 11.50 11.15 10.80 10.47 10.16 9.87 9.59 9.33 9.09 8.86 8.65 8.45 8.26 8.09 7.92 7.77 7.63 7.49 7.36 7.24 7.13 7.02 6.91 6.81 6.71 6.62 6.53 6.45 6.37 6.29 6.22 6.16 6.10 6.05 6.00 5.95 5.91 5.87 5.84 5.81 5.78 5.76 5.74 5.72 5.71 5.70 5.69 5.69 5.68 5.64 5.58
15.05 15.28 15.47 15.63 15.76 15.85 15.91 15.94 15.94 15.91 15.85 15.76 15.65 15.51 15.35 15.16 14.95 14.72 14.47 14.21 13.92 13.62 13.32 13.00 12.67 12.34 11.99 11.63 11.26 10.90 10.55 10.22 9.91 9.61 9.34 9.08 8.84 8.61 8.39 8.19 8.00 7.83 7.66 7.50 7.36 7.22 7.09 6.96 6.84 6.73 6.62 6.51 6.41 6.31 6.21 6.12 6.04 5.96 5.89 5.82 5.76 5.70 5.64 5.59 5.55 5.51 5.47 5.44 5.41 5.38 5.36 5.34 5.33 5.32 5.31 5.30 5.30 5.29 5.26
15.23 15.46 15.65 15.81 15.93 16.02 16.07 16.09 16.08 16.04 15.97 15.87 15.75 15.60 15.42 15.22 15.00 14.75 14.48 14.19 13.89 13.56 13.23 12.88 12.53 12.16 11.78 11.40 11.01 10.64 10.29 9.97 9.66 9.36 9.09 8.83 8.58 8.35 8.14 7.94 7.75 7.57 7.40 7.24 7.09 6.94 6.81 6.68 6.56 6.44 6.32 6.21 6.10 6.00 5.90 5.80 5.71 5.63 5.55 5.47 5.41 5.34 5.28 5.23 5.18 5.14 5.10 5.06 5.03 5.00 4.98 4.95 4.94 4.92 4.91 4.91 4.90 4.90 4.90
15.40 15.63 15.82 15.97 16.09 16.17 16.21 16.22 16.20 16.15 16.07 15.96 15.82 15.66 15.47 15.25 15.01 14.75 14.46 14.15 13.82 13.48 13.12 12.74 12.35 11.96 11.55 11.14 10.76 10.39 10.04 9.71 9.40 9.11 8.84 8.58 8.33 8.10 7.88 7.68 7.49 7.30 7.13 6.97 6.82 6.67 6.53 6.40 6.27 6.15 6.03 5.91 5.79 5.68 5.57 5.47 5.38 5.29 5.20 5.13 5.05 4.99 4.92 4.86 4.81 4.76 4.72 4.68 4.64 4.61 4.59 4.56 4.54 4.53 4.52 4.51 4.50 4.50 4.50
15.56 15.79 15.97 16.12 16.23 16.30 16.33 16.34 16.31 16.25 16.15 16.03 15.88 15.70 15.49 15.25 14.99 14.71 14.41 14.08 13.73 13.36 12.97 12.57 12.15 11.73 11.30 10.89 10.51 10.14 9.79 9.47 9.16 8.86 8.59 8.33 8.08 7.85 7.63 7.42 7.23 7.04 6.87 6.70 6.55 6.40 6.25 6.11 5.98 5.85 5.73 5.60 5.48 5.36 5.25 5.14 5.04 4.95 4.86 4.78 4.70 4.63 4.56 4.50 4.44 4.39 4.34 4.30 4.26 4.22 4.19 4.17 4.15 4.13 4.12 4.11 4.10 4.10 4.10
15.71 15.93 16.11 16.25 16.35 16.41 16.44 16.43 16.39 16.32 16.21 16.07 15.90 15.71 15.48 15.23 14.95 14.65 14.32 13.97 13.60 13.21 12.80 12.37 11.92 11.48 11.05 10.64 10.26 9.89 9.55 9.22 8.91 8.62 8.34 8.08 7.83 7.60 7.38 7.17 6.97 6.78 6.61 6.44 6.28 6.12 5.97 5.83 5.69 5.56 5.43 5.30 5.17 5.05 4.93 4.82 4.71 4.61 4.51 4.42 4.34 4.26 4.19 4.13 4.06 4.01 3.96 3.91 3.87 3.83 3.80 3.77 3.75 3.73 3.71 3.70 3.69 3.69 3.68
15.86 16.07 16.24 16.37 16.46 16.51 16.53 16.51 16.46 16.37 16.25 16.09 15.91 15.69 15.45 15.18 14.88 14.56 14.21 13.84 13.44 13.03 12.59 12.13 11.67 11.23 10.80 10.40 10.01 9.65 9.30 8.98 8.67 8.37 8.10 7.83 7.59 7.35 7.13 6.92 6.72 6.53 6.35 6.17 6.01 5.85 5.70 5.55 5.41 5.27 5.13 5.00 4.86 4.73 4.61 4.49 4.37 4.27 4.17 4.07 3.98 3.90 3.83 3.75 3.69 3.63 3.57 3.52 3.48 3.44 3.40 3.37 3.34 3.32 3.30 3.29 3.28 3.27 3.27
15.99 16.19 16.35 16.47 16.56 16.60 16.60 16.57 16.50 16.40 16.26 16.09 15.89 15.66 15.40 15.11 14.79 14.44 14.07 13.67 13.25 12.81 12.35 11.88 11.42 10.98 10.56 10.15 9.77 9.41 9.06 8.74 8.43 8.13 7.86 7.59 7.34 7.11 6.88 6.67 6.47 6.27 6.09 5.91 5.74 5.58 5.42 5.27 5.12 4.98 4.84 4.69 4.55 4.42 4.28 4.16 4.04 3.93 3.82 3.72 3.63 3.54 3.46 3.38 3.31 3.25 3.19 3.13 3.09 3.04 3.00 2.97 2.94 2.91 2.89 2.88 2.86 2.86 2.85
16.11 16.30 16.46 16.57 16.64 16.67 16.66 16.61 16.53 16.41 16.26 16.07 15.85 15.60 15.32 15.00 14.66 14.29 13.90 13.48 13.03 12.56 12.09 11.62 11.17 10.74 10.32 9.92 9.54 9.18 8.83 8.50 8.19 7.90 7.62 7.36 7.11 6.87 6.64 6.42 6.22 6.02 5.83 5.65 5.48 5.31 5.15 4.99 4.84 4.69 4.54 4.39 4.25 4.10 3.96 3.83 3.71 3.59 3.48 3.37 3.27 3.18 3.09 3.01 2.94 2.87 2.80 2.75 2.69 2.64 2.60 2.56 2.53 2.50 2.48 2.46 2.45 2.44 2.43
16.22 16.41 16.55 16.65 16.71 16.72 16.70 16.64 16.54 16.40 16.23 16.03 15.79 15.52 15.21 14.88 14.51 14.12 13.70 13.25 12.78 12.30 11.83 11.37 10.93 10.50 10.09 9.69 9.31 8.95 8.60 8.28 7.97 7.67 7.39 7.13 6.87 6.63 6.40 6.18 5.97 5.78 5.58 5.40 5.22 5.05 4.88 4.72 4.56 4.41 4.25 4.10 3.94 3.79 3.64 3.51 3.37 3.25 3.13 3.02 2.92 2.82 2.73 2.64 2.56 2.49 2.42 2.36 2.30 2.25 2.20 2.16 2.13 2.09 2.07 2.05 2.03 2.02 2.01
16.32 16.50 16.63 16.72 16.76 16.76 16.73 16.65 16.53 16.38 16.19 15.96 15.70 15.41 15.08 14.72 14.34 13.92 13.47 13.00 12.51 12.04 11.57 11.12 10.69 10.27 9.86 9.46 9.09 8.73 8.38 8.06 7.74 7.45 7.17 6.90 6.64 6.40 6.17 5.95 5.74 5.53 5.34 5.15 4.97 4.79 4.62 4.45 4.29 4.12 3.96 3.80 3.64 3.48 3.33 3.18 3.05 2.91 2.79 2.67 2.56 2.46 2.36 2.27 2.19 2.11 2.04 1.97 1.91 1.85 1.80 1.76 1.72 1.68 1.66 1.63 1.61 1.60 1.60
