data_processed/recharge/precip/Precip_2003_08.asc
ncols        168
nrows        136
xllcorner    455000
yllcorner    2107000
cellsize     500
NODATA_value     -99999
[rows 96 to 127 of 136, columns 73 to 145 of 168]
109.98 105.56 101.29 97.20 93.30 89.60 86.11 82.83 79.78 76.95 74.36 72.01 69.99 68.50 67.58 67.22 67.53 68.62 70.41 72.81 75.74 79.12 82.86 86.87 91.07 95.37 99.69 103.97 108.17 112.20 115.98 119.42 122.43 124.93 126.83 128.04 128.49 128.11 127.11 125.78 124.15 122.26 120.29 118.33 116.37 114.41 112.45 110.48 108.51 106.53 104.53 102.53 100.49 98.35 96.12 93.79 91.38 88.90 86.36 83.78 81.16 78.52 75.88 73.37 71.47 70.38 70.05 70.41 71.37 72.88 74.90 77.38 80.27
112.19 107.85 103.65 99.63 95.79 92.15 88.71 85.48 82.47 79.68 77.12 74.88 73.16 72.01 71.39 71.24 71.55 72.43 73.98 76.14 78.80 81.90 85.34 89.04 92.90 96.86 100.81 104.71 108.50 112.11 115.44 118.41 120.93 122.92 124.29 124.95 124.85 124.20 123.30 122.16 120.74 119.02 117.05 115.01 113.00 111.01 109.03 107.08 105.13 103.20 101.27 99.35 97.42 95.39 93.25 91.00 88.66 86.25 83.77 81.23 78.65 76.05 73.56 71.64 70.51 70.11 70.40 71.32 72.80 74.76 77.13 79.88 82.96
114.28 110.01 105.89 101.94 98.17 94.60 91.22 88.04 85.07 82.33 79.89 77.97 76.61 75.78 75.41 75.47 75.91 76.71 77.98 79.81 82.15 84.90 87.97 91.29 94.76 98.30 101.82 105.27 108.60 111.71 114.53 116.97 118.93 120.34 121.11 121.19 120.78 120.19 119.43 118.47 117.28 115.81 114.05 112.03 109.97 107.94 105.96 104.01 102.09 100.21 98.35 96.52 94.69 92.77 90.72 88.56 86.30 83.95 81.52 79.03 76.50 74.05 72.16 71.01 70.57 70.79 71.61 72.99 74.88 77.19 79.84 82.78 85.97
116.20 112.02 107.98 104.11 100.42 96.91 93.59 90.48 87.57 84.95 82.85 81.31 80.28 79.73 79.59 79.83 80.40 81.24 82.33 83.81 85.75 88.08 90.72 93.59 96.60 99.66 102.69 105.63 108.42 110.98 113.22 115.06 116.40 117.17 117.31 117.03 116.65 116.16 115.55 114.78 113.80 112.60 111.12 109.34 107.32 105.27 103.27 101.33 99.45 97.61 95.83 94.09 92.37 90.55 88.59 86.51 84.33 82.05 79.68 77.24 74.88 73.04 71.91 71.46 71.63 72.38 73.66 75.41 77.59 80.14 82.99 86.04 89.26
117.93 113.84 109.89 106.10 102.49 99.06 95.81 92.76 89.99 87.73 86.02 84.83 84.11 83.80 83.87 84.25 84.91 85.79 86.85 88.07 89.56 91.42 93.57 95.92 98.40 100.92 103.39 105.75 107.94 109.88 111.47 112.64 113.30 113.40 113.15 112.85 112.54 112.16 111.70 111.11 110.36 109.41 108.23 106.78 105.03 103.04 101.04 99.11 97.25 95.47 93.76 92.11 90.50 88.78 86.92 84.93 82.82 80.61 78.30 76.04 74.28 73.20 72.77 72.94 73.65 74.85 76.50 78.55 80.93 83.62 86.54 89.63 92.80
119.43 115.43 111.58 107.88 104.35 101.00 97.83 94.93 92.53 90.69 89.36 88.49 88.03 87.94 88.17 88.67 89.39 90.28 91.30 92.40 93.55 94.88 96.46 98.24 100.13 102.04 103.88 105.59 107.12 108.37 109.26 109.70 109.64 109.30 108.99 108.74 108.49 108.23 107.92 107.51 106.98 106.28 105.40 104.28 102.90 101.22 99.30 97.39 95.56 93.83 92.19 90.64 89.13 87.52 85.75 83.85 81.82 79.68 77.56 75.91 74.92 74.53 74.72 75.42 76.58 78.16 80.10 82.36 84.88 87.61 90.51 93.51 96.55
120.66 116.77 113.01 109.41 105.97 102.70 99.70 97.19 95.23 93.78 92.78 92.20 91.98 92.08 92.44 93.01 93.76 94.63 95.58 96.55 97.50 98.40 99.38 100.52 101.75 102.98 104.13 105.14 105.93 106.43 106.54 106.22 105.69 105.26 104.95 104.73 104.56 104.41 104.24 104.01 103.70 103.27 102.68 101.89 100.88 99.60 98.03 96.23 94.44 92.76 91.19 89.73 88.33 86.82 85.16 83.34 81.39 79.45 77.94 77.06 76.76 76.99 77.71 78.87 80.40 82.27 84.43 86.81 89.38 92.09 94.87 97.69 100.48
121.59 117.80 114.15 110.65 107.31 104.23 101.63 99.57 98.02 96.93 96.24 95.91 95.90 96.14 96.60 97.23 97.98 98.79 99.63 100.44 101.18 101.80 102.27 102.72 103.22 103.71 104.11 104.34 104.33 104.01 103.32 102.49 101.83 101.36 101.05 100.86 100.77 100.73 100.71 100.67 100.58 100.40 100.10 99.65 99.00 98.13 97.00 95.57 93.92 92.30 90.80 89.44 88.15 86.75 85.18 83.46 81.71 80.38 79.64 79.45 79.77 80.54 81.72 83.24 85.07 87.16 89.44 91.88 94.42 97.01 99.60 102.14 104.59
122.18 118.51 114.97 111.58 108.43 105.77 103.64 102.02 100.85 100.08 99.67 99.56 99.72 100.08 100.61 101.25 101.96 102.69 103.39 104.01 104.51 104.83 104.94 104.79 104.53 104.21 103.78 103.17 102.30 101.13 99.89 98.89 98.15 97.64 97.34 97.19 97.17 97.24 97.36 97.51 97.64 97.72 97.72 97.59 97.32 96.85 96.16 95.21 93.97 92.51 91.09 89.82 88.64 87.35 85.88 84.37 83.25 82.68 82.64 83.07 83.92 85.15 86.70 88.52 90.56 92.77 95.11 97.51 99.94 102.34 104.66 106.85 108.85
122.41 118.86 115.44 112.25 109.54 107.37 105.69 104.47 103.64 103.17 102.99 103.08 103.37 103.82 104.39 105.01 105.65 106.26 106.79 107.19 107.42 107.41 107.14 106.54 105.60 104.43 103.12 101.60 99.84 98.07 96.62 95.51 94.70 94.16 93.85 93.74 93.79 93.97 94.24 94.57 94.92 95.26 95.56 95.77 95.86 95.80 95.55 95.08 94.35 93.34 92.11 90.93 89.87 88.68 87.44 86.55 86.19 86.32 86.90 87.87 89.18 90.78 92.62 94.65 96.82 99.09 101.39 103.69 105.92 108.05 110.01 111.76 113.26
122.23 118.80 115.60 112.87 110.67 108.97 107.71 106.85 106.34 106.12 106.16 106.40 106.80 107.31 107.87 108.45 108.99 109.45 109.78 109.92 109.84 109.48 108.79 107.73 106.25 104.33 102.08 99.62 97.23 95.22 93.62 92.40 91.52 90.94 90.63 90.55 90.68 90.97 91.39 91.90 92.48 93.08 93.66 94.21 94.67 95.01 95.21 95.22 95.01 94.54 93.79 92.83 91.88 90.93 90.30 90.18 90.52 91.27 92.39 93.81 95.49 97.39 99.44 101.61 103.83 106.06 108.26 110.36 112.32 114.09 115.62 116.86 117.76
121.59 118.34 115.61 113.42 111.71 110.44 109.57 109.05 108.82 108.83 109.05 109.42 109.90 110.43 110.97 111.47 111.88 112.16 112.25 112.11 111.69 110.94 109.82 108.27 106.25 103.71 100.66 97.55 94.87 92.68 90.93 89.60 88.64 88.02 87.71 87.67 87.87 88.27 88.84 89.54 90.33 91.19 92.07 92.95 93.78 94.53 95.17 95.66 95.96 96.05 95.88 95.43 94.79 94.47 94.61 95.19 96.15 97.44 99.01 100.81 102.79 104.90 107.09 109.30 111.50 113.63 115.63 117.46 119.07 120.41 121.43 122.07 122.29
120.30 116.44 113.96 112.35 111.17 110.39 109.94 109.79 109.89 110.18 110.62 111.16 111.75 112.35 112.90 113.37 113.69 113.83 113.73 113.35 112.63 111.54 110.02 108.02 105.49 102.43 99.07 95.82 92.93 90.54 88.63 87.17 86.12 85.45 85.13 85.12 85.37 85.87 86.57 87.44 88.44 89.54 90.70 91.90 93.08 94.22 95.29 96.24 97.05 97.68 98.08 98.16 97.91 98.23 99.11 100.34 101.88 103.66 105.64 107.77 110.00 112.28 114.55 116.78 118.90 120.87 122.64 124.15 125.37 126.22 126.68 126.68 126.18
117.72 112.52 109.33 108.08 107.55 107.37 107.48 107.83 108.37 109.06 109.84 110.68 111.51 112.30 113.00 113.55 113.91 114.03 113.86 113.36 112.47 111.15 109.36 107.03 104.15 100.90 97.63 94.47 91.49 88.88 86.78 85.17 84.00 83.25 82.88 82.86 83.15 83.71 84.51 85.52 86.70 88.01 89.43 90.91 92.41 93.92 95.38 96.77 98.05 99.19 100.07 100.42 100.33 100.91 102.36 104.23 106.33 108.60 110.98 113.44 115.91 118.35 120.71 122.93 124.97 126.78 128.30 129.50 130.30 130.68 130.57 129.92 128.69
113.58 107.15 102.87 101.11 101.06 101.60 102.39 103.37 104.49 105.71 106.97 108.23 109.43 110.54 111.51 112.27 112.80 113.03 112.93 112.44 111.51 110.10 108.16 105.65 102.69 99.53 96.38 93.33 90.40 87.69 85.38 83.58 82.27 81.40 80.96 80.90 81.18 81.78 82.65 83.77 85.09 86.59 88.22 89.96 91.76 93.59 95.43 97.22 98.94 100.48 101.58 102.08 102.15 102.83 104.45 106.80 109.46 112.21 115.00 117.77 120.48 123.07 125.51 127.73 129.68 131.33 132.60 133.47 133.86 133.75 133.07 131.77 129.81
108.04 100.51 95.26 92.65 92.30 93.43 95.03 96.77 98.60 100.47 102.34 104.15 105.86 107.42 108.78 109.90 110.72 111.20 111.29 110.94 110.10 108.73 106.78 104.29 101.43 98.40 95.36 92.39 89.54 86.85 84.42 82.41 80.92 79.91 79.36 79.22 79.47 80.07 80.99 82.18 83.62 85.27 87.09 89.05 91.11 93.24 95.41 97.58 99.64 101.35 102.55 103.18 103.42 104.20 105.83 108.27 111.32 114.54 117.72 120.81 123.75 126.50 129.01 131.22 133.09 134.56 135.58 136.12 136.10 135.49 134.23 132.28 129.58
101.25 92.76 86.68 83.35 82.40 83.43 85.73 88.35 91.02 93.68 96.29 98.78 101.13 103.27 105.16 106.75 108.00 108.86 109.27 109.19 108.57 107.37 105.53 103.17 100.43 97.51 94.57 91.68 88.88 86.22 83.78 81.64 79.94 78.76 78.07 77.83 78.02 78.59 79.51 80.75 82.27 84.04 86.01 88.17 90.46 92.86 95.33 97.78 99.96 101.73 103.03 103.79 104.20 105.08 106.72 109.08 112.12 115.65 119.22 122.62 125.79 128.69 131.26 133.46 135.23 136.53 137.30 137.50 137.06 135.96 134.12 131.51 128.10
93.37 84.07 77.28 73.38 71.96 72.65 75.05 78.48 82.11 85.69 89.16 92.47 95.58 98.43 100.99 103.19 104.99 106.35 107.22 107.54 107.26 106.28 104.58 102.34 99.71 96.89 94.03 91.21 88.45 85.81 83.36 81.17 79.33 77.94 77.08 76.71 76.80 77.31 78.21 79.47 81.04 82.89 84.99 87.31 89.80 92.44 95.12 97.64 99.84 101.66 103.05 103.96 104.53 105.51 107.16 109.44 112.32 115.75 119.54 123.24 126.64 129.68 132.32 134.50 136.18 137.30 137.81 137.66 136.81 135.20 132.78 129.53 125.84
84.57 74.59 67.24 62.89 61.15 61.62 63.92 67.66 72.21 76.84 81.30 85.56 89.56 93.26 96.60 99.54 102.03 104.03 105.48 106.32 106.36 105.52 103.95 101.81 99.29 96.55 93.76 91.00 88.27 85.63 83.16 80.93 79.00 77.45 76.40 75.86 75.82 76.24 77.09 78.33 79.92 81.83 84.02 86.47 89.13 91.91 94.62 97.10 99.31 101.18 102.67 103.73 104.47 105.56 107.22 109.42 112.12 115.29 118.90 122.74 126.35 129.54 132.24 134.40 135.97 136.91 137.15 136.66 135.38 133.27 130.29 126.83 123.46
75.01 64.49 56.72 52.06 50.12 50.51 52.85 56.75 61.82 67.46 73.06 78.39 83.41 88.08 92.35 96.16 99.47 102.23 104.36 105.62 105.83 105.11 103.65 101.61 99.17 96.51 93.78 91.06 88.35 85.70 83.20 80.91 78.89 77.23 76.00 75.27 75.07 75.37 76.13 77.32 78.90 80.83 83.09 85.63 88.38 91.14 93.77 96.22 98.43 100.36 101.96 103.15 104.06 105.26 106.94 109.06 111.59 114.51 117.76 121.32 124.99 128.31 131.06 133.20 134.66 135.41 135.39 134.55 132.84 130.25 127.13 124.04 121.09
64.84 53.92 45.87 41.04 39.04 39.50 42.01 46.20 51.67 58.03 64.76 71.30 77.48 83.25 88.56 93.37 97.63 101.25 103.91 105.35 105.67 105.07 103.70 101.75 99.39 96.78 94.11 91.42 88.71 86.04 83.49 81.13 79.02 77.24 75.85 74.93 74.55 74.69 75.33 76.44 77.98 79.90 82.19 84.76 87.43 90.06 92.62 95.04 97.26 99.25 100.94 102.29 103.37 104.68 106.37 108.42 110.78 113.44 116.34 119.46 122.76 126.05 128.85 130.95 132.31 132.87 132.58 131.38 129.27 126.60 123.90 121.29 118.76
54.24 43.04 34.85 29.99 28.08 28.73 31.55 36.17 42.18 49.20 56.85 64.63 72.09 79.10 85.59 91.53 96.83 101.07 103.92 105.48 105.92 105.41 104.13 102.25 99.94 97.39 94.75 92.08 89.36 86.67 84.06 81.61 79.39 77.48 75.93 74.83 74.23 74.19 74.69 75.68 77.14 79.03 81.28 83.72 86.22 88.74 91.22 93.61 95.85 97.89 99.69 101.19 102.43 103.85 105.57 107.54 109.74 112.14 114.69 117.37 120.15 122.97 125.65 127.72 128.96 129.32 128.76 127.24 125.11 122.92 120.76 118.62 116.50
43.35 32.03 23.83 19.07 17.38 18.37 21.64 26.82 33.51 41.33 49.88 58.79 67.60 75.97 83.78 90.93 96.95 101.40 104.37 106.03 106.57 106.15 104.94 103.12 100.87 98.35 95.73 93.07 90.33 87.59 84.91 82.37 80.03 77.97 76.25 74.95 74.14 73.87 74.19 75.04 76.39 78.18 80.24 82.47 84.82 87.22 89.62 91.98 94.24 96.35 98.25 99.89 101.32 102.85 104.58 106.48 108.52 110.66 112.87 115.11 117.35 119.56 121.69 123.55 124.67 124.83 124.02 122.55 120.97 119.36 117.73 116.05 114.33
32.35 21.03 12.96 8.45 7.12 8.58 12.44 18.32 25.82 34.57 44.17 54.24 64.39 74.21 83.41 91.38 97.62 102.19 105.27 107.03 107.65 107.30 106.15 104.38 102.17 99.67 97.07 94.40 91.63 88.83 86.07 83.42 80.95 78.73 76.83 75.32 74.27 73.75 73.83 74.50 75.69 77.24 79.06 81.08 83.26 85.55 87.88 90.21 92.49 94.66 96.67 98.46 100.06 101.71 103.47 105.30 107.17 109.06 110.92 112.72 114.43 116.02 117.44 118.67 119.49 119.48 118.78 117.92 116.97 115.95 114.83 113.61 112.27
21.38 10.22 2.41 0.00 0.00 0.00 4.11 10.83 19.29 29.10 39.88 51.25 62.80 74.10 84.21 92.42 98.78 103.46 106.64 108.49 109.18 108.89 107.79 106.06 103.86 101.38 98.78 96.09 93.28 90.41 87.56 84.79 82.17 79.78 77.68 75.95 74.65 73.86 73.65 74.04 74.94 76.20 77.77 79.59 81.61 83.78 86.04 88.35 90.65 92.88 95.00 96.95 98.73 100.49 102.27 104.03 105.75 107.38 108.90 110.27 111.45 112.41 113.12 113.55 113.68 113.68 113.64 113.46 113.16 112.70 112.09 111.31 110.35
10.62 0.00 0.00 0.00 0.00 0.00 0.00 4.50 14.05 25.07 37.17 49.97 63.00 75.23 85.63 93.99 100.46 105.23 108.49 110.41 111.17 110.92 109.86 108.15 105.97 103.49 100.88 98.16 95.29 92.34 89.38 86.48 83.70 81.13 78.82 76.86 75.30 74.23 73.68 73.66 74.15 75.11 76.44 78.05 79.92 81.97 84.17 86.45 88.77 91.07 93.30 95.40 97.36 99.24 101.04 102.74 104.30 105.68 106.86 107.79 108.45 108.79 108.79 108.44 108.07 108.18 108.71 109.22 109.54 109.64 109.52 109.17 108.58
0.22 0.00 0.00 0.00 0.00 0.00 0.00 0.00 10.29 22.65 36.21 50.50 64.40 76.81 87.41 96.03 102.66 107.52 110.85 112.83 113.63 113.43 112.39 110.69 108.51 106.02 103.38 100.62 97.68 94.64 91.56 88.51 85.57 82.80 80.28 78.06 76.24 74.85 73.90 73.42 73.45 74.04 75.10 76.52 78.23 80.17 82.30 84.56 86.90 89.27 91.61 93.87 96.01 98.01 99.84 101.48 102.88 104.01 104.85 105.35 105.48 105.21 104.53 103.76 103.39 103.54 104.20 105.22 106.14 106.79 107.16 107.23 107.00
0.00 0.00 0.00 0.00 0.00 0.00 0.00 0.00 8.15 21.99 37.06 52.16 66.10 78.55 89.34 98.32 105.31 110.34 113.73 115.76 116.60 116.42 115.39 113.69 111.50 108.98 106.31 103.49 100.47 97.33 94.12 90.91 87.79 84.81 82.05 79.58 77.46 75.70 74.33 73.41 72.99 73.12 73.84 75.04 76.60 78.43 80.50 82.74 85.10 87.54 89.99 92.41 94.74 96.86 98.72 100.29 101.54 102.42 102.92 102.99 102.59 101.74 100.72 100.03 99.77 99.95 100.57 101.64 102.99 104.18 105.02 105.51 105.62
0.00 0.00 0.00 0.00 0.00 0.00 0.00 0.00 7.80 23.16 38.99 53.98 67.80 80.29 91.28 100.60 108.09 113.59 117.15 119.22 120.08 119.91 118.88 117.17 114.95 112.40 109.67 106.79 103.68 100.42 97.06 93.69 90.37 87.17 84.17 81.42 78.96 76.82 75.05 73.72 72.86 72.54 72.81 73.69 75.07 76.80 78.80 81.03 83.42 85.92 88.50 91.08 93.59 95.83 97.72 99.23 100.33 100.97 101.13 100.76 99.88 98.77 97.90 97.39 97.23 97.44 98.01 98.96 100.29 101.83 103.13 104.02 104.47
0.00 0.00 0.00 0.00 0.00 0.00 0.00 0.00 9.29 25.36 40.93 55.65 69.35 81.87 93.05 102.71 110.69 116.83 120.97 123.21 124.09 123.92 122.88 121.14 118.89 116.28 113.50 110.53 107.32 103.93 100.42 96.86 93.34 89.91 86.64 83.59 80.78 78.28 76.14 74.41 73.14 72.38 72.20 72.64 73.73 75.34 77.28 79.48 81.90 84.48 87.17 89.92 92.61 94.98 96.90 98.35 99.30 99.70 99.52 98.75 97.70 96.81 96.20 95.86 95.80 96.02 96.55 97.37 98.50 99.94 101.52 102.79 103.57
0.00 0.00 0.00 0.00 0.00 0.00 0.00 0.00 11.75 27.42 42.56 57.00 70.57 83.12 94.48 104.48 112.95 119.73 124.66 127.58 128.64 128.46 127.40 125.62 123.32 120.66 117.80 114.74 111.41 107.87 104.20 100.45 96.71 93.03 89.49 86.13 83.00 80.16 77.66 75.55 73.89 72.73 72.12 72.12 72.77 74.10 75.96 78.16 80.61 83.26 86.07 88.98 91.86 94.35 96.32 97.71 98.50 98.66 98.17 97.33 96.57 96.00 95.63 95.45 95.49 95.73 96.20 96.89 97.81 98.98 100.38 101.85 102.94
0.00 0.00 0.00 0.00 0.00 0.00 0.00 0.00 13.93 29.01 43.71 57.87 71.31 83.89 95.42 105.75 114.71 122.13 127.85 131.71 133.54 133.55 132.45 130.63 128.27 125.53 122.59 119.42 115.97 112.28 108.42 104.47 100.49 96.57 92.77 89.12 85.69 82.54 79.70 77.24 75.21 73.66 72.64 72.21 72.42 73.33 74.94 77.10 79.58 82.31 85.24 88.32 91.39 94.01 96.01 97.35 97.99 97.93 97.45 96.98 96.61 96.35 96.22 96.21 96.33 96.59 96.99 97.55 98.26 99.14 100.18 101.40 102.61
