data_processed/recharge/precip/Precip_1994_11.asc
ncols        168
nrows        136
xllcorner    455000
yllcorner    2107000
cellsize     500
NODATA_value     -99999
[rows 72 to 107 of 136, columns 0 to 80 of 168]
3.48 3.71 3.95 4.20 4.46 4.73 5.01 5.29 5.57 5.85 6.14 6.43 6.71 6.99 7.27 7.54 7.81 8.05 8.28 8.50 8.70 8.89 9.06 9.21 9.35 9.46 9.48 9.41 9.28 9.08 8.84 8.57 8.28 8.00 7.72 7.48 7.29 7.16 7.09 7.09 7.17 7.32 7.56 7.87 8.24 8.69 9.20 9.78 10.42 11.13 11.89 12.71 13.57 14.45 15.37 16.30 17.25 18.22 19.19 20.16 21.09 21.91 22.60 23.16 23.59 23.91 24.13 24.30 24.51 24.78 25.11 25.50 25.96 26.47 27.05 27.69 28.40 29.17 29.98 30.81 31.63
3.39 3.62 3.86 4.11 4.37 4.64 4.91 5.19 5.48 5.76 6.05 6.33 6.61 6.89 7.17 7.44 7.71 7.96 8.20 8.43 8.64 8.83 9.00 9.16 9.31 9.42 9.45 9.39 9.25 9.06 8.83 8.57 8.29 8.01 7.75 7.53 7.36 7.24 7.18 7.18 7.26 7.41 7.65 7.97 8.35 8.81 9.33 9.92 10.57 11.28 12.06 12.88 13.75 14.64 15.57 16.52 17.48 18.46 19.44 20.39 21.23 21.94 22.52 22.98 23.33 23.57 23.71 23.76 23.79 23.88 24.04 24.29 24.62 25.03 25.52 26.09 26.75 27.48 28.25 29.04 29.81
3.31 3.54 3.78 4.03 4.29 4.55 4.82 5.10 5.38 5.66 5.95 6.23 6.51 6.79 7.07 7.34 7.60 7.86 8.11 8.34 8.56 8.75 8.94 9.10 9.25 9.37 9.40 9.34 9.22 9.03 8.80 8.55 8.27 8.01 7.78 7.58 7.42 7.31 7.26 7.26 7.34 7.49 7.72 8.04 8.43 8.89 9.42 10.02 10.68 11.40 12.18 13.01 13.89 14.79 15.73 16.68 17.66 18.65 19.61 20.46 21.18 21.78 22.25 22.62 22.88 23.04 23.12 23.11 23.03 22.94 22.93 23.02 23.21 23.50 23.90 24.39 24.98 25.65 26.37 27.11 27.83
3.24 3.46 3.70 3.95 4.20 4.47 4.73 5.01 5.29 5.56 5.85 6.13 6.41 6.68 6.96 7.23 7.49 7.75 8.00 8.24 8.46 8.67 8.85 9.02 9.18 9.30 9.33 9.28 9.16 8.98 8.76 8.51 8.26 8.03 7.81 7.63 7.49 7.38 7.33 7.34 7.41 7.56 7.78 8.08 8.48 8.94 9.48 10.08 10.75 11.47 12.26 13.10 13.98 14.89 15.84 16.80 17.79 18.75 19.60 20.33 20.93 21.42 21.79 22.07 22.25 22.34 22.35 22.29 22.16 21.97 21.79 21.71 21.75 21.91 22.20 22.60 23.12 23.72 24.37 25.04 25.70
3.16 3.39 3.62 3.87 4.12 4.38 4.64 4.91 5.19 5.46 5.74 6.02 6.30 6.57 6.84 7.11 7.37 7.63 7.88 8.12 8.35 8.56 8.76 8.93 9.09 9.22 9.26 9.21 9.09 8.92 8.71 8.48 8.25 8.04 7.85 7.68 7.55 7.46 7.41 7.42 7.48 7.62 7.83 8.11 8.49 8.96 9.50 10.10 10.77 11.50 12.30 13.14 14.02 14.94 15.89 16.87 17.82 18.67 19.40 20.00 20.49 20.87 21.14 21.33 21.43 21.45 21.40 21.28 21.11 20.88 20.62 20.38 20.26 20.28 20.44 20.74 21.17 21.70 22.27 22.86 23.45
3.10 3.32 3.55 3.79 4.04 4.29 4.55 4.82 5.09 5.36 5.63 5.91 6.18 6.46 6.73 6.99 7.25 7.51 7.76 8.00 8.23 8.44 8.64 8.82 8.99 9.12 9.16 9.12 9.01 8.85 8.65 8.46 8.26 8.07 7.90 7.74 7.62 7.53 7.49 7.49 7.55 7.68 7.87 8.14 8.49 8.93 9.47 10.08 10.75 11.49 12.28 13.13 14.02 14.94 15.89 16.84 17.68 18.39 18.98 19.46 19.84 20.11 20.30 20.40 20.42 20.37 20.26 20.09 19.88 19.62 19.33 19.02 18.74 18.61 18.63 18.82 19.15 19.59 20.07 20.57 21.07
3.03 3.25 3.47 3.71 3.95 4.20 4.46 4.72 4.99 5.26 5.53 5.80 6.07 6.34 6.60 6.87 7.13 7.38 7.63 7.86 8.09 8.31 8.52 8.70 8.87 9.01 9.05 9.02 8.92 8.77 8.61 8.45 8.27 8.11 7.95 7.81 7.69 7.61 7.57 7.57 7.62 7.73 7.91 8.15 8.48 8.90 9.40 10.00 10.68 11.42 12.21 13.06 13.95 14.88 15.80 16.62 17.32 17.89 18.36 18.72 18.98 19.16 19.25 19.27 19.21 19.10 18.93 18.72 18.46 18.18 17.86 17.53 17.20 16.92 16.80 16.86 17.08 17.41 17.79 18.20 18.63
2.97 3.18 3.40 3.63 3.87 4.12 4.37 4.62 4.89 5.15 5.42 5.68 5.95 6.22 6.48 6.74 7.00 7.25 7.49 7.73 7.95 8.17 8.38 8.57 8.74 8.88 8.93 8.91 8.83 8.72 8.59 8.45 8.30 8.15 8.01 7.88 7.78 7.69 7.65 7.64 7.69 7.78 7.94 8.17 8.47 8.85 9.32 9.89 10.55 11.29 12.09 12.94 13.83 14.72 15.51 16.18 16.74 17.18 17.52 17.77 17.92 18.00 18.00 17.93 17.81 17.63 17.41 17.15 16.86 16.55 16.22 15.88 15.54 15.20 14.95 14.87 14.97 15.19 15.46 15.78 16.17
2.92 3.12 3.33 3.56 3.79 4.03 4.28 4.53 4.78 5.04 5.30 5.57 5.83 6.09 6.35 6.61 6.86 7.11 7.35 7.58 7.81 8.02 8.23 8.42 8.60 8.74 8.80 8.80 8.76 8.68 8.59 8.47 8.34 8.21 8.09 7.97 7.86 7.78 7.74 7.72 7.75 7.83 7.97 8.18 8.45 8.80 9.24 9.76 10.39 11.11 11.91 12.76 13.61 14.36 15.00 15.52 15.93 16.25 16.46 16.60 16.65 16.63 16.54 16.40 16.21 15.97 15.70 15.39 15.07 14.73 14.38 14.04 13.70 13.37 13.07 12.87 12.84 12.93 13.10 13.36 13.70
2.87 3.06 3.27 3.48 3.71 3.94 4.18 4.43 4.68 4.93 5.19 5.45 5.71 5.96 6.22 6.47 6.72 6.96 7.20 7.43 7.65 7.87 8.07 8.26 8.44 8.59 8.68 8.71 8.71 8.67 8.60 8.51 8.40 8.29 8.17 8.06 7.96 7.88 7.83 7.81 7.82 7.89 8.01 8.18 8.43 8.74 9.14 9.63 10.20 10.88 11.66 12.47 13.18 13.78 14.26 14.63 14.91 15.09 15.19 15.21 15.16 15.05 14.88 14.66 14.40 14.10 13.78 13.44 13.08 12.72 12.36 12.01 11.68 11.37 11.08 10.84 10.70 10.67 10.76 10.95 11.24
2.80 2.99 3.19 3.40 3.62 3.85 4.08 4.32 4.57 4.82 5.07 5.32 5.57 5.83 6.08 6.33 6.57 6.81 7.05 7.28 7.50 7.71 7.91 8.09 8.27 8.43 8.56 8.63 8.67 8.66 8.62 8.55 8.46 8.36 8.26 8.15 8.06 7.98 7.92 7.88 7.89 7.93 8.03 8.18 8.39 8.68 9.03 9.48 10.01 10.63 11.36 12.05 12.60 13.03 13.36 13.60 13.74 13.80 13.78 13.70 13.55 13.35 13.10 12.81 12.49 12.14 11.78 11.40 11.02 10.64 10.27 9.92 9.60 9.30 9.05 8.84 8.68 8.57 8.57 8.68 8.90
2.69 2.86 3.06 3.27 3.48 3.71 3.94 4.17 4.42 4.66 4.91 5.16 5.42 5.67 5.92 6.17 6.41 6.65 6.88 7.11 7.33 7.54 7.74 7.93 8.10 8.25 8.39 8.51 8.58 8.60 8.59 8.55 8.48 8.40 8.30 8.21 8.11 8.03 7.97 7.93 7.92 7.95 8.02 8.14 8.33 8.57 8.89 9.29 9.78 10.36 11.02 11.64 12.07 12.35 12.54 12.65 12.67 12.61 12.49 12.31 12.08 11.80 11.48 11.13 10.76 10.37 9.97 9.57 9.17 8.79 8.42 8.09 7.78 7.52 7.30 7.13 7.00 6.88 6.80 6.82 6.96
2.58 2.70 2.88 3.08 3.30 3.52 3.75 3.99 4.23 4.48 4.73 4.98 5.24 5.49 5.74 5.99 6.24 6.48 6.71 6.94 7.17 7.38 7.58 7.77 7.93 8.07 8.20 8.33 8.43 8.49 8.51 8.49 8.45 8.38 8.30 8.21 8.12 8.04 7.97 7.93 7.90 7.92 7.97 8.07 8.22 8.44 8.72 9.08 9.52 10.04 10.65 11.22 11.59 11.78 11.84 11.82 11.74 11.58 11.37 11.10 10.79 10.45 10.08 9.68 9.27 8.85 8.43 8.01 7.61 7.23 6.88 6.57 6.29 6.07 5.89 5.76 5.66 5.57 5.48 5.42 5.48
2.47 2.53 2.66 2.86 3.07 3.30 3.53 3.77 4.02 4.27 4.52 4.78 5.04 5.29 5.55 5.80 6.05 6.30 6.54 6.78 7.01 7.22 7.42 7.60 7.75 7.88 8.01 8.13 8.24 8.33 8.38 8.39 8.37 8.32 8.25 8.17 8.09 8.01 7.94 7.89 7.85 7.85 7.88 7.96 8.09 8.27 8.52 8.84 9.23 9.70 10.25 10.77 11.11 11.26 11.25 11.12 10.94 10.69 10.40 10.06 9.69 9.29 8.87 8.44 8.00 7.56 7.13 6.72 6.33 5.97 5.64 5.36 5.13 4.95 4.81 4.71 4.64 4.58 4.52 4.45 4.42
2.37 2.37 2.45 2.60 2.81 3.04 3.28 3.53 3.78 4.04 4.30 4.56 4.82 5.09 5.35 5.61 5.87 6.13 6.38 6.62 6.85 7.07 7.26 7.42 7.57 7.69 7.81 7.92 8.03 8.13 8.20 8.24 8.24 8.21 8.16 8.10 8.02 7.94 7.87 7.81 7.77 7.75 7.77 7.82 7.92 8.08 8.29 8.56 8.91 9.33 9.83 10.30 10.61 10.75 10.72 10.53 10.26 9.94 9.58 9.18 8.76 8.32 7.87 7.41 6.96 6.51 6.08 5.68 5.31 4.98 4.69 4.46 4.27 4.12 4.02 3.95 3.91 3.88 3.85 3.80 3.76
2.28 2.23 2.26 2.36 2.54 2.76 3.01 3.27 3.53 3.79 4.06 4.33 4.61 4.88 5.15 5.43 5.70 5.96 6.22 6.47 6.71 6.91 7.09 7.25 7.38 7.50 7.61 7.71 7.81 7.90 7.99 8.05 8.08 8.07 8.03 7.98 7.91 7.84 7.77 7.70 7.65 7.62 7.62 7.65 7.73 7.85 8.03 8.26 8.56 8.93 9.38 9.81 10.09 10.22 10.19 10.01 9.70 9.31 8.89 8.45 7.99 7.52 7.05 6.58 6.12 5.68 5.27 4.89 4.55 4.26 4.02 3.83 3.68 3.57 3.50 3.46 3.45 3.45 3.44 3.42 3.40
2.20 2.10 2.09 2.14 2.28 2.47 2.72 2.99 3.26 3.54 3.82 4.10 4.39 4.67 4.96 5.25 5.53 5.81 6.08 6.33 6.56 6.75 6.92 7.07 7.19 7.30 7.40 7.50 7.59 7.67 7.75 7.82 7.87 7.88 7.87 7.83 7.77 7.70 7.63 7.56 7.50 7.46 7.45 7.46 7.51 7.60 7.74 7.93 8.19 8.51 8.91 9.30 9.56 9.67 9.66 9.50 9.21 8.81 8.34 7.87 7.38 6.89 6.41 5.94 5.49 5.07 4.68 4.34 4.04 3.80 3.61 3.46 3.35 3.27 3.22 3.21 3.23 3.25 3.27 3.28 3.28
2.12 1.99 1.93 1.95 2.04 2.20 2.43 2.70 2.98 3.28 3.57 3.87 4.17 4.48 4.78 5.08 5.38 5.67 5.95 6.19 6.40 6.59 6.75 6.89 7.01 7.11 7.20 7.29 7.37 7.44 7.51 7.57 7.63 7.66 7.67 7.64 7.59 7.53 7.46 7.39 7.33 7.28 7.24 7.24 7.26 7.32 7.42 7.58 7.79 8.08 8.43 8.78 9.01 9.12 9.11 8.99 8.74 8.38 7.92 7.42 6.91 6.42 5.94 5.48 5.05 4.66 4.31 4.02 3.78 3.59 3.43 3.31 3.23 3.18 3.16 3.18 3.22 3.27 3.31 3.35 3.38
2.06 1.89 1.80 1.78 1.84 1.97 2.16 2.42 2.71 3.02 3.33 3.65 3.97 4.29 4.61 4.94 5.25 5.55 5.81 6.04 6.25 6.42 6.58 6.70 6.81 6.91 6.99 7.07 7.14 7.21 7.27 7.33 7.37 7.41 7.43 7.42 7.39 7.33 7.27 7.20 7.13 7.07 7.02 6.99 6.99 7.02 7.09 7.21 7.39 7.63 7.94 8.25 8.46 8.56 8.57 8.47 8.27 7.97 7.58 7.09 6.59 6.10 5.64 5.20 4.81 4.46 4.16 3.92 3.73 3.58 3.46 3.37 3.32 3.29 3.30 3.34 3.41 3.48 3.54 3.60 3.65
1.99 1.79 1.68 1.64 1.67 1.78 1.94 2.17 2.45 2.77 3.11 3.44 3.79 4.13 4.47 4.81 5.13 5.42 5.67 5.89 6.09 6.25 6.40 6.52 6.62 6.71 6.79 6.86 6.92 6.98 7.03 7.08 7.12 7.15 7.17 7.18 7.15 7.11 7.05 6.98 6.90 6.83 6.77 6.72 6.70 6.70 6.74 6.83 6.97 7.17 7.44 7.71 7.90 8.01 8.02 7.96 7.81 7.58 7.26 6.86 6.40 5.93 5.49 5.09 4.74 4.44 4.20 4.02 3.86 3.74 3.66 3.60 3.57 3.58 3.61 3.68 3.76 3.85 3.94 4.02 4.09
1.94 1.72 1.58 1.52 1.53 1.62 1.76 1.97 2.23 2.54 2.90 3.26 3.62 3.99 4.36 4.70 5.01 5.28 5.52 5.74 5.92 6.08 6.22 6.33 6.43 6.51 6.58 6.64 6.70 6.75 6.80 6.83 6.86 6.89 6.90 6.91 6.90 6.86 6.81 6.74 6.66 6.58 6.50 6.43 6.38 6.36 6.38 6.43 6.54 6.70 6.93 7.17 7.34 7.45 7.48 7.45 7.35 7.19 6.95 6.66 6.30 5.89 5.49 5.14 4.84 4.61 4.42 4.27 4.16 4.07 4.01 3.98 3.98 4.01 4.07 4.15 4.26 4.37 4.47 4.57 4.66
1.89 1.65 1.50 1.42 1.42 1.49 1.62 1.82 2.07 2.37 2.72 3.10 3.49 3.88 4.25 4.58 4.88 5.15 5.38 5.58 5.76 5.91 6.04 6.14 6.23 6.31 6.37 6.43 6.48 6.52 6.56 6.59 6.61 6.62 6.63 6.63 6.62 6.60 6.55 6.48 6.40 6.30 6.21 6.13 6.06 6.01 6.00 6.03 6.10 6.23 6.42 6.63 6.79 6.89 6.95 6.95 6.90 6.81 6.66 6.47 6.23 5.94 5.63 5.33 5.11 4.93 4.78 4.67 4.58 4.52 4.49 4.49 4.52 4.57 4.65 4.75 4.88 5.00 5.12 5.24 5.35
1.84 1.60 1.43 1.35 1.34 1.40 1.52 1.71 1.95 2.25 2.59 2.97 3.39 3.78 4.14 4.46 4.75 5.01 5.23 5.42 5.59 5.74 5.86 5.96 6.04 6.11 6.16 6.21 6.26 6.30 6.32 6.35 6.36 6.37 6.36 6.36 6.34 6.31 6.27 6.20 6.11 6.01 5.91 5.81 5.72 5.66 5.62 5.62 5.66 5.76 5.92 6.09 6.24 6.35 6.42 6.46 6.47 6.45 6.39 6.31 6.19 6.04 5.87 5.67 5.50 5.36 5.25 5.17 5.11 5.08 5.08 5.10 5.15 5.23 5.32 5.44 5.58 5.73 5.86 5.99 6.11
1.81 1.55 1.39 1.30 1.28 1.34 1.47 1.65 1.89 2.19 2.53 2.91 3.30 3.68 4.03 4.34 4.62 4.86 5.08 5.26 5.42 5.56 5.67 5.77 5.84 5.90 5.96 6.00 6.04 6.07 6.09 6.11 6.11 6.11 6.10 6.08 6.06 6.02 5.97 5.90 5.81 5.70 5.59 5.48 5.38 5.29 5.23 5.21 5.23 5.29 5.41 5.56 5.70 5.81 5.91 5.99 6.06 6.11 6.14 6.17 6.17 6.17 6.15 6.09 5.99 5.89 5.81 5.76 5.73 5.73 5.75 5.79 5.86 5.96 6.07 6.21 6.36 6.52 6.66 6.81 6.95
1.77 1.52 1.36 1.27 1.26 1.32 1.45 1.64 1.88 2.18 2.52 2.88 3.24 3.59 3.92 4.22 4.49 4.72 4.93 5.10 5.26 5.38 5.49 5.58 5.65 5.71 5.75 5.79 5.82 5.85 5.86 5.87 5.87 5.86 5.84 5.81 5.78 5.73 5.67 5.59 5.49 5.38 5.26 5.14 5.03 4.93 4.85 4.80 4.79 4.83 4.92 5.04 5.17 5.29 5.42 5.54 5.67 5.79 5.92 6.05 6.19 6.33 6.44 6.51 6.52 6.47 6.43 6.40 6.40 6.42 6.47 6.54 6.63 6.74 6.87 7.02 7.18 7.35 7.51 7.66 7.81
1.75 1.50 1.34 1.27 1.26 1.33 1.47 1.67 1.92 2.23 2.55 2.88 3.19 3.50 3.81 4.09 4.35 4.58 4.77 4.94 5.09 5.21 5.31 5.39 5.46 5.51 5.55 5.58 5.61 5.63 5.63 5.64 5.63 5.61 5.59 5.55 5.50 5.44 5.36 5.27 5.17 5.06 4.93 4.80 4.68 4.56 4.47 4.40 4.37 4.38 4.44 4.54 4.66 4.79 4.94 5.11 5.30 5.50 5.73 5.97 6.23 6.49 6.71 6.89 7.01 7.07 7.08 7.09 7.11 7.16 7.22 7.31 7.41 7.54 7.68 7.85 8.02 8.20 8.37 8.53 8.69
1.73 1.49 1.35 1.28 1.30 1.38 1.53 1.74 2.01 2.30 2.59 2.88 3.16 3.44 3.71 3.97 4.21 4.43 4.62 4.78 4.92 5.03 5.13 5.20 5.26 5.31 5.35 5.38 5.40 5.41 5.41 5.40 5.39 5.37 5.33 5.28 5.22 5.15 5.06 4.96 4.85 4.73 4.60 4.47 4.33 4.20 4.09 4.01 3.95 3.94 3.97 4.05 4.16 4.31 4.49 4.71 4.96 5.24 5.56 5.92 6.29 6.63 6.94 7.22 7.44 7.61 7.72 7.78 7.83 7.89 7.98 8.08 8.20 8.34 8.50 8.67 8.86 9.04 9.22 9.39 9.56
1.71 1.50 1.37 1.32 1.35 1.46 1.63 1.86 2.12 2.38 2.64 2.89 3.14 3.39 3.63 3.86 4.08 4.28 4.46 4.62 4.75 4.86 4.95 5.02 5.07 5.12 5.15 5.17 5.19 5.19 5.19 5.18 5.16 5.13 5.08 5.02 4.94 4.86 4.76 4.65 4.53 4.40 4.27 4.13 3.99 3.85 3.73 3.62 3.55 3.52 3.52 3.58 3.69 3.86 4.07 4.33 4.65 5.02 5.43 5.88 6.31 6.73 7.12 7.48 7.79 8.06 8.28 8.43 8.53 8.61 8.72 8.84 8.97 9.12 9.29 9.47 9.66 9.85 10.04 10.22 10.39
1.70 1.51 1.40 1.38 1.44 1.57 1.77 1.99 2.22 2.45 2.67 2.90 3.12 3.34 3.55 3.76 3.95 4.14 4.31 4.46 4.58 4.69 4.77 4.83 4.88 4.92 4.95 4.97 4.98 4.98 4.97 4.96 4.93 4.88 4.83 4.75 4.67 4.57 4.46 4.35 4.22 4.09 3.95 3.80 3.65 3.51 3.37 3.26 3.17 3.11 3.10 3.14 3.25 3.43 3.67 3.99 4.37 4.82 5.31 5.81 6.30 6.78 7.23 7.66 8.06 8.41 8.72 8.97 9.16 9.29 9.41 9.54 9.69 9.85 10.03 10.22 10.41 10.61 10.80 10.98 11.16
1.69 1.53 1.46 1.47 1.56 1.71 1.90 2.10 2.30 2.50 2.70 2.90 3.10 3.30 3.48 3.67 3.84 4.00 4.16 4.30 4.42 4.51 4.59 4.65 4.70 4.73 4.76 4.77 4.78 4.77 4.76 4.74 4.70 4.64 4.57 4.49 4.40 4.29 4.17 4.05 3.92 3.78 3.63 3.49 3.33 3.18 3.04 2.91 2.81 2.73 2.70 2.73 2.84 3.03 3.31 3.68 4.13 4.64 5.16 5.69 6.23 6.75 7.27 7.76 8.22 8.65 9.04 9.38 9.66 9.87 10.03 10.18 10.34 10.51 10.69 10.88 11.08 11.28 11.47 11.66 11.84
1.68 1.56 1.53 1.57 1.69 1.85 2.02 2.19 2.36 2.54 2.72 2.89 3.07 3.24 3.41 3.58 3.73 3.88 4.01 4.14 4.25 4.34 4.42 4.47 4.52 4.55 4.57 4.58 4.58 4.57 4.55 4.52 4.47 4.40 4.32 4.23 4.13 4.01 3.89 3.76 3.62 3.48 3.33 3.18 3.03 2.88 2.73 2.59 2.47 2.38 2.33 2.34 2.46 2.67 2.99 3.41 3.90 4.42 4.96 5.52 6.09 6.65 7.21 7.75 8.27 8.76 9.22 9.63 9.99 10.30 10.54 10.72 10.89 11.07 11.25 11.45 11.65 11.85 12.04 12.23 12.41
1.68 1.60 1.61 1.69 1.82 1.95 2.09 2.24 2.40 2.55 2.71 2.87 3.03 3.18 3.33 3.48 3.62 3.75 3.88 3.99 4.09 4.17 4.24 4.30 4.34 4.36 4.38 4.39 4.39 4.37 4.34 4.30 4.24 4.16 4.07 3.97 3.86 3.74 3.62 3.48 3.34 3.19 3.05 2.89 2.74 2.59 2.43 2.29 2.16 2.06 1.99 1.99 2.11 2.35 2.71 3.15 3.64 4.16 4.71 5.28 5.86 6.45 7.04 7.62 8.19 8.73 9.25 9.72 10.16 10.54 10.86 11.12 11.32 11.50 11.69 11.89 12.09 12.29 12.48 12.66 12.84
1.69 1.65 1.70 1.79 1.90 2.01 2.13 2.26 2.40 2.54 2.68 2.82 2.96 3.10 3.24 3.38 3.50 3.62 3.74 3.84 3.93 4.01 4.07 4.12 4.16 4.18 4.20 4.20 4.20 4.17 4.13 4.08 4.01 3.92 3.83 3.72 3.61 3.48 3.35 3.21 3.07 2.92 2.77 2.62 2.47 2.32 2.17 2.02 1.88 1.77 1.68 1.68 1.81 2.07 2.43 2.85 3.32 3.83 4.38 4.95 5.54 6.15 6.76 7.36 7.96 8.55 9.11 9.64 10.13 10.58 10.97 11.31 11.58 11.79 11.98 12.18 12.37 12.57 12.76 12.93 13.07
1.69 1.71 1.76 1.84 1.93 2.02 2.13 2.24 2.36 2.49 2.61 2.74 2.87 3.00 3.13 3.25 3.37 3.49 3.59 3.69 3.77 3.85 3.91 3.95 3.99 4.01 4.02 4.02 4.01 3.97 3.92 3.86 3.78 3.69 3.59 3.48 3.36 3.23 3.10 2.96 2.81 2.66 2.51 2.36 2.21 2.06 1.92 1.77 1.64 1.51 1.42 1.41 1.54 1.79 2.12 2.50 2.95 3.43 3.96 4.52 5.11 5.72 6.34 6.96 7.58 8.20 8.79 9.36 9.90 10.40 10.86 11.26 11.60 11.88 12.09 12.29 12.48 12.67 12.85 12.99 13.07
1.70 1.72 1.77 1.83 1.90 1.98 2.07 2.17 2.28 2.39 2.51 2.63 2.75 2.87 2.99 3.11 3.22 3.33 3.43 3.53 3.61 3.68 3.74 3.79 3.82 3.84 3.85 3.84 3.81 3.77 3.71 3.64 3.56 3.46 3.36 3.24 3.12 2.99 2.85 2.71 2.57 2.42 2.27 2.13 1.98 1.83 1.69 1.55 1.42 1.30 1.19 1.18 1.29 1.48 1.75 2.09 2.49 2.95 3.45 3.99 4.56 5.16 5.78 6.40 7.04 7.66 8.28 8.88 9.46 10.00 10.50 10.96 11.36 11.71 11.98 12.20 12.39 12.56 12.70 12.79 12.84
1.66 1.67 1.71 1.75 1.81 1.88 1.96 2.05 2.15 2.26 2.37 2.48 2.60 2.71 2.83 2.94 3.05 3.16 3.26 3.35 3.44 3.51 3.57 3.62 3.66 3.67 3.67 3.66 3.62 3.57 3.51 3.43 3.34 3.24 3.13 3.02 2.89 2.76 2.62 2.48 2.34 2.20 2.05 1.91 1.76 1.63 1.49 1.36 1.24 1.12 1.01 0.96 0.99 1.12 1.33 1.61 1.96 2.36 2.83 3.33 3.88 4.46 5.06 5.68 6.31 6.95 7.57 8.19 8.79 9.36 9.91 10.41 10.86 11.26 11.60 11.87 12.06 12.20 12.30 12.35 12.35
