data_processed/recharge/precip/Precip_1986_12.asc
ncols        168
nrows        136
xllcorner    455000
yllcorner    2107000
cellsize     500
NODATA_value     -99999
[rows 76 to 113 of 136, columns 84 to 167 of 168]
0.00 0.00 0.00 0.00 0.00 0.00 0.00 0.00 0.00 0.00 0.00 0.00 0.00 0.00 0.00 0.00 0.08 0.19 0.30 0.42 0.54 0.66 0.78 0.90 1.02 1.14 1.25 1.36 1.47 1.58 1.68 1.77 1.86 1.94 2.01 2.07 2.12 2.16 2.18 2.20 2.20 2.20 2.19 2.18 2.17 2.15 2.14 2.12 2.10 2.08 2.06 2.04 2.01 1.98 1.95 1.92 1.89 1.86 1.83 1.79 1.75 1.71 1.67 1.63 1.59 1.55 1.50 1.45 1.41 1.36 1.31 1.26 1.21 1.16 1.10 1.03 0.95 0.87 0.77 0.67 0.55 0.43 0.30 0.16
0.00 0.00 0.00 0.00 0.00 0.00 0.00 0.00 0.00 0.00 0.00 0.00 0.00 0.00 0.00 0.00 0.00 0.11 0.23 0.35 0.48 0.60 0.72 0.85 0.97 1.09 1.21 1.33 1.44 1.55 1.65 1.74 1.83 1.91 1.98 2.04 2.10 2.14 2.16 2.18 2.18 2.18 2.17 2.16 2.15 2.14 2.12 2.11 2.09 2.07 2.04 2.02 2.00 1.97 1.94 1.91 1.88 1.85 1.81 1.78 1.74 1.70 1.66 1.62 1.58 1.53 1.49 1.44 1.40 1.35 1.30 1.25 1.20 1.15 1.09 1.04 0.97 0.89 0.80 0.71 0.60 0.48 0.36 0.23
0.00 0.00 0.00 0.00 0.00 0.00 0.00 0.00 0.00 0.00 0.00 0.00 0.00 0.00 0.00 0.00 0.00 0.04 0.16 0.29 0.42 0.54 0.67 0.80 0.92 1.05 1.17 1.29 1.40 1.51 1.62 1.71 1.80 1.89 1.96 2.02 2.07 2.12 2.14 2.16 2.16 2.16 2.15 2.14 2.13 2.12 2.11 2.09 2.07 2.05 2.03 2.01 1.98 1.96 1.93 1.90 1.87 1.83 1.80 1.76 1.73 1.69 1.65 1.61 1.57 1.52 1.48 1.43 1.39 1.34 1.29 1.24 1.19 1.14 1.09 1.03 0.97 0.91 0.83 0.74 0.64 0.53 0.42 0.29
0.00 0.00 0.00 0.00 0.00 0.00 0.00 0.00 0.00 0.00 0.00 0.00 0.00 0.00 0.00 0.00 0.00 0.00 0.09 0.22 0.35 0.49 0.62 0.75 0.88 1.01 1.13 1.25 1.37 1.48 1.59 1.69 1.78 1.86 1.94 2.00 2.05 2.10 2.13 2.14 2.15 2.14 2.13 2.13 2.12 2.10 2.09 2.07 2.06 2.04 2.02 1.99 1.97 1.94 1.91 1.88 1.85 1.82 1.79 1.75 1.72 1.68 1.64 1.60 1.56 1.51 1.47 1.42 1.38 1.33 1.28 1.23 1.18 1.13 1.08 1.03 0.97 0.92 0.85 0.77 0.68 0.58 0.47 0.35
0.00 0.00 0.00 0.00 0.00 0.00 0.00 0.00 0.00 0.00 0.00 0.00 0.00 0.00 0.00 0.00 0.00 0.00 0.03 0.16 0.29 0.43 0.56 0.70 0.83 0.96 1.09 1.21 1.33 1.45 1.56 1.66 1.75 1.84 1.91 1.98 2.03 2.08 2.11 2.12 2.13 2.12 2.12 2.11 2.10 2.09 2.08 2.06 2.04 2.02 2.00 1.98 1.96 1.93 1.90 1.87 1.84 1.81 1.78 1.74 1.71 1.67 1.63 1.59 1.55 1.51 1.46 1.42 1.37 1.32 1.28 1.23 1.18 1.13 1.08 1.03 0.97 0.92 0.86 0.79 0.71 0.62 0.52 0.41
0.00 0.00 0.00 0.00 0.00 0.00 0.00 0.00 0.00 0.00 0.00 0.00 0.00 0.00 0.00 0.00 0.00 0.00 0.00 0.10 0.24 0.37 0.51 0.65 0.79 0.92 1.05 1.18 1.30 1.42 1.53 1.63 1.73 1.81 1.89 1.96 2.01 2.06 2.09 2.11 2.11 2.11 2.10 2.10 2.09 2.08 2.06 2.05 2.03 2.01 1.99 1.97 1.94 1.92 1.89 1.86 1.83 1.80 1.77 1.73 1.70 1.66 1.62 1.58 1.54 1.50 1.46 1.41 1.37 1.32 1.27 1.22 1.18 1.13 1.08 1.02 0.97 0.92 0.87 0.81 0.74 0.66 0.57 0.47
0.00 0.00 0.00 0.00 0.00 0.00 0.00 0.00 0.00 0.00 0.00 0.00 0.00 0.00 0.00 0.00 0.00 0.00 0.00 0.04 0.18 0.32 0.46 0.60 0.74 0.88 1.01 1.14 1.27 1.39 1.50 1.60 1.70 1.79 1.87 1.94 1.99 2.04 2.07 2.09 2.10 2.09 2.09 2.08 2.07 2.06 2.05 2.03 2.02 2.00 1.98 1.96 1.93 1.91 1.88 1.85 1.82 1.79 1.76 1.73 1.69 1.65 1.62 1.58 1.54 1.49 1.45 1.41 1.36 1.32 1.27 1.22 1.18 1.13 1.08 1.03 0.97 0.92 0.87 0.82 0.76 0.69 0.61 0.52
0.00 0.00 0.00 0.00 0.00 0.00 0.00 0.00 0.00 0.00 0.00 0.00 0.00 0.00 0.00 0.00 0.00 0.00 0.00 0.00 0.13 0.27 0.41 0.56 0.70 0.84 0.97 1.11 1.23 1.35 1.47 1.58 1.68 1.77 1.85 1.92 1.98 2.02 2.06 2.08 2.08 2.08 2.07 2.07 2.06 2.05 2.04 2.02 2.01 1.99 1.97 1.95 1.92 1.90 1.87 1.85 1.82 1.78 1.75 1.72 1.68 1.65 1.61 1.57 1.53 1.49 1.45 1.41 1.36 1.32 1.27 1.23 1.18 1.13 1.08 1.03 0.98 0.93 0.88 0.82 0.77 0.71 0.64 0.56
0.00 0.00 0.00 0.00 0.00 0.00 0.00 0.00 0.00 0.00 0.00 0.00 0.00 0.00 0.00 0.00 0.00 0.00 0.00 0.00 0.07 0.22 0.37 0.51 0.66 0.80 0.94 1.07 1.20 1.32 1.44 1.55 1.65 1.75 1.83 1.90 1.96 2.01 2.04 2.06 2.07 2.07 2.06 2.06 2.05 2.04 2.03 2.01 2.00 1.98 1.96 1.94 1.92 1.89 1.87 1.84 1.81 1.78 1.75 1.71 1.68 1.64 1.61 1.57 1.53 1.49 1.45 1.41 1.36 1.32 1.28 1.23 1.18 1.13 1.09 1.04 0.99 0.94 0.89 0.83 0.78 0.73 0.67 0.60
0.00 0.00 0.00 0.00 0.00 0.00 0.00 0.00 0.00 0.00 0.00 0.00 0.00 0.00 0.00 0.00 0.00 0.00 0.00 0.00 0.03 0.18 0.33 0.47 0.62 0.76 0.90 1.04 1.17 1.30 1.41 1.53 1.63 1.72 1.81 1.88 1.94 1.99 2.03 2.05 2.05 2.05 2.05 2.04 2.04 2.03 2.02 2.00 1.99 1.97 1.95 1.93 1.91 1.89 1.86 1.83 1.80 1.78 1.74 1.71 1.68 1.64 1.61 1.57 1.53 1.49 1.45 1.41 1.37 1.32 1.28 1.24 1.19 1.14 1.10 1.05 1.00 0.95 0.90 0.85 0.80 0.75 0.69 0.63
0.00 0.00 0.00 0.00 0.00 0.00 0.00 0.00 0.00 0.00 0.00 0.00 0.00 0.00 0.00 0.00 0.00 0.00 0.00 0.00 0.00 0.14 0.29 0.44 0.58 0.73 0.87 1.01 1.14 1.27 1.39 1.50 1.61 1.70 1.79 1.86 1.93 1.98 2.01 2.03 2.04 2.04 2.04 2.03 2.03 2.02 2.01 1.99 1.98 1.96 1.95 1.93 1.90 1.88 1.86 1.83 1.80 1.77 1.74 1.71 1.68 1.64 1.61 1.57 1.54 1.50 1.46 1.42 1.37 1.33 1.29 1.24 1.20 1.15 1.11 1.06 1.01 0.96 0.91 0.86 0.81 0.76 0.71 0.66
0.00 0.00 0.00 0.00 0.00 0.00 0.00 0.00 0.00 0.00 0.00 0.00 0.00 0.00 0.00 0.00 0.00 0.00 0.00 0.00 0.00 0.10 0.26 0.41 0.55 0.70 0.84 0.98 1.11 1.24 1.36 1.48 1.59 1.68 1.77 1.85 1.91 1.96 2.00 2.02 2.03 2.03 2.03 2.02 2.02 2.01 2.00 1.99 1.97 1.96 1.94 1.92 1.90 1.88 1.85 1.83 1.80 1.77 1.74 1.71 1.68 1.65 1.61 1.58 1.54 1.50 1.46 1.42 1.38 1.34 1.30 1.26 1.21 1.17 1.12 1.08 1.03 0.98 0.93 0.88 0.84 0.79 0.74 0.69
0.00 0.00 0.00 0.00 0.00 0.00 0.00 0.00 0.00 0.00 0.00 0.00 0.00 0.00 0.00 0.00 0.00 0.00 0.00 0.00 0.00 0.07 0.23 0.38 0.53 0.67 0.82 0.96 1.09 1.22 1.34 1.46 1.57 1.67 1.76 1.83 1.90 1.95 1.99 2.01 2.02 2.02 2.02 2.02 2.01 2.00 1.99 1.98 1.97 1.95 1.94 1.92 1.90 1.88 1.85 1.83 1.80 1.77 1.75 1.72 1.68 1.65 1.62 1.58 1.55 1.51 1.47 1.43 1.40 1.35 1.31 1.27 1.23 1.18 1.14 1.09 1.05 1.00 0.96 0.91 0.86 0.81 0.76 0.71
0.00 0.00 0.00 0.00 0.00 0.00 0.00 0.00 0.00 0.00 0.00 0.00 0.00 0.00 0.00 0.00 0.00 0.00 0.00 0.00 0.00 0.05 0.21 0.36 0.51 0.65 0.80 0.94 1.07 1.20 1.32 1.44 1.55 1.65 1.74 1.82 1.89 1.94 1.98 2.00 2.01 2.01 2.01 2.01 2.00 2.00 1.99 1.98 1.96 1.95 1.93 1.92 1.90 1.88 1.85 1.83 1.80 1.78 1.75 1.72 1.69 1.66 1.63 1.59 1.56 1.52 1.49 1.45 1.41 1.37 1.33 1.29 1.25 1.20 1.16 1.12 1.07 1.03 0.98 0.93 0.89 0.84 0.79 0.75
0.00 0.00 0.00 0.00 0.00 0.00 0.00 0.00 0.00 0.00 0.00 0.00 0.00 0.00 0.00 0.00 0.00 0.00 0.00 0.00 0.00 0.04 0.19 0.34 0.49 0.64 0.78 0.92 1.06 1.19 1.31 1.42 1.53 1.63 1.73 1.81 1.87 1.93 1.97 1.99 2.01 2.01 2.01 2.00 2.00 1.99 1.98 1.97 1.96 1.95 1.93 1.92 1.90 1.88 1.86 1.83 1.81 1.78 1.76 1.73 1.70 1.67 1.64 1.61 1.57 1.54 1.50 1.46 1.43 1.39 1.35 1.31 1.27 1.23 1.19 1.14 1.10 1.05 1.01 0.97 0.92 0.87 0.83 0.78
0.00 0.00 0.00 0.00 0.00 0.00 0.00 0.00 0.00 0.00 0.00 0.00 0.00 0.00 0.00 0.00 0.00 0.00 0.00 0.00 0.00 0.03 0.18 0.34 0.49 0.63 0.78 0.92 1.05 1.18 1.30 1.41 1.52 1.62 1.71 1.79 1.86 1.92 1.96 1.99 2.00 2.00 2.00 2.00 2.00 1.99 1.98 1.97 1.96 1.95 1.93 1.92 1.90 1.88 1.86 1.84 1.82 1.79 1.77 1.74 1.71 1.68 1.65 1.62 1.59 1.55 1.52 1.48 1.45 1.41 1.37 1.33 1.29 1.25 1.21 1.17 1.13 1.09 1.04 1.00 0.96 0.91 0.87 0.82
0.00 0.00 0.00 0.00 0.00 0.00 0.00 0.00 0.00 0.00 0.00 0.00 0.00 0.00 0.00 0.00 0.00 0.00 0.00 0.00 0.00 0.03 0.19 0.34 0.49 0.63 0.78 0.91 1.05 1.17 1.30 1.41 1.52 1.61 1.70 1.79 1.86 1.91 1.96 1.98 1.99 2.00 2.00 2.00 1.99 1.99 1.98 1.97 1.96 1.95 1.94 1.92 1.91 1.89 1.87 1.85 1.83 1.80 1.78 1.75 1.73 1.70 1.67 1.64 1.61 1.57 1.54 1.51 1.47 1.44 1.40 1.36 1.32 1.28 1.24 1.20 1.16 1.12 1.08 1.04 1.00 0.95 0.91 0.86
0.00 0.00 0.00 0.00 0.00 0.00 0.00 0.00 0.00 0.00 0.00 0.00 0.00 0.00 0.00 0.00 0.00 0.00 0.00 0.00 0.00 0.04 0.20 0.35 0.50 0.64 0.78 0.92 1.05 1.18 1.30 1.41 1.52 1.61 1.70 1.78 1.85 1.91 1.95 1.98 1.99 2.00 2.00 2.00 1.99 1.99 1.98 1.98 1.97 1.96 1.94 1.93 1.92 1.90 1.88 1.86 1.84 1.82 1.79 1.77 1.74 1.72 1.69 1.66 1.63 1.60 1.57 1.53 1.50 1.46 1.43 1.39 1.36 1.32 1.28 1.24 1.20 1.16 1.12 1.08 1.04 1.00 0.96 0.91
0.00 0.00 0.00 0.00 0.00 0.00 0.00 0.00 0.00 0.00 0.00 0.00 0.00 0.00 0.00 0.00 0.00 0.00 0.00 0.00 0.00 0.06 0.21 0.37 0.51 0.66 0.80 0.93 1.06 1.19 1.31 1.42 1.52 1.62 1.70 1.78 1.85 1.90 1.95 1.98 1.99 1.99 2.00 2.00 2.00 1.99 1.99 1.98 1.97 1.96 1.95 1.94 1.93 1.91 1.89 1.87 1.86 1.83 1.81 1.79 1.76 1.74 1.71 1.68 1.65 1.62 1.59 1.56 1.53 1.50 1.46 1.43 1.39 1.36 1.32 1.28 1.24 1.21 1.17 1.13 1.09 1.05 1.01 0.97
0.00 0.00 0.00 0.00 0.00 0.00 0.00 0.00 0.00 0.00 0.00 0.00 0.00 0.00 0.00 0.00 0.00 0.00 0.00 0.00 0.00 0.09 0.24 0.39 0.54 0.68 0.82 0.96 1.08 1.21 1.32 1.43 1.53 1.63 1.71 1.79 1.85 1.90 1.95 1.97 1.99 1.99 2.00 2.00 2.00 2.00 1.99 1.99 1.98 1.97 1.96 1.95 1.94 1.92 1.91 1.89 1.87 1.85 1.83 1.81 1.79 1.76 1.74 1.71 1.68 1.66 1.63 1.60 1.56 1.53 1.50 1.47 1.43 1.40 1.36 1.33 1.29 1.25 1.22 1.18 1.14 1.10 1.06 1.02
0.00 0.00 0.00 0.00 0.00 0.00 0.00 0.00 0.00 0.00 0.00 0.00 0.00 0.00 0.00 0.00 0.00 0.00 0.00 0.00 0.00 0.13 0.28 0.43 0.58 0.72 0.86 0.99 1.11 1.24 1.35 1.46 1.55 1.65 1.73 1.80 1.86 1.91 1.95 1.98 1.99 2.00 2.00 2.00 2.01 2.00 2.00 2.00 1.99 1.99 1.98 1.97 1.95 1.94 1.93 1.91 1.89 1.88 1.86 1.84 1.81 1.79 1.77 1.74 1.72 1.69 1.66 1.63 1.60 1.57 1.54 1.51 1.48 1.44 1.41 1.38 1.34 1.31 1.27 1.23 1.20 1.16 1.12 1.09
0.00 0.00 0.00 0.00 0.00 0.00 0.00 0.00 0.00 0.00 0.00 0.00 0.00 0.00 0.00 0.00 0.00 0.00 0.00 0.00 0.04 0.19 0.34 0.48 0.62 0.76 0.90 1.03 1.15 1.27 1.38 1.49 1.58 1.67 1.75 1.82 1.88 1.92 1.96 1.98 1.99 2.00 2.00 2.01 2.01 2.01 2.01 2.01 2.00 2.00 1.99 1.98 1.97 1.96 1.95 1.93 1.92 1.90 1.88 1.86 1.84 1.82 1.80 1.77 1.75 1.72 1.70 1.67 1.64 1.61 1.58 1.55 1.52 1.49 1.46 1.43 1.39 1.36 1.33 1.29 1.26 1.22 1.19 1.15
0.00 0.00 0.00 0.00 0.00 0.00 0.00 0.00 0.00 0.00 0.00 0.00 0.00 0.00 0.00 0.00 0.00 0.00 0.00 0.00 0.10 0.25 0.39 0.54 0.68 0.82 0.95 1.08 1.20 1.32 1.43 1.53 1.62 1.71 1.78 1.85 1.90 1.95 1.98 2.00 2.00 2.00 2.00 2.01 2.01 2.01 2.01 2.01 2.01 2.00 2.00 1.99 1.98 1.97 1.96 1.95 1.93 1.92 1.90 1.88 1.86 1.84 1.82 1.80 1.78 1.75 1.73 1.70 1.68 1.65 1.62 1.59 1.56 1.53 1.50 1.47 1.44 1.41 1.38 1.34 1.31 1.28 1.24 1.21
0.00 0.00 0.00 0.00 0.00 0.00 0.00 0.00 0.00 0.00 0.00 0.00 0.00 0.00 0.00 0.00 0.00 0.00 0.00 0.02 0.17 0.31 0.46 0.60 0.74 0.88 1.01 1.13 1.25 1.37 1.48 1.58 1.67 1.75 1.82 1.89 1.94 1.98 2.01 2.02 2.01 2.00 1.99 2.00 2.00 2.00 2.01 2.01 2.00 2.00 2.00 1.99 1.98 1.97 1.96 1.95 1.94 1.92 1.91 1.89 1.88 1.86 1.84 1.82 1.80 1.77 1.75 1.73 1.70 1.68 1.65 1.62 1.60 1.57 1.54 1.51 1.48 1.45 1.42 1.39 1.36 1.32 1.29 1.26
0.00 0.00 0.00 0.00 0.00 0.00 0.00 0.00 0.00 0.00 0.00 0.00 0.00 0.00 0.00 0.00 0.00 0.00 0.00 0.09 0.24 0.39 0.53 0.67 0.81 0.94 1.07 1.20 1.32 1.43 1.53 1.63 1.72 1.80 1.87 1.93 1.98 2.02 2.04 2.04 2.02 2.00 1.99 1.98 1.98 1.99 1.99 1.99 1.99 1.99 1.99 1.98 1.98 1.97 1.96 1.95 1.94 1.93 1.91 1.90 1.88 1.87 1.85 1.83 1.81 1.79 1.77 1.74 1.72 1.70 1.67 1.65 1.62 1.59 1.57 1.54 1.51 1.48 1.46 1.43 1.40 1.37 1.34 1.31
0.00 0.00 0.00 0.00 0.00 0.00 0.00 0.00 0.00 0.00 0.00 0.00 0.00 0.00 0.00 0.00 0.00 0.00 0.02 0.17 0.32 0.46 0.61 0.75 0.88 1.02 1.14 1.27 1.38 1.49 1.60 1.69 1.78 1.86 1.93 1.99 2.03 2.06 2.07 2.06 2.04 2.01 1.98 1.97 1.96 1.96 1.97 1.97 1.97 1.97 1.97 1.97 1.96 1.96 1.95 1.94 1.93 1.92 1.91 1.89 1.88 1.86 1.85 1.83 1.81 1.79 1.77 1.75 1.73 1.71 1.69 1.66 1.64 1.61 1.59 1.56 1.54 1.51 1.48 1.46 1.43 1.40 1.37 1.35
0.00 0.00 0.00 0.00 0.00 0.00 0.00 0.00 0.00 0.00 0.00 0.00 0.00 0.00 0.00 0.00 0.00 0.00 0.11 0.25 0.40 0.54 0.69 0.83 0.96 1.09 1.22 1.34 1.46 1.57 1.67 1.76 1.85 1.92 1.99 2.04 2.08 2.10 2.10 2.09 2.05 2.02 1.98 1.96 1.94 1.93 1.94 1.94 1.94 1.94 1.94 1.94 1.94 1.94 1.93 1.92 1.91 1.90 1.89 1.88 1.87 1.86 1.84 1.83 1.81 1.79 1.77 1.76 1.74 1.72 1.69 1.67 1.65 1.63 1.60 1.58 1.56 1.53 1.51 1.48 1.45 1.43 1.40 1.38
0.00 0.00 0.00 0.00 0.00 0.00 0.00 0.00 0.00 0.00 0.00 0.00 0.00 0.00 0.00 0.00 0.00 0.05 0.19 0.34 0.49 0.63 0.77 0.91 1.05 1.18 1.30 1.42 1.54 1.64 1.74 1.84 1.92 2.00 2.06 2.10 2.13 2.15 2.14 2.12 2.07 2.03 1.99 1.95 1.92 1.91 1.90 1.90 1.91 1.91 1.91 1.91 1.91 1.91 1.90 1.90 1.89 1.88 1.87 1.86 1.85 1.84 1.83 1.81 1.80 1.78 1.77 1.75 1.73 1.71 1.69 1.67 1.65 1.63 1.61 1.59 1.57 1.54 1.52 1.50 1.47 1.45 1.42 1.40
0.00 0.00 0.00 0.00 0.00 0.00 0.00 0.00 0.00 0.00 0.00 0.00 0.00 0.00 0.00 0.00 0.00 0.14 0.29 0.43 0.58 0.72 0.86 1.00 1.13 1.26 1.39 1.51 1.62 1.73 1.83 1.92 2.00 2.07 2.13 2.16 2.19 2.19 2.18 2.15 2.10 2.04 1.99 1.95 1.91 1.88 1.86 1.86 1.86 1.86 1.87 1.87 1.87 1.87 1.86 1.86 1.86 1.85 1.84 1.83 1.83 1.81 1.80 1.79 1.78 1.76 1.75 1.73 1.72 1.70 1.68 1.67 1.65 1.63 1.61 1.59 1.57 1.55 1.53 1.50 1.48 1.46 1.44 1.42
0.00 0.00 0.00 0.00 0.00 0.00 0.00 0.00 0.00 0.00 0.00 0.00 0.00 0.00 0.00 0.00 0.08 0.23 0.38 0.53 0.67 0.82 0.96 1.09 1.23 1.36 1.48 1.60 1.71 1.82 1.91 2.00 2.08 2.15 2.19 2.23 2.24 2.24 2.22 2.18 2.12 2.06 2.00 1.95 1.90 1.86 1.83 1.82 1.81 1.81 1.81 1.82 1.82 1.82 1.82 1.82 1.81 1.81 1.80 1.80 1.79 1.78 1.77 1.76 1.75 1.74 1.72 1.71 1.70 1.68 1.67 1.65 1.63 1.62 1.60 1.58 1.56 1.54 1.52 1.50 1.48 1.46 1.44 1.42
0.00 0.00 0.00 0.00 0.00 0.00 0.00 0.00 0.00 0.00 0.00 0.00 0.00 0.00 0.00 0.03 0.18 0.33 0.48 0.62 0.77 0.91 1.05 1.19 1.32 1.45 1.57 1.69 1.80 1.91 2.00 2.09 2.16 2.22 2.26 2.29 2.29 2.28 2.26 2.21 2.15 2.08 2.01 1.95 1.90 1.85 1.81 1.78 1.76 1.75 1.75 1.76 1.76 1.76 1.76 1.76 1.76 1.76 1.76 1.75 1.74 1.74 1.73 1.72 1.71 1.70 1.69 1.68 1.67 1.65 1.64 1.63 1.61 1.60 1.58 1.56 1.55 1.53 1.51 1.49 1.48 1.46 1.44 1.42
0.00 0.00 0.00 0.00 0.00 0.00 0.00 0.00 0.00 0.00 0.00 0.00 0.00 0.00 0.00 0.13 0.28 0.43 0.57 0.72 0.87 1.01 1.15 1.29 1.42 1.55 1.67 1.79 1.90 2.00 2.10 2.18 2.24 2.29 2.33 2.35 2.35 2.33 2.30 2.25 2.18 2.10 2.03 1.96 1.89 1.84 1.79 1.74 1.71 1.69 1.68 1.69 1.69 1.70 1.70 1.70 1.70 1.70 1.70 1.69 1.69 1.69 1.68 1.67 1.67 1.66 1.65 1.64 1.63 1.62 1.60 1.59 1.58 1.57 1.55 1.54 1.52 1.51 1.49 1.48 1.46 1.45 1.43 1.41
0.00 0.00 0.00 0.00 0.00 0.00 0.00 0.00 0.00 0.00 0.00 0.00 0.00 0.00 0.08 0.23 0.38 0.53 0.68 0.82 0.97 1.11 1.25 1.39 1.52 1.65 1.77 1.89 2.00 2.10 2.19 2.26 2.32 2.37 2.39 2.40 2.40 2.38 2.34 2.28 2.21 2.12 2.04 1.97 1.89 1.83 1.77 1.72 1.67 1.64 1.62 1.61 1.61 1.62 1.62 1.63 1.63 1.63 1.63 1.63 1.63 1.62 1.62 1.61 1.61 1.60 1.60 1.59 1.58 1.57 1.56 1.55 1.54 1.53 1.51 1.50 1.49 1.48 1.46 1.45 1.44 1.42 1.41 1.39
0.00 0.00 0.00 0.00 0.00 0.00 0.00 0.00 0.00 0.00 0.00 0.00 0.00 0.03 0.18 0.33 0.48 0.63 0.78 0.92 1.07 1.21 1.36 1.49 1.63 1.75 1.88 1.99 2.10 2.20 2.28 2.35 2.40 2.44 2.46 2.46 2.45 2.43 2.38 2.32 2.24 2.15 2.06 1.98 1.90 1.82 1.75 1.69 1.64 1.59 1.56 1.54 1.53 1.53 1.54 1.54 1.55 1.55 1.55 1.55 1.55 1.55 1.55 1.55 1.54 1.54 1.53 1.53 1.52 1.51 1.51 1.50 1.49 1.48 1.47 1.46 1.45 1.44 1.43 1.41 1.40 1.39 1.38 1.36
0.00 0.00 0.00 0.00 0.00 0.00 0.00 0.00 0.00 0.00 0.00 0.00 0.00 0.13 0.28 0.43 0.58 0.73 0.88 1.03 1.17 1.32 1.46 1.60 1.73 1.86 1.98 2.10 2.20 2.29 2.36 2.43 2.47 2.50 2.52 2.52 2.50 2.47 2.42 2.35 2.27 2.18 2.08 1.99 1.90 1.82 1.74 1.67 1.61 1.55 1.50 1.47 1.45 1.44 1.44 1.45 1.46 1.46 1.46 1.47 1.47 1.47 1.47 1.47 1.47 1.46 1.46 1.46 1.45 1.45 1.44 1.43 1.43 1.42 1.41 1.40 1.40 1.39 1.38 1.37 1.36 1.35 1.34 1.32
0.00 0.00 0.00 0.00 0.00 0.00 0.00 0.00 0.00 0.00 0.00 0.00 0.07 0.22 0.37 0.52 0.68 0.83 0.98 1.13 1.28 1.42 1.56 1.70 1.84 1.97 2.09 2.20 2.29 2.38 2.45 2.50 2.54 2.57 2.58 2.58 2.56 2.52 2.46 2.39 2.30 2.20 2.11 2.01 1.91 1.82 1.73 1.65 1.58 1.51 1.45 1.41 1.37 1.35 1.34 1.35 1.36 1.36 1.37 1.37 1.37 1.38 1.38 1.38 1.38 1.38 1.38 1.38 1.37 1.37 1.37 1.36 1.36 1.35 1.35 1.34 1.33 1.33 1.32 1.31 1.31 1.30 1.28 1.27
0.00 0.00 0.00 0.00 0.00 0.00 0.00 0.00 0.00 0.00 0.00 0.02 0.17 0.32 0.47 0.62 0.78 0.93 1.08 1.23 1.38 1.53 1.67 1.81 1.94 2.07 2.19 2.29 2.38 2.46 2.52 2.58 2.61 2.63 2.64 2.63 2.61 2.56 2.51 2.43 2.34 2.23 2.13 2.03 1.92 1.82 1.73 1.64 1.55 1.48 1.41 1.35 1.30 1.27 1.24 1.24 1.24 1.25 1.26 1.26 1.27 1.27 1.28 1.28 1.28 1.29 1.29 1.29 1.29 1.28 1.28 1.28 1.28 1.27 1.27 1.27 1.26 1.26 1.25 1.25 1.24 1.23 1.22 1.20
0.00 0.00 0.00 0.00 0.00 0.00 0.00 0.00 0.00 0.00 0.00 0.11 0.26 0.41 0.56 0.72 0.87 1.03 1.18 1.33 1.48 1.63 1.77 1.91 2.05 2.17 2.28 2.38 2.47 2.54 2.60 2.65 2.68 2.70 2.70 2.69 2.66 2.61 2.55 2.47 2.37 2.26 2.15 2.05 1.94 1.83 1.73 1.63 1.53 1.45 1.37 1.30 1.24 1.19 1.15 1.13 1.12 1.13 1.14 1.15 1.15 1.16 1.17 1.17 1.18 1.18 1.18 1.18 1.19 1.19 1.19 1.19 1.19 1.19 1.19 1.18 1.18 1.18 1.18 1.17 1.17 1.16 1.14 1.13
