data_processed/recharge/precip/Precip_1994_03.asc
ncols        168
nrows        136
xllcorner    455000
yllcorner    2107000
cellsize     500
NODATA_value     -99999
[rows 0 to 37 of 136, columns 84 to 167 of 168]
4.82 4.91 4.99 5.05 5.11 5.15 5.18 5.20 5.21 5.22 5.22 5.22 5.22 5.21 5.20 5.18 5.16 5.14 5.11 5.08 5.04 5.00 4.95 4.90 4.85 4.79 4.73 4.66 4.59 4.52 4.45 4.39 4.32 4.26 4.19 4.13 4.08 4.02 3.96 3.91 3.86 3.81 3.77 3.72 3.68 3.64 3.60 3.57 3.53 3.50 3.48 3.47 3.48 3.49 3.52 3.56 3.61 3.67 3.75 3.84 3.94 4.06 4.19 4.33 4.49 4.66 4.84 5.04 5.25 5.48 5.72 5.96 6.16 6.29 6.35 6.36 6.32 6.23 6.10 5.93 5.72 5.49 5.24 4.96
4.82 4.90 4.96 5.01 5.05 5.08 5.09 5.10 5.10 5.09 5.09 5.08 5.06 5.04 5.02 4.99 4.96 4.93 4.89 4.85 4.80 4.75 4.70 4.64 4.58 4.52 4.45 4.38 4.31 4.24 4.17 4.10 4.04 3.97 3.91 3.85 3.79 3.74 3.68 3.63 3.58 3.53 3.49 3.44 3.40 3.36 3.32 3.29 3.26 3.23 3.20 3.19 3.18 3.19 3.21 3.24 3.28 3.34 3.41 3.49 3.59 3.70 3.82 3.96 4.11 4.27 4.45 4.64 4.85 5.07 5.31 5.55 5.74 5.87 5.94 5.95 5.92 5.84 5.72 5.57 5.39 5.18 4.95 4.70
4.81 4.87 4.91 4.95 4.98 4.99 5.00 4.99 4.98 4.96 4.95 4.92 4.90 4.87 4.84 4.80 4.76 4.72 4.67 4.62 4.57 4.51 4.45 4.39 4.32 4.25 4.18 4.11 4.03 3.96 3.89 3.83 3.76 3.70 3.64 3.58 3.52 3.46 3.41 3.36 3.31 3.26 3.22 3.17 3.13 3.10 3.06 3.03 2.99 2.97 2.94 2.92 2.90 2.90 2.92 2.94 2.98 3.03 3.09 3.16 3.25 3.36 3.47 3.60 3.75 3.91 4.08 4.27 4.47 4.68 4.92 5.15 5.34 5.47 5.54 5.56 5.53 5.47 5.36 5.22 5.06 4.87 4.67 4.45
4.79 4.83 4.86 4.89 4.90 4.90 4.89 4.87 4.85 4.83 4.80 4.76 4.73 4.69 4.65 4.61 4.56 4.51 4.45 4.40 4.34 4.27 4.21 4.14 4.07 3.99 3.92 3.84 3.77 3.70 3.63 3.56 3.50 3.44 3.37 3.32 3.26 3.20 3.15 3.10 3.05 3.00 2.96 2.92 2.88 2.84 2.80 2.77 2.74 2.71 2.69 2.67 2.65 2.64 2.64 2.66 2.69 2.73 2.79 2.85 2.94 3.03 3.14 3.27 3.40 3.56 3.72 3.90 4.10 4.31 4.54 4.77 4.95 5.08 5.15 5.18 5.16 5.10 5.01 4.89 4.74 4.58 4.40 4.20
4.75 4.78 4.80 4.81 4.81 4.80 4.78 4.75 4.72 4.68 4.64 4.60 4.56 4.51 4.46 4.41 4.35 4.29 4.23 4.17 4.10 4.03 3.96 3.89 3.81 3.74 3.66 3.59 3.51 3.44 3.38 3.31 3.25 3.18 3.12 3.06 3.01 2.95 2.90 2.85 2.80 2.76 2.71 2.67 2.63 2.59 2.56 2.53 2.50 2.47 2.45 2.43 2.41 2.39 2.39 2.40 2.42 2.45 2.50 2.56 2.64 2.73 2.83 2.95 3.08 3.22 3.38 3.56 3.75 3.95 4.17 4.40 4.58 4.71 4.78 4.81 4.80 4.75 4.68 4.57 4.44 4.30 4.14 3.97
4.70 4.72 4.72 4.72 4.71 4.69 4.66 4.62 4.58 4.53 4.48 4.43 4.38 4.33 4.27 4.21 4.15 4.08 4.02 3.95 3.87 3.80 3.72 3.65 3.57 3.49 3.41 3.34 3.27 3.20 3.13 3.07 3.00 2.94 2.88 2.82 2.76 2.71 2.66 2.61 2.56 2.52 2.47 2.43 2.40 2.36 2.33 2.30 2.27 2.24 2.22 2.20 2.18 2.17 2.16 2.16 2.17 2.20 2.24 2.29 2.36 2.44 2.53 2.64 2.77 2.90 3.06 3.23 3.41 3.61 3.82 4.04 4.22 4.35 4.42 4.46 4.46 4.42 4.35 4.26 4.15 4.03 3.89 3.75
4.64 4.64 4.64 4.63 4.61 4.57 4.53 4.48 4.43 4.38 4.32 4.26 4.20 4.14 4.08 4.01 3.94 3.87 3.80 3.72 3.65 3.57 3.49 3.41 3.33 3.25 3.18 3.10 3.03 2.96 2.90 2.83 2.77 2.70 2.64 2.59 2.53 2.48 2.43 2.38 2.33 2.29 2.25 2.21 2.17 2.13 2.10 2.07 2.05 2.02 2.00 1.98 1.97 1.95 1.94 1.94 1.94 1.96 1.99 2.03 2.09 2.17 2.25 2.36 2.47 2.60 2.75 2.91 3.09 3.28 3.49 3.70 3.88 4.00 4.08 4.12 4.12 4.10 4.04 3.97 3.87 3.77 3.66 3.54
4.57 4.56 4.55 4.52 4.49 4.45 4.40 4.34 4.28 4.22 4.16 4.09 4.02 3.96 3.89 3.81 3.74 3.66 3.59 3.51 3.43 3.34 3.26 3.18 3.10 3.03 2.95 2.88 2.81 2.74 2.67 2.60 2.54 2.48 2.42 2.36 2.31 2.26 2.21 2.16 2.11 2.07 2.03 1.99 1.95 1.92 1.89 1.86 1.83 1.81 1.79 1.77 1.76 1.75 1.74 1.73 1.73 1.74 1.76 1.80 1.85 1.92 1.99 2.09 2.20 2.32 2.46 2.61 2.78 2.97 3.17 3.38 3.55 3.67 3.75 3.80 3.81 3.79 3.74 3.68 3.61 3.52 3.43 3.35
4.49 4.47 4.45 4.41 4.37 4.32 4.26 4.20 4.13 4.06 3.99 3.92 3.84 3.77 3.69 3.62 3.54 3.46 3.37 3.29 3.21 3.12 3.04 2.96 2.88 2.81 2.73 2.66 2.59 2.52 2.45 2.39 2.32 2.26 2.20 2.15 2.09 2.04 1.99 1.95 1.90 1.86 1.82 1.78 1.75 1.71 1.68 1.66 1.63 1.61 1.59 1.58 1.56 1.55 1.54 1.54 1.54 1.54 1.56 1.58 1.63 1.68 1.75 1.84 1.94 2.06 2.19 2.33 2.50 2.67 2.87 3.07 3.24 3.36 3.44 3.49 3.50 3.49 3.46 3.42 3.36 3.29 3.23 3.16
4.41 4.38 4.34 4.30 4.25 4.19 4.12 4.05 3.97 3.90 3.82 3.74 3.66 3.58 3.50 3.42 3.34 3.25 3.17 3.08 3.00 2.91 2.83 2.75 2.67 2.60 2.52 2.45 2.38 2.31 2.24 2.18 2.12 2.06 2.00 1.94 1.89 1.84 1.79 1.74 1.70 1.66 1.62 1.58 1.55 1.52 1.49 1.46 1.44 1.42 1.40 1.39 1.38 1.37 1.36 1.36 1.36 1.36 1.37 1.39 1.42 1.47 1.53 1.61 1.70 1.81 1.93 2.07 2.23 2.40 2.58 2.78 2.94 3.06 3.14 3.19 3.21 3.21 3.19 3.16 3.12 3.07 3.03 2.99
4.31 4.27 4.23 4.18 4.12 4.05 3.98 3.90 3.82 3.73 3.65 3.57 3.48 3.40 3.31 3.23 3.14 3.05 2.97 2.88 2.79 2.71 2.63 2.55 2.47 2.39 2.32 2.25 2.18 2.11 2.04 1.98 1.92 1.86 1.80 1.75 1.69 1.64 1.59 1.55 1.51 1.47 1.43 1.39 1.36 1.33 1.30 1.28 1.26 1.24 1.22 1.21 1.20 1.19 1.19 1.18 1.19 1.19 1.20 1.21 1.24 1.28 1.33 1.40 1.48 1.58 1.70 1.83 1.97 2.14 2.32 2.50 2.66 2.78 2.86 2.91 2.94 2.95 2.94 2.92 2.90 2.87 2.85 2.83
4.21 4.16 4.11 4.05 3.98 3.91 3.83 3.74 3.66 3.57 3.48 3.39 3.31 3.22 3.13 3.04 2.95 2.86 2.77 2.68 2.60 2.51 2.43 2.35 2.27 2.20 2.13 2.05 1.98 1.92 1.85 1.79 1.73 1.67 1.61 1.56 1.50 1.46 1.41 1.36 1.32 1.28 1.25 1.21 1.18 1.15 1.13 1.10 1.08 1.06 1.05 1.04 1.03 1.02 1.02 1.02 1.02 1.03 1.04 1.05 1.07 1.10 1.15 1.21 1.28 1.37 1.48 1.60 1.74 1.89 2.06 2.24 2.40 2.51 2.59 2.65 2.68 2.70 2.70 2.70 2.69 2.68 2.68 2.68
4.10 4.04 3.98 3.92 3.85 3.77 3.68 3.59 3.50 3.40 3.31 3.22 3.13 3.04 2.94 2.85 2.76 2.67 2.58 2.49 2.41 2.33 2.24 2.17 2.09 2.01 1.94 1.87 1.80 1.73 1.67 1.60 1.54 1.48 1.43 1.38 1.32 1.28 1.23 1.19 1.15 1.11 1.07 1.04 1.01 0.98 0.96 0.93 0.92 0.90 0.89 0.88 0.87 0.86 0.86 0.87 0.87 0.88 0.89 0.91 0.92 0.95 0.98 1.03 1.10 1.18 1.28 1.39 1.52 1.67 1.83 2.00 2.15 2.26 2.34 2.40 2.44 2.46 2.48 2.48 2.49 2.50 2.51 2.53
3.99 3.92 3.86 3.78 3.71 3.62 3.53 3.43 3.34 3.24 3.14 3.05 2.95 2.86 2.77 2.67 2.58 2.49 2.40 2.31 2.23 2.15 2.06 1.98 1.91 1.83 1.76 1.69 1.62 1.55 1.49 1.43 1.37 1.31 1.25 1.20 1.15 1.10 1.06 1.02 0.98 0.94 0.91 0.87 0.84 0.82 0.80 0.77 0.76 0.74 0.73 0.72 0.72 0.71 0.72 0.72 0.73 0.74 0.75 0.77 0.79 0.81 0.84 0.88 0.94 1.01 1.10 1.20 1.32 1.46 1.62 1.78 1.92 2.03 2.11 2.17 2.21 2.25 2.27 2.29 2.31 2.34 2.36 2.39
3.87 3.80 3.72 3.65 3.56 3.47 3.38 3.28 3.18 3.08 2.98 2.88 2.78 2.69 2.59 2.50 2.41 2.32 2.23 2.14 2.05 1.97 1.89 1.81 1.73 1.66 1.59 1.52 1.45 1.38 1.32 1.26 1.20 1.14 1.09 1.04 0.99 0.94 0.90 0.86 0.82 0.78 0.75 0.72 0.69 0.66 0.64 0.62 0.61 0.59 0.58 0.58 0.57 0.57 0.58 0.58 0.59 0.60 0.62 0.64 0.66 0.68 0.71 0.75 0.80 0.86 0.94 1.03 1.15 1.27 1.42 1.57 1.71 1.81 1.89 1.96 2.00 2.04 2.08 2.11 2.14 2.18 2.22 2.26
3.75 3.67 3.59 3.51 3.42 3.33 3.23 3.12 3.02 2.92 2.82 2.72 2.62 2.52 2.42 2.33 2.24 2.15 2.06 1.97 1.89 1.80 1.72 1.65 1.57 1.49 1.42 1.35 1.29 1.22 1.16 1.10 1.04 0.98 0.93 0.88 0.83 0.78 0.74 0.70 0.66 0.63 0.60 0.57 0.54 0.52 0.50 0.48 0.47 0.45 0.45 0.44 0.44 0.44 0.44 0.45 0.46 0.48 0.49 0.51 0.54 0.57 0.60 0.63 0.67 0.73 0.80 0.88 0.98 1.10 1.24 1.39 1.51 1.62 1.70 1.76 1.81 1.86 1.90 1.95 1.99 2.04 2.09 2.15
3.62 3.54 3.45 3.37 3.27 3.18 3.07 2.97 2.86 2.76 2.66 2.56 2.46 2.36 2.26 2.17 2.08 1.99 1.90 1.81 1.73 1.64 1.56 1.49 1.41 1.34 1.26 1.19 1.13 1.06 1.00 0.94 0.88 0.83 0.78 0.73 0.68 0.64 0.59 0.55 0.52 0.48 0.45 0.43 0.40 0.38 0.36 0.34 0.33 0.32 0.31 0.31 0.31 0.31 0.32 0.33 0.34 0.36 0.38 0.40 0.43 0.46 0.49 0.53 0.57 0.62 0.68 0.75 0.84 0.95 1.08 1.22 1.34 1.44 1.51 1.58 1.64 1.69 1.74 1.80 1.86 1.92 1.98 2.05
3.49 3.40 3.32 3.23 3.13 3.03 2.92 2.82 2.71 2.60 2.50 2.40 2.30 2.20 2.11 2.01 1.92 1.83 1.74 1.66 1.57 1.49 1.41 1.33 1.26 1.18 1.11 1.04 0.98 0.91 0.85 0.79 0.74 0.68 0.63 0.58 0.54 0.49 0.45 0.41 0.38 0.35 0.32 0.29 0.27 0.25 0.23 0.22 0.20 0.20 0.19 0.19 0.19 0.20 0.20 0.21 0.23 0.25 0.27 0.29 0.32 0.36 0.39 0.43 0.47 0.52 0.57 0.64 0.72 0.82 0.94 1.07 1.18 1.27 1.35 1.42 1.48 1.54 1.60 1.67 1.74 1.81 1.89 1.96
3.36 3.27 3.18 3.08 2.99 2.88 2.78 2.67 2.56 2.45 2.35 2.25 2.15 2.05 1.96 1.86 1.77 1.68 1.59 1.51 1.42 1.34 1.26 1.18 1.11 1.04 0.97 0.90 0.83 0.77 0.71 0.65 0.60 0.54 0.49 0.44 0.40 0.36 0.32 0.28 0.25 0.22 0.19 0.16 0.14 0.12 0.11 0.09 0.08 0.08 0.07 0.07 0.08 0.08 0.09 0.11 0.12 0.14 0.17 0.20 0.23 0.26 0.30 0.34 0.39 0.44 0.49 0.55 0.62 0.71 0.82 0.94 1.04 1.13 1.21 1.28 1.34 1.42 1.49 1.57 1.65 1.73 1.81 1.90
3.23 3.14 3.04 2.94 2.84 2.74 2.63 2.52 2.42 2.31 2.21 2.10 2.01 1.91 1.81 1.72 1.63 1.54 1.45 1.36 1.28 1.20 1.12 1.04 0.97 0.90 0.83 0.76 0.70 0.63 0.57 0.52 0.46 0.41 0.36 0.31 0.27 0.23 0.19 0.15 0.12 0.09 0.07 0.04 0.02 0.00 0.00 0.00 0.00 0.00 0.00 0.00 0.00 0.00 0.00 0.01 0.03 0.05 0.07 0.10 0.14 0.17 0.21 0.26 0.31 0.36 0.41 0.47 0.54 0.62 0.72 0.83 0.92 1.01 1.08 1.16 1.24 1.32 1.40 1.48 1.57 1.66 1.76 1.85
3.11 3.01 2.91 2.81 2.71 2.60 2.49 2.38 2.27 2.17 2.07 1.96 1.87 1.77 1.67 1.58 1.49 1.40 1.31 1.23 1.14 1.06 0.98 0.91 0.83 0.76 0.69 0.63 0.56 0.50 0.44 0.39 0.33 0.28 0.23 0.19 0.15 0.11 0.07 0.03 0.00 0.00 0.00 0.00 0.00 0.00 0.00 0.00 0.00 0.00 0.00 0.00 0.00 0.00 0.00 0.00 0.00 0.00 0.00 0.02 0.06 0.09 0.14 0.18 0.23 0.29 0.35 0.41 0.48 0.55 0.64 0.73 0.82 0.91 0.99 1.07 1.15 1.24 1.33 1.43 1.53 1.62 1.73 1.83
2.98 2.88 2.78 2.68 2.57 2.46 2.36 2.25 2.14 2.03 1.93 1.83 1.73 1.63 1.54 1.44 1.35 1.26 1.18 1.09 1.01 0.93 0.85 0.78 0.70 0.63 0.56 0.50 0.44 0.38 0.32 0.26 0.21 0.16 0.11 0.07 0.03 0.00 0.00 0.00 0.00 0.00 0.00 0.00 0.00 0.00 0.00 0.00 0.00 0.00 0.00 0.00 0.00 0.00 0.00 0.00 0.00 0.00 0.00 0.00 0.00 0.02 0.07 0.12 0.17 0.23 0.29 0.35 0.42 0.49 0.57 0.66 0.75 0.83 0.92 1.01 1.10 1.20 1.30 1.40 1.51 1.61 1.72 1.83
2.86 2.76 2.66 2.55 2.44 2.33 2.23 2.12 2.01 1.90 1.80 1.70 1.60 1.50 1.41 1.31 1.22 1.14 1.05 0.96 0.88 0.80 0.73 0.65 0.58 0.51 0.44 0.38 0.31 0.25 0.20 0.14 0.09 0.04 0.00 0.00 0.00 0.00 0.00 0.00 0.00 0.00 0.00 0.00 0.00 0.00 0.00 0.00 0.00 0.00 0.00 0.00 0.00 0.00 0.00 0.00 0.00 0.00 0.00 0.00 0.00 0.00 0.00 0.05 0.11 0.17 0.23 0.30 0.37 0.45 0.53 0.61 0.70 0.79 0.89 0.98 1.08 1.19 1.29 1.40 1.51 1.63 1.74 1.86
2.75 2.65 2.54 2.43 2.32 2.21 2.10 1.99 1.88 1.78 1.67 1.57 1.47 1.38 1.28 1.19 1.10 1.01 0.92 0.84 0.76 0.68 0.60 0.53 0.46 0.39 0.32 0.26 0.19 0.14 0.08 0.03 0.00 0.00 0.00 0.00 0.00 0.00 0.00 0.00 0.00 0.00 0.00 0.00 0.00 0.00 0.00 0.00 0.00 0.00 0.00 0.00 0.00 0.00 0.00 0.00 0.00 0.00 0.00 0.00 0.00 0.00 0.00 0.00 0.05 0.11 0.18 0.25 0.33 0.40 0.49 0.58 0.67 0.77 0.87 0.97 1.08 1.19 1.30 1.42 1.54 1.66 1.78 1.90
2.65 2.54 2.43 2.32 2.21 2.10 1.98 1.86 1.75 1.65 1.54 1.44 1.34 1.25 1.15 1.06 0.97 0.88 0.80 0.71 0.63 0.55 0.48 0.40 0.33 0.26 0.20 0.13 0.07 0.02 0.00 0.00 0.00 0.00 0.00 0.00 0.00 0.00 0.00 0.00 0.00 0.00 0.00 0.00 0.00 0.00 0.00 0.00 0.00 0.00 0.00 0.00 0.00 0.00 0.00 0.00 0.00 0.00 0.00 0.00 0.00 0.00 0.00 0.00 0.00 0.06 0.12 0.20 0.27 0.36 0.44 0.54 0.64 0.74 0.85 0.96 1.07 1.19 1.31 1.43 1.56 1.68 1.81 1.94
2.55 2.44 2.33 2.22 2.11 1.99 1.87 1.75 1.63 1.52 1.42 1.32 1.22 1.12 1.03 0.93 0.84 0.75 0.67 0.59 0.51 0.43 0.35 0.28 0.21 0.14 0.07 0.01 0.00 0.00 0.00 0.00 0.00 0.00 0.00 0.00 0.00 0.00 0.00 0.00 0.00 0.00 0.00 0.00 0.00 0.00 0.00 0.00 0.00 0.00 0.00 0.00 0.00 0.00 0.00 0.00 0.00 0.00 0.00 0.00 0.00 0.00 0.00 0.00 0.00 0.00 0.06 0.14 0.22 0.30 0.40 0.50 0.60 0.71 0.83 0.94 1.06 1.19 1.31 1.44 1.57 1.71 1.84 1.98
2.46 2.35 2.24 2.13 2.01 1.89 1.76 1.63 1.51 1.40 1.29 1.19 1.09 0.99 0.90 0.81 0.72 0.63 0.54 0.46 0.38 0.30 0.23 0.15 0.08 0.02 0.00 0.00 0.00 0.00 0.00 0.00 0.00 0.00 0.00 0.00 0.00 0.00 0.00 0.00 0.00 0.00 0.00 0.00 0.00 0.00 0.00 0.00 0.00 0.00 0.00 0.00 0.00 0.00 0.00 0.00 0.00 0.00 0.00 0.00 0.00 0.00 0.00 0.00 0.00 0.00 0.00 0.08 0.16 0.25 0.35 0.46 0.57 0.68 0.80 0.92 1.05 1.18 1.31 1.45 1.59 1.73 1.87 2.01
2.38 2.27 2.15 2.04 1.91 1.79 1.66 1.53 1.40 1.28 1.17 1.07 0.97 0.87 0.77 0.68 0.59 0.50 0.42 0.33 0.25 0.18 0.10 0.03 0.00 0.00 0.00 0.00 0.00 0.00 0.00 0.00 0.00 0.00 0.00 0.00 0.00 0.00 0.00 0.00 0.00 0.00 0.00 0.00 0.00 0.00 0.00 0.00 0.00 0.00 0.00 0.00 0.00 0.00 0.00 0.00 0.00 0.00 0.00 0.00 0.00 0.00 0.00 0.00 0.00 0.00 0.00 0.01 0.10 0.20 0.30 0.41 0.53 0.65 0.77 0.90 1.03 1.17 1.31 1.45 1.59 1.74 1.89 2.04
2.30 2.19 2.07 1.95 1.82 1.69 1.56 1.42 1.29 1.17 1.05 0.94 0.84 0.74 0.65 0.56 0.47 0.38 0.29 0.21 0.13 0.05 0.00 0.00 0.00 0.00 0.00 0.00 0.00 0.00 0.00 0.00 0.00 0.00 0.00 0.00 0.00 0.00 0.00 0.00 0.00 0.00 0.00 0.00 0.00 0.00 0.00 0.00 0.00 0.00 0.00 0.00 0.00 0.00 0.00 0.00 0.00 0.00 0.00 0.00 0.00 0.00 0.00 0.00 0.00 0.00 0.00 0.00 0.04 0.14 0.25 0.37 0.49 0.61 0.74 0.88 1.02 1.16 1.30 1.45 1.60 1.75 1.91 2.07
2.23 2.11 1.99 1.87 1.74 1.61 1.47 1.33 1.19 1.07 0.94 0.83 0.72 0.62 0.52 0.43 0.34 0.25 0.17 0.08 0.00 0.00 0.00 0.00 0.00 0.00 0.00 0.00 0.00 0.00 0.00 0.00 0.00 0.00 0.00 0.00 0.00 0.00 0.00 0.00 0.00 0.00 0.00 0.00 0.00 0.00 0.00 0.00 0.00 0.00 0.00 0.00 0.00 0.00 0.00 0.00 0.00 0.00 0.00 0.00 0.00 0.00 0.00 0.00 0.00 0.00 0.00 0.00 0.00 0.09 0.20 0.32 0.45 0.58 0.71 0.85 0.99 1.14 1.29 1.45 1.60 1.76 1.93 2.09
2.16 2.04 1.92 1.79 1.66 1.52 1.38 1.24 1.10 0.97 0.84 0.72 0.61 0.50 0.40 0.31 0.22 0.13 0.04 0.00 0.00 0.00 0.00 0.00 0.00 0.00 0.00 0.00 0.00 0.00 0.00 0.00 0.00 0.00 0.00 0.00 0.00 0.00 0.00 0.00 0.00 0.00 0.00 0.00 0.00 0.00 0.00 0.00 0.00 0.00 0.00 0.00 0.00 0.00 0.00 0.00 0.00 0.00 0.00 0.00 0.00 0.00 0.00 0.00 0.00 0.00 0.00 0.00 0.00 0.03 0.14 0.27 0.40 0.54 0.68 0.82 0.97 1.12 1.28 1.44 1.60 1.77 1.94 2.11
2.10 1.98 1.85 1.72 1.58 1.44 1.30 1.15 1.01 0.87 0.74 0.62 0.50 0.39 0.29 0.19 0.10 0.01 0.00 0.00 0.00 0.00 0.00 0.00 0.00 0.00 0.00 0.00 0.00 0.00 0.00 0.00 0.00 0.00 0.00 0.00 0.00 0.00 0.00 0.00 0.00 0.00 0.00 0.00 0.00 0.00 0.00 0.00 0.00 0.00 0.00 0.00 0.00 0.00 0.00 0.00 0.00 0.00 0.00 0.00 0.00 0.00 0.00 0.00 0.00 0.00 0.00 0.00 0.00 0.00 0.09 0.22 0.35 0.49 0.64 0.79 0.94 1.10 1.26 1.43 1.60 1.77 1.94 2.12
2.03 1.91 1.78 1.65 1.51 1.37 1.22 1.07 0.93 0.78 0.65 0.52 0.40 0.28 0.17 0.07 0.00 0.00 0.00 0.00 0.00 0.00 0.00 0.00 0.00 0.00 0.00 0.00 0.00 0.00 0.00 0.00 0.00 0.00 0.00 0.00 0.00 0.00 0.00 0.00 0.00 0.00 0.00 0.00 0.00 0.00 0.00 0.00 0.00 0.00 0.00 0.00 0.00 0.00 0.00 0.00 0.00 0.00 0.00 0.00 0.00 0.00 0.00 0.00 0.00 0.00 0.00 0.00 0.00 0.00 0.03 0.17 0.31 0.45 0.60 0.75 0.91 1.07 1.24 1.41 1.59 1.77 1.95 2.13
1.98 1.85 1.72 1.59 1.45 1.30 1.15 0.99 0.85 0.70 0.56 0.43 0.30 0.18 0.07 0.00 0.00 0.00 0.00 0.00 0.00 0.00 0.00 0.00 0.00 0.00 0.00 0.00 0.00 0.00 0.00 0.00 0.00 0.00 0.00 0.00 0.00 0.00 0.00 0.00 0.00 0.00 0.00 0.00 0.00 0.00 0.00 0.00 0.00 0.00 0.00 0.00 0.00 0.00 0.00 0.00 0.00 0.00 0.00 0.00 0.00 0.00 0.00 0.00 0.00 0.00 0.00 0.00 0.00 0.00 0.00 0.11 0.26 0.40 0.56 0.72 0.88 1.05 1.22 1.40 1.58 1.76 1.95 2.14
1.92 1.80 1.66 1.53 1.38 1.23 1.08 0.92 0.77 0.62 0.48 0.34 0.21 0.09 0.00 0.00 0.00 0.00 0.00 0.00 0.00 0.00 0.00 0.00 0.00 0.00 0.00 0.00 0.00 0.00 0.00 0.00 0.00 0.00 0.00 0.00 0.00 0.00 0.00 0.00 0.00 0.00 0.00 0.00 0.00 0.00 0.00 0.00 0.00 0.00 0.00 0.00 0.00 0.00 0.00 0.00 0.00 0.00 0.00 0.00 0.00 0.00 0.00 0.00 0.00 0.00 0.00 0.00 0.00 0.00 0.00 0.06 0.20 0.36 0.52 0.68 0.85 1.02 1.19 1.37 1.56 1.75 1.94 2.14
1.87 1.74 1.61 1.47 1.32 1.17 1.02 0.86 0.70 0.55 0.41 0.26 0.13 0.00 0.00 0.00 0.00 0.00 0.00 0.00 0.00 0.00 0.00 0.00 0.00 0.00 0.00 0.00 0.00 0.00 0.00 0.00 0.00 0.00 0.00 0.00 0.00 0.00 0.00 0.00 0.00 0.00 0.00 0.00 0.00 0.00 0.00 0.00 0.00 0.00 0.00 0.00 0.00 0.00 0.00 0.00 0.00 0.00 0.00 0.00 0.00 0.00 0.00 0.00 0.00 0.00 0.00 0.00 0.00 0.00 0.00 0.00 0.15 0.31 0.47 0.64 0.81 0.99 1.17 1.35 1.54 1.73 1.93 2.13
1.82 1.69 1.56 1.42 1.27 1.12 0.96 0.79 0.64 0.48 0.33 0.19 0.05 0.00 0.00 0.00 0.00 0.00 0.00 0.00 0.00 0.00 0.00 0.00 0.00 0.00 0.00 0.00 0.00 0.00 0.00 0.00 0.00 0.00 0.00 0.00 0.00 0.00 0.00 0.00 0.00 0.00 0.00 0.00 0.00 0.00 0.00 0.00 0.00 0.00 0.00 0.00 0.00 0.00 0.00 0.00 0.00 0.00 0.00 0.00 0.00 0.00 0.00 0.00 0.00 0.00 0.00 0.00 0.00 0.00 0.00 0.00 0.10 0.26 0.42 0.59 0.77 0.95 1.14 1.33 1.52 1.72 1.92 2.13
1.78 1.65 1.51 1.37 1.22 1.06 0.90 0.74 0.58 0.42 0.27 0.12 0.00 0.00 0.00 0.00 0.00 0.00 0.00 0.00 0.00 0.00 0.00 0.00 0.00 0.00 0.00 0.00 0.00 0.00 0.00 0.00 0.00 0.00 0.00 0.00 0.00 0.00 0.00 0.00 0.00 0.00 0.00 0.00 0.00 0.00 0.00 0.00 0.00 0.00 0.00 0.00 0.00 0.00 0.00 0.00 0.00 0.00 0.00 0.00 0.00 0.00 0.00 0.00 0.00 0.00 0.00 0.00 0.00 0.00 0.00 0.00 0.04 0.20 0.37 0.55 0.73 0.91 1.10 1.30 1.50 1.70 1.91 2.12
