data_processed/recharge/precip/Precip_1985_07.asc
ncols        168
nrows        136
xllcorner    455000
yllcorner    2107000
cellsize     500
NODATA_value     -99999
[rows 33 to 65 of 136, columns 0 to 73 of 168]
201.65 199.38 197.02 194.58 192.05 189.39 186.62 183.77 180.87 177.95 174.98 171.90 168.75 165.58 162.45 159.42 156.55 153.88 151.47 149.35 147.52 145.95 144.65 143.61 142.81 142.26 141.93 141.82 141.90 142.15 142.58 143.17 143.93 144.79 145.60 146.30 146.88 147.32 147.62 147.76 147.73 147.54 147.25 147.03 146.87 146.76 146.71 146.70 146.72 146.78 146.85 146.86 146.76 146.55 146.26 145.89 145.48 145.17 145.04 145.08 145.24 145.50 145.83 146.20 146.58 146.96 147.37 147.81 148.26 148.70 149.11 149.47 149.75 149.95
200.46 198.23 195.91 193.49 190.92 188.22 185.43 182.57 179.68 176.78 173.91 171.02 168.08 165.11 162.17 159.32 156.62 154.11 151.86 149.88 148.17 146.71 145.50 144.53 143.79 143.27 142.96 142.82 142.85 143.05 143.39 143.90 144.55 145.34 146.22 147.02 147.71 148.25 148.64 148.87 148.93 148.81 148.60 148.44 148.33 148.27 148.26 148.28 148.33 148.39 148.37 148.24 148.00 147.66 147.22 146.70 146.11 145.49 144.99 144.68 144.54 144.53 144.64 144.82 145.05 145.32 145.66 146.06 146.51 146.98 147.46 147.92 148.34 148.66
199.12 196.93 194.63 192.16 189.55 186.82 184.01 181.15 178.27 175.40 172.57 169.80 167.07 164.33 161.61 158.97 156.46 154.15 152.08 150.26 148.70 147.38 146.28 145.41 144.75 144.29 144.00 143.86 143.86 144.02 144.31 144.74 145.31 146.00 146.82 147.70 148.49 149.15 149.64 149.97 150.13 150.09 149.97 149.88 149.84 149.84 149.87 149.93 150.00 149.99 149.85 149.59 149.21 148.73 148.16 147.50 146.77 145.99 145.18 144.50 144.02 143.71 143.56 143.52 143.57 143.70 143.93 144.26 144.68 145.15 145.67 146.20 146.68 147.04
197.63 195.45 193.10 190.58 187.94 185.19 182.37 179.51 176.65 173.81 171.02 168.32 165.73 163.22 160.74 158.34 156.06 153.96 152.09 150.48 149.09 147.92 146.97 146.23 145.67 145.27 145.01 144.88 144.89 145.03 145.29 145.68 146.18 146.80 147.52 148.35 149.22 150.00 150.61 151.05 151.31 151.37 151.34 151.33 151.37 151.44 151.53 151.63 151.64 151.51 151.25 150.86 150.36 149.75 149.05 148.26 147.41 146.49 145.52 144.54 143.69 143.06 142.61 142.32 142.16 142.11 142.21 142.44 142.79 143.23 143.74 144.27 144.73 145.09
195.93 193.71 191.30 188.74 186.07 183.31 180.49 177.64 174.80 172.00 169.26 166.63 164.12 161.77 159.54 157.40 155.37 153.52 151.88 150.49 149.31 148.33 147.55 146.94 146.49 146.16 145.96 145.87 145.91 146.06 146.32 146.68 147.14 147.71 148.36 149.11 149.94 150.79 151.53 152.09 152.46 152.64 152.70 152.79 152.92 153.06 153.21 153.26 153.17 152.92 152.54 152.03 151.41 150.69 149.87 148.96 147.98 146.94 145.85 144.71 143.58 142.59 141.81 141.24 140.83 140.58 140.50 140.60 140.85 141.22 141.67 142.11 142.51 142.85
193.96 191.68 189.22 186.63 183.94 181.16 178.35 175.52 172.72 169.96 167.28 164.72 162.30 160.05 158.01 156.13 154.38 152.80 151.43 150.28 149.33 148.56 147.97 147.51 147.16 146.93 146.81 146.79 146.88 147.06 147.34 147.71 148.16 148.69 149.30 149.99 150.74 151.56 152.38 153.07 153.57 153.87 154.05 154.24 154.46 154.68 154.79 154.75 154.54 154.19 153.70 153.09 152.36 151.52 150.59 149.57 148.48 147.32 146.11 144.86 143.57 142.30 141.18 140.29 139.60 139.11 138.83 138.76 138.87 139.11 139.41 139.73 140.05 140.35
191.69 189.35 186.85 184.24 181.53 178.76 175.96 173.16 170.39 167.69 165.08 162.59 160.26 158.12 156.20 154.52 153.06 151.77 150.69 149.82 149.12 148.59 148.18 147.87 147.66 147.56 147.54 147.62 147.78 148.02 148.34 148.73 149.19 149.72 150.31 150.96 151.66 152.42 153.21 153.99 154.63 155.05 155.36 155.67 155.97 156.17 156.20 156.05 155.75 155.30 154.71 153.99 153.16 152.22 151.18 150.06 148.86 147.60 146.28 144.92 143.53 142.11 140.71 139.48 138.48 137.72 137.20 136.93 136.84 136.87 136.99 137.17 137.38 137.60
189.10 186.72 184.19 181.55 178.84 176.08 173.30 170.53 167.81 165.17 162.63 160.23 158.00 155.98 154.18 152.65 151.41 150.42 149.66 149.08 148.66 148.35 148.13 148.00 147.96 148.00 148.11 148.30 148.56 148.89 149.28 149.72 150.22 150.77 151.36 152.00 152.67 153.38 154.12 154.88 155.61 156.18 156.62 157.03 157.33 157.45 157.39 157.15 156.76 156.21 155.53 154.72 153.79 152.76 151.62 150.40 149.11 147.75 146.33 144.87 143.37 141.85 140.32 138.82 137.49 136.42 135.63 135.09 134.74 134.53 134.44 134.44 134.52 134.64
186.19 183.77 181.22 178.57 175.86 173.11 170.36 167.63 164.97 162.39 159.94 157.63 155.51 153.60 151.94 150.56 149.48 148.74 148.29 148.03 147.87 147.80 147.80 147.87 148.02 148.23 148.50 148.83 149.21 149.65 150.13 150.65 151.20 151.80 152.42 153.07 153.74 154.43 155.13 155.84 156.56 157.23 157.79 158.21 158.44 158.48 158.33 158.02 157.54 156.91 156.15 155.25 154.23 153.11 151.89 150.58 149.20 147.74 146.23 144.68 143.09 141.48 139.85 138.22 136.62 135.22 134.11 133.23 132.57 132.10 131.78 131.59 131.51 131.51
183.03 180.57 178.00 175.35 172.64 169.91 167.20 164.52 161.91 159.41 157.04 154.84 152.83 151.05 149.53 148.30 147.39 146.83 146.63 146.65 146.77 146.95 147.19 147.49 147.84 148.25 148.69 149.19 149.71 150.28 150.87 151.49 152.13 152.79 153.46 154.14 154.83 155.52 156.21 156.89 157.57 158.25 158.84 159.20 159.35 159.31 159.09 158.70 158.14 157.43 156.59 155.61 154.51 153.31 152.00 150.61 149.14 147.60 146.00 144.36 142.68 140.98 139.26 137.54 135.82 134.14 132.63 131.40 130.41 129.63 129.06 128.65 128.38 128.23
179.99 177.50 174.91 172.25 169.55 166.85 164.16 161.53 158.99 156.56 154.28 152.18 150.28 148.63 147.25 146.17 145.42 145.03 144.97 145.19 145.57 146.01 146.50 147.03 147.60 148.20 148.83 149.49 150.17 150.86 151.58 152.30 153.03 153.76 154.48 155.21 155.92 156.62 157.30 157.96 158.62 159.40 160.10 160.42 160.49 160.37 160.05 159.57 158.93 158.13 157.19 156.12 154.93 153.63 152.22 150.73 149.17 147.53 145.83 144.09 142.31 140.51 138.68 136.86 135.03 133.19 131.37 129.75 128.40 127.30 126.44 125.77 125.29 124.96
177.27 174.75 172.13 169.47 166.77 164.08 161.43 158.84 156.36 154.00 151.80 149.80 148.01 146.48 145.24 144.31 143.71 143.43 143.50 143.85 144.40 145.09 145.82 146.58 147.36 148.16 148.98 149.80 150.63 151.46 152.29 153.11 153.93 154.73 155.51 156.27 157.01 157.71 158.38 159.04 159.82 160.78 161.64 162.02 162.02 161.79 161.37 160.77 160.01 159.10 158.05 156.87 155.56 154.15 152.63 151.02 149.33 147.58 145.76 143.90 142.00 140.07 138.12 136.19 134.25 132.29 130.32 128.38 126.65 125.19 124.01 123.06 122.33 121.78
174.88 172.32 169.69 167.01 164.32 161.64 159.02 156.47 154.04 151.75 149.63 147.72 146.04 144.64 143.52 142.72 142.21 142.02 142.20 142.67 143.35 144.20 145.17 146.15 147.15 148.14 149.13 150.12 151.10 152.06 153.01 153.93 154.83 155.70 156.54 157.33 158.09 158.80 159.49 160.27 161.24 162.38 163.38 163.85 163.84 163.50 162.96 162.23 161.34 160.30 159.11 157.80 156.35 154.80 153.15 151.40 149.58 147.68 145.72 143.72 141.68 139.61 137.55 135.51 133.47 131.39 129.31 127.23 125.19 123.35 121.81 120.55 119.53 118.74
172.85 170.25 167.59 164.89 162.20 159.53 156.93 154.43 152.05 149.82 147.78 145.96 144.39 143.10 142.09 141.35 140.89 140.79 141.08 141.67 142.46 143.43 144.54 145.74 146.94 148.13 149.30 150.45 151.58 152.67 153.74 154.76 155.74 156.68 157.57 158.40 159.18 159.92 160.74 161.73 162.88 164.18 165.31 165.84 165.84 165.44 164.76 163.88 162.84 161.64 160.30 158.83 157.23 155.52 153.71 151.81 149.82 147.77 145.65 143.48 141.28 139.09 136.96 134.83 132.69 130.51 128.32 126.13 123.95 121.82 119.90 118.28 116.95 115.88
171.18 168.54 165.85 163.13 160.43 157.78 155.20 152.73 150.40 148.23 146.27 144.53 143.06 141.86 140.88 140.17 139.76 139.74 140.14 140.84 141.74 142.81 144.02 145.36 146.76 148.14 149.49 150.80 152.07 153.30 154.47 155.59 156.66 157.66 158.60 159.47 160.29 161.17 162.21 163.39 164.71 166.16 167.39 167.97 167.97 167.51 166.70 165.65 164.44 163.07 161.56 159.91 158.13 156.25 154.26 152.17 150.01 147.77 145.47 143.13 140.81 138.55 136.35 134.15 131.91 129.63 127.33 125.05 122.77 120.51 118.29 116.30 114.62 113.23
169.74 167.20 164.48 161.75 159.04 156.39 153.83 151.39 149.10 147.00 145.10 143.46 142.05 140.85 139.87 139.17 138.82 138.87 139.37 140.19 141.19 142.35 143.66 145.08 146.61 148.17 149.69 151.17 152.58 153.93 155.22 156.44 157.58 158.65 159.64 160.56 161.54 162.65 163.88 165.25 166.72 168.30 169.61 170.23 170.21 169.66 168.72 167.49 166.08 164.51 162.80 160.96 158.99 156.90 154.71 152.43 150.07 147.63 145.13 142.66 140.29 137.99 135.72 133.45 131.13 128.75 126.36 123.98 121.61 119.26 116.92 114.64 112.58 110.85
168.40 166.10 163.49 160.75 158.03 155.38 152.84 150.43 148.18 146.13 144.31 142.70 141.27 140.03 139.05 138.37 138.06 138.19 138.78 139.70 140.80 142.05 143.44 144.95 146.55 148.23 149.92 151.55 153.10 154.58 155.98 157.30 158.52 159.65 160.71 161.80 163.01 164.33 165.75 167.27 168.89 170.57 171.96 172.59 172.53 171.89 170.79 169.36 167.69 165.90 163.97 161.91 159.72 157.42 155.01 152.51 149.92 147.27 144.65 142.14 139.74 137.40 135.07 132.73 130.33 127.87 125.39 122.92 120.47 118.03 115.61 113.21 110.88 108.78
167.11 165.07 162.75 160.14 157.42 154.77 152.24 149.86 147.65 145.65 143.85 142.19 140.70 139.42 138.41 137.75 137.48 137.67 138.36 139.38 140.57 141.91 143.39 144.97 146.64 148.38 150.17 151.95 153.64 155.25 156.76 158.16 159.47 160.68 161.92 163.25 164.68 166.19 167.79 169.46 171.19 172.96 174.41 175.04 174.92 174.17 172.90 171.24 169.30 167.19 165.00 162.70 160.27 157.73 155.08 152.34 149.52 146.74 144.10 141.58 139.15 136.78 134.40 132.00 129.53 126.98 124.42 121.87 119.34 116.83 114.33 111.86 109.42 107.04
165.87 164.09 162.07 159.77 157.21 154.57 152.05 149.69 147.51 145.52 143.64 141.89 140.32 138.99 137.97 137.31 137.08 137.34 138.11 139.23 140.51 141.93 143.48 145.13 146.87 148.67 150.51 152.38 154.20 155.93 157.55 159.05 160.45 161.85 163.34 164.90 166.53 168.23 169.97 171.77 173.60 175.46 176.94 177.56 177.36 176.48 175.03 173.12 170.88 168.42 165.85 163.26 160.57 157.77 154.86 151.87 148.92 146.13 143.49 140.97 138.53 136.12 133.71 131.25 128.71 126.08 123.45 120.83 118.22 115.64 113.08 110.54 108.03 105.55
164.68 163.14 161.41 159.45 157.24 154.78 152.28 149.94 147.75 145.65 143.64 141.78 140.13 138.76 137.71 137.06 136.86 137.17 138.03 139.23 140.60 142.10 143.73 145.44 147.24 149.09 150.98 152.89 154.79 156.63 158.36 159.97 161.57 163.23 164.95 166.73 168.55 170.40 172.29 174.20 176.11 178.03 179.53 180.12 179.83 178.81 177.15 174.98 172.42 169.59 166.60 163.57 160.55 157.47 154.29 151.16 148.22 145.46 142.84 140.32 137.86 135.43 132.98 130.48 127.88 125.18 122.47 119.78 117.11 114.47 111.84 109.25 106.68 104.15
163.53 162.23 160.77 159.15 157.31 155.24 152.94 150.58 148.26 145.99 143.85 141.88 140.14 138.71 137.64 136.98 136.81 137.18 138.12 139.41 140.85 142.43 144.12 145.90 147.75 149.65 151.58 153.53 155.46 157.37 159.21 161.03 162.90 164.80 166.75 168.72 170.71 172.71 174.72 176.71 178.70 180.66 182.17 182.70 182.31 181.12 179.24 176.80 173.90 170.68 167.24 163.71 160.20 156.77 153.45 150.35 147.45 144.72 142.12 139.61 137.15 134.70 132.22 129.68 127.02 124.26 121.49 118.74 116.01 113.31 110.63 107.98 105.36 102.78
162.43 161.34 160.16 158.85 157.38 155.72 153.78 151.47 148.97 146.54 144.25 142.17 140.35 138.85 137.75 137.09 136.94 137.35 138.37 139.74 141.26 142.91 144.66 146.50 148.40 150.34 152.31 154.29 156.25 158.19 160.20 162.29 164.41 166.55 168.70 170.85 173.00 175.12 177.23 179.31 181.35 183.33 184.82 185.29 184.78 183.41 181.29 178.56 175.31 171.68 167.78 163.73 159.66 155.85 152.50 149.45 146.61 143.92 141.34 138.85 136.39 133.93 131.43 128.85 126.14 123.33 120.50 117.69 114.91 112.15 109.43 106.73 104.07 101.44
161.36 160.48 159.56 158.55 157.43 156.12 154.45 152.35 149.87 147.28 144.85 142.65 140.74 139.18 138.04 137.37 137.24 137.70 138.78 140.23 141.82 143.53 145.34 147.23 149.18 151.17 153.17 155.17 157.17 159.25 161.45 163.75 166.10 168.45 170.79 173.10 175.38 177.63 179.82 181.96 184.03 186.02 187.49 187.87 187.22 185.65 183.28 180.23 176.62 172.56 168.18 163.61 159.14 155.08 151.54 148.48 145.69 143.04 140.50 138.03 135.58 133.11 130.59 127.98 125.24 122.37 119.49 116.64 113.81 111.01 108.24 105.50 102.80 100.14
160.33 159.65 158.97 158.25 157.42 156.29 154.81 152.96 150.75 148.21 145.65 143.33 141.32 139.70 138.51 137.83 137.70 138.20 139.35 140.87 142.53 144.31 146.17 148.11 150.10 152.12 154.15 156.20 158.33 160.59 162.96 165.42 167.95 170.49 173.00 175.46 177.86 180.19 182.46 184.64 186.73 188.71 190.13 190.41 189.60 187.82 185.18 181.81 177.81 173.31 168.45 163.54 158.89 154.62 150.81 147.52 144.69 142.10 139.60 137.15 134.71 132.25 129.72 127.09 124.31 121.39 118.47 115.57 112.70 109.86 107.06 104.29 101.55 98.86
159.33 158.83 158.38 157.89 157.17 156.16 154.85 153.24 151.32 149.10 146.62 144.19 142.09 140.39 139.16 138.46 138.34 138.88 140.09 141.67 143.40 145.22 147.14 149.12 151.15 153.20 155.27 157.45 159.76 162.19 164.72 167.32 169.97 172.65 175.31 177.89 180.40 182.81 185.12 187.33 189.42 191.38 192.74 192.90 191.92 189.91 186.98 183.26 178.86 173.93 168.78 163.76 158.98 154.52 150.45 146.83 143.72 141.08 138.62 136.20 133.79 131.34 128.80 126.15 123.34 120.39 117.43 114.49 111.59 108.72 105.88 103.09 100.33 97.58
158.35 158.02 157.73 157.29 156.61 155.70 154.55 153.16 151.53 149.66 147.54 145.23 143.04 141.26 139.98 139.26 139.15 139.71 140.98 142.63 144.41 146.29 148.25 150.27 152.32 154.42 156.62 158.97 161.45 164.03 166.70 169.42 172.18 174.95 177.70 180.39 182.98 185.45 187.80 190.02 192.10 194.01 195.29 195.32 194.15 191.89 188.65 184.57 179.78 174.61 169.43 164.36 159.47 154.83 150.51 146.56 143.07 140.10 137.58 135.20 132.81 130.37 127.84 125.18 122.35 119.36 116.37 113.40 110.47 107.57 104.71 101.89 99.08 96.24
157.39 157.16 156.85 156.37 155.71 154.88 153.88 152.70 151.35 149.81 148.09 146.18 144.15 142.32 140.98 140.23 140.11 140.71 142.02 143.73 145.57 147.49 149.49 151.55 153.65 155.87 158.24 160.76 163.38 166.10 168.88 171.70 174.55 177.38 180.19 182.94 185.59 188.11 190.47 192.68 194.73 196.58 197.77 197.65 196.26 193.74 190.19 185.75 180.78 175.65 170.51 165.40 160.41 155.59 151.02 146.77 142.90 139.48 136.58 134.12 131.76 129.34 126.82 124.16 121.31 118.30 115.28 112.29 109.34 106.42 103.54 100.68 97.77 94.81
156.38 156.06 155.63 155.10 154.45 153.70 152.83 151.85 150.75 149.54 148.20 146.75 145.17 143.52 142.15 141.36 141.25 141.86 143.23 144.99 146.87 148.84 150.87 152.97 155.20 157.59 160.12 162.78 165.53 168.36 171.24 174.14 177.05 179.93 182.77 185.54 188.21 190.75 193.12 195.30 197.30 199.08 200.15 199.86 198.25 195.44 191.58 187.02 182.17 177.15 172.05 166.91 161.82 156.84 152.04 147.49 143.25 139.40 136.00 133.12 130.66 128.26 125.75 123.09 120.24 117.21 114.16 111.16 108.19 105.26 102.34 99.38 96.36 93.31
155.13 154.61 154.06 153.46 152.81 152.12 151.37 150.58 149.73 148.82 147.86 146.84 145.76 144.61 143.46 142.67 142.54 143.17 144.58 146.39 148.32 150.32 152.41 154.62 157.02 159.56 162.23 165.01 167.88 170.80 173.75 176.71 179.66 182.57 185.42 188.19 190.84 193.36 195.71 197.86 199.78 201.47 202.41 201.94 200.09 197.01 193.08 188.71 184.05 179.16 174.10 168.95 163.77 158.64 153.62 148.77 144.18 139.90 136.00 132.56 129.63 127.12 124.63 121.98 119.12 116.07 113.02 110.00 107.02 104.05 101.04 97.98 94.87 91.74
153.52 152.81 152.11 151.43 150.77 150.12 149.49 148.87 148.25 147.64 147.04 146.44 145.84 145.24 144.65 144.10 143.99 144.64 146.08 147.94 149.90 151.96 154.16 156.54 159.08 161.76 164.56 167.44 170.39 173.38 176.39 179.39 182.37 185.29 188.13 190.87 193.49 195.95 198.24 200.33 202.17 203.75 204.54 203.87 201.79 198.69 195.03 190.93 186.47 181.70 176.71 171.55 166.30 161.02 155.78 150.66 145.72 141.02 136.64 132.65 129.10 126.08 123.45 120.81 117.95 114.90 111.84 108.82 105.80 102.75 99.63 96.48 93.29 90.09
151.55 150.62 149.77 149.00 148.31 147.70 147.16 146.70 146.30 145.98 145.72 145.53 145.41 145.34 145.34 145.40 145.57 146.25 147.73 149.63 151.65 153.82 156.18 158.70 161.38 164.17 167.07 170.03 173.05 176.09 179.14 182.16 185.14 188.05 190.86 193.56 196.12 198.51 200.71 202.69 204.44 205.89 206.52 205.65 203.62 200.87 197.55 193.73 189.47 184.84 179.92 174.76 169.45 164.03 158.60 153.20 147.92 142.82 137.96 133.42 129.27 125.57 122.39 119.59 116.74 113.69 110.62 107.57 104.47 101.32 98.12 94.89 91.64 88.39
149.18 148.02 147.01 146.14 145.41 144.82 144.36 144.05 143.86 143.81 143.89 144.09 144.43 144.88 145.46 146.17 146.99 147.99 149.53 151.48 153.61 155.93 158.44 161.09 163.88 166.77 169.74 172.77 175.84 178.91 181.97 185.00 187.96 190.84 193.60 196.24 198.71 201.01 203.10 204.96 206.56 207.87 208.35 207.58 205.97 203.64 200.68 197.14 193.10 188.62 183.78 178.64 173.26 167.73 162.10 156.44 150.83 145.33 140.01 134.94 130.18 125.82 121.90 118.50 115.48 112.43 109.34 106.20 103.01 99.77 96.49 93.20 89.91 86.62
146.45 145.05 143.86 142.87 142.08 141.50 141.12 140.93 140.94 141.15 141.54 142.13 142.91 143.88 145.03 146.36 147.88 149.57 151.42 153.48 155.76 158.23 160.85 163.62 166.50 169.47 172.50 175.58 178.68 181.76 184.82 187.83 190.76 193.58 196.29 198.84 201.22 203.40 205.36 207.07 208.52 209.67 210.27 210.00 208.89 207.00 204.40 201.16 197.35 193.03 188.28 183.16 177.75 172.10 166.29 160.39 154.46 148.57 142.80 137.21 131.86 126.84 122.19 118.01 114.33 111.08 107.90 104.68 101.40 98.09 94.76 91.43 88.11 84.80
