data_processed/recharge/precip/Precip_2013_09.asc
ncols        168
nrows        136
xllcorner    455000
yllcorner    2107000
cellsize     500
NODATA_value     -99999
[rows 96 to 127 of 136, columns 71 to 141 of 168]
283.75 286.71 289.99 293.47 296.91 300.21 303.39 306.44 309.35 312.14 314.78 317.29 319.66 321.89 323.90 325.50 326.62 327.28 327.45 327.14 326.38 325.19 323.60 321.63 319.32 316.69 313.78 310.59 307.18 303.61 299.96 296.29 292.63 289.02 285.52 282.14 278.95 275.98 273.27 270.84 268.61 266.48 264.49 262.61 260.63 258.48 256.22 253.87 251.49 249.11 246.78 244.54 242.44 240.51 238.79 237.27 235.91 234.71 233.65 232.70 231.85 231.09 230.38 229.72 229.09 228.50 228.08 227.90 227.93 228.06 228.15
286.15 289.13 292.44 295.96 299.43 302.77 306.00 309.09 312.05 314.89 317.59 320.15 322.58 324.80 326.62 327.99 328.91 329.39 329.46 329.10 328.30 327.08 325.47 323.51 321.20 318.60 315.71 312.57 309.22 305.69 302.06 298.36 294.65 290.95 287.32 283.78 280.40 277.19 274.20 271.32 268.45 265.63 262.94 260.44 258.12 255.76 253.32 250.82 248.32 245.85 243.47 241.20 239.10 237.20 235.54 234.08 232.79 231.66 230.66 229.78 229.00 228.31 227.67 227.08 226.56 226.20 226.06 226.16 226.48 227.01 227.63
288.41 291.39 294.70 298.23 301.72 305.09 308.33 311.45 314.44 317.30 320.04 322.63 325.03 327.05 328.63 329.79 330.53 330.88 330.85 330.46 329.68 328.49 326.94 325.03 322.80 320.28 317.49 314.46 311.23 307.81 304.26 300.60 296.90 293.17 289.48 285.85 282.33 278.94 275.58 272.14 268.67 265.23 261.90 258.75 255.86 253.20 250.58 247.94 245.32 242.77 240.33 238.04 235.94 234.08 232.48 231.09 229.87 228.81 227.88 227.08 226.37 225.75 225.19 224.70 224.39 224.29 224.41 224.75 225.30 226.08 227.06
290.50 293.45 296.75 300.28 303.76 307.12 310.37 313.49 316.49 319.36 322.10 324.65 326.83 328.60 329.96 330.94 331.54 331.78 331.68 331.25 330.50 329.42 327.97 326.19 324.10 321.73 319.10 316.25 313.20 309.96 306.54 303.00 299.36 295.68 291.98 288.32 284.71 281.06 277.23 273.27 269.25 265.26 261.35 257.62 254.13 250.95 248.06 245.27 242.55 239.92 237.42 235.11 233.02 231.20 229.67 228.35 227.21 226.22 225.37 224.64 224.01 223.46 223.01 222.72 222.64 222.77 223.11 223.66 224.42 225.38 226.56
292.39 295.30 298.55 302.05 305.51 308.85 312.08 315.18 318.16 321.02 323.69 326.02 327.95 329.49 330.66 331.48 331.96 332.12 331.97 331.54 330.82 329.85 328.57 326.98 325.09 322.93 320.54 317.92 315.12 312.12 308.91 305.54 302.04 298.45 294.82 291.17 287.39 283.34 279.08 274.66 270.18 265.69 261.29 257.03 253.00 249.27 245.90 242.89 240.05 237.34 234.80 232.48 230.40 228.62 227.16 225.92 224.85 223.94 223.17 222.52 221.97 221.53 221.25 221.17 221.29 221.62 222.15 222.87 223.80 224.93 226.25
294.05 296.89 300.09 303.54 306.95 310.25 313.43 316.50 319.44 322.21 324.65 326.71 328.40 329.74 330.76 331.45 331.84 331.95 331.78 331.36 330.71 329.83 328.73 327.39 325.77 323.89 321.78 319.47 316.98 314.28 311.34 308.21 304.90 301.49 297.97 294.23 290.15 285.75 281.11 276.31 271.42 266.52 261.67 256.96 252.45 248.23 244.36 240.92 237.90 235.11 232.53 230.19 228.13 226.40 225.01 223.85 222.86 222.03 221.35 220.78 220.33 220.05 219.96 220.06 220.35 220.84 221.52 222.39 223.45 224.70 226.14
295.45 298.21 301.33 304.70 308.05 311.28 314.40 317.41 320.24 322.76 324.93 326.74 328.23 329.41 330.29 330.88 331.21 331.29 331.14 330.77 330.20 329.44 328.51 327.41 326.11 324.58 322.82 320.88 318.77 316.44 313.83 310.99 307.96 304.75 301.24 297.29 292.93 288.24 283.30 278.18 272.96 267.70 262.48 257.38 252.47 247.82 243.52 239.62 236.21 233.28 230.65 228.30 226.26 224.58 223.27 222.19 221.29 220.55 219.95 219.48 219.18 219.06 219.12 219.37 219.80 220.42 221.22 222.20 223.36 224.70 226.22
296.57 299.22 302.24 305.52 308.78 311.93 314.96 317.83 320.41 322.65 324.56 326.17 327.48 328.52 329.29 329.82 330.11 330.20 330.09 329.79 329.33 328.71 327.97 327.10 326.13 324.99 323.65 322.14 320.47 318.58 316.37 313.89 311.17 308.06 304.41 300.27 295.72 290.81 285.63 280.26 274.76 269.22 263.69 258.27 253.02 248.02 243.34 239.05 235.24 231.97 229.23 226.87 224.86 223.23 222.00 221.01 220.20 219.55 219.04 218.70 218.54 218.55 218.73 219.10 219.63 220.34 221.22 222.28 223.50 224.90 226.47
297.37 299.89 302.79 305.96 309.11 312.15 315.03 317.64 319.92 321.91 323.60 325.02 326.18 327.11 327.80 328.29 328.58 328.70 328.65 328.46 328.14 327.70 327.17 326.55 325.87 325.12 324.26 323.25 322.09 320.68 318.94 316.87 314.34 311.18 307.43 303.17 298.48 293.42 288.08 282.52 276.81 271.05 265.29 259.61 254.09 248.80 243.81 239.20 235.04 231.42 228.39 225.95 223.96 222.40 221.25 220.35 219.63 219.08 218.68 218.46 218.40 218.51 218.78 219.22 219.83 220.60 221.53 222.63 223.89 225.31 226.89
297.75 300.20 302.96 306.00 309.01 311.88 314.48 316.79 318.81 320.57 322.07 323.33 324.37 325.21 325.86 326.34 326.65 326.83 326.88 326.82 326.67 326.43 326.14 325.80 325.43 325.04 324.65 324.18 323.59 322.75 321.51 319.73 317.23 314.05 310.27 305.96 301.20 296.06 290.61 284.93 279.09 273.17 267.24 261.37 255.64 250.13 244.90 240.03 235.60 231.68 228.35 225.67 223.64 222.14 221.08 220.27 219.65 219.19 218.89 218.74 218.76 218.93 219.26 219.75 220.39 221.18 222.13 223.23 224.49 225.90 227.46
297.42 300.04 302.71 305.60 308.42 311.00 313.30 315.33 317.12 318.67 320.01 321.14 322.09 322.88 323.50 324.00 324.36 324.63 324.80 324.90 324.95 324.95 324.92 324.89 324.86 324.85 324.88 324.95 324.98 324.74 323.88 322.22 319.78 316.66 312.91 308.62 303.85 298.69 293.20 287.47 281.56 275.55 269.52 263.53 257.66 251.99 246.59 241.53 236.90 232.75 229.18 226.24 224.02 222.51 221.54 220.83 220.28 219.89 219.64 219.55 219.60 219.80 220.15 220.65 221.29 222.08 223.01 224.09 225.31 226.67 228.17
296.29 299.15 301.97 304.74 307.26 309.52 311.54 313.33 314.91 316.29 317.49 318.52 319.40 320.16 320.79 321.33 321.78 322.15 322.48 322.77 323.03 323.29 323.56 323.86 324.20 324.59 325.06 325.62 326.23 326.44 325.79 324.27 321.97 318.96 315.31 311.10 306.40 301.28 295.83 290.11 284.19 278.16 272.09 266.04 260.10 254.34 248.83 243.65 238.87 234.57 230.82 227.69 225.26 223.60 222.59 221.94 221.44 221.08 220.86 220.78 220.85 221.05 221.39 221.86 222.48 223.22 224.11 225.13 226.28 227.57 228.99
294.69 297.77 300.93 304.06 306.42 308.36 310.08 311.61 312.97 314.16 315.21 316.13 316.94 317.65 318.29 318.85 319.37 319.85 320.31 320.78 321.26 321.76 322.32 322.93 323.63 324.41 325.31 326.31 327.16 327.49 327.03 325.71 323.59 320.74 317.23 313.15 308.56 303.53 298.15 292.49 286.62 280.61 274.55 268.49 262.52 256.72 251.15 245.89 241.02 236.60 232.72 229.45 226.85 224.73 222.72 221.76 221.33 221.05 220.90 220.89 221.00 221.24 221.61 222.11 222.73 223.49 224.36 225.37 226.50 227.75 229.13
293.04 296.42 300.17 303.99 306.75 308.49 309.87 311.09 312.17 313.12 313.96 314.72 315.39 316.01 316.58 317.12 317.64 318.17 318.72 319.31 319.94 320.64 321.42 322.30 323.29 324.42 325.66 326.82 327.59 327.84 327.46 326.35 324.43 321.76 318.42 314.49 310.03 305.13 299.85 294.26 288.46 282.50 276.46 270.42 264.45 258.62 253.02 247.70 242.76 238.25 234.26 230.86 227.85 224.43 220.76 218.64 218.06 217.98 218.02 218.19 218.48 218.89 219.42 220.07 220.83 221.71 222.71 223.83 225.06 226.40 227.86
291.50 295.44 299.83 304.27 307.65 309.75 310.91 311.76 312.50 313.15 313.73 314.25 314.74 315.20 315.64 316.10 316.58 317.10 317.67 318.31 319.04 319.87 320.82 321.91 323.14 324.52 325.85 326.87 327.52 327.67 327.24 326.22 324.51 322.05 318.91 315.14 310.84 306.07 300.91 295.43 289.71 283.82 277.84 271.83 265.88 260.05 254.43 249.08 244.09 239.51 235.43 231.65 227.36 222.29 217.07 213.56 212.11 212.03 212.40 212.89 213.49 214.20 215.02 215.95 216.99 218.13 219.39 220.75 222.21 223.78 225.46
290.37 294.91 299.88 304.88 308.82 311.48 312.95 313.55 313.90 314.19 314.44 314.68 314.91 315.15 315.42 315.73 316.10 316.55 317.08 317.73 318.49 319.40 320.45 321.68 323.08 324.47 325.62 326.48 326.99 327.05 326.55 325.51 323.91 321.66 318.72 315.15 311.03 306.42 301.40 296.04 290.43 284.63 278.72 272.77 266.85 261.05 255.43 250.07 245.04 240.42 236.00 230.97 225.04 218.43 211.79 207.03 204.51 203.83 204.38 205.31 206.36 207.50 208.75 210.09 211.54 213.08 214.72 216.46 218.30 220.23 222.26
289.72 294.81 300.29 305.77 310.21 313.38 315.35 316.21 316.28 316.15 316.03 315.91 315.83 315.80 315.83 315.93 316.14 316.45 316.89 317.47 318.22 319.13 320.24 321.53 322.87 324.04 324.98 325.67 326.05 326.02 325.45 324.36 322.75 320.63 317.92 314.56 310.63 306.20 301.35 296.14 290.65 284.96 279.15 273.27 267.42 261.66 256.07 250.71 245.68 240.75 235.10 228.46 221.01 212.99 205.07 199.20 195.74 194.31 194.53 195.81 197.43 199.14 200.94 202.84 204.82 206.90 209.06 211.31 213.65 216.08 218.59
289.55 295.11 301.03 306.93 311.78 315.39 317.82 319.13 319.41 318.98 318.41 317.89 317.43 317.06 316.79 316.64 316.61 316.73 317.02 317.48 318.14 319.01 320.09 321.26 322.33 323.24 323.97 324.48 324.74 324.62 323.98 322.85 321.22 319.12 316.54 313.41 309.70 305.47 300.80 295.76 290.42 284.87 279.16 273.39 267.62 261.92 256.38 251.05 245.74 239.61 232.38 224.23 215.41 206.12 197.05 190.21 185.95 183.90 183.68 184.91 187.04 189.45 191.94 194.52 197.18 199.92 202.74 205.64 208.61 211.67 214.80
289.82 295.78 302.07 308.31 313.52 317.49 320.30 322.01 322.69 322.42 321.52 320.53 319.64 318.88 318.25 317.77 317.46 317.33 317.40 317.68 318.20 318.95 319.83 320.68 321.45 322.11 322.63 322.97 323.11 322.89 322.19 321.01 319.36 317.27 314.73 311.75 308.27 304.26 299.80 294.95 289.78 284.38 278.81 273.16 267.49 261.88 256.40 250.84 244.36 236.66 227.95 218.45 208.37 197.96 187.89 180.20 175.28 172.75 172.23 173.33 175.68 178.77 182.09 185.49 188.95 192.49 196.10 199.78 203.52 207.34 211.22
290.50 296.79 303.38 309.90 315.38 319.65 322.77 324.81 325.83 325.90 325.12 323.76 322.39 321.17 320.12 319.26 318.60 318.16 317.95 318.00 318.30 318.78 319.30 319.81 320.28 320.69 321.00 321.18 321.19 320.88 320.11 318.89 317.23 315.13 312.63 309.71 306.40 302.63 298.39 293.75 288.77 283.55 278.14 272.63 267.08 261.57 255.89 249.19 241.16 232.01 221.96 211.24 200.05 188.64 177.71 169.32 163.88 161.00 160.31 161.43 163.97 167.55 171.72 176.07 180.47 184.94 189.47 194.07 198.71 203.42 208.19
291.56 298.11 304.93 311.65 317.35 321.84 325.20 327.49 328.78 329.15 328.65 327.37 325.60 323.86 322.34 321.03 319.96 319.15 318.61 318.35 318.31 318.38 318.52 318.69 318.87 319.02 319.12 319.14 319.02 318.62 317.79 316.53 314.85 312.76 310.29 307.43 304.20 300.61 296.61 292.20 287.44 282.41 277.19 271.84 266.43 260.76 253.96 245.73 236.27 225.81 214.56 202.74 190.59 178.32 166.66 157.71 151.88 148.80 148.08 149.35 152.22 156.31 161.24 166.60 172.08 177.62 183.21 188.84 194.53 200.27 206.01
292.97 299.72 306.69 313.54 319.38 324.03 327.56 330.04 331.53 332.10 331.84 330.79 329.04 326.89 324.82 323.01 321.48 320.24 319.30 318.62 318.13 317.77 317.53 317.37 317.25 317.15 317.05 316.89 316.66 316.17 315.28 313.97 312.28 310.20 307.75 304.95 301.80 298.33 294.52 290.35 285.83 281.02 275.99 270.82 265.29 258.53 250.23 240.59 229.84 218.19 205.87 193.11 180.13 167.14 154.89 145.50 139.43 136.28 135.67 137.22 140.56 145.30 151.06 157.45 164.12 170.86 177.63 184.45 191.31 198.16 204.49
294.71 301.57 308.63 315.55 321.46 326.19 329.82 332.41 334.03 334.75 334.64 333.77 332.20 330.02 327.51 325.14 323.08 321.35 319.92 318.74 317.78 317.00 316.38 315.88 315.47 315.12 314.81 314.49 314.14 313.56 312.60 311.26 309.55 307.48 305.07 302.32 299.25 295.88 292.21 288.25 283.98 279.41 274.60 269.34 262.74 254.50 244.81 233.90 221.99 209.30 196.06 182.48 168.80 155.24 142.53 132.86 126.67 123.59 123.23 125.21 129.15 134.67 141.39 148.93 156.90 164.99 173.09 181.23 189.34 196.85 203.03
296.73 303.65 310.72 317.63 323.54 328.29 331.95 334.58 336.26 337.06 337.04 336.27 334.82 332.77 330.18 327.33 324.68 322.39 320.42 318.73 317.30 316.10 315.10 314.27 313.57 312.97 312.45 311.97 311.50 310.84 309.82 308.44 306.71 304.65 302.27 299.58 296.60 293.33 289.79 285.99 281.94 277.62 272.75 266.45 258.40 248.79 237.85 225.81 212.87 199.28 185.25 171.00 156.77 142.76 129.73 119.91 113.75 110.87 110.89 113.44 118.12 124.56 132.38 141.20 150.63 160.30 169.92 179.45 188.30 195.65 201.51
299.02 305.92 312.94 319.77 325.60 330.30 333.91 336.52 338.19 338.99 338.99 338.25 336.85 334.86 332.34 329.38 326.24 323.35 320.83 318.64 316.75 315.13 313.75 312.58 311.59 310.74 310.02 309.38 308.78 308.04 306.96 305.54 303.80 301.75 299.41 296.78 293.87 290.71 287.30 283.66 279.79 275.40 269.52 261.78 252.39 241.55 229.50 216.45 202.64 188.28 173.59 158.81 144.15 129.84 116.63 106.80 100.80 98.26 98.81 102.05 107.62 115.12 124.18 134.41 145.44 156.88 168.30 178.74 187.42 194.43 199.98
301.54 308.35 315.24 321.92 327.62 332.19 335.69 338.20 339.79 340.52 340.47 339.70 338.28 336.28 333.77 330.86 327.62 324.27 321.20 318.50 316.15 314.11 312.35 310.85 309.57 308.48 307.55 306.75 306.04 305.21 304.07 302.62 300.87 298.83 296.52 293.95 291.13 288.07 284.80 281.30 277.30 271.84 264.51 255.45 244.84 232.91 219.89 205.98 191.42 176.43 161.23 146.05 131.11 116.63 103.38 93.67 87.97 85.92 87.12 91.21 97.79 106.48 116.92 128.71 141.47 154.75 167.42 178.09 186.54 193.21 198.46
304.27 310.91 317.61 324.07 329.56 333.92 337.25 339.59 341.03 341.62 341.44 340.57 339.05 336.98 334.48 331.63 328.48 325.06 321.57 318.37 315.55 313.09 310.96 309.13 307.56 306.22 305.09 304.13 303.30 302.39 301.19 299.71 297.95 295.92 293.65 291.14 288.41 285.46 282.31 278.66 273.55 266.57 257.86 247.59 235.91 223.03 209.16 194.53 179.37 163.88 148.31 132.87 117.78 103.27 90.12 80.66 75.41 73.97 75.97 81.03 88.77 98.80 110.74 124.22 138.78 153.21 166.05 176.87 185.52 192.04 196.98
307.16 313.57 320.01 326.18 331.38 335.48 338.55 340.66 341.87 342.26 341.89 340.84 339.17 337.04 334.56 331.78 328.72 325.40 321.86 318.27 315.00 312.12 309.62 307.45 305.59 304.01 302.68 301.56 300.62 299.63 298.37 296.85 295.08 293.07 290.84 288.39 285.74 282.90 279.57 274.77 268.11 259.71 249.74 238.36 225.74 212.04 197.47 182.25 166.61 150.78 134.97 119.40 104.31 89.91 76.98 67.93 63.25 62.57 65.50 71.67 80.70 92.20 105.80 121.03 136.63 151.04 163.81 174.79 183.81 190.70 195.56
310.20 316.31 322.41 328.22 333.07 336.83 339.58 341.38 342.30 342.41 341.78 340.48 338.69 336.56 334.12 331.40 328.42 325.20 321.77 318.15 314.53 311.24 308.36 305.87 303.72 301.90 300.37 299.09 298.04 296.96 295.65 294.10 292.32 290.33 288.13 285.75 283.18 280.13 275.62 269.23 261.11 251.40 240.29 227.92 214.46 200.08 184.94 169.28 153.31 137.26 121.34 105.79 90.83 76.67 64.12 55.60 51.63 51.85 55.85 63.28 73.74 86.85 102.15 118.31 133.68 147.82 160.54 171.68 181.07 188.55 193.96
313.36 319.09 324.78 330.17 334.59 337.95 340.30 341.72 342.28 342.04 341.08 339.61 337.78 335.64 333.23 330.56 327.64 324.52 321.20 317.71 314.08 310.48 307.24 304.41 301.98 299.92 298.19 296.76 295.59 294.43 293.07 291.48 289.70 287.72 285.57 283.24 280.45 276.18 270.04 262.15 252.68 241.80 229.65 216.41 202.24 187.29 171.74 155.76 139.60 123.47 107.59 92.19 77.49 63.72 51.67 43.82 40.71 41.95 47.17 55.98 68.01 82.78 98.90 114.64 129.53 143.39 156.06 167.36 177.14 185.22 191.44
316.59 321.88 327.10 331.98 335.91 338.79 340.68 341.65 341.77 341.13 339.93 338.38 336.52 334.38 331.98 329.35 326.50 323.45 320.24 316.87 313.39 309.80 306.28 303.13 300.42 298.11 296.18 294.60 293.32 292.09 290.67 289.05 287.26 285.30 283.18 280.60 276.55 270.62 262.94 253.67 242.98 231.03 217.97 203.98 189.20 173.82 157.97 141.84 125.62 109.54 93.84 78.73 64.44 51.19 39.79 32.75 30.62 33.03 39.60 49.93 63.57 79.06 94.56 109.60 124.00 137.59 150.21 161.68 171.85 180.53 187.58
319.88 324.66 329.33 333.64 337.01 339.33 340.69 341.14 340.78 339.83 338.52 336.90 335.01 332.85 330.46 327.85 325.05 322.08 318.96 315.71 312.36 308.93 305.45 302.07 299.07 296.53 294.40 292.66 291.27 289.96 288.49 286.85 285.05 283.11 280.71 276.84 271.08 263.57 254.47 243.94 232.14 219.24 205.39 190.76 175.50 159.79 143.78 127.63 111.51 95.63 80.24 65.56 51.81 39.21 28.60 22.50 21.51 25.22 33.27 45.18 59.42 74.09 88.68 103.01 116.93 130.25 142.82 154.47 165.02 174.32 182.19
