data_processed/recharge/precip/Precip_2003_11.asc
ncols        168
nrows        136
xllcorner    455000
yllcorner    2107000
cellsize     500
NODATA_value     -99999
[rows 0 to 36 of 136, columns 83 to 165 of 168]
10.68 10.71 10.74 10.78 10.81 10.84 10.88 10.91 10.95 10.98 11.02 11.05 11.09 11.12 11.16 11.19 11.23 11.27 11.32 11.38 11.44 11.50 11.57 11.64 11.72 11.79 11.88 11.96 12.04 12.13 12.21 12.29 12.36 12.43 12.50 12.56 12.61 12.66 12.70 12.73 12.76 12.77 12.78 12.77 12.76 12.74 12.71 12.66 12.60 12.53 12.45 12.36 12.28 12.24 12.26 12.32 12.41 12.54 12.71 12.90 13.11 13.34 13.59 13.84 14.11 14.38 14.64 14.91 15.16 15.40 15.63 15.83 16.01 16.16 16.27 16.32 16.31 16.24 16.11 15.90 15.63 15.29 14.88
10.59 10.62 10.65 10.68 10.72 10.75 10.78 10.81 10.84 10.88 10.91 10.94 10.97 11.01 11.04 11.08 11.11 11.15 11.19 11.24 11.29 11.35 11.42 11.49 11.56 11.64 11.72 11.80 11.89 11.97 12.05 12.13 12.21 12.28 12.35 12.41 12.47 12.52 12.57 12.61 12.64 12.66 12.68 12.69 12.69 12.67 12.65 12.62 12.58 12.53 12.46 12.39 12.32 12.31 12.34 12.41 12.52 12.66 12.84 13.04 13.26 13.50 13.75 14.02 14.29 14.56 14.83 15.09 15.35 15.59 15.81 16.01 16.19 16.34 16.45 16.51 16.52 16.46 16.33 16.14 15.87 15.53 15.12
10.51 10.54 10.57 10.59 10.62 10.65 10.68 10.71 10.74 10.77 10.80 10.83 10.86 10.89 10.93 10.96 10.99 11.03 11.06 11.11 11.15 11.21 11.27 11.34 11.41 11.48 11.56 11.64 11.72 11.81 11.89 11.97 12.04 12.11 12.18 12.25 12.31 12.37 12.42 12.47 12.51 12.54 12.56 12.58 12.59 12.59 12.58 12.57 12.54 12.50 12.45 12.39 12.35 12.35 12.39 12.48 12.60 12.76 12.94 13.15 13.38 13.63 13.89 14.16 14.44 14.71 14.98 15.25 15.50 15.74 15.97 16.16 16.34 16.48 16.58 16.65 16.66 16.62 16.50 16.31 16.04 15.71 15.29
10.43 10.45 10.48 10.50 10.53 10.55 10.58 10.61 10.63 10.66 10.69 10.72 10.75 10.78 10.81 10.84 10.87 10.91 10.94 10.98 11.02 11.07 11.12 11.18 11.25 11.32 11.40 11.48 11.56 11.63 11.71 11.79 11.87 11.94 12.01 12.08 12.14 12.20 12.26 12.31 12.36 12.40 12.43 12.46 12.48 12.49 12.50 12.49 12.48 12.46 12.42 12.38 12.35 12.37 12.43 12.53 12.66 12.83 13.02 13.24 13.48 13.74 14.00 14.28 14.56 14.83 15.11 15.38 15.63 15.87 16.09 16.28 16.45 16.58 16.68 16.74 16.76 16.71 16.61 16.42 16.16 15.83 15.41
10.35 10.37 10.39 10.41 10.43 10.45 10.48 10.50 10.53 10.55 10.58 10.60 10.63 10.66 10.69 10.72 10.75 10.78 10.81 10.85 10.88 10.93 10.97 11.03 11.09 11.16 11.23 11.31 11.38 11.46 11.53 11.61 11.68 11.75 11.83 11.90 11.96 12.03 12.09 12.14 12.20 12.24 12.29 12.32 12.35 12.38 12.39 12.40 12.40 12.39 12.37 12.35 12.33 12.37 12.44 12.55 12.70 12.88 13.08 13.31 13.56 13.82 14.09 14.37 14.65 14.93 15.20 15.47 15.72 15.96 16.18 16.37 16.53 16.66 16.75 16.80 16.80 16.76 16.66 16.48 16.22 15.89 15.47
10.27 10.28 10.30 10.32 10.34 10.36 10.38 10.40 10.42 10.44 10.47 10.49 10.52 10.54 10.57 10.60 10.63 10.66 10.69 10.72 10.75 10.79 10.83 10.88 10.94 11.00 11.06 11.13 11.20 11.27 11.34 11.42 11.49 11.56 11.63 11.70 11.77 11.84 11.91 11.97 12.03 12.08 12.13 12.17 12.21 12.25 12.27 12.29 12.30 12.31 12.31 12.29 12.30 12.34 12.43 12.56 12.71 12.90 13.12 13.35 13.61 13.87 14.15 14.43 14.72 15.00 15.27 15.54 15.79 16.03 16.24 16.42 16.58 16.70 16.78 16.82 16.82 16.76 16.66 16.48 16.23 15.90 15.48
10.19 10.20 10.21 10.23 10.24 10.26 10.28 10.29 10.31 10.33 10.35 10.37 10.40 10.42 10.45 10.47 10.50 10.53 10.56 10.59 10.62 10.66 10.69 10.73 10.78 10.84 10.89 10.95 11.02 11.08 11.15 11.22 11.29 11.36 11.43 11.51 11.58 11.65 11.71 11.78 11.84 11.90 11.96 12.01 12.06 12.10 12.14 12.17 12.19 12.21 12.22 12.23 12.24 12.30 12.40 12.54 12.71 12.91 13.13 13.37 13.63 13.91 14.19 14.47 14.76 15.04 15.32 15.58 15.83 16.06 16.27 16.45 16.60 16.71 16.79 16.82 16.80 16.74 16.61 16.43 16.18 15.86 15.47
10.11 10.12 10.13 10.14 10.15 10.16 10.17 10.19 10.20 10.22 10.24 10.26 10.28 10.30 10.32 10.35 10.37 10.40 10.43 10.46 10.49 10.52 10.55 10.59 10.63 10.67 10.72 10.77 10.83 10.89 10.96 11.02 11.09 11.16 11.23 11.30 11.37 11.44 11.51 11.58 11.65 11.72 11.78 11.84 11.89 11.95 11.99 12.03 12.07 12.10 12.12 12.14 12.18 12.25 12.36 12.51 12.69 12.89 13.12 13.37 13.64 13.92 14.20 14.49 14.78 15.06 15.34 15.60 15.85 16.07 16.27 16.45 16.59 16.70 16.76 16.78 16.76 16.68 16.54 16.35 16.09 15.79 15.45
10.03 10.03 10.04 10.05 10.05 10.06 10.07 10.08 10.10 10.11 10.13 10.14 10.16 10.18 10.20 10.22 10.25 10.27 10.30 10.33 10.35 10.38 10.42 10.45 10.48 10.51 10.55 10.60 10.65 10.70 10.76 10.82 10.89 10.95 11.02 11.09 11.16 11.24 11.31 11.38 11.45 11.52 11.59 11.66 11.72 11.78 11.83 11.89 11.93 11.98 12.01 12.04 12.09 12.18 12.30 12.46 12.65 12.86 13.10 13.36 13.63 13.91 14.20 14.49 14.78 15.06 15.33 15.59 15.84 16.06 16.26 16.42 16.56 16.65 16.71 16.72 16.68 16.59 16.44 16.23 15.99 15.72 15.42
9.95 9.95 9.95 9.96 9.96 9.96 9.97 9.98 9.99 10.00 10.01 10.03 10.04 10.06 10.08 10.10 10.12 10.14 10.16 10.19 10.22 10.25 10.27 10.30 10.32 10.35 10.38 10.42 10.46 10.51 10.56 10.62 10.68 10.74 10.81 10.88 10.95 11.02 11.10 11.17 11.25 11.32 11.39 11.47 11.54 11.60 11.67 11.73 11.79 11.84 11.89 11.93 11.99 12.09 12.23 12.39 12.59 12.82 13.06 13.32 13.60 13.88 14.17 14.46 14.75 15.04 15.31 15.57 15.80 16.02 16.21 16.37 16.50 16.59 16.63 16.63 16.58 16.47 16.31 16.12 15.90 15.65 15.38
9.88 9.87 9.87 9.87 9.87 9.87 9.87 9.87 9.88 9.89 9.90 9.91 9.92 9.93 9.95 9.97 9.99 10.01 10.03 10.05 10.08 10.10 10.13 10.15 10.17 10.19 10.22 10.24 10.28 10.32 10.37 10.42 10.47 10.53 10.60 10.67 10.74 10.81 10.88 10.96 11.04 11.11 11.19 11.27 11.34 11.42 11.49 11.56 11.63 11.69 11.76 11.81 11.88 11.99 12.14 12.32 12.52 12.75 13.00 13.27 13.55 13.84 14.13 14.42 14.71 14.99 15.26 15.52 15.75 15.96 16.15 16.30 16.42 16.49 16.53 16.51 16.45 16.33 16.18 16.01 15.81 15.59 15.35
9.80 9.79 9.78 9.78 9.77 9.77 9.77 9.77 9.77 9.78 9.78 9.79 9.80 9.81 9.82 9.84 9.85 9.87 9.89 9.91 9.94 9.96 9.98 9.99 10.01 10.03 10.05 10.07 10.10 10.13 10.17 10.22 10.27 10.32 10.39 10.45 10.52 10.59 10.67 10.74 10.82 10.90 10.98 11.07 11.15 11.23 11.31 11.39 11.47 11.54 11.61 11.68 11.76 11.88 12.04 12.23 12.44 12.68 12.93 13.21 13.49 13.78 14.07 14.36 14.65 14.93 15.20 15.45 15.68 15.88 16.06 16.20 16.31 16.38 16.40 16.37 16.30 16.19 16.06 15.91 15.74 15.54 15.32
9.73 9.71 9.70 9.69 9.68 9.67 9.67 9.67 9.66 9.67 9.67 9.67 9.68 9.69 9.70 9.71 9.72 9.74 9.76 9.77 9.79 9.81 9.82 9.84 9.86 9.87 9.89 9.91 9.92 9.95 9.98 10.02 10.07 10.12 10.17 10.24 10.30 10.37 10.45 10.53 10.61 10.69 10.77 10.86 10.95 11.03 11.12 11.21 11.29 11.38 11.46 11.54 11.63 11.77 11.93 12.12 12.35 12.59 12.85 13.13 13.41 13.70 14.00 14.29 14.58 14.85 15.12 15.36 15.59 15.78 15.95 16.09 16.18 16.24 16.25 16.21 16.15 16.06 15.96 15.83 15.68 15.50 15.30
9.66 9.64 9.62 9.60 9.59 9.58 9.57 9.56 9.56 9.55 9.55 9.55 9.56 9.56 9.57 9.58 9.59 9.60 9.61 9.63 9.64 9.65 9.67 9.68 9.69 9.71 9.72 9.74 9.75 9.77 9.80 9.83 9.87 9.91 9.96 10.02 10.09 10.16 10.23 10.31 10.39 10.47 10.56 10.65 10.74 10.83 10.93 11.02 11.12 11.21 11.30 11.39 11.50 11.64 11.81 12.01 12.24 12.49 12.76 13.03 13.32 13.62 13.91 14.20 14.49 14.76 15.02 15.26 15.48 15.67 15.83 15.95 16.04 16.08 16.08 16.06 16.01 15.94 15.86 15.75 15.62 15.47 15.29
9.59 9.56 9.54 9.52 9.50 9.49 9.47 9.46 9.45 9.44 9.44 9.44 9.44 9.44 9.44 9.45 9.46 9.46 9.47 9.48 9.49 9.50 9.51 9.52 9.53 9.54 9.56 9.57 9.58 9.60 9.62 9.64 9.67 9.71 9.76 9.81 9.88 9.94 10.01 10.09 10.17 10.26 10.35 10.44 10.54 10.63 10.73 10.83 10.93 11.03 11.14 11.24 11.35 11.50 11.68 11.89 12.13 12.38 12.65 12.93 13.22 13.52 13.81 14.10 14.38 14.65 14.91 15.14 15.35 15.53 15.68 15.80 15.87 15.91 15.92 15.91 15.88 15.83 15.77 15.68 15.57 15.44 15.29
9.52 9.49 9.46 9.44 9.41 9.39 9.37 9.36 9.35 9.33 9.33 9.32 9.32 9.31 9.31 9.32 9.32 9.32 9.33 9.33 9.34 9.34 9.35 9.36 9.37 9.38 9.39 9.40 9.41 9.43 9.44 9.46 9.49 9.52 9.56 9.61 9.67 9.73 9.80 9.88 9.96 10.04 10.14 10.23 10.33 10.43 10.53 10.64 10.75 10.86 10.97 11.08 11.20 11.36 11.55 11.77 12.01 12.26 12.54 12.82 13.11 13.41 13.70 13.99 14.26 14.53 14.78 15.01 15.21 15.38 15.52 15.63 15.70 15.74 15.76 15.77 15.76 15.73 15.69 15.62 15.53 15.42 15.29
9.45 9.42 9.38 9.35 9.33 9.30 9.28 9.26 9.24 9.23 9.21 9.20 9.19 9.19 9.19 9.18 9.18 9.18 9.18 9.18 9.18 9.19 9.19 9.20 9.20 9.21 9.22 9.23 9.24 9.26 9.27 9.29 9.31 9.33 9.37 9.41 9.46 9.52 9.59 9.67 9.75 9.83 9.93 10.02 10.12 10.23 10.34 10.45 10.56 10.68 10.80 10.92 11.05 11.22 11.41 11.64 11.88 12.14 12.42 12.70 12.99 13.29 13.58 13.86 14.14 14.40 14.64 14.86 15.06 15.22 15.35 15.45 15.52 15.58 15.62 15.65 15.65 15.64 15.62 15.57 15.50 15.41 15.30
9.39 9.35 9.31 9.27 9.24 9.21 9.18 9.16 9.14 9.12 9.10 9.09 9.07 9.06 9.06 9.05 9.04 9.04 9.03 9.03 9.03 9.03 9.03 9.04 9.04 9.05 9.05 9.06 9.07 9.09 9.10 9.12 9.13 9.15 9.18 9.22 9.27 9.32 9.39 9.46 9.54 9.63 9.72 9.82 9.92 10.03 10.14 10.26 10.38 10.50 10.62 10.75 10.89 11.07 11.27 11.50 11.75 12.01 12.29 12.58 12.87 13.16 13.45 13.73 14.00 14.26 14.49 14.70 14.89 15.05 15.17 15.27 15.36 15.43 15.49 15.53 15.56 15.56 15.55 15.53 15.48 15.41 15.32
9.32 9.28 9.23 9.19 9.16 9.12 9.09 9.06 9.03 9.01 8.99 8.97 8.95 8.94 8.93 8.91 8.90 8.89 8.89 8.88 8.88 8.87 8.87 8.88 8.88 8.88 8.89 8.90 8.91 8.92 8.93 8.95 8.97 8.98 9.01 9.04 9.08 9.13 9.19 9.26 9.34 9.42 9.52 9.61 9.72 9.83 9.95 10.07 10.19 10.32 10.45 10.59 10.74 10.92 11.13 11.36 11.61 11.88 12.16 12.44 12.74 13.03 13.31 13.59 13.85 14.10 14.33 14.54 14.71 14.86 14.99 15.11 15.21 15.30 15.37 15.43 15.47 15.49 15.50 15.49 15.46 15.41 15.34
9.26 9.21 9.16 9.12 9.07 9.03 9.00 8.96 8.93 8.90 8.88 8.85 8.83 8.81 8.79 8.78 8.76 8.75 8.74 8.73 8.72 8.72 8.72 8.71 8.72 8.72 8.72 8.73 8.74 8.75 8.76 8.78 8.80 8.82 8.84 8.87 8.90 8.95 9.01 9.07 9.15 9.23 9.32 9.42 9.52 9.64 9.75 9.88 10.01 10.14 10.28 10.42 10.58 10.77 10.98 11.22 11.47 11.74 12.02 12.31 12.60 12.89 13.17 13.44 13.70 13.94 14.17 14.36 14.53 14.68 14.82 14.95 15.07 15.17 15.26 15.33 15.39 15.43 15.46 15.46 15.45 15.42 15.37
9.20 9.15 9.09 9.04 8.99 8.95 8.91 8.87 8.83 8.80 8.77 8.74 8.71 8.69 8.66 8.64 8.62 8.61 8.59 8.58 8.57 8.56 8.56 8.56 8.56 8.56 8.56 8.57 8.58 8.59 8.60 8.62 8.63 8.66 8.68 8.71 8.74 8.78 8.83 8.89 8.96 9.04 9.13 9.23 9.33 9.45 9.57 9.70 9.83 9.97 10.11 10.26 10.43 10.62 10.84 11.08 11.33 11.61 11.89 12.17 12.46 12.74 13.02 13.29 13.54 13.78 13.99 14.18 14.36 14.52 14.67 14.81 14.94 15.06 15.16 15.25 15.32 15.38 15.42 15.44 15.45 15.44 15.41
9.15 9.09 9.03 8.97 8.91 8.86 8.82 8.77 8.73 8.69 8.66 8.62 8.59 8.56 8.53 8.51 8.49 8.47 8.45 8.43 8.42 8.41 8.40 8.40 8.40 8.40 8.40 8.41 8.41 8.42 8.44 8.46 8.47 8.50 8.52 8.55 8.58 8.62 8.66 8.72 8.78 8.86 8.95 9.05 9.15 9.27 9.39 9.52 9.66 9.80 9.95 10.10 10.27 10.47 10.69 10.94 11.20 11.47 11.75 12.03 12.32 12.60 12.87 13.14 13.38 13.61 13.82 14.01 14.19 14.37 14.53 14.68 14.82 14.95 15.07 15.17 15.26 15.33 15.39 15.43 15.46 15.46 15.45
9.10 9.03 8.96 8.90 8.84 8.78 8.73 8.68 8.63 8.59 8.55 8.51 8.47 8.44 8.41 8.38 8.35 8.33 8.31 8.29 8.27 8.26 8.25 8.25 8.24 8.24 8.24 8.25 8.26 8.27 8.28 8.30 8.32 8.34 8.37 8.40 8.43 8.47 8.51 8.56 8.62 8.69 8.78 8.87 8.98 9.09 9.22 9.35 9.49 9.64 9.79 9.95 10.13 10.33 10.56 10.80 11.06 11.33 11.61 11.89 12.18 12.45 12.72 12.98 13.22 13.44 13.65 13.85 14.04 14.23 14.40 14.57 14.72 14.86 14.99 15.11 15.21 15.30 15.37 15.43 15.47 15.49 15.50
9.05 8.97 8.90 8.83 8.76 8.70 8.64 8.59 8.54 8.49 8.44 8.39 8.35 8.32 8.28 8.25 8.22 8.19 8.17 8.15 8.13 8.11 8.10 8.09 8.09 8.09 8.09 8.09 8.10 8.11 8.13 8.14 8.16 8.19 8.22 8.25 8.28 8.32 8.36 8.41 8.47 8.54 8.62 8.71 8.82 8.93 9.05 9.19 9.33 9.48 9.64 9.80 9.98 10.19 10.42 10.67 10.93 11.20 11.48 11.76 12.03 12.31 12.57 12.82 13.05 13.28 13.49 13.70 13.91 14.10 14.28 14.46 14.62 14.78 14.92 15.05 15.16 15.27 15.36 15.43 15.48 15.53 15.55
9.00 8.92 8.84 8.76 8.69 8.62 8.56 8.50 8.44 8.39 8.33 8.28 8.24 8.20 8.16 8.12 8.09 8.06 8.03 8.01 7.99 7.97 7.96 7.95 7.94 7.94 7.94 7.94 7.95 7.96 7.98 7.99 8.02 8.04 8.07 8.11 8.14 8.18 8.23 8.28 8.33 8.40 8.48 8.57 8.67 8.78 8.90 9.04 9.18 9.33 9.49 9.66 9.85 10.06 10.29 10.54 10.80 11.07 11.35 11.62 11.90 12.16 12.42 12.66 12.90 13.13 13.35 13.57 13.78 13.98 14.18 14.36 14.54 14.70 14.86 15.00 15.13 15.25 15.35 15.44 15.51 15.57 15.61
8.95 8.87 8.78 8.70 8.62 8.55 8.48 8.41 8.35 8.29 8.23 8.18 8.12 8.08 8.03 7.99 7.96 7.93 7.90 7.87 7.85 7.83 7.81 7.80 7.80 7.79 7.79 7.80 7.80 7.82 7.83 7.85 7.87 7.90 7.93 7.97 8.01 8.05 8.10 8.15 8.21 8.27 8.34 8.43 8.53 8.64 8.76 8.90 9.04 9.20 9.36 9.53 9.72 9.93 10.17 10.42 10.68 10.95 11.22 11.49 11.76 12.02 12.27 12.52 12.76 12.99 13.23 13.45 13.67 13.88 14.08 14.28 14.47 14.64 14.81 14.96 15.10 15.23 15.35 15.45 15.54 15.61 15.67
8.91 8.82 8.73 8.64 8.56 8.48 8.40 8.33 8.26 8.19 8.13 8.07 8.02 7.96 7.92 7.87 7.83 7.80 7.77 7.74 7.71 7.69 7.68 7.66 7.66 7.65 7.65 7.66 7.66 7.68 7.69 7.71 7.74 7.77 7.80 7.84 7.88 7.93 7.98 8.03 8.09 8.16 8.23 8.31 8.41 8.51 8.64 8.77 8.91 9.07 9.24 9.41 9.60 9.82 10.05 10.30 10.56 10.83 11.10 11.37 11.63 11.89 12.14 12.39 12.63 12.87 13.11 13.34 13.57 13.79 14.00 14.21 14.40 14.59 14.76 14.93 15.08 15.23 15.35 15.47 15.57 15.66 15.73
8.88 8.77 8.68 8.58 8.49 8.40 8.32 8.24 8.17 8.10 8.03 7.97 7.91 7.85 7.80 7.76 7.71 7.67 7.64 7.61 7.58 7.56 7.54 7.53 7.52 7.52 7.52 7.52 7.53 7.54 7.56 7.58 7.61 7.64 7.67 7.71 7.76 7.81 7.86 7.92 7.98 8.05 8.13 8.21 8.30 8.40 8.52 8.66 8.80 8.96 9.12 9.30 9.50 9.71 9.95 10.20 10.46 10.72 10.99 11.25 11.51 11.76 12.02 12.27 12.52 12.77 13.01 13.25 13.48 13.71 13.93 14.14 14.35 14.54 14.73 14.91 15.07 15.23 15.37 15.50 15.61 15.71 15.80
8.84 8.73 8.63 8.53 8.43 8.34 8.25 8.16 8.08 8.01 7.94 7.87 7.81 7.75 7.69 7.64 7.60 7.56 7.52 7.49 7.46 7.44 7.42 7.40 7.39 7.39 7.39 7.39 7.40 7.41 7.43 7.46 7.48 7.52 7.55 7.60 7.65 7.70 7.76 7.82 7.88 7.96 8.04 8.12 8.21 8.31 8.43 8.56 8.70 8.86 9.03 9.21 9.40 9.62 9.86 10.10 10.36 10.62 10.88 11.14 11.40 11.66 11.91 12.17 12.42 12.68 12.92 13.17 13.41 13.64 13.87 14.09 14.30 14.51 14.70 14.89 15.07 15.23 15.39 15.53 15.66 15.77 15.87
8.81 8.69 8.58 8.48 8.37 8.27 8.18 8.09 8.01 7.92 7.85 7.78 7.71 7.65 7.59 7.54 7.49 7.44 7.40 7.37 7.34 7.32 7.30 7.28 7.27 7.27 7.27 7.27 7.28 7.29 7.31 7.34 7.37 7.40 7.44 7.49 7.54 7.59 7.66 7.72 7.79 7.87 7.95 8.04 8.13 8.23 8.35 8.48 8.62 8.77 8.94 9.13 9.32 9.54 9.78 10.02 10.27 10.53 10.79 11.05 11.30 11.56 11.82 12.08 12.34 12.60 12.85 13.10 13.34 13.58 13.82 14.04 14.27 14.48 14.69 14.88 15.07 15.25 15.41 15.57 15.71 15.84 15.95
8.78 8.66 8.54 8.43 8.32 8.21 8.12 8.02 7.93 7.84 7.76 7.69 7.62 7.55 7.49 7.43 7.38 7.34 7.30 7.26 7.23 7.20 7.18 7.17 7.16 7.15 7.15 7.15 7.17 7.18 7.20 7.23 7.26 7.30 7.34 7.39 7.44 7.50 7.57 7.64 7.71 7.79 7.88 7.97 8.07 8.17 8.29 8.41 8.55 8.71 8.88 9.06 9.26 9.48 9.71 9.95 10.20 10.45 10.71 10.97 11.23 11.49 11.75 12.01 12.27 12.53 12.78 13.04 13.29 13.53 13.77 14.01 14.24 14.46 14.68 14.88 15.08 15.27 15.44 15.61 15.76 15.90 16.03
8.76 8.63 8.51 8.39 8.27 8.16 8.06 7.96 7.86 7.77 7.69 7.61 7.53 7.46 7.40 7.34 7.29 7.24 7.19 7.16 7.12 7.10 7.07 7.06 7.05 7.04 7.04 7.05 7.06 7.08 7.10 7.13 7.16 7.20 7.24 7.30 7.35 7.42 7.48 7.56 7.64 7.72 7.82 7.91 8.02 8.13 8.24 8.37 8.51 8.66 8.83 9.01 9.21 9.43 9.66 9.90 10.14 10.39 10.65 10.90 11.16 11.43 11.69 11.95 12.21 12.47 12.73 12.99 13.25 13.50 13.74 13.98 14.22 14.45 14.67 14.89 15.09 15.29 15.48 15.65 15.82 15.97 16.12
8.74 8.60 8.47 8.35 8.23 8.11 8.00 7.90 7.80 7.70 7.61 7.53 7.45 7.38 7.31 7.25 7.19 7.14 7.10 7.06 7.03 7.00 6.97 6.96 6.95 6.94 6.94 6.95 6.96 6.98 7.00 7.03 7.07 7.11 7.16 7.21 7.27 7.34 7.41 7.49 7.57 7.67 7.76 7.87 7.98 8.09 8.21 8.34 8.48 8.63 8.80 8.98 9.18 9.40 9.62 9.86 10.10 10.35 10.60 10.86 11.12 11.38 11.64 11.90 12.17 12.43 12.69 12.96 13.21 13.47 13.72 13.97 14.21 14.45 14.68 14.90 15.11 15.32 15.52 15.71 15.88 16.05 16.20
8.73 8.59 8.45 8.32 8.19 8.07 7.95 7.84 7.74 7.64 7.55 7.46 7.38 7.30 7.23 7.17 7.11 7.06 7.01 6.97 6.93 6.91 6.88 6.87 6.86 6.85 6.85 6.86 6.87 6.89 6.92 6.95 6.99 7.03 7.08 7.14 7.20 7.27 7.35 7.43 7.52 7.62 7.72 7.83 7.94 8.07 8.19 8.33 8.47 8.62 8.79 8.97 9.17 9.38 9.61 9.84 10.08 10.32 10.57 10.83 11.08 11.34 11.61 11.87 12.14 12.40 12.67 12.93 13.19 13.45 13.71 13.96 14.21 14.45 14.69 14.92 15.14 15.36 15.56 15.76 15.95 16.12 16.29
8.72 8.57 8.43 8.29 8.16 8.03 7.91 7.80 7.69 7.59 7.49 7.40 7.31 7.23 7.16 7.09 7.03 6.98 6.93 6.89 6.85 6.82 6.80 6.78 6.77 6.77 6.77 6.78 6.79 6.81 6.84 6.88 6.92 6.96 7.02 7.08 7.15 7.22 7.30 7.39 7.48 7.58 7.69 7.80 7.92 8.05 8.19 8.33 8.48 8.63 8.80 8.98 9.18 9.39 9.61 9.84 10.07 10.31 10.56 10.81 11.07 11.32 11.59 11.85 12.12 12.38 12.65 12.92 13.18 13.44 13.71 13.96 14.22 14.46 14.71 14.94 15.18 15.40 15.61 15.82 16.02 16.20 16.38
8.72 8.56 8.41 8.27 8.13 8.00 7.88 7.76 7.64 7.54 7.44 7.34 7.25 7.17 7.10 7.03 6.97 6.91 6.86 6.82 6.78 6.75 6.73 6.71 6.70 6.69 6.70 6.71 6.72 6.75 6.78 6.81 6.86 6.91 6.96 7.03 7.10 7.18 7.26 7.35 7.45 7.56 7.67 7.79 7.92 8.05 8.19 8.34 8.50 8.66 8.83 9.01 9.21 9.41 9.63 9.85 10.08 10.32 10.56 10.81 11.06 11.32 11.58 11.84 12.11 12.38 12.65 12.91 13.18 13.45 13.71 13.97 14.23 14.48 14.73 14.98 15.21 15.44 15.67 15.88 16.09 16.29 16.47
8.72 8.56 8.40 8.25 8.11 7.98 7.85 7.72 7.60 7.49 7.39 7.29 7.20 7.12 7.04 6.97 6.90 6.85 6.80 6.75 6.71 6.68 6.66 6.64 6.63 6.63 6.63 6.64 6.66 6.69 6.72 6.76 6.80 6.86 6.92 6.98 7.06 7.14 7.23 7.33 7.43 7.54 7.66 7.79 7.92 8.06 8.21 8.37 8.53 8.70 8.88 9.06 9.25 9.45 9.66 9.88 10.10 10.34 10.57 10.82 11.07 11.33 11.58 11.85 12.11 12.38 12.65 12.92 13.19 13.45 13.72 13.99 14.25 14.51 14.76 15.01 15.25 15.49 15.72 15.95 16.16 16.37 16.56
