data_processed/recharge/precip/Precip_1998_07.asc
ncols        168
nrows        136
xllcorner    455000
yllcorner    2107000
cellsize     500
NODATA_value     -99999
[rows 0 to 32 of 136, columns 74 to 147 of 168]
135.65 132.93 130.35 127.91 125.62 123.41 121.23 119.07 116.93 114.82 112.76 110.73 108.76 106.84 104.99 103.21 101.50 99.88 98.34 96.91 95.57 94.34 93.08 91.59 89.80 87.72 85.83 85.75 87.54 90.58 94.27 98.12 102.00 105.84 109.59 113.19 116.59 119.73 122.55 125.01 127.03 128.58 129.59 130.00 129.77 128.83 127.13 124.62 121.35 117.60 113.66 109.85 106.21 102.48 98.68 94.90 91.30 88.19 85.64 83.63 82.16 81.20 80.74 80.77 81.27 82.23 83.63 85.45 87.69 90.32 93.33 96.70 100.42 104.40
134.97 132.04 129.24 126.59 124.04 121.54 119.07 116.65 114.27 111.96 109.70 107.52 105.41 103.38 101.44 99.60 97.86 96.23 94.71 93.31 92.04 90.91 89.90 88.90 87.67 86.16 84.80 85.10 87.06 90.05 93.44 96.96 100.56 104.18 107.76 111.25 114.60 117.74 120.62 123.18 125.38 127.15 128.43 129.18 129.34 128.84 127.64 125.68 122.92 119.50 115.76 112.02 108.35 104.60 100.78 97.09 93.84 91.11 88.88 87.14 85.88 85.08 84.72 84.79 85.28 86.17 87.44 89.08 91.08 93.41 96.07 99.03 102.29 105.83
134.58 131.40 128.37 125.44 122.58 119.77 117.03 114.35 111.75 109.23 106.80 104.47 102.23 100.10 98.09 96.20 94.43 92.79 91.30 89.95 88.76 87.72 86.85 86.14 85.46 84.56 83.79 84.52 86.65 89.40 92.41 95.61 98.94 102.34 105.76 109.14 112.44 115.58 118.52 121.20 123.57 125.57 127.14 128.22 128.77 128.73 128.03 126.63 124.47 121.52 118.01 114.34 110.67 106.89 103.19 99.88 97.04 94.67 92.74 91.25 90.18 89.52 89.24 89.33 89.79 90.58 91.71 93.15 94.88 96.90 99.18 101.72 104.49 107.49
134.55 131.11 127.77 124.52 121.34 118.24 115.22 112.31 109.49 106.78 104.18 101.70 99.34 97.12 95.04 93.11 91.32 89.69 88.23 86.94 85.83 84.90 84.16 83.62 83.27 82.98 82.85 83.97 85.92 88.25 90.88 93.75 96.81 100.00 103.26 106.55 109.79 112.95 115.95 118.76 121.30 123.53 125.38 126.81 127.76 128.17 127.99 127.15 125.61 123.31 120.23 116.68 113.01 109.37 106.07 103.21 100.77 98.73 97.09 95.83 94.93 94.38 94.16 94.26 94.66 95.34 96.30 97.51 98.96 100.64 102.53 104.62 106.89 109.32
134.96 131.18 127.50 123.91 120.42 117.03 113.76 110.61 107.58 104.69 101.93 99.32 96.86 94.55 92.41 90.44 88.65 87.04 85.62 84.40 83.38 82.57 81.97 81.60 81.45 81.53 81.90 82.89 84.39 86.29 88.54 91.09 93.89 96.87 99.98 103.16 106.37 109.53 112.61 115.54 118.26 120.72 122.87 124.65 126.00 126.87 127.20 126.93 126.02 124.40 122.01 118.87 115.39 112.18 109.37 106.94 104.88 103.16 101.79 100.73 99.98 99.52 99.34 99.42 99.74 100.29 101.06 102.03 103.18 104.50 105.98 107.59 109.33 111.18
135.56 130.90 126.87 122.99 119.23 115.60 112.11 108.76 105.57 102.53 99.65 96.94 94.41 92.06 89.91 87.94 86.18 84.63 83.29 82.18 81.29 80.63 80.22 80.05 80.14 80.44 80.79 81.33 82.32 83.77 85.63 87.85 90.36 93.12 96.06 99.13 102.28 105.44 108.57 111.61 114.49 117.18 119.60 121.71 123.44 124.75 125.58 125.87 125.56 124.60 122.94 120.55 117.72 115.06 112.72 110.70 109.00 107.59 106.46 105.60 104.98 104.60 104.44 104.48 104.71 105.12 105.68 106.39 107.23 108.17 109.22 110.35 111.54 112.79
135.95 129.51 124.71 120.60 116.66 112.88 109.26 105.81 102.53 99.44 96.54 93.83 91.32 89.02 86.93 85.07 83.43 82.02 80.86 79.94 79.28 78.87 78.73 78.86 79.21 79.56 79.81 80.09 80.60 81.55 82.97 84.80 86.98 89.46 92.18 95.09 98.12 101.23 104.36 107.46 110.46 113.31 115.95 118.34 120.41 122.11 123.38 124.17 124.42 124.08 123.11 121.49 119.48 117.47 115.61 114.01 112.66 111.55 110.66 109.98 109.50 109.19 109.04 109.04 109.18 109.43 109.78 110.22 110.73 111.30 111.91 112.55 113.19 113.84
136.22 127.89 121.48 116.73 112.69 108.85 105.20 101.75 98.50 95.45 92.61 90.00 87.61 85.46 83.54 81.87 80.46 79.30 78.40 77.78 77.44 77.38 77.61 78.07 78.51 78.78 78.92 79.09 79.35 79.82 80.74 82.12 83.91 86.06 88.50 91.19 94.06 97.06 100.13 103.22 106.28 109.24 112.06 114.66 117.01 119.05 120.71 121.94 122.69 122.93 122.63 121.75 120.50 119.24 117.97 116.79 115.79 114.97 114.32 113.82 113.46 113.22 113.08 113.04 113.07 113.16 113.30 113.47 113.65 113.84 114.00 114.14 114.23 114.27
136.34 126.31 118.20 112.03 107.50 103.68 100.10 96.74 93.60 90.70 88.03 85.61 83.44 81.53 79.88 78.51 77.41 76.60 76.07 75.84 75.92 76.30 76.93 77.52 77.90 78.08 78.12 78.19 78.33 78.55 78.99 79.87 81.22 82.97 85.08 87.49 90.13 92.97 95.93 98.97 102.02 105.04 107.96 110.74 113.31 115.62 117.61 119.23 120.45 121.25 121.57 121.37 120.82 120.26 119.68 119.03 118.39 117.86 117.44 117.11 116.87 116.69 116.56 116.46 116.39 116.32 116.23 116.12 115.97 115.77 115.49 115.12 114.66 114.10
136.32 124.78 115.16 107.47 101.68 97.52 94.08 90.91 88.00 85.33 82.93 80.81 78.95 77.39 76.11 75.12 74.44 74.07 74.01 74.28 74.87 75.72 76.51 77.05 77.36 77.45 77.40 77.37 77.41 77.52 77.71 78.11 78.95 80.26 81.98 84.05 86.42 89.03 91.82 94.75 97.74 100.76 103.74 106.62 109.36 111.89 114.16 116.13 117.80 119.11 120.00 120.41 120.50 120.58 120.64 120.60 120.42 120.19 120.00 119.84 119.71 119.59 119.46 119.31 119.12 118.88 118.57 118.18 117.69 117.09 116.36 115.49 114.48 113.59
136.16 123.29 112.34 103.33 96.22 90.98 87.34 84.44 81.83 79.51 77.48 75.74 74.30 73.17 72.36 71.87 71.70 71.87 72.38 73.23 74.36 75.41 76.17 76.65 76.88 76.89 76.75 76.63 76.58 76.59 76.67 76.82 77.18 77.99 79.26 80.94 82.97 85.30 87.87 90.62 93.51 96.46 99.44 102.38 105.22 107.92 110.43 112.74 114.82 116.58 117.97 118.92 119.58 120.24 120.87 121.41 121.79 121.96 122.00 122.01 121.98 121.91 121.78 121.57 121.26 120.85 120.31 119.63 118.80 117.80 116.61 115.25 113.96 113.03
135.83 121.83 109.75 99.60 91.35 84.97 80.43 77.47 75.26 73.37 71.80 70.55 69.63 69.04 68.79 68.88 69.33 70.14 71.31 72.77 74.13 75.16 75.88 76.31 76.47 76.41 76.18 75.97 75.82 75.74 75.73 75.78 75.89 76.22 76.98 78.21 79.85 81.84 84.13 86.66 89.37 92.21 95.13 98.06 100.96 103.79 106.53 109.14 111.55 113.70 115.53 116.96 118.13 119.31 120.45 121.49 122.38 123.03 123.41 123.60 123.68 123.65 123.51 123.23 122.80 122.21 121.44 120.47 119.29 117.88 116.26 114.65 113.36 112.45
135.34 120.40 107.38 96.28 87.08 79.75 74.25 70.57 68.44 67.07 66.06 65.40 65.09 65.13 65.55 66.33 67.49 69.03 70.87 72.60 73.96 74.96 75.64 76.02 76.13 75.99 75.68 75.38 75.15 74.98 74.88 74.83 74.85 74.92 75.21 75.93 77.12 78.72 80.67 82.91 85.40 88.07 90.87 93.75 96.66 99.61 102.53 105.37 108.06 110.54 112.73 114.58 116.21 117.83 119.42 120.91 122.23 123.33 124.13 124.59 124.79 124.80 124.65 124.30 123.74 122.96 121.95 120.68 119.15 117.36 115.53 113.97 112.74 111.87
134.68 118.99 105.21 93.36 83.40 75.30 69.04 64.59 61.92 60.77 60.40 60.43 60.82 61.61 62.78 64.35 66.32 68.59 70.74 72.48 73.83 74.81 75.46 75.79 75.84 75.63 75.24 74.86 74.54 74.29 74.10 73.97 73.90 73.88 73.92 74.16 74.84 75.99 77.54 79.45 81.65 84.10 86.73 89.51 92.43 95.45 98.49 101.50 104.41 107.14 109.65 111.85 113.86 115.86 117.83 119.70 121.41 122.89 124.07 124.88 125.29 125.36 125.18 124.75 124.06 123.10 121.84 120.27 118.40 116.45 114.71 113.24 112.08 111.26
133.84 117.59 103.25 90.83 80.30 71.63 64.80 59.77 56.51 55.00 55.00 55.78 56.99 58.61 60.64 63.09 65.86 68.48 70.66 72.40 73.75 74.71 75.32 75.61 75.61 75.34 74.87 74.41 74.01 73.68 73.41 73.20 73.04 72.93 72.88 72.87 73.07 73.71 74.82 76.33 78.19 80.35 82.78 85.45 88.34 91.37 94.47 97.58 100.64 103.57 106.32 108.81 111.14 113.46 115.75 117.94 119.97 121.76 123.25 124.37 125.07 125.29 125.10 124.59 123.76 122.60 121.09 119.24 117.26 115.43 113.82 112.46 111.39 110.63
132.82 116.20 101.49 88.69 77.78 68.73 61.51 56.09 52.44 50.53 50.34 51.64 53.73 56.28 59.27 62.58 65.73 68.40 70.60 72.36 73.70 74.64 75.23 75.48 75.43 75.09 74.56 74.02 73.55 73.15 72.80 72.50 72.26 72.07 71.94 71.84 71.80 71.95 72.55 73.61 75.08 76.92 79.13 81.66 84.44 87.42 90.51 93.66 96.81 99.87 102.80 105.52 108.10 110.69 113.23 115.68 117.95 119.99 121.73 123.11 124.05 124.49 124.39 123.81 122.84 121.48 119.73 117.81 115.99 114.33 112.87 111.63 110.66 109.98
131.60 114.81 99.91 86.93 75.83 66.58 59.17 53.55 49.70 47.59 47.19 48.47 51.22 54.78 58.70 62.43 65.65 68.35 70.58 72.34 73.68 74.62 75.18 75.40 75.30 74.91 74.30 73.70 73.16 72.68 72.25 71.88 71.57 71.30 71.08 70.91 70.78 70.69 70.80 71.36 72.40 73.91 75.86 78.18 80.80 83.66 86.68 89.81 92.97 96.11 99.15 102.04 104.81 107.59 110.33 112.96 115.43 117.65 119.58 121.13 122.26 122.88 122.93 122.38 121.27 119.73 117.96 116.24 114.62 113.15 111.85 110.75 109.88 109.29
130.19 113.40 98.51 85.53 74.44 65.19 57.77 52.14 48.28 46.16 45.74 47.00 49.91 54.14 58.49 62.31 65.58 68.32 70.57 72.35 73.70 74.62 75.17 75.36 75.21 74.77 74.10 73.43 72.82 72.27 71.78 71.34 70.95 70.61 70.32 70.07 69.86 69.69 69.56 69.65 70.26 71.40 73.03 75.08 77.47 80.14 83.03 86.07 89.19 92.33 95.43 98.41 101.32 104.23 107.09 109.85 112.44 114.79 116.84 118.51 119.75 120.49 120.66 120.20 119.07 117.57 116.03 114.55 113.16 111.88 110.75 109.80 109.06 108.56
128.56 111.98 97.29 84.51 73.60 64.55 57.31 51.86 48.18 46.23 45.99 47.42 50.36 54.18 58.33 62.20 65.52 68.30 70.59 72.39 73.74 74.66 75.19 75.35 75.17 74.68 73.95 73.22 72.55 71.93 71.37 70.87 70.41 70.00 69.64 69.31 69.03 68.78 68.60 68.53 68.73 69.45 70.69 72.39 74.49 76.92 79.61 82.50 85.52 88.60 91.69 94.71 97.67 100.65 103.58 106.41 109.06 111.46 113.57 115.30 116.59 117.38 117.60 117.21 116.34 115.21 113.97 112.75 111.59 110.52 109.57 108.78 108.17 107.78
126.73 110.54 96.24 83.84 73.32 64.64 57.78 52.70 49.39 47.81 47.92 49.57 52.09 55.07 58.46 62.10 65.47 68.30 70.62 72.44 73.80 74.73 75.25 75.39 75.17 74.63 73.85 73.06 72.33 71.65 71.03 70.46 69.94 69.47 69.03 68.64 68.29 68.00 67.82 67.75 67.80 68.10 68.89 70.19 71.94 74.05 76.48 79.16 82.01 84.97 87.98 90.97 93.94 96.92 99.85 102.67 105.32 107.73 109.82 111.55 112.83 113.61 113.84 113.65 113.23 112.61 111.77 110.83 109.91 109.07 108.31 107.69 107.23 106.96
124.68 109.07 95.34 83.52 73.57 65.46 59.17 54.66 51.90 50.87 51.39 52.78 54.58 56.78 59.34 62.28 65.43 68.30 70.66 72.51 73.89 74.82 75.33 75.45 75.21 74.63 73.80 72.95 72.16 71.43 70.75 70.12 69.54 69.00 68.51 68.05 67.66 67.38 67.22 67.16 67.20 67.33 67.69 68.53 69.85 71.60 73.70 76.10 78.71 81.49 84.36 87.26 90.17 93.09 95.96 98.72 101.30 103.63 105.66 107.31 108.52 109.24 109.61 109.79 109.82 109.67 109.32 108.77 108.12 107.51 106.97 106.53 106.22 106.09
122.40 107.56 94.61 83.55 74.36 67.01 61.47 57.71 55.71 55.27 55.68 56.49 57.65 59.15 60.99 63.17 65.66 68.33 70.71 72.59 73.99 74.93 75.44 75.55 75.28 74.66 73.78 72.88 72.04 71.26 70.53 69.84 69.20 68.61 68.05 67.57 67.19 66.94 66.80 66.75 66.79 66.89 67.07 67.46 68.30 69.61 71.32 73.37 75.69 78.22 80.89 83.64 86.42 89.21 91.95 94.58 97.03 99.24 101.13 102.65 103.74 104.53 105.19 105.75 106.17 106.45 106.56 106.48 106.20 105.85 105.52 105.28 105.15 105.15
119.88 106.01 94.01 83.91 75.68 69.28 64.69 61.87 60.64 60.25 60.23 60.52 61.13 62.04 63.25 64.75 66.53 68.59 70.78 72.69 74.11 75.06 75.57 75.67 75.38 74.72 73.80 72.86 71.97 71.14 70.35 69.62 68.93 68.28 67.70 67.23 66.89 66.66 66.54 66.49 66.53 66.62 66.76 66.95 67.32 68.13 69.39 71.04 73.00 75.22 77.62 80.15 82.74 85.34 87.89 90.33 92.59 94.60 96.29 97.63 98.72 99.74 100.69 101.57 102.34 103.00 103.52 103.88 104.06 104.06 103.98 103.94 103.99 104.16
117.13 104.40 93.56 84.61 77.52 72.26 68.80 66.95 65.92 65.24 64.83 64.71 64.86 65.28 65.95 66.88 68.04 69.44 71.07 72.80 74.24 75.21 75.72 75.81 75.50 74.82 73.86 72.87 71.94 71.06 70.23 69.45 68.71 68.04 67.49 67.07 66.76 66.55 66.43 66.39 66.42 66.49 66.61 66.75 66.91 67.24 67.98 69.15 70.69 72.53 74.61 76.85 79.19 81.54 83.84 86.02 88.02 89.77 91.22 92.49 93.73 94.96 96.16 97.31 98.39 99.38 100.26 101.01 101.62 102.06 102.32 102.52 102.76 103.10
114.12 102.74 93.24 85.62 79.87 75.94 73.63 72.14 70.96 70.03 69.34 68.90 68.69 68.71 68.95 69.39 70.04 70.88 71.91 73.11 74.38 75.36 75.89 75.97 75.65 74.95 73.95 72.93 71.95 71.03 70.16 69.34 68.58 67.94 67.44 67.06 66.77 66.59 66.48 66.44 66.45 66.50 66.59 66.68 66.78 66.88 67.13 67.77 68.83 70.23 71.91 73.80 75.82 77.86 79.84 81.70 83.38 84.82 86.14 87.48 88.86 90.26 91.65 93.03 94.37 95.65 96.85 97.95 98.93 99.77 100.46 100.98 101.44 101.96
110.87 101.02 93.05 86.96 82.72 80.13 78.35 76.83 75.54 74.47 73.60 72.93 72.46 72.17 72.07 72.13 72.35 72.73 73.25 73.92 74.71 75.54 76.07 76.15 75.82 75.09 74.07 73.01 72.00 71.04 70.14 69.30 68.58 68.00 67.54 67.19 66.94 66.76 66.66 66.61 66.61 66.64 66.69 66.74 66.79 66.82 66.82 66.95 67.45 68.35 69.57 71.06 72.69 74.35 75.95 77.43 78.74 79.98 81.29 82.69 84.17 85.68 87.23 88.79 90.34 91.86 93.33 94.73 96.04 97.24 98.32 99.25 100.02 100.75
107.35 99.22 92.97 88.60 85.89 83.97 82.30 80.82 79.52 78.40 77.44 76.65 76.01 75.51 75.16 74.93 74.83 74.84 74.95 75.17 75.48 75.88 76.26 76.35 76.01 75.26 74.21 73.12 72.08 71.09 70.18 69.39 68.74 68.21 67.79 67.47 67.24 67.07 66.97 66.92 66.90 66.90 66.91 66.92 66.91 66.86 66.78 66.65 66.62 66.95 67.66 68.67 69.86 71.07 72.23 73.28 74.31 75.47 76.77 78.19 79.71 81.30 82.96 84.65 86.36 88.07 89.77 91.42 93.01 94.53 95.95 97.25 98.42 99.44
103.56 97.35 93.01 90.35 88.47 86.81 85.30 83.94 82.73 81.66 80.71 79.88 79.17 78.57 78.06 77.64 77.30 77.04 76.85 76.72 76.64 76.60 76.60 76.56 76.21 75.45 74.37 73.26 72.19 71.20 70.34 69.62 69.03 68.55 68.17 67.88 67.66 67.51 67.41 67.34 67.30 67.27 67.24 67.19 67.12 67.01 66.85 66.62 66.32 66.10 66.22 66.69 67.38 68.08 68.75 69.45 70.34 71.41 72.64 74.03 75.54 77.17 78.88 80.66 82.49 84.35 86.22 88.08 89.91 91.69 93.41 95.04 96.56 97.96
99.49 95.39 92.95 91.28 89.79 88.42 87.18 86.05 85.02 84.09 83.25 82.49 81.80 81.18 80.61 80.10 79.63 79.19 78.79 78.40 78.02 77.65 77.28 76.90 76.43 75.65 74.56 73.42 72.36 71.43 70.65 69.99 69.45 69.02 68.67 68.41 68.21 68.06 67.95 67.87 67.81 67.74 67.67 67.57 67.43 67.25 67.00 66.67 66.26 65.76 65.32 65.19 65.30 65.45 65.70 66.18 66.90 67.83 68.96 70.27 71.73 73.34 75.06 76.88 78.78 80.74 82.74 84.76 86.78 88.79 90.75 92.66 94.49 96.23
95.15 93.13 91.83 90.69 89.64 88.67 87.79 86.98 86.23 85.54 84.89 84.29 83.72 83.18 82.66 82.15 81.64 81.12 80.60 80.05 79.48 78.87 78.22 77.52 76.76 75.87 74.76 73.63 72.64 71.79 71.08 70.48 70.00 69.60 69.29 69.05 68.86 68.71 68.60 68.50 68.41 68.31 68.18 68.03 67.82 67.56 67.23 66.81 66.29 65.66 64.91 64.21 63.70 63.37 63.32 63.55 64.05 64.80 65.78 66.96 68.33 69.87 71.55 73.37 75.29 77.31 79.39 81.53 83.70 85.87 88.04 90.18 92.28 94.31
90.44 89.69 89.05 88.47 87.95 87.48 87.04 86.64 86.27 85.90 85.55 85.20 84.85 84.48 84.09 83.67 83.21 82.71 82.16 81.54 80.86 80.11 79.27 78.34 77.32 76.18 74.98 73.92 73.02 72.25 71.60 71.07 70.63 70.28 70.00 69.77 69.59 69.45 69.32 69.21 69.08 68.94 68.77 68.55 68.28 67.94 67.51 66.99 66.37 65.62 64.74 63.72 62.74 62.03 61.66 61.61 61.85 62.37 63.14 64.15 65.38 66.81 68.41 70.18 72.08 74.10 76.23 78.43 80.70 83.00 85.33 87.66 89.97 92.25
85.72 85.50 85.50 85.53 85.59 85.65 85.71 85.76 85.80 85.81 85.79 85.74 85.64 85.48 85.27 84.98 84.62 84.17 83.64 83.00 82.26 81.40 80.41 79.30 78.05 76.62 75.10 73.99 73.18 72.50 71.93 71.47 71.09 70.79 70.54 70.35 70.19 70.05 69.93 69.80 69.66 69.49 69.27 69.01 68.68 68.26 67.76 67.15 66.42 65.57 64.57 63.47 62.35 61.32 60.59 60.21 60.16 60.41 60.95 61.76 62.81 64.09 65.58 67.26 69.11 71.10 73.23 75.47 77.79 80.19 82.64 85.13 87.62 90.11
81.41 81.51 81.98 82.62 83.25 83.85 84.41 84.92 85.38 85.77 86.09 86.34 86.50 86.56 86.53 86.38 86.12 85.74 85.22 84.57 83.76 82.81 81.69 80.40 78.89 77.09 75.19 73.77 72.92 72.34 71.87 71.50 71.20 70.96 70.78 70.63 70.51 70.40 70.30 70.18 70.03 69.85 69.62 69.32 68.94 68.48 67.92 67.24 66.43 65.48 64.43 63.33 62.19 61.04 59.99 59.26 58.89 58.85 59.12 59.70 60.55 61.66 63.00 64.57 66.33 68.28 70.38 72.62 74.99 77.45 80.00 82.61 85.26 87.93
