data_processed/recharge/precip/Precip_2012_02.asc
ncols        168
nrows        136
xllcorner    455000
yllcorner    2107000
cellsize     500
NODATA_value     -99999
[rows 102 to 135 of 136, columns 0 to 76 of 168]
53.06 51.68 50.28 48.89 47.51 46.14 44.80 43.48 42.21 40.97 39.79 38.67 37.61 36.63 35.73 34.91 34.19 33.58 33.07 32.67 32.39 32.18 32.04 31.93 31.83 31.74 31.66 31.59 31.54 31.49 31.46 31.43 31.41 31.40 31.39 31.39 31.39 31.40 31.41 31.42 31.43 31.44 31.45 31.45 31.46 31.47 31.54 31.66 31.81 31.94 32.08 32.28 32.54 32.85 33.21 33.60 34.01 34.44 34.88 35.32 35.74 36.15 36.53 36.87 37.17 37.41 37.59 37.70 37.72 37.66 37.49 37.20 36.76 36.20 35.58 34.94 34.35
53.70 52.30 50.89 49.49 48.09 46.71 45.35 44.02 42.72 41.47 40.27 39.13 38.05 37.04 36.11 35.27 34.53 33.88 33.34 32.92 32.62 32.43 32.32 32.23 32.16 32.11 32.06 32.02 32.00 31.98 31.97 31.97 31.97 31.98 32.00 32.02 32.04 32.06 32.09 32.11 32.14 32.16 32.18 32.20 32.21 32.22 32.24 32.30 32.38 32.48 32.64 32.87 33.16 33.50 33.87 34.28 34.71 35.15 35.60 36.05 36.48 36.88 37.26 37.60 37.89 38.12 38.29 38.38 38.39 38.30 38.11 37.81 37.37 36.81 36.22 35.68 35.21
54.41 53.01 51.59 50.18 48.77 47.38 46.00 44.66 43.35 42.08 40.86 39.70 38.60 37.58 36.63 35.76 34.99 34.32 33.75 33.30 32.97 32.77 32.68 32.64 32.60 32.58 32.56 32.56 32.56 32.57 32.59 32.62 32.65 32.68 32.72 32.76 32.80 32.84 32.89 32.93 32.97 33.01 33.04 33.07 33.09 33.11 33.12 33.14 33.19 33.31 33.50 33.76 34.07 34.43 34.83 35.25 35.69 36.15 36.60 37.05 37.48 37.89 38.26 38.59 38.87 39.09 39.24 39.32 39.30 39.19 38.98 38.65 38.20 37.67 37.18 36.76 36.39
55.11 53.70 52.28 50.87 49.45 48.05 46.67 45.31 43.99 42.71 41.48 40.31 39.19 38.15 37.18 36.30 35.51 34.82 34.23 33.76 33.40 33.18 33.10 33.09 33.09 33.10 33.12 33.15 33.18 33.22 33.27 33.32 33.38 33.43 33.49 33.56 33.62 33.68 33.74 33.80 33.85 33.90 33.95 33.99 34.03 34.05 34.07 34.11 34.20 34.36 34.59 34.87 35.21 35.60 36.01 36.45 36.91 37.38 37.85 38.30 38.74 39.15 39.52 39.85 40.12 40.33 40.47 40.53 40.49 40.36 40.12 39.77 39.27 38.75 38.37 38.06 37.79
55.58 54.18 52.76 51.35 49.93 48.53 47.15 45.79 44.46 43.18 41.94 40.76 39.64 38.58 37.61 36.71 35.91 35.20 34.60 34.11 33.74 33.53 33.48 33.50 33.53 33.57 33.62 33.67 33.73 33.80 33.87 33.95 34.02 34.10 34.18 34.26 34.34 34.42 34.49 34.57 34.63 34.69 34.75 34.80 34.84 34.88 34.93 35.04 35.20 35.42 35.69 36.02 36.40 36.82 37.27 37.75 38.24 38.73 39.22 39.70 40.15 40.58 40.96 41.30 41.58 41.79 41.93 41.99 41.95 41.81 41.57 41.17 40.58 39.96 39.58 39.37 39.20
55.80 54.41 53.00 51.59 50.19 48.79 47.41 46.06 44.74 43.46 42.22 41.04 39.91 38.86 37.88 36.98 36.17 35.46 34.85 34.35 34.00 33.83 33.81 33.85 33.91 33.97 34.05 34.12 34.21 34.30 34.39 34.48 34.58 34.67 34.77 34.86 34.95 35.04 35.13 35.21 35.28 35.35 35.41 35.47 35.51 35.58 35.70 35.88 36.12 36.41 36.75 37.14 37.58 38.05 38.55 39.08 39.61 40.15 40.68 41.19 41.68 42.14 42.55 42.91 43.22 43.45 43.61 43.68 43.65 43.52 43.25 42.78 42.10 41.37 40.88 40.66 40.57
55.77 54.40 53.01 51.62 50.22 48.84 47.48 46.14 44.82 43.55 42.32 41.14 40.03 38.98 38.00 37.10 36.29 35.58 34.98 34.51 34.21 34.08 34.10 34.16 34.23 34.31 34.41 34.51 34.61 34.72 34.82 34.93 35.04 35.15 35.26 35.36 35.46 35.56 35.65 35.73 35.81 35.88 35.95 36.00 36.07 36.20 36.40 36.65 36.96 37.32 37.73 38.20 38.71 39.25 39.82 40.41 41.00 41.60 42.18 42.75 43.29 43.79 44.25 44.65 44.99 45.26 45.45 45.55 45.55 45.42 45.10 44.56 43.81 43.01 42.40 42.04 41.93
55.53 54.16 52.79 51.42 50.05 48.69 47.34 46.02 44.73 43.47 42.26 41.09 39.99 38.95 37.98 37.10 36.30 35.59 35.03 34.62 34.38 34.29 34.34 34.43 34.52 34.61 34.71 34.83 34.94 35.06 35.18 35.30 35.42 35.54 35.65 35.76 35.87 35.97 36.06 36.15 36.22 36.29 36.36 36.43 36.57 36.77 37.03 37.35 37.73 38.15 38.63 39.16 39.75 40.38 41.04 41.70 42.38 43.04 43.70 44.33 44.94 45.50 46.02 46.48 46.88 47.20 47.44 47.58 47.60 47.43 47.06 46.48 45.70 44.86 44.16 43.65 43.39
55.10 53.72 52.36 51.02 49.68 48.34 47.02 45.72 44.45 43.22 42.03 40.89 39.80 38.78 37.83 36.96 36.18 35.53 35.03 34.69 34.50 34.46 34.54 34.65 34.76 34.87 34.97 35.09 35.21 35.34 35.47 35.60 35.72 35.84 35.96 36.07 36.18 36.28 36.37 36.45 36.53 36.59 36.67 36.81 37.01 37.28 37.60 37.98 38.41 38.90 39.44 40.04 40.70 41.42 42.17 42.93 43.70 44.46 45.20 45.92 46.60 47.25 47.84 48.37 48.84 49.22 49.53 49.71 49.71 49.51 49.11 48.52 47.74 46.88 46.12 45.51 45.08
54.49 53.10 51.74 50.41 49.11 47.81 46.52 45.25 44.02 42.81 41.65 40.54 39.48 38.48 37.56 36.72 35.99 35.42 35.00 34.72 34.59 34.59 34.70 34.84 34.97 35.08 35.19 35.31 35.43 35.56 35.69 35.82 35.95 36.07 36.19 36.30 36.40 36.49 36.58 36.66 36.72 36.81 36.95 37.15 37.41 37.73 38.11 38.55 39.03 39.58 40.17 40.83 41.56 42.34 43.19 44.06 44.94 45.80 46.64 47.46 48.24 48.98 49.67 50.29 50.84 51.31 51.66 51.85 51.83 51.63 51.24 50.67 49.91 49.07 48.28 47.59 47.03
53.72 52.33 50.97 49.64 48.35 47.09 45.85 44.62 43.42 42.25 41.13 40.05 39.02 38.06 37.17 36.40 35.77 35.28 34.94 34.73 34.64 34.69 34.83 35.00 35.14 35.27 35.38 35.49 35.61 35.73 35.86 35.99 36.11 36.23 36.34 36.44 36.54 36.62 36.70 36.77 36.85 36.99 37.19 37.45 37.77 38.14 38.57 39.05 39.59 40.18 40.83 41.54 42.32 43.17 44.08 45.06 46.06 47.04 48.00 48.94 49.83 50.68 51.47 52.20 52.85 53.39 53.77 53.95 53.96 53.78 53.43 52.90 52.20 51.40 50.61 49.87 49.21
52.81 51.42 50.05 48.73 47.44 46.21 45.00 43.83 42.67 41.55 40.47 39.43 38.45 37.53 36.72 36.05 35.51 35.11 34.84 34.70 34.67 34.75 34.93 35.12 35.28 35.42 35.54 35.65 35.75 35.86 35.97 36.09 36.21 36.32 36.42 36.51 36.60 36.67 36.73 36.81 36.95 37.14 37.40 37.71 38.08 38.50 38.98 39.50 40.08 40.72 41.42 42.18 43.00 43.90 44.87 45.92 47.03 48.15 49.24 50.31 51.33 52.30 53.22 54.06 54.80 55.39 55.79 56.01 56.06 55.94 55.65 55.20 54.59 53.86 53.09 52.33 51.61
51.77 50.37 49.01 47.69 46.41 45.18 44.01 42.88 41.78 40.71 39.68 38.69 37.76 36.93 36.23 35.67 35.23 34.92 34.72 34.64 34.66 34.79 35.00 35.21 35.39 35.54 35.67 35.77 35.87 35.96 36.05 36.15 36.25 36.35 36.44 36.52 36.59 36.64 36.72 36.84 37.03 37.28 37.59 37.95 38.36 38.83 39.34 39.90 40.52 41.19 41.93 42.74 43.61 44.55 45.57 46.67 47.84 49.08 50.33 51.54 52.71 53.82 54.87 55.83 56.63 57.25 57.71 58.00 58.12 58.08 57.89 57.54 57.05 56.42 55.71 54.96 54.19
50.62 49.22 47.86 46.54 45.27 44.05 42.90 41.80 40.75 39.74 38.76 37.84 37.00 36.30 35.72 35.26 34.92 34.70 34.58 34.56 34.64 34.81 35.05 35.28 35.48 35.64 35.77 35.87 35.96 36.04 36.11 36.18 36.25 36.33 36.40 36.46 36.51 36.57 36.69 36.87 37.11 37.40 37.75 38.16 38.61 39.11 39.66 40.26 40.90 41.61 42.38 43.22 44.14 45.12 46.18 47.32 48.55 49.85 51.23 52.60 53.93 55.20 56.38 57.41 58.27 58.97 59.51 59.89 60.12 60.20 60.13 59.92 59.56 59.07 58.45 57.73 56.95
49.37 47.97 46.61 45.30 44.04 42.83 41.69 40.61 39.60 38.65 37.74 36.92 36.22 35.65 35.19 34.84 34.60 34.45 34.41 34.46 34.59 34.80 35.07 35.33 35.55 35.72 35.85 35.95 36.03 36.09 36.14 36.18 36.22 36.26 36.30 36.34 36.40 36.50 36.67 36.90 37.18 37.52 37.91 38.34 38.83 39.37 39.94 40.56 41.24 41.97 42.78 43.65 44.59 45.61 46.71 47.89 49.16 50.51 51.95 53.46 54.96 56.37 57.65 58.76 59.72 60.52 61.18 61.68 62.04 62.26 62.34 62.30 62.12 61.79 61.28 60.62 59.86
48.04 46.64 45.28 43.98 42.73 41.53 40.41 39.35 38.36 37.46 36.66 35.98 35.42 34.98 34.64 34.40 34.25 34.20 34.23 34.34 34.52 34.77 35.08 35.36 35.59 35.77 35.91 36.01 36.08 36.12 36.15 36.16 36.16 36.16 36.17 36.21 36.30 36.45 36.66 36.93 37.25 37.62 38.05 38.52 39.03 39.59 40.19 40.83 41.53 42.28 43.11 44.01 44.98 46.04 47.17 48.38 49.68 51.07 52.55 54.12 55.74 57.27 58.65 59.88 60.95 61.89 62.68 63.34 63.86 64.25 64.52 64.66 64.69 64.55 64.18 63.62 62.91
46.64 45.24 43.89 42.59 41.35 40.17 39.06 38.02 37.06 36.23 35.56 35.03 34.61 34.29 34.07 33.94 33.89 33.92 34.03 34.20 34.44 34.73 35.07 35.38 35.62 35.81 35.96 36.05 36.11 36.14 36.14 36.13 36.09 36.05 36.04 36.09 36.22 36.42 36.67 36.97 37.32 37.73 38.18 38.67 39.21 39.79 40.41 41.07 41.77 42.55 43.40 44.32 45.31 46.39 47.55 48.79 50.12 51.54 53.05 54.64 56.25 57.85 59.35 60.72 61.95 63.05 64.01 64.85 65.56 66.16 66.64 67.00 67.26 67.33 67.14 66.71 66.07
45.19 43.80 42.45 41.16 39.93 38.77 37.68 36.66 35.77 35.05 34.48 34.07 33.79 33.60 33.50 33.47 33.52 33.64 33.82 34.05 34.34 34.68 35.05 35.38 35.64 35.84 35.99 36.08 36.13 36.15 36.12 36.08 36.01 35.96 35.96 36.03 36.19 36.41 36.69 37.02 37.41 37.83 38.31 38.82 39.38 39.97 40.60 41.27 41.99 42.77 43.63 44.57 45.58 46.68 47.86 49.12 50.47 51.92 53.44 54.98 56.54 58.14 59.75 61.28 62.69 63.98 65.14 66.19 67.12 67.95 68.67 69.29 69.80 70.13 70.14 69.86 69.33
43.71 42.32 40.98 39.70 38.48 37.34 36.27 35.32 34.54 33.92 33.46 33.14 32.97 32.90 32.91 33.00 33.14 33.34 33.60 33.90 34.24 34.62 35.02 35.37 35.65 35.86 36.01 36.10 36.14 36.14 36.10 36.02 35.94 35.91 35.94 36.04 36.20 36.43 36.74 37.09 37.50 37.95 38.44 38.97 39.53 40.14 40.77 41.44 42.17 42.96 43.83 44.77 45.80 46.91 48.10 49.38 50.75 52.20 53.67 55.15 56.67 58.24 59.87 61.54 63.16 64.66 66.06 67.34 68.53 69.62 70.61 71.50 72.31 72.91 73.16 73.06 72.66
42.21 40.82 39.49 38.22 37.02 35.89 34.89 34.05 33.38 32.86 32.49 32.27 32.17 32.20 32.33 32.51 32.76 33.04 33.37 33.74 34.13 34.55 34.98 35.36 35.65 35.88 36.03 36.12 36.15 36.13 36.06 35.98 35.94 35.94 35.99 36.10 36.27 36.51 36.81 37.19 37.61 38.07 38.57 39.11 39.68 40.29 40.93 41.60 42.32 43.11 43.98 44.93 45.96 47.08 48.28 49.57 50.94 52.33 53.73 55.17 56.65 58.20 59.82 61.54 63.33 65.08 66.74 68.29 69.76 71.13 72.42 73.63 74.76 75.67 76.17 76.29 76.05
40.70 39.32 38.00 36.74 35.56 34.50 33.61 32.88 32.31 31.88 31.60 31.46 31.44 31.53 31.74 32.03 32.37 32.74 33.14 33.57 34.02 34.48 34.94 35.34 35.65 35.89 36.04 36.13 36.15 36.11 36.05 36.01 36.00 36.03 36.11 36.24 36.41 36.65 36.94 37.31 37.73 38.20 38.71 39.25 39.83 40.43 41.07 41.73 42.44 43.23 44.10 45.05 46.08 47.20 48.41 49.68 50.98 52.30 53.65 55.04 56.50 58.04 59.67 61.40 63.26 65.22 67.16 69.02 70.79 72.48 74.10 75.65 77.12 78.37 79.16 79.52 79.48
39.21 37.83 36.52 35.28 34.17 33.22 32.43 31.81 31.33 31.00 30.80 30.72 30.77 30.93 31.20 31.56 31.98 32.44 32.92 33.41 33.91 34.41 34.90 35.32 35.65 35.89 36.05 36.13 36.15 36.12 36.10 36.11 36.14 36.20 36.30 36.43 36.62 36.85 37.14 37.48 37.89 38.36 38.87 39.41 39.98 40.57 41.20 41.85 42.55 43.33 44.19 45.13 46.15 47.27 48.45 49.66 50.88 52.14 53.44 54.80 56.24 57.77 59.41 61.17 63.08 65.13 67.31 69.49 71.60 73.64 75.62 77.54 79.39 81.00 82.12 82.75 82.92
37.74 36.38 35.08 33.91 32.90 32.06 31.38 30.85 30.46 30.21 30.09 30.08 30.19 30.41 30.72 31.12 31.61 32.14 32.69 33.25 33.80 34.34 34.87 35.31 35.66 35.91 36.07 36.15 36.18 36.20 36.23 36.28 36.35 36.44 36.55 36.70 36.89 37.12 37.39 37.72 38.10 38.54 39.04 39.57 40.13 40.71 41.32 41.96 42.64 43.40 44.25 45.18 46.19 47.28 48.38 49.50 50.66 51.86 53.12 54.45 55.88 57.42 59.08 60.88 62.83 64.95 67.25 69.71 72.18 74.60 76.96 79.28 81.54 83.54 85.01 85.94 86.37
36.32 34.97 33.74 32.68 31.78 31.04 30.46 30.02 29.71 29.54 29.48 29.54 29.71 29.97 30.33 30.76 31.28 31.86 32.48 33.09 33.70 34.28 34.84 35.30 35.66 35.92 36.09 36.19 36.28 36.36 36.44 36.53 36.63 36.75 36.88 37.04 37.23 37.45 37.71 38.02 38.37 38.77 39.23 39.75 40.29 40.86 41.45 42.06 42.72 43.46 44.28 45.19 46.17 47.17 48.19 49.23 50.32 51.47 52.70 54.02 55.45 57.00 58.69 60.53 62.53 64.73 67.12 69.72 72.51 75.33 78.11 80.85 83.55 85.97 87.82 89.08 89.79
34.96 33.68 32.56 31.60 30.81 30.17 29.68 29.32 29.09 28.99 28.99 29.11 29.33 29.63 30.02 30.49 31.03 31.63 32.28 32.95 33.61 34.23 34.81 35.30 35.68 35.95 36.15 36.31 36.46 36.60 36.73 36.86 36.99 37.13 37.28 37.45 37.64 37.85 38.10 38.38 38.70 39.07 39.48 39.95 40.47 41.01 41.57 42.15 42.79 43.50 44.30 45.16 46.05 46.95 47.88 48.86 49.90 51.01 52.21 53.53 54.96 56.53 58.25 60.14 62.22 64.49 66.97 69.69 72.65 75.82 79.04 82.24 85.40 88.28 90.53 92.15 93.20
33.74 32.56 31.55 30.70 30.01 29.46 29.05 28.77 28.61 28.57 28.64 28.80 29.06 29.40 29.83 30.32 30.87 31.48 32.13 32.83 33.53 34.19 34.81 35.32 35.71 36.02 36.28 36.52 36.73 36.92 37.10 37.27 37.43 37.59 37.76 37.93 38.12 38.33 38.56 38.81 39.10 39.43 39.79 40.21 40.67 41.18 41.71 42.25 42.85 43.53 44.28 45.04 45.83 46.64 47.49 48.41 49.40 50.48 51.67 52.98 54.43 56.03 57.79 59.74 61.89 64.25 66.84 69.67 72.77 76.14 79.74 83.42 87.07 90.44 93.12 95.16 96.71
32.70 31.64 30.73 29.98 29.38 28.92 28.58 28.38 28.28 28.30 28.42 28.63 28.92 29.30 29.74 30.25 30.81 31.43 32.08 32.76 33.47 34.17 34.81 35.35 35.79 36.17 36.51 36.81 37.08 37.33 37.55 37.75 37.95 38.13 38.31 38.49 38.68 38.87 39.08 39.31 39.57 39.85 40.17 40.52 40.92 41.37 41.85 42.36 42.92 43.54 44.18 44.83 45.52 46.24 47.03 47.90 48.85 49.91 51.09 52.41 53.88 55.51 57.33 59.35 61.58 64.03 66.73 69.69 72.93 76.45 80.28 84.37 88.55 92.42 95.61 98.23 100.38
31.88 30.92 30.12 29.46 28.94 28.56 28.30 28.15 28.12 28.18 28.35 28.59 28.92 29.32 29.78 30.30 30.87 31.48 32.12 32.79 33.48 34.17 34.84 35.43 35.94 36.41 36.82 37.19 37.52 37.82 38.09 38.33 38.55 38.75 38.94 39.12 39.31 39.49 39.68 39.88 40.10 40.34 40.61 40.90 41.23 41.61 42.02 42.47 42.96 43.47 43.99 44.54 45.14 45.79 46.52 47.34 48.26 49.31 50.49 51.82 53.32 55.00 56.88 58.97 61.29 63.85 66.67 69.77 73.15 76.84 80.85 85.19 89.82 94.26 98.11 101.40 104.17
31.29 30.43 29.72 29.14 28.70 28.39 28.19 28.11 28.12 28.23 28.43 28.71 29.06 29.48 29.95 30.47 31.04 31.64 32.26 32.91 33.56 34.23 34.91 35.57 36.18 36.73 37.22 37.65 38.04 38.39 38.70 38.98 39.22 39.44 39.65 39.83 40.01 40.18 40.36 40.53 40.71 40.91 41.12 41.36 41.62 41.92 42.25 42.54 42.85 43.23 43.65 44.10 44.62 45.21 45.89 46.68 47.58 48.62 49.82 51.17 52.71 54.45 56.40 58.58 61.00 63.67 66.63 69.87 73.41 77.27 81.47 86.02 90.92 95.94 100.54 104.54 107.96
30.97 30.19 29.56 29.06 28.68 28.43 28.28 28.24 28.29 28.44 28.66 28.95 29.32 29.74 30.21 30.72 31.27 31.84 32.44 33.04 33.66 34.30 35.01 35.73 36.43 37.06 37.63 38.14 38.60 39.00 39.36 39.67 39.95 40.20 40.42 40.62 40.80 40.96 41.12 41.27 41.43 41.58 41.75 41.93 42.14 42.36 42.51 42.38 42.28 42.48 42.81 43.19 43.65 44.20 44.86 45.63 46.54 47.60 48.82 50.23 51.83 53.65 55.69 57.98 60.52 63.33 66.44 69.84 73.57 77.63 82.04 86.81 91.92 97.23 102.44 107.17 111.27
30.91 30.21 29.64 29.19 28.87 28.66 28.55 28.54 28.61 28.77 29.00 29.30 29.66 30.07 30.52 31.01 31.53 32.06 32.61 33.17 33.76 34.42 35.15 35.91 36.66 37.38 38.04 38.63 39.16 39.62 40.04 40.40 40.72 41.00 41.25 41.46 41.65 41.81 41.96 42.10 42.23 42.36 42.49 42.62 42.77 42.83 42.59 41.98 41.40 41.21 41.40 41.74 42.16 42.70 43.35 44.14 45.08 46.18 47.46 48.94 50.63 52.55 54.71 57.13 59.82 62.80 66.08 69.68 73.61 77.90 82.54 87.52 92.81 98.29 103.77 109.09 113.91
31.11 30.46 29.94 29.54 29.25 29.07 28.98 28.98 29.07 29.23 29.46 29.74 30.08 30.46 30.88 31.33 31.80 32.29 32.78 33.30 33.90 34.57 35.33 36.11 36.90 37.68 38.42 39.10 39.71 40.24 40.72 41.14 41.51 41.83 42.10 42.34 42.54 42.72 42.87 43.00 43.11 43.21 43.31 43.41 43.41 43.11 42.42 41.38 40.36 39.71 39.53 39.77 40.19 40.73 41.41 42.23 43.23 44.40 45.77 47.34 49.15 51.20 53.50 56.08 58.94 62.11 65.59 69.41 73.58 78.10 82.96 88.13 93.58 99.20 104.83 110.42 115.81
31.51 30.93 30.45 30.07 29.81 29.64 29.56 29.56 29.64 29.79 30.00 30.26 30.56 30.90 31.28 31.67 32.08 32.50 32.95 33.47 34.07 34.76 35.54 36.35 37.16 37.97 38.77 39.53 40.22 40.84 41.39 41.87 42.29 42.66 42.97 43.24 43.47 43.66 43.81 43.94 44.05 44.14 44.21 44.18 43.85 43.14 42.06 40.63 39.20 38.13 37.51 37.40 37.76 38.33 39.06 39.95 41.02 42.29 43.77 45.47 47.42 49.62 52.09 54.85 57.91 61.29 65.01 69.07 73.49 78.24 83.29 88.62 94.20 99.95 105.72 111.44 117.08
32.07 31.58 31.14 30.79 30.52 30.35 30.27 30.26 30.32 30.43 30.61 30.83 31.08 31.37 31.68 32.01 32.35 32.71 33.15 33.67 34.28 34.98 35.78 36.61 37.44 38.28 39.10 39.92 40.70 41.40 42.02 42.58 43.06 43.48 43.84 44.15 44.40 44.62 44.79 44.92 45.03 45.10 45.07 44.74 44.04 42.96 41.52 39.74 37.97 36.52 35.49 34.96 35.00 35.54 36.34 37.33 38.50 39.89 41.50 43.35 45.46 47.85 50.51 53.48 56.77 60.39 64.36 68.68 73.33 78.28 83.50 88.97 94.68 100.52 106.40 112.25 118.02
