data_processed/recharge/precip/Precip_2005_03.asc
ncols        168
nrows        136
xllcorner    455000
yllcorner    2107000
cellsize     500
NODATA_value     -99999
[rows 36 to 71 of 136, columns 0 to 81 of 168]
13.36 14.25 15.26 16.31 17.39 18.47 19.56 20.64 21.69 22.71 23.69 24.61 25.47 26.25 26.95 27.55 28.03 28.40 28.68 28.91 29.12 29.31 29.48 29.61 29.69 29.72 29.70 29.60 29.35 28.92 28.34 27.63 26.80 25.87 24.85 23.78 22.65 21.50 20.34 19.18 18.05 16.96 15.93 14.97 14.11 13.36 12.73 12.23 11.87 11.65 11.59 11.68 11.92 12.22 12.52 12.81 13.09 13.37 13.65 13.92 14.19 14.45 14.72 14.99 15.26 15.53 15.80 16.08 16.36 16.63 16.86 17.07 17.24 17.40 17.59 17.81 18.05 18.31 18.55 18.72 18.82 18.85
13.06 13.86 14.81 15.85 16.92 17.99 19.06 20.11 21.12 22.10 23.03 23.89 24.68 25.39 26.01 26.52 26.91 27.21 27.47 27.70 27.92 28.12 28.29 28.43 28.52 28.57 28.57 28.52 28.39 28.11 27.66 27.06 26.33 25.48 24.54 23.51 22.42 21.28 20.12 18.95 17.79 16.65 15.56 14.53 13.57 12.71 11.94 11.29 10.76 10.37 10.12 10.03 10.09 10.31 10.59 10.87 11.16 11.44 11.72 12.00 12.29 12.58 12.87 13.17 13.47 13.79 14.11 14.43 14.75 15.03 15.29 15.52 15.72 15.91 16.12 16.37 16.65 16.95 17.25 17.53 17.73 17.86
12.79 13.48 14.32 15.29 16.34 17.39 18.43 19.44 20.41 21.34 22.21 23.01 23.73 24.36 24.89 25.30 25.62 25.90 26.17 26.41 26.63 26.83 27.01 27.15 27.25 27.31 27.32 27.29 27.22 27.07 26.77 26.30 25.69 24.94 24.08 23.12 22.08 20.98 19.84 18.68 17.50 16.34 15.20 14.11 13.08 12.11 11.23 10.45 9.77 9.23 8.82 8.56 8.45 8.50 8.70 8.98 9.26 9.55 9.84 10.14 10.44 10.76 11.08 11.42 11.76 12.12 12.48 12.84 13.17 13.47 13.74 13.99 14.21 14.43 14.67 14.96 15.27 15.60 15.94 16.28 16.59 16.82
12.53 13.13 13.86 14.70 15.66 16.68 17.68 18.65 19.58 20.45 21.25 21.98 22.62 23.16 23.60 23.94 24.24 24.53 24.79 25.03 25.25 25.46 25.63 25.78 25.89 25.95 25.98 25.97 25.92 25.82 25.65 25.34 24.86 24.23 23.47 22.60 21.63 20.59 19.48 18.34 17.17 16.00 14.85 13.71 12.62 11.58 10.60 9.70 8.90 8.22 7.66 7.25 6.99 6.88 6.93 7.14 7.42 7.71 8.02 8.34 8.67 9.01 9.37 9.74 10.12 10.53 10.92 11.29 11.63 11.94 12.23 12.49 12.74 12.98 13.25 13.57 13.91 14.27 14.64 15.02 15.39 15.72
12.28 12.80 13.42 14.14 14.96 15.87 16.83 17.75 18.62 19.43 20.16 20.81 21.36 21.81 22.18 22.50 22.80 23.09 23.35 23.59 23.81 24.01 24.19 24.33 24.44 24.52 24.56 24.56 24.52 24.45 24.34 24.15 23.82 23.33 22.70 21.93 21.05 20.08 19.04 17.94 16.80 15.64 14.48 13.33 12.19 11.09 10.04 9.04 8.13 7.33 6.65 6.11 5.70 5.45 5.35 5.42 5.65 5.95 6.27 6.61 6.97 7.34 7.73 8.15 8.58 9.00 9.40 9.77 10.12 10.44 10.74 11.03 11.30 11.56 11.86 12.20 12.57 12.97 13.37 13.79 14.19 14.59
12.06 12.48 13.00 13.60 14.29 15.05 15.89 16.74 17.55 18.29 18.95 19.51 19.98 20.35 20.69 21.01 21.31 21.59 21.85 22.09 22.31 22.50 22.68 22.82 22.93 23.01 23.06 23.07 23.05 22.99 22.90 22.78 22.58 22.25 21.75 21.11 20.34 19.46 18.49 17.46 16.37 15.25 14.10 12.94 11.78 10.64 9.53 8.46 7.45 6.55 5.77 5.11 4.59 4.21 3.98 3.91 4.01 4.27 4.60 4.97 5.35 5.76 6.20 6.65 7.10 7.53 7.93 8.30 8.65 8.98 9.30 9.60 9.89 10.18 10.51 10.87 11.27 11.69 12.13 12.58 13.02 13.45
11.84 12.19 12.60 13.09 13.64 14.26 14.93 15.66 16.39 17.05 17.62 18.10 18.49 18.85 19.18 19.50 19.79 20.06 20.32 20.55 20.76 20.95 21.12 21.25 21.36 21.44 21.49 21.51 21.50 21.46 21.39 21.29 21.16 20.96 20.62 20.12 19.48 18.71 17.85 16.90 15.88 14.81 13.70 12.55 11.39 10.23 9.07 7.94 6.86 5.88 5.01 4.26 3.64 3.15 2.81 2.62 2.60 2.74 3.04 3.42 3.84 4.29 4.76 5.24 5.68 6.10 6.50 6.87 7.23 7.57 7.89 8.21 8.52 8.84 9.19 9.58 10.00 10.45 10.92 11.40 11.87 12.33
11.65 11.91 12.23 12.60 13.03 13.50 14.01 14.57 15.15 15.72 16.20 16.61 16.97 17.32 17.65 17.96 18.24 18.51 18.75 18.98 19.18 19.36 19.51 19.65 19.75 19.83 19.88 19.91 19.91 19.88 19.83 19.75 19.64 19.50 19.30 18.96 18.46 17.83 17.09 16.25 15.32 14.32 13.26 12.15 11.00 9.84 8.66 7.49 6.35 5.31 4.37 3.55 2.84 2.27 1.83 1.54 1.41 1.44 1.63 1.99 2.44 2.93 3.42 3.88 4.32 4.73 5.12 5.49 5.85 6.20 6.54 6.87 7.20 7.53 7.90 8.32 8.77 9.25 9.75 10.25 10.76 11.25
11.47 11.65 11.88 12.14 12.44 12.77 13.13 13.50 13.90 14.32 14.72 15.10 15.45 15.79 16.11 16.40 16.68 16.94 17.17 17.38 17.57 17.74 17.89 18.01 18.11 18.18 18.24 18.27 18.27 18.26 18.21 18.15 18.06 17.95 17.81 17.61 17.29 16.82 16.23 15.51 14.69 13.78 12.78 11.72 10.61 9.46 8.28 7.09 5.92 4.83 3.84 2.96 2.19 1.55 1.04 0.67 0.44 0.37 0.47 0.74 1.17 1.66 2.13 2.58 3.01 3.41 3.79 4.17 4.53 4.88 5.23 5.57 5.92 6.27 6.67 7.11 7.59 8.09 8.61 9.14 9.68 10.20
11.31 11.42 11.55 11.71 11.88 12.07 12.27 12.48 12.70 12.93 13.24 13.60 13.94 14.27 14.57 14.86 15.12 15.36 15.58 15.78 15.96 16.11 16.24 16.35 16.44 16.51 16.56 16.60 16.61 16.60 16.57 16.51 16.44 16.35 16.24 16.12 15.96 15.67 15.24 14.67 13.97 13.16 12.26 11.27 10.21 9.09 7.93 6.73 5.54 4.43 3.41 2.49 1.68 0.99 0.42 0.00 0.00 0.00 0.00 0.00 0.05 0.47 0.91 1.34 1.75 2.15 2.53 2.90 3.26 3.61 3.97 4.33 4.69 5.06 5.48 5.94 6.44 6.97 7.52 8.08 8.64 9.20
11.16 11.20 11.24 11.30 11.35 11.41 11.46 11.50 11.55 11.67 11.86 12.13 12.45 12.76 13.05 13.32 13.57 13.80 14.00 14.18 14.34 14.48 14.60 14.69 14.77 14.83 14.88 14.91 14.92 14.91 14.89 14.85 14.80 14.73 14.65 14.58 14.50 14.37 14.12 13.71 13.16 12.48 11.68 10.78 9.79 8.72 7.59 6.41 5.22 4.10 3.07 2.13 1.30 0.57 0.00 0.00 0.00 0.00 0.00 0.00 0.00 0.00 0.00 0.17 0.57 0.95 1.32 1.69 2.05 2.41 2.77 3.14 3.52 3.91 4.35 4.83 5.35 5.90 6.48 7.06 7.65 8.23
11.02 10.99 10.96 10.91 10.85 10.78 10.68 10.58 10.52 10.53 10.61 10.77 11.01 11.29 11.56 11.81 12.04 12.25 12.44 12.60 12.74 12.86 12.96 13.04 13.10 13.15 13.19 13.22 13.23 13.23 13.21 13.18 13.14 13.10 13.07 13.04 13.00 12.96 12.86 12.63 12.24 11.71 11.04 10.24 9.34 8.35 7.27 6.12 4.95 3.85 2.82 1.88 1.04 0.30 0.00 0.00 0.00 0.00 0.00 0.00 0.00 0.00 0.00 0.00 0.00 0.00 0.18 0.54 0.90 1.26 1.63 2.01 2.40 2.81 3.26 3.77 4.31 4.89 5.48 6.09 6.71 7.32
10.90 10.81 10.70 10.55 10.38 10.18 9.96 9.76 9.62 9.53 9.51 9.55 9.67 9.87 10.11 10.34 10.55 10.74 10.91 11.05 11.17 11.27 11.34 11.40 11.45 11.49 11.51 11.53 11.54 11.54 11.53 11.51 11.49 11.49 11.50 11.51 11.51 11.51 11.50 11.43 11.22 10.85 10.32 9.66 8.86 7.96 6.95 5.85 4.72 3.65 2.64 1.72 0.89 0.15 0.00 0.00 0.00 0.00 0.00 0.00 0.00 0.00 0.00 0.00 0.00 0.00 0.00 0.00 0.00 0.18 0.56 0.94 1.35 1.77 2.24 2.77 3.33 3.92 4.54 5.18 5.82 6.45
10.80 10.64 10.45 10.22 9.94 9.63 9.33 9.07 8.85 8.67 8.54 8.48 8.49 8.57 8.72 8.92 9.11 9.27 9.42 9.54 9.63 9.71 9.76 9.79 9.82 9.84 9.86 9.87 9.87 9.87 9.86 9.86 9.88 9.92 9.96 10.01 10.05 10.09 10.12 10.13 10.08 9.89 9.53 9.00 8.34 7.54 6.62 5.60 4.52 3.50 2.54 1.65 0.85 0.14 0.00 0.00 0.00 0.00 0.00 0.00 0.00 0.00 0.00 0.00 0.00 0.00 0.00 0.00 0.00 0.00 0.00 0.00 0.36 0.80 1.29 1.83 2.41 3.02 3.66 4.32 4.98 5.66
10.70 10.49 10.23 9.91 9.54 9.17 8.82 8.50 8.20 7.94 7.73 7.57 7.46 7.43 7.46 7.57 7.72 7.86 7.98 8.07 8.14 8.19 8.21 8.23 8.23 8.24 8.24 8.24 8.23 8.23 8.24 8.27 8.33 8.39 8.47 8.55 8.63 8.71 8.78 8.83 8.86 8.83 8.64 8.28 7.76 7.09 6.28 5.35 4.35 3.39 2.49 1.66 0.90 0.23 0.00 0.00 0.00 0.00 0.00 0.00 0.00 0.00 0.00 0.00 0.00 0.00 0.00 0.00 0.00 0.00 0.00 0.00 0.00 0.00 0.40 0.95 1.55 2.18 2.84 3.52 4.22 4.95
10.62 10.36 10.03 9.64 9.23 8.83 8.43 8.04 7.68 7.35 7.05 6.80 6.60 6.45 6.37 6.36 6.42 6.52 6.61 6.67 6.72 6.73 6.73 6.71 6.70 6.68 6.66 6.65 6.64 6.65 6.68 6.75 6.83 6.93 7.04 7.15 7.27 7.38 7.48 7.57 7.64 7.69 7.66 7.49 7.13 6.60 5.92 5.09 4.19 3.31 2.49 1.74 1.05 0.44 0.00 0.00 0.00 0.00 0.00 0.00 0.00 0.00 0.00 0.00 0.00 0.00 0.00 0.00 0.00 0.00 0.00 0.00 0.00 0.00 0.00 0.15 0.76 1.41 2.09 2.80 3.55 4.34
10.56 10.25 9.86 9.45 9.02 8.58 8.15 7.71 7.30 6.90 6.53 6.19 5.89 5.64 5.45 5.32 5.26 5.27 5.32 5.35 5.36 5.35 5.31 5.27 5.22 5.18 5.15 5.12 5.12 5.15 5.22 5.31 5.42 5.55 5.68 5.83 5.98 6.12 6.26 6.38 6.48 6.57 6.62 6.61 6.43 6.06 5.53 4.83 4.04 3.27 2.54 1.88 1.27 0.70 0.11 0.00 0.00 0.00 0.00 0.00 0.00 0.00 0.00 0.00 0.00 0.00 0.00 0.00 0.00 0.00 0.00 0.00 0.00 0.00 0.00 0.00 0.04 0.71 1.42 2.18 2.99 3.84
10.51 10.16 9.78 9.36 8.91 8.45 7.98 7.51 7.04 6.58 6.14 5.73 5.35 5.01 4.71 4.47 4.29 4.17 4.13 4.12 4.09 4.05 3.98 3.90 3.83 3.76 3.71 3.69 3.70 3.76 3.85 3.96 4.10 4.25 4.42 4.59 4.77 4.94 5.11 5.26 5.40 5.52 5.61 5.67 5.65 5.47 5.10 4.54 3.88 3.24 2.63 2.07 1.53 0.96 0.37 0.00 0.00 0.00 0.00 0.00 0.00 0.00 0.00 0.00 0.00 0.00 0.00 0.00 0.00 0.00 0.00 0.00 0.00 0.00 0.00 0.00 0.00 0.10 0.85 1.66 2.52 3.42
10.48 10.15 9.77 9.35 8.90 8.43 7.93 7.43 6.91 6.41 5.91 5.42 4.97 4.54 4.15 3.80 3.50 3.27 3.09 2.99 2.92 2.84 2.73 2.62 2.51 2.43 2.37 2.37 2.41 2.48 2.59 2.73 2.89 3.06 3.25 3.45 3.66 3.86 4.06 4.24 4.41 4.56 4.68 4.78 4.83 4.81 4.62 4.23 3.72 3.21 2.74 2.26 1.75 1.19 0.61 0.00 0.00 0.00 0.00 0.00 0.00 0.00 0.00 0.00 0.00 0.00 0.00 0.00 0.00 0.00 0.00 0.00 0.00 0.00 0.00 0.00 0.00 0.00 0.39 1.25 2.16 3.10
10.52 10.22 9.86 9.45 9.00 8.51 8.00 7.47 6.92 6.37 5.82 5.27 4.74 4.24 3.76 3.31 2.91 2.56 2.26 2.03 1.87 1.74 1.59 1.44 1.31 1.22 1.18 1.19 1.24 1.34 1.46 1.62 1.80 2.00 2.21 2.43 2.66 2.89 3.11 3.32 3.52 3.70 3.86 3.98 4.07 4.12 4.09 3.88 3.54 3.19 2.82 2.40 1.92 1.39 0.82 0.23 0.00 0.00 0.00 0.00 0.00 0.00 0.00 0.00 0.00 0.00 0.00 0.00 0.00 0.00 0.00 0.00 0.00 0.00 0.00 0.00 0.00 0.00 0.04 0.94 1.89 2.87
10.63 10.36 10.03 9.63 9.19 8.71 8.19 7.63 7.06 6.47 5.88 5.28 4.69 4.11 3.55 3.01 2.51 2.05 1.64 1.29 0.99 0.76 0.56 0.38 0.24 0.16 0.14 0.16 0.23 0.33 0.48 0.65 0.85 1.07 1.30 1.54 1.79 2.04 2.29 2.53 2.75 2.96 3.14 3.30 3.42 3.50 3.54 3.50 3.33 3.11 2.82 2.45 2.02 1.53 1.00 0.44 0.00 0.00 0.00 0.00 0.00 0.00 0.00 0.00 0.00 0.00 0.00 0.00 0.00 0.00 0.00 0.00 0.00 0.00 0.00 0.00 0.00 0.00 0.00 0.73 1.71 2.73
10.81 10.58 10.28 9.91 9.48 9.01 8.48 7.92 7.33 6.71 6.08 5.43 4.78 4.14 3.51 2.89 2.30 1.74 1.22 0.75 0.33 0.00 0.00 0.00 0.00 0.00 0.00 0.00 0.00 0.00 0.00 0.00 0.04 0.28 0.53 0.79 1.06 1.33 1.60 1.86 2.11 2.34 2.55 2.73 2.88 3.00 3.07 3.09 3.05 2.92 2.71 2.41 2.04 1.61 1.12 0.60 0.05 0.00 0.00 0.00 0.00 0.00 0.00 0.00 0.00 0.00 0.00 0.00 0.00 0.00 0.00 0.00 0.00 0.00 0.00 0.00 0.00 0.00 0.00 0.61 1.62 2.66
10.98 10.81 10.55 10.21 9.81 9.35 8.84 8.27 7.67 7.03 6.37 5.69 5.00 4.30 3.60 2.92 2.25 1.60 0.98 0.40 0.00 0.00 0.00 0.00 0.00 0.00 0.00 0.00 0.00 0.00 0.00 0.00 0.00 0.00 0.00 0.13 0.42 0.71 1.00 1.29 1.56 1.82 2.05 2.26 2.44 2.58 2.68 2.72 2.70 2.65 2.52 2.30 2.00 1.63 1.21 0.74 0.22 0.00 0.00 0.00 0.00 0.00 0.00 0.00 0.00 0.00 0.00 0.00 0.00 0.00 0.00 0.00 0.00 0.00 0.00 0.00 0.00 0.00 0.00 0.49 1.53 2.59
11.11 10.99 10.79 10.50 10.14 9.70 9.20 8.65 8.05 7.40 6.72 6.02 5.29 4.55 3.80 3.05 2.31 1.58 0.88 0.20 0.00 0.00 0.00 0.00 0.00 0.00 0.00 0.00 0.00 0.00 0.00 0.00 0.00 0.00 0.00 0.00 0.00 0.15 0.47 0.78 1.08 1.36 1.62 1.86 2.07 2.24 2.36 2.39 2.36 2.33 2.27 2.14 1.92 1.63 1.27 0.85 0.39 0.00 0.00 0.00 0.00 0.00 0.00 0.00 0.00 0.00 0.00 0.00 0.00 0.00 0.00 0.00 0.00 0.00 0.00 0.00 0.00 0.00 0.00 0.34 1.40 2.48
11.17 11.13 10.99 10.75 10.43 10.04 9.57 9.04 8.44 7.80 7.12 6.40 5.64 4.87 4.08 3.28 2.48 1.68 0.90 0.14 0.00 0.00 0.00 0.00 0.00 0.00 0.00 0.00 0.00 0.00 0.00 0.00 0.00 0.00 0.00 0.00 0.00 0.00 0.01 0.34 0.67 0.98 1.27 1.54 1.78 1.96 2.07 2.09 2.06 2.03 1.99 1.93 1.79 1.58 1.29 0.93 0.53 0.08 0.00 0.00 0.00 0.00 0.00 0.00 0.00 0.00 0.00 0.00 0.00 0.00 0.00 0.00 0.00 0.00 0.00 0.00 0.00 0.00 0.00 0.15 1.23 2.34
11.19 11.19 11.13 10.96 10.70 10.35 9.92 9.42 8.85 8.22 7.54 6.81 6.05 5.25 4.43 3.59 2.74 1.89 1.04 0.20 0.00 0.00 0.00 0.00 0.00 0.00 0.00 0.00 0.00 0.00 0.00 0.00 0.00 0.00 0.00 0.00 0.00 0.00 0.00 0.00 0.33 0.68 1.00 1.30 1.55 1.72 1.81 1.83 1.79 1.75 1.71 1.67 1.61 1.48 1.27 0.98 0.64 0.25 0.00 0.00 0.00 0.00 0.00 0.00 0.00 0.00 0.00 0.00 0.00 0.00 0.00 0.00 0.00 0.00 0.00 0.00 0.00 0.00 0.00 0.00 1.04 2.17
11.21 11.22 11.20 11.11 10.91 10.62 10.25 9.79 9.25 8.65 7.98 7.26 6.49 5.68 4.84 3.97 3.09 2.19 1.28 0.36 0.00 0.00 0.00 0.00 0.00 0.00 0.00 0.00 0.00 0.00 0.00 0.00 0.00 0.00 0.00 0.00 0.00 0.00 0.00 0.00 0.08 0.45 0.81 1.12 1.35 1.50 1.59 1.60 1.56 1.51 1.47 1.43 1.39 1.33 1.20 0.99 0.72 0.39 0.01 0.00 0.00 0.00 0.00 0.00 0.00 0.00 0.00 0.00 0.00 0.00 0.00 0.00 0.00 0.00 0.00 0.00 0.00 0.00 0.00 0.00 0.83 1.99
11.24 11.24 11.22 11.18 11.06 10.85 10.53 10.12 9.63 9.06 8.42 7.72 6.96 6.15 5.30 4.41 3.50 2.56 1.60 0.62 0.00 0.00 0.00 0.00 0.00 0.00 0.00 0.00 0.00 0.00 0.00 0.00 0.00 0.00 0.00 0.00 0.00 0.00 0.00 0.00 0.00 0.32 0.68 0.97 1.18 1.32 1.39 1.39 1.35 1.31 1.26 1.22 1.17 1.13 1.08 0.95 0.76 0.49 0.17 0.00 0.00 0.00 0.00 0.00 0.00 0.00 0.00 0.00 0.00 0.00 0.00 0.00 0.00 0.00 0.00 0.00 0.00 0.00 0.00 0.00 0.60 1.78
11.28 11.27 11.25 11.21 11.14 11.00 10.76 10.41 9.98 9.45 8.85 8.17 7.43 6.64 5.79 4.89 3.96 2.99 1.99 0.97 0.00 0.00 0.00 0.00 0.00 0.00 0.00 0.00 0.00 0.00 0.00 0.00 0.00 0.00 0.00 0.00 0.00 0.00 0.00 0.00 0.00 0.24 0.58 0.85 1.04 1.17 1.23 1.22 1.18 1.12 1.08 1.03 0.99 0.95 0.91 0.86 0.75 0.56 0.31 0.00 0.00 0.00 0.00 0.00 0.00 0.00 0.00 0.00 0.00 0.00 0.00 0.00 0.00 0.00 0.00 0.00 0.00 0.00 0.00 0.00 0.37 1.57
11.33 11.31 11.28 11.24 11.17 11.08 10.92 10.65 10.28 9.81 9.25 8.62 7.91 7.13 6.29 5.40 4.45 3.46 2.44 1.38 0.31 0.00 0.00 0.00 0.00 0.00 0.00 0.00 0.00 0.00 0.00 0.00 0.00 0.00 0.00 0.00 0.00 0.00 0.00 0.00 0.00 0.20 0.51 0.75 0.93 1.04 1.09 1.08 1.02 0.97 0.92 0.87 0.83 0.79 0.76 0.73 0.68 0.57 0.40 0.16 0.00 0.00 0.00 0.00 0.00 0.00 0.00 0.00 0.00 0.00 0.00 0.00 0.00 0.00 0.00 0.00 0.00 0.00 0.00 0.00 0.17 1.36
11.39 11.36 11.32 11.27 11.20 11.11 11.00 10.81 10.52 10.12 9.62 9.03 8.36 7.62 6.80 5.91 4.97 3.97 2.93 1.86 0.75 0.00 0.00 0.00 0.00 0.00 0.00 0.00 0.00 0.00 0.00 0.00 0.00 0.00 0.00 0.00 0.00 0.00 0.00 0.00 0.00 0.18 0.46 0.68 0.84 0.93 0.97 0.95 0.90 0.84 0.79 0.74 0.70 0.66 0.62 0.60 0.57 0.54 0.44 0.28 0.06 0.00 0.00 0.00 0.00 0.00 0.00 0.00 0.00 0.00 0.00 0.00 0.00 0.00 0.00 0.00 0.00 0.00 0.00 0.00 0.06 1.20
11.45 11.42 11.37 11.31 11.23 11.14 11.03 10.90 10.68 10.36 9.93 9.41 8.79 8.08 7.29 6.43 5.50 4.51 3.46 2.37 1.25 0.08 0.00 0.00 0.00 0.00 0.00 0.00 0.00 0.00 0.00 0.00 0.00 0.00 0.00 0.00 0.00 0.00 0.00 0.00 0.00 0.18 0.44 0.63 0.77 0.85 0.88 0.86 0.80 0.74 0.68 0.63 0.59 0.55 0.52 0.49 0.47 0.46 0.43 0.35 0.20 0.00 0.00 0.00 0.00 0.00 0.00 0.00 0.00 0.00 0.00 0.00 0.00 0.00 0.00 0.00 0.00 0.00 0.00 0.00 0.02 1.11
11.52 11.48 11.43 11.36 11.27 11.17 11.06 10.92 10.77 10.53 10.18 9.72 9.17 8.51 7.76 6.93 6.03 5.05 4.02 2.93 1.79 0.61 0.00 0.00 0.00 0.00 0.00 0.00 0.00 0.00 0.00 0.00 0.00 0.00 0.00 0.00 0.00 0.00 0.00 0.00 0.00 0.20 0.43 0.61 0.73 0.80 0.81 0.78 0.72 0.66 0.60 0.55 0.50 0.47 0.43 0.41 0.39 0.38 0.38 0.36 0.30 0.17 0.00 0.00 0.00 0.00 0.00 0.00 0.00 0.00 0.00 0.00 0.00 0.00 0.00 0.00 0.00 0.00 0.00 0.00 0.06 1.10
11.59 11.54 11.48 11.41 11.32 11.21 11.09 10.95 10.79 10.61 10.35 9.97 9.48 8.89 8.20 7.41 6.54 5.60 4.58 3.50 2.37 1.19 0.00 0.00 0.00 0.00 0.00 0.00 0.00 0.00 0.00 0.00 0.00 0.00 0.00 0.00 0.00 0.00 0.00 0.00 0.00 0.24 0.45 0.60 0.70 0.76 0.76 0.73 0.66 0.60 0.54 0.49 0.44 0.40 0.37 0.35 0.33 0.33 0.33 0.34 0.34 0.29 0.16 0.00 0.00 0.00 0.00 0.00 0.00 0.00 0.00 0.00 0.00 0.00 0.00 0.00 0.00 0.00 0.00 0.00 0.17 1.17
11.67 11.61 11.55 11.46 11.36 11.25 11.12 10.97 10.81 10.64 10.43 10.14 9.73 9.21 8.58 7.85 7.03 6.13 5.14 4.09 2.97 1.79 0.58 0.00 0.00 0.00 0.00 0.00 0.00 0.00 0.00 0.00 0.00 0.00 0.00 0.00 0.00 0.00 0.00 0.00 0.07 0.30 0.48 0.62 0.70 0.74 0.73 0.69 0.62 0.55 0.49 0.44 0.40 0.36 0.33 0.31 0.29 0.29 0.30 0.31 0.34 0.34 0.29 0.16 0.00 0.00 0.00 0.00 0.00 0.00 0.00 0.00 0.00 0.00 0.00 0.00 0.00 0.00 0.00 0.00 0.34 1.30
11.74 11.69 11.61 11.52 11.41 11.29 11.16 11.00 10.83 10.65 10.44 10.21 9.89 9.46 8.91 8.25 7.49 6.63 5.69 4.67 3.58 2.42 1.21 0.08 0.00 0.00 0.00 0.00 0.00 0.00 0.00 0.00 0.00 0.00 0.00 0.00 0.00 0.00 0.00 0.00 0.18 0.38 0.54 0.64 0.71 0.73 0.72 0.67 0.60 0.53 0.47 0.41 0.37 0.33 0.30 0.28 0.27 0.28 0.29 0.30 0.32 0.34 0.34 0.28 0.16 0.00 0.00 0.00 0.00 0.00 0.00 0.00 0.00 0.00 0.00 0.00 0.00 0.00 0.00 0.00 0.56 1.50
