data_processed/recharge/precip/Precip_1997_04.asc
ncols        168
nrows        136
xllcorner    455000
yllcorner    2107000
cellsize     500
NODATA_value     -99999
[rows 33 to 65 of 136, columns 76 to 151 of 168]
50.61 50.42 50.23 50.04 49.85 49.65 49.46 49.28 49.10 48.93 48.77 48.62 48.49 48.38 48.29 48.22 48.17 48.15 48.16 48.20 48.27 48.38 48.52 48.71 48.93 49.20 49.52 49.88 50.30 50.77 51.31 51.90 52.56 53.29 54.08 54.95 55.90 56.93 58.03 59.23 60.51 61.96 63.74 65.83 68.20 70.81 73.62 76.60 79.71 82.90 86.15 89.42 92.67 95.87 98.97 101.94 104.79 107.51 110.10 112.54 114.82 116.93 118.85 120.57 122.07 123.36 124.40 125.20 125.73 125.98 125.95 125.61 124.96 123.98 122.67 121.00
51.01 50.83 50.66 50.48 50.30 50.13 49.95 49.78 49.61 49.45 49.31 49.18 49.06 48.96 48.88 48.82 48.79 48.78 48.80 48.85 48.94 49.06 49.21 49.41 49.64 49.92 50.25 50.62 51.04 51.52 52.06 52.66 53.33 54.06 54.86 55.74 56.69 57.72 58.83 60.02 61.31 62.77 64.55 66.65 69.03 71.64 74.47 77.46 80.58 83.79 87.06 90.34 93.61 96.83 99.95 102.98 105.91 108.73 111.42 113.97 116.37 118.61 120.67 122.55 124.22 125.67 126.90 127.89 128.62 129.09 129.28 129.18 128.77 128.05 126.99 125.60
51.41 51.26 51.10 50.94 50.77 50.61 50.44 50.29 50.13 49.99 49.86 49.74 49.63 49.55 49.48 49.43 49.41 49.41 49.45 49.51 49.60 49.73 49.90 50.10 50.35 50.64 50.97 51.35 51.78 52.27 52.81 53.42 54.09 54.82 55.63 56.51 57.46 58.49 59.61 60.80 62.09 63.55 65.34 67.44 69.83 72.45 75.28 78.28 81.42 84.64 87.93 91.23 94.52 97.76 100.93 104.02 107.02 109.92 112.70 115.36 117.87 120.24 122.43 124.45 126.27 127.89 129.30 130.47 131.40 132.07 132.48 132.60 132.43 131.95 131.15 130.02
51.83 51.69 51.55 51.40 51.25 51.10 50.95 50.80 50.66 50.53 50.41 50.30 50.21 50.14 50.08 50.04 50.03 50.05 50.09 50.16 50.26 50.40 50.58 50.79 51.05 51.34 51.69 52.08 52.52 53.01 53.55 54.16 54.83 55.57 56.38 57.26 58.22 59.25 60.37 61.57 62.85 64.31 66.10 68.21 70.60 73.23 76.07 79.08 82.23 85.47 88.76 92.08 95.39 98.66 101.87 105.02 108.08 111.06 113.93 116.68 119.30 121.78 124.10 126.25 128.22 130.00 131.57 132.92 134.04 134.91 135.52 135.86 135.92 135.67 135.12 134.25
52.25 52.13 52.00 51.86 51.73 51.59 51.45 51.32 51.19 51.07 50.96 50.87 50.79 50.72 50.68 50.65 50.65 50.67 50.73 50.81 50.92 51.07 51.25 51.47 51.74 52.04 52.39 52.79 53.24 53.73 54.29 54.90 55.57 56.31 57.12 58.00 58.96 59.99 61.11 62.31 63.59 65.05 66.84 68.95 71.35 73.98 76.83 79.85 83.00 86.26 89.57 92.90 96.23 99.52 102.77 105.96 109.08 112.12 115.07 117.91 120.63 123.21 125.65 127.93 130.04 131.97 133.70 135.21 136.51 137.57 138.38 138.93 139.20 139.19 138.88 138.26
52.69 52.57 52.46 52.33 52.21 52.08 51.96 51.84 51.72 51.61 51.52 51.43 51.36 51.30 51.27 51.25 51.26 51.30 51.36 51.45 51.57 51.72 51.92 52.15 52.42 52.73 53.09 53.49 53.94 54.45 55.01 55.62 56.29 57.04 57.84 58.73 59.68 60.71 61.83 63.02 64.31 65.77 67.56 69.67 72.06 74.71 77.56 80.59 83.75 87.01 90.33 93.67 97.00 100.31 103.59 106.82 109.99 113.09 116.11 119.03 121.83 124.52 127.07 129.47 131.71 133.77 135.65 137.33 138.79 140.03 141.03 141.78 142.27 142.48 142.40 142.02
53.12 53.02 52.92 52.80 52.69 52.58 52.46 52.35 52.25 52.15 52.06 51.99 51.93 51.88 51.85 51.85 51.87 51.91 51.98 52.08 52.21 52.37 52.57 52.81 53.08 53.40 53.77 54.18 54.64 55.15 55.71 56.33 57.00 57.74 58.55 59.43 60.38 61.41 62.53 63.72 65.00 66.46 68.25 70.36 72.75 75.40 78.26 81.29 84.46 87.73 91.04 94.37 97.70 101.02 104.32 107.58 110.79 113.94 117.02 120.00 122.89 125.67 128.32 130.83 133.19 135.39 137.41 139.24 140.86 142.28 143.46 144.40 145.09 145.51 145.66 145.51
53.55 53.47 53.37 53.27 53.17 53.06 52.96 52.86 52.77 52.68 52.60 52.54 52.48 52.45 52.43 52.43 52.46 52.51 52.58 52.69 52.83 53.00 53.20 53.45 53.73 54.06 54.43 54.84 55.31 55.82 56.39 57.01 57.69 58.43 59.24 60.11 61.06 62.09 63.20 64.39 65.67 67.12 68.90 71.01 73.41 76.06 78.92 81.96 85.13 88.37 91.66 94.97 98.29 101.61 104.92 108.20 111.45 114.64 117.77 120.82 123.78 126.64 129.38 132.00 134.47 136.79 138.94 140.92 142.70 144.27 145.63 146.76 147.64 148.27 148.63 148.71
53.98 53.91 53.82 53.73 53.64 53.55 53.45 53.36 53.28 53.20 53.13 53.07 53.03 53.00 52.99 53.00 53.04 53.09 53.18 53.29 53.43 53.61 53.82 54.07 54.36 54.69 55.06 55.49 55.95 56.47 57.05 57.67 58.36 59.10 59.90 60.78 61.72 62.75 63.85 65.03 66.30 67.75 69.53 71.64 74.03 76.68 79.55 82.58 85.72 88.91 92.16 95.45 98.75 102.07 105.38 108.68 111.94 115.17 118.34 121.45 124.47 127.41 130.23 132.94 135.52 137.96 140.24 142.34 144.27 146.00 147.53 148.83 149.90 150.72 151.29 151.58
54.41 54.34 54.27 54.19 54.11 54.02 53.94 53.85 53.78 53.71 53.65 53.60 53.56 53.54 53.54 53.56 53.60 53.66 53.75 53.87 54.02 54.20 54.42 54.67 54.97 55.30 55.68 56.11 56.58 57.10 57.68 58.31 58.99 59.74 60.54 61.41 62.36 63.37 64.47 65.65 66.91 68.35 70.13 72.23 74.62 77.27 80.13 83.11 86.19 89.33 92.53 95.78 99.06 102.36 105.67 108.97 112.25 115.51 118.71 121.87 124.95 127.95 130.85 133.65 136.32 138.86 141.26 143.50 145.56 147.44 149.12 150.59 151.84 152.85 153.61 154.12
54.82 54.77 54.70 54.63 54.56 54.48 54.41 54.33 54.26 54.20 54.15 54.11 54.08 54.06 54.07 54.09 54.14 54.21 54.30 54.43 54.58 54.77 54.99 55.25 55.55 55.89 56.27 56.70 57.17 57.70 58.28 58.91 59.60 60.35 61.15 62.03 62.96 63.97 65.06 66.23 67.49 68.92 70.69 72.79 75.18 77.81 80.61 83.51 86.51 89.59 92.74 95.94 99.19 102.47 105.76 109.06 112.35 115.62 118.86 122.05 125.18 128.24 131.21 134.08 136.85 139.49 141.99 144.35 146.54 148.56 150.39 152.02 153.44 154.63 155.58 156.28
55.22 55.18 55.12 55.06 55.00 54.93 54.86 54.79 54.73 54.68 54.63 54.60 54.57 54.57 54.58 54.60 54.66 54.73 54.83 54.96 55.12 55.31 55.54 55.80 56.10 56.44 56.83 57.26 57.74 58.27 58.85 59.48 60.17 60.92 61.73 62.60 63.54 64.54 65.62 66.78 68.03 69.45 71.21 73.31 75.68 78.24 80.94 83.75 86.67 89.68 92.76 95.92 99.12 102.37 105.64 108.93 112.22 115.50 118.75 121.97 125.14 128.25 131.28 134.23 137.07 139.80 142.40 144.87 147.18 149.33 151.31 153.09 154.67 156.03 157.16 158.06
55.61 55.58 55.53 55.47 55.42 55.36 55.30 55.24 55.18 55.13 55.09 55.06 55.05 55.04 55.06 55.09 55.15 55.23 55.33 55.47 55.63 55.82 56.05 56.32 56.62 56.97 57.36 57.79 58.27 58.80 59.38 60.02 60.71 61.46 62.27 63.14 64.08 65.08 66.15 67.30 68.54 69.95 71.70 73.77 76.06 78.51 81.09 83.81 86.63 89.56 92.58 95.67 98.83 102.03 105.28 108.55 111.83 115.11 118.37 121.61 124.81 127.96 131.05 134.05 136.97 139.78 142.48 145.05 147.47 149.74 151.85 153.77 155.51 157.03 158.34 159.42
55.99 55.96 55.92 55.87 55.82 55.76 55.71 55.66 55.61 55.57 55.53 55.51 55.49 55.50 55.52 55.56 55.61 55.70 55.81 55.94 56.11 56.31 56.54 56.81 57.11 57.46 57.85 58.28 58.77 59.30 59.88 60.51 61.21 61.96 62.76 63.64 64.57 65.57 66.65 67.79 69.01 70.41 72.14 74.11 76.27 78.58 81.05 83.65 86.38 89.22 92.16 95.18 98.28 101.44 104.64 107.89 111.15 114.42 117.69 120.94 124.17 127.35 130.48 133.54 136.52 139.40 142.18 144.85 147.38 149.76 151.99 154.05 155.93 157.61 159.09 160.34
56.34 56.32 56.28 56.24 56.20 56.15 56.10 56.05 56.01 55.97 55.94 55.92 55.91 55.92 55.94 55.99 56.05 56.14 56.25 56.39 56.55 56.75 56.99 57.26 57.57 57.91 58.30 58.74 59.22 59.75 60.34 60.97 61.66 62.41 63.22 64.09 65.02 66.02 67.09 68.23 69.45 70.82 72.44 74.26 76.26 78.44 80.78 83.26 85.89 88.63 91.48 94.43 97.46 100.56 103.72 106.93 110.17 113.42 116.69 119.94 123.18 126.39 129.55 132.66 135.69 138.65 141.50 144.25 146.88 149.37 151.72 153.90 155.92 157.75 159.38 160.80
56.65 56.64 56.61 56.57 56.54 56.49 56.45 56.41 56.37 56.34 56.31 56.29 56.29 56.30 56.33 56.37 56.44 56.53 56.64 56.78 56.95 57.15 57.39 57.66 57.97 58.32 58.71 59.15 59.63 60.16 60.74 61.38 62.07 62.81 63.62 64.49 65.42 66.42 67.49 68.63 69.84 71.14 72.59 74.25 76.09 78.13 80.33 82.69 85.20 87.83 90.59 93.45 96.41 99.45 102.55 105.71 108.92 112.15 115.40 118.65 121.90 125.12 128.31 131.45 134.53 137.54 140.47 143.29 146.01 148.60 151.05 153.36 155.50 157.46 159.24 160.82
56.86 56.85 56.83 56.81 56.77 56.74 56.70 56.67 56.63 56.60 56.58 56.57 56.58 56.59 56.62 56.67 56.74 56.83 56.95 57.09 57.27 57.47 57.71 57.98 58.29 58.65 59.04 59.48 59.96 60.49 61.07 61.71 62.40 63.15 63.95 64.82 65.75 66.75 67.82 68.96 70.19 71.50 72.84 74.33 76.01 77.88 79.94 82.17 84.54 87.07 89.72 92.48 95.36 98.32 101.36 104.46 107.62 110.82 114.04 117.28 120.52 123.75 126.96 130.13 133.25 136.30 139.28 142.17 144.97 147.64 150.19 152.60 154.86 156.96 158.88 160.60
56.96 56.96 56.94 56.93 56.90 56.87 56.84 56.81 56.79 56.77 56.75 56.75 56.76 56.78 56.81 56.87 56.94 57.04 57.16 57.31 57.49 57.70 57.94 58.22 58.53 58.88 59.28 59.72 60.20 60.74 61.32 61.96 62.65 63.40 64.21 65.08 66.01 67.01 68.08 69.24 70.50 71.84 73.19 74.57 76.08 77.79 79.69 81.77 84.01 86.40 88.94 91.60 94.37 97.25 100.21 103.25 106.36 109.51 112.70 115.91 119.14 122.36 125.57 128.76 131.90 134.99 138.02 140.96 143.82 146.57 149.21 151.72 154.09 156.30 158.34 160.20
56.94 56.94 56.94 56.93 56.92 56.90 56.88 56.86 56.84 56.83 56.82 56.82 56.84 56.87 56.91 56.97 57.05 57.16 57.28 57.44 57.62 57.83 58.08 58.36 58.68 59.04 59.44 59.88 60.37 60.91 61.49 62.13 62.83 63.58 64.39 65.26 66.19 67.20 68.29 69.49 70.79 72.16 73.54 74.92 76.32 77.86 79.59 81.51 83.60 85.86 88.27 90.81 93.48 96.26 99.13 102.10 105.13 108.23 111.37 114.55 117.75 120.96 124.16 127.35 130.51 133.62 136.68 139.68 142.59 145.41 148.12 150.71 153.17 155.49 157.65 159.64
56.80 56.82 56.83 56.83 56.83 56.82 56.81 56.80 56.79 56.78 56.79 56.80 56.82 56.86 56.91 56.98 57.07 57.18 57.31 57.47 57.66 57.88 58.14 58.42 58.75 59.11 59.52 59.96 60.46 61.00 61.59 62.23 62.93 63.69 64.50 65.37 66.31 67.34 68.48 69.71 71.04 72.44 73.85 75.26 76.67 78.10 79.65 81.40 83.34 85.45 87.71 90.13 92.68 95.35 98.13 101.00 103.96 106.99 110.07 113.20 116.37 119.55 122.74 125.92 129.08 132.21 135.29 138.32 141.27 144.15 146.92 149.59 152.14 154.55 156.81 158.92
56.56 56.59 56.61 56.63 56.63 56.63 56.63 56.63 56.64 56.64 56.66 56.68 56.71 56.76 56.82 56.90 56.99 57.11 57.26 57.43 57.62 57.85 58.11 58.40 58.73 59.10 59.52 59.97 60.47 61.02 61.61 62.26 62.97 63.72 64.54 65.42 66.39 67.46 68.63 69.90 71.26 72.69 74.13 75.57 77.00 78.43 79.88 81.46 83.22 85.17 87.29 89.57 91.99 94.54 97.21 99.98 102.85 105.80 108.82 111.89 115.01 118.15 121.31 124.47 127.63 130.76 133.86 136.90 139.89 142.81 145.64 148.37 150.99 153.49 155.85 158.05
56.21 56.25 56.29 56.32 56.34 56.35 56.36 56.38 56.39 56.41 56.43 56.47 56.51 56.57 56.64 56.73 56.83 56.96 57.11 57.29 57.50 57.74 58.00 58.31 58.65 59.02 59.44 59.90 60.41 60.96 61.57 62.22 62.93 63.70 64.52 65.44 66.45 67.56 68.77 70.07 71.46 72.92 74.38 75.85 77.31 78.77 80.22 81.68 83.27 85.05 87.01 89.13 91.41 93.83 96.38 99.05 101.82 104.68 107.62 110.62 113.68 116.77 119.89 123.03 126.16 129.29 132.38 135.45 138.46 141.41 144.28 147.06 149.74 152.31 154.75 157.06
55.76 55.82 55.87 55.91 55.94 55.97 55.99 56.02 56.05 56.08 56.12 56.16 56.22 56.29 56.37 56.47 56.59 56.73 56.89 57.08 57.30 57.54 57.82 58.13 58.48 58.87 59.30 59.77 60.28 60.84 61.45 62.12 62.83 63.61 64.47 65.43 66.49 67.64 68.88 70.21 71.63 73.11 74.60 76.10 77.58 79.07 80.54 82.01 83.49 85.09 86.88 88.84 90.97 93.25 95.67 98.22 100.87 103.63 106.48 109.40 112.39 115.42 118.50 121.59 124.70 127.80 130.89 133.95 136.98 139.95 142.85 145.68 148.41 151.04 153.55 155.94
55.20 55.28 55.34 55.40 55.45 55.49 55.53 55.57 55.62 55.66 55.71 55.77 55.84 55.92 56.02 56.13 56.26 56.41 56.59 56.79 57.02 57.27 57.56 57.89 58.25 58.64 59.08 59.56 60.09 60.66 61.28 61.95 62.68 63.49 64.40 65.40 66.50 67.69 68.97 70.33 71.78 73.29 74.80 76.32 77.83 79.34 80.84 82.33 83.81 85.30 86.91 88.70 90.67 92.80 95.08 97.49 100.03 102.68 105.42 108.25 111.16 114.12 117.13 120.18 123.24 126.32 129.39 132.44 135.46 138.44 141.37 144.22 147.00 149.68 152.25 154.71
54.55 54.64 54.73 54.80 54.86 54.92 54.98 55.04 55.09 55.15 55.22 55.30 55.38 55.47 55.58 55.71 55.86 56.02 56.21 56.42 56.66 56.93 57.24 57.57 57.94 58.35 58.80 59.29 59.83 60.41 61.04 61.73 62.49 63.35 64.31 65.36 66.50 67.72 69.03 70.43 71.90 73.44 74.98 76.52 78.05 79.59 81.11 82.63 84.13 85.62 87.12 88.73 90.52 92.49 94.61 96.88 99.29 101.81 104.45 107.18 109.99 112.87 115.81 118.79 121.81 124.84 127.88 130.91 133.92 136.90 139.84 142.71 145.52 148.24 150.86 153.38
53.80 53.91 54.01 54.11 54.19 54.27 54.34 54.41 54.49 54.56 54.65 54.74 54.84 54.95 55.07 55.22 55.38 55.56 55.76 55.99 56.24 56.52 56.84 57.19 57.57 57.99 58.45 58.96 59.51 60.10 60.75 61.47 62.29 63.20 64.21 65.30 66.48 67.74 69.08 70.51 72.01 73.56 75.13 76.69 78.25 79.81 81.35 82.89 84.42 85.93 87.42 88.93 90.54 92.33 94.29 96.41 98.67 101.06 103.57 106.19 108.90 111.69 114.54 117.46 120.41 123.39 126.39 129.39 132.38 135.34 138.28 141.16 143.99 146.74 149.40 151.96
52.97 53.09 53.21 53.32 53.43 53.52 53.62 53.71 53.80 53.89 53.99 54.10 54.22 54.35 54.49 54.65 54.82 55.02 55.24 55.48 55.75 56.05 56.38 56.74 57.14 57.57 58.05 58.57 59.13 59.74 60.43 61.21 62.08 63.04 64.09 65.23 66.44 67.74 69.12 70.57 72.09 73.67 75.26 76.84 78.43 80.00 81.57 83.13 84.68 86.21 87.73 89.23 90.73 92.34 94.12 96.08 98.18 100.43 102.81 105.30 107.90 110.58 113.35 116.17 119.05 121.97 124.91 127.87 130.83 133.77 136.69 139.58 142.41 145.18 147.87 150.47
52.08 52.19 52.33 52.46 52.58 52.70 52.81 52.92 53.03 53.14 53.26 53.39 53.52 53.67 53.83 54.01 54.20 54.41 54.65 54.91 55.19 55.51 55.85 56.23 56.64 57.10 57.59 58.12 58.70 59.35 60.10 60.94 61.86 62.87 63.96 65.14 66.39 67.73 69.13 70.61 72.16 73.76 75.37 76.97 78.58 80.18 81.77 83.35 84.92 86.47 88.01 89.52 91.02 92.52 94.12 95.90 97.84 99.93 102.17 104.52 106.99 109.57 112.22 114.96 117.75 120.59 123.47 126.38 129.29 132.20 135.10 137.97 140.80 143.58 146.29 148.92
51.17 51.24 51.36 51.51 51.65 51.79 51.92 52.05 52.18 52.32 52.46 52.60 52.76 52.92 53.10 53.30 53.51 53.74 53.99 54.27 54.57 54.91 55.27 55.66 56.09 56.56 57.07 57.62 58.25 58.96 59.77 60.66 61.63 62.69 63.83 65.04 66.33 67.70 69.14 70.64 72.22 73.83 75.46 77.09 78.71 80.33 81.94 83.54 85.13 86.70 88.26 89.79 91.31 92.80 94.29 95.89 97.65 99.58 101.66 103.87 106.20 108.65 111.19 113.82 116.52 119.28 122.08 124.92 127.78 130.65 133.51 136.36 139.17 141.94 144.66 147.31
50.26 50.27 50.35 50.48 50.64 50.80 50.96 51.11 51.26 51.42 51.58 51.75 51.92 52.11 52.31 52.52 52.75 53.00 53.28 53.57 53.90 54.25 54.63 55.04 55.49 55.97 56.50 57.10 57.79 58.57 59.43 60.37 61.40 62.50 63.68 64.94 66.26 67.66 69.13 70.66 72.25 73.89 75.54 77.18 78.83 80.46 82.09 83.71 85.32 86.91 88.48 90.04 91.57 93.08 94.57 96.05 97.63 99.38 101.29 103.34 105.53 107.84 110.26 112.77 115.36 118.03 120.74 123.51 126.30 129.11 131.93 134.74 137.53 140.29 143.00 145.65
49.34 49.31 49.33 49.41 49.56 49.74 49.92 50.10 50.27 50.45 50.63 50.82 51.02 51.23 51.45 51.68 51.94 52.21 52.50 52.82 53.16 53.53 53.93 54.36 54.83 55.34 55.92 56.59 57.34 58.17 59.09 60.09 61.16 62.31 63.53 64.82 66.19 67.61 69.11 70.66 72.28 73.94 75.60 77.27 78.93 80.58 82.23 83.86 85.49 87.10 88.69 90.26 91.81 93.34 94.84 96.32 97.78 99.35 101.08 102.97 105.00 107.16 109.44 111.82 114.30 116.85 119.48 122.15 124.87 127.62 130.38 133.14 135.90 138.63 141.32 143.97
48.43 48.34 48.31 48.35 48.45 48.61 48.81 49.01 49.21 49.41 49.62 49.83 50.05 50.28 50.53 50.79 51.06 51.35 51.67 52.01 52.37 52.76 53.18 53.64 54.13 54.69 55.34 56.07 56.88 57.78 58.75 59.80 60.92 62.11 63.37 64.70 66.10 67.56 69.08 70.66 72.30 73.97 75.65 77.33 79.01 80.68 82.35 84.00 85.64 87.27 88.87 90.46 92.03 93.58 95.09 96.58 98.04 99.49 101.04 102.74 104.61 106.61 108.74 110.98 113.33 115.77 118.29 120.86 123.49 126.16 128.86 131.57 134.27 136.97 139.64 142.27
47.53 47.39 47.31 47.29 47.34 47.45 47.64 47.86 48.09 48.31 48.55 48.78 49.03 49.28 49.55 49.83 50.13 50.45 50.78 51.15 51.53 51.95 52.39 52.87 53.42 54.05 54.76 55.56 56.43 57.38 58.41 59.51 60.67 61.91 63.21 64.58 66.01 67.50 69.04 70.65 72.30 73.99 75.69 77.39 79.08 80.77 82.45 84.12 85.77 87.42 89.04 90.65 92.23 93.79 95.32 96.82 98.30 99.74 101.16 102.69 104.37 106.20 108.17 110.27 112.48 114.79 117.19 119.66 122.19 124.77 127.39 130.02 132.67 135.32 137.95 140.55
