data_processed/recharge/precip/Precip_1992_12.asc
ncols        168
nrows        136
xllcorner    455000
yllcorner    2107000
cellsize     500
NODATA_value     -99999
[rows 72 to 107 of 136, columns 82 to 163 of 168]
1.45 1.58 1.73 1.89 2.05 2.23 2.40 2.58 2.74 2.91 3.06 3.19 3.31 3.41 3.49 3.54 3.56 3.57 3.58 3.59 3.60 3.62 3.64 3.65 3.67 3.68 3.68 3.67 3.66 3.64 3.63 3.62 3.61 3.61 3.62 3.64 3.67 3.72 3.79 3.88 3.99 4.12 4.28 4.43 4.59 4.76 4.96 5.28 5.79 6.49 7.36 8.35 9.40 10.48 11.58 12.70 13.82 14.94 16.05 17.13 18.18 19.19 20.15 21.05 21.88 22.63 23.30 23.86 24.34 24.78 25.20 25.62 26.02 26.42 26.81 27.18 27.56 27.92 28.29 28.69 29.14 29.68
1.42 1.53 1.66 1.80 1.96 2.12 2.29 2.46 2.63 2.80 2.95 3.10 3.23 3.35 3.44 3.52 3.56 3.58 3.60 3.61 3.63 3.64 3.66 3.68 3.68 3.68 3.67 3.65 3.63 3.61 3.59 3.57 3.55 3.54 3.55 3.56 3.59 3.63 3.69 3.78 3.88 4.02 4.18 4.36 4.55 4.74 4.96 5.30 5.85 6.59 7.48 8.44 9.45 10.50 11.58 12.69 13.80 14.92 16.03 17.13 18.20 19.23 20.23 21.17 22.05 22.86 23.59 24.23 24.77 25.22 25.63 26.03 26.43 26.81 27.19 27.55 27.90 28.24 28.59 28.97 29.42 29.96
1.36 1.45 1.56 1.69 1.84 1.99 2.15 2.32 2.49 2.66 2.82 2.98 3.13 3.26 3.37 3.46 3.53 3.58 3.60 3.61 3.63 3.65 3.67 3.68 3.68 3.66 3.64 3.61 3.58 3.55 3.52 3.49 3.47 3.45 3.45 3.46 3.48 3.52 3.58 3.66 3.76 3.89 4.05 4.24 4.45 4.67 4.92 5.29 5.88 6.63 7.48 8.39 9.35 10.37 11.42 12.50 13.60 14.72 15.83 16.93 18.02 19.08 20.10 21.08 22.01 22.87 23.66 24.37 24.98 25.50 25.92 26.31 26.69 27.05 27.41 27.75 28.06 28.35 28.67 29.02 29.45 29.98
1.29 1.35 1.44 1.55 1.68 1.83 1.99 2.15 2.32 2.49 2.66 2.82 2.98 3.13 3.26 3.38 3.47 3.54 3.59 3.61 3.63 3.65 3.66 3.66 3.64 3.62 3.59 3.55 3.51 3.47 3.43 3.40 3.37 3.34 3.33 3.34 3.35 3.39 3.44 3.52 3.62 3.75 3.90 4.09 4.31 4.56 4.83 5.24 5.83 6.53 7.31 8.16 9.08 10.06 11.08 12.13 13.22 14.32 15.43 16.53 17.63 18.71 19.76 20.77 21.74 22.65 23.49 24.26 24.94 25.53 26.02 26.42 26.78 27.13 27.46 27.73 27.98 28.22 28.48 28.79 29.19 29.70
1.18 1.22 1.29 1.38 1.50 1.63 1.78 1.94 2.11 2.28 2.46 2.63 2.80 2.96 3.11 3.25 3.36 3.46 3.54 3.58 3.61 3.63 3.63 3.61 3.59 3.55 3.51 3.46 3.42 3.37 3.32 3.28 3.24 3.21 3.20 3.19 3.20 3.23 3.29 3.36 3.46 3.58 3.74 3.92 4.14 4.40 4.69 5.10 5.62 6.25 6.96 7.76 8.63 9.55 10.54 11.56 12.62 13.70 14.80 15.91 17.01 18.11 19.18 20.22 21.22 22.17 23.06 23.88 24.63 25.30 25.86 26.33 26.70 27.01 27.25 27.44 27.61 27.78 27.98 28.24 28.60 29.07
1.04 1.06 1.11 1.19 1.29 1.41 1.55 1.70 1.87 2.04 2.22 2.40 2.58 2.75 2.92 3.07 3.21 3.34 3.44 3.52 3.58 3.59 3.58 3.56 3.52 3.47 3.42 3.37 3.31 3.25 3.19 3.14 3.10 3.07 3.04 3.03 3.04 3.07 3.11 3.18 3.28 3.40 3.55 3.74 3.96 4.21 4.51 4.85 5.29 5.84 6.48 7.21 8.02 8.90 9.83 10.82 11.85 12.92 14.00 15.10 16.20 17.30 18.39 19.45 20.48 21.47 22.41 23.28 24.09 24.82 25.46 26.00 26.44 26.71 26.86 26.95 27.02 27.11 27.24 27.44 27.74 28.17
0.91 0.90 0.93 0.99 1.07 1.17 1.30 1.45 1.61 1.78 1.96 2.14 2.33 2.51 2.69 2.86 3.03 3.17 3.30 3.42 3.53 3.58 3.57 3.53 3.48 3.42 3.36 3.29 3.22 3.15 3.09 3.03 2.97 2.93 2.90 2.88 2.88 2.90 2.94 3.01 3.10 3.22 3.37 3.55 3.76 4.02 4.31 4.63 5.00 5.46 6.02 6.68 7.42 8.24 9.13 10.08 11.07 12.11 13.17 14.26 15.35 16.45 17.55 18.63 19.68 20.70 21.67 22.59 23.45 24.24 24.95 25.58 26.11 26.45 26.53 26.52 26.50 26.50 26.56 26.69 26.92 27.30
0.80 0.76 0.76 0.79 0.85 0.94 1.06 1.19 1.34 1.51 1.68 1.87 2.06 2.25 2.44 2.63 2.81 2.97 3.13 3.30 3.46 3.57 3.58 3.54 3.48 3.40 3.33 3.24 3.16 3.08 3.00 2.93 2.87 2.81 2.77 2.75 2.74 2.75 2.78 2.84 2.92 3.03 3.17 3.35 3.56 3.81 4.10 4.42 4.76 5.15 5.63 6.21 6.88 7.64 8.47 9.36 10.32 11.32 12.35 13.42 14.51 15.60 16.70 17.78 18.85 19.90 20.90 21.86 22.77 23.61 24.38 25.09 25.72 26.15 26.30 26.23 26.11 26.02 25.99 26.04 26.22 26.53
0.71 0.64 0.61 0.61 0.65 0.72 0.81 0.93 1.07 1.23 1.40 1.58 1.77 1.97 2.17 2.37 2.56 2.75 2.95 3.16 3.37 3.52 3.59 3.57 3.50 3.41 3.32 3.22 3.12 3.03 2.93 2.85 2.77 2.70 2.65 2.61 2.59 2.59 2.62 2.66 2.74 2.84 2.97 3.14 3.35 3.60 3.89 4.20 4.54 4.90 5.31 5.80 6.40 7.08 7.85 8.69 9.60 10.56 11.56 12.60 13.67 14.75 15.84 16.93 18.01 19.07 20.10 21.09 22.04 22.93 23.77 24.56 25.27 25.79 26.03 26.01 25.84 25.65 25.53 25.50 25.60 25.86
0.65 0.54 0.47 0.45 0.46 0.50 0.57 0.68 0.80 0.95 1.11 1.29 1.48 1.68 1.88 2.08 2.29 2.52 2.76 3.01 3.26 3.46 3.56 3.59 3.55 3.45 3.33 3.22 3.10 2.99 2.88 2.78 2.68 2.60 2.54 2.48 2.45 2.44 2.45 2.48 2.54 2.64 2.76 2.93 3.14 3.39 3.67 3.98 4.31 4.67 5.05 5.47 5.98 6.59 7.29 8.07 8.92 9.83 10.79 11.80 12.84 13.90 14.98 16.07 17.15 18.22 19.27 20.29 21.27 22.22 23.13 23.99 24.78 25.38 25.69 25.75 25.63 25.38 25.17 25.06 25.08 25.26
0.61 0.46 0.36 0.30 0.28 0.30 0.35 0.43 0.54 0.67 0.82 0.99 1.18 1.37 1.58 1.79 2.03 2.29 2.56 2.84 3.13 3.37 3.51 3.58 3.57 3.49 3.37 3.23 3.09 2.96 2.83 2.71 2.60 2.51 2.42 2.35 2.30 2.28 2.27 2.29 2.34 2.42 2.55 2.72 2.92 3.16 3.44 3.74 4.07 4.43 4.80 5.20 5.64 6.17 6.79 7.50 8.29 9.14 10.06 11.02 12.03 13.07 14.13 15.21 16.29 17.36 18.42 19.46 20.49 21.49 22.46 23.38 24.24 24.90 25.29 25.42 25.37 25.16 24.89 24.69 24.63 24.74
0.61 0.42 0.28 0.18 0.13 0.12 0.14 0.20 0.29 0.40 0.54 0.70 0.87 1.06 1.27 1.51 1.77 2.05 2.35 2.67 2.99 3.26 3.44 3.53 3.56 3.51 3.40 3.26 3.10 2.94 2.80 2.65 2.52 2.41 2.30 2.22 2.15 2.10 2.08 2.09 2.13 2.21 2.33 2.50 2.70 2.94 3.21 3.51 3.83 4.18 4.55 4.94 5.36 5.81 6.35 6.99 7.71 8.50 9.36 10.28 11.25 12.26 13.30 14.35 15.42 16.50 17.57 18.64 19.70 20.74 21.76 22.74 23.65 24.38 24.83 25.03 25.03 24.89 24.65 24.39 24.25 24.28
0.62 0.41 0.23 0.10 0.01 0.00 0.00 0.00 0.05 0.14 0.26 0.41 0.57 0.76 0.98 1.24 1.52 1.82 2.14 2.48 2.83 3.13 3.34 3.46 3.52 3.50 3.42 3.28 3.11 2.93 2.76 2.59 2.44 2.30 2.18 2.07 1.99 1.92 1.88 1.87 1.91 1.99 2.11 2.27 2.47 2.71 2.98 3.27 3.59 3.93 4.29 4.68 5.09 5.52 5.99 6.54 7.18 7.91 8.71 9.58 10.50 11.47 12.48 13.51 14.57 15.63 16.72 17.81 18.91 19.99 21.04 22.06 23.03 23.81 24.31 24.57 24.62 24.53 24.35 24.12 23.92 23.86
0.64 0.42 0.22 0.05 0.00 0.00 0.00 0.00 0.00 0.00 0.00 0.13 0.29 0.48 0.71 0.98 1.27 1.59 1.93 2.29 2.67 2.98 3.22 3.37 3.44 3.45 3.39 3.27 3.11 2.91 2.72 2.53 2.35 2.19 2.04 1.91 1.80 1.72 1.66 1.65 1.69 1.77 1.89 2.05 2.25 2.48 2.74 3.03 3.34 3.68 4.04 4.42 4.82 5.24 5.68 6.16 6.73 7.38 8.12 8.92 9.79 10.72 11.69 12.69 13.73 14.79 15.89 17.00 18.11 19.22 20.31 21.37 22.38 23.20 23.75 24.05 24.15 24.10 23.96 23.78 23.59 23.49
0.66 0.44 0.23 0.03 0.00 0.00 0.00 0.00 0.00 0.00 0.00 0.00 0.03 0.23 0.46 0.73 1.03 1.37 1.72 2.10 2.49 2.83 3.08 3.25 3.34 3.36 3.32 3.23 3.08 2.89 2.67 2.46 2.25 2.06 1.89 1.74 1.60 1.50 1.45 1.44 1.47 1.55 1.67 1.83 2.02 2.25 2.50 2.79 3.09 3.42 3.77 4.15 4.54 4.96 5.39 5.85 6.34 6.91 7.58 8.32 9.13 10.00 10.93 11.90 12.92 13.99 15.08 16.20 17.33 18.45 19.56 20.65 21.69 22.56 23.14 23.47 23.61 23.60 23.50 23.35 23.20 23.11
0.69 0.46 0.24 0.04 0.00 0.00 0.00 0.00 0.00 0.00 0.00 0.00 0.00 0.00 0.23 0.50 0.81 1.15 1.51 1.90 2.30 2.66 2.92 3.10 3.21 3.25 3.22 3.14 3.00 2.82 2.61 2.37 2.14 1.92 1.72 1.54 1.39 1.29 1.23 1.22 1.26 1.33 1.45 1.60 1.79 2.01 2.27 2.54 2.84 3.17 3.51 3.88 4.26 4.67 5.10 5.55 6.01 6.52 7.10 7.77 8.51 9.33 10.21 11.15 12.16 13.21 14.30 15.42 16.55 17.68 18.81 19.91 20.98 21.88 22.49 22.85 23.01 23.03 22.96 22.83 22.71 22.65
0.72 0.48 0.26 0.05 0.00 0.00 0.00 0.00 0.00 0.00 0.00 0.00 0.00 0.00 0.03 0.30 0.60 0.94 1.31 1.70 2.11 2.47 2.75 2.94 3.05 3.10 3.08 3.01 2.88 2.71 2.50 2.26 2.01 1.76 1.53 1.33 1.18 1.07 1.02 1.01 1.04 1.12 1.23 1.38 1.57 1.78 2.03 2.30 2.59 2.91 3.25 3.61 3.99 4.39 4.81 5.24 5.70 6.18 6.69 7.28 7.96 8.71 9.55 10.46 11.44 12.47 13.55 14.66 15.78 16.92 18.05 19.17 20.25 21.17 21.80 22.18 22.36 22.40 22.35 22.24 22.14 22.09
0.75 0.51 0.28 0.07 0.00 0.00 0.00 0.00 0.00 0.00 0.00 0.00 0.00 0.00 0.00 0.11 0.41 0.74 1.11 1.51 1.92 2.29 2.56 2.76 2.88 2.93 2.91 2.84 2.72 2.55 2.35 2.11 1.84 1.57 1.32 1.12 0.97 0.86 0.81 0.80 0.83 0.91 1.02 1.16 1.34 1.56 1.79 2.06 2.35 2.65 2.98 3.34 3.71 4.10 4.51 4.94 5.39 5.86 6.34 6.87 7.47 8.17 8.96 9.83 10.78 11.78 12.83 13.92 15.04 16.16 17.29 18.41 19.51 20.43 21.07 21.47 21.66 21.71 21.67 21.57 21.48 21.44
0.78 0.54 0.31 0.09 0.00 0.00 0.00 0.00 0.00 0.00 0.00 0.00 0.00 0.00 0.00 0.00 0.23 0.56 0.92 1.31 1.73 2.09 2.37 2.56 2.68 2.73 2.71 2.64 2.51 2.35 2.14 1.90 1.63 1.36 1.11 0.91 0.76 0.66 0.61 0.60 0.63 0.70 0.81 0.95 1.13 1.33 1.56 1.82 2.10 2.40 2.72 3.07 3.43 3.81 4.22 4.64 5.08 5.54 6.01 6.51 7.06 7.70 8.44 9.27 10.17 11.14 12.16 13.22 14.31 15.42 16.54 17.66 18.75 19.68 20.32 20.72 20.91 20.97 20.92 20.83 20.74 20.71
0.82 0.58 0.34 0.12 0.00 0.00 0.00 0.00 0.00 0.00 0.00 0.00 0.00 0.00 0.00 0.00 0.08 0.39 0.74 1.13 1.53 1.89 2.16 2.35 2.46 2.50 2.48 2.40 2.27 2.10 1.88 1.64 1.38 1.13 0.91 0.71 0.57 0.47 0.41 0.40 0.43 0.50 0.60 0.74 0.91 1.11 1.34 1.59 1.86 2.15 2.46 2.80 3.15 3.53 3.92 4.34 4.77 5.21 5.69 6.19 6.73 7.32 8.00 8.77 9.62 10.54 11.52 12.55 13.61 14.70 15.80 16.90 17.99 18.91 19.54 19.93 20.13 20.17 20.12 20.02 19.93 19.89
0.85 0.61 0.38 0.16 0.00 0.00 0.00 0.00 0.00 0.00 0.00 0.00 0.00 0.00 0.00 0.00 0.00 0.24 0.58 0.95 1.34 1.69 1.95 2.13 2.23 2.26 2.22 2.13 1.99 1.81 1.58 1.34 1.10 0.89 0.69 0.52 0.38 0.28 0.22 0.21 0.24 0.30 0.40 0.54 0.70 0.89 1.11 1.36 1.62 1.90 2.21 2.54 2.88 3.25 3.63 4.03 4.46 4.90 5.38 5.89 6.44 7.02 7.64 8.35 9.14 10.01 10.94 11.92 12.94 14.00 15.07 16.15 17.22 18.12 18.75 19.12 19.30 19.33 19.27 19.15 19.04 18.98
0.89 0.65 0.43 0.21 0.00 0.00 0.00 0.00 0.00 0.00 0.00 0.00 0.00 0.00 0.00 0.00 0.00 0.11 0.42 0.78 1.15 1.49 1.73 1.89 1.98 1.99 1.94 1.84 1.68 1.48 1.25 1.03 0.83 0.64 0.47 0.32 0.20 0.10 0.05 0.03 0.06 0.12 0.21 0.34 0.50 0.69 0.90 1.13 1.39 1.66 1.96 2.28 2.61 2.97 3.34 3.74 4.15 4.61 5.09 5.61 6.17 6.75 7.36 8.00 8.73 9.53 10.40 11.33 12.31 13.32 14.36 15.41 16.45 17.33 17.93 18.28 18.44 18.45 18.36 18.22 18.09 18.01
0.92 0.69 0.47 0.26 0.06 0.00 0.00 0.00 0.00 0.00 0.00 0.00 0.00 0.00 0.00 0.00 0.00 0.00 0.29 0.62 0.97 1.29 1.51 1.65 1.72 1.71 1.64 1.51 1.34 1.13 0.92 0.73 0.55 0.39 0.24 0.12 0.01 0.00 0.00 0.00 0.00 0.00 0.03 0.15 0.31 0.48 0.69 0.91 1.16 1.43 1.72 2.02 2.35 2.70 3.06 3.45 3.87 4.33 4.83 5.35 5.91 6.49 7.10 7.72 8.39 9.12 9.93 10.79 11.72 12.68 13.67 14.68 15.69 16.54 17.11 17.43 17.55 17.53 17.41 17.24 17.07 16.98
0.96 0.74 0.52 0.32 0.14 0.00 0.00 0.00 0.00 0.00 0.00 0.00 0.00 0.00 0.00 0.00 0.00 0.00 0.17 0.47 0.80 1.09 1.29 1.40 1.44 1.41 1.32 1.16 0.98 0.79 0.61 0.44 0.29 0.15 0.02 0.00 0.00 0.00 0.00 0.00 0.00 0.00 0.00 0.00 0.12 0.29 0.49 0.70 0.94 1.20 1.48 1.78 2.10 2.43 2.79 3.19 3.62 4.08 4.58 5.11 5.67 6.25 6.85 7.47 8.11 8.78 9.51 10.31 11.17 12.07 13.01 13.97 14.93 15.75 16.27 16.56 16.64 16.58 16.42 16.21 16.03 15.98
0.99 0.78 0.58 0.40 0.23 0.07 0.00 0.00 0.00 0.00 0.00 0.00 0.00 0.00 0.00 0.00 0.00 0.00 0.07 0.34 0.64 0.90 1.07 1.15 1.16 1.10 0.97 0.81 0.64 0.48 0.32 0.17 0.04 0.00 0.00 0.00 0.00 0.00 0.00 0.00 0.00 0.00 0.00 0.00 0.00 0.11 0.30 0.50 0.73 0.98 1.25 1.54 1.85 2.18 2.54 2.95 3.39 3.86 4.36 4.89 5.44 6.01 6.61 7.22 7.85 8.49 9.15 9.88 10.66 11.50 12.38 13.28 14.20 14.96 15.44 15.67 15.71 15.59 15.39 15.16 15.02 15.06
1.03 0.83 0.65 0.48 0.32 0.18 0.05 0.00 0.00 0.00 0.00 0.00 0.00 0.00 0.00 0.00 0.00 0.00 0.00 0.23 0.49 0.71 0.85 0.90 0.87 0.78 0.63 0.48 0.34 0.20 0.06 0.00 0.00 0.00 0.00 0.00 0.00 0.00 0.00 0.00 0.00 0.00 0.00 0.00 0.00 0.00 0.11 0.31 0.53 0.77 1.03 1.31 1.61 1.95 2.32 2.74 3.18 3.65 4.15 4.68 5.23 5.80 6.38 6.98 7.60 8.22 8.85 9.51 10.21 10.97 11.78 12.62 13.47 14.18 14.60 14.78 14.76 14.59 14.35 14.17 14.12 14.22
1.07 0.89 0.72 0.57 0.42 0.29 0.16 0.05 0.00 0.00 0.00 0.00 0.00 0.00 0.00 0.00 0.00 0.00 0.00 0.13 0.36 0.54 0.63 0.64 0.58 0.46 0.33 0.21 0.08 0.00 0.00 0.00 0.00 0.00 0.00 0.00 0.00 0.00 0.00 0.00 0.00 0.00 0.00 0.00 0.00 0.00 0.00 0.13 0.34 0.57 0.82 1.09 1.40 1.75 2.13 2.55 2.99 3.47 3.96 4.49 5.03 5.59 6.16 6.75 7.35 7.96 8.57 9.19 9.82 10.49 11.22 11.99 12.78 13.42 13.77 13.88 13.80 13.59 13.41 13.31 13.33 13.49
1.11 0.95 0.80 0.65 0.52 0.39 0.28 0.17 0.08 0.00 0.00 0.00 0.00 0.00 0.00 0.00 0.00 0.00 0.00 0.06 0.24 0.38 0.42 0.39 0.30 0.20 0.09 0.00 0.00 0.00 0.00 0.00 0.00 0.00 0.00 0.00 0.00 0.00 0.00 0.00 0.00 0.00 0.00 0.00 0.00 0.00 0.00 0.00 0.17 0.38 0.63 0.91 1.23 1.58 1.97 2.38 2.83 3.30 3.79 4.31 4.84 5.39 5.95 6.53 7.11 7.70 8.29 8.88 9.47 10.07 10.71 11.39 12.10 12.67 12.95 12.99 12.86 12.71 12.61 12.58 12.67 12.89
1.15 1.01 0.87 0.74 0.62 0.50 0.39 0.29 0.20 0.12 0.05 0.00 0.00 0.00 0.00 0.00 0.00 0.00 0.00 0.01 0.14 0.23 0.23 0.17 0.09 0.00 0.00 0.00 0.00 0.00 0.00 0.00 0.00 0.00 0.00 0.00 0.00 0.00 0.00 0.00 0.00 0.00 0.00 0.00 0.00 0.00 0.00 0.00 0.00 0.22 0.46 0.75 1.08 1.44 1.82 2.24 2.69 3.15 3.64 4.15 4.67 5.21 5.75 6.31 6.87 7.44 8.00 8.57 9.13 9.68 10.24 10.84 11.46 11.95 12.15 12.14 12.06 11.99 11.97 12.01 12.16 12.43
1.18 1.06 0.94 0.82 0.71 0.60 0.50 0.41 0.32 0.24 0.17 0.11 0.05 0.01 0.00 0.00 0.00 0.00 0.00 0.00 0.06 0.09 0.06 0.01 0.00 0.00 0.00 0.00 0.00 0.00 0.00 0.00 0.00 0.00 0.00 0.00 0.00 0.00 0.00 0.00 0.00 0.00 0.00 0.00 0.00 0.00 0.00 0.00 0.00 0.08 0.34 0.63 0.96 1.32 1.71 2.12 2.56 3.02 3.50 4.00 4.51 5.03 5.56 6.09 6.63 7.18 7.72 8.25 8.78 9.30 9.81 10.32 10.86 11.25 11.40 11.44 11.45 11.47 11.51 11.62 11.82 12.13
1.21 1.10 1.00 0.89 0.79 0.69 0.60 0.51 0.43 0.35 0.28 0.21 0.15 0.10 0.06 0.02 0.00 0.00 0.00 0.00 0.00 0.00 0.00 0.00 0.00 0.00 0.00 0.00 0.00 0.00 0.00 0.00 0.00 0.00 0.00 0.00 0.00 0.00 0.00 0.00 0.00 0.00 0.00 0.00 0.00 0.00 0.00 0.00 0.00 0.00 0.24 0.54 0.87 1.23 1.62 2.03 2.46 2.91 3.38 3.86 4.36 4.86 5.37 5.88 6.40 6.91 7.43 7.93 8.43 8.91 9.39 9.84 10.29 10.62 10.82 10.96 11.05 11.14 11.25 11.42 11.66 12.01
1.23 1.13 1.04 0.95 0.86 0.77 0.68 0.60 0.52 0.44 0.37 0.30 0.24 0.18 0.13 0.08 0.05 0.01 0.00 0.00 0.00 0.00 0.00 0.00 0.00 0.00 0.00 0.00 0.00 0.00 0.00 0.00 0.00 0.00 0.00 0.00 0.00 0.00 0.00 0.00 0.00 0.00 0.00 0.00 0.00 0.00 0.00 0.00 0.00 0.00 0.17 0.47 0.80 1.16 1.54 1.95 2.37 2.81 3.27 3.73 4.21 4.69 5.18 5.67 6.16 6.65 7.13 7.60 8.06 8.51 8.94 9.36 9.76 10.14 10.43 10.65 10.82 10.98 11.15 11.36 11.64 12.02
1.22 1.14 1.07 0.99 0.91 0.83 0.75 0.67 0.59 0.52 0.44 0.37 0.31 0.24 0.18 0.13 0.08 0.03 0.00 0.00 0.00 0.00 0.00 0.00 0.00 0.00 0.00 0.00 0.00 0.00 0.00 0.00 0.00 0.00 0.00 0.00 0.00 0.00 0.00 0.00 0.00 0.00 0.00 0.00 0.00 0.00 0.00 0.00 0.00 0.00 0.11 0.41 0.74 1.09 1.47 1.87 2.28 2.70 3.14 3.59 4.05 4.51 4.97 5.44 5.90 6.35 6.80 7.24 7.66 8.07 8.46 8.84 9.24 9.64 10.00 10.30 10.54 10.76 10.98 11.23 11.54 11.95
1.19 1.13 1.07 1.01 0.94 0.87 0.80 0.73 0.65 0.58 0.50 0.43 0.36 0.29 0.22 0.16 0.09 0.04 0.00 0.00 0.00 0.00 0.00 0.00 0.00 0.00 0.00 0.00 0.00 0.00 0.00 0.00 0.00 0.00 0.00 0.00 0.00 0.00 0.00 0.00 0.00 0.00 0.00 0.00 0.00 0.00 0.00 0.00 0.00 0.00 0.06 0.36 0.68 1.03 1.40 1.78 2.18 2.59 3.01 3.44 3.87 4.31 4.74 5.18 5.61 6.03 6.44 6.84 7.22 7.59 7.95 8.32 8.71 9.12 9.50 9.86 10.16 10.43 10.69 10.97 11.31 11.72
1.15 1.11 1.06 1.01 0.95 0.89 0.83 0.76 0.69 0.62 0.55 0.47 0.40 0.32 0.25 0.17 0.10 0.03 0.00 0.00 0.00 0.00 0.00 0.00 0.00 0.00 0.00 0.00 0.00 0.00 0.00 0.00 0.00 0.00 0.00 0.00 0.00 0.00 0.00 0.00 0.00 0.00 0.00 0.00 0.00 0.00 0.00 0.00 0.00 0.00 0.02 0.31 0.63 0.97 1.32 1.69 2.07 2.46 2.86 3.27 3.68 4.08 4.49 4.89 5.29 5.67 6.05 6.40 6.74 7.08 7.42 7.79 8.19 8.60 8.99 9.36 9.70 10.01 10.31 10.61 10.96 11.39
1.08 1.06 1.03 1.00 0.95 0.90 0.85 0.79 0.72 0.65 0.58 0.51 0.43 0.35 0.26 0.18 0.10 0.03 0.00 0.00 0.00 0.00 0.00 0.00 0.00 0.00 0.00 0.00 0.00 0.00 0.00 0.00 0.00 0.00 0.00 0.00 0.00 0.00 0.00 0.00 0.00 0.00 0.00 0.00 0.00 0.00 0.00 0.00 0.00 0.00 0.00 0.28 0.58 0.90 1.24 1.59 1.96 2.33 2.70 3.08 3.46 3.84 4.22 4.58 4.94 5.29 5.62 5.93 6.24 6.56 6.90 7.28 7.68 8.08 8.47 8.85 9.21 9.55 9.86 10.19 10.54 10.96
