data_processed/recharge/precip/Precip_1984_08.asc
ncols        168
nrows        136
xllcorner    455000
yllcorner    2107000
cellsize     500
NODATA_value     -99999
[rows 0 to 31 of 136, columns 71 to 141 of 168]
99.07 98.04 97.05 96.11 95.23 94.39 93.59 92.85 92.15 91.49 90.88 90.32 89.81 89.36 88.99 88.69 88.46 88.30 88.20 88.16 88.18 88.25 88.36 88.52 88.72 88.96 89.24 89.54 89.87 90.23 90.61 91.00 91.41 91.83 92.25 92.68 93.11 93.53 93.94 94.35 94.73 95.09 95.41 95.69 95.93 96.12 96.27 96.38 96.45 96.46 96.43 96.35 96.22 96.03 95.67 95.10 94.32 93.35 92.22 90.92 89.49 87.93 86.26 84.50 82.66 80.76 78.82 76.86 74.90 72.97 71.04
99.84 98.80 97.81 96.86 95.97 95.12 94.32 93.57 92.86 92.20 91.58 91.01 90.48 90.00 89.59 89.25 88.98 88.78 88.64 88.57 88.55 88.58 88.66 88.79 88.97 89.18 89.42 89.70 90.01 90.35 90.70 91.08 91.47 91.87 92.28 92.69 93.11 93.52 93.92 94.32 94.68 95.02 95.31 95.58 95.80 95.99 96.13 96.24 96.30 96.32 96.30 96.23 96.11 95.93 95.59 95.04 94.29 93.35 92.24 90.98 89.57 88.05 86.42 84.69 82.89 81.03 79.13 77.20 75.27 73.36 71.48
100.57 99.53 98.53 97.58 96.68 95.83 95.02 94.26 93.55 92.88 92.26 91.68 91.14 90.64 90.20 89.82 89.51 89.27 89.09 88.98 88.92 88.92 88.97 89.07 89.21 89.40 89.62 89.87 90.15 90.47 90.80 91.16 91.53 91.91 92.30 92.70 93.10 93.50 93.90 94.27 94.61 94.92 95.20 95.45 95.66 95.84 95.98 96.08 96.15 96.17 96.15 96.09 95.99 95.83 95.51 94.98 94.25 93.34 92.26 91.03 89.66 88.17 86.57 84.89 83.13 81.32 79.46 77.57 75.68 73.80 71.95
101.28 100.23 99.23 98.28 97.37 96.51 95.70 94.93 94.21 93.53 92.90 92.31 91.77 91.26 90.80 90.39 90.04 89.76 89.54 89.39 89.30 89.27 89.28 89.35 89.46 89.62 89.81 90.04 90.30 90.59 90.90 91.23 91.59 91.95 92.33 92.71 93.10 93.49 93.86 94.20 94.52 94.81 95.07 95.30 95.50 95.67 95.81 95.91 95.98 96.01 96.00 95.95 95.87 95.73 95.43 94.92 94.22 93.34 92.28 91.08 89.75 88.29 86.74 85.09 83.38 81.61 79.79 77.96 76.11 74.28 72.47
101.96 100.90 99.90 98.94 98.03 97.16 96.34 95.57 94.84 94.16 93.52 92.92 92.37 91.86 91.39 90.96 90.58 90.26 90.00 89.81 89.69 89.62 89.60 89.64 89.72 89.84 90.01 90.21 90.45 90.71 91.00 91.31 91.65 92.00 92.36 92.72 93.10 93.46 93.79 94.11 94.41 94.68 94.92 95.14 95.34 95.50 95.63 95.73 95.80 95.84 95.84 95.81 95.74 95.62 95.34 94.86 94.19 93.33 92.31 91.14 89.84 88.43 86.91 85.30 83.63 81.91 80.14 78.36 76.56 74.78 73.02
102.61 101.55 100.54 99.58 98.66 97.79 96.97 96.19 95.45 94.76 94.11 93.51 92.95 92.43 91.95 91.51 91.11 90.76 90.47 90.24 90.08 89.97 89.92 89.93 89.98 90.07 90.21 90.38 90.59 90.84 91.10 91.40 91.71 92.04 92.38 92.73 93.08 93.40 93.71 94.01 94.28 94.53 94.76 94.97 95.15 95.31 95.44 95.55 95.62 95.67 95.68 95.66 95.61 95.51 95.26 94.80 94.15 93.33 92.34 91.21 89.94 88.56 87.09 85.53 83.90 82.22 80.50 78.77 77.03 75.30 73.59
103.24 102.17 101.16 100.19 99.27 98.39 97.56 96.78 96.03 95.34 94.68 94.07 93.50 92.97 92.48 92.04 91.63 91.26 90.94 90.68 90.48 90.34 90.25 90.22 90.24 90.31 90.42 90.56 90.75 90.96 91.21 91.48 91.77 92.08 92.41 92.73 93.04 93.33 93.62 93.89 94.14 94.37 94.59 94.79 94.96 95.12 95.25 95.35 95.43 95.49 95.51 95.51 95.48 95.40 95.17 94.74 94.12 93.33 92.37 91.28 90.05 88.71 87.27 85.76 84.18 82.54 80.88 79.19 77.51 75.83 74.19
103.84 102.77 101.75 100.78 99.85 98.97 98.13 97.34 96.59 95.89 95.23 94.61 94.03 93.49 93.00 92.54 92.13 91.75 91.41 91.12 90.88 90.70 90.59 90.52 90.51 90.55 90.63 90.75 90.90 91.10 91.32 91.57 91.84 92.13 92.42 92.70 92.98 93.25 93.51 93.75 93.98 94.20 94.41 94.59 94.76 94.91 95.04 95.15 95.24 95.31 95.34 95.36 95.34 95.29 95.09 94.69 94.10 93.34 92.42 91.35 90.17 88.87 87.47 86.00 84.47 82.88 81.27 79.64 78.01 76.39 74.81
104.42 103.35 102.32 101.35 100.41 99.53 98.68 97.89 97.13 96.42 95.75 95.12 94.54 93.99 93.49 93.02 92.60 92.21 91.87 91.56 91.29 91.08 90.93 90.83 90.78 90.79 90.84 90.93 91.06 91.23 91.43 91.66 91.91 92.16 92.41 92.66 92.91 93.15 93.38 93.60 93.82 94.02 94.21 94.39 94.55 94.70 94.83 94.95 95.04 95.12 95.17 95.21 95.21 95.18 95.01 94.64 94.08 93.35 92.47 91.44 90.29 89.04 87.69 86.26 84.77 83.24 81.68 80.10 78.53 76.97 75.44
104.98 103.90 102.87 101.89 100.95 100.06 99.21 98.41 97.65 96.93 96.25 95.62 95.02 94.47 93.96 93.49 93.05 92.66 92.30 91.98 91.70 91.46 91.27 91.14 91.06 91.04 91.06 91.12 91.23 91.37 91.55 91.75 91.96 92.17 92.39 92.60 92.82 93.03 93.24 93.44 93.64 93.83 94.01 94.18 94.34 94.49 94.62 94.74 94.85 94.93 95.00 95.05 95.08 95.08 94.94 94.60 94.07 93.37 92.53 91.54 90.43 89.22 87.91 86.53 85.10 83.61 82.11 80.58 79.07 77.57 76.10
105.51 104.43 103.40 102.41 101.47 100.57 99.72 98.91 98.14 97.42 96.73 96.09 95.49 94.93 94.41 93.93 93.49 93.08 92.72 92.39 92.10 91.84 91.63 91.46 91.35 91.29 91.28 91.32 91.40 91.51 91.66 91.82 91.99 92.17 92.35 92.53 92.71 92.90 93.09 93.27 93.45 93.63 93.80 93.96 94.12 94.27 94.41 94.53 94.65 94.75 94.84 94.91 94.96 94.98 94.87 94.56 94.07 93.41 92.60 91.65 90.58 89.41 88.16 86.82 85.44 84.01 82.55 81.09 79.63 78.19 76.79
106.03 104.95 103.91 102.92 101.97 101.07 100.21 99.39 98.62 97.89 97.20 96.55 95.94 95.37 94.84 94.35 93.90 93.49 93.11 92.78 92.47 92.21 91.98 91.79 91.64 91.55 91.51 91.52 91.57 91.66 91.76 91.88 92.01 92.15 92.29 92.44 92.60 92.76 92.92 93.09 93.25 93.42 93.58 93.74 93.90 94.05 94.19 94.32 94.45 94.57 94.67 94.76 94.84 94.89 94.81 94.53 94.07 93.45 92.68 91.77 90.75 89.63 88.41 87.13 85.80 84.42 83.02 81.61 80.21 78.84 77.50
106.52 105.44 104.40 103.40 102.45 101.54 100.68 99.86 99.08 98.34 97.64 96.99 96.37 95.80 95.26 94.76 94.30 93.88 93.50 93.15 92.84 92.56 92.32 92.11 91.94 91.82 91.75 91.73 91.75 91.79 91.85 91.92 92.01 92.11 92.22 92.34 92.47 92.61 92.75 92.90 93.05 93.20 93.36 93.52 93.67 93.82 93.97 94.12 94.26 94.39 94.51 94.63 94.73 94.81 94.76 94.51 94.09 93.51 92.78 91.91 90.93 89.85 88.69 87.46 86.18 84.85 83.51 82.16 80.83 79.51 78.24
107.00 105.91 104.87 103.87 102.91 102.00 101.13 100.30 99.52 98.77 98.07 97.41 96.79 96.20 95.66 95.15 94.68 94.25 93.86 93.50 93.18 92.89 92.64 92.42 92.24 92.09 91.99 91.94 91.91 91.91 91.92 91.95 92.00 92.06 92.14 92.23 92.34 92.45 92.57 92.70 92.84 92.99 93.14 93.29 93.44 93.60 93.76 93.91 94.07 94.21 94.36 94.50 94.63 94.74 94.72 94.51 94.12 93.58 92.89 92.07 91.13 90.10 88.99 87.81 86.58 85.31 84.03 82.74 81.46 80.21 79.01
107.46 106.37 105.32 104.32 103.36 102.44 101.57 100.73 99.94 99.19 98.48 97.81 97.18 96.59 96.04 95.53 95.05 94.61 94.21 93.84 93.51 93.21 92.95 92.72 92.53 92.37 92.24 92.14 92.06 92.00 91.97 91.96 91.97 92.00 92.05 92.11 92.19 92.28 92.39 92.50 92.63 92.77 92.91 93.06 93.22 93.38 93.55 93.71 93.88 94.05 94.21 94.37 94.53 94.68 94.69 94.52 94.17 93.66 93.02 92.24 91.35 90.37 89.31 88.18 87.00 85.79 84.57 83.34 82.13 80.94 79.81
107.91 106.81 105.76 104.75 103.79 102.87 101.99 101.15 100.35 99.60 98.88 98.20 97.57 96.97 96.41 95.89 95.40 94.96 94.54 94.17 93.83 93.52 93.25 93.01 92.80 92.63 92.47 92.32 92.19 92.09 92.01 91.96 91.94 91.93 91.95 91.98 92.04 92.11 92.20 92.30 92.42 92.55 92.69 92.84 93.00 93.16 93.34 93.52 93.70 93.89 94.07 94.26 94.45 94.63 94.68 94.54 94.23 93.77 93.16 92.43 91.59 90.66 89.65 88.57 87.45 86.30 85.14 83.97 82.82 81.70 80.64
108.34 107.24 106.18 105.17 104.20 103.28 102.39 101.55 100.75 99.99 99.26 98.58 97.94 97.33 96.77 96.24 95.74 95.29 94.87 94.48 94.13 93.81 93.53 93.28 93.06 92.86 92.66 92.48 92.31 92.16 92.04 91.95 91.89 91.85 91.84 91.85 91.88 91.93 92.00 92.09 92.20 92.32 92.46 92.61 92.78 92.95 93.14 93.33 93.53 93.74 93.95 94.16 94.38 94.59 94.68 94.58 94.31 93.89 93.33 92.64 91.85 90.97 90.01 88.99 87.93 86.84 85.73 84.63 83.55 82.50 81.50
108.75 107.65 106.59 105.57 104.60 103.67 102.78 101.94 101.13 100.36 99.63 98.95 98.30 97.68 97.11 96.57 96.07 95.61 95.18 94.78 94.42 94.10 93.80 93.54 93.29 93.05 92.82 92.61 92.40 92.22 92.06 91.93 91.83 91.76 91.72 91.71 91.72 91.75 91.81 91.89 91.99 92.10 92.24 92.39 92.56 92.74 92.94 93.15 93.37 93.60 93.83 94.08 94.33 94.57 94.69 94.63 94.41 94.03 93.51 92.88 92.14 91.31 90.40 89.44 88.43 87.40 86.36 85.32 84.30 83.32 82.39
109.15 108.05 106.99 105.97 104.99 104.06 103.16 102.31 101.50 100.73 99.99 99.30 98.64 98.02 97.44 96.90 96.39 95.92 95.48 95.07 94.70 94.37 94.06 93.77 93.49 93.22 92.96 92.71 92.48 92.26 92.07 91.90 91.77 91.67 91.60 91.56 91.55 91.57 91.61 91.68 91.77 91.89 92.02 92.18 92.35 92.55 92.75 92.98 93.22 93.47 93.73 94.00 94.29 94.56 94.73 94.71 94.52 94.19 93.72 93.13 92.44 91.67 90.82 89.91 88.97 88.00 87.02 86.05 85.10 84.18 83.33
109.54 108.43 107.37 106.35 105.37 104.43 103.53 102.67 101.86 101.08 100.34 99.64 98.98 98.35 97.76 97.21 96.69 96.21 95.77 95.36 94.98 94.63 94.29 93.97 93.65 93.35 93.06 92.78 92.52 92.28 92.06 91.87 91.70 91.57 91.48 91.42 91.39 91.39 91.42 91.48 91.56 91.67 91.81 91.97 92.15 92.35 92.58 92.82 93.08 93.35 93.64 93.95 94.26 94.58 94.78 94.80 94.66 94.37 93.95 93.42 92.78 92.05 91.26 90.42 89.53 88.62 87.71 86.80 85.92 85.08 84.30
109.92 108.81 107.74 106.72 105.73 104.79 103.89 103.03 102.21 101.42 100.68 99.97 99.30 98.67 98.07 97.52 96.99 96.50 96.05 95.63 95.24 94.86 94.49 94.13 93.79 93.45 93.13 92.83 92.54 92.28 92.04 91.82 91.63 91.47 91.35 91.27 91.22 91.21 91.23 91.28 91.36 91.47 91.61 91.77 91.96 92.17 92.41 92.67 92.95 93.25 93.57 93.91 94.26 94.61 94.85 94.92 94.82 94.58 94.21 93.72 93.14 92.47 91.74 90.95 90.12 89.28 88.43 87.59 86.78 86.01 85.30
110.29 109.18 108.11 107.08 106.09 105.14 104.24 103.37 102.55 101.76 101.01 100.29 99.62 98.98 98.38 97.81 97.28 96.78 96.32 95.89 95.47 95.06 94.66 94.27 93.89 93.53 93.18 92.85 92.54 92.26 92.00 91.76 91.55 91.37 91.23 91.12 91.06 91.03 91.04 91.08 91.16 91.27 91.41 91.58 91.78 92.01 92.26 92.54 92.84 93.17 93.52 93.88 94.27 94.66 94.95 95.06 95.01 94.81 94.49 94.06 93.53 92.92 92.24 91.51 90.75 89.97 89.19 88.42 87.68 86.99 86.35
110.65 109.53 108.46 107.43 106.44 105.49 104.58 103.71 102.88 102.08 101.33 100.61 99.93 99.28 98.67 98.10 97.56 97.06 96.58 96.12 95.67 95.23 94.79 94.37 93.97 93.58 93.21 92.86 92.53 92.22 91.94 91.68 91.46 91.26 91.10 90.98 90.90 90.86 90.85 90.89 90.97 91.08 91.22 91.40 91.61 91.85 92.12 92.42 92.75 93.10 93.48 93.88 94.31 94.74 95.07 95.22 95.22 95.07 94.80 94.42 93.95 93.40 92.78 92.11 91.42 90.70 89.99 89.29 88.62 88.00 87.44
111.00 109.88 108.81 107.77 106.78 105.83 104.91 104.04 103.20 102.40 101.64 100.92 100.23 99.58 98.97 98.38 97.84 97.32 96.82 96.33 95.84 95.37 94.90 94.46 94.02 93.61 93.21 92.84 92.49 92.16 91.86 91.59 91.35 91.14 90.97 90.83 90.74 90.69 90.68 90.71 90.78 90.90 91.04 91.23 91.45 91.71 92.00 92.32 92.67 93.05 93.46 93.90 94.36 94.84 95.21 95.41 95.46 95.36 95.15 94.82 94.40 93.91 93.35 92.75 92.11 91.47 90.82 90.20 89.60 89.06 88.57
111.34 110.22 109.15 108.11 107.11 106.16 105.24 104.36 103.52 102.72 101.95 101.22 100.53 99.87 99.25 98.66 98.11 97.56 97.03 96.50 95.98 95.48 94.99 94.51 94.06 93.62 93.20 92.81 92.44 92.09 91.78 91.49 91.24 91.02 90.84 90.69 90.59 90.52 90.51 90.54 90.61 90.72 90.88 91.08 91.31 91.58 91.89 92.24 92.62 93.03 93.47 93.94 94.44 94.96 95.38 95.63 95.72 95.68 95.52 95.25 94.89 94.45 93.95 93.42 92.85 92.27 91.70 91.14 90.62 90.15 89.75
111.68 110.56 109.48 108.44 107.44 106.48 105.56 104.68 103.83 103.02 102.25 101.52 100.82 100.16 99.53 98.93 98.35 97.77 97.20 96.64 96.10 95.57 95.05 94.55 94.07 93.61 93.17 92.76 92.37 92.01 91.68 91.39 91.12 90.89 90.70 90.55 90.44 90.37 90.35 90.38 90.45 90.57 90.73 90.94 91.19 91.48 91.81 92.17 92.58 93.02 93.50 94.01 94.55 95.11 95.57 95.87 96.02 96.03 95.92 95.71 95.40 95.03 94.60 94.12 93.63 93.12 92.61 92.13 91.69 91.29 90.95
112.01 110.89 109.81 108.77 107.76 106.80 105.88 104.99 104.14 103.33 102.55 101.81 101.11 100.44 99.80 99.18 98.56 97.95 97.35 96.76 96.19 95.63 95.09 94.56 94.06 93.58 93.13 92.70 92.29 91.92 91.58 91.27 91.00 90.76 90.57 90.41 90.30 90.22 90.20 90.22 90.30 90.42 90.60 90.82 91.08 91.39 91.74 92.13 92.57 93.04 93.55 94.10 94.68 95.29 95.80 96.15 96.34 96.41 96.36 96.20 95.96 95.65 95.28 94.87 94.44 94.00 93.57 93.16 92.80 92.46 92.16
112.34 111.22 110.13 109.09 108.09 107.12 106.19 105.30 104.45 103.63 102.85 102.11 101.40 100.72 100.05 99.40 98.75 98.10 97.48 96.86 96.26 95.67 95.11 94.56 94.04 93.54 93.07 92.62 92.21 91.82 91.47 91.16 90.88 90.63 90.43 90.27 90.16 90.08 90.06 90.09 90.17 90.30 90.48 90.71 90.99 91.32 91.69 92.11 92.58 93.08 93.63 94.22 94.84 95.50 96.05 96.45 96.70 96.82 96.83 96.73 96.55 96.30 96.00 95.66 95.30 94.93 94.57 94.24 93.93 93.65 93.39
112.67 111.54 110.46 109.41 108.40 107.43 106.50 105.61 104.75 103.93 103.15 102.40 101.68 100.97 100.28 99.58 98.90 98.23 97.58 96.93 96.31 95.70 95.11 94.55 94.01 93.49 93.00 92.54 92.12 91.72 91.36 91.04 90.75 90.50 90.30 90.14 90.02 89.95 89.93 89.96 90.05 90.19 90.38 90.62 90.92 91.27 91.67 92.12 92.61 93.15 93.74 94.36 95.04 95.73 96.34 96.79 97.10 97.27 97.33 97.30 97.18 96.99 96.76 96.49 96.20 95.90 95.62 95.35 95.09 94.85 94.63
112.99 111.87 110.78 109.73 108.72 107.75 106.81 105.92 105.06 104.23 103.44 102.68 101.94 101.20 100.47 99.75 99.04 98.34 97.66 96.99 96.34 95.71 95.10 94.52 93.96 93.43 92.93 92.46 92.02 91.62 91.25 90.92 90.63 90.38 90.17 90.01 89.90 89.83 89.82 89.85 89.95 90.09 90.30 90.56 90.88 91.25 91.67 92.14 92.67 93.25 93.87 94.54 95.26 96.00 96.66 97.17 97.52 97.76 97.88 97.90 97.85 97.73 97.56 97.36 97.14 96.92 96.70 96.49 96.28 96.09 95.91
113.32 112.19 111.10 110.05 109.04 108.06 107.12 106.22 105.36 104.53 103.73 102.95 102.17 101.40 100.64 99.89 99.15 98.42 97.72 97.03 96.36 95.71 95.08 94.48 93.91 93.36 92.85 92.37 91.92 91.51 91.13 90.80 90.51 90.26 90.05 89.89 89.78 89.72 89.71 89.76 89.86 90.02 90.24 90.52 90.85 91.25 91.70 92.20 92.76 93.37 94.03 94.75 95.51 96.31 97.02 97.57 97.99 98.28 98.46 98.55 98.56 98.51 98.41 98.28 98.13 97.98 97.82 97.66 97.50 97.35 97.22
113.64 112.51 111.42 110.37 109.35 108.38 107.44 106.53 105.66 104.83 104.00 103.19 102.38 101.57 100.78 100.00 99.24 98.49 97.76 97.05 96.36 95.69 95.05 94.43 93.85 93.29 92.77 92.28 91.82 91.40 91.02 90.69 90.39 90.14 89.94 89.79 89.68 89.63 89.63 89.68 89.80 89.97 90.20 90.50 90.85 91.27 91.75 92.28 92.88 93.53 94.23 94.99 95.80 96.64 97.41 98.02 98.49 98.84 99.09 99.24 99.31 99.33 99.30 99.24 99.16 99.07 98.97 98.87 98.76 98.66 98.57
