data_processed/recharge/precip/Precip_2002_06.asc
ncols        168
nrows        136
xllcorner    455000
yllcorner    2107000
cellsize     500
NODATA_value     -99999
[rows 66 to 98 of 136, columns 0 to 73 of 168]
202.92 197.70 193.00 188.78 185.01 181.67 178.72 176.12 173.85 171.86 170.13 168.63 167.32 166.16 165.13 164.20 163.32 162.47 161.61 160.72 159.77 158.76 157.70 156.59 155.43 154.22 152.97 151.67 150.33 148.96 147.55 146.11 144.63 143.13 141.59 140.03 138.45 136.85 135.23 133.59 131.94 130.27 128.59 126.91 125.22 123.53 121.83 120.08 118.26 116.35 114.37 112.30 110.16 107.93 105.62 103.24 100.78 98.25 95.65 92.98 90.24 87.45 84.59 81.67 78.69 75.67 72.59 69.46 66.28 63.05 59.79 56.48 53.13 49.75
202.82 197.66 193.01 188.84 185.13 181.83 178.92 176.36 174.12 172.17 170.48 169.00 167.71 166.58 165.57 164.65 163.79 162.95 162.10 161.21 160.26 159.25 158.20 157.08 155.93 154.72 153.47 152.17 150.84 149.46 148.05 146.61 145.13 143.62 142.09 140.53 138.94 137.34 135.71 134.07 132.41 130.74 129.06 127.37 125.68 123.97 122.22 120.39 118.48 116.49 114.42 112.28 110.07 107.77 105.41 102.96 100.45 97.87 95.22 92.50 89.72 86.88 83.98 81.03 78.02 74.96 71.86 68.70 65.50 62.26 58.98 55.65 52.30 48.91
202.87 197.76 193.16 189.05 185.38 182.13 179.26 176.74 174.53 172.61 170.95 169.50 168.23 167.12 166.13 165.22 164.37 163.54 162.69 161.81 160.86 159.85 158.79 157.68 156.52 155.32 154.06 152.77 151.43 150.05 148.64 147.19 145.71 144.20 142.66 141.09 139.51 137.90 136.26 134.62 132.95 131.28 129.59 127.90 126.19 124.43 122.60 120.68 118.68 116.61 114.46 112.24 109.95 107.60 105.18 102.68 100.11 97.48 94.78 92.02 89.21 86.33 83.40 80.41 77.37 74.29 71.15 67.98 64.76 61.50 58.21 54.87 51.51 48.12
203.06 198.01 193.46 189.39 185.77 182.56 179.73 177.24 175.07 173.19 171.54 170.12 168.88 167.78 166.80 165.91 165.07 164.24 163.40 162.51 161.57 160.56 159.50 158.39 157.22 156.01 154.75 153.45 152.11 150.73 149.31 147.86 146.38 144.86 143.31 141.74 140.15 138.53 136.89 135.24 133.57 131.88 130.19 128.48 126.72 124.88 122.96 120.95 118.87 116.71 114.49 112.19 109.84 107.42 104.94 102.39 99.78 97.10 94.36 91.56 88.70 85.79 82.83 79.81 76.75 73.64 70.49 67.29 64.06 60.79 57.48 54.15 50.78 47.38
203.40 198.40 193.90 189.88 186.30 183.13 180.34 177.89 175.75 173.89 172.27 170.87 169.64 168.57 167.60 166.72 165.88 165.06 164.22 163.33 162.38 161.37 160.31 159.19 158.02 156.81 155.54 154.24 152.89 151.50 150.08 148.62 147.13 145.60 144.05 142.47 140.87 139.24 137.59 135.93 134.25 132.56 130.84 129.08 127.24 125.31 123.30 121.21 119.05 116.82 114.52 112.15 109.72 107.24 104.70 102.10 99.44 96.72 93.94 91.11 88.22 85.28 82.28 79.24 76.16 73.03 69.86 66.65 63.41 60.13 56.82 53.47 50.11 46.71
203.89 198.94 194.49 190.51 186.97 183.84 181.08 178.67 176.56 174.72 173.13 171.74 170.54 169.47 168.52 167.65 166.82 166.00 165.16 164.27 163.31 162.29 161.22 160.10 158.93 157.70 156.43 155.12 153.77 152.37 150.94 149.47 147.97 146.43 144.87 143.28 141.67 140.03 138.37 136.70 135.00 133.29 131.53 129.68 127.75 125.74 123.64 121.48 119.24 116.93 114.55 112.12 109.62 107.07 104.47 101.82 99.12 96.36 93.55 90.68 87.76 84.79 81.77 78.71 75.60 72.46 69.28 66.06 62.80 59.52 56.21 52.87 49.50 46.11
204.54 199.63 195.22 191.29 187.79 184.69 181.97 179.58 177.50 175.69 174.12 172.75 171.56 170.51 169.56 168.70 167.87 167.05 166.21 165.31 164.35 163.32 162.25 161.11 159.93 158.70 157.42 156.10 154.73 153.33 151.89 150.41 148.89 147.35 145.77 144.17 142.55 140.90 139.23 137.54 135.83 134.06 132.21 130.28 128.26 126.16 123.99 121.74 119.43 117.05 114.60 112.10 109.54 106.93 104.27 101.57 98.82 96.02 93.17 90.28 87.33 84.33 81.30 78.22 75.10 71.94 68.74 65.52 62.26 58.98 55.66 52.33 48.97 45.59
205.33 200.47 196.11 192.21 188.75 185.69 182.99 180.63 178.58 176.79 175.24 173.89 172.71 171.67 170.73 169.87 169.04 168.22 167.38 166.47 165.50 164.47 163.38 162.24 161.04 159.80 158.51 157.18 155.80 154.38 152.93 151.44 149.91 148.35 146.76 145.15 143.51 141.84 140.16 138.45 136.68 134.83 132.90 130.88 128.78 126.60 124.35 122.03 119.64 117.19 114.68 112.11 109.49 106.82 104.10 101.34 98.54 95.71 92.83 89.90 86.93 83.92 80.86 77.77 74.64 71.47 68.27 65.04 61.78 58.50 55.19 51.86 48.51 45.15
206.24 201.46 197.14 193.28 189.85 186.82 184.16 181.83 179.79 178.02 176.49 175.15 173.99 172.96 172.02 171.16 170.34 169.51 168.66 167.75 166.76 165.72 164.62 163.47 162.26 161.01 159.70 158.36 156.97 155.53 154.06 152.56 151.02 149.44 147.84 146.21 144.55 142.87 141.16 139.40 137.55 135.61 133.59 131.48 129.30 127.05 124.72 122.33 119.87 117.36 114.78 112.15 109.47 106.75 103.98 101.16 98.32 95.43 92.52 89.57 86.58 83.55 80.48 77.38 74.23 71.06 67.86 64.63 61.37 58.09 54.80 51.48 48.14 44.79
207.06 202.57 198.32 194.50 191.10 188.10 185.47 183.16 181.15 179.40 177.88 176.55 175.40 174.37 173.44 172.58 171.75 170.93 170.07 169.14 168.14 167.09 165.97 164.80 163.58 162.31 161.00 159.63 158.23 156.78 155.29 153.77 152.21 150.62 149.00 147.35 145.68 143.97 142.21 140.36 138.42 136.40 134.29 132.11 129.85 127.52 125.13 122.66 120.14 117.56 114.92 112.23 109.50 106.72 103.90 101.04 98.14 95.22 92.26 89.29 86.28 83.23 80.15 77.04 73.89 70.72 67.52 64.29 61.04 57.77 54.48 51.18 47.86 44.53
207.61 203.60 199.62 195.86 192.50 189.53 186.92 184.63 182.64 180.90 179.40 178.09 176.94 175.92 174.99 174.13 173.30 172.46 171.59 170.65 169.64 168.56 167.44 166.25 165.02 163.73 162.40 161.02 159.59 158.13 156.62 155.08 153.50 151.89 150.25 148.58 146.88 145.12 143.27 141.34 139.31 137.21 135.02 132.76 130.43 128.03 125.56 123.03 120.45 117.80 115.11 112.36 109.57 106.74 103.87 100.97 98.03 95.06 92.07 89.06 86.03 82.97 79.88 76.77 73.62 70.44 67.25 64.03 60.79 57.53 54.26 50.97 47.68 44.37
207.93 204.40 200.86 197.35 194.05 191.10 188.51 186.25 184.27 182.55 181.06 179.76 178.61 177.59 176.67 175.80 174.96 174.12 173.23 172.28 171.25 170.16 169.01 167.81 166.56 165.25 163.90 162.50 161.06 159.57 158.05 156.48 154.89 153.26 151.59 149.90 148.14 146.29 144.36 142.34 140.23 138.05 135.78 133.45 131.05 128.58 126.04 123.45 120.80 118.10 115.35 112.55 109.71 106.83 103.91 100.96 97.99 94.98 91.96 88.91 85.85 82.77 79.68 76.56 73.42 70.25 67.06 63.85 60.62 57.38 54.13 50.86 47.59 44.31
208.10 205.01 201.91 198.80 195.72 192.82 190.25 188.01 186.05 184.34 182.85 181.56 180.42 179.40 178.47 177.60 176.75 175.90 175.00 174.03 172.98 171.87 170.70 169.48 168.21 166.88 165.51 164.09 162.62 161.12 159.57 157.98 156.36 154.71 153.02 151.27 149.42 147.49 145.47 143.37 141.18 138.92 136.58 134.18 131.70 129.17 126.57 123.91 121.21 118.45 115.64 112.79 109.91 106.98 104.02 101.03 98.02 94.98 91.92 88.84 85.76 82.66 79.55 76.43 73.29 70.13 66.95 63.76 60.55 57.33 54.10 50.86 47.61 44.37
208.17 205.50 202.80 200.09 197.36 194.67 192.14 189.91 187.96 186.27 184.79 183.50 182.36 181.34 180.41 179.53 178.67 177.80 176.89 175.90 174.83 173.70 172.51 171.27 169.97 168.62 167.23 165.78 164.29 162.76 161.19 159.58 157.94 156.25 154.51 152.67 150.74 148.72 146.62 144.43 142.17 139.83 137.43 134.95 132.41 129.81 127.15 124.44 121.68 118.86 116.01 113.11 110.18 107.21 104.21 101.18 98.13 95.06 91.97 88.87 85.76 82.64 79.51 76.39 73.26 70.11 66.94 63.76 60.57 57.38 54.17 50.96 47.75 44.53
208.22 205.94 203.61 201.25 198.88 196.51 194.16 191.96 190.02 188.34 186.86 185.58 184.44 183.41 182.47 181.59 180.72 179.83 178.90 177.89 176.80 175.64 174.43 173.17 171.85 170.47 169.05 167.58 166.07 164.51 162.92 161.28 159.60 157.86 156.03 154.10 152.09 149.99 147.81 145.54 143.21 140.80 138.32 135.78 133.18 130.52 127.80 125.03 122.21 119.35 116.45 113.51 110.53 107.52 104.48 101.42 98.34 95.24 92.12 89.00 85.86 82.72 79.58 76.44 73.31 70.17 67.03 63.87 60.70 57.53 54.36 51.18 48.00 44.82
208.32 206.39 204.40 202.38 200.32 198.25 196.18 194.14 192.23 190.55 189.08 187.79 186.65 185.62 184.67 183.78 182.89 181.99 181.04 180.00 178.89 177.71 176.47 175.18 173.83 172.43 170.99 169.49 167.95 166.37 164.74 163.07 161.34 159.51 157.59 155.58 153.48 151.30 149.04 146.71 144.30 141.82 139.28 136.68 134.01 131.29 128.52 125.70 122.83 119.92 116.97 113.99 110.97 107.92 104.85 101.76 98.65 95.52 92.38 89.23 86.08 82.92 79.76 76.62 73.47 70.34 67.22 64.08 60.94 57.80 54.66 51.52 48.38 45.24
208.54 206.92 205.24 203.51 201.75 199.96 198.15 196.35 194.57 192.90 191.44 190.15 189.00 187.97 187.01 186.10 185.20 184.28 183.30 182.24 181.10 179.89 178.63 177.31 175.94 174.51 173.03 171.51 169.94 168.32 166.66 164.94 163.11 161.20 159.19 157.10 154.93 152.67 150.34 147.93 145.46 142.91 140.31 137.64 134.92 132.14 129.32 126.44 123.53 120.57 117.58 114.56 111.50 108.42 105.32 102.20 99.06 95.90 92.74 89.58 86.41 83.24 80.07 76.91 73.76 70.63 67.51 64.41 61.30 58.19 55.08 51.98 48.88 45.79
208.93 207.60 206.20 204.74 203.23 201.69 200.11 198.53 196.95 195.39 193.94 192.64 191.49 190.45 189.48 188.55 187.63 186.69 185.69 184.61 183.44 182.20 180.91 179.56 178.15 176.70 175.19 173.63 172.03 170.38 168.66 166.85 164.94 162.94 160.85 158.68 156.43 154.10 151.70 149.22 146.68 144.07 141.41 138.68 135.90 133.08 130.20 127.28 124.32 121.32 118.29 115.23 112.14 109.03 105.89 102.75 99.58 96.41 93.23 90.04 86.86 83.68 80.51 77.34 74.19 71.06 67.94 64.85 61.78 58.71 55.64 52.58 49.52 46.48
209.57 208.50 207.35 206.12 204.84 203.50 202.14 200.75 199.35 197.95 196.57 195.28 194.12 193.07 192.08 191.14 190.20 189.24 188.21 187.10 185.90 184.63 183.31 181.93 180.49 179.00 177.46 175.87 174.23 172.52 170.72 168.81 166.82 164.74 162.57 160.33 158.00 155.60 153.13 150.59 147.98 145.31 142.59 139.81 136.98 134.10 131.18 128.21 125.21 122.17 119.10 116.01 112.89 109.75 106.59 103.41 100.23 97.04 93.84 90.64 87.45 84.26 81.08 77.91 74.76 71.63 68.52 65.44 62.38 59.35 56.33 53.31 50.31 47.32
210.53 209.69 208.75 207.73 206.63 205.48 204.29 203.06 201.81 200.55 199.29 198.06 196.90 195.83 194.83 193.86 192.90 191.91 190.86 189.72 188.48 187.18 185.83 184.41 182.94 181.42 179.84 178.22 176.52 174.72 172.83 170.84 168.77 166.61 164.36 162.04 159.65 157.18 154.64 152.03 149.37 146.64 143.86 141.03 138.15 135.22 132.26 129.25 126.21 123.13 120.03 116.90 113.75 110.58 107.40 104.21 101.00 97.79 94.59 91.38 88.17 84.98 81.80 78.63 75.48 72.35 69.25 66.18 63.14 60.13 57.15 54.19 51.24 48.30
211.87 211.22 210.47 209.62 208.69 207.69 206.64 205.54 204.40 203.25 202.09 200.94 199.81 198.73 197.71 196.72 195.74 194.72 193.64 192.46 191.19 189.86 188.47 187.02 185.51 183.95 182.34 180.65 178.86 176.98 175.00 172.93 170.78 168.55 166.23 163.84 161.37 158.84 156.24 153.57 150.85 148.07 145.24 142.35 139.42 136.45 133.44 130.40 127.32 124.21 121.08 117.92 114.74 111.55 108.35 105.13 101.91 98.69 95.47 92.26 89.05 85.85 82.67 79.50 76.36 73.24 70.15 67.09 64.06 61.08 58.13 55.22 52.32 49.45
213.67 213.18 212.58 211.87 211.07 210.19 209.25 208.25 207.20 206.13 205.03 203.93 202.84 201.76 200.73 199.72 198.71 197.67 196.55 195.34 194.03 192.67 191.24 189.75 188.20 186.60 184.92 183.15 181.27 179.31 177.25 175.10 172.88 170.57 168.18 165.72 163.19 160.59 157.93 155.21 152.43 149.60 146.71 143.78 140.81 137.80 134.75 131.66 128.55 125.41 122.25 119.06 115.87 112.65 109.43 106.20 102.97 99.74 96.51 93.29 90.08 86.88 83.70 80.54 77.40 74.29 71.22 68.17 65.17 62.20 59.28 56.40 53.56 50.75
215.98 215.63 215.15 214.55 213.85 213.06 212.19 211.25 210.27 209.24 208.18 207.10 206.02 204.94 203.89 202.86 201.82 200.74 199.60 198.35 197.00 195.60 194.13 192.60 191.01 189.35 187.58 185.72 183.76 181.71 179.58 177.36 175.05 172.67 170.22 167.69 165.10 162.44 159.72 156.95 154.11 151.23 148.30 145.33 142.31 139.26 136.17 133.06 129.91 126.74 123.56 120.35 117.13 113.90 110.66 107.42 104.17 100.93 97.70 94.48 91.27 88.07 84.90 81.74 78.62 75.52 72.46 69.44 66.45 63.51 60.61 57.76 54.97 52.22
218.88 218.63 218.24 217.72 217.09 216.35 215.53 214.63 213.67 212.65 211.59 210.51 209.41 208.31 207.21 206.14 205.07 203.96 202.77 201.49 200.10 198.65 197.14 195.57 193.92 192.17 190.32 188.37 186.33 184.21 181.99 179.70 177.33 174.88 172.36 169.77 167.12 164.40 161.63 158.80 155.92 152.99 150.01 147.00 143.94 140.85 137.73 134.59 131.41 128.22 125.00 121.78 118.54 115.29 112.04 108.79 105.54 102.29 99.06 95.83 92.62 89.44 86.27 83.13 80.02 76.94 73.89 70.89 67.93 65.01 62.14 59.33 56.57 53.87
222.44 222.26 221.92 221.45 220.86 220.15 219.34 218.45 217.47 216.44 215.35 214.23 213.08 211.92 210.75 209.59 208.46 207.31 206.09 204.76 203.33 201.84 200.28 198.65 196.91 195.07 193.14 191.11 188.99 186.79 184.50 182.14 179.70 177.19 174.60 171.95 169.24 166.47 163.65 160.77 157.84 154.87 151.85 148.80 145.71 142.58 139.43 136.25 133.06 129.84 126.60 123.36 120.10 116.84 113.58 110.32 107.07 103.82 100.58 97.36 94.16 90.98 87.82 84.70 81.60 78.54 75.52 72.54 69.60 66.71 63.88 61.10 58.38 55.72
226.72 226.57 226.27 225.81 225.22 224.51 223.69 222.76 221.75 220.67 219.52 218.33 217.10 215.84 214.57 213.30 212.04 210.80 209.54 208.16 206.69 205.15 203.53 201.81 199.98 198.06 196.05 193.94 191.75 189.47 187.12 184.69 182.18 179.60 176.96 174.26 171.49 168.67 165.79 162.87 159.89 156.88 153.82 150.73 147.61 144.46 141.28 138.07 134.85 131.61 128.36 125.10 121.83 118.56 115.29 112.03 108.77 105.52 102.29 99.08 95.88 92.71 89.57 86.46 83.38 80.34 77.34 74.39 71.48 68.62 65.82 63.08 60.40 57.78
231.79 231.65 231.34 230.87 230.26 229.51 228.63 227.65 226.57 225.41 224.17 222.87 221.53 220.15 218.74 217.33 215.91 214.51 213.13 211.70 210.19 208.58 206.87 205.06 203.15 201.15 199.06 196.88 194.61 192.26 189.84 187.34 184.78 182.14 179.44 176.68 173.86 170.99 168.07 165.10 162.09 159.03 155.94 152.82 149.66 146.48 143.27 140.05 136.80 133.55 130.28 127.01 123.73 120.45 117.18 113.91 110.66 107.41 104.18 100.98 97.79 94.64 91.51 88.42 85.36 82.35 79.37 76.45 73.57 70.75 67.99 65.29 62.65 60.07
237.69 237.53 237.18 236.66 235.99 235.18 234.23 233.15 231.98 230.70 229.34 227.91 226.43 224.89 223.32 221.73 220.13 218.53 216.95 215.39 213.79 212.10 210.30 208.41 206.42 204.34 202.17 199.92 197.58 195.17 192.68 190.12 187.49 184.80 182.05 179.24 176.37 173.45 170.48 167.47 164.42 161.33 158.21 155.05 151.87 148.66 145.43 142.19 138.92 135.65 132.37 129.09 125.81 122.52 119.25 115.98 112.73 109.49 106.27 103.07 99.90 96.76 93.66 90.59 87.55 84.56 81.62 78.73 75.89 73.10 70.38 67.72 65.13 62.60
243.97 243.77 243.38 242.81 242.07 241.18 240.14 238.97 237.68 236.29 234.80 233.22 231.58 229.88 228.14 226.36 224.56 222.76 220.96 219.22 217.50 215.72 213.84 211.87 209.80 207.64 205.40 203.08 200.67 198.20 195.64 193.02 190.34 187.59 184.78 181.92 179.01 176.05 173.04 169.99 166.90 163.77 160.62 157.43 154.22 150.99 147.74 144.48 141.20 137.92 134.63 131.34 128.05 124.76 121.49 118.22 114.97 111.74 108.53 105.35 102.20 99.08 95.99 92.94 89.94 86.97 84.06 81.20 78.40 75.66 72.97 70.36 67.81 65.34
250.17 249.95 249.52 248.90 248.10 247.14 246.02 244.76 243.37 241.86 240.25 238.54 236.76 234.90 232.99 231.03 229.05 227.05 225.08 223.20 221.35 219.45 217.49 215.43 213.29 211.06 208.75 206.35 203.88 201.34 198.73 196.05 193.31 190.50 187.65 184.74 181.78 178.77 175.72 172.63 169.51 166.35 163.17 159.96 156.72 153.47 150.20 146.92 143.63 140.33 137.03 133.73 130.44 127.15 123.88 120.62 117.38 114.16 110.96 107.79 104.65 101.55 98.49 95.46 92.49 89.56 86.68 83.85 81.09 78.39 75.75 73.18 70.68 68.25
256.25 256.01 255.56 254.90 254.05 253.03 251.84 250.50 249.02 247.41 245.68 243.85 241.92 239.92 237.85 235.73 233.57 231.42 229.34 227.33 225.34 223.32 221.25 219.11 216.89 214.59 212.20 209.74 207.21 204.60 201.93 199.19 196.40 193.54 190.64 187.68 184.67 181.63 178.54 175.41 172.26 169.07 165.85 162.62 159.36 156.09 152.80 149.50 146.20 142.89 139.58 136.28 132.98 129.70 126.43 123.17 119.94 116.73 113.55 110.39 107.27 104.19 101.15 98.16 95.21 92.31 89.46 86.68 83.95 81.29 78.70 76.17 73.72 71.35
262.20 261.96 261.49 260.80 259.92 258.84 257.59 256.18 254.61 252.91 251.08 249.13 247.08 244.94 242.72 240.45 238.16 235.91 233.72 231.59 229.48 227.33 225.14 222.91 220.61 218.23 215.78 213.25 210.65 207.99 205.26 202.46 199.61 196.71 193.75 190.75 187.70 184.62 181.49 178.33 175.14 171.92 168.68 165.42 162.14 158.85 155.54 152.23 148.92 145.60 142.29 138.98 135.68 132.40 129.13 125.88 122.66 119.46 116.29 113.16 110.06 107.00 103.99 101.02 98.10 95.23 92.42 89.68 86.99 84.37 81.83 79.35 76.95 74.63
268.02 267.78 267.30 266.60 265.68 264.57 263.27 261.79 260.15 258.36 256.43 254.38 252.21 249.95 247.60 245.21 242.85 240.51 238.22 235.98 233.75 231.48 229.18 226.83 224.44 221.99 219.47 216.88 214.22 211.49 208.70 205.86 202.96 200.00 197.00 193.95 190.86 187.74 184.58 181.38 178.16 174.92 171.65 168.36 165.06 161.75 158.43 155.11 151.78 148.46 145.14 141.83 138.54 135.26 131.99 128.75 125.54 122.36 119.20 116.09 113.01 109.98 106.99 104.05 101.16 98.33 95.56 92.85 90.21 87.63 85.13 82.71 80.36 78.06
