data_processed/recharge/precip/Precip_2006_10.asc
ncols        168
nrows        136
xllcorner    455000
yllcorner    2107000
cellsize     500
NODATA_value     -99999
[rows 68 to 101 of 136, columns 0 to 76 of 168]
63.36 63.34 63.36 63.41 63.51 63.66 63.85 64.09 64.36 64.63 64.90 65.17 65.53 66.02 66.64 67.38 68.22 69.14 70.14 71.20 72.30 73.45 74.61 75.74 76.84 77.91 78.98 80.04 81.11 82.21 83.35 84.55 85.81 87.14 88.55 90.00 91.48 92.96 94.39 95.75 97.01 98.14 99.12 99.92 100.52 100.88 100.99 100.82 100.44 99.97 99.43 98.80 98.10 97.32 96.45 95.50 94.47 93.35 92.14 90.73 88.99 86.91 84.39 81.27 77.51 73.18 68.35 63.08 57.42 51.45 45.23 38.82 32.28 25.87 20.29 15.67 12.02
63.57 63.57 63.60 63.68 63.80 63.97 64.18 64.45 64.76 65.10 65.47 65.91 66.48 67.17 67.97 68.86 69.82 70.86 71.94 73.06 74.21 75.38 76.54 77.66 78.73 79.76 80.77 81.77 82.76 83.78 84.82 85.90 87.03 88.23 89.51 90.86 92.23 93.59 94.91 96.17 97.34 98.40 99.31 100.06 100.61 100.94 101.03 100.86 100.47 99.99 99.44 98.80 98.08 97.27 96.38 95.40 94.33 93.18 91.93 90.58 89.02 87.03 84.38 81.05 77.11 72.62 67.64 62.23 56.47 50.40 44.11 37.64 31.06 24.63 19.01 14.34 10.61
63.85 63.87 63.92 64.02 64.16 64.35 64.58 64.86 65.20 65.60 66.13 66.81 67.59 68.48 69.44 70.48 71.58 72.71 73.88 75.07 76.26 77.45 78.60 79.71 80.75 81.74 82.70 83.63 84.55 85.47 86.40 87.37 88.38 89.44 90.57 91.77 93.01 94.25 95.46 96.62 97.70 98.68 99.53 100.22 100.73 101.03 101.10 100.91 100.52 100.03 99.46 98.81 98.06 97.23 96.31 95.30 94.20 93.00 91.71 90.32 88.72 86.61 83.81 80.35 76.30 71.71 66.66 61.19 55.39 49.31 43.01 36.56 30.02 23.64 18.05 13.39 9.66
64.21 64.23 64.30 64.42 64.57 64.78 65.03 65.33 65.70 66.22 66.93 67.82 68.82 69.90 71.03 72.22 73.44 74.69 75.94 77.19 78.42 79.62 80.77 81.86 82.87 83.82 84.72 85.58 86.42 87.25 88.08 88.93 89.81 90.74 91.71 92.74 93.83 94.94 96.04 97.10 98.09 98.99 99.77 100.40 100.87 101.13 101.18 100.98 100.58 100.08 99.50 98.83 98.06 97.21 96.26 95.21 94.07 92.83 91.49 89.95 88.00 85.60 82.69 79.18 75.09 70.48 65.42 59.98 54.21 48.18 41.95 35.59 29.16 22.90 17.42 12.85 9.20
64.63 64.66 64.74 64.87 65.04 65.26 65.53 65.86 66.34 67.03 67.90 68.95 70.13 71.40 72.71 74.04 75.39 76.73 78.07 79.38 80.65 81.86 83.02 84.08 85.06 85.96 86.80 87.60 88.35 89.09 89.82 90.55 91.30 92.09 92.91 93.79 94.71 95.68 96.66 97.61 98.51 99.33 100.04 100.61 101.03 101.26 101.28 101.06 100.66 100.15 99.55 98.86 98.07 97.19 96.21 95.13 93.95 92.66 91.17 89.28 86.94 84.19 81.09 77.55 73.49 68.94 63.96 58.60 52.94 47.04 40.96 34.76 28.51 22.44 17.14 12.74 9.23
65.10 65.15 65.23 65.37 65.55 65.78 66.08 66.52 67.18 68.02 69.03 70.21 71.53 72.95 74.43 75.90 77.38 78.83 80.24 81.61 82.91 84.15 85.29 86.33 87.28 88.13 88.92 89.64 90.32 90.96 91.58 92.19 92.82 93.48 94.17 94.89 95.66 96.47 97.31 98.16 98.96 99.70 100.34 100.85 101.22 101.41 101.40 101.17 100.76 100.23 99.62 98.90 98.09 97.18 96.17 95.05 93.83 92.40 90.56 88.27 85.58 82.53 79.17 75.52 71.54 67.11 62.27 57.08 51.60 45.90 40.03 34.07 28.07 22.27 17.22 13.06 9.77
65.62 65.67 65.77 65.91 66.10 66.35 66.76 67.38 68.18 69.17 70.31 71.60 73.02 74.55 76.16 77.78 79.38 80.93 82.42 83.85 85.19 86.43 87.57 88.59 89.50 90.31 91.03 91.68 92.27 92.82 93.33 93.84 94.36 94.90 95.47 96.06 96.68 97.34 98.02 98.74 99.45 100.10 100.66 101.11 101.43 101.58 101.55 101.30 100.87 100.34 99.70 98.97 98.13 97.19 96.14 94.98 93.61 91.83 89.61 86.98 83.98 80.67 77.09 73.28 69.27 65.00 60.38 55.42 50.20 44.77 39.20 33.54 27.88 22.41 17.69 13.84 10.84
66.19 66.24 66.34 66.48 66.70 67.06 67.63 68.40 69.35 70.46 71.72 73.11 74.62 76.22 77.91 79.65 81.36 83.01 84.58 86.06 87.43 88.69 89.82 90.81 91.68 92.44 93.10 93.68 94.18 94.63 95.06 95.48 95.91 96.36 96.81 97.29 97.78 98.29 98.82 99.38 99.96 100.53 101.02 101.41 101.67 101.78 101.72 101.45 101.01 100.46 99.80 99.04 98.18 97.20 96.12 94.82 93.11 90.94 88.38 85.44 82.19 78.66 74.91 70.96 66.87 62.67 58.30 53.66 48.76 43.67 38.47 33.20 27.93 22.88 18.56 15.09 12.45
66.79 66.84 66.94 67.10 67.42 67.95 68.68 69.59 70.66 71.89 73.25 74.73 76.30 77.97 79.70 81.48 83.28 85.03 86.68 88.21 89.62 90.89 92.00 92.97 93.80 94.51 95.11 95.61 96.03 96.40 96.76 97.12 97.48 97.83 98.19 98.56 98.93 99.31 99.71 100.12 100.55 100.99 101.40 101.73 101.94 102.01 101.91 101.63 101.17 100.60 99.92 99.14 98.24 97.23 96.01 94.36 92.27 89.77 86.91 83.72 80.25 76.55 72.67 68.63 64.50 60.31 56.09 51.79 47.29 42.63 37.86 33.04 28.25 23.69 19.84 16.82 14.62
67.41 67.46 67.58 67.85 68.33 69.01 69.88 70.92 72.11 73.43 74.88 76.42 78.06 79.77 81.53 83.33 85.15 86.96 88.68 90.27 91.71 92.98 94.09 95.03 95.82 96.47 97.01 97.43 97.79 98.13 98.45 98.75 99.04 99.32 99.60 99.87 100.13 100.40 100.67 100.95 101.23 101.53 101.83 102.08 102.24 102.26 102.13 101.82 101.35 100.76 100.06 99.25 98.32 97.17 95.61 93.59 91.16 88.37 85.25 81.85 78.22 74.39 70.42 66.35 62.21 58.06 53.94 49.88 45.82 41.65 37.39 33.10 28.86 24.85 21.55 19.06 17.37
68.06 68.12 68.34 68.77 69.41 70.23 71.22 72.37 73.66 75.07 76.59 78.19 79.87 81.61 83.39 85.19 87.00 88.81 90.57 92.20 93.67 94.95 96.04 96.95 97.70 98.30 98.77 99.15 99.50 99.81 100.10 100.36 100.60 100.82 101.02 101.21 101.39 101.55 101.71 101.86 102.01 102.16 102.32 102.47 102.56 102.54 102.38 102.05 101.56 100.95 100.22 99.38 98.31 96.83 94.89 92.54 89.82 86.78 83.45 79.89 76.13 72.22 68.21 64.14 60.05 55.99 52.00 48.12 44.39 40.75 37.07 33.38 29.76 26.38 23.70 21.82 20.71
68.74 68.90 69.28 69.87 70.64 71.59 72.70 73.94 75.32 76.80 78.37 80.02 81.73 83.48 85.26 87.05 88.83 90.60 92.32 93.97 95.47 96.76 97.83 98.71 99.41 99.96 100.41 100.79 101.14 101.45 101.72 101.95 102.15 102.32 102.47 102.58 102.68 102.76 102.82 102.86 102.89 102.91 102.92 102.93 102.93 102.85 102.66 102.30 101.79 101.16 100.40 99.42 98.03 96.17 93.90 91.26 88.30 85.05 81.56 77.88 74.04 70.10 66.10 62.07 58.07 54.14 50.32 46.66 43.20 39.98 36.92 33.91 30.98 28.31 26.32 25.11 24.58
69.54 69.86 70.39 71.12 72.02 73.08 74.28 75.61 77.05 78.59 80.20 81.88 83.60 85.36 87.12 88.89 90.63 92.34 94.00 95.59 97.07 98.37 99.42 100.27 100.93 101.47 101.94 102.35 102.71 103.03 103.29 103.51 103.68 103.82 103.92 103.98 104.01 104.01 103.98 103.93 103.85 103.75 103.64 103.51 103.36 103.20 102.96 102.58 102.04 101.38 100.50 99.19 97.43 95.25 92.69 89.81 86.64 83.23 79.63 75.87 72.00 68.07 64.12 60.18 56.32 52.57 48.97 45.57 42.41 39.54 36.99 34.70 32.53 30.64 29.41 28.87 28.66
70.51 70.99 71.66 72.51 73.52 74.67 75.96 77.36 78.86 80.43 82.08 83.77 85.49 87.23 88.97 90.69 92.38 94.02 95.60 97.09 98.49 99.75 100.78 101.60 102.27 102.85 103.37 103.82 104.21 104.54 104.81 105.03 105.19 105.31 105.37 105.39 105.36 105.30 105.20 105.06 104.89 104.69 104.46 104.20 103.92 103.62 103.30 102.88 102.32 101.54 100.33 98.66 96.57 94.10 91.31 88.22 84.90 81.38 77.70 73.91 70.06 66.18 62.32 58.53 54.84 51.31 47.98 44.89 42.08 39.60 37.49 35.79 34.43 33.38 32.92 32.76 32.72
71.65 72.27 73.06 74.02 75.12 76.36 77.72 79.17 80.71 82.31 83.97 85.66 87.37 89.08 90.78 92.44 94.06 95.62 97.10 98.48 99.75 100.90 101.88 102.72 103.46 104.11 104.69 105.20 105.63 105.99 106.28 106.51 106.67 106.77 106.82 106.81 106.74 106.63 106.46 106.25 106.00 105.71 105.38 105.01 104.61 104.18 103.72 103.22 102.54 101.43 99.85 97.86 95.49 92.79 89.80 86.56 83.13 79.53 75.83 72.05 68.26 64.48 60.76 57.15 53.69 50.43 47.41 44.66 42.25 40.21 38.58 37.41 36.73 36.48 36.48 36.56 36.70
72.89 73.62 74.52 75.58 76.76 78.07 79.47 80.97 82.53 84.15 85.80 87.47 89.15 90.82 92.46 94.05 95.59 97.05 98.41 99.67 100.80 101.80 102.72 103.61 104.45 105.19 105.84 106.41 106.90 107.30 107.63 107.88 108.05 108.16 108.19 108.17 108.07 107.92 107.71 107.44 107.12 106.75 106.33 105.86 105.35 104.80 104.21 103.63 102.79 101.33 99.42 97.14 94.53 91.62 88.46 85.11 81.59 77.97 74.27 70.54 66.83 63.18 59.64 56.25 53.05 50.09 47.40 45.05 43.06 41.48 40.37 39.75 39.61 39.74 40.01 40.33 40.68
74.10 74.94 75.93 77.06 78.30 79.66 81.10 82.61 84.18 85.79 87.43 89.07 90.70 92.30 93.86 95.37 96.80 98.14 99.38 100.49 101.47 102.38 103.29 104.22 105.13 105.97 106.71 107.35 107.90 108.36 108.74 109.02 109.22 109.34 109.39 109.35 109.24 109.07 108.82 108.50 108.13 107.69 107.19 106.64 106.03 105.37 104.73 104.20 103.42 101.81 99.61 97.04 94.19 91.09 87.78 84.32 80.74 77.08 73.40 69.73 66.12 62.62 59.26 56.09 53.16 50.51 48.18 46.22 44.67 43.57 42.97 42.86 42.99 43.25 43.69 44.26 44.83
75.26 76.18 77.25 78.43 79.72 81.11 82.57 84.08 85.64 87.23 88.82 90.41 91.97 93.49 94.96 96.36 97.67 98.88 99.96 100.92 101.81 102.72 103.65 104.58 105.51 106.43 107.27 108.00 108.63 109.16 109.59 109.92 110.16 110.31 110.37 110.35 110.24 110.04 109.77 109.43 109.01 108.51 107.95 107.33 106.64 105.94 105.36 104.93 104.24 102.72 100.41 97.59 94.51 91.22 87.77 84.20 80.56 76.88 73.22 69.62 66.12 62.76 59.60 56.66 54.01 51.67 49.70 48.14 47.04 46.43 46.30 46.44 46.69 47.06 47.61 48.34 49.14
76.36 77.35 78.47 79.69 81.01 82.41 83.86 85.36 86.89 88.43 89.97 91.49 92.97 94.39 95.75 97.02 98.19 99.24 100.17 101.03 101.92 102.84 103.79 104.73 105.67 106.60 107.52 108.36 109.08 109.69 110.19 110.58 110.87 111.06 111.15 111.15 111.05 110.85 110.57 110.21 109.75 109.22 108.61 107.92 107.21 106.60 106.13 105.79 105.18 103.78 101.58 98.70 95.42 91.95 88.36 84.69 81.00 77.31 73.68 70.15 66.76 63.56 60.59 57.90 55.53 53.52 51.92 50.76 50.11 49.93 50.04 50.29 50.64 51.12 51.77 52.60 53.55
77.37 78.44 79.59 80.84 82.16 83.55 84.99 86.45 87.93 89.41 90.87 92.30 93.67 94.98 96.21 97.34 98.35 99.24 100.07 100.93 101.84 102.78 103.73 104.68 105.63 106.57 107.50 108.41 109.24 109.94 110.53 111.00 111.35 111.59 111.72 111.75 111.67 111.49 111.21 110.84 110.37 109.80 109.15 108.47 107.86 107.37 107.00 106.74 106.22 104.93 102.89 100.15 96.84 93.21 89.49 85.74 81.99 78.30 74.71 71.26 67.99 64.95 62.19 59.75 57.66 55.98 54.76 54.02 53.77 53.81 54.01 54.35 54.80 55.38 56.13 57.05 58.09
78.29 79.41 80.60 81.85 83.16 84.53 85.92 87.34 88.75 90.15 91.51 92.83 94.09 95.26 96.34 97.30 98.14 98.94 99.77 100.66 101.59 102.54 103.50 104.46 105.41 106.35 107.28 108.21 109.11 109.92 110.60 111.16 111.59 111.89 112.08 112.15 112.11 111.96 111.69 111.32 110.84 110.27 109.64 109.07 108.60 108.23 107.96 107.78 107.33 106.15 104.24 101.68 98.54 94.93 91.10 87.27 83.48 79.79 76.24 72.88 69.74 66.87 64.32 62.13 60.35 59.01 58.16 57.80 57.74 57.87 58.15 58.57 59.11 59.79 60.63 61.64 62.77
79.11 80.27 81.48 82.72 84.01 85.33 86.66 88.01 89.34 90.64 91.89 93.08 94.20 95.22 96.12 96.92 97.66 98.46 99.32 100.23 101.17 102.14 103.11 104.08 105.03 105.97 106.90 107.82 108.74 109.63 110.42 111.07 111.59 111.97 112.23 112.36 112.36 112.24 112.00 111.65 111.18 110.65 110.15 109.74 109.40 109.14 108.96 108.85 108.48 107.40 105.63 103.24 100.30 96.90 93.12 89.22 85.41 81.73 78.23 74.96 71.95 69.26 66.93 65.00 63.52 62.53 62.02 61.84 61.85 62.05 62.40 62.91 63.53 64.30 65.23 66.32 67.53
79.83 81.02 82.22 83.44 84.68 85.94 87.21 88.46 89.68 90.87 91.99 93.04 93.99 94.84 95.57 96.26 97.02 97.84 98.73 99.65 100.61 101.59 102.58 103.55 104.51 105.45 106.37 107.29 108.19 109.09 109.96 110.72 111.34 111.82 112.15 112.35 112.42 112.35 112.15 111.83 111.42 111.04 110.71 110.44 110.23 110.08 109.99 109.94 109.64 108.66 107.02 104.79 102.05 98.88 95.33 91.53 87.70 84.04 80.60 77.43 74.57 72.06 69.96 68.30 67.12 66.44 66.09 65.97 66.04 66.30 66.73 67.30 68.01 68.86 69.88 71.05 72.33
80.44 81.63 82.82 84.01 85.19 86.37 87.53 88.68 89.78 90.83 91.80 92.69 93.47 94.13 94.76 95.47 96.25 97.10 98.00 98.95 99.93 100.92 101.92 102.90 103.86 104.80 105.72 106.63 107.52 108.41 109.28 110.13 110.85 111.43 111.86 112.14 112.28 112.27 112.13 111.89 111.65 111.45 111.29 111.16 111.07 111.02 111.01 111.02 110.79 109.90 108.38 106.31 103.77 100.81 97.53 93.99 90.29 86.67 83.29 80.23 77.52 75.20 73.33 71.95 71.05 70.51 70.21 70.13 70.26 70.57 71.06 71.71 72.50 73.43 74.52 75.77 77.11
80.94 82.12 83.28 84.42 85.52 86.60 87.65 88.66 89.63 90.52 91.32 92.03 92.62 93.18 93.83 94.56 95.37 96.25 97.18 98.14 99.13 100.14 101.15 102.14 103.10 104.04 104.96 105.86 106.74 107.61 108.46 109.31 110.12 110.81 111.35 111.73 111.95 112.02 111.98 111.92 111.88 111.85 111.85 111.85 111.88 111.93 111.99 112.07 111.89 111.08 109.69 107.77 105.41 102.68 99.65 96.40 92.99 89.54 86.25 83.30 80.74 78.63 77.00 75.86 75.08 74.57 74.31 74.27 74.45 74.82 75.37 76.09 76.95 77.95 79.12 80.43 81.84
81.32 82.49 83.60 84.66 85.67 86.63 87.54 88.40 89.20 89.92 90.54 91.06 91.55 92.12 92.80 93.57 94.41 95.31 96.25 97.24 98.25 99.27 100.29 101.28 102.25 103.19 104.10 104.99 105.86 106.71 107.55 108.37 109.18 109.96 110.61 111.10 111.42 111.61 111.77 111.93 112.08 112.22 112.36 112.50 112.64 112.78 112.91 113.04 112.91 112.19 110.91 109.14 106.97 104.45 101.67 98.69 95.60 92.47 89.39 86.58 84.18 82.28 80.86 79.82 79.07 78.59 78.35 78.35 78.57 78.99 79.60 80.37 81.30 82.38 83.61 84.99 86.46
81.59 82.72 83.76 84.74 85.64 86.46 87.22 87.90 88.51 89.04 89.46 89.87 90.38 90.99 91.70 92.50 93.36 94.29 95.26 96.26 97.29 98.32 99.35 100.35 101.32 102.25 103.16 104.04 104.90 105.74 106.55 107.35 108.14 108.91 109.65 110.25 110.72 111.13 111.52 111.88 112.21 112.52 112.81 113.08 113.32 113.54 113.74 113.92 113.83 113.19 112.02 110.40 108.40 106.09 103.55 100.85 98.07 95.28 92.56 89.99 87.78 86.05 84.72 83.69 82.96 82.49 82.29 82.32 82.57 83.04 83.69 84.53 85.52 86.66 87.96 89.39 90.91
81.74 82.81 83.78 84.65 85.42 86.10 86.68 87.17 87.56 87.86 88.18 88.60 89.15 89.80 90.54 91.37 92.26 93.21 94.20 95.22 96.26 97.31 98.35 99.35 100.33 101.26 102.16 103.04 103.88 104.70 105.50 106.27 107.03 107.78 108.51 109.23 109.93 110.58 111.18 111.74 112.26 112.73 113.16 113.55 113.89 114.19 114.46 114.67 114.63 114.06 112.99 111.51 109.67 107.57 105.27 102.84 100.37 97.91 95.56 93.38 91.43 89.77 88.44 87.42 86.69 86.24 86.06 86.12 86.41 86.91 87.61 88.49 89.54 90.74 92.10 93.59 95.16
81.77 82.76 83.63 84.39 85.02 85.53 85.92 86.19 86.36 86.53 86.84 87.30 87.88 88.57 89.34 90.20 91.12 92.09 93.10 94.14 95.20 96.26 97.30 98.32 99.29 100.23 101.12 101.99 102.82 103.62 104.40 105.15 105.88 106.59 107.32 108.14 109.04 109.92 110.75 111.50 112.19 112.82 113.39 113.89 114.33 114.70 115.02 115.27 115.27 114.76 113.79 112.44 110.77 108.87 106.80 104.64 102.46 100.34 98.35 96.54 94.87 93.31 91.98 90.95 90.23 89.79 89.62 89.70 90.02 90.56 91.30 92.23 93.33 94.59 96.00 97.53 99.15
81.67 82.58 83.33 83.95 84.42 84.75 84.93 84.99 85.03 85.19 85.50 85.98 86.59 87.31 88.12 89.00 89.95 90.95 91.98 93.04 94.11 95.18 96.23 97.25 98.23 99.16 100.05 100.91 101.73 102.51 103.27 103.99 104.70 105.41 106.20 107.09 108.08 109.14 110.17 111.12 111.98 112.76 113.45 114.07 114.59 115.04 115.41 115.69 115.72 115.27 114.40 113.17 111.67 109.96 108.11 106.21 104.33 102.54 100.88 99.34 97.88 96.51 95.26 94.24 93.52 93.08 92.92 93.02 93.36 93.93 94.71 95.68 96.83 98.14 99.60 101.17 102.83
81.45 82.24 82.87 83.33 83.63 83.76 83.73 83.67 83.71 83.89 84.22 84.68 85.30 86.05 86.89 87.80 88.77 89.79 90.85 91.92 93.01 94.09 95.15 96.18 97.16 98.09 98.97 99.82 100.62 101.39 102.13 102.83 103.53 104.30 105.16 106.10 107.14 108.26 109.44 110.57 111.60 112.52 113.34 114.06 114.67 115.18 115.59 115.90 115.95 115.56 114.78 113.68 112.33 110.80 109.18 107.54 105.94 104.45 103.04 101.70 100.43 99.25 98.18 97.23 96.50 96.07 95.92 96.03 96.39 96.98 97.79 98.80 99.99 101.34 102.85 104.46 106.15
81.09 81.76 82.24 82.53 82.64 82.56 82.43 82.38 82.46 82.66 82.99 83.46 84.06 84.80 85.67 86.61 87.61 88.65 89.72 90.82 91.92 93.01 94.08 95.11 96.09 97.02 97.90 98.73 99.53 100.28 100.99 101.70 102.45 103.28 104.19 105.17 106.23 107.37 108.58 109.83 111.01 112.08 113.02 113.83 114.52 115.10 115.55 115.87 115.94 115.61 114.91 113.92 112.72 111.38 109.98 108.58 107.25 105.98 104.76 103.60 102.51 101.50 100.59 99.80 99.14 98.71 98.56 98.68 99.05 99.66 100.49 101.53 102.76 104.16 105.70 107.35 109.07
80.59 81.12 81.44 81.55 81.46 81.28 81.18 81.19 81.30 81.52 81.86 82.33 82.91 83.63 84.48 85.44 86.46 87.53 88.62 89.73 90.85 91.95 93.03 94.07 95.05 95.97 96.85 97.67 98.45 99.18 99.90 100.66 101.47 102.35 103.29 104.29 105.35 106.48 107.67 108.92 110.20 111.40 112.45 113.36 114.13 114.75 115.24 115.58 115.67 115.37 114.75 113.88 112.82 111.66 110.47 109.30 108.18 107.08 106.02 105.02 104.08 103.23 102.48 101.83 101.31 100.94 100.79 100.91 101.29 101.92 102.77 103.84 105.10 106.53 108.11 109.79 111.53
79.96 80.33 80.48 80.39 80.21 80.08 80.04 80.09 80.24 80.49 80.84 81.31 81.88 82.57 83.39 84.33 85.36 86.45 87.57 88.69 89.82 90.94 92.03 93.07 94.05 94.97 95.84 96.65 97.41 98.15 98.92 99.73 100.59 101.49 102.44 103.45 104.50 105.59 106.74 107.94 109.20 110.46 111.62 112.62 113.45 114.13 114.64 114.99 115.09 114.84 114.29 113.52 112.60 111.61 110.62 109.63 108.66 107.71 106.80 105.94 105.15 104.44 103.82 103.30 102.91 102.66 102.56 102.68 103.07 103.70 104.57 105.66 106.95 108.42 110.02 111.73 113.49
