data_processed/recharge/precip/Precip_1998_06.asc
ncols        168
nrows        136
xllcorner    455000
yllcorner    2107000
cellsize     500
NODATA_value     -99999
[rows 102 to 135 of 136, columns 0 to 74 of 168]
82.22 88.76 95.19 101.51 107.69 113.72 119.59 125.27 130.75 136.01 141.03 145.74 150.10 154.08 157.66 160.81 163.53 165.80 167.73 169.37 170.75 171.88 172.78 173.45 173.93 174.23 174.35 174.30 174.09 173.73 173.21 172.56 171.76 170.82 169.76 168.58 167.28 165.87 164.35 162.74 161.03 159.23 157.35 155.39 153.36 151.26 149.11 146.90 144.64 142.33 139.99 137.62 135.22 132.80 130.37 127.92 125.47 123.03 120.59 118.16 115.76 113.37 111.02 108.70 106.43 104.20 102.02 99.84 97.65 95.41 93.14 90.81 88.42 85.98 83.57
80.03 86.54 92.96 99.29 105.49 111.56 117.47 123.21 128.77 134.11 139.18 143.93 148.33 152.37 156.01 159.25 162.06 164.45 166.49 168.25 169.75 171.00 172.03 172.83 173.43 173.85 174.10 174.17 174.09 173.85 173.46 172.92 172.25 171.44 170.51 169.45 168.27 166.99 165.60 164.11 162.53 160.85 159.10 157.27 155.37 153.40 151.37 149.29 147.16 144.98 142.77 140.53 138.26 135.97 133.66 131.35 129.03 126.71 124.41 122.11 119.84 117.59 115.37 113.18 111.04 108.94 106.84 104.72 102.56 100.37 98.11 95.80 93.42 90.98 88.56
77.96 84.45 90.85 97.17 103.39 109.48 115.43 121.22 126.83 132.21 137.29 142.06 146.49 150.57 154.27 157.59 160.49 162.98 165.13 167.01 168.62 169.99 171.13 172.05 172.78 173.32 173.69 173.90 173.94 173.83 173.57 173.16 172.62 171.94 171.14 170.21 169.17 168.02 166.76 165.40 163.95 162.41 160.79 159.09 157.32 155.49 153.59 151.65 149.65 147.61 145.53 143.42 141.29 139.13 136.96 134.79 132.60 130.43 128.25 126.10 123.96 121.85 119.76 117.72 115.71 113.70 111.67 109.60 107.49 105.32 103.10 100.80 98.43 95.99 93.56
76.05 82.48 88.86 95.17 101.38 107.48 113.46 119.29 124.91 130.27 135.35 140.13 144.59 148.71 152.47 155.85 158.83 161.42 163.67 165.65 167.37 168.85 170.09 171.13 171.97 172.63 173.12 173.45 173.64 173.66 173.54 173.27 172.86 172.32 171.65 170.86 169.96 168.94 167.82 166.60 165.29 163.89 162.40 160.84 159.21 157.52 155.76 153.96 152.10 150.20 148.26 146.30 144.30 142.29 140.26 138.23 136.19 134.15 132.12 130.11 128.11 126.14 124.20 122.29 120.39 118.45 116.49 114.47 112.40 110.28 108.08 105.80 103.44 101.00 98.57
74.28 80.66 87.00 93.28 99.48 105.59 111.58 117.39 122.98 128.32 133.39 138.17 142.64 146.79 150.59 154.04 157.10 159.77 162.12 164.19 166.01 167.59 168.94 170.08 171.02 171.79 172.39 172.85 173.16 173.33 173.34 173.22 172.95 172.55 172.03 171.38 170.62 169.74 168.77 167.69 166.52 165.27 163.93 162.51 161.03 159.48 157.87 156.21 154.50 152.74 150.95 149.13 147.29 145.42 143.54 141.65 139.76 137.87 135.99 134.12 132.28 130.46 128.66 126.87 125.05 123.19 121.28 119.32 117.30 115.21 113.05 110.79 108.44 106.01 103.58
72.67 78.99 85.28 91.52 97.70 103.80 109.75 115.50 121.04 126.35 131.40 136.17 140.66 144.83 148.67 152.17 155.30 158.05 160.48 162.65 164.56 166.23 167.67 168.91 169.95 170.82 171.53 172.08 172.51 172.81 172.98 173.00 172.88 172.63 172.25 171.76 171.14 170.42 169.59 168.67 167.65 166.54 165.35 164.09 162.75 161.36 159.90 158.39 156.83 155.23 153.59 151.92 150.23 148.51 146.79 145.05 143.31 141.58 139.85 138.14 136.45 134.78 133.11 131.41 129.67 127.88 126.04 124.14 122.17 120.12 117.99 115.75 113.42 110.99 108.56
71.22 77.47 83.70 89.90 96.04 102.07 107.95 113.63 119.12 124.38 129.40 134.17 138.65 142.84 146.71 150.25 153.44 156.27 158.78 161.03 163.02 164.77 166.31 167.63 168.77 169.73 170.53 171.19 171.71 172.13 172.43 172.61 172.64 172.55 172.32 171.98 171.52 170.95 170.28 169.51 168.65 167.69 166.66 165.56 164.38 163.14 161.84 160.48 159.08 157.64 156.16 154.65 153.11 151.56 149.99 148.41 146.84 145.26 143.70 142.14 140.61 139.07 137.50 135.89 134.24 132.53 130.76 128.92 127.00 124.99 122.89 120.68 118.36 115.94 113.51
69.95 76.11 82.27 88.41 94.47 100.40 106.18 111.79 117.21 122.42 127.41 132.16 136.64 140.83 144.73 148.31 151.55 154.44 157.03 159.34 161.41 163.24 164.86 166.27 167.48 168.53 169.42 170.17 170.78 171.29 171.70 172.02 172.22 172.28 172.22 172.03 171.74 171.33 170.82 170.21 169.51 168.72 167.85 166.90 165.89 164.81 163.67 162.48 161.24 159.96 158.65 157.30 155.93 154.54 153.14 151.73 150.31 148.90 147.50 146.12 144.72 143.29 141.83 140.32 138.75 137.12 135.42 133.64 131.78 129.81 127.74 125.56 123.26 120.85 118.43
68.85 74.92 81.00 87.03 92.96 98.78 104.46 109.99 115.34 120.49 125.44 130.16 134.62 138.82 142.73 146.34 149.63 152.58 155.23 157.61 159.75 161.65 163.33 164.82 166.11 167.24 168.21 169.03 169.74 170.33 170.83 171.25 171.60 171.82 171.93 171.91 171.78 171.54 171.19 170.75 170.22 169.59 168.89 168.12 167.27 166.36 165.39 164.37 163.30 162.19 161.04 159.87 158.67 157.45 156.21 154.97 153.73 152.50 151.26 150.02 148.75 147.44 146.08 144.67 143.19 141.65 140.02 138.30 136.49 134.57 132.54 130.38 128.10 125.70 123.28
67.94 73.90 79.85 85.73 91.53 97.23 102.80 108.24 113.51 118.60 123.50 128.18 132.62 136.82 140.74 144.37 147.69 150.69 153.40 155.84 158.04 160.00 161.75 163.30 164.66 165.86 166.90 167.80 168.58 169.26 169.84 170.34 170.79 171.17 171.44 171.59 171.63 171.57 171.39 171.12 170.76 170.31 169.79 169.18 168.51 167.77 166.98 166.13 165.24 164.30 163.33 162.33 161.31 160.27 159.21 158.15 157.08 156.02 154.94 153.84 152.69 151.50 150.25 148.94 147.55 146.09 144.53 142.88 141.12 139.25 137.26 135.14 132.87 130.49 128.08
67.22 73.03 78.81 84.54 90.19 95.76 101.22 106.55 111.74 116.76 121.60 126.24 130.65 134.83 138.75 142.40 145.75 148.79 151.55 154.04 156.29 158.31 160.12 161.73 163.15 164.41 165.52 166.49 167.34 168.08 168.73 169.31 169.84 170.31 170.74 171.07 171.29 171.40 171.41 171.32 171.13 170.87 170.52 170.09 169.60 169.04 168.43 167.76 167.05 166.30 165.51 164.69 163.85 162.99 162.11 161.23 160.35 159.45 158.52 157.55 156.53 155.46 154.32 153.11 151.82 150.43 148.95 147.37 145.67 143.85 141.90 139.80 137.57 135.20 132.79
66.67 72.29 77.89 83.45 88.95 94.38 99.72 104.94 110.04 114.98 119.75 124.34 128.72 132.88 136.79 140.45 143.82 146.90 149.70 152.23 154.53 156.60 158.45 160.11 161.59 162.90 164.07 165.10 166.01 166.82 167.54 168.18 168.77 169.32 169.85 170.34 170.74 171.03 171.22 171.31 171.32 171.23 171.07 170.83 170.52 170.15 169.73 169.25 168.72 168.15 167.55 166.92 166.27 165.59 164.91 164.21 163.50 162.76 161.98 161.15 160.26 159.30 158.28 157.17 155.97 154.68 153.27 151.76 150.12 148.35 146.44 144.38 142.17 139.81 137.42
66.26 71.68 77.09 82.48 87.83 93.11 98.32 103.43 108.42 113.27 117.98 122.51 126.84 130.97 134.87 138.53 141.91 145.02 147.85 150.42 152.76 154.86 156.76 158.46 159.99 161.35 162.56 163.65 164.61 165.47 166.25 166.96 167.61 168.23 168.82 169.40 169.96 170.44 170.82 171.11 171.30 171.41 171.43 171.39 171.27 171.09 170.86 170.57 170.24 169.86 169.45 169.02 168.55 168.08 167.58 167.07 166.52 165.94 165.31 164.61 163.86 163.03 162.11 161.11 160.01 158.80 157.48 156.03 154.45 152.74 150.87 148.85 146.66 144.33 141.95
66.01 71.22 76.44 81.64 86.82 91.96 97.03 102.01 106.89 111.66 116.28 120.74 125.03 129.12 133.00 136.65 140.04 143.17 146.02 148.62 150.99 153.13 155.06 156.80 158.36 159.76 161.02 162.15 163.16 164.07 164.90 165.66 166.36 167.03 167.68 168.33 168.98 169.62 170.20 170.68 171.07 171.37 171.60 171.75 171.83 171.85 171.81 171.72 171.58 171.41 171.20 170.96 170.70 170.42 170.12 169.78 169.40 168.98 168.49 167.94 167.32 166.61 165.82 164.92 163.92 162.80 161.56 160.18 158.67 157.01 155.19 153.20 151.04 148.73 146.37
65.93 70.92 75.93 80.95 85.96 90.93 95.86 100.71 105.48 110.14 114.67 119.07 123.29 127.34 131.19 134.82 138.21 141.35 144.23 146.85 149.23 151.40 153.36 155.13 156.72 158.16 159.45 160.61 161.66 162.61 163.48 164.29 165.04 165.76 166.46 167.16 167.86 168.60 169.34 170.02 170.61 171.12 171.54 171.90 172.18 172.40 172.57 172.68 172.75 172.78 172.78 172.74 172.69 172.60 172.49 172.33 172.12 171.86 171.53 171.12 170.63 170.05 169.37 168.59 167.68 166.66 165.50 164.20 162.75 161.14 159.37 157.42 155.30 153.00 150.66
66.03 70.79 75.60 80.42 85.25 90.05 94.82 99.54 104.18 108.73 113.17 117.48 121.65 125.64 129.45 133.06 136.45 139.59 142.47 145.11 147.51 149.69 151.67 153.46 155.08 156.54 157.86 159.05 160.13 161.12 162.02 162.86 163.66 164.42 165.16 165.90 166.66 167.44 168.26 169.12 169.91 170.63 171.26 171.83 172.32 172.75 173.13 173.45 173.73 173.97 174.18 174.35 174.50 174.62 174.69 174.71 174.68 174.58 174.40 174.14 173.79 173.33 172.77 172.10 171.30 170.36 169.29 168.06 166.68 165.13 163.41 161.51 159.41 157.14 154.82
66.32 70.85 75.44 80.06 84.69 89.33 93.94 98.51 103.02 107.45 111.79 116.01 120.10 124.04 127.80 131.38 134.75 137.89 140.78 143.42 145.83 148.02 150.01 151.81 153.45 154.93 156.26 157.48 158.58 159.59 160.53 161.40 162.22 163.02 163.80 164.58 165.37 166.19 167.06 168.00 168.97 169.90 170.75 171.52 172.23 172.88 173.47 174.01 174.50 174.96 175.38 175.77 176.13 176.44 176.71 176.91 177.05 177.12 177.09 176.98 176.77 176.45 176.01 175.44 174.75 173.91 172.92 171.77 170.46 168.97 167.30 165.44 163.38 161.13 158.83
66.81 71.11 75.47 79.88 84.32 88.77 93.21 97.63 102.00 106.31 110.54 114.66 118.67 122.54 126.25 129.79 133.14 136.27 139.15 141.79 144.20 146.40 148.39 150.20 151.84 153.33 154.68 155.91 157.03 158.06 159.01 159.90 160.75 161.57 162.38 163.19 164.02 164.87 165.78 166.75 167.80 168.91 169.98 170.97 171.90 172.77 173.58 174.34 175.06 175.74 176.38 176.99 177.56 178.08 178.53 178.92 179.24 179.47 179.60 179.64 179.56 179.37 179.06 178.61 178.02 177.28 176.37 175.31 174.06 172.64 171.02 169.20 167.18 164.96 162.68
67.53 71.57 75.70 79.89 84.13 88.39 92.65 96.91 101.14 105.31 109.42 113.45 117.37 121.16 124.82 128.31 131.62 134.74 137.61 140.24 142.64 144.83 146.82 148.63 150.27 151.76 153.11 154.35 155.48 156.52 157.48 158.39 159.26 160.10 160.93 161.76 162.61 163.49 164.43 165.43 166.51 167.69 168.94 170.16 171.32 172.41 173.45 174.44 175.38 176.30 177.17 178.00 178.78 179.50 180.15 180.73 181.22 181.61 181.91 182.10 182.17 182.11 181.92 181.58 181.10 180.46 179.65 178.66 177.49 176.13 174.57 172.80 170.81 168.62 166.36
68.47 72.26 76.15 80.11 84.14 88.20 92.28 96.37 100.44 104.48 108.47 112.38 116.20 119.92 123.50 126.94 130.22 133.30 136.16 138.77 141.16 143.33 145.31 147.11 148.75 150.23 151.58 152.82 153.95 154.99 155.96 156.88 157.75 158.60 159.44 160.29 161.16 162.06 163.02 164.04 165.15 166.36 167.68 169.08 170.47 171.80 173.07 174.29 175.48 176.63 177.73 178.79 179.78 180.70 181.55 182.31 182.98 183.55 184.01 184.35 184.56 184.64 184.58 184.36 183.98 183.44 182.72 181.82 180.72 179.43 177.92 176.20 174.25 172.10 169.86
69.65 73.18 76.82 80.55 84.36 88.22 92.11 96.02 99.93 103.82 107.68 111.47 115.19 118.81 122.32 125.70 128.93 131.99 134.81 137.40 139.77 141.92 143.88 145.66 147.28 148.76 150.10 151.32 152.45 153.48 154.45 155.37 156.24 157.10 157.94 158.80 159.67 160.59 161.56 162.60 163.73 164.95 166.30 167.77 169.34 170.91 172.42 173.89 175.33 176.72 178.06 179.34 180.54 181.68 182.72 183.67 184.52 185.26 185.88 186.38 186.74 186.95 187.02 186.92 186.66 186.22 185.59 184.77 183.75 182.53 181.08 179.41 177.50 175.38 173.17
71.10 74.35 77.74 81.23 84.80 88.45 92.15 95.88 99.62 103.35 107.06 110.73 114.34 117.87 121.29 124.61 127.78 130.79 133.59 136.14 138.48 140.60 142.54 144.30 145.89 147.35 148.67 149.88 150.99 152.01 152.97 153.88 154.75 155.60 156.44 157.30 158.18 159.10 160.07 161.12 162.26 163.49 164.85 166.34 167.98 169.74 171.51 173.24 174.93 176.56 178.13 179.64 181.06 182.40 183.65 184.79 185.83 186.74 187.53 188.18 188.68 189.04 189.23 189.26 189.11 188.77 188.24 187.51 186.57 185.41 184.02 182.40 180.54 178.45 176.27
72.80 75.78 78.90 82.15 85.49 88.91 92.41 95.94 99.51 103.08 106.64 110.18 113.67 117.09 120.43 123.66 126.78 129.74 132.49 135.01 137.31 139.40 141.30 143.02 144.59 146.02 147.31 148.50 149.59 150.59 151.53 152.42 153.28 154.12 154.95 155.80 156.67 157.59 158.56 159.61 160.75 161.99 163.36 164.85 166.51 168.34 170.33 172.32 174.26 176.14 177.95 179.68 181.33 182.88 184.33 185.66 186.88 187.97 188.92 189.73 190.39 190.88 191.21 191.36 191.32 191.09 190.66 190.01 189.15 188.07 186.74 185.17 183.36 181.31 179.16
74.79 77.49 80.34 83.32 86.42 89.62 92.90 96.24 99.62 103.02 106.43 109.82 113.18 116.49 119.73 122.88 125.93 128.84 131.54 134.01 136.26 138.31 140.17 141.85 143.38 144.77 146.04 147.19 148.25 149.23 150.15 151.01 151.85 152.67 153.48 154.32 155.18 156.08 157.05 158.09 159.22 160.46 161.82 163.33 165.00 166.87 168.93 171.12 173.32 175.45 177.50 179.46 181.32 183.09 184.74 186.27 187.67 188.94 190.06 191.03 191.84 192.47 192.93 193.21 193.29 193.17 192.83 192.28 191.50 190.49 189.23 187.71 185.94 183.93 181.82
77.07 79.47 82.04 84.76 87.62 90.58 93.64 96.77 99.96 103.18 106.43 109.67 112.90 116.09 119.23 122.29 125.25 128.10 130.75 133.16 135.36 137.35 139.16 140.80 142.29 143.64 144.86 145.97 147.00 147.94 148.82 149.66 150.47 151.26 152.05 152.86 153.70 154.58 155.53 156.56 157.68 158.91 160.27 161.78 163.49 165.37 167.44 169.70 172.09 174.47 176.76 178.95 181.04 183.02 184.87 186.60 188.19 189.64 190.93 192.06 193.02 193.80 194.40 194.80 195.00 194.99 194.75 194.29 193.60 192.66 191.46 190.01 188.29 186.32 184.24
79.65 81.76 84.04 86.49 89.08 91.81 94.63 97.55 100.54 103.58 106.66 109.75 112.83 115.89 118.92 121.88 124.76 127.54 130.12 132.47 134.61 136.54 138.30 139.88 141.32 142.61 143.79 144.86 145.83 146.74 147.58 148.38 149.15 149.91 150.66 151.44 152.25 153.11 154.04 155.04 156.14 157.36 158.72 160.26 161.98 163.87 165.94 168.20 170.63 173.19 175.72 178.15 180.46 182.66 184.72 186.65 188.43 190.05 191.52 192.81 193.93 194.86 195.59 196.12 196.44 196.54 196.41 196.04 195.43 194.57 193.44 192.05 190.37 188.45 186.40
82.55 84.35 86.34 88.51 90.84 93.31 95.90 98.60 101.38 104.23 107.13 110.05 112.99 115.92 118.82 121.67 124.47 127.16 129.67 131.95 134.02 135.89 137.58 139.11 140.48 141.72 142.84 143.85 144.78 145.63 146.42 147.18 147.90 148.62 149.34 150.08 150.85 151.68 152.57 153.55 154.62 155.84 157.22 158.77 160.49 162.38 164.44 166.68 169.09 171.68 174.38 177.04 179.58 181.99 184.27 186.39 188.37 190.18 191.82 193.28 194.55 195.62 196.50 197.16 197.60 197.81 197.78 197.51 196.99 196.20 195.15 193.82 192.19 190.31 188.31
85.78 87.26 88.95 90.84 92.90 95.11 97.46 99.92 102.49 105.14 107.85 110.60 113.38 116.17 118.94 121.68 124.38 126.99 129.42 131.62 133.62 135.41 137.03 138.49 139.79 140.96 142.02 142.97 143.84 144.63 145.37 146.07 146.75 147.41 148.08 148.78 149.51 150.29 151.15 152.09 153.16 154.39 155.78 157.32 159.03 160.91 162.95 165.16 167.53 170.08 172.80 175.62 178.39 181.02 183.50 185.83 188.00 189.99 191.81 193.44 194.87 196.09 197.11 197.90 198.46 198.79 198.87 198.70 198.26 197.56 196.57 195.30 193.74 191.90 189.94
89.36 90.51 91.89 93.48 95.26 97.21 99.31 101.54 103.88 106.32 108.84 111.42 114.03 116.67 119.30 121.92 124.51 127.03 129.37 131.49 133.40 135.12 136.66 138.03 139.26 140.36 141.35 142.23 143.03 143.76 144.43 145.07 145.69 146.30 146.91 147.55 148.23 148.97 149.78 150.71 151.79 153.02 154.40 155.93 157.63 159.47 161.48 163.65 165.98 168.47 171.13 173.95 176.87 179.72 182.42 184.95 187.31 189.49 191.49 193.28 194.87 196.25 197.41 198.34 199.03 199.47 199.66 199.59 199.24 198.62 197.71 196.50 194.99 193.20 191.28
93.28 94.11 95.17 96.46 97.95 99.63 101.47 103.45 105.57 107.79 110.11 112.50 114.94 117.42 119.91 122.40 124.88 127.29 129.54 131.57 133.39 135.01 136.47 137.76 138.91 139.92 140.83 141.64 142.36 143.02 143.62 144.19 144.74 145.29 145.84 146.42 147.04 147.73 148.52 149.45 150.53 151.74 153.11 154.62 156.28 158.09 160.05 162.16 164.43 166.86 169.44 172.19 175.09 178.09 181.00 183.74 186.29 188.66 190.84 192.80 194.56 196.09 197.39 198.45 199.27 199.83 200.13 200.16 199.91 199.37 198.53 197.39 195.94 194.20 192.32
97.58 98.06 98.80 99.78 100.98 102.37 103.95 105.68 107.56 109.56 111.67 113.86 116.13 118.44 120.78 123.14 125.49 127.80 129.94 131.87 133.59 135.12 136.48 137.68 138.73 139.66 140.48 141.21 141.85 142.42 142.95 143.45 143.92 144.39 144.88 145.39 145.95 146.61 147.40 148.32 149.38 150.58 151.91 153.39 155.00 156.76 158.67 160.72 162.92 165.26 167.76 170.42 173.22 176.19 179.23 182.18 184.93 187.49 189.85 191.99 193.91 195.59 197.04 198.24 199.19 199.87 200.28 200.41 200.26 199.80 199.04 197.97 196.58 194.89 193.06
102.25 102.39 102.80 103.46 104.35 105.46 106.76 108.23 109.87 111.64 113.53 115.52 117.60 119.74 121.92 124.14 126.36 128.55 130.58 132.40 134.02 135.44 136.70 137.80 138.76 139.59 140.32 140.95 141.50 141.99 142.43 142.84 143.24 143.63 144.03 144.48 145.01 145.66 146.44 147.34 148.37 149.53 150.83 152.25 153.82 155.51 157.35 159.32 161.44 163.70 166.10 168.65 171.35 174.20 177.19 180.26 183.22 185.97 188.51 190.82 192.91 194.75 196.35 197.69 198.77 199.57 200.10 200.33 200.27 199.91 199.23 198.22 196.89 195.26 193.47
107.30 107.10 107.17 107.51 108.09 108.90 109.92 111.13 112.51 114.04 115.71 117.49 119.37 121.33 123.35 125.41 127.50 129.57 131.48 133.18 134.69 136.00 137.15 138.14 139.00 139.73 140.35 140.88 141.34 141.73 142.08 142.40 142.70 143.00 143.33 143.74 144.26 144.89 145.64 146.51 147.51 148.63 149.87 151.23 152.73 154.35 156.11 158.00 160.02 162.18 164.47 166.91 169.48 172.20 175.06 178.07 181.14 184.09 186.81 189.30 191.55 193.55 195.30 196.78 197.99 198.92 199.56 199.91 199.94 199.67 199.07 198.14 196.87 195.29 193.55
112.65 112.20 111.93 111.93 112.20 112.71 113.44 114.37 115.49 116.78 118.22 119.78 121.46 123.23 125.08 126.98 128.92 130.86 132.65 134.23 135.61 136.80 137.83 138.71 139.45 140.07 140.59 141.01 141.36 141.65 141.90 142.12 142.33 142.54 142.83 143.21 143.71 144.32 145.03 145.86 146.80 147.86 149.04 150.34 151.76 153.30 154.96 156.75 158.67 160.71 162.89 165.20 167.64 170.22 172.93 175.78 178.77 181.83 184.73 187.40 189.82 191.99 193.89 195.51 196.86 197.91 198.67 199.12 199.26 199.07 198.56 197.70 196.50 194.97 193.29
