data_processed/recharge/precip/Precip_1990_12.asc
ncols        168
nrows        136
xllcorner    455000
yllcorner    2107000
cellsize     500
NODATA_value     -99999
[rows 70 to 104 of 136, columns 79 to 157 of 168]
4.47 3.75 3.08 2.47 1.92 1.44 1.01 0.65 0.34 0.10 0.00 0.00 0.00 0.00 0.00 0.04 0.36 0.76 1.03 1.13 1.16 1.20 1.24 1.28 1.33 1.39 1.46 1.52 1.60 1.68 1.76 1.85 1.94 2.03 2.13 2.23 2.33 2.44 2.54 2.65 2.76 2.87 2.99 3.10 3.21 3.33 3.44 3.55 3.66 3.77 3.88 3.99 4.10 4.20 4.30 4.40 4.49 4.58 4.67 4.76 4.83 4.91 4.98 5.04 5.10 5.16 5.20 5.24 5.28 5.31 5.33 5.34 5.34 5.34 5.33 5.31 5.28 5.24 5.19
6.00 5.22 4.49 3.82 3.21 2.65 2.15 1.70 1.32 0.99 0.72 0.51 0.36 0.27 0.24 0.28 0.42 0.62 0.71 0.74 0.76 0.79 0.83 0.87 0.92 0.98 1.04 1.11 1.18 1.26 1.34 1.43 1.52 1.61 1.71 1.81 1.92 2.02 2.13 2.24 2.36 2.47 2.59 2.70 2.82 2.94 3.06 3.17 3.29 3.41 3.52 3.63 3.75 3.86 3.96 4.07 4.17 4.27 4.37 4.46 4.54 4.63 4.71 4.78 4.85 4.91 4.97 5.02 5.07 5.11 5.14 5.16 5.18 5.19 5.19 5.19 5.17 5.15 5.11
7.47 6.63 5.85 5.11 4.43 3.80 3.22 2.70 2.23 1.81 1.45 1.14 0.89 0.70 0.57 0.49 0.47 0.50 0.51 0.52 0.53 0.56 0.59 0.63 0.67 0.72 0.78 0.84 0.91 0.99 1.06 1.15 1.24 1.33 1.42 1.52 1.63 1.73 1.84 1.95 2.06 2.18 2.29 2.41 2.53 2.65 2.77 2.89 3.01 3.12 3.24 3.36 3.47 3.59 3.70 3.81 3.91 4.02 4.12 4.22 4.31 4.40 4.48 4.56 4.64 4.71 4.78 4.84 4.89 4.94 4.98 5.01 5.04 5.06 5.07 5.07 5.07 5.05 5.03
8.87 7.97 7.12 6.32 5.57 4.87 4.21 3.61 3.05 2.55 2.09 1.69 1.34 1.05 0.80 0.61 0.48 0.45 0.44 0.44 0.45 0.46 0.48 0.51 0.55 0.60 0.65 0.70 0.76 0.83 0.91 0.98 1.07 1.15 1.25 1.34 1.44 1.54 1.65 1.75 1.86 1.98 2.09 2.21 2.32 2.44 2.56 2.68 2.80 2.91 3.03 3.15 3.26 3.38 3.49 3.60 3.71 3.82 3.92 4.02 4.12 4.21 4.30 4.39 4.47 4.54 4.61 4.68 4.74 4.79 4.84 4.88 4.91 4.94 4.95 4.97 4.97 4.96 4.95
10.12 9.17 8.26 7.40 6.58 5.81 5.08 4.39 3.75 3.16 2.62 2.12 1.67 1.27 0.92 0.63 0.46 0.42 0.40 0.39 0.39 0.40 0.41 0.43 0.46 0.50 0.54 0.59 0.65 0.71 0.77 0.85 0.92 1.01 1.09 1.18 1.28 1.37 1.48 1.58 1.69 1.79 1.91 2.02 2.13 2.25 2.37 2.48 2.60 2.72 2.84 2.95 3.07 3.18 3.30 3.41 3.52 3.63 3.73 3.84 3.94 4.03 4.12 4.21 4.30 4.38 4.45 4.52 4.59 4.64 4.70 4.74 4.78 4.82 4.84 4.86 4.87 4.87 4.87
11.24 10.23 9.27 8.34 7.46 6.61 5.81 5.05 4.33 3.65 3.02 2.43 1.89 1.39 0.94 0.61 0.43 0.39 0.37 0.36 0.34 0.34 0.35 0.36 0.38 0.41 0.44 0.49 0.53 0.59 0.65 0.72 0.79 0.86 0.94 1.03 1.12 1.21 1.31 1.41 1.51 1.62 1.73 1.84 1.95 2.06 2.18 2.29 2.41 2.53 2.64 2.76 2.88 2.99 3.11 3.22 3.33 3.44 3.55 3.65 3.75 3.85 3.95 4.04 4.13 4.21 4.29 4.37 4.44 4.50 4.56 4.61 4.66 4.69 4.73 4.75 4.77 4.78 4.78
12.22 11.16 10.14 9.15 8.21 7.29 6.42 5.58 4.79 4.03 3.31 2.63 1.99 1.40 0.91 0.58 0.40 0.36 0.34 0.32 0.31 0.30 0.29 0.30 0.31 0.33 0.36 0.39 0.43 0.48 0.53 0.59 0.66 0.73 0.80 0.88 0.97 1.06 1.15 1.24 1.34 1.45 1.55 1.66 1.77 1.88 1.99 2.11 2.22 2.34 2.45 2.57 2.69 2.80 2.92 3.03 3.14 3.25 3.36 3.47 3.57 3.68 3.77 3.87 3.96 4.05 4.13 4.21 4.28 4.35 4.42 4.47 4.53 4.57 4.61 4.64 4.67 4.69 4.70
13.06 11.96 10.88 9.84 8.83 7.85 6.91 6.00 5.12 4.28 3.48 2.71 1.99 1.36 0.88 0.55 0.37 0.33 0.31 0.29 0.27 0.26 0.25 0.24 0.24 0.26 0.27 0.30 0.33 0.37 0.42 0.47 0.53 0.60 0.67 0.74 0.82 0.90 0.99 1.08 1.18 1.28 1.38 1.49 1.59 1.70 1.81 1.92 2.04 2.15 2.27 2.38 2.50 2.62 2.73 2.85 2.96 3.07 3.18 3.29 3.40 3.50 3.60 3.70 3.79 3.88 3.97 4.05 4.13 4.21 4.28 4.34 4.40 4.45 4.49 4.53 4.56 4.59 4.61
13.78 12.63 11.50 10.40 9.33 8.29 7.28 6.30 5.35 4.43 3.55 2.70 1.94 1.32 0.85 0.52 0.35 0.30 0.28 0.26 0.24 0.23 0.21 0.19 0.19 0.19 0.20 0.22 0.25 0.28 0.32 0.36 0.42 0.48 0.54 0.61 0.68 0.76 0.84 0.93 1.02 1.12 1.22 1.32 1.42 1.53 1.64 1.75 1.86 1.97 2.09 2.20 2.32 2.43 2.55 2.66 2.78 2.89 3.00 3.11 3.22 3.33 3.43 3.53 3.63 3.72 3.81 3.90 3.98 4.06 4.13 4.20 4.27 4.32 4.37 4.42 4.46 4.49 4.51
14.38 13.18 12.00 10.85 9.73 8.62 7.55 6.50 5.47 4.48 3.52 2.64 1.90 1.29 0.82 0.49 0.32 0.27 0.25 0.23 0.21 0.19 0.18 0.16 0.14 0.14 0.14 0.15 0.17 0.19 0.22 0.26 0.31 0.36 0.42 0.48 0.55 0.62 0.70 0.78 0.87 0.96 1.06 1.15 1.26 1.36 1.46 1.57 1.68 1.79 1.91 2.02 2.14 2.25 2.37 2.48 2.60 2.71 2.82 2.93 3.04 3.15 3.26 3.36 3.46 3.56 3.65 3.75 3.83 3.91 3.99 4.07 4.13 4.20 4.25 4.31 4.35 4.39 4.42
14.86 13.62 12.39 11.19 10.01 8.85 7.71 6.59 5.50 4.43 3.45 2.58 1.85 1.25 0.79 0.47 0.30 0.25 0.23 0.21 0.18 0.16 0.14 0.12 0.11 0.09 0.08 0.09 0.10 0.11 0.14 0.17 0.21 0.25 0.30 0.36 0.42 0.49 0.57 0.64 0.73 0.81 0.90 1.00 1.09 1.20 1.30 1.40 1.51 1.62 1.73 1.85 1.96 2.07 2.19 2.30 2.42 2.53 2.65 2.76 2.87 2.98 3.09 3.20 3.30 3.40 3.50 3.59 3.68 3.77 3.85 3.93 4.00 4.07 4.13 4.19 4.24 4.29 4.33
15.23 13.94 12.67 11.42 10.19 8.97 7.77 6.58 5.43 4.35 3.38 2.53 1.80 1.21 0.76 0.44 0.27 0.22 0.20 0.18 0.16 0.14 0.11 0.09 0.07 0.05 0.04 0.03 0.03 0.04 0.06 0.08 0.12 0.15 0.20 0.25 0.31 0.37 0.44 0.51 0.59 0.67 0.76 0.85 0.94 1.04 1.14 1.24 1.35 1.45 1.56 1.68 1.79 1.90 2.02 2.13 2.25 2.36 2.48 2.59 2.70 2.81 2.92 3.03 3.14 3.24 3.34 3.44 3.53 3.62 3.71 3.79 3.87 3.95 4.01 4.08 4.14 4.19 4.24
15.49 14.17 12.85 11.55 10.27 8.99 7.73 6.49 5.32 4.26 3.30 2.47 1.76 1.18 0.73 0.42 0.25 0.20 0.18 0.15 0.13 0.11 0.09 0.06 0.04 0.02 0.00 0.00 0.00 0.00 0.00 0.01 0.03 0.06 0.10 0.14 0.20 0.25 0.31 0.38 0.46 0.53 0.61 0.70 0.79 0.89 0.98 1.08 1.19 1.29 1.40 1.51 1.62 1.73 1.85 1.96 2.08 2.19 2.31 2.42 2.53 2.65 2.76 2.87 2.98 3.08 3.19 3.29 3.39 3.48 3.57 3.66 3.74 3.82 3.89 3.96 4.03 4.09 4.14
15.65 14.29 12.93 11.59 10.25 8.92 7.61 6.37 5.21 4.17 3.23 2.41 1.71 1.14 0.70 0.39 0.23 0.18 0.15 0.13 0.10 0.08 0.06 0.04 0.01 0.00 0.00 0.00 0.00 0.00 0.00 0.00 0.00 0.00 0.01 0.05 0.09 0.14 0.20 0.26 0.33 0.40 0.48 0.56 0.65 0.74 0.83 0.93 1.03 1.13 1.24 1.35 1.46 1.57 1.68 1.79 1.91 2.02 2.14 2.25 2.37 2.48 2.60 2.71 2.82 2.93 3.03 3.14 3.24 3.34 3.43 3.52 3.61 3.69 3.77 3.85 3.92 3.98 4.05
15.72 14.32 12.92 11.53 10.15 8.78 7.46 6.23 5.11 4.08 3.16 2.36 1.67 1.11 0.67 0.37 0.21 0.16 0.13 0.10 0.08 0.06 0.03 0.01 0.00 0.00 0.00 0.00 0.00 0.00 0.00 0.00 0.00 0.00 0.00 0.00 0.00 0.04 0.09 0.15 0.21 0.28 0.35 0.43 0.51 0.60 0.69 0.78 0.88 0.98 1.08 1.19 1.30 1.41 1.52 1.63 1.75 1.86 1.98 2.09 2.21 2.32 2.44 2.55 2.66 2.77 2.88 2.99 3.09 3.19 3.29 3.39 3.48 3.57 3.65 3.73 3.81 3.88 3.95
15.69 14.26 12.83 11.40 9.97 8.60 7.31 6.10 5.00 3.99 3.09 2.30 1.63 1.07 0.65 0.35 0.18 0.13 0.11 0.08 0.06 0.03 0.01 0.00 0.00 0.00 0.00 0.00 0.00 0.00 0.00 0.00 0.00 0.00 0.00 0.00 0.00 0.00 0.00 0.04 0.10 0.16 0.23 0.30 0.38 0.46 0.55 0.64 0.74 0.83 0.93 1.04 1.14 1.25 1.36 1.48 1.59 1.70 1.82 1.93 2.05 2.17 2.28 2.40 2.51 2.62 2.73 2.84 2.95 3.05 3.16 3.26 3.35 3.45 3.54 3.62 3.70 3.78 3.86
15.58 14.12 12.65 11.18 9.76 8.41 7.15 5.97 4.89 3.90 3.02 2.25 1.59 1.04 0.62 0.33 0.17 0.11 0.09 0.06 0.03 0.01 0.00 0.00 0.00 0.00 0.00 0.00 0.00 0.00 0.00 0.00 0.00 0.00 0.00 0.00 0.00 0.00 0.00 0.00 0.00 0.05 0.12 0.19 0.26 0.34 0.42 0.51 0.60 0.69 0.79 0.89 1.00 1.10 1.21 1.32 1.43 1.55 1.66 1.78 1.90 2.01 2.13 2.24 2.36 2.47 2.59 2.70 2.81 2.92 3.02 3.13 3.23 3.32 3.42 3.51 3.60 3.68 3.76
15.39 13.89 12.40 10.94 9.55 8.23 6.99 5.84 4.78 3.82 2.95 2.19 1.54 1.01 0.60 0.31 0.15 0.10 0.07 0.04 0.01 0.00 0.00 0.00 0.00 0.00 0.00 0.00 0.00 0.00 0.00 0.00 0.00 0.00 0.00 0.00 0.00 0.00 0.00 0.00 0.00 0.00 0.01 0.07 0.14 0.22 0.30 0.38 0.47 0.56 0.65 0.75 0.85 0.96 1.06 1.17 1.29 1.40 1.51 1.63 1.74 1.86 1.98 2.10 2.21 2.33 2.44 2.56 2.67 2.78 2.89 3.00 3.10 3.20 3.30 3.40 3.49 3.58 3.67
15.12 13.60 12.12 10.69 9.33 8.05 6.84 5.72 4.68 3.73 2.89 2.14 1.50 0.98 0.57 0.29 0.13 0.08 0.05 0.02 0.00 0.00 0.00 0.00 0.00 0.00 0.00 0.00 0.00 0.00 0.00 0.00 0.00 0.00 0.00 0.00 0.00 0.00 0.00 0.00 0.00 0.00 0.00 0.00 0.03 0.10 0.18 0.26 0.34 0.43 0.52 0.62 0.72 0.82 0.92 1.03 1.14 1.25 1.37 1.48 1.60 1.72 1.83 1.95 2.07 2.19 2.30 2.42 2.53 2.65 2.76 2.87 2.98 3.08 3.19 3.29 3.39 3.48 3.57
14.79 13.29 11.84 10.45 9.12 7.87 6.69 5.59 4.57 3.65 2.82 2.09 1.46 0.95 0.55 0.27 0.11 0.06 0.03 0.00 0.00 0.00 0.00 0.00 0.00 0.00 0.00 0.00 0.00 0.00 0.00 0.00 0.00 0.00 0.00 0.00 0.00 0.00 0.00 0.00 0.00 0.00 0.00 0.00 0.00 0.00 0.07 0.14 0.22 0.31 0.40 0.49 0.58 0.68 0.79 0.89 1.00 1.11 1.23 1.34 1.46 1.57 1.69 1.81 1.93 2.05 2.16 2.28 2.40 2.52 2.63 2.74 2.86 2.97 3.07 3.18 3.28 3.38 3.47
14.43 12.96 11.55 10.20 8.91 7.68 6.53 5.46 4.47 3.56 2.75 2.04 1.43 0.92 0.53 0.25 0.10 0.05 0.02 0.00 0.00 0.00 0.00 0.00 0.00 0.00 0.00 0.00 0.00 0.00 0.00 0.00 0.00 0.00 0.00 0.00 0.00 0.00 0.00 0.00 0.00 0.00 0.00 0.00 0.00 0.00 0.00 0.03 0.11 0.19 0.28 0.37 0.46 0.56 0.66 0.76 0.87 0.98 1.09 1.20 1.32 1.44 1.55 1.67 1.79 1.91 2.03 2.15 2.27 2.39 2.51 2.62 2.74 2.85 2.96 3.07 3.18 3.28 3.38
14.06 12.64 11.27 9.95 8.70 7.50 6.38 5.33 4.36 3.48 2.69 1.99 1.39 0.89 0.51 0.24 0.08 0.03 0.00 0.00 0.00 0.00 0.00 0.00 0.00 0.00 0.00 0.00 0.00 0.00 0.00 0.00 0.00 0.00 0.00 0.00 0.00 0.00 0.00 0.00 0.00 0.00 0.00 0.00 0.00 0.00 0.00 0.00 0.01 0.08 0.16 0.25 0.34 0.44 0.53 0.63 0.74 0.85 0.96 1.07 1.19 1.30 1.42 1.54 1.66 1.78 1.90 2.02 2.14 2.26 2.38 2.50 2.62 2.74 2.85 2.96 3.07 3.18 3.29
13.70 12.32 10.99 9.71 8.48 7.32 6.23 5.21 4.26 3.40 2.62 1.94 1.35 0.87 0.49 0.22 0.07 0.02 0.00 0.00 0.00 0.00 0.00 0.00 0.00 0.00 0.00 0.00 0.00 0.00 0.00 0.00 0.00 0.00 0.00 0.00 0.00 0.00 0.00 0.00 0.00 0.00 0.00 0.00 0.00 0.00 0.00 0.00 0.00 0.00 0.06 0.14 0.23 0.32 0.42 0.51 0.62 0.72 0.83 0.94 1.06 1.17 1.29 1.41 1.53 1.65 1.77 1.90 2.02 2.14 2.26 2.39 2.51 2.62 2.74 2.86 2.97 3.08 3.19
13.34 12.00 10.71 9.46 8.27 7.14 6.08 5.08 4.16 3.32 2.56 1.89 1.31 0.84 0.47 0.21 0.06 0.01 0.00 0.00 0.00 0.00 0.00 0.00 0.00 0.00 0.00 0.00 0.00 0.00 0.00 0.00 0.00 0.00 0.00 0.00 0.00 0.00 0.00 0.00 0.00 0.00 0.00 0.00 0.00 0.00 0.00 0.00 0.00 0.00 0.00 0.04 0.12 0.21 0.30 0.40 0.50 0.61 0.71 0.82 0.94 1.05 1.17 1.29 1.41 1.53 1.65 1.77 1.90 2.02 2.15 2.27 2.39 2.52 2.64 2.75 2.87 2.99 3.10
12.98 11.68 10.43 9.22 8.06 6.96 5.93 4.96 4.06 3.23 2.49 1.84 1.28 0.81 0.45 0.19 0.05 0.00 0.00 0.00 0.00 0.00 0.00 0.00 0.00 0.00 0.00 0.00 0.00 0.00 0.00 0.00 0.00 0.00 0.00 0.00 0.00 0.00 0.00 0.00 0.00 0.00 0.00 0.00 0.00 0.00 0.00 0.00 0.00 0.00 0.00 0.00 0.03 0.11 0.20 0.29 0.39 0.49 0.60 0.71 0.82 0.93 1.05 1.17 1.29 1.41 1.53 1.66 1.78 1.91 2.03 2.16 2.28 2.41 2.53 2.65 2.77 2.89 3.01
12.62 11.36 10.15 8.97 7.85 6.78 5.78 4.83 3.96 3.15 2.43 1.79 1.25 0.79 0.44 0.18 0.04 0.00 0.00 0.00 0.00 0.00 0.00 0.00 0.00 0.00 0.00 0.00 0.00 0.00 0.00 0.00 0.00 0.00 0.00 0.00 0.00 0.00 0.00 0.00 0.00 0.00 0.00 0.00 0.00 0.00 0.00 0.00 0.00 0.00 0.00 0.00 0.00 0.02 0.10 0.19 0.29 0.39 0.49 0.60 0.71 0.82 0.94 1.05 1.17 1.30 1.42 1.54 1.67 1.80 1.92 2.05 2.18 2.30 2.43 2.55 2.67 2.79 2.91
12.26 11.04 9.87 8.73 7.64 6.61 5.63 4.71 3.86 3.07 2.37 1.75 1.21 0.77 0.42 0.17 0.03 0.00 0.00 0.00 0.00 0.00 0.00 0.00 0.00 0.00 0.00 0.00 0.00 0.00 0.00 0.00 0.00 0.00 0.00 0.00 0.00 0.00 0.00 0.00 0.00 0.00 0.00 0.00 0.00 0.00 0.00 0.00 0.00 0.00 0.00 0.00 0.00 0.00 0.01 0.10 0.19 0.29 0.39 0.49 0.60 0.71 0.83 0.95 1.07 1.19 1.31 1.44 1.56 1.69 1.82 1.94 2.07 2.20 2.33 2.45 2.58 2.70 2.82
11.90 10.72 9.59 8.49 7.43 6.43 5.48 4.58 3.76 3.00 2.31 1.70 1.18 0.75 0.41 0.16 0.03 0.00 0.00 0.00 0.00 0.00 0.00 0.00 0.00 0.00 0.00 0.00 0.00 0.00 0.00 0.00 0.00 0.00 0.00 0.00 0.00 0.00 0.00 0.00 0.00 0.00 0.00 0.00 0.00 0.00 0.00 0.00 0.00 0.00 0.00 0.00 0.00 0.00 0.00 0.01 0.10 0.20 0.30 0.40 0.50 0.61 0.73 0.84 0.96 1.08 1.21 1.33 1.46 1.58 1.71 1.84 1.97 2.10 2.23 2.35 2.48 2.61 2.73
11.54 10.41 9.31 8.25 7.23 6.25 5.33 4.46 3.66 2.92 2.25 1.66 1.15 0.73 0.39 0.16 0.02 0.00 0.00 0.00 0.00 0.00 0.00 0.00 0.00 0.00 0.00 0.00 0.00 0.00 0.00 0.00 0.00 0.00 0.00 0.00 0.00 0.00 0.00 0.00 0.00 0.00 0.00 0.00 0.00 0.00 0.00 0.00 0.00 0.00 0.00 0.00 0.00 0.00 0.00 0.00 0.02 0.11 0.21 0.31 0.41 0.52 0.63 0.75 0.86 0.98 1.11 1.23 1.36 1.48 1.61 1.74 1.87 2.00 2.13 2.26 2.39 2.52 2.64
11.18 10.09 9.03 8.00 7.02 6.08 5.18 4.34 3.56 2.84 2.19 1.62 1.12 0.71 0.38 0.15 0.02 0.00 0.00 0.00 0.00 0.00 0.00 0.00 0.00 0.00 0.00 0.00 0.00 0.00 0.00 0.00 0.00 0.00 0.00 0.00 0.00 0.00 0.00 0.00 0.00 0.00 0.00 0.00 0.00 0.00 0.00 0.00 0.00 0.00 0.00 0.00 0.00 0.00 0.00 0.00 0.00 0.03 0.13 0.22 0.33 0.43 0.54 0.65 0.77 0.89 1.01 1.13 1.26 1.39 1.51 1.64 1.77 1.90 2.04 2.17 2.30 2.43 2.55
10.82 9.77 8.75 7.76 6.81 5.90 5.04 4.22 3.46 2.77 2.14 1.58 1.09 0.69 0.37 0.14 0.01 0.00 0.00 0.00 0.00 0.00 0.00 0.00 0.00 0.00 0.00 0.00 0.00 0.00 0.00 0.00 0.00 0.00 0.00 0.00 0.00 0.00 0.00 0.00 0.00 0.00 0.00 0.00 0.00 0.00 0.00 0.00 0.00 0.00 0.00 0.00 0.00 0.00 0.00 0.00 0.00 0.00 0.05 0.15 0.25 0.35 0.46 0.57 0.68 0.80 0.92 1.04 1.17 1.29 1.42 1.55 1.68 1.81 1.94 2.08 2.21 2.34 2.47
10.46 9.45 8.47 7.52 6.61 5.73 4.89 4.10 3.37 2.69 2.08 1.53 1.06 0.67 0.36 0.14 0.01 0.00 0.00 0.00 0.00 0.00 0.00 0.00 0.00 0.00 0.00 0.00 0.00 0.00 0.00 0.00 0.00 0.00 0.00 0.00 0.00 0.00 0.00 0.00 0.00 0.00 0.00 0.00 0.00 0.00 0.00 0.00 0.00 0.00 0.00 0.00 0.00 0.00 0.00 0.00 0.00 0.00 0.00 0.08 0.17 0.27 0.38 0.49 0.60 0.72 0.83 0.95 1.08 1.20 1.33 1.46 1.59 1.72 1.85 1.99 2.12 2.25 2.38
10.10 9.14 8.20 7.28 6.40 5.55 4.74 3.98 3.27 2.62 2.02 1.50 1.04 0.65 0.35 0.14 0.01 0.00 0.00 0.00 0.00 0.00 0.00 0.00 0.00 0.00 0.00 0.00 0.00 0.00 0.00 0.00 0.00 0.00 0.00 0.00 0.00 0.00 0.00 0.00 0.00 0.00 0.00 0.00 0.00 0.00 0.00 0.00 0.00 0.00 0.00 0.00 0.00 0.00 0.00 0.00 0.00 0.00 0.00 0.02 0.11 0.21 0.31 0.41 0.52 0.64 0.75 0.87 0.99 1.12 1.25 1.37 1.50 1.64 1.77 1.90 2.03 2.16 2.30
9.74 8.82 7.92 7.04 6.20 5.38 4.60 3.87 3.18 2.54 1.97 1.46 1.01 0.64 0.35 0.14 0.01 0.00 0.00 0.00 0.00 0.00 0.00 0.00 0.00 0.00 0.00 0.00 0.00 0.00 0.00 0.00 0.00 0.00 0.00 0.00 0.00 0.00 0.00 0.00 0.00 0.00 0.00 0.00 0.00 0.00 0.00 0.00 0.00 0.00 0.00 0.00 0.00 0.00 0.00 0.00 0.00 0.00 0.00 0.00 0.05 0.14 0.24 0.35 0.45 0.56 0.68 0.80 0.92 1.04 1.16 1.29 1.42 1.55 1.68 1.81 1.95 2.08 2.21
9.39 8.51 7.65 6.81 5.99 5.21 4.46 3.75 3.09 2.47 1.92 1.42 0.99 0.63 0.34 0.14 0.02 0.00 0.00 0.00 0.00 0.00 0.00 0.00 0.00 0.00 0.00 0.00 0.00 0.00 0.00 0.00 0.00 0.00 0.00 0.00 0.00 0.00 0.00 0.00 0.00 0.00 0.00 0.00 0.00 0.00 0.00 0.00 0.00 0.00 0.00 0.00 0.00 0.00 0.00 0.00 0.00 0.00 0.00 0.00 0.00 0.09 0.18 0.28 0.39 0.50 0.61 0.72 0.84 0.96 1.09 1.21 1.34 1.47 1.60 1.73 1.87 2.00 2.13
