data_processed/recharge/precip/Precip_2005_05.asc
ncols        168
nrows        136
xllcorner    455000
yllcorner    2107000
cellsize     500
NODATA_value     -99999
[rows 70 to 104 of 136, columns 79 to 157 of 168]
29.65 29.88 30.13 30.40 30.68 30.98 31.29 31.61 31.94 32.28 32.63 32.99 33.36 33.73 34.12 34.52 34.95 35.38 35.82 36.26 36.71 37.17 37.62 38.08 38.54 39.01 39.47 39.93 40.40 40.86 41.32 41.78 42.24 42.69 43.14 43.58 44.02 44.46 44.89 45.31 45.72 46.13 46.53 46.92 47.31 47.70 48.07 48.45 48.81 49.17 49.52 49.86 50.19 50.52 50.83 51.14 51.43 51.72 51.99 52.25 52.50 52.73 52.96 53.16 53.36 53.54 53.71 53.89 54.07 54.25 54.40 54.51 54.58 54.59 54.55 54.44 54.28 54.04 53.74
29.07 29.31 29.57 29.85 30.14 30.45 30.78 31.12 31.47 31.83 32.21 32.59 32.98 33.38 33.79 34.21 34.65 35.09 35.54 35.99 36.45 36.91 37.38 37.85 38.32 38.79 39.27 39.74 40.22 40.69 41.16 41.63 42.10 42.56 43.03 43.48 43.93 44.38 44.82 45.25 45.68 46.10 46.51 46.92 47.32 47.72 48.11 48.50 48.88 49.25 49.62 49.98 50.33 50.67 51.00 51.33 51.64 51.94 52.23 52.51 52.78 53.04 53.28 53.51 53.73 53.93 54.12 54.30 54.48 54.64 54.76 54.85 54.89 54.88 54.81 54.69 54.51 54.26 53.94
28.49 28.74 29.00 29.29 29.59 29.92 30.26 30.61 30.99 31.37 31.77 32.18 32.59 33.02 33.46 33.90 34.34 34.79 35.25 35.71 36.18 36.65 37.12 37.60 38.08 38.56 39.05 39.53 40.02 40.50 40.98 41.46 41.94 42.42 42.89 43.36 43.82 44.28 44.73 45.18 45.61 46.04 46.47 46.89 47.31 47.72 48.13 48.53 48.93 49.32 49.70 50.07 50.44 50.80 51.15 51.49 51.82 52.14 52.45 52.75 53.04 53.31 53.58 53.83 54.07 54.29 54.50 54.70 54.86 54.99 55.09 55.14 55.16 55.13 55.04 54.91 54.71 54.45 54.12
27.91 28.16 28.43 28.73 29.04 29.38 29.73 30.10 30.49 30.90 31.32 31.75 32.19 32.65 33.11 33.57 34.02 34.48 34.94 35.41 35.89 36.37 36.85 37.34 37.83 38.32 38.81 39.31 39.80 40.29 40.79 41.28 41.77 42.25 42.74 43.21 43.69 44.16 44.62 45.08 45.53 45.97 46.41 46.84 47.27 47.70 48.12 48.54 48.95 49.35 49.75 50.14 50.52 50.90 51.26 51.62 51.97 52.31 52.64 52.96 53.26 53.56 53.84 54.12 54.38 54.62 54.85 55.05 55.20 55.30 55.37 55.40 55.39 55.34 55.24 55.08 54.87 54.60 54.26
27.33 27.58 27.86 28.16 28.48 28.83 29.20 29.59 29.99 30.42 30.86 31.31 31.78 32.26 32.74 33.21 33.68 34.15 34.62 35.10 35.58 36.07 36.56 37.06 37.56 38.06 38.56 39.06 39.57 40.07 40.57 41.07 41.57 42.07 42.56 43.05 43.54 44.02 44.49 44.96 45.42 45.87 46.32 46.77 47.21 47.65 48.09 48.52 48.94 49.36 49.77 50.18 50.58 50.97 51.35 51.73 52.09 52.45 52.80 53.14 53.46 53.78 54.08 54.37 54.65 54.92 55.15 55.34 55.47 55.56 55.61 55.62 55.59 55.51 55.40 55.23 55.00 54.72 54.37
26.75 27.00 27.29 27.59 27.93 28.29 28.67 29.07 29.49 29.93 30.40 30.87 31.36 31.85 32.34 32.83 33.32 33.81 34.29 34.77 35.27 35.76 36.26 36.77 37.27 37.78 38.29 38.80 39.32 39.83 40.34 40.85 41.36 41.87 42.37 42.87 43.36 43.85 44.34 44.82 45.29 45.76 46.22 46.68 47.13 47.58 48.03 48.48 48.91 49.35 49.77 50.20 50.61 51.02 51.42 51.81 52.19 52.57 52.93 53.29 53.63 53.97 54.29 54.60 54.90 55.17 55.39 55.56 55.69 55.77 55.80 55.79 55.74 55.65 55.51 55.33 55.09 54.80 54.45
26.17 26.43 26.72 27.03 27.37 27.74 28.13 28.55 28.99 29.45 29.93 30.42 30.92 31.42 31.93 32.43 32.94 33.44 33.94 34.43 34.93 35.44 35.94 36.46 36.97 37.49 38.01 38.53 39.05 39.57 40.09 40.61 41.13 41.64 42.16 42.67 43.17 43.67 44.17 44.66 45.14 45.62 46.09 46.56 47.03 47.49 47.95 48.41 48.86 49.31 49.75 50.19 50.62 51.04 51.46 51.86 52.26 52.66 53.04 53.41 53.78 54.13 54.47 54.80 55.10 55.35 55.56 55.72 55.84 55.91 55.93 55.91 55.84 55.73 55.58 55.38 55.14 54.84 54.48
25.60 25.86 26.15 26.47 26.82 27.20 27.60 28.03 28.49 28.96 29.46 29.96 30.46 30.98 31.49 32.01 32.53 33.05 33.57 34.08 34.59 35.10 35.61 36.13 36.65 37.18 37.71 38.23 38.76 39.29 39.82 40.35 40.88 41.40 41.93 42.45 42.96 43.47 43.98 44.48 44.97 45.46 45.94 46.42 46.90 47.38 47.85 48.32 48.79 49.25 49.70 50.15 50.60 51.04 51.47 51.89 52.31 52.72 53.12 53.51 53.89 54.26 54.62 54.95 55.24 55.48 55.67 55.82 55.93 55.99 56.00 55.97 55.89 55.77 55.61 55.40 55.14 54.83 54.47
25.05 25.31 25.60 25.92 26.28 26.67 27.08 27.52 27.99 28.48 28.97 29.48 30.00 30.52 31.04 31.58 32.11 32.64 33.17 33.70 34.22 34.74 35.27 35.79 36.32 36.85 37.39 37.93 38.46 39.00 39.54 40.08 40.61 41.15 41.68 42.21 42.73 43.25 43.77 44.28 44.78 45.28 45.77 46.26 46.75 47.24 47.73 48.21 48.69 49.16 49.63 50.10 50.56 51.01 51.46 51.90 52.33 52.75 53.17 53.58 53.98 54.37 54.72 55.04 55.31 55.54 55.72 55.86 55.96 56.01 56.01 55.97 55.89 55.76 55.58 55.36 55.10 54.78 54.42
24.50 24.76 25.06 25.39 25.75 26.14 26.56 27.02 27.49 27.98 28.48 28.99 29.52 30.04 30.58 31.12 31.66 32.21 32.75 33.30 33.84 34.37 34.90 35.44 35.97 36.51 37.06 37.60 38.15 38.69 39.24 39.78 40.33 40.87 41.41 41.95 42.48 43.01 43.53 44.05 44.57 45.07 45.58 46.08 46.58 47.08 47.58 48.08 48.57 49.05 49.54 50.02 50.49 50.96 51.42 51.87 52.32 52.76 53.20 53.62 54.04 54.42 54.77 55.07 55.33 55.54 55.71 55.84 55.93 55.97 55.97 55.92 55.83 55.69 55.51 55.28 55.01 54.69 54.32
23.97 24.23 24.53 24.86 25.23 25.63 26.06 26.52 26.99 27.48 27.98 28.50 29.02 29.56 30.10 30.65 31.20 31.76 32.32 32.87 33.43 33.98 34.53 35.07 35.61 36.16 36.71 37.26 37.81 38.37 38.92 39.47 40.03 40.58 41.12 41.67 42.21 42.75 43.28 43.81 44.34 44.85 45.37 45.88 46.39 46.90 47.41 47.92 48.42 48.92 49.42 49.91 50.40 50.88 51.36 51.83 52.29 52.75 53.20 53.64 54.05 54.42 54.75 55.04 55.28 55.49 55.65 55.76 55.84 55.87 55.86 55.80 55.70 55.56 55.37 55.14 54.86 54.54 54.17
23.46 23.72 24.02 24.35 24.72 25.13 25.56 26.02 26.49 26.98 27.48 28.00 28.53 29.06 29.61 30.17 30.73 31.30 31.86 32.43 33.00 33.57 34.13 34.69 35.24 35.79 36.35 36.90 37.46 38.02 38.59 39.15 39.71 40.26 40.82 41.38 41.93 42.47 43.01 43.55 44.08 44.61 45.13 45.66 46.18 46.70 47.22 47.74 48.26 48.77 49.28 49.78 50.28 50.78 51.27 51.75 52.23 52.71 53.17 53.60 54.00 54.36 54.67 54.95 55.18 55.37 55.52 55.63 55.69 55.72 55.70 55.63 55.53 55.38 55.18 54.95 54.67 54.34 53.97
22.98 23.23 23.53 23.86 24.24 24.64 25.07 25.52 25.98 26.47 26.97 27.49 28.02 28.56 29.11 29.67 30.24 30.82 31.39 31.97 32.55 33.13 33.71 34.28 34.85 35.41 35.97 36.53 37.10 37.67 38.24 38.80 39.37 39.94 40.50 41.06 41.62 42.18 42.73 43.27 43.81 44.35 44.88 45.41 45.95 46.48 47.01 47.54 48.07 48.59 49.11 49.63 50.14 50.65 51.16 51.66 52.15 52.64 53.09 53.52 53.90 54.24 54.54 54.80 55.02 55.20 55.34 55.44 55.49 55.51 55.48 55.41 55.29 55.14 54.94 54.70 54.41 54.08 53.71
22.51 22.76 23.06 23.39 23.76 24.16 24.58 25.02 25.48 25.96 26.46 26.98 27.51 28.05 28.61 29.17 29.74 30.32 30.91 31.49 32.08 32.67 33.26 33.85 34.43 35.01 35.58 36.15 36.72 37.29 37.87 38.44 39.02 39.59 40.16 40.73 41.30 41.86 42.42 42.97 43.52 44.07 44.61 45.15 45.69 46.24 46.78 47.32 47.86 48.39 48.92 49.45 49.98 50.50 51.02 51.54 52.04 52.52 52.96 53.37 53.73 54.06 54.35 54.60 54.80 54.97 55.10 55.19 55.23 55.24 55.20 55.12 55.01 54.84 54.64 54.39 54.11 53.77 53.40
22.07 22.32 22.61 22.94 23.30 23.68 24.09 24.52 24.98 25.46 25.95 26.46 26.99 27.53 28.09 28.66 29.23 29.82 30.41 31.00 31.60 32.20 32.80 33.40 33.99 34.58 35.17 35.75 36.33 36.91 37.49 38.07 38.65 39.23 39.81 40.38 40.96 41.53 42.09 42.66 43.21 43.77 44.32 44.87 45.42 45.97 46.52 47.07 47.62 48.17 48.71 49.26 49.80 50.33 50.86 51.39 51.89 52.35 52.78 53.17 53.52 53.83 54.10 54.34 54.53 54.69 54.81 54.88 54.92 54.92 54.87 54.79 54.66 54.50 54.29 54.04 53.75 53.41 53.04
21.66 21.91 22.19 22.50 22.84 23.22 23.61 24.04 24.48 24.95 25.44 25.95 26.48 27.02 27.57 28.14 28.71 29.30 29.90 30.50 31.10 31.71 32.32 32.93 33.54 34.14 34.74 35.33 35.92 36.50 37.09 37.68 38.26 38.85 39.44 40.02 40.60 41.18 41.75 42.32 42.89 43.45 44.00 44.56 45.13 45.69 46.25 46.81 47.37 47.93 48.48 49.04 49.59 50.14 50.68 51.20 51.68 52.13 52.54 52.91 53.24 53.54 53.80 54.02 54.21 54.35 54.46 54.52 54.55 54.54 54.49 54.40 54.27 54.09 53.88 53.63 53.33 53.00 52.62
21.28 21.51 21.78 22.08 22.40 22.76 23.15 23.56 24.00 24.46 24.94 25.44 25.96 26.49 27.05 27.61 28.19 28.78 29.38 29.98 30.59 31.20 31.82 32.44 33.06 33.67 34.29 34.89 35.49 36.09 36.68 37.27 37.86 38.46 39.05 39.64 40.23 40.81 41.39 41.97 42.54 43.11 43.67 44.24 44.81 45.38 45.95 46.52 47.09 47.66 48.23 48.79 49.36 49.91 50.45 50.95 51.42 51.85 52.24 52.60 52.92 53.20 53.45 53.66 53.83 53.96 54.06 54.11 54.13 54.11 54.05 53.96 53.82 53.64 53.42 53.17 52.87 52.53 52.15
20.93 21.14 21.39 21.67 21.98 22.32 22.69 23.09 23.51 23.96 24.44 24.93 25.44 25.97 26.52 27.08 27.66 28.25 28.85 29.45 30.07 30.69 31.31 31.94 32.56 33.19 33.81 34.43 35.04 35.65 36.25 36.85 37.45 38.05 38.64 39.24 39.83 40.42 41.01 41.60 42.17 42.75 43.32 43.90 44.48 45.06 45.64 46.22 46.80 47.37 47.95 48.53 49.10 49.65 50.17 50.65 51.10 51.51 51.89 52.23 52.53 52.80 53.04 53.23 53.39 53.52 53.60 53.65 53.66 53.63 53.57 53.46 53.32 53.14 52.92 52.65 52.35 52.01 51.63
20.60 20.79 21.01 21.27 21.57 21.89 22.25 22.63 23.04 23.48 23.94 24.42 24.93 25.45 25.99 26.55 27.13 27.71 28.31 28.92 29.53 30.16 30.78 31.42 32.05 32.68 33.32 33.95 34.57 35.19 35.81 36.41 37.02 37.62 38.22 38.83 39.43 40.02 40.62 41.21 41.79 42.37 42.95 43.54 44.12 44.71 45.30 45.89 46.48 47.07 47.65 48.24 48.80 49.33 49.83 50.30 50.73 51.12 51.48 51.81 52.10 52.36 52.58 52.76 52.91 53.02 53.10 53.14 53.14 53.10 53.03 52.92 52.77 52.58 52.36 52.09 51.79 51.45 51.07
20.30 20.46 20.66 20.90 21.17 21.48 21.82 22.18 22.58 23.00 23.45 23.92 24.42 24.94 25.47 26.02 26.59 27.17 27.77 28.38 28.99 29.62 30.25 30.88 31.52 32.16 32.81 33.45 34.08 34.71 35.34 35.96 36.57 37.18 37.79 38.40 39.00 39.60 40.20 40.80 41.39 41.98 42.57 43.16 43.75 44.35 44.94 45.54 46.14 46.74 47.33 47.91 48.45 48.97 49.45 49.89 50.30 50.68 51.03 51.34 51.62 51.86 52.07 52.24 52.37 52.48 52.54 52.57 52.56 52.52 52.44 52.32 52.17 51.98 51.75 51.48 51.18 50.83 50.45
20.02 20.16 20.33 20.55 20.80 21.08 21.40 21.75 22.13 22.54 22.97 23.43 23.92 24.42 24.95 25.49 26.06 26.63 27.23 27.83 28.44 29.07 29.70 30.34 30.98 31.63 32.28 32.93 33.57 34.21 34.85 35.48 36.11 36.72 37.34 37.95 38.56 39.17 39.77 40.37 40.97 41.57 42.16 42.76 43.36 43.96 44.57 45.17 45.78 46.39 46.97 47.53 48.05 48.55 49.01 49.43 49.83 50.19 50.52 50.82 51.08 51.31 51.50 51.66 51.79 51.88 51.94 51.96 51.94 51.89 51.80 51.68 51.52 51.33 51.09 50.82 50.52 50.17 49.79
19.77 19.88 20.03 20.22 20.44 20.71 21.01 21.34 21.70 22.09 22.51 22.95 23.42 23.92 24.43 24.97 25.52 26.09 26.68 27.28 27.89 28.52 29.15 29.79 30.43 31.08 31.74 32.39 33.04 33.70 34.34 34.99 35.62 36.25 36.87 37.49 38.10 38.72 39.33 39.93 40.54 41.14 41.74 42.34 42.95 43.56 44.17 44.79 45.40 45.99 46.56 47.10 47.60 48.07 48.52 48.93 49.31 49.65 49.97 50.25 50.49 50.71 50.89 51.04 51.16 51.24 51.28 51.29 51.27 51.21 51.12 50.99 50.83 50.63 50.39 50.12 49.81 49.46 49.08
19.54 19.62 19.75 19.91 20.11 20.35 20.63 20.94 21.28 21.65 22.05 22.48 22.94 23.42 23.92 24.45 24.99 25.55 26.13 26.73 27.34 27.96 28.59 29.23 29.87 30.52 31.18 31.84 32.50 33.16 33.81 34.47 35.11 35.75 36.39 37.01 37.63 38.25 38.86 39.48 40.08 40.69 41.30 41.91 42.52 43.14 43.76 44.38 44.98 45.55 46.10 46.61 47.10 47.55 47.98 48.37 48.73 49.06 49.36 49.63 49.86 50.06 50.23 50.37 50.47 50.54 50.58 50.58 50.55 50.49 50.39 50.25 50.08 49.88 49.64 49.37 49.05 48.71 48.32
19.35 19.40 19.49 19.63 19.81 20.02 20.27 20.56 20.88 21.23 21.61 22.02 22.46 22.93 23.42 23.93 24.47 25.02 25.59 26.18 26.78 27.39 28.02 28.66 29.30 29.96 30.61 31.28 31.94 32.60 33.27 33.93 34.59 35.24 35.88 36.52 37.14 37.76 38.38 39.00 39.61 40.23 40.84 41.45 42.07 42.70 43.32 43.93 44.51 45.06 45.59 46.08 46.55 46.98 47.39 47.76 48.11 48.42 48.71 48.96 49.18 49.37 49.53 49.65 49.74 49.80 49.83 49.83 49.79 49.72 49.61 49.47 49.30 49.09 48.85 48.57 48.26 47.91 47.52
19.19 19.21 19.27 19.38 19.52 19.71 19.94 20.20 20.50 20.83 21.19 21.58 22.00 22.45 22.93 23.42 23.95 24.49 25.05 25.63 26.22 26.83 27.45 28.09 28.73 29.38 30.04 30.70 31.37 32.04 32.71 33.37 34.04 34.70 35.35 36.00 36.64 37.27 37.89 38.51 39.13 39.74 40.36 40.98 41.61 42.24 42.85 43.44 43.99 44.53 45.03 45.50 45.95 46.36 46.75 47.11 47.44 47.74 48.00 48.24 48.45 48.63 48.77 48.89 48.97 49.02 49.04 49.02 48.98 48.90 48.79 48.64 48.46 48.25 48.01 47.73 47.41 47.06 46.68
19.06 19.05 19.08 19.15 19.27 19.43 19.63 19.86 20.14 20.44 20.78 21.16 21.56 21.99 22.45 22.93 23.43 23.96 24.51 25.08 25.67 26.27 26.88 27.51 28.15 28.80 29.45 30.12 30.79 31.46 32.13 32.80 33.47 34.14 34.80 35.46 36.11 36.75 37.38 38.00 38.63 39.25 39.87 40.50 41.12 41.74 42.33 42.89 43.43 43.94 44.42 44.87 45.30 45.70 46.07 46.41 46.72 47.00 47.26 47.48 47.67 47.84 47.97 48.07 48.15 48.19 48.20 48.18 48.12 48.04 47.92 47.77 47.59 47.37 47.12 46.84 46.53 46.18 45.79
18.97 18.92 18.92 18.96 19.04 19.17 19.34 19.55 19.80 20.08 20.40 20.75 21.13 21.54 21.98 22.44 22.93 23.45 23.98 24.54 25.11 25.70 26.31 26.93 27.57 28.21 28.86 29.53 30.19 30.86 31.54 32.22 32.89 33.56 34.24 34.90 35.56 36.21 36.85 37.48 38.11 38.73 39.36 39.99 40.60 41.20 41.76 42.30 42.82 43.30 43.77 44.20 44.61 44.99 45.34 45.66 45.96 46.22 46.46 46.67 46.85 47.01 47.13 47.22 47.28 47.31 47.31 47.29 47.22 47.13 47.01 46.86 46.67 46.45 46.20 45.91 45.60 45.25 44.86
18.91 18.83 18.79 18.80 18.85 18.95 19.08 19.26 19.48 19.74 20.03 20.36 20.71 21.10 21.52 21.97 22.44 22.94 23.46 24.00 24.57 25.15 25.74 26.36 26.98 27.62 28.27 28.93 29.59 30.26 30.94 31.62 32.30 32.97 33.65 34.32 34.99 35.65 36.30 36.94 37.57 38.20 38.83 39.45 40.04 40.61 41.15 41.67 42.16 42.62 43.07 43.48 43.87 44.23 44.56 44.87 45.15 45.40 45.63 45.82 45.99 46.13 46.24 46.32 46.37 46.40 46.39 46.35 46.28 46.19 46.06 45.90 45.71 45.48 45.23 44.95 44.63 44.28 43.89
18.90 18.77 18.70 18.67 18.69 18.75 18.86 19.01 19.19 19.42 19.69 19.99 20.32 20.69 21.09 21.51 21.97 22.45 22.95 23.48 24.02 24.59 25.18 25.78 26.40 27.03 27.67 28.33 28.99 29.66 30.33 31.01 31.69 32.37 33.05 33.73 34.40 35.07 35.73 36.38 37.02 37.65 38.27 38.86 39.43 39.97 40.49 40.99 41.46 41.90 42.32 42.72 43.08 43.43 43.74 44.03 44.30 44.54 44.75 44.93 45.08 45.21 45.31 45.38 45.42 45.44 45.42 45.38 45.30 45.20 45.06 44.90 44.70 44.48 44.22 43.94 43.62 43.27 42.89
18.92 18.76 18.64 18.58 18.56 18.59 18.67 18.78 18.94 19.14 19.38 19.65 19.96 20.30 20.67 21.08 21.51 21.97 22.46 22.97 23.50 24.06 24.63 25.22 25.83 26.45 27.09 27.73 28.39 29.06 29.73 30.41 31.09 31.77 32.45 33.13 33.81 34.49 35.16 35.82 36.47 37.10 37.70 38.26 38.81 39.32 39.82 40.29 40.74 41.17 41.56 41.94 42.29 42.61 42.91 43.19 43.44 43.66 43.85 44.02 44.16 44.28 44.37 44.43 44.46 44.46 44.44 44.39 44.31 44.20 44.06 43.89 43.69 43.46 43.20 42.91 42.60 42.24 41.86
19.00 18.79 18.64 18.54 18.49 18.48 18.52 18.60 18.73 18.90 19.11 19.35 19.64 19.95 20.30 20.69 21.10 21.54 22.01 22.50 23.02 23.56 24.12 24.70 25.30 25.91 26.54 27.18 27.83 28.49 29.16 29.83 30.51 31.20 31.88 32.57 33.25 33.93 34.61 35.28 35.93 36.57 37.16 37.70 38.22 38.72 39.19 39.64 40.06 40.46 40.84 41.20 41.53 41.83 42.12 42.37 42.60 42.81 42.99 43.15 43.27 43.38 43.45 43.50 43.52 43.52 43.49 43.43 43.34 43.22 43.07 42.90 42.70 42.47 42.21 41.91 41.59 41.24 40.86
19.13 18.88 18.69 18.55 18.46 18.41 18.42 18.47 18.57 18.70 18.88 19.10 19.36 19.65 19.98 20.33 20.73 21.15 21.60 22.07 22.57 23.10 23.64 24.21 24.80 25.40 26.02 26.65 27.30 27.95 28.62 29.29 29.97 30.65 31.34 32.03 32.72 33.40 34.09 34.76 35.42 36.05 36.64 37.18 37.67 38.14 38.59 39.02 39.42 39.80 40.16 40.49 40.80 41.09 41.35 41.59 41.81 42.00 42.16 42.30 42.42 42.50 42.57 42.61 42.62 42.60 42.56 42.49 42.39 42.27 42.12 41.94 41.73 41.50 41.23 40.94 40.61 40.26 39.88
19.30 19.01 18.78 18.60 18.47 18.39 18.36 18.38 18.45 18.55 18.70 18.89 19.12 19.39 19.69 20.02 20.39 20.79 21.22 21.68 22.16 22.67 23.21 23.76 24.33 24.93 25.54 26.16 26.80 27.45 28.11 28.78 29.46 30.14 30.83 31.52 32.21 32.90 33.59 34.26 34.92 35.55 36.14 36.67 37.16 37.61 38.03 38.43 38.81 39.17 39.50 39.82 40.11 40.37 40.62 40.84 41.04 41.21 41.36 41.48 41.58 41.66 41.71 41.74 41.74 41.71 41.66 41.58 41.47 41.34 41.18 41.00 40.79 40.55 40.28 39.98 39.66 39.30 38.92
19.52 19.19 18.92 18.70 18.54 18.42 18.36 18.34 18.37 18.44 18.56 18.72 18.92 19.16 19.44 19.75 20.10 20.48 20.89 21.33 21.79 22.29 22.80 23.34 23.91 24.49 25.09 25.70 26.33 26.98 27.64 28.30 28.98 29.66 30.35 31.04 31.74 32.43 33.11 33.78 34.43 35.07 35.66 36.19 36.67 37.10 37.50 37.88 38.23 38.57 38.88 39.17 39.44 39.69 39.91 40.11 40.29 40.45 40.58 40.69 40.78 40.84 40.88 40.89 40.88 40.84 40.78 40.69 40.57 40.43 40.27 40.08 39.86 39.61 39.34 39.04 38.71 38.36 37.97
19.79 19.42 19.11 18.85 18.64 18.49 18.39 18.34 18.34 18.38 18.47 18.60 18.77 18.98 19.23 19.52 19.85 20.20 20.59 21.01 21.46 21.94 22.44 22.96 23.51 24.08 24.67 25.28 25.90 26.54 27.19 27.86 28.53 29.21 29.90 30.59 31.28 31.97 32.65 33.32 33.97 34.61 35.19 35.72 36.19 36.61 37.00 37.35 37.68 37.99 38.28 38.55 38.80 39.02 39.23 39.41 39.57 39.71 39.83 39.92 39.99 40.04 40.06 40.06 40.03 39.99 39.91 39.81 39.69 39.54 39.37 39.17 38.94 38.69 38.41 38.11 37.78 37.42 37.04
