data_processed/recharge/precip/Precip_2007_09.asc
ncols        168
nrows        136
xllcorner    455000
yllcorner    2107000
cellsize     500
NODATA_value     -99999
[rows 32 to 63 of 136, columns 0 to 72 of 168]
228.92 230.13 230.98 231.51 231.73 231.67 231.36 230.82 230.08 229.16 228.09 226.90 225.60 224.24 222.82 221.38 219.94 218.53 217.18 215.90 214.73 213.69 212.81 212.04 211.00 209.46 207.46 205.06 202.30 199.24 195.94 192.45 188.84 185.15 181.43 177.75 174.16 170.72 167.47 164.48 161.80 159.49 157.60 156.18 155.29 154.99 155.34 156.34 157.80 159.26 160.52 161.59 162.49 163.22 163.81 164.26 164.58 164.79 164.91 164.94 164.89 164.79 164.64 164.45 164.25 164.03 163.82 163.62 163.46 163.33 163.26 163.26 163.34
225.94 227.06 227.84 228.30 228.48 228.39 228.06 227.52 226.79 225.89 224.86 223.72 222.50 221.22 219.90 218.57 217.26 215.99 214.79 213.68 212.70 211.85 211.19 210.72 210.23 209.41 208.07 206.27 204.06 201.48 198.60 195.48 192.15 188.69 185.15 181.58 178.03 174.57 171.25 168.11 165.23 162.65 160.43 158.62 157.27 156.46 156.19 156.33 156.93 158.08 159.27 160.29 161.13 161.83 162.38 162.80 163.11 163.31 163.43 163.46 163.44 163.35 163.23 163.09 162.93 162.77 162.62 162.50 162.41 162.38 162.41 162.49 162.58
222.32 223.32 224.04 224.46 224.61 224.51 224.18 223.65 222.95 222.11 221.14 220.07 218.94 217.76 216.55 215.36 214.19 213.09 212.06 211.15 210.36 209.74 209.32 209.11 208.92 208.65 208.03 206.90 205.29 203.26 200.86 198.15 195.19 192.02 188.71 185.31 181.87 178.46 175.12 171.90 168.88 166.09 163.60 161.46 159.73 158.43 157.42 156.59 156.18 156.50 157.44 158.43 159.26 159.95 160.51 160.94 161.27 161.50 161.66 161.74 161.76 161.74 161.69 161.62 161.55 161.48 161.44 161.42 161.46 161.55 161.69 161.81 161.91
218.33 219.02 219.66 220.06 220.20 220.10 219.80 219.31 218.66 217.88 216.99 216.02 214.99 213.93 212.87 211.83 210.83 209.90 209.07 208.37 207.80 207.41 207.23 207.26 207.32 207.34 207.27 206.85 205.91 204.49 202.64 200.42 197.87 195.07 192.05 188.88 185.62 182.31 179.01 175.78 172.68 169.75 167.06 164.65 162.56 160.65 158.81 157.10 155.76 155.13 155.30 156.08 156.94 157.66 158.26 158.74 159.13 159.43 159.65 159.82 159.94 160.02 160.07 160.12 160.17 160.24 160.33 160.47 160.66 160.88 161.09 161.23 161.31
214.14 214.43 214.81 215.16 215.32 215.25 214.99 214.55 213.98 213.28 212.49 211.63 210.74 209.82 208.92 208.04 207.23 206.51 205.89 205.40 205.05 204.88 204.93 205.19 205.49 205.75 205.97 206.09 205.87 205.12 203.88 202.20 200.14 197.76 195.10 192.23 189.20 186.06 182.87 179.69 176.57 173.56 170.73 168.09 165.52 162.91 160.32 157.83 155.67 154.18 153.45 153.52 154.22 155.01 155.69 156.27 156.75 157.15 157.49 157.78 158.02 158.24 158.44 158.65 158.86 159.09 159.37 159.69 160.04 160.35 160.58 160.73 160.80
209.80 209.72 209.75 209.90 210.04 210.02 209.82 209.46 208.98 208.39 207.72 207.00 206.25 205.50 204.77 204.09 203.48 202.98 202.58 202.29 202.14 202.18 202.44 202.93 203.45 203.95 204.40 204.80 205.12 205.08 204.51 203.44 201.93 200.03 197.80 195.28 192.55 189.65 186.63 183.56 180.49 177.47 174.53 171.54 168.41 165.18 161.94 158.77 155.90 153.65 152.12 151.35 151.40 152.08 152.87 153.58 154.19 154.74 155.23 155.68 156.09 156.48 156.87 157.26 157.68 158.12 158.61 159.12 159.58 159.93 160.18 160.33 160.37
205.35 204.92 204.64 204.50 204.49 204.49 204.37 204.12 203.74 203.28 202.75 202.18 201.60 201.03 200.50 200.04 199.66 199.37 199.15 199.04 199.08 199.32 199.78 200.48 201.23 201.94 202.61 203.24 203.83 204.33 204.47 204.08 203.18 201.83 200.08 197.99 195.62 193.01 190.23 187.33 184.37 181.37 178.21 174.79 171.17 167.43 163.65 159.90 156.42 153.53 151.30 149.79 149.06 149.14 149.88 150.74 151.53 152.26 152.94 153.58 154.20 154.81 155.42 156.04 156.69 157.38 158.09 158.72 159.24 159.63 159.89 160.02 160.02
200.83 200.08 199.52 199.12 198.88 198.78 198.73 198.58 198.34 198.02 197.65 197.26 196.87 196.51 196.19 195.96 195.79 195.67 195.62 195.68 195.90 196.32 196.98 197.87 198.82 199.74 200.63 201.47 202.28 203.05 203.73 204.05 203.82 203.08 201.88 200.28 198.33 196.08 193.60 190.94 188.13 185.04 181.58 177.81 173.81 169.66 165.44 161.23 157.24 153.80 150.98 148.83 147.41 146.78 146.97 147.82 148.82 149.77 150.68 151.55 152.42 153.28 154.15 155.04 155.96 156.90 157.75 158.46 159.02 159.44 159.71 159.81 159.77
196.27 195.24 194.42 193.80 193.36 193.09 192.98 192.95 192.85 192.70 192.51 192.32 192.13 191.99 191.92 191.89 191.88 191.90 192.00 192.23 192.61 193.20 194.04 195.13 196.27 197.39 198.47 199.52 200.54 201.52 202.46 203.31 203.79 203.72 203.14 202.09 200.62 198.80 196.69 194.30 191.52 188.27 184.60 180.58 176.31 171.85 167.30 162.72 158.33 154.44 151.13 148.46 146.46 145.20 144.73 145.10 146.14 147.34 148.51 149.66 150.81 151.96 153.13 154.32 155.52 156.62 157.56 158.33 158.94 159.38 159.63 159.71 159.62
191.71 190.44 189.40 188.58 187.97 187.57 187.35 187.30 187.35 187.39 187.40 187.41 187.46 187.56 187.70 187.81 187.93 188.08 188.32 188.69 189.23 189.99 191.00 192.26 193.59 194.89 196.16 197.40 198.62 199.79 200.94 202.04 203.05 203.70 203.79 203.35 202.44 201.11 199.39 197.17 194.37 191.03 187.25 183.09 178.65 173.99 169.20 164.36 159.69 155.46 151.76 148.65 146.18 144.41 143.38 143.14 143.75 145.04 146.51 147.98 149.44 150.92 152.42 153.92 155.30 156.50 157.52 158.35 158.99 159.44 159.68 159.72 159.57
187.21 185.72 184.49 183.51 182.76 182.24 181.94 181.85 181.94 182.15 182.38 182.64 182.93 183.24 183.50 183.72 183.95 184.23 184.60 185.10 185.79 186.69 187.86 189.29 190.79 192.27 193.72 195.14 196.54 197.90 199.24 200.54 201.80 202.97 203.77 204.01 203.71 202.91 201.49 199.37 196.62 193.31 189.52 185.33 180.82 176.06 171.15 166.15 161.28 156.82 152.84 149.41 146.57 144.38 142.89 142.15 142.21 143.13 144.74 146.55 148.37 150.22 152.05 153.74 155.24 156.54 157.63 158.51 159.18 159.63 159.85 159.84 159.62
182.78 181.11 179.72 178.61 177.76 177.17 176.81 176.69 176.79 177.10 177.55 178.05 178.55 178.97 179.32 179.64 179.97 180.35 180.84 181.47 182.29 183.34 184.66 186.24 187.90 189.54 191.16 192.75 194.32 195.86 197.38 198.86 200.31 201.72 203.05 204.00 204.35 203.98 202.80 200.87 198.27 195.09 191.40 187.27 182.80 178.06 173.12 168.07 163.11 158.52 154.37 150.71 147.61 145.10 143.26 142.12 141.74 142.17 143.47 145.46 147.68 149.87 151.92 153.75 155.36 156.75 157.91 158.83 159.51 159.95 160.14 160.07 159.77
178.49 176.66 175.14 173.93 173.01 172.37 172.00 171.89 172.02 172.39 172.98 173.67 174.27 174.75 175.18 175.58 176.00 176.49 177.08 177.83 178.77 179.94 181.40 183.13 184.94 186.73 188.50 190.25 191.98 193.69 195.38 197.03 198.66 200.25 201.81 203.25 204.14 204.14 203.28 201.64 199.31 196.36 192.87 188.92 184.58 179.95 175.10 170.10 165.16 160.54 156.31 152.54 149.28 146.57 144.47 143.03 142.31 142.36 143.23 144.97 147.37 149.79 151.99 153.95 155.67 157.13 158.34 159.30 159.99 160.41 160.56 160.43 160.04
174.35 172.40 170.79 169.51 168.55 167.89 167.54 167.46 167.67 168.13 168.76 169.43 170.06 170.61 171.09 171.57 172.07 172.64 173.33 174.18 175.23 176.53 178.11 179.97 181.92 183.85 185.76 187.67 189.55 191.41 193.25 195.07 196.86 198.62 200.33 201.82 202.93 203.36 202.93 201.69 199.72 197.10 193.92 190.24 186.16 181.74 177.07 172.23 167.41 162.86 158.67 154.89 151.57 148.76 146.51 144.88 143.93 143.69 144.23 145.55 147.53 149.93 152.26 154.34 156.15 157.69 158.95 159.92 160.61 161.01 161.10 160.90 160.42
170.42 168.38 166.71 165.39 164.42 163.78 163.47 163.47 163.76 164.26 164.82 165.38 165.97 166.54 167.09 167.62 168.19 168.84 169.62 170.56 171.71 173.11 174.81 176.79 178.86 180.92 182.97 185.01 187.03 189.04 191.03 192.99 194.94 196.83 198.53 199.90 200.95 201.65 201.72 200.98 199.48 197.31 194.53 191.24 187.50 183.40 179.02 174.44 169.85 165.49 161.43 157.74 154.46 151.65 149.37 147.65 146.56 146.15 146.41 147.23 148.57 150.47 152.75 154.93 156.82 158.42 159.72 160.71 161.39 161.75 161.79 161.51 160.92
166.73 164.63 162.93 161.61 160.66 160.07 159.83 159.93 160.26 160.67 161.10 161.56 162.06 162.60 163.18 163.76 164.39 165.11 165.96 166.98 168.21 169.71 171.51 173.61 175.79 177.97 180.14 182.31 184.46 186.60 188.72 190.82 192.89 194.76 196.33 197.58 198.55 199.26 199.67 199.51 198.59 196.96 194.69 191.88 188.60 184.93 180.95 176.73 172.47 168.39 164.57 161.08 157.95 155.25 153.02 151.32 150.20 149.66 149.56 149.87 150.63 151.87 153.62 155.72 157.69 159.34 160.66 161.66 162.32 162.64 162.61 162.24 161.54
163.32 161.20 159.50 158.20 157.31 156.80 156.67 156.80 157.02 157.28 157.58 157.94 158.35 158.84 159.39 160.01 160.68 161.45 162.36 163.45 164.77 166.35 168.24 170.44 172.73 175.01 177.30 179.57 181.84 184.10 186.35 188.56 190.59 192.33 193.77 194.94 195.86 196.55 197.04 197.29 197.02 196.04 194.39 192.17 189.45 186.31 182.82 179.07 175.24 171.55 168.09 164.89 162.02 159.53 157.47 155.89 154.78 154.01 153.54 153.41 153.64 154.28 155.35 156.90 158.75 160.44 161.79 162.78 163.41 163.68 163.58 163.11 162.28
160.23 158.12 156.45 155.21 154.40 154.01 153.90 153.91 153.96 154.08 154.26 154.51 154.84 155.26 155.77 156.38 157.08 157.90 158.86 160.01 161.39 163.05 165.02 167.30 169.68 172.07 174.45 176.83 179.20 181.57 183.91 186.08 187.97 189.58 190.93 192.04 192.94 193.65 194.19 194.58 194.79 194.54 193.62 192.09 190.03 187.52 184.64 181.46 178.17 174.97 171.95 169.16 166.65 164.47 162.68 161.26 160.07 159.07 158.28 157.76 157.52 157.61 158.07 158.92 160.19 161.74 163.09 164.07 164.67 164.87 164.69 164.11 163.15
157.51 155.43 153.82 152.68 151.98 151.62 151.37 151.19 151.08 151.05 151.10 151.25 151.50 151.86 152.32 152.91 153.62 154.47 155.47 156.66 158.10 159.82 161.86 164.22 166.68 169.15 171.62 174.09 176.56 179.01 181.30 183.32 185.07 186.58 187.87 188.96 189.87 190.62 191.24 191.75 192.17 192.47 192.35 191.62 190.32 188.55 186.37 183.88 181.23 178.63 176.16 173.88 171.83 170.07 168.58 167.22 165.93 164.74 163.70 162.84 162.20 161.80 161.69 161.90 162.46 163.40 164.58 165.54 166.09 166.23 165.95 165.25 164.16
155.18 153.17 151.66 150.64 149.97 149.44 148.99 148.62 148.35 148.18 148.11 148.16 148.32 148.61 149.04 149.60 150.31 151.17 152.20 153.44 154.91 156.68 158.79 161.21 163.75 166.29 168.83 171.39 173.92 176.31 178.44 180.31 181.96 183.40 184.66 185.75 186.70 187.53 188.27 188.92 189.53 190.10 190.60 190.74 190.32 189.39 188.02 186.31 184.40 182.51 180.70 179.03 177.55 176.24 174.94 173.61 172.27 170.97 169.73 168.59 167.59 166.77 166.15 165.77 165.67 165.88 166.44 167.19 167.68 167.74 167.37 166.54 165.30
153.30 151.39 150.00 149.00 148.15 147.40 146.75 146.20 145.77 145.45 145.26 145.20 145.29 145.52 145.90 146.44 147.14 148.02 149.08 150.34 151.86 153.67 155.82 158.30 160.89 163.49 166.10 168.71 171.17 173.39 175.37 177.14 178.72 180.12 181.37 182.50 183.52 184.46 185.33 186.16 186.98 187.80 188.64 189.48 190.01 190.02 189.57 188.74 187.69 186.60 185.55 184.60 183.71 182.73 181.61 180.36 179.04 177.67 176.29 174.93 173.63 172.43 171.36 170.46 169.75 169.29 169.09 169.20 169.45 169.43 168.94 167.98 166.58
151.89 150.10 148.74 147.55 146.46 145.49 144.63 143.90 143.30 142.85 142.54 142.38 142.38 142.54 142.88 143.40 144.11 145.00 146.10 147.40 148.94 150.78 152.97 155.49 158.13 160.79 163.44 165.96 168.25 170.32 172.18 173.87 175.40 176.80 178.08 179.27 180.38 181.46 182.50 183.54 184.60 185.70 186.86 188.10 189.40 190.43 191.00 191.16 191.06 190.88 190.70 190.49 190.07 189.40 188.49 187.40 186.14 184.76 183.30 181.78 180.24 178.73 177.26 175.89 174.64 173.55 172.65 171.98 171.58 171.28 170.67 169.57 168.01
150.99 149.23 147.66 146.20 144.87 143.68 142.62 141.71 140.95 140.35 139.92 139.66 139.58 139.68 139.98 140.48 141.18 142.09 143.23 144.59 146.19 148.05 150.26 152.82 155.50 158.17 160.73 163.07 165.21 167.15 168.93 170.57 172.08 173.50 174.84 176.12 177.37 178.61 179.85 181.13 182.46 183.87 185.37 187.00 188.76 190.63 192.30 193.55 194.51 195.35 196.06 196.45 196.47 196.15 195.53 194.64 193.51 192.18 190.69 189.06 187.35 185.57 183.77 181.98 180.24 178.59 177.05 175.66 174.46 173.48 172.57 171.32 169.58
150.50 148.52 146.66 144.95 143.38 141.96 140.70 139.61 138.69 137.95 137.40 137.03 136.87 136.91 137.17 137.65 138.35 139.28 140.45 141.87 143.55 145.48 147.72 150.30 152.98 155.56 157.93 160.11 162.11 163.96 165.69 167.30 168.84 170.30 171.73 173.13 174.54 175.97 177.45 178.99 180.63 182.37 184.25 186.29 188.50 190.91 193.48 195.91 198.02 199.90 201.35 202.32 202.83 202.93 202.64 202.01 201.06 199.84 198.38 196.71 194.87 192.89 190.81 188.67 186.50 184.33 182.21 180.16 178.22 176.42 174.81 173.23 171.30
150.16 147.87 145.74 143.76 141.95 140.32 138.86 137.59 136.51 135.62 134.95 134.49 134.24 134.22 134.44 134.89 135.59 136.55 137.76 139.24 140.99 143.02 145.34 147.93 150.51 152.89 155.09 157.13 159.04 160.83 162.52 164.15 165.73 167.27 168.82 170.37 171.97 173.63 175.36 177.20 179.17 181.29 183.57 186.04 188.73 191.65 194.83 198.23 201.50 204.25 206.41 208.01 209.07 209.64 209.75 209.44 208.73 207.67 206.30 204.64 202.73 200.61 198.31 195.87 193.33 190.71 188.05 185.40 182.78 180.22 177.78 175.46 173.18
149.91 147.32 144.91 142.67 140.62 138.76 137.10 135.65 134.41 133.39 132.59 132.03 131.70 131.62 131.80 132.23 132.93 133.90 135.16 136.69 138.52 140.66 143.13 145.94 148.41 150.60 152.64 154.56 156.38 158.12 159.80 161.44 163.08 164.72 166.39 168.11 169.91 171.80 173.81 175.96 178.27 180.76 183.46 186.39 189.56 193.01 196.74 200.70 204.64 208.21 211.12 213.39 215.06 216.15 216.71 216.77 216.36 215.52 214.28 212.68 210.76 208.55 206.08 203.40 200.53 197.51 194.38 191.17 187.92 184.66 181.43 178.26 175.19
149.82 146.94 144.24 141.74 139.45 137.37 135.51 133.87 132.47 131.31 130.39 129.72 129.32 129.17 129.31 129.72 130.42 131.41 132.70 134.29 136.20 138.46 141.30 144.67 147.46 149.54 151.40 153.17 154.87 156.53 158.16 159.80 161.46 163.17 164.94 166.79 168.76 170.86 173.11 175.54 178.17 181.01 184.10 187.45 191.08 195.02 199.20 203.39 207.52 211.61 215.30 218.29 220.60 222.26 223.30 223.77 223.69 223.11 222.06 220.56 218.67 216.41 213.81 210.92 207.77 204.40 200.83 197.11 193.27 189.34 185.36 181.32 177.28
149.85 146.74 143.76 141.00 138.46 136.16 134.10 132.28 130.71 129.40 128.36 127.59 127.10 126.90 126.99 127.38 128.07 129.08 130.40 132.06 134.07 136.68 140.07 143.99 147.32 149.70 151.44 153.02 154.57 156.11 157.67 159.26 160.91 162.64 164.48 166.43 168.54 170.81 173.27 175.94 178.84 182.00 185.43 189.17 193.22 197.55 201.92 206.22 210.46 214.71 218.89 222.61 225.60 227.87 229.44 230.36 230.66 230.37 229.54 228.19 226.36 224.08 221.40 218.35 214.96 211.26 207.30 203.11 198.71 194.16 189.42 184.49 179.53
149.88 146.67 143.48 140.46 137.68 135.15 132.88 130.88 129.15 127.70 126.53 125.66 125.08 124.81 124.86 125.22 125.91 126.93 128.29 130.03 132.38 135.51 139.41 143.82 147.66 150.56 152.58 154.04 155.41 156.79 158.23 159.74 161.35 163.07 164.93 166.95 169.15 171.55 174.18 177.06 180.20 183.64 187.39 191.47 195.85 200.32 204.78 209.17 213.51 217.85 222.16 226.35 230.03 232.94 235.08 236.49 237.20 237.25 236.67 235.50 233.78 231.53 228.80 225.62 222.03 218.05 213.73 209.10 204.20 198.99 193.46 187.72 181.92
149.87 146.62 143.35 140.14 137.12 134.36 131.89 129.70 127.80 126.20 124.91 123.93 123.27 122.93 122.93 123.27 123.95 124.99 126.42 128.46 131.30 134.92 139.29 144.14 148.43 151.80 154.32 156.04 157.28 158.48 159.76 161.16 162.68 164.36 166.20 168.25 170.51 173.01 175.77 178.82 182.17 185.85 189.87 194.21 198.70 203.23 207.75 212.23 216.66 221.08 225.45 229.74 233.85 237.41 240.16 242.10 243.26 243.69 243.41 242.46 240.88 238.70 235.96 232.69 228.93 224.72 220.08 215.05 209.60 203.70 197.46 190.98 184.42
149.84 146.55 143.25 139.98 136.78 133.80 131.12 128.74 126.68 124.93 123.51 122.42 121.68 121.27 121.22 121.53 122.21 123.29 125.00 127.51 130.82 134.88 139.66 144.90 149.59 153.38 156.35 158.53 160.01 161.09 162.18 163.42 164.82 166.42 168.22 170.25 172.54 175.10 177.96 181.14 184.66 188.54 192.76 197.17 201.68 206.25 210.83 215.39 219.90 224.38 228.80 233.13 237.31 241.27 244.64 247.14 248.80 249.63 249.69 249.00 247.61 245.53 242.82 239.51 235.62 231.20 226.28 220.82 214.78 208.26 201.38 194.23 186.99
149.79 146.46 143.15 139.86 136.62 133.48 130.60 128.03 125.80 123.90 122.35 121.16 120.32 119.85 119.75 120.03 120.73 122.07 124.22 127.18 130.91 135.35 140.48 146.05 151.09 155.26 158.62 161.22 163.14 164.44 165.40 166.45 167.70 169.17 170.89 172.87 175.15 177.74 180.66 183.93 187.58 191.59 195.84 200.26 204.78 209.38 214.01 218.63 223.21 227.75 232.21 236.55 240.75 244.76 248.48 251.57 253.75 255.04 255.48 255.09 253.91 251.98 249.34 246.02 242.05 237.46 232.21 226.26 219.70 212.64 205.18 197.45 189.61
