data_processed/recharge/precip/Precip_2011_10.asc
ncols        168
nrows        136
xllcorner    455000
yllcorner    2107000
cellsize     500
NODATA_value     -99999
[rows 34 to 67 of 136, columns 0 to 76 of 168]
80.28 82.27 84.87 87.84 90.85 93.77 96.60 99.31 101.89 104.33 106.61 108.71 110.62 112.33 113.81 115.05 116.04 116.71 117.02 116.99 116.65 116.01 115.10 113.99 112.74 111.35 109.84 108.22 106.43 104.32 101.84 99.03 95.96 92.70 89.31 85.84 82.37 78.96 75.66 72.55 69.68 67.12 64.95 63.27 62.16 61.69 61.96 63.00 64.45 65.65 66.56 67.23 67.70 68.03 68.38 68.84 69.44 70.17 71.02 71.99 73.09 74.31 75.64 77.09 78.65 80.31 82.08 83.92 85.66 87.16 88.39 89.29 89.80 89.95 89.87 89.62 89.21
77.44 79.16 81.48 84.35 87.54 90.73 93.81 96.76 99.57 102.22 104.69 106.98 109.05 110.91 112.53 113.89 114.93 115.59 115.88 115.84 115.48 114.82 113.90 112.78 111.52 110.12 108.60 106.96 105.23 103.34 101.16 98.63 95.80 92.75 89.53 86.21 82.85 79.51 76.26 73.15 70.26 67.66 65.44 63.70 62.50 61.91 62.02 62.88 64.13 65.14 65.88 66.39 66.71 66.90 67.01 67.19 67.52 68.03 68.72 69.57 70.59 71.77 73.11 74.61 76.27 78.08 80.00 81.89 83.61 85.11 86.35 87.28 87.84 88.05 88.04 87.87 87.54
74.90 76.37 78.45 81.08 84.19 87.57 90.92 94.12 97.17 100.04 102.73 105.21 107.47 109.49 111.25 112.69 113.72 114.37 114.66 114.60 114.23 113.57 112.64 111.51 110.25 108.85 107.32 105.68 103.95 102.11 100.15 97.91 95.35 92.53 89.51 86.35 83.13 79.89 76.70 73.63 70.75 68.15 65.92 64.13 62.85 62.16 62.13 62.82 63.89 64.73 65.31 65.67 65.87 65.95 65.94 65.93 66.02 66.32 66.84 67.57 68.51 69.66 71.01 72.57 74.33 76.26 78.20 80.04 81.74 83.23 84.48 85.43 86.04 86.30 86.36 86.26 86.01
72.64 73.90 75.76 78.18 81.08 84.40 87.95 91.42 94.72 97.84 100.75 103.44 105.89 108.09 109.95 111.38 112.41 113.06 113.34 113.28 112.91 112.25 111.32 110.20 108.93 107.53 106.01 104.38 102.65 100.82 98.92 96.89 94.62 92.05 89.25 86.28 83.21 80.09 76.99 73.98 71.16 68.59 66.36 64.54 63.20 62.42 62.27 62.82 63.72 64.41 64.85 65.09 65.17 65.15 65.06 64.96 64.90 65.01 65.36 65.97 66.84 67.97 69.34 70.96 72.80 74.71 76.59 78.38 80.04 81.52 82.77 83.74 84.38 84.69 84.81 84.77 84.59
70.65 71.72 73.40 75.64 78.36 81.51 85.01 88.69 92.26 95.63 98.78 101.70 104.36 106.66 108.53 109.97 111.00 111.65 111.94 111.89 111.52 110.86 109.94 108.83 107.57 106.18 104.68 103.06 101.34 99.52 97.63 95.67 93.61 91.31 88.76 86.00 83.10 80.13 77.15 74.24 71.50 68.98 66.77 64.93 63.55 62.70 62.44 62.86 63.61 64.16 64.48 64.61 64.60 64.49 64.34 64.19 64.08 64.07 64.28 64.78 65.58 66.67 68.07 69.73 71.52 73.35 75.16 76.89 78.52 79.97 81.21 82.19 82.86 83.22 83.38 83.41 83.30
68.90 69.82 71.36 73.44 76.01 79.01 82.38 86.04 89.82 93.46 96.87 100.02 102.80 105.13 107.01 108.45 109.50 110.15 110.45 110.41 110.06 109.41 108.51 107.41 106.17 104.80 103.31 101.71 100.01 98.22 96.35 94.41 92.41 90.32 88.03 85.50 82.81 80.00 77.18 74.40 71.75 69.30 67.12 65.29 63.89 62.98 62.64 62.93 63.56 63.99 64.20 64.24 64.15 63.98 63.77 63.58 63.45 63.42 63.56 63.96 64.69 65.77 67.17 68.75 70.44 72.17 73.90 75.57 77.15 78.57 79.80 80.79 81.48 81.87 82.08 82.16 82.10
67.40 68.20 69.61 71.58 74.03 76.91 80.16 83.71 87.50 91.36 95.02 98.32 101.14 103.48 105.37 106.83 107.89 108.56 108.88 108.86 108.53 107.90 107.02 105.94 104.73 103.38 101.92 100.34 98.67 96.91 95.07 93.16 91.19 89.17 87.08 84.81 82.34 79.74 77.08 74.45 71.91 69.54 67.42 65.61 64.19 63.24 62.84 63.03 63.54 63.87 63.99 63.96 63.80 63.59 63.35 63.14 63.00 62.98 63.13 63.50 64.18 65.22 66.51 67.97 69.53 71.16 72.80 74.41 75.93 77.32 78.53 79.51 80.22 80.64 80.89 81.01 81.01
66.12 66.83 68.15 70.03 72.40 75.19 78.36 81.82 85.53 89.41 93.18 96.51 99.35 101.71 103.62 105.10 106.19 106.88 107.23 107.23 106.93 106.33 105.48 104.43 103.25 101.93 100.50 98.96 97.32 95.59 93.79 91.92 89.99 88.01 85.99 83.92 81.69 79.31 76.85 74.38 71.97 69.70 67.64 65.88 64.47 63.50 63.03 63.15 63.56 63.81 63.85 63.76 63.56 63.31 63.06 62.85 62.72 62.72 62.91 63.32 63.99 64.91 66.05 67.36 68.80 70.32 71.86 73.39 74.86 76.21 77.39 78.37 79.08 79.52 79.81 79.97 80.01
65.05 65.70 66.97 68.79 71.10 73.84 76.95 80.36 84.00 87.70 91.26 94.57 97.43 99.82 101.76 103.28 104.39 105.12 105.49 105.53 105.26 104.70 103.88 102.87 101.73 100.45 99.06 97.56 95.96 94.28 92.51 90.69 88.80 86.87 84.90 82.90 80.87 78.73 76.47 74.18 71.91 69.76 67.79 66.08 64.70 63.72 63.22 63.27 63.61 63.78 63.77 63.64 63.41 63.15 62.90 62.69 62.59 62.64 62.88 63.35 63.99 64.78 65.76 66.92 68.23 69.63 71.08 72.52 73.92 75.22 76.38 77.33 78.05 78.51 78.82 79.01 79.10
64.17 64.80 66.04 67.83 70.12 72.83 75.92 79.30 82.78 86.17 89.44 92.55 95.39 97.82 99.79 101.34 102.49 103.26 103.68 103.76 103.53 103.01 102.23 101.27 100.17 98.94 97.59 96.14 94.59 92.96 91.25 89.47 87.64 85.75 83.83 81.88 79.93 77.97 75.94 73.84 71.74 69.72 67.85 66.21 64.87 63.91 63.39 63.39 63.66 63.78 63.74 63.58 63.34 63.08 62.85 62.68 62.62 62.73 63.02 63.48 64.07 64.78 65.63 66.64 67.81 69.09 70.43 71.79 73.12 74.36 75.48 76.41 77.13 77.60 77.93 78.14 78.26
63.47 64.10 65.35 67.15 69.44 72.17 75.24 78.48 81.67 84.77 87.75 90.60 93.28 95.70 97.72 99.31 100.51 101.32 101.78 101.91 101.73 101.26 100.54 99.63 98.58 97.40 96.11 94.71 93.22 91.64 89.99 88.27 86.49 84.65 82.77 80.87 78.97 77.10 75.24 73.35 71.43 69.56 67.81 66.26 64.98 64.04 63.53 63.49 63.72 63.81 63.74 63.57 63.34 63.11 62.90 62.78 62.79 62.95 63.26 63.68 64.21 64.86 65.63 66.52 67.54 68.69 69.92 71.19 72.43 73.62 74.69 75.60 76.30 76.78 77.11 77.35 77.49
62.94 63.60 64.89 66.73 69.06 71.80 74.76 77.71 80.61 83.44 86.16 88.77 91.23 93.51 95.54 97.19 98.43 99.30 99.81 99.99 99.87 99.46 98.79 97.94 96.95 95.83 94.60 93.27 91.84 90.32 88.73 87.07 85.33 83.54 81.70 79.86 78.01 76.19 74.43 72.70 70.98 69.28 67.67 66.22 65.02 64.13 63.62 63.58 63.77 63.84 63.77 63.61 63.41 63.21 63.05 63.00 63.07 63.26 63.55 63.94 64.43 65.02 65.72 66.51 67.42 68.43 69.54 70.71 71.87 72.98 74.00 74.88 75.56 76.03 76.38 76.63 76.79
62.56 63.29 64.64 66.55 68.93 71.57 74.26 76.93 79.56 82.13 84.62 87.01 89.26 91.37 93.29 94.96 96.26 97.19 97.77 98.01 97.95 97.60 97.00 96.21 95.29 94.24 93.08 91.81 90.45 89.01 87.48 85.86 84.16 82.41 80.63 78.83 77.04 75.28 73.58 71.94 70.38 68.86 67.41 66.09 64.97 64.14 63.67 63.63 63.81 63.88 63.82 63.69 63.52 63.38 63.29 63.31 63.42 63.61 63.89 64.26 64.71 65.25 65.88 66.59 67.40 68.30 69.29 70.34 71.41 72.45 73.41 74.25 74.90 75.37 75.71 75.97 76.15
62.31 63.14 64.59 66.58 68.88 71.26 73.67 76.08 78.47 80.81 83.09 85.28 87.36 89.29 91.07 92.67 94.01 95.00 95.65 95.96 95.97 95.69 95.16 94.45 93.60 92.63 91.54 90.35 89.07 87.69 86.20 84.62 82.96 81.26 79.52 77.78 76.04 74.35 72.70 71.14 69.67 68.31 67.02 65.84 64.83 64.09 63.66 63.63 63.83 63.91 63.88 63.79 63.68 63.61 63.60 63.67 63.80 64.01 64.29 64.64 65.06 65.55 66.12 66.76 67.48 68.27 69.14 70.08 71.05 72.01 72.91 73.69 74.32 74.77 75.11 75.37 75.55
62.19 63.15 64.71 66.63 68.68 70.79 72.95 75.12 77.29 79.43 81.52 83.53 85.45 87.25 88.91 90.39 91.69 92.74 93.45 93.84 93.93 93.73 93.28 92.65 91.88 90.99 89.98 88.88 87.66 86.32 84.87 83.33 81.72 80.06 78.38 76.68 75.01 73.37 71.80 70.30 68.91 67.64 66.50 65.47 64.59 63.94 63.58 63.59 63.81 63.92 63.94 63.91 63.88 63.88 63.94 64.06 64.23 64.45 64.73 65.07 65.47 65.92 66.43 67.01 67.64 68.34 69.10 69.92 70.79 71.66 72.48 73.22 73.81 74.24 74.56 74.81 75.00
62.17 63.27 64.79 66.47 68.26 70.12 72.05 74.00 75.97 77.93 79.86 81.72 83.51 85.19 86.74 88.15 89.38 90.41 91.19 91.66 91.83 91.72 91.36 90.81 90.13 89.33 88.41 87.38 86.20 84.90 83.49 81.99 80.42 78.81 77.18 75.54 73.93 72.35 70.84 69.42 68.10 66.91 65.86 64.98 64.24 63.70 63.43 63.49 63.74 63.91 63.99 64.03 64.09 64.18 64.31 64.48 64.68 64.93 65.22 65.56 65.93 66.35 66.82 67.33 67.89 68.50 69.15 69.86 70.61 71.39 72.13 72.81 73.36 73.75 74.06 74.30 74.47
62.23 63.31 64.59 66.01 67.56 69.20 70.92 72.69 74.48 76.28 78.07 79.81 81.48 83.07 84.54 85.89 87.07 88.07 88.87 89.42 89.68 89.66 89.39 88.94 88.35 87.65 86.81 85.81 84.67 83.40 82.03 80.57 79.05 77.49 75.91 74.33 72.78 71.27 69.83 68.48 67.23 66.12 65.16 64.37 63.77 63.36 63.18 63.31 63.62 63.85 64.02 64.16 64.31 64.49 64.69 64.92 65.17 65.45 65.76 66.09 66.46 66.85 67.28 67.73 68.22 68.75 69.30 69.90 70.53 71.19 71.85 72.46 72.96 73.32 73.60 73.82 73.97
62.14 62.99 64.02 65.21 66.54 67.99 69.52 71.12 72.77 74.43 76.09 77.73 79.32 80.84 82.26 83.56 84.72 85.72 86.53 87.12 87.47 87.55 87.38 87.03 86.55 85.92 85.12 84.16 83.05 81.82 80.49 79.07 77.60 76.09 74.57 73.05 71.56 70.12 68.74 67.46 66.30 65.26 64.39 63.69 63.19 62.90 62.84 63.06 63.44 63.75 64.02 64.27 64.53 64.81 65.09 65.38 65.69 66.00 66.33 66.68 67.04 67.41 67.80 68.21 68.64 69.08 69.55 70.04 70.55 71.08 71.63 72.16 72.60 72.92 73.17 73.35 73.38
61.63 62.24 63.04 64.03 65.17 66.43 67.81 69.26 70.78 72.33 73.90 75.46 76.98 78.45 79.84 81.13 82.29 83.30 84.14 84.79 85.22 85.40 85.34 85.10 84.70 84.11 83.34 82.40 81.33 80.14 78.85 77.48 76.06 74.60 73.13 71.67 70.25 68.87 67.57 66.37 65.28 64.33 63.54 62.93 62.52 62.34 62.40 62.72 63.19 63.60 64.00 64.38 64.76 65.13 65.50 65.86 66.23 66.59 66.95 67.31 67.67 68.03 68.39 68.76 69.13 69.51 69.89 70.28 70.67 71.08 71.49 71.91 72.28 72.56 72.75 72.80 72.61
60.61 61.00 61.61 62.41 63.38 64.49 65.73 67.06 68.48 69.94 71.43 72.94 74.42 75.86 77.25 78.54 79.73 80.78 81.68 82.40 82.91 83.20 83.26 83.10 82.74 82.18 81.44 80.53 79.50 78.34 77.10 75.77 74.40 73.00 71.59 70.20 68.83 67.53 66.30 65.17 64.16 63.30 62.59 62.07 61.76 61.68 61.84 62.27 62.86 63.42 63.96 64.48 64.98 65.46 65.92 66.36 66.79 67.20 67.60 67.98 68.35 68.70 69.04 69.38 69.70 70.01 70.32 70.61 70.90 71.19 71.46 71.74 72.00 72.21 72.26 72.08 71.68
59.22 59.41 59.83 60.47 61.28 62.26 63.38 64.61 65.93 67.33 68.76 70.23 71.69 73.12 74.52 75.84 77.06 78.17 79.14 79.95 80.57 80.99 81.18 81.09 80.75 80.21 79.49 78.62 77.62 76.51 75.30 74.03 72.71 71.36 70.01 68.67 67.37 66.14 64.98 63.92 63.00 62.21 61.59 61.17 60.95 60.96 61.22 61.75 62.45 63.17 63.87 64.53 65.15 65.74 66.30 66.83 67.32 67.79 68.23 68.63 69.01 69.36 69.69 69.99 70.27 70.52 70.75 70.96 71.15 71.32 71.47 71.60 71.72 71.79 71.63 71.23 70.64
58.03 58.02 58.25 58.71 59.37 60.21 61.20 62.33 63.56 64.88 66.26 67.68 69.11 70.54 71.93 73.28 74.54 75.70 76.75 77.64 78.36 78.91 79.28 79.34 79.04 78.52 77.82 76.97 75.99 74.91 73.74 72.50 71.22 69.91 68.61 67.32 66.08 64.90 63.81 62.82 61.96 61.25 60.71 60.36 60.22 60.32 60.66 61.21 61.92 62.75 63.59 64.38 65.13 65.83 66.48 67.09 67.65 68.16 68.63 69.06 69.45 69.80 70.10 70.37 70.60 70.79 70.94 71.06 71.14 71.19 71.20 71.19 71.21 71.24 70.97 70.38 69.62
57.22 57.00 57.03 57.31 57.81 58.49 59.35 60.36 61.49 62.72 64.03 65.40 66.80 68.20 69.59 70.95 72.24 73.45 74.55 75.52 76.35 77.05 77.61 77.84 77.67 77.18 76.49 75.65 74.69 73.62 72.47 71.25 70.00 68.73 67.46 66.21 65.01 63.88 62.83 61.90 61.09 60.44 59.96 59.68 59.62 59.78 60.14 60.67 61.35 62.19 63.12 64.04 64.90 65.70 66.44 67.11 67.73 68.29 68.79 69.24 69.63 69.96 70.24 70.46 70.63 70.75 70.82 70.84 70.81 70.73 70.61 70.50 70.48 70.49 70.21 69.56 68.65
56.78 56.35 56.18 56.26 56.58 57.11 57.83 58.71 59.73 60.86 62.09 63.40 64.75 66.12 67.50 68.85 70.16 71.40 72.55 73.60 74.56 75.42 76.13 76.54 76.53 76.16 75.49 74.65 73.68 72.62 71.47 70.27 69.03 67.78 66.53 65.31 64.14 63.04 62.03 61.14 60.38 59.77 59.35 59.12 59.11 59.28 59.62 60.13 60.80 61.61 62.53 63.52 64.49 65.38 66.20 66.94 67.61 68.21 68.73 69.19 69.57 69.88 70.13 70.30 70.41 70.45 70.43 70.34 70.19 69.99 69.77 69.62 69.56 69.54 69.27 68.67 67.73
56.57 56.06 55.69 55.57 55.71 56.06 56.62 57.37 58.26 59.30 60.44 61.67 62.96 64.29 65.64 66.99 68.30 69.57 70.77 71.92 73.00 74.00 74.86 75.42 75.56 75.33 74.76 73.93 72.96 71.89 70.74 69.53 68.30 67.05 65.81 64.60 63.45 62.37 61.39 60.52 59.79 59.23 58.84 58.65 58.64 58.80 59.13 59.62 60.27 61.05 61.94 62.91 63.93 64.91 65.80 66.61 67.32 67.95 68.49 68.94 69.31 69.60 69.80 69.92 69.96 69.92 69.80 69.60 69.33 69.03 68.77 68.57 68.47 68.42 68.16 67.61 66.76
56.47 56.00 55.55 55.24 55.17 55.35 55.75 56.34 57.11 58.02 59.07 60.21 61.44 62.72 64.03 65.36 66.67 67.96 69.24 70.48 71.67 72.78 73.78 74.47 74.75 74.66 74.22 73.47 72.50 71.40 70.24 69.02 67.77 66.52 65.28 64.07 62.93 61.85 60.88 60.03 59.32 58.78 58.41 58.23 58.20 58.35 58.66 59.13 59.76 60.52 61.38 62.31 63.31 64.33 65.28 66.14 66.89 67.54 68.09 68.54 68.89 69.14 69.30 69.36 69.32 69.19 68.97 68.66 68.29 67.94 67.63 67.38 67.24 67.15 66.89 66.40 65.65
56.47 56.04 55.63 55.24 54.99 54.98 55.20 55.64 56.26 57.05 57.98 59.03 60.18 61.40 62.67 63.97 65.28 66.61 67.95 69.27 70.55 71.77 72.88 73.70 74.10 74.12 73.79 73.16 72.25 71.15 69.96 68.71 67.44 66.17 64.92 63.70 62.54 61.47 60.50 59.65 58.95 58.41 58.04 57.84 57.80 57.93 58.23 58.69 59.30 60.03 60.86 61.76 62.71 63.70 64.67 65.57 66.35 67.02 67.57 68.01 68.34 68.55 68.65 68.65 68.53 68.30 67.97 67.57 67.15 66.74 66.38 66.08 65.89 65.76 65.50 65.05 64.41
56.56 56.18 55.82 55.47 55.14 54.95 54.98 55.25 55.72 56.37 57.19 58.13 59.19 60.34 61.56 62.82 64.15 65.52 66.91 68.29 69.64 70.95 72.16 73.08 73.59 73.71 73.49 72.95 72.14 71.09 69.87 68.59 67.29 65.98 64.70 63.46 62.28 61.19 60.21 59.35 58.64 58.10 57.72 57.50 57.45 57.57 57.85 58.30 58.90 59.60 60.40 61.26 62.17 63.10 64.04 64.94 65.75 66.42 66.97 67.39 67.69 67.85 67.89 67.81 67.60 67.28 66.86 66.39 65.92 65.46 65.04 64.69 64.44 64.26 64.01 63.61 63.06
56.74 56.41 56.10 55.79 55.50 55.24 55.10 55.18 55.49 56.00 56.68 57.51 58.48 59.54 60.70 61.96 63.29 64.67 66.09 67.52 68.94 70.31 71.61 72.62 73.22 73.43 73.28 72.83 72.10 71.12 69.95 68.64 67.28 65.94 64.61 63.34 62.13 61.01 60.00 59.12 58.40 57.85 57.45 57.23 57.17 57.27 57.54 57.97 58.55 59.24 60.00 60.83 61.69 62.57 63.45 64.30 65.10 65.78 66.32 66.72 66.97 67.08 67.06 66.89 66.59 66.18 65.69 65.17 64.63 64.11 63.63 63.23 62.92 62.70 62.43 62.08 61.62
57.01 56.73 56.46 56.21 55.96 55.73 55.53 55.44 55.58 55.93 56.47 57.18 58.03 59.02 60.13 61.36 62.68 64.07 65.51 66.97 68.43 69.86 71.23 72.31 72.98 73.26 73.18 72.79 72.13 71.21 70.10 68.81 67.42 66.01 64.64 63.31 62.06 60.90 59.85 58.96 58.23 57.66 57.26 57.02 56.95 57.04 57.30 57.72 58.28 58.95 59.68 60.47 61.29 62.12 62.94 63.73 64.47 65.13 65.65 66.01 66.22 66.27 66.17 65.92 65.54 65.05 64.50 63.91 63.31 62.73 62.19 61.72 61.35 61.08 60.81 60.49 60.12
57.36 57.14 56.92 56.71 56.51 56.33 56.16 56.01 55.98 56.16 56.55 57.12 57.87 58.78 59.84 61.03 62.33 63.71 65.14 66.62 68.10 69.58 71.00 72.14 72.86 73.20 73.17 72.84 72.22 71.35 70.28 69.03 67.64 66.19 64.75 63.36 62.05 60.84 59.78 58.88 58.14 57.56 57.15 56.90 56.82 56.90 57.14 57.55 58.10 58.74 59.45 60.20 60.98 61.76 62.53 63.26 63.92 64.51 64.99 65.31 65.47 65.46 65.28 64.94 64.48 63.93 63.31 62.65 61.98 61.33 60.73 60.20 59.77 59.44 59.15 58.87 58.58
57.80 57.63 57.46 57.30 57.15 57.01 56.88 56.77 56.67 56.69 56.92 57.36 58.01 58.84 59.83 60.97 62.22 63.57 64.99 66.46 67.96 69.46 70.92 72.10 72.87 73.24 73.25 72.95 72.36 71.52 70.48 69.26 67.90 66.44 64.93 63.47 62.10 60.87 59.79 58.88 58.13 57.55 57.13 56.87 56.78 56.85 57.08 57.48 58.02 58.64 59.32 60.04 60.77 61.51 62.22 62.88 63.48 63.99 64.39 64.66 64.75 64.67 64.41 64.00 63.46 62.84 62.14 61.41 60.67 59.95 59.28 58.68 58.18 57.80 57.49 57.24 57.03
58.33 58.20 58.08 57.97 57.87 57.78 57.69 57.62 57.56 57.52 57.60 57.91 58.44 59.18 60.09 61.15 62.35 63.65 65.04 66.50 67.99 69.50 70.98 72.19 72.98 73.37 73.41 73.12 72.55 71.73 70.70 69.49 68.13 66.68 65.15 63.63 62.23 60.99 59.91 58.99 58.23 57.64 57.21 56.94 56.84 56.90 57.13 57.52 58.04 58.64 59.29 59.98 60.67 61.36 62.02 62.62 63.15 63.58 63.90 64.08 64.10 63.94 63.60 63.11 62.50 61.79 61.02 60.22 59.40 58.61 57.86 57.19 56.62 56.17 55.85 55.62 55.50
58.93 58.85 58.78 58.72 58.67 58.62 58.58 58.56 58.54 58.54 58.59 58.77 59.18 59.79 60.60 61.58 62.70 63.95 65.29 66.71 68.19 69.69 71.18 72.40 73.20 73.60 73.64 73.35 72.78 71.96 70.92 69.71 68.35 66.88 65.36 63.87 62.47 61.22 60.13 59.21 58.45 57.85 57.41 57.13 57.02 57.07 57.29 57.67 58.18 58.76 59.39 60.04 60.70 61.34 61.94 62.48 62.94 63.30 63.54 63.63 63.55 63.30 62.87 62.30 61.61 60.82 59.97 59.09 58.19 57.32 56.50 55.75 55.11 54.60 54.25 54.05 53.99
