data_processed/recharge/precip/Precip_2005_03.asc
ncols        168
nrows        136
xllcorner    455000
yllcorner    2107000
cellsize     500
NODATA_value     -99999
[rows 72 to 107 of 136, columns 0 to 81 of 168]
11.83 11.76 11.68 11.58 11.47 11.34 11.19 11.03 10.86 10.66 10.45 10.22 9.96 9.62 9.16 8.58 7.89 7.10 6.21 5.24 4.19 3.06 1.87 0.76 0.00 0.00 0.00 0.00 0.00 0.00 0.00 0.00 0.00 0.00 0.00 0.00 0.00 0.00 0.00 0.08 0.30 0.47 0.60 0.69 0.74 0.75 0.72 0.67 0.59 0.52 0.46 0.40 0.36 0.32 0.30 0.28 0.27 0.28 0.29 0.30 0.32 0.33 0.34 0.34 0.27 0.15 0.00 0.00 0.00 0.00 0.00 0.00 0.00 0.00 0.00 0.00 0.00 0.00 0.00 0.02 0.84 1.75
11.91 11.84 11.75 11.64 11.52 11.39 11.24 11.07 10.88 10.68 10.46 10.22 9.97 9.69 9.32 8.84 8.23 7.51 6.70 5.78 4.78 3.69 2.54 1.46 0.54 0.00 0.00 0.00 0.00 0.00 0.00 0.00 0.00 0.00 0.00 0.00 0.00 0.00 0.02 0.25 0.43 0.58 0.68 0.75 0.78 0.77 0.74 0.68 0.60 0.53 0.46 0.41 0.36 0.33 0.30 0.29 0.28 0.29 0.30 0.30 0.31 0.32 0.33 0.34 0.33 0.26 0.14 0.00 0.00 0.00 0.00 0.00 0.00 0.00 0.00 0.00 0.00 0.00 0.00 0.34 1.15 2.05
11.99 11.91 11.82 11.71 11.58 11.44 11.28 11.10 10.91 10.70 10.47 10.23 9.97 9.70 9.40 9.01 8.50 7.87 7.13 6.28 5.34 4.31 3.20 2.16 1.28 0.58 0.03 0.00 0.00 0.00 0.00 0.00 0.00 0.00 0.00 0.00 0.00 0.11 0.27 0.43 0.58 0.69 0.77 0.82 0.83 0.81 0.77 0.70 0.62 0.55 0.48 0.43 0.38 0.35 0.32 0.31 0.31 0.31 0.31 0.31 0.31 0.31 0.31 0.32 0.32 0.32 0.25 0.13 0.00 0.00 0.00 0.00 0.00 0.00 0.00 0.00 0.00 0.00 0.00 0.69 1.49 2.38
12.07 11.99 11.89 11.77 11.63 11.48 11.32 11.13 10.93 10.72 10.49 10.24 9.98 9.70 9.41 9.09 8.68 8.15 7.50 6.74 5.87 4.90 3.85 2.86 2.03 1.37 0.87 0.51 0.30 0.22 0.21 0.22 0.24 0.27 0.31 0.36 0.42 0.49 0.56 0.65 0.74 0.82 0.87 0.90 0.89 0.86 0.81 0.73 0.65 0.57 0.51 0.45 0.41 0.38 0.36 0.34 0.33 0.33 0.32 0.31 0.31 0.30 0.30 0.30 0.30 0.31 0.30 0.24 0.12 0.00 0.00 0.00 0.00 0.00 0.00 0.00 0.00 0.00 0.36 1.06 1.86 2.68
12.15 12.06 11.95 11.83 11.69 11.53 11.36 11.17 10.96 10.74 10.51 10.26 9.99 9.71 9.41 9.10 8.77 8.34 7.79 7.12 6.34 5.45 4.47 3.54 2.78 2.17 1.72 1.42 1.25 1.16 1.09 1.04 0.99 0.95 0.92 0.90 0.89 0.88 0.89 0.91 0.93 0.96 0.98 0.98 0.96 0.92 0.86 0.78 0.69 0.61 0.55 0.49 0.45 0.42 0.40 0.38 0.36 0.34 0.33 0.31 0.30 0.29 0.29 0.28 0.28 0.28 0.29 0.28 0.22 0.11 0.00 0.00 0.00 0.00 0.00 0.00 0.00 0.15 0.74 1.44 2.17 2.91
12.23 12.13 12.02 11.89 11.74 11.58 11.40 11.20 10.99 10.77 10.53 10.28 10.01 9.72 9.43 9.12 8.79 8.44 8.00 7.44 6.75 5.95 5.05 4.20 3.50 2.97 2.59 2.34 2.18 2.04 1.91 1.79 1.68 1.58 1.49 1.41 1.34 1.28 1.23 1.18 1.15 1.12 1.10 1.08 1.04 0.98 0.91 0.83 0.74 0.66 0.59 0.54 0.50 0.46 0.43 0.41 0.38 0.36 0.33 0.31 0.30 0.28 0.27 0.26 0.26 0.26 0.26 0.27 0.26 0.21 0.10 0.00 0.00 0.00 0.00 0.00 0.03 0.50 1.10 1.75 2.41 3.07
12.31 12.20 12.08 11.94 11.79 11.62 11.44 11.24 11.03 10.80 10.56 10.30 10.03 9.75 9.45 9.14 8.82 8.48 8.12 7.67 7.09 6.39 5.58 4.81 4.20 3.75 3.44 3.21 3.01 2.82 2.64 2.47 2.31 2.16 2.02 1.89 1.77 1.66 1.56 1.46 1.38 1.31 1.24 1.18 1.12 1.05 0.97 0.88 0.79 0.71 0.65 0.59 0.55 0.51 0.47 0.43 0.40 0.36 0.34 0.31 0.29 0.27 0.25 0.24 0.23 0.22 0.22 0.23 0.24 0.24 0.19 0.09 0.00 0.00 0.00 0.00 0.34 0.83 1.39 1.96 2.54 3.13
12.38 12.27 12.14 12.00 11.84 11.67 11.48 11.28 11.07 10.84 10.59 10.34 10.06 9.78 9.48 9.17 8.85 8.52 8.17 7.80 7.33 6.74 6.04 5.37 4.86 4.49 4.21 3.96 3.71 3.48 3.26 3.05 2.85 2.66 2.48 2.31 2.15 2.00 1.86 1.73 1.61 1.50 1.39 1.30 1.21 1.13 1.04 0.95 0.85 0.77 0.71 0.65 0.59 0.54 0.50 0.45 0.41 0.37 0.33 0.30 0.27 0.24 0.22 0.21 0.19 0.19 0.18 0.19 0.19 0.21 0.21 0.17 0.08 0.00 0.02 0.24 0.62 1.07 1.55 2.05 2.56 3.09
12.44 12.33 12.20 12.05 11.89 11.72 11.53 11.32 11.11 10.88 10.63 10.38 10.10 9.82 9.53 9.22 8.90 8.57 8.22 7.87 7.49 7.02 6.43 5.87 5.46 5.13 4.83 4.55 4.27 4.01 3.76 3.51 3.28 3.06 2.85 2.66 2.47 2.29 2.12 1.96 1.81 1.68 1.55 1.42 1.31 1.21 1.11 1.01 0.92 0.83 0.76 0.70 0.63 0.57 0.51 0.46 0.41 0.36 0.32 0.28 0.24 0.21 0.19 0.17 0.15 0.14 0.13 0.13 0.14 0.15 0.17 0.18 0.15 0.10 0.19 0.44 0.78 1.16 1.58 2.01 2.47 2.93
12.51 12.39 12.25 12.10 11.94 11.76 11.57 11.37 11.15 10.92 10.68 10.42 10.15 9.87 9.58 9.27 8.96 8.63 8.29 7.94 7.58 7.19 6.73 6.28 5.93 5.59 5.27 4.96 4.67 4.38 4.11 3.85 3.60 3.36 3.13 2.91 2.71 2.51 2.32 2.15 1.98 1.82 1.68 1.54 1.41 1.29 1.18 1.08 0.98 0.89 0.81 0.74 0.66 0.59 0.52 0.46 0.40 0.35 0.30 0.25 0.21 0.17 0.14 0.12 0.10 0.08 0.07 0.07 0.08 0.09 0.11 0.13 0.15 0.16 0.29 0.51 0.79 1.10 1.45 1.83 2.24 2.65
12.57 12.44 12.31 12.16 11.99 11.81 11.62 11.42 11.20 10.97 10.73 10.48 10.21 9.93 9.64 9.34 9.03 8.71 8.37 8.03 7.67 7.31 6.92 6.55 6.19 5.84 5.51 5.19 4.88 4.59 4.31 4.03 3.77 3.53 3.29 3.06 2.85 2.64 2.45 2.26 2.09 1.92 1.77 1.63 1.49 1.37 1.25 1.14 1.04 0.95 0.85 0.76 0.68 0.60 0.52 0.45 0.38 0.32 0.26 0.21 0.16 0.12 0.08 0.05 0.03 0.01 0.00 0.00 0.00 0.01 0.03 0.06 0.09 0.14 0.24 0.41 0.62 0.88 1.18 1.51 1.86 2.24
12.60 12.48 12.34 12.19 12.03 11.85 11.66 11.46 11.24 11.01 10.77 10.52 10.26 9.99 9.70 9.41 9.10 8.78 8.46 8.12 7.77 7.42 7.05 6.67 6.31 5.96 5.62 5.30 4.99 4.69 4.40 4.12 3.86 3.61 3.37 3.14 2.92 2.71 2.52 2.33 2.15 1.99 1.83 1.69 1.55 1.43 1.31 1.20 1.10 1.00 0.89 0.79 0.70 0.61 0.52 0.44 0.37 0.30 0.23 0.17 0.12 0.08 0.04 0.00 0.00 0.00 0.00 0.00 0.00 0.00 0.00 0.00 0.03 0.06 0.11 0.22 0.37 0.58 0.83 1.11 1.43 1.77
12.59 12.47 12.33 12.18 12.02 11.85 11.66 11.46 11.25 11.03 10.79 10.55 10.29 10.03 9.75 9.46 9.16 8.86 8.54 8.21 7.87 7.52 7.16 6.79 6.43 6.07 5.73 5.40 5.08 4.78 4.49 4.21 3.94 3.69 3.44 3.21 2.99 2.78 2.58 2.39 2.22 2.05 1.90 1.75 1.61 1.49 1.37 1.27 1.17 1.07 0.96 0.85 0.74 0.64 0.55 0.46 0.38 0.31 0.24 0.17 0.12 0.06 0.02 0.00 0.00 0.00 0.00 0.00 0.00 0.00 0.00 0.00 0.00 0.01 0.03 0.08 0.18 0.33 0.53 0.77 1.04 1.34
12.53 12.41 12.28 12.13 11.97 11.81 11.62 11.43 11.23 11.01 10.79 10.55 10.30 10.05 9.78 9.50 9.21 8.92 8.61 8.30 7.97 7.63 7.27 6.90 6.54 6.18 5.84 5.50 5.18 4.87 4.58 4.29 4.02 3.76 3.52 3.28 3.06 2.85 2.65 2.46 2.28 2.11 1.96 1.81 1.67 1.55 1.43 1.33 1.24 1.15 1.04 0.92 0.81 0.70 0.60 0.51 0.42 0.34 0.27 0.20 0.14 0.09 0.04 0.01 0.00 0.00 0.00 0.00 0.00 0.00 0.00 0.00 0.00 0.00 0.00 0.00 0.05 0.15 0.29 0.48 0.71 0.97
12.42 12.30 12.18 12.04 11.89 11.73 11.56 11.37 11.18 10.97 10.76 10.53 10.30 10.05 9.80 9.53 9.26 8.97 8.68 8.38 8.06 7.72 7.37 7.01 6.65 6.29 5.94 5.60 5.28 4.96 4.66 4.38 4.10 3.84 3.59 3.35 3.13 2.91 2.71 2.52 2.34 2.17 2.01 1.87 1.73 1.60 1.49 1.40 1.31 1.22 1.12 1.01 0.90 0.79 0.68 0.58 0.49 0.41 0.33 0.26 0.20 0.15 0.10 0.06 0.03 0.01 0.00 0.00 0.01 0.02 0.03 0.02 0.00 0.00 0.00 0.00 0.00 0.03 0.12 0.26 0.44 0.66
12.30 12.16 12.04 11.91 11.77 11.62 11.46 11.28 11.10 10.91 10.71 10.49 10.27 10.04 9.80 9.55 9.29 9.02 8.74 8.45 8.14 7.81 7.46 7.11 6.75 6.40 6.05 5.71 5.38 5.06 4.75 4.46 4.18 3.92 3.66 3.42 3.20 2.98 2.77 2.58 2.40 2.23 2.07 1.92 1.78 1.66 1.55 1.45 1.38 1.30 1.21 1.11 1.01 0.89 0.78 0.68 0.59 0.50 0.42 0.35 0.29 0.23 0.19 0.15 0.12 0.11 0.10 0.10 0.11 0.11 0.10 0.07 0.03 0.00 0.00 0.00 0.00 0.00 0.01 0.10 0.23 0.41
12.15 12.00 11.86 11.74 11.61 11.47 11.33 11.17 11.00 10.82 10.63 10.44 10.23 10.01 9.79 9.56 9.32 9.06 8.80 8.51 8.21 7.89 7.55 7.19 6.84 6.49 6.15 5.81 5.48 5.15 4.84 4.55 4.26 3.99 3.74 3.49 3.26 3.04 2.83 2.64 2.45 2.28 2.12 1.97 1.83 1.70 1.59 1.51 1.43 1.36 1.29 1.21 1.12 1.01 0.90 0.80 0.70 0.61 0.54 0.46 0.40 0.35 0.31 0.27 0.25 0.23 0.23 0.23 0.23 0.21 0.18 0.14 0.08 0.02 0.00 0.00 0.00 0.00 0.00 0.00 0.08 0.21
11.99 11.82 11.67 11.54 11.42 11.30 11.17 11.02 10.87 10.71 10.54 10.36 10.17 9.98 9.77 9.56 9.34 9.10 8.84 8.56 8.27 7.95 7.62 7.27 6.93 6.58 6.24 5.90 5.57 5.24 4.93 4.63 4.34 4.07 3.80 3.56 3.32 3.10 2.89 2.69 2.50 2.33 2.16 2.01 1.86 1.74 1.63 1.55 1.48 1.42 1.36 1.29 1.22 1.14 1.04 0.94 0.84 0.75 0.67 0.60 0.54 0.49 0.45 0.42 0.40 0.39 0.39 0.38 0.36 0.32 0.27 0.21 0.15 0.07 0.01 0.00 0.00 0.00 0.00 0.00 0.00 0.07
11.82 11.64 11.47 11.33 11.21 11.09 10.98 10.86 10.72 10.58 10.43 10.27 10.11 9.93 9.75 9.55 9.34 9.12 8.87 8.61 8.32 8.01 7.68 7.34 7.00 6.66 6.32 5.99 5.65 5.33 5.01 4.71 4.41 4.13 3.87 3.62 3.38 3.15 2.94 2.74 2.55 2.36 2.19 2.03 1.89 1.77 1.66 1.58 1.52 1.47 1.42 1.37 1.32 1.25 1.18 1.09 1.00 0.91 0.83 0.77 0.71 0.66 0.63 0.60 0.59 0.58 0.57 0.54 0.50 0.44 0.38 0.30 0.22 0.13 0.06 0.00 0.00 0.00 0.00 0.00 0.00 0.00
11.63 11.44 11.27 11.11 10.98 10.87 10.77 10.66 10.55 10.43 10.30 10.17 10.03 9.87 9.71 9.53 9.34 9.12 8.89 8.63 8.36 8.06 7.73 7.40 7.06 6.73 6.39 6.06 5.73 5.41 5.09 4.78 4.48 4.20 3.93 3.67 3.43 3.20 2.98 2.78 2.58 2.39 2.21 2.05 1.90 1.78 1.68 1.60 1.55 1.51 1.47 1.44 1.40 1.36 1.31 1.25 1.17 1.09 1.02 0.95 0.90 0.86 0.83 0.81 0.80 0.78 0.75 0.70 0.64 0.57 0.49 0.40 0.31 0.21 0.12 0.05 0.00 0.00 0.00 0.00 0.00 0.00
11.43 11.23 11.05 10.89 10.76 10.64 10.54 10.45 10.36 10.27 10.16 10.05 9.94 9.81 9.66 9.50 9.32 9.11 8.89 8.65 8.38 8.09 7.77 7.44 7.11 6.78 6.45 6.12 5.79 5.47 5.15 4.84 4.54 4.26 3.98 3.72 3.47 3.24 3.02 2.80 2.59 2.40 2.22 2.05 1.90 1.78 1.68 1.61 1.57 1.53 1.51 1.49 1.47 1.45 1.42 1.39 1.34 1.28 1.21 1.16 1.11 1.07 1.05 1.03 1.01 0.97 0.92 0.86 0.78 0.70 0.61 0.51 0.40 0.29 0.20 0.11 0.05 0.00 0.00 0.00 0.00 0.00
11.21 11.01 10.83 10.67 10.53 10.41 10.31 10.22 10.16 10.09 10.01 9.93 9.83 9.72 9.59 9.45 9.28 9.09 8.88 8.65 8.39 8.11 7.80 7.48 7.15 6.82 6.49 6.17 5.84 5.52 5.21 4.90 4.60 4.31 4.03 3.76 3.51 3.27 3.04 2.81 2.59 2.39 2.20 2.03 1.89 1.76 1.67 1.60 1.56 1.54 1.53 1.53 1.53 1.53 1.52 1.52 1.50 1.47 1.43 1.38 1.34 1.31 1.29 1.26 1.22 1.17 1.10 1.02 0.93 0.83 0.73 0.62 0.50 0.39 0.28 0.19 0.11 0.05 0.00 0.00 0.00 0.00
10.99 10.79 10.61 10.45 10.31 10.18 10.08 10.00 9.94 9.89 9.85 9.79 9.72 9.62 9.51 9.38 9.23 9.05 8.85 8.63 8.38 8.11 7.81 7.49 7.17 6.85 6.53 6.20 5.88 5.56 5.25 4.94 4.64 4.35 4.06 3.79 3.53 3.28 3.04 2.80 2.57 2.36 2.17 2.00 1.85 1.73 1.64 1.58 1.55 1.53 1.53 1.55 1.56 1.59 1.61 1.63 1.64 1.65 1.64 1.61 1.58 1.56 1.53 1.49 1.43 1.35 1.27 1.18 1.07 0.96 0.85 0.73 0.60 0.48 0.37 0.27 0.19 0.12 0.06 0.01 0.00 0.00
10.75 10.55 10.38 10.22 10.08 9.96 9.86 9.79 9.73 9.69 9.67 9.63 9.58 9.50 9.41 9.30 9.16 9.00 8.81 8.60 8.36 8.10 7.80 7.49 7.18 6.86 6.54 6.22 5.90 5.59 5.28 4.97 4.67 4.38 4.09 3.81 3.54 3.27 3.01 2.77 2.53 2.31 2.12 1.94 1.79 1.67 1.59 1.53 1.51 1.50 1.52 1.55 1.58 1.63 1.67 1.72 1.77 1.80 1.83 1.84 1.84 1.81 1.76 1.70 1.62 1.53 1.43 1.33 1.21 1.09 0.97 0.84 0.71 0.58 0.46 0.36 0.27 0.19 0.12 0.07 0.03 0.01
10.50 10.31 10.14 9.99 9.86 9.75 9.66 9.58 9.53 9.50 9.48 9.46 9.42 9.37 9.29 9.19 9.07 8.92 8.75 8.55 8.32 8.07 7.78 7.48 7.17 6.86 6.54 6.23 5.91 5.60 5.29 4.98 4.68 4.39 4.10 3.81 3.52 3.24 2.97 2.71 2.47 2.24 2.04 1.87 1.72 1.60 1.51 1.46 1.45 1.45 1.48 1.53 1.58 1.65 1.72 1.79 1.87 1.94 2.00 2.05 2.07 2.04 1.98 1.90 1.80 1.70 1.59 1.47 1.35 1.22 1.08 0.95 0.82 0.68 0.56 0.45 0.35 0.27 0.20 0.14 0.09 0.06
10.24 10.06 9.90 9.76 9.64 9.54 9.46 9.39 9.35 9.31 9.28 9.26 9.24 9.21 9.15 9.07 8.96 8.83 8.67 8.48 8.26 8.02 7.74 7.44 7.14 6.84 6.53 6.22 5.90 5.59 5.29 4.98 4.68 4.38 4.08 3.78 3.48 3.18 2.90 2.63 2.38 2.15 1.94 1.76 1.61 1.50 1.41 1.37 1.36 1.38 1.42 1.48 1.56 1.65 1.74 1.84 1.95 2.05 2.15 2.22 2.25 2.23 2.17 2.08 1.97 1.86 1.73 1.61 1.47 1.33 1.20 1.06 0.92 0.78 0.66 0.54 0.44 0.35 0.28 0.21 0.16 0.12
9.97 9.81 9.66 9.54 9.43 9.34 9.27 9.21 9.17 9.13 9.10 9.07 9.05 9.03 8.99 8.93 8.83 8.72 8.57 8.39 8.19 7.95 7.68 7.39 7.10 6.80 6.49 6.19 5.88 5.57 5.27 4.96 4.66 4.35 4.04 3.72 3.40 3.10 2.80 2.52 2.26 2.03 1.82 1.64 1.49 1.37 1.29 1.25 1.25 1.28 1.34 1.41 1.51 1.62 1.74 1.87 2.01 2.14 2.25 2.33 2.37 2.37 2.33 2.24 2.13 2.00 1.87 1.73 1.59 1.44 1.30 1.16 1.02 0.88 0.75 0.64 0.53 0.44 0.36 0.29 0.24 0.19
9.70 9.55 9.42 9.31 9.21 9.14 9.08 9.03 8.98 8.95 8.91 8.88 8.86 8.83 8.81 8.76 8.68 8.58 8.45 8.28 8.09 7.86 7.60 7.32 7.03 6.74 6.44 6.14 5.83 5.53 5.23 4.92 4.61 4.28 3.95 3.62 3.30 2.98 2.67 2.39 2.12 1.88 1.66 1.48 1.33 1.22 1.14 1.11 1.12 1.16 1.22 1.32 1.43 1.56 1.71 1.87 2.03 2.18 2.30 2.38 2.43 2.45 2.43 2.36 2.26 2.12 1.98 1.84 1.69 1.54 1.39 1.25 1.11 0.97 0.84 0.73 0.62 0.53 0.45 0.37 0.31 0.27
9.41 9.28 9.17 9.08 9.01 8.95 8.89 8.85 8.80 8.76 8.73 8.70 8.67 8.64 8.61 8.57 8.51 8.42 8.30 8.15 7.97 7.75 7.50 7.23 6.95 6.66 6.37 6.07 5.77 5.47 5.17 4.85 4.52 4.18 3.84 3.49 3.16 2.83 2.52 2.22 1.94 1.70 1.48 1.29 1.14 1.03 0.96 0.93 0.95 1.00 1.08 1.19 1.33 1.48 1.65 1.84 2.01 2.16 2.28 2.38 2.44 2.47 2.47 2.43 2.35 2.23 2.08 1.93 1.78 1.62 1.48 1.33 1.19 1.05 0.93 0.81 0.71 0.61 0.53 0.46 0.40 0.38
9.12 9.02 8.93 8.86 8.80 8.75 8.70 8.66 8.62 8.58 8.54 8.51 8.48 8.44 8.40 8.37 8.32 8.24 8.14 8.00 7.83 7.62 7.38 7.11 6.84 6.56 6.27 5.98 5.69 5.38 5.07 4.73 4.39 4.04 3.68 3.33 2.98 2.64 2.32 2.02 1.74 1.48 1.26 1.07 0.92 0.81 0.75 0.73 0.75 0.82 0.91 1.04 1.19 1.37 1.56 1.75 1.93 2.08 2.20 2.31 2.38 2.43 2.45 2.43 2.37 2.28 2.16 2.00 1.85 1.69 1.54 1.40 1.26 1.13 1.00 0.89 0.79 0.70 0.61 0.54 0.51 0.56
8.82 8.74 8.68 8.63 8.58 8.54 8.50 8.46 8.43 8.39 8.36 8.32 8.28 8.24 8.20 8.15 8.10 8.04 7.95 7.82 7.66 7.46 7.23 6.98 6.71 6.44 6.16 5.87 5.58 5.26 4.93 4.58 4.22 3.86 3.49 3.13 2.77 2.42 2.09 1.78 1.49 1.24 1.01 0.82 0.67 0.56 0.50 0.49 0.52 0.60 0.71 0.85 1.02 1.22 1.42 1.60 1.77 1.93 2.06 2.17 2.26 2.32 2.36 2.37 2.34 2.28 2.18 2.05 1.90 1.74 1.59 1.45 1.31 1.19 1.07 0.96 0.86 0.77 0.69 0.65 0.69 0.80
8.52 8.47 8.43 8.39 8.35 8.32 8.29 8.26 8.23 8.20 8.17 8.13 8.09 8.05 8.00 7.94 7.88 7.81 7.73 7.62 7.47 7.29 7.06 6.81 6.56 6.29 6.02 5.73 5.42 5.09 4.74 4.38 4.01 3.63 3.26 2.88 2.52 2.16 1.82 1.51 1.21 0.95 0.72 0.53 0.38 0.28 0.22 0.21 0.26 0.34 0.47 0.63 0.82 1.01 1.20 1.39 1.55 1.71 1.85 1.97 2.07 2.15 2.21 2.24 2.24 2.21 2.15 2.06 1.93 1.78 1.63 1.49 1.36 1.23 1.12 1.02 0.92 0.84 0.80 0.82 0.92 1.08
8.21 8.18 8.16 8.14 8.11 8.09 8.07 8.05 8.02 8.00 7.97 7.93 7.89 7.84 7.79 7.73 7.66 7.58 7.50 7.39 7.26 7.08 6.87 6.63 6.38 6.12 5.85 5.55 5.22 4.88 4.52 4.14 3.76 3.37 2.98 2.60 2.22 1.86 1.51 1.19 0.90 0.63 0.40 0.21 0.06 0.00 0.00 0.00 0.00 0.05 0.19 0.36 0.55 0.74 0.92 1.10 1.26 1.42 1.57 1.70 1.82 1.91 1.99 2.04 2.07 2.07 2.05 1.99 1.90 1.78 1.64 1.50 1.38 1.26 1.16 1.06 0.97 0.93 0.95 1.05 1.20 1.41
7.88 7.88 7.87 7.87 7.86 7.85 7.84 7.83 7.81 7.79 7.76 7.72 7.68 7.64 7.58 7.51 7.44 7.35 7.25 7.14 7.01 6.85 6.65 6.42 6.18 5.92 5.63 5.32 4.98 4.62 4.24 3.85 3.45 3.06 2.66 2.26 1.88 1.51 1.16 0.84 0.54 0.27 0.03 0.00 0.00 0.00 0.00 0.00 0.00 0.00 0.00 0.04 0.21 0.39 0.56 0.73 0.90 1.06 1.22 1.36 1.49 1.60 1.70 1.78 1.83 1.87 1.88 1.86 1.81 1.74 1.63 1.50 1.38 1.28 1.18 1.09 1.04 1.07 1.16 1.31 1.51 1.76
7.54 7.56 7.57 7.58 7.59 7.59 7.59 7.59 7.58 7.56 7.54 7.51 7.47 7.42 7.36 7.29 7.21 7.11 7.01 6.89 6.75 6.59 6.40 6.18 5.94 5.67 5.37 5.03 4.68 4.30 3.91 3.51 3.11 2.70 2.29 1.89 1.50 1.12 0.77 0.44 0.13 0.00 0.00 0.00 0.00 0.00 0.00 0.00 0.00 0.00 0.00 0.00 0.00 0.00 0.13 0.30 0.46 0.63 0.79 0.94 1.08 1.22 1.33 1.44 1.52 1.59 1.64 1.66 1.65 1.62 1.56 1.47 1.36 1.27 1.18 1.14 1.16 1.25 1.41 1.61 1.85 2.13
7.18 7.21 7.24 7.27 7.30 7.32 7.33 7.34 7.33 7.33 7.31 7.28 7.24 7.19 7.13 7.06 6.97 6.87 6.76 6.62 6.48 6.31 6.12 5.91 5.65 5.37 5.05 4.70 4.33 3.94 3.54 3.12 2.71 2.29 1.87 1.46 1.07 0.69 0.33 0.00 0.00 0.00 0.00 0.00 0.00 0.00 0.00 0.00 0.00 0.00 0.00 0.00 0.00 0.00 0.00 0.00 0.00 0.12 0.28 0.45 0.60 0.75 0.89 1.02 1.14 1.24 1.32 1.38 1.42 1.43 1.42 1.38 1.32 1.24 1.20 1.23 1.32 1.48 1.68 1.92 2.20 2.50
