data_processed/recharge/precip/Precip_1993_08.asc
ncols        168
nrows        136
xllcorner    455000
yllcorner    2107000
cellsize     500
NODATA_value     -99999
[rows 64 to 95 of 136, columns 0 to 71 of 168]
193.91 197.49 200.86 204.00 206.90 209.56 211.98 214.13 216.03 217.65 219.00 220.07 220.85 221.33 221.51 221.39 221.08 220.67 220.17 219.57 218.88 218.09 217.22 216.25 215.18 214.02 212.77 211.42 209.98 208.45 206.82 205.09 203.27 201.34 199.32 197.20 194.98 192.68 190.30 187.84 185.31 182.71 180.04 177.32 174.54 171.71 168.83 165.92 162.97 160.00 157.04 154.08 151.13 148.20 145.28 142.38 139.51 136.66 133.85 131.06 128.31 125.61 122.94 120.32 117.75 115.23 112.77 110.37 108.03 105.75 103.55 101.41
192.88 196.62 200.14 203.43 206.50 209.33 211.92 214.26 216.34 218.16 219.71 220.98 221.97 222.66 223.06 223.16 222.96 222.56 222.07 221.48 220.79 220.02 219.15 218.19 217.13 215.99 214.75 213.41 211.98 210.46 208.84 207.12 205.31 203.40 201.38 199.26 197.05 194.76 192.37 189.91 187.38 184.77 182.10 179.36 176.57 173.73 170.84 167.91 164.95 161.99 159.04 156.09 153.14 150.21 147.29 144.39 141.51 138.66 135.83 133.03 130.27 127.54 124.86 122.22 119.62 117.08 114.59 112.15 109.78 107.47 105.22 103.05
191.89 195.76 199.43 202.88 206.10 209.09 211.85 214.37 216.63 218.63 220.37 221.84 223.03 223.94 224.55 224.87 224.88 224.59 224.11 223.53 222.85 222.08 221.22 220.27 219.22 218.08 216.85 215.52 214.10 212.59 210.98 209.27 207.47 205.56 203.55 201.44 199.23 196.94 194.55 192.09 189.54 186.93 184.25 181.50 178.69 175.84 172.93 169.99 167.05 164.10 161.15 158.21 155.26 152.33 149.41 146.51 143.62 140.75 137.92 135.10 132.32 129.58 126.87 124.21 121.59 119.01 116.49 114.03 111.62 109.27 106.98 104.77
190.93 194.94 198.74 202.34 205.71 208.86 211.78 214.47 216.90 219.09 221.01 222.67 224.06 225.17 225.99 226.52 226.75 226.68 226.30 225.73 225.06 224.30 223.44 222.49 221.45 220.32 219.09 217.77 216.36 214.85 213.25 211.55 209.76 207.85 205.85 203.74 201.53 199.23 196.84 194.37 191.82 189.19 186.50 183.74 180.92 178.04 175.13 172.21 169.27 166.33 163.39 160.44 157.50 154.57 151.65 148.73 145.84 142.96 140.11 137.28 134.48 131.72 128.99 126.30 123.65 121.05 118.50 115.99 113.55 111.16 108.83 106.57
190.02 194.15 198.09 201.83 205.35 208.65 211.73 214.57 217.17 219.53 221.64 223.48 225.06 226.37 227.39 228.13 228.57 228.71 228.55 228.09 227.43 226.67 225.81 224.87 223.83 222.70 221.47 220.16 218.75 217.25 215.65 213.96 212.17 210.27 208.27 206.16 203.95 201.64 199.25 196.77 194.21 191.57 188.86 186.08 183.24 180.37 177.47 174.56 171.63 168.70 165.76 162.81 159.87 156.93 154.00 151.08 148.18 145.29 142.42 139.58 136.76 133.97 131.22 128.50 125.83 123.19 120.60 118.07 115.58 113.15 110.79 108.48
189.16 193.42 197.49 201.35 205.01 208.46 211.68 214.68 217.45 219.97 222.25 224.28 226.04 227.53 228.76 229.69 230.35 230.70 230.76 230.50 229.95 229.20 228.34 227.40 226.36 225.23 224.01 222.69 221.29 219.79 218.19 216.51 214.72 212.82 210.82 208.71 206.49 204.18 201.78 199.29 196.71 194.06 191.34 188.54 185.70 182.84 179.95 177.05 174.13 171.20 168.26 165.32 162.37 159.43 156.49 153.57 150.65 147.75 144.86 142.00 139.16 136.35 133.57 130.82 128.12 125.45 122.83 120.25 117.73 115.26 112.84 110.49
188.38 192.75 196.93 200.93 204.72 208.30 211.67 214.82 217.74 220.43 222.87 225.07 227.01 228.69 230.10 231.23 232.08 232.65 232.91 232.88 232.53 231.88 231.04 230.09 229.05 227.92 226.70 225.39 223.98 222.48 220.89 219.20 217.42 215.52 213.51 211.39 209.17 206.85 204.44 201.94 199.35 196.68 193.94 191.14 188.32 185.46 182.59 179.69 176.78 173.85 170.91 167.97 165.02 162.07 159.13 156.19 153.26 150.34 147.43 144.55 141.69 138.86 136.05 133.27 130.53 127.83 125.17 122.56 119.99 117.48 115.02 112.62
187.66 192.14 196.45 200.56 204.48 208.19 211.70 214.99 218.06 220.90 223.50 225.87 227.98 229.83 231.43 232.75 233.80 234.56 235.03 235.21 235.08 234.64 233.90 232.96 231.91 230.78 229.56 228.24 226.83 225.33 223.73 222.05 220.26 218.36 216.35 214.22 212.00 209.66 207.24 204.72 202.12 199.43 196.69 193.91 191.09 188.25 185.38 182.49 179.58 176.66 173.72 170.77 167.82 164.86 161.91 158.95 156.01 153.07 150.15 147.25 144.36 141.50 138.66 135.86 133.09 130.35 127.65 125.00 122.39 119.83 117.32 114.87
187.04 191.62 196.03 200.26 204.29 208.13 211.77 215.20 218.41 221.40 224.16 226.68 228.96 230.98 232.75 234.26 235.49 236.45 237.12 237.50 237.58 237.36 236.82 235.99 234.95 233.81 232.58 231.26 229.85 228.34 226.75 225.05 223.27 221.36 219.34 217.21 214.97 212.62 210.18 207.65 205.03 202.34 199.61 196.84 194.04 191.21 188.35 185.46 182.56 179.63 176.69 173.74 170.78 167.81 164.84 161.88 158.92 155.96 153.02 150.09 147.18 144.29 141.43 138.59 135.78 133.01 130.27 127.57 124.92 122.31 119.76 117.26
186.51 191.19 195.70 200.03 204.18 208.14 211.90 215.46 218.81 221.94 224.84 227.52 229.95 232.15 234.09 235.77 237.18 238.33 239.19 239.77 240.06 240.04 239.73 239.09 238.16 237.02 235.79 234.46 233.04 231.53 229.92 228.23 226.43 224.52 222.49 220.35 218.09 215.74 213.28 210.73 208.10 205.43 202.72 199.96 197.17 194.35 191.49 188.61 185.70 182.78 179.83 176.88 173.91 170.93 167.95 164.97 161.99 159.01 156.05 153.10 150.16 147.24 144.34 141.47 138.62 135.81 133.03 130.29 127.59 124.94 122.33 119.78
186.08 190.85 195.46 199.89 204.15 208.22 212.10 215.78 219.26 222.52 225.57 228.39 230.98 233.33 235.44 237.29 238.88 240.20 241.25 242.03 242.51 242.70 242.59 242.17 241.44 240.41 239.17 237.84 236.41 234.89 233.28 231.58 229.77 227.85 225.81 223.65 221.38 219.01 216.53 213.98 211.38 208.72 206.02 203.28 200.49 197.67 194.82 191.94 189.04 186.11 183.16 180.19 177.21 174.22 171.23 168.23 165.23 162.24 159.25 156.27 153.30 150.35 147.42 144.51 141.63 138.78 135.95 133.17 130.42 127.72 125.06 122.45
185.77 190.62 195.32 199.85 204.20 208.38 212.37 216.17 219.78 223.17 226.35 229.31 232.05 234.55 236.81 238.82 240.59 242.08 243.32 244.27 244.95 245.34 245.43 245.23 244.71 243.88 242.74 241.40 239.97 238.44 236.81 235.10 233.29 231.36 229.30 227.13 224.84 222.45 219.98 217.44 214.85 212.21 209.52 206.79 204.01 201.20 198.35 195.47 192.56 189.63 186.67 183.69 180.70 177.70 174.69 171.67 168.65 165.63 162.62 159.61 156.62 153.63 150.67 147.72 144.80 141.91 139.04 136.21 133.41 130.66 127.95 125.28
185.59 190.52 195.29 199.91 204.36 208.64 212.74 216.65 220.36 223.88 227.19 230.29 233.16 235.81 238.22 240.39 242.32 243.98 245.39 246.53 247.39 247.97 248.26 248.26 247.95 247.33 246.40 245.16 243.72 242.17 240.54 238.82 236.99 235.05 232.98 230.79 228.48 226.09 223.63 221.11 218.54 215.91 213.23 210.51 207.74 204.93 202.08 199.20 196.28 193.34 190.38 187.39 184.39 181.37 178.34 175.31 172.26 169.22 166.18 163.14 160.11 157.10 154.10 151.11 148.15 145.21 142.30 139.42 136.57 133.77 131.00 128.28
185.54 190.54 195.39 200.09 204.63 209.00 213.19 217.21 221.04 224.67 228.10 231.33 234.33 237.12 239.68 242.00 244.08 245.91 247.48 248.79 249.84 250.60 251.08 251.27 251.17 250.76 250.04 249.00 247.65 246.11 244.46 242.72 240.88 238.92 236.83 234.63 232.32 229.95 227.51 225.01 222.45 219.83 217.16 214.44 211.68 208.87 206.02 203.13 200.22 197.27 194.29 191.30 188.28 185.24 182.20 179.14 176.07 173.00 169.93 166.86 163.80 160.75 157.71 154.69 151.68 148.70 145.74 142.81 139.91 137.05 134.23 131.45
185.63 190.69 195.62 200.39 205.01 209.47 213.76 217.87 221.81 225.55 229.10 232.44 235.58 238.49 241.19 243.66 245.89 247.87 249.61 251.09 252.30 253.24 253.91 254.29 254.38 254.17 253.66 252.83 251.69 250.24 248.59 246.83 244.98 243.00 240.89 238.68 236.40 234.05 231.62 229.13 226.59 223.98 221.31 218.60 215.84 213.03 210.18 207.29 204.37 201.41 198.42 195.41 192.38 189.33 186.26 183.18 180.08 176.99 173.89 170.79 167.69 164.60 161.52 158.46 155.41 152.38 149.37 146.39 143.44 140.52 137.64 134.80
185.88 191.00 195.98 200.83 205.52 210.06 214.44 218.65 222.68 226.52 230.18 233.64 236.89 239.94 242.77 245.37 247.74 249.88 251.77 253.41 254.79 255.90 256.75 257.31 257.59 257.58 257.27 256.65 255.72 254.47 252.91 251.14 249.27 247.27 245.17 242.98 240.72 238.38 235.97 233.50 230.96 228.36 225.70 222.99 220.23 217.42 214.57 211.67 208.74 205.77 202.78 199.75 196.70 193.63 190.53 187.43 184.31 181.18 178.05 174.92 171.79 168.66 165.54 162.43 159.33 156.26 153.20 150.17 147.16 144.19 141.24 138.34
186.29 191.46 196.50 201.41 206.17 210.79 215.24 219.54 223.66 227.60 231.36 234.93 238.30 241.47 244.42 247.15 249.66 251.94 253.98 255.78 257.32 258.60 259.61 260.35 260.82 260.99 260.87 260.46 259.73 258.69 257.33 255.66 253.78 251.79 249.70 247.54 245.29 242.97 240.58 238.11 235.58 232.99 230.34 227.63 224.87 222.05 219.19 216.29 213.35 210.37 207.36 204.32 201.24 198.15 195.04 191.90 188.76 185.60 182.44 179.27 176.10 172.93 169.77 166.61 163.47 160.34 157.23 154.15 151.09 148.05 145.05 142.08
186.84 192.06 197.15 202.11 206.94 211.62 216.15 220.52 224.73 228.77 232.62 236.29 239.77 243.05 246.13 248.99 251.63 254.04 256.22 258.17 259.86 261.30 262.48 263.40 264.03 264.39 264.46 264.24 263.71 262.88 261.73 260.25 258.44 256.47 254.41 252.26 250.04 247.73 245.35 242.90 240.37 237.79 235.14 232.43 229.67 226.85 223.99 221.08 218.12 215.13 212.10 209.04 205.95 202.84 199.70 196.54 193.36 190.17 186.97 183.77 180.56 177.35 174.15 170.95 167.76 164.58 161.42 158.28 155.16 152.06 149.00 145.97
187.40 192.66 197.80 202.82 207.70 212.45 217.05 221.49 225.78 229.90 233.85 237.62 241.20 244.59 247.78 250.76 253.53 256.07 258.39 260.48 262.32 263.92 265.26 266.34 267.15 267.69 267.94 267.90 267.57 266.94 265.99 264.65 262.93 261.01 258.98 256.85 254.64 252.35 249.98 247.54 245.03 242.45 239.81 237.10 234.34 231.52 228.65 225.74 222.77 219.77 216.73 213.65 210.54 207.41 204.24 201.06 197.86 194.64 191.41 188.17 184.92 181.67 178.42 175.18 171.94 168.72 165.51 162.31 159.14 155.98 152.86 149.77
187.95 193.25 198.43 203.49 208.43 213.23 217.89 222.41 226.77 230.98 235.01 238.87 242.55 246.05 249.35 252.44 255.33 258.01 260.46 262.68 264.67 266.42 267.91 269.16 270.13 270.84 271.28 271.42 271.28 270.84 270.02 268.77 267.12 265.28 263.30 261.20 259.01 256.74 254.39 251.96 249.46 246.89 244.26 241.56 238.80 235.98 233.11 230.19 227.22 224.20 221.15 218.06 214.94 211.78 208.60 205.39 202.16 198.91 195.65 192.38 189.10 185.81 182.53 179.24 175.96 172.69 169.43 166.18 162.95 159.75 156.56 153.41
188.48 193.81 199.03 204.13 209.12 213.97 218.70 223.28 227.71 231.99 236.11 240.06 243.84 247.43 250.83 254.04 257.05 259.84 262.43 264.78 266.91 268.80 270.45 271.85 272.99 273.87 274.48 274.80 274.84 274.52 273.78 272.60 271.02 269.26 267.36 265.32 263.16 260.91 258.58 256.17 253.68 251.12 248.49 245.80 243.05 240.23 237.36 234.44 231.46 228.44 225.38 222.28 219.14 215.97 212.77 209.54 206.29 203.01 199.73 196.42 193.11 189.79 186.47 183.14 179.82 176.50 173.19 169.90 166.62 163.36 160.12 156.91
189.00 194.35 199.60 204.75 209.77 214.68 219.46 224.10 228.60 232.96 237.15 241.19 245.05 248.74 252.24 255.56 258.68 261.59 264.30 266.78 269.05 271.08 272.87 274.42 275.72 276.77 277.54 278.04 278.20 277.94 277.27 276.15 274.64 272.96 271.14 269.18 267.08 264.86 262.55 260.16 257.69 255.14 252.53 249.84 247.09 244.28 241.42 238.49 235.52 232.49 229.42 226.31 223.16 219.98 216.76 213.51 210.24 206.94 203.63 200.30 196.96 193.60 190.24 186.88 183.52 180.16 176.81 173.47 170.14 166.83 163.54 160.27
189.51 194.88 200.16 205.34 210.41 215.36 220.19 224.89 229.45 233.87 238.14 242.25 246.20 249.98 253.58 257.00 260.22 263.25 266.07 268.69 271.08 273.25 275.19 276.88 278.34 279.54 280.47 281.08 281.30 281.10 280.48 279.43 277.99 276.38 274.65 272.78 270.76 268.60 266.31 263.94 261.49 258.96 256.36 253.69 250.95 248.15 245.29 242.36 239.39 236.36 233.29 230.17 227.01 223.81 220.58 217.32 214.03 210.71 207.37 204.02 200.65 197.26 193.87 190.47 187.07 183.68 180.28 176.90 173.52 170.16 166.82 163.50
190.01 195.40 200.70 205.91 211.01 216.00 220.88 225.63 230.25 234.73 239.07 243.26 247.29 251.15 254.84 258.36 261.69 264.83 267.76 270.50 273.02 275.32 277.39 279.23 280.83 282.18 283.22 283.88 284.15 284.01 283.44 282.45 281.08 279.54 277.88 276.10 274.17 272.10 269.88 267.54 265.11 262.60 260.01 257.35 254.63 251.83 248.98 246.06 243.09 240.06 236.98 233.86 230.70 227.49 224.25 220.97 217.66 214.33 210.97 207.59 204.19 200.78 197.36 193.93 190.49 187.06 183.62 180.20 176.78 173.37 169.98 166.60
190.51 195.92 201.24 206.47 211.60 216.62 221.54 226.34 231.01 235.55 239.96 244.21 248.32 252.26 256.04 259.65 263.08 266.32 269.37 272.22 274.86 277.28 279.49 281.47 283.21 284.65 285.74 286.44 286.76 286.67 286.16 285.22 283.91 282.44 280.86 279.16 277.32 275.34 273.22 270.94 268.53 266.05 263.48 260.84 258.12 255.34 252.49 249.59 246.62 243.59 240.52 237.39 234.22 231.01 227.75 224.46 221.14 217.79 214.41 211.01 207.59 204.16 200.71 197.25 193.78 190.31 186.84 183.37 179.91 176.46 173.02 169.59
191.01 196.43 201.76 207.01 212.17 217.22 222.18 227.02 231.74 236.33 240.80 245.12 249.29 253.32 257.18 260.87 264.40 267.74 270.89 273.85 276.61 279.16 281.49 283.60 285.42 286.91 288.03 288.77 289.13 289.09 288.64 287.76 286.51 285.10 283.59 281.97 280.21 278.33 276.30 274.12 271.78 269.32 266.77 264.15 261.45 258.69 255.85 252.95 249.99 246.97 243.89 240.77 237.60 234.38 231.12 227.82 224.49 221.12 217.73 214.31 210.86 207.40 203.93 200.44 196.94 193.44 189.93 186.43 182.93 179.43 175.95 172.48
191.52 196.94 202.28 207.54 212.72 217.81 222.79 227.67 232.43 237.08 241.59 245.98 250.22 254.31 258.25 262.03 265.64 269.08 272.33 275.40 278.27 280.94 283.39 285.57 287.43 288.95 290.10 290.88 291.29 291.29 290.88 290.06 288.86 287.52 286.08 284.53 282.86 281.07 279.13 277.05 274.82 272.42 269.90 267.30 264.62 261.87 259.05 256.16 253.21 250.20 247.13 244.00 240.83 237.61 234.34 231.04 227.69 224.32 220.91 217.47 214.01 210.53 207.03 203.52 199.99 196.46 192.92 189.38 185.84 182.30 178.78 175.26
192.03 197.45 202.80 208.07 213.27 218.37 223.38 228.30 233.10 237.79 242.35 246.79 251.10 255.26 259.27 263.13 266.83 270.35 273.70 276.87 279.85 282.62 285.14 287.36 289.24 290.78 291.97 292.79 293.22 293.27 292.91 292.13 290.99 289.71 288.34 286.86 285.27 283.56 281.72 279.74 277.61 275.32 272.87 270.30 267.64 264.91 262.10 259.23 256.28 253.28 250.22 247.10 243.93 240.71 237.44 234.13 230.78 227.39 223.97 220.52 217.04 213.54 210.02 206.48 202.93 199.37 195.80 192.23 188.65 185.08 181.52 177.96
192.56 197.97 203.32 208.60 213.80 218.93 223.96 228.90 233.74 238.47 243.08 247.57 251.93 256.16 260.24 264.17 267.95 271.56 275.00 278.26 281.34 284.18 286.72 288.95 290.85 292.42 293.63 294.48 294.96 295.05 294.73 294.00 292.91 291.68 290.37 288.97 287.45 285.83 284.08 282.19 280.17 277.99 275.65 273.14 270.51 267.80 265.01 262.15 259.23 256.23 253.18 250.07 246.90 243.68 240.41 237.10 233.74 230.35 226.92 223.46 219.97 216.45 212.91 209.35 205.77 202.19 198.59 194.98 191.38 187.77 184.17 180.57
193.10 198.50 203.85 209.13 214.34 219.47 224.53 229.49 234.36 239.12 243.78 248.31 252.73 257.01 261.16 265.16 269.01 272.70 276.23 279.58 282.71 285.56 288.11 290.36 292.28 293.87 295.11 295.99 296.50 296.62 296.35 295.66 294.62 293.45 292.20 290.86 289.42 287.87 286.21 284.42 282.49 280.42 278.19 275.80 273.24 270.56 267.79 264.95 262.04 259.06 256.02 252.91 249.75 246.54 243.27 239.96 236.60 233.20 229.76 226.29 222.79 219.26 215.70 212.12 208.53 204.91 201.29 197.66 194.02 190.38 186.74 183.11
193.67 199.05 204.38 209.66 214.87 220.02 225.08 230.07 234.96 239.75 244.45 249.02 253.49 257.82 262.03 266.09 270.02 273.79 277.39 280.79 283.92 286.77 289.34 291.59 293.53 295.14 296.41 297.31 297.85 298.01 297.77 297.12 296.13 295.01 293.82 292.54 291.17 289.71 288.13 286.43 284.60 282.63 280.51 278.24 275.80 273.18 270.45 267.63 264.73 261.77 258.74 255.65 252.50 249.29 246.03 242.72 239.36 235.95 232.51 229.03 225.52 221.98 218.40 214.81 211.19 207.56 203.91 200.25 196.59 192.92 189.24 185.57
194.25 199.61 204.93 210.20 215.41 220.56 225.64 230.63 235.55 240.37 245.09 249.71 254.21 258.60 262.86 266.98 270.97 274.81 278.45 281.84 284.98 287.83 290.40 292.67 294.62 296.25 297.53 298.46 299.03 299.22 299.01 298.40 297.45 296.38 295.24 294.03 292.73 291.34 289.84 288.23 286.49 284.63 282.62 280.46 278.14 275.64 272.98 270.19 267.31 264.37 261.36 258.28 255.14 251.94 248.68 245.38 242.02 238.62 235.17 231.69 228.17 224.61 221.03 217.42 213.79 210.13 206.46 202.78 199.09 195.39 191.69 187.98
