data_processed/recharge/precip/Precip_1984_03.asc
ncols        168
nrows        136
xllcorner    455000
yllcorner    2107000
cellsize     500
NODATA_value     -99999
[rows 74 to 110 of 136, columns 0 to 82 of 168]
5.49 5.63 5.77 5.92 6.07 6.21 6.35 6.47 6.59 6.69 6.77 6.82 6.85 6.84 6.78 6.69 6.54 6.33 6.06 5.80 5.62 5.50 5.45 5.44 5.46 5.51 5.57 5.63 5.67 5.68 5.66 5.59 5.48 5.34 5.16 4.95 4.73 4.50 4.26 4.04 3.82 3.62 3.45 3.28 3.10 2.92 2.74 2.56 2.38 2.20 2.02 1.85 1.68 1.53 1.39 1.27 1.16 1.08 1.02 0.99 0.97 0.99 1.02 1.07 1.15 1.24 1.32 1.37 1.39 1.39 1.37 1.33 1.27 1.19 1.10 1.01 0.92 0.86 0.81 0.78 0.77 0.77 0.79
5.38 5.53 5.68 5.83 5.99 6.15 6.31 6.45 6.58 6.70 6.79 6.86 6.89 6.89 6.84 6.75 6.60 6.39 6.12 5.85 5.66 5.54 5.48 5.46 5.49 5.53 5.58 5.64 5.68 5.69 5.67 5.60 5.48 5.33 5.15 4.94 4.72 4.49 4.25 4.03 3.81 3.62 3.45 3.28 3.11 2.93 2.76 2.58 2.40 2.22 2.04 1.87 1.70 1.54 1.39 1.26 1.16 1.08 1.02 0.99 0.98 0.99 1.02 1.07 1.15 1.23 1.31 1.37 1.39 1.40 1.39 1.35 1.30 1.24 1.17 1.08 1.00 0.93 0.88 0.84 0.83 0.82 0.84
5.27 5.43 5.59 5.75 5.92 6.10 6.26 6.43 6.58 6.71 6.82 6.90 6.94 6.94 6.90 6.81 6.66 6.45 6.17 5.90 5.70 5.58 5.51 5.49 5.51 5.55 5.60 5.65 5.68 5.69 5.67 5.59 5.48 5.32 5.13 4.92 4.70 4.47 4.23 4.01 3.80 3.61 3.45 3.29 3.12 2.94 2.77 2.59 2.42 2.24 2.07 1.89 1.72 1.56 1.40 1.28 1.17 1.09 1.04 1.00 0.99 1.00 1.03 1.08 1.15 1.23 1.31 1.36 1.39 1.40 1.39 1.37 1.33 1.28 1.21 1.15 1.07 1.00 0.95 0.90 0.88 0.87 0.88
5.16 5.33 5.50 5.68 5.86 6.04 6.23 6.41 6.58 6.73 6.85 6.94 6.99 7.00 6.96 6.87 6.72 6.51 6.23 5.95 5.75 5.61 5.54 5.52 5.53 5.56 5.61 5.66 5.69 5.69 5.66 5.58 5.46 5.30 5.11 4.90 4.67 4.44 4.21 3.99 3.78 3.60 3.44 3.28 3.12 2.95 2.78 2.61 2.44 2.26 2.09 1.92 1.75 1.58 1.43 1.31 1.20 1.12 1.07 1.03 1.02 1.02 1.05 1.09 1.16 1.24 1.31 1.35 1.38 1.39 1.39 1.37 1.34 1.30 1.25 1.19 1.14 1.07 1.01 0.96 0.93 0.92 0.92
5.06 5.23 5.41 5.61 5.80 6.00 6.20 6.39 6.58 6.74 6.88 6.98 7.04 7.06 7.03 6.94 6.79 6.57 6.28 6.00 5.79 5.65 5.57 5.54 5.55 5.58 5.62 5.66 5.69 5.69 5.65 5.56 5.43 5.27 5.08 4.87 4.64 4.41 4.18 3.96 3.76 3.58 3.43 3.28 3.12 2.96 2.79 2.62 2.45 2.28 2.11 1.94 1.77 1.62 1.48 1.36 1.25 1.17 1.11 1.07 1.05 1.05 1.07 1.11 1.17 1.24 1.30 1.35 1.37 1.38 1.38 1.36 1.34 1.30 1.27 1.22 1.18 1.13 1.07 1.02 0.98 0.96 0.96
4.95 5.14 5.33 5.54 5.75 5.97 6.18 6.39 6.58 6.76 6.91 7.02 7.09 7.11 7.08 7.00 6.85 6.63 6.34 6.04 5.83 5.68 5.60 5.57 5.57 5.59 5.63 5.66 5.68 5.66 5.61 5.53 5.40 5.23 5.04 4.83 4.60 4.37 4.15 3.93 3.73 3.56 3.42 3.27 3.12 2.96 2.80 2.64 2.47 2.30 2.13 1.97 1.81 1.67 1.54 1.42 1.32 1.23 1.16 1.12 1.10 1.09 1.10 1.13 1.18 1.24 1.30 1.33 1.36 1.36 1.36 1.35 1.33 1.30 1.27 1.24 1.20 1.16 1.12 1.07 1.03 1.00 1.00
4.85 5.05 5.26 5.48 5.71 5.94 6.16 6.38 6.59 6.77 6.93 7.05 7.13 7.17 7.14 7.06 6.90 6.68 6.38 6.08 5.86 5.71 5.62 5.58 5.58 5.60 5.63 5.65 5.65 5.62 5.56 5.47 5.35 5.19 5.00 4.78 4.56 4.33 4.11 3.90 3.70 3.54 3.40 3.26 3.11 2.96 2.81 2.65 2.49 2.32 2.16 2.01 1.86 1.73 1.61 1.50 1.40 1.31 1.24 1.18 1.15 1.14 1.14 1.16 1.19 1.24 1.29 1.32 1.33 1.34 1.33 1.32 1.30 1.28 1.26 1.23 1.20 1.17 1.14 1.11 1.07 1.04 1.03
4.75 4.97 5.19 5.43 5.67 5.92 6.16 6.39 6.60 6.79 6.96 7.09 7.17 7.21 7.19 7.11 6.95 6.73 6.43 6.12 5.89 5.74 5.64 5.59 5.58 5.60 5.61 5.61 5.59 5.55 5.48 5.39 5.27 5.12 4.94 4.73 4.51 4.28 4.06 3.86 3.67 3.51 3.38 3.25 3.11 2.97 2.82 2.66 2.50 2.35 2.20 2.05 1.92 1.80 1.68 1.58 1.48 1.40 1.32 1.26 1.21 1.19 1.18 1.19 1.21 1.25 1.28 1.30 1.31 1.31 1.30 1.28 1.26 1.25 1.23 1.21 1.19 1.16 1.14 1.12 1.10 1.08 1.06
4.66 4.89 5.13 5.38 5.64 5.90 6.15 6.39 6.62 6.81 6.98 7.12 7.21 7.25 7.23 7.15 7.00 6.77 6.46 6.15 5.91 5.75 5.65 5.60 5.58 5.57 5.56 5.53 5.49 5.44 5.37 5.28 5.17 5.03 4.86 4.67 4.46 4.23 4.02 3.82 3.64 3.49 3.36 3.24 3.11 2.97 2.82 2.67 2.53 2.38 2.24 2.11 1.99 1.87 1.77 1.67 1.57 1.49 1.41 1.34 1.29 1.25 1.23 1.22 1.23 1.25 1.27 1.28 1.28 1.27 1.25 1.24 1.22 1.20 1.18 1.17 1.15 1.14 1.13 1.11 1.10 1.09 1.09
4.57 4.82 5.08 5.35 5.62 5.89 6.16 6.41 6.63 6.84 7.01 7.15 7.24 7.28 7.27 7.19 7.03 6.80 6.49 6.17 5.92 5.75 5.65 5.59 5.55 5.51 5.47 5.42 5.36 5.30 5.22 5.13 5.03 4.90 4.75 4.59 4.39 4.18 3.97 3.77 3.60 3.46 3.34 3.22 3.10 2.97 2.83 2.69 2.56 2.43 2.30 2.18 2.07 1.96 1.86 1.76 1.67 1.59 1.51 1.44 1.37 1.32 1.28 1.26 1.26 1.26 1.26 1.26 1.24 1.22 1.20 1.18 1.16 1.14 1.13 1.12 1.11 1.10 1.09 1.09 1.09 1.09 1.09
4.49 4.76 5.04 5.32 5.61 5.89 6.16 6.42 6.66 6.86 7.04 7.18 7.27 7.31 7.29 7.21 7.06 6.82 6.50 6.17 5.92 5.75 5.63 5.55 5.47 5.40 5.33 5.26 5.19 5.12 5.04 4.95 4.85 4.73 4.61 4.46 4.30 4.12 3.92 3.73 3.56 3.43 3.32 3.21 3.10 2.97 2.85 2.72 2.60 2.48 2.37 2.26 2.15 2.05 1.95 1.86 1.77 1.69 1.61 1.53 1.46 1.40 1.35 1.31 1.28 1.27 1.25 1.23 1.20 1.17 1.14 1.12 1.10 1.08 1.06 1.05 1.05 1.04 1.04 1.05 1.06 1.07 1.08
4.42 4.71 5.00 5.30 5.60 5.89 6.18 6.44 6.68 6.89 7.07 7.20 7.29 7.33 7.31 7.23 7.07 6.83 6.50 6.17 5.91 5.73 5.58 5.46 5.34 5.24 5.15 5.06 4.97 4.89 4.80 4.72 4.62 4.53 4.42 4.30 4.17 4.02 3.86 3.68 3.52 3.40 3.30 3.20 3.09 2.98 2.87 2.76 2.65 2.54 2.44 2.34 2.24 2.14 2.05 1.96 1.87 1.79 1.71 1.63 1.55 1.48 1.41 1.35 1.31 1.27 1.24 1.20 1.16 1.12 1.08 1.05 1.03 1.01 0.99 0.98 0.98 0.98 0.98 0.99 1.01 1.03 1.05
4.36 4.66 4.97 5.29 5.60 5.90 6.19 6.46 6.71 6.92 7.10 7.23 7.32 7.35 7.32 7.23 7.07 6.82 6.49 6.15 5.88 5.67 5.48 5.31 5.16 5.03 4.91 4.80 4.70 4.61 4.52 4.44 4.35 4.27 4.18 4.09 3.99 3.88 3.76 3.62 3.48 3.37 3.28 3.19 3.10 3.00 2.90 2.81 2.71 2.61 2.52 2.43 2.33 2.24 2.15 2.06 1.98 1.89 1.80 1.72 1.64 1.56 1.48 1.41 1.34 1.28 1.23 1.17 1.11 1.06 1.02 0.98 0.95 0.93 0.91 0.90 0.90 0.90 0.91 0.92 0.94 0.97 1.01
4.31 4.63 4.95 5.28 5.60 5.91 6.21 6.48 6.73 6.95 7.12 7.26 7.34 7.37 7.33 7.23 7.05 6.80 6.46 6.11 5.81 5.55 5.31 5.10 4.91 4.75 4.61 4.48 4.37 4.27 4.18 4.10 4.03 3.96 3.89 3.83 3.76 3.69 3.61 3.53 3.43 3.34 3.26 3.19 3.11 3.03 2.94 2.86 2.78 2.69 2.61 2.52 2.43 2.34 2.26 2.17 2.08 1.99 1.90 1.81 1.72 1.63 1.55 1.46 1.37 1.29 1.21 1.14 1.07 1.01 0.96 0.92 0.88 0.85 0.83 0.82 0.81 0.81 0.82 0.84 0.87 0.90 0.95
4.27 4.60 4.94 5.27 5.61 5.92 6.23 6.51 6.76 6.97 7.15 7.28 7.36 7.38 7.33 7.22 7.03 6.76 6.41 6.03 5.68 5.36 5.08 4.83 4.61 4.41 4.24 4.10 3.97 3.87 3.78 3.71 3.64 3.59 3.55 3.51 3.48 3.45 3.42 3.38 3.34 3.30 3.25 3.20 3.13 3.07 3.00 2.93 2.86 2.78 2.70 2.62 2.54 2.45 2.37 2.28 2.19 2.09 2.00 1.90 1.80 1.71 1.61 1.50 1.40 1.30 1.20 1.11 1.03 0.96 0.90 0.85 0.80 0.77 0.74 0.73 0.72 0.72 0.73 0.75 0.78 0.82 0.87
4.22 4.57 4.91 5.26 5.60 5.93 6.24 6.52 6.77 6.99 7.16 7.29 7.36 7.37 7.32 7.19 6.99 6.71 6.34 5.93 5.52 5.15 4.82 4.53 4.27 4.05 3.86 3.69 3.55 3.44 3.35 3.28 3.23 3.19 3.17 3.16 3.16 3.17 3.18 3.19 3.21 3.26 3.33 3.32 3.27 3.21 3.15 3.09 3.02 2.94 2.87 2.79 2.70 2.61 2.52 2.43 2.33 2.22 2.12 2.01 1.90 1.78 1.67 1.54 1.42 1.31 1.20 1.09 1.00 0.92 0.84 0.78 0.73 0.69 0.66 0.64 0.63 0.63 0.64 0.66 0.69 0.74 0.79
4.16 4.52 4.88 5.24 5.58 5.92 6.23 6.51 6.76 6.98 7.15 7.27 7.33 7.34 7.27 7.13 6.92 6.62 6.25 5.83 5.39 4.97 4.59 4.25 3.96 3.70 3.48 3.29 3.14 3.02 2.92 2.85 2.81 2.78 2.78 2.79 2.82 2.86 2.92 2.98 3.08 3.26 3.49 3.60 3.58 3.52 3.46 3.39 3.32 3.23 3.15 3.06 2.96 2.86 2.75 2.64 2.52 2.40 2.27 2.14 2.00 1.86 1.72 1.57 1.43 1.31 1.19 1.07 0.97 0.87 0.79 0.71 0.65 0.61 0.57 0.54 0.53 0.53 0.54 0.57 0.60 0.65 0.71
4.09 4.46 4.83 5.19 5.55 5.89 6.20 6.48 6.74 6.95 7.11 7.23 7.28 7.27 7.20 7.05 6.82 6.52 6.14 5.71 5.27 4.82 4.39 4.00 3.66 3.37 3.12 2.91 2.73 2.60 2.49 2.42 2.38 2.37 2.38 2.41 2.47 2.54 2.64 2.77 3.00 3.34 3.71 3.94 4.02 3.98 3.90 3.82 3.73 3.63 3.53 3.41 3.29 3.17 3.03 2.89 2.75 2.60 2.44 2.27 2.10 1.92 1.74 1.57 1.43 1.30 1.18 1.06 0.94 0.83 0.74 0.65 0.58 0.53 0.49 0.46 0.44 0.44 0.45 0.48 0.51 0.57 0.63
4.01 4.39 4.77 5.14 5.50 5.84 6.16 6.44 6.69 6.90 7.06 7.16 7.21 7.19 7.10 6.94 6.70 6.39 6.00 5.57 5.13 4.67 4.22 3.78 3.40 3.06 2.78 2.54 2.34 2.19 2.08 2.00 1.96 1.95 1.97 2.03 2.11 2.21 2.37 2.62 2.99 3.47 3.97 4.32 4.50 4.53 4.46 4.35 4.23 4.11 3.97 3.83 3.68 3.52 3.35 3.17 2.98 2.79 2.59 2.38 2.16 1.94 1.74 1.57 1.43 1.29 1.16 1.04 0.91 0.80 0.69 0.60 0.52 0.46 0.41 0.38 0.36 0.35 0.36 0.39 0.43 0.49 0.56
3.93 4.32 4.70 5.08 5.44 5.79 6.10 6.38 6.63 6.83 6.98 7.08 7.12 7.09 6.98 6.81 6.56 6.23 5.85 5.41 4.96 4.51 4.05 3.59 3.16 2.79 2.46 2.19 1.97 1.80 1.67 1.59 1.54 1.54 1.57 1.64 1.74 1.90 2.17 2.55 3.05 3.65 4.27 4.73 5.00 5.11 5.09 4.96 4.81 4.65 4.47 4.28 4.09 3.88 3.67 3.44 3.20 2.96 2.70 2.44 2.17 1.93 1.73 1.56 1.41 1.28 1.14 1.01 0.89 0.77 0.65 0.55 0.46 0.39 0.34 0.30 0.28 0.27 0.28 0.31 0.35 0.41 0.49
3.86 4.24 4.63 5.01 5.38 5.72 6.03 6.32 6.56 6.75 6.90 6.98 7.01 6.96 6.84 6.65 6.39 6.06 5.67 5.24 4.79 4.33 3.87 3.41 2.96 2.54 2.18 1.87 1.62 1.43 1.28 1.18 1.14 1.13 1.17 1.25 1.39 1.66 2.05 2.56 3.17 3.87 4.60 5.15 5.50 5.68 5.71 5.62 5.43 5.22 4.99 4.75 4.50 4.24 3.97 3.68 3.39 3.08 2.76 2.44 2.15 1.91 1.71 1.54 1.39 1.26 1.12 0.99 0.86 0.74 0.62 0.51 0.42 0.34 0.28 0.24 0.21 0.20 0.21 0.24 0.28 0.35 0.43
3.84 4.17 4.55 4.94 5.31 5.65 5.96 6.24 6.47 6.66 6.80 6.87 6.88 6.82 6.68 6.48 6.21 5.88 5.48 5.05 4.60 4.14 3.67 3.21 2.76 2.32 1.92 1.58 1.30 1.07 0.91 0.80 0.74 0.73 0.78 0.89 1.13 1.51 2.01 2.62 3.34 4.14 4.95 5.58 6.01 6.24 6.31 6.24 6.06 5.80 5.52 5.21 4.90 4.57 4.23 3.87 3.51 3.13 2.74 2.39 2.11 1.87 1.68 1.52 1.37 1.23 1.09 0.96 0.83 0.71 0.59 0.49 0.39 0.30 0.23 0.18 0.15 0.14 0.15 0.18 0.23 0.29 0.37
3.87 4.16 4.49 4.86 5.23 5.57 5.88 6.15 6.38 6.56 6.68 6.74 6.73 6.65 6.50 6.29 6.01 5.67 5.28 4.84 4.39 3.93 3.47 3.01 2.56 2.12 1.70 1.32 1.00 0.75 0.56 0.43 0.36 0.35 0.42 0.62 0.97 1.45 2.05 2.75 3.55 4.43 5.32 6.02 6.50 6.77 6.87 6.82 6.64 6.36 6.02 5.64 5.25 4.85 4.43 3.99 3.54 3.09 2.68 2.34 2.06 1.83 1.64 1.48 1.34 1.20 1.06 0.93 0.80 0.68 0.57 0.46 0.36 0.27 0.20 0.14 0.11 0.10 0.11 0.13 0.18 0.25 0.33
3.95 4.19 4.48 4.80 5.15 5.49 5.80 6.06 6.28 6.45 6.56 6.60 6.56 6.47 6.31 6.08 5.80 5.46 5.06 4.62 4.17 3.71 3.25 2.80 2.34 1.91 1.49 1.09 0.74 0.46 0.24 0.09 0.01 0.02 0.16 0.46 0.90 1.46 2.14 2.93 3.80 4.75 5.71 6.46 6.97 7.28 7.39 7.34 7.16 6.86 6.46 6.02 5.54 5.05 4.54 4.01 3.48 3.00 2.60 2.27 2.00 1.78 1.60 1.44 1.30 1.16 1.02 0.89 0.77 0.65 0.54 0.44 0.34 0.26 0.18 0.12 0.08 0.07 0.07 0.10 0.15 0.21 0.29
4.06 4.26 4.51 4.79 5.09 5.41 5.71 5.97 6.18 6.33 6.41 6.43 6.38 6.27 6.09 5.86 5.57 5.23 4.83 4.39 3.94 3.49 3.03 2.57 2.12 1.69 1.27 0.88 0.51 0.20 0.00 0.00 0.00 0.00 0.02 0.40 0.91 1.55 2.30 3.15 4.08 5.09 6.09 6.88 7.43 7.74 7.86 7.80 7.59 7.26 6.82 6.30 5.74 5.15 4.54 3.93 3.36 2.89 2.50 2.19 1.93 1.72 1.54 1.39 1.25 1.12 0.99 0.86 0.74 0.62 0.52 0.42 0.33 0.25 0.18 0.12 0.08 0.06 0.06 0.09 0.13 0.18 0.26
4.21 4.38 4.58 4.82 5.07 5.35 5.63 5.88 6.07 6.19 6.25 6.25 6.18 6.05 5.87 5.63 5.33 4.98 4.59 4.15 3.71 3.25 2.80 2.34 1.90 1.47 1.05 0.66 0.30 0.00 0.00 0.00 0.00 0.00 0.00 0.42 1.00 1.70 2.51 3.41 4.39 5.44 6.48 7.29 7.85 8.17 8.27 8.19 7.95 7.56 7.06 6.48 5.82 5.13 4.42 3.77 3.23 2.77 2.40 2.09 1.85 1.64 1.48 1.33 1.20 1.07 0.94 0.82 0.71 0.60 0.50 0.40 0.32 0.24 0.18 0.13 0.09 0.07 0.07 0.08 0.12 0.17 0.24
4.39 4.52 4.69 4.88 5.10 5.33 5.56 5.77 5.94 6.04 6.07 6.05 5.97 5.83 5.63 5.38 5.08 4.73 4.33 3.91 3.46 3.01 2.56 2.11 1.67 1.24 0.83 0.44 0.08 0.00 0.00 0.00 0.00 0.00 0.03 0.53 1.16 1.91 2.76 3.69 4.71 5.79 6.85 7.68 8.24 8.54 8.62 8.51 8.21 7.77 7.19 6.52 5.76 4.97 4.23 3.60 3.07 2.64 2.28 1.99 1.75 1.56 1.41 1.27 1.15 1.02 0.90 0.78 0.67 0.57 0.48 0.39 0.31 0.25 0.19 0.15 0.12 0.09 0.08 0.09 0.12 0.17 0.23
4.58 4.68 4.82 4.98 5.16 5.34 5.52 5.67 5.79 5.87 5.88 5.84 5.74 5.59 5.38 5.12 4.82 4.47 4.08 3.65 3.21 2.77 2.32 1.88 1.44 1.01 0.61 0.23 0.00 0.00 0.00 0.00 0.00 0.00 0.17 0.72 1.39 2.17 3.05 4.01 5.04 6.14 7.21 8.04 8.58 8.86 8.90 8.73 8.38 7.86 7.20 6.42 5.57 4.75 4.03 3.41 2.91 2.49 2.15 1.87 1.65 1.47 1.33 1.20 1.09 0.97 0.85 0.74 0.64 0.55 0.46 0.38 0.32 0.26 0.21 0.18 0.15 0.13 0.12 0.12 0.14 0.18 0.24
4.79 4.87 4.98 5.10 5.24 5.38 5.49 5.58 5.64 5.68 5.68 5.61 5.50 5.34 5.12 4.86 4.55 4.20 3.81 3.39 2.96 2.52 2.08 1.64 1.21 0.79 0.39 0.01 0.00 0.00 0.00 0.00 0.00 0.00 0.40 0.98 1.67 2.47 3.36 4.34 5.38 6.48 7.55 8.36 8.87 9.11 9.11 8.87 8.44 7.83 7.07 6.20 5.33 4.53 3.82 3.22 2.72 2.32 2.00 1.74 1.54 1.37 1.24 1.13 1.02 0.91 0.81 0.70 0.61 0.52 0.45 0.38 0.32 0.28 0.24 0.21 0.19 0.18 0.17 0.16 0.18 0.21 0.27
5.01 5.07 5.15 5.25 5.34 5.41 5.47 5.50 5.51 5.50 5.46 5.38 5.25 5.08 4.85 4.59 4.28 3.93 3.54 3.13 2.70 2.27 1.83 1.40 0.97 0.56 0.17 0.00 0.00 0.00 0.00 0.00 0.00 0.24 0.71 1.30 2.01 2.81 3.71 4.68 5.71 6.80 7.85 8.64 9.11 9.30 9.23 8.92 8.39 7.68 6.83 5.94 5.10 4.32 3.63 3.03 2.53 2.15 1.84 1.60 1.42 1.27 1.15 1.05 0.95 0.85 0.76 0.66 0.58 0.50 0.44 0.38 0.34 0.30 0.27 0.25 0.24 0.22 0.22 0.22 0.24 0.27 0.32
5.23 5.27 5.33 5.39 5.43 5.45 5.45 5.42 5.38 5.32 5.24 5.14 5.00 4.81 4.58 4.31 4.00 3.65 3.27 2.86 2.44 2.02 1.59 1.16 0.74 0.34 0.00 0.00 0.00 0.00 0.00 0.00 0.19 0.59 1.09 1.68 2.39 3.18 4.07 5.02 6.04 7.10 8.12 8.86 9.28 9.41 9.26 8.85 8.23 7.42 6.55 5.71 4.90 4.15 3.47 2.87 2.37 1.97 1.67 1.45 1.28 1.15 1.05 0.96 0.88 0.79 0.70 0.62 0.55 0.49 0.43 0.39 0.35 0.33 0.31 0.29 0.28 0.28 0.28 0.29 0.31 0.34 0.39
5.44 5.47 5.50 5.50 5.49 5.46 5.42 5.35 5.26 5.16 5.04 4.90 4.73 4.54 4.30 4.03 3.72 3.37 3.00 2.60 2.18 1.76 1.34 0.93 0.52 0.15 0.00 0.00 0.00 0.00 0.00 0.18 0.54 0.98 1.51 2.11 2.80 3.58 4.44 5.36 6.34 7.37 8.35 9.03 9.39 9.43 9.19 8.68 7.96 7.15 6.33 5.53 4.76 4.04 3.37 2.77 2.25 1.83 1.51 1.29 1.14 1.03 0.94 0.87 0.80 0.73 0.65 0.58 0.52 0.47 0.43 0.40 0.38 0.36 0.34 0.33 0.33 0.33 0.34 0.36 0.39 0.43 0.48
5.65 5.65 5.63 5.59 5.54 5.46 5.37 5.26 5.14 5.00 4.84 4.66 4.47 4.26 4.02 3.74 3.43 3.09 2.72 2.33 1.93 1.52 1.10 0.70 0.32 0.05 0.00 0.00 0.00 0.00 0.22 0.53 0.93 1.40 1.95 2.56 3.24 3.99 4.81 5.69 6.63 7.60 8.52 9.14 9.41 9.36 9.01 8.41 7.69 6.94 6.18 5.43 4.70 3.99 3.33 2.73 2.20 1.75 1.39 1.14 0.99 0.90 0.83 0.77 0.72 0.66 0.60 0.54 0.49 0.46 0.43 0.41 0.40 0.38 0.38 0.38 0.38 0.39 0.41 0.44 0.48 0.53 0.59
5.82 5.78 5.71 5.64 5.54 5.43 5.31 5.17 5.01 4.83 4.64 4.44 4.22 3.99 3.73 3.46 3.15 2.81 2.45 2.07 1.67 1.27 0.87 0.50 0.22 0.04 0.00 0.00 0.09 0.29 0.57 0.93 1.35 1.85 2.41 3.02 3.69 4.41 5.18 6.01 6.88 7.79 8.64 9.18 9.35 9.20 8.75 8.16 7.51 6.83 6.13 5.42 4.72 4.04 3.38 2.78 2.23 1.75 1.35 1.05 0.86 0.76 0.71 0.67 0.64 0.59 0.54 0.50 0.47 0.45 0.43 0.42 0.41 0.41 0.41 0.42 0.43 0.46 0.49 0.53 0.58 0.64 0.71
5.93 5.85 5.75 5.64 5.51 5.37 5.21 5.04 4.86 4.66 4.45 4.22 3.98 3.72 3.45 3.17 2.86 2.53 2.18 1.81 1.42 1.03 0.67 0.39 0.21 0.12 0.13 0.22 0.39 0.64 0.96 1.35 1.80 2.31 2.87 3.48 4.13 4.81 5.53 6.29 7.10 7.93 8.69 9.13 9.21 8.95 8.52 8.01 7.44 6.83 6.18 5.52 4.84 4.18 3.53 2.92 2.35 1.84 1.41 1.05 0.79 0.64 0.59 0.57 0.55 0.52 0.48 0.46 0.44 0.44 0.43 0.43 0.43 0.44 0.45 0.47 0.49 0.52 0.57 0.62 0.68 0.76 0.85
5.97 5.85 5.73 5.59 5.43 5.27 5.09 4.89 4.69 4.47 4.23 3.99 3.73 3.46 3.18 2.89 2.58 2.26 1.91 1.55 1.18 0.83 0.56 0.38 0.29 0.29 0.37 0.52 0.75 1.04 1.39 1.80 2.26 2.77 3.32 3.91 4.54 5.19 5.86 6.55 7.27 8.01 8.67 9.01 8.98 8.75 8.41 7.99 7.50 6.95 6.36 5.73 5.09 4.44 3.80 3.18 2.60 2.05 1.57 1.16 0.83 0.60 0.48 0.46 0.46 0.44 0.43 0.42 0.42 0.42 0.43 0.43 0.44 0.46 0.48 0.51 0.55 0.60 0.65 0.72 0.80 0.89 0.99
5.93 5.79 5.64 5.48 5.30 5.12 4.92 4.71 4.48 4.25 4.01 3.75 3.48 3.21 2.92 2.62 2.31 1.99 1.65 1.31 0.97 0.71 0.54 0.46 0.45 0.52 0.66 0.87 1.14 1.46 1.84 2.26 2.73 3.23 3.77 4.33 4.91 5.52 6.13 6.76 7.39 8.02 8.58 8.82 8.82 8.69 8.45 8.11 7.70 7.21 6.67 6.09 5.48 4.84 4.21 3.58 2.97 2.40 1.87 1.40 1.00 0.69 0.48 0.37 0.36 0.37 0.37 0.38 0.39 0.40 0.41 0.43 0.46 0.49 0.52 0.56 0.61 0.67 0.75 0.83 0.92 1.03 1.15
