data_processed/recharge/precip/Precip_2003_02.asc
ncols        168
nrows        136
xllcorner    455000
yllcorner    2107000
cellsize     500
NODATA_value     -99999
[rows 72 to 107 of 136, columns 0 to 81 of 168]
24.92 25.78 26.62 27.42 28.18 28.90 29.56 30.15 30.68 31.14 31.51 31.80 32.00 32.09 32.07 31.95 31.70 31.34 30.92 30.46 29.96 29.43 28.86 28.27 27.64 26.98 26.30 25.59 24.86 24.11 23.34 22.54 21.74 20.91 20.08 19.23 18.38 17.51 16.64 15.76 14.89 14.02 13.16 12.32 11.50 10.70 9.92 9.16 8.42 7.71 7.03 6.39 5.79 5.22 4.70 4.21 3.77 3.36 3.00 2.68 2.39 2.15 1.95 1.79 1.67 1.59 1.56 1.57 1.62 1.71 1.85 2.03 2.25 2.50 2.73 2.94 3.12 3.29 3.44 3.56 3.67 3.76
25.15 25.95 26.73 27.48 28.19 28.86 29.48 30.04 30.53 30.96 31.31 31.57 31.75 31.82 31.80 31.66 31.41 31.05 30.63 30.18 29.68 29.15 28.59 27.99 27.37 26.71 26.03 25.32 24.59 23.84 23.07 22.28 21.48 20.65 19.82 18.98 18.12 17.26 16.39 15.51 14.65 13.79 12.95 12.13 11.32 10.54 9.77 9.03 8.30 7.60 6.92 6.28 5.67 5.11 4.58 4.09 3.64 3.24 2.87 2.54 2.26 2.01 1.81 1.65 1.53 1.45 1.41 1.42 1.47 1.56 1.69 1.87 2.09 2.34 2.56 2.77 2.96 3.12 3.27 3.39 3.50 3.58
25.35 26.10 26.82 27.51 28.18 28.80 29.37 29.90 30.36 30.75 31.08 31.32 31.48 31.54 31.51 31.37 31.11 30.75 30.34 29.88 29.39 28.86 28.30 27.70 27.08 26.43 25.75 25.04 24.31 23.57 22.80 22.01 21.20 20.39 19.55 18.71 17.86 16.99 16.13 15.27 14.41 13.58 12.75 11.95 11.16 10.38 9.63 8.90 8.18 7.49 6.83 6.19 5.58 5.01 4.48 3.99 3.54 3.12 2.75 2.42 2.14 1.89 1.68 1.52 1.39 1.31 1.27 1.27 1.32 1.41 1.54 1.72 1.94 2.18 2.40 2.61 2.79 2.95 3.09 3.22 3.32 3.40
25.54 26.22 26.89 27.53 28.14 28.72 29.25 29.74 30.17 30.53 30.83 31.05 31.19 31.24 31.20 31.05 30.80 30.44 30.02 29.57 29.08 28.55 27.99 27.40 26.78 26.13 25.45 24.75 24.03 23.28 22.51 21.73 20.92 20.11 19.28 18.44 17.58 16.73 15.87 15.02 14.19 13.37 12.56 11.77 11.00 10.24 9.50 8.78 8.08 7.40 6.74 6.11 5.50 4.93 4.39 3.90 3.44 3.03 2.65 2.32 2.03 1.77 1.56 1.39 1.27 1.18 1.14 1.14 1.18 1.27 1.40 1.57 1.78 2.02 2.24 2.44 2.62 2.78 2.92 3.04 3.14 3.22
25.70 26.32 26.93 27.52 28.09 28.62 29.11 29.56 29.96 30.29 30.57 30.77 30.89 30.93 30.87 30.72 30.46 30.11 29.70 29.24 28.76 28.23 27.68 27.09 26.47 25.82 25.15 24.45 23.72 22.98 22.22 21.43 20.63 19.82 18.99 18.15 17.31 16.46 15.62 14.79 13.98 13.17 12.38 11.60 10.84 10.10 9.37 8.66 7.97 7.31 6.66 6.04 5.44 4.87 4.33 3.83 3.37 2.95 2.57 2.23 1.93 1.67 1.46 1.29 1.15 1.06 1.02 1.01 1.05 1.13 1.25 1.42 1.63 1.87 2.08 2.28 2.45 2.61 2.74 2.86 2.96 3.03
25.84 26.40 26.96 27.49 28.01 28.50 28.95 29.36 29.73 30.04 30.28 30.46 30.57 30.59 30.53 30.37 30.12 29.76 29.35 28.91 28.42 27.90 27.35 26.76 26.15 25.50 24.83 24.13 23.41 22.67 21.91 21.13 20.34 19.52 18.70 17.87 17.03 16.20 15.38 14.57 13.77 12.98 12.21 11.44 10.70 9.97 9.25 8.56 7.88 7.22 6.59 5.97 5.38 4.82 4.28 3.77 3.31 2.88 2.50 2.15 1.85 1.59 1.37 1.19 1.05 0.95 0.90 0.89 0.92 1.00 1.12 1.28 1.49 1.71 1.93 2.12 2.29 2.44 2.57 2.68 2.77 2.85
25.96 26.46 26.96 27.45 27.92 28.36 28.77 29.15 29.48 29.76 29.98 30.14 30.23 30.25 30.17 30.01 29.75 29.40 29.00 28.55 28.07 27.56 27.01 26.42 25.81 25.17 24.50 23.81 23.09 22.36 21.60 20.82 20.03 19.22 18.40 17.58 16.76 15.95 15.15 14.35 13.57 12.80 12.04 11.29 10.56 9.84 9.14 8.46 7.79 7.15 6.52 5.92 5.34 4.78 4.24 3.74 3.27 2.83 2.44 2.09 1.78 1.51 1.29 1.10 0.96 0.86 0.80 0.78 0.81 0.88 0.99 1.15 1.35 1.57 1.77 1.96 2.12 2.27 2.39 2.50 2.58 2.65
26.05 26.50 26.94 27.38 27.80 28.20 28.58 28.92 29.22 29.47 29.67 29.81 29.88 29.88 29.80 29.64 29.38 29.03 28.63 28.19 27.71 27.20 26.65 26.07 25.47 24.83 24.17 23.48 22.76 22.03 21.28 20.50 19.72 18.91 18.11 17.30 16.50 15.71 14.93 14.15 13.38 12.63 11.88 11.15 10.43 9.72 9.04 8.36 7.71 7.08 6.46 5.87 5.29 4.74 4.22 3.71 3.24 2.80 2.40 2.05 1.73 1.45 1.22 1.03 0.88 0.77 0.70 0.68 0.70 0.76 0.87 1.02 1.21 1.42 1.62 1.80 1.96 2.10 2.22 2.32 2.40 2.46
26.09 26.52 26.91 27.29 27.67 28.03 28.36 28.67 28.94 29.16 29.34 29.46 29.52 29.50 29.42 29.25 28.99 28.65 28.25 27.81 27.34 26.83 26.29 25.71 25.11 24.48 23.82 23.13 22.43 21.70 20.95 20.18 19.40 18.61 17.82 17.03 16.25 15.48 14.71 13.95 13.20 12.46 11.73 11.01 10.31 9.62 8.94 8.28 7.64 7.01 6.41 5.82 5.25 4.71 4.19 3.70 3.23 2.79 2.38 2.02 1.69 1.41 1.16 0.96 0.81 0.69 0.62 0.58 0.60 0.65 0.75 0.89 1.08 1.29 1.48 1.65 1.80 1.93 2.04 2.13 2.21 2.26
26.06 26.48 26.85 27.19 27.52 27.83 28.13 28.40 28.64 28.84 28.99 29.09 29.14 29.11 29.02 28.85 28.59 28.25 27.85 27.42 26.96 26.45 25.91 25.34 24.75 24.12 23.46 22.78 22.08 21.36 20.61 19.85 19.08 18.31 17.54 16.77 16.01 15.26 14.51 13.76 13.03 12.30 11.59 10.88 10.19 9.51 8.85 8.20 7.57 6.95 6.36 5.78 5.22 4.69 4.18 3.69 3.22 2.79 2.38 2.00 1.67 1.38 1.12 0.91 0.75 0.62 0.54 0.50 0.50 0.55 0.64 0.77 0.95 1.15 1.33 1.50 1.64 1.76 1.87 1.95 2.02 2.06
25.96 26.38 26.75 27.07 27.35 27.63 27.88 28.12 28.33 28.50 28.63 28.71 28.74 28.71 28.61 28.43 28.17 27.84 27.45 27.02 26.56 26.06 25.53 24.97 24.37 23.75 23.10 22.42 21.73 21.01 20.27 19.52 18.77 18.02 17.27 16.52 15.78 15.04 14.31 13.58 12.86 12.15 11.45 10.76 10.08 9.42 8.76 8.13 7.51 6.90 6.31 5.75 5.20 4.67 4.16 3.68 3.22 2.79 2.38 2.00 1.66 1.36 1.10 0.88 0.70 0.57 0.48 0.43 0.42 0.46 0.54 0.66 0.83 1.02 1.20 1.35 1.48 1.60 1.69 1.77 1.82 1.86
25.80 26.21 26.58 26.89 27.16 27.40 27.62 27.82 28.00 28.14 28.25 28.32 28.33 28.29 28.18 28.00 27.75 27.41 27.03 26.61 26.15 25.66 25.13 24.58 23.99 23.37 22.73 22.06 21.36 20.65 19.93 19.20 18.47 17.74 17.01 16.28 15.56 14.84 14.12 13.41 12.71 12.01 11.32 10.65 9.98 9.33 8.69 8.06 7.45 6.85 6.28 5.72 5.18 4.66 4.16 3.68 3.23 2.80 2.39 2.02 1.67 1.36 1.09 0.86 0.67 0.53 0.42 0.36 0.35 0.38 0.45 0.56 0.72 0.90 1.06 1.21 1.33 1.44 1.52 1.59 1.63 1.66
25.56 25.97 26.34 26.66 26.93 27.15 27.34 27.51 27.66 27.78 27.86 27.91 27.91 27.86 27.74 27.56 27.31 26.98 26.61 26.19 25.74 25.25 24.73 24.18 23.60 22.98 22.35 21.68 21.00 20.30 19.59 18.89 18.18 17.47 16.76 16.05 15.34 14.64 13.94 13.24 12.56 11.88 11.20 10.54 9.89 9.25 8.62 8.00 7.40 6.81 6.25 5.69 5.16 4.65 4.15 3.68 3.24 2.81 2.41 2.04 1.69 1.37 1.09 0.85 0.65 0.50 0.38 0.31 0.29 0.30 0.36 0.47 0.61 0.78 0.94 1.07 1.18 1.28 1.35 1.41 1.44 1.46
25.26 25.67 26.04 26.36 26.64 26.87 27.04 27.18 27.30 27.39 27.46 27.49 27.47 27.41 27.29 27.11 26.86 26.54 26.17 25.76 25.31 24.83 24.32 23.77 23.20 22.59 21.96 21.30 20.63 19.96 19.27 18.59 17.90 17.21 16.52 15.83 15.14 14.45 13.77 13.09 12.42 11.75 11.09 10.44 9.80 9.17 8.55 7.95 7.36 6.78 6.22 5.68 5.15 4.64 4.16 3.69 3.25 2.83 2.43 2.06 1.71 1.40 1.11 0.86 0.65 0.48 0.35 0.27 0.23 0.24 0.29 0.38 0.51 0.67 0.81 0.94 1.04 1.12 1.18 1.23 1.25 1.26
24.90 25.31 25.68 26.01 26.29 26.52 26.70 26.83 26.93 27.00 27.04 27.05 27.03 26.96 26.83 26.65 26.40 26.08 25.72 25.32 24.88 24.41 23.90 23.36 22.79 22.19 21.57 20.93 20.28 19.62 18.96 18.30 17.63 16.96 16.28 15.61 14.94 14.27 13.60 12.94 12.28 11.63 10.99 10.35 9.72 9.10 8.50 7.90 7.32 6.75 6.20 5.66 5.15 4.65 4.16 3.70 3.26 2.85 2.45 2.09 1.74 1.43 1.14 0.88 0.65 0.47 0.34 0.24 0.19 0.18 0.22 0.30 0.42 0.57 0.70 0.81 0.90 0.97 1.02 1.05 1.06 1.06
24.48 24.89 25.27 25.60 25.88 26.12 26.31 26.45 26.54 26.59 26.61 26.61 26.57 26.49 26.36 26.17 25.93 25.62 25.26 24.87 24.44 23.97 23.47 22.94 22.38 21.79 21.18 20.56 19.93 19.30 18.66 18.01 17.36 16.71 16.06 15.41 14.75 14.10 13.45 12.80 12.16 11.52 10.89 10.26 9.65 9.04 8.44 7.86 7.29 6.73 6.19 5.66 5.15 4.65 4.18 3.72 3.29 2.87 2.48 2.12 1.77 1.46 1.17 0.91 0.68 0.48 0.33 0.23 0.16 0.14 0.16 0.23 0.34 0.47 0.59 0.68 0.76 0.82 0.86 0.88 0.88 0.86
24.00 24.42 24.79 25.13 25.42 25.67 25.87 26.02 26.12 26.17 26.17 26.15 26.10 26.01 25.88 25.69 25.45 25.15 24.80 24.41 23.99 23.53 23.04 22.51 21.96 21.38 20.80 20.20 19.60 18.98 18.37 17.74 17.11 16.48 15.84 15.21 14.57 13.93 13.30 12.67 12.04 11.41 10.80 10.18 9.58 8.98 8.40 7.82 7.26 6.71 6.18 5.66 5.15 4.66 4.19 3.74 3.31 2.90 2.51 2.15 1.81 1.49 1.20 0.94 0.71 0.51 0.34 0.22 0.14 0.11 0.11 0.17 0.26 0.38 0.48 0.57 0.63 0.67 0.70 0.70 0.69 0.68
23.47 23.89 24.27 24.61 24.91 25.16 25.37 25.53 25.65 25.71 25.72 25.68 25.62 25.52 25.38 25.20 24.96 24.66 24.32 23.95 23.53 23.08 22.59 22.08 21.54 20.99 20.43 19.85 19.27 18.68 18.08 17.48 16.87 16.25 15.64 15.02 14.40 13.78 13.16 12.54 11.93 11.32 10.71 10.11 9.52 8.94 8.36 7.80 7.24 6.70 6.17 5.66 5.16 4.68 4.21 3.77 3.34 2.93 2.55 2.18 1.85 1.53 1.24 0.98 0.75 0.54 0.37 0.23 0.13 0.08 0.08 0.12 0.20 0.30 0.39 0.46 0.51 0.53 0.54 0.54 0.53 0.52
22.88 23.30 23.69 24.04 24.34 24.61 24.83 25.00 25.13 25.21 25.23 25.20 25.13 25.02 24.88 24.70 24.46 24.17 23.84 23.47 23.06 22.62 22.15 21.65 21.13 20.61 20.07 19.52 18.96 18.39 17.81 17.22 16.63 16.04 15.44 14.84 14.23 13.63 13.03 12.42 11.82 11.23 10.63 10.05 9.47 8.89 8.33 7.77 7.23 6.69 6.17 5.67 5.17 4.70 4.24 3.79 3.37 2.97 2.59 2.22 1.89 1.57 1.28 1.02 0.78 0.58 0.40 0.25 0.14 0.07 0.05 0.07 0.14 0.23 0.30 0.35 0.39 0.40 0.40 0.39 0.38 0.37
22.25 22.67 23.06 23.42 23.73 24.01 24.24 24.43 24.57 24.66 24.70 24.69 24.63 24.52 24.37 24.19 23.96 23.68 23.35 22.99 22.59 22.16 21.70 21.23 20.74 20.23 19.72 19.19 18.65 18.10 17.54 16.98 16.41 15.83 15.25 14.67 14.08 13.49 12.90 12.31 11.73 11.14 10.56 9.99 9.42 8.85 8.30 7.75 7.22 6.69 6.18 5.68 5.19 4.72 4.27 3.83 3.41 3.01 2.63 2.27 1.93 1.62 1.33 1.06 0.82 0.61 0.43 0.28 0.16 0.08 0.04 0.04 0.09 0.16 0.22 0.26 0.27 0.27 0.27 0.26 0.26 0.25
21.56 22.00 22.39 22.75 23.08 23.36 23.61 23.81 23.97 24.07 24.13 24.14 24.10 24.00 23.85 23.67 23.44 23.17 22.86 22.51 22.12 21.70 21.27 20.82 20.35 19.87 19.38 18.87 18.35 17.83 17.29 16.74 16.19 15.63 15.07 14.50 13.93 13.36 12.78 12.21 11.64 11.07 10.50 9.93 9.38 8.82 8.28 7.74 7.21 6.70 6.19 5.70 5.22 4.75 4.30 3.86 3.45 3.05 2.67 2.31 1.98 1.66 1.37 1.11 0.87 0.65 0.47 0.31 0.18 0.09 0.03 0.02 0.05 0.11 0.15 0.17 0.17 0.17 0.16 0.16 0.16 0.15
20.84 21.27 21.68 22.05 22.38 22.68 22.94 23.15 23.32 23.45 23.53 23.55 23.53 23.45 23.32 23.14 22.92 22.66 22.36 22.01 21.64 21.25 20.84 20.42 19.98 19.52 19.05 18.56 18.07 17.56 17.04 16.52 15.98 15.44 14.90 14.35 13.79 13.23 12.67 12.11 11.55 11.00 10.44 9.89 9.34 8.80 8.26 7.73 7.21 6.70 6.21 5.72 5.24 4.78 4.34 3.90 3.49 3.10 2.72 2.36 2.02 1.71 1.42 1.15 0.91 0.69 0.50 0.34 0.21 0.11 0.04 0.01 0.03 0.06 0.08 0.09 0.09 0.09 0.08 0.08 0.08 0.08
20.06 20.51 20.92 21.30 21.64 21.95 22.22 22.45 22.64 22.78 22.88 22.93 22.93 22.88 22.77 22.61 22.40 22.14 21.85 21.53 21.18 20.82 20.43 20.03 19.61 19.18 18.73 18.27 17.79 17.30 16.81 16.30 15.78 15.26 14.73 14.20 13.66 13.12 12.57 12.03 11.48 10.93 10.39 9.85 9.31 8.78 8.25 7.73 7.22 6.72 6.23 5.74 5.27 4.82 4.38 3.95 3.54 3.14 2.77 2.41 2.08 1.76 1.47 1.20 0.96 0.74 0.54 0.38 0.24 0.13 0.06 0.01 0.01 0.03 0.03 0.03 0.03 0.03 0.03 0.03 0.03 0.03
19.25 19.70 20.12 20.51 20.87 21.19 21.47 21.72 21.93 22.09 22.21 22.28 22.30 22.27 22.19 22.05 21.86 21.62 21.35 21.05 20.73 20.39 20.03 19.65 19.26 18.84 18.42 17.98 17.52 17.06 16.58 16.09 15.59 15.09 14.58 14.06 13.53 13.01 12.48 11.94 11.41 10.88 10.34 9.81 9.29 8.77 8.25 7.74 7.23 6.74 6.25 5.78 5.31 4.86 4.42 4.00 3.59 3.20 2.82 2.47 2.13 1.81 1.52 1.25 1.00 0.78 0.58 0.41 0.27 0.16 0.07 0.02 0.00 0.00 0.00 0.00 0.00 0.00 0.00 0.00 0.00 0.00
18.41 18.87 19.30 19.70 20.07 20.40 20.70 20.96 21.18 21.37 21.50 21.60 21.64 21.64 21.58 21.48 21.31 21.10 20.85 20.58 20.28 19.97 19.63 19.28 18.91 18.52 18.12 17.70 17.26 16.82 16.36 15.89 15.41 14.92 14.42 13.92 13.41 12.90 12.39 11.87 11.35 10.82 10.30 9.78 9.27 8.75 8.25 7.74 7.25 6.76 6.28 5.81 5.35 4.90 4.47 4.05 3.64 3.25 2.88 2.52 2.18 1.87 1.57 1.30 1.05 0.82 0.62 0.45 0.30 0.18 0.09 0.03 0.00 0.00 0.00 0.00 0.00 0.00 0.00 0.00 0.00 0.00
17.58 18.04 18.48 18.89 19.27 19.61 19.93 20.20 20.44 20.64 20.80 20.92 20.98 21.00 20.97 20.89 20.76 20.57 20.35 20.11 19.84 19.55 19.24 18.91 18.56 18.20 17.81 17.41 17.00 16.57 16.13 15.68 15.22 14.75 14.27 13.79 13.29 12.79 12.29 11.79 11.28 10.77 10.26 9.75 9.24 8.74 8.24 7.75 7.26 6.78 6.30 5.84 5.38 4.94 4.51 4.09 3.69 3.30 2.92 2.57 2.23 1.91 1.62 1.34 1.09 0.86 0.65 0.47 0.32 0.20 0.10 0.03 0.00 0.00 0.00 0.00 0.00 0.00 0.00 0.00 0.00 0.00
16.76 17.23 17.67 18.09 18.48 18.84 19.16 19.45 19.71 19.93 20.10 20.24 20.33 20.37 20.37 20.31 20.20 20.05 19.86 19.64 19.40 19.13 18.85 18.54 18.21 17.87 17.51 17.13 16.74 16.33 15.91 15.48 15.03 14.58 14.12 13.65 13.17 12.68 12.20 11.70 11.21 10.71 10.21 9.71 9.22 8.72 8.23 7.74 7.26 6.79 6.32 5.86 5.41 4.97 4.54 4.13 3.73 3.34 2.97 2.61 2.27 1.95 1.66 1.38 1.12 0.89 0.68 0.49 0.33 0.20 0.10 0.03 0.00 0.00 0.00 0.00 0.00 0.00 0.00 0.00 0.00 0.00
15.95 16.42 16.87 17.30 17.70 18.07 18.40 18.71 18.98 19.21 19.41 19.56 19.67 19.74 19.76 19.73 19.65 19.52 19.36 19.17 18.95 18.71 18.45 18.17 17.86 17.54 17.20 16.84 16.47 16.08 15.68 15.27 14.84 14.40 13.96 13.50 13.04 12.57 12.10 11.62 11.13 10.65 10.16 9.67 9.18 8.70 8.22 7.74 7.26 6.79 6.33 5.88 5.43 5.00 4.57 4.16 3.76 3.37 3.00 2.65 2.31 1.99 1.69 1.41 1.15 0.91 0.69 0.50 0.34 0.20 0.10 0.03 0.00 0.00 0.00 0.00 0.00 0.00 0.00 0.00 0.00 0.00
15.16 15.63 16.09 16.52 16.93 17.31 17.66 17.97 18.26 18.51 18.72 18.89 19.02 19.11 19.15 19.14 19.09 18.99 18.85 18.69 18.50 18.29 18.05 17.79 17.51 17.21 16.89 16.55 16.20 15.83 15.45 15.05 14.65 14.23 13.79 13.36 12.91 12.45 11.99 11.52 11.05 10.58 10.10 9.62 9.15 8.67 8.19 7.72 7.26 6.79 6.34 5.89 5.45 5.01 4.59 4.18 3.78 3.40 3.03 2.67 2.33 2.01 1.71 1.42 1.16 0.92 0.70 0.50 0.33 0.20 0.10 0.03 0.00 0.00 0.00 0.00 0.00 0.00 0.00 0.00 0.00 0.00
14.38 14.86 15.32 15.76 16.17 16.56 16.92 17.24 17.54 17.81 18.03 18.22 18.37 18.48 18.54 18.56 18.53 18.45 18.35 18.21 18.05 17.86 17.65 17.41 17.15 16.88 16.58 16.26 15.93 15.58 15.22 14.84 14.45 14.04 13.63 13.20 12.77 12.33 11.88 11.42 10.97 10.50 10.04 9.57 9.10 8.63 8.17 7.70 7.24 6.79 6.33 5.89 5.45 5.02 4.61 4.20 3.80 3.42 3.05 2.69 2.35 2.03 1.72 1.43 1.17 0.92 0.70 0.50 0.33 0.19 0.09 0.03 0.00 0.00 0.00 0.00 0.00 0.00 0.00 0.00 0.00 0.00
13.61 14.10 14.56 15.00 15.42 15.82 16.19 16.52 16.83 17.11 17.35 17.56 17.73 17.85 17.94 17.98 17.97 17.92 17.84 17.73 17.59 17.43 17.24 17.03 16.80 16.54 16.26 15.97 15.65 15.32 14.98 14.62 14.24 13.85 13.45 13.05 12.63 12.20 11.76 11.32 10.87 10.42 9.97 9.51 9.05 8.59 8.13 7.68 7.22 6.77 6.33 5.89 5.45 5.03 4.61 4.20 3.81 3.43 3.06 2.70 2.36 2.03 1.72 1.43 1.16 0.91 0.69 0.49 0.32 0.19 0.09 0.03 0.00 0.00 0.00 0.00 0.00 0.00 0.00 0.00 0.00 0.00
12.87 13.35 13.82 14.26 14.69 15.09 15.46 15.81 16.13 16.42 16.68 16.90 17.08 17.23 17.33 17.40 17.41 17.38 17.33 17.24 17.13 16.99 16.83 16.64 16.43 16.20 15.94 15.67 15.37 15.06 14.73 14.39 14.03 13.66 13.28 12.88 12.48 12.06 11.64 11.21 10.78 10.34 9.89 9.44 8.99 8.54 8.09 7.64 7.19 6.75 6.31 5.87 5.44 5.02 4.61 4.20 3.81 3.43 3.06 2.70 2.36 2.03 1.72 1.42 1.15 0.90 0.67 0.48 0.31 0.19 0.09 0.03 0.00 0.00 0.00 0.00 0.00 0.00 0.00 0.00 0.00 0.00
12.14 12.62 13.08 13.53 13.96 14.37 14.75 15.11 15.44 15.74 16.01 16.25 16.45 16.61 16.73 16.82 16.85 16.85 16.82 16.75 16.67 16.55 16.42 16.25 16.06 15.85 15.62 15.36 15.09 14.79 14.48 14.16 13.82 13.46 13.09 12.71 12.32 11.92 11.51 11.10 10.67 10.24 9.81 9.37 8.93 8.49 8.04 7.60 7.16 6.72 6.28 5.85 5.43 5.01 4.60 4.19 3.80 3.42 3.05 2.69 2.35 2.02 1.70 1.41 1.13 0.88 0.66 0.47 0.31 0.18 0.09 0.03 0.00 0.00 0.00 0.00 0.00 0.00 0.00 0.00 0.00 0.00
11.42 11.90 12.37 12.82 13.25 13.66 14.05 14.42 14.76 15.07 15.35 15.60 15.82 16.00 16.14 16.24 16.30 16.32 16.30 16.26 16.20 16.11 15.99 15.85 15.69 15.50 15.29 15.05 14.80 14.52 14.23 13.92 13.60 13.26 12.90 12.54 12.16 11.78 11.38 10.97 10.56 10.14 9.72 9.29 8.86 8.42 7.98 7.55 7.11 6.68 6.25 5.82 5.40 4.98 4.58 4.17 3.78 3.40 3.03 2.67 2.32 1.99 1.68 1.38 1.10 0.86 0.64 0.46 0.30 0.18 0.09 0.03 0.00 0.00 0.00 0.00 0.00 0.00 0.00 0.00 0.00 0.00
10.72 11.20 11.67 12.12 12.56 12.97 13.37 13.74 14.09 14.41 14.70 14.96 15.19 15.39 15.54 15.66 15.74 15.78 15.79 15.77 15.73 15.66 15.57 15.45 15.31 15.14 14.95 14.73 14.50 14.24 13.97 13.68 13.37 13.05 12.71 12.36 11.99 11.62 11.24 10.84 10.44 10.03 9.62 9.20 8.77 8.35 7.92 7.49 7.06 6.63 6.21 5.78 5.37 4.95 4.54 4.14 3.75 3.37 3.00 2.64 2.29 1.96 1.64 1.35 1.08 0.84 0.63 0.45 0.29 0.17 0.08 0.03 0.00 0.00 0.00 0.00 0.00 0.00 0.00 0.00 0.00 0.00
10.04 10.52 10.98 11.44 11.87 12.29 12.69 13.07 13.42 13.75 14.06 14.33 14.57 14.78 14.95 15.09 15.19 15.25 15.28 15.28 15.26 15.21 15.14 15.04 14.92 14.77 14.60 14.41 14.20 13.96 13.70 13.43 13.14 12.83 12.51 12.17 11.82 11.46 11.09 10.71 10.31 9.92 9.51 9.10 8.69 8.27 7.85 7.42 7.00 6.58 6.15 5.74 5.32 4.91 4.50 4.11 3.71 3.33 2.96 2.60 2.25 1.91 1.60 1.31 1.05 0.82 0.61 0.44 0.29 0.17 0.08 0.03 0.00 0.00 0.00 0.00 0.00 0.00 0.00 0.00 0.00 0.00
