data_processed/recharge/precip/Precip_2002_07.asc
ncols        168
nrows        136
xllcorner    455000
yllcorner    2107000
cellsize     500
NODATA_value     -99999
[rows 64 to 95 of 136, columns 73 to 145 of 168]
144.35 142.43 140.37 137.84 134.86 131.50 127.78 123.75 119.46 114.94 110.39 105.99 101.82 97.91 94.27 90.93 87.92 85.25 82.97 81.12 79.75 78.85 78.41 78.41 78.86 79.73 81.01 82.62 84.34 86.08 87.84 89.61 91.38 93.13 94.86 96.53 98.07 99.43 100.63 101.67 102.59 103.38 104.08 104.68 105.23 105.77 106.34 106.94 107.55 108.16 108.78 109.38 109.96 110.34 110.31 109.91 109.18 108.15 106.86 105.36 103.69 101.95 100.29 98.80 97.48 96.35 95.42 94.72 94.26 94.05 94.06 94.21 94.46
144.18 142.42 140.53 138.18 135.40 132.23 128.71 124.89 120.81 116.50 112.03 107.55 103.27 99.25 95.51 92.08 88.98 86.24 83.92 82.08 80.71 79.80 79.33 79.31 79.70 80.52 81.73 83.27 84.91 86.59 88.29 90.00 91.71 93.41 95.09 96.73 98.32 99.77 101.04 102.16 103.12 103.95 104.66 105.29 105.89 106.49 107.10 107.70 108.29 108.85 109.39 109.88 110.33 110.56 110.41 109.90 109.07 107.97 106.63 105.09 103.40 101.60 99.78 98.11 96.63 95.38 94.36 93.60 93.11 92.85 92.77 92.81 92.97
144.03 142.40 140.67 138.47 135.85 132.85 129.51 125.87 121.97 117.86 113.58 109.18 104.81 100.67 96.82 93.29 90.10 87.32 85.01 83.18 81.80 80.87 80.38 80.31 80.66 81.41 82.55 84.01 85.57 87.17 88.80 90.44 92.09 93.73 95.36 96.96 98.51 100.00 101.35 102.53 103.55 104.42 105.17 105.87 106.56 107.23 107.87 108.48 109.04 109.55 110.00 110.39 110.70 110.78 110.50 109.88 108.96 107.79 106.39 104.82 103.11 101.30 99.45 97.63 96.00 94.62 93.51 92.69 92.12 91.76 91.56 91.49 91.55
143.91 142.39 140.78 138.71 136.23 133.38 130.19 126.70 122.97 119.02 114.92 110.68 106.38 102.15 98.19 94.55 91.31 88.55 86.25 84.41 83.02 82.07 81.54 81.42 81.71 82.39 83.46 84.83 86.30 87.81 89.36 90.94 92.52 94.10 95.67 97.21 98.71 100.17 101.55 102.80 103.87 104.80 105.65 106.47 107.25 107.98 108.65 109.26 109.79 110.25 110.62 110.89 111.06 111.00 110.59 109.86 108.85 107.59 106.14 104.53 102.80 100.99 99.15 97.31 95.57 94.07 92.86 91.94 91.25 90.75 90.42 90.25 90.21
143.82 142.38 140.87 138.92 136.55 133.81 130.75 127.40 123.80 120.00 116.04 111.96 107.81 103.63 99.58 95.89 92.67 89.92 87.62 85.78 84.37 83.38 82.81 82.64 82.87 83.47 84.44 85.72 87.10 88.52 89.99 91.48 92.99 94.50 96.00 97.48 98.92 100.33 101.68 102.94 104.09 105.15 106.14 107.08 107.94 108.73 109.43 110.04 110.54 110.94 111.23 111.39 111.42 111.21 110.67 109.82 108.71 107.38 105.87 104.22 102.47 100.66 98.83 97.02 95.28 93.69 92.36 91.30 90.46 89.82 89.38 89.09 88.96
143.79 142.40 140.97 139.10 136.82 134.17 131.21 127.96 124.47 120.79 116.96 113.01 108.99 104.95 101.01 97.37 94.17 91.43 89.13 87.27 85.83 84.81 84.19 83.96 84.11 84.63 85.51 86.68 87.96 89.29 90.66 92.07 93.49 94.92 96.35 97.76 99.14 100.49 101.78 103.03 104.28 105.50 106.64 107.69 108.64 109.48 110.21 110.81 111.29 111.64 111.83 111.88 111.77 111.41 110.73 109.77 108.56 107.15 105.58 103.89 102.11 100.29 98.48 96.70 95.01 93.42 91.97 90.74 89.75 88.98 88.41 88.02 87.78
143.81 142.45 141.07 139.25 137.04 134.46 131.57 128.40 125.00 121.42 117.68 113.83 109.94 106.10 102.44 98.98 95.81 93.07 90.76 88.88 87.41 86.34 85.66 85.37 85.44 85.87 86.65 87.71 88.88 90.11 91.38 92.69 94.03 95.37 96.72 98.06 99.37 100.65 101.90 103.18 104.52 105.86 107.14 108.30 109.33 110.23 110.98 111.59 112.03 112.32 112.43 112.36 112.10 111.59 110.78 109.70 108.39 106.90 105.27 103.53 101.72 99.90 98.10 96.35 94.69 93.12 91.63 90.28 89.14 88.23 87.53 87.03 86.69
143.89 142.54 141.19 139.40 137.22 134.69 131.85 128.74 125.40 121.88 118.21 114.46 110.74 107.18 103.79 100.58 97.57 94.84 92.52 90.60 89.09 87.97 87.23 86.86 86.85 87.18 87.85 88.80 89.85 90.97 92.14 93.35 94.59 95.84 97.10 98.36 99.59 100.82 102.10 103.46 104.86 106.26 107.64 108.90 110.02 110.97 111.75 112.35 112.76 112.98 113.00 112.82 112.41 111.75 110.80 109.60 108.19 106.62 104.92 103.14 101.31 99.47 97.68 95.95 94.30 92.74 91.26 89.87 88.61 87.57 86.75 86.12 85.69
144.05 142.68 141.32 139.55 137.38 134.86 132.05 128.97 125.66 122.19 118.58 114.98 111.52 108.22 105.08 102.11 99.32 96.72 94.39 92.44 90.88 89.70 88.89 88.44 88.34 88.56 89.12 89.94 90.88 91.88 92.94 94.04 95.17 96.33 97.49 98.66 99.83 101.08 102.43 103.85 105.30 106.75 108.17 109.50 110.69 111.69 112.49 113.09 113.47 113.63 113.56 113.25 112.70 111.88 110.79 109.47 107.96 106.31 104.54 102.71 100.85 99.00 97.21 95.49 93.85 92.30 90.82 89.44 88.15 87.00 86.05 85.31 84.77
144.29 142.88 141.50 139.70 137.52 135.00 132.18 129.10 125.81 122.36 118.89 115.54 112.33 109.26 106.35 103.59 101.01 98.59 96.36 94.38 92.77 91.53 90.64 90.10 89.89 90.01 90.44 91.13 91.94 92.82 93.76 94.75 95.77 96.82 97.89 98.98 100.17 101.48 102.89 104.36 105.85 107.33 108.77 110.12 111.35 112.40 113.22 113.81 114.16 114.25 114.09 113.66 112.96 111.98 110.75 109.31 107.70 105.95 104.12 102.24 100.35 98.50 96.71 94.99 93.36 91.81 90.34 88.96 87.68 86.49 85.44 84.59 83.94
144.62 143.14 141.71 139.87 137.65 135.10 132.25 129.16 125.86 122.53 119.28 116.17 113.18 110.33 107.62 105.05 102.64 100.39 98.31 96.41 94.75 93.43 92.46 91.83 91.52 91.52 91.82 92.37 93.04 93.79 94.61 95.47 96.38 97.32 98.30 99.40 100.66 102.03 103.48 104.99 106.50 108.00 109.44 110.80 112.03 113.09 113.93 114.51 114.82 114.84 114.59 114.03 113.18 112.05 110.67 109.11 107.39 105.56 103.66 101.73 99.81 97.96 96.17 94.46 92.83 91.28 89.82 88.45 87.17 85.99 84.91 83.96 83.21
145.06 143.49 141.97 140.06 137.78 135.17 132.27 129.15 125.95 122.82 119.80 116.90 114.11 111.45 108.91 106.52 104.26 102.16 100.21 98.42 96.80 95.42 94.36 93.62 93.20 93.07 93.24 93.65 94.18 94.79 95.47 96.21 96.99 97.84 98.83 99.99 101.30 102.72 104.20 105.73 107.26 108.76 110.20 111.54 112.75 113.78 114.61 115.18 115.44 115.40 115.05 114.37 113.37 112.07 110.56 108.87 107.04 105.12 103.15 101.18 99.26 97.41 95.63 93.92 92.29 90.74 89.28 87.91 86.63 85.46 84.38 83.41 82.57
145.61 143.91 142.30 140.29 137.92 135.23 132.27 129.21 126.21 123.30 120.48 117.76 115.15 112.65 110.27 108.02 105.90 103.91 102.07 100.38 98.84 97.47 96.33 95.48 94.94 94.68 94.71 94.96 95.35 95.81 96.35 96.96 97.64 98.49 99.53 100.75 102.09 103.54 105.05 106.59 108.12 109.61 111.03 112.35 113.51 114.51 115.28 115.81 116.04 115.93 115.47 114.67 113.51 112.05 110.39 108.57 106.64 104.63 102.60 100.62 98.71 96.86 95.08 93.37 91.74 90.20 88.74 87.37 86.09 84.91 83.84 82.87 82.01
146.27 144.43 142.69 140.57 138.08 135.30 132.38 129.51 126.71 123.98 121.34 118.79 116.33 113.97 111.72 109.59 107.57 105.68 103.93 102.31 100.84 99.51 98.35 97.40 96.73 96.33 96.21 96.31 96.53 96.85 97.24 97.73 98.41 99.31 100.41 101.66 103.03 104.50 106.01 107.55 109.08 110.55 111.94 113.21 114.33 115.26 115.98 116.43 116.59 116.41 115.86 114.92 113.61 111.99 110.18 108.23 106.18 104.11 102.07 100.09 98.17 96.32 94.54 92.84 91.21 89.66 88.20 86.83 85.56 84.38 83.30 82.33 81.47
147.07 145.06 143.17 140.90 138.29 135.53 132.78 130.09 127.47 124.90 122.41 120.00 117.67 115.43 113.29 111.25 109.32 107.50 105.81 104.24 102.80 101.50 100.35 99.36 98.56 98.02 97.74 97.67 97.74 97.89 98.17 98.65 99.38 100.32 101.45 102.73 104.12 105.59 107.10 108.63 110.13 111.57 112.92 114.14 115.20 116.06 116.69 117.05 117.12 116.84 116.19 115.13 113.65 111.87 109.91 107.83 105.70 103.61 101.57 99.59 97.67 95.82 94.04 92.33 90.70 89.15 87.69 86.32 85.04 83.86 82.78 81.81 80.95
148.00 145.79 143.73 141.30 138.69 136.09 133.52 130.99 128.52 126.09 123.73 121.43 119.21 117.06 115.00 113.03 111.16 109.39 107.74 106.19 104.77 103.48 102.32 101.30 100.42 99.74 99.30 99.06 98.95 98.98 99.24 99.76 100.54 101.51 102.66 103.95 105.35 106.81 108.31 109.81 111.27 112.67 113.96 115.12 116.11 116.88 117.42 117.68 117.63 117.24 116.47 115.27 113.64 111.69 109.58 107.41 105.26 103.16 101.12 99.14 97.22 95.36 93.58 91.87 90.23 88.68 87.22 85.84 84.56 83.38 82.30 81.32 80.45
149.07 146.65 144.40 141.95 139.49 137.05 134.63 132.24 129.89 127.58 125.32 123.11 120.97 118.90 116.89 114.97 113.14 111.39 109.75 108.20 106.77 105.46 104.26 103.20 102.27 101.48 100.88 100.46 100.21 100.22 100.52 101.09 101.89 102.88 104.05 105.34 106.72 108.17 109.64 111.10 112.51 113.85 115.08 116.16 117.06 117.74 118.17 118.32 118.15 117.62 116.70 115.36 113.57 111.45 109.23 107.03 104.88 102.78 100.73 98.75 96.82 94.96 93.17 91.46 89.82 88.26 86.80 85.42 84.13 82.94 81.86 80.88 80.00
150.19 147.65 145.36 143.04 140.73 138.42 136.13 133.85 131.60 129.39 127.21 125.07 122.98 120.96 118.99 117.09 115.27 113.52 111.87 110.30 108.84 107.48 106.23 105.10 104.09 103.21 102.47 101.90 101.63 101.67 102.01 102.61 103.42 104.43 105.59 106.87 108.23 109.64 111.07 112.48 113.84 115.11 116.26 117.25 118.05 118.62 118.94 118.96 118.65 117.97 116.90 115.40 113.44 111.19 108.95 106.74 104.58 102.48 100.42 98.43 96.50 94.63 92.84 91.12 89.48 87.91 86.44 85.05 83.76 82.57 81.48 80.49 79.61
151.28 148.85 146.68 144.51 142.33 140.14 137.96 135.78 133.62 131.48 129.37 127.29 125.25 123.25 121.30 119.41 117.59 115.83 114.15 112.55 111.03 109.61 108.30 107.08 105.98 105.00 104.10 103.36 103.08 103.16 103.53 104.14 104.97 105.97 107.12 108.38 109.71 111.09 112.47 113.82 115.11 116.30 117.36 118.25 118.95 119.40 119.59 119.47 119.02 118.19 116.95 115.28 113.20 110.94 108.69 106.48 104.32 102.21 100.15 98.15 96.22 94.35 92.55 90.83 89.18 87.61 86.14 84.75 83.45 82.25 81.16 80.17 79.29
152.51 150.20 148.15 146.11 144.07 142.01 139.94 137.87 135.81 133.75 131.70 129.68 127.69 125.72 123.80 121.93 120.10 118.34 116.63 115.00 113.44 111.97 110.58 109.29 108.10 106.98 105.82 104.74 104.27 104.35 104.74 105.37 106.21 107.21 108.35 109.58 110.89 112.22 113.55 114.84 116.06 117.17 118.14 118.94 119.52 119.86 119.92 119.67 119.07 118.08 116.68 114.89 112.81 110.58 108.34 106.14 103.98 101.87 99.82 97.82 95.89 94.03 92.23 90.51 88.87 87.31 85.83 84.45 83.16 81.96 80.87 79.88 79.00
153.88 151.67 149.72 147.80 145.89 143.97 142.02 140.06 138.10 136.12 134.16 132.20 130.26 128.34 126.45 124.59 122.78 121.01 119.29 117.63 116.04 114.52 113.07 111.71 110.40 109.03 107.55 106.16 105.38 105.27 105.65 106.30 107.14 108.14 109.26 110.48 111.75 113.04 114.32 115.55 116.70 117.74 118.62 119.31 119.79 120.01 119.95 119.55 118.81 117.67 116.15 114.34 112.28 110.08 107.88 105.69 103.54 101.45 99.41 97.43 95.51 93.65 91.87 90.16 88.53 86.98 85.52 84.15 82.87 81.69 80.60 79.63 78.76
155.34 153.23 151.38 149.56 147.77 145.98 144.16 142.32 140.45 138.58 136.69 134.81 132.93 131.06 129.21 127.38 125.58 123.81 122.09 120.41 118.79 117.22 115.73 114.27 112.72 111.04 109.27 107.60 106.53 106.13 106.33 106.96 107.80 108.80 109.92 111.11 112.35 113.60 114.83 116.00 117.08 118.04 118.83 119.43 119.80 119.90 119.70 119.18 118.28 117.03 115.49 113.69 111.65 109.47 107.29 105.13 103.01 100.94 98.92 96.95 95.06 93.22 91.46 89.77 88.16 86.63 85.19 83.84 82.58 81.42 80.36 79.40 78.56
156.86 154.84 153.09 151.37 149.68 148.00 146.31 144.59 142.84 141.07 139.27 137.47 135.65 133.84 132.03 130.24 128.46 126.70 124.98 123.29 121.64 120.05 118.47 116.78 114.95 113.00 110.98 109.06 107.73 107.06 106.98 107.43 108.26 109.25 110.35 111.53 112.74 113.95 115.12 116.24 117.25 118.12 118.83 119.32 119.58 119.57 119.25 118.58 117.58 116.29 114.73 112.94 110.91 108.76 106.61 104.47 102.37 100.32 98.33 96.40 94.53 92.73 90.99 89.34 87.75 86.25 84.84 83.52 82.29 81.15 80.12 79.20 78.38
158.42 156.49 154.83 153.20 151.61 150.02 148.44 146.85 145.22 143.55 141.85 140.13 138.39 136.64 134.89 133.13 131.38 129.65 127.93 126.23 124.57 122.91 121.12 119.17 117.08 114.90 112.65 110.52 108.97 108.06 107.72 107.92 108.57 109.54 110.63 111.78 112.95 114.12 115.25 116.30 117.24 118.04 118.65 119.06 119.21 119.07 118.63 117.85 116.79 115.48 113.91 112.11 110.10 107.97 105.84 103.73 101.65 99.62 97.66 95.76 93.93 92.16 90.47 88.85 87.30 85.84 84.46 83.18 81.99 80.89 79.90 79.01 78.26
160.00 158.14 156.56 155.02 153.51 152.02 150.54 149.05 147.54 145.99 144.40 142.77 141.11 139.43 137.73 136.02 134.31 132.60 130.89 129.20 127.49 125.64 123.60 121.41 119.10 116.71 114.27 111.97 110.23 109.11 108.56 108.51 108.92 109.73 110.78 111.91 113.05 114.18 115.26 116.25 117.12 117.84 118.36 118.67 118.71 118.46 117.90 117.07 115.96 114.62 113.04 111.24 109.24 107.12 105.01 102.91 100.85 98.84 96.90 95.03 93.25 91.52 89.87 88.30 86.80 85.39 84.05 82.81 81.67 80.62 79.67 78.85 78.37
161.54 159.77 158.26 156.80 155.38 153.97 152.58 151.19 149.78 148.35 146.87 145.34 143.77 142.16 140.53 138.87 137.20 135.52 133.84 132.11 130.24 128.15 125.89 123.49 120.98 118.42 115.83 113.39 111.50 110.21 109.47 109.22 109.41 109.99 110.88 111.97 113.08 114.17 115.20 116.13 116.93 117.57 118.00 118.21 118.14 117.79 117.15 116.25 115.11 113.73 112.13 110.32 108.33 106.23 104.13 102.04 100.00 98.00 96.07 94.22 92.47 90.81 89.21 87.69 86.25 84.88 83.61 82.42 81.33 80.33 79.47 78.93 78.88
163.04 161.33 159.89 158.51 157.16 155.84 154.54 153.24 151.92 150.59 149.22 147.80 146.32 144.80 143.24 141.64 140.02 138.38 136.68 134.81 132.71 130.41 127.96 125.38 122.73 120.03 117.32 114.77 112.76 111.33 110.44 110.02 110.03 110.40 111.09 112.03 113.09 114.14 115.11 115.98 116.71 117.27 117.62 117.72 117.55 117.11 116.40 115.44 114.24 112.83 111.21 109.39 107.40 105.31 103.22 101.15 99.11 97.12 95.20 93.37 91.63 90.00 88.47 87.01 85.63 84.33 83.12 81.99 80.96 80.06 79.48 79.40 79.77
164.46 162.81 161.44 160.12 158.84 157.60 156.38 155.16 153.94 152.70 151.42 150.11 148.73 147.30 145.82 144.29 142.73 141.09 139.26 137.18 134.88 132.41 129.80 127.09 124.31 121.51 118.72 116.09 114.00 112.47 111.46 110.91 110.77 110.97 111.47 112.21 113.14 114.13 115.05 115.86 116.52 117.00 117.26 117.26 116.99 116.45 115.66 114.64 113.39 111.93 110.29 108.46 106.47 104.39 102.30 100.24 98.20 96.22 94.31 92.48 90.75 89.14 87.65 86.26 84.95 83.72 82.58 81.52 80.60 80.00 79.89 80.25 81.01
165.77 164.18 162.86 161.60 160.39 159.22 158.07 156.93 155.79 154.64 153.46 152.24 150.97 149.63 148.23 146.78 145.24 143.48 141.46 139.20 136.75 134.14 131.41 128.59 125.73 122.86 120.02 117.35 115.21 113.61 112.52 111.87 111.60 111.68 112.03 112.60 113.35 114.20 115.06 115.81 116.40 116.80 116.96 116.84 116.46 115.83 114.96 113.87 112.57 111.07 109.39 107.54 105.55 103.47 101.39 99.33 97.30 95.33 93.42 91.59 89.86 88.25 86.77 85.43 84.19 83.05 81.98 81.04 80.43 80.32 80.67 81.43 82.54
166.94 165.40 164.13 162.93 161.78 160.67 159.59 158.52 157.46 156.38 155.29 154.16 152.98 151.75 150.44 149.03 147.39 145.46 143.28 140.88 138.30 135.58 132.76 129.88 126.96 124.06 121.20 118.53 116.37 114.74 113.60 112.88 112.53 112.51 112.74 113.18 113.78 114.47 115.21 115.88 116.40 116.70 116.73 116.49 116.00 115.27 114.31 113.15 111.79 110.24 108.53 106.67 104.67 102.59 100.51 98.45 96.42 94.44 92.53 90.71 88.98 87.37 85.88 84.55 83.37 82.30 81.36 80.75 80.64 81.00 81.78 82.91 84.34
167.94 166.44 165.22 164.07 162.97 161.92 160.90 159.90 158.91 157.91 156.89 155.85 154.76 153.62 152.37 150.87 149.07 147.00 144.69 142.18 139.51 136.72 133.85 130.93 128.00 125.09 122.25 119.61 117.47 115.84 114.68 113.93 113.54 113.44 113.60 113.94 114.42 114.98 115.57 116.13 116.54 116.70 116.59 116.22 115.62 114.78 113.74 112.50 111.08 109.48 107.74 105.85 103.84 101.76 99.67 97.61 95.58 93.60 91.68 89.85 88.12 86.50 85.02 83.68 82.50 81.52 80.92 80.83 81.21 82.02 83.18 84.64 86.34
168.74 167.28 166.10 164.99 163.95 162.95 161.98 161.04 160.11 159.18 158.24 157.27 156.26 155.17 153.84 152.20 150.27 148.08 145.68 143.10 140.38 137.55 134.66 131.73 128.82 125.95 123.16 120.58 118.49 116.90 115.76 115.01 114.60 114.48 114.58 114.86 115.26 115.73 116.20 116.59 116.81 116.81 116.55 116.05 115.33 114.39 113.26 111.94 110.45 108.80 107.02 105.10 103.08 100.99 98.90 96.83 94.79 92.80 90.88 89.05 87.31 85.68 84.19 82.84 81.69 80.96 80.85 81.27 82.11 83.32 84.83 86.58 88.52
