data_processed/recharge/precip/Precip_1995_05.asc
ncols        168
nrows        136
xllcorner    455000
yllcorner    2107000
cellsize     500
NODATA_value     -99999
[rows 102 to 135 of 136, columns 0 to 75 of 168]
67.29 68.27 68.99 69.63 70.22 70.75 71.24 71.68 72.08 72.44 72.76 73.04 73.30 73.53 73.73 73.91 74.08 74.23 74.37 74.49 74.62 74.73 74.82 74.80 74.67 74.41 74.07 73.67 73.17 72.45 71.50 70.35 69.02 67.54 65.92 64.20 62.40 60.54 58.64 56.73 54.84 52.99 51.20 49.49 47.90 46.44 45.14 44.03 43.12 42.46 42.08 42.05 42.68 44.16 46.42 49.19 52.24 55.48 58.88 62.40 66.00 69.63 73.25 76.83 80.31 83.65 86.82 89.77 92.46 94.85 96.89 98.55 99.77 100.53 100.77 100.54
65.59 66.53 67.39 68.17 68.89 69.55 70.15 70.69 71.18 71.62 72.02 72.37 72.68 72.95 73.19 73.40 73.58 73.73 73.87 73.98 74.08 74.17 74.25 74.27 74.18 73.97 73.68 73.27 72.65 71.78 70.71 69.45 68.02 66.45 64.77 62.99 61.15 59.27 57.36 55.46 53.59 51.77 50.03 48.39 46.88 45.52 44.33 43.34 42.57 42.06 41.82 41.95 42.76 44.42 46.67 49.26 52.12 55.20 58.46 61.86 65.37 68.93 72.50 76.05 79.53 82.90 86.12 89.14 91.92 94.42 96.60 98.42 99.83 100.79 101.26 101.21
64.26 65.34 66.33 67.25 68.09 68.86 69.56 70.20 70.77 71.29 71.74 72.15 72.51 72.82 73.08 73.30 73.49 73.64 73.77 73.86 73.93 73.97 74.00 74.01 73.95 73.79 73.49 72.96 72.19 71.20 70.01 68.65 67.13 65.50 63.76 61.94 60.07 58.18 56.28 54.40 52.56 50.79 49.11 47.55 46.14 44.88 43.82 42.97 42.35 42.00 41.94 42.23 43.21 44.84 46.87 49.23 51.88 54.78 57.89 61.16 64.56 68.03 71.55 75.06 78.52 81.89 85.14 88.21 91.07 93.67 95.97 97.94 99.51 100.67 101.36 101.53
63.51 64.72 65.85 66.89 67.85 68.72 69.52 70.24 70.89 71.47 71.98 72.43 72.83 73.16 73.44 73.68 73.86 74.00 74.10 74.16 74.19 74.19 74.15 74.09 74.01 73.83 73.41 72.74 71.83 70.73 69.43 67.98 66.40 64.70 62.92 61.08 59.20 57.30 55.42 53.57 51.78 50.08 48.48 47.01 45.70 44.57 43.64 42.94 42.49 42.32 42.45 42.91 43.83 45.20 46.96 49.08 51.52 54.23 57.17 60.29 63.56 66.93 70.37 73.82 77.25 80.62 83.88 86.99 89.91 92.59 95.00 97.09 98.82 100.15 101.04 101.44
63.05 64.42 65.68 66.84 67.91 68.89 69.78 70.59 71.31 71.96 72.53 73.03 73.46 73.82 74.12 74.37 74.55 74.68 74.76 74.79 74.78 74.72 74.63 74.50 74.35 74.10 73.55 72.74 71.71 70.49 69.10 67.57 65.92 64.18 62.36 60.50 58.62 56.73 54.87 53.07 51.33 49.69 48.18 46.81 45.62 44.61 43.83 43.29 43.02 43.04 43.36 43.88 44.60 45.68 47.16 49.02 51.22 53.72 56.47 59.43 62.56 65.81 69.15 72.53 75.91 79.25 82.50 85.63 88.59 91.34 93.84 96.04 97.91 99.39 100.46 101.06
62.48 63.99 65.40 66.71 67.91 69.00 70.00 70.91 71.73 72.45 73.09 73.65 74.13 74.54 74.87 75.14 75.33 75.46 75.54 75.55 75.51 75.42 75.29 75.12 74.94 74.66 74.03 73.10 71.95 70.62 69.14 67.53 65.82 64.03 62.18 60.30 58.41 56.54 54.71 52.94 51.26 49.70 48.27 47.00 45.92 45.05 44.41 44.04 43.94 44.13 44.53 45.04 45.69 46.54 47.73 49.32 51.26 53.52 56.06 58.83 61.80 64.91 68.13 71.41 74.72 78.01 81.24 84.37 87.35 90.14 92.71 95.00 96.98 98.60 99.83 100.61
61.79 63.42 64.99 66.44 67.79 69.02 70.14 71.16 72.08 72.91 73.63 74.27 74.82 75.28 75.66 75.96 76.18 76.33 76.41 76.43 76.38 76.27 76.11 75.94 75.75 75.45 74.79 73.80 72.54 71.10 69.53 67.85 66.07 64.23 62.35 60.46 58.56 56.71 54.90 53.18 51.56 50.06 48.72 47.56 46.60 45.86 45.37 45.15 45.22 45.48 45.86 46.33 46.95 47.74 48.71 50.00 51.67 53.67 55.98 58.54 61.32 64.27 67.35 70.52 73.73 76.95 80.14 83.24 86.22 89.03 91.64 94.00 96.08 97.81 99.18 100.09
61.08 62.74 64.43 66.05 67.55 68.93 70.19 71.34 72.38 73.31 74.14 74.87 75.49 76.03 76.47 76.82 77.09 77.27 77.37 77.40 77.36 77.25 77.12 76.96 76.77 76.45 75.78 74.76 73.45 71.92 70.26 68.50 66.66 64.78 62.86 60.95 59.06 57.21 55.44 53.75 52.19 50.77 49.52 48.46 47.61 47.01 46.67 46.60 46.73 46.97 47.31 47.76 48.35 49.10 50.00 51.08 52.45 54.18 56.24 58.57 61.14 63.90 66.82 69.85 72.95 76.08 79.20 82.25 85.21 88.03 90.66 93.07 95.21 97.04 98.49 99.45
60.38 62.04 63.76 65.51 67.18 68.72 70.14 71.43 72.61 73.66 74.61 75.44 76.16 76.78 77.30 77.72 78.04 78.27 78.42 78.47 78.46 78.40 78.30 78.16 77.97 77.64 76.96 75.93 74.61 73.04 71.30 69.46 67.56 65.63 63.69 61.76 59.87 58.03 56.29 54.65 53.15 51.80 50.64 49.68 48.96 48.48 48.28 48.27 48.37 48.58 48.89 49.31 49.87 50.59 51.46 52.47 53.63 55.07 56.85 58.92 61.27 63.83 66.56 69.43 72.40 75.41 78.43 81.42 84.34 87.13 89.77 92.20 94.39 96.26 97.72 98.68
59.69 61.35 63.08 64.87 66.67 68.39 69.97 71.43 72.75 73.95 75.02 75.97 76.81 77.53 78.14 78.64 79.04 79.33 79.52 79.64 79.69 79.69 79.63 79.52 79.34 79.00 78.32 77.29 75.96 74.38 72.61 70.71 68.75 66.78 64.81 62.86 60.97 59.15 57.43 55.84 54.40 53.13 52.06 51.20 50.60 50.25 50.09 50.05 50.12 50.30 50.59 50.98 51.52 52.21 53.05 54.02 55.11 56.34 57.82 59.63 61.72 64.05 66.58 69.27 72.08 74.96 77.87 80.77 83.62 86.37 88.98 91.42 93.61 95.45 96.86 97.80
59.03 60.69 62.42 64.22 66.07 67.92 69.69 71.32 72.81 74.16 75.38 76.46 77.42 78.26 78.98 79.58 80.06 80.43 80.70 80.91 81.04 81.11 81.10 81.02 80.86 80.52 79.84 78.81 77.48 75.91 74.14 72.22 70.21 68.19 66.19 64.23 62.34 60.54 58.85 57.31 55.92 54.73 53.75 53.00 52.50 52.20 52.01 51.94 51.98 52.13 52.39 52.76 53.27 53.94 54.75 55.69 56.74 57.90 59.17 60.69 62.51 64.59 66.90 69.38 72.01 74.73 77.51 80.30 83.06 85.75 88.32 90.72 92.83 94.59 95.94 96.85
58.39 60.04 61.78 63.60 65.47 67.37 69.28 71.10 72.76 74.28 75.66 76.90 78.00 78.97 79.81 80.52 81.10 81.58 81.97 82.27 82.50 82.64 82.68 82.64 82.50 82.18 81.50 80.48 79.16 77.60 75.84 73.92 71.90 69.85 67.82 65.85 63.96 62.17 60.52 59.02 57.70 56.58 55.69 55.04 54.58 54.24 54.02 53.92 53.93 54.05 54.29 54.64 55.13 55.78 56.56 57.47 58.49 59.61 60.82 62.12 63.65 65.46 67.52 69.78 72.21 74.75 77.37 80.03 82.68 85.28 87.77 90.05 92.04 93.71 94.99 95.84
57.79 59.44 61.18 63.00 64.89 66.83 68.79 70.75 72.61 74.32 75.87 77.27 78.53 79.64 80.62 81.45 82.17 82.78 83.30 83.72 84.04 84.26 84.37 84.37 84.25 83.95 83.28 82.28 80.97 79.43 77.68 75.78 73.78 71.72 69.67 67.69 65.80 64.03 62.41 60.96 59.70 58.66 57.86 57.23 56.74 56.37 56.11 55.98 55.96 56.06 56.28 56.61 57.09 57.71 58.47 59.36 60.35 61.43 62.60 63.83 65.15 66.68 68.47 70.48 72.69 75.03 77.47 79.98 82.50 84.97 87.30 89.42 91.28 92.83 94.02 94.81
57.22 58.86 60.61 62.44 64.35 66.31 68.31 70.33 72.35 74.25 75.99 77.57 79.00 80.28 81.40 82.39 83.26 84.03 84.68 85.22 85.65 85.95 86.13 86.18 86.10 85.81 85.17 84.18 82.90 81.38 79.65 77.77 75.79 73.76 71.72 69.73 67.85 66.10 64.51 63.11 61.91 60.94 60.16 59.50 58.97 58.56 58.28 58.11 58.07 58.15 58.35 58.67 59.13 59.74 60.48 61.34 62.30 63.35 64.49 65.68 66.93 68.25 69.75 71.50 73.46 75.58 77.82 80.15 82.50 84.78 86.91 88.86 90.57 91.99 93.08 93.78
56.70 58.34 60.08 61.92 63.84 65.83 67.86 69.93 72.01 74.07 76.02 77.79 79.41 80.86 82.16 83.33 84.38 85.31 86.10 86.77 87.30 87.69 87.94 88.05 88.02 87.76 87.14 86.18 84.93 83.43 81.73 79.88 77.93 75.93 73.92 71.94 70.07 68.34 66.79 65.44 64.30 63.34 62.52 61.83 61.26 60.82 60.51 60.32 60.26 60.32 60.50 60.81 61.26 61.85 62.57 63.41 64.34 65.37 66.47 67.63 68.84 70.08 71.38 72.84 74.53 76.41 78.44 80.55 82.66 84.70 86.63 88.39 89.93 91.21 92.17 92.77
56.23 57.86 59.60 61.45 63.38 65.39 67.45 69.56 71.69 73.83 75.94 77.92 79.73 81.38 82.89 84.27 85.50 86.59 87.54 88.33 88.98 89.47 89.80 89.98 89.98 89.76 89.18 88.25 87.03 85.57 83.90 82.09 80.18 78.21 76.23 74.29 72.45 70.74 69.22 67.91 66.78 65.79 64.93 64.20 63.60 63.13 62.80 62.59 62.50 62.55 62.72 63.02 63.46 64.03 64.74 65.55 66.47 67.47 68.54 69.67 70.84 72.05 73.27 74.52 75.93 77.55 79.31 81.15 82.99 84.78 86.48 88.03 89.39 90.51 91.33 91.82
55.82 57.43 59.17 61.03 62.97 65.00 67.10 69.24 71.41 73.60 75.80 77.95 79.99 81.87 83.60 85.18 86.60 87.86 88.96 89.90 90.67 91.26 91.68 91.92 91.99 91.80 91.26 90.37 89.19 87.77 86.15 84.37 82.50 80.57 78.64 76.75 74.94 73.28 71.79 70.48 69.31 68.28 67.38 66.62 65.99 65.50 65.13 64.90 64.81 64.84 65.00 65.29 65.72 66.29 66.98 67.77 68.67 69.64 70.69 71.79 72.93 74.10 75.28 76.46 77.66 78.98 80.43 81.95 83.51 85.03 86.49 87.82 88.98 89.92 90.59 90.94
55.47 57.07 58.81 60.66 62.62 64.67 66.79 68.97 71.19 73.43 75.68 77.94 80.17 82.30 84.26 86.05 87.67 89.11 90.37 91.45 92.34 93.05 93.56 93.88 94.00 93.86 93.37 92.53 91.39 90.02 88.44 86.72 84.89 83.01 81.12 79.28 77.53 75.90 74.42 73.07 71.86 70.79 69.86 69.07 68.41 67.90 67.51 67.27 67.15 67.17 67.33 67.61 68.04 68.60 69.27 70.06 70.93 71.89 72.91 73.98 75.09 76.22 77.37 78.51 79.62 80.69 81.79 82.99 84.24 85.48 86.68 87.77 88.72 89.46 89.96 90.16
55.19 56.78 58.51 60.37 62.34 64.40 66.55 68.76 71.02 73.31 75.63 77.97 80.33 82.66 84.85 86.86 88.68 90.30 91.73 92.96 93.99 94.81 95.42 95.83 96.01 95.93 95.48 94.69 93.61 92.29 90.77 89.10 87.33 85.50 83.67 81.88 80.18 78.57 77.07 75.69 74.44 73.33 72.37 71.55 70.87 70.33 69.93 69.66 69.54 69.55 69.70 69.98 70.41 70.96 71.63 72.40 73.26 74.19 75.19 76.24 77.32 78.42 79.53 80.63 81.65 82.58 83.43 84.29 85.21 86.16 87.08 87.92 88.63 89.17 89.48 89.52
54.99 56.56 58.28 60.14 62.12 64.20 66.37 68.61 70.91 73.26 75.66 78.09 80.54 82.97 85.36 87.59 89.61 91.43 93.03 94.42 95.59 96.53 97.25 97.74 98.00 97.98 97.59 96.86 95.84 94.57 93.11 91.50 89.79 88.02 86.25 84.52 82.85 81.24 79.72 78.31 77.02 75.89 74.89 74.05 73.34 72.78 72.37 72.09 71.96 71.96 72.11 72.39 72.81 73.36 74.02 74.79 75.63 76.55 77.53 78.56 79.61 80.68 81.75 82.77 83.71 84.54 85.26 85.86 86.46 87.09 87.71 88.28 88.75 89.06 89.17 89.03
54.87 56.42 58.13 59.99 61.97 64.07 66.26 68.53 70.88 73.30 75.77 78.29 80.81 83.32 85.81 88.22 90.46 92.47 94.25 95.80 97.12 98.19 99.02 99.61 99.94 99.99 99.66 99.00 98.04 96.84 95.44 93.90 92.26 90.56 88.85 87.17 85.51 83.90 82.37 80.94 79.62 78.45 77.43 76.56 75.83 75.26 74.83 74.54 74.40 74.40 74.55 74.83 75.26 75.80 76.46 77.21 78.05 78.96 79.92 80.92 81.95 82.99 84.00 84.94 85.79 86.54 87.17 87.65 87.99 88.29 88.61 88.90 89.10 89.17 89.06 88.72
54.83 56.36 58.07 59.92 61.91 64.02 66.23 68.54 70.95 73.43 75.97 78.55 81.14 83.73 86.28 88.78 91.19 93.41 95.37 97.09 98.56 99.77 100.72 101.40 101.82 101.94 101.68 101.09 100.21 99.08 97.76 96.28 94.71 93.09 91.44 89.79 88.15 86.55 85.02 83.57 82.23 81.02 79.96 79.07 78.33 77.74 77.29 77.00 76.85 76.86 77.00 77.29 77.72 78.27 78.93 79.67 80.50 81.40 82.34 83.33 84.33 85.32 86.26 87.13 87.91 88.58 89.12 89.52 89.74 89.80 89.79 89.78 89.70 89.51 89.17 88.62
54.89 56.40 58.09 59.94 61.93 64.05 66.29 68.65 71.11 73.65 76.25 78.89 81.54 84.18 86.79 89.36 91.84 94.22 96.38 98.27 99.90 101.25 102.32 103.11 103.63 103.82 103.64 103.13 102.32 101.27 100.02 98.63 97.14 95.58 93.99 92.37 90.76 89.18 87.65 86.20 84.84 83.60 82.51 81.58 80.82 80.21 79.76 79.47 79.32 79.32 79.47 79.77 80.20 80.76 81.41 82.16 82.98 83.87 84.80 85.77 86.73 87.66 88.54 89.35 90.06 90.66 91.13 91.45 91.59 91.53 91.29 90.96 90.58 90.12 89.53 88.74
55.05 56.54 58.21 60.05 62.05 64.19 66.46 68.87 71.37 73.96 76.61 79.29 81.99 84.68 87.34 89.95 92.49 94.94 97.24 99.32 101.11 102.60 103.81 104.72 105.33 105.60 105.51 105.08 104.35 103.39 102.23 100.92 99.51 98.02 96.49 94.92 93.35 91.79 90.28 88.83 87.46 86.20 85.07 84.10 83.30 82.69 82.23 81.93 81.78 81.79 81.94 82.25 82.70 83.26 83.91 84.66 85.48 86.36 87.28 88.21 89.13 90.01 90.84 91.60 92.26 92.80 93.20 93.44 93.51 93.37 93.02 92.45 91.77 91.02 90.16 89.13
55.31 56.77 58.43 60.27 62.27 64.44 66.75 69.18 71.73 74.35 77.03 79.75 82.49 85.21 87.92 90.57 93.15 95.63 98.00 100.21 102.17 103.83 105.17 106.20 106.91 107.28 107.27 106.93 106.30 105.42 104.35 103.14 101.82 100.41 98.94 97.43 95.90 94.38 92.88 91.44 90.07 88.80 87.65 86.64 85.80 85.15 84.68 84.38 84.23 84.25 84.41 84.74 85.19 85.76 86.42 87.17 87.99 88.86 89.76 90.66 91.55 92.39 93.18 93.89 94.49 94.98 95.33 95.51 95.51 95.30 94.87 94.20 93.29 92.24 91.09 89.80
55.68 57.12 58.76 60.60 62.61 64.80 67.14 69.60 72.17 74.81 77.52 80.27 83.03 85.79 88.52 91.20 93.81 96.33 98.73 100.99 103.08 104.89 106.37 107.53 108.35 108.82 108.91 108.66 108.13 107.35 106.39 105.28 104.06 102.74 101.34 99.89 98.41 96.93 95.47 94.04 92.68 91.41 90.24 89.20 88.33 87.62 87.12 86.81 86.67 86.69 86.87 87.21 87.68 88.26 88.93 89.68 90.50 91.36 92.24 93.12 93.98 94.79 95.55 96.22 96.78 97.22 97.52 97.65 97.59 97.32 96.82 96.08 95.06 93.79 92.35 90.78
56.17 57.59 59.21 61.05 63.08 65.28 67.63 70.11 72.69 75.35 78.08 80.84 83.62 86.40 89.15 91.85 94.48 97.01 99.44 101.72 103.85 105.78 107.41 108.70 109.64 110.21 110.40 110.25 109.82 109.17 108.33 107.34 106.22 104.99 103.68 102.30 100.89 99.45 98.03 96.63 95.28 94.01 92.83 91.78 90.87 90.13 89.57 89.23 89.09 89.12 89.31 89.66 90.15 90.74 91.42 92.18 93.00 93.86 94.73 95.59 96.43 97.22 97.95 98.59 99.12 99.52 99.78 99.86 99.75 99.43 98.87 98.07 96.99 95.61 93.95 92.10
56.78 58.18 59.80 61.64 63.67 65.88 68.23 70.71 73.29 75.96 78.69 81.46 84.25 87.04 89.79 92.50 95.14 97.69 100.12 102.42 104.56 106.52 108.26 109.69 110.74 111.42 111.73 111.69 111.40 110.89 110.19 109.32 108.31 107.18 105.96 104.66 103.31 101.94 100.55 99.19 97.86 96.60 95.43 94.36 93.43 92.65 92.05 91.65 91.48 91.51 91.72 92.09 92.60 93.21 93.90 94.67 95.50 96.35 97.22 98.08 98.91 99.69 100.40 101.01 101.52 101.89 102.11 102.15 102.00 101.63 101.03 100.17 99.03 97.59 95.83 93.77
57.53 58.91 60.52 62.35 64.38 66.58 68.92 71.40 73.98 76.64 79.37 82.13 84.92 87.70 90.45 93.16 95.80 98.35 100.78 103.08 105.23 107.19 108.95 110.47 111.66 112.45 112.87 112.99 112.85 112.50 111.94 111.21 110.32 109.30 108.17 106.96 105.69 104.38 103.05 101.72 100.43 99.19 98.02 96.95 96.00 95.20 94.56 94.12 93.88 93.88 94.10 94.49 95.02 95.65 96.36 97.15 97.99 98.85 99.73 100.59 101.41 102.19 102.88 103.49 103.97 104.32 104.52 104.53 104.34 103.94 103.29 102.39 101.20 99.70 97.89 95.73
58.43 59.78 61.38 63.19 65.20 67.38 69.71 72.16 74.73 77.38 80.09 82.84 85.61 88.38 91.13 93.82 96.45 98.99 101.42 103.71 105.84 107.80 109.55 111.09 112.36 113.28 113.86 114.16 114.19 114.00 113.59 113.00 112.24 111.34 110.32 109.20 108.01 106.77 105.50 104.23 102.97 101.76 100.61 99.54 98.59 97.77 97.10 96.61 96.32 96.26 96.44 96.85 97.40 98.06 98.81 99.62 100.48 101.36 102.25 103.12 103.95 104.73 105.42 106.02 106.49 106.83 107.00 106.99 106.78 106.35 105.67 104.72 103.49 101.95 100.09 97.87
59.33 60.67 62.24 64.03 66.01 68.17 70.48 72.91 75.46 78.09 80.78 83.51 86.27 89.02 91.75 94.43 97.04 99.57 101.98 104.26 106.38 108.33 110.07 111.60 112.87 113.90 114.67 115.16 115.38 115.35 115.10 114.66 114.04 113.26 112.35 111.34 110.24 109.08 107.88 106.66 105.45 104.27 103.14 102.09 101.14 100.31 99.62 99.10 98.77 98.65 98.77 99.14 99.72 100.42 101.21 102.05 102.94 103.85 104.76 105.65 106.49 107.28 107.98 108.58 109.06 109.39 109.55 109.53 109.30 108.84 108.14 107.17 105.90 104.33 102.42 100.16
59.56 60.90 62.47 64.26 66.25 68.41 70.72 73.16 75.71 78.35 81.05 83.79 86.55 89.31 92.05 94.74 97.36 99.90 102.32 104.61 106.75 108.70 110.46 112.00 113.24 114.24 115.13 115.81 116.22 116.38 116.30 116.00 115.53 114.88 114.10 113.19 112.19 111.12 109.99 108.84 107.69 106.55 105.46 104.42 103.48 102.64 101.94 101.40 101.03 100.86 100.92 101.23 101.78 102.52 103.36 104.26 105.19 106.14 107.09 108.01 108.89 109.70 110.42 111.04 111.53 111.87 112.04 112.02 111.79 111.33 110.62 109.63 108.35 106.75 104.82 102.53
58.98 60.27 61.88 63.71 65.74 67.94 70.29 72.77 75.37 78.04 80.79 83.57 86.38 89.19 91.97 94.71 97.38 99.96 102.43 104.77 106.96 108.97 110.77 112.27 113.44 114.38 115.26 116.06 116.67 117.00 117.10 116.97 116.64 116.14 115.48 114.70 113.80 112.83 111.79 110.71 109.61 108.53 107.47 106.47 105.54 104.71 104.00 103.44 103.04 102.84 102.85 103.09 103.57 104.29 105.18 106.14 107.14 108.15 109.16 110.13 111.06 111.91 112.68 113.33 113.85 114.22 114.41 114.41 114.20 113.75 113.04 112.06 110.78 109.18 107.24 104.94
58.10 58.94 60.55 62.45 64.55 66.83 69.26 71.83 74.50 77.26 80.08 82.95 85.84 88.73 91.59 94.42 97.17 99.84 102.40 104.82 107.10 109.18 110.97 112.40 113.50 114.37 115.20 115.99 116.71 117.24 117.52 117.56 117.39 117.04 116.52 115.86 115.08 114.20 113.26 112.26 111.24 110.21 109.20 108.23 107.33 106.51 105.80 105.23 104.82 104.59 104.55 104.74 105.15 105.80 106.67 107.70 108.78 109.87 110.94 111.99 112.98 113.89 114.72 115.42 115.99 116.41 116.64 116.68 116.50 116.08 115.40 114.44 113.18 111.59 109.66 107.40
