data_processed/recharge/precip/Precip_2011_12.asc
ncols        168
nrows        136
xllcorner    455000
yllcorner    2107000
cellsize     500
NODATA_value     -99999
[rows 0 to 37 of 136, columns 0 to 83 of 168]
0.00 0.00 0.00 0.00 0.00 0.00 0.00 0.00 0.00 0.00 0.00 0.00 0.00 0.00 0.00 0.00 0.00 0.00 0.00 0.00 0.00 0.00 0.00 0.00 0.00 0.00 0.00 0.00 0.00 0.00 0.00 0.00 0.00 0.00 0.00 0.00 0.00 0.00 0.00 0.00 0.00 0.00 0.00 0.00 0.00 0.00 0.00 0.00 0.00 0.00 0.00 0.00 0.00 0.00 0.00 0.00 0.00 0.00 0.00 0.00 0.00 0.00 0.00 0.00 0.00 0.00 0.00 0.00 0.00 0.00 0.00 0.00 0.00 0.00 0.00 0.00 0.00 0.06 0.15 0.28 0.42 0.59 0.78 0.99
0.00 0.00 0.00 0.00 0.00 0.00 0.00 0.00 0.00 0.00 0.00 0.00 0.00 0.00 0.00 0.00 0.00 0.00 0.00 0.00 0.00 0.00 0.00 0.00 0.00 0.00 0.00 0.00 0.00 0.00 0.00 0.00 0.00 0.00 0.00 0.00 0.00 0.00 0.00 0.00 0.00 0.00 0.00 0.00 0.00 0.00 0.00 0.00 0.00 0.00 0.00 0.00 0.00 0.00 0.00 0.00 0.00 0.00 0.00 0.00 0.00 0.00 0.00 0.00 0.00 0.00 0.00 0.00 0.00 0.00 0.00 0.00 0.00 0.00 0.00 0.00 0.02 0.11 0.22 0.36 0.53 0.71 0.92 1.13
0.00 0.00 0.00 0.00 0.00 0.00 0.00 0.00 0.00 0.00 0.00 0.00 0.00 0.00 0.00 0.00 0.00 0.00 0.00 0.00 0.00 0.00 0.00 0.00 0.00 0.00 0.00 0.00 0.00 0.00 0.00 0.00 0.00 0.00 0.00 0.00 0.00 0.00 0.00 0.00 0.00 0.00 0.00 0.00 0.00 0.00 0.00 0.00 0.00 0.00 0.00 0.00 0.00 0.00 0.00 0.00 0.00 0.00 0.00 0.00 0.00 0.00 0.00 0.00 0.00 0.00 0.00 0.00 0.00 0.00 0.00 0.00 0.00 0.00 0.00 0.00 0.06 0.17 0.31 0.47 0.65 0.85 1.06 1.29
0.00 0.00 0.00 0.00 0.00 0.00 0.00 0.00 0.00 0.00 0.00 0.00 0.00 0.00 0.00 0.00 0.00 0.00 0.00 0.00 0.00 0.00 0.00 0.00 0.00 0.00 0.00 0.00 0.00 0.00 0.00 0.00 0.00 0.00 0.00 0.00 0.00 0.00 0.00 0.00 0.00 0.00 0.00 0.00 0.00 0.00 0.00 0.00 0.00 0.00 0.00 0.00 0.00 0.00 0.00 0.00 0.00 0.00 0.00 0.00 0.00 0.00 0.00 0.00 0.00 0.00 0.00 0.00 0.00 0.00 0.00 0.00 0.00 0.00 0.00 0.02 0.12 0.25 0.40 0.58 0.78 0.99 1.21 1.44
0.00 0.00 0.00 0.00 0.00 0.00 0.00 0.00 0.00 0.00 0.00 0.00 0.00 0.00 0.00 0.00 0.00 0.00 0.00 0.00 0.00 0.00 0.00 0.00 0.00 0.00 0.00 0.00 0.00 0.00 0.00 0.00 0.00 0.00 0.00 0.00 0.00 0.00 0.00 0.00 0.00 0.00 0.00 0.00 0.00 0.00 0.00 0.00 0.00 0.00 0.00 0.00 0.00 0.00 0.00 0.00 0.00 0.00 0.00 0.00 0.00 0.00 0.00 0.00 0.00 0.00 0.00 0.00 0.00 0.00 0.00 0.00 0.00 0.00 0.00 0.03 0.15 0.30 0.48 0.67 0.88 1.10 1.33 1.57
0.00 0.00 0.00 0.00 0.00 0.00 0.00 0.00 0.00 0.00 0.00 0.00 0.00 0.00 0.00 0.00 0.00 0.00 0.00 0.00 0.00 0.02 0.03 0.03 0.02 0.00 0.00 0.00 0.00 0.00 0.00 0.00 0.00 0.00 0.00 0.00 0.00 0.00 0.00 0.00 0.00 0.00 0.00 0.00 0.00 0.00 0.00 0.00 0.00 0.00 0.00 0.00 0.00 0.00 0.00 0.00 0.00 0.00 0.00 0.00 0.00 0.00 0.00 0.00 0.00 0.00 0.00 0.00 0.00 0.00 0.00 0.00 0.00 0.00 0.00 0.02 0.16 0.33 0.52 0.73 0.95 1.19 1.43 1.67
0.00 0.00 0.00 0.00 0.00 0.00 0.00 0.00 0.00 0.00 0.00 0.00 0.00 0.00 0.00 0.00 0.00 0.00 0.00 0.03 0.08 0.11 0.13 0.13 0.12 0.11 0.08 0.06 0.04 0.03 0.01 0.00 0.00 0.00 0.00 0.00 0.00 0.00 0.00 0.00 0.00 0.00 0.00 0.00 0.00 0.00 0.00 0.00 0.00 0.00 0.00 0.00 0.00 0.00 0.00 0.00 0.00 0.00 0.00 0.00 0.00 0.00 0.00 0.00 0.00 0.00 0.00 0.00 0.00 0.00 0.00 0.00 0.00 0.00 0.00 0.01 0.15 0.34 0.55 0.77 1.00 1.25 1.50 1.75
0.00 0.00 0.00 0.00 0.00 0.00 0.00 0.00 0.00 0.00 0.00 0.00 0.00 0.00 0.00 0.00 0.00 0.00 0.04 0.10 0.16 0.19 0.21 0.22 0.22 0.21 0.19 0.17 0.14 0.12 0.10 0.08 0.07 0.05 0.04 0.03 0.03 0.02 0.01 0.01 0.00 0.00 0.00 0.00 0.00 0.00 0.00 0.00 0.00 0.00 0.00 0.00 0.00 0.00 0.00 0.00 0.00 0.00 0.00 0.00 0.00 0.00 0.00 0.00 0.00 0.00 0.00 0.00 0.00 0.00 0.00 0.00 0.00 0.00 0.00 0.00 0.14 0.33 0.55 0.78 1.03 1.28 1.54 1.80
0.00 0.00 0.00 0.00 0.00 0.00 0.00 0.00 0.00 0.00 0.00 0.00 0.00 0.00 0.00 0.00 0.00 0.04 0.11 0.18 0.23 0.27 0.29 0.30 0.31 0.30 0.29 0.27 0.24 0.22 0.19 0.17 0.15 0.13 0.11 0.10 0.09 0.08 0.07 0.06 0.05 0.03 0.02 0.02 0.01 0.00 0.00 0.00 0.00 0.00 0.00 0.00 0.00 0.00 0.00 0.00 0.00 0.00 0.00 0.00 0.00 0.00 0.00 0.00 0.00 0.00 0.00 0.00 0.00 0.00 0.00 0.00 0.00 0.00 0.00 0.00 0.13 0.31 0.53 0.78 1.03 1.30 1.56 1.82
0.00 0.00 0.00 0.00 0.00 0.00 0.00 0.00 0.00 0.00 0.00 0.00 0.00 0.00 0.00 0.00 0.03 0.11 0.19 0.25 0.31 0.34 0.37 0.38 0.39 0.39 0.38 0.37 0.34 0.31 0.28 0.25 0.23 0.21 0.19 0.17 0.15 0.13 0.12 0.10 0.09 0.08 0.07 0.05 0.04 0.04 0.02 0.01 0.00 0.00 0.00 0.00 0.00 0.00 0.00 0.00 0.00 0.00 0.00 0.00 0.00 0.00 0.00 0.00 0.00 0.00 0.00 0.00 0.00 0.00 0.00 0.00 0.00 0.00 0.00 0.00 0.12 0.29 0.51 0.75 1.02 1.29 1.56 1.82
0.00 0.00 0.00 0.00 0.00 0.00 0.00 0.00 0.00 0.00 0.00 0.00 0.00 0.00 0.00 0.02 0.11 0.19 0.26 0.32 0.38 0.41 0.44 0.45 0.46 0.46 0.46 0.45 0.44 0.41 0.38 0.34 0.31 0.28 0.26 0.23 0.21 0.19 0.17 0.15 0.14 0.12 0.11 0.10 0.09 0.07 0.06 0.05 0.04 0.02 0.00 0.00 0.00 0.00 0.00 0.00 0.00 0.00 0.00 0.00 0.00 0.00 0.00 0.00 0.00 0.00 0.00 0.00 0.00 0.00 0.00 0.00 0.00 0.00 0.00 0.00 0.11 0.28 0.49 0.72 0.99 1.26 1.54 1.81
0.00 0.00 0.00 0.00 0.00 0.00 0.00 0.00 0.00 0.00 0.00 0.00 0.00 0.00 0.02 0.11 0.19 0.26 0.33 0.39 0.44 0.48 0.50 0.51 0.53 0.53 0.53 0.53 0.52 0.50 0.47 0.43 0.40 0.36 0.33 0.30 0.27 0.25 0.22 0.20 0.18 0.16 0.15 0.14 0.13 0.12 0.10 0.09 0.08 0.06 0.04 0.03 0.01 0.00 0.00 0.00 0.00 0.00 0.00 0.00 0.00 0.00 0.00 0.00 0.00 0.00 0.00 0.00 0.00 0.00 0.00 0.00 0.00 0.00 0.00 0.00 0.10 0.27 0.47 0.70 0.95 1.22 1.50 1.77
0.00 0.00 0.00 0.00 0.00 0.00 0.00 0.00 0.00 0.00 0.00 0.00 0.00 0.04 0.12 0.20 0.27 0.34 0.40 0.46 0.50 0.54 0.56 0.57 0.58 0.59 0.59 0.59 0.58 0.57 0.55 0.52 0.48 0.44 0.40 0.36 0.33 0.30 0.27 0.25 0.23 0.21 0.19 0.18 0.17 0.16 0.15 0.13 0.12 0.10 0.08 0.06 0.05 0.03 0.01 0.00 0.00 0.00 0.00 0.00 0.00 0.00 0.00 0.00 0.00 0.00 0.00 0.00 0.00 0.00 0.00 0.00 0.00 0.00 0.00 0.00 0.09 0.25 0.45 0.67 0.92 1.18 1.45 1.72
0.00 0.00 0.00 0.00 0.00 0.00 0.00 0.00 0.00 0.00 0.00 0.01 0.08 0.15 0.22 0.28 0.35 0.41 0.47 0.52 0.56 0.59 0.61 0.62 0.63 0.64 0.64 0.65 0.64 0.63 0.61 0.59 0.55 0.51 0.47 0.43 0.39 0.35 0.32 0.30 0.27 0.26 0.24 0.23 0.21 0.20 0.19 0.17 0.16 0.14 0.12 0.10 0.08 0.06 0.04 0.02 0.00 0.00 0.00 0.00 0.00 0.00 0.00 0.00 0.00 0.00 0.00 0.00 0.00 0.00 0.00 0.00 0.00 0.00 0.00 0.00 0.08 0.24 0.43 0.65 0.88 1.13 1.40 1.66
0.05 0.01 0.00 0.00 0.00 0.00 0.00 0.00 0.02 0.05 0.10 0.14 0.20 0.26 0.31 0.37 0.43 0.48 0.53 0.58 0.61 0.64 0.65 0.66 0.67 0.68 0.69 0.69 0.69 0.68 0.66 0.64 0.62 0.58 0.53 0.49 0.44 0.40 0.37 0.34 0.32 0.30 0.29 0.27 0.26 0.24 0.23 0.22 0.20 0.18 0.16 0.14 0.12 0.10 0.08 0.06 0.04 0.02 0.00 0.00 0.00 0.00 0.00 0.00 0.00 0.00 0.00 0.00 0.00 0.00 0.00 0.00 0.00 0.00 0.00 0.00 0.08 0.23 0.41 0.62 0.85 1.09 1.34 1.59
0.22 0.19 0.17 0.16 0.15 0.15 0.16 0.18 0.20 0.22 0.25 0.29 0.33 0.37 0.42 0.46 0.51 0.55 0.60 0.63 0.66 0.68 0.69 0.70 0.71 0.71 0.72 0.72 0.72 0.71 0.70 0.69 0.66 0.63 0.59 0.54 0.49 0.45 0.42 0.39 0.37 0.35 0.33 0.32 0.30 0.29 0.27 0.26 0.24 0.22 0.21 0.18 0.16 0.14 0.12 0.10 0.07 0.05 0.03 0.01 0.00 0.00 0.00 0.00 0.00 0.00 0.00 0.00 0.00 0.00 0.00 0.00 0.00 0.00 0.00 0.00 0.07 0.22 0.40 0.60 0.82 1.05 1.29 1.53
0.41 0.38 0.36 0.35 0.34 0.34 0.35 0.36 0.38 0.39 0.41 0.43 0.46 0.49 0.52 0.55 0.59 0.62 0.65 0.68 0.70 0.72 0.72 0.73 0.73 0.73 0.74 0.74 0.74 0.73 0.72 0.71 0.69 0.66 0.63 0.59 0.55 0.50 0.47 0.44 0.42 0.39 0.38 0.36 0.35 0.33 0.32 0.30 0.29 0.27 0.25 0.23 0.20 0.18 0.16 0.13 0.11 0.08 0.06 0.04 0.02 0.00 0.00 0.00 0.00 0.00 0.00 0.00 0.00 0.00 0.00 0.00 0.00 0.00 0.00 0.00 0.07 0.21 0.38 0.57 0.78 1.01 1.23 1.46
0.59 0.57 0.55 0.54 0.53 0.53 0.54 0.55 0.55 0.56 0.57 0.58 0.59 0.60 0.62 0.64 0.67 0.69 0.71 0.73 0.74 0.75 0.75 0.75 0.75 0.75 0.75 0.75 0.74 0.74 0.73 0.72 0.71 0.68 0.66 0.63 0.59 0.55 0.52 0.49 0.46 0.44 0.42 0.41 0.39 0.38 0.36 0.35 0.33 0.31 0.29 0.27 0.24 0.22 0.19 0.17 0.14 0.12 0.09 0.07 0.04 0.02 0.00 0.00 0.00 0.00 0.00 0.00 0.00 0.00 0.00 0.00 0.00 0.00 0.00 0.00 0.06 0.20 0.36 0.55 0.75 0.96 1.18 1.40
0.78 0.76 0.74 0.73 0.73 0.73 0.73 0.73 0.73 0.73 0.73 0.73 0.72 0.72 0.73 0.73 0.74 0.76 0.77 0.77 0.78 0.78 0.77 0.76 0.75 0.75 0.75 0.74 0.74 0.73 0.73 0.72 0.70 0.69 0.67 0.65 0.63 0.60 0.57 0.54 0.51 0.49 0.47 0.45 0.43 0.42 0.40 0.39 0.37 0.35 0.33 0.31 0.28 0.26 0.23 0.20 0.18 0.15 0.12 0.10 0.07 0.05 0.02 0.00 0.00 0.00 0.00 0.00 0.00 0.00 0.00 0.00 0.00 0.00 0.00 0.00 0.06 0.19 0.35 0.53 0.72 0.92 1.13 1.33
0.97 0.95 0.94 0.93 0.92 0.92 0.91 0.91 0.90 0.89 0.88 0.87 0.86 0.84 0.83 0.83 0.82 0.82 0.82 0.81 0.81 0.80 0.78 0.76 0.75 0.74 0.73 0.73 0.72 0.72 0.71 0.70 0.69 0.68 0.67 0.66 0.65 0.63 0.61 0.58 0.55 0.53 0.51 0.49 0.48 0.46 0.44 0.43 0.41 0.39 0.37 0.34 0.32 0.29 0.27 0.24 0.21 0.18 0.16 0.13 0.10 0.07 0.04 0.02 0.00 0.00 0.00 0.00 0.00 0.00 0.00 0.00 0.00 0.00 0.00 0.00 0.05 0.18 0.33 0.50 0.69 0.88 1.07 1.26
1.16 1.14 1.13 1.12 1.11 1.11 1.10 1.08 1.07 1.05 1.03 1.01 0.99 0.96 0.94 0.92 0.90 0.88 0.87 0.85 0.83 0.81 0.79 0.76 0.74 0.73 0.71 0.70 0.69 0.68 0.67 0.67 0.66 0.66 0.66 0.66 0.66 0.65 0.64 0.62 0.60 0.57 0.55 0.53 0.52 0.50 0.48 0.47 0.45 0.43 0.41 0.38 0.36 0.33 0.30 0.27 0.24 0.22 0.19 0.16 0.13 0.10 0.07 0.04 0.01 0.00 0.00 0.00 0.00 0.00 0.00 0.00 0.00 0.00 0.00 0.00 0.05 0.17 0.31 0.48 0.65 0.83 1.01 1.19
1.35 1.33 1.32 1.31 1.30 1.29 1.27 1.25 1.23 1.20 1.17 1.14 1.11 1.08 1.04 1.01 0.97 0.94 0.91 0.88 0.85 0.82 0.79 0.75 0.72 0.70 0.68 0.66 0.65 0.64 0.63 0.63 0.63 0.63 0.64 0.65 0.65 0.66 0.66 0.65 0.64 0.61 0.59 0.57 0.56 0.54 0.52 0.51 0.49 0.47 0.44 0.42 0.39 0.36 0.34 0.31 0.28 0.25 0.21 0.18 0.15 0.12 0.09 0.06 0.03 0.01 0.00 0.00 0.00 0.00 0.00 0.00 0.00 0.00 0.00 0.00 0.04 0.16 0.30 0.45 0.62 0.78 0.95 1.11
1.53 1.52 1.51 1.50 1.49 1.47 1.45 1.42 1.39 1.35 1.31 1.27 1.23 1.19 1.14 1.09 1.04 1.00 0.95 0.91 0.87 0.82 0.78 0.73 0.69 0.66 0.63 0.61 0.59 0.58 0.58 0.58 0.59 0.60 0.61 0.63 0.64 0.65 0.66 0.66 0.66 0.65 0.63 0.61 0.59 0.58 0.56 0.54 0.52 0.50 0.48 0.45 0.43 0.40 0.37 0.34 0.31 0.27 0.24 0.21 0.18 0.14 0.11 0.08 0.05 0.02 0.00 0.00 0.00 0.00 0.00 0.00 0.00 0.00 0.00 0.00 0.04 0.15 0.28 0.43 0.58 0.73 0.88 1.03
1.72 1.71 1.70 1.69 1.67 1.64 1.61 1.57 1.53 1.49 1.44 1.39 1.34 1.29 1.23 1.17 1.11 1.05 0.99 0.93 0.88 0.82 0.76 0.71 0.66 0.62 0.58 0.55 0.53 0.52 0.52 0.52 0.53 0.55 0.57 0.59 0.61 0.63 0.65 0.66 0.67 0.67 0.66 0.65 0.63 0.61 0.59 0.58 0.56 0.54 0.51 0.49 0.46 0.43 0.40 0.37 0.33 0.30 0.27 0.23 0.20 0.17 0.13 0.10 0.07 0.04 0.01 0.00 0.00 0.00 0.00 0.00 0.00 0.00 0.00 0.00 0.03 0.14 0.26 0.39 0.53 0.67 0.81 0.94
1.91 1.90 1.88 1.86 1.84 1.80 1.77 1.72 1.68 1.62 1.57 1.51 1.45 1.38 1.31 1.24 1.17 1.10 1.03 0.95 0.88 0.81 0.74 0.67 0.61 0.56 0.51 0.48 0.46 0.45 0.45 0.46 0.47 0.50 0.52 0.55 0.58 0.60 0.63 0.65 0.67 0.68 0.68 0.68 0.66 0.64 0.63 0.61 0.59 0.57 0.54 0.52 0.49 0.46 0.43 0.39 0.36 0.33 0.29 0.26 0.22 0.19 0.15 0.12 0.09 0.05 0.03 0.00 0.00 0.00 0.00 0.00 0.00 0.00 0.00 0.00 0.02 0.12 0.23 0.35 0.47 0.60 0.72 0.85
2.09 2.08 2.06 2.03 2.00 1.96 1.91 1.86 1.81 1.75 1.68 1.62 1.54 1.47 1.39 1.31 1.23 1.14 1.05 0.97 0.88 0.79 0.71 0.63 0.55 0.49 0.44 0.41 0.39 0.38 0.38 0.39 0.41 0.43 0.46 0.49 0.53 0.56 0.60 0.63 0.65 0.67 0.69 0.69 0.69 0.67 0.66 0.64 0.62 0.60 0.57 0.54 0.51 0.48 0.45 0.42 0.38 0.35 0.31 0.28 0.24 0.20 0.17 0.13 0.10 0.07 0.04 0.01 0.00 0.00 0.00 0.00 0.00 0.00 0.00 0.00 0.02 0.10 0.20 0.30 0.41 0.52 0.63 0.75
2.26 2.24 2.22 2.19 2.15 2.10 2.05 1.99 1.93 1.86 1.79 1.71 1.63 1.55 1.46 1.36 1.27 1.17 1.07 0.97 0.87 0.77 0.67 0.57 0.49 0.42 0.37 0.33 0.31 0.30 0.30 0.31 0.33 0.36 0.39 0.43 0.47 0.51 0.55 0.59 0.62 0.65 0.68 0.69 0.70 0.70 0.68 0.66 0.64 0.62 0.60 0.57 0.54 0.51 0.47 0.44 0.40 0.37 0.33 0.30 0.26 0.22 0.19 0.15 0.11 0.08 0.05 0.02 0.00 0.00 0.00 0.00 0.00 0.00 0.00 0.00 0.00 0.07 0.15 0.24 0.33 0.43 0.53 0.64
2.42 2.40 2.37 2.34 2.29 2.24 2.18 2.12 2.05 1.97 1.89 1.80 1.71 1.61 1.51 1.41 1.31 1.20 1.09 0.97 0.86 0.74 0.62 0.51 0.42 0.35 0.29 0.25 0.23 0.22 0.22 0.23 0.25 0.28 0.32 0.36 0.40 0.45 0.50 0.54 0.58 0.62 0.65 0.68 0.70 0.70 0.70 0.69 0.67 0.64 0.62 0.59 0.56 0.53 0.49 0.46 0.42 0.39 0.35 0.31 0.27 0.24 0.20 0.16 0.13 0.09 0.06 0.03 0.00 0.00 0.00 0.00 0.00 0.00 0.00 0.00 0.00 0.02 0.09 0.16 0.24 0.33 0.43 0.52
2.57 2.55 2.51 2.47 2.42 2.36 2.30 2.22 2.15 2.06 1.97 1.88 1.78 1.67 1.56 1.45 1.33 1.21 1.09 0.96 0.83 0.70 0.57 0.45 0.35 0.27 0.21 0.17 0.15 0.13 0.13 0.15 0.17 0.20 0.24 0.28 0.33 0.38 0.43 0.48 0.53 0.58 0.62 0.65 0.68 0.70 0.71 0.70 0.68 0.66 0.64 0.61 0.58 0.55 0.51 0.48 0.44 0.40 0.36 0.33 0.29 0.25 0.21 0.17 0.14 0.10 0.07 0.04 0.01 0.00 0.00 0.00 0.00 0.00 0.00 0.00 0.00 0.00 0.01 0.08 0.15 0.23 0.31 0.39
2.68 2.65 2.61 2.57 2.51 2.45 2.38 2.30 2.22 2.13 2.03 1.93 1.82 1.70 1.58 1.46 1.33 1.20 1.07 0.93 0.79 0.65 0.52 0.40 0.30 0.21 0.15 0.10 0.07 0.06 0.06 0.07 0.09 0.12 0.16 0.20 0.25 0.31 0.36 0.42 0.48 0.53 0.58 0.62 0.66 0.68 0.70 0.71 0.70 0.68 0.65 0.63 0.59 0.56 0.53 0.49 0.46 0.42 0.38 0.34 0.30 0.26 0.22 0.19 0.15 0.11 0.08 0.04 0.01 0.00 0.00 0.00 0.00 0.00 0.00 0.00 0.00 0.00 0.00 0.00 0.05 0.12 0.19 0.27
2.73 2.70 2.67 2.62 2.56 2.50 2.42 2.34 2.25 2.16 2.06 1.95 1.83 1.71 1.59 1.46 1.32 1.18 1.04 0.89 0.74 0.60 0.47 0.36 0.26 0.17 0.10 0.04 0.01 0.00 0.00 0.00 0.02 0.05 0.09 0.13 0.19 0.24 0.30 0.36 0.42 0.48 0.54 0.59 0.63 0.67 0.69 0.71 0.71 0.70 0.67 0.64 0.61 0.58 0.55 0.51 0.47 0.43 0.39 0.35 0.31 0.27 0.24 0.20 0.16 0.12 0.08 0.05 0.02 0.00 0.00 0.00 0.00 0.00 0.00 0.00 0.00 0.00 0.00 0.00 0.00 0.02 0.09 0.15
2.75 2.72 2.68 2.63 2.58 2.51 2.43 2.35 2.26 2.16 2.06 1.95 1.83 1.70 1.57 1.44 1.29 1.15 1.00 0.84 0.69 0.55 0.43 0.32 0.23 0.14 0.06 0.00 0.00 0.00 0.00 0.00 0.00 0.00 0.02 0.07 0.12 0.18 0.24 0.31 0.37 0.43 0.49 0.55 0.60 0.65 0.68 0.70 0.71 0.70 0.69 0.66 0.63 0.60 0.56 0.53 0.49 0.45 0.41 0.37 0.33 0.29 0.25 0.21 0.17 0.13 0.09 0.06 0.02 0.00 0.00 0.00 0.00 0.00 0.00 0.00 0.00 0.00 0.00 0.00 0.00 0.00 0.00 0.05
2.77 2.70 2.66 2.61 2.56 2.49 2.42 2.34 2.25 2.15 2.04 1.93 1.81 1.68 1.55 1.41 1.26 1.11 0.96 0.80 0.65 0.51 0.40 0.29 0.20 0.12 0.04 0.00 0.00 0.00 0.00 0.00 0.00 0.00 0.00 0.01 0.07 0.13 0.19 0.25 0.32 0.39 0.45 0.51 0.57 0.62 0.66 0.68 0.70 0.70 0.70 0.68 0.65 0.61 0.58 0.54 0.50 0.46 0.42 0.38 0.34 0.30 0.26 0.22 0.18 0.14 0.10 0.06 0.03 0.00 0.00 0.00 0.00 0.00 0.00 0.00 0.00 0.00 0.00 0.00 0.00 0.00 0.00 0.00
2.83 2.68 2.61 2.57 2.52 2.46 2.38 2.30 2.22 2.12 2.01 1.90 1.78 1.65 1.52 1.37 1.23 1.08 0.92 0.76 0.61 0.48 0.37 0.27 0.18 0.10 0.03 0.00 0.00 0.00 0.00 0.00 0.00 0.00 0.00 0.00 0.02 0.08 0.14 0.20 0.27 0.34 0.41 0.48 0.54 0.59 0.63 0.66 0.69 0.70 0.70 0.68 0.66 0.63 0.59 0.56 0.52 0.48 0.44 0.39 0.35 0.31 0.27 0.22 0.18 0.14 0.10 0.07 0.03 0.00 0.00 0.00 0.00 0.00 0.00 0.00 0.00 0.00 0.00 0.00 0.00 0.00 0.00 0.00
2.96 2.73 2.58 2.51 2.46 2.40 2.33 2.26 2.17 2.08 1.98 1.87 1.75 1.62 1.49 1.35 1.20 1.05 0.89 0.73 0.58 0.45 0.34 0.25 0.17 0.09 0.02 0.00 0.00 0.00 0.00 0.00 0.00 0.00 0.00 0.00 0.00 0.03 0.09 0.16 0.23 0.30 0.37 0.44 0.50 0.55 0.60 0.64 0.66 0.68 0.69 0.68 0.67 0.64 0.61 0.57 0.53 0.49 0.45 0.40 0.36 0.32 0.27 0.23 0.19 0.15 0.11 0.07 0.03 0.00 0.00 0.00 0.00 0.00 0.00 0.00 0.00 0.00 0.00 0.00 0.00 0.00 0.00 0.00
3.13 2.83 2.61 2.46 2.39 2.34 2.28 2.21 2.13 2.04 1.94 1.84 1.72 1.60 1.47 1.33 1.18 1.02 0.86 0.70 0.56 0.43 0.32 0.24 0.16 0.09 0.02 0.00 0.00 0.00 0.00 0.00 0.00 0.00 0.00 0.00 0.00 0.00 0.05 0.12 0.19 0.26 0.33 0.39 0.46 0.51 0.56 0.60 0.64 0.66 0.67 0.68 0.67 0.65 0.62 0.58 0.54 0.50 0.46 0.41 0.37 0.32 0.28 0.24 0.19 0.15 0.11 0.07 0.03 0.00 0.00 0.00 0.00 0.00 0.00 0.00 0.00 0.00 0.00 0.00 0.00 0.00 0.00 0.00
3.34 2.98 2.70 2.49 2.35 2.27 2.22 2.16 2.09 2.01 1.92 1.82 1.71 1.59 1.46 1.32 1.17 1.01 0.84 0.68 0.54 0.41 0.31 0.23 0.15 0.08 0.02 0.00 0.00 0.00 0.00 0.00 0.00 0.00 0.00 0.00 0.00 0.00 0.02 0.08 0.15 0.22 0.29 0.35 0.41 0.47 0.52 0.57 0.61 0.64 0.65 0.66 0.66 0.64 0.62 0.59 0.55 0.51 0.46 0.42 0.38 0.33 0.28 0.24 0.19 0.15 0.11 0.07 0.03 0.00 0.00 0.00 0.00 0.00 0.00 0.00 0.00 0.00 0.00 0.00 0.00 0.00 0.00 0.00
3.59 3.18 2.84 2.57 2.37 2.24 2.17 2.12 2.05 1.98 1.90 1.81 1.71 1.60 1.47 1.32 1.16 0.99 0.83 0.67 0.52 0.40 0.30 0.22 0.15 0.09 0.03 0.00 0.00 0.00 0.00 0.00 0.00 0.00 0.00 0.00 0.00 0.00 0.00 0.05 0.11 0.18 0.24 0.31 0.37 0.43 0.48 0.53 0.57 0.60 0.63 0.64 0.64 0.63 0.62 0.59 0.56 0.51 0.47 0.42 0.38 0.33 0.29 0.24 0.19 0.15 0.11 0.06 0.02 0.00 0.00 0.00 0.00 0.00 0.00 0.00 0.00 0.00 0.00 0.00 0.00 0.00 0.00 0.00
