data_processed/recharge/precip/Precip_1985_11.asc
ncols        168
nrows        136
xllcorner    455000
yllcorner    2107000
cellsize     500
NODATA_value     -99999
[rows 0 to 35 of 136, columns 0 to 81 of 168]
270.39 252.16 231.05 209.03 187.18 165.79 145.07 125.27 106.61 89.31 73.62 59.83 48.17 38.59 31.01 25.34 21.47 19.33 18.56 18.16 17.81 17.50 17.24 17.03 16.88 16.79 16.84 17.06 17.43 17.94 18.57 19.30 20.12 21.00 21.91 22.81 23.66 24.48 25.24 25.95 26.59 27.17 27.67 28.09 28.43 28.68 28.82 28.87 28.80 28.66 28.46 28.22 27.93 27.61 27.25 26.85 26.43 25.99 25.60 25.28 25.02 24.83 24.71 24.67 24.70 24.77 24.86 24.96 25.08 25.21 25.35 25.51 25.69 25.90 26.13 26.39 26.68 26.98 27.31 27.65 27.99 28.26
262.88 246.78 227.51 205.86 183.69 162.04 141.19 121.36 102.78 85.69 70.43 57.27 46.20 37.12 29.94 24.58 20.92 18.90 18.17 17.79 17.44 17.13 16.87 16.65 16.48 16.36 16.30 16.37 16.61 17.00 17.52 18.15 18.88 19.67 20.47 21.27 22.05 22.81 23.54 24.24 24.90 25.51 26.06 26.54 26.94 27.26 27.48 27.61 27.64 27.56 27.40 27.19 26.93 26.64 26.30 25.94 25.55 25.20 24.91 24.67 24.50 24.39 24.35 24.38 24.47 24.60 24.74 24.89 25.05 25.23 25.41 25.61 25.81 26.03 26.27 26.53 26.81 27.11 27.42 27.74 27.98 28.12
251.95 237.79 220.67 200.92 179.27 157.50 136.60 116.84 98.45 81.81 67.26 54.79 44.31 35.73 28.95 23.89 20.45 18.55 17.86 17.49 17.15 16.84 16.58 16.35 16.16 16.02 15.92 15.88 15.97 16.21 16.61 17.12 17.73 18.38 19.05 19.74 20.43 21.13 21.82 22.51 23.17 23.82 24.41 24.93 25.39 25.77 26.06 26.27 26.38 26.38 26.29 26.12 25.89 25.63 25.32 25.00 24.69 24.44 24.24 24.10 24.01 23.97 24.00 24.09 24.23 24.41 24.60 24.79 25.00 25.21 25.43 25.65 25.88 26.11 26.35 26.61 26.88 27.17 27.46 27.67 27.79 27.80
238.03 225.61 210.47 192.90 173.21 152.12 131.30 111.71 93.79 77.94 64.16 52.38 42.49 34.41 28.03 23.28 20.06 18.27 17.61 17.26 16.92 16.62 16.35 16.12 15.91 15.75 15.62 15.54 15.51 15.60 15.84 16.21 16.65 17.13 17.67 18.24 18.84 19.46 20.11 20.77 21.43 22.10 22.72 23.29 23.79 24.22 24.58 24.85 25.03 25.13 25.12 25.01 24.82 24.59 24.32 24.08 23.88 23.72 23.61 23.54 23.53 23.56 23.65 23.79 23.99 24.21 24.44 24.67 24.91 25.15 25.39 25.64 25.89 26.13 26.38 26.63 26.89 27.15 27.34 27.44 27.43 27.33
221.57 210.71 197.34 181.76 164.28 145.20 125.23 106.16 89.10 74.13 61.13 50.04 40.74 33.15 27.18 22.74 19.72 18.05 17.43 17.09 16.77 16.47 16.19 15.95 15.73 15.54 15.39 15.27 15.19 15.15 15.22 15.39 15.63 15.95 16.33 16.77 17.27 17.82 18.41 19.04 19.69 20.37 21.02 21.61 22.15 22.63 23.04 23.38 23.63 23.80 23.87 23.84 23.72 23.53 23.36 23.21 23.10 23.03 23.00 23.01 23.06 23.16 23.30 23.50 23.74 24.00 24.26 24.52 24.79 25.05 25.32 25.58 25.84 26.09 26.34 26.59 26.83 26.99 27.06 27.04 26.92 26.72
203.02 193.52 181.73 167.95 152.48 135.66 118.02 100.53 84.48 70.37 58.16 47.75 39.05 31.95 26.39 22.25 19.45 17.89 17.31 16.98 16.66 16.37 16.09 15.83 15.60 15.39 15.21 15.06 14.93 14.83 14.71 14.66 14.70 14.83 15.06 15.37 15.76 16.22 16.75 17.33 17.97 18.65 19.31 19.93 20.51 21.02 21.47 21.86 22.17 22.41 22.56 22.61 22.58 22.51 22.44 22.39 22.37 22.38 22.42 22.50 22.61 22.77 22.96 23.19 23.47 23.76 24.05 24.34 24.63 24.91 25.19 25.46 25.73 25.98 26.24 26.46 26.62 26.67 26.63 26.50 26.28 26.00
182.82 174.49 164.08 151.90 138.28 123.81 109.12 94.38 79.88 66.68 55.25 45.52 37.40 30.81 25.64 21.81 19.22 17.78 17.24 16.92 16.61 16.31 16.03 15.77 15.52 15.29 15.08 14.89 14.71 14.50 14.27 14.03 13.86 13.81 13.87 14.04 14.31 14.68 15.13 15.67 16.28 16.96 17.63 18.26 18.86 19.40 19.89 20.32 20.69 20.98 21.19 21.34 21.44 21.52 21.56 21.60 21.67 21.75 21.86 22.00 22.17 22.37 22.61 22.88 23.19 23.51 23.82 24.13 24.43 24.72 25.01 25.28 25.55 25.81 26.04 26.19 26.24 26.19 26.05 25.83 25.54 25.17
161.42 154.05 144.84 134.09 122.44 110.61 98.73 86.80 74.79 63.00 52.37 43.33 35.81 29.71 24.95 21.42 19.04 17.72 17.21 16.91 16.60 16.31 16.02 15.74 15.48 15.23 14.99 14.75 14.48 14.16 13.82 13.47 13.14 12.90 12.79 12.81 12.95 13.21 13.59 14.06 14.64 15.31 15.98 16.62 17.23 17.79 18.31 18.78 19.18 19.53 19.81 20.07 20.31 20.52 20.71 20.86 21.00 21.15 21.32 21.52 21.74 21.99 22.26 22.56 22.89 23.23 23.56 23.88 24.19 24.49 24.77 25.05 25.31 25.54 25.70 25.76 25.71 25.58 25.36 25.06 24.69 24.27
139.26 132.67 124.47 115.32 105.99 96.66 87.30 77.89 68.43 58.89 49.52 41.19 34.25 28.65 24.29 21.07 18.90 17.69 17.23 16.93 16.63 16.34 16.04 15.76 15.47 15.20 14.92 14.59 14.21 13.80 13.37 12.93 12.50 12.10 11.81 11.68 11.69 11.84 12.12 12.53 13.07 13.71 14.37 15.01 15.63 16.21 16.75 17.24 17.68 18.08 18.46 18.84 19.20 19.54 19.85 20.12 20.35 20.57 20.80 21.05 21.31 21.60 21.90 22.23 22.57 22.93 23.26 23.59 23.90 24.20 24.48 24.75 24.99 25.15 25.21 25.18 25.05 24.84 24.55 24.20 23.77 23.30
116.78 110.79 103.81 96.67 89.54 82.43 75.29 68.13 60.92 53.64 46.28 39.05 32.73 27.62 23.66 20.74 18.79 17.70 17.27 16.98 16.69 16.40 16.10 15.80 15.50 15.18 14.81 14.39 13.92 13.42 12.90 12.38 11.88 11.40 10.97 10.67 10.54 10.57 10.75 11.09 11.58 12.19 12.84 13.47 14.08 14.66 15.21 15.73 16.21 16.68 17.16 17.64 18.11 18.56 18.98 19.37 19.72 20.02 20.30 20.59 20.89 21.20 21.53 21.88 22.24 22.59 22.94 23.26 23.57 23.86 24.13 24.37 24.54 24.61 24.58 24.47 24.27 24.00 23.66 23.26 22.79 22.28
94.45 89.30 84.01 78.77 73.56 68.37 63.18 57.97 52.72 47.42 42.04 36.58 31.22 26.62 23.06 20.45 18.70 17.73 17.33 17.06 16.78 16.48 16.18 15.86 15.53 15.13 14.67 14.15 13.59 13.01 12.42 11.83 11.26 10.72 10.23 9.80 9.52 9.42 9.50 9.76 10.19 10.76 11.38 11.99 12.59 13.17 13.73 14.27 14.81 15.37 15.93 16.50 17.05 17.60 18.11 18.60 19.05 19.45 19.81 20.14 20.47 20.81 21.15 21.51 21.87 22.23 22.57 22.89 23.19 23.47 23.71 23.88 23.96 23.94 23.84 23.66 23.41 23.08 22.70 22.26 21.77 21.24
73.19 69.41 65.72 62.09 58.51 54.96 51.42 47.87 44.30 40.69 37.01 33.25 29.40 25.62 22.47 20.17 18.64 17.78 17.42 17.15 16.88 16.58 16.27 15.93 15.51 15.02 14.47 13.88 13.24 12.59 11.93 11.29 10.66 10.06 9.52 9.04 8.64 8.41 8.38 8.55 8.91 9.44 10.03 10.61 11.19 11.76 12.32 12.90 13.51 14.13 14.77 15.40 16.04 16.66 17.26 17.83 18.37 18.86 19.30 19.69 20.05 20.40 20.76 21.12 21.49 21.84 22.17 22.48 22.76 23.01 23.18 23.26 23.26 23.17 23.00 22.77 22.46 22.10 21.69 21.22 20.72 20.18
54.25 51.78 49.40 47.10 44.85 42.65 40.48 38.31 36.12 33.91 31.64 29.31 26.89 24.37 21.89 19.91 18.58 17.84 17.51 17.26 16.99 16.69 16.35 15.94 15.43 14.86 14.24 13.57 12.87 12.15 11.44 10.73 10.06 9.42 8.84 8.32 7.89 7.56 7.41 7.48 7.77 8.24 8.78 9.33 9.89 10.45 11.04 11.66 12.31 12.99 13.68 14.37 15.07 15.75 16.41 17.05 17.66 18.23 18.75 19.21 19.62 19.99 20.35 20.71 21.07 21.41 21.73 22.02 22.27 22.45 22.54 22.54 22.46 22.31 22.09 21.81 21.47 21.08 20.64 20.17 19.66 19.12
38.33 36.87 35.51 34.25 33.06 31.92 30.81 29.73 28.64 27.54 26.40 25.20 23.93 22.57 21.10 19.64 18.53 17.90 17.61 17.37 17.10 16.78 16.38 15.88 15.30 14.65 13.96 13.22 12.47 11.70 10.93 10.18 9.47 8.80 8.18 7.64 7.18 6.83 6.60 6.56 6.77 7.18 7.67 8.18 8.71 9.28 9.89 10.55 11.23 11.94 12.67 13.41 14.15 14.88 15.59 16.29 16.95 17.58 18.16 18.69 19.16 19.56 19.93 20.28 20.62 20.95 21.24 21.50 21.68 21.78 21.79 21.73 21.59 21.39 21.12 20.81 20.44 20.03 19.59 19.11 18.61 18.09
25.88 25.14 24.52 24.01 23.58 23.21 22.89 22.60 22.33 22.05 21.74 21.39 20.98 20.49 19.90 19.21 18.47 17.96 17.71 17.48 17.19 16.81 16.32 15.75 15.10 14.39 13.64 12.85 12.04 11.23 10.42 9.64 8.89 8.19 7.55 6.99 6.53 6.16 5.92 5.82 5.93 6.27 6.71 7.17 7.69 8.27 8.90 9.57 10.27 11.00 11.75 12.52 13.28 14.05 14.80 15.53 16.24 16.91 17.54 18.11 18.63 19.09 19.48 19.82 20.15 20.45 20.71 20.89 21.00 21.02 20.97 20.85 20.66 20.42 20.13 19.79 19.41 18.99 18.55 18.08 17.60 17.11
17.37 17.06 16.89 16.84 16.88 17.00 17.18 17.40 17.64 17.89 18.13 18.34 18.50 18.59 18.60 18.51 18.30 18.01 17.79 17.55 17.20 16.75 16.19 15.55 14.84 14.08 13.27 12.44 11.59 10.74 9.90 9.09 8.32 7.60 6.95 6.39 5.91 5.55 5.31 5.21 5.27 5.54 5.92 6.36 6.87 7.44 8.06 8.73 9.43 10.17 10.93 11.71 12.49 13.27 14.04 14.79 15.52 16.22 16.88 17.50 18.06 18.55 18.98 19.33 19.63 19.90 20.09 20.20 20.23 20.19 20.09 19.92 19.70 19.43 19.11 18.76 18.38 17.97 17.54 17.09 16.64 16.19
13.05 12.91 12.91 13.04 13.27 13.60 14.00 14.45 14.94 15.45 15.96 16.45 16.90 17.30 17.63 17.87 18.00 18.00 17.85 17.55 17.13 16.61 15.99 15.29 14.53 13.72 12.87 12.00 11.12 10.24 9.38 8.55 7.76 7.04 6.38 5.82 5.35 5.00 4.77 4.69 4.76 4.99 5.33 5.74 6.23 6.77 7.38 8.03 8.73 9.46 10.21 10.98 11.76 12.54 13.32 14.08 14.82 15.54 16.22 16.85 17.43 17.95 18.40 18.78 19.08 19.28 19.40 19.44 19.41 19.32 19.17 18.97 18.72 18.43 18.11 17.76 17.38 16.99 16.58 16.17 15.76 15.35
10.98 10.86 10.90 11.08 11.38 11.78 12.26 12.82 13.42 14.05 14.69 15.33 15.95 16.52 17.03 17.47 17.80 17.96 17.83 17.48 17.00 16.41 15.74 15.00 14.19 13.34 12.46 11.56 10.65 9.75 8.87 8.03 7.24 6.51 5.86 5.31 4.85 4.52 4.31 4.26 4.36 4.59 4.90 5.27 5.73 6.24 6.82 7.45 8.12 8.83 9.57 10.33 11.10 11.87 12.64 13.41 14.15 14.87 15.55 16.20 16.79 17.33 17.80 18.19 18.48 18.63 18.68 18.67 18.59 18.45 18.27 18.04 17.77 17.47 17.15 16.80 16.44 16.07 15.69 15.32 14.96 14.61
9.41 9.30 9.35 9.56 9.90 10.35 10.90 11.53 12.22 12.96 13.71 14.48 15.23 15.95 16.63 17.24 17.70 17.87 17.72 17.35 16.83 16.20 15.48 14.69 13.85 12.97 12.06 11.13 10.20 9.29 8.41 7.56 6.77 6.05 5.41 4.87 4.43 4.12 3.95 3.92 4.03 4.26 4.56 4.91 5.32 5.81 6.35 6.95 7.59 8.28 8.99 9.73 10.49 11.25 12.01 12.77 13.51 14.23 14.91 15.56 16.16 16.71 17.19 17.57 17.84 17.97 17.99 17.92 17.79 17.62 17.40 17.15 16.87 16.56 16.24 15.91 15.56 15.22 14.88 14.55 14.24 13.95
8.26 8.13 8.18 8.40 8.76 9.25 9.85 10.54 11.30 12.12 12.97 13.85 14.72 15.58 16.40 17.11 17.56 17.70 17.53 17.15 16.62 15.96 15.20 14.38 13.51 12.60 11.67 10.72 9.79 8.87 7.98 7.14 6.36 5.65 5.03 4.50 4.10 3.82 3.68 3.66 3.77 4.00 4.30 4.63 5.02 5.46 5.97 6.53 7.14 7.80 8.49 9.20 9.93 10.68 11.43 12.17 12.90 13.61 14.30 14.94 15.55 16.10 16.56 16.91 17.15 17.28 17.28 17.19 17.02 16.81 16.57 16.30 16.01 15.71 15.39 15.07 14.75 14.44 14.15 13.87 13.61 13.39
7.50 7.34 7.38 7.59 7.95 8.46 9.09 9.82 10.64 11.52 12.46 13.42 14.40 15.37 16.26 16.94 17.34 17.44 17.26 16.88 16.35 15.68 14.91 14.06 13.16 12.23 11.29 10.34 9.39 8.48 7.59 6.76 5.99 5.31 4.71 4.22 3.84 3.60 3.47 3.47 3.58 3.81 4.10 4.43 4.79 5.20 5.67 6.19 6.77 7.39 8.04 8.73 9.44 10.16 10.89 11.61 12.33 13.03 13.71 14.35 14.95 15.46 15.89 16.21 16.43 16.55 16.55 16.45 16.27 16.04 15.78 15.49 15.20 14.90 14.60 14.30 14.01 13.74 13.48 13.26 13.07 12.92
7.12 6.92 6.91 7.10 7.46 7.96 8.60 9.36 10.22 11.15 12.15 13.19 14.25 15.27 16.11 16.71 17.05 17.12 16.92 16.53 16.01 15.35 14.58 13.72 12.81 11.87 10.92 9.97 9.03 8.12 7.25 6.43 5.69 5.02 4.46 4.00 3.66 3.44 3.33 3.34 3.45 3.67 3.96 4.28 4.63 5.03 5.46 5.93 6.47 7.05 7.67 8.32 9.00 9.69 10.39 11.10 11.79 12.48 13.14 13.77 14.33 14.80 15.19 15.49 15.69 15.79 15.79 15.70 15.53 15.29 15.01 14.72 14.43 14.14 13.85 13.58 13.32 13.09 12.89 12.73 12.61 12.53
7.06 6.83 6.77 6.92 7.25 7.74 8.38 9.14 10.02 10.98 12.02 13.12 14.20 15.14 15.89 16.41 16.70 16.74 16.52 16.13 15.61 14.96 14.21 13.37 12.46 11.52 10.56 9.62 8.69 7.79 6.94 6.15 5.43 4.80 4.27 3.86 3.55 3.35 3.25 3.26 3.38 3.59 3.87 4.18 4.53 4.91 5.32 5.76 6.24 6.78 7.36 7.97 8.61 9.27 9.94 10.62 11.29 11.95 12.59 13.17 13.68 14.11 14.47 14.73 14.92 15.01 15.00 14.92 14.76 14.55 14.28 13.99 13.70 13.42 13.16 12.92 12.70 12.52 12.37 12.27 12.22 12.21
7.19 7.03 6.94 7.03 7.31 7.77 8.38 9.14 10.02 11.00 12.07 13.15 14.14 14.97 15.61 16.07 16.30 16.31 16.08 15.69 15.17 14.53 13.80 12.98 12.10 11.17 10.22 9.29 8.37 7.50 6.67 5.91 5.23 4.64 4.16 3.77 3.49 3.30 3.22 3.24 3.35 3.57 3.84 4.14 4.47 4.84 5.23 5.65 6.09 6.58 7.11 7.68 8.28 8.90 9.54 10.18 10.83 11.46 12.04 12.56 13.02 13.41 13.72 13.97 14.13 14.21 14.21 14.13 13.99 13.80 13.56 13.29 13.01 12.75 12.51 12.31 12.13 12.00 11.92 11.89 11.90 11.92
7.45 7.39 7.36 7.41 7.63 8.04 8.61 9.34 10.21 11.19 12.22 13.19 14.03 14.75 15.30 15.68 15.86 15.84 15.60 15.20 14.69 14.06 13.35 12.56 11.71 10.81 9.89 8.98 8.09 7.24 6.45 5.73 5.09 4.54 4.09 3.74 3.48 3.31 3.24 3.26 3.38 3.59 3.85 4.14 4.46 4.81 5.19 5.59 6.01 6.45 6.93 7.45 8.00 8.58 9.18 9.79 10.39 10.96 11.48 11.94 12.34 12.69 12.97 13.19 13.34 13.41 13.40 13.33 13.21 13.04 12.83 12.60 12.36 12.12 11.92 11.75 11.62 11.55 11.53 11.56 11.60 11.59
7.83 7.85 7.91 8.01 8.19 8.52 9.05 9.73 10.56 11.48 12.37 13.18 13.89 14.49 14.95 15.26 15.39 15.34 15.08 14.69 14.18 13.57 12.88 12.12 11.30 10.45 9.57 8.68 7.83 7.01 6.26 5.59 5.00 4.49 4.08 3.75 3.51 3.36 3.30 3.33 3.45 3.65 3.90 4.18 4.49 4.83 5.19 5.57 5.97 6.38 6.82 7.29 7.79 8.32 8.87 9.42 9.96 10.45 10.90 11.31 11.66 11.97 12.21 12.41 12.54 12.60 12.59 12.53 12.43 12.28 12.11 11.92 11.72 11.53 11.36 11.24 11.17 11.16 11.20 11.25 11.27 11.24
8.31 8.40 8.54 8.71 8.92 9.21 9.66 10.29 11.03 11.78 12.50 13.15 13.73 14.21 14.58 14.82 14.90 14.82 14.55 14.16 13.66 13.06 12.39 11.66 10.88 10.07 9.24 8.41 7.59 6.82 6.12 5.49 4.95 4.48 4.10 3.80 3.59 3.45 3.40 3.44 3.55 3.75 4.00 4.27 4.56 4.88 5.23 5.59 5.96 6.36 6.76 7.18 7.62 8.10 8.59 9.07 9.53 9.95 10.33 10.68 10.98 11.24 11.46 11.63 11.74 11.79 11.79 11.74 11.65 11.53 11.39 11.25 11.10 10.96 10.85 10.78 10.77 10.81 10.87 10.91 10.91 10.87
8.86 9.02 9.22 9.46 9.73 10.05 10.44 10.95 11.51 12.06 12.60 13.10 13.55 13.92 14.20 14.36 14.40 14.29 14.02 13.62 13.13 12.55 11.90 11.20 10.45 9.68 8.91 8.13 7.38 6.67 6.02 5.44 4.94 4.51 4.16 3.89 3.70 3.58 3.54 3.58 3.70 3.89 4.12 4.38 4.67 4.97 5.29 5.63 5.99 6.36 6.73 7.12 7.52 7.93 8.34 8.73 9.10 9.45 9.76 10.05 10.31 10.53 10.71 10.85 10.95 11.00 11.00 10.95 10.88 10.79 10.69 10.59 10.49 10.42 10.37 10.36 10.41 10.47 10.52 10.54 10.52 10.47
9.47 9.69 9.94 10.23 10.56 10.93 11.30 11.64 11.98 12.34 12.70 13.05 13.36 13.62 13.81 13.91 13.89 13.75 13.48 13.09 12.60 12.04 11.41 10.74 10.03 9.31 8.58 7.87 7.18 6.54 5.95 5.42 4.96 4.58 4.26 4.02 3.84 3.74 3.71 3.75 3.87 4.06 4.28 4.53 4.80 5.09 5.39 5.71 6.04 6.39 6.74 7.09 7.45 7.78 8.09 8.39 8.68 8.95 9.21 9.44 9.65 9.83 9.98 10.10 10.18 10.22 10.22 10.19 10.14 10.07 10.00 9.95 9.90 9.89 9.91 9.98 10.05 10.10 10.13 10.14 10.12 10.05
10.12 10.38 10.68 11.02 11.39 11.76 12.07 12.29 12.45 12.61 12.80 13.00 13.18 13.33 13.43 13.46 13.40 13.23 12.95 12.56 12.09 11.54 10.94 10.30 9.63 8.96 8.28 7.63 7.01 6.43 5.91 5.43 5.02 4.67 4.39 4.17 4.01 3.93 3.91 3.96 4.07 4.25 4.46 4.70 4.95 5.23 5.51 5.81 6.12 6.44 6.76 7.08 7.38 7.64 7.86 8.08 8.28 8.48 8.67 8.84 9.00 9.14 9.26 9.36 9.43 9.47 9.47 9.45 9.41 9.38 9.35 9.33 9.35 9.39 9.48 9.57 9.65 9.70 9.72 9.72 9.69 9.62
10.79 11.09 11.42 11.79 12.16 12.47 12.70 12.84 12.90 12.90 12.92 12.96 13.01 13.05 13.06 13.02 12.92 12.73 12.44 12.06 11.59 11.07 10.49 9.88 9.26 8.63 8.01 7.42 6.86 6.35 5.89 5.47 5.10 4.79 4.54 4.34 4.21 4.14 4.13 4.18 4.29 4.46 4.67 4.89 5.13 5.39 5.65 5.93 6.22 6.51 6.80 7.06 7.29 7.48 7.64 7.78 7.90 8.03 8.15 8.27 8.39 8.49 8.58 8.65 8.71 8.74 8.74 8.74 8.72 8.71 8.72 8.75 8.82 8.92 9.04 9.14 9.21 9.26 9.28 9.28 9.25 9.18
11.46 11.79 12.15 12.51 12.81 13.04 13.19 13.26 13.25 13.18 13.05 12.94 12.87 12.80 12.72 12.62 12.47 12.26 11.96 11.58 11.13 10.63 10.08 9.51 8.92 8.34 7.77 7.24 6.75 6.30 5.89 5.52 5.20 4.93 4.71 4.54 4.43 4.37 4.37 4.42 4.53 4.70 4.89 5.10 5.33 5.56 5.81 6.06 6.33 6.58 6.82 7.02 7.18 7.31 7.42 7.50 7.55 7.61 7.67 7.74 7.80 7.87 7.93 7.98 8.02 8.05 8.06 8.06 8.07 8.09 8.13 8.21 8.33 8.46 8.57 8.67 8.74 8.80 8.82 8.82 8.79 8.73
12.12 12.46 12.81 13.10 13.32 13.47 13.55 13.56 13.50 13.38 13.19 12.96 12.75 12.58 12.42 12.25 12.06 11.82 11.52 11.15 10.72 10.23 9.71 9.17 8.63 8.10 7.59 7.12 6.68 6.28 5.92 5.60 5.32 5.09 4.90 4.75 4.66 4.62 4.62 4.68 4.79 4.94 5.13 5.32 5.53 5.75 5.98 6.21 6.44 6.65 6.82 6.95 7.06 7.14 7.19 7.22 7.23 7.22 7.22 7.23 7.25 7.28 7.31 7.35 7.38 7.40 7.41 7.43 7.46 7.51 7.59 7.71 7.85 7.97 8.08 8.18 8.26 8.31 8.34 8.35 8.32 8.27
12.74 13.07 13.34 13.55 13.70 13.78 13.80 13.75 13.65 13.49 13.27 12.99 12.68 12.40 12.16 11.92 11.69 11.43 11.13 10.77 10.35 9.89 9.40 8.89 8.39 7.92 7.47 7.05 6.66 6.31 5.99 5.71 5.46 5.26 5.10 4.98 4.91 4.88 4.89 4.95 5.05 5.20 5.37 5.55 5.75 5.95 6.15 6.36 6.54 6.68 6.79 6.87 6.92 6.95 6.96 6.94 6.91 6.87 6.82 6.78 6.75 6.74 6.75 6.76 6.78 6.80 6.82 6.85 6.90 6.98 7.10 7.23 7.36 7.48 7.59 7.69 7.76 7.82 7.86 7.87 7.85 7.80
13.29 13.54 13.74 13.87 13.95 13.97 13.93 13.84 13.70 13.51 13.27 12.98 12.64 12.28 11.95 11.66 11.38 11.11 10.81 10.45 10.04 9.60 9.14 8.68 8.23 7.81 7.41 7.03 6.69 6.37 6.09 5.84 5.63 5.45 5.31 5.21 5.16 5.14 5.16 5.22 5.32 5.46 5.62 5.79 5.96 6.14 6.32 6.48 6.60 6.69 6.74 6.77 6.78 6.76 6.73 6.67 6.61 6.54 6.45 6.37 6.30 6.26 6.23 6.22 6.23 6.25 6.27 6.32 6.39 6.50 6.63 6.76 6.88 7.00 7.10 7.19 7.27 7.33 7.37 7.39 7.38 7.34
13.71 13.88 14.00 14.06 14.08 14.05 13.97 13.84 13.67 13.46 13.21 12.91 12.57 12.20 11.81 11.46 11.14 10.84 10.54 10.20 9.81 9.39 8.97 8.55 8.15 7.77 7.42 7.08 6.77 6.49 6.24 6.02 5.83 5.67 5.55 5.46 5.42 5.41 5.44 5.50 5.60 5.72 5.87 6.02 6.18 6.34 6.47 6.57 6.63 6.67 6.68 6.66 6.62 6.57 6.50 6.41 6.32 6.22 6.11 6.01 5.91 5.83 5.77 5.75 5.75 5.76 5.79 5.85 5.95 6.06 6.18 6.30 6.42 6.53 6.63 6.72 6.80 6.86 6.90 6.92 6.92 6.89
