data_processed/recharge/precip/Precip_1997_05.asc
ncols        168
nrows        136
xllcorner    455000
yllcorner    2107000
cellsize     500
NODATA_value     -99999
[rows 0 to 33 of 136, columns 77 to 153 of 168]
58.93 58.10 57.40 56.90 56.67 56.71 56.99 57.50 58.24 59.18 60.32 61.63 63.10 64.73 66.50 68.45 70.64 73.08 75.74 78.59 81.60 84.69 87.47 89.80 91.74 93.34 94.64 95.71 96.60 97.38 98.06 98.65 99.15 99.57 99.91 100.19 100.41 100.57 100.68 100.76 100.86 101.11 101.53 102.09 102.76 103.49 104.27 105.05 105.82 106.58 107.33 108.08 108.85 109.62 110.43 111.26 112.10 112.96 113.81 114.65 115.47 116.26 117.02 117.73 118.38 118.96 119.34 119.43 119.19 118.58 117.54 116.05 114.26 112.51 110.86 109.33 107.96
59.93 59.08 58.43 58.06 57.94 58.07 58.43 59.01 59.80 60.78 61.93 63.25 64.71 66.31 68.04 69.87 71.86 74.07 76.49 79.11 81.89 84.74 87.29 89.42 91.17 92.59 93.74 94.70 95.54 96.29 96.94 97.50 97.99 98.41 98.76 99.05 99.29 99.48 99.63 99.75 99.85 99.98 100.26 100.71 101.29 101.97 102.72 103.49 104.24 104.98 105.72 106.45 107.21 107.99 108.80 109.64 110.49 111.34 112.19 113.02 113.84 114.62 115.36 116.06 116.70 117.27 117.75 118.00 117.93 117.49 116.63 115.32 113.72 112.16 110.71 109.40 108.25
61.00 60.20 59.68 59.41 59.38 59.59 60.02 60.65 61.47 62.46 63.62 64.92 66.36 67.91 69.57 71.33 73.16 75.12 77.28 79.63 82.14 84.73 87.02 88.91 90.43 91.64 92.65 93.54 94.33 95.03 95.65 96.19 96.66 97.07 97.42 97.71 97.97 98.18 98.37 98.53 98.68 98.81 98.99 99.32 99.81 100.43 101.15 101.89 102.62 103.34 104.05 104.78 105.54 106.34 107.16 108.01 108.86 109.72 110.57 111.40 112.21 112.98 113.71 114.40 115.02 115.58 116.06 116.42 116.54 116.29 115.64 114.53 113.14 111.80 110.58 109.50 108.56
62.20 61.52 61.09 60.91 60.97 61.23 61.70 62.36 63.20 64.19 65.33 66.60 67.99 69.48 71.06 72.72 74.45 76.22 78.10 80.14 82.35 84.63 86.63 88.23 89.50 90.54 91.46 92.28 93.02 93.67 94.25 94.75 95.20 95.59 95.93 96.23 96.50 96.73 96.94 97.14 97.33 97.51 97.71 97.95 98.35 98.90 99.57 100.28 100.98 101.67 102.38 103.11 103.90 104.71 105.55 106.41 107.27 108.13 108.98 109.82 110.62 111.39 112.12 112.79 113.40 113.94 114.41 114.78 115.03 114.99 114.56 113.68 112.52 111.42 110.45 109.61 108.78
63.56 62.98 62.65 62.54 62.65 62.96 63.45 64.12 64.95 65.92 67.03 68.25 69.57 70.98 72.47 74.02 75.61 77.24 78.89 80.62 82.48 84.42 86.10 87.40 88.45 89.38 90.22 90.97 91.65 92.24 92.77 93.24 93.66 94.03 94.36 94.65 94.92 95.17 95.40 95.62 95.85 96.08 96.32 96.59 96.92 97.40 98.02 98.70 99.37 100.04 100.76 101.52 102.32 103.16 104.01 104.88 105.76 106.63 107.49 108.33 109.13 109.90 110.62 111.29 111.89 112.42 112.87 113.22 113.48 113.59 113.40 112.77 111.87 111.04 110.31 109.60 108.83
65.06 64.56 64.30 64.24 64.39 64.72 65.22 65.88 66.69 67.62 68.67 69.83 71.06 72.38 73.75 75.17 76.62 78.09 79.56 81.02 82.53 84.10 85.42 86.47 87.40 88.24 88.99 89.66 90.26 90.80 91.28 91.70 92.08 92.42 92.73 93.02 93.28 93.53 93.78 94.03 94.29 94.56 94.85 95.17 95.52 95.95 96.53 97.16 97.81 98.50 99.25 100.04 100.87 101.73 102.60 103.49 104.38 105.26 106.13 106.97 107.79 108.56 109.28 109.94 110.53 111.05 111.49 111.83 112.07 112.20 112.17 111.81 111.18 110.61 110.04 109.41 108.72
66.65 66.22 66.00 65.98 66.15 66.48 66.98 67.61 68.37 69.25 70.23 71.29 72.43 73.63 74.87 76.14 77.42 78.71 79.99 81.24 82.46 83.64 84.68 85.59 86.41 87.14 87.80 88.39 88.92 89.39 89.80 90.18 90.52 90.82 91.11 91.38 91.63 91.88 92.14 92.40 92.69 92.99 93.32 93.69 94.10 94.57 95.11 95.72 96.39 97.12 97.90 98.73 99.58 100.46 101.36 102.27 103.18 104.08 104.96 105.81 106.63 107.40 108.12 108.78 109.38 109.89 110.31 110.64 110.87 110.98 110.97 110.79 110.44 110.04 109.57 109.04 108.44
68.19 67.82 67.64 67.64 67.81 68.14 68.61 69.20 69.91 70.72 71.62 72.58 73.61 74.67 75.77 76.88 77.99 79.08 80.15 81.18 82.16 83.11 83.99 84.78 85.48 86.11 86.68 87.17 87.62 88.01 88.37 88.69 88.98 89.24 89.50 89.74 89.98 90.23 90.49 90.76 91.06 91.39 91.76 92.18 92.64 93.17 93.81 94.50 95.21 95.97 96.78 97.63 98.52 99.42 100.34 101.27 102.19 103.10 103.99 104.85 105.67 106.45 107.17 107.83 108.42 108.92 109.33 109.65 109.86 109.95 109.92 109.77 109.56 109.29 108.94 108.52 108.03
69.33 69.02 68.89 68.92 69.11 69.44 69.89 70.46 71.12 71.87 72.69 73.57 74.48 75.43 76.39 77.34 78.29 79.20 80.08 80.90 81.71 82.54 83.31 83.97 84.55 85.07 85.53 85.93 86.29 86.61 86.89 87.15 87.39 87.61 87.83 88.04 88.26 88.50 88.76 89.04 89.35 89.71 90.11 90.56 91.07 91.72 92.63 93.57 94.35 95.14 95.96 96.82 97.72 98.63 99.55 100.48 101.40 102.31 103.19 104.04 104.85 105.61 106.32 106.95 107.51 107.99 108.38 108.66 108.84 108.90 108.84 108.74 108.62 108.46 108.25 107.95 107.58
70.01 69.77 69.70 69.78 70.00 70.35 70.80 71.35 71.99 72.69 73.45 74.25 75.07 75.91 76.75 77.57 78.36 79.11 79.80 80.47 81.18 81.92 82.59 83.14 83.60 84.00 84.35 84.66 84.92 85.16 85.37 85.56 85.74 85.91 86.09 86.27 86.47 86.69 86.94 87.22 87.54 87.91 88.34 88.83 89.46 90.36 91.57 92.79 93.78 94.62 95.44 96.29 97.17 98.06 98.97 99.87 100.77 101.65 102.51 103.33 104.10 104.83 105.49 106.09 106.60 107.03 107.37 107.60 107.72 107.74 107.73 107.71 107.67 107.60 107.50 107.33 107.08
70.27 70.12 70.13 70.27 70.53 70.91 71.38 71.93 72.55 73.22 73.93 74.67 75.42 76.16 76.89 77.59 78.24 78.84 79.41 79.99 80.60 81.25 81.82 82.28 82.64 82.93 83.16 83.36 83.53 83.68 83.81 83.93 84.04 84.16 84.29 84.44 84.61 84.81 85.04 85.32 85.65 86.03 86.48 87.07 87.94 89.13 90.61 92.09 93.33 94.33 95.17 95.99 96.84 97.70 98.56 99.42 100.27 101.11 101.91 102.68 103.40 104.06 104.67 105.20 105.65 106.01 106.27 106.43 106.49 106.54 106.60 106.66 106.71 106.72 106.71 106.66 106.54
70.16 70.10 70.20 70.41 70.74 71.15 71.65 72.22 72.84 73.49 74.17 74.86 75.55 76.22 76.85 77.44 77.98 78.47 78.95 79.46 79.99 80.54 81.02 81.39 81.66 81.85 81.97 82.06 82.13 82.18 82.23 82.27 82.32 82.38 82.46 82.57 82.70 82.87 83.09 83.36 83.69 84.09 84.62 85.43 86.57 88.02 89.75 91.46 92.91 94.11 95.08 95.90 96.69 97.49 98.29 99.09 99.88 100.64 101.37 102.06 102.70 103.29 103.81 104.25 104.62 104.89 105.06 105.14 105.23 105.34 105.48 105.62 105.74 105.83 105.90 105.93 105.93
69.83 69.76 69.95 70.26 70.65 71.13 71.68 72.27 72.90 73.55 74.22 74.87 75.51 76.12 76.68 77.17 77.62 78.05 78.47 78.89 79.34 79.80 80.19 80.47 80.66 80.76 80.79 80.77 80.74 80.69 80.65 80.61 80.59 80.59 80.61 80.67 80.76 80.91 81.10 81.36 81.69 82.15 82.90 83.96 85.34 87.02 88.97 90.88 92.52 93.90 95.03 95.94 96.70 97.42 98.14 98.85 99.54 100.21 100.85 101.45 101.99 102.47 102.89 103.22 103.48 103.63 103.72 103.81 103.96 104.15 104.36 104.57 104.76 104.93 105.07 105.18 105.27
69.46 69.26 69.44 69.84 70.33 70.88 71.48 72.12 72.78 73.44 74.10 74.74 75.35 75.90 76.40 76.83 77.23 77.59 77.95 78.30 78.66 79.04 79.34 79.54 79.64 79.66 79.62 79.51 79.36 79.22 79.08 78.96 78.86 78.79 78.75 78.76 78.81 78.92 79.09 79.33 79.71 80.37 81.36 82.65 84.25 86.13 88.26 90.35 92.16 93.68 94.95 95.97 96.78 97.44 98.06 98.66 99.24 99.80 100.32 100.80 101.22 101.58 101.87 102.08 102.20 102.25 102.33 102.49 102.70 102.96 103.24 103.52 103.78 104.02 104.23 104.42 104.57
69.07 68.74 68.81 69.21 69.79 70.43 71.11 71.80 72.50 73.20 73.87 74.51 75.09 75.62 76.07 76.46 76.81 77.12 77.41 77.69 77.97 78.26 78.47 78.59 78.61 78.56 78.44 78.25 78.03 77.78 77.54 77.33 77.15 77.01 76.90 76.85 76.86 76.93 77.07 77.35 77.92 78.80 80.00 81.49 83.27 85.32 87.62 89.86 91.80 93.45 94.82 95.93 96.82 97.49 98.02 98.49 98.95 99.37 99.75 100.09 100.37 100.58 100.72 100.78 100.78 100.82 100.96 101.17 101.45 101.78 102.12 102.47 102.80 103.10 103.38 103.63 103.86
68.67 68.24 68.20 68.51 69.10 69.84 70.60 71.37 72.12 72.86 73.56 74.20 74.79 75.29 75.71 76.07 76.37 76.63 76.86 77.07 77.27 77.48 77.60 77.64 77.58 77.45 77.26 77.01 76.71 76.39 76.05 75.75 75.48 75.26 75.08 74.97 74.92 74.95 75.12 75.57 76.34 77.42 78.80 80.47 82.40 84.61 87.04 89.41 91.45 93.19 94.64 95.82 96.75 97.46 97.96 98.32 98.62 98.88 99.11 99.28 99.40 99.44 99.41 99.33 99.31 99.40 99.60 99.87 100.21 100.60 101.00 101.41 101.81 102.18 102.52 102.84 103.13
68.28 67.77 67.65 67.87 68.38 69.14 69.99 70.84 71.67 72.46 73.20 73.88 74.46 74.94 75.34 75.66 75.92 76.13 76.30 76.44 76.57 76.69 76.74 76.69 76.56 76.36 76.09 75.78 75.42 75.03 74.62 74.22 73.86 73.55 73.31 73.13 73.03 73.07 73.39 74.03 74.98 76.23 77.76 79.57 81.64 83.97 86.51 88.97 91.09 92.90 94.39 95.61 96.56 97.28 97.77 98.07 98.23 98.31 98.36 98.35 98.27 98.13 97.94 97.83 97.86 98.01 98.25 98.59 98.98 99.42 99.89 100.36 100.81 101.24 101.65 102.02 102.37
67.91 67.35 67.16 67.31 67.76 68.45 69.33 70.28 71.19 72.06 72.85 73.54 74.12 74.59 74.96 75.25 75.47 75.63 75.74 75.82 75.87 75.91 75.88 75.76 75.55 75.28 74.95 74.56 74.14 73.69 73.23 72.76 72.31 71.91 71.59 71.34 71.24 71.42 71.92 72.72 73.83 75.22 76.88 78.80 80.98 83.40 86.02 88.54 90.72 92.56 94.08 95.31 96.25 96.95 97.41 97.66 97.71 97.63 97.47 97.25 96.97 96.65 96.43 96.36 96.43 96.63 96.93 97.31 97.76 98.25 98.77 99.30 99.81 100.30 100.76 101.20 101.61
67.56 66.97 66.75 66.86 67.25 67.89 68.73 69.72 70.73 71.67 72.51 73.21 73.78 74.23 74.58 74.84 75.02 75.13 75.19 75.20 75.19 75.15 75.04 74.84 74.56 74.22 73.82 73.38 72.90 72.39 71.87 71.35 70.83 70.35 69.95 69.69 69.71 70.05 70.70 71.64 72.87 74.37 76.13 78.15 80.40 82.88 85.56 88.12 90.32 92.17 93.69 94.90 95.81 96.46 96.85 97.02 96.99 96.77 96.40 95.96 95.49 95.12 94.94 94.91 95.03 95.27 95.62 96.05 96.55 97.09 97.66 98.24 98.81 99.35 99.87 100.36 100.82
67.24 66.65 66.42 66.51 66.89 67.50 68.30 69.26 70.31 71.31 72.17 72.88 73.44 73.89 74.21 74.44 74.58 74.65 74.65 74.61 74.53 74.41 74.22 73.95 73.61 73.20 72.73 72.23 71.69 71.13 70.56 69.99 69.43 68.89 68.46 68.31 68.47 68.95 69.71 70.77 72.09 73.68 75.52 77.59 79.90 82.42 85.12 87.69 89.90 91.73 93.21 94.37 95.23 95.79 96.10 96.17 96.01 95.65 95.12 94.49 93.96 93.63 93.48 93.49 93.65 93.94 94.33 94.80 95.35 95.94 96.56 97.19 97.80 98.40 98.96 99.51 100.02
66.97 66.39 66.18 66.28 66.66 67.27 68.06 69.00 70.00 70.98 71.84 72.55 73.12 73.55 73.86 74.06 74.17 74.19 74.15 74.04 73.89 73.70 73.44 73.10 72.69 72.21 71.69 71.12 70.53 69.92 69.30 68.68 68.08 67.56 67.26 67.24 67.53 68.10 68.97 70.10 71.50 73.14 75.03 77.14 79.46 81.99 84.69 87.25 89.42 91.21 92.64 93.72 94.49 94.95 95.14 95.07 94.77 94.25 93.58 92.95 92.46 92.16 92.05 92.10 92.30 92.62 93.05 93.57 94.16 94.79 95.46 96.13 96.80 97.44 98.05 98.64 99.20
66.75 66.22 66.04 66.18 66.58 67.21 68.02 68.92 69.83 70.70 71.53 72.25 72.81 73.23 73.53 73.71 73.78 73.76 73.67 73.51 73.29 73.03 72.70 72.29 71.81 71.27 70.69 70.07 69.42 68.76 68.09 67.43 66.85 66.48 66.35 66.48 66.86 67.51 68.44 69.63 71.07 72.75 74.65 76.77 79.09 81.60 84.27 86.79 88.90 90.62 91.96 92.94 93.59 93.93 93.97 93.74 93.26 92.60 91.94 91.40 90.99 90.74 90.65 90.74 90.97 91.33 91.80 92.35 92.98 93.65 94.36 95.08 95.79 96.47 97.13 97.76 98.37
66.59 66.13 66.02 66.21 66.67 67.34 68.14 68.95 69.76 70.54 71.29 71.97 72.53 72.95 73.23 73.38 73.43 73.37 73.23 73.02 72.74 72.41 72.00 71.53 70.98 70.39 69.75 69.07 68.37 67.66 66.95 66.31 65.87 65.67 65.71 65.97 66.45 67.17 68.14 69.35 70.81 72.49 74.38 76.48 78.76 81.23 83.84 86.29 88.32 89.94 91.16 92.02 92.52 92.70 92.57 92.16 91.52 90.87 90.30 89.86 89.53 89.34 89.29 89.41 89.67 90.06 90.56 91.15 91.81 92.53 93.27 94.03 94.78 95.50 96.20 96.88 97.52
66.50 66.14 66.12 66.39 66.92 67.60 68.32 69.05 69.78 70.48 71.15 71.76 72.29 72.70 72.97 73.10 73.12 73.03 72.84 72.57 72.23 71.84 71.37 70.82 70.22 69.56 68.87 68.14 67.39 66.64 65.95 65.45 65.18 65.13 65.30 65.68 66.27 67.05 68.03 69.25 70.69 72.35 74.20 76.25 78.48 80.88 83.41 85.76 87.67 89.16 90.25 90.95 91.28 91.27 90.94 90.36 89.73 89.17 88.71 88.34 88.09 87.96 87.96 88.10 88.39 88.82 89.35 89.97 90.66 91.41 92.19 92.98 93.76 94.53 95.26 95.98 96.66
66.49 66.25 66.35 66.73 67.28 67.90 68.55 69.21 69.87 70.50 71.10 71.64 72.11 72.49 72.75 72.87 72.86 72.73 72.50 72.19 71.79 71.33 70.79 70.18 69.52 68.81 68.06 67.28 66.49 65.75 65.20 64.87 64.75 64.84 65.12 65.60 66.27 67.11 68.12 69.32 70.72 72.32 74.12 76.09 78.23 80.53 82.94 85.17 86.95 88.28 89.20 89.71 89.85 89.63 89.12 88.54 88.01 87.55 87.17 86.88 86.69 86.61 86.66 86.83 87.15 87.59 88.15 88.80 89.52 90.30 91.11 91.93 92.75 93.55 94.32 95.07 95.79
66.58 66.48 66.71 67.14 67.65 68.21 68.80 69.40 70.00 70.58 71.12 71.61 72.03 72.36 72.59 72.69 72.66 72.50 72.23 71.86 71.41 70.88 70.28 69.62 68.90 68.13 67.33 66.51 65.73 65.13 64.74 64.55 64.56 64.77 65.15 65.71 66.43 67.32 68.36 69.54 70.88 72.40 74.11 75.98 78.00 80.17 82.45 84.52 86.13 87.29 88.01 88.31 88.22 87.81 87.30 86.82 86.39 86.02 85.72 85.49 85.36 85.33 85.40 85.60 85.93 86.39 86.97 87.65 88.40 89.20 90.04 90.89 91.74 92.57 93.37 94.15 94.90
66.77 66.83 67.13 67.53 67.99 68.50 69.05 69.60 70.15 70.69 71.18 71.63 72.01 72.31 72.50 72.58 72.52 72.33 72.03 71.61 71.11 70.52 69.86 69.13 68.36 67.54 66.69 65.88 65.24 64.80 64.55 64.49 64.61 64.91 65.37 65.98 66.75 67.66 68.70 69.87 71.16 72.58 74.17 75.91 77.79 79.81 81.92 83.81 85.23 86.17 86.67 86.73 86.44 86.03 85.62 85.25 84.90 84.61 84.37 84.21 84.12 84.12 84.22 84.43 84.77 85.23 85.82 86.52 87.29 88.11 88.98 89.86 90.73 91.59 92.41 93.22 94.00
67.05 67.22 67.50 67.86 68.28 68.76 69.26 69.78 70.30 70.81 71.27 71.69 72.04 72.31 72.48 72.54 72.46 72.24 71.90 71.44 70.88 70.24 69.52 68.74 67.91 67.04 66.21 65.53 65.04 64.74 64.61 64.66 64.87 65.24 65.75 66.41 67.19 68.10 69.13 70.27 71.51 72.84 74.29 75.87 77.58 79.42 81.34 83.02 84.22 84.92 85.17 85.02 84.73 84.42 84.11 83.83 83.57 83.34 83.16 83.05 82.99 83.02 83.14 83.35 83.68 84.13 84.70 85.40 86.19 87.04 87.92 88.83 89.72 90.60 91.45 92.28 93.08
67.36 67.51 67.76 68.10 68.50 68.95 69.43 69.93 70.43 70.92 71.37 71.77 72.10 72.36 72.51 72.56 72.47 72.23 71.86 71.36 70.75 70.05 69.27 68.44 67.56 66.70 65.99 65.47 65.12 64.93 64.92 65.05 65.33 65.75 66.30 66.97 67.75 68.65 69.64 70.72 71.89 73.14 74.45 75.86 77.37 79.00 80.69 82.15 83.09 83.54 83.56 83.40 83.21 83.01 82.80 82.59 82.40 82.24 82.11 82.03 82.01 82.05 82.17 82.39 82.70 83.11 83.65 84.32 85.11 85.98 86.88 87.80 88.72 89.61 90.49 91.33 92.14
67.53 67.67 67.91 68.23 68.62 69.06 69.53 70.02 70.51 70.99 71.44 71.83 72.17 72.42 72.58 72.62 72.53 72.30 71.91 71.37 70.71 69.95 69.12 68.24 67.37 66.64 66.08 65.69 65.45 65.37 65.44 65.64 65.96 66.41 66.97 67.64 68.41 69.26 70.20 71.21 72.29 73.43 74.62 75.85 77.15 78.54 79.99 81.18 81.85 82.06 82.07 82.02 81.94 81.83 81.70 81.57 81.44 81.33 81.24 81.19 81.18 81.24 81.36 81.55 81.84 82.22 82.71 83.33 84.07 84.93 85.84 86.78 87.71 88.63 89.52 90.37 91.17
67.55 67.68 67.92 68.24 68.62 69.06 69.54 70.03 70.53 71.01 71.46 71.87 72.21 72.48 72.64 72.70 72.63 72.41 72.03 71.48 70.78 69.97 69.09 68.21 67.46 66.88 66.45 66.17 66.04 66.03 66.16 66.40 66.76 67.22 67.77 68.42 69.14 69.94 70.80 71.72 72.68 73.69 74.74 75.81 76.90 78.03 79.21 80.11 80.53 80.73 80.85 80.91 80.92 80.89 80.84 80.77 80.70 80.63 80.57 80.54 80.55 80.60 80.71 80.88 81.13 81.47 81.91 82.45 83.12 83.91 84.82 85.77 86.71 87.64 88.53 89.38 90.18
67.37 67.51 67.76 68.09 68.49 68.94 69.43 69.94 70.45 70.95 71.42 71.85 72.22 72.50 72.70 72.78 72.73 72.54 72.19 71.67 70.96 70.10 69.22 68.46 67.86 67.40 67.09 66.90 66.84 66.90 67.07 67.34 67.70 68.15 68.67 69.27 69.93 70.65 71.42 72.22 73.06 73.92 74.80 75.69 76.58 77.46 78.34 78.99 79.39 79.70 79.93 80.09 80.19 80.24 80.25 80.24 80.21 80.17 80.13 80.12 80.12 80.16 80.25 80.39 80.60 80.88 81.26 81.73 82.31 83.00 83.83 84.76 85.72 86.64 87.53 88.37 89.16
67.00 67.16 67.43 67.78 68.21 68.68 69.20 69.74 70.28 70.81 71.31 71.77 72.17 72.49 72.72 72.83 72.83 72.68 72.37 71.88 71.21 70.40 69.65 69.03 68.55 68.20 67.97 67.86 67.86 67.95 68.14 68.41 68.76 69.18 69.66 70.19 70.77 71.38 72.03 72.70 73.38 74.08 74.77 75.45 76.12 76.77 77.41 78.02 78.54 78.96 79.29 79.54 79.72 79.84 79.91 79.95 79.95 79.94 79.92 79.90 79.90 79.93 79.98 80.09 80.24 80.47 80.77 81.16 81.64 82.23 82.94 83.79 84.72 85.64 86.52 87.35 88.15
66.63 66.81 67.10 67.47 67.92 68.42 68.97 69.53 70.10 70.66 71.20 71.69 72.12 72.47 72.74 72.89 72.92 72.81 72.55 72.11 71.54 70.95 70.38 69.88 69.50 69.23 69.07 69.01 69.04 69.15 69.33 69.58 69.89 70.25 70.66 71.10 71.57 72.06 72.57 73.08 73.59 74.09 74.57 75.02 75.45 75.86 76.41 77.06 77.69 78.23 78.66 79.01 79.27 79.46 79.59 79.68 79.72 79.74 79.74 79.73 79.72 79.73 79.76 79.83 79.94 80.11 80.34 80.65 81.04 81.53 82.14 82.90 83.79 84.69 85.55 86.38 87.17
