data_processed/recharge/precip/Precip_2013_05.asc
ncols        168
nrows        136
xllcorner    455000
yllcorner    2107000
cellsize     500
NODATA_value     -99999
[rows 0 to 33 of 136, columns 75 to 149 of 168]
56.08 56.49 56.92 57.37 57.83 58.32 58.82 59.33 59.86 60.39 60.94 61.51 62.11 62.76 63.45 64.18 64.95 65.76 66.60 67.48 68.38 69.31 70.26 71.24 72.23 73.24 74.27 75.30 76.35 77.40 78.46 79.52 80.58 81.64 82.70 83.74 84.78 85.80 86.80 87.76 88.67 89.54 90.35 91.11 91.83 92.49 93.10 93.65 94.15 94.60 94.99 95.32 95.59 95.73 95.72 95.56 95.26 94.82 94.24 93.52 92.66 91.68 90.56 89.31 87.94 86.45 84.85 83.18 81.51 79.83 78.15 76.48 74.82 73.18 71.56
55.76 56.17 56.61 57.07 57.54 58.03 58.53 59.05 59.58 60.13 60.68 61.24 61.82 62.44 63.10 63.80 64.54 65.33 66.14 66.99 67.88 68.79 69.72 70.68 71.67 72.67 73.68 74.71 75.76 76.81 77.86 78.93 79.99 81.05 82.11 83.17 84.22 85.24 86.23 87.18 88.09 88.94 89.76 90.52 91.24 91.91 92.53 93.10 93.63 94.09 94.51 94.88 95.17 95.35 95.38 95.27 95.03 94.64 94.12 93.46 92.68 91.77 90.73 89.57 88.29 86.89 85.37 83.75 82.07 80.40 78.72 77.05 75.39 73.76 72.14
55.44 55.86 56.31 56.77 57.25 57.74 58.25 58.77 59.31 59.86 60.42 60.98 61.56 62.15 62.78 63.45 64.16 64.91 65.70 66.53 67.38 68.27 69.19 70.13 71.10 72.09 73.09 74.11 75.15 76.19 77.24 78.30 79.37 80.43 81.50 82.56 83.60 84.62 85.59 86.52 87.42 88.27 89.08 89.85 90.57 91.25 91.88 92.46 93.00 93.49 93.93 94.32 94.65 94.87 94.94 94.88 94.68 94.34 93.88 93.29 92.57 91.73 90.77 89.69 88.50 87.19 85.77 84.24 82.61 80.93 79.26 77.60 75.95 74.31 72.71
55.13 55.56 56.01 56.48 56.96 57.46 57.97 58.50 59.04 59.59 60.15 60.73 61.30 61.89 62.49 63.12 63.80 64.52 65.28 66.08 66.91 67.77 68.67 69.59 70.54 71.51 72.50 73.50 74.53 75.56 76.61 77.66 78.72 79.78 80.85 81.90 82.93 83.92 84.87 85.79 86.67 87.52 88.32 89.09 89.81 90.49 91.13 91.73 92.29 92.79 93.26 93.68 94.04 94.28 94.39 94.37 94.22 93.94 93.53 93.00 92.35 91.58 90.70 89.70 88.59 87.37 86.04 84.61 83.07 81.45 79.78 78.12 76.48 74.86 73.26
54.83 55.26 55.72 56.19 56.68 57.18 57.70 58.23 58.77 59.33 59.89 60.47 61.05 61.64 62.23 62.84 63.48 64.16 64.89 65.65 66.46 67.29 68.16 69.06 69.98 70.93 71.90 72.89 73.90 74.92 75.96 77.00 78.06 79.11 80.17 81.19 82.19 83.16 84.09 84.99 85.86 86.69 87.49 88.25 88.98 89.66 90.31 90.92 91.48 92.01 92.50 92.94 93.32 93.60 93.75 93.77 93.66 93.43 93.08 92.61 92.03 91.32 90.51 89.59 88.56 87.43 86.19 84.85 83.42 81.89 80.27 78.63 77.00 75.38 73.80
54.53 54.97 55.43 55.91 56.40 56.91 57.43 57.96 58.51 59.07 59.64 60.21 60.80 61.39 61.98 62.59 63.20 63.84 64.53 65.26 66.03 66.83 67.67 68.54 69.44 70.36 71.31 72.28 73.27 74.28 75.30 76.33 77.37 78.41 79.44 80.43 81.40 82.34 83.25 84.13 84.98 85.80 86.59 87.35 88.07 88.76 89.41 90.02 90.60 91.15 91.65 92.11 92.53 92.83 93.02 93.08 93.01 92.83 92.53 92.12 91.59 90.96 90.22 89.37 88.42 87.37 86.22 84.98 83.65 82.22 80.70 79.11 77.50 75.90 74.33
54.25 54.69 55.15 55.63 56.13 56.64 57.16 57.70 58.25 58.81 59.38 59.96 60.55 61.14 61.74 62.34 62.95 63.56 64.21 64.90 65.63 66.40 67.20 68.04 68.91 69.81 70.73 71.68 72.65 73.63 74.64 75.65 76.67 77.68 78.66 79.62 80.56 81.47 82.36 83.22 84.05 84.85 85.63 86.38 87.10 87.78 88.44 89.06 89.65 90.20 90.72 91.21 91.65 91.98 92.20 92.29 92.27 92.14 91.89 91.53 91.06 90.49 89.82 89.05 88.18 87.21 86.15 85.00 83.76 82.44 81.03 79.54 77.98 76.40 74.84
53.97 54.41 54.88 55.36 55.86 56.37 56.90 57.44 57.99 58.56 59.13 59.71 60.30 60.89 61.49 62.10 62.70 63.31 63.93 64.58 65.27 66.00 66.76 67.57 68.40 69.27 70.17 71.09 72.03 72.99 73.97 74.96 75.94 76.90 77.84 78.77 79.67 80.55 81.41 82.25 83.06 83.85 84.62 85.35 86.06 86.75 87.40 88.03 88.63 89.19 89.73 90.23 90.69 91.05 91.30 91.43 91.45 91.36 91.16 90.85 90.44 89.94 89.33 88.63 87.84 86.95 85.97 84.91 83.77 82.54 81.24 79.86 78.40 76.88 75.35
53.70 54.15 54.62 55.10 55.60 56.12 56.65 57.19 57.75 58.31 58.88 59.47 60.05 60.65 61.25 61.85 62.46 63.07 63.68 64.30 64.94 65.63 66.36 67.12 67.92 68.76 69.62 70.51 71.42 72.36 73.31 74.25 75.18 76.10 76.99 77.88 78.75 79.59 80.43 81.24 82.03 82.80 83.55 84.28 84.98 85.66 86.31 86.94 87.54 88.12 88.67 89.18 89.66 90.05 90.32 90.49 90.54 90.50 90.34 90.09 89.74 89.29 88.75 88.12 87.40 86.59 85.70 84.73 83.68 82.55 81.34 80.07 78.72 77.31 75.84
53.44 53.89 54.36 54.85 55.35 55.87 56.40 56.95 57.50 58.07 58.64 59.23 59.82 60.41 61.01 61.62 62.22 62.83 63.44 64.05 64.66 65.30 65.99 66.71 67.47 68.27 69.10 69.95 70.83 71.73 72.63 73.52 74.39 75.26 76.12 76.96 77.79 78.60 79.40 80.19 80.95 81.71 82.44 83.15 83.84 84.52 85.17 85.80 86.40 86.99 87.54 88.08 88.57 88.98 89.28 89.48 89.57 89.56 89.45 89.25 88.95 88.57 88.09 87.52 86.88 86.15 85.34 84.45 83.49 82.45 81.35 80.18 78.94 77.64 76.28
53.19 53.65 54.12 54.61 55.12 55.64 56.17 56.71 57.27 57.84 58.41 58.99 59.58 60.18 60.78 61.38 61.99 62.60 63.20 63.81 64.41 65.02 65.66 66.34 67.06 67.81 68.60 69.42 70.26 71.10 71.94 72.77 73.59 74.41 75.21 76.01 76.80 77.58 78.35 79.10 79.85 80.57 81.29 81.99 82.67 83.33 83.98 84.61 85.21 85.80 86.37 86.91 87.43 87.85 88.18 88.40 88.53 88.56 88.50 88.34 88.09 87.76 87.35 86.85 86.27 85.62 84.89 84.08 83.21 82.27 81.26 80.19 79.06 77.88 76.63
52.96 53.42 53.89 54.38 54.89 55.41 55.94 56.49 57.04 57.61 58.18 58.77 59.36 59.95 60.55 61.15 61.76 62.36 62.97 63.57 64.18 64.78 65.38 66.01 66.68 67.39 68.14 68.91 69.68 70.46 71.23 72.00 72.77 73.54 74.30 75.05 75.80 76.54 77.27 78.00 78.71 79.41 80.11 80.79 81.45 82.11 82.75 83.37 83.98 84.57 85.14 85.70 86.23 86.67 87.02 87.27 87.43 87.50 87.47 87.36 87.17 86.89 86.53 86.10 85.59 85.01 84.36 83.64 82.85 82.00 81.09 80.12 79.10 78.02 76.89
52.74 53.20 53.67 54.16 54.67 55.19 55.72 56.27 56.83 57.39 57.97 58.55 59.14 59.73 60.33 60.93 61.53 62.14 62.74 63.34 63.94 64.54 65.13 65.73 66.35 67.01 67.70 68.40 69.11 69.82 70.53 71.24 71.95 72.66 73.37 74.07 74.78 75.48 76.18 76.87 77.55 78.23 78.90 79.56 80.21 80.85 81.48 82.10 82.71 83.30 83.88 84.44 84.98 85.44 85.81 86.09 86.28 86.38 86.39 86.33 86.18 85.96 85.66 85.28 84.84 84.33 83.75 83.11 82.41 81.65 80.83 79.96 79.04 78.07 77.05
52.53 52.99 53.46 53.96 54.46 54.98 55.52 56.06 56.62 57.19 57.76 58.34 58.93 59.52 60.12 60.72 61.32 61.92 62.52 63.12 63.72 64.31 64.90 65.48 66.07 66.67 67.28 67.91 68.54 69.18 69.82 70.47 71.12 71.78 72.43 73.09 73.75 74.41 75.07 75.72 76.37 77.02 77.67 78.31 78.94 79.57 80.19 80.80 81.40 81.99 82.58 83.14 83.69 84.17 84.56 84.86 85.07 85.21 85.26 85.23 85.13 84.96 84.72 84.40 84.03 83.58 83.08 82.52 81.90 81.23 80.50 79.73 78.91 78.04 77.13
52.34 52.80 53.27 53.76 54.27 54.79 55.32 55.87 56.42 56.99 57.56 58.14 58.73 59.32 59.91 60.51 61.11 61.70 62.30 62.90 63.49 64.08 64.67 65.25 65.81 66.35 66.88 67.43 67.99 68.55 69.13 69.71 70.30 70.90 71.50 72.11 72.72 73.33 73.95 74.57 75.19 75.81 76.42 77.04 77.65 78.27 78.87 79.47 80.07 80.66 81.24 81.82 82.37 82.86 83.27 83.59 83.83 83.99 84.08 84.10 84.04 83.91 83.72 83.47 83.15 82.78 82.35 81.86 81.32 80.74 80.10 79.42 78.70 77.94 77.14
52.16 52.62 53.09 53.59 54.09 54.61 55.14 55.69 56.24 56.80 57.37 57.95 58.53 59.12 59.71 60.31 60.90 61.50 62.09 62.69 63.28 63.86 64.44 65.01 65.54 66.04 66.50 66.97 67.45 67.94 68.45 68.96 69.49 70.03 70.57 71.13 71.69 72.26 72.83 73.41 73.99 74.58 75.17 75.76 76.35 76.95 77.54 78.13 78.72 79.30 79.88 80.46 81.02 81.52 81.94 82.28 82.55 82.74 82.86 82.91 82.90 82.82 82.68 82.48 82.23 81.92 81.56 81.15 80.69 80.18 79.64 79.05 78.42 77.76 77.07
52.00 52.46 52.93 53.42 53.93 54.45 54.98 55.52 56.07 56.63 57.20 57.77 58.35 58.94 59.53 60.12 60.71 61.30 61.89 62.48 63.07 63.65 64.21 64.75 65.25 65.71 66.14 66.54 66.94 67.35 67.79 68.23 68.70 69.17 69.66 70.16 70.67 71.19 71.72 72.26 72.80 73.36 73.91 74.48 75.05 75.62 76.19 76.77 77.35 77.93 78.51 79.08 79.65 80.16 80.59 80.95 81.24 81.46 81.61 81.70 81.72 81.69 81.60 81.46 81.26 81.01 80.72 80.38 80.00 79.57 79.11 78.62 78.09 77.53 76.94
51.85 52.31 52.79 53.27 53.78 54.29 54.82 55.36 55.91 56.47 57.03 57.61 58.18 58.76 59.35 59.94 60.52 61.11 61.70 62.28 62.86 63.43 63.97 64.47 64.93 65.36 65.76 66.12 66.45 66.79 67.15 67.53 67.92 68.34 68.76 69.21 69.66 70.13 70.62 71.11 71.62 72.13 72.66 73.20 73.74 74.29 74.85 75.41 75.97 76.54 77.12 77.69 78.26 78.77 79.22 79.59 79.90 80.14 80.33 80.45 80.51 80.52 80.48 80.39 80.25 80.06 79.83 79.56 79.26 78.91 78.54 78.13 77.69 77.23 76.74
51.73 52.18 52.66 53.14 53.64 54.16 54.68 55.22 55.77 56.32 56.88 57.45 58.03 58.60 59.18 59.77 60.35 60.93 61.51 62.09 62.66 63.20 63.70 64.17 64.60 65.00 65.36 65.69 65.99 66.27 66.55 66.86 67.18 67.53 67.89 68.28 68.68 69.10 69.53 69.98 70.45 70.92 71.42 71.92 72.44 72.96 73.50 74.04 74.59 75.15 75.72 76.29 76.86 77.38 77.83 78.22 78.55 78.81 79.02 79.17 79.28 79.33 79.33 79.29 79.20 79.08 78.91 78.71 78.48 78.21 77.92 77.59 77.25 76.88 76.50
51.62 52.08 52.55 53.03 53.53 54.04 54.56 55.10 55.64 56.19 56.75 57.31 57.88 58.45 59.03 59.61 60.19 60.77 61.34 61.91 62.44 62.94 63.41 63.84 64.24 64.61 64.95 65.25 65.52 65.77 65.99 66.22 66.47 66.75 67.05 67.37 67.72 68.08 68.47 68.87 69.29 69.73 70.19 70.66 71.14 71.64 72.15 72.68 73.22 73.76 74.32 74.89 75.45 75.98 76.44 76.83 77.18 77.46 77.70 77.88 78.02 78.11 78.15 78.16 78.13 78.06 77.96 77.82 77.66 77.47 77.25 77.02 76.76 76.49 76.20
51.53 51.99 52.45 52.93 53.43 53.94 54.46 54.99 55.53 56.07 56.63 57.19 57.75 58.32 58.89 59.46 60.04 60.61 61.17 61.70 62.20 62.67 63.10 63.50 63.87 64.21 64.52 64.80 65.04 65.26 65.45 65.62 65.80 66.01 66.25 66.51 66.79 67.10 67.43 67.79 68.16 68.56 68.98 69.41 69.87 70.34 70.83 71.33 71.85 72.38 72.93 73.49 74.05 74.57 75.04 75.45 75.80 76.11 76.36 76.58 76.74 76.87 76.96 77.01 77.03 77.02 76.97 76.90 76.81 76.69 76.56 76.40 76.24 76.05 75.85
51.47 51.92 52.38 52.86 53.35 53.85 54.37 54.90 55.43 55.97 56.52 57.08 57.64 58.20 58.77 59.33 59.90 60.46 60.99 61.48 61.95 62.38 62.78 63.15 63.49 63.80 64.08 64.33 64.55 64.75 64.91 65.05 65.18 65.32 65.48 65.68 65.90 66.15 66.43 66.73 67.06 67.42 67.79 68.19 68.61 69.05 69.51 69.99 70.49 71.01 71.55 72.09 72.65 73.17 73.64 74.06 74.43 74.75 75.03 75.26 75.46 75.63 75.75 75.85 75.92 75.96 75.97 75.96 75.94 75.89 75.83 75.76 75.67 75.58 75.46
51.42 51.87 52.33 52.80 53.29 53.79 54.30 54.82 55.35 55.89 56.43 56.98 57.54 58.09 58.65 59.21 59.77 60.29 60.78 61.25 61.68 62.08 62.44 62.78 63.09 63.38 63.63 63.85 64.05 64.23 64.37 64.49 64.59 64.67 64.77 64.90 65.06 65.25 65.47 65.72 66.00 66.31 66.64 67.00 67.39 67.79 68.23 68.68 69.16 69.66 70.18 70.72 71.27 71.78 72.25 72.67 73.05 73.39 73.69 73.95 74.18 74.37 74.54 74.68 74.79 74.88 74.95 75.01 75.04 75.07 75.08 75.09 75.08 75.07 75.03
51.40 51.84 52.30 52.77 53.25 53.74 54.25 54.77 55.29 55.82 56.36 56.91 57.45 58.01 58.56 59.10 59.62 60.11 60.57 60.99 61.39 61.76 62.10 62.41 62.69 62.94 63.17 63.37 63.55 63.70 63.83 63.93 64.01 64.06 64.10 64.17 64.26 64.39 64.55 64.75 64.98 65.24 65.53 65.85 66.19 66.57 66.97 67.40 67.85 68.33 68.83 69.36 69.90 70.41 70.88 71.31 71.69 72.04 72.36 72.64 72.90 73.12 73.32 73.50 73.66 73.80 73.93 74.04 74.14 74.23 74.32 74.40 74.47 74.52 74.57
51.40 51.83 52.29 52.75 53.23 53.72 54.22 54.73 55.25 55.78 56.31 56.85 57.39 57.93 58.47 58.98 59.46 59.92 60.34 60.73 61.09 61.43 61.74 62.02 62.28 62.50 62.71 62.89 63.04 63.17 63.28 63.36 63.43 63.47 63.48 63.49 63.52 63.59 63.69 63.83 64.00 64.21 64.46 64.73 65.04 65.38 65.75 66.15 66.58 67.03 67.52 68.03 68.56 69.06 69.53 69.95 70.35 70.71 71.04 71.34 71.62 71.88 72.11 72.33 72.53 72.72 72.90 73.06 73.23 73.39 73.54 73.69 73.82 73.95 74.07
51.42 51.85 52.30 52.76 53.23 53.72 54.21 54.72 55.23 55.75 56.28 56.81 57.34 57.87 58.37 58.85 59.29 59.71 60.10 60.46 60.79 61.09 61.37 61.63 61.86 62.06 62.24 62.40 62.53 62.64 62.73 62.80 62.85 62.87 62.88 62.86 62.84 62.84 62.89 62.97 63.09 63.24 63.44 63.67 63.93 64.24 64.57 64.94 65.34 65.77 66.24 66.73 67.24 67.74 68.20 68.63 69.02 69.39 69.74 70.06 70.36 70.65 70.91 71.17 71.41 71.64 71.87 72.09 72.31 72.53 72.75 72.96 73.16 73.36 73.55
51.47 51.90 52.34 52.79 53.26 53.74 54.23 54.72 55.23 55.74 56.26 56.78 57.30 57.80 58.26 58.70 59.11 59.49 59.85 60.17 60.48 60.75 61.01 61.23 61.44 61.62 61.77 61.91 62.02 62.12 62.19 62.24 62.27 62.28 62.28 62.25 62.21 62.16 62.14 62.16 62.22 62.33 62.47 62.66 62.88 63.14 63.44 63.78 64.15 64.55 64.99 65.47 65.97 66.45 66.90 67.33 67.73 68.11 68.46 68.80 69.12 69.43 69.73 70.02 70.30 70.57 70.85 71.13 71.40 71.68 71.95 72.22 72.49 72.75 73.01
51.54 51.96 52.40 52.85 53.31 53.78 54.26 54.75 55.25 55.76 56.27 56.78 57.26 57.72 58.14 58.54 58.92 59.27 59.59 59.89 60.16 60.41 60.63 60.83 61.01 61.17 61.31 61.42 61.52 61.59 61.65 61.68 61.70 61.70 61.69 61.65 61.60 61.54 61.47 61.43 61.43 61.48 61.57 61.71 61.88 62.10 62.36 62.66 63.00 63.38 63.80 64.25 64.73 65.20 65.65 66.07 66.47 66.85 67.22 67.57 67.91 68.24 68.57 68.89 69.21 69.52 69.85 70.17 70.50 70.83 71.16 71.48 71.81 72.13 72.44
51.64 52.06 52.49 52.93 53.38 53.85 54.32 54.81 55.30 55.79 56.29 56.76 57.21 57.62 58.02 58.38 58.72 59.04 59.33 59.60 59.84 60.06 60.26 60.44 60.59 60.73 60.84 60.94 61.02 61.08 61.12 61.14 61.14 61.13 61.11 61.06 61.01 60.94 60.85 60.76 60.71 60.70 60.73 60.82 60.95 61.13 61.35 61.61 61.92 62.26 62.65 63.08 63.55 64.00 64.43 64.85 65.25 65.63 66.01 66.37 66.73 67.08 67.43 67.78 68.14 68.50 68.86 69.23 69.61 69.98 70.36 70.74 71.12 71.50 71.87
51.77 52.18 52.60 53.03 53.48 53.94 54.41 54.88 55.36 55.84 56.30 56.74 57.14 57.52 57.88 58.21 58.52 58.80 59.06 59.30 59.52 59.71 59.89 60.04 60.18 60.29 60.39 60.46 60.52 60.57 60.59 60.60 60.60 60.57 60.54 60.49 60.43 60.35 60.26 60.16 60.06 59.99 59.97 60.00 60.09 60.22 60.39 60.62 60.89 61.21 61.57 61.97 62.41 62.85 63.27 63.68 64.08 64.46 64.84 65.22 65.59 65.96 66.33 66.71 67.10 67.50 67.90 68.31 68.73 69.15 69.58 70.01 70.44 70.86 71.29
51.92 52.33 52.74 53.17 53.61 54.06 54.51 54.98 55.45 55.89 56.31 56.71 57.08 57.42 57.74 58.04 58.32 58.57 58.80 59.01 59.20 59.37 59.52 59.65 59.76 59.86 59.94 60.00 60.04 60.07 60.08 60.08 60.06 60.03 59.99 59.93 59.86 59.78 59.69 59.59 59.48 59.36 59.29 59.27 59.30 59.38 59.51 59.70 59.93 60.21 60.54 60.92 61.34 61.76 62.16 62.56 62.95 63.34 63.72 64.10 64.49 64.88 65.27 65.68 66.10 66.53 66.97 67.42 67.88 68.34 68.81 69.28 69.75 70.23 70.70
52.11 52.50 52.91 53.33 53.76 54.20 54.65 55.10 55.53 55.93 56.31 56.67 57.00 57.31 57.60 57.87 58.11 58.34 58.54 58.72 58.89 59.03 59.16 59.27 59.36 59.44 59.49 59.54 59.57 59.58 59.58 59.57 59.54 59.50 59.45 59.39 59.32 59.23 59.14 59.04 58.93 58.81 58.69 58.61 58.59 58.62 58.71 58.85 59.04 59.29 59.59 59.94 60.33 60.73 61.12 61.50 61.89 62.27 62.65 63.04 63.44 63.84 64.26 64.69 65.14 65.60 66.07 66.56 67.05 67.55 68.06 68.57 69.08 69.60 70.12
52.32 52.71 53.11 53.52 53.94 54.37 54.80 55.22 55.60 55.97 56.31 56.63 56.93 57.21 57.46 57.70 57.91 58.10 58.28 58.44 58.58 58.70 58.80 58.89 58.97 59.02 59.07 59.09 59.11 59.11 59.10 59.07 59.04 58.99 58.94 58.87 58.79 58.71 58.61 58.51 58.40 58.29 58.16 58.05 57.97 57.95 57.99 58.08 58.24 58.45 58.71 59.03 59.39 59.77 60.14 60.51 60.88 61.26 61.65 62.04 62.45 62.86 63.30 63.76 64.23 64.71 65.21 65.73 66.25 66.78 67.32 67.87 68.43 68.98 69.54
52.57 52.94 53.33 53.73 54.15 54.56 54.96 55.33 55.68 56.01 56.31 56.59 56.86 57.10 57.32 57.53 57.71 57.88 58.03 58.16 58.28 58.38 58.46 58.53 58.58 58.62 58.65 58.66 58.67 58.65 58.63 58.60 58.56 58.50 58.44 58.37 58.29 58.21 58.11 58.01 57.91 57.79 57.68 57.55 57.44 57.37 57.36 57.41 57.52 57.68 57.91 58.20 58.53 58.88 59.23 59.59 59.95 60.32 60.71 61.10 61.51 61.95 62.40 62.87 63.37 63.87 64.40 64.94 65.49 66.05 66.62 67.20 67.79 68.38 68.98
