data_processed/recharge/precip/Precip_2003_07.asc
ncols        168
nrows        136
xllcorner    455000
yllcorner    2107000
cellsize     500
NODATA_value     -99999
[rows 0 to 31 of 136, columns 0 to 71 of 168]
189.03 192.28 194.83 196.55 197.81 198.76 199.36 199.61 199.47 198.94 197.98 196.59 194.74 192.41 189.59 186.24 182.36 177.98 173.31 168.67 164.35 160.64 157.83 155.63 153.46 151.26 149.05 146.83 144.60 142.29 139.88 137.41 134.91 132.42 129.98 127.62 125.38 123.30 121.41 119.75 118.36 117.27 116.59 116.76 118.26 121.30 126.03 132.61 140.55 147.48 152.65 156.09 157.83 157.94 157.08 156.06 155.03 153.98 152.90 151.78 150.62 149.40 148.12 146.77 145.33 143.80 142.17 140.43 138.57 136.55 134.30 131.75
185.66 188.35 190.46 192.23 193.74 194.98 195.93 196.56 196.86 196.81 196.38 195.56 194.34 192.68 190.57 187.98 184.91 181.33 177.30 173.12 169.13 165.62 162.86 160.65 158.45 156.23 153.99 151.73 149.36 146.86 144.26 141.61 138.93 136.27 133.66 131.14 128.74 126.50 124.46 122.66 121.12 119.89 119.01 118.58 119.12 121.17 124.92 130.53 137.50 143.43 147.55 149.89 150.53 150.14 149.58 148.99 148.37 147.72 147.01 146.25 145.41 144.51 143.51 142.42 141.23 139.93 138.50 136.94 135.24 133.37 131.26 128.83
182.51 184.85 186.96 188.88 190.59 192.07 193.31 194.28 194.97 195.35 195.40 195.11 194.46 193.42 191.98 190.11 187.80 185.02 181.76 178.12 174.45 171.13 168.44 166.20 163.98 161.73 159.44 157.02 154.44 151.73 148.93 146.08 143.21 140.35 137.55 134.85 132.27 129.86 127.65 125.68 123.98 122.60 121.56 120.91 120.77 121.70 124.31 128.80 134.65 139.42 142.33 143.46 143.51 143.37 143.20 142.99 142.72 142.39 141.99 141.51 140.95 140.29 139.52 138.63 137.62 136.48 135.19 133.75 132.15 130.38 128.39 126.07
179.72 182.01 184.17 186.19 188.05 189.74 191.22 192.48 193.51 194.27 194.76 194.94 194.81 194.35 193.52 192.32 190.72 188.70 186.25 183.34 180.10 176.97 174.34 172.08 169.83 167.53 165.07 162.42 159.60 156.67 153.64 150.57 147.48 144.42 141.41 138.51 135.73 133.13 130.73 128.57 126.70 125.14 123.93 123.11 122.72 122.89 124.25 127.45 132.01 135.46 137.05 137.52 137.78 137.99 138.14 138.23 138.25 138.19 138.03 137.78 137.41 136.93 136.32 135.58 134.68 133.64 132.42 131.04 129.47 127.72 125.75 123.53
177.39 179.63 181.80 183.88 185.84 187.68 189.35 190.86 192.17 193.27 194.14 194.76 195.11 195.16 194.91 194.32 193.38 192.08 190.38 188.27 185.74 182.94 180.36 178.08 175.77 173.28 170.57 167.66 164.59 161.41 158.15 154.83 151.51 148.22 144.99 141.86 138.87 136.06 133.45 131.09 129.02 127.26 125.87 124.86 124.29 124.19 124.69 126.50 129.62 131.65 132.49 133.11 133.67 134.17 134.59 134.92 135.16 135.30 135.32 135.23 135.00 134.64 134.12 133.45 132.61 131.60 130.40 129.01 127.41 125.60 123.57 121.31
175.27 177.43 179.56 181.65 183.66 185.59 187.42 189.12 190.67 192.06 193.27 194.26 195.04 195.57 195.83 195.82 195.49 194.85 193.86 192.51 190.78 188.65 186.29 183.96 181.45 178.68 175.68 172.50 169.17 165.72 162.19 158.63 155.05 151.51 148.04 144.67 141.45 138.40 135.57 132.99 130.70 128.73 127.12 125.92 125.14 124.84 125.05 125.92 127.57 128.76 129.71 130.60 131.40 132.11 132.73 133.24 133.64 133.92 134.06 134.06 133.90 133.59 133.11 132.45 131.60 130.55 129.30 127.84 126.15 124.22 122.05 119.64
173.19 175.21 177.25 179.29 181.31 183.30 185.22 187.06 188.80 190.43 191.92 193.25 194.40 195.35 196.09 196.59 196.83 196.80 196.47 195.82 194.84 193.50 191.79 189.49 186.68 183.61 180.32 176.85 173.22 169.49 165.69 161.84 158.00 154.19 150.46 146.83 143.35 140.05 136.98 134.16 131.63 129.43 127.59 126.16 125.17 124.66 124.66 125.21 126.32 127.57 128.75 129.85 130.84 131.72 132.49 133.13 133.63 133.99 134.20 134.24 134.11 133.80 133.29 132.59 131.68 130.55 129.20 127.61 125.77 123.68 121.33 118.70
171.47 173.29 175.18 177.12 179.08 181.05 183.00 184.93 186.80 188.60 190.31 191.91 193.38 194.70 195.84 196.80 197.55 198.06 198.33 198.33 198.04 197.45 196.55 194.85 191.98 188.59 184.98 181.19 177.26 173.22 169.11 164.97 160.83 156.74 152.72 148.81 145.05 141.49 138.14 135.06 132.27 129.82 127.74 126.06 124.83 124.08 123.85 124.28 125.41 126.80 128.21 129.52 130.71 131.77 132.69 133.46 134.08 134.53 134.81 134.90 134.80 134.49 133.98 133.24 132.28 131.07 129.62 127.91 125.94 123.69 121.15 118.32
170.31 171.87 173.54 175.31 177.15 179.04 180.97 182.91 184.84 186.76 188.62 190.43 192.15 193.76 195.25 196.60 197.78 198.78 199.58 200.16 200.50 200.64 200.52 199.61 197.28 193.80 189.85 185.73 181.46 177.09 172.66 168.20 163.75 159.34 155.01 150.80 146.75 142.88 139.25 135.88 132.81 130.08 127.73 125.78 124.28 123.28 122.92 123.36 124.50 125.93 127.49 129.03 130.45 131.71 132.82 133.76 134.52 135.09 135.46 135.64 135.59 135.33 134.83 134.09 133.10 131.85 130.33 128.53 126.45 124.07 121.38 118.40
169.74 171.00 172.39 173.92 175.57 177.32 179.15 181.05 182.98 184.94 186.90 188.84 190.75 192.59 194.36 196.04 197.59 199.01 200.28 201.38 202.35 203.15 203.74 203.55 201.95 198.96 194.89 190.41 185.79 181.07 176.29 171.48 166.69 161.95 157.29 152.75 148.38 144.20 140.25 136.57 133.20 130.17 127.52 125.28 123.51 122.36 122.00 122.46 123.62 125.07 126.66 128.36 130.02 131.52 132.84 133.97 134.90 135.62 136.13 136.41 136.46 136.26 135.81 135.09 134.11 132.84 131.28 129.43 127.26 124.78 121.99 118.93
169.62 170.71 171.78 173.01 174.40 175.95 177.62 179.40 181.27 183.21 185.19 187.21 189.23 191.25 193.23 195.16 197.03 198.81 200.49 202.10 203.64 205.05 206.26 206.72 205.78 203.46 199.82 195.19 190.19 185.10 179.95 174.77 169.62 164.52 159.51 154.62 149.90 145.38 141.10 137.09 133.39 130.03 127.06 124.52 122.59 121.45 121.12 121.60 122.77 124.24 125.85 127.58 129.40 131.15 132.71 134.07 135.20 136.10 136.77 137.19 137.35 137.25 136.88 136.22 135.27 134.01 132.45 130.56 128.35 125.82 123.00 119.89
169.78 170.84 171.72 172.62 173.69 174.97 176.41 178.01 179.75 181.60 183.55 185.58 187.66 189.77 191.91 194.04 196.14 198.22 200.31 202.40 204.43 206.37 208.14 209.17 208.81 207.08 204.05 199.79 194.62 189.13 183.58 178.02 172.48 167.00 161.61 156.36 151.27 146.38 141.74 137.37 133.32 129.62 126.32 123.61 121.69 120.58 120.28 120.78 121.97 123.44 125.06 126.81 128.66 130.58 132.40 134.01 135.37 136.49 137.34 137.93 138.25 138.27 138.00 137.43 136.54 135.33 133.79 131.91 129.69 127.18 124.37 121.24
170.19 171.22 172.07 172.77 173.50 174.43 175.59 176.94 178.48 180.19 182.03 184.00 186.07 188.22 190.44 192.70 195.00 197.38 199.84 202.32 204.78 207.17 209.41 210.94 211.09 209.87 207.37 203.66 198.81 193.11 187.15 181.18 175.23 169.34 163.56 157.91 152.43 147.15 142.13 137.39 132.96 128.91 125.42 122.72 120.84 119.77 119.49 120.01 121.21 122.69 124.32 126.08 127.94 129.89 131.88 133.76 135.38 136.74 137.82 138.61 139.10 139.28 139.14 138.69 137.89 136.76 135.27 133.43 131.29 128.84 126.07 122.94
170.81 171.82 172.64 173.30 173.83 174.39 175.19 176.24 177.52 179.00 180.68 182.52 184.52 186.64 188.88 191.22 193.72 196.37 199.12 201.93 204.74 207.50 210.14 212.08 212.66 211.89 209.85 206.60 202.22 196.80 190.60 184.20 177.82 171.50 165.29 159.22 153.33 147.65 142.22 137.07 132.27 128.01 124.54 121.89 120.05 119.01 118.76 119.29 120.50 121.99 123.63 125.39 127.27 129.22 131.25 133.29 135.20 136.83 138.15 139.17 139.87 140.24 140.27 139.95 139.29 138.25 136.86 135.15 133.13 130.76 128.04 124.93
171.62 172.60 173.40 174.03 174.51 174.87 175.28 175.95 176.90 178.11 179.55 181.21 183.06 185.09 187.30 189.74 192.40 195.24 198.21 201.27 204.34 207.40 210.36 212.65 213.58 213.18 211.51 208.66 204.68 199.67 193.69 187.02 180.19 173.43 166.77 160.26 153.93 147.81 141.95 136.40 131.38 127.14 123.73 121.12 119.32 118.31 118.09 118.63 119.84 121.34 122.98 124.76 126.64 128.60 130.63 132.71 134.79 136.71 138.31 139.59 140.52 141.11 141.34 141.20 140.68 139.80 138.59 137.05 135.16 132.89 130.24 127.17
172.60 173.54 174.31 174.92 175.37 175.67 175.86 176.13 176.69 177.55 178.69 180.10 181.75 183.64 185.83 188.33 191.09 194.05 197.16 200.38 203.66 206.93 210.14 212.69 213.91 213.79 212.43 209.88 206.24 201.56 195.93 189.42 182.30 175.07 167.94 160.97 154.17 147.60 141.31 135.53 130.53 126.36 122.99 120.44 118.67 117.69 117.48 118.04 119.25 120.75 122.40 124.18 126.06 128.03 130.07 132.16 134.27 136.36 138.26 139.82 141.03 141.86 142.31 142.38 142.06 141.41 140.42 139.07 137.33 135.19 132.62 129.60
173.73 174.62 175.35 175.92 176.34 176.62 176.76 176.80 176.93 177.38 178.16 179.25 180.65 182.42 184.58 187.06 189.83 192.83 196.02 199.33 202.72 206.14 209.52 212.26 213.68 213.78 212.64 210.33 206.94 202.52 197.16 190.94 183.92 176.37 168.76 161.29 154.02 146.99 140.45 134.70 129.77 125.65 122.34 119.83 118.10 117.14 116.95 117.51 118.73 120.23 121.88 123.66 125.54 127.52 129.56 131.65 133.77 135.89 137.98 139.84 141.34 142.45 143.16 143.48 143.45 143.06 142.31 141.17 139.60 137.60 135.14 132.19
174.96 175.82 176.50 177.03 177.42 177.66 177.77 177.75 177.64 177.65 178.00 178.73 179.91 181.54 183.58 185.98 188.69 191.66 194.83 198.16 201.59 205.08 208.55 211.40 212.94 213.18 212.19 210.05 206.83 202.60 197.44 191.42 184.63 177.13 169.16 161.19 153.43 146.15 139.64 133.96 129.09 125.04 121.78 119.30 117.60 116.67 116.49 117.06 118.28 119.78 121.42 123.20 125.09 127.07 129.11 131.20 133.33 135.45 137.57 139.62 141.43 142.85 143.86 144.51 144.80 144.71 144.22 143.30 141.93 140.09 137.75 134.89
176.29 177.10 177.74 178.22 178.56 178.76 178.83 178.78 178.62 178.38 178.29 178.69 179.62 181.04 182.89 185.13 187.70 190.56 193.65 196.92 200.31 203.79 207.28 210.17 211.76 212.06 211.15 209.09 205.96 201.84 196.81 190.92 184.27 176.93 168.96 160.63 152.61 145.35 138.93 133.32 128.52 124.52 121.30 118.87 117.20 116.29 116.12 116.70 117.91 119.40 121.05 122.82 124.71 126.68 128.73 130.82 132.94 135.07 137.19 139.27 141.28 143.03 144.43 145.45 146.09 146.31 146.09 145.42 144.26 142.59 140.40 137.65
177.69 178.44 179.03 179.46 179.75 179.91 179.94 179.85 179.65 179.37 179.15 179.24 179.86 180.98 182.57 184.57 186.93 189.60 192.52 195.65 198.94 202.34 205.76 208.61 210.18 210.47 209.55 207.50 204.39 200.31 195.31 189.49 182.91 175.64 167.79 159.68 151.83 144.67 138.32 132.79 128.05 124.10 120.93 118.53 116.89 115.99 115.84 116.42 117.62 119.11 120.75 122.52 124.40 126.37 128.41 130.51 132.63 134.76 136.88 138.96 141.01 143.03 144.84 146.26 147.26 147.81 147.89 147.48 146.54 145.07 143.04 140.42
179.13 179.82 180.35 180.73 180.96 181.07 181.05 180.92 180.70 180.52 180.41 180.39 180.66 181.42 182.66 184.35 186.41 188.82 191.50 194.42 197.53 200.76 204.05 206.78 208.25 208.44 207.44 205.33 202.16 198.04 193.01 187.17 180.58 173.34 165.79 158.33 151.04 144.10 137.83 132.36 127.68 123.79 120.66 118.29 116.68 115.80 115.65 116.23 117.43 118.91 120.54 122.30 124.17 126.14 128.18 130.27 132.38 134.51 136.63 138.73 140.85 142.99 145.07 146.89 148.27 149.17 149.56 149.43 148.74 147.49 145.63 143.16
180.59 181.21 181.67 181.99 182.17 182.22 182.15 182.00 181.87 181.83 181.85 181.92 182.03 182.39 183.22 184.51 186.21 188.27 190.64 193.27 196.11 199.11 202.19 204.73 206.01 206.04 204.88 202.62 199.33 195.08 189.95 184.01 177.36 170.35 163.40 156.59 149.95 143.53 137.46 132.06 127.43 123.59 120.50 118.16 116.57 115.71 115.57 116.14 117.33 118.80 120.42 122.17 124.04 126.00 128.03 130.11 132.22 134.34 136.48 138.65 140.85 143.06 145.23 147.30 149.07 150.33 151.06 151.22 150.80 149.78 148.13 145.82
182.03 182.59 182.98 183.24 183.36 183.35 183.25 183.18 183.20 183.29 183.42 183.58 183.74 183.90 184.28 185.10 186.36 188.01 189.99 192.26 194.75 197.44 200.23 202.50 203.53 203.31 201.92 199.44 195.94 191.50 186.18 180.10 173.60 167.13 160.77 154.56 148.52 142.69 137.09 131.87 127.31 123.50 120.45 118.15 116.57 115.73 115.59 116.16 117.33 118.79 120.39 122.14 123.99 125.94 127.96 130.03 132.14 134.28 136.47 138.73 141.00 143.27 145.49 147.63 149.62 151.25 152.33 152.82 152.68 151.91 150.47 148.35
183.45 183.92 184.25 184.43 184.48 184.44 184.43 184.51 184.66 184.86 185.09 185.33 185.55 185.72 185.86 186.19 186.93 188.08 189.59 191.42 193.50 195.79 198.22 200.15 200.84 200.30 198.61 195.83 192.05 187.33 181.78 175.77 169.75 163.82 158.01 152.35 146.86 141.57 136.51 131.71 127.30 123.54 120.53 118.25 116.70 115.86 115.72 116.28 117.44 118.88 120.47 122.20 124.04 125.98 127.99 130.05 132.17 134.37 136.65 138.97 141.30 143.62 145.87 148.03 150.07 151.91 153.34 154.16 154.33 153.83 152.63 150.71
184.80 185.20 185.45 185.56 185.57 185.61 185.75 185.96 186.23 186.53 186.84 187.14 187.40 187.60 187.72 187.76 187.95 188.54 189.51 190.81 192.40 194.23 196.21 197.72 198.00 197.07 194.99 191.84 187.70 182.66 177.11 171.52 166.00 160.56 155.23 150.06 145.05 140.25 135.68 131.36 127.33 123.71 120.73 118.48 116.94 116.11 115.97 116.52 117.67 119.09 120.66 122.38 124.20 126.12 128.12 130.19 132.37 134.65 136.99 139.37 141.75 144.09 146.37 148.54 150.57 152.43 154.06 155.21 155.70 155.49 154.54 152.84
186.08 186.39 186.55 186.62 186.71 186.91 187.18 187.51 187.88 188.27 188.64 188.98 189.27 189.48 189.58 189.57 189.44 189.43 189.78 190.49 191.51 192.79 194.26 195.26 195.07 193.66 191.12 187.52 182.97 177.86 172.68 167.52 162.43 157.43 152.54 147.80 143.22 138.85 134.71 130.82 127.22 123.93 121.07 118.84 117.31 116.49 116.35 116.89 118.01 119.41 120.97 122.66 124.47 126.38 128.38 130.51 132.76 135.10 137.50 139.92 142.33 144.70 146.98 149.14 151.16 152.99 154.61 155.94 156.75 156.84 156.17 154.71
187.24 187.46 187.57 187.72 187.97 188.31 188.70 189.14 189.59 190.04 190.46 190.83 191.13 191.33 191.41 191.35 191.13 190.75 190.45 190.49 190.87 191.53 192.40 192.84 192.08 190.12 187.05 182.95 178.26 173.45 168.65 163.87 159.16 154.54 150.03 145.66 141.47 137.47 133.71 130.19 126.96 124.05 121.47 119.33 117.82 117.00 116.85 117.38 118.48 119.86 121.39 123.06 124.85 126.76 128.82 131.02 133.34 135.74 138.18 140.63 143.05 145.42 147.70 149.84 151.83 153.62 155.18 156.48 157.45 157.84 157.46 156.26
188.27 188.43 188.63 188.93 189.33 189.78 190.29 190.81 191.33 191.83 192.28 192.66 192.95 193.13 193.17 193.05 192.75 192.24 191.54 190.88 190.53 190.50 190.70 190.49 189.09 186.51 182.85 178.54 174.09 169.61 165.13 160.68 156.30 152.00 147.81 143.77 139.90 136.22 132.77 129.58 126.67 124.06 121.80 119.90 118.46 117.64 117.49 118.00 119.08 120.43 121.94 123.59 125.38 127.34 129.47 131.74 134.11 136.54 139.01 141.47 143.90 146.26 148.52 150.63 152.58 154.31 155.81 157.03 157.94 158.47 158.37 157.45
189.18 189.43 189.78 190.23 190.75 191.32 191.91 192.50 193.08 193.61 194.07 194.45 194.72 194.86 194.84 194.64 194.24 193.62 192.75 191.65 190.56 189.75 189.21 188.26 186.15 182.90 178.95 174.82 170.64 166.44 162.23 158.06 153.94 149.91 145.99 142.21 138.61 135.20 132.01 129.08 126.43 124.09 122.09 120.45 119.20 118.43 118.27 118.76 119.81 121.14 122.62 124.27 126.11 128.14 130.33 132.65 135.05 137.51 139.99 142.46 144.88 147.22 149.44 151.51 153.40 155.06 156.48 157.60 158.41 158.86 158.88 158.23
190.10 190.50 191.01 191.58 192.21 192.87 193.54 194.19 194.80 195.35 195.81 196.17 196.40 196.48 196.39 196.10 195.58 194.83 193.82 192.51 190.93 189.33 187.96 186.22 183.35 179.73 175.91 172.00 168.03 164.04 160.06 156.10 152.19 148.37 144.67 141.10 137.71 134.51 131.53 128.81 126.36 124.23 122.43 120.99 119.95 119.33 119.19 119.66 120.69 121.99 123.46 125.16 127.07 129.16 131.40 133.75 136.18 138.65 141.13 143.58 145.98 148.28 150.45 152.47 154.28 155.87 157.19 158.21 158.89 159.21 159.13 158.57
191.09 191.65 192.28 192.97 193.69 194.43 195.15 195.84 196.47 197.02 197.47 197.79 197.97 197.98 197.79 197.39 196.75 195.85 194.67 193.18 191.37 189.23 187.02 184.43 181.12 177.57 173.91 170.17 166.36 162.54 158.71 154.91 151.16 147.50 143.95 140.54 137.30 134.25 131.43 128.86 126.57 124.58 122.93 121.64 120.75 120.27 120.24 120.72 121.71 123.00 124.53 126.29 128.26 130.39 132.66 135.03 137.47 139.94 142.41 144.84 147.19 149.45 151.56 153.50 155.23 156.72 157.93 158.83 159.39 159.57 159.33 158.64
192.10 192.80 193.55 194.33 195.14 195.93 196.70 197.41 198.04 198.58 199.00 199.27 199.38 199.30 199.01 198.48 197.70 196.64 195.28 193.59 191.56 189.16 186.39 183.32 180.03 176.59 173.04 169.40 165.71 161.99 158.27 154.57 150.93 147.37 143.93 140.62 137.48 134.53 131.81 129.33 127.14 125.25 123.69 122.50 121.70 121.31 121.37 121.91 122.92 124.25 125.84 127.66 129.67 131.84 134.12 136.50 138.94 141.39 143.83 146.22 148.52 150.71 152.75 154.61 156.24 157.62 158.71 159.48 159.89 159.91 159.50 158.63
