data_processed/recharge/precip/Precip_1998_08.asc
ncols        168
nrows        136
xllcorner    455000
yllcorner    2107000
cellsize     500
NODATA_value     -99999
[rows 33 to 65 of 136, columns 73 to 145 of 168]
123.52 123.69 123.88 124.09 124.31 124.56 124.81 125.04 125.21 125.32 125.37 125.37 125.30 125.18 125.01 124.79 124.51 124.18 123.80 123.38 122.90 122.39 121.83 121.22 120.58 119.89 119.17 118.40 117.61 116.77 115.90 115.00 114.07 113.11 112.12 111.10 110.06 108.99 107.90 106.79 105.65 104.50 103.32 102.13 100.92 99.66 98.32 96.89 95.37 93.77 92.10 90.35 88.55 86.76 85.31 84.29 83.67 83.45 83.63 84.19 85.13 86.41 87.91 89.51 91.20 92.98 94.83 96.76 98.74 100.78 102.86 104.98 107.13
125.14 125.28 125.44 125.62 125.82 126.03 126.22 126.36 126.43 126.44 126.40 126.31 126.16 125.96 125.70 125.40 125.04 124.64 124.20 123.71 123.17 122.59 121.98 121.32 120.62 119.88 119.11 118.31 117.47 116.60 115.70 114.77 113.81 112.82 111.81 110.77 109.71 108.63 107.52 106.40 105.26 104.10 102.93 101.74 100.54 99.32 98.07 96.72 95.30 93.79 92.20 90.55 88.83 87.13 85.78 84.85 84.34 84.24 84.54 85.23 86.28 87.56 88.96 90.47 92.07 93.77 95.54 97.39 99.31 101.29 103.32 105.39 107.50
126.80 126.91 127.05 127.20 127.36 127.51 127.60 127.63 127.61 127.53 127.40 127.21 126.98 126.69 126.36 125.98 125.55 125.08 124.57 124.01 123.42 122.78 122.10 121.39 120.64 119.86 119.05 118.20 117.32 116.42 115.48 114.52 113.53 112.52 111.49 110.43 109.35 108.26 107.14 106.01 104.87 103.71 102.54 101.36 100.16 98.96 97.75 96.50 95.16 93.75 92.26 90.70 89.07 87.47 86.21 85.39 84.99 85.01 85.44 86.24 87.29 88.47 89.77 91.18 92.70 94.31 96.01 97.80 99.65 101.57 103.55 105.58 107.65
128.51 128.59 128.69 128.81 128.90 128.95 128.94 128.87 128.75 128.58 128.36 128.09 127.77 127.41 126.99 126.54 126.04 125.50 124.92 124.30 123.64 122.95 122.22 121.45 120.65 119.83 118.97 118.08 117.16 116.22 115.26 114.26 113.25 112.22 111.16 110.09 109.00 107.89 106.77 105.63 104.48 103.33 102.16 100.98 99.79 98.60 97.41 96.21 94.97 93.66 92.27 90.81 89.27 87.77 86.62 85.91 85.63 85.77 86.31 87.10 88.05 89.12 90.33 91.65 93.08 94.61 96.24 97.96 99.75 101.62 103.55 105.54 107.57
130.25 130.30 130.37 130.41 130.41 130.35 130.24 130.08 129.87 129.60 129.29 128.94 128.54 128.09 127.60 127.07 126.50 125.89 125.25 124.57 123.85 123.10 122.31 121.50 120.65 119.78 118.88 117.95 117.00 116.02 115.03 114.01 112.97 111.91 110.84 109.75 108.65 107.53 106.40 105.26 104.11 102.95 101.79 100.61 99.44 98.26 97.08 95.90 94.72 93.50 92.22 90.86 89.43 88.03 86.99 86.40 86.24 86.49 87.02 87.71 88.54 89.52 90.63 91.86 93.21 94.66 96.22 97.87 99.61 101.42 103.30 105.25 107.25
132.04 132.05 132.05 131.99 131.88 131.72 131.51 131.26 130.95 130.60 130.20 129.76 129.28 128.75 128.19 127.59 126.95 126.27 125.56 124.82 124.04 123.23 122.40 121.53 120.64 119.72 118.78 117.82 116.83 115.82 114.80 113.75 112.69 111.61 110.52 109.41 108.30 107.17 106.04 104.89 103.74 102.59 101.43 100.26 99.10 97.94 96.77 95.61 94.46 93.30 92.12 90.87 89.55 88.26 87.33 86.86 86.81 87.04 87.46 88.04 88.77 89.64 90.66 91.80 93.07 94.45 95.94 97.53 99.21 100.97 102.81 104.72 106.69
133.87 133.81 133.70 133.54 133.32 133.06 132.76 132.40 132.01 131.56 131.08 130.56 129.99 129.39 128.76 128.08 127.37 126.63 125.86 125.05 124.22 123.36 122.47 121.56 120.62 119.66 118.68 117.68 116.66 115.62 114.57 113.49 112.41 111.31 110.21 109.09 107.96 106.83 105.68 104.54 103.39 102.24 101.08 99.93 98.78 97.63 96.49 95.35 94.21 93.09 91.97 90.83 89.62 88.44 87.63 87.27 87.20 87.32 87.62 88.09 88.71 89.49 90.41 91.47 92.66 93.97 95.39 96.92 98.54 100.26 102.06 103.93 105.87
135.71 135.54 135.32 135.05 134.74 134.38 133.97 133.53 133.04 132.51 131.94 131.34 130.69 130.02 129.31 128.56 127.79 126.98 126.15 125.28 124.39 123.48 122.54 121.58 120.60 119.60 118.58 117.54 116.49 115.42 114.34 113.24 112.14 111.02 109.90 108.77 107.63 106.49 105.35 104.20 103.05 101.91 100.76 99.62 98.48 97.35 96.22 95.10 94.00 92.90 91.81 90.74 89.64 88.59 87.88 87.49 87.30 87.31 87.49 87.85 88.38 89.06 89.89 90.87 91.98 93.21 94.57 96.04 97.61 99.28 101.04 102.88 104.79
137.51 137.23 136.91 136.54 136.12 135.66 135.17 134.63 134.05 133.44 132.78 132.10 131.38 130.63 129.84 129.03 128.19 127.32 126.42 125.50 124.56 123.59 122.61 121.60 120.58 119.54 118.48 117.41 116.32 115.23 114.12 113.00 111.88 110.74 109.61 108.46 107.32 106.17 105.03 103.88 102.73 101.59 100.46 99.33 98.20 97.09 95.98 94.89 93.81 92.74 91.69 90.65 89.63 88.66 87.93 87.42 87.11 87.00 87.07 87.32 87.75 88.33 89.08 89.97 91.01 92.18 93.47 94.88 96.41 98.03 99.75 101.56 103.44
139.09 138.71 138.28 137.81 137.30 136.75 136.16 135.54 134.88 134.18 133.45 132.69 131.90 131.07 130.22 129.35 128.44 127.52 126.57 125.60 124.60 123.59 122.56 121.51 120.45 119.38 118.29 117.19 116.07 114.95 113.83 112.69 111.55 110.41 109.26 108.11 106.97 105.82 104.67 103.53 102.40 101.27 100.15 99.03 97.93 96.84 95.76 94.69 93.64 92.61 91.59 90.60 89.62 88.67 87.82 87.18 86.75 86.52 86.48 86.62 86.95 87.45 88.10 88.92 89.88 90.98 92.21 93.56 95.04 96.62 98.30 100.07 101.93
139.99 139.52 139.00 138.45 137.86 137.23 136.57 135.87 135.14 134.37 133.58 132.76 131.91 131.03 130.13 129.20 128.25 127.28 126.29 125.28 124.26 123.21 122.15 121.08 119.99 118.90 117.79 116.67 115.55 114.42 113.29 112.15 111.01 109.87 108.73 107.59 106.45 105.32 104.19 103.07 101.96 100.85 99.76 98.68 97.61 96.56 95.52 94.49 93.49 92.51 91.54 90.60 89.66 88.73 87.86 87.10 86.54 86.18 86.03 86.07 86.29 86.69 87.26 87.99 88.87 89.90 91.06 92.36 93.78 95.31 96.95 98.69 100.52
140.21 139.60 139.02 138.40 137.74 137.05 136.33 135.57 134.79 133.97 133.13 132.27 131.37 130.46 129.52 128.56 127.58 126.58 125.57 124.54 123.49 122.43 121.36 120.27 119.18 118.08 116.97 115.86 114.74 113.62 112.49 111.37 110.24 109.12 108.00 106.89 105.78 104.68 103.58 102.50 101.42 100.36 99.31 98.28 97.26 96.26 95.28 94.31 93.37 92.45 91.55 90.66 89.75 88.86 88.01 87.21 86.54 86.06 85.79 85.71 85.83 86.13 86.60 87.24 88.04 88.99 90.09 91.32 92.68 94.17 95.76 97.46 99.26
140.01 139.05 138.35 137.68 136.97 136.23 135.47 134.67 133.85 133.00 132.13 131.24 130.32 129.38 128.42 127.45 126.45 125.44 124.42 123.38 122.33 121.27 120.20 119.13 118.04 116.95 115.86 114.76 113.67 112.57 111.47 110.38 109.28 108.20 107.11 106.04 104.97 103.92 102.87 101.84 100.82 99.82 98.83 97.86 96.91 95.98 95.07 94.18 93.32 92.47 91.63 90.77 89.90 89.04 88.21 87.44 86.73 86.14 85.75 85.55 85.56 85.75 86.13 86.68 87.39 88.26 89.29 90.45 91.75 93.18 94.72 96.38 98.14
139.56 138.12 137.09 136.32 135.58 134.81 134.02 133.20 132.36 131.49 130.61 129.70 128.77 127.83 126.86 125.89 124.90 123.89 122.87 121.85 120.81 119.77 118.72 117.67 116.61 115.55 114.48 113.42 112.36 111.30 110.25 109.20 108.15 107.12 106.09 105.07 104.07 103.07 102.09 101.13 100.18 99.25 98.34 97.45 96.58 95.74 94.92 94.12 93.35 92.57 91.76 90.94 90.10 89.26 88.47 87.73 87.04 86.41 85.90 85.59 85.48 85.57 85.84 86.29 86.92 87.70 88.65 89.74 90.98 92.34 93.84 95.45 97.17
138.87 136.97 135.49 134.41 133.60 132.82 132.01 131.19 130.34 129.47 128.58 127.68 126.76 125.82 124.87 123.91 122.94 121.96 120.96 119.96 118.96 117.95 116.93 115.92 114.90 113.88 112.87 111.86 110.85 109.85 108.85 107.86 106.88 105.91 104.96 104.01 103.08 102.17 101.27 100.39 99.53 98.69 97.88 97.08 96.31 95.57 94.85 94.16 93.45 92.71 91.94 91.15 90.34 89.54 88.77 88.05 87.39 86.78 86.24 85.82 85.59 85.57 85.73 86.08 86.61 87.31 88.18 89.20 90.36 91.66 93.10 94.66 96.34
137.98 135.63 133.70 132.20 131.10 130.27 129.47 128.65 127.82 126.96 126.09 125.21 124.31 123.40 122.48 121.55 120.61 119.66 118.71 117.76 116.80 115.84 114.87 113.91 112.95 112.00 111.04 110.10 109.16 108.23 107.31 106.39 105.50 104.61 103.74 102.89 102.05 101.23 100.43 99.65 98.90 98.16 97.46 96.77 96.12 95.50 94.89 94.27 93.61 92.91 92.17 91.41 90.64 89.86 89.11 88.42 87.79 87.21 86.68 86.23 85.89 85.75 85.80 86.05 86.48 87.09 87.87 88.81 89.90 91.14 92.51 94.02 95.64
136.89 134.11 131.77 129.85 128.35 127.25 126.42 125.63 124.82 123.99 123.16 122.31 121.45 120.58 119.71 118.82 117.94 117.04 116.15 115.25 114.35 113.46 112.56 111.67 110.79 109.91 109.03 108.17 107.32 106.47 105.64 104.83 104.03 103.24 102.47 101.72 100.99 100.29 99.60 98.94 98.30 97.69 97.11 96.56 96.04 95.54 95.02 94.44 93.82 93.15 92.45 91.73 90.98 90.22 89.50 88.84 88.23 87.67 87.17 86.73 86.36 86.11 86.05 86.19 86.52 87.03 87.72 88.58 89.59 90.76 92.07 93.51 95.09
135.63 132.44 129.69 127.38 125.49 124.02 122.95 122.14 121.37 120.60 119.81 119.01 118.21 117.40 116.59 115.77 114.95 114.12 113.30 112.48 111.66 110.84 110.03 109.23 108.44 107.65 106.87 106.11 105.35 104.61 103.89 103.18 102.50 101.83 101.18 100.55 99.95 99.36 98.81 98.28 97.78 97.31 96.87 96.46 96.08 95.67 95.20 94.66 94.08 93.45 92.78 92.09 91.36 90.63 89.94 89.30 88.71 88.17 87.70 87.28 86.93 86.64 86.48 86.50 86.73 87.14 87.73 88.50 89.43 90.53 91.77 93.15 94.67
134.21 130.63 127.50 124.81 122.55 120.72 119.30 118.27 117.51 116.80 116.08 115.35 114.62 113.88 113.14 112.40 111.67 110.93 110.19 109.46 108.74 108.02 107.31 106.61 105.92 105.24 104.58 103.93 103.29 102.68 102.08 101.50 100.94 100.40 99.88 99.40 98.93 98.49 98.09 97.71 97.36 97.05 96.76 96.51 96.22 95.86 95.43 94.93 94.39 93.79 93.16 92.49 91.79 91.08 90.41 89.79 89.22 88.71 88.26 87.86 87.53 87.26 87.06 86.99 87.10 87.41 87.91 88.58 89.43 90.44 91.61 92.92 94.38
132.66 128.71 125.21 122.16 119.55 117.37 115.61 114.27 113.31 112.62 111.98 111.34 110.70 110.05 109.41 108.76 108.12 107.49 106.86 106.24 105.62 105.02 104.43 103.85 103.28 102.73 102.19 101.67 101.17 100.69 100.23 99.79 99.37 98.98 98.62 98.29 97.98 97.70 97.46 97.24 97.07 96.92 96.80 96.65 96.41 96.09 95.71 95.26 94.75 94.18 93.58 92.94 92.26 91.58 90.93 90.33 89.78 89.29 88.86 88.48 88.17 87.92 87.73 87.62 87.64 87.84 88.23 88.81 89.57 90.50 91.59 92.83 94.23
131.00 126.69 122.84 119.45 116.50 114.00 111.92 110.26 109.01 108.15 107.56 107.02 106.48 105.94 105.40 104.87 104.35 103.83 103.32 102.83 102.34 101.86 101.40 100.96 100.53 100.12 99.72 99.35 99.00 98.67 98.37 98.09 97.84 97.61 97.42 97.25 97.12 97.02 96.95 96.92 96.92 96.96 96.94 96.84 96.65 96.38 96.04 95.62 95.15 94.62 94.04 93.43 92.78 92.11 91.48 90.90 90.38 89.90 89.49 89.13 88.84 88.61 88.44 88.34 88.32 88.42 88.71 89.19 89.86 90.70 91.71 92.88 94.20
129.24 124.59 120.41 116.70 113.44 110.62 108.24 106.29 104.76 103.63 102.88 102.41 101.98 101.57 101.16 100.76 100.37 99.98 99.61 99.26 98.91 98.58 98.27 97.98 97.70 97.45 97.22 97.01 96.82 96.66 96.53 96.43 96.35 96.31 96.29 96.32 96.37 96.46 96.59 96.76 96.95 97.10 97.14 97.09 96.95 96.72 96.41 96.04 95.60 95.10 94.55 93.96 93.33 92.69 92.08 91.52 91.01 90.55 90.15 89.82 89.54 89.32 89.18 89.09 89.08 89.15 89.34 89.72 90.29 91.03 91.96 93.05 94.30
127.41 122.44 117.94 113.92 110.36 107.26 104.60 102.37 100.57 99.17 98.19 97.59 97.25 96.97 96.71 96.45 96.20 95.97 95.76 95.55 95.37 95.20 95.06 94.93 94.83 94.75 94.69 94.66 94.66 94.68 94.74 94.83 94.95 95.10 95.29 95.51 95.77 96.07 96.41 96.78 97.09 97.30 97.39 97.39 97.29 97.11 96.84 96.50 96.09 95.62 95.10 94.54 93.93 93.30 92.71 92.16 91.67 91.23 90.85 90.53 90.27 90.07 89.94 89.87 89.88 89.96 90.11 90.39 90.86 91.51 92.35 93.36 94.53
125.52 120.24 115.46 111.15 107.31 103.93 101.00 98.52 96.46 94.83 93.61 92.79 92.35 92.18 92.07 91.97 91.89 91.83 91.78 91.75 91.74 91.75 91.79 91.85 91.93 92.04 92.18 92.34 92.54 92.77 93.03 93.32 93.65 94.01 94.42 94.86 95.34 95.87 96.42 96.91 97.29 97.55 97.69 97.74 97.68 97.54 97.31 97.00 96.63 96.19 95.69 95.15 94.56 93.95 93.37 92.85 92.37 91.95 91.58 91.27 91.03 90.84 90.73 90.68 90.70 90.79 90.95 91.20 91.57 92.12 92.87 93.79 94.88
123.60 118.03 112.97 108.39 104.29 100.66 97.48 94.76 92.47 90.61 89.17 88.14 87.51 87.26 87.28 87.36 87.46 87.57 87.71 87.87 88.06 88.26 88.49 88.75 89.04 89.35 89.70 90.08 90.49 90.93 91.41 91.93 92.49 93.08 93.72 94.39 95.11 95.86 96.55 97.11 97.54 97.85 98.04 98.13 98.12 98.01 97.82 97.55 97.21 96.79 96.32 95.80 95.23 94.64 94.07 93.56 93.10 92.69 92.34 92.05 91.82 91.65 91.54 91.50 91.54 91.64 91.82 92.07 92.41 92.87 93.52 94.35 95.35
121.65 115.82 110.50 105.67 101.32 97.45 94.05 91.10 88.60 86.54 84.90 83.68 82.86 82.44 82.40 82.63 82.92 83.24 83.58 83.95 84.34 84.75 85.20 85.67 86.18 86.72 87.29 87.90 88.54 89.22 89.93 90.69 91.49 92.33 93.21 94.14 95.10 95.99 96.74 97.35 97.84 98.20 98.44 98.57 98.60 98.54 98.38 98.14 97.82 97.44 96.99 96.49 95.94 95.36 94.81 94.31 93.86 93.47 93.13 92.85 92.63 92.47 92.38 92.35 92.40 92.51 92.70 92.97 93.31 93.74 94.29 95.03 95.95
119.71 113.63 108.07 103.00 98.43 94.34 90.73 87.58 84.88 82.63 80.81 79.41 78.43 77.85 77.67 77.87 78.33 78.86 79.42 80.00 80.62 81.26 81.94 82.64 83.38 84.16 84.97 85.82 86.71 87.64 88.61 89.62 90.68 91.78 92.93 94.11 95.21 96.17 96.98 97.65 98.19 98.60 98.88 99.06 99.13 99.10 98.98 98.77 98.48 98.12 97.70 97.21 96.68 96.11 95.57 95.09 94.65 94.27 93.94 93.68 93.47 93.32 93.24 93.23 93.28 93.41 93.61 93.88 94.23 94.67 95.19 95.83 96.66
117.79 111.48 105.69 100.41 95.63 91.34 87.54 84.20 81.32 78.90 76.91 75.36 74.23 73.52 73.20 73.28 73.73 74.45 75.24 76.06 76.92 77.81 78.73 79.68 80.68 81.71 82.78 83.89 85.04 86.23 87.47 88.76 90.09 91.47 92.88 94.21 95.38 96.40 97.27 97.99 98.58 99.04 99.37 99.59 99.70 99.71 99.62 99.44 99.18 98.84 98.44 97.97 97.45 96.90 96.37 95.90 95.47 95.10 94.79 94.53 94.33 94.19 94.12 94.12 94.18 94.32 94.52 94.81 95.17 95.61 96.14 96.75 97.49
115.91 109.39 103.40 97.92 92.95 88.48 84.49 80.99 77.95 75.37 73.24 71.56 70.30 69.46 69.03 69.00 69.36 70.09 71.09 72.16 73.27 74.42 75.60 76.82 78.08 79.39 80.73 82.12 83.55 85.03 86.55 88.12 89.74 91.40 92.97 94.37 95.61 96.69 97.61 98.39 99.02 99.53 99.91 100.17 100.31 100.35 100.30 100.15 99.91 99.60 99.21 98.76 98.26 97.71 97.20 96.73 96.32 95.96 95.65 95.40 95.21 95.09 95.02 95.03 95.10 95.24 95.46 95.75 96.12 96.57 97.10 97.71 98.42
114.10 107.38 101.19 95.54 90.39 85.76 81.62 77.96 74.78 72.07 69.81 68.01 66.63 65.69 65.16 65.04 65.32 65.99 67.02 68.32 69.71 71.13 72.59 74.09 75.64 77.23 78.86 80.54 82.27 84.04 85.87 87.74 89.65 91.47 93.12 94.59 95.88 97.02 98.00 98.83 99.51 100.06 100.48 100.78 100.97 101.04 101.01 100.89 100.68 100.39 100.02 99.59 99.09 98.56 98.06 97.60 97.19 96.84 96.54 96.30 96.12 96.00 95.95 95.96 96.04 96.19 96.41 96.71 97.08 97.54 98.07 98.69 99.40
112.36 105.46 99.11 93.29 87.99 83.21 78.93 75.14 71.84 69.01 66.64 64.73 63.27 62.24 61.63 61.44 61.65 62.26 63.26 64.62 66.25 67.96 69.72 71.52 73.36 75.25 77.19 79.18 81.22 83.31 85.45 87.63 89.71 91.61 93.32 94.85 96.21 97.40 98.43 99.31 100.05 100.64 101.10 101.44 101.66 101.77 101.77 101.67 101.49 101.21 100.86 100.44 99.96 99.44 98.94 98.49 98.09 97.75 97.46 97.22 97.05 96.94 96.89 96.90 96.99 97.14 97.37 97.67 98.05 98.51 99.05 99.68 100.39
110.72 103.66 97.16 91.20 85.76 80.85 76.45 72.55 69.14 66.21 63.75 61.76 60.22 59.12 58.45 58.20 58.37 58.94 59.90 61.25 62.97 64.94 67.01 69.12 71.29 73.50 75.76 78.07 80.44 82.86 85.31 87.67 89.83 91.80 93.57 95.16 96.58 97.83 98.91 99.84 100.62 101.26 101.76 102.14 102.39 102.53 102.56 102.49 102.32 102.07 101.74 101.33 100.86 100.34 99.85 99.41 99.02 98.68 98.39 98.16 97.99 97.89 97.84 97.86 97.95 98.11 98.35 98.65 99.04 99.50 100.04 100.67 101.38
109.20 102.00 95.36 89.27 83.72 78.70 74.19 70.20 66.70 63.69 61.16 59.10 57.50 56.35 55.64 55.36 55.49 56.04 57.00 58.34 60.06 62.15 64.50 66.94 69.44 71.98 74.58 77.24 79.95 82.69 85.33 87.77 90.00 92.03 93.87 95.53 97.00 98.30 99.44 100.41 101.24 101.92 102.46 102.87 103.16 103.33 103.38 103.34 103.19 102.96 102.64 102.24 101.78 101.27 100.79 100.35 99.96 99.63 99.35 99.12 98.96 98.86 98.81 98.84 98.93 99.10 99.33 99.64 100.03 100.49 101.04 101.67 102.38
