data_processed/recharge/precip/Precip_2002_09.asc
ncols        168
nrows        136
xllcorner    455000
yllcorner    2107000
cellsize     500
NODATA_value     -99999
[rows 32 to 63 of 136, columns 0 to 70 of 168]
264.43 267.22 269.83 272.26 274.50 276.55 278.40 280.05 281.49 282.73 283.74 284.53 285.10 285.44 285.53 285.39 285.00 284.36 283.49 282.42 281.21 280.03 278.89 277.85 276.91 276.07 275.31 274.64 274.05 273.53 273.08 272.69 272.35 272.05 271.80 271.59 271.40 271.24 271.10 270.97 270.84 270.72 270.59 270.44 270.28 270.09 269.87 269.62 269.32 268.97 268.57 268.11 267.58 266.98 266.30 265.54 264.68 263.73 262.68 261.51 260.24 258.84 257.31 255.65 253.85 251.91 249.81 247.56 245.14 242.56 239.80
267.11 269.84 272.38 274.74 276.91 278.87 280.64 282.20 283.55 284.68 285.59 286.27 286.72 286.93 286.90 286.63 286.10 285.32 284.27 282.99 281.56 280.16 278.86 277.67 276.59 275.62 274.73 273.94 273.23 272.59 272.02 271.52 271.08 270.69 270.35 270.05 269.78 269.54 269.32 269.12 268.92 268.74 268.55 268.35 268.14 267.91 267.65 267.36 267.03 266.66 266.24 265.76 265.22 264.62 263.93 263.17 262.32 261.38 260.34 259.20 257.94 256.57 255.08 253.46 251.70 249.80 247.76 245.56 243.21 240.69 238.00
269.84 272.50 274.98 277.26 279.34 281.22 282.90 284.36 285.61 286.63 287.43 287.99 288.32 288.41 288.25 287.83 287.16 286.23 285.03 283.57 281.93 280.36 278.91 277.58 276.36 275.24 274.22 273.30 272.47 271.71 271.03 270.42 269.87 269.38 268.94 268.55 268.19 267.87 267.57 267.29 267.03 266.78 266.53 266.28 266.01 265.74 265.44 265.11 264.75 264.35 263.90 263.41 262.85 262.23 261.55 260.78 259.94 259.00 257.97 256.85 255.61 254.27 252.81 251.22 249.50 247.65 245.65 243.51 241.21 238.76 236.13
272.61 275.20 277.60 279.80 281.80 283.59 285.17 286.53 287.67 288.58 289.26 289.70 289.90 289.85 289.56 289.00 288.18 287.10 285.74 284.15 282.45 280.74 279.14 277.66 276.29 275.03 273.88 272.83 271.86 270.98 270.19 269.46 268.80 268.21 267.67 267.18 266.73 266.32 265.94 265.59 265.25 264.93 264.62 264.30 263.99 263.66 263.31 262.95 262.55 262.12 261.64 261.12 260.55 259.92 259.22 258.45 257.60 256.67 255.65 254.54 253.32 252.00 250.56 249.01 247.33 245.51 243.56 241.47 239.22 236.83 234.26
275.40 277.92 280.23 282.35 284.25 285.95 287.42 288.68 289.70 290.50 291.05 291.37 291.44 291.25 290.81 290.11 289.14 287.89 286.42 284.83 283.15 281.41 279.68 278.04 276.52 275.12 273.83 272.63 271.54 270.53 269.61 268.77 268.00 267.29 266.65 266.05 265.51 265.01 264.54 264.11 263.70 263.30 262.92 262.54 262.17 261.78 261.39 260.97 260.53 260.06 259.56 259.01 258.41 257.76 257.05 256.27 255.42 254.49 253.47 252.37 251.16 249.86 248.44 246.91 245.26 243.49 241.58 239.53 237.33 234.99 232.48
278.20 280.63 282.86 284.88 286.69 288.28 289.65 290.79 291.70 292.37 292.80 292.98 292.91 292.59 292.00 291.14 290.01 288.65 287.17 285.62 283.98 282.27 280.50 278.73 277.06 275.51 274.07 272.73 271.50 270.36 269.31 268.35 267.46 266.64 265.88 265.19 264.54 263.95 263.39 262.87 262.37 261.90 261.44 261.00 260.56 260.11 259.66 259.20 258.71 258.20 257.66 257.08 256.45 255.78 255.05 254.26 253.39 252.46 251.44 250.34 249.15 247.85 246.46 244.95 243.33 241.58 239.70 237.69 235.54 233.25 230.80
280.99 283.34 285.47 287.40 289.10 290.59 291.84 292.87 293.65 294.19 294.49 294.53 294.32 293.84 293.10 292.08 290.84 289.48 288.05 286.53 284.93 283.26 281.52 279.71 277.90 276.20 274.61 273.13 271.75 270.48 269.30 268.20 267.19 266.25 265.38 264.58 263.83 263.13 262.48 261.86 261.28 260.73 260.19 259.67 259.16 258.66 258.15 257.63 257.09 256.53 255.95 255.33 254.67 253.97 253.22 252.40 251.53 250.58 249.56 248.46 247.27 245.98 244.60 243.11 241.51 239.79 237.94 235.97 233.86 231.61 229.21
283.76 286.01 288.05 289.87 291.47 292.84 293.98 294.88 295.53 295.94 296.10 296.00 295.64 295.01 294.10 292.97 291.73 290.42 289.03 287.56 286.00 284.36 282.65 280.87 279.03 277.18 275.44 273.81 272.29 270.87 269.56 268.33 267.19 266.13 265.14 264.22 263.36 262.56 261.80 261.09 260.42 259.78 259.16 258.57 257.98 257.41 256.83 256.25 255.66 255.05 254.42 253.76 253.07 252.33 251.55 250.71 249.82 248.86 247.83 246.72 245.53 244.25 242.87 241.40 239.81 238.11 236.29 234.35 232.28 230.06 227.71
286.49 288.65 290.58 292.29 293.78 295.03 296.05 296.82 297.34 297.61 297.62 297.37 296.85 296.06 295.05 293.92 292.74 291.48 290.14 288.71 287.18 285.58 283.90 282.15 280.33 278.45 276.57 274.78 273.11 271.55 270.09 268.73 267.45 266.26 265.15 264.11 263.14 262.23 261.37 260.56 259.79 259.06 258.35 257.68 257.01 256.36 255.72 255.08 254.42 253.76 253.08 252.37 251.64 250.87 250.05 249.19 248.27 247.29 246.24 245.13 243.93 242.65 241.27 239.81 238.23 236.55 234.76 232.84 230.80 228.62 226.30
289.18 291.23 293.05 294.65 296.02 297.14 298.03 298.67 299.05 299.17 299.04 298.63 297.96 297.05 296.05 294.98 293.85 292.64 291.35 289.96 288.47 286.90 285.26 283.54 281.74 279.88 277.96 276.04 274.22 272.51 270.90 269.40 267.99 266.66 265.43 264.26 263.17 262.14 261.18 260.26 259.39 258.56 257.77 257.00 256.26 255.53 254.81 254.10 253.38 252.66 251.92 251.17 250.38 249.57 248.72 247.82 246.87 245.87 244.81 243.67 242.47 241.18 239.80 238.34 236.77 235.11 233.33 231.43 229.41 227.27 224.99
291.79 293.73 295.45 296.93 298.17 299.17 299.92 300.41 300.65 300.63 300.33 299.77 298.98 298.09 297.15 296.14 295.07 293.91 292.66 291.32 289.87 288.34 286.72 285.03 283.27 281.43 279.53 277.57 275.61 273.74 271.99 270.33 268.78 267.32 265.95 264.66 263.45 262.30 261.22 260.19 259.22 258.29 257.40 256.54 255.71 254.90 254.10 253.31 252.53 251.74 250.95 250.13 249.30 248.44 247.54 246.61 245.63 244.60 243.51 242.36 241.14 239.84 238.46 236.99 235.43 233.77 232.01 230.13 228.13 226.01 223.76
294.33 296.16 297.75 299.11 300.22 301.08 301.69 302.04 302.13 301.95 301.50 300.82 300.05 299.23 298.35 297.40 296.38 295.28 294.08 292.78 291.37 289.87 288.29 286.63 284.90 283.09 281.21 279.26 277.26 275.26 273.34 271.54 269.84 268.24 266.74 265.31 263.97 262.70 261.50 260.36 259.27 258.24 257.25 256.29 255.37 254.47 253.59 252.73 251.87 251.01 250.15 249.28 248.39 247.48 246.54 245.56 244.54 243.48 242.36 241.19 239.95 238.63 237.24 235.77 234.21 232.55 230.80 228.93 226.95 224.85 222.59
296.78 298.48 299.95 301.18 302.15 302.88 303.34 303.54 303.47 303.13 302.57 301.92 301.22 300.46 299.65 298.76 297.80 296.75 295.59 294.33 292.97 291.51 289.96 288.33 286.62 284.84 282.99 281.06 279.07 277.02 274.98 273.02 271.17 269.42 267.77 266.21 264.74 263.34 262.01 260.75 259.55 258.41 257.31 256.26 255.24 254.25 253.28 252.33 251.40 250.47 249.54 248.60 247.65 246.68 245.69 244.67 243.61 242.51 241.36 240.15 238.89 237.56 236.15 234.67 233.10 231.45 229.69 227.83 225.86 223.75 221.46
299.11 300.70 302.03 303.12 303.96 304.54 304.85 304.89 304.67 304.22 303.68 303.10 302.47 301.79 301.04 300.22 299.31 298.31 297.20 295.99 294.66 293.23 291.72 290.13 288.45 286.69 284.86 282.96 280.99 278.95 276.86 274.76 272.76 270.86 269.06 267.36 265.75 264.22 262.76 261.38 260.06 258.80 257.59 256.43 255.31 254.23 253.17 252.13 251.12 250.11 249.10 248.10 247.08 246.05 245.01 243.93 242.83 241.68 240.50 239.26 237.97 236.61 235.19 233.69 232.11 230.45 228.69 226.83 224.84 222.69 220.36
301.33 302.78 303.98 304.93 305.62 306.05 306.20 306.09 305.75 305.33 304.87 304.37 303.82 303.21 302.52 301.76 300.91 299.96 298.90 297.73 296.44 295.06 293.58 292.01 290.37 288.64 286.83 284.95 282.99 280.97 278.89 276.75 274.61 272.55 270.61 268.76 267.00 265.34 263.75 262.24 260.79 259.42 258.09 256.82 255.60 254.41 253.25 252.13 251.02 249.93 248.85 247.77 246.68 245.59 244.48 243.35 242.20 241.01 239.78 238.50 237.18 235.79 234.34 232.83 231.23 229.56 227.79 225.91 223.86 221.66 219.30
303.41 304.72 305.78 306.59 307.12 307.39 307.39 307.16 306.86 306.52 306.15 305.73 305.25 304.71 304.09 303.39 302.60 301.70 300.69 299.56 298.32 296.97 295.52 293.99 292.37 290.67 288.89 287.03 285.09 283.09 281.02 278.89 276.69 274.50 272.40 270.40 268.50 266.69 264.97 263.32 261.75 260.25 258.81 257.42 256.08 254.79 253.54 252.31 251.11 249.93 248.77 247.61 246.45 245.29 244.12 242.93 241.72 240.48 239.20 237.88 236.52 235.10 233.62 232.08 230.47 228.78 226.97 225.02 222.92 220.67 218.27
305.34 306.51 307.42 308.07 308.45 308.56 308.45 308.26 308.05 307.80 307.51 307.17 306.77 306.29 305.74 305.10 304.37 303.52 302.56 301.48 300.27 298.96 297.55 296.05 294.46 292.79 291.03 289.19 287.28 285.29 283.24 281.11 278.93 276.69 274.45 272.29 270.24 268.28 266.42 264.64 262.93 261.30 259.73 258.23 256.78 255.38 254.01 252.69 251.39 250.12 248.87 247.63 246.39 245.16 243.91 242.66 241.39 240.09 238.76 237.40 235.99 234.54 233.03 231.46 229.82 228.07 226.20 224.18 222.03 219.73 217.27
307.10 308.13 308.89 309.38 309.60 309.60 309.53 309.43 309.31 309.15 308.95 308.69 308.36 307.96 307.47 306.90 306.22 305.43 304.52 303.48 302.31 301.04 299.66 298.20 296.64 294.99 293.26 291.44 289.55 287.58 285.54 283.43 281.25 279.01 276.72 274.43 272.22 270.11 268.10 266.17 264.33 262.57 260.88 259.25 257.68 256.16 254.69 253.26 251.86 250.49 249.14 247.82 246.50 245.18 243.87 242.54 241.20 239.85 238.46 237.05 235.59 234.10 232.55 230.94 229.24 227.42 225.47 223.39 221.17 218.82 216.32
308.68 309.56 310.16 310.49 310.61 310.65 310.68 310.68 310.65 310.58 310.46 310.28 310.03 309.70 309.28 308.76 308.14 307.41 306.55 305.55 304.42 303.19 301.85 300.42 298.89 297.27 295.56 293.77 291.90 289.94 287.92 285.82 283.66 281.42 279.13 276.79 274.44 272.18 270.01 267.94 265.96 264.06 262.23 260.47 258.78 257.14 255.55 254.01 252.51 251.04 249.60 248.17 246.77 245.37 243.97 242.58 241.17 239.75 238.30 236.83 235.33 233.78 232.19 230.51 228.73 226.82 224.79 222.64 220.36 217.95 215.40
310.07 310.79 311.23 311.46 311.62 311.76 311.89 312.00 312.06 312.08 312.04 311.94 311.76 311.51 311.15 310.70 310.14 309.46 308.65 307.70 306.61 305.42 304.11 302.71 301.22 299.62 297.94 296.17 294.32 292.39 290.38 288.29 286.14 283.91 281.63 279.28 276.88 274.47 272.15 269.93 267.80 265.76 263.79 261.90 260.08 258.32 256.61 254.95 253.34 251.77 250.22 248.70 247.20 245.72 244.24 242.76 241.28 239.79 238.28 236.75 235.19 233.59 231.92 230.14 228.26 226.27 224.17 221.94 219.60 217.12 214.53
311.26 311.81 312.15 312.42 312.69 312.95 313.18 313.38 313.53 313.64 313.69 313.67 313.57 313.38 313.10 312.71 312.21 311.58 310.82 309.91 308.87 307.71 306.45 305.08 303.61 302.05 300.40 298.65 296.82 294.90 292.91 290.84 288.69 286.48 284.19 281.85 279.44 276.98 274.52 272.15 269.87 267.67 265.57 263.54 261.58 259.69 257.86 256.09 254.36 252.67 251.02 249.40 247.81 246.23 244.66 243.10 241.54 239.97 238.39 236.80 235.17 233.49 231.71 229.83 227.86 225.78 223.59 221.29 218.88 216.34 213.69
312.22 312.67 313.06 313.45 313.83 314.19 314.52 314.82 315.07 315.27 315.40 315.46 315.44 315.32 315.11 314.78 314.34 313.77 313.05 312.20 311.20 310.08 308.85 307.52 306.08 304.55 302.92 301.19 299.38 297.49 295.51 293.45 291.32 289.11 286.83 284.49 282.08 279.62 277.10 274.58 272.15 269.81 267.55 265.38 263.29 261.26 259.30 257.40 255.56 253.75 251.99 250.27 248.57 246.89 245.24 243.59 241.94 240.30 238.64 236.97 235.25 233.45 231.56 229.58 227.51 225.33 223.06 220.69 218.20 215.61 212.90
313.01 313.51 314.02 314.53 315.02 315.49 315.93 316.32 316.67 316.96 317.17 317.31 317.37 317.33 317.18 316.92 316.53 316.01 315.35 314.54 313.58 312.50 311.31 310.01 308.61 307.11 305.50 303.80 302.01 300.14 298.17 296.13 294.01 291.81 289.54 287.20 284.79 282.33 279.80 277.23 274.65 272.15 269.74 267.43 265.19 263.03 260.94 258.91 256.93 255.01 253.14 251.30 249.50 247.72 245.96 244.22 242.49 240.76 239.03 237.25 235.40 233.48 231.48 229.39 227.21 224.95 222.59 220.13 217.58 214.92 212.15
313.78 314.41 315.04 315.66 316.27 316.84 317.38 317.88 318.32 318.70 319.00 319.22 319.35 319.39 319.31 319.11 318.78 318.32 317.71 316.95 316.03 314.99 313.84 312.57 311.20 309.73 308.15 306.48 304.71 302.85 300.90 298.87 296.76 294.57 292.31 289.97 287.57 285.10 282.57 279.98 277.35 274.71 272.14 269.68 267.29 264.99 262.76 260.59 258.49 256.45 254.45 252.50 250.59 248.70 246.85 245.01 243.18 241.36 239.51 237.60 235.62 233.58 231.45 229.26 226.98 224.62 222.17 219.63 217.00 214.27 211.45
314.61 315.36 316.11 316.85 317.56 318.25 318.89 319.49 320.02 320.49 320.88 321.19 321.39 321.50 321.49 321.35 321.09 320.68 320.12 319.41 318.53 317.53 316.42 315.19 313.85 312.40 310.85 309.20 307.46 305.62 303.69 301.67 299.57 297.39 295.14 292.81 290.40 287.93 285.40 282.81 280.16 277.45 274.75 272.13 269.59 267.14 264.77 262.47 260.23 258.06 255.94 253.87 251.84 249.84 247.88 245.94 244.01 242.07 240.07 238.02 235.91 233.74 231.50 229.19 226.80 224.34 221.81 219.18 216.48 213.68 210.79
315.47 316.35 317.23 318.08 318.91 319.70 320.45 321.14 321.78 322.33 322.81 323.20 323.48 323.66 323.72 323.65 323.45 323.09 322.59 321.92 321.09 320.13 319.05 317.85 316.55 315.13 313.61 311.99 310.26 308.44 306.53 304.53 302.44 300.27 298.02 295.70 293.30 290.83 288.29 285.69 283.03 280.31 277.55 274.78 272.09 269.49 266.97 264.52 262.15 259.84 257.59 255.40 253.25 251.14 249.06 247.01 244.95 242.86 240.71 238.52 236.27 233.97 231.61 229.18 226.69 224.13 221.50 218.79 216.00 213.14 210.18
316.38 317.39 318.38 319.36 320.30 321.20 322.05 322.85 323.57 324.22 324.79 325.25 325.62 325.87 326.00 325.99 325.85 325.55 325.10 324.48 323.69 322.77 321.73 320.57 319.30 317.91 316.42 314.82 313.12 311.32 309.43 307.44 305.36 303.20 300.96 298.64 296.24 293.77 291.23 288.63 285.96 283.23 280.45 277.61 274.78 272.02 269.35 266.76 264.24 261.80 259.41 257.09 254.81 252.59 250.39 248.20 245.98 243.72 241.42 239.09 236.70 234.27 231.78 229.24 226.64 223.98 221.25 218.45 215.58 212.64 209.62
317.33 318.47 319.58 320.67 321.73 322.74 323.69 324.59 325.41 326.15 326.80 327.35 327.80 328.12 328.32 328.38 328.30 328.06 327.65 327.08 326.34 325.46 324.46 323.33 322.09 320.74 319.27 317.70 316.02 314.25 312.37 310.40 308.33 306.18 303.95 301.63 299.24 296.76 294.22 291.61 288.94 286.20 283.40 280.55 277.65 274.75 271.92 269.18 266.51 263.93 261.40 258.95 256.54 254.18 251.84 249.47 247.09 244.67 242.22 239.73 237.20 234.64 232.02 229.36 226.65 223.88 221.06 218.17 215.22 212.20 209.11
318.32 319.58 320.81 322.02 323.19 324.31 325.37 326.37 327.28 328.12 328.86 329.49 330.01 330.41 330.68 330.81 330.78 330.60 330.25 329.72 329.02 328.19 327.23 326.14 324.93 323.61 322.17 320.63 318.97 317.21 315.35 313.40 311.35 309.21 306.98 304.67 302.28 299.81 297.26 294.65 291.96 289.21 286.40 283.54 280.62 277.65 274.68 271.78 268.96 266.23 263.56 260.96 258.42 255.90 253.38 250.84 248.28 245.69 243.08 240.45 237.78 235.08 232.34 229.55 226.73 223.85 220.93 217.95 214.91 211.81 208.65
319.33 320.72 322.08 323.41 324.69 325.92 327.08 328.18 329.19 330.12 330.94 331.66 332.26 332.74 333.07 333.27 333.31 333.18 332.88 332.41 331.75 330.96 330.03 328.98 327.81 326.52 325.11 323.59 321.96 320.22 318.38 316.44 314.41 312.28 310.06 307.75 305.36 302.89 300.34 297.72 295.03 292.27 289.45 286.57 283.63 280.64 277.60 274.55 271.58 268.70 265.88 263.14 260.43 257.72 255.01 252.28 249.55 246.80 244.03 241.24 238.43 235.59 232.72 229.81 226.87 223.89 220.86 217.78 214.66 211.48 208.24
320.38 321.89 323.37 324.82 326.21 327.55 328.82 330.02 331.13 332.15 333.06 333.87 334.55 335.09 335.50 335.76 335.86 335.79 335.55 335.12 334.51 333.76 332.87 331.86 330.72 329.46 328.08 326.59 324.98 323.27 321.45 319.52 317.50 315.38 313.17 310.87 308.48 306.01 303.46 300.84 298.14 295.37 292.54 289.64 286.69 283.67 280.61 277.49 274.38 271.33 268.37 265.44 262.53 259.63 256.72 253.82 250.91 247.99 245.06 242.12 239.16 236.18 233.17 230.14 227.08 223.98 220.85 217.68 214.46 211.20 207.89
321.44 323.08 324.69 326.25 327.76 329.21 330.59 331.89 333.10 334.21 335.21 336.10 336.86 337.48 337.96 338.28 338.45 338.44 338.25 337.87 337.30 336.59 335.75 334.77 333.67 332.44 331.09 329.62 328.04 326.35 324.54 322.64 320.63 318.52 316.32 314.02 311.64 309.17 306.62 303.99 301.29 298.51 295.67 292.75 289.78 286.75 283.66 280.52 277.33 274.14 270.98 267.85 264.73 261.63 258.53 255.44 252.35 249.27 246.17 243.07 239.96 236.84 233.70 230.54 227.36 224.15 220.91 217.63 214.32 210.98 207.58
