data_processed/recharge/precip/Precip_1999_02.asc
ncols        168
nrows        136
xllcorner    455000
yllcorner    2107000
cellsize     500
NODATA_value     -99999
[rows 38 to 75 of 136, columns 84 to 167 of 168]
0.00 0.00 0.09 0.20 0.31 0.44 0.57 0.71 0.85 1.00 1.16 1.32 1.49 1.66 1.84 2.02 2.20 2.39 2.58 2.77 2.96 3.16 3.35 3.55 3.74 3.94 4.14 4.33 4.53 4.72 4.91 5.09 5.28 5.46 5.64 5.81 5.98 6.14 6.30 6.45 6.59 6.73 6.86 6.98 7.10 7.21 7.31 7.40 7.48 7.56 7.64 7.71 7.79 7.87 7.95 8.02 8.10 8.16 8.22 8.28 8.33 8.38 8.42 8.45 8.47 8.48 8.49 8.49 8.48 8.47 8.44 8.41 8.38 8.33 8.28 8.23 8.16 8.09 8.01 7.93 7.84 7.74 7.64 7.53
0.00 0.00 0.10 0.21 0.33 0.46 0.59 0.73 0.88 1.03 1.19 1.36 1.53 1.70 1.88 2.06 2.24 2.43 2.62 2.81 3.01 3.20 3.39 3.59 3.78 3.98 4.17 4.37 4.56 4.75 4.93 5.11 5.29 5.47 5.64 5.81 5.97 6.13 6.28 6.43 6.57 6.70 6.82 6.94 7.05 7.15 7.24 7.32 7.40 7.48 7.56 7.64 7.72 7.80 7.88 7.95 8.02 8.09 8.15 8.21 8.27 8.32 8.36 8.39 8.42 8.44 8.45 8.45 8.45 8.44 8.42 8.39 8.36 8.32 8.27 8.22 8.16 8.09 8.02 7.93 7.85 7.75 7.65 7.55
0.00 0.01 0.11 0.22 0.34 0.47 0.61 0.75 0.91 1.06 1.22 1.39 1.56 1.74 1.91 2.10 2.28 2.47 2.66 2.85 3.04 3.23 3.43 3.62 3.82 4.01 4.20 4.39 4.58 4.76 4.95 5.12 5.30 5.47 5.64 5.80 5.96 6.11 6.26 6.40 6.53 6.65 6.77 6.88 6.98 7.07 7.16 7.24 7.32 7.40 7.48 7.56 7.64 7.72 7.80 7.88 7.95 8.02 8.08 8.14 8.19 8.24 8.29 8.33 8.36 8.38 8.40 8.40 8.40 8.40 8.38 8.36 8.33 8.29 8.25 8.20 8.14 8.08 8.01 7.93 7.85 7.76 7.66 7.56
0.00 0.01 0.11 0.22 0.35 0.48 0.62 0.77 0.92 1.08 1.24 1.41 1.59 1.76 1.94 2.12 2.31 2.50 2.69 2.88 3.07 3.26 3.45 3.65 3.84 4.03 4.22 4.40 4.59 4.77 4.95 5.13 5.30 5.46 5.63 5.78 5.94 6.08 6.22 6.36 6.48 6.60 6.71 6.81 6.91 6.99 7.07 7.15 7.24 7.32 7.40 7.48 7.56 7.64 7.72 7.80 7.87 7.94 8.00 8.06 8.12 8.17 8.22 8.26 8.29 8.32 8.34 8.35 8.35 8.35 8.34 8.32 8.29 8.26 8.22 8.18 8.12 8.06 8.00 7.92 7.84 7.76 7.66 7.56
0.00 0.02 0.12 0.23 0.35 0.48 0.63 0.78 0.93 1.09 1.26 1.43 1.60 1.78 1.96 2.15 2.33 2.52 2.71 2.90 3.09 3.28 3.47 3.66 3.85 4.04 4.23 4.41 4.59 4.77 4.95 5.12 5.28 5.45 5.60 5.76 5.90 6.04 6.18 6.30 6.42 6.53 6.64 6.73 6.82 6.90 6.98 7.07 7.15 7.23 7.31 7.39 7.47 7.55 7.64 7.71 7.79 7.86 7.92 7.98 8.04 8.09 8.14 8.18 8.22 8.25 8.27 8.29 8.29 8.29 8.29 8.27 8.25 8.22 8.19 8.14 8.09 8.04 7.97 7.90 7.83 7.74 7.65 7.56
0.00 0.03 0.12 0.23 0.35 0.48 0.63 0.78 0.94 1.10 1.27 1.44 1.62 1.80 1.98 2.16 2.35 2.53 2.72 2.91 3.10 3.29 3.48 3.67 3.86 4.04 4.23 4.41 4.59 4.76 4.93 5.10 5.26 5.42 5.57 5.72 5.86 5.99 6.12 6.24 6.35 6.46 6.55 6.64 6.73 6.81 6.89 6.98 7.06 7.14 7.22 7.30 7.39 7.47 7.55 7.63 7.70 7.77 7.84 7.90 7.95 8.01 8.05 8.10 8.14 8.17 8.20 8.21 8.23 8.23 8.23 8.22 8.20 8.17 8.14 8.10 8.06 8.00 7.94 7.88 7.80 7.72 7.64 7.54
0.00 0.03 0.13 0.23 0.35 0.48 0.63 0.78 0.94 1.10 1.27 1.45 1.62 1.80 1.98 2.17 2.35 2.54 2.73 2.92 3.11 3.30 3.48 3.67 3.85 4.04 4.22 4.40 4.57 4.74 4.91 5.07 5.23 5.38 5.53 5.67 5.81 5.94 6.06 6.17 6.28 6.37 6.46 6.55 6.63 6.72 6.80 6.88 6.97 7.05 7.13 7.21 7.29 7.38 7.46 7.54 7.61 7.68 7.75 7.81 7.87 7.92 7.97 8.01 8.05 8.08 8.11 8.14 8.15 8.16 8.16 8.15 8.14 8.12 8.09 8.05 8.01 7.96 7.90 7.84 7.77 7.69 7.61 7.52
0.00 0.04 0.13 0.24 0.35 0.48 0.62 0.77 0.93 1.10 1.27 1.45 1.62 1.80 1.99 2.17 2.36 2.54 2.73 2.92 3.11 3.29 3.48 3.66 3.84 4.03 4.20 4.38 4.55 4.72 4.88 5.04 5.19 5.34 5.48 5.62 5.75 5.87 5.98 6.09 6.19 6.28 6.37 6.45 6.54 6.62 6.71 6.79 6.87 6.95 7.04 7.12 7.20 7.28 7.36 7.44 7.52 7.59 7.66 7.72 7.77 7.83 7.88 7.92 7.96 7.99 8.02 8.05 8.07 8.08 8.08 8.08 8.07 8.05 8.03 7.99 7.95 7.91 7.85 7.79 7.73 7.65 7.57 7.49
0.00 0.05 0.14 0.24 0.36 0.48 0.62 0.77 0.93 1.09 1.27 1.44 1.62 1.80 1.98 2.17 2.35 2.54 2.72 2.91 3.10 3.28 3.47 3.65 3.83 4.01 4.18 4.35 4.52 4.68 4.84 4.99 5.14 5.29 5.42 5.55 5.68 5.79 5.90 6.00 6.09 6.18 6.27 6.35 6.44 6.52 6.61 6.69 6.77 6.86 6.94 7.02 7.10 7.19 7.27 7.35 7.42 7.49 7.56 7.62 7.68 7.73 7.78 7.83 7.87 7.90 7.93 7.96 7.98 7.99 8.00 8.00 7.99 7.98 7.96 7.93 7.89 7.85 7.80 7.74 7.68 7.61 7.53 7.45
0.00 0.05 0.14 0.24 0.36 0.48 0.62 0.76 0.92 1.08 1.25 1.43 1.61 1.79 1.97 2.16 2.34 2.53 2.71 2.90 3.08 3.27 3.45 3.63 3.80 3.98 4.15 4.32 4.48 4.64 4.79 4.94 5.09 5.22 5.36 5.48 5.60 5.71 5.81 5.90 5.99 6.08 6.17 6.25 6.34 6.42 6.51 6.59 6.68 6.76 6.84 6.92 7.00 7.09 7.17 7.25 7.32 7.39 7.46 7.52 7.58 7.63 7.68 7.73 7.77 7.80 7.83 7.86 7.88 7.90 7.91 7.91 7.91 7.90 7.88 7.85 7.82 7.78 7.73 7.68 7.62 7.55 7.48 7.40
0.00 0.06 0.15 0.25 0.36 0.48 0.61 0.76 0.91 1.07 1.24 1.41 1.59 1.78 1.96 2.14 2.33 2.51 2.70 2.88 3.06 3.24 3.42 3.60 3.77 3.95 4.11 4.28 4.44 4.59 4.74 4.89 5.02 5.16 5.28 5.40 5.51 5.61 5.71 5.80 5.89 5.98 6.07 6.15 6.24 6.32 6.41 6.49 6.57 6.66 6.74 6.82 6.90 6.98 7.07 7.14 7.22 7.29 7.36 7.42 7.48 7.53 7.58 7.63 7.67 7.70 7.73 7.76 7.78 7.80 7.81 7.82 7.82 7.81 7.80 7.77 7.74 7.71 7.66 7.61 7.55 7.49 7.42 7.34
0.00 0.06 0.15 0.25 0.36 0.48 0.61 0.75 0.90 1.06 1.22 1.40 1.57 1.76 1.94 2.12 2.31 2.49 2.67 2.85 3.04 3.21 3.39 3.57 3.74 3.91 4.07 4.23 4.39 4.54 4.68 4.82 4.95 5.08 5.20 5.31 5.41 5.51 5.60 5.70 5.79 5.88 5.96 6.05 6.13 6.22 6.30 6.39 6.47 6.55 6.63 6.71 6.80 6.88 6.96 7.04 7.11 7.18 7.25 7.31 7.37 7.42 7.47 7.52 7.56 7.60 7.63 7.66 7.68 7.70 7.71 7.72 7.72 7.72 7.70 7.68 7.66 7.62 7.58 7.53 7.48 7.42 7.35 7.28
0.00 0.07 0.16 0.25 0.36 0.48 0.61 0.75 0.89 1.05 1.21 1.38 1.55 1.73 1.91 2.10 2.28 2.46 2.64 2.83 3.00 3.18 3.36 3.53 3.69 3.86 4.02 4.18 4.33 4.47 4.61 4.75 4.87 5.00 5.11 5.21 5.31 5.41 5.50 5.59 5.68 5.77 5.86 5.94 6.03 6.11 6.20 6.28 6.36 6.44 6.53 6.61 6.69 6.77 6.85 6.93 7.00 7.08 7.14 7.20 7.26 7.32 7.36 7.41 7.45 7.49 7.52 7.55 7.57 7.59 7.60 7.61 7.61 7.61 7.60 7.59 7.56 7.53 7.49 7.45 7.40 7.34 7.27 7.20
0.01 0.08 0.16 0.25 0.36 0.48 0.60 0.74 0.88 1.03 1.19 1.36 1.53 1.71 1.89 2.07 2.25 2.43 2.61 2.79 2.97 3.14 3.31 3.48 3.65 3.81 3.96 4.12 4.26 4.40 4.54 4.67 4.79 4.90 5.01 5.11 5.21 5.30 5.40 5.49 5.58 5.66 5.75 5.84 5.92 6.01 6.09 6.17 6.25 6.34 6.42 6.50 6.58 6.66 6.74 6.82 6.89 6.96 7.03 7.09 7.15 7.20 7.25 7.30 7.34 7.37 7.41 7.43 7.46 7.47 7.49 7.50 7.50 7.50 7.50 7.48 7.46 7.43 7.40 7.36 7.31 7.25 7.19 7.12
0.01 0.08 0.16 0.26 0.36 0.48 0.60 0.73 0.87 1.02 1.18 1.34 1.51 1.68 1.86 2.04 2.22 2.40 2.57 2.75 2.93 3.10 3.27 3.43 3.59 3.75 3.90 4.05 4.19 4.33 4.46 4.58 4.70 4.81 4.91 5.01 5.10 5.20 5.29 5.38 5.47 5.56 5.64 5.73 5.81 5.90 5.98 6.06 6.14 6.22 6.30 6.39 6.47 6.55 6.63 6.70 6.78 6.85 6.91 6.98 7.03 7.09 7.13 7.18 7.22 7.26 7.29 7.32 7.34 7.36 7.37 7.38 7.39 7.39 7.38 7.37 7.35 7.33 7.29 7.25 7.21 7.16 7.10 7.03
0.02 0.09 0.17 0.26 0.36 0.47 0.60 0.73 0.86 1.01 1.16 1.32 1.48 1.65 1.82 2.00 2.18 2.36 2.53 2.71 2.88 3.05 3.21 3.38 3.53 3.69 3.84 3.98 4.12 4.25 4.37 4.49 4.60 4.70 4.80 4.90 5.00 5.09 5.18 5.27 5.36 5.45 5.53 5.62 5.70 5.79 5.87 5.95 6.03 6.11 6.19 6.27 6.35 6.43 6.51 6.59 6.66 6.73 6.80 6.86 6.91 6.97 7.01 7.06 7.10 7.14 7.17 7.19 7.22 7.24 7.25 7.26 7.26 7.26 7.26 7.25 7.24 7.21 7.18 7.15 7.10 7.05 7.00 6.93
0.03 0.09 0.17 0.26 0.36 0.47 0.59 0.72 0.85 1.00 1.15 1.30 1.46 1.62 1.79 1.96 2.14 2.31 2.49 2.66 2.83 2.99 3.16 3.32 3.47 3.62 3.76 3.90 4.04 4.16 4.28 4.39 4.50 4.60 4.70 4.80 4.89 4.98 5.07 5.16 5.25 5.34 5.42 5.51 5.59 5.67 5.76 5.84 5.92 6.00 6.08 6.15 6.23 6.31 6.39 6.47 6.54 6.61 6.67 6.73 6.79 6.84 6.89 6.94 6.98 7.01 7.04 7.07 7.09 7.11 7.12 7.13 7.14 7.14 7.13 7.13 7.11 7.09 7.07 7.03 6.99 6.94 6.89 6.83
0.03 0.10 0.18 0.26 0.36 0.47 0.59 0.71 0.84 0.98 1.13 1.28 1.44 1.60 1.76 1.93 2.10 2.27 2.44 2.61 2.77 2.94 3.10 3.25 3.40 3.55 3.69 3.82 3.95 4.07 4.18 4.29 4.39 4.49 4.59 4.69 4.78 4.88 4.97 5.06 5.14 5.23 5.31 5.40 5.48 5.56 5.64 5.72 5.80 5.88 5.96 6.04 6.11 6.19 6.27 6.35 6.42 6.49 6.55 6.61 6.67 6.72 6.77 6.81 6.85 6.88 6.91 6.94 6.96 6.98 6.99 7.00 7.01 7.01 7.00 7.00 6.98 6.96 6.94 6.91 6.87 6.82 6.77 6.71
0.04 0.10 0.18 0.26 0.36 0.47 0.58 0.70 0.83 0.97 1.11 1.26 1.41 1.57 1.73 1.89 2.05 2.22 2.39 2.55 2.72 2.88 3.03 3.18 3.33 3.47 3.61 3.74 3.86 3.97 4.08 4.19 4.29 4.39 4.49 4.58 4.68 4.77 4.86 4.95 5.03 5.12 5.20 5.28 5.36 5.45 5.52 5.60 5.68 5.76 5.84 5.92 5.99 6.07 6.15 6.22 6.29 6.36 6.42 6.48 6.54 6.59 6.64 6.68 6.72 6.75 6.78 6.81 6.83 6.85 6.86 6.87 6.88 6.88 6.87 6.86 6.85 6.83 6.81 6.78 6.74 6.70 6.65 6.59
0.04 0.11 0.18 0.27 0.36 0.46 0.58 0.70 0.82 0.96 1.09 1.24 1.39 1.54 1.69 1.85 2.01 2.17 2.33 2.49 2.65 2.81 2.96 3.11 3.25 3.39 3.52 3.65 3.76 3.87 3.98 4.08 4.19 4.28 4.38 4.48 4.57 4.66 4.75 4.83 4.92 5.00 5.09 5.17 5.25 5.33 5.41 5.49 5.56 5.64 5.72 5.79 5.87 5.95 6.02 6.10 6.17 6.23 6.29 6.35 6.41 6.46 6.50 6.55 6.58 6.62 6.65 6.67 6.69 6.71 6.72 6.73 6.74 6.74 6.73 6.72 6.71 6.69 6.67 6.64 6.61 6.57 6.52 6.46
0.05 0.11 0.18 0.27 0.36 0.46 0.57 0.69 0.81 0.94 1.08 1.22 1.36 1.51 1.66 1.81 1.97 2.13 2.28 2.44 2.59 2.74 2.89 3.04 3.17 3.31 3.43 3.55 3.66 3.77 3.88 3.98 4.08 4.18 4.28 4.37 4.46 4.55 4.64 4.72 4.81 4.89 4.97 5.05 5.13 5.21 5.29 5.37 5.44 5.52 5.59 5.67 5.74 5.82 5.90 5.97 6.04 6.10 6.16 6.22 6.27 6.32 6.37 6.41 6.45 6.48 6.51 6.53 6.56 6.57 6.58 6.59 6.60 6.60 6.59 6.58 6.57 6.55 6.52 6.50 6.46 6.42 6.38 6.33
0.05 0.11 0.18 0.27 0.36 0.46 0.56 0.68 0.80 0.93 1.06 1.20 1.34 1.48 1.63 1.78 1.93 2.08 2.23 2.38 2.53 2.67 2.82 2.96 3.09 3.22 3.34 3.45 3.56 3.67 3.78 3.88 3.98 4.07 4.17 4.26 4.35 4.44 4.53 4.61 4.70 4.78 4.86 4.94 5.02 5.09 5.17 5.25 5.32 5.40 5.47 5.54 5.62 5.69 5.77 5.84 5.90 5.97 6.03 6.09 6.14 6.19 6.23 6.27 6.31 6.34 6.37 6.39 6.41 6.43 6.44 6.45 6.45 6.45 6.44 6.43 6.42 6.40 6.38 6.35 6.32 6.28 6.23 6.18
0.06 0.12 0.19 0.27 0.35 0.45 0.56 0.67 0.79 0.91 1.04 1.17 1.31 1.45 1.59 1.74 1.88 2.03 2.17 2.32 2.46 2.60 2.74 2.88 3.00 3.13 3.24 3.36 3.47 3.57 3.67 3.78 3.87 3.97 4.06 4.15 4.24 4.33 4.42 4.50 4.58 4.66 4.74 4.82 4.90 4.97 5.05 5.12 5.20 5.27 5.34 5.42 5.49 5.56 5.63 5.70 5.77 5.83 5.89 5.95 6.00 6.05 6.09 6.13 6.16 6.20 6.22 6.25 6.27 6.28 6.29 6.30 6.30 6.30 6.29 6.28 6.27 6.25 6.22 6.20 6.16 6.12 6.08 6.03
0.06 0.12 0.19 0.26 0.35 0.45 0.55 0.66 0.77 0.89 1.02 1.15 1.28 1.42 1.56 1.70 1.84 1.98 2.12 2.26 2.40 2.53 2.66 2.79 2.92 3.03 3.15 3.26 3.37 3.47 3.57 3.67 3.77 3.87 3.96 4.05 4.14 4.22 4.31 4.39 4.47 4.55 4.63 4.70 4.78 4.85 4.93 5.00 5.07 5.14 5.22 5.29 5.36 5.43 5.50 5.57 5.64 5.70 5.75 5.81 5.86 5.90 5.95 5.98 6.02 6.05 6.08 6.10 6.12 6.13 6.14 6.15 6.15 6.15 6.14 6.13 6.11 6.09 6.07 6.04 6.00 5.97 5.92 5.88
0.06 0.12 0.19 0.26 0.35 0.44 0.54 0.65 0.76 0.88 1.00 1.13 1.26 1.39 1.52 1.66 1.79 1.93 2.07 2.20 2.33 2.46 2.59 2.71 2.83 2.94 3.05 3.16 3.27 3.37 3.47 3.57 3.67 3.76 3.85 3.94 4.03 4.11 4.19 4.28 4.35 4.43 4.51 4.58 4.66 4.73 4.80 4.88 4.95 5.02 5.09 5.16 5.23 5.30 5.37 5.43 5.50 5.56 5.61 5.67 5.71 5.76 5.80 5.84 5.87 5.90 5.93 5.95 5.96 5.98 5.99 5.99 5.99 5.99 5.98 5.97 5.95 5.93 5.91 5.88 5.84 5.80 5.76 5.71
0.07 0.12 0.19 0.26 0.34 0.44 0.53 0.64 0.75 0.86 0.98 1.10 1.23 1.36 1.49 1.62 1.75 1.88 2.01 2.14 2.26 2.39 2.51 2.62 2.74 2.85 2.96 3.07 3.17 3.28 3.38 3.47 3.57 3.66 3.75 3.83 3.92 4.00 4.08 4.16 4.24 4.32 4.39 4.47 4.54 4.61 4.68 4.75 4.82 4.89 4.96 5.03 5.09 5.16 5.23 5.30 5.36 5.42 5.47 5.52 5.57 5.61 5.65 5.69 5.72 5.75 5.77 5.79 5.81 5.82 5.83 5.83 5.83 5.83 5.82 5.81 5.79 5.77 5.74 5.71 5.68 5.64 5.59 5.55
0.07 0.12 0.19 0.26 0.34 0.43 0.52 0.62 0.73 0.84 0.96 1.08 1.20 1.32 1.45 1.58 1.70 1.83 1.95 2.08 2.20 2.32 2.43 2.54 2.65 2.76 2.87 2.98 3.08 3.18 3.28 3.37 3.46 3.55 3.64 3.73 3.81 3.89 3.97 4.05 4.13 4.20 4.27 4.35 4.42 4.49 4.56 4.63 4.69 4.76 4.83 4.89 4.96 5.03 5.09 5.16 5.22 5.27 5.33 5.38 5.42 5.46 5.50 5.54 5.57 5.59 5.62 5.64 5.65 5.66 5.67 5.67 5.67 5.66 5.65 5.64 5.62 5.60 5.57 5.54 5.51 5.47 5.42 5.38
0.07 0.12 0.18 0.26 0.33 0.42 0.51 0.61 0.72 0.82 0.94 1.05 1.17 1.29 1.41 1.53 1.66 1.78 1.90 2.01 2.13 2.24 2.35 2.46 2.57 2.68 2.78 2.88 2.99 3.08 3.18 3.27 3.36 3.45 3.54 3.62 3.70 3.78 3.86 3.94 4.01 4.09 4.16 4.23 4.30 4.36 4.43 4.50 4.56 4.63 4.69 4.76 4.82 4.89 4.95 5.01 5.07 5.13 5.18 5.23 5.27 5.31 5.35 5.38 5.41 5.44 5.46 5.48 5.49 5.50 5.50 5.51 5.50 5.50 5.49 5.47 5.45 5.43 5.40 5.37 5.33 5.29 5.25 5.21
0.07 0.12 0.18 0.25 0.33 0.41 0.50 0.60 0.70 0.81 0.91 1.03 1.14 1.26 1.37 1.49 1.61 1.72 1.84 1.95 2.06 2.17 2.28 2.38 2.49 2.59 2.69 2.79 2.89 2.99 3.08 3.18 3.26 3.35 3.44 3.52 3.60 3.68 3.75 3.83 3.90 3.97 4.04 4.11 4.17 4.24 4.31 4.37 4.44 4.50 4.56 4.62 4.69 4.75 4.81 4.87 4.93 4.98 5.03 5.08 5.12 5.16 5.19 5.23 5.25 5.28 5.30 5.31 5.32 5.33 5.34 5.34 5.33 5.33 5.31 5.30 5.28 5.25 5.22 5.19 5.16 5.12 5.08 5.04
0.07 0.12 0.18 0.25 0.32 0.40 0.49 0.59 0.68 0.79 0.89 1.00 1.11 1.22 1.34 1.45 1.56 1.67 1.78 1.89 1.99 2.10 2.20 2.31 2.41 2.51 2.61 2.71 2.80 2.90 2.99 3.08 3.17 3.25 3.33 3.41 3.49 3.57 3.64 3.71 3.78 3.85 3.92 3.99 4.05 4.12 4.18 4.24 4.31 4.37 4.43 4.49 4.55 4.61 4.67 4.73 4.78 4.83 4.88 4.93 4.97 5.00 5.04 5.07 5.09 5.11 5.13 5.15 5.16 5.16 5.17 5.17 5.16 5.15 5.14 5.12 5.10 5.07 5.04 5.01 4.98 4.94 4.91 4.87
0.07 0.12 0.18 0.24 0.32 0.40 0.48 0.57 0.67 0.77 0.87 0.97 1.08 1.19 1.30 1.40 1.51 1.62 1.72 1.83 1.93 2.03 2.13 2.23 2.33 2.43 2.53 2.62 2.71 2.81 2.90 2.98 3.07 3.15 3.23 3.31 3.39 3.46 3.53 3.60 3.67 3.74 3.80 3.87 3.93 3.99 4.05 4.12 4.17 4.23 4.29 4.35 4.41 4.47 4.53 4.58 4.64 4.68 4.73 4.77 4.81 4.85 4.88 4.91 4.93 4.95 4.97 4.98 4.99 4.99 4.99 4.99 4.99 4.97 4.96 4.94 4.92 4.89 4.86 4.83 4.80 4.77 4.73 4.70
0.07 0.12 0.17 0.24 0.31 0.39 0.47 0.56 0.65 0.74 0.84 0.94 1.05 1.15 1.26 1.36 1.46 1.56 1.66 1.76 1.86 1.96 2.06 2.16 2.26 2.35 2.44 2.54 2.63 2.72 2.80 2.89 2.97 3.05 3.13 3.21 3.28 3.35 3.42 3.49 3.56 3.62 3.69 3.75 3.81 3.87 3.93 3.99 4.04 4.10 4.16 4.21 4.27 4.33 4.38 4.44 4.49 4.53 4.58 4.62 4.65 4.69 4.72 4.74 4.76 4.78 4.80 4.81 4.82 4.82 4.82 4.81 4.81 4.79 4.78 4.76 4.73 4.71 4.68 4.65 4.62 4.59 4.56 4.52
0.07 0.11 0.17 0.23 0.30 0.37 0.45 0.54 0.63 0.72 0.82 0.92 1.01 1.11 1.21 1.31 1.41 1.51 1.61 1.70 1.80 1.90 1.99 2.09 2.18 2.27 2.36 2.45 2.54 2.63 2.71 2.80 2.88 2.95 3.03 3.10 3.18 3.25 3.31 3.38 3.44 3.51 3.57 3.63 3.69 3.74 3.80 3.86 3.91 3.97 4.02 4.08 4.13 4.18 4.24 4.29 4.34 4.38 4.42 4.46 4.50 4.53 4.55 4.58 4.60 4.61 4.63 4.64 4.64 4.64 4.64 4.63 4.63 4.61 4.59 4.57 4.55 4.52 4.50 4.47 4.44 4.41 4.38 4.35
0.06 0.11 0.16 0.22 0.29 0.36 0.44 0.52 0.61 0.70 0.79 0.89 0.98 1.08 1.17 1.27 1.36 1.46 1.55 1.65 1.74 1.83 1.93 2.02 2.11 2.20 2.29 2.37 2.46 2.54 2.62 2.70 2.78 2.86 2.93 3.00 3.07 3.14 3.21 3.27 3.33 3.39 3.45 3.51 3.56 3.62 3.67 3.73 3.78 3.83 3.89 3.94 3.99 4.04 4.09 4.14 4.19 4.23 4.27 4.30 4.33 4.36 4.39 4.41 4.43 4.44 4.45 4.46 4.46 4.46 4.46 4.45 4.44 4.43 4.41 4.39 4.36 4.34 4.31 4.29 4.26 4.23 4.20 4.17
0.06 0.10 0.16 0.21 0.28 0.35 0.43 0.51 0.59 0.68 0.76 0.85 0.95 1.04 1.13 1.22 1.31 1.40 1.50 1.59 1.68 1.77 1.86 1.95 2.03 2.12 2.21 2.29 2.37 2.46 2.54 2.61 2.69 2.76 2.83 2.90 2.97 3.04 3.10 3.16 3.22 3.28 3.33 3.39 3.44 3.50 3.55 3.60 3.65 3.70 3.75 3.80 3.85 3.90 3.94 3.99 4.03 4.07 4.11 4.14 4.17 4.20 4.22 4.24 4.26 4.27 4.28 4.28 4.29 4.28 4.28 4.27 4.25 4.24 4.22 4.20 4.18 4.15 4.13 4.10 4.08 4.05 4.02 4.00
0.05 0.10 0.15 0.21 0.27 0.34 0.41 0.49 0.57 0.65 0.74 0.82 0.91 1.00 1.09 1.17 1.26 1.35 1.44 1.53 1.62 1.70 1.79 1.88 1.96 2.05 2.13 2.21 2.29 2.37 2.45 2.52 2.60 2.67 2.74 2.80 2.87 2.93 2.99 3.05 3.11 3.16 3.22 3.27 3.32 3.37 3.42 3.47 3.52 3.56 3.61 3.66 3.70 3.75 3.80 3.84 3.88 3.92 3.95 3.98 4.01 4.03 4.05 4.07 4.09 4.10 4.10 4.10 4.10 4.10 4.09 4.08 4.06 4.05 4.03 4.01 3.99 3.97 3.94 3.92 3.90 3.87 3.84 3.82
0.05 0.09 0.14 0.20 0.26 0.32 0.39 0.47 0.55 0.63 0.71 0.79 0.87 0.96 1.04 1.13 1.21 1.30 1.38 1.47 1.56 1.64 1.72 1.81 1.89 1.97 2.05 2.13 2.21 2.29 2.36 2.43 2.51 2.57 2.64 2.71 2.77 2.83 2.89 2.94 3.00 3.05 3.10 3.15 3.20 3.25 3.29 3.34 3.38 3.43 3.47 3.52 3.56 3.60 3.65 3.69 3.73 3.76 3.79 3.82 3.85 3.87 3.89 3.90 3.91 3.92 3.92 3.92 3.92 3.91 3.90 3.89 3.88 3.86 3.84 3.82 3.80 3.78 3.76 3.74 3.71 3.69 3.66 3.64
0.04 0.08 0.13 0.18 0.24 0.31 0.38 0.45 0.52 0.60 0.68 0.76 0.84 0.92 1.00 1.08 1.16 1.25 1.33 1.41 1.49 1.58 1.66 1.74 1.82 1.90 1.97 2.05 2.13 2.20 2.27 2.34 2.41 2.48 2.55 2.61 2.67 2.73 2.78 2.84 2.89 2.94 2.99 3.03 3.08 3.12 3.17 3.21 3.25 3.29 3.34 3.38 3.42 3.46 3.50 3.54 3.57 3.60 3.63 3.66 3.68 3.70 3.71 3.73 3.74 3.74 3.74 3.74 3.74 3.73 3.71 3.70 3.69 3.67 3.65 3.63 3.61 3.59 3.57 3.55 3.53 3.51 3.48 3.46
