data_processed/recharge/precip/Precip_1994_02.asc
ncols        168
nrows        136
xllcorner    455000
yllcorner    2107000
cellsize     500
NODATA_value     -99999
[rows 72 to 107 of 136, columns 0 to 81 of 168]
18.41 17.61 16.78 15.92 15.04 14.16 13.30 12.45 11.61 10.80 10.01 9.24 8.50 7.79 7.12 6.48 5.88 5.32 4.81 4.34 3.92 3.56 3.24 2.98 2.75 2.56 2.38 2.22 2.07 1.91 1.75 1.60 1.46 1.33 1.22 1.11 1.02 0.94 0.86 0.80 0.75 0.70 0.66 0.63 0.60 0.58 0.57 0.56 0.55 0.54 0.53 0.53 0.52 0.51 0.51 0.50 0.50 0.48 0.44 0.37 0.28 0.18 0.06 0.00 0.00 0.00 0.00 0.00 0.00 0.00 0.00 0.00 0.00 0.00 0.00 0.00 0.00 0.00 0.00 0.00 0.27 0.57
18.36 17.56 16.72 15.87 15.01 14.16 13.32 12.49 11.67 10.87 10.09 9.33 8.60 7.90 7.22 6.58 5.98 5.41 4.89 4.41 3.98 3.60 3.27 2.99 2.76 2.57 2.39 2.23 2.07 1.91 1.75 1.60 1.47 1.35 1.24 1.14 1.06 0.98 0.91 0.85 0.80 0.75 0.72 0.68 0.66 0.64 0.62 0.61 0.60 0.59 0.59 0.58 0.57 0.57 0.56 0.55 0.54 0.49 0.42 0.33 0.22 0.10 0.00 0.00 0.00 0.00 0.00 0.00 0.00 0.00 0.00 0.00 0.00 0.00 0.00 0.00 0.00 0.00 0.00 0.00 0.21 0.52
18.29 17.49 16.67 15.84 15.00 14.17 13.35 12.53 11.73 10.94 10.17 9.42 8.70 7.99 7.32 6.68 6.07 5.49 4.96 4.47 4.02 3.62 3.27 2.97 2.73 2.53 2.35 2.19 2.02 1.86 1.71 1.58 1.46 1.34 1.24 1.15 1.07 1.00 0.94 0.88 0.84 0.80 0.76 0.73 0.71 0.69 0.68 0.66 0.65 0.65 0.64 0.63 0.63 0.62 0.61 0.59 0.55 0.48 0.38 0.27 0.14 0.00 0.00 0.00 0.00 0.00 0.00 0.00 0.00 0.00 0.00 0.00 0.00 0.00 0.00 0.00 0.00 0.00 0.00 0.00 0.20 0.52
18.22 17.43 16.62 15.81 15.00 14.19 13.39 12.59 11.80 11.02 10.26 9.51 8.79 8.08 7.41 6.76 6.14 5.56 5.01 4.50 4.04 3.62 3.24 2.92 2.65 2.44 2.26 2.09 1.93 1.78 1.64 1.52 1.41 1.31 1.22 1.14 1.07 1.00 0.95 0.90 0.86 0.83 0.80 0.77 0.75 0.74 0.72 0.71 0.71 0.70 0.69 0.69 0.68 0.67 0.65 0.61 0.53 0.43 0.31 0.18 0.03 0.00 0.00 0.00 0.00 0.00 0.00 0.00 0.00 0.00 0.00 0.00 0.00 0.00 0.00 0.00 0.00 0.00 0.00 0.00 0.25 0.58
18.13 17.37 16.59 15.80 15.01 14.22 13.43 12.65 11.87 11.10 10.34 9.60 8.87 8.17 7.48 6.83 6.20 5.60 5.04 4.52 4.03 3.59 3.19 2.84 2.54 2.29 2.10 1.94 1.79 1.66 1.54 1.43 1.33 1.24 1.16 1.09 1.03 0.98 0.93 0.89 0.86 0.84 0.81 0.80 0.78 0.77 0.77 0.76 0.76 0.75 0.75 0.74 0.74 0.72 0.67 0.59 0.49 0.36 0.22 0.07 0.00 0.00 0.00 0.00 0.00 0.00 0.00 0.00 0.00 0.00 0.00 0.00 0.00 0.00 0.00 0.00 0.00 0.00 0.00 0.00 0.36 0.72
18.07 17.37 16.61 15.84 15.07 14.29 13.51 12.74 11.96 11.20 10.44 9.70 8.97 8.26 7.56 6.90 6.25 5.64 5.06 4.51 4.00 3.53 3.10 2.72 2.39 2.11 1.90 1.75 1.62 1.50 1.40 1.30 1.22 1.15 1.08 1.02 0.97 0.93 0.90 0.87 0.85 0.83 0.82 0.81 0.80 0.80 0.79 0.79 0.79 0.79 0.79 0.79 0.79 0.75 0.68 0.57 0.44 0.29 0.13 0.00 0.00 0.00 0.00 0.00 0.00 0.00 0.00 0.00 0.00 0.00 0.00 0.00 0.00 0.00 0.00 0.00 0.00 0.00 0.00 0.12 0.50 0.88
18.00 17.43 16.73 15.98 15.21 14.44 13.67 12.89 12.12 11.35 10.59 9.83 9.09 8.37 7.66 6.98 6.31 5.68 5.07 4.50 3.95 3.45 2.99 2.56 2.19 1.90 1.70 1.56 1.44 1.34 1.25 1.17 1.10 1.04 0.99 0.94 0.90 0.87 0.85 0.83 0.82 0.81 0.80 0.80 0.80 0.80 0.81 0.81 0.82 0.82 0.82 0.82 0.82 0.78 0.69 0.56 0.41 0.24 0.06 0.00 0.00 0.00 0.00 0.00 0.00 0.00 0.00 0.00 0.00 0.00 0.00 0.00 0.00 0.00 0.00 0.00 0.00 0.00 0.00 0.24 0.64 1.04
17.91 17.48 16.90 16.19 15.43 14.66 13.88 13.10 12.32 11.54 10.77 10.00 9.25 8.50 7.77 7.06 6.37 5.71 5.07 4.45 3.88 3.33 2.82 2.36 1.98 1.69 1.50 1.36 1.25 1.16 1.09 1.02 0.97 0.92 0.88 0.85 0.82 0.80 0.79 0.78 0.78 0.78 0.78 0.78 0.79 0.80 0.81 0.82 0.83 0.84 0.84 0.84 0.83 0.80 0.71 0.57 0.39 0.20 0.01 0.00 0.00 0.00 0.00 0.00 0.00 0.00 0.00 0.00 0.00 0.00 0.00 0.00 0.00 0.00 0.00 0.00 0.00 0.00 0.00 0.37 0.77 1.18
17.80 17.50 17.04 16.44 15.71 14.94 14.15 13.36 12.57 11.77 10.98 10.19 9.41 8.64 7.88 7.14 6.42 5.71 5.04 4.38 3.76 3.17 2.62 2.14 1.76 1.48 1.29 1.17 1.06 0.98 0.92 0.86 0.82 0.79 0.76 0.74 0.73 0.72 0.72 0.72 0.72 0.73 0.74 0.76 0.77 0.78 0.80 0.81 0.83 0.84 0.84 0.84 0.83 0.80 0.71 0.57 0.39 0.18 0.00 0.00 0.00 0.00 0.00 0.00 0.00 0.00 0.00 0.00 0.00 0.00 0.00 0.00 0.00 0.00 0.00 0.00 0.00 0.00 0.13 0.51 0.91 1.33
17.67 17.49 17.14 16.65 16.02 15.27 14.47 13.66 12.85 12.03 11.21 10.39 9.58 8.78 7.99 7.21 6.44 5.70 4.97 4.27 3.60 2.96 2.39 1.92 1.55 1.27 1.10 0.97 0.87 0.80 0.74 0.70 0.67 0.65 0.64 0.63 0.63 0.63 0.64 0.65 0.66 0.68 0.70 0.72 0.74 0.76 0.78 0.80 0.81 0.82 0.83 0.83 0.82 0.78 0.69 0.56 0.39 0.18 0.00 0.00 0.00 0.00 0.00 0.00 0.00 0.00 0.00 0.00 0.00 0.00 0.00 0.00 0.00 0.00 0.00 0.00 0.00 0.00 0.27 0.66 1.06 1.48
17.52 17.44 17.21 16.81 16.28 15.60 14.82 13.99 13.15 12.30 11.45 10.60 9.75 8.91 8.08 7.25 6.44 5.64 4.87 4.11 3.39 2.73 2.17 1.70 1.34 1.07 0.90 0.78 0.69 0.62 0.56 0.53 0.51 0.50 0.50 0.50 0.51 0.53 0.54 0.57 0.59 0.61 0.64 0.67 0.70 0.72 0.75 0.77 0.79 0.80 0.80 0.80 0.79 0.75 0.67 0.54 0.37 0.17 0.00 0.00 0.00 0.00 0.00 0.00 0.00 0.00 0.00 0.00 0.00 0.00 0.00 0.00 0.00 0.00 0.00 0.00 0.00 0.05 0.42 0.80 1.21 1.63
17.36 17.37 17.23 16.93 16.48 15.89 15.17 14.34 13.46 12.58 11.69 10.80 9.91 9.02 8.14 7.26 6.40 5.55 4.71 3.90 3.15 2.50 1.95 1.50 1.14 0.88 0.71 0.60 0.51 0.44 0.39 0.36 0.35 0.35 0.36 0.37 0.39 0.42 0.45 0.48 0.51 0.54 0.58 0.61 0.64 0.68 0.71 0.73 0.75 0.76 0.77 0.76 0.75 0.71 0.63 0.50 0.34 0.15 0.00 0.00 0.00 0.00 0.00 0.00 0.00 0.00 0.00 0.00 0.00 0.00 0.00 0.00 0.00 0.00 0.00 0.00 0.00 0.20 0.56 0.96 1.37 1.79
17.18 17.28 17.21 16.99 16.61 16.10 15.45 14.67 13.78 12.86 11.93 10.99 10.05 9.11 8.17 7.24 6.31 5.40 4.50 3.67 2.93 2.29 1.75 1.30 0.95 0.70 0.53 0.42 0.34 0.27 0.22 0.20 0.19 0.19 0.21 0.24 0.27 0.30 0.34 0.38 0.42 0.46 0.51 0.55 0.59 0.63 0.66 0.68 0.70 0.72 0.72 0.72 0.70 0.66 0.58 0.46 0.30 0.12 0.00 0.00 0.00 0.00 0.00 0.00 0.00 0.00 0.00 0.00 0.00 0.00 0.00 0.00 0.00 0.00 0.00 0.00 0.00 0.34 0.71 1.11 1.53 1.95
16.98 17.15 17.16 17.00 16.69 16.23 15.64 14.92 14.07 13.13 12.15 11.16 10.16 9.16 8.16 7.16 6.17 5.19 4.27 3.45 2.72 2.09 1.56 1.12 0.78 0.53 0.36 0.26 0.17 0.11 0.06 0.04 0.03 0.04 0.06 0.10 0.14 0.18 0.23 0.28 0.33 0.38 0.43 0.48 0.52 0.56 0.60 0.63 0.65 0.66 0.67 0.66 0.64 0.60 0.52 0.40 0.26 0.08 0.00 0.00 0.00 0.00 0.00 0.00 0.00 0.00 0.00 0.00 0.00 0.00 0.00 0.00 0.00 0.00 0.00 0.00 0.15 0.49 0.87 1.27 1.69 2.12
16.77 17.01 17.07 16.96 16.71 16.30 15.75 15.08 14.27 13.35 12.34 11.29 10.23 9.16 8.09 7.03 5.97 4.97 4.06 3.25 2.53 1.91 1.38 0.95 0.61 0.36 0.21 0.10 0.02 0.00 0.00 0.00 0.00 0.00 0.00 0.00 0.01 0.06 0.12 0.18 0.23 0.29 0.35 0.40 0.45 0.50 0.53 0.57 0.59 0.60 0.61 0.60 0.58 0.54 0.46 0.34 0.20 0.04 0.00 0.00 0.00 0.00 0.00 0.00 0.00 0.00 0.00 0.00 0.00 0.00 0.00 0.00 0.00 0.00 0.00 0.00 0.29 0.64 1.02 1.43 1.85 2.28
16.55 16.83 16.94 16.88 16.66 16.30 15.79 15.14 14.37 13.48 12.48 11.38 10.25 9.11 7.97 6.83 5.75 4.76 3.86 3.06 2.35 1.74 1.22 0.80 0.46 0.22 0.06 0.00 0.00 0.00 0.00 0.00 0.00 0.00 0.00 0.00 0.00 0.00 0.00 0.07 0.14 0.20 0.26 0.32 0.38 0.42 0.46 0.50 0.52 0.53 0.54 0.53 0.51 0.47 0.39 0.28 0.14 0.00 0.00 0.00 0.00 0.00 0.00 0.00 0.00 0.00 0.00 0.00 0.00 0.00 0.00 0.00 0.00 0.00 0.00 0.12 0.44 0.80 1.18 1.59 2.02 2.45
16.32 16.64 16.78 16.75 16.57 16.22 15.74 15.12 14.36 13.49 12.50 11.40 10.22 9.00 7.79 6.62 5.55 4.57 3.68 2.89 2.20 1.59 1.08 0.66 0.33 0.09 0.00 0.00 0.00 0.00 0.00 0.00 0.00 0.00 0.00 0.00 0.00 0.00 0.00 0.00 0.03 0.11 0.18 0.24 0.30 0.35 0.39 0.42 0.45 0.46 0.47 0.46 0.43 0.39 0.31 0.21 0.08 0.00 0.00 0.00 0.00 0.00 0.00 0.00 0.00 0.00 0.00 0.00 0.00 0.00 0.00 0.00 0.00 0.00 0.00 0.26 0.59 0.95 1.34 1.75 2.18 2.62
16.08 16.42 16.59 16.58 16.41 16.08 15.61 15.00 14.25 13.38 12.39 11.30 10.10 8.83 7.59 6.43 5.37 4.40 3.53 2.75 2.06 1.47 0.96 0.54 0.21 0.00 0.00 0.00 0.00 0.00 0.00 0.00 0.00 0.00 0.00 0.00 0.00 0.00 0.00 0.00 0.00 0.01 0.08 0.15 0.21 0.27 0.31 0.35 0.37 0.39 0.39 0.38 0.36 0.31 0.24 0.13 0.01 0.00 0.00 0.00 0.00 0.00 0.00 0.00 0.00 0.00 0.00 0.00 0.00 0.00 0.00 0.00 0.00 0.00 0.11 0.41 0.74 1.10 1.49 1.91 2.34 2.79
15.83 16.18 16.36 16.36 16.20 15.88 15.41 14.79 14.04 13.16 12.17 11.06 9.86 8.62 7.41 6.27 5.22 4.27 3.40 2.63 1.95 1.36 0.86 0.45 0.12 0.00 0.00 0.00 0.00 0.00 0.00 0.00 0.00 0.00 0.00 0.00 0.00 0.00 0.00 0.00 0.00 0.00 0.00 0.06 0.13 0.18 0.23 0.27 0.30 0.31 0.31 0.30 0.28 0.23 0.16 0.06 0.00 0.00 0.00 0.00 0.00 0.00 0.00 0.00 0.00 0.00 0.00 0.00 0.00 0.00 0.00 0.00 0.00 0.00 0.24 0.55 0.88 1.25 1.65 2.07 2.51 2.95
15.57 15.93 16.10 16.10 15.94 15.61 15.12 14.50 13.73 12.84 11.82 10.70 9.53 8.37 7.24 6.13 5.10 4.15 3.30 2.54 1.86 1.28 0.78 0.37 0.05 0.00 0.00 0.00 0.00 0.00 0.00 0.00 0.00 0.00 0.00 0.00 0.00 0.00 0.00 0.00 0.00 0.00 0.00 0.00 0.04 0.10 0.15 0.19 0.22 0.24 0.24 0.23 0.20 0.15 0.08 0.00 0.00 0.00 0.00 0.00 0.00 0.00 0.00 0.00 0.00 0.00 0.00 0.00 0.00 0.00 0.00 0.00 0.00 0.11 0.38 0.69 1.03 1.40 1.80 2.23 2.67 3.12
15.30 15.65 15.82 15.80 15.62 15.27 14.77 14.11 13.32 12.40 11.36 10.27 9.18 8.10 7.04 6.00 5.00 4.07 3.23 2.47 1.80 1.22 0.73 0.32 0.00 0.00 0.00 0.00 0.00 0.00 0.00 0.00 0.00 0.00 0.00 0.00 0.00 0.00 0.00 0.00 0.00 0.00 0.00 0.00 0.00 0.02 0.07 0.12 0.14 0.16 0.16 0.15 0.12 0.07 0.00 0.00 0.00 0.00 0.00 0.00 0.00 0.00 0.00 0.00 0.00 0.00 0.00 0.00 0.00 0.00 0.00 0.00 0.00 0.23 0.51 0.82 1.17 1.54 1.95 2.38 2.83 3.28
15.03 15.36 15.51 15.47 15.25 14.87 14.33 13.65 12.81 11.86 10.84 9.82 8.81 7.81 6.83 5.86 4.92 4.01 3.18 2.43 1.77 1.20 0.70 0.30 0.00 0.00 0.00 0.00 0.00 0.00 0.00 0.00 0.00 0.00 0.00 0.00 0.00 0.00 0.00 0.00 0.00 0.00 0.00 0.00 0.00 0.00 0.00 0.04 0.07 0.09 0.09 0.07 0.04 0.00 0.00 0.00 0.00 0.00 0.00 0.00 0.00 0.00 0.00 0.00 0.00 0.00 0.00 0.00 0.00 0.00 0.00 0.00 0.11 0.36 0.64 0.96 1.30 1.68 2.09 2.53 2.98 3.44
14.76 15.06 15.16 15.09 14.83 14.41 13.83 13.09 12.22 11.28 10.34 9.39 8.45 7.52 6.60 5.70 4.83 3.98 3.17 2.43 1.77 1.20 0.71 0.30 0.00 0.00 0.00 0.00 0.00 0.00 0.00 0.00 0.00 0.00 0.00 0.00 0.00 0.00 0.00 0.00 0.00 0.00 0.00 0.00 0.00 0.00 0.00 0.00 0.00 0.02 0.02 0.00 0.00 0.00 0.00 0.00 0.00 0.00 0.00 0.00 0.00 0.00 0.00 0.00 0.00 0.00 0.00 0.00 0.00 0.00 0.00 0.01 0.22 0.48 0.76 1.08 1.44 1.82 2.23 2.68 3.13 3.60
14.48 14.74 14.80 14.67 14.37 13.89 13.25 12.47 11.61 10.73 9.86 8.98 8.10 7.23 6.38 5.54 4.72 3.93 3.17 2.45 1.80 1.23 0.74 0.33 0.01 0.00 0.00 0.00 0.00 0.00 0.00 0.00 0.00 0.00 0.00 0.00 0.00 0.00 0.00 0.00 0.00 0.00 0.00 0.00 0.00 0.00 0.00 0.00 0.00 0.00 0.00 0.00 0.00 0.00 0.00 0.00 0.00 0.00 0.00 0.00 0.00 0.00 0.00 0.00 0.00 0.00 0.00 0.00 0.00 0.00 0.00 0.11 0.33 0.59 0.88 1.21 1.56 1.95 2.37 2.82 3.28 3.75
14.20 14.40 14.41 14.22 13.85 13.31 12.61 11.83 11.04 10.23 9.41 8.59 7.78 6.97 6.17 5.39 4.62 3.89 3.17 2.50 1.86 1.29 0.81 0.40 0.07 0.00 0.00 0.00 0.00 0.00 0.00 0.00 0.00 0.00 0.00 0.00 0.00 0.00 0.00 0.00 0.00 0.00 0.00 0.00 0.00 0.00 0.00 0.00 0.00 0.00 0.00 0.00 0.00 0.00 0.00 0.00 0.00 0.00 0.00 0.00 0.00 0.00 0.00 0.00 0.00 0.00 0.00 0.00 0.00 0.00 0.01 0.21 0.44 0.70 0.99 1.32 1.68 2.08 2.50 2.95 3.42 3.89
13.92 14.06 13.99 13.73 13.29 12.68 11.99 11.26 10.52 9.77 9.01 8.25 7.49 6.73 5.99 5.25 4.54 3.85 3.18 2.55 1.95 1.39 0.91 0.50 0.17 0.00 0.00 0.00 0.00 0.00 0.00 0.00 0.00 0.00 0.00 0.00 0.00 0.00 0.00 0.00 0.00 0.00 0.00 0.00 0.00 0.00 0.00 0.00 0.00 0.00 0.00 0.00 0.00 0.00 0.00 0.00 0.00 0.00 0.00 0.00 0.00 0.00 0.00 0.00 0.00 0.00 0.00 0.00 0.00 0.00 0.09 0.30 0.53 0.80 1.10 1.43 1.80 2.20 2.63 3.08 3.55 4.03
13.64 13.70 13.55 13.21 12.69 12.08 11.43 10.77 10.08 9.38 8.67 7.96 7.25 6.54 5.84 5.15 4.48 3.83 3.20 2.60 2.04 1.52 1.04 0.63 0.30 0.04 0.00 0.00 0.00 0.00 0.00 0.00 0.00 0.00 0.00 0.00 0.00 0.00 0.00 0.00 0.00 0.00 0.00 0.00 0.00 0.00 0.00 0.00 0.00 0.00 0.00 0.00 0.00 0.00 0.00 0.00 0.00 0.00 0.00 0.00 0.00 0.00 0.00 0.00 0.00 0.00 0.00 0.00 0.00 0.00 0.16 0.38 0.62 0.89 1.20 1.53 1.90 2.31 2.74 3.20 3.68 4.16
13.37 13.33 13.09 12.67 12.14 11.57 10.98 10.36 9.72 9.07 8.41 7.74 7.07 6.40 5.74 5.09 4.45 3.84 3.25 2.68 2.15 1.66 1.20 0.80 0.46 0.20 0.01 0.00 0.00 0.00 0.00 0.00 0.00 0.00 0.00 0.00 0.00 0.00 0.00 0.00 0.00 0.00 0.00 0.00 0.00 0.00 0.00 0.00 0.00 0.00 0.00 0.00 0.00 0.00 0.00 0.00 0.00 0.00 0.00 0.00 0.00 0.00 0.00 0.00 0.00 0.00 0.00 0.00 0.00 0.04 0.23 0.45 0.70 0.98 1.29 1.63 2.00 2.41 2.85 3.32 3.80 4.28
13.09 12.96 12.63 12.18 11.69 11.17 10.62 10.05 9.45 8.84 8.22 7.59 6.96 6.33 5.70 5.08 4.48 3.89 3.33 2.79 2.29 1.82 1.39 1.00 0.66 0.40 0.20 0.04 0.00 0.00 0.00 0.00 0.00 0.00 0.00 0.00 0.00 0.00 0.00 0.00 0.00 0.00 0.00 0.00 0.00 0.00 0.00 0.00 0.00 0.00 0.00 0.00 0.00 0.00 0.00 0.00 0.00 0.00 0.00 0.00 0.00 0.00 0.00 0.00 0.00 0.00 0.00 0.00 0.00 0.10 0.30 0.52 0.77 1.05 1.37 1.71 2.09 2.51 2.95 3.42 3.91 4.40
12.82 12.59 12.23 11.82 11.38 10.90 10.39 9.85 9.29 8.72 8.13 7.53 6.93 6.33 5.73 5.14 4.56 4.00 3.46 2.95 2.46 2.01 1.60 1.23 0.90 0.63 0.42 0.26 0.12 0.00 0.00 0.00 0.00 0.00 0.00 0.00 0.00 0.00 0.00 0.00 0.00 0.00 0.00 0.00 0.00 0.00 0.00 0.00 0.00 0.00 0.00 0.00 0.00 0.00 0.00 0.00 0.00 0.00 0.00 0.00 0.00 0.00 0.00 0.00 0.00 0.00 0.00 0.00 0.00 0.16 0.36 0.59 0.84 1.13 1.45 1.79 2.18 2.59 3.04 3.52 4.01 4.50
12.57 12.30 11.98 11.61 11.20 10.76 10.28 9.78 9.25 8.71 8.15 7.58 7.00 6.42 5.85 5.28 4.72 4.18 3.66 3.16 2.69 2.25 1.85 1.48 1.17 0.90 0.69 0.52 0.37 0.24 0.13 0.04 0.00 0.00 0.00 0.00 0.00 0.00 0.00 0.00 0.00 0.00 0.00 0.00 0.00 0.00 0.00 0.00 0.00 0.00 0.00 0.00 0.00 0.00 0.00 0.00 0.00 0.00 0.00 0.00 0.00 0.00 0.00 0.00 0.00 0.00 0.00 0.00 0.05 0.23 0.43 0.66 0.92 1.20 1.52 1.87 2.25 2.67 3.12 3.61 4.09 4.57
12.35 12.11 11.82 11.49 11.11 10.70 10.26 9.78 9.29 8.77 8.23 7.69 7.13 6.58 6.02 5.47 4.93 4.40 3.89 3.41 2.95 2.52 2.13 1.77 1.46 1.20 0.99 0.81 0.65 0.51 0.39 0.29 0.21 0.14 0.08 0.04 0.00 0.00 0.00 0.00 0.00 0.00 0.00 0.00 0.00 0.00 0.00 0.00 0.00 0.00 0.00 0.00 0.00 0.00 0.00 0.00 0.00 0.00 0.00 0.00 0.00 0.00 0.00 0.00 0.00 0.00 0.00 0.00 0.12 0.29 0.50 0.73 0.98 1.27 1.59 1.94 2.32 2.74 3.20 3.67 4.15 4.63
12.14 11.91 11.66 11.36 11.02 10.64 10.23 9.78 9.31 8.82 8.31 7.79 7.26 6.73 6.19 5.66 5.14 4.62 4.13 3.66 3.21 2.79 2.41 2.06 1.76 1.50 1.31 1.14 0.97 0.82 0.69 0.58 0.48 0.40 0.33 0.27 0.23 0.19 0.16 0.14 0.12 0.11 0.10 0.09 0.07 0.06 0.04 0.01 0.00 0.00 0.00 0.00 0.00 0.00 0.00 0.00 0.00 0.00 0.00 0.00 0.00 0.00 0.00 0.00 0.00 0.00 0.00 0.02 0.17 0.35 0.56 0.79 1.05 1.34 1.66 2.01 2.39 2.81 3.26 3.73 4.20 4.67
11.92 11.70 11.46 11.20 10.89 10.55 10.17 9.76 9.32 8.85 8.37 7.88 7.37 6.86 6.34 5.83 5.33 4.84 4.36 3.90 3.46 3.06 2.68 2.34 2.05 1.82 1.64 1.48 1.32 1.16 1.02 0.89 0.78 0.68 0.60 0.53 0.47 0.42 0.38 0.34 0.31 0.28 0.26 0.23 0.20 0.17 0.13 0.09 0.04 0.00 0.00 0.00 0.00 0.00 0.00 0.00 0.00 0.00 0.00 0.00 0.00 0.00 0.00 0.00 0.00 0.00 0.00 0.07 0.23 0.41 0.61 0.85 1.11 1.39 1.71 2.07 2.45 2.86 3.31 3.77 4.24 4.70
11.70 11.49 11.26 11.01 10.74 10.43 10.08 9.70 9.29 8.86 8.41 7.94 7.46 6.97 6.48 5.99 5.51 5.03 4.57 4.13 3.71 3.32 2.95 2.63 2.36 2.14 1.98 1.83 1.68 1.52 1.37 1.23 1.10 0.99 0.89 0.81 0.73 0.67 0.61 0.55 0.51 0.46 0.42 0.38 0.33 0.28 0.23 0.18 0.11 0.04 0.00 0.00 0.00 0.00 0.00 0.00 0.00 0.00 0.00 0.00 0.00 0.00 0.00 0.00 0.00 0.00 0.00 0.12 0.27 0.46 0.66 0.90 1.16 1.45 1.77 2.12 2.50 2.91 3.35 3.81 4.27 4.72
11.48 11.27 11.05 10.81 10.55 10.28 9.97 9.62 9.25 8.85 8.42 7.98 7.53 7.07 6.60 6.14 5.67 5.22 4.78 4.35 3.95 3.57 3.22 2.93 2.68 2.48 2.32 2.18 2.04 1.89 1.74 1.59 1.44 1.31 1.20 1.10 1.00 0.92 0.84 0.77 0.71 0.65 0.59 0.52 0.46 0.40 0.33 0.25 0.17 0.09 0.01 0.00 0.00 0.00 0.00 0.00 0.00 0.00 0.00 0.00 0.00 0.00 0.00 0.00 0.00 0.00 0.02 0.16 0.32 0.50 0.71 0.94 1.20 1.50 1.82 2.16 2.54 2.94 3.37 3.83 4.28 4.73
