data_processed/recharge/precip/Precip_1986_05.asc
ncols        168
nrows        136
xllcorner    455000
yllcorner    2107000
cellsize     500
NODATA_value     -99999
[rows 33 to 65 of 136, columns 75 to 149 of 168]
69.83 71.96 73.77 75.25 76.38 77.17 77.62 77.73 77.49 76.90 75.96 74.66 73.03 71.21 69.38 67.56 65.78 64.05 62.40 60.84 59.40 58.11 57.07 56.52 56.51 57.01 57.97 59.24 60.71 62.32 63.98 65.63 67.21 68.64 69.86 70.81 71.79 73.18 74.91 76.88 78.96 81.07 83.07 84.88 86.37 87.55 88.68 89.89 91.20 92.58 93.87 95.00 96.01 96.97 97.91 98.91 100.00 101.25 102.71 104.33 105.98 107.60 109.19 110.74 112.24 113.66 114.99 116.23 117.38 118.50 119.63 120.76 121.84 122.65 123.02
69.89 71.91 73.64 75.04 76.09 76.79 77.15 77.17 76.85 76.18 75.16 73.79 72.08 70.19 68.28 66.38 64.50 62.68 60.94 59.28 57.74 56.44 55.60 55.28 55.45 56.08 57.16 58.62 60.32 62.12 63.96 65.76 67.48 69.02 70.33 71.35 72.35 73.67 75.25 76.96 78.72 80.39 81.89 83.09 84.00 84.84 85.76 86.76 87.85 89.05 90.34 91.56 92.67 93.69 94.69 95.72 96.84 98.09 99.54 101.14 102.76 104.37 105.96 107.51 109.00 110.43 111.78 113.05 114.32 115.60 116.89 118.17 119.43 120.60 121.49
69.76 71.68 73.34 74.69 75.69 76.33 76.62 76.57 76.18 75.45 74.36 72.94 71.17 69.22 67.24 65.28 63.33 61.44 59.61 57.87 56.35 55.27 54.68 54.56 54.89 55.64 56.79 58.30 60.12 62.09 64.08 66.01 67.83 69.45 70.82 71.88 72.87 74.09 75.48 76.92 78.31 79.53 80.48 81.15 81.75 82.41 83.14 83.95 84.85 85.86 86.99 88.21 89.40 90.50 91.56 92.63 93.77 95.04 96.48 98.06 99.68 101.28 102.87 104.42 105.92 107.37 108.75 110.14 111.56 112.99 114.42 115.83 117.21 118.54 119.77
69.43 71.27 72.86 74.17 75.16 75.78 76.03 75.93 75.49 74.70 73.58 72.10 70.29 68.30 66.28 64.26 62.26 60.31 58.42 56.72 55.44 54.63 54.27 54.34 54.81 55.65 56.84 58.35 60.16 62.20 64.30 66.33 68.22 69.89 71.30 72.36 73.30 74.40 75.57 76.70 77.69 78.43 78.90 79.30 79.73 80.23 80.79 81.44 82.17 83.01 83.96 85.04 86.23 87.40 88.53 89.66 90.83 92.12 93.56 95.14 96.74 98.35 99.94 101.50 103.02 104.51 106.00 107.53 109.09 110.65 112.20 113.73 115.21 116.64 118.00
68.90 70.67 72.21 73.48 74.46 75.10 75.37 75.25 74.77 73.95 72.80 71.30 69.46 67.44 65.39 63.34 61.30 59.30 57.47 56.03 55.05 54.50 54.35 54.58 55.16 56.07 57.29 58.77 60.51 62.47 64.58 66.67 68.60 70.30 71.70 72.74 73.61 74.55 75.47 76.26 76.83 77.13 77.37 77.62 77.93 78.28 78.71 79.21 79.79 80.48 81.28 82.21 83.26 84.44 85.63 86.82 88.03 89.34 90.79 92.37 93.98 95.59 97.20 98.78 100.34 101.92 103.55 105.21 106.89 108.57 110.22 111.85 113.43 114.94 116.37
68.15 69.85 71.35 72.61 73.60 74.26 74.58 74.51 74.03 73.20 72.03 70.51 68.67 66.64 64.57 62.50 60.44 58.52 56.98 55.87 55.16 54.84 54.88 55.25 55.93 56.88 58.09 59.53 61.17 62.99 64.95 67.00 68.94 70.63 72.00 72.99 73.75 74.50 75.14 75.56 75.75 75.85 75.97 76.12 76.30 76.54 76.85 77.23 77.69 78.25 78.92 79.71 80.63 81.70 82.89 84.13 85.40 86.74 88.20 89.79 91.41 93.04 94.66 96.28 97.94 99.65 101.40 103.17 104.95 106.73 108.47 110.18 111.83 113.41 114.90
67.17 68.83 70.30 71.55 72.55 73.26 73.63 73.64 73.24 72.44 71.27 69.76 67.92 65.89 63.82 61.75 59.79 58.19 56.99 56.18 55.74 55.63 55.83 56.32 57.06 58.04 59.22 60.59 62.11 63.76 65.52 67.35 69.19 70.84 72.15 73.05 73.68 74.20 74.53 74.63 74.65 74.66 74.69 74.75 74.85 74.99 75.20 75.47 75.83 76.29 76.85 77.53 78.34 79.29 80.39 81.63 82.95 84.32 85.81 87.41 89.04 90.69 92.36 94.07 95.84 97.67 99.52 101.39 103.26 105.12 106.94 108.71 110.42 112.04 113.57
65.96 67.58 69.03 70.29 71.32 72.07 72.52 72.62 72.34 71.64 70.51 69.03 67.21 65.20 63.16 61.20 59.58 58.35 57.48 56.95 56.74 56.82 57.16 57.74 58.53 59.51 60.65 61.92 63.30 64.77 66.29 67.84 69.40 70.89 72.10 72.89 73.35 73.62 73.68 73.64 73.59 73.55 73.51 73.50 73.52 73.60 73.73 73.93 74.21 74.58 75.05 75.65 76.36 77.22 78.22 79.38 80.70 82.12 83.64 85.25 86.91 88.60 90.35 92.17 94.05 95.97 97.91 99.86 101.80 103.72 105.60 107.42 109.17 110.83 112.38
64.50 66.09 67.54 68.82 69.88 70.70 71.23 71.43 71.28 70.73 69.74 68.32 66.54 64.58 62.67 61.08 59.85 58.97 58.41 58.14 58.14 58.39 58.85 59.49 60.31 61.26 62.33 63.49 64.71 65.96 67.23 68.48 69.68 70.83 71.82 72.46 72.73 72.78 72.73 72.65 72.57 72.48 72.40 72.34 72.32 72.34 72.41 72.56 72.78 73.09 73.50 74.03 74.67 75.46 76.38 77.47 78.73 80.15 81.70 83.34 85.04 86.81 88.66 90.58 92.54 94.54 96.55 98.56 100.56 102.53 104.44 106.30 108.07 109.75 111.31
62.79 64.36 65.82 67.12 68.24 69.13 69.75 70.07 70.06 69.67 68.86 67.61 65.93 64.13 62.60 61.43 60.58 60.03 59.75 59.72 59.91 60.29 60.85 61.54 62.36 63.27 64.24 65.26 66.29 67.31 68.30 69.22 70.06 70.78 71.36 71.73 71.82 71.80 71.73 71.64 71.54 71.43 71.33 71.25 71.20 71.19 71.24 71.35 71.53 71.80 72.17 72.65 73.25 73.98 74.86 75.89 77.09 78.46 80.01 81.70 83.47 85.34 87.27 89.26 91.30 93.36 95.43 97.49 99.52 101.52 103.46 105.33 107.11 108.78 110.34
60.91 62.47 63.94 65.28 66.45 67.41 68.14 68.59 68.71 68.49 67.88 66.83 65.36 63.92 62.85 62.08 61.58 61.34 61.33 61.51 61.87 62.38 63.01 63.74 64.54 65.38 66.24 67.10 67.93 68.70 69.38 69.96 70.40 70.69 70.79 70.78 70.80 70.79 70.74 70.65 70.55 70.45 70.35 70.26 70.20 70.19 70.22 70.31 70.48 70.73 71.08 71.53 72.11 72.81 73.65 74.65 75.81 77.14 78.67 80.40 82.26 84.20 86.20 88.26 90.34 92.45 94.55 96.64 98.70 100.71 102.66 104.52 106.29 107.95 109.48
59.18 60.71 62.18 63.54 64.75 65.78 66.59 67.15 67.41 67.34 66.90 66.05 64.78 63.60 62.91 62.54 62.39 62.46 62.70 63.09 63.62 64.24 64.94 65.69 66.46 67.24 67.98 68.68 69.29 69.80 70.18 70.41 70.45 70.29 70.00 69.89 69.94 69.95 69.92 69.85 69.77 69.68 69.59 69.51 69.46 69.45 69.48 69.57 69.74 69.98 70.32 70.76 71.32 72.00 72.83 73.80 74.94 76.25 77.81 79.58 81.48 83.48 85.53 87.63 89.75 91.87 94.00 96.10 98.16 100.16 102.09 103.94 105.68 107.30 108.79
57.67 59.16 60.61 61.97 63.20 64.28 65.16 65.81 66.18 66.25 65.96 65.27 64.19 63.20 62.73 62.69 62.89 63.26 63.75 64.35 65.04 65.77 66.54 67.31 68.06 68.75 69.38 69.90 70.30 70.55 70.62 70.49 70.14 69.63 69.26 69.18 69.25 69.29 69.29 69.26 69.21 69.14 69.07 69.02 68.98 68.98 69.03 69.13 69.30 69.55 69.89 70.33 70.89 71.57 72.38 73.34 74.48 75.84 77.45 79.26 81.16 83.17 85.25 87.36 89.50 91.63 93.75 95.84 97.88 99.86 101.76 103.56 105.25 106.82 108.24
56.38 57.82 59.22 60.57 61.81 62.92 63.85 64.57 65.04 65.21 65.04 64.50 63.59 62.77 62.46 62.60 63.09 63.75 64.50 65.30 66.14 66.99 67.82 68.60 69.32 69.94 70.44 70.79 70.97 70.96 70.72 70.23 69.56 68.99 68.67 68.62 68.73 68.80 68.83 68.84 68.82 68.79 68.76 68.74 68.73 68.76 68.83 68.95 69.14 69.41 69.76 70.21 70.77 71.46 72.28 73.25 74.44 75.87 77.55 79.39 81.30 83.26 85.32 87.44 89.56 91.68 93.78 95.84 97.84 99.77 101.62 103.36 104.98 106.47 107.80
55.33 56.68 58.04 59.35 60.58 61.69 62.66 63.43 63.96 64.22 64.15 63.74 62.99 62.33 62.16 62.42 63.05 63.95 64.94 65.95 66.94 67.89 68.78 69.58 70.26 70.80 71.17 71.35 71.31 71.02 70.47 69.71 69.00 68.50 68.23 68.22 68.35 68.45 68.52 68.56 68.59 68.61 68.62 68.64 68.67 68.74 68.84 69.00 69.22 69.51 69.89 70.36 70.94 71.65 72.49 73.53 74.81 76.32 78.06 79.95 81.85 83.77 85.75 87.81 89.91 91.99 94.05 96.05 98.00 99.86 101.63 103.29 104.83 106.21 107.44
54.50 55.76 57.04 58.30 59.50 60.60 61.58 62.38 62.95 63.27 63.29 63.00 62.39 61.89 61.83 62.19 62.91 63.91 65.09 66.29 67.44 68.49 69.43 70.24 70.88 71.34 71.58 71.58 71.31 70.76 69.97 69.20 68.57 68.13 67.91 67.94 68.10 68.23 68.33 68.40 68.47 68.54 68.61 68.68 68.77 68.88 69.04 69.23 69.49 69.83 70.24 70.75 71.36 72.10 73.03 74.18 75.54 77.13 78.94 80.88 82.78 84.66 86.56 88.50 90.51 92.53 94.52 96.46 98.32 100.10 101.78 103.34 104.76 106.03 107.13
53.91 55.05 56.23 57.42 58.57 59.65 60.62 61.41 62.00 62.36 62.46 62.27 61.80 61.43 61.49 61.94 62.72 63.76 65.01 66.35 67.64 68.80 69.79 70.60 71.21 71.57 71.68 71.50 71.00 70.25 69.47 68.79 68.25 67.88 67.71 67.77 67.96 68.12 68.25 68.36 68.46 68.57 68.70 68.84 68.99 69.16 69.37 69.63 69.94 70.32 70.78 71.33 72.00 72.84 73.89 75.14 76.60 78.27 80.15 82.13 84.04 85.89 87.70 89.51 91.36 93.27 95.17 97.01 98.78 100.45 102.01 103.45 104.74 105.87 106.83
53.54 54.55 55.62 56.72 57.81 58.83 59.75 60.52 61.11 61.50 61.67 61.57 61.22 60.98 61.13 61.66 62.49 63.56 64.81 66.18 67.56 68.81 69.86 70.67 71.23 71.50 71.47 71.11 70.46 69.74 69.07 68.49 68.03 67.72 67.61 67.70 67.91 68.10 68.26 68.40 68.54 68.69 68.86 69.07 69.29 69.54 69.81 70.13 70.51 70.95 71.47 72.09 72.87 73.85 75.02 76.38 77.94 79.70 81.65 83.68 85.60 87.40 89.13 90.82 92.50 94.21 95.96 97.69 99.34 100.88 102.31 103.60 104.74 105.71 106.51
53.41 54.27 55.21 56.20 57.19 58.13 58.97 59.70 60.29 60.70 60.92 60.90 60.66 60.52 60.77 61.35 62.22 63.31 64.55 65.88 67.25 68.55 69.64 70.45 70.96 71.14 70.97 70.49 69.89 69.30 68.74 68.26 67.88 67.65 67.58 67.71 67.94 68.16 68.34 68.52 68.69 68.88 69.09 69.35 69.64 69.97 70.33 70.73 71.18 71.69 72.29 73.04 73.97 75.08 76.38 77.85 79.51 81.36 83.39 85.47 87.40 89.17 90.82 92.39 93.90 95.40 96.91 98.45 99.96 101.35 102.63 103.75 104.72 105.53 106.18
53.51 54.20 54.99 55.84 56.70 57.53 58.29 58.97 59.54 59.96 60.21 60.26 60.12 60.07 60.39 61.03 61.92 63.01 64.23 65.52 66.81 68.06 69.15 69.96 70.42 70.50 70.24 69.84 69.38 68.92 68.48 68.10 67.80 67.63 67.61 67.77 68.03 68.27 68.49 68.69 68.90 69.13 69.38 69.67 70.02 70.43 70.88 71.36 71.90 72.51 73.26 74.17 75.25 76.50 77.92 79.52 81.28 83.22 85.32 87.46 89.40 91.15 92.72 94.17 95.52 96.81 98.06 99.33 100.61 101.84 102.93 103.88 104.67 105.32 105.86
53.84 54.34 54.96 55.64 56.34 57.04 57.72 58.33 58.86 59.28 59.55 59.66 59.60 59.64 60.02 60.69 61.59 62.67 63.85 65.08 66.29 67.43 68.43 69.19 69.59 69.63 69.48 69.23 68.92 68.59 68.26 67.98 67.76 67.66 67.68 67.88 68.16 68.43 68.67 68.91 69.15 69.41 69.70 70.04 70.43 70.89 71.42 72.01 72.66 73.43 74.35 75.43 76.67 78.06 79.61 81.32 83.19 85.22 87.41 89.61 91.57 93.28 94.79 96.12 97.30 98.39 99.39 100.36 101.33 102.30 103.20 103.95 104.59 105.13 105.55
54.37 54.69 55.09 55.57 56.11 56.68 57.24 57.78 58.26 58.66 58.95 59.10 59.10 59.21 59.64 60.34 61.24 62.29 63.43 64.58 65.70 66.72 67.57 68.20 68.56 68.72 68.74 68.66 68.49 68.29 68.08 67.89 67.75 67.71 67.78 68.01 68.32 68.61 68.88 69.15 69.42 69.72 70.05 70.42 70.86 71.36 71.96 72.65 73.47 74.43 75.53 76.78 78.18 79.72 81.40 83.24 85.22 87.34 89.61 91.87 93.85 95.54 96.98 98.19 99.22 100.10 100.86 101.53 102.16 102.78 103.40 103.99 104.52 104.95 105.27
54.98 55.19 55.38 55.66 56.02 56.43 56.88 57.32 57.75 58.11 58.40 58.58 58.64 58.81 59.27 59.98 60.87 61.88 62.96 64.03 65.03 65.92 66.61 67.11 67.50 67.82 68.02 68.09 68.08 68.00 67.90 67.81 67.75 67.77 67.89 68.15 68.48 68.79 69.09 69.39 69.70 70.03 70.39 70.81 71.29 71.84 72.49 73.31 74.32 75.47 76.77 78.19 79.74 81.43 83.25 85.21 87.30 89.53 91.89 94.21 96.21 97.88 99.24 100.35 101.22 101.90 102.41 102.80 103.09 103.34 103.64 104.05 104.47 104.80 105.02
55.59 55.72 55.81 55.89 56.06 56.31 56.63 56.97 57.32 57.64 57.91 58.11 58.21 58.43 58.91 59.62 60.48 61.44 62.44 63.42 64.30 65.04 65.60 66.09 66.54 66.95 67.30 67.53 67.66 67.71 67.72 67.72 67.75 67.83 68.00 68.28 68.63 68.97 69.30 69.62 69.96 70.32 70.73 71.18 71.70 72.31 73.08 74.03 75.19 76.52 78.00 79.60 81.32 83.16 85.12 87.20 89.40 91.73 94.18 96.57 98.60 100.24 101.55 102.54 103.26 103.74 104.01 104.12 104.09 104.05 104.08 104.21 104.45 104.67 104.79
56.17 56.24 56.27 56.25 56.24 56.32 56.49 56.72 56.98 57.25 57.49 57.69 57.83 58.07 58.57 59.26 60.08 60.98 61.89 62.75 63.50 64.12 64.67 65.19 65.68 66.15 66.58 66.95 67.22 67.40 67.52 67.62 67.72 67.86 68.07 68.39 68.76 69.12 69.47 69.82 70.19 70.59 71.03 71.52 72.10 72.82 73.72 74.81 76.08 77.55 79.19 80.97 82.85 84.85 86.95 89.16 91.49 93.92 96.46 98.92 100.97 102.60 103.85 104.74 105.30 105.59 105.62 105.45 105.20 104.95 104.74 104.59 104.54 104.59 104.61
56.71 56.73 56.70 56.64 56.55 56.47 56.48 56.58 56.74 56.94 57.14 57.33 57.48 57.75 58.24 58.90 59.67 60.50 61.31 62.05 62.68 63.27 63.84 64.39 64.92 65.42 65.90 66.35 66.74 67.04 67.28 67.47 67.65 67.85 68.11 68.45 68.84 69.23 69.60 69.98 70.38 70.81 71.28 71.83 72.51 73.37 74.40 75.61 77.00 78.57 80.33 82.26 84.31 86.46 88.71 91.06 93.50 96.04 98.68 101.21 103.29 104.91 106.09 106.88 107.30 107.39 107.21 106.86 106.46 106.03 105.61 105.21 104.88 104.63 104.48
57.22 57.18 57.11 57.01 56.88 56.72 56.59 56.55 56.60 56.71 56.87 57.03 57.19 57.46 57.93 58.55 59.26 60.00 60.70 61.32 61.92 62.51 63.09 63.66 64.22 64.76 65.27 65.76 66.22 66.64 66.98 67.26 67.52 67.78 68.08 68.45 68.87 69.27 69.67 70.07 70.50 70.96 71.49 72.14 72.95 73.93 75.08 76.41 77.90 79.58 81.43 83.46 85.65 87.96 90.36 92.84 95.40 98.05 100.79 103.40 105.51 107.12 108.25 108.93 109.21 109.13 108.83 108.40 107.88 107.30 106.69 106.07 105.48 104.94 104.49
57.67 57.59 57.48 57.34 57.18 57.00 56.80 56.63 56.56 56.58 56.67 56.79 56.94 57.21 57.65 58.22 58.85 59.48 60.08 60.66 61.24 61.83 62.41 62.99 63.57 64.12 64.67 65.19 65.69 66.17 66.60 66.98 67.31 67.63 67.98 68.38 68.81 69.23 69.65 70.09 70.54 71.05 71.68 72.46 73.40 74.49 75.76 77.18 78.78 80.54 82.47 84.58 86.86 89.30 91.84 94.46 97.15 99.92 102.75 105.44 107.59 109.19 110.27 110.85 111.01 110.87 110.54 110.05 109.44 108.74 107.97 107.16 106.34 105.54 104.79
58.08 57.95 57.80 57.63 57.44 57.24 57.03 56.81 56.63 56.54 56.55 56.63 56.75 57.00 57.40 57.90 58.45 58.98 59.52 60.07 60.63 61.21 61.78 62.36 62.94 63.51 64.07 64.62 65.15 65.66 66.15 66.60 67.01 67.39 67.78 68.21 68.66 69.10 69.54 70.00 70.50 71.11 71.86 72.76 73.82 75.03 76.39 77.91 79.59 81.44 83.44 85.62 87.96 90.47 93.13 95.89 98.71 101.59 104.53 107.29 109.49 111.08 112.10 112.62 112.77 112.66 112.34 111.83 111.16 110.36 109.46 108.48 107.46 106.42 105.39
58.42 58.25 58.07 57.87 57.66 57.45 57.23 57.00 56.78 56.60 56.52 56.53 56.63 56.84 57.19 57.61 58.06 58.53 59.02 59.54 60.07 60.62 61.18 61.74 62.31 62.88 63.45 64.02 64.57 65.11 65.63 66.13 66.60 67.04 67.47 67.92 68.39 68.85 69.32 69.82 70.41 71.15 72.02 73.04 74.20 75.50 76.96 78.57 80.33 82.24 84.31 86.54 88.93 91.49 94.21 97.07 100.02 103.02 106.07 108.92 111.15 112.74 113.74 114.30 114.55 114.52 114.23 113.73 113.02 112.15 111.15 110.03 108.83 107.58 106.31
58.69 58.49 58.27 58.06 57.83 57.61 57.38 57.16 56.94 56.74 56.57 56.52 56.56 56.73 57.01 57.35 57.72 58.13 58.57 59.04 59.53 60.04 60.57 61.12 61.67 62.24 62.80 63.37 63.93 64.49 65.03 65.56 66.08 66.57 67.04 67.51 68.00 68.48 68.98 69.57 70.29 71.14 72.13 73.25 74.51 75.90 77.44 79.13 80.96 82.93 85.06 87.34 89.77 92.36 95.10 98.01 101.05 104.17 107.33 110.27 112.54 114.16 115.26 115.99 116.37 116.43 116.21 115.73 115.02 114.11 113.03 111.80 110.46 109.02 107.53
58.89 58.65 58.42 58.18 57.94 57.71 57.49 57.27 57.07 56.88 56.70 56.58 56.57 56.68 56.88 57.13 57.43 57.76 58.14 58.55 58.99 59.46 59.95 60.47 61.00 61.54 62.09 62.65 63.21 63.78 64.33 64.88 65.42 65.95 66.45 66.95 67.46 67.97 68.56 69.28 70.11 71.07 72.16 73.37 74.72 76.20 77.81 79.56 81.45 83.48 85.65 87.97 90.44 93.05 95.81 98.73 101.80 105.00 108.27 111.30 113.65 115.42 116.75 117.67 118.22 118.41 118.28 117.85 117.16 116.24 115.10 113.79 112.33 110.74 109.05
59.00 58.74 58.48 58.23 57.99 57.76 57.54 57.33 57.15 56.98 56.83 56.71 56.65 56.68 56.78 56.94 57.15 57.41 57.71 58.06 58.44 58.85 59.29 59.76 60.26 60.77 61.30 61.85 62.40 62.96 63.52 64.07 64.63 65.18 65.71 66.23 66.76 67.37 68.08 68.91 69.85 70.91 72.09 73.39 74.82 76.37 78.04 79.85 81.79 83.87 86.08 88.42 90.91 93.54 96.31 99.23 102.29 105.51 108.85 111.99 114.56 116.62 118.21 119.35 120.09 120.43 120.42 120.08 119.44 118.52 117.37 116.00 114.44 112.72 110.87
