data_processed/recharge/precip/Precip_1996_08.asc
ncols        168
nrows        136
xllcorner    455000
yllcorner    2107000
cellsize     500
NODATA_value     -99999
[rows 66 to 98 of 136, columns 0 to 72 of 168]
330.76 324.77 319.36 314.50 310.13 306.21 302.71 299.59 296.80 294.29 292.04 290.00 288.13 286.38 284.72 283.10 281.48 279.82 278.09 276.25 274.34 272.38 270.36 268.30 266.18 264.02 261.81 259.55 257.25 254.91 252.53 250.10 247.64 245.14 242.60 240.03 237.43 234.79 232.12 229.43 226.71 223.96 221.18 218.38 215.57 212.73 209.86 206.89 203.77 200.48 197.02 193.38 189.56 185.58 181.44 177.15 172.72 168.14 163.43 158.59 153.64 148.56 143.38 138.10 132.72 127.25 121.70 116.08 110.38 104.62 98.80 92.92 87.01
334.91 328.79 323.25 318.26 313.77 309.75 306.15 302.93 300.05 297.47 295.15 293.05 291.12 289.33 287.62 285.97 284.33 282.66 280.92 279.07 277.16 275.20 273.18 271.11 268.99 266.82 264.60 262.33 260.02 257.66 255.27 252.83 250.35 247.83 245.27 242.68 240.06 237.40 234.71 231.99 229.24 226.46 223.66 220.83 217.98 215.10 212.12 208.99 205.69 202.23 198.61 194.83 190.88 186.77 182.51 178.10 173.54 168.85 164.03 159.08 154.02 148.84 143.56 138.19 132.72 127.16 121.53 115.82 110.05 104.22 98.33 92.39 86.41
339.04 332.77 327.10 321.98 317.38 313.25 309.55 306.24 303.28 300.62 298.23 296.07 294.09 292.24 290.50 288.82 287.16 285.47 283.72 281.88 279.96 278.00 275.97 273.90 271.77 269.59 267.36 265.09 262.76 260.40 257.98 255.53 253.03 250.50 247.92 245.31 242.67 239.99 237.27 234.53 231.75 228.95 226.12 223.26 220.37 217.39 214.24 210.92 207.45 203.83 200.05 196.14 192.06 187.83 183.45 178.92 174.25 169.45 164.52 159.48 154.32 149.05 143.68 138.22 132.67 127.04 121.33 115.55 109.71 103.81 97.87 91.87 85.84
343.12 336.72 330.92 325.68 320.96 316.73 312.93 309.52 306.48 303.74 301.29 299.06 297.02 295.13 293.36 291.64 289.96 288.25 286.49 284.65 282.74 280.77 278.74 276.66 274.53 272.34 270.10 267.82 265.48 263.10 260.68 258.21 255.70 253.15 250.55 247.92 245.26 242.55 239.82 237.05 234.25 231.42 228.56 225.67 222.67 219.52 216.19 212.71 209.07 205.29 201.36 197.30 193.10 188.75 184.26 179.62 174.85 169.95 164.93 159.79 154.54 149.19 143.74 138.21 132.58 126.88 121.10 115.27 109.37 103.41 97.41 91.37 85.30
347.18 340.64 334.70 329.34 324.51 320.17 316.27 312.77 309.64 306.83 304.31 302.02 299.93 297.99 296.18 294.43 292.73 291.01 289.24 287.39 285.48 283.51 281.48 279.40 277.26 275.06 272.82 270.52 268.18 265.79 263.35 260.86 258.34 255.77 253.16 250.51 247.82 245.10 242.34 239.55 236.72 233.87 230.97 227.97 224.81 221.49 218.00 214.35 210.56 206.62 202.54 198.34 194.00 189.54 184.95 180.21 175.35 170.36 165.25 160.03 154.70 149.27 143.75 138.15 132.46 126.69 120.86 114.97 109.02 103.02 96.98 90.90 84.79
351.20 344.52 338.45 332.97 328.02 323.57 319.57 315.99 312.77 309.89 307.29 304.94 302.80 300.82 298.97 297.19 295.46 293.73 291.96 290.11 288.20 286.22 284.19 282.10 279.96 277.76 275.50 273.20 270.84 268.44 265.99 263.49 260.95 258.37 255.74 253.07 250.36 247.62 244.84 242.02 239.17 236.28 233.28 230.12 226.80 223.30 219.66 215.86 211.91 207.83 203.61 199.27 194.80 190.22 185.53 180.70 175.75 170.68 165.49 160.19 154.80 149.30 143.72 138.05 132.30 126.49 120.61 114.67 108.67 102.64 96.56 90.45 84.32
355.18 348.36 342.17 336.56 331.50 326.94 322.84 319.17 315.87 312.91 310.24 307.83 305.64 303.61 301.72 299.92 298.17 296.42 294.64 292.79 290.88 288.90 286.87 284.77 282.62 280.42 278.16 275.85 273.48 271.07 268.60 266.09 263.54 260.93 258.29 255.60 252.88 250.11 247.31 244.47 241.59 238.60 235.44 232.11 228.62 224.98 221.18 217.23 213.14 208.92 204.57 200.10 195.51 190.81 186.00 181.09 176.06 170.91 165.66 160.29 154.83 149.28 143.64 137.92 132.12 126.26 120.34 114.36 108.34 102.27 96.17 90.04 83.88
359.11 352.16 345.84 340.11 334.94 330.27 326.08 322.31 318.93 315.89 313.16 310.69 308.44 306.37 304.44 302.61 300.83 299.07 297.29 295.44 293.53 291.55 289.51 287.42 285.26 283.05 280.78 278.46 276.09 273.66 271.19 268.66 266.09 263.47 260.81 258.11 255.36 252.57 249.75 246.88 243.90 240.75 237.43 233.95 230.31 226.51 222.57 218.48 214.26 209.91 205.43 200.83 196.13 191.31 186.40 181.39 176.28 171.07 165.75 160.33 154.81 149.21 143.52 137.76 131.92 126.03 120.07 114.07 108.02 101.93 95.81 89.66 83.50
363.01 355.92 349.47 343.62 338.33 333.56 329.27 325.41 321.94 318.83 316.03 313.50 311.20 309.09 307.12 305.26 303.47 301.69 299.90 298.05 296.14 294.16 292.12 290.02 287.86 285.65 283.37 281.04 278.66 276.22 273.73 271.20 268.61 265.98 263.30 260.58 257.82 255.01 252.15 249.19 246.05 242.75 239.27 235.64 231.85 227.91 223.83 219.61 215.26 210.79 206.19 201.48 196.66 191.74 186.73 181.62 176.43 171.15 165.78 160.31 154.74 149.10 143.37 137.57 131.71 125.78 119.80 113.78 107.71 101.61 95.48 89.33 83.16
366.83 359.64 353.06 347.09 341.69 336.81 332.42 328.47 324.92 321.74 318.87 316.28 313.93 311.77 309.77 307.88 306.06 304.27 302.47 300.63 298.71 296.74 294.70 292.59 290.43 288.21 285.93 283.59 281.20 278.75 276.25 273.70 271.10 268.45 265.76 263.02 260.24 257.40 254.45 251.34 248.05 244.59 240.96 237.19 233.26 229.19 224.98 220.63 216.16 211.57 206.86 202.04 197.12 192.11 187.00 181.80 176.52 171.17 165.74 160.23 154.63 148.95 143.19 137.37 131.48 125.54 119.54 113.51 107.43 101.33 95.20 89.05 82.89
370.27 363.27 356.60 350.51 345.00 340.02 335.53 331.49 327.86 324.60 321.66 319.01 316.61 314.41 312.37 310.45 308.61 306.81 305.01 303.16 301.25 299.27 297.23 295.12 292.96 290.73 288.44 286.10 283.70 281.24 278.73 276.17 273.55 270.89 268.18 265.43 262.62 259.69 256.59 253.32 249.88 246.28 242.51 238.60 234.54 230.34 226.01 221.55 216.96 212.26 207.45 202.53 197.52 192.41 187.21 181.93 176.58 171.15 165.66 160.11 154.48 148.77 142.99 137.15 131.25 125.29 119.29 113.25 107.18 101.08 94.95 88.82 82.67
373.06 366.55 360.07 353.89 348.26 343.17 338.59 334.46 330.75 327.41 324.41 321.70 319.25 317.00 314.93 312.98 311.12 309.31 307.50 305.65 303.74 301.77 299.72 297.62 295.44 293.21 290.92 288.57 286.16 283.69 281.17 278.60 275.97 273.29 270.57 267.79 264.89 261.82 258.57 255.15 251.57 247.82 243.93 239.89 235.70 231.38 226.93 222.36 217.67 212.87 207.96 202.95 197.85 192.65 187.38 182.02 176.60 171.11 165.56 159.95 154.29 148.57 142.78 136.92 131.02 125.06 119.06 113.02 106.96 100.87 94.76 88.65 82.52
375.22 369.21 363.19 357.19 351.48 346.29 341.60 337.38 333.59 330.18 327.11 324.35 321.84 319.55 317.44 315.47 313.59 311.76 309.95 308.11 306.20 304.22 302.18 300.07 297.89 295.65 293.36 291.00 288.58 286.10 283.57 280.99 278.35 275.66 272.91 270.04 267.00 263.78 260.38 256.83 253.11 249.24 245.21 241.05 236.75 232.32 227.76 223.09 218.30 213.40 208.40 203.30 198.12 192.85 187.50 182.08 176.59 171.04 165.44 159.79 154.09 148.35 142.55 136.70 130.79 124.84 118.85 112.83 106.78 100.71 94.63 88.54 82.45
376.81 371.27 365.72 360.15 354.61 349.35 344.57 340.26 336.38 332.90 329.77 326.94 324.39 322.06 319.91 317.91 316.01 314.17 312.35 310.51 308.60 306.63 304.58 302.47 300.29 298.05 295.75 293.38 290.96 288.47 285.93 283.34 280.68 277.97 275.14 272.13 268.94 265.58 262.05 258.36 254.51 250.52 246.38 242.10 237.69 233.15 228.50 223.72 218.84 213.86 208.78 203.60 198.34 193.00 187.59 182.11 176.57 170.97 165.32 159.62 153.88 148.12 142.31 136.47 130.57 124.63 118.66 112.66 106.64 100.60 94.55 88.50 82.45
377.87 372.78 367.68 362.56 357.43 352.33 347.48 343.08 339.13 335.57 332.37 329.49 326.88 324.51 322.33 320.30 318.38 316.53 314.71 312.87 310.97 308.99 306.94 304.83 302.65 300.41 298.10 295.73 293.29 290.80 288.25 285.64 282.97 280.18 277.20 274.05 270.72 267.23 263.57 259.76 255.79 251.68 247.43 243.04 238.53 233.89 229.14 224.28 219.32 214.25 209.09 203.85 198.52 193.12 187.65 182.12 176.53 170.88 165.19 159.46 153.70 147.90 142.09 136.24 130.37 124.45 118.51 112.54 106.55 100.55 94.54 88.53 82.53
378.48 373.81 369.13 364.43 359.73 355.01 350.31 345.86 341.82 338.19 334.93 331.99 329.33 326.91 324.70 322.64 320.71 318.84 317.02 315.18 313.28 311.30 309.26 307.14 304.96 302.71 300.40 298.02 295.58 293.08 290.52 287.89 285.14 282.21 279.10 275.81 272.35 268.73 264.95 261.02 256.94 252.72 248.36 243.88 239.27 234.55 229.71 224.77 219.72 214.59 209.36 204.05 198.67 193.21 187.69 182.11 176.48 170.80 165.08 159.32 153.53 147.72 141.89 136.04 130.18 124.30 118.39 112.46 106.51 100.56 94.60 88.65 82.70
378.68 374.41 370.12 365.83 361.52 357.20 352.86 348.55 344.46 340.76 337.43 334.43 331.72 329.27 327.02 324.93 322.98 321.11 319.28 317.44 315.54 313.57 311.52 309.41 307.22 304.97 302.65 300.27 297.82 295.32 292.74 290.03 287.15 284.08 280.84 277.42 273.84 270.10 266.20 262.16 257.97 253.65 249.20 244.62 239.93 235.12 230.20 225.19 220.07 214.87 209.59 204.22 198.78 193.28 187.72 182.10 176.43 170.72 164.97 159.20 153.39 147.57 141.73 135.88 130.03 124.18 118.31 112.43 106.53 100.63 94.73 88.84 82.96
378.53 374.63 370.72 366.80 362.86 358.91 354.95 350.97 347.02 343.27 339.87 336.82 334.06 331.56 329.28 327.17 325.20 323.31 321.48 319.65 317.75 315.78 313.74 311.62 309.44 307.18 304.86 302.47 300.02 297.49 294.84 292.01 288.99 285.79 282.42 278.88 275.18 271.33 267.33 263.18 258.90 254.48 249.94 245.28 240.50 235.62 230.63 225.55 220.37 215.11 209.77 204.36 198.88 193.33 187.73 182.08 176.39 170.66 164.89 159.10 153.29 147.46 141.62 135.78 129.94 124.11 118.28 112.46 106.62 100.78 94.95 89.12 83.32
378.09 374.54 370.98 367.40 363.81 360.21 356.59 352.96 349.32 345.70 342.26 339.15 336.35 333.81 331.49 329.35 327.36 325.47 323.63 321.80 319.91 317.94 315.90 313.78 311.60 309.34 307.01 304.62 302.15 299.55 296.77 293.81 290.66 287.34 283.85 280.20 276.39 272.43 268.33 264.09 259.72 255.21 250.59 245.85 241.00 236.05 230.99 225.85 220.62 215.31 209.92 204.47 198.95 193.37 187.75 182.07 176.36 170.61 164.84 159.04 153.22 147.40 141.57 135.74 129.92 124.11 118.32 112.54 106.77 101.00 95.25 89.50 83.78
377.42 374.20 370.96 367.70 364.43 361.15 357.85 354.54 351.22 347.89 344.57 341.43 338.57 335.99 333.64 331.48 329.47 327.56 325.73 323.90 322.01 320.04 318.00 315.89 313.70 311.44 309.11 306.71 304.17 301.44 298.53 295.44 292.18 288.74 285.14 281.38 277.48 273.42 269.22 264.89 260.43 255.85 251.15 246.34 241.43 236.41 231.31 226.11 220.83 215.48 210.05 204.56 199.01 193.41 187.76 182.07 176.35 170.59 164.81 159.02 153.21 147.39 141.58 135.77 129.97 124.19 118.43 112.70 107.00 101.31 95.63 89.98 84.35
376.58 373.65 370.71 367.75 364.77 361.79 358.78 355.77 352.74 349.71 346.66 343.62 340.74 338.12 335.73 333.55 331.52 329.60 327.76 325.94 324.06 322.09 320.05 317.94 315.75 313.49 311.15 308.67 306.01 303.16 300.13 296.92 293.54 290.00 286.30 282.44 278.44 274.29 270.01 265.60 261.06 256.41 251.64 246.77 241.80 236.73 231.57 226.33 221.01 215.62 210.16 204.64 199.07 193.45 187.79 182.09 176.36 170.60 164.83 159.04 153.25 147.45 141.66 135.87 130.11 124.36 118.64 112.96 107.31 101.70 96.12 90.56 85.02
375.62 372.97 370.29 367.60 364.90 362.18 359.45 356.71 353.95 351.18 348.40 345.61 342.83 340.18 337.76 335.55 333.51 331.58 329.74 327.92 326.04 324.08 322.04 319.93 317.74 315.47 313.06 310.47 307.68 304.72 301.57 298.25 294.77 291.12 287.32 283.38 279.28 275.06 270.70 266.21 261.61 256.89 252.06 247.13 242.11 236.99 231.79 226.51 221.16 215.74 210.25 204.72 199.13 193.50 187.83 182.13 176.40 170.66 164.89 159.12 153.35 147.57 141.81 136.06 130.33 124.63 118.96 113.32 107.73 102.19 96.70 91.24 85.82
374.61 372.20 369.77 367.33 364.87 362.39 359.91 357.41 354.89 352.36 349.83 347.28 344.72 342.17 339.73 337.50 335.43 333.50 331.66 329.84 327.97 326.01 323.97 321.86 319.66 317.33 314.81 312.09 309.19 306.11 302.86 299.44 295.86 292.12 288.23 284.20 280.02 275.72 271.29 266.74 262.07 257.29 252.41 247.44 242.37 237.21 231.97 226.66 221.29 215.84 210.34 204.80 199.20 193.57 187.90 182.20 176.48 170.75 165.01 159.26 153.51 147.77 142.04 136.34 130.65 125.00 119.38 113.81 108.28 102.81 97.40 92.04 86.74
373.59 371.40 369.19 366.97 364.73 362.48 360.21 357.93 355.63 353.32 351.00 348.67 346.33 343.97 341.62 339.38 337.30 335.35 333.51 331.70 329.83 327.88 325.84 323.72 321.47 319.02 316.37 313.55 310.54 307.35 304.00 300.48 296.81 292.99 289.02 284.91 280.66 276.29 271.80 267.18 262.46 257.63 252.71 247.69 242.58 237.40 232.13 226.80 221.40 215.94 210.44 204.88 199.28 193.65 187.99 182.31 176.61 170.90 165.18 159.46 153.75 148.05 142.37 136.71 131.08 125.48 119.93 114.42 108.97 103.57 98.24 92.97 87.78
372.63 370.63 368.62 366.60 364.55 362.49 360.42 358.33 356.22 354.11 351.98 349.84 347.69 345.52 343.35 341.18 339.09 337.14 335.30 333.49 331.63 329.68 327.64 325.46 323.09 320.53 317.77 314.84 311.73 308.45 305.00 301.40 297.64 293.74 289.70 285.51 281.21 276.77 272.22 267.56 262.79 257.92 252.95 247.90 242.76 237.55 232.27 226.92 221.51 216.04 210.53 204.98 199.39 193.77 188.13 182.46 176.79 171.10 165.42 159.74 154.07 148.42 142.78 137.18 131.61 126.08 120.59 115.16 109.78 104.47 99.22 94.05 88.96
371.78 369.96 368.12 366.26 364.38 362.49 360.59 358.66 356.73 354.78 352.82 350.84 348.86 346.86 344.85 342.83 340.81 338.86 337.02 335.22 333.36 331.41 329.31 327.02 324.54 321.87 319.01 315.98 312.78 309.41 305.88 302.19 298.36 294.38 290.27 286.03 281.66 277.17 272.57 267.86 263.05 258.15 253.15 248.07 242.91 237.68 232.38 227.03 221.61 216.15 210.64 205.10 199.52 193.92 188.30 182.66 177.02 171.37 165.73 160.09 154.47 148.87 143.30 137.76 132.26 126.80 121.39 116.04 110.75 105.52 100.37 95.30 90.31
371.10 369.42 367.73 366.02 364.29 362.54 360.78 359.00 357.20 355.40 353.57 351.74 349.89 348.04 346.17 344.29 342.40 340.51 338.67 336.87 335.01 333.01 330.81 328.41 325.82 323.05 320.10 316.97 313.68 310.23 306.62 302.86 298.96 294.92 290.75 286.45 282.03 277.50 272.85 268.11 263.27 258.33 253.31 248.21 243.04 237.80 232.49 227.13 221.72 216.27 210.77 205.25 199.69 194.11 188.52 182.92 177.32 171.71 166.12 160.53 154.97 149.43 143.93 138.46 133.03 127.65 122.32 117.06 111.86 106.73 101.69 96.72 91.84
370.65 369.10 367.52 365.93 364.32 362.69 361.04 359.38 357.70 356.01 354.31 352.59 350.86 349.12 347.36 345.60 343.82 342.03 340.25 338.45 336.54 334.43 332.12 329.62 326.94 324.07 321.03 317.82 314.45 310.93 307.25 303.42 299.46 295.36 291.14 286.79 282.33 277.75 273.08 268.30 263.43 258.48 253.44 248.33 243.15 237.90 232.60 227.25 221.85 216.40 210.93 205.43 199.90 194.36 188.80 183.24 177.68 172.13 166.59 161.07 155.57 150.10 144.66 139.27 133.93 128.63 123.40 118.23 113.13 108.11 103.17 98.32 93.56
370.42 368.97 367.49 365.99 364.48 362.95 361.40 359.84 358.26 356.66 355.05 353.43 351.79 350.14 348.48 346.81 345.13 343.43 341.73 339.94 337.93 335.72 333.31 330.71 327.94 324.99 321.86 318.58 315.13 311.54 307.79 303.91 299.89 295.75 291.47 287.09 282.59 277.98 273.28 268.48 263.59 258.62 253.57 248.46 243.27 238.03 232.74 227.40 222.01 216.59 211.15 205.67 200.18 194.68 189.17 183.65 178.15 172.65 167.17 161.72 156.29 150.90 145.54 140.23 134.98 129.78 124.64 119.58 114.59 109.67 104.85 100.12 95.49
370.21 368.85 367.47 366.06 364.64 363.21 361.75 360.28 358.79 357.29 355.77 354.24 352.69 351.13 349.56 347.97 346.38 344.77 343.12 341.36 339.31 337.01 334.51 331.82 328.96 325.93 322.73 319.37 315.86 312.20 308.40 304.46 300.39 296.20 291.89 287.46 282.93 278.30 273.57 268.75 263.85 258.87 253.82 248.70 243.53 238.29 233.01 227.69 222.33 216.93 211.52 206.08 200.63 195.17 189.71 184.25 178.80 173.37 167.96 162.57 157.22 151.91 146.64 141.42 136.26 131.16 126.12 121.17 116.29 111.49 106.79 102.18 97.68
369.94 368.68 367.39 366.08 364.76 363.41 362.05 360.67 359.28 357.86 356.44 354.99 353.54 352.07 350.58 349.09 347.58 346.03 344.42 342.69 340.67 338.34 335.75 332.98 330.04 326.93 323.66 320.23 316.66 312.94 309.08 305.10 300.98 296.75 292.40 287.95 283.39 278.73 273.99 269.16 264.25 259.26 254.21 249.10 243.93 238.71 233.45 228.14 222.81 217.45 212.07 206.67 201.26 195.85 190.45 185.05 179.66 174.30 168.96 163.65 158.38 153.15 147.97 142.85 137.78 132.78 127.86 123.01 118.25 113.58 109.00 104.53 100.16
369.63 368.46 367.27 366.06 364.82 363.57 362.30 361.02 359.71 358.39 357.06 355.71 354.34 352.96 351.57 350.16 348.71 347.20 345.62 343.92 341.94 339.64 337.04 334.19 331.17 327.99 324.65 321.16 317.53 313.76 309.85 305.82 301.67 297.40 293.02 288.54 283.96 279.28 274.52 269.68 264.77 259.79 254.74 249.63 244.48 239.28 234.04 228.76 223.46 218.13 212.79 207.44 202.08 196.73 191.38 186.04 180.72 175.43 170.17 164.94 159.75 154.62 149.53 144.51 139.55 134.66 129.85 125.12 120.47 115.93 111.48 107.14 102.91
369.26 368.19 367.09 365.98 364.84 363.68 362.51 361.31 360.10 358.88 357.63 356.37 355.10 353.81 352.50 351.15 349.75 348.27 346.72 345.05 343.11 340.86 338.29 335.44 332.36 329.11 325.71 322.16 318.47 314.65 310.70 306.63 302.44 298.14 293.73 289.23 284.63 279.94 275.18 270.33 265.42 260.44 255.40 250.31 245.17 239.99 234.78 229.54 224.27 218.99 213.69 208.39 203.08 197.79 192.50 187.23 181.99 176.77 171.59 166.44 161.35 156.31 151.32 146.40 141.55 136.77 132.08 127.47 122.95 118.54 114.22 110.02 105.91
