data_processed/recharge/precip/Precip_2008_01.asc
ncols        168
nrows        136
xllcorner    455000
yllcorner    2107000
cellsize     500
NODATA_value     -99999
[rows 0 to 37 of 136, columns 84 to 167 of 168]
0.21 0.21 0.20 0.20 0.20 0.19 0.19 0.18 0.18 0.18 0.17 0.17 0.17 0.17 0.17 0.16 0.16 0.16 0.16 0.16 0.17 0.17 0.17 0.17 0.17 0.18 0.18 0.19 0.19 0.20 0.21 0.21 0.22 0.23 0.23 0.24 0.24 0.25 0.25 0.26 0.28 0.34 0.42 0.52 0.65 0.80 0.98 1.17 1.38 1.61 1.85 2.09 2.33 2.57 2.81 3.05 3.29 3.51 3.74 3.95 4.16 4.36 4.55 4.73 4.89 5.04 5.18 5.30 5.41 5.50 5.57 5.61 5.64 5.65 5.63 5.59 5.53 5.44 5.32 5.17 4.99 4.79 4.55 4.29
0.20 0.19 0.19 0.18 0.18 0.18 0.17 0.17 0.17 0.16 0.16 0.16 0.16 0.16 0.16 0.16 0.16 0.16 0.16 0.16 0.16 0.17 0.17 0.17 0.18 0.18 0.19 0.20 0.20 0.21 0.22 0.22 0.23 0.24 0.24 0.25 0.26 0.26 0.27 0.28 0.30 0.35 0.43 0.54 0.66 0.81 0.98 1.17 1.38 1.60 1.84 2.08 2.33 2.57 2.82 3.06 3.29 3.52 3.74 3.96 4.17 4.37 4.55 4.73 4.89 5.04 5.17 5.29 5.39 5.48 5.54 5.58 5.60 5.60 5.58 5.53 5.45 5.35 5.22 5.07 4.88 4.66 4.42 4.17
0.18 0.18 0.17 0.17 0.17 0.16 0.16 0.16 0.16 0.15 0.15 0.15 0.15 0.15 0.15 0.15 0.15 0.15 0.16 0.16 0.16 0.17 0.17 0.18 0.18 0.19 0.20 0.20 0.21 0.22 0.23 0.24 0.24 0.25 0.26 0.27 0.27 0.28 0.29 0.29 0.32 0.37 0.45 0.55 0.68 0.82 0.99 1.17 1.37 1.59 1.82 2.06 2.31 2.56 2.80 3.04 3.28 3.51 3.73 3.95 4.16 4.35 4.54 4.71 4.87 5.01 5.14 5.26 5.35 5.43 5.48 5.52 5.53 5.52 5.49 5.43 5.35 5.24 5.10 4.93 4.73 4.51 4.28 4.05
0.16 0.16 0.16 0.15 0.15 0.15 0.15 0.14 0.14 0.14 0.14 0.14 0.14 0.14 0.14 0.15 0.15 0.15 0.15 0.16 0.16 0.17 0.17 0.18 0.19 0.19 0.20 0.21 0.22 0.23 0.24 0.25 0.26 0.26 0.27 0.28 0.29 0.30 0.30 0.31 0.34 0.39 0.46 0.56 0.69 0.83 0.99 1.17 1.37 1.58 1.80 2.04 2.28 2.53 2.77 3.02 3.25 3.48 3.71 3.92 4.12 4.32 4.50 4.67 4.82 4.96 5.09 5.20 5.28 5.35 5.40 5.43 5.44 5.42 5.38 5.31 5.21 5.09 4.94 4.76 4.55 4.34 4.14 3.93
0.15 0.15 0.14 0.14 0.14 0.14 0.13 0.13 0.13 0.13 0.13 0.13 0.13 0.13 0.14 0.14 0.14 0.15 0.15 0.16 0.16 0.17 0.18 0.18 0.19 0.20 0.21 0.22 0.23 0.24 0.25 0.26 0.27 0.28 0.29 0.29 0.30 0.31 0.32 0.33 0.35 0.40 0.48 0.58 0.70 0.84 1.00 1.17 1.37 1.57 1.79 2.01 2.25 2.49 2.74 2.98 3.21 3.44 3.66 3.88 4.08 4.27 4.45 4.61 4.76 4.90 5.01 5.11 5.20 5.26 5.30 5.32 5.31 5.28 5.23 5.15 5.05 4.91 4.75 4.56 4.37 4.18 3.99 3.81
0.13 0.13 0.13 0.13 0.12 0.12 0.12 0.12 0.12 0.12 0.12 0.12 0.13 0.13 0.13 0.13 0.14 0.14 0.15 0.16 0.16 0.17 0.18 0.19 0.20 0.21 0.22 0.23 0.24 0.25 0.26 0.27 0.28 0.29 0.30 0.31 0.32 0.33 0.34 0.35 0.37 0.42 0.50 0.59 0.71 0.85 1.00 1.17 1.36 1.56 1.77 1.99 2.22 2.45 2.69 2.93 3.16 3.39 3.61 3.82 4.02 4.20 4.38 4.53 4.68 4.81 4.92 5.01 5.08 5.14 5.17 5.18 5.16 5.13 5.06 4.97 4.85 4.70 4.53 4.36 4.19 4.02 3.85 3.68
0.12 0.12 0.11 0.11 0.11 0.11 0.11 0.11 0.11 0.11 0.11 0.12 0.12 0.12 0.13 0.13 0.14 0.14 0.15 0.16 0.16 0.17 0.18 0.19 0.20 0.21 0.23 0.24 0.25 0.26 0.27 0.28 0.29 0.30 0.31 0.32 0.33 0.34 0.35 0.36 0.39 0.44 0.51 0.61 0.72 0.86 1.01 1.17 1.36 1.55 1.75 1.96 2.18 2.41 2.64 2.87 3.10 3.33 3.54 3.75 3.94 4.12 4.29 4.44 4.58 4.70 4.80 4.89 4.95 5.00 5.02 5.02 4.99 4.94 4.87 4.76 4.63 4.48 4.32 4.16 4.01 3.85 3.70 3.55
0.10 0.10 0.10 0.10 0.10 0.10 0.10 0.10 0.10 0.10 0.10 0.11 0.11 0.12 0.12 0.13 0.13 0.14 0.15 0.16 0.17 0.18 0.19 0.20 0.21 0.22 0.23 0.24 0.26 0.27 0.28 0.29 0.30 0.32 0.33 0.34 0.35 0.36 0.37 0.38 0.40 0.45 0.53 0.62 0.73 0.86 1.01 1.17 1.35 1.54 1.73 1.94 2.15 2.37 2.59 2.81 3.03 3.25 3.46 3.66 3.85 4.03 4.19 4.34 4.47 4.58 4.67 4.75 4.80 4.84 4.85 4.84 4.80 4.74 4.65 4.53 4.39 4.25 4.11 3.97 3.82 3.69 3.55 3.41
0.09 0.09 0.08 0.08 0.08 0.08 0.09 0.09 0.09 0.09 0.10 0.10 0.10 0.11 0.12 0.12 0.13 0.14 0.15 0.16 0.17 0.18 0.19 0.20 0.22 0.23 0.24 0.25 0.27 0.28 0.29 0.30 0.32 0.33 0.34 0.35 0.36 0.37 0.38 0.40 0.42 0.47 0.54 0.63 0.74 0.87 1.02 1.17 1.34 1.52 1.72 1.91 2.12 2.33 2.54 2.75 2.96 3.17 3.38 3.57 3.75 3.92 4.08 4.22 4.34 4.44 4.53 4.59 4.64 4.66 4.66 4.64 4.59 4.51 4.41 4.28 4.16 4.03 3.90 3.77 3.64 3.52 3.40 3.28
0.07 0.07 0.07 0.07 0.07 0.07 0.07 0.08 0.08 0.08 0.09 0.09 0.10 0.11 0.11 0.12 0.13 0.14 0.15 0.16 0.17 0.18 0.20 0.21 0.22 0.24 0.25 0.26 0.28 0.29 0.30 0.31 0.33 0.34 0.35 0.37 0.38 0.39 0.40 0.41 0.44 0.49 0.56 0.65 0.75 0.88 1.02 1.17 1.34 1.51 1.70 1.89 2.08 2.28 2.49 2.69 2.89 3.09 3.29 3.47 3.65 3.81 3.95 4.08 4.20 4.29 4.37 4.42 4.46 4.47 4.45 4.42 4.35 4.26 4.15 4.04 3.92 3.81 3.69 3.58 3.47 3.36 3.25 3.14
0.06 0.06 0.06 0.06 0.06 0.06 0.06 0.07 0.07 0.08 0.08 0.09 0.09 0.10 0.11 0.12 0.13 0.14 0.15 0.16 0.17 0.19 0.20 0.21 0.23 0.24 0.26 0.27 0.28 0.30 0.31 0.33 0.34 0.35 0.37 0.38 0.39 0.40 0.42 0.43 0.45 0.50 0.57 0.66 0.76 0.89 1.02 1.17 1.33 1.50 1.68 1.86 2.05 2.24 2.43 2.63 2.82 3.01 3.19 3.37 3.53 3.68 3.82 3.94 4.05 4.13 4.19 4.24 4.26 4.26 4.23 4.18 4.10 4.01 3.90 3.80 3.70 3.59 3.49 3.39 3.29 3.19 3.10 3.00
0.04 0.04 0.04 0.04 0.05 0.05 0.05 0.06 0.06 0.07 0.07 0.08 0.09 0.10 0.11 0.12 0.13 0.14 0.15 0.16 0.18 0.19 0.21 0.22 0.23 0.25 0.26 0.28 0.29 0.31 0.32 0.34 0.35 0.37 0.38 0.39 0.41 0.42 0.43 0.44 0.47 0.52 0.58 0.67 0.77 0.89 1.02 1.17 1.32 1.49 1.66 1.83 2.01 2.20 2.38 2.56 2.75 2.92 3.09 3.26 3.41 3.55 3.68 3.79 3.88 3.96 4.01 4.04 4.05 4.03 3.99 3.93 3.84 3.75 3.66 3.57 3.48 3.38 3.29 3.20 3.12 3.03 2.95 2.87
0.03 0.03 0.03 0.03 0.03 0.04 0.04 0.05 0.05 0.06 0.07 0.07 0.08 0.09 0.10 0.11 0.13 0.14 0.15 0.17 0.18 0.20 0.21 0.23 0.24 0.26 0.27 0.29 0.30 0.32 0.33 0.35 0.36 0.38 0.39 0.41 0.42 0.43 0.44 0.46 0.48 0.53 0.60 0.68 0.78 0.90 1.03 1.17 1.31 1.47 1.64 1.81 1.98 2.15 2.33 2.50 2.67 2.84 3.00 3.15 3.29 3.42 3.54 3.63 3.71 3.78 3.82 3.83 3.83 3.80 3.74 3.67 3.59 3.51 3.43 3.35 3.26 3.18 3.10 3.02 2.95 2.87 2.80 2.73
0.01 0.02 0.02 0.02 0.02 0.03 0.03 0.04 0.04 0.05 0.06 0.07 0.08 0.09 0.10 0.11 0.13 0.14 0.15 0.17 0.18 0.20 0.21 0.23 0.25 0.26 0.28 0.29 0.31 0.33 0.34 0.36 0.37 0.39 0.40 0.42 0.43 0.45 0.46 0.47 0.50 0.55 0.61 0.69 0.79 0.90 1.03 1.16 1.31 1.46 1.62 1.78 1.94 2.11 2.27 2.44 2.60 2.75 2.90 3.04 3.16 3.28 3.38 3.47 3.54 3.59 3.61 3.62 3.60 3.55 3.49 3.42 3.35 3.28 3.20 3.13 3.06 2.99 2.92 2.85 2.78 2.71 2.65 2.59
0.00 0.00 0.00 0.01 0.01 0.02 0.02 0.03 0.04 0.04 0.05 0.06 0.07 0.09 0.10 0.11 0.13 0.14 0.16 0.17 0.19 0.20 0.22 0.24 0.25 0.27 0.29 0.30 0.32 0.34 0.35 0.37 0.38 0.40 0.42 0.43 0.45 0.46 0.47 0.49 0.51 0.56 0.62 0.70 0.80 0.91 1.03 1.16 1.30 1.44 1.59 1.75 1.91 2.06 2.22 2.37 2.52 2.66 2.80 2.92 3.04 3.14 3.23 3.30 3.36 3.39 3.40 3.39 3.36 3.30 3.24 3.18 3.12 3.05 2.99 2.93 2.86 2.80 2.74 2.67 2.62 2.56 2.51 2.46
0.00 0.00 0.00 0.00 0.00 0.01 0.01 0.02 0.03 0.04 0.05 0.06 0.07 0.08 0.10 0.11 0.13 0.14 0.16 0.17 0.19 0.21 0.22 0.24 0.26 0.28 0.29 0.31 0.33 0.34 0.36 0.38 0.39 0.41 0.43 0.44 0.46 0.47 0.49 0.50 0.53 0.57 0.63 0.71 0.81 0.91 1.03 1.15 1.29 1.43 1.57 1.72 1.87 2.02 2.16 2.31 2.44 2.58 2.70 2.81 2.91 3.00 3.08 3.13 3.17 3.19 3.19 3.16 3.12 3.07 3.01 2.96 2.90 2.84 2.79 2.73 2.67 2.62 2.56 2.51 2.46 2.41 2.36 2.32
0.00 0.00 0.00 0.00 0.00 0.00 0.00 0.01 0.02 0.03 0.04 0.05 0.07 0.08 0.10 0.11 0.13 0.14 0.16 0.18 0.19 0.21 0.23 0.25 0.26 0.28 0.30 0.32 0.33 0.35 0.37 0.39 0.40 0.42 0.44 0.45 0.47 0.48 0.50 0.51 0.54 0.58 0.65 0.72 0.81 0.91 1.03 1.15 1.28 1.41 1.55 1.69 1.83 1.97 2.11 2.24 2.37 2.49 2.60 2.70 2.79 2.86 2.92 2.96 2.99 2.99 2.97 2.93 2.89 2.84 2.80 2.75 2.70 2.64 2.59 2.54 2.49 2.44 2.39 2.35 2.30 2.26 2.22 2.19
0.00 0.00 0.00 0.00 0.00 0.00 0.00 0.00 0.01 0.02 0.04 0.05 0.06 0.08 0.09 0.11 0.13 0.14 0.16 0.18 0.20 0.21 0.23 0.25 0.27 0.29 0.31 0.32 0.34 0.36 0.38 0.40 0.41 0.43 0.45 0.46 0.48 0.50 0.51 0.53 0.55 0.60 0.66 0.73 0.82 0.92 1.03 1.14 1.26 1.39 1.52 1.66 1.79 1.92 2.05 2.17 2.29 2.40 2.50 2.58 2.66 2.72 2.76 2.79 2.80 2.78 2.75 2.72 2.68 2.64 2.59 2.55 2.50 2.46 2.41 2.37 2.32 2.28 2.23 2.19 2.16 2.12 2.09 2.06
0.00 0.00 0.00 0.00 0.00 0.00 0.00 0.00 0.01 0.02 0.03 0.05 0.06 0.08 0.09 0.11 0.13 0.14 0.16 0.18 0.20 0.22 0.23 0.25 0.27 0.29 0.31 0.33 0.35 0.37 0.39 0.40 0.42 0.44 0.46 0.48 0.49 0.51 0.52 0.54 0.56 0.61 0.67 0.74 0.82 0.92 1.02 1.13 1.25 1.37 1.50 1.62 1.75 1.87 1.99 2.10 2.21 2.31 2.39 2.47 2.53 2.58 2.61 2.62 2.61 2.58 2.55 2.52 2.49 2.45 2.41 2.37 2.33 2.28 2.24 2.20 2.16 2.12 2.08 2.05 2.01 1.98 1.96 1.93
0.00 0.00 0.00 0.00 0.00 0.00 0.00 0.00 0.00 0.01 0.03 0.04 0.06 0.07 0.09 0.11 0.12 0.14 0.16 0.18 0.20 0.22 0.24 0.26 0.28 0.30 0.32 0.34 0.36 0.38 0.39 0.41 0.43 0.45 0.47 0.49 0.50 0.52 0.53 0.55 0.58 0.62 0.68 0.75 0.83 0.92 1.02 1.13 1.24 1.36 1.47 1.59 1.71 1.82 1.93 2.03 2.13 2.22 2.29 2.35 2.40 2.43 2.45 2.44 2.43 2.40 2.37 2.34 2.31 2.27 2.24 2.20 2.16 2.12 2.08 2.05 2.01 1.97 1.94 1.91 1.88 1.85 1.83 1.81
0.00 0.00 0.00 0.00 0.00 0.00 0.00 0.00 0.00 0.01 0.02 0.04 0.05 0.07 0.09 0.11 0.12 0.14 0.16 0.18 0.20 0.22 0.24 0.26 0.28 0.30 0.32 0.34 0.36 0.38 0.40 0.42 0.44 0.46 0.48 0.49 0.51 0.53 0.54 0.56 0.59 0.63 0.68 0.75 0.83 0.92 1.02 1.12 1.23 1.34 1.45 1.56 1.67 1.77 1.87 1.96 2.05 2.12 2.19 2.24 2.27 2.29 2.29 2.27 2.25 2.23 2.21 2.18 2.15 2.12 2.08 2.05 2.01 1.98 1.94 1.90 1.87 1.84 1.80 1.77 1.75 1.73 1.71 1.69
0.00 0.00 0.00 0.00 0.00 0.00 0.00 0.00 0.00 0.00 0.02 0.03 0.05 0.07 0.09 0.10 0.12 0.14 0.16 0.18 0.20 0.22 0.24 0.26 0.28 0.31 0.33 0.35 0.37 0.39 0.41 0.43 0.45 0.47 0.48 0.50 0.52 0.54 0.55 0.57 0.60 0.64 0.69 0.76 0.83 0.92 1.01 1.11 1.21 1.31 1.42 1.52 1.62 1.72 1.81 1.89 1.97 2.03 2.08 2.12 2.14 2.14 2.13 2.12 2.10 2.08 2.06 2.04 2.01 1.98 1.95 1.91 1.88 1.84 1.81 1.77 1.74 1.71 1.68 1.65 1.63 1.61 1.59 1.57
0.00 0.00 0.00 0.00 0.00 0.00 0.00 0.00 0.00 0.00 0.01 0.03 0.05 0.07 0.08 0.10 0.12 0.14 0.16 0.18 0.20 0.22 0.25 0.27 0.29 0.31 0.33 0.35 0.37 0.39 0.41 0.43 0.45 0.47 0.49 0.51 0.53 0.55 0.56 0.58 0.61 0.65 0.70 0.76 0.84 0.92 1.01 1.10 1.20 1.29 1.39 1.49 1.58 1.67 1.75 1.82 1.88 1.93 1.97 2.00 2.01 2.00 1.99 1.98 1.96 1.95 1.93 1.91 1.88 1.86 1.83 1.79 1.76 1.72 1.69 1.65 1.62 1.59 1.56 1.54 1.51 1.49 1.48 1.46
0.00 0.00 0.00 0.00 0.00 0.00 0.00 0.00 0.00 0.00 0.01 0.03 0.04 0.06 0.08 0.10 0.12 0.14 0.16 0.18 0.20 0.23 0.25 0.27 0.29 0.31 0.33 0.36 0.38 0.40 0.42 0.44 0.46 0.48 0.50 0.52 0.54 0.55 0.57 0.59 0.61 0.65 0.71 0.77 0.84 0.92 1.00 1.09 1.18 1.27 1.36 1.45 1.53 1.61 1.68 1.75 1.80 1.84 1.87 1.88 1.88 1.87 1.86 1.85 1.84 1.83 1.81 1.79 1.77 1.75 1.72 1.69 1.66 1.62 1.58 1.55 1.52 1.48 1.46 1.43 1.41 1.39 1.37 1.36
0.00 0.00 0.00 0.00 0.00 0.00 0.00 0.00 0.00 0.00 0.01 0.02 0.04 0.06 0.08 0.10 0.12 0.14 0.16 0.18 0.20 0.23 0.25 0.27 0.29 0.32 0.34 0.36 0.38 0.40 0.42 0.44 0.47 0.49 0.51 0.52 0.54 0.56 0.58 0.60 0.62 0.66 0.71 0.77 0.84 0.91 0.99 1.08 1.16 1.25 1.33 1.41 1.49 1.56 1.62 1.67 1.71 1.74 1.76 1.76 1.76 1.75 1.75 1.74 1.73 1.72 1.71 1.69 1.67 1.65 1.62 1.60 1.57 1.53 1.49 1.46 1.42 1.39 1.36 1.33 1.31 1.29 1.27 1.26
0.00 0.00 0.00 0.00 0.00 0.00 0.00 0.00 0.00 0.00 0.00 0.02 0.04 0.06 0.08 0.10 0.12 0.14 0.16 0.18 0.20 0.23 0.25 0.27 0.29 0.32 0.34 0.36 0.38 0.41 0.43 0.45 0.47 0.49 0.51 0.53 0.55 0.57 0.59 0.60 0.63 0.67 0.71 0.77 0.84 0.91 0.98 1.06 1.14 1.22 1.30 1.37 1.44 1.50 1.55 1.60 1.63 1.64 1.65 1.65 1.65 1.65 1.65 1.64 1.64 1.63 1.62 1.60 1.58 1.56 1.54 1.52 1.49 1.45 1.42 1.38 1.34 1.31 1.28 1.25 1.22 1.20 1.18 1.16
0.00 0.00 0.00 0.00 0.00 0.00 0.00 0.00 0.00 0.00 0.00 0.01 0.03 0.05 0.07 0.09 0.11 0.14 0.16 0.18 0.20 0.23 0.25 0.27 0.30 0.32 0.34 0.36 0.39 0.41 0.43 0.45 0.47 0.50 0.52 0.54 0.55 0.57 0.59 0.61 0.63 0.67 0.72 0.77 0.84 0.90 0.98 1.05 1.12 1.20 1.27 1.33 1.39 1.44 1.49 1.52 1.54 1.55 1.55 1.56 1.56 1.56 1.56 1.56 1.55 1.55 1.54 1.52 1.51 1.49 1.47 1.45 1.42 1.39 1.35 1.32 1.28 1.24 1.20 1.17 1.14 1.11 1.09 1.08
0.00 0.00 0.00 0.00 0.00 0.00 0.00 0.00 0.00 0.00 0.00 0.01 0.03 0.05 0.07 0.09 0.11 0.13 0.16 0.18 0.20 0.23 0.25 0.27 0.30 0.32 0.34 0.37 0.39 0.41 0.43 0.46 0.48 0.50 0.52 0.54 0.56 0.58 0.60 0.61 0.64 0.67 0.72 0.77 0.83 0.90 0.96 1.03 1.10 1.17 1.23 1.29 1.34 1.38 1.42 1.44 1.45 1.46 1.47 1.48 1.48 1.48 1.48 1.48 1.48 1.47 1.47 1.46 1.44 1.43 1.41 1.38 1.36 1.33 1.30 1.26 1.22 1.18 1.14 1.10 1.07 1.04 1.02 1.00
0.00 0.00 0.00 0.00 0.00 0.00 0.00 0.00 0.00 0.00 0.00 0.01 0.03 0.05 0.07 0.09 0.11 0.13 0.15 0.18 0.20 0.22 0.25 0.27 0.30 0.32 0.34 0.37 0.39 0.41 0.44 0.46 0.48 0.50 0.52 0.54 0.56 0.58 0.60 0.62 0.64 0.68 0.72 0.77 0.83 0.89 0.95 1.02 1.08 1.14 1.20 1.25 1.29 1.32 1.35 1.36 1.38 1.39 1.40 1.40 1.41 1.41 1.42 1.42 1.42 1.41 1.41 1.40 1.39 1.37 1.35 1.33 1.31 1.28 1.25 1.22 1.18 1.14 1.09 1.05 1.01 0.98 0.95 0.92
0.00 0.00 0.00 0.00 0.00 0.00 0.00 0.00 0.00 0.00 0.00 0.00 0.02 0.04 0.06 0.08 0.11 0.13 0.15 0.17 0.20 0.22 0.25 0.27 0.29 0.32 0.34 0.37 0.39 0.41 0.44 0.46 0.48 0.50 0.52 0.54 0.56 0.58 0.60 0.62 0.65 0.68 0.72 0.77 0.82 0.88 0.94 1.00 1.06 1.11 1.16 1.20 1.24 1.26 1.28 1.30 1.31 1.32 1.33 1.34 1.35 1.36 1.36 1.36 1.36 1.36 1.35 1.35 1.34 1.32 1.31 1.29 1.27 1.24 1.21 1.18 1.14 1.10 1.05 1.01 0.96 0.92 0.89 0.86
0.00 0.00 0.00 0.00 0.00 0.00 0.00 0.00 0.00 0.00 0.00 0.00 0.02 0.04 0.06 0.08 0.10 0.13 0.15 0.17 0.20 0.22 0.24 0.27 0.29 0.32 0.34 0.37 0.39 0.41 0.44 0.46 0.48 0.50 0.52 0.55 0.57 0.59 0.60 0.62 0.65 0.68 0.72 0.77 0.82 0.87 0.93 0.98 1.03 1.08 1.12 1.16 1.18 1.20 1.22 1.24 1.25 1.27 1.28 1.29 1.30 1.30 1.31 1.31 1.31 1.31 1.31 1.30 1.29 1.28 1.27 1.25 1.23 1.20 1.18 1.14 1.11 1.07 1.02 0.98 0.93 0.88 0.84 0.80
0.00 0.00 0.00 0.00 0.00 0.00 0.00 0.00 0.00 0.00 0.00 0.00 0.01 0.03 0.05 0.08 0.10 0.12 0.15 0.17 0.19 0.22 0.24 0.27 0.29 0.31 0.34 0.36 0.39 0.41 0.44 0.46 0.48 0.50 0.52 0.55 0.57 0.59 0.61 0.62 0.65 0.68 0.72 0.76 0.81 0.86 0.91 0.96 1.01 1.05 1.08 1.11 1.13 1.15 1.17 1.19 1.20 1.22 1.23 1.24 1.25 1.26 1.27 1.27 1.27 1.27 1.27 1.27 1.26 1.25 1.23 1.22 1.20 1.17 1.15 1.11 1.08 1.04 1.00 0.95 0.90 0.85 0.80 0.75
0.00 0.00 0.00 0.00 0.00 0.00 0.00 0.00 0.00 0.00 0.00 0.00 0.01 0.03 0.05 0.07 0.09 0.12 0.14 0.17 0.19 0.21 0.24 0.26 0.29 0.31 0.34 0.36 0.39 0.41 0.43 0.46 0.48 0.50 0.52 0.55 0.57 0.59 0.60 0.62 0.65 0.68 0.72 0.76 0.80 0.85 0.89 0.94 0.98 1.01 1.04 1.07 1.09 1.11 1.13 1.14 1.16 1.18 1.19 1.20 1.21 1.22 1.23 1.24 1.24 1.24 1.24 1.23 1.23 1.22 1.20 1.19 1.17 1.15 1.12 1.09 1.06 1.02 0.98 0.93 0.88 0.82 0.77 0.71
0.00 0.00 0.00 0.00 0.00 0.00 0.00 0.00 0.00 0.00 0.00 0.00 0.00 0.02 0.04 0.07 0.09 0.11 0.14 0.16 0.19 0.21 0.23 0.26 0.28 0.31 0.33 0.36 0.38 0.41 0.43 0.45 0.48 0.50 0.52 0.54 0.56 0.58 0.60 0.62 0.65 0.68 0.71 0.75 0.79 0.84 0.88 0.92 0.95 0.98 1.00 1.03 1.05 1.07 1.09 1.11 1.12 1.14 1.16 1.17 1.18 1.19 1.20 1.21 1.21 1.21 1.21 1.21 1.20 1.19 1.18 1.16 1.14 1.12 1.10 1.07 1.03 1.00 0.96 0.91 0.86 0.81 0.75 0.69
0.00 0.00 0.00 0.00 0.00 0.00 0.00 0.00 0.00 0.00 0.00 0.00 0.00 0.02 0.04 0.06 0.09 0.11 0.13 0.16 0.18 0.21 0.23 0.25 0.28 0.30 0.33 0.35 0.38 0.40 0.43 0.45 0.47 0.50 0.52 0.54 0.56 0.58 0.60 0.62 0.64 0.67 0.71 0.74 0.78 0.82 0.86 0.89 0.92 0.95 0.97 0.99 1.01 1.04 1.06 1.08 1.09 1.11 1.13 1.14 1.15 1.16 1.17 1.18 1.18 1.19 1.19 1.18 1.18 1.17 1.16 1.14 1.12 1.10 1.08 1.05 1.01 0.98 0.94 0.89 0.84 0.79 0.73 0.66
0.00 0.00 0.00 0.00 0.00 0.00 0.00 0.00 0.00 0.00 0.00 0.00 0.00 0.01 0.03 0.06 0.08 0.10 0.13 0.15 0.18 0.20 0.22 0.25 0.27 0.30 0.32 0.35 0.37 0.40 0.42 0.45 0.47 0.49 0.51 0.54 0.56 0.58 0.60 0.62 0.64 0.67 0.70 0.73 0.77 0.80 0.84 0.87 0.89 0.92 0.94 0.96 0.99 1.01 1.03 1.05 1.07 1.08 1.10 1.12 1.13 1.14 1.15 1.16 1.16 1.16 1.16 1.16 1.15 1.15 1.13 1.12 1.10 1.08 1.06 1.03 0.99 0.96 0.92 0.87 0.82 0.77 0.71 0.65
0.00 0.00 0.00 0.00 0.00 0.00 0.00 0.00 0.00 0.00 0.00 0.00 0.00 0.01 0.03 0.05 0.07 0.10 0.12 0.15 0.17 0.19 0.22 0.24 0.27 0.29 0.32 0.34 0.37 0.39 0.42 0.44 0.46 0.49 0.51 0.53 0.55 0.57 0.59 0.61 0.63 0.66 0.69 0.72 0.76 0.79 0.82 0.84 0.87 0.89 0.91 0.94 0.96 0.98 1.00 1.02 1.04 1.06 1.08 1.09 1.11 1.12 1.13 1.13 1.14 1.14 1.14 1.14 1.13 1.12 1.11 1.10 1.08 1.06 1.04 1.01 0.97 0.94 0.90 0.85 0.80 0.75 0.69 0.63
0.00 0.00 0.00 0.00 0.00 0.00 0.00 0.00 0.00 0.00 0.00 0.00 0.00 0.00 0.02 0.04 0.07 0.09 0.12 0.14 0.16 0.19 0.21 0.24 0.26 0.29 0.31 0.34 0.36 0.39 0.41 0.43 0.46 0.48 0.50 0.52 0.54 0.57 0.58 0.60 0.63 0.65 0.68 0.71 0.74 0.77 0.79 0.82 0.84 0.87 0.89 0.92 0.94 0.96 0.98 1.00 1.02 1.04 1.06 1.07 1.08 1.10 1.10 1.11 1.12 1.12 1.12 1.12 1.11 1.10 1.09 1.08 1.06 1.04 1.01 0.98 0.95 0.92 0.88 0.83 0.78 0.73 0.67 0.60
