data_processed/recharge/precip/Precip_1996_05.asc
ncols        168
nrows        136
xllcorner    455000
yllcorner    2107000
cellsize     500
NODATA_value     -99999
[rows 102 to 135 of 136, columns 77 to 153 of 168]
23.14 23.21 23.33 23.52 23.76 24.06 24.40 24.78 25.21 25.67 26.16 26.68 27.22 27.78 28.36 28.94 29.54 30.13 30.72 31.31 31.84 32.28 32.64 32.97 33.29 33.58 33.85 34.10 34.34 34.56 34.78 34.99 35.20 35.41 35.62 35.84 36.07 36.32 36.58 36.85 37.15 37.48 37.83 38.22 38.63 39.04 39.33 39.47 39.59 39.69 39.70 39.59 39.38 39.07 38.67 38.18 37.62 37.00 36.31 35.57 34.79 33.97 33.12 32.25 31.36 30.46 29.57 28.68 27.81 26.96 26.14 25.38 24.72 24.34 24.33 24.55 24.89
24.15 24.18 24.28 24.44 24.65 24.91 25.22 25.57 25.96 26.38 26.83 27.31 27.81 28.32 28.85 29.39 29.93 30.47 31.01 31.54 32.06 32.52 32.91 33.26 33.58 33.86 34.12 34.35 34.56 34.75 34.92 35.08 35.23 35.37 35.51 35.65 35.79 35.93 36.08 36.24 36.42 36.61 36.83 37.06 37.33 37.62 37.89 38.07 38.20 38.24 38.18 38.01 37.75 37.41 36.99 36.50 35.94 35.34 34.68 33.98 33.26 32.50 31.73 30.95 30.17 29.40 28.63 27.89 27.18 26.50 25.86 25.28 24.79 24.57 24.60 24.76 25.05
25.25 25.26 25.33 25.46 25.65 25.88 26.15 26.47 26.82 27.21 27.62 28.06 28.51 28.98 29.47 29.96 30.45 30.94 31.43 31.91 32.37 32.82 33.23 33.60 33.92 34.21 34.46 34.68 34.86 35.02 35.16 35.27 35.36 35.44 35.51 35.57 35.62 35.67 35.72 35.77 35.83 35.89 35.97 36.07 36.18 36.32 36.48 36.63 36.71 36.68 36.56 36.35 36.06 35.70 35.27 34.79 34.25 33.68 33.07 32.43 31.77 31.10 30.43 29.75 29.09 28.45 27.83 27.25 26.71 26.21 25.77 25.40 25.09 24.91 24.87 24.97 25.19
26.39 26.37 26.42 26.52 26.68 26.88 27.12 27.40 27.72 28.06 28.43 28.83 29.24 29.67 30.11 30.55 30.99 31.43 31.87 32.29 32.70 33.09 33.49 33.88 34.23 34.52 34.77 34.98 35.15 35.29 35.39 35.47 35.52 35.54 35.54 35.53 35.50 35.47 35.42 35.37 35.32 35.27 35.22 35.18 35.15 35.14 35.17 35.27 35.28 35.19 35.02 34.78 34.47 34.09 33.67 33.20 32.69 32.16 31.60 31.03 30.45 29.87 29.30 28.75 28.22 27.71 27.25 26.84 26.47 26.17 25.94 25.76 25.56 25.35 25.23 25.26 25.41
27.49 27.45 27.47 27.54 27.66 27.82 28.03 28.27 28.54 28.85 29.18 29.53 29.89 30.27 30.66 31.05 31.44 31.82 32.20 32.56 32.92 33.27 33.64 34.02 34.38 34.70 34.96 35.17 35.34 35.46 35.54 35.59 35.60 35.58 35.53 35.46 35.36 35.25 35.12 34.98 34.83 34.67 34.50 34.34 34.18 34.05 34.03 34.10 34.08 33.95 33.73 33.46 33.12 32.74 32.33 31.87 31.40 30.91 30.41 29.90 29.40 28.92 28.46 28.02 27.62 27.27 26.96 26.71 26.53 26.43 26.39 26.31 26.14 25.95 25.79 25.74 25.81
28.56 28.48 28.47 28.50 28.58 28.71 28.87 29.07 29.30 29.56 29.84 30.14 30.46 30.78 31.12 31.45 31.78 32.11 32.42 32.73 33.04 33.36 33.69 34.03 34.39 34.73 35.01 35.24 35.41 35.53 35.60 35.63 35.61 35.56 35.47 35.34 35.19 35.01 34.81 34.58 34.34 34.08 33.81 33.54 33.28 33.12 33.07 33.12 33.09 32.94 32.69 32.38 32.03 31.65 31.24 30.81 30.36 29.92 29.47 29.04 28.63 28.24 27.89 27.57 27.31 27.10 26.95 26.88 26.88 26.96 27.01 26.97 26.82 26.65 26.50 26.40 26.40
29.59 29.48 29.42 29.41 29.45 29.54 29.66 29.81 29.99 30.20 30.43 30.68 30.94 31.21 31.48 31.76 32.03 32.29 32.55 32.81 33.07 33.35 33.64 33.95 34.28 34.62 34.92 35.17 35.36 35.49 35.56 35.58 35.54 35.47 35.34 35.18 34.98 34.74 34.47 34.18 33.85 33.51 33.15 32.79 32.51 32.34 32.28 32.31 32.26 32.11 31.87 31.54 31.18 30.79 30.39 29.98 29.58 29.18 28.80 28.44 28.11 27.82 27.58 27.39 27.26 27.20 27.22 27.32 27.49 27.66 27.73 27.71 27.58 27.43 27.31 27.21 27.16
30.61 30.43 30.33 30.28 30.28 30.31 30.38 30.48 30.62 30.77 30.94 31.13 31.34 31.54 31.76 31.97 32.17 32.37 32.58 32.79 33.01 33.25 33.51 33.79 34.09 34.39 34.70 34.98 35.19 35.33 35.41 35.43 35.40 35.30 35.16 34.96 34.72 34.44 34.12 33.76 33.37 32.95 32.52 32.15 31.88 31.70 31.64 31.65 31.60 31.45 31.23 30.92 30.55 30.17 29.78 29.39 29.02 28.68 28.36 28.07 27.83 27.65 27.52 27.45 27.46 27.56 27.74 28.00 28.26 28.44 28.52 28.52 28.42 28.29 28.18 28.10 28.05
31.67 31.37 31.20 31.10 31.05 31.03 31.05 31.10 31.17 31.27 31.38 31.51 31.65 31.79 31.94 32.08 32.22 32.37 32.52 32.68 32.86 33.07 33.30 33.54 33.81 34.09 34.37 34.65 34.89 35.06 35.16 35.19 35.16 35.06 34.91 34.69 34.43 34.11 33.74 33.33 32.88 32.41 31.99 31.64 31.37 31.20 31.13 31.12 31.07 30.94 30.73 30.46 30.13 29.75 29.38 29.02 28.69 28.40 28.14 27.94 27.79 27.70 27.69 27.76 27.91 28.16 28.49 28.82 29.09 29.28 29.38 29.39 29.31 29.21 29.12 29.06 29.02
32.76 32.34 32.05 31.88 31.77 31.69 31.66 31.65 31.66 31.70 31.75 31.81 31.88 31.96 32.03 32.11 32.19 32.28 32.38 32.50 32.64 32.81 33.00 33.22 33.46 33.71 33.97 34.22 34.46 34.67 34.80 34.85 34.83 34.74 34.59 34.36 34.08 33.73 33.33 32.88 32.40 31.95 31.56 31.23 30.97 30.81 30.73 30.72 30.68 30.56 30.38 30.14 29.85 29.53 29.19 28.86 28.57 28.33 28.15 28.02 27.96 27.99 28.09 28.29 28.58 28.97 29.37 29.71 29.98 30.17 30.28 30.31 30.26 30.17 30.11 30.06 30.03
33.87 33.34 32.93 32.63 32.44 32.31 32.21 32.13 32.08 32.05 32.04 32.03 32.03 32.04 32.04 32.05 32.07 32.11 32.16 32.23 32.34 32.47 32.64 32.83 33.04 33.27 33.50 33.73 33.95 34.16 34.33 34.41 34.42 34.34 34.19 33.97 33.68 33.32 32.90 32.43 31.98 31.57 31.21 30.91 30.67 30.51 30.44 30.43 30.39 30.29 30.14 29.94 29.71 29.45 29.17 28.89 28.65 28.47 28.35 28.31 28.35 28.47 28.70 29.03 29.46 29.90 30.30 30.63 30.90 31.10 31.22 31.27 31.24 31.18 31.13 31.09 31.07
35.00 34.35 33.82 33.40 33.08 32.86 32.70 32.56 32.44 32.34 32.26 32.18 32.10 32.03 31.97 31.92 31.88 31.86 31.86 31.90 31.97 32.07 32.21 32.38 32.56 32.76 32.96 33.17 33.37 33.56 33.74 33.86 33.90 33.85 33.72 33.51 33.22 32.86 32.44 32.02 31.62 31.25 30.93 30.66 30.44 30.30 30.23 30.23 30.20 30.12 30.00 29.85 29.68 29.49 29.29 29.09 28.91 28.79 28.74 28.78 28.92 29.16 29.51 29.96 30.44 30.87 31.26 31.59 31.86 32.06 32.20 32.26 32.25 32.22 32.18 32.16 32.15
36.12 35.37 34.72 34.18 33.74 33.40 33.14 32.93 32.74 32.56 32.40 32.25 32.10 31.95 31.82 31.71 31.61 31.54 31.50 31.49 31.53 31.60 31.72 31.86 32.02 32.19 32.38 32.56 32.74 32.91 33.07 33.20 33.28 33.27 33.17 32.98 32.70 32.36 32.00 31.64 31.30 30.99 30.70 30.47 30.28 30.15 30.10 30.10 30.08 30.03 29.95 29.85 29.74 29.63 29.52 29.41 29.33 29.28 29.31 29.44 29.68 30.03 30.49 30.98 31.44 31.86 32.24 32.56 32.83 33.04 33.19 33.27 33.29 33.27 33.25 33.25 33.24
37.24 36.38 35.63 34.97 34.40 33.93 33.54 33.24 32.97 32.72 32.48 32.24 32.02 31.80 31.60 31.43 31.28 31.16 31.07 31.03 31.03 31.08 31.17 31.29 31.42 31.58 31.74 31.90 32.06 32.22 32.36 32.48 32.57 32.60 32.53 32.37 32.13 31.86 31.58 31.29 31.01 30.75 30.52 30.32 30.16 30.06 30.02 30.03 30.03 30.01 29.97 29.93 29.89 29.85 29.83 29.83 29.86 29.92 30.04 30.26 30.60 31.05 31.55 32.02 32.46 32.86 33.23 33.55 33.82 34.03 34.19 34.29 34.32 34.33 34.33 34.34 34.34
38.34 37.38 36.52 35.75 35.06 34.46 33.95 33.51 33.14 32.81 32.48 32.17 31.87 31.58 31.32 31.08 30.88 30.71 30.59 30.50 30.47 30.49 30.56 30.66 30.78 30.91 31.05 31.20 31.34 31.48 31.60 31.70 31.78 31.83 31.81 31.70 31.55 31.36 31.16 30.95 30.74 30.54 30.35 30.19 30.07 30.00 29.98 30.00 30.03 30.04 30.05 30.07 30.10 30.14 30.22 30.32 30.47 30.66 30.91 31.23 31.66 32.14 32.61 33.06 33.48 33.86 34.21 34.53 34.80 35.02 35.19 35.30 35.36 35.39 35.41 35.42 35.44
39.41 38.36 37.39 36.51 35.71 34.99 34.34 33.77 33.27 32.83 32.42 32.03 31.65 31.30 30.97 30.68 30.43 30.21 30.04 29.93 29.86 29.86 29.91 29.99 30.08 30.20 30.32 30.45 30.58 30.70 30.81 30.90 30.96 31.00 31.01 30.99 30.94 30.85 30.74 30.60 30.46 30.32 30.19 30.08 30.00 29.96 29.96 30.00 30.06 30.11 30.17 30.25 30.35 30.49 30.66 30.88 31.14 31.47 31.87 32.32 32.79 33.23 33.67 34.08 34.48 34.85 35.19 35.50 35.77 35.99 36.17 36.30 36.38 36.43 36.47 36.49 36.52
40.44 39.29 38.23 37.24 36.33 35.49 34.72 34.02 33.39 32.81 32.30 31.83 31.38 30.96 30.57 30.22 29.92 29.66 29.45 29.30 29.21 29.18 29.21 29.27 29.35 29.45 29.55 29.67 29.78 29.89 29.98 30.06 30.12 30.15 30.20 30.25 30.30 30.31 30.28 30.23 30.17 30.09 30.02 29.96 29.93 29.92 29.95 30.02 30.10 30.20 30.32 30.46 30.65 30.87 31.14 31.47 31.87 32.34 32.87 33.40 33.88 34.30 34.70 35.09 35.46 35.81 36.14 36.44 36.71 36.94 37.14 37.28 37.38 37.45 37.50 37.54 37.57
41.41 40.18 39.02 37.94 36.92 35.97 35.08 34.25 33.48 32.77 32.14 31.57 31.05 30.57 30.12 29.72 29.36 29.06 28.81 28.63 28.51 28.47 28.47 28.52 28.58 28.66 28.75 28.85 28.96 29.05 29.13 29.20 29.26 29.32 29.40 29.50 29.61 29.72 29.79 29.83 29.84 29.84 29.83 29.83 29.84 29.87 29.93 30.02 30.14 30.29 30.47 30.69 30.95 31.27 31.65 32.10 32.63 33.23 33.83 34.39 34.89 35.32 35.70 36.06 36.41 36.75 37.06 37.36 37.62 37.86 38.06 38.22 38.34 38.43 38.50 38.55 38.59
42.33 41.01 39.76 38.58 37.46 36.40 35.39 34.44 33.55 32.72 31.96 31.28 30.67 30.12 29.62 29.16 28.76 28.42 28.14 27.92 27.78 27.71 27.70 27.73 27.78 27.85 27.93 28.01 28.10 28.19 28.26 28.33 28.40 28.50 28.61 28.75 28.90 29.07 29.24 29.36 29.46 29.53 29.60 29.65 29.71 29.79 29.89 30.01 30.17 30.37 30.61 30.91 31.26 31.68 32.17 32.75 33.40 34.06 34.69 35.26 35.78 36.24 36.64 36.99 37.32 37.63 37.94 38.23 38.49 38.73 38.94 39.12 39.26 39.36 39.45 39.51 39.56
43.17 41.78 40.44 39.17 37.95 36.78 35.66 34.59 33.58 32.64 31.77 30.97 30.26 29.64 29.08 28.57 28.12 27.74 27.42 27.18 27.01 26.92 26.90 26.91 26.95 27.01 27.07 27.15 27.23 27.31 27.38 27.46 27.57 27.69 27.84 28.00 28.19 28.39 28.62 28.83 29.02 29.17 29.30 29.42 29.54 29.66 29.80 29.97 30.17 30.43 30.74 31.11 31.56 32.08 32.69 33.38 34.09 34.77 35.41 36.01 36.55 37.05 37.48 37.85 38.17 38.47 38.76 39.04 39.30 39.55 39.77 39.96 40.12 40.24 40.34 40.42 40.47
43.93 42.46 41.04 39.68 38.36 37.09 35.86 34.69 33.58 32.53 31.56 30.66 29.85 29.13 28.50 27.94 27.45 27.03 26.68 26.40 26.21 26.11 26.08 26.07 26.10 26.14 26.20 26.27 26.34 26.42 26.50 26.61 26.74 26.89 27.06 27.25 27.46 27.69 27.95 28.22 28.49 28.73 28.94 29.13 29.31 29.48 29.66 29.87 30.12 30.44 30.82 31.28 31.82 32.45 33.17 33.92 34.64 35.34 36.00 36.61 37.19 37.71 38.18 38.59 38.94 39.23 39.51 39.79 40.05 40.30 40.52 40.73 40.91 41.05 41.17 41.26 41.32
44.60 43.06 41.56 40.11 38.69 37.32 36.00 34.73 33.52 32.38 31.32 30.33 29.43 28.61 27.90 27.28 26.74 26.28 25.90 25.61 25.40 25.28 25.23 25.22 25.23 25.27 25.32 25.38 25.45 25.53 25.64 25.76 25.91 26.08 26.27 26.48 26.71 26.97 27.25 27.56 27.88 28.20 28.49 28.75 28.99 29.22 29.46 29.70 30.01 30.39 30.85 31.40 32.04 32.77 33.54 34.30 35.04 35.74 36.42 37.06 37.66 38.22 38.73 39.18 39.58 39.91 40.19 40.46 40.72 40.97 41.20 41.42 41.62 41.79 41.92 42.01 42.08
45.16 43.55 41.98 40.44 38.93 37.48 36.07 34.71 33.42 32.20 31.05 29.97 28.99 28.09 27.30 26.60 26.02 25.52 25.11 24.79 24.56 24.43 24.37 24.35 24.35 24.38 24.42 24.48 24.56 24.65 24.77 24.91 25.07 25.26 25.46 25.69 25.95 26.22 26.52 26.85 27.19 27.57 27.93 28.27 28.58 28.87 29.16 29.46 29.82 30.27 30.81 31.45 32.19 32.97 33.75 34.51 35.26 35.98 36.68 37.35 37.98 38.57 39.12 39.61 40.06 40.44 40.77 41.04 41.30 41.55 41.80 42.03 42.25 42.43 42.57 42.68 42.76
45.61 43.93 42.28 40.66 39.08 37.54 36.06 34.63 33.26 31.96 30.73 29.59 28.53 27.56 26.70 25.93 25.28 24.74 24.30 23.95 23.71 23.56 23.49 23.47 23.46 23.49 23.53 23.59 23.67 23.77 23.90 24.05 24.22 24.42 24.64 24.88 25.14 25.44 25.75 26.09 26.46 26.85 27.26 27.68 28.06 28.42 28.76 29.11 29.54 30.06 30.69 31.41 32.19 32.98 33.76 34.53 35.29 36.03 36.75 37.44 38.11 38.74 39.32 39.87 40.36 40.80 41.19 41.51 41.78 42.03 42.29 42.54 42.77 42.97 43.13 43.25 43.33
45.92 44.18 42.45 40.77 39.12 37.51 35.96 34.46 33.03 31.66 30.37 29.16 28.04 27.01 26.09 25.26 24.55 23.95 23.47 23.11 22.84 22.69 22.61 22.58 22.57 22.59 22.63 22.69 22.78 22.88 23.02 23.17 23.35 23.55 23.78 24.03 24.30 24.61 24.93 25.28 25.66 26.07 26.50 26.96 27.41 27.84 28.24 28.65 29.14 29.74 30.45 31.21 31.99 32.78 33.56 34.34 35.12 35.88 36.63 37.35 38.05 38.71 39.34 39.93 40.48 40.98 41.42 41.81 42.13 42.41 42.67 42.93 43.18 43.40 43.58 43.70 43.75
46.09 44.28 42.50 40.75 39.04 37.38 35.77 34.22 32.73 31.30 29.96 28.70 27.52 26.44 25.46 24.58 23.82 23.17 22.65 22.26 21.98 21.81 21.73 21.69 21.68 21.70 21.73 21.79 21.87 21.98 22.11 22.27 22.45 22.65 22.88 23.14 23.42 23.72 24.06 24.42 24.81 25.22 25.66 26.13 26.63 27.12 27.59 28.06 28.62 29.30 30.03 30.80 31.57 32.36 33.15 33.95 34.74 35.52 36.29 37.04 37.77 38.48 39.16 39.80 40.40 40.95 41.46 41.92 42.31 42.65 42.93 43.21 43.48 43.72 43.90 44.00 43.98
46.11 44.24 42.41 40.61 38.85 37.14 35.48 33.88 32.34 30.88 29.49 28.18 26.96 25.84 24.81 23.89 23.09 22.40 21.84 21.41 21.11 20.94 20.86 20.81 20.79 20.80 20.82 20.88 20.95 21.05 21.18 21.33 21.51 21.71 21.94 22.19 22.48 22.78 23.12 23.48 23.88 24.30 24.74 25.22 25.73 26.26 26.79 27.33 27.95 28.65 29.39 30.14 30.92 31.71 32.51 33.32 34.12 34.93 35.73 36.51 37.28 38.03 38.75 39.44 40.10 40.71 41.29 41.81 42.28 42.70 43.05 43.35 43.64 43.89 44.06 44.09 44.00
45.95 44.05 42.18 40.34 38.54 36.79 35.09 33.45 31.87 30.37 28.95 27.60 26.35 25.19 24.14 23.19 22.35 21.63 21.04 20.58 20.26 20.07 19.98 19.92 19.89 19.88 19.90 19.94 20.00 20.10 20.21 20.36 20.53 20.72 20.95 21.20 21.47 21.78 22.11 22.48 22.87 23.29 23.74 24.22 24.73 25.26 25.83 26.42 27.07 27.76 28.48 29.24 30.01 30.81 31.62 32.44 33.27 34.10 34.93 35.74 36.55 37.34 38.11 38.85 39.57 40.25 40.89 41.48 42.03 42.52 42.96 43.33 43.66 43.89 44.00 43.97 43.82
45.65 43.71 41.80 39.93 38.10 36.32 34.59 32.92 31.31 29.78 28.33 26.96 25.68 24.50 23.42 22.44 21.58 20.84 20.23 19.74 19.40 19.18 19.05 18.98 18.93 18.90 18.90 18.93 18.99 19.07 19.17 19.31 19.47 19.65 19.87 20.12 20.39 20.69 21.02 21.38 21.77 22.19 22.64 23.12 23.63 24.17 24.74 25.34 25.98 26.65 27.36 28.11 28.88 29.68 30.50 31.34 32.19 33.04 33.89 34.74 35.59 36.42 37.23 38.03 38.80 39.54 40.24 40.91 41.53 42.10 42.62 43.09 43.51 43.75 43.79 43.71 43.52
45.23 43.26 41.32 39.42 37.56 35.75 33.99 32.30 30.67 29.11 27.63 26.24 24.93 23.73 22.62 21.63 20.75 19.99 19.36 18.85 18.47 18.17 17.96 17.84 17.78 17.75 17.74 17.76 17.81 17.88 17.98 18.11 18.27 18.45 18.67 18.91 19.18 19.49 19.82 20.18 20.57 21.00 21.45 21.94 22.46 23.00 23.58 24.17 24.79 25.44 26.14 26.87 27.63 28.43 29.25 30.08 30.94 31.81 32.68 33.55 34.42 35.29 36.14 36.98 37.79 38.58 39.34 40.07 40.75 41.40 41.99 42.58 43.21 43.60 43.64 43.51 43.28
44.71 42.72 40.75 38.82 36.93 35.10 33.31 31.59 29.94 28.36 26.86 25.44 24.12 22.89 21.77 20.76 19.86 19.08 18.43 17.89 17.44 17.05 16.74 16.54 16.45 16.41 16.40 16.42 16.47 16.54 16.65 16.78 16.94 17.13 17.35 17.60 17.88 18.19 18.53 18.90 19.31 19.74 20.21 20.71 21.24 21.79 22.36 22.94 23.55 24.19 24.85 25.56 26.30 27.08 27.89 28.72 29.57 30.44 31.32 32.20 33.09 33.98 34.86 35.72 36.57 37.40 38.21 38.98 39.72 40.43 41.13 41.90 42.72 43.32 43.52 43.40 43.13
44.12 42.09 40.10 38.14 36.23 34.37 32.57 30.82 29.15 27.55 26.03 24.59 23.25 22.00 20.86 19.83 18.92 18.13 17.44 16.84 16.30 15.82 15.44 15.16 14.99 14.93 14.93 14.95 15.00 15.09 15.20 15.34 15.51 15.71 15.94 16.21 16.50 16.83 17.18 17.57 17.99 18.44 18.93 19.45 19.99 20.54 21.10 21.68 22.28 22.90 23.54 24.21 24.92 25.67 26.46 27.27 28.11 28.97 29.85 30.73 31.63 32.52 33.42 34.30 35.18 36.04 36.87 37.69 38.47 39.27 40.12 41.07 42.07 42.86 43.27 43.30 43.05
43.45 41.40 39.38 37.41 35.47 33.59 31.76 30.00 28.31 26.69 25.15 23.70 22.34 21.08 19.92 18.87 17.95 17.13 16.38 15.70 15.08 14.53 14.07 13.72 13.48 13.36 13.33 13.37 13.44 13.54 13.66 13.82 14.01 14.23 14.48 14.76 15.08 15.42 15.80 16.21 16.66 17.14 17.65 18.18 18.72 19.27 19.83 20.39 20.98 21.59 22.21 22.85 23.53 24.24 24.99 25.77 26.59 27.43 28.29 29.17 30.05 30.95 31.85 32.74 33.63 34.51 35.37 36.21 37.07 37.99 39.00 40.10 41.27 42.24 42.83 43.07 42.98
42.73 40.66 38.62 36.62 34.67 32.76 30.92 29.14 27.43 25.79 24.24 22.77 21.39 20.12 18.95 17.89 16.94 16.06 15.24 14.49 13.80 13.19 12.66 12.25 11.95 11.76 11.69 11.71 11.80 11.92 12.07 12.25 12.46 12.71 12.98 13.29 13.63 14.01 14.42 14.86 15.34 15.84 16.37 16.91 17.45 18.00 18.54 19.10 19.67 20.26 20.87 21.50 22.14 22.80 23.51 24.25 25.03 25.84 26.68 27.53 28.40 29.29 30.18 31.07 31.96 32.84 33.72 34.61 35.58 36.64 37.78 39.02 40.34 41.46 42.23 42.66 42.78
