data_processed/recharge/precip/Precip_1993_08.asc
ncols        168
nrows        136
xllcorner    455000
yllcorner    2107000
cellsize     500
NODATA_value     -99999
[rows 66 to 98 of 136, columns 75 to 149 of 168]
54.48 50.95 47.92 45.46 43.56 42.22 41.43 41.18 41.46 42.27 43.59 45.42 47.76 50.50 53.32 55.92 58.17 60.08 61.65 62.88 63.79 64.37 64.65 64.62 64.29 63.68 62.78 61.67 60.47 59.19 57.84 56.45 55.01 53.54 52.04 50.54 49.03 47.53 46.05 44.62 43.30 42.12 41.07 40.17 39.42 38.83 38.39 38.12 38.02 38.09 38.34 38.78 39.39 40.14 41.00 41.96 43.00 44.11 45.29 46.52 47.79 49.10 50.42 51.76 53.11 54.55 56.08 57.66 59.28 60.94 62.64 64.38 66.18 68.02 69.92
51.72 48.07 44.96 42.47 40.59 39.31 38.63 38.53 39.02 40.07 41.69 43.87 46.51 49.28 51.95 54.48 56.77 58.72 60.32 61.59 62.53 63.15 63.45 63.44 63.14 62.53 61.65 60.55 59.36 58.10 56.77 55.40 53.99 52.54 51.08 49.61 48.14 46.68 45.27 43.95 42.74 41.65 40.69 39.87 39.20 38.67 38.30 38.10 38.05 38.17 38.47 38.95 39.60 40.37 41.23 42.17 43.17 44.23 45.34 46.47 47.63 48.80 49.98 51.16 52.41 53.79 55.32 56.94 58.61 60.31 62.04 63.82 65.64 67.50 69.42
49.04 45.33 42.19 39.72 37.91 36.74 36.22 36.33 37.07 38.43 40.39 42.88 45.55 48.16 50.69 53.09 55.33 57.31 58.96 60.27 61.25 61.91 62.24 62.26 61.98 61.40 60.53 59.45 58.28 57.04 55.75 54.40 53.02 51.62 50.19 48.76 47.33 45.95 44.65 43.45 42.35 41.36 40.48 39.73 39.13 38.67 38.36 38.20 38.20 38.37 38.71 39.22 39.90 40.69 41.54 42.46 43.41 44.41 45.43 46.46 47.50 48.53 49.55 50.64 51.86 53.20 54.67 56.27 57.98 59.72 61.50 63.30 65.15 67.03 68.96
46.47 42.75 39.64 37.24 35.55 34.55 34.24 34.61 35.66 37.36 39.65 42.16 44.66 47.13 49.51 51.79 53.92 55.88 57.57 58.93 59.95 60.65 61.02 61.08 60.83 60.28 59.44 58.39 57.24 56.04 54.77 53.47 52.12 50.76 49.38 48.00 46.65 45.37 44.19 43.10 42.11 41.22 40.43 39.76 39.21 38.81 38.55 38.44 38.48 38.69 39.05 39.59 40.29 41.08 41.93 42.81 43.71 44.63 45.56 46.48 47.39 48.29 49.23 50.29 51.47 52.76 54.18 55.73 57.41 59.19 61.00 62.84 64.71 66.62 68.56
44.04 40.36 37.33 35.05 33.53 32.75 32.71 33.39 34.79 36.82 39.13 41.48 43.83 46.15 48.41 50.57 52.61 54.48 56.16 57.56 58.64 59.39 59.81 59.91 59.70 59.18 58.38 57.35 56.25 55.08 53.85 52.59 51.30 49.98 48.65 47.35 46.12 44.96 43.89 42.91 42.02 41.23 40.53 39.94 39.45 39.09 38.88 38.80 38.88 39.11 39.50 40.06 40.77 41.56 42.38 43.22 44.07 44.91 45.74 46.54 47.33 48.15 49.08 50.11 51.24 52.50 53.87 55.36 56.98 58.73 60.57 62.44 64.34 66.26 68.22
41.78 38.19 35.29 33.19 31.90 31.39 31.66 32.71 34.43 36.48 38.63 40.82 43.03 45.22 47.36 49.42 51.36 53.16 54.79 56.19 57.32 58.12 58.60 58.75 58.59 58.12 57.35 56.36 55.30 54.17 53.00 51.79 50.54 49.28 48.04 46.86 45.74 44.71 43.75 42.87 42.08 41.38 40.77 40.25 39.84 39.53 39.34 39.30 39.40 39.66 40.06 40.63 41.34 42.13 42.92 43.71 44.48 45.24 45.96 46.65 47.38 48.19 49.09 50.09 51.20 52.41 53.74 55.17 56.73 58.41 60.22 62.11 64.03 65.98 67.95
39.71 36.27 33.55 31.69 30.66 30.48 31.12 32.49 34.24 36.13 38.11 40.16 42.23 44.30 46.34 48.30 50.17 51.91 53.49 54.86 56.01 56.87 57.40 57.61 57.50 57.08 56.36 55.42 54.41 53.33 52.21 51.06 49.88 48.70 47.58 46.52 45.53 44.60 43.75 42.97 42.27 41.66 41.13 40.69 40.35 40.09 39.95 39.93 40.05 40.31 40.73 41.29 42.01 42.77 43.52 44.26 44.96 45.62 46.24 46.88 47.60 48.40 49.29 50.27 51.34 52.51 53.79 55.18 56.67 58.28 60.02 61.87 63.81 65.77 67.75
37.87 34.63 32.14 30.56 29.86 30.05 31.03 32.42 34.01 35.73 37.56 39.47 41.42 43.38 45.33 47.21 49.02 50.70 52.24 53.60 54.74 55.63 56.22 56.50 56.45 56.09 55.42 54.54 53.57 52.56 51.50 50.41 49.32 48.27 47.27 46.33 45.45 44.63 43.88 43.20 42.60 42.07 41.62 41.25 40.97 40.78 40.68 40.68 40.81 41.08 41.49 42.06 42.76 43.50 44.21 44.87 45.49 46.06 46.64 47.29 48.00 48.80 49.67 50.62 51.67 52.81 54.04 55.37 56.81 58.35 60.01 61.79 63.68 65.65 67.65
36.29 33.29 31.09 29.84 29.53 30.05 31.05 32.28 33.69 35.26 36.95 38.74 40.58 42.44 44.30 46.13 47.88 49.52 51.03 52.38 53.52 54.43 55.07 55.42 55.43 55.14 54.53 53.71 52.81 51.86 50.87 49.87 48.91 47.98 47.11 46.29 45.52 44.80 44.15 43.56 43.04 42.59 42.22 41.92 41.70 41.56 41.51 41.56 41.70 41.96 42.37 42.92 43.60 44.30 44.96 45.56 46.09 46.63 47.23 47.88 48.60 49.38 50.24 51.18 52.20 53.30 54.49 55.77 57.15 58.63 60.22 61.91 63.72 65.64 67.64
34.98 32.29 30.43 29.56 29.59 30.13 30.96 32.02 33.28 34.71 36.27 37.94 39.68 41.47 43.25 45.02 46.73 48.34 49.84 51.18 52.34 53.28 53.97 54.37 54.47 54.24 53.70 52.95 52.12 51.24 50.35 49.48 48.64 47.84 47.09 46.38 45.71 45.10 44.54 44.04 43.60 43.23 42.92 42.69 42.53 42.44 42.44 42.52 42.69 42.96 43.35 43.88 44.53 45.19 45.79 46.32 46.84 47.40 48.01 48.67 49.39 50.17 51.02 51.94 52.93 53.99 55.14 56.38 57.70 59.12 60.64 62.25 63.98 65.81 67.76
33.99 31.65 30.18 29.66 29.71 30.08 30.73 31.63 32.75 34.05 35.49 37.06 38.72 40.42 42.15 43.87 45.55 47.15 48.65 50.00 51.18 52.16 52.90 53.38 53.55 53.40 52.94 52.26 51.51 50.73 49.97 49.23 48.52 47.84 47.20 46.60 46.03 45.52 45.05 44.64 44.27 43.97 43.73 43.56 43.45 43.41 43.45 43.57 43.77 44.05 44.43 44.93 45.55 46.16 46.70 47.22 47.77 48.36 48.99 49.66 50.39 51.17 52.00 52.90 53.87 54.90 56.01 57.20 58.47 59.83 61.28 62.82 64.46 66.20 68.05
33.34 31.40 30.28 29.78 29.65 29.85 30.34 31.09 32.08 33.26 34.60 36.08 37.66 39.30 40.98 42.67 44.33 45.92 47.42 48.80 50.02 51.05 51.86 52.41 52.68 52.63 52.25 51.65 51.00 50.35 49.73 49.12 48.53 47.97 47.44 46.94 46.47 46.05 45.67 45.33 45.05 44.81 44.63 44.51 44.46 44.46 44.54 44.69 44.91 45.22 45.60 46.08 46.66 47.22 47.76 48.32 48.91 49.52 50.17 50.86 51.59 52.37 53.20 54.08 55.02 56.03 57.10 58.25 59.46 60.76 62.14 63.61 65.17 66.82 68.58
33.08 31.49 30.40 29.72 29.41 29.45 29.79 30.40 31.26 32.34 33.59 34.98 36.50 38.09 39.74 41.40 43.05 44.65 46.17 47.58 48.85 49.94 50.83 51.47 51.84 51.91 51.64 51.15 50.63 50.12 49.62 49.14 48.67 48.22 47.80 47.40 47.03 46.69 46.39 46.13 45.92 45.74 45.62 45.56 45.54 45.59 45.70 45.88 46.12 46.44 46.84 47.31 47.86 48.44 49.03 49.63 50.25 50.90 51.57 52.27 53.01 53.79 54.61 55.48 56.40 57.38 58.42 59.52 60.69 61.93 63.24 64.64 66.12 67.68 69.34
33.45 32.03 30.81 29.94 29.45 29.32 29.51 29.99 30.73 31.69 32.84 34.16 35.61 37.15 38.75 40.39 42.03 43.63 45.17 46.62 47.93 49.08 50.04 50.77 51.24 51.43 51.27 50.89 50.51 50.12 49.75 49.38 49.02 48.67 48.34 48.03 47.75 47.49 47.27 47.07 46.92 46.80 46.73 46.70 46.73 46.80 46.94 47.13 47.39 47.72 48.11 48.58 49.12 49.73 50.38 51.03 51.69 52.37 53.08 53.80 54.55 55.34 56.16 57.02 57.92 58.88 59.88 60.94 62.07 63.26 64.51 65.84 67.25 68.73 70.30
34.51 33.21 32.04 31.03 30.35 30.03 30.05 30.37 30.97 31.80 32.84 34.06 35.42 36.89 38.44 40.04 41.65 43.24 44.78 46.23 47.58 48.77 49.78 50.59 51.14 51.41 51.33 51.03 50.73 50.46 50.19 49.92 49.65 49.39 49.14 48.91 48.70 48.50 48.33 48.19 48.08 48.00 47.96 47.96 48.01 48.10 48.25 48.44 48.70 49.01 49.39 49.84 50.37 50.99 51.67 52.38 53.10 53.82 54.56 55.31 56.09 56.88 57.71 58.57 59.47 60.41 61.40 62.43 63.52 64.66 65.87 67.14 68.48 69.89 71.38
36.17 34.98 33.90 32.92 32.10 31.58 31.41 31.56 31.99 32.68 33.59 34.69 35.94 37.33 38.80 40.33 41.89 43.45 44.97 46.42 47.78 48.99 50.05 50.90 51.50 51.81 51.78 51.55 51.32 51.11 50.92 50.74 50.55 50.36 50.18 50.01 49.84 49.70 49.57 49.46 49.38 49.33 49.30 49.32 49.37 49.46 49.60 49.78 50.02 50.31 50.67 51.10 51.62 52.22 52.90 53.66 54.43 55.21 55.99 56.79 57.59 58.42 59.26 60.13 61.03 61.97 62.94 63.96 65.02 66.13 67.29 68.51 69.80 71.15 72.57
38.35 37.27 36.30 35.40 34.59 33.92 33.55 33.50 33.76 34.28 35.04 36.00 37.13 38.40 39.78 41.24 42.73 44.24 45.72 47.15 48.49 49.71 50.78 51.65 52.26 52.58 52.61 52.43 52.24 52.07 51.93 51.81 51.68 51.55 51.42 51.29 51.16 51.05 50.94 50.86 50.79 50.74 50.72 50.73 50.77 50.84 50.96 51.11 51.31 51.58 51.92 52.34 52.85 53.44 54.11 54.87 55.69 56.53 57.37 58.21 59.06 59.92 60.79 61.68 62.60 63.54 64.51 65.51 66.55 67.64 68.77 69.96 71.19 72.49 73.87
41.01 40.04 39.16 38.35 37.61 36.95 36.42 36.16 36.22 36.56 37.14 37.95 38.94 40.08 41.35 42.70 44.11 45.55 46.97 48.36 49.67 50.87 51.92 52.76 53.36 53.70 53.76 53.63 53.47 53.33 53.20 53.10 53.01 52.92 52.82 52.72 52.62 52.52 52.43 52.34 52.27 52.22 52.18 52.17 52.18 52.22 52.30 52.41 52.58 52.83 53.16 53.57 54.06 54.65 55.32 56.07 56.90 57.78 58.69 59.59 60.49 61.39 62.30 63.22 64.15 65.10 66.08 67.09 68.12 69.19 70.30 71.46 72.66 73.94 75.33
44.09 43.23 42.45 41.73 41.06 40.46 39.91 39.49 39.34 39.47 39.87 40.50 41.33 42.32 43.46 44.69 46.00 47.34 48.69 50.01 51.27 52.43 53.41 54.20 54.77 55.11 55.20 55.11 54.98 54.85 54.72 54.61 54.53 54.45 54.37 54.28 54.19 54.09 53.98 53.89 53.80 53.72 53.65 53.60 53.57 53.56 53.59 53.67 53.82 54.05 54.37 54.77 55.26 55.84 56.50 57.25 58.08 58.97 59.93 60.89 61.85 62.81 63.76 64.72 65.69 66.66 67.66 68.67 69.71 70.77 71.87 73.01 74.20 75.50 76.92
47.54 46.79 46.11 45.47 44.88 44.33 43.83 43.39 43.06 42.98 43.17 43.60 44.25 45.08 46.06 47.16 48.34 49.57 50.83 52.07 53.24 54.29 55.20 55.93 56.47 56.80 56.90 56.83 56.72 56.60 56.46 56.33 56.21 56.11 56.03 55.93 55.83 55.71 55.59 55.46 55.34 55.22 55.10 55.00 54.91 54.85 54.83 54.89 55.03 55.25 55.55 55.94 56.43 57.00 57.67 58.42 59.24 60.14 61.11 62.12 63.15 64.17 65.18 66.19 67.19 68.20 69.22 70.26 71.30 72.37 73.47 74.62 75.86 77.20 78.64
51.30 50.66 50.08 49.53 49.01 48.52 48.06 47.66 47.29 47.03 46.99 47.22 47.67 48.31 49.12 50.06 51.10 52.20 53.34 54.46 55.50 56.43 57.24 57.90 58.40 58.71 58.82 58.77 58.67 58.54 58.38 58.21 58.05 57.90 57.77 57.65 57.52 57.37 57.21 57.04 56.86 56.68 56.51 56.34 56.18 56.07 56.03 56.07 56.20 56.40 56.70 57.09 57.57 58.15 58.81 59.56 60.39 61.29 62.26 63.29 64.38 65.46 66.54 67.60 68.66 69.71 70.77 71.83 72.90 73.98 75.11 76.31 77.61 79.00 80.46
55.33 54.80 54.32 53.85 53.40 52.96 52.56 52.18 51.84 51.53 51.31 51.30 51.53 51.97 52.59 53.35 54.23 55.18 56.17 57.12 58.00 58.81 59.51 60.10 60.54 60.82 60.93 60.89 60.78 60.63 60.44 60.24 60.02 59.80 59.59 59.40 59.22 59.02 58.81 58.58 58.34 58.09 57.83 57.58 57.38 57.24 57.19 57.22 57.33 57.53 57.82 58.20 58.68 59.26 59.93 60.68 61.51 62.42 63.39 64.43 65.54 66.68 67.83 68.96 70.08 71.18 72.28 73.38 74.48 75.61 76.81 78.10 79.45 80.88 82.37
59.57 59.15 58.76 58.38 57.99 57.62 57.26 56.91 56.59 56.28 56.00 55.80 55.80 56.02 56.43 57.00 57.69 58.46 59.23 60.00 60.72 61.39 61.98 62.47 62.85 63.09 63.19 63.14 63.02 62.85 62.62 62.36 62.07 61.77 61.47 61.18 60.91 60.65 60.36 60.05 59.73 59.39 59.05 58.75 58.52 58.37 58.30 58.31 58.41 58.61 58.89 59.28 59.76 60.35 61.02 61.77 62.61 63.52 64.51 65.56 66.67 67.84 69.04 70.25 71.43 72.60 73.76 74.90 76.07 77.29 78.59 79.95 81.37 82.84 84.36
63.97 63.65 63.36 63.06 62.75 62.43 62.12 61.80 61.49 61.19 60.90 60.64 60.43 60.41 60.59 60.94 61.41 61.94 62.50 63.06 63.61 64.13 64.59 64.99 65.29 65.49 65.56 65.50 65.36 65.14 64.87 64.55 64.18 63.80 63.39 62.99 62.59 62.21 61.83 61.44 61.01 60.58 60.18 59.86 59.61 59.44 59.35 59.36 59.45 59.64 59.93 60.31 60.80 61.39 62.07 62.83 63.68 64.60 65.60 66.66 67.78 68.96 70.19 71.46 72.72 73.96 75.18 76.41 77.68 79.02 80.41 81.85 83.33 84.85 86.40
68.46 68.26 68.07 67.85 67.61 67.35 67.07 66.79 66.50 66.20 65.91 65.61 65.33 65.10 65.04 65.13 65.33 65.60 65.92 66.27 66.64 67.00 67.33 67.62 67.84 67.97 68.01 67.93 67.75 67.49 67.16 66.76 66.31 65.83 65.31 64.78 64.25 63.72 63.20 62.69 62.17 61.67 61.25 60.90 60.63 60.45 60.36 60.35 60.44 60.63 60.91 61.30 61.80 62.40 63.09 63.86 64.72 65.65 66.66 67.73 68.87 70.06 71.31 72.60 73.93 75.25 76.57 77.92 79.33 80.78 82.26 83.78 85.33 86.90 88.48
73.02 72.92 72.82 72.68 72.51 72.31 72.08 71.82 71.55 71.26 70.95 70.64 70.32 70.00 69.69 69.48 69.39 69.39 69.46 69.60 69.77 69.96 70.15 70.32 70.44 70.51 70.50 70.39 70.17 69.85 69.45 68.97 68.42 67.83 67.19 66.53 65.84 65.15 64.47 63.81 63.21 62.69 62.24 61.88 61.60 61.40 61.30 61.29 61.37 61.56 61.85 62.25 62.75 63.36 64.06 64.85 65.72 66.66 67.69 68.77 69.93 71.14 72.40 73.72 75.08 76.49 77.95 79.45 80.99 82.55 84.13 85.73 87.34 88.96 90.57
77.56 77.57 77.57 77.52 77.42 77.27 77.08 76.86 76.60 76.31 75.99 75.66 75.30 74.90 74.44 73.95 73.55 73.27 73.09 73.00 72.97 72.98 73.01 73.05 73.08 73.07 73.00 72.85 72.58 72.19 71.71 71.13 70.48 69.77 69.00 68.19 67.35 66.48 65.63 64.84 64.18 63.63 63.17 62.79 62.49 62.29 62.18 62.16 62.25 62.44 62.73 63.14 63.66 64.28 64.99 65.79 66.68 67.64 68.68 69.78 70.95 72.18 73.47 74.81 76.21 77.72 79.32 80.97 82.63 84.31 86.00 87.68 89.36 91.02 92.67
82.06 82.17 82.27 82.30 82.26 82.17 82.03 81.83 81.59 81.30 80.98 80.62 80.20 79.69 79.10 78.45 77.79 77.22 76.78 76.44 76.20 76.02 75.89 75.79 75.70 75.60 75.48 75.27 74.93 74.47 73.90 73.22 72.45 71.61 70.70 69.73 68.72 67.69 66.71 65.85 65.11 64.50 64.02 63.62 63.32 63.10 62.99 62.97 63.06 63.25 63.56 63.97 64.51 65.14 65.87 66.69 67.59 68.57 69.63 70.76 71.95 73.20 74.51 75.89 77.38 78.98 80.69 82.46 84.26 86.05 87.84 89.60 91.35 93.07 94.75
86.44 86.67 86.85 86.96 87.00 86.96 86.86 86.69 86.47 86.18 85.85 85.44 84.92 84.30 83.60 82.83 82.01 81.19 80.48 79.89 79.42 79.05 78.74 78.50 78.28 78.09 77.88 77.61 77.20 76.66 75.98 75.19 74.30 73.32 72.25 71.12 69.94 68.80 67.76 66.82 66.01 65.33 64.79 64.38 64.06 63.85 63.73 63.71 63.81 64.01 64.32 64.75 65.30 65.95 66.70 67.54 68.46 69.46 70.54 71.69 72.90 74.18 75.53 77.01 78.60 80.29 82.08 83.93 85.84 87.76 89.64 91.49 93.31 95.08 96.80
90.67 91.00 91.28 91.47 91.57 91.59 91.53 91.39 91.18 90.90 90.53 90.03 89.41 88.69 87.88 87.01 86.08 85.11 84.16 83.31 82.61 82.02 81.54 81.13 80.78 80.48 80.19 79.85 79.35 78.71 77.93 77.01 75.99 74.85 73.63 72.33 71.05 69.86 68.75 67.75 66.87 66.12 65.52 65.06 64.73 64.51 64.40 64.38 64.48 64.69 65.02 65.46 66.03 66.71 67.47 68.33 69.28 70.30 71.40 72.58 73.82 75.14 76.59 78.16 79.84 81.62 83.48 85.41 87.39 89.40 91.39 93.33 95.21 97.04 98.80
94.68 95.11 95.49 95.76 95.93 96.01 95.99 95.88 95.68 95.37 94.92 94.33 93.62 92.81 91.91 90.93 89.90 88.83 87.73 86.67 85.72 84.92 84.24 83.66 83.17 82.74 82.36 81.94 81.35 80.60 79.70 78.65 77.48 76.18 74.80 73.41 72.09 70.84 69.69 68.64 67.70 66.89 66.22 65.69 65.33 65.10 64.99 64.98 65.09 65.31 65.65 66.11 66.70 67.40 68.19 69.07 70.04 71.09 72.22 73.42 74.71 76.13 77.68 79.34 81.11 82.97 84.90 86.89 88.93 90.99 93.06 95.09 97.04 98.92 100.72
98.42 98.96 99.43 99.79 100.02 100.15 100.17 100.09 99.88 99.51 98.98 98.31 97.52 96.61 95.62 94.56 93.43 92.27 91.08 89.88 88.72 87.69 86.80 86.05 85.40 84.85 84.36 83.85 83.15 82.29 81.25 80.06 78.73 77.29 75.82 74.40 73.04 71.76 70.56 69.47 68.48 67.62 66.89 66.30 65.87 65.61 65.49 65.49 65.61 65.85 66.21 66.69 67.30 68.02 68.84 69.75 70.74 71.82 72.97 74.23 75.62 77.14 78.79 80.54 82.39 84.32 86.32 88.36 90.45 92.55 94.66 96.76 98.78 100.72 102.56
101.85 102.49 103.06 103.49 103.79 103.98 104.04 103.95 103.69 103.25 102.65 101.91 101.04 100.06 98.99 97.84 96.63 95.38 94.10 92.81 91.53 90.30 89.20 88.26 87.45 86.76 86.16 85.54 84.73 83.74 82.56 81.22 79.74 78.22 76.73 75.29 73.90 72.59 71.36 70.23 69.20 68.29 67.51 66.88 66.39 66.07 65.92 65.93 66.06 66.31 66.69 67.19 67.83 68.58 69.42 70.36 71.38 72.49 73.70 75.05 76.55 78.17 79.91 81.75 83.67 85.67 87.72 89.82 91.94 94.08 96.22 98.34 100.42 102.41 104.30
