data_processed/recharge/precip/Precip_1985_02.asc
ncols        168
nrows        136
xllcorner    455000
yllcorner    2107000
cellsize     500
NODATA_value     -99999
[rows 37 to 73 of 136, columns 0 to 82 of 168]
11.49 11.44 11.43 11.47 11.57 11.71 11.90 12.13 12.40 12.72 13.07 13.47 13.90 14.37 14.88 15.47 16.18 17.01 17.97 19.00 20.03 21.01 21.88 22.66 23.37 24.02 24.61 25.14 25.59 25.95 26.23 26.40 26.48 26.44 26.28 26.00 25.58 25.03 24.32 23.44 22.41 21.22 19.92 18.57 17.19 15.79 14.39 13.04 11.75 10.54 9.39 8.33 7.35 6.45 5.64 4.92 4.29 3.76 3.33 3.00 2.77 2.72 2.93 3.41 4.16 5.09 5.97 6.64 7.13 7.43 7.64 7.84 8.05 8.26 8.48 8.68 8.88 9.06 9.22 9.36 9.46 9.54 9.58
11.70 11.70 11.75 11.84 11.97 12.15 12.36 12.61 12.90 13.22 13.57 13.96 14.38 14.82 15.29 15.80 16.39 17.09 17.91 18.79 19.64 20.42 21.12 21.77 22.38 22.94 23.46 23.91 24.29 24.60 24.83 24.97 25.02 24.96 24.79 24.51 24.10 23.56 22.89 22.06 21.07 19.94 18.69 17.39 16.06 14.72 13.41 12.16 10.97 9.85 8.79 7.80 6.88 6.04 5.28 4.60 4.01 3.50 3.09 2.77 2.55 2.43 2.47 2.77 3.34 4.13 4.85 5.38 5.73 5.99 6.25 6.52 6.80 7.09 7.37 7.66 7.93 8.19 8.43 8.65 8.85 9.01 9.14
11.93 11.97 12.06 12.18 12.34 12.53 12.76 13.01 13.30 13.61 13.95 14.32 14.71 15.12 15.55 15.99 16.47 17.03 17.69 18.40 19.06 19.66 20.23 20.78 21.30 21.78 22.21 22.60 22.92 23.18 23.37 23.48 23.51 23.43 23.26 22.98 22.59 22.07 21.42 20.64 19.71 18.63 17.44 16.20 14.93 13.69 12.50 11.35 10.26 9.22 8.24 7.32 6.47 5.68 4.97 4.33 3.77 3.28 2.88 2.57 2.35 2.22 2.19 2.31 2.69 3.29 3.84 4.21 4.49 4.77 5.08 5.40 5.73 6.07 6.42 6.76 7.09 7.41 7.72 8.00 8.26 8.49 8.69
12.15 12.22 12.33 12.48 12.65 12.84 13.07 13.32 13.59 13.88 14.19 14.52 14.87 15.23 15.61 15.99 16.39 16.81 17.30 17.82 18.31 18.78 19.24 19.69 20.12 20.52 20.89 21.21 21.48 21.70 21.85 21.94 21.94 21.86 21.69 21.42 21.04 20.55 19.94 19.20 18.33 17.31 16.18 15.01 13.85 12.73 11.64 10.59 9.59 8.64 7.74 6.89 6.09 5.36 4.69 4.09 3.56 3.09 2.71 2.40 2.17 2.03 1.98 2.02 2.21 2.61 2.97 3.24 3.52 3.83 4.17 4.52 4.88 5.26 5.63 6.01 6.38 6.75 7.09 7.42 7.73 8.01 8.26
12.34 12.43 12.55 12.70 12.87 13.06 13.27 13.50 13.74 14.00 14.27 14.55 14.85 15.15 15.45 15.77 16.08 16.40 16.73 17.07 17.43 17.79 18.15 18.51 18.85 19.18 19.48 19.74 19.97 20.15 20.27 20.33 20.32 20.24 20.07 19.81 19.46 19.00 18.43 17.74 16.92 15.98 14.93 13.87 12.83 11.82 10.84 9.89 8.98 8.11 7.28 6.49 5.76 5.08 4.45 3.88 3.37 2.93 2.55 2.25 2.02 1.86 1.79 1.79 1.89 2.10 2.33 2.59 2.88 3.20 3.54 3.91 4.28 4.67 5.06 5.46 5.85 6.23 6.60 6.96 7.29 7.60 7.88
12.48 12.59 12.71 12.85 13.01 13.18 13.37 13.56 13.77 13.98 14.20 14.43 14.66 14.88 15.11 15.34 15.57 15.79 16.02 16.26 16.49 16.75 17.01 17.28 17.54 17.80 18.04 18.25 18.43 18.57 18.66 18.71 18.69 18.60 18.44 18.20 17.87 17.45 16.92 16.29 15.53 14.66 13.73 12.80 11.88 10.97 10.10 9.24 8.42 7.63 6.87 6.15 5.47 4.83 4.24 3.70 3.22 2.79 2.42 2.11 1.87 1.70 1.60 1.57 1.63 1.78 1.99 2.23 2.51 2.82 3.16 3.51 3.89 4.27 4.67 5.06 5.46 5.85 6.23 6.59 6.94 7.26 7.55
12.58 12.69 12.82 12.95 13.09 13.25 13.40 13.57 13.73 13.90 14.06 14.23 14.39 14.54 14.69 14.83 14.96 15.11 15.30 15.50 15.64 15.79 15.95 16.13 16.31 16.49 16.67 16.82 16.96 17.06 17.13 17.15 17.12 17.03 16.88 16.65 16.35 15.96 15.47 14.89 14.20 13.45 12.65 11.84 11.03 10.23 9.45 8.69 7.94 7.22 6.53 5.86 5.23 4.64 4.08 3.56 3.10 2.68 2.31 1.99 1.73 1.54 1.41 1.34 1.38 1.52 1.72 1.95 2.22 2.51 2.84 3.19 3.55 3.93 4.32 4.71 5.11 5.50 5.88 6.25 6.61 6.94 7.24
12.64 12.75 12.87 13.00 13.13 13.26 13.39 13.52 13.64 13.76 13.87 13.97 14.06 14.14 14.21 14.26 14.32 14.43 14.60 14.77 14.88 14.94 15.00 15.09 15.19 15.29 15.40 15.50 15.58 15.64 15.68 15.68 15.63 15.54 15.39 15.18 14.90 14.53 14.09 13.56 12.97 12.35 11.67 10.99 10.29 9.59 8.90 8.21 7.54 6.89 6.25 5.64 5.05 4.48 3.95 3.46 3.00 2.58 2.20 1.87 1.59 1.37 1.20 1.12 1.15 1.29 1.49 1.72 1.97 2.25 2.56 2.89 3.25 3.62 4.00 4.39 4.78 5.17 5.55 5.93 6.28 6.62 6.93
12.65 12.77 12.88 13.00 13.11 13.22 13.32 13.41 13.49 13.56 13.61 13.65 13.68 13.68 13.66 13.65 13.68 13.78 13.92 14.07 14.15 14.18 14.17 14.16 14.17 14.19 14.23 14.27 14.30 14.32 14.32 14.29 14.23 14.13 13.99 13.78 13.52 13.19 12.79 12.34 11.87 11.36 10.81 10.23 9.64 9.04 8.43 7.82 7.21 6.62 6.03 5.46 4.90 4.37 3.86 3.37 2.91 2.49 2.10 1.75 1.44 1.18 1.00 0.92 0.95 1.10 1.29 1.51 1.76 2.02 2.31 2.63 2.97 3.33 3.71 4.09 4.47 4.86 5.24 5.61 5.97 6.31 6.63
12.61 12.73 12.84 12.95 13.04 13.13 13.19 13.25 13.28 13.30 13.30 13.27 13.22 13.15 13.08 13.04 13.06 13.14 13.26 13.38 13.45 13.46 13.42 13.34 13.26 13.20 13.17 13.14 13.12 13.09 13.06 13.00 12.93 12.82 12.67 12.47 12.23 11.93 11.60 11.26 10.89 10.48 10.04 9.57 9.07 8.56 8.03 7.49 6.94 6.40 5.86 5.32 4.79 4.28 3.78 3.30 2.83 2.40 1.99 1.61 1.27 0.99 0.82 0.74 0.78 0.92 1.12 1.34 1.58 1.83 2.11 2.41 2.73 3.08 3.44 3.81 4.19 4.57 4.94 5.31 5.67 6.01 6.33
12.51 12.64 12.75 12.84 12.92 12.97 13.01 13.02 13.01 12.98 12.92 12.83 12.71 12.58 12.49 12.45 12.46 12.52 12.62 12.73 12.77 12.77 12.71 12.61 12.46 12.33 12.21 12.12 12.04 11.97 11.90 11.81 11.71 11.59 11.44 11.25 11.02 10.78 10.54 10.29 10.02 9.71 9.37 8.99 8.58 8.15 7.69 7.21 6.72 6.22 5.72 5.21 4.70 4.20 3.71 3.22 2.75 2.29 1.86 1.45 1.10 0.83 0.66 0.60 0.64 0.78 0.97 1.19 1.42 1.67 1.94 2.22 2.53 2.86 3.20 3.56 3.93 4.30 4.67 5.03 5.38 5.72 6.05
12.32 12.48 12.59 12.67 12.73 12.76 12.76 12.74 12.68 12.59 12.47 12.31 12.15 12.01 11.92 11.88 11.88 11.92 12.01 12.09 12.12 12.11 12.04 11.92 11.76 11.56 11.38 11.22 11.08 10.95 10.84 10.72 10.60 10.46 10.30 10.12 9.95 9.78 9.61 9.44 9.25 9.03 8.78 8.49 8.16 7.79 7.40 6.98 6.54 6.07 5.60 5.12 4.62 4.13 3.63 3.14 2.65 2.17 1.70 1.28 0.94 0.69 0.54 0.48 0.52 0.66 0.85 1.06 1.29 1.53 1.80 2.07 2.36 2.67 3.00 3.34 3.69 4.05 4.41 4.76 5.11 5.45 5.76
12.02 12.24 12.37 12.45 12.48 12.48 12.45 12.39 12.28 12.14 11.96 11.76 11.59 11.46 11.37 11.32 11.32 11.35 11.42 11.48 11.50 11.47 11.40 11.27 11.11 10.89 10.65 10.42 10.22 10.05 9.89 9.73 9.58 9.43 9.27 9.13 9.01 8.90 8.80 8.70 8.59 8.45 8.28 8.06 7.80 7.50 7.16 6.78 6.38 5.95 5.50 5.03 4.55 4.05 3.55 3.04 2.52 2.01 1.54 1.14 0.82 0.58 0.44 0.38 0.43 0.56 0.74 0.95 1.18 1.42 1.67 1.94 2.22 2.51 2.82 3.14 3.48 3.82 4.17 4.51 4.85 5.17 5.45
11.63 11.89 12.06 12.15 12.17 12.14 12.08 11.97 11.81 11.61 11.40 11.20 11.04 10.92 10.84 10.79 10.77 10.80 10.85 10.90 10.91 10.87 10.78 10.66 10.49 10.28 10.02 9.75 9.48 9.25 9.04 8.85 8.68 8.51 8.37 8.27 8.20 8.15 8.11 8.07 8.02 7.96 7.86 7.70 7.50 7.25 6.95 6.62 6.24 5.84 5.40 4.94 4.46 3.96 3.44 2.91 2.37 1.85 1.40 1.02 0.72 0.50 0.36 0.31 0.36 0.49 0.67 0.87 1.09 1.32 1.57 1.84 2.11 2.39 2.68 2.98 3.30 3.62 3.95 4.28 4.60 4.89 5.13
11.15 11.44 11.64 11.76 11.79 11.73 11.63 11.48 11.27 11.04 10.84 10.66 10.52 10.40 10.32 10.27 10.26 10.27 10.31 10.35 10.34 10.29 10.21 10.08 9.91 9.70 9.45 9.17 8.86 8.57 8.32 8.09 7.88 7.73 7.62 7.55 7.52 7.52 7.52 7.54 7.55 7.54 7.50 7.41 7.25 7.04 6.78 6.48 6.12 5.73 5.31 4.85 4.36 3.84 3.30 2.74 2.20 1.71 1.29 0.93 0.65 0.44 0.31 0.27 0.31 0.44 0.61 0.80 1.02 1.25 1.49 1.75 2.01 2.29 2.56 2.84 3.14 3.45 3.76 4.06 4.34 4.59 4.80
10.60 10.90 11.12 11.26 11.30 11.25 11.11 10.92 10.69 10.47 10.29 10.13 10.01 9.90 9.83 9.78 9.77 9.77 9.80 9.83 9.81 9.76 9.66 9.53 9.36 9.16 8.92 8.65 8.34 8.01 7.71 7.44 7.23 7.09 7.01 6.97 6.97 7.00 7.04 7.10 7.16 7.20 7.22 7.17 7.05 6.88 6.64 6.35 6.01 5.63 5.20 4.73 4.23 3.69 3.12 2.56 2.05 1.59 1.20 0.86 0.59 0.40 0.28 0.24 0.28 0.40 0.57 0.76 0.97 1.19 1.43 1.68 1.94 2.20 2.47 2.74 3.01 3.30 3.58 3.84 4.08 4.28 4.46
9.97 10.29 10.52 10.66 10.71 10.66 10.52 10.31 10.10 9.92 9.76 9.63 9.51 9.43 9.36 9.32 9.30 9.30 9.32 9.33 9.31 9.25 9.16 9.02 8.86 8.66 8.43 8.17 7.88 7.56 7.22 6.94 6.74 6.61 6.53 6.51 6.53 6.59 6.66 6.75 6.84 6.93 6.99 6.98 6.90 6.74 6.52 6.24 5.91 5.51 5.07 4.59 4.06 3.49 2.93 2.40 1.93 1.50 1.13 0.81 0.56 0.38 0.27 0.23 0.27 0.39 0.55 0.73 0.93 1.15 1.38 1.62 1.87 2.13 2.39 2.65 2.91 3.16 3.40 3.61 3.80 3.97 4.11
9.29 9.60 9.83 9.97 10.02 9.97 9.85 9.69 9.53 9.38 9.25 9.14 9.04 8.97 8.92 8.88 8.86 8.86 8.87 8.87 8.85 8.78 8.69 8.56 8.40 8.21 7.99 7.74 7.46 7.17 6.87 6.60 6.39 6.26 6.19 6.18 6.21 6.28 6.37 6.49 6.61 6.73 6.82 6.84 6.77 6.63 6.42 6.14 5.80 5.39 4.93 4.41 3.85 3.29 2.76 2.27 1.83 1.43 1.08 0.79 0.56 0.39 0.28 0.25 0.28 0.40 0.55 0.72 0.92 1.12 1.35 1.58 1.82 2.07 2.33 2.58 2.82 3.04 3.22 3.39 3.53 3.66 3.77
8.56 8.86 9.08 9.20 9.24 9.20 9.14 9.06 8.96 8.85 8.75 8.67 8.60 8.54 8.50 8.47 8.45 8.44 8.45 8.45 8.41 8.35 8.25 8.13 7.98 7.80 7.59 7.36 7.10 6.85 6.62 6.39 6.19 6.05 5.97 5.95 5.99 6.06 6.17 6.30 6.44 6.58 6.70 6.73 6.68 6.55 6.33 6.04 5.68 5.25 4.76 4.21 3.65 3.11 2.61 2.16 1.75 1.38 1.06 0.78 0.57 0.41 0.31 0.28 0.31 0.42 0.56 0.73 0.91 1.11 1.33 1.55 1.79 2.03 2.27 2.51 2.72 2.89 3.04 3.16 3.27 3.35 3.43
7.79 8.07 8.26 8.37 8.40 8.42 8.43 8.42 8.39 8.34 8.28 8.22 8.17 8.13 8.10 8.08 8.07 8.06 8.07 8.06 8.02 7.96 7.86 7.75 7.60 7.43 7.24 7.03 6.82 6.62 6.44 6.27 6.11 5.96 5.87 5.84 5.87 5.94 6.05 6.18 6.33 6.49 6.62 6.67 6.62 6.48 6.25 5.94 5.55 5.09 4.56 4.01 3.47 2.97 2.50 2.07 1.69 1.35 1.05 0.80 0.60 0.45 0.36 0.32 0.36 0.46 0.59 0.75 0.93 1.12 1.32 1.54 1.77 2.00 2.22 2.42 2.60 2.74 2.85 2.94 3.01 3.06 3.10
6.99 7.23 7.39 7.49 7.58 7.65 7.72 7.78 7.81 7.83 7.82 7.79 7.77 7.75 7.73 7.72 7.72 7.71 7.71 7.70 7.66 7.60 7.51 7.40 7.27 7.11 6.94 6.77 6.61 6.47 6.33 6.21 6.09 5.98 5.88 5.84 5.85 5.91 6.00 6.13 6.28 6.45 6.58 6.63 6.57 6.42 6.17 5.83 5.41 4.91 4.37 3.85 3.34 2.87 2.43 2.02 1.66 1.34 1.06 0.83 0.64 0.50 0.42 0.39 0.42 0.51 0.64 0.79 0.95 1.13 1.33 1.54 1.75 1.97 2.16 2.32 2.46 2.57 2.66 2.72 2.76 2.78 2.79
6.17 6.37 6.52 6.65 6.78 6.91 7.03 7.14 7.24 7.31 7.36 7.39 7.39 7.39 7.40 7.40 7.40 7.40 7.40 7.38 7.35 7.29 7.21 7.11 6.98 6.85 6.71 6.59 6.48 6.38 6.29 6.21 6.13 6.06 5.99 5.93 5.91 5.95 6.03 6.15 6.29 6.44 6.58 6.61 6.54 6.36 6.08 5.71 5.24 4.73 4.23 3.74 3.26 2.82 2.40 2.01 1.66 1.36 1.10 0.88 0.71 0.58 0.50 0.47 0.49 0.58 0.69 0.83 0.99 1.16 1.35 1.55 1.74 1.92 2.07 2.20 2.31 2.40 2.46 2.50 2.51 2.51 2.49
5.34 5.51 5.68 5.86 6.04 6.21 6.38 6.54 6.68 6.81 6.91 6.99 7.04 7.07 7.09 7.10 7.12 7.12 7.12 7.11 7.07 7.02 6.94 6.85 6.75 6.65 6.56 6.48 6.41 6.36 6.30 6.26 6.21 6.17 6.13 6.09 6.06 6.07 6.12 6.21 6.34 6.48 6.60 6.61 6.51 6.30 5.98 5.56 5.09 4.61 4.14 3.68 3.23 2.81 2.41 2.04 1.70 1.41 1.15 0.95 0.79 0.67 0.59 0.56 0.58 0.66 0.76 0.89 1.04 1.20 1.38 1.55 1.72 1.86 1.98 2.07 2.15 2.21 2.25 2.27 2.27 2.25 2.22
4.53 4.72 4.93 5.13 5.35 5.56 5.77 5.96 6.15 6.32 6.47 6.60 6.70 6.77 6.81 6.84 6.87 6.88 6.88 6.87 6.84 6.79 6.73 6.65 6.58 6.52 6.47 6.44 6.41 6.38 6.36 6.35 6.33 6.32 6.31 6.29 6.27 6.25 6.27 6.33 6.43 6.54 6.64 6.63 6.49 6.24 5.87 5.44 5.00 4.56 4.12 3.68 3.26 2.85 2.47 2.11 1.79 1.49 1.24 1.04 0.88 0.77 0.69 0.66 0.68 0.75 0.84 0.96 1.10 1.25 1.40 1.55 1.67 1.78 1.86 1.93 1.99 2.02 2.04 2.04 2.03 2.00 1.96
3.81 4.03 4.26 4.49 4.73 4.97 5.21 5.44 5.67 5.87 6.06 6.23 6.37 6.49 6.57 6.62 6.65 6.67 6.68 6.67 6.65 6.61 6.56 6.51 6.48 6.46 6.45 6.44 6.44 6.45 6.46 6.47 6.48 6.49 6.50 6.50 6.50 6.49 6.48 6.50 6.55 6.64 6.70 6.65 6.47 6.17 5.79 5.39 4.98 4.57 4.16 3.74 3.34 2.95 2.58 2.23 1.91 1.62 1.37 1.16 1.00 0.88 0.81 0.78 0.79 0.85 0.93 1.04 1.16 1.30 1.42 1.52 1.61 1.68 1.74 1.78 1.81 1.83 1.83 1.82 1.79 1.76 1.71
3.21 3.44 3.69 3.94 4.20 4.47 4.73 4.99 5.24 5.48 5.70 5.90 6.08 6.23 6.34 6.43 6.48 6.51 6.52 6.52 6.50 6.47 6.45 6.44 6.45 6.46 6.47 6.50 6.53 6.56 6.59 6.62 6.65 6.68 6.70 6.72 6.72 6.72 6.71 6.70 6.71 6.75 6.77 6.67 6.44 6.12 5.78 5.42 5.04 4.65 4.26 3.87 3.49 3.11 2.75 2.41 2.09 1.80 1.54 1.32 1.15 1.02 0.94 0.91 0.91 0.96 1.03 1.13 1.23 1.33 1.41 1.48 1.53 1.58 1.61 1.63 1.64 1.63 1.62 1.60 1.57 1.53 1.48
2.74 2.97 3.23 3.50 3.77 4.05 4.33 4.61 4.88 5.14 5.38 5.61 5.82 6.00 6.15 6.26 6.34 6.38 6.40 6.40 6.40 6.40 6.41 6.43 6.46 6.50 6.54 6.59 6.64 6.69 6.74 6.79 6.83 6.87 6.90 6.93 6.94 6.95 6.94 6.91 6.88 6.87 6.84 6.69 6.45 6.16 5.85 5.52 5.17 4.81 4.44 4.07 3.70 3.33 2.98 2.64 2.32 2.02 1.76 1.53 1.34 1.19 1.09 1.04 1.04 1.08 1.14 1.21 1.28 1.34 1.38 1.42 1.45 1.46 1.47 1.47 1.46 1.44 1.42 1.39 1.35 1.31 1.26
2.40 2.64 2.90 3.17 3.45 3.74 4.03 4.32 4.60 4.88 5.14 5.39 5.61 5.81 5.99 6.13 6.23 6.30 6.33 6.34 6.36 6.39 6.43 6.47 6.53 6.59 6.65 6.72 6.78 6.85 6.91 6.97 7.02 7.06 7.10 7.13 7.14 7.15 7.14 7.11 7.06 7.01 6.92 6.76 6.54 6.29 6.02 5.71 5.39 5.05 4.69 4.33 3.97 3.61 3.26 2.92 2.60 2.30 2.02 1.78 1.57 1.40 1.28 1.20 1.18 1.20 1.24 1.28 1.31 1.33 1.34 1.35 1.35 1.34 1.33 1.31 1.28 1.26 1.22 1.18 1.14 1.10 1.05
2.21 2.44 2.70 2.97 3.25 3.54 3.83 4.12 4.41 4.70 4.97 5.23 5.47 5.68 5.87 6.04 6.16 6.25 6.29 6.31 6.36 6.41 6.47 6.54 6.61 6.69 6.77 6.85 6.92 7.00 7.07 7.13 7.19 7.24 7.28 7.31 7.32 7.32 7.30 7.26 7.21 7.13 7.03 6.90 6.72 6.50 6.25 5.97 5.67 5.35 5.01 4.66 4.31 3.95 3.60 3.26 2.93 2.62 2.33 2.07 1.84 1.65 1.49 1.39 1.33 1.33 1.33 1.33 1.32 1.31 1.29 1.27 1.25 1.22 1.19 1.15 1.11 1.08 1.04 1.00 0.96 0.91 0.87
2.08 2.31 2.56 2.82 3.10 3.39 3.68 3.98 4.27 4.57 4.85 5.11 5.37 5.60 5.80 5.98 6.12 6.22 6.20 6.18 6.24 6.32 6.41 6.50 6.60 6.70 6.80 6.89 6.98 7.07 7.15 7.23 7.29 7.35 7.39 7.42 7.43 7.43 7.41 7.37 7.31 7.22 7.13 7.02 6.88 6.69 6.47 6.22 5.94 5.64 5.32 4.98 4.64 4.29 3.94 3.59 3.26 2.94 2.64 2.36 2.11 1.89 1.72 1.58 1.49 1.45 1.42 1.38 1.34 1.30 1.25 1.21 1.16 1.11 1.06 1.01 0.97 0.92 0.88 0.84 0.80 0.76 0.73
1.97 2.19 2.43 2.70 2.97 3.26 3.56 3.86 4.16 4.46 4.75 5.03 5.29 5.53 5.76 5.95 6.10 6.14 6.04 5.94 5.96 6.07 6.19 6.31 6.44 6.56 6.69 6.81 6.92 7.03 7.14 7.23 7.31 7.38 7.43 7.47 7.49 7.49 7.48 7.44 7.37 7.29 7.18 7.08 6.96 6.82 6.63 6.41 6.16 5.88 5.57 5.25 4.92 4.58 4.24 3.89 3.56 3.23 2.92 2.63 2.36 2.13 1.93 1.76 1.65 1.58 1.52 1.45 1.38 1.30 1.23 1.16 1.09 1.03 0.97 0.91 0.85 0.80 0.76 0.72 0.68 0.65 0.63
1.88 2.09 2.33 2.59 2.87 3.16 3.46 3.76 4.07 4.37 4.67 4.96 5.24 5.50 5.74 5.94 6.03 5.99 5.82 5.64 5.60 5.67 5.82 5.98 6.14 6.30 6.46 6.61 6.76 6.90 7.02 7.14 7.24 7.33 7.41 7.46 7.50 7.51 7.51 7.48 7.41 7.32 7.22 7.11 7.00 6.88 6.73 6.54 6.31 6.06 5.78 5.48 5.16 4.83 4.49 4.16 3.82 3.49 3.18 2.88 2.60 2.34 2.12 1.94 1.80 1.70 1.62 1.52 1.42 1.33 1.23 1.14 1.05 0.97 0.90 0.83 0.77 0.72 0.67 0.63 0.61 0.59 0.58
1.81 2.01 2.25 2.50 2.78 3.07 3.37 3.68 4.00 4.31 4.62 4.92 5.22 5.49 5.73 5.88 5.90 5.78 5.54 5.30 5.18 5.20 5.32 5.52 5.73 5.93 6.13 6.32 6.50 6.68 6.84 6.98 7.12 7.23 7.33 7.41 7.47 7.51 7.52 7.49 7.43 7.34 7.23 7.11 7.00 6.88 6.76 6.60 6.41 6.19 5.93 5.65 5.35 5.04 4.72 4.39 4.05 3.73 3.41 3.10 2.81 2.55 2.31 2.11 1.95 1.83 1.72 1.61 1.49 1.37 1.25 1.14 1.04 0.94 0.86 0.78 0.72 0.67 0.62 0.59 0.57 0.56 0.57
1.74 1.95 2.18 2.43 2.71 3.00 3.31 3.63 3.95 4.27 4.59 4.91 5.21 5.49 5.68 5.75 5.69 5.51 5.21 4.91 4.74 4.70 4.77 4.96 5.20 5.46 5.70 5.94 6.17 6.38 6.59 6.77 6.94 7.09 7.23 7.34 7.43 7.48 7.50 7.47 7.41 7.32 7.21 7.09 6.98 6.86 6.74 6.61 6.46 6.26 6.04 5.78 5.51 5.21 4.90 4.58 4.26 3.93 3.61 3.30 3.01 2.73 2.49 2.27 2.10 1.96 1.83 1.69 1.56 1.42 1.29 1.16 1.04 0.94 0.85 0.77 0.70 0.65 0.61 0.59 0.58 0.58 0.60
1.69 1.89 2.12 2.38 2.66 2.95 3.26 3.59 3.92 4.25 4.58 4.91 5.22 5.44 5.56 5.56 5.43 5.19 4.83 4.49 4.27 4.19 4.22 4.36 4.60 4.90 5.20 5.49 5.77 6.03 6.28 6.52 6.73 6.93 7.10 7.25 7.36 7.43 7.45 7.43 7.38 7.29 7.17 7.05 6.94 6.82 6.70 6.57 6.44 6.29 6.09 5.87 5.61 5.34 5.05 4.74 4.43 4.11 3.79 3.49 3.19 2.91 2.66 2.43 2.24 2.08 1.93 1.79 1.64 1.49 1.34 1.21 1.08 0.97 0.87 0.78 0.72 0.67 0.64 0.62 0.62 0.64 0.68
1.65 1.85 2.08 2.34 2.62 2.92 3.23 3.56 3.90 4.24 4.59 4.92 5.18 5.33 5.37 5.31 5.13 4.84 4.43 4.05 3.79 3.66 3.66 3.77 3.98 4.28 4.63 4.98 5.32 5.64 5.95 6.23 6.50 6.74 6.96 7.15 7.27 7.35 7.39 7.37 7.32 7.23 7.12 7.00 6.88 6.75 6.63 6.51 6.39 6.26 6.10 5.90 5.68 5.43 5.15 4.87 4.57 4.26 3.95 3.65 3.35 3.07 2.81 2.58 2.38 2.20 2.04 1.88 1.72 1.57 1.42 1.27 1.14 1.02 0.92 0.83 0.77 0.72 0.70 0.69 0.71 0.75 0.78
1.61 1.82 2.05 2.31 2.59 2.89 3.22 3.55 3.90 4.26 4.60 4.88 5.07 5.15 5.14 5.01 4.79 4.45 4.01 3.59 3.30 3.15 3.11 3.19 3.38 3.66 4.02 4.43 4.83 5.22 5.59 5.93 6.26 6.56 6.82 7.02 7.16 7.25 7.30 7.29 7.24 7.15 7.04 6.92 6.80 6.68 6.56 6.43 6.31 6.18 6.05 5.89 5.70 5.47 5.23 4.96 4.68 4.38 4.09 3.79 3.50 3.22 2.96 2.72 2.51 2.33 2.16 1.98 1.82 1.66 1.50 1.35 1.22 1.10 0.99 0.91 0.85 0.81 0.80 0.81 0.84 0.87 0.89
