data_processed/recharge/precip/Precip_1985_09.asc
ncols        168
nrows        136
xllcorner    455000
yllcorner    2107000
cellsize     500
NODATA_value     -99999
[rows 32 to 63 of 136, columns 74 to 147 of 168]
58.80 58.92 59.08 59.29 59.55 59.84 60.18 60.53 60.85 61.15 61.42 61.67 61.89 62.08 62.25 62.39 62.51 62.60 62.67 62.72 62.74 62.74 62.71 62.67 62.60 62.50 62.39 62.25 62.10 61.92 61.72 61.50 61.26 61.00 60.72 60.41 60.06 59.67 59.23 58.76 58.23 57.67 57.07 56.42 55.74 55.02 54.25 53.45 52.58 51.65 50.66 49.62 48.54 47.43 46.30 45.16 44.02 42.89 41.79 40.71 39.66 38.65 37.67 36.72 35.81 34.95 34.13 33.36 32.65 31.99 31.39 30.86 30.40 30.01
58.62 58.71 58.84 59.03 59.25 59.53 59.81 60.07 60.31 60.52 60.72 60.89 61.04 61.17 61.27 61.36 61.42 61.46 61.49 61.49 61.47 61.43 61.38 61.30 61.21 61.10 60.97 60.82 60.66 60.47 60.27 60.06 59.82 59.57 59.31 59.03 58.72 58.38 58.00 57.58 57.12 56.63 56.09 55.52 54.91 54.26 53.58 52.86 52.08 51.23 50.33 49.37 48.38 47.36 46.32 45.27 44.23 43.19 42.17 41.18 40.21 39.27 38.35 37.46 36.61 35.80 35.02 34.30 33.62 33.00 32.43 31.93 31.49 31.11
58.43 58.49 58.60 58.75 58.95 59.16 59.36 59.53 59.69 59.83 59.95 60.05 60.13 60.20 60.25 60.28 60.29 60.28 60.26 60.23 60.18 60.11 60.02 59.93 59.81 59.68 59.54 59.39 59.22 59.03 58.84 58.63 58.41 58.17 57.93 57.67 57.40 57.11 56.79 56.43 56.04 55.61 55.15 54.65 54.12 53.56 52.96 52.33 51.64 50.88 50.07 49.21 48.31 47.38 46.43 45.48 44.53 43.59 42.66 41.75 40.86 39.98 39.13 38.30 37.50 36.74 36.02 35.33 34.70 34.11 33.57 33.09 32.67 32.31
58.24 58.26 58.34 58.46 58.60 58.73 58.84 58.93 59.01 59.08 59.12 59.16 59.18 59.19 59.18 59.16 59.12 59.08 59.02 58.94 58.86 58.76 58.66 58.54 58.41 58.27 58.12 57.96 57.79 57.61 57.42 57.22 57.01 56.80 56.57 56.34 56.10 55.86 55.60 55.31 54.98 54.63 54.24 53.83 53.38 52.90 52.39 51.86 51.26 50.60 49.88 49.12 48.32 47.49 46.64 45.79 44.94 44.09 43.25 42.42 41.60 40.79 40.00 39.24 38.50 37.79 37.11 36.47 35.87 35.32 34.81 34.35 33.96 33.62
58.04 58.03 58.07 58.13 58.19 58.23 58.25 58.27 58.27 58.27 58.25 58.22 58.18 58.13 58.07 58.01 57.93 57.84 57.75 57.64 57.53 57.41 57.28 57.15 57.01 56.86 56.70 56.54 56.37 56.20 56.02 55.84 55.65 55.46 55.26 55.06 54.85 54.64 54.43 54.21 53.96 53.69 53.38 53.05 52.69 52.30 51.89 51.45 50.96 50.40 49.78 49.12 48.42 47.69 46.95 46.20 45.44 44.69 43.93 43.18 42.43 41.70 40.97 40.27 39.59 38.93 38.30 37.71 37.15 36.63 36.15 35.72 35.35 35.03
57.83 57.78 57.76 57.74 57.70 57.66 57.61 57.55 57.49 57.41 57.33 57.24 57.15 57.05 56.94 56.83 56.71 56.59 56.46 56.33 56.19 56.05 55.91 55.76 55.61 55.45 55.30 55.14 54.98 54.81 54.65 54.48 54.32 54.15 53.98 53.82 53.65 53.48 53.32 53.15 52.98 52.78 52.57 52.32 52.06 51.77 51.46 51.12 50.73 50.27 49.76 49.20 48.61 47.99 47.35 46.71 46.05 45.38 44.71 44.04 43.37 42.70 42.05 41.40 40.78 40.17 39.60 39.04 38.53 38.04 37.60 37.20 36.84 36.54
57.60 57.50 57.39 57.28 57.16 57.04 56.91 56.78 56.65 56.51 56.37 56.23 56.08 55.93 55.78 55.63 55.48 55.32 55.16 55.01 54.85 54.69 54.53 54.38 54.22 54.07 53.91 53.76 53.61 53.46 53.31 53.17 53.03 52.89 52.76 52.63 52.50 52.38 52.26 52.15 52.04 51.93 51.80 51.66 51.49 51.30 51.09 50.86 50.57 50.23 49.83 49.38 48.90 48.39 47.86 47.32 46.75 46.17 45.59 44.99 44.40 43.81 43.22 42.64 42.07 41.52 40.99 40.49 40.01 39.56 39.15 38.78 38.45 38.16
57.34 57.15 56.95 56.76 56.56 56.37 56.17 55.97 55.77 55.57 55.38 55.18 54.99 54.80 54.60 54.41 54.23 54.04 53.86 53.68 53.51 53.34 53.17 53.01 52.85 52.70 52.55 52.41 52.27 52.14 52.01 51.90 51.78 51.68 51.58 51.49 51.41 51.34 51.27 51.22 51.17 51.13 51.10 51.05 50.98 50.90 50.80 50.68 50.51 50.27 49.99 49.65 49.29 48.89 48.47 48.02 47.55 47.07 46.56 46.05 45.53 45.01 44.49 43.98 43.47 42.98 42.50 42.04 41.60 41.19 40.81 40.47 40.16 39.90
57.02 56.74 56.46 56.19 55.91 55.65 55.38 55.12 54.86 54.61 54.36 54.11 53.87 53.64 53.41 53.19 52.97 52.76 52.56 52.37 52.18 52.00 51.82 51.66 51.50 51.36 51.22 51.09 50.97 50.86 50.76 50.67 50.59 50.52 50.47 50.42 50.39 50.37 50.36 50.37 50.38 50.41 50.46 50.51 50.54 50.57 50.58 50.58 50.53 50.41 50.24 50.03 49.78 49.50 49.18 48.83 48.45 48.06 47.64 47.21 46.77 46.32 45.87 45.42 44.97 44.53 44.11 43.69 43.30 42.93 42.58 42.27 41.99 41.74
56.64 56.27 55.92 55.57 55.22 54.88 54.56 54.23 53.92 53.61 53.31 53.03 52.75 52.47 52.21 51.96 51.72 51.49 51.27 51.06 50.86 50.67 50.50 50.34 50.19 50.05 49.92 49.81 49.71 49.63 49.56 49.50 49.46 49.43 49.42 49.42 49.44 49.48 49.53 49.59 49.68 49.78 49.90 50.04 50.18 50.32 50.45 50.57 50.64 50.65 50.60 50.51 50.38 50.20 49.98 49.74 49.46 49.15 48.82 48.48 48.11 47.74 47.36 46.97 46.58 46.20 45.82 45.46 45.11 44.78 44.46 44.18 43.92 43.70
56.20 55.76 55.33 54.90 54.49 54.09 53.70 53.32 52.95 52.60 52.26 51.92 51.61 51.30 51.01 50.73 50.47 50.22 49.99 49.77 49.56 49.37 49.20 49.04 48.90 48.78 48.67 48.58 48.50 48.45 48.41 48.39 48.39 48.40 48.44 48.49 48.57 48.66 48.78 48.91 49.07 49.24 49.44 49.66 49.90 50.16 50.41 50.65 50.85 50.98 51.07 51.09 51.07 51.00 50.89 50.75 50.56 50.35 50.11 49.85 49.56 49.26 48.95 48.63 48.30 47.98 47.65 47.34 47.03 46.73 46.46 46.20 45.97 45.77
55.72 55.20 54.70 54.21 53.73 53.27 52.82 52.39 51.97 51.57 51.19 50.82 50.47 50.13 49.81 49.51 49.23 48.97 48.72 48.50 48.29 48.10 47.93 47.78 47.66 47.55 47.46 47.39 47.35 47.32 47.32 47.34 47.38 47.45 47.53 47.64 47.78 47.94 48.12 48.32 48.55 48.81 49.09 49.40 49.73 50.08 50.46 50.83 51.16 51.42 51.63 51.78 51.87 51.91 51.91 51.86 51.78 51.65 51.50 51.32 51.12 50.89 50.65 50.40 50.13 49.86 49.59 49.32 49.06 48.81 48.57 48.34 48.14 47.96
55.20 54.61 54.03 53.48 52.94 52.42 51.92 51.44 50.97 50.53 50.11 49.71 49.33 48.97 48.63 48.31 48.01 47.74 47.49 47.26 47.05 46.87 46.71 46.57 46.46 46.37 46.30 46.27 46.25 46.26 46.30 46.36 46.45 46.57 46.71 46.88 47.08 47.30 47.55 47.83 48.14 48.48 48.85 49.24 49.67 50.12 50.61 51.11 51.57 51.97 52.30 52.56 52.77 52.92 53.03 53.08 53.09 53.07 53.00 52.91 52.78 52.63 52.46 52.27 52.07 51.86 51.64 51.42 51.21 50.99 50.79 50.60 50.42 50.26
54.67 54.01 53.37 52.75 52.15 51.58 51.03 50.50 49.99 49.51 49.06 48.62 48.22 47.83 47.47 47.14 46.83 46.55 46.29 46.07 45.86 45.69 45.54 45.42 45.33 45.26 45.22 45.22 45.24 45.29 45.37 45.48 45.62 45.79 45.99 46.22 46.48 46.78 47.10 47.46 47.85 48.28 48.73 49.22 49.74 50.30 50.89 51.49 52.07 52.59 53.05 53.44 53.76 54.02 54.23 54.39 54.50 54.57 54.60 54.59 54.54 54.47 54.37 54.25 54.11 53.96 53.80 53.63 53.46 53.29 53.12 52.96 52.81 52.68
54.22 53.49 52.78 52.11 51.45 50.83 50.23 49.66 49.11 48.59 48.10 47.64 47.21 46.80 46.43 46.08 45.77 45.48 45.22 44.99 44.80 44.63 44.50 44.39 44.32 44.28 44.28 44.30 44.36 44.45 44.58 44.74 44.93 45.15 45.42 45.71 46.04 46.41 46.81 47.25 47.72 48.23 48.78 49.37 49.99 50.64 51.32 51.96 52.61 53.25 53.83 54.34 54.78 55.16 55.48 55.74 55.95 56.12 56.24 56.31 56.35 56.36 56.33 56.28 56.21 56.12 56.02 55.90 55.77 55.65 55.52 55.39 55.28 55.17
53.87 53.08 52.31 51.57 50.87 50.19 49.55 48.93 48.35 47.79 47.27 46.79 46.33 45.90 45.51 45.16 44.83 44.54 44.28 44.06 43.87 43.72 43.60 43.51 43.47 43.45 43.48 43.54 43.64 43.77 43.94 44.15 44.40 44.68 45.00 45.37 45.77 46.21 46.69 47.21 47.77 48.37 49.01 49.69 50.41 51.15 51.86 52.54 53.22 53.92 54.62 55.25 55.81 56.31 56.74 57.11 57.43 57.69 57.90 58.07 58.19 58.28 58.33 58.36 58.35 58.32 58.28 58.22 58.14 58.06 57.97 57.89 57.80 57.72
53.63 52.77 51.95 51.15 50.39 49.67 48.98 48.32 47.70 47.12 46.57 46.05 45.57 45.13 44.73 44.36 44.03 43.74 43.48 43.26 43.08 42.94 42.84 42.78 42.76 42.77 42.83 42.93 43.06 43.24 43.46 43.72 44.03 44.37 44.76 45.19 45.66 46.18 46.73 47.34 47.98 48.67 49.41 50.19 50.98 51.76 52.50 53.21 53.93 54.67 55.42 56.17 56.85 57.47 58.01 58.49 58.91 59.28 59.59 59.85 60.06 60.23 60.36 60.46 60.53 60.57 60.58 60.58 60.55 60.52 60.48 60.43 60.38 60.33
53.50 52.58 51.69 50.84 50.03 49.26 48.53 47.83 47.18 46.56 45.98 45.44 44.95 44.49 44.07 43.70 43.36 43.07 42.81 42.60 42.44 42.31 42.23 42.19 42.19 42.24 42.33 42.47 42.65 42.87 43.14 43.46 43.82 44.22 44.67 45.17 45.72 46.31 46.95 47.64 48.37 49.16 49.99 50.84 51.67 52.47 53.24 53.99 54.73 55.50 56.29 57.10 57.89 58.63 59.29 59.88 60.41 60.88 61.29 61.64 61.95 62.20 62.42 62.59 62.73 62.84 62.92 62.97 63.00 63.02 63.03 63.02 63.01 63.00
53.47 52.49 51.55 50.65 49.79 48.97 48.19 47.46 46.77 46.13 45.52 44.96 44.45 43.98 43.55 43.17 42.83 42.53 42.29 42.09 41.93 41.82 41.76 41.75 41.78 41.86 41.98 42.16 42.38 42.66 42.98 43.35 43.77 44.24 44.76 45.33 45.95 46.62 47.34 48.12 48.94 49.82 50.72 51.60 52.45 53.28 54.07 54.85 55.63 56.43 57.25 58.09 58.94 59.79 60.57 61.28 61.91 62.49 63.00 63.45 63.84 64.19 64.49 64.74 64.96 65.13 65.28 65.40 65.49 65.56 65.61 65.65 65.68 65.70
53.55 52.51 51.51 50.56 49.66 48.80 47.98 47.21 46.49 45.82 45.19 44.61 44.08 43.59 43.16 42.77 42.43 42.14 41.90 41.71 41.57 41.48 41.44 41.45 41.51 41.63 41.79 42.01 42.28 42.60 42.97 43.40 43.88 44.42 45.01 45.65 46.35 47.10 47.90 48.77 49.68 50.63 51.55 52.45 53.33 54.17 55.00 55.80 56.61 57.44 58.29 59.16 60.05 60.95 61.84 62.66 63.41 64.09 64.71 65.26 65.75 66.19 66.57 66.91 67.20 67.45 67.67 67.85 68.00 68.13 68.23 68.32 68.39 68.45
53.71 52.64 51.60 50.59 49.64 48.74 47.89 47.08 46.33 45.63 44.98 44.38 43.84 43.34 42.90 42.51 42.17 41.88 41.65 41.47 41.35 41.28 41.26 41.30 41.40 41.55 41.75 42.01 42.33 42.70 43.13 43.62 44.16 44.76 45.42 46.14 46.91 47.75 48.64 49.59 50.57 51.54 52.48 53.40 54.29 55.16 56.01 56.84 57.68 58.54 59.42 60.32 61.23 62.16 63.11 64.04 64.90 65.70 66.42 67.07 67.66 68.19 68.66 69.08 69.46 69.78 70.07 70.32 70.53 70.72 70.87 71.01 71.12 71.23
53.92 52.85 51.79 50.74 49.74 48.80 47.91 47.08 46.30 45.57 44.90 44.29 43.73 43.22 42.77 42.38 42.05 41.77 41.55 41.38 41.27 41.23 41.24 41.31 41.43 41.62 41.87 42.17 42.54 42.96 43.45 44.00 44.60 45.27 46.00 46.80 47.65 48.57 49.55 50.56 51.56 52.54 53.49 54.42 55.34 56.23 57.10 57.97 58.84 59.72 60.63 61.56 62.50 63.46 64.43 65.41 66.38 67.29 68.12 68.87 69.56 70.19 70.75 71.26 71.72 72.12 72.48 72.80 73.08 73.32 73.54 73.72 73.89 74.03
54.18 53.12 52.06 51.00 49.97 48.98 48.06 47.20 46.39 45.64 44.95 44.32 43.75 43.24 42.78 42.39 42.06 41.79 41.58 41.43 41.35 41.32 41.36 41.46 41.62 41.85 42.13 42.49 42.90 43.38 43.93 44.54 45.21 45.95 46.76 47.63 48.57 49.57 50.61 51.63 52.64 53.62 54.59 55.53 56.46 57.38 58.28 59.17 60.07 60.98 61.92 62.87 63.84 64.82 65.82 66.83 67.86 68.86 69.80 70.67 71.46 72.18 72.84 73.44 73.98 74.46 74.90 75.29 75.63 75.94 76.21 76.46 76.67 76.86
54.50 53.44 52.39 51.34 50.30 49.29 48.33 47.44 46.60 45.83 45.13 44.48 43.90 43.38 42.93 42.54 42.21 41.95 41.76 41.63 41.56 41.56 41.63 41.76 41.96 42.23 42.56 42.96 43.43 43.97 44.57 45.25 45.99 46.80 47.68 48.63 49.65 50.71 51.76 52.79 53.80 54.79 55.76 56.72 57.67 58.61 59.53 60.45 61.37 62.32 63.28 64.26 65.25 66.26 67.28 68.32 69.37 70.43 71.47 72.44 73.34 74.16 74.91 75.60 76.23 76.80 77.31 77.78 78.19 78.57 78.90 79.20 79.46 79.70
54.87 53.82 52.78 51.75 50.72 49.71 48.72 47.80 46.95 46.16 45.43 44.78 44.19 43.67 43.21 42.83 42.51 42.26 42.08 41.97 41.93 41.95 42.05 42.22 42.46 42.76 43.14 43.60 44.12 44.71 45.38 46.12 46.93 47.81 48.77 49.80 50.88 51.94 52.99 54.02 55.03 56.03 57.02 57.99 58.95 59.91 60.85 61.80 62.75 63.72 64.71 65.71 66.73 67.77 68.81 69.87 70.95 72.03 73.12 74.19 75.19 76.12 76.97 77.76 78.47 79.13 79.72 80.26 80.75 81.19 81.59 81.95 82.27 82.55
55.30 54.25 53.22 52.21 51.21 50.22 49.24 48.29 47.42 46.61 45.87 45.21 44.61 44.09 43.63 43.25 42.94 42.71 42.54 42.45 42.44 42.49 42.62 42.83 43.10 43.46 43.89 44.39 44.97 45.62 46.35 47.16 48.04 49.00 50.04 51.12 52.19 53.25 54.30 55.33 56.34 57.35 58.34 59.33 60.31 61.28 62.25 63.22 64.19 65.19 66.20 67.23 68.28 69.34 70.41 71.49 72.58 73.69 74.80 75.92 77.02 78.05 79.01 79.89 80.70 81.44 82.12 82.74 83.30 83.81 84.27 84.69 85.07 85.41
55.77 54.74 53.72 52.73 51.75 50.79 49.84 48.91 48.02 47.19 46.44 45.77 45.17 44.64 44.19 43.82 43.52 43.30 43.16 43.09 43.10 43.18 43.35 43.59 43.91 44.31 44.79 45.34 45.98 46.69 47.49 48.36 49.32 50.36 51.44 52.52 53.59 54.64 55.68 56.71 57.72 58.73 59.74 60.73 61.73 62.72 63.71 64.70 65.70 66.73 67.76 68.82 69.88 70.97 72.06 73.17 74.28 75.41 76.54 77.68 78.83 79.96 81.01 81.99 82.90 83.73 84.49 85.19 85.83 86.42 86.95 87.43 87.87 88.26
56.30 55.28 54.28 53.31 52.36 51.43 50.51 49.62 48.74 47.91 47.15 46.46 45.86 45.34 44.89 44.53 44.24 44.04 43.91 43.87 43.91 44.03 44.23 44.51 44.87 45.32 45.85 46.46 47.15 47.93 48.79 49.74 50.77 51.85 52.93 54.00 55.05 56.09 57.13 58.15 59.17 60.19 61.20 62.21 63.21 64.22 65.23 66.25 67.28 68.32 69.38 70.46 71.55 72.65 73.77 74.90 76.03 77.18 78.33 79.50 80.66 81.84 82.98 84.06 85.07 85.99 86.84 87.63 88.35 89.01 89.61 90.16 90.66 91.11
56.89 55.87 54.89 53.94 53.02 52.12 51.25 50.39 49.56 48.75 47.98 47.30 46.69 46.17 45.73 45.38 45.11 44.92 44.82 44.80 44.87 45.02 45.26 45.58 45.99 46.48 47.07 47.74 48.49 49.33 50.27 51.28 52.35 53.43 54.49 55.54 56.58 57.62 58.64 59.67 60.69 61.70 62.72 63.74 64.76 65.79 66.82 67.85 68.91 69.97 71.06 72.16 73.27 74.39 75.53 76.68 77.84 79.00 80.18 81.36 82.54 83.74 84.93 86.10 87.20 88.22 89.16 90.03 90.84 91.57 92.25 92.87 93.43 93.94
57.53 56.52 55.56 54.63 53.74 52.87 52.04 51.23 50.45 49.69 48.95 48.26 47.66 47.14 46.71 46.37 46.12 45.95 45.87 45.88 45.98 46.17 46.44 46.81 47.27 47.81 48.45 49.18 50.00 50.90 51.90 52.96 54.02 55.07 56.11 57.15 58.18 59.20 60.22 61.24 62.26 63.28 64.30 65.33 66.37 67.41 68.46 69.51 70.59 71.68 72.79 73.91 75.04 76.19 77.34 78.51 79.69 80.87 82.07 83.27 84.47 85.68 86.89 88.10 89.29 90.41 91.45 92.41 93.29 94.11 94.86 95.55 96.18 96.75
58.22 57.23 56.29 55.39 54.52 53.69 52.90 52.13 51.40 50.70 50.02 49.37 48.77 48.26 47.84 47.51 47.27 47.13 47.07 47.11 47.24 47.47 47.79 48.20 48.70 49.30 50.00 50.78 51.67 52.64 53.68 54.72 55.75 56.78 57.80 58.82 59.83 60.85 61.86 62.87 63.89 64.91 65.94 66.98 68.02 69.08 70.15 71.23 72.32 73.44 74.56 75.70 76.86 78.02 79.20 80.39 81.58 82.79 84.00 85.22 86.44 87.66 88.89 90.12 91.35 92.55 93.69 94.74 95.71 96.61 97.44 98.20 98.90 99.54
58.97 58.00 57.07 56.20 55.36 54.57 53.82 53.10 52.42 51.77 51.16 50.57 50.01 49.51 49.11 48.79 48.57 48.45 48.43 48.50 48.66 48.93 49.29 49.74 50.30 50.95 51.70 52.55 53.50 54.51 55.53 56.54 57.55 58.55 59.55 60.55 61.55 62.55 63.55 64.56 65.58 66.60 67.64 68.68 69.73 70.80 71.89 72.99 74.11 75.24 76.39 77.55 78.72 79.91 81.10 82.31 83.52 84.74 85.97 87.20 88.44 89.68 90.93 92.17 93.42 94.66 95.88 97.02 98.08 99.07 99.98 100.82 101.59 102.29
