data_processed/recharge/precip/Precip_1987_06.asc
ncols        168
nrows        136
xllcorner    455000
yllcorner    2107000
cellsize     500
NODATA_value     -99999
[rows 96 to 127 of 136, columns 0 to 71 of 168]
178.07 183.48 187.84 191.13 193.35 194.75 195.67 196.16 196.16 195.63 194.55 192.87 190.57 187.88 185.14 182.40 179.61 176.71 173.66 170.42 166.93 163.21 159.32 155.34 151.31 147.32 143.43 139.71 136.31 133.44 131.16 129.46 128.33 127.76 127.73 128.26 129.48 131.78 135.27 139.89 145.60 152.35 160.10 168.71 176.86 183.15 187.72 190.79 192.60 193.38 193.36 192.85 192.20 191.53 190.83 190.09 189.30 188.46 187.54 186.62 186.01 185.77 185.78 185.91 186.00 185.94 185.57 184.81 183.71 182.29 180.57 178.56
178.44 184.29 189.07 192.76 195.32 196.76 197.31 197.30 196.76 195.64 193.90 191.53 188.78 186.01 183.26 180.49 177.65 174.69 171.56 168.22 164.62 160.79 156.81 152.73 148.62 144.56 140.60 136.82 133.28 130.13 127.58 125.66 124.37 123.69 123.64 124.35 126.19 129.26 133.52 138.91 145.40 152.92 161.44 170.83 179.68 186.57 191.60 195.01 197.04 197.91 197.86 197.13 195.99 194.73 193.44 192.11 190.74 189.30 187.90 186.88 186.36 186.21 186.31 186.50 186.66 186.63 186.29 185.55 184.47 183.07 181.38 179.41
178.35 184.47 189.52 193.46 196.25 197.87 198.31 197.79 196.63 194.84 192.40 189.57 186.76 184.00 181.25 178.46 175.58 172.57 169.37 165.95 162.25 158.32 154.24 150.08 145.90 141.77 137.76 133.93 130.36 127.10 124.30 122.15 120.68 119.90 119.95 121.19 123.70 127.45 132.38 138.46 145.62 153.82 163.01 173.08 182.55 189.93 195.34 198.99 201.14 202.00 201.82 200.84 199.28 197.39 195.42 193.40 191.34 189.33 187.79 186.88 186.47 186.43 186.60 186.86 187.07 187.08 186.76 186.04 184.98 183.61 181.95 180.01
177.79 184.04 189.20 193.24 196.11 197.79 198.24 197.46 195.66 193.14 190.25 187.39 184.61 181.88 179.13 176.33 173.43 170.37 167.11 163.61 159.82 155.80 151.64 147.40 143.16 138.98 134.92 131.06 127.46 124.18 121.30 118.95 117.30 116.54 117.02 118.84 121.93 126.26 131.78 138.43 146.17 154.96 164.73 175.37 185.37 193.15 198.83 202.64 204.81 205.57 205.17 203.83 201.79 199.29 196.55 193.75 191.03 188.86 187.45 186.66 186.36 186.41 186.66 186.99 187.25 187.30 187.00 186.29 185.25 183.91 182.28 180.37
176.77 183.00 188.13 192.10 194.90 196.48 196.83 195.89 193.70 190.78 187.87 185.07 182.34 179.64 176.91 174.11 171.19 168.10 164.79 161.22 157.35 153.25 149.02 144.72 140.42 136.20 132.10 128.22 124.60 121.31 118.43 116.02 114.37 113.95 114.92 117.21 120.79 125.61 131.61 138.75 146.98 156.24 166.51 177.63 188.05 196.14 202.00 205.86 207.96 208.53 207.80 206.01 203.40 200.20 196.64 193.09 190.19 188.16 186.88 186.22 186.02 186.16 186.50 186.89 187.20 187.29 187.01 186.32 185.29 183.97 182.37 180.50
175.29 181.36 186.29 190.06 192.63 193.97 194.05 192.87 190.73 188.13 185.36 182.64 179.97 177.31 174.61 171.82 168.89 165.77 162.43 158.80 154.86 150.68 146.39 142.03 137.69 133.43 129.32 125.41 121.78 118.50 115.64 113.39 112.17 112.19 113.54 116.23 120.20 125.40 131.79 139.32 147.94 157.60 168.25 179.76 190.51 198.81 204.75 208.57 210.50 210.78 209.63 207.30 204.02 200.03 195.72 191.93 189.13 187.25 186.10 185.56 185.47 185.70 186.12 186.57 186.93 187.05 186.80 186.12 185.11 183.81 182.24 180.40
173.37 179.11 183.70 187.11 189.31 190.25 189.95 188.72 187.07 185.07 182.70 180.10 177.51 174.90 172.23 169.46 166.53 163.40 160.02 156.35 152.35 148.11 143.76 139.36 134.99 130.70 126.57 122.66 119.03 115.77 113.06 111.31 110.65 111.13 112.81 115.79 120.05 125.55 132.24 140.06 148.97 158.92 169.87 181.67 192.66 201.07 207.00 210.68 212.35 212.23 210.58 207.61 203.57 198.86 194.40 190.71 187.94 186.13 185.11 184.69 184.70 185.03 185.52 186.04 186.45 186.60 186.37 185.70 184.71 183.43 181.88 180.08
171.01 176.27 180.37 183.27 184.93 185.36 184.90 184.07 182.95 181.49 179.67 177.44 174.96 172.42 169.79 167.05 164.13 161.00 157.60 153.89 149.83 145.55 141.15 136.72 132.32 128.02 123.88 119.97 116.36 113.26 111.02 109.81 109.65 110.57 112.60 115.81 120.27 125.97 132.85 140.87 149.98 160.13 171.28 183.28 194.40 202.83 208.65 212.10 213.41 212.81 210.55 206.84 202.14 197.38 193.16 189.60 186.82 184.92 183.93 183.61 183.74 184.15 184.72 185.30 185.76 185.95 185.74 185.08 184.10 182.84 181.32 179.54
168.21 172.85 176.30 178.53 179.55 179.70 179.55 179.16 178.49 177.52 176.19 174.46 172.32 169.88 167.31 164.60 161.71 158.58 155.17 151.43 147.33 143.00 138.57 134.12 129.71 125.40 121.26 117.37 113.91 111.26 109.55 108.81 109.08 110.38 112.73 116.18 120.77 126.57 133.55 141.67 150.89 161.14 172.39 184.49 195.65 204.01 209.62 212.74 213.60 212.42 209.45 205.13 200.47 196.10 192.15 188.73 185.94 183.89 182.69 182.35 182.57 183.08 183.72 184.36 184.86 185.09 184.89 184.25 183.28 182.04 180.54 178.80
164.98 168.84 171.50 172.95 173.57 173.94 174.13 174.11 173.84 173.27 172.37 171.09 169.40 167.26 164.79 162.13 159.27 156.16 152.75 148.99 144.86 140.49 136.04 131.57 127.15 122.85 118.73 114.98 111.97 109.81 108.56 108.23 108.85 110.46 113.07 116.72 121.43 127.25 134.25 142.38 151.60 161.86 173.11 185.22 196.33 204.50 209.82 212.52 212.82 210.97 207.42 203.26 199.13 195.18 191.50 188.21 185.42 183.23 181.75 181.09 181.23 181.81 182.53 183.23 183.78 184.03 183.86 183.22 182.27 181.04 179.57 177.85
161.33 164.26 165.99 166.94 167.68 168.31 168.78 169.07 169.12 168.89 168.35 167.45 166.16 164.42 162.23 159.65 156.83 153.74 150.34 146.57 142.42 138.03 133.56 129.09 124.67 120.39 116.41 113.09 110.55 108.84 107.97 107.98 108.88 110.72 113.52 117.30 122.09 127.93 134.85 142.89 152.02 162.19 173.35 185.37 196.33 204.24 209.16 211.33 210.99 208.61 205.33 201.83 198.26 194.72 191.33 188.18 185.39 183.06 181.30 180.21 179.91 180.37 181.15 181.91 182.50 182.79 182.63 182.00 181.06 179.85 178.40 176.71
157.25 159.13 160.25 161.22 162.13 162.96 163.65 164.16 164.46 164.51 164.26 163.67 162.71 161.33 159.48 157.15 154.41 151.35 147.97 144.20 140.03 135.63 131.16 126.69 122.29 118.14 114.57 111.71 109.59 108.24 107.69 107.96 109.08 111.08 113.99 117.84 122.64 128.44 135.25 143.12 152.07 162.05 173.03 184.86 195.58 203.12 207.55 209.11 208.28 206.27 203.79 201.00 197.99 194.87 191.75 188.75 185.96 183.49 181.46 179.96 179.10 179.00 179.60 180.41 181.05 181.36 181.22 180.59 179.66 178.47 177.04 175.40
152.80 153.94 154.99 156.04 157.06 158.01 158.85 159.53 160.02 160.27 160.24 159.89 159.19 158.09 156.54 154.52 151.98 148.99 145.63 141.88 137.71 133.30 128.83 124.38 120.12 116.36 113.23 110.77 108.99 107.94 107.63 108.09 109.36 111.45 114.40 118.24 122.99 128.67 135.33 142.97 151.65 161.36 172.05 183.60 193.97 201.06 204.90 206.02 205.67 204.60 202.97 200.87 198.43 195.74 192.91 190.05 187.26 184.66 182.35 180.44 179.04 178.24 178.17 178.75 179.41 179.76 179.63 179.01 178.09 176.92 175.52 174.01
148.46 149.43 150.48 151.55 152.61 153.62 154.53 155.31 155.91 156.29 156.42 156.25 155.74 154.84 153.53 151.76 149.48 146.67 143.36 139.63 135.46 131.06 126.61 122.29 118.40 115.06 112.31 110.17 108.67 107.84 107.70 108.29 109.63 111.74 114.67 118.42 123.04 128.55 134.97 142.34 150.68 160.01 170.33 181.50 191.44 197.96 201.41 203.11 203.84 203.76 202.98 201.59 199.71 197.45 194.91 192.19 189.42 186.69 184.11 181.79 179.84 178.36 177.46 177.24 177.63 177.98 177.87 177.25 176.34 175.20 173.92 172.62
144.99 145.88 146.85 147.87 148.90 149.90 150.82 151.62 152.27 152.72 152.93 152.86 152.48 151.73 150.58 148.98 146.91 144.30 141.14 137.45 133.30 128.92 124.60 120.63 117.14 114.16 111.71 109.82 108.53 107.85 107.82 108.46 109.80 111.87 114.69 118.30 122.71 127.97 134.09 141.11 149.04 157.93 167.78 178.47 187.88 194.05 198.19 201.11 202.97 203.88 203.94 203.27 201.96 200.12 197.87 195.32 192.55 189.70 186.85 184.12 181.62 179.46 177.74 176.56 176.04 176.06 175.94 175.33 174.44 173.41 172.33 171.23
142.68 143.41 144.24 145.15 146.08 146.99 147.85 148.61 149.24 149.69 149.91 149.88 149.55 148.87 147.82 146.33 144.39 141.94 138.94 135.36 131.25 126.99 123.00 119.42 116.27 113.57 111.35 109.65 108.49 107.89 107.89 108.51 109.78 111.73 114.39 117.77 121.92 126.85 132.60 139.19 146.66 155.02 164.31 174.43 183.52 190.49 195.99 200.18 203.18 205.08 205.99 206.03 205.29 203.89 201.94 199.53 196.79 193.81 190.70 187.57 184.53 181.68 179.14 177.00 175.38 174.38 173.88 173.26 172.48 171.64 170.75 169.81
141.48 141.99 142.63 143.36 144.13 144.90 145.64 146.30 146.85 147.23 147.41 147.36 147.02 146.36 145.33 143.91 142.03 139.67 136.79 133.35 129.69 125.89 122.25 118.96 116.04 113.54 111.47 109.86 108.73 108.13 108.07 108.58 109.69 111.43 113.82 116.89 120.68 125.20 130.48 136.56 143.46 151.21 159.83 169.38 179.12 187.60 194.53 200.01 204.15 207.06 208.85 209.62 209.47 208.53 206.88 204.65 201.94 198.85 195.50 191.98 188.42 184.91 181.56 178.48 175.78 173.56 171.95 171.02 170.40 169.74 169.02 168.25
140.53 140.82 141.25 141.79 142.39 143.01 143.62 144.17 144.62 144.94 145.07 144.98 144.62 143.97 142.97 141.58 139.77 137.49 134.73 131.96 130.13 127.70 124.38 121.18 118.30 115.79 113.65 111.93 110.64 109.82 109.50 109.69 110.44 111.76 113.68 116.24 119.46 123.36 127.98 133.34 139.47 146.40 154.24 163.27 173.19 182.96 191.41 198.28 203.68 207.69 210.45 212.05 212.59 212.20 210.96 209.00 206.42 203.33 199.83 196.03 192.03 187.96 183.90 179.98 176.29 172.97 170.21 168.36 167.55 167.08 166.55 165.96
139.42 139.50 139.73 140.10 140.54 141.03 141.52 141.97 142.35 142.60 142.69 142.58 142.22 141.58 140.62 139.29 137.56 135.39 133.27 132.37 132.75 132.27 129.95 126.75 123.66 120.87 118.42 116.33 114.62 113.33 112.49 112.11 112.24 112.89 114.09 115.88 118.27 121.30 125.00 129.38 134.49 140.45 147.68 156.28 165.84 175.84 185.59 193.98 200.75 206.01 209.87 212.43 213.80 214.09 213.40 211.84 209.53 206.56 203.05 199.09 194.81 190.30 185.67 181.04 176.52 172.31 168.61 165.74 164.09 163.49 163.18 162.80
138.15 138.03 138.08 138.28 138.59 138.95 139.34 139.71 140.01 140.22 140.28 140.16 139.82 139.21 138.30 137.04 135.41 133.88 133.59 134.86 137.28 138.62 137.81 135.24 131.82 128.52 125.49 122.77 120.39 118.38 116.76 115.56 114.81 114.53 114.76 115.52 116.83 118.73 121.25 124.41 128.37 133.64 140.42 148.59 157.74 167.42 177.42 187.11 195.39 202.03 207.12 210.78 213.11 214.22 214.21 213.19 211.28 208.57 205.18 201.20 196.76 191.96 186.89 181.70 176.56 171.68 167.18 163.38 160.80 159.45 159.05 158.92
136.70 136.42 136.31 136.36 136.53 136.79 137.08 137.38 137.63 137.81 137.85 137.74 137.42 136.86 136.01 134.85 133.83 134.10 135.93 139.20 143.46 146.45 147.04 145.54 142.37 138.43 134.57 130.98 127.67 124.67 122.02 119.74 117.85 116.39 115.39 114.86 114.84 115.36 116.44 118.28 121.47 126.29 132.62 140.32 149.04 158.35 168.07 178.05 187.64 195.78 202.24 207.13 210.55 212.61 213.42 213.08 211.70 209.38 206.24 202.39 197.92 192.95 187.60 182.06 176.52 171.10 165.91 161.31 157.89 155.70 154.64 154.48
135.07 134.65 134.41 134.32 134.38 134.54 134.75 134.99 135.21 135.36 135.41 135.31 135.03 134.52 133.77 133.21 133.95 136.29 140.08 145.15 151.08 155.53 157.32 156.78 154.27 150.18 145.37 140.64 136.15 131.92 127.98 124.36 121.09 118.19 115.69 113.63 112.02 110.90 110.48 111.47 114.19 118.54 124.39 131.62 139.87 148.79 158.19 167.93 177.84 187.29 195.25 201.51 206.16 209.30 211.06 211.52 210.81 209.03 206.28 202.67 198.32 193.33 187.91 182.23 176.42 170.57 164.79 159.50 155.37 152.45 150.66 149.92
133.27 132.75 132.38 132.18 132.13 132.21 132.36 132.55 132.74 132.88 132.95 132.88 132.65 132.23 132.06 133.22 135.99 140.23 145.78 152.49 159.90 165.62 168.43 168.67 166.67 162.81 157.48 151.48 145.54 139.82 134.34 129.13 124.21 119.62 115.38 111.52 108.07 105.27 103.92 104.42 106.67 110.53 115.89 122.61 130.38 138.88 147.93 157.39 167.11 176.91 186.19 193.94 199.95 204.31 207.15 208.56 208.65 207.53 205.30 202.08 197.98 193.19 187.90 182.21 176.24 170.07 163.83 157.96 153.23 149.69 147.28 145.91
131.34 130.72 130.25 129.94 129.80 129.80 129.90 130.06 130.24 130.39 130.47 130.45 130.30 130.45 131.96 135.10 139.73 145.69 152.83 160.98 169.69 176.49 180.14 180.96 179.31 175.53 170.00 163.09 155.57 148.10 140.82 133.76 126.94 120.40 114.16 108.25 102.94 99.14 97.29 97.30 99.04 102.40 107.24 113.42 120.69 128.75 137.44 146.59 156.07 165.73 175.39 184.45 191.95 197.67 201.72 204.21 205.24 204.91 203.35 200.66 197.02 192.63 187.59 182.01 175.98 169.62 163.03 156.70 151.47 147.44 144.51 142.62
129.33 128.62 128.05 127.65 127.40 127.33 127.39 127.53 127.70 127.87 128.00 128.05 128.45 130.24 133.69 138.64 144.94 152.44 160.97 170.38 180.20 187.91 192.21 193.44 191.93 188.06 182.18 174.64 165.83 156.45 147.12 137.96 128.99 120.24 111.75 103.80 97.41 93.08 90.73 90.23 91.46 94.28 98.57 104.20 110.95 118.54 126.83 135.66 144.88 154.35 163.91 173.38 182.20 189.41 194.81 198.51 200.60 201.21 200.45 198.49 195.52 191.65 186.98 181.61 175.65 169.20 162.37 155.69 150.10 145.68 142.35 140.05
127.25 126.46 125.81 125.32 124.98 124.82 124.83 124.96 125.14 125.35 125.54 126.13 128.13 131.82 137.02 143.60 151.39 160.24 169.98 180.46 191.21 199.64 204.41 205.86 204.32 200.17 193.75 185.43 175.55 164.52 152.96 141.43 130.05 118.85 108.13 99.03 92.10 87.27 84.39 83.36 84.03 86.30 90.02 95.08 101.27 108.38 116.25 124.73 133.68 142.93 152.34 161.76 171.02 179.55 186.43 191.47 194.78 196.46 196.70 195.67 193.49 190.25 186.06 181.02 175.24 168.82 161.87 154.96 149.10 144.41 140.80 138.20
125.15 124.29 123.57 123.00 122.58 122.33 122.26 122.35 122.56 122.82 123.54 125.69 129.54 134.94 141.73 149.75 158.84 168.85 179.62 190.99 202.49 211.45 216.51 217.99 216.24 211.62 204.48 195.19 184.10 171.56 157.96 143.90 129.85 116.25 104.30 94.65 87.19 81.82 78.40 76.81 76.92 78.60 81.73 86.19 91.81 98.41 105.84 113.95 122.58 131.60 140.84 150.16 159.41 168.41 176.62 183.13 187.79 190.75 192.18 192.21 190.92 188.43 184.84 180.24 174.76 168.48 161.52 154.49 148.49 143.63 139.85 137.08
123.06 122.14 121.35 120.71 120.22 119.90 119.75 119.77 119.98 120.75 122.99 126.94 132.46 139.39 147.57 156.85 167.06 178.05 189.66 201.74 213.79 223.10 228.27 229.59 227.44 222.17 214.14 203.70 191.20 177.01 161.48 145.00 128.44 113.52 101.01 90.81 82.81 76.88 72.89 70.72 70.23 71.31 73.83 77.67 82.69 88.75 95.72 103.43 111.74 120.49 129.54 138.74 147.93 156.97 165.68 173.53 179.73 184.15 186.90 188.09 187.82 186.19 183.30 179.27 174.19 168.17 161.32 154.28 148.25 143.35 139.51 136.67
121.01 120.04 119.20 118.50 117.95 117.56 117.34 117.30 117.89 120.08 124.07 129.64 136.65 144.93 154.32 164.67 175.81 187.60 199.87 212.47 224.90 234.37 239.45 240.44 237.71 231.61 222.49 210.71 196.63 180.60 162.99 144.51 126.94 111.49 98.42 87.67 79.10 72.58 68.00 65.22 64.12 64.58 66.46 69.65 74.04 79.56 86.03 93.32 101.28 109.75 118.59 127.64 136.75 145.77 154.57 163.02 170.67 176.67 180.85 183.32 184.17 183.52 181.46 178.10 173.55 167.90 161.26 154.33 148.38 143.56 139.78 136.98
119.04 118.02 117.14 116.39 115.79 115.35 115.08 115.41 117.32 121.07 126.56 133.57 141.88 151.32 161.74 172.97 184.87 197.27 210.01 222.95 235.57 245.02 249.83 250.31 246.80 239.68 229.29 215.99 200.14 182.10 162.60 143.53 126.00 110.28 96.69 85.35 76.18 69.06 63.86 60.45 58.72 58.52 59.74 62.26 66.01 70.94 76.91 83.76 91.34 99.50 108.10 116.98 125.99 134.99 143.88 152.57 160.88 168.31 174.03 177.89 179.99 180.43 179.31 176.74 172.82 167.65 161.35 154.65 148.89 144.25 140.65 138.01
117.17 116.13 115.21 114.42 113.78 113.31 113.41 115.04 118.47 123.60 130.32 138.50 147.92 158.33 169.59 181.53 193.99 206.82 219.85 232.94 245.57 254.82 259.18 258.95 254.49 246.16 234.32 219.31 201.51 181.68 161.78 143.02 125.65 109.87 95.90 83.98 74.20 66.45 60.61 56.55 54.15 53.28 53.82 55.64 58.73 63.06 68.49 74.87 82.05 89.89 98.22 106.91 115.80 124.80 133.80 142.66 151.23 159.33 166.45 171.82 175.27 176.91 176.85 175.18 172.01 167.44 161.58 155.22 149.77 145.43 142.12 139.75
115.45 114.38 113.44 112.63 111.97 111.87 113.25 116.38 121.16 127.48 135.22 144.28 154.53 165.74 177.65 190.11 202.95 216.02 229.16 242.22 254.67 263.53 267.25 266.13 260.54 250.82 237.34 220.45 200.95 180.91 161.58 143.23 126.06 110.28 96.09 83.69 73.28 64.88 58.38 53.64 50.56 49.00 48.83 49.93 52.33 56.03 60.90 66.79 73.56 81.04 89.09 97.56 106.36 115.37 124.45 133.44 142.20 150.55 158.35 165.09 170.01 172.97 174.07 173.42 171.11 167.25 161.96 156.05 151.03 147.10 144.18 142.21
