data_processed/recharge/precip/Precip_2004_12.asc
ncols        168
nrows        136
xllcorner    455000
yllcorner    2107000
cellsize     500
NODATA_value     -99999
[rows 38 to 75 of 136, columns 84 to 167 of 168]
0.29 0.25 0.20 0.15 0.11 0.07 0.03 0.00 0.00 0.00 0.00 0.00 0.02 0.05 0.09 0.14 0.20 0.27 0.34 0.42 0.50 0.57 0.63 0.69 0.73 0.77 0.79 0.81 0.82 0.82 0.81 0.79 0.76 0.73 0.70 0.67 0.64 0.61 0.59 0.58 0.57 0.56 0.55 0.55 0.55 0.55 0.56 0.56 0.57 0.57 0.58 0.58 0.59 0.59 0.60 0.60 0.61 0.61 0.62 0.63 0.64 0.66 0.69 0.72 0.75 0.79 0.83 0.87 0.91 0.95 0.98 1.02 1.05 1.07 1.09 1.10 1.10 1.10 1.09 1.08 1.06 1.03 0.99 0.95
0.30 0.25 0.21 0.16 0.11 0.07 0.03 0.00 0.00 0.00 0.00 0.00 0.00 0.03 0.07 0.12 0.18 0.24 0.31 0.39 0.47 0.54 0.60 0.66 0.70 0.74 0.76 0.78 0.79 0.79 0.78 0.76 0.73 0.70 0.67 0.63 0.61 0.59 0.57 0.55 0.54 0.53 0.53 0.53 0.53 0.53 0.53 0.54 0.55 0.55 0.56 0.56 0.57 0.57 0.58 0.58 0.59 0.59 0.60 0.61 0.61 0.62 0.64 0.67 0.70 0.73 0.76 0.80 0.84 0.87 0.91 0.94 0.97 1.00 1.02 1.03 1.04 1.04 1.03 1.02 1.00 0.97 0.94 0.90
0.31 0.26 0.21 0.17 0.12 0.08 0.03 0.00 0.00 0.00 0.00 0.00 0.00 0.01 0.05 0.10 0.15 0.21 0.28 0.36 0.44 0.51 0.57 0.62 0.67 0.70 0.73 0.74 0.75 0.75 0.74 0.72 0.69 0.66 0.63 0.60 0.58 0.56 0.54 0.53 0.52 0.51 0.50 0.50 0.50 0.51 0.51 0.52 0.52 0.53 0.53 0.54 0.55 0.55 0.56 0.56 0.57 0.57 0.58 0.58 0.59 0.59 0.60 0.62 0.64 0.67 0.70 0.73 0.76 0.80 0.83 0.86 0.89 0.92 0.94 0.95 0.96 0.96 0.96 0.95 0.93 0.91 0.88 0.84
0.32 0.27 0.22 0.17 0.12 0.08 0.04 0.01 0.00 0.00 0.00 0.00 0.00 0.00 0.04 0.08 0.13 0.19 0.26 0.33 0.40 0.47 0.53 0.59 0.63 0.66 0.68 0.70 0.70 0.70 0.69 0.67 0.64 0.62 0.59 0.57 0.55 0.53 0.51 0.50 0.49 0.48 0.48 0.48 0.48 0.48 0.49 0.49 0.50 0.51 0.51 0.52 0.52 0.53 0.53 0.54 0.55 0.55 0.56 0.56 0.56 0.57 0.57 0.58 0.59 0.61 0.64 0.66 0.69 0.72 0.76 0.79 0.82 0.84 0.86 0.88 0.89 0.89 0.88 0.87 0.86 0.83 0.81 0.77
0.33 0.28 0.23 0.18 0.13 0.09 0.05 0.02 0.00 0.00 0.00 0.00 0.00 0.00 0.03 0.06 0.11 0.17 0.23 0.30 0.37 0.44 0.50 0.54 0.58 0.61 0.63 0.64 0.65 0.64 0.63 0.61 0.59 0.57 0.55 0.53 0.51 0.50 0.48 0.47 0.46 0.46 0.45 0.45 0.45 0.46 0.46 0.47 0.47 0.48 0.49 0.49 0.50 0.50 0.51 0.52 0.52 0.53 0.53 0.53 0.54 0.54 0.54 0.54 0.55 0.56 0.58 0.60 0.63 0.65 0.68 0.71 0.74 0.76 0.78 0.80 0.81 0.81 0.81 0.80 0.78 0.76 0.73 0.70
0.34 0.29 0.24 0.19 0.14 0.10 0.07 0.04 0.02 0.00 0.00 0.00 0.00 0.00 0.02 0.05 0.10 0.15 0.20 0.27 0.34 0.40 0.45 0.50 0.53 0.56 0.58 0.58 0.58 0.57 0.56 0.55 0.54 0.52 0.51 0.49 0.48 0.46 0.45 0.44 0.43 0.43 0.43 0.43 0.43 0.43 0.44 0.44 0.45 0.45 0.46 0.47 0.47 0.48 0.48 0.49 0.49 0.50 0.50 0.51 0.51 0.51 0.51 0.51 0.51 0.51 0.53 0.54 0.56 0.58 0.61 0.63 0.66 0.68 0.70 0.72 0.73 0.73 0.72 0.71 0.70 0.68 0.65 0.62
0.35 0.30 0.24 0.20 0.16 0.12 0.09 0.06 0.04 0.02 0.01 0.00 0.00 0.00 0.02 0.05 0.09 0.13 0.18 0.24 0.31 0.36 0.41 0.45 0.48 0.50 0.52 0.52 0.51 0.51 0.50 0.49 0.48 0.47 0.46 0.45 0.44 0.43 0.42 0.41 0.40 0.40 0.40 0.40 0.40 0.41 0.41 0.42 0.42 0.43 0.43 0.44 0.45 0.45 0.46 0.46 0.47 0.47 0.47 0.48 0.48 0.48 0.48 0.48 0.48 0.47 0.48 0.49 0.50 0.52 0.54 0.56 0.58 0.61 0.62 0.64 0.64 0.65 0.64 0.63 0.61 0.59 0.57 0.54
0.36 0.30 0.26 0.21 0.17 0.14 0.11 0.08 0.06 0.04 0.03 0.02 0.02 0.02 0.03 0.05 0.08 0.12 0.16 0.22 0.27 0.33 0.37 0.40 0.43 0.44 0.45 0.45 0.44 0.44 0.43 0.43 0.42 0.42 0.41 0.41 0.40 0.40 0.39 0.38 0.38 0.37 0.37 0.37 0.37 0.38 0.38 0.39 0.40 0.40 0.41 0.41 0.42 0.42 0.43 0.43 0.44 0.44 0.44 0.45 0.45 0.45 0.45 0.44 0.44 0.44 0.44 0.44 0.45 0.46 0.47 0.49 0.51 0.53 0.55 0.56 0.56 0.56 0.56 0.54 0.53 0.51 0.49 0.47
0.37 0.32 0.27 0.23 0.20 0.16 0.13 0.11 0.09 0.07 0.06 0.05 0.04 0.04 0.05 0.06 0.08 0.11 0.15 0.19 0.24 0.29 0.33 0.35 0.37 0.38 0.38 0.38 0.38 0.37 0.37 0.37 0.37 0.37 0.37 0.36 0.36 0.36 0.36 0.35 0.35 0.35 0.35 0.35 0.35 0.35 0.36 0.36 0.37 0.37 0.38 0.38 0.39 0.39 0.40 0.40 0.41 0.41 0.41 0.41 0.41 0.41 0.41 0.41 0.41 0.41 0.40 0.40 0.40 0.40 0.41 0.43 0.44 0.46 0.47 0.48 0.48 0.48 0.47 0.46 0.44 0.43 0.41 0.40
0.38 0.33 0.29 0.25 0.22 0.19 0.16 0.14 0.12 0.10 0.09 0.08 0.07 0.07 0.07 0.07 0.08 0.11 0.14 0.17 0.22 0.25 0.28 0.30 0.31 0.32 0.31 0.31 0.31 0.31 0.31 0.31 0.32 0.32 0.32 0.32 0.32 0.32 0.32 0.32 0.32 0.32 0.32 0.32 0.32 0.33 0.33 0.34 0.34 0.35 0.35 0.36 0.36 0.37 0.37 0.37 0.38 0.38 0.38 0.38 0.38 0.38 0.38 0.38 0.38 0.37 0.37 0.36 0.36 0.35 0.36 0.37 0.38 0.39 0.40 0.41 0.41 0.40 0.39 0.38 0.37 0.35 0.34 0.33
0.40 0.35 0.31 0.28 0.25 0.22 0.19 0.17 0.15 0.13 0.12 0.11 0.10 0.09 0.09 0.09 0.10 0.11 0.13 0.16 0.19 0.22 0.24 0.25 0.25 0.25 0.25 0.25 0.26 0.26 0.26 0.26 0.27 0.27 0.27 0.28 0.28 0.28 0.29 0.29 0.29 0.29 0.29 0.29 0.30 0.30 0.31 0.31 0.32 0.32 0.32 0.33 0.33 0.34 0.34 0.34 0.35 0.35 0.35 0.35 0.35 0.35 0.35 0.35 0.34 0.34 0.33 0.33 0.32 0.31 0.31 0.31 0.32 0.33 0.34 0.34 0.33 0.33 0.32 0.31 0.30 0.29 0.28 0.27
0.42 0.38 0.34 0.31 0.28 0.25 0.22 0.20 0.18 0.17 0.15 0.14 0.13 0.12 0.12 0.11 0.11 0.12 0.13 0.15 0.17 0.19 0.20 0.20 0.20 0.20 0.20 0.20 0.21 0.21 0.21 0.22 0.22 0.23 0.23 0.24 0.24 0.25 0.25 0.26 0.26 0.27 0.27 0.27 0.27 0.28 0.28 0.28 0.29 0.29 0.30 0.30 0.31 0.31 0.31 0.31 0.32 0.32 0.32 0.32 0.32 0.32 0.32 0.32 0.31 0.31 0.30 0.30 0.29 0.28 0.27 0.27 0.27 0.28 0.28 0.27 0.27 0.26 0.25 0.24 0.23 0.23 0.22 0.22
0.44 0.40 0.37 0.34 0.31 0.28 0.26 0.24 0.22 0.20 0.18 0.17 0.16 0.15 0.14 0.14 0.13 0.13 0.13 0.14 0.15 0.16 0.16 0.16 0.16 0.16 0.16 0.16 0.16 0.17 0.17 0.18 0.18 0.19 0.19 0.20 0.21 0.21 0.22 0.23 0.23 0.24 0.24 0.25 0.25 0.25 0.26 0.26 0.26 0.27 0.27 0.28 0.28 0.28 0.28 0.29 0.29 0.29 0.29 0.29 0.29 0.29 0.29 0.29 0.28 0.28 0.27 0.27 0.26 0.25 0.24 0.23 0.23 0.23 0.22 0.22 0.21 0.20 0.19 0.19 0.18 0.18 0.17 0.17
0.47 0.43 0.40 0.37 0.35 0.32 0.30 0.28 0.25 0.24 0.22 0.20 0.19 0.18 0.17 0.16 0.15 0.14 0.14 0.14 0.14 0.14 0.13 0.13 0.13 0.13 0.13 0.13 0.13 0.13 0.14 0.14 0.15 0.16 0.16 0.17 0.18 0.18 0.19 0.20 0.21 0.21 0.22 0.22 0.23 0.23 0.23 0.24 0.24 0.24 0.25 0.25 0.25 0.26 0.26 0.26 0.26 0.26 0.26 0.26 0.26 0.26 0.26 0.26 0.26 0.25 0.25 0.24 0.23 0.23 0.22 0.21 0.20 0.19 0.18 0.17 0.16 0.15 0.15 0.14 0.14 0.13 0.13 0.13
0.50 0.47 0.44 0.41 0.38 0.36 0.34 0.31 0.29 0.27 0.26 0.24 0.22 0.21 0.19 0.18 0.17 0.16 0.15 0.14 0.13 0.12 0.11 0.11 0.11 0.11 0.11 0.11 0.11 0.11 0.12 0.12 0.13 0.13 0.14 0.15 0.15 0.16 0.17 0.17 0.18 0.19 0.19 0.20 0.20 0.21 0.21 0.21 0.22 0.22 0.22 0.23 0.23 0.23 0.23 0.24 0.24 0.24 0.24 0.24 0.24 0.24 0.24 0.23 0.23 0.23 0.22 0.22 0.21 0.20 0.19 0.18 0.17 0.16 0.15 0.14 0.13 0.12 0.12 0.11 0.11 0.10 0.10 0.10
0.53 0.50 0.47 0.45 0.42 0.40 0.38 0.35 0.33 0.31 0.29 0.27 0.25 0.24 0.22 0.20 0.18 0.17 0.15 0.14 0.13 0.12 0.11 0.10 0.10 0.10 0.09 0.09 0.09 0.10 0.10 0.10 0.11 0.11 0.12 0.13 0.13 0.14 0.15 0.15 0.16 0.17 0.17 0.18 0.18 0.19 0.19 0.19 0.20 0.20 0.20 0.20 0.21 0.21 0.21 0.21 0.21 0.22 0.22 0.22 0.22 0.22 0.21 0.21 0.21 0.21 0.20 0.19 0.19 0.18 0.17 0.16 0.15 0.14 0.13 0.12 0.11 0.10 0.09 0.09 0.08 0.08 0.08 0.07
0.56 0.54 0.51 0.49 0.46 0.44 0.42 0.39 0.37 0.35 0.33 0.30 0.28 0.26 0.24 0.22 0.20 0.18 0.16 0.14 0.13 0.12 0.11 0.10 0.09 0.09 0.09 0.08 0.08 0.09 0.09 0.09 0.09 0.10 0.10 0.11 0.12 0.12 0.13 0.14 0.14 0.15 0.15 0.16 0.17 0.17 0.17 0.17 0.17 0.18 0.18 0.18 0.18 0.19 0.19 0.19 0.19 0.19 0.19 0.19 0.19 0.19 0.19 0.19 0.19 0.18 0.18 0.17 0.17 0.16 0.15 0.14 0.13 0.12 0.11 0.10 0.09 0.08 0.07 0.07 0.06 0.06 0.06 0.05
0.60 0.58 0.55 0.53 0.50 0.48 0.46 0.43 0.41 0.38 0.36 0.34 0.31 0.28 0.26 0.23 0.21 0.18 0.16 0.14 0.13 0.12 0.11 0.10 0.09 0.08 0.08 0.08 0.08 0.08 0.08 0.08 0.08 0.09 0.09 0.10 0.10 0.11 0.11 0.12 0.13 0.13 0.14 0.14 0.15 0.15 0.15 0.15 0.15 0.15 0.16 0.16 0.16 0.16 0.16 0.17 0.17 0.17 0.17 0.17 0.17 0.17 0.17 0.17 0.17 0.16 0.16 0.15 0.15 0.14 0.13 0.13 0.12 0.11 0.09 0.08 0.07 0.06 0.06 0.05 0.05 0.04 0.04 0.04
0.64 0.62 0.59 0.57 0.55 0.52 0.50 0.47 0.44 0.42 0.39 0.36 0.33 0.31 0.27 0.24 0.21 0.18 0.16 0.14 0.13 0.12 0.11 0.10 0.09 0.08 0.08 0.07 0.07 0.07 0.07 0.07 0.07 0.08 0.08 0.08 0.09 0.09 0.10 0.11 0.11 0.12 0.12 0.13 0.13 0.13 0.13 0.13 0.13 0.13 0.13 0.13 0.14 0.14 0.14 0.14 0.15 0.15 0.15 0.15 0.15 0.15 0.15 0.15 0.15 0.14 0.14 0.14 0.13 0.12 0.12 0.11 0.10 0.09 0.08 0.07 0.06 0.05 0.04 0.04 0.03 0.02 0.02 0.02
0.68 0.66 0.63 0.61 0.59 0.56 0.54 0.51 0.48 0.45 0.42 0.39 0.36 0.32 0.29 0.25 0.22 0.19 0.16 0.14 0.13 0.12 0.11 0.10 0.09 0.08 0.08 0.07 0.07 0.06 0.06 0.06 0.06 0.07 0.07 0.07 0.08 0.08 0.09 0.09 0.10 0.11 0.11 0.12 0.12 0.12 0.11 0.11 0.11 0.11 0.11 0.11 0.11 0.12 0.12 0.12 0.12 0.12 0.13 0.13 0.13 0.13 0.13 0.13 0.13 0.12 0.12 0.12 0.11 0.11 0.10 0.10 0.09 0.08 0.07 0.06 0.05 0.04 0.03 0.02 0.02 0.01 0.01 0.00
0.72 0.70 0.68 0.65 0.63 0.60 0.57 0.54 0.51 0.48 0.45 0.41 0.37 0.33 0.29 0.26 0.22 0.19 0.17 0.15 0.13 0.12 0.11 0.10 0.09 0.09 0.08 0.07 0.07 0.06 0.06 0.06 0.06 0.06 0.06 0.07 0.07 0.07 0.08 0.09 0.09 0.10 0.10 0.10 0.10 0.10 0.09 0.09 0.09 0.09 0.09 0.09 0.09 0.09 0.10 0.10 0.10 0.10 0.11 0.11 0.11 0.11 0.11 0.11 0.11 0.11 0.11 0.10 0.10 0.10 0.09 0.08 0.08 0.07 0.06 0.05 0.04 0.03 0.02 0.01 0.01 0.00 0.00 0.00
0.76 0.74 0.72 0.69 0.67 0.64 0.61 0.58 0.54 0.51 0.47 0.43 0.39 0.34 0.30 0.26 0.23 0.20 0.17 0.15 0.14 0.13 0.12 0.11 0.10 0.09 0.08 0.07 0.07 0.06 0.06 0.06 0.06 0.06 0.06 0.06 0.06 0.07 0.07 0.08 0.08 0.09 0.09 0.09 0.08 0.08 0.08 0.07 0.07 0.07 0.07 0.07 0.07 0.07 0.07 0.08 0.08 0.08 0.09 0.09 0.09 0.09 0.09 0.09 0.09 0.09 0.09 0.09 0.09 0.08 0.08 0.07 0.07 0.06 0.05 0.04 0.03 0.02 0.01 0.01 0.00 0.00 0.00 0.00
0.80 0.78 0.76 0.73 0.70 0.67 0.64 0.61 0.57 0.53 0.49 0.44 0.40 0.35 0.31 0.27 0.23 0.20 0.18 0.16 0.14 0.13 0.12 0.11 0.10 0.09 0.08 0.08 0.07 0.06 0.06 0.06 0.05 0.05 0.05 0.06 0.06 0.06 0.07 0.07 0.07 0.08 0.07 0.07 0.07 0.06 0.06 0.05 0.05 0.05 0.05 0.05 0.05 0.05 0.05 0.06 0.06 0.06 0.07 0.07 0.07 0.08 0.08 0.08 0.08 0.08 0.08 0.08 0.08 0.07 0.07 0.07 0.06 0.05 0.04 0.04 0.03 0.02 0.01 0.00 0.00 0.00 0.00 0.00
0.84 0.82 0.80 0.77 0.74 0.71 0.67 0.63 0.59 0.55 0.50 0.45 0.40 0.36 0.31 0.27 0.24 0.21 0.18 0.16 0.15 0.14 0.13 0.12 0.11 0.10 0.09 0.08 0.07 0.07 0.06 0.06 0.05 0.05 0.05 0.05 0.06 0.06 0.06 0.06 0.07 0.06 0.06 0.06 0.05 0.05 0.04 0.04 0.03 0.03 0.03 0.03 0.03 0.03 0.03 0.04 0.04 0.05 0.05 0.05 0.06 0.06 0.06 0.07 0.07 0.07 0.07 0.07 0.07 0.07 0.06 0.06 0.05 0.05 0.04 0.03 0.02 0.01 0.01 0.00 0.00 0.00 0.00 0.00
0.87 0.86 0.84 0.81 0.78 0.74 0.70 0.66 0.61 0.56 0.51 0.46 0.41 0.36 0.32 0.28 0.24 0.21 0.19 0.17 0.15 0.14 0.13 0.12 0.11 0.10 0.10 0.09 0.08 0.07 0.07 0.06 0.06 0.06 0.05 0.05 0.06 0.06 0.06 0.06 0.06 0.05 0.05 0.04 0.04 0.03 0.03 0.02 0.02 0.02 0.01 0.01 0.01 0.01 0.02 0.02 0.03 0.03 0.04 0.04 0.05 0.05 0.05 0.06 0.06 0.06 0.06 0.06 0.06 0.06 0.06 0.06 0.05 0.04 0.04 0.03 0.02 0.01 0.01 0.00 0.00 0.00 0.00 0.00
0.90 0.89 0.87 0.84 0.81 0.77 0.73 0.68 0.63 0.58 0.52 0.47 0.42 0.37 0.33 0.28 0.25 0.22 0.19 0.17 0.16 0.15 0.14 0.13 0.12 0.11 0.10 0.09 0.09 0.08 0.07 0.07 0.06 0.06 0.06 0.06 0.06 0.06 0.05 0.05 0.05 0.04 0.04 0.03 0.03 0.02 0.01 0.01 0.01 0.00 0.00 0.00 0.00 0.00 0.00 0.01 0.01 0.02 0.02 0.03 0.04 0.04 0.05 0.05 0.05 0.06 0.06 0.06 0.06 0.06 0.06 0.06 0.05 0.04 0.04 0.03 0.02 0.01 0.01 0.00 0.00 0.00 0.00 0.00
0.93 0.91 0.89 0.87 0.83 0.79 0.75 0.70 0.64 0.59 0.53 0.48 0.43 0.38 0.33 0.29 0.25 0.22 0.20 0.18 0.17 0.15 0.14 0.13 0.13 0.12 0.11 0.10 0.09 0.08 0.08 0.07 0.07 0.06 0.06 0.06 0.06 0.05 0.05 0.04 0.04 0.03 0.02 0.02 0.01 0.01 0.00 0.00 0.00 0.00 0.00 0.00 0.00 0.00 0.00 0.00 0.00 0.01 0.01 0.02 0.03 0.03 0.04 0.05 0.05 0.06 0.06 0.06 0.06 0.06 0.06 0.06 0.05 0.05 0.04 0.03 0.03 0.02 0.01 0.00 0.00 0.00 0.00 0.00
0.95 0.93 0.91 0.88 0.85 0.81 0.76 0.71 0.65 0.59 0.54 0.48 0.43 0.38 0.34 0.30 0.26 0.23 0.20 0.18 0.17 0.16 0.15 0.14 0.13 0.12 0.11 0.11 0.10 0.09 0.08 0.08 0.07 0.07 0.06 0.06 0.05 0.05 0.04 0.03 0.03 0.02 0.01 0.01 0.00 0.00 0.00 0.00 0.00 0.00 0.00 0.00 0.00 0.00 0.00 0.00 0.00 0.00 0.01 0.02 0.02 0.03 0.04 0.04 0.05 0.06 0.06 0.06 0.06 0.06 0.06 0.06 0.06 0.05 0.05 0.04 0.03 0.02 0.01 0.01 0.00 0.00 0.00 0.00
0.96 0.95 0.92 0.90 0.86 0.82 0.77 0.72 0.66 0.60 0.55 0.49 0.44 0.39 0.34 0.30 0.27 0.24 0.21 0.19 0.18 0.17 0.16 0.15 0.14 0.13 0.12 0.11 0.11 0.10 0.09 0.09 0.08 0.07 0.07 0.06 0.05 0.04 0.03 0.03 0.02 0.01 0.00 0.00 0.00 0.00 0.00 0.00 0.00 0.00 0.00 0.00 0.00 0.00 0.00 0.00 0.00 0.00 0.01 0.01 0.02 0.03 0.04 0.05 0.05 0.06 0.06 0.07 0.07 0.07 0.07 0.07 0.06 0.06 0.05 0.05 0.04 0.03 0.02 0.01 0.01 0.00 0.00 0.00
0.97 0.95 0.93 0.90 0.87 0.82 0.78 0.72 0.67 0.61 0.55 0.50 0.45 0.40 0.35 0.31 0.27 0.24 0.21 0.20 0.18 0.17 0.16 0.15 0.14 0.14 0.13 0.12 0.11 0.11 0.10 0.09 0.09 0.08 0.07 0.06 0.05 0.04 0.03 0.02 0.01 0.00 0.00 0.00 0.00 0.00 0.00 0.00 0.00 0.00 0.00 0.00 0.00 0.00 0.00 0.00 0.00 0.00 0.01 0.02 0.02 0.03 0.04 0.05 0.06 0.07 0.07 0.07 0.08 0.08 0.08 0.08 0.07 0.07 0.06 0.06 0.05 0.04 0.03 0.02 0.02 0.01 0.00 0.00
0.97 0.95 0.93 0.90 0.86 0.82 0.77 0.72 0.67 0.62 0.56 0.50 0.45 0.40 0.36 0.31 0.28 0.25 0.22 0.20 0.19 0.18 0.17 0.16 0.15 0.14 0.13 0.13 0.12 0.11 0.11 0.10 0.09 0.08 0.07 0.06 0.05 0.03 0.02 0.01 0.00 0.00 0.00 0.00 0.00 0.00 0.00 0.00 0.00 0.00 0.00 0.00 0.00 0.00 0.00 0.00 0.00 0.01 0.01 0.02 0.03 0.04 0.05 0.06 0.07 0.07 0.08 0.09 0.09 0.09 0.09 0.09 0.09 0.08 0.08 0.07 0.06 0.05 0.05 0.04 0.03 0.02 0.01 0.00
0.97 0.95 0.92 0.89 0.85 0.81 0.77 0.72 0.67 0.62 0.57 0.51 0.46 0.41 0.36 0.32 0.28 0.25 0.23 0.21 0.19 0.18 0.17 0.17 0.16 0.15 0.14 0.13 0.13 0.12 0.11 0.10 0.09 0.08 0.07 0.06 0.04 0.03 0.01 0.00 0.00 0.00 0.00 0.00 0.00 0.00 0.00 0.00 0.00 0.00 0.00 0.00 0.00 0.00 0.00 0.00 0.01 0.02 0.02 0.03 0.04 0.05 0.06 0.07 0.08 0.09 0.09 0.10 0.10 0.11 0.11 0.11 0.10 0.10 0.09 0.09 0.08 0.07 0.06 0.05 0.04 0.03 0.02 0.01
0.96 0.93 0.90 0.87 0.83 0.79 0.75 0.71 0.67 0.62 0.57 0.52 0.46 0.41 0.37 0.32 0.29 0.25 0.23 0.21 0.20 0.19 0.18 0.17 0.16 0.15 0.15 0.14 0.13 0.12 0.12 0.11 0.09 0.08 0.07 0.05 0.04 0.02 0.01 0.00 0.00 0.00 0.00 0.00 0.00 0.00 0.00 0.00 0.00 0.00 0.00 0.00 0.00 0.00 0.00 0.01 0.02 0.03 0.04 0.05 0.06 0.07 0.08 0.08 0.09 0.10 0.11 0.12 0.12 0.12 0.12 0.12 0.12 0.12 0.11 0.10 0.10 0.09 0.08 0.07 0.06 0.05 0.04 0.03
0.94 0.91 0.88 0.84 0.81 0.77 0.73 0.69 0.65 0.61 0.56 0.52 0.47 0.42 0.37 0.33 0.29 0.26 0.23 0.21 0.20 0.19 0.18 0.18 0.17 0.16 0.15 0.14 0.14 0.13 0.12 0.10 0.09 0.08 0.06 0.04 0.03 0.01 0.00 0.00 0.00 0.00 0.00 0.00 0.00 0.00 0.00 0.00 0.00 0.00 0.00 0.00 0.00 0.01 0.02 0.03 0.04 0.05 0.06 0.07 0.08 0.09 0.10 0.10 0.11 0.12 0.13 0.14 0.14 0.14 0.15 0.14 0.14 0.14 0.13 0.13 0.12 0.11 0.10 0.09 0.08 0.07 0.06 0.05
0.92 0.88 0.85 0.82 0.78 0.75 0.71 0.67 0.64 0.60 0.55 0.51 0.47 0.42 0.37 0.33 0.29 0.26 0.24 0.22 0.21 0.20 0.19 0.18 0.17 0.16 0.16 0.15 0.14 0.13 0.12 0.10 0.09 0.07 0.05 0.04 0.02 0.01 0.00 0.00 0.00 0.00 0.00 0.00 0.00 0.00 0.00 0.00 0.00 0.00 0.00 0.00 0.01 0.02 0.04 0.05 0.06 0.07 0.08 0.09 0.10 0.11 0.12 0.13 0.14 0.14 0.15 0.16 0.16 0.17 0.17 0.17 0.17 0.16 0.16 0.15 0.14 0.13 0.13 0.12 0.11 0.10 0.09 0.08
0.88 0.85 0.82 0.78 0.75 0.71 0.68 0.65 0.61 0.57 0.54 0.50 0.46 0.42 0.37 0.33 0.29 0.26 0.24 0.22 0.21 0.20 0.19 0.18 0.18 0.17 0.16 0.15 0.14 0.13 0.11 0.10 0.08 0.06 0.05 0.03 0.01 0.00 0.00 0.00 0.00 0.00 0.00 0.00 0.00 0.00 0.00 0.00 0.00 0.00 0.00 0.02 0.03 0.04 0.06 0.07 0.08 0.09 0.10 0.12 0.13 0.14 0.15 0.16 0.16 0.17 0.18 0.19 0.19 0.20 0.20 0.20 0.20 0.19 0.19 0.18 0.17 0.16 0.15 0.14 0.13 0.12 0.11 0.10
0.85 0.81 0.78 0.74 0.71 0.68 0.65 0.61 0.58 0.55 0.51 0.48 0.44 0.41 0.37 0.33 0.30 0.26 0.24 0.22 0.21 0.20 0.19 0.19 0.18 0.17 0.16 0.15 0.14 0.12 0.11 0.09 0.07 0.05 0.04 0.02 0.00 0.00 0.00 0.00 0.00 0.00 0.00 0.00 0.00 0.00 0.00 0.00 0.00 0.01 0.02 0.04 0.05 0.07 0.08 0.09 0.11 0.12 0.13 0.15 0.16 0.17 0.18 0.19 0.20 0.20 0.21 0.22 0.22 0.23 0.23 0.23 0.23 0.22 0.22 0.21 0.20 0.19 0.18 0.17 0.16 0.15 0.14 0.13
0.81 0.77 0.73 0.70 0.67 0.64 0.60 0.57 0.54 0.51 0.48 0.45 0.42 0.39 0.36 0.33 0.30 0.26 0.24 0.22 0.21 0.20 0.20 0.19 0.18 0.17 0.16 0.14 0.13 0.11 0.10 0.08 0.06 0.04 0.03 0.01 0.00 0.00 0.00 0.00 0.00 0.00 0.00 0.00 0.00 0.00 0.00 0.00 0.01 0.02 0.04 0.06 0.08 0.09 0.11 0.12 0.14 0.15 0.17 0.18 0.19 0.20 0.21 0.22 0.23 0.24 0.25 0.25 0.26 0.26 0.26 0.26 0.26 0.26 0.25 0.24 0.24 0.23 0.22 0.21 0.20 0.19 0.18 0.16
