data_processed/recharge/precip/Precip_2013_01.asc
ncols        168
nrows        136
xllcorner    455000
yllcorner    2107000
cellsize     500
NODATA_value     -99999
[rows 0 to 35 of 136, columns 0 to 82 of 168]
11.18 11.72 12.29 12.88 13.51 14.15 14.83 15.52 16.24 16.98 17.74 18.52 19.32 20.13 20.96 21.81 22.67 23.54 24.43 25.30 26.07 26.74 27.31 27.78 28.16 28.44 28.63 28.73 28.75 28.69 28.55 28.34 28.05 27.69 27.27 26.79 26.24 25.64 24.98 24.27 23.53 22.79 22.05 21.32 20.61 19.90 19.20 18.51 17.84 17.18 16.54 15.91 15.30 14.71 14.14 13.58 13.06 12.56 12.08 11.64 11.21 10.81 10.44 10.08 9.74 9.42 9.12 8.84 8.56 8.31 8.06 7.82 7.60 7.38 7.16 6.96 6.76 6.56 6.38 6.20 6.03 5.88 5.73
10.97 11.51 12.08 12.68 13.30 13.95 14.63 15.33 16.05 16.79 17.55 18.34 19.14 19.96 20.80 21.65 22.52 23.40 24.29 25.17 25.95 26.63 27.21 27.69 28.07 28.37 28.57 28.69 28.72 28.67 28.55 28.35 28.08 27.74 27.34 26.87 26.34 25.76 25.12 24.43 23.70 22.94 22.17 21.42 20.67 19.94 19.22 18.51 17.82 17.14 16.47 15.83 15.20 14.59 14.00 13.44 12.90 12.40 11.92 11.47 11.04 10.64 10.25 9.89 9.55 9.23 8.92 8.63 8.36 8.09 7.84 7.61 7.37 7.15 6.94 6.73 6.52 6.33 6.14 5.96 5.79 5.64 5.49
10.78 11.32 11.89 12.48 13.11 13.76 14.43 15.13 15.86 16.60 17.37 18.15 18.96 19.78 20.62 21.48 22.35 23.24 24.13 25.01 25.81 26.49 27.08 27.57 27.96 28.26 28.48 28.61 28.65 28.62 28.51 28.32 28.07 27.74 27.35 26.90 26.39 25.83 25.21 24.54 23.83 23.07 22.28 21.50 20.73 19.97 19.23 18.49 17.78 17.08 16.39 15.73 15.08 14.45 13.85 13.28 12.74 12.23 11.75 11.29 10.86 10.45 10.07 9.70 9.36 9.03 8.72 8.43 8.15 7.88 7.63 7.38 7.15 6.93 6.71 6.50 6.29 6.09 5.90 5.72 5.55 5.39 5.24
10.60 11.14 11.71 12.30 12.92 13.57 14.25 14.95 15.67 16.41 17.18 17.97 18.77 19.60 20.44 21.30 22.17 23.06 23.96 24.85 25.64 26.33 26.93 27.42 27.82 28.13 28.36 28.49 28.55 28.53 28.43 28.25 28.01 27.70 27.32 26.89 26.39 25.85 25.24 24.59 23.90 23.16 22.38 21.57 20.78 19.99 19.22 18.46 17.72 17.00 16.30 15.61 14.94 14.31 13.70 13.13 12.58 12.07 11.58 11.12 10.68 10.27 9.87 9.51 9.16 8.83 8.51 8.21 7.93 7.66 7.41 7.16 6.93 6.70 6.48 6.26 6.06 5.85 5.66 5.48 5.31 5.14 4.99
10.45 10.98 11.54 12.13 12.75 13.40 14.07 14.77 15.49 16.23 16.99 17.78 18.59 19.41 20.25 21.11 21.98 22.87 23.78 24.66 25.46 26.16 26.75 27.25 27.66 27.97 28.20 28.35 28.41 28.40 28.31 28.14 27.91 27.61 27.25 26.83 26.35 25.81 25.23 24.59 23.91 23.19 22.42 21.63 20.81 20.00 19.20 18.42 17.66 16.91 16.18 15.48 14.80 14.16 13.54 12.96 12.41 11.89 11.40 10.93 10.49 10.07 9.68 9.31 8.95 8.62 8.30 8.00 7.71 7.44 7.18 6.94 6.70 6.47 6.25 6.03 5.82 5.62 5.42 5.24 5.06 4.89 4.74
10.32 10.84 11.40 11.98 12.60 13.24 13.90 14.59 15.31 16.05 16.81 17.59 18.40 19.22 20.06 20.91 21.79 22.68 23.58 24.46 25.26 25.96 26.56 27.06 27.47 27.79 28.02 28.17 28.24 28.23 28.15 28.00 27.77 27.48 27.13 26.72 26.25 25.73 25.16 24.54 23.87 23.16 22.41 21.63 20.82 19.98 19.16 18.36 17.57 16.80 16.05 15.33 14.65 14.00 13.38 12.80 12.24 11.72 11.22 10.75 10.30 9.88 9.48 9.10 8.75 8.41 8.09 7.78 7.50 7.22 6.96 6.71 6.47 6.23 6.01 5.79 5.58 5.37 5.18 4.99 4.81 4.64 4.49
10.21 10.72 11.27 11.85 12.45 13.09 13.75 14.43 15.14 15.87 16.63 17.41 18.21 19.02 19.86 20.71 21.58 22.47 23.37 24.25 25.05 25.74 26.34 26.85 27.26 27.58 27.82 27.97 28.04 28.04 27.96 27.81 27.60 27.32 26.97 26.57 26.11 25.60 25.04 24.43 23.78 23.08 22.35 21.58 20.78 19.95 19.11 18.28 17.46 16.67 15.91 15.19 14.50 13.84 13.22 12.63 12.07 11.54 11.04 10.56 10.11 9.68 9.28 8.90 8.54 8.20 7.87 7.57 7.27 7.00 6.73 6.48 6.23 6.00 5.77 5.55 5.34 5.13 4.93 4.75 4.57 4.39 4.23
10.12 10.63 11.16 11.73 12.33 12.95 13.60 14.28 14.98 15.71 16.46 17.23 18.02 18.83 19.66 20.51 21.37 22.25 23.15 24.03 24.82 25.52 26.11 26.61 27.02 27.35 27.58 27.74 27.82 27.82 27.74 27.60 27.39 27.11 26.77 26.38 25.93 25.42 24.87 24.27 23.63 22.95 22.22 21.47 20.68 19.87 19.02 18.17 17.34 16.53 15.76 15.03 14.34 13.68 13.05 12.46 11.89 11.36 10.85 10.37 9.91 9.48 9.08 8.69 8.33 7.98 7.66 7.35 7.05 6.77 6.50 6.25 6.00 5.76 5.54 5.31 5.10 4.89 4.69 4.50 4.32 4.14 3.98
10.06 10.56 11.08 11.64 12.22 12.83 13.47 14.14 14.83 15.55 16.29 17.05 17.83 18.64 19.46 20.30 21.16 22.03 22.92 23.79 24.58 25.27 25.86 26.36 26.77 27.09 27.33 27.48 27.56 27.56 27.49 27.35 27.14 26.87 26.53 26.14 25.70 25.20 24.66 24.07 23.43 22.76 22.05 21.30 20.53 19.72 18.89 18.05 17.20 16.39 15.62 14.88 14.18 13.51 12.88 12.28 11.71 11.17 10.66 10.18 9.72 9.28 8.87 8.48 8.12 7.77 7.44 7.12 6.83 6.54 6.27 6.01 5.77 5.53 5.30 5.08 4.86 4.65 4.45 4.25 4.07 3.89 3.73
10.03 10.51 11.02 11.56 12.13 12.73 13.36 14.02 14.70 15.40 16.13 16.88 17.65 18.44 19.26 20.09 20.94 21.80 22.68 23.55 24.33 25.01 25.60 26.09 26.50 26.82 27.05 27.20 27.28 27.28 27.21 27.06 26.86 26.59 26.26 25.87 25.43 24.94 24.40 23.81 23.19 22.52 21.82 21.08 20.32 19.52 18.71 17.88 17.05 16.24 15.46 14.72 14.02 13.34 12.71 12.10 11.53 10.98 10.47 9.98 9.52 9.08 8.67 8.27 7.90 7.55 7.22 6.90 6.60 6.31 6.04 5.78 5.53 5.29 5.06 4.84 4.62 4.40 4.20 4.01 3.82 3.64 3.48
10.03 10.49 10.98 11.51 12.07 12.65 13.27 13.91 14.57 15.26 15.98 16.72 17.48 18.26 19.06 19.88 20.72 21.57 22.44 23.30 24.07 24.75 25.32 25.81 26.21 26.52 26.75 26.90 26.97 26.97 26.89 26.75 26.54 26.27 25.94 25.56 25.12 24.63 24.10 23.51 22.89 22.23 21.54 20.81 20.05 19.26 18.47 17.67 16.88 16.09 15.31 14.56 13.85 13.17 12.53 11.92 11.34 10.80 10.28 9.78 9.32 8.87 8.46 8.06 7.69 7.33 7.00 6.68 6.37 6.09 5.81 5.55 5.30 5.06 4.82 4.60 4.38 4.16 3.96 3.76 3.57 3.40 3.23
10.05 10.50 10.98 11.48 12.02 12.59 13.19 13.81 14.46 15.14 15.84 16.56 17.31 18.08 18.86 19.67 20.50 21.34 22.20 23.04 23.80 24.47 25.04 25.51 25.90 26.21 26.43 26.57 26.64 26.63 26.55 26.41 26.20 25.93 25.60 25.21 24.77 24.28 23.75 23.17 22.55 21.90 21.20 20.48 19.73 18.97 18.20 17.43 16.67 15.91 15.15 14.40 13.68 13.00 12.35 11.74 11.16 10.60 10.08 9.58 9.11 8.67 8.25 7.85 7.47 7.11 6.77 6.45 6.15 5.86 5.58 5.32 5.06 4.82 4.58 4.36 4.14 3.92 3.72 3.52 3.33 3.15 2.98
10.11 10.54 10.99 11.48 12.00 12.55 13.13 13.74 14.37 15.03 15.71 16.42 17.15 17.90 18.67 19.46 20.28 21.10 21.95 22.78 23.53 24.18 24.74 25.21 25.59 25.88 26.09 26.23 26.29 26.27 26.19 26.04 25.82 25.55 25.22 24.83 24.39 23.90 23.36 22.79 22.17 21.51 20.82 20.10 19.37 18.64 17.90 17.16 16.43 15.69 14.96 14.23 13.51 12.83 12.18 11.56 10.97 10.41 9.89 9.39 8.91 8.46 8.04 7.64 7.26 6.90 6.55 6.23 5.92 5.63 5.35 5.08 4.83 4.58 4.35 4.12 3.90 3.68 3.47 3.27 3.08 2.90 2.73
10.20 10.61 11.04 11.51 12.01 12.54 13.10 13.68 14.29 14.93 15.60 16.29 17.00 17.73 18.49 19.26 20.06 20.87 21.70 22.52 23.25 23.89 24.43 24.89 25.25 25.54 25.74 25.86 25.91 25.89 25.80 25.64 25.42 25.14 24.80 24.41 23.97 23.47 22.94 22.36 21.74 21.08 20.40 19.69 18.99 18.28 17.57 16.86 16.15 15.44 14.74 14.04 13.34 12.65 12.00 11.37 10.78 10.22 9.69 9.19 8.71 8.26 7.83 7.42 7.04 6.68 6.33 6.01 5.70 5.40 5.12 4.85 4.60 4.35 4.11 3.88 3.66 3.44 3.23 3.03 2.84 2.66 2.48
10.33 10.71 11.12 11.56 12.04 12.55 13.08 13.65 14.24 14.86 15.50 16.17 16.86 17.58 18.31 19.07 19.84 20.64 21.45 22.25 22.96 23.59 24.12 24.56 24.91 25.18 25.37 25.48 25.52 25.49 25.39 25.22 24.99 24.70 24.36 23.96 23.51 23.01 22.47 21.89 21.27 20.61 19.94 19.26 18.58 17.90 17.22 16.54 15.85 15.17 14.49 13.81 13.14 12.47 11.82 11.19 10.59 10.03 9.49 8.99 8.50 8.05 7.62 7.21 6.82 6.46 6.11 5.78 5.47 5.18 4.89 4.62 4.36 4.12 3.88 3.65 3.42 3.21 3.00 2.80 2.60 2.42 2.24
10.49 10.84 11.23 11.65 12.10 12.58 13.09 13.63 14.20 14.80 15.42 16.07 16.74 17.43 18.14 18.88 19.63 20.41 21.20 21.98 22.68 23.28 23.79 24.22 24.56 24.81 24.99 25.09 25.11 25.07 24.95 24.78 24.54 24.24 23.89 23.48 23.02 22.52 21.97 21.38 20.76 20.12 19.47 18.82 18.16 17.50 16.85 16.19 15.53 14.87 14.22 13.57 12.92 12.27 11.63 11.00 10.40 9.84 9.30 8.79 8.30 7.84 7.41 7.00 6.61 6.24 5.89 5.56 5.25 4.95 4.67 4.39 4.14 3.89 3.65 3.41 3.19 2.97 2.76 2.56 2.37 2.18 2.00
10.69 11.01 11.37 11.76 12.19 12.65 13.13 13.65 14.19 14.76 15.36 15.98 16.63 17.30 17.99 18.70 19.43 20.18 20.95 21.71 22.39 22.97 23.47 23.87 24.19 24.43 24.59 24.68 24.69 24.63 24.50 24.31 24.06 23.75 23.38 22.97 22.50 21.99 21.43 20.84 20.23 19.61 18.98 18.36 17.73 17.09 16.46 15.82 15.19 14.56 13.93 13.30 12.67 12.05 11.43 10.81 10.22 9.64 9.10 8.59 8.10 7.64 7.20 6.79 6.40 6.03 5.68 5.34 5.03 4.73 4.44 4.17 3.91 3.66 3.42 3.18 2.96 2.74 2.53 2.33 2.13 1.94 1.77
10.92 11.22 11.55 11.91 12.31 12.74 13.20 13.68 14.20 14.74 15.31 15.91 16.53 17.17 17.84 18.53 19.24 19.97 20.71 21.45 22.10 22.67 23.14 23.52 23.82 24.04 24.18 24.25 24.24 24.17 24.03 23.82 23.56 23.23 22.86 22.43 21.95 21.43 20.87 20.28 19.69 19.09 18.49 17.89 17.28 16.67 16.06 15.45 14.83 14.22 13.61 13.01 12.40 11.80 11.20 10.61 10.02 9.45 8.91 8.39 7.90 7.43 7.00 6.58 6.19 5.81 5.46 5.12 4.81 4.51 4.22 3.94 3.68 3.43 3.19 2.96 2.73 2.51 2.30 2.10 1.90 1.71 1.53
11.20 11.47 11.76 12.10 12.46 12.86 13.29 13.75 14.23 14.75 15.29 15.86 16.45 17.07 17.71 18.37 19.05 19.76 20.48 21.19 21.82 22.36 22.81 23.17 23.45 23.65 23.77 23.82 23.79 23.70 23.54 23.32 23.03 22.70 22.31 21.86 21.37 20.84 20.28 19.72 19.15 18.57 18.00 17.41 16.83 16.24 15.65 15.06 14.47 13.88 13.29 12.70 12.11 11.53 10.96 10.38 9.82 9.26 8.71 8.19 7.70 7.23 6.79 6.37 5.98 5.60 5.25 4.91 4.59 4.29 4.00 3.72 3.46 3.21 2.97 2.73 2.51 2.29 2.08 1.87 1.67 1.48 1.30
11.50 11.75 12.02 12.32 12.65 13.01 13.41 13.84 14.30 14.78 15.29 15.83 16.39 16.98 17.59 18.23 18.88 19.55 20.25 20.93 21.54 22.05 22.47 22.81 23.07 23.24 23.34 23.37 23.32 23.21 23.03 22.79 22.49 22.14 21.73 21.27 20.77 20.24 19.70 19.16 18.61 18.06 17.50 16.94 16.37 15.80 15.23 14.66 14.09 13.52 12.95 12.38 11.81 11.25 10.69 10.14 9.59 9.05 8.52 8.00 7.50 7.03 6.59 6.17 5.77 5.39 5.03 4.70 4.38 4.07 3.78 3.51 3.24 2.99 2.75 2.51 2.29 2.07 1.85 1.65 1.45 1.26 1.08
11.82 12.06 12.31 12.57 12.87 13.20 13.57 13.96 14.38 14.84 15.32 15.82 16.35 16.91 17.49 18.09 18.72 19.36 20.03 20.68 21.26 21.75 22.14 22.46 22.69 22.84 22.91 22.91 22.85 22.71 22.51 22.25 21.93 21.56 21.13 20.66 20.16 19.65 19.13 18.61 18.08 17.54 17.00 16.46 15.91 15.36 14.81 14.26 13.71 13.15 12.60 12.05 11.50 10.96 10.42 9.88 9.35 8.83 8.31 7.80 7.31 6.83 6.39 5.96 5.56 5.19 4.83 4.49 4.16 3.86 3.57 3.29 3.03 2.77 2.53 2.30 2.07 1.85 1.64 1.43 1.23 1.04 0.86
12.13 12.38 12.62 12.87 13.13 13.43 13.75 14.11 14.50 14.92 15.36 15.84 16.34 16.86 17.41 17.98 18.57 19.18 19.82 20.44 20.99 21.44 21.81 22.10 22.30 22.43 22.48 22.45 22.36 22.20 21.98 21.70 21.36 20.96 20.52 20.05 19.56 19.07 18.57 18.07 17.55 17.04 16.51 15.99 15.46 14.93 14.39 13.86 13.32 12.79 12.25 11.72 11.19 10.66 10.14 9.62 9.10 8.59 8.09 7.60 7.11 6.64 6.19 5.77 5.36 4.98 4.62 4.28 3.96 3.65 3.36 3.08 2.82 2.56 2.32 2.08 1.86 1.64 1.42 1.22 1.02 0.83 0.65
12.46 12.70 12.94 13.19 13.43 13.69 13.98 14.30 14.65 15.03 15.44 15.88 16.34 16.83 17.34 17.88 18.44 19.02 19.62 20.21 20.73 21.15 21.49 21.74 21.92 22.01 22.04 21.99 21.87 21.68 21.44 21.13 20.76 20.35 19.90 19.45 18.98 18.51 18.03 17.54 17.04 16.54 16.04 15.53 15.01 14.50 13.98 13.46 12.94 12.42 11.90 11.38 10.87 10.35 9.84 9.34 8.84 8.35 7.86 7.38 6.91 6.45 6.00 5.57 5.17 4.78 4.42 4.08 3.75 3.45 3.15 2.87 2.61 2.35 2.11 1.88 1.65 1.43 1.22 1.01 0.81 0.62 0.44
12.78 13.03 13.27 13.51 13.75 13.98 14.23 14.52 14.83 15.17 15.54 15.94 16.37 16.82 17.30 17.80 18.32 18.87 19.43 19.99 20.47 20.86 21.17 21.39 21.53 21.60 21.59 21.51 21.37 21.15 20.88 20.55 20.16 19.74 19.31 18.87 18.42 17.96 17.50 17.03 16.55 16.06 15.57 15.07 14.58 14.08 13.57 13.07 12.56 12.06 11.55 11.05 10.55 10.05 9.55 9.06 8.57 8.09 7.62 7.15 6.70 6.24 5.80 5.38 4.97 4.59 4.22 3.88 3.55 3.25 2.95 2.67 2.41 2.15 1.91 1.67 1.45 1.23 1.02 0.81 0.61 0.42 0.23
13.11 13.35 13.60 13.84 14.07 14.30 14.53 14.77 15.04 15.35 15.68 16.04 16.42 16.84 17.28 17.74 18.22 18.73 19.26 19.78 20.23 20.58 20.86 21.04 21.15 21.19 21.15 21.04 20.86 20.62 20.32 19.96 19.57 19.16 18.75 18.32 17.89 17.44 16.99 16.53 16.07 15.60 15.12 14.64 14.15 13.67 13.18 12.69 12.19 11.70 11.21 10.72 10.23 9.74 9.26 8.78 8.31 7.84 7.38 6.92 6.48 6.04 5.61 5.19 4.78 4.40 4.03 3.69 3.36 3.05 2.76 2.48 2.21 1.96 1.71 1.48 1.25 1.03 0.82 0.61 0.42 0.22 0.04
13.43 13.68 13.93 14.16 14.40 14.62 14.84 15.06 15.29 15.55 15.84 16.16 16.51 16.88 17.28 17.70 18.15 18.61 19.10 19.59 19.99 20.31 20.55 20.70 20.78 20.78 20.71 20.56 20.35 20.08 19.75 19.39 19.01 18.62 18.21 17.80 17.38 16.95 16.51 16.07 15.61 15.15 14.69 14.22 13.75 13.27 12.80 12.32 11.84 11.36 10.88 10.40 9.92 9.44 8.97 8.50 8.04 7.58 7.13 6.69 6.25 5.82 5.40 4.99 4.59 4.21 3.84 3.50 3.17 2.86 2.57 2.29 2.02 1.76 1.52 1.29 1.06 0.84 0.63 0.42 0.23 0.03 0.00
13.76 14.01 14.25 14.49 14.72 14.95 15.16 15.37 15.57 15.79 16.04 16.31 16.62 16.95 17.30 17.68 18.09 18.52 18.96 19.41 19.78 20.06 20.25 20.37 20.41 20.37 20.26 20.09 19.84 19.54 19.20 18.85 18.48 18.10 17.71 17.31 16.90 16.49 16.06 15.62 15.18 14.74 14.28 13.83 13.37 12.90 12.43 11.97 11.50 11.03 10.56 10.09 9.62 9.15 8.69 8.23 7.78 7.33 6.89 6.46 6.03 5.61 5.20 4.80 4.41 4.03 3.66 3.31 2.99 2.68 2.38 2.10 1.83 1.58 1.34 1.10 0.88 0.66 0.45 0.24 0.04 0.00 0.00
14.08 14.34 14.58 14.82 15.05 15.27 15.48 15.68 15.88 16.07 16.27 16.50 16.76 17.04 17.36 17.69 18.05 18.44 18.84 19.24 19.57 19.81 19.97 20.05 20.04 19.97 19.82 19.61 19.34 19.02 18.69 18.35 18.00 17.63 17.25 16.86 16.46 16.05 15.64 15.22 14.78 14.35 13.90 13.46 13.01 12.55 12.09 11.63 11.17 10.71 10.25 9.79 9.33 8.88 8.42 7.97 7.53 7.09 6.66 6.23 5.81 5.40 4.99 4.60 4.22 3.84 3.48 3.14 2.81 2.50 2.20 1.92 1.65 1.40 1.16 0.92 0.70 0.48 0.27 0.07 0.00 0.00 0.00
14.40 14.66 14.90 15.14 15.37 15.59 15.80 15.99 16.18 16.36 16.53 16.72 16.93 17.17 17.43 17.73 18.04 18.38 18.74 19.10 19.38 19.58 19.70 19.73 19.69 19.58 19.39 19.14 18.85 18.55 18.23 17.90 17.55 17.20 16.83 16.45 16.06 15.66 15.25 14.84 14.42 13.99 13.56 13.12 12.67 12.23 11.78 11.33 10.88 10.42 9.97 9.52 9.07 8.62 8.17 7.73 7.29 6.86 6.43 6.01 5.60 5.19 4.79 4.41 4.03 3.66 3.31 2.96 2.64 2.32 2.03 1.75 1.48 1.23 0.99 0.75 0.53 0.31 0.10 0.00 0.00 0.00 0.00
14.72 14.98 15.22 15.46 15.69 15.90 16.11 16.30 16.48 16.66 16.82 16.97 17.13 17.32 17.54 17.79 18.06 18.35 18.66 18.97 19.21 19.36 19.44 19.43 19.35 19.19 18.97 18.70 18.42 18.13 17.82 17.49 17.16 16.81 16.45 16.08 15.70 15.31 14.91 14.50 14.09 13.67 13.24 12.81 12.37 11.93 11.49 11.05 10.60 10.16 9.71 9.26 8.82 8.38 7.94 7.50 7.07 6.64 6.22 5.80 5.40 5.00 4.60 4.22 3.85 3.49 3.13 2.80 2.47 2.16 1.86 1.58 1.32 1.06 0.82 0.59 0.37 0.15 0.00 0.00 0.00 0.00 0.00
15.04 15.29 15.54 15.78 16.00 16.21 16.41 16.60 16.78 16.95 17.10 17.24 17.37 17.51 17.68 17.88 18.10 18.34 18.61 18.87 19.06 19.17 19.19 19.14 19.01 18.82 18.58 18.32 18.05 17.76 17.46 17.14 16.81 16.47 16.12 15.76 15.38 15.00 14.61 14.21 13.80 13.38 12.96 12.54 12.11 11.68 11.24 10.80 10.36 9.92 9.48 9.04 8.60 8.16 7.72 7.29 6.86 6.44 6.02 5.61 5.21 4.81 4.42 4.04 3.67 3.32 2.97 2.63 2.31 2.00 1.71 1.43 1.16 0.91 0.67 0.43 0.21 0.00 0.00 0.00 0.00 0.00 0.00
15.34 15.60 15.85 16.08 16.31 16.52 16.72 16.90 17.07 17.23 17.38 17.51 17.63 17.73 17.85 18.00 18.16 18.36 18.57 18.79 18.93 18.99 18.96 18.86 18.69 18.48 18.25 18.00 17.73 17.45 17.15 16.84 16.52 16.19 15.84 15.48 15.11 14.74 14.35 13.95 13.55 13.14 12.73 12.31 11.88 11.45 11.02 10.59 10.15 9.71 9.27 8.84 8.40 7.97 7.53 7.11 6.68 6.26 5.85 5.44 5.04 4.64 4.26 3.88 3.51 3.16 2.81 2.48 2.16 1.85 1.55 1.27 1.01 0.76 0.52 0.29 0.07 0.00 0.00 0.00 0.00 0.00 0.00
15.64 15.90 16.15 16.39 16.61 16.82 17.01 17.19 17.36 17.51 17.65 17.77 17.88 17.97 18.05 18.15 18.26 18.40 18.57 18.73 18.82 18.83 18.75 18.61 18.42 18.21 17.98 17.74 17.48 17.20 16.91 16.61 16.29 15.96 15.61 15.26 14.90 14.52 14.14 13.75 13.35 12.95 12.53 12.12 11.70 11.27 10.84 10.41 9.98 9.54 9.11 8.67 8.24 7.81 7.38 6.95 6.53 6.11 5.70 5.29 4.89 4.50 4.11 3.74 3.37 3.01 2.67 2.33 2.01 1.71 1.41 1.13 0.87 0.62 0.38 0.15 0.00 0.00 0.00 0.00 0.00 0.00 0.00
15.94 16.20 16.45 16.68 16.90 17.11 17.30 17.47 17.64 17.78 17.91 18.03 18.13 18.21 18.27 18.33 18.39 18.48 18.59 18.70 18.73 18.69 18.57 18.40 18.22 18.01 17.79 17.55 17.29 17.02 16.73 16.43 16.11 15.79 15.45 15.10 14.74 14.37 13.99 13.60 13.20 12.80 12.39 11.97 11.56 11.13 10.70 10.27 9.84 9.41 8.98 8.54 8.11 7.68 7.25 6.82 6.40 5.98 5.57 5.16 4.76 4.37 3.99 3.61 3.24 2.89 2.54 2.21 1.89 1.58 1.28 1.00 0.74 0.48 0.25 0.02 0.00 0.00 0.00 0.00 0.00 0.00 0.00
16.22 16.48 16.73 16.97 17.18 17.39 17.58 17.75 17.90 18.04 18.17 18.27 18.36 18.43 18.49 18.53 18.55 18.58 18.64 18.69 18.67 18.58 18.43 18.27 18.09 17.88 17.66 17.42 17.17 16.90 16.62 16.32 16.01 15.68 15.34 14.99 14.64 14.27 13.89 13.50 13.11 12.70 12.30 11.88 11.46 11.04 10.61 10.18 9.75 9.32 8.89 8.45 8.02 7.59 7.16 6.73 6.31 5.89 5.48 5.07 4.67 4.27 3.89 3.51 3.14 2.78 2.44 2.10 1.77 1.46 1.17 0.88 0.61 0.36 0.12 0.00 0.00 0.00 0.00 0.00 0.00 0.00 0.00
16.49 16.76 17.01 17.24 17.46 17.66 17.84 18.01 18.16 18.29 18.41 18.51 18.59 18.65 18.69 18.72 18.73 18.72 18.72 18.71 18.64 18.52 18.38 18.21 18.03 17.83 17.61 17.38 17.12 16.86 16.57 16.28 15.96 15.64 15.30 14.96 14.60 14.23 13.85 13.46 13.07 12.67 12.26 11.84 11.42 11.00 10.57 10.14 9.71 9.28 8.84 8.41 7.97 7.54 7.11 6.68 6.25 5.83 5.42 5.01 4.60 4.21 3.82 3.44 3.06 2.70 2.35 2.01 1.69 1.37 1.07 0.78 0.51 0.25 0.01 0.00 0.00 0.00 0.00 0.00 0.00 0.00 0.00
