data_processed/recharge/precip/Precip_1987_02.asc
ncols        168
nrows        136
xllcorner    455000
yllcorner    2107000
cellsize     500
NODATA_value     -99999
[rows 74 to 110 of 136, columns 83 to 165 of 168]
0.00 0.00 0.00 0.00 0.00 0.00 0.00 0.00 0.00 0.00 0.00 0.00 0.00 0.00 0.02 0.07 0.12 0.17 0.22 0.28 0.34 0.40 0.46 0.52 0.59 0.66 0.73 0.81 0.89 0.97 1.05 1.14 1.23 1.32 1.42 1.52 1.62 1.72 1.82 1.92 2.02 2.11 2.21 2.30 2.40 2.49 2.58 2.66 2.75 2.83 2.91 2.98 3.05 3.12 3.19 3.25 3.30 3.35 3.40 3.43 3.45 3.45 3.43 3.40 3.34 3.24 3.09 2.90 2.66 2.38 2.07 1.72 1.33 0.92 0.49 0.03 0.00 0.00 0.00 0.00 0.00 0.00 0.00
0.00 0.00 0.00 0.00 0.00 0.00 0.00 0.00 0.00 0.00 0.00 0.00 0.00 0.00 0.00 0.03 0.08 0.14 0.20 0.26 0.32 0.38 0.45 0.52 0.59 0.66 0.74 0.82 0.90 0.98 1.07 1.16 1.25 1.34 1.44 1.54 1.64 1.74 1.84 1.94 2.04 2.14 2.24 2.33 2.43 2.52 2.61 2.70 2.78 2.87 2.94 3.02 3.09 3.16 3.23 3.29 3.35 3.40 3.44 3.47 3.47 3.46 3.43 3.39 3.33 3.25 3.12 2.96 2.74 2.49 2.19 1.86 1.50 1.11 0.69 0.24 0.00 0.00 0.00 0.00 0.00 0.00 0.00
0.00 0.00 0.00 0.00 0.00 0.00 0.00 0.00 0.00 0.00 0.00 0.00 0.00 0.00 0.00 0.00 0.05 0.11 0.18 0.24 0.31 0.37 0.44 0.52 0.59 0.67 0.75 0.83 0.91 1.00 1.08 1.17 1.27 1.36 1.46 1.56 1.66 1.76 1.86 1.97 2.07 2.17 2.26 2.36 2.46 2.55 2.64 2.73 2.82 2.90 2.98 3.06 3.13 3.20 3.27 3.33 3.39 3.44 3.47 3.49 3.48 3.46 3.42 3.37 3.30 3.22 3.11 2.97 2.79 2.56 2.29 1.98 1.64 1.27 0.86 0.44 0.00 0.00 0.00 0.00 0.00 0.00 0.00
0.00 0.00 0.00 0.00 0.00 0.00 0.00 0.00 0.00 0.00 0.00 0.00 0.00 0.00 0.00 0.00 0.02 0.09 0.15 0.22 0.29 0.37 0.44 0.52 0.59 0.67 0.75 0.84 0.92 1.01 1.10 1.19 1.28 1.38 1.48 1.58 1.68 1.79 1.89 1.99 2.09 2.19 2.29 2.39 2.48 2.58 2.67 2.76 2.85 2.93 3.02 3.09 3.17 3.24 3.31 3.37 3.43 3.47 3.49 3.49 3.47 3.44 3.40 3.34 3.26 3.17 3.07 2.94 2.79 2.59 2.34 2.06 1.74 1.39 1.01 0.61 0.18 0.00 0.00 0.00 0.00 0.00 0.00
0.00 0.00 0.00 0.00 0.00 0.00 0.00 0.00 0.00 0.00 0.00 0.00 0.00 0.00 0.00 0.00 0.00 0.06 0.14 0.21 0.28 0.36 0.44 0.52 0.60 0.68 0.76 0.85 0.94 1.02 1.12 1.21 1.30 1.40 1.50 1.60 1.71 1.81 1.91 2.01 2.12 2.22 2.32 2.41 2.51 2.61 2.70 2.79 2.88 2.97 3.05 3.13 3.21 3.28 3.35 3.41 3.45 3.48 3.49 3.48 3.45 3.41 3.36 3.29 3.21 3.11 3.00 2.88 2.75 2.58 2.36 2.11 1.82 1.49 1.14 0.75 0.34 0.00 0.00 0.00 0.00 0.00 0.00
0.00 0.00 0.00 0.00 0.00 0.00 0.00 0.00 0.00 0.00 0.00 0.00 0.00 0.00 0.00 0.00 0.00 0.04 0.12 0.20 0.27 0.35 0.44 0.52 0.60 0.69 0.77 0.86 0.95 1.04 1.13 1.23 1.32 1.42 1.52 1.63 1.73 1.83 1.93 2.04 2.14 2.24 2.34 2.44 2.54 2.63 2.73 2.82 2.91 3.00 3.08 3.16 3.24 3.31 3.38 3.43 3.46 3.47 3.47 3.45 3.42 3.37 3.31 3.23 3.15 3.04 2.93 2.81 2.67 2.52 2.34 2.12 1.86 1.56 1.23 0.87 0.49 0.08 0.00 0.00 0.00 0.00 0.00
0.00 0.00 0.00 0.00 0.00 0.00 0.00 0.00 0.00 0.00 0.00 0.00 0.00 0.00 0.00 0.00 0.00 0.02 0.10 0.19 0.27 0.35 0.44 0.52 0.61 0.69 0.78 0.87 0.96 1.06 1.15 1.25 1.35 1.44 1.55 1.65 1.75 1.85 1.96 2.06 2.16 2.27 2.37 2.47 2.57 2.66 2.76 2.85 2.94 3.03 3.11 3.19 3.27 3.34 3.40 3.43 3.45 3.46 3.44 3.42 3.37 3.32 3.25 3.17 3.07 2.97 2.85 2.72 2.59 2.44 2.28 2.09 1.86 1.60 1.30 0.96 0.61 0.22 0.00 0.00 0.00 0.00 0.00
0.00 0.00 0.00 0.00 0.00 0.00 0.00 0.00 0.00 0.00 0.00 0.00 0.00 0.00 0.00 0.00 0.00 0.01 0.09 0.18 0.26 0.35 0.44 0.53 0.61 0.70 0.80 0.89 0.98 1.08 1.17 1.27 1.37 1.47 1.57 1.67 1.77 1.88 1.98 2.09 2.19 2.29 2.39 2.49 2.59 2.69 2.78 2.88 2.97 3.06 3.14 3.23 3.30 3.36 3.40 3.43 3.43 3.43 3.40 3.37 3.32 3.25 3.18 3.09 2.99 2.88 2.76 2.63 2.49 2.35 2.19 2.03 1.83 1.60 1.33 1.03 0.70 0.34 0.00 0.00 0.00 0.00 0.00
0.00 0.00 0.00 0.00 0.00 0.00 0.00 0.00 0.00 0.00 0.00 0.00 0.00 0.00 0.00 0.00 0.00 0.01 0.09 0.17 0.26 0.35 0.44 0.53 0.62 0.72 0.81 0.90 1.00 1.09 1.19 1.29 1.39 1.49 1.59 1.69 1.80 1.90 2.01 2.11 2.21 2.32 2.42 2.52 2.62 2.72 2.81 2.91 3.00 3.09 3.17 3.25 3.31 3.36 3.39 3.40 3.40 3.38 3.35 3.31 3.25 3.18 3.10 3.00 2.90 2.79 2.66 2.53 2.39 2.25 2.09 1.93 1.76 1.56 1.33 1.06 0.76 0.44 0.09 0.00 0.00 0.00 0.00
0.00 0.00 0.00 0.00 0.00 0.00 0.00 0.00 0.00 0.00 0.00 0.00 0.00 0.00 0.00 0.00 0.00 0.01 0.09 0.17 0.26 0.35 0.44 0.54 0.63 0.73 0.82 0.92 1.02 1.11 1.21 1.31 1.41 1.51 1.61 1.72 1.82 1.93 2.03 2.13 2.24 2.34 2.44 2.54 2.64 2.74 2.84 2.93 3.02 3.11 3.20 3.26 3.31 3.35 3.36 3.36 3.35 3.33 3.29 3.23 3.17 3.09 3.00 2.91 2.80 2.68 2.56 2.43 2.29 2.14 1.99 1.83 1.67 1.50 1.30 1.06 0.80 0.51 0.19 0.00 0.00 0.00 0.00
0.00 0.00 0.00 0.00 0.00 0.00 0.00 0.00 0.00 0.00 0.00 0.00 0.00 0.00 0.00 0.00 0.00 0.02 0.10 0.18 0.26 0.36 0.45 0.55 0.65 0.74 0.84 0.94 1.04 1.14 1.23 1.33 1.44 1.54 1.64 1.74 1.85 1.95 2.05 2.16 2.26 2.36 2.47 2.57 2.67 2.77 2.86 2.96 3.05 3.14 3.21 3.26 3.30 3.32 3.32 3.31 3.29 3.26 3.21 3.15 3.08 3.00 2.90 2.80 2.69 2.57 2.45 2.31 2.17 2.03 1.88 1.72 1.56 1.40 1.23 1.04 0.81 0.55 0.26 0.00 0.00 0.00 0.00
0.00 0.00 0.00 0.00 0.00 0.00 0.00 0.00 0.00 0.00 0.00 0.00 0.00 0.00 0.00 0.00 0.00 0.04 0.11 0.19 0.28 0.37 0.46 0.56 0.66 0.76 0.86 0.96 1.06 1.16 1.26 1.36 1.46 1.56 1.66 1.77 1.87 1.97 2.08 2.18 2.29 2.39 2.49 2.59 2.69 2.79 2.89 2.98 3.07 3.14 3.20 3.24 3.26 3.27 3.27 3.25 3.22 3.18 3.12 3.06 2.98 2.89 2.80 2.69 2.58 2.46 2.33 2.20 2.06 1.91 1.77 1.61 1.46 1.30 1.14 0.97 0.78 0.56 0.31 0.04 0.00 0.00 0.00
0.00 0.00 0.00 0.00 0.00 0.00 0.00 0.00 0.00 0.00 0.00 0.00 0.00 0.00 0.00 0.00 0.00 0.06 0.13 0.21 0.29 0.38 0.47 0.57 0.67 0.77 0.88 0.98 1.08 1.18 1.28 1.38 1.48 1.59 1.69 1.79 1.89 2.00 2.10 2.21 2.31 2.41 2.51 2.62 2.72 2.82 2.91 3.00 3.08 3.14 3.18 3.21 3.22 3.22 3.20 3.18 3.14 3.09 3.03 2.95 2.87 2.78 2.68 2.57 2.46 2.34 2.21 2.08 1.94 1.80 1.65 1.50 1.35 1.20 1.04 0.89 0.73 0.55 0.34 0.10 0.00 0.00 0.00
0.00 0.00 0.00 0.00 0.00 0.00 0.00 0.00 0.00 0.00 0.00 0.00 0.00 0.00 0.00 0.00 0.02 0.09 0.16 0.24 0.32 0.41 0.50 0.59 0.69 0.79 0.90 1.00 1.10 1.20 1.31 1.41 1.51 1.61 1.71 1.82 1.92 2.02 2.13 2.23 2.33 2.44 2.54 2.64 2.74 2.84 2.93 3.01 3.07 3.11 3.15 3.16 3.16 3.15 3.13 3.09 3.05 2.99 2.92 2.84 2.75 2.66 2.56 2.45 2.33 2.21 2.08 1.95 1.81 1.67 1.53 1.39 1.24 1.10 0.95 0.80 0.66 0.51 0.34 0.14 0.00 0.00 0.00
0.00 0.00 0.00 0.00 0.00 0.00 0.00 0.00 0.00 0.00 0.00 0.00 0.00 0.00 0.00 0.00 0.06 0.13 0.20 0.27 0.35 0.44 0.52 0.62 0.71 0.81 0.92 1.02 1.13 1.23 1.33 1.43 1.54 1.64 1.74 1.84 1.95 2.05 2.15 2.25 2.36 2.46 2.56 2.66 2.76 2.86 2.94 3.00 3.05 3.08 3.10 3.10 3.09 3.07 3.04 3.00 2.94 2.88 2.80 2.72 2.63 2.53 2.43 2.32 2.20 2.08 1.95 1.82 1.69 1.55 1.41 1.27 1.13 0.99 0.85 0.71 0.58 0.44 0.31 0.15 0.00 0.00 0.00
0.00 0.00 0.00 0.00 0.00 0.00 0.00 0.00 0.00 0.00 0.00 0.00 0.00 0.00 0.00 0.05 0.11 0.18 0.24 0.32 0.39 0.47 0.56 0.65 0.74 0.84 0.94 1.05 1.15 1.26 1.36 1.46 1.56 1.67 1.77 1.87 1.97 2.07 2.18 2.28 2.38 2.48 2.59 2.69 2.78 2.86 2.93 2.98 3.01 3.03 3.04 3.03 3.01 2.98 2.94 2.89 2.83 2.76 2.68 2.59 2.50 2.40 2.29 2.18 2.06 1.94 1.82 1.69 1.56 1.43 1.29 1.16 1.02 0.89 0.76 0.63 0.50 0.38 0.26 0.13 0.00 0.00 0.00
0.00 0.00 0.00 0.00 0.00 0.00 0.00 0.00 0.00 0.00 0.00 0.00 0.00 0.00 0.05 0.11 0.17 0.23 0.30 0.37 0.44 0.52 0.60 0.69 0.78 0.87 0.97 1.07 1.18 1.28 1.39 1.49 1.59 1.69 1.80 1.90 2.00 2.10 2.20 2.30 2.41 2.51 2.61 2.70 2.79 2.85 2.90 2.94 2.96 2.97 2.96 2.95 2.92 2.88 2.83 2.78 2.71 2.63 2.55 2.46 2.36 2.26 2.15 2.04 1.92 1.80 1.68 1.55 1.43 1.30 1.17 1.04 0.92 0.79 0.67 0.55 0.43 0.31 0.21 0.10 0.00 0.00 0.00
0.00 0.00 0.00 0.00 0.00 0.00 0.00 0.00 0.00 0.00 0.00 0.00 0.03 0.07 0.12 0.17 0.23 0.29 0.35 0.42 0.49 0.57 0.65 0.73 0.82 0.91 1.00 1.10 1.21 1.31 1.42 1.52 1.62 1.72 1.82 1.92 2.02 2.13 2.23 2.33 2.43 2.53 2.63 2.71 2.78 2.83 2.86 2.89 2.90 2.89 2.88 2.85 2.82 2.77 2.72 2.65 2.58 2.50 2.41 2.32 2.22 2.12 2.01 1.89 1.78 1.66 1.54 1.42 1.30 1.17 1.05 0.93 0.81 0.69 0.58 0.47 0.36 0.26 0.16 0.07 0.00 0.00 0.00
0.00 0.00 0.00 0.00 0.00 0.00 0.00 0.00 0.00 0.00 0.02 0.06 0.10 0.14 0.19 0.24 0.30 0.36 0.42 0.49 0.55 0.63 0.70 0.78 0.87 0.96 1.05 1.14 1.24 1.34 1.45 1.55 1.65 1.75 1.85 1.95 2.05 2.15 2.25 2.35 2.46 2.55 2.63 2.70 2.75 2.79 2.81 2.82 2.82 2.81 2.78 2.75 2.71 2.65 2.59 2.52 2.44 2.36 2.27 2.17 2.07 1.97 1.86 1.75 1.63 1.52 1.40 1.28 1.16 1.05 0.93 0.81 0.70 0.59 0.49 0.39 0.29 0.20 0.12 0.04 0.00 0.00 0.00
0.00 0.00 0.00 0.00 0.00 0.00 0.00 0.02 0.04 0.07 0.11 0.14 0.18 0.23 0.27 0.32 0.38 0.43 0.49 0.56 0.62 0.69 0.77 0.84 0.92 1.01 1.09 1.18 1.28 1.38 1.48 1.58 1.68 1.78 1.88 1.98 2.08 2.18 2.28 2.38 2.47 2.56 2.62 2.67 2.71 2.74 2.75 2.75 2.73 2.71 2.68 2.64 2.58 2.52 2.46 2.38 2.30 2.21 2.12 2.02 1.92 1.81 1.71 1.60 1.48 1.37 1.26 1.14 1.03 0.92 0.81 0.70 0.60 0.50 0.41 0.32 0.23 0.15 0.08 0.02 0.00 0.00 0.00
0.01 0.01 0.02 0.03 0.05 0.06 0.08 0.11 0.14 0.16 0.20 0.23 0.27 0.31 0.36 0.41 0.46 0.51 0.57 0.63 0.70 0.76 0.83 0.91 0.98 1.06 1.15 1.23 1.32 1.42 1.51 1.61 1.71 1.81 1.91 2.01 2.11 2.21 2.31 2.40 2.48 2.55 2.60 2.63 2.66 2.67 2.67 2.66 2.64 2.60 2.56 2.51 2.45 2.39 2.31 2.24 2.15 2.06 1.96 1.87 1.76 1.66 1.55 1.44 1.33 1.22 1.11 1.01 0.90 0.79 0.69 0.59 0.50 0.41 0.33 0.25 0.18 0.11 0.06 0.01 0.00 0.00 0.00
0.10 0.11 0.12 0.13 0.15 0.16 0.19 0.21 0.24 0.26 0.30 0.33 0.37 0.41 0.45 0.50 0.55 0.60 0.66 0.72 0.78 0.84 0.91 0.98 1.05 1.13 1.21 1.29 1.38 1.46 1.56 1.65 1.75 1.85 1.94 2.04 2.14 2.23 2.33 2.41 2.47 2.52 2.56 2.58 2.59 2.59 2.58 2.56 2.53 2.49 2.44 2.38 2.32 2.24 2.17 2.08 1.99 1.90 1.80 1.71 1.60 1.50 1.39 1.29 1.18 1.08 0.97 0.87 0.77 0.67 0.58 0.49 0.40 0.33 0.25 0.19 0.13 0.08 0.04 0.00 0.00 0.00 0.00
0.21 0.22 0.23 0.24 0.26 0.27 0.29 0.32 0.34 0.37 0.40 0.44 0.48 0.51 0.56 0.60 0.65 0.70 0.75 0.81 0.87 0.93 0.99 1.06 1.13 1.20 1.28 1.35 1.43 1.52 1.60 1.69 1.79 1.88 1.98 2.07 2.17 2.26 2.34 2.40 2.45 2.48 2.51 2.52 2.52 2.51 2.48 2.45 2.41 2.36 2.31 2.24 2.17 2.09 2.01 1.93 1.83 1.74 1.64 1.54 1.44 1.34 1.23 1.13 1.03 0.93 0.83 0.73 0.64 0.55 0.47 0.39 0.31 0.25 0.18 0.13 0.09 0.05 0.02 0.01 0.00 0.00 0.02
0.32 0.33 0.34 0.36 0.37 0.39 0.41 0.43 0.46 0.49 0.52 0.55 0.59 0.63 0.67 0.71 0.75 0.80 0.85 0.91 0.96 1.02 1.08 1.14 1.21 1.28 1.35 1.42 1.50 1.58 1.66 1.74 1.83 1.92 2.01 2.10 2.19 2.27 2.33 2.38 2.41 2.43 2.44 2.44 2.43 2.41 2.37 2.33 2.29 2.23 2.16 2.09 2.02 1.94 1.85 1.76 1.67 1.57 1.48 1.38 1.28 1.18 1.08 0.98 0.88 0.78 0.69 0.60 0.52 0.43 0.36 0.29 0.23 0.17 0.12 0.08 0.05 0.03 0.02 0.02 0.03 0.05 0.09
0.44 0.45 0.46 0.48 0.50 0.51 0.53 0.56 0.58 0.61 0.64 0.67 0.71 0.74 0.78 0.82 0.87 0.91 0.96 1.01 1.06 1.12 1.17 1.23 1.30 1.36 1.43 1.50 1.57 1.64 1.72 1.80 1.88 1.96 2.05 2.13 2.21 2.27 2.31 2.34 2.36 2.37 2.37 2.36 2.33 2.30 2.26 2.21 2.15 2.09 2.02 1.94 1.86 1.78 1.69 1.60 1.50 1.41 1.31 1.21 1.11 1.02 0.92 0.82 0.73 0.64 0.56 0.47 0.40 0.32 0.26 0.20 0.15 0.10 0.07 0.04 0.03 0.02 0.03 0.04 0.07 0.11 0.17
0.56 0.57 0.59 0.60 0.62 0.64 0.66 0.68 0.71 0.73 0.76 0.79 0.83 0.86 0.90 0.94 0.98 1.02 1.07 1.12 1.17 1.22 1.27 1.33 1.39 1.45 1.51 1.57 1.64 1.71 1.78 1.86 1.93 2.01 2.09 2.16 2.22 2.26 2.29 2.31 2.32 2.31 2.30 2.27 2.24 2.20 2.15 2.09 2.03 1.96 1.88 1.80 1.72 1.63 1.54 1.44 1.35 1.25 1.15 1.06 0.96 0.87 0.77 0.68 0.60 0.51 0.44 0.36 0.29 0.23 0.18 0.13 0.09 0.06 0.04 0.03 0.02 0.03 0.06 0.09 0.14 0.20 0.27
0.68 0.70 0.71 0.73 0.74 0.76 0.78 0.81 0.83 0.86 0.89 0.92 0.95 0.98 1.02 1.06 1.10 1.14 1.18 1.23 1.27 1.32 1.37 1.43 1.48 1.54 1.60 1.66 1.72 1.78 1.85 1.92 1.99 2.06 2.12 2.18 2.23 2.26 2.27 2.28 2.27 2.25 2.23 2.19 2.15 2.10 2.04 1.98 1.91 1.83 1.75 1.66 1.58 1.49 1.39 1.30 1.20 1.11 1.01 0.92 0.82 0.73 0.65 0.56 0.48 0.40 0.33 0.27 0.21 0.16 0.11 0.08 0.05 0.03 0.03 0.03 0.04 0.07 0.11 0.16 0.23 0.31 0.41
0.80 0.82 0.83 0.85 0.87 0.89 0.91 0.93 0.96 0.98 1.01 1.04 1.07 1.10 1.14 1.17 1.21 1.25 1.29 1.34 1.38 1.43 1.47 1.52 1.58 1.63 1.68 1.74 1.80 1.86 1.92 1.98 2.05 2.10 2.16 2.20 2.23 2.25 2.25 2.25 2.23 2.20 2.16 2.12 2.06 2.00 1.94 1.87 1.79 1.71 1.62 1.54 1.45 1.35 1.26 1.16 1.07 0.97 0.88 0.79 0.70 0.61 0.53 0.45 0.38 0.31 0.25 0.19 0.14 0.10 0.07 0.05 0.03 0.03 0.04 0.05 0.09 0.13 0.19 0.26 0.34 0.45 0.56
0.92 0.93 0.95 0.97 0.99 1.01 1.03 1.06 1.08 1.11 1.13 1.16 1.19 1.23 1.26 1.29 1.33 1.37 1.41 1.45 1.49 1.53 1.58 1.62 1.67 1.72 1.77 1.83 1.88 1.94 1.99 2.05 2.10 2.15 2.19 2.22 2.24 2.24 2.23 2.21 2.18 2.14 2.10 2.04 1.98 1.91 1.84 1.76 1.68 1.60 1.51 1.42 1.32 1.23 1.13 1.04 0.94 0.85 0.76 0.67 0.59 0.51 0.43 0.36 0.29 0.23 0.18 0.13 0.09 0.06 0.04 0.03 0.03 0.04 0.07 0.10 0.15 0.21 0.29 0.38 0.49 0.61 0.75
1.03 1.05 1.07 1.09 1.11 1.13 1.15 1.18 1.20 1.23 1.26 1.28 1.31 1.35 1.38 1.41 1.45 1.48 1.52 1.56 1.60 1.64 1.68 1.73 1.77 1.82 1.86 1.91 1.96 2.02 2.07 2.11 2.15 2.18 2.21 2.23 2.24 2.23 2.21 2.18 2.14 2.09 2.03 1.97 1.90 1.83 1.75 1.66 1.58 1.49 1.39 1.30 1.21 1.11 1.02 0.92 0.83 0.74 0.65 0.57 0.49 0.41 0.34 0.28 0.22 0.17 0.12 0.09 0.06 0.04 0.03 0.04 0.05 0.08 0.12 0.17 0.24 0.32 0.41 0.52 0.65 0.79 0.95
1.15 1.16 1.18 1.20 1.23 1.25 1.27 1.30 1.32 1.35 1.38 1.41 1.43 1.47 1.50 1.53 1.56 1.60 1.63 1.67 1.71 1.75 1.79 1.83 1.87 1.91 1.96 2.00 2.05 2.09 2.13 2.17 2.20 2.22 2.23 2.24 2.24 2.22 2.19 2.15 2.10 2.04 1.97 1.90 1.82 1.74 1.66 1.57 1.48 1.38 1.29 1.19 1.10 1.00 0.91 0.82 0.73 0.64 0.55 0.47 0.40 0.33 0.27 0.21 0.16 0.12 0.08 0.06 0.04 0.04 0.04 0.06 0.09 0.13 0.19 0.26 0.34 0.44 0.56 0.69 0.84 1.00 1.16
1.25 1.27 1.30 1.32 1.34 1.37 1.39 1.42 1.44 1.47 1.50 1.52 1.55 1.58 1.61 1.65 1.68 1.71 1.75 1.78 1.82 1.85 1.89 1.93 1.97 2.01 2.05 2.09 2.13 2.17 2.20 2.22 2.24 2.25 2.25 2.25 2.23 2.21 2.17 2.11 2.05 1.98 1.91 1.83 1.75 1.66 1.57 1.48 1.38 1.28 1.19 1.09 0.99 0.90 0.81 0.72 0.63 0.54 0.47 0.39 0.32 0.26 0.20 0.15 0.11 0.08 0.06 0.04 0.04 0.05 0.07 0.10 0.15 0.21 0.28 0.37 0.47 0.59 0.72 0.88 1.04 1.21 1.37
1.36 1.38 1.40 1.43 1.45 1.48 1.50 1.53 1.56 1.58 1.61 1.64 1.67 1.70 1.73 1.76 1.79 1.82 1.86 1.89 1.92 1.96 1.99 2.03 2.07 2.10 2.14 2.18 2.21 2.23 2.25 2.27 2.27 2.27 2.26 2.25 2.23 2.19 2.14 2.08 2.01 1.93 1.85 1.76 1.67 1.58 1.48 1.39 1.29 1.19 1.09 0.99 0.90 0.80 0.71 0.62 0.54 0.46 0.39 0.32 0.25 0.20 0.15 0.11 0.08 0.06 0.05 0.04 0.06 0.08 0.11 0.16 0.22 0.30 0.39 0.49 0.62 0.75 0.91 1.08 1.25 1.42 1.58
1.46 1.48 1.51 1.54 1.56 1.59 1.62 1.64 1.67 1.70 1.73 1.76 1.78 1.81 1.84 1.87 1.90 1.94 1.97 2.00 2.03 2.06 2.10 2.13 2.17 2.20 2.23 2.26 2.28 2.30 2.30 2.31 2.30 2.29 2.28 2.25 2.22 2.17 2.11 2.04 1.96 1.88 1.79 1.69 1.60 1.50 1.40 1.30 1.20 1.10 1.00 0.90 0.81 0.71 0.62 0.54 0.46 0.38 0.31 0.25 0.20 0.15 0.11 0.08 0.06 0.05 0.05 0.06 0.08 0.12 0.17 0.23 0.31 0.40 0.51 0.64 0.78 0.94 1.11 1.29 1.46 1.63 1.79
1.55 1.58 1.61 1.64 1.67 1.69 1.72 1.75 1.78 1.81 1.84 1.87 1.90 1.93 1.95 1.98 2.01 2.04 2.08 2.11 2.14 2.17 2.20 2.23 2.26 2.29 2.32 2.33 2.35 2.35 2.35 2.34 2.33 2.31 2.28 2.25 2.21 2.15 2.08 2.00 1.92 1.83 1.73 1.63 1.52 1.42 1.32 1.21 1.11 1.01 0.91 0.81 0.72 0.63 0.54 0.46 0.38 0.31 0.25 0.20 0.15 0.11 0.08 0.06 0.05 0.05 0.06 0.09 0.13 0.18 0.24 0.32 0.42 0.53 0.66 0.80 0.96 1.14 1.32 1.50 1.67 1.84 1.99
1.64 1.67 1.70 1.73 1.76 1.80 1.83 1.86 1.88 1.91 1.94 1.97 2.00 2.03 2.06 2.09 2.12 2.15 2.18 2.21 2.24 2.27 2.30 2.33 2.36 2.38 2.39 2.40 2.40 2.40 2.39 2.37 2.35 2.32 2.29 2.25 2.19 2.13 2.05 1.97 1.87 1.77 1.67 1.56 1.45 1.34 1.23 1.13 1.02 0.92 0.82 0.73 0.64 0.55 0.46 0.39 0.32 0.25 0.20 0.15 0.11 0.08 0.06 0.05 0.05 0.06 0.09 0.13 0.18 0.25 0.33 0.43 0.54 0.67 0.82 0.98 1.16 1.35 1.53 1.70 1.87 2.04 2.19
1.73 1.76 1.79 1.83 1.86 1.89 1.92 1.95 1.99 2.02 2.05 2.08 2.11 2.14 2.17 2.20 2.23 2.25 2.28 2.31 2.34 2.37 2.40 2.42 2.44 2.45 2.46 2.46 2.46 2.44 2.43 2.40 2.37 2.33 2.29 2.24 2.18 2.10 2.02 1.93 1.83 1.72 1.61 1.50 1.38 1.27 1.15 1.05 0.94 0.84 0.74 0.65 0.56 0.47 0.39 0.32 0.26 0.20 0.15 0.11 0.08 0.06 0.05 0.05 0.06 0.09 0.13 0.18 0.25 0.33 0.43 0.55 0.68 0.83 1.00 1.18 1.36 1.55 1.73 1.90 2.07 2.23 2.38
