data_processed/recharge/precip/Precip_1996_01.asc
ncols        168
nrows        136
xllcorner    455000
yllcorner    2107000
cellsize     500
NODATA_value     -99999
[rows 76 to 113 of 136, columns 0 to 83 of 168]
0.00 0.00 0.00 0.01 0.02 0.04 0.07 0.10 0.13 0.16 0.19 0.23 0.26 0.29 0.32 0.35 0.37 0.39 0.40 0.41 0.42 0.45 0.51 0.59 0.68 0.73 0.74 0.72 0.68 0.64 0.60 0.56 0.52 0.48 0.44 0.40 0.36 0.32 0.29 0.25 0.21 0.17 0.12 0.08 0.04 0.00 0.00 0.00 0.00 0.00 0.00 0.00 0.00 0.00 0.01 0.04 0.08 0.13 0.19 0.25 0.33 0.40 0.49 0.57 0.66 0.76 0.85 0.95 1.05 1.15 1.25 1.35 1.44 1.52 1.60 1.65 1.70 1.71 1.70 1.66 1.61 1.54 1.46 1.37
0.00 0.00 0.01 0.03 0.05 0.07 0.10 0.13 0.16 0.20 0.23 0.27 0.30 0.34 0.36 0.39 0.41 0.43 0.44 0.44 0.43 0.43 0.45 0.49 0.54 0.56 0.54 0.51 0.47 0.43 0.39 0.36 0.33 0.30 0.27 0.24 0.21 0.18 0.16 0.13 0.11 0.08 0.06 0.03 0.00 0.00 0.00 0.00 0.00 0.00 0.00 0.00 0.00 0.00 0.02 0.06 0.10 0.16 0.22 0.29 0.37 0.45 0.54 0.63 0.72 0.81 0.91 1.01 1.11 1.20 1.30 1.39 1.49 1.57 1.65 1.71 1.75 1.77 1.76 1.72 1.67 1.61 1.54 1.45
0.00 0.01 0.03 0.05 0.07 0.10 0.13 0.17 0.21 0.24 0.28 0.31 0.35 0.38 0.41 0.43 0.45 0.46 0.47 0.46 0.45 0.43 0.42 0.42 0.43 0.41 0.37 0.33 0.29 0.25 0.22 0.19 0.16 0.13 0.11 0.09 0.07 0.05 0.04 0.02 0.01 0.00 0.00 0.00 0.00 0.00 0.00 0.00 0.00 0.00 0.00 0.00 0.00 0.00 0.03 0.08 0.14 0.20 0.27 0.34 0.42 0.50 0.59 0.68 0.78 0.87 0.97 1.07 1.16 1.26 1.35 1.44 1.53 1.62 1.69 1.76 1.80 1.82 1.81 1.78 1.74 1.68 1.62 1.54
0.01 0.03 0.05 0.07 0.10 0.14 0.17 0.21 0.25 0.29 0.33 0.36 0.40 0.43 0.45 0.47 0.49 0.50 0.50 0.49 0.47 0.45 0.41 0.37 0.34 0.29 0.24 0.20 0.15 0.12 0.08 0.05 0.03 0.00 0.00 0.00 0.00 0.00 0.00 0.00 0.00 0.00 0.00 0.00 0.00 0.00 0.00 0.00 0.00 0.00 0.00 0.00 0.00 0.01 0.06 0.11 0.17 0.24 0.31 0.39 0.48 0.56 0.65 0.75 0.84 0.93 1.03 1.13 1.22 1.31 1.40 1.49 1.57 1.65 1.73 1.79 1.84 1.86 1.86 1.84 1.81 1.76 1.70 1.63
0.03 0.05 0.07 0.11 0.14 0.18 0.22 0.26 0.30 0.34 0.37 0.41 0.44 0.47 0.49 0.51 0.52 0.53 0.52 0.51 0.49 0.45 0.41 0.35 0.29 0.23 0.17 0.12 0.07 0.03 0.00 0.00 0.00 0.00 0.00 0.00 0.00 0.00 0.00 0.00 0.00 0.00 0.00 0.00 0.00 0.00 0.00 0.00 0.00 0.00 0.00 0.00 0.00 0.04 0.09 0.15 0.22 0.29 0.37 0.45 0.54 0.62 0.72 0.81 0.90 1.00 1.09 1.19 1.28 1.37 1.45 1.54 1.62 1.69 1.76 1.82 1.87 1.90 1.91 1.90 1.88 1.84 1.79 1.72
0.03 0.06 0.09 0.13 0.17 0.21 0.25 0.29 0.33 0.37 0.41 0.45 0.48 0.51 0.53 0.54 0.55 0.55 0.54 0.52 0.49 0.45 0.40 0.34 0.27 0.20 0.13 0.08 0.02 0.00 0.00 0.00 0.00 0.00 0.00 0.00 0.00 0.00 0.00 0.00 0.00 0.00 0.00 0.00 0.00 0.00 0.00 0.00 0.00 0.00 0.00 0.00 0.03 0.08 0.14 0.20 0.27 0.35 0.43 0.51 0.60 0.69 0.78 0.87 0.97 1.06 1.15 1.24 1.33 1.42 1.50 1.58 1.65 1.71 1.77 1.83 1.88 1.92 1.95 1.95 1.94 1.91 1.86 1.81
0.00 0.04 0.08 0.12 0.16 0.21 0.26 0.30 0.35 0.39 0.43 0.47 0.50 0.52 0.54 0.56 0.56 0.56 0.55 0.52 0.49 0.44 0.39 0.33 0.26 0.19 0.12 0.05 0.00 0.00 0.00 0.00 0.00 0.00 0.00 0.00 0.00 0.00 0.00 0.00 0.00 0.00 0.00 0.00 0.00 0.00 0.00 0.00 0.00 0.00 0.00 0.02 0.07 0.13 0.19 0.26 0.33 0.41 0.49 0.57 0.66 0.75 0.84 0.93 1.03 1.12 1.20 1.29 1.37 1.45 1.53 1.60 1.66 1.72 1.77 1.83 1.87 1.92 1.95 1.97 1.97 1.95 1.92 1.87
0.00 0.00 0.04 0.09 0.14 0.19 0.24 0.29 0.34 0.38 0.43 0.47 0.50 0.52 0.54 0.56 0.56 0.56 0.54 0.51 0.47 0.43 0.38 0.32 0.26 0.19 0.11 0.03 0.00 0.00 0.00 0.00 0.00 0.00 0.00 0.00 0.00 0.00 0.00 0.00 0.00 0.00 0.00 0.00 0.00 0.00 0.00 0.00 0.00 0.00 0.00 0.05 0.12 0.18 0.25 0.32 0.39 0.47 0.55 0.64 0.73 0.81 0.90 0.99 1.08 1.16 1.25 1.33 1.40 1.48 1.54 1.60 1.66 1.71 1.76 1.81 1.85 1.90 1.93 1.96 1.98 1.97 1.94 1.90
0.00 0.00 0.00 0.02 0.08 0.14 0.20 0.25 0.31 0.36 0.40 0.44 0.48 0.51 0.53 0.54 0.54 0.54 0.52 0.49 0.45 0.41 0.37 0.32 0.26 0.19 0.11 0.03 0.00 0.00 0.00 0.00 0.00 0.00 0.00 0.00 0.00 0.00 0.00 0.00 0.00 0.00 0.00 0.00 0.00 0.00 0.00 0.00 0.00 0.00 0.00 0.08 0.17 0.24 0.31 0.38 0.46 0.54 0.62 0.70 0.78 0.87 0.95 1.04 1.12 1.20 1.28 1.35 1.42 1.48 1.54 1.59 1.64 1.68 1.73 1.78 1.82 1.86 1.90 1.93 1.95 1.96 1.95 1.92
0.00 0.00 0.00 0.00 0.00 0.07 0.13 0.20 0.25 0.31 0.36 0.40 0.44 0.47 0.50 0.51 0.51 0.51 0.49 0.46 0.44 0.41 0.38 0.33 0.27 0.19 0.12 0.03 0.00 0.00 0.00 0.00 0.00 0.00 0.00 0.00 0.00 0.00 0.00 0.00 0.00 0.00 0.00 0.00 0.00 0.00 0.00 0.00 0.00 0.00 0.00 0.11 0.21 0.30 0.38 0.45 0.53 0.60 0.68 0.76 0.84 0.92 1.00 1.08 1.15 1.22 1.29 1.36 1.42 1.47 1.52 1.56 1.60 1.65 1.69 1.74 1.78 1.82 1.85 1.88 1.91 1.93 1.93 1.91
0.00 0.00 0.00 0.00 0.00 0.00 0.05 0.11 0.18 0.24 0.30 0.35 0.39 0.42 0.45 0.46 0.47 0.46 0.45 0.44 0.43 0.41 0.39 0.34 0.28 0.21 0.13 0.04 0.00 0.00 0.00 0.00 0.00 0.00 0.00 0.00 0.00 0.00 0.00 0.00 0.00 0.00 0.00 0.00 0.00 0.00 0.00 0.00 0.00 0.00 0.00 0.13 0.25 0.35 0.44 0.52 0.60 0.67 0.74 0.82 0.89 0.96 1.04 1.11 1.17 1.23 1.29 1.35 1.40 1.44 1.48 1.51 1.56 1.60 1.64 1.69 1.73 1.76 1.80 1.82 1.85 1.87 1.88 1.88
0.00 0.00 0.00 0.00 0.00 0.00 0.00 0.01 0.09 0.15 0.22 0.27 0.32 0.36 0.39 0.40 0.41 0.41 0.42 0.43 0.43 0.43 0.40 0.36 0.30 0.23 0.15 0.06 0.00 0.00 0.00 0.00 0.00 0.00 0.00 0.00 0.00 0.00 0.00 0.00 0.00 0.00 0.00 0.00 0.00 0.00 0.00 0.00 0.00 0.00 0.01 0.15 0.28 0.40 0.50 0.59 0.66 0.73 0.80 0.87 0.93 1.00 1.06 1.12 1.18 1.23 1.28 1.32 1.36 1.39 1.42 1.46 1.50 1.54 1.58 1.62 1.66 1.70 1.73 1.76 1.78 1.80 1.81 1.82
0.00 0.00 0.00 0.00 0.00 0.00 0.00 0.00 0.00 0.05 0.12 0.18 0.23 0.28 0.31 0.33 0.35 0.37 0.40 0.43 0.44 0.45 0.43 0.39 0.33 0.25 0.17 0.08 0.00 0.00 0.00 0.00 0.00 0.00 0.00 0.00 0.00 0.00 0.00 0.00 0.00 0.00 0.00 0.00 0.00 0.00 0.00 0.00 0.00 0.00 0.02 0.17 0.31 0.43 0.54 0.63 0.72 0.79 0.85 0.91 0.97 1.02 1.08 1.13 1.17 1.21 1.25 1.28 1.30 1.33 1.36 1.40 1.44 1.47 1.51 1.55 1.59 1.62 1.65 1.68 1.70 1.72 1.73 1.74
0.00 0.00 0.00 0.00 0.00 0.00 0.00 0.00 0.00 0.00 0.00 0.07 0.13 0.18 0.22 0.25 0.30 0.35 0.39 0.44 0.47 0.48 0.47 0.44 0.37 0.29 0.21 0.12 0.02 0.00 0.00 0.00 0.00 0.00 0.00 0.00 0.00 0.00 0.00 0.00 0.00 0.00 0.00 0.00 0.00 0.00 0.00 0.00 0.00 0.00 0.02 0.18 0.33 0.46 0.57 0.67 0.76 0.83 0.89 0.94 0.99 1.04 1.08 1.11 1.15 1.17 1.20 1.21 1.23 1.26 1.29 1.33 1.36 1.40 1.44 1.47 1.51 1.54 1.57 1.59 1.62 1.63 1.65 1.66
0.00 0.00 0.00 0.00 0.00 0.00 0.00 0.00 0.00 0.00 0.00 0.00 0.01 0.07 0.13 0.19 0.26 0.33 0.40 0.46 0.51 0.53 0.53 0.49 0.42 0.34 0.25 0.16 0.06 0.00 0.00 0.00 0.00 0.00 0.00 0.00 0.00 0.00 0.00 0.00 0.00 0.00 0.00 0.00 0.00 0.00 0.00 0.00 0.00 0.00 0.02 0.19 0.34 0.48 0.59 0.70 0.78 0.86 0.92 0.96 1.00 1.03 1.06 1.09 1.11 1.12 1.13 1.14 1.16 1.18 1.21 1.25 1.28 1.32 1.35 1.39 1.42 1.45 1.48 1.50 1.52 1.54 1.55 1.56
0.00 0.00 0.00 0.00 0.00 0.00 0.00 0.00 0.00 0.00 0.00 0.00 0.00 0.00 0.04 0.14 0.24 0.33 0.42 0.50 0.56 0.59 0.59 0.55 0.48 0.40 0.31 0.21 0.11 0.00 0.00 0.00 0.00 0.00 0.00 0.00 0.00 0.00 0.00 0.00 0.00 0.00 0.00 0.00 0.00 0.00 0.00 0.00 0.00 0.00 0.02 0.20 0.35 0.49 0.61 0.71 0.80 0.87 0.92 0.97 1.00 1.02 1.03 1.04 1.04 1.04 1.05 1.06 1.08 1.10 1.13 1.16 1.20 1.23 1.27 1.30 1.33 1.36 1.38 1.41 1.43 1.44 1.45 1.46
0.00 0.00 0.00 0.00 0.00 0.00 0.00 0.00 0.00 0.00 0.00 0.00 0.00 0.00 0.00 0.11 0.23 0.35 0.46 0.56 0.62 0.66 0.67 0.63 0.56 0.47 0.38 0.28 0.17 0.06 0.00 0.00 0.00 0.00 0.00 0.00 0.00 0.00 0.00 0.00 0.00 0.00 0.00 0.00 0.00 0.00 0.00 0.00 0.00 0.00 0.02 0.20 0.35 0.49 0.61 0.71 0.79 0.86 0.91 0.95 0.98 0.99 0.98 0.98 0.97 0.96 0.96 0.98 0.99 1.02 1.04 1.07 1.11 1.14 1.17 1.20 1.23 1.26 1.28 1.31 1.32 1.34 1.35 1.36
0.00 0.00 0.00 0.00 0.00 0.00 0.00 0.00 0.00 0.00 0.00 0.00 0.00 0.00 0.00 0.09 0.25 0.39 0.52 0.63 0.71 0.75 0.76 0.73 0.65 0.56 0.46 0.35 0.24 0.12 0.00 0.00 0.00 0.00 0.00 0.00 0.00 0.00 0.00 0.00 0.00 0.00 0.00 0.00 0.00 0.00 0.00 0.00 0.00 0.00 0.02 0.20 0.35 0.49 0.60 0.70 0.78 0.84 0.89 0.92 0.93 0.93 0.92 0.89 0.88 0.87 0.88 0.89 0.90 0.93 0.95 0.98 1.01 1.04 1.07 1.10 1.13 1.16 1.18 1.20 1.22 1.23 1.24 1.25
0.00 0.00 0.00 0.00 0.00 0.00 0.00 0.00 0.00 0.00 0.00 0.00 0.00 0.00 0.00 0.10 0.28 0.44 0.59 0.71 0.81 0.86 0.87 0.83 0.75 0.66 0.55 0.44 0.32 0.20 0.07 0.00 0.00 0.00 0.00 0.00 0.00 0.00 0.00 0.00 0.00 0.00 0.00 0.00 0.00 0.00 0.00 0.00 0.00 0.00 0.02 0.20 0.35 0.48 0.59 0.68 0.75 0.80 0.84 0.86 0.86 0.85 0.83 0.80 0.79 0.78 0.79 0.80 0.81 0.83 0.86 0.88 0.91 0.94 0.97 1.00 1.03 1.05 1.07 1.09 1.11 1.12 1.13 1.14
0.00 0.00 0.00 0.00 0.00 0.00 0.00 0.00 0.00 0.00 0.00 0.00 0.00 0.00 0.00 0.12 0.33 0.52 0.68 0.82 0.92 0.98 1.00 0.96 0.87 0.77 0.66 0.55 0.42 0.29 0.16 0.02 0.00 0.00 0.00 0.00 0.00 0.00 0.00 0.00 0.00 0.00 0.00 0.00 0.00 0.00 0.00 0.00 0.00 0.00 0.02 0.19 0.34 0.46 0.56 0.65 0.71 0.75 0.77 0.78 0.77 0.75 0.73 0.71 0.70 0.69 0.69 0.70 0.72 0.74 0.76 0.79 0.81 0.84 0.87 0.90 0.92 0.95 0.97 0.98 1.00 1.01 1.02 1.03
0.14 0.12 0.06 0.00 0.00 0.00 0.00 0.00 0.00 0.00 0.00 0.00 0.00 0.00 0.00 0.17 0.40 0.61 0.80 0.95 1.06 1.12 1.14 1.10 1.01 0.91 0.79 0.67 0.54 0.40 0.26 0.11 0.00 0.00 0.00 0.00 0.00 0.00 0.00 0.00 0.00 0.00 0.00 0.00 0.00 0.00 0.00 0.00 0.00 0.00 0.02 0.18 0.32 0.44 0.53 0.60 0.65 0.68 0.69 0.68 0.66 0.64 0.62 0.61 0.60 0.60 0.60 0.61 0.62 0.64 0.66 0.69 0.71 0.74 0.77 0.79 0.82 0.84 0.86 0.87 0.89 0.90 0.91 0.92
0.32 0.31 0.26 0.16 0.04 0.00 0.00 0.00 0.00 0.00 0.00 0.00 0.00 0.00 0.00 0.24 0.50 0.73 0.93 1.09 1.21 1.29 1.30 1.26 1.17 1.05 0.93 0.80 0.66 0.52 0.37 0.22 0.07 0.00 0.00 0.00 0.00 0.00 0.00 0.00 0.00 0.00 0.00 0.00 0.00 0.00 0.00 0.00 0.00 0.00 0.02 0.17 0.30 0.41 0.49 0.55 0.58 0.60 0.59 0.57 0.55 0.53 0.52 0.51 0.50 0.50 0.50 0.51 0.52 0.54 0.56 0.59 0.61 0.64 0.67 0.69 0.71 0.73 0.75 0.77 0.78 0.79 0.80 0.81
0.53 0.54 0.49 0.41 0.29 0.14 0.00 0.00 0.00 0.00 0.00 0.00 0.00 0.00 0.10 0.34 0.61 0.86 1.08 1.26 1.39 1.47 1.49 1.44 1.34 1.22 1.09 0.96 0.81 0.66 0.50 0.34 0.18 0.03 0.00 0.00 0.00 0.00 0.00 0.00 0.00 0.00 0.00 0.00 0.00 0.00 0.00 0.00 0.00 0.00 0.02 0.16 0.28 0.37 0.44 0.48 0.50 0.50 0.48 0.46 0.44 0.43 0.42 0.41 0.40 0.40 0.41 0.41 0.43 0.44 0.47 0.49 0.51 0.54 0.56 0.59 0.61 0.63 0.64 0.66 0.67 0.68 0.69 0.70
0.77 0.80 0.77 0.70 0.58 0.44 0.31 0.20 0.12 0.07 0.05 0.06 0.11 0.20 0.34 0.53 0.76 1.03 1.26 1.45 1.59 1.67 1.69 1.64 1.53 1.41 1.27 1.13 0.97 0.81 0.65 0.48 0.32 0.17 0.03 0.00 0.00 0.00 0.00 0.00 0.00 0.00 0.00 0.00 0.00 0.00 0.00 0.00 0.00 0.00 0.02 0.15 0.25 0.33 0.38 0.40 0.41 0.39 0.37 0.36 0.34 0.33 0.32 0.31 0.31 0.31 0.31 0.32 0.33 0.35 0.37 0.39 0.42 0.44 0.46 0.49 0.50 0.52 0.54 0.55 0.57 0.58 0.59 0.59
1.05 1.11 1.10 1.03 0.93 0.83 0.74 0.65 0.59 0.54 0.51 0.51 0.54 0.60 0.69 0.83 1.00 1.22 1.46 1.66 1.81 1.90 1.91 1.86 1.75 1.62 1.47 1.32 1.16 0.99 0.82 0.65 0.49 0.34 0.19 0.06 0.00 0.00 0.00 0.00 0.00 0.00 0.00 0.00 0.00 0.00 0.00 0.00 0.00 0.00 0.02 0.13 0.22 0.28 0.31 0.32 0.31 0.29 0.27 0.26 0.25 0.24 0.23 0.22 0.22 0.22 0.22 0.23 0.24 0.26 0.28 0.30 0.32 0.34 0.37 0.39 0.40 0.42 0.44 0.45 0.46 0.47 0.48 0.49
1.38 1.46 1.47 1.43 1.38 1.32 1.26 1.21 1.16 1.11 1.08 1.07 1.07 1.10 1.16 1.24 1.36 1.51 1.70 1.90 2.05 2.14 2.16 2.11 1.99 1.84 1.69 1.53 1.36 1.18 1.01 0.84 0.68 0.53 0.38 0.24 0.12 0.00 0.00 0.00 0.00 0.00 0.00 0.00 0.00 0.00 0.00 0.00 0.00 0.00 0.02 0.12 0.18 0.22 0.23 0.23 0.21 0.20 0.19 0.17 0.16 0.16 0.15 0.14 0.14 0.14 0.14 0.15 0.16 0.17 0.19 0.21 0.23 0.25 0.27 0.29 0.31 0.32 0.34 0.35 0.36 0.37 0.38 0.39
1.74 1.86 1.91 1.93 1.93 1.92 1.90 1.87 1.83 1.80 1.77 1.74 1.73 1.73 1.74 1.77 1.83 1.92 2.03 2.18 2.32 2.42 2.43 2.37 2.25 2.10 1.93 1.76 1.59 1.41 1.23 1.06 0.90 0.74 0.59 0.45 0.31 0.19 0.08 0.00 0.00 0.00 0.00 0.00 0.00 0.00 0.00 0.00 0.00 0.00 0.02 0.10 0.14 0.16 0.16 0.15 0.14 0.12 0.11 0.10 0.10 0.09 0.08 0.08 0.07 0.07 0.07 0.08 0.08 0.09 0.11 0.12 0.15 0.17 0.19 0.20 0.22 0.23 0.25 0.26 0.27 0.28 0.29 0.29
2.15 2.32 2.44 2.52 2.58 2.62 2.64 2.64 2.62 2.60 2.57 2.53 2.50 2.47 2.44 2.43 2.43 2.45 2.48 2.55 2.63 2.71 2.73 2.66 2.53 2.37 2.20 2.02 1.84 1.66 1.49 1.31 1.14 0.98 0.82 0.67 0.53 0.40 0.28 0.17 0.07 0.00 0.00 0.00 0.00 0.00 0.00 0.00 0.00 0.00 0.02 0.08 0.10 0.10 0.09 0.09 0.08 0.07 0.06 0.05 0.04 0.03 0.03 0.02 0.02 0.01 0.01 0.01 0.02 0.03 0.04 0.05 0.07 0.09 0.10 0.12 0.13 0.15 0.16 0.17 0.18 0.19 0.19 0.20
2.63 2.87 3.07 3.22 3.34 3.43 3.49 3.52 3.52 3.51 3.48 3.44 3.39 3.33 3.27 3.21 3.15 3.11 3.07 3.05 3.04 3.05 3.05 2.98 2.84 2.67 2.49 2.31 2.13 1.95 1.77 1.59 1.41 1.24 1.08 0.92 0.77 0.63 0.50 0.37 0.26 0.17 0.08 0.01 0.00 0.00 0.00 0.00 0.00 0.00 0.03 0.06 0.06 0.06 0.06 0.05 0.04 0.03 0.03 0.02 0.01 0.00 0.00 0.00 0.00 0.00 0.00 0.00 0.00 0.00 0.00 0.00 0.00 0.01 0.03 0.04 0.06 0.07 0.08 0.09 0.10 0.11 0.11 0.11
3.20 3.53 3.81 4.03 4.21 4.35 4.45 4.51 4.54 4.54 4.52 4.47 4.40 4.32 4.22 4.12 4.01 3.89 3.78 3.68 3.58 3.49 3.42 3.32 3.17 3.00 2.81 2.63 2.45 2.26 2.07 1.89 1.71 1.53 1.36 1.19 1.03 0.87 0.73 0.59 0.47 0.36 0.26 0.17 0.10 0.04 0.00 0.00 0.00 0.00 0.03 0.04 0.04 0.04 0.04 0.04 0.03 0.02 0.02 0.01 0.00 0.00 0.00 0.00 0.00 0.00 0.00 0.00 0.00 0.00 0.00 0.00 0.00 0.00 0.00 0.00 0.00 0.00 0.01 0.02 0.02 0.03 0.03 0.03
3.87 4.29 4.65 4.95 5.19 5.38 5.53 5.62 5.68 5.69 5.67 5.62 5.53 5.43 5.30 5.15 4.99 4.81 4.63 4.44 4.25 4.07 3.89 3.71 3.53 3.35 3.17 2.98 2.79 2.60 2.41 2.22 2.03 1.84 1.65 1.48 1.30 1.14 0.98 0.83 0.69 0.56 0.44 0.33 0.24 0.17 0.11 0.06 0.04 0.03 0.04 0.05 0.06 0.06 0.05 0.05 0.05 0.04 0.03 0.02 0.01 0.00 0.00 0.00 0.00 0.00 0.00 0.00 0.00 0.00 0.00 0.00 0.00 0.00 0.00 0.00 0.00 0.00 0.00 0.00 0.00 0.00 0.00 0.00
4.56 5.08 5.52 5.90 6.21 6.46 6.65 6.78 6.87 6.90 6.89 6.83 6.74 6.62 6.46 6.27 6.06 5.83 5.58 5.31 5.04 4.75 4.47 4.17 3.91 3.71 3.52 3.33 3.13 2.94 2.74 2.54 2.34 2.14 1.95 1.76 1.57 1.39 1.22 1.05 0.90 0.75 0.61 0.49 0.38 0.28 0.20 0.14 0.09 0.06 0.07 0.07 0.08 0.08 0.08 0.08 0.08 0.07 0.06 0.05 0.04 0.02 0.01 0.00 0.00 0.00 0.00 0.00 0.00 0.00 0.00 0.00 0.00 0.00 0.00 0.00 0.00 0.00 0.00 0.00 0.00 0.00 0.00 0.00
5.17 5.79 6.33 6.79 7.18 7.49 7.73 7.91 8.03 8.09 8.10 8.05 7.96 7.82 7.64 7.42 7.17 6.89 6.58 6.24 5.89 5.52 5.13 4.71 4.32 4.03 3.83 3.63 3.43 3.23 3.03 2.82 2.62 2.41 2.21 2.01 1.81 1.62 1.43 1.25 1.08 0.92 0.76 0.62 0.49 0.38 0.28 0.19 0.12 0.09 0.09 0.09 0.10 0.11 0.11 0.11 0.10 0.10 0.09 0.08 0.06 0.05 0.03 0.02 0.00 0.00 0.00 0.00 0.00 0.00 0.00 0.00 0.00 0.00 0.00 0.00 0.00 0.00 0.00 0.00 0.00 0.00 0.00 0.00
5.69 6.41 7.05 7.60 8.07 8.45 8.76 9.00 9.16 9.25 9.28 9.25 9.16 9.02 8.83 8.59 8.30 7.98 7.62 7.22 6.80 6.34 5.84 5.32 4.81 4.40 4.11 3.90 3.70 3.49 3.28 3.07 2.86 2.65 2.43 2.22 2.02 1.81 1.61 1.42 1.24 1.06 0.89 0.73 0.59 0.45 0.33 0.23 0.15 0.11 0.11 0.11 0.12 0.12 0.13 0.13 0.13 0.12 0.11 0.10 0.09 0.07 0.06 0.04 0.02 0.00 0.00 0.00 0.00 0.00 0.00 0.00 0.00 0.00 0.00 0.00 0.00 0.00 0.00 0.00 0.00 0.00 0.00 0.00
6.15 6.93 7.67 8.32 8.88 9.35 9.73 10.02 10.24 10.37 10.44 10.43 10.35 10.22 10.02 9.76 9.45 9.09 8.69 8.24 7.74 7.20 6.61 5.98 5.36 4.84 4.43 4.14 3.93 3.72 3.51 3.29 3.07 2.85 2.63 2.42 2.20 1.99 1.78 1.58 1.38 1.19 1.01 0.83 0.67 0.52 0.38 0.26 0.18 0.13 0.12 0.12 0.13 0.13 0.14 0.15 0.15 0.14 0.14 0.13 0.11 0.10 0.08 0.06 0.04 0.02 0.00 0.00 0.00 0.00 0.00 0.00 0.00 0.00 0.00 0.00 0.00 0.00 0.00 0.00 0.00 0.00 0.00 0.00
6.58 7.40 8.19 8.94 9.60 10.16 10.61 10.98 11.25 11.44 11.54 11.57 11.51 11.39 11.19 10.93 10.60 10.21 9.77 9.27 8.71 8.08 7.41 6.68 5.96 5.34 4.83 4.43 4.14 3.92 3.70 3.49 3.26 3.04 2.82 2.59 2.37 2.15 1.93 1.72 1.51 1.30 1.11 0.92 0.74 0.58 0.43 0.30 0.21 0.15 0.14 0.14 0.14 0.14 0.15 0.16 0.16 0.16 0.15 0.15 0.14 0.12 0.11 0.09 0.07 0.05 0.02 0.00 0.00 0.00 0.00 0.00 0.00 0.00 0.00 0.00 0.00 0.00 0.00 0.00 0.00 0.00 0.00 0.00
6.99 7.83 8.66 9.47 10.22 10.87 11.41 11.86 12.20 12.44 12.60 12.66 12.63 12.53 12.34 12.08 11.74 11.34 10.86 10.31 9.68 8.99 8.23 7.42 6.61 5.90 5.29 4.80 4.41 4.11 3.88 3.66 3.44 3.21 2.98 2.75 2.53 2.30 2.07 1.85 1.63 1.42 1.21 1.01 0.82 0.63 0.47 0.33 0.23 0.17 0.16 0.15 0.15 0.15 0.15 0.16 0.17 0.17 0.17 0.16 0.16 0.14 0.13 0.11 0.09 0.07 0.05 0.02 0.00 0.00 0.00 0.00 0.00 0.00 0.00 0.00 0.00 0.00 0.00 0.00 0.00 0.00 0.00 0.00
7.37 8.24 9.09 9.92 10.73 11.48 12.12 12.65 13.06 13.37 13.58 13.69 13.70 13.62 13.46 13.20 12.86 12.44 11.93 11.33 10.65 9.89 9.07 8.19 7.30 6.50 5.81 5.23 4.74 4.36 4.06 3.83 3.61 3.38 3.14 2.91 2.68 2.44 2.21 1.98 1.75 1.53 1.31 1.10 0.89 0.69 0.51 0.36 0.25 0.19 0.17 0.16 0.16 0.16 0.16 0.16 0.17 0.18 0.18 0.18 0.17 0.16 0.15 0.13 0.11 0.09 0.07 0.04 0.02 0.00 0.00 0.00 0.00 0.00 0.00 0.00 0.00 0.00 0.00 0.00 0.00 0.00 0.00 0.00
