data_processed/recharge/precip/Precip_1985_03.asc
ncols        168
nrows        136
xllcorner    455000
yllcorner    2107000
cellsize     500
NODATA_value     -99999
[rows 36 to 71 of 136, columns 0 to 80 of 168]
11.85 12.98 14.01 14.94 15.76 16.48 17.10 17.63 18.06 18.41 18.66 18.83 18.92 18.93 18.86 18.71 18.53 18.53 18.86 19.13 19.05 18.76 18.42 18.05 17.64 17.21 16.75 16.27 15.77 15.26 14.74 14.20 13.66 13.12 12.57 12.03 11.49 10.96 10.43 9.93 9.47 9.08 8.76 8.49 8.27 8.10 7.97 7.89 7.84 7.83 7.86 7.92 8.00 8.12 8.25 8.41 8.58 8.77 8.98 9.19 9.41 9.64 9.86 10.12 10.50 10.99 11.45 11.85 12.22 12.59 12.96 13.32 13.67 14.02 14.36 14.69 15.01 15.31 15.61 15.88 16.14
10.31 11.36 12.32 13.19 13.97 14.67 15.28 15.81 16.26 16.64 16.95 17.18 17.35 17.44 17.48 17.45 17.37 17.27 17.34 17.39 17.23 17.01 16.75 16.46 16.14 15.80 15.43 15.03 14.62 14.19 13.75 13.30 12.84 12.38 11.92 11.45 11.00 10.55 10.11 9.68 9.27 8.90 8.58 8.32 8.11 7.94 7.82 7.74 7.71 7.71 7.74 7.81 7.90 8.02 8.17 8.34 8.52 8.72 8.94 9.16 9.40 9.63 9.87 10.11 10.39 10.75 11.10 11.43 11.76 12.09 12.42 12.76 13.09 13.41 13.73 14.04 14.35 14.65 14.94 15.21 15.47
8.85 9.80 10.68 11.48 12.21 12.87 13.46 13.98 14.44 14.84 15.18 15.46 15.69 15.87 16.00 16.08 16.12 16.11 16.09 16.02 15.90 15.74 15.54 15.31 15.05 14.76 14.44 14.11 13.75 13.38 12.99 12.59 12.19 11.78 11.37 10.96 10.56 10.16 9.77 9.39 9.03 8.69 8.39 8.13 7.93 7.77 7.66 7.60 7.57 7.58 7.63 7.71 7.81 7.95 8.11 8.29 8.49 8.71 8.94 9.18 9.43 9.68 9.94 10.20 10.46 10.72 10.98 11.26 11.53 11.82 12.10 12.39 12.68 12.97 13.26 13.55 13.83 14.10 14.37 14.63 14.89
7.69 8.53 9.31 10.03 10.69 11.29 11.84 12.34 12.79 13.19 13.54 13.86 14.14 14.38 14.58 14.75 14.90 15.00 15.02 14.97 14.89 14.77 14.62 14.43 14.21 13.96 13.68 13.38 13.07 12.73 12.38 12.02 11.66 11.28 10.91 10.54 10.17 9.80 9.45 9.11 8.78 8.47 8.19 7.95 7.75 7.61 7.51 7.46 7.45 7.47 7.53 7.63 7.75 7.90 8.08 8.28 8.50 8.73 8.98 9.24 9.51 9.78 10.06 10.34 10.61 10.83 11.03 11.24 11.46 11.68 11.91 12.15 12.39 12.64 12.89 13.14 13.39 13.63 13.88 14.12 14.35
7.08 7.79 8.45 9.06 9.63 10.15 10.64 11.09 11.50 11.89 12.24 12.57 12.87 13.15 13.41 13.65 13.87 14.02 14.04 13.99 13.93 13.85 13.74 13.59 13.40 13.19 12.95 12.69 12.41 12.12 11.80 11.48 11.15 10.81 10.47 10.13 9.80 9.47 9.15 8.84 8.54 8.26 8.00 7.78 7.60 7.47 7.39 7.35 7.36 7.40 7.47 7.58 7.73 7.89 8.09 8.31 8.54 8.80 9.06 9.35 9.63 9.93 10.23 10.52 10.77 10.95 11.10 11.25 11.40 11.56 11.74 11.92 12.12 12.32 12.52 12.73 12.95 13.16 13.38 13.60 13.81
6.99 7.54 8.06 8.55 9.00 9.43 9.83 10.21 10.57 10.92 11.25 11.56 11.87 12.16 12.46 12.74 12.98 13.11 13.12 13.06 13.01 12.96 12.88 12.77 12.62 12.45 12.25 12.03 11.78 11.52 11.24 10.96 10.66 10.36 10.05 9.75 9.44 9.15 8.86 8.58 8.31 8.05 7.82 7.63 7.48 7.36 7.30 7.27 7.29 7.35 7.44 7.57 7.73 7.92 8.13 8.37 8.62 8.90 9.19 9.49 9.80 10.12 10.43 10.70 10.91 11.05 11.16 11.26 11.36 11.46 11.58 11.71 11.85 12.00 12.16 12.33 12.51 12.70 12.88 13.07 13.27
7.39 7.76 8.11 8.45 8.77 9.08 9.37 9.66 9.95 10.23 10.51 10.79 11.08 11.37 11.67 11.95 12.15 12.26 12.26 12.20 12.15 12.10 12.05 11.97 11.87 11.73 11.57 11.38 11.17 10.95 10.71 10.46 10.19 9.93 9.65 9.38 9.11 8.85 8.59 8.33 8.09 7.85 7.65 7.48 7.36 7.27 7.22 7.22 7.25 7.33 7.44 7.59 7.77 7.97 8.21 8.46 8.74 9.04 9.35 9.67 10.01 10.34 10.63 10.87 11.03 11.14 11.21 11.27 11.32 11.37 11.43 11.50 11.59 11.70 11.81 11.94 12.08 12.23 12.39 12.55 12.72
8.21 8.39 8.55 8.72 8.88 9.05 9.22 9.39 9.58 9.77 9.99 10.21 10.46 10.73 10.99 11.22 11.39 11.48 11.46 11.40 11.34 11.30 11.25 11.21 11.14 11.04 10.91 10.76 10.59 10.40 10.20 9.98 9.75 9.52 9.28 9.04 8.80 8.57 8.33 8.10 7.87 7.66 7.48 7.34 7.25 7.19 7.17 7.18 7.24 7.33 7.46 7.63 7.83 8.06 8.31 8.59 8.89 9.21 9.54 9.89 10.24 10.55 10.81 11.01 11.14 11.20 11.24 11.27 11.29 11.29 11.29 11.31 11.35 11.40 11.47 11.56 11.66 11.77 11.90 12.03 12.18
9.37 9.38 9.34 9.31 9.29 9.29 9.31 9.35 9.42 9.51 9.63 9.78 9.96 10.17 10.38 10.56 10.69 10.75 10.72 10.65 10.59 10.55 10.51 10.48 10.43 10.37 10.28 10.17 10.03 9.88 9.71 9.52 9.33 9.13 8.93 8.72 8.51 8.30 8.08 7.87 7.67 7.48 7.32 7.21 7.14 7.11 7.12 7.16 7.24 7.35 7.51 7.69 7.92 8.17 8.44 8.74 9.07 9.41 9.77 10.13 10.46 10.74 10.97 11.13 11.22 11.26 11.26 11.26 11.24 11.21 11.18 11.14 11.12 11.12 11.15 11.19 11.25 11.33 11.42 11.52 11.64
10.68 10.64 10.42 10.17 9.96 9.77 9.62 9.50 9.43 9.39 9.40 9.45 9.55 9.68 9.83 9.96 10.05 10.09 10.04 9.96 9.90 9.86 9.83 9.80 9.77 9.74 9.68 9.60 9.50 9.38 9.25 9.10 8.94 8.77 8.60 8.42 8.23 8.04 7.84 7.65 7.47 7.30 7.16 7.08 7.04 7.04 7.08 7.15 7.26 7.40 7.57 7.78 8.02 8.30 8.60 8.92 9.27 9.64 10.01 10.36 10.66 10.91 11.10 11.23 11.29 11.29 11.27 11.23 11.18 11.12 11.06 10.99 10.92 10.87 10.84 10.84 10.85 10.89 10.95 11.02 11.11
12.07 12.00 11.70 11.27 10.83 10.44 10.09 9.80 9.55 9.37 9.24 9.18 9.20 9.26 9.34 9.42 9.47 9.48 9.41 9.33 9.26 9.22 9.19 9.17 9.16 9.14 9.11 9.07 9.00 8.92 8.82 8.70 8.57 8.44 8.29 8.13 7.96 7.78 7.61 7.43 7.27 7.13 7.01 6.95 6.93 6.96 7.03 7.14 7.28 7.45 7.65 7.88 8.15 8.45 8.77 9.12 9.50 9.88 10.24 10.56 10.83 11.04 11.20 11.30 11.34 11.31 11.25 11.19 11.11 11.03 10.93 10.83 10.73 10.63 10.56 10.50 10.48 10.48 10.50 10.54 10.60
13.50 13.38 13.03 12.50 11.86 11.24 10.68 10.18 9.75 9.40 9.14 8.98 8.91 8.89 8.91 8.93 8.95 8.92 8.84 8.75 8.68 8.63 8.61 8.59 8.59 8.58 8.58 8.57 8.53 8.48 8.41 8.33 8.24 8.13 8.00 7.86 7.70 7.54 7.38 7.23 7.08 6.96 6.86 6.82 6.83 6.89 6.99 7.13 7.30 7.51 7.74 8.00 8.29 8.61 8.96 9.34 9.73 10.11 10.44 10.73 10.97 11.15 11.28 11.36 11.36 11.31 11.23 11.13 11.03 10.92 10.80 10.68 10.55 10.42 10.30 10.20 10.12 10.08 10.06 10.07 10.11
14.93 14.75 14.34 13.73 12.97 12.14 11.34 10.62 9.99 9.47 9.10 8.84 8.67 8.58 8.53 8.51 8.48 8.42 8.32 8.22 8.14 8.09 8.07 8.06 8.07 8.08 8.09 8.10 8.10 8.08 8.04 7.99 7.93 7.83 7.72 7.59 7.45 7.30 7.16 7.02 6.90 6.79 6.72 6.70 6.74 6.82 6.95 7.12 7.33 7.56 7.83 8.12 8.44 8.79 9.17 9.57 9.95 10.29 10.60 10.86 11.07 11.23 11.34 11.38 11.37 11.29 11.18 11.06 10.94 10.80 10.66 10.51 10.36 10.21 10.06 9.92 9.80 9.71 9.65 9.63 9.64
16.34 16.09 15.58 14.88 14.02 13.04 12.02 11.06 10.25 9.61 9.12 8.76 8.50 8.33 8.21 8.13 8.06 7.97 7.86 7.74 7.65 7.60 7.58 7.58 7.59 7.61 7.64 7.67 7.70 7.71 7.71 7.68 7.63 7.55 7.45 7.33 7.21 7.08 6.95 6.83 6.72 6.63 6.58 6.58 6.64 6.75 6.91 7.10 7.34 7.62 7.92 8.25 8.61 8.98 9.38 9.77 10.13 10.45 10.73 10.96 11.15 11.29 11.37 11.39 11.35 11.25 11.12 10.98 10.83 10.67 10.51 10.34 10.17 10.00 9.83 9.66 9.50 9.37 9.27 9.22 9.20
17.71 17.35 16.74 15.92 14.94 13.84 12.66 11.52 10.57 9.80 9.19 8.73 8.38 8.13 7.95 7.81 7.69 7.58 7.44 7.31 7.22 7.16 7.14 7.14 7.16 7.19 7.24 7.29 7.33 7.38 7.40 7.39 7.34 7.27 7.19 7.08 6.97 6.85 6.74 6.63 6.54 6.47 6.44 6.46 6.54 6.68 6.86 7.09 7.36 7.67 8.01 8.37 8.77 9.17 9.57 9.93 10.26 10.56 10.82 11.03 11.20 11.31 11.37 11.37 11.31 11.19 11.04 10.88 10.71 10.54 10.35 10.17 9.98 9.79 9.60 9.41 9.23 9.06 8.93 8.83 8.78
18.98 18.51 17.78 16.83 15.71 14.46 13.20 12.01 10.94 10.04 9.32 8.76 8.32 7.98 7.73 7.54 7.38 7.23 7.07 6.92 6.82 6.76 6.73 6.74 6.77 6.81 6.87 6.94 7.01 7.07 7.10 7.10 7.07 7.01 6.93 6.84 6.74 6.64 6.54 6.45 6.37 6.32 6.30 6.34 6.45 6.60 6.81 7.07 7.37 7.71 8.08 8.49 8.91 9.33 9.70 10.05 10.36 10.63 10.87 11.06 11.21 11.30 11.34 11.33 11.25 11.11 10.94 10.76 10.58 10.39 10.19 9.98 9.78 9.57 9.37 9.16 8.97 8.78 8.61 8.48 8.39
20.14 19.53 18.66 17.56 16.29 14.97 13.69 12.48 11.35 10.35 9.51 8.84 8.30 7.89 7.57 7.32 7.11 6.93 6.75 6.59 6.47 6.41 6.38 6.38 6.41 6.47 6.54 6.63 6.71 6.78 6.81 6.82 6.80 6.75 6.68 6.60 6.51 6.42 6.34 6.26 6.20 6.16 6.16 6.22 6.35 6.53 6.76 7.05 7.38 7.75 8.16 8.59 9.02 9.42 9.79 10.12 10.41 10.67 10.89 11.06 11.19 11.27 11.29 11.26 11.16 11.00 10.82 10.63 10.43 10.22 10.01 9.79 9.57 9.35 9.13 8.92 8.71 8.51 8.33 8.16 8.03
21.16 20.39 19.36 18.10 16.75 15.42 14.13 12.90 11.75 10.69 9.75 8.97 8.34 7.85 7.45 7.14 6.89 6.67 6.47 6.29 6.17 6.09 6.06 6.06 6.10 6.17 6.25 6.35 6.43 6.49 6.53 6.55 6.54 6.50 6.44 6.37 6.30 6.22 6.14 6.08 6.03 6.01 6.03 6.11 6.25 6.45 6.71 7.02 7.38 7.78 8.22 8.65 9.07 9.46 9.82 10.14 10.42 10.66 10.86 11.02 11.14 11.20 11.21 11.16 11.05 10.88 10.69 10.48 10.27 10.05 9.82 9.59 9.36 9.13 8.90 8.68 8.46 8.25 8.05 7.86 7.69
22.00 21.06 19.86 18.52 17.17 15.84 14.55 13.30 12.12 11.02 10.03 9.15 8.43 7.85 7.39 7.02 6.72 6.46 6.23 6.04 5.90 5.82 5.78 5.79 5.83 5.90 5.99 6.07 6.14 6.20 6.25 6.27 6.28 6.26 6.21 6.15 6.08 6.01 5.95 5.90 5.87 5.86 5.89 5.99 6.15 6.37 6.66 6.99 7.38 7.80 8.23 8.65 9.06 9.44 9.79 10.10 10.38 10.62 10.80 10.95 11.05 11.10 11.10 11.04 10.91 10.73 10.53 10.31 10.09 9.86 9.62 9.38 9.14 8.90 8.66 8.43 8.20 7.97 7.76 7.56 7.37
22.63 21.51 20.23 18.91 17.57 16.25 14.95 13.69 12.48 11.35 10.31 9.38 8.57 7.90 7.37 6.94 6.59 6.29 6.04 5.83 5.68 5.58 5.54 5.54 5.59 5.65 5.73 5.80 5.86 5.92 5.96 5.99 6.01 6.00 5.98 5.93 5.87 5.82 5.76 5.72 5.70 5.71 5.75 5.86 6.04 6.29 6.60 6.96 7.36 7.78 8.20 8.60 8.99 9.36 9.71 10.02 10.29 10.52 10.70 10.84 10.93 10.97 10.95 10.88 10.75 10.56 10.35 10.13 9.89 9.66 9.41 9.17 8.92 8.67 8.42 8.17 7.93 7.70 7.47 7.25 7.05
23.03 21.84 20.58 19.28 17.97 16.65 15.35 14.08 12.85 11.69 10.61 9.62 8.74 8.00 7.39 6.90 6.50 6.17 5.88 5.65 5.49 5.38 5.33 5.33 5.37 5.42 5.47 5.52 5.57 5.62 5.66 5.70 5.72 5.74 5.73 5.71 5.67 5.62 5.58 5.55 5.54 5.55 5.61 5.74 5.94 6.20 6.53 6.91 7.31 7.71 8.11 8.50 8.88 9.24 9.57 9.88 10.15 10.38 10.56 10.69 10.77 10.80 10.78 10.70 10.57 10.37 10.15 9.92 9.68 9.44 9.19 8.94 8.68 8.42 8.16 7.91 7.65 7.41 7.17 6.94 6.72
23.31 22.15 20.93 19.67 18.37 17.07 15.76 14.48 13.24 12.05 10.92 9.89 8.95 8.14 7.45 6.90 6.45 6.08 5.77 5.52 5.34 5.22 5.16 5.15 5.15 5.17 5.20 5.24 5.27 5.32 5.36 5.40 5.43 5.45 5.47 5.47 5.45 5.42 5.39 5.37 5.37 5.40 5.47 5.61 5.83 6.11 6.45 6.82 7.20 7.59 7.97 8.35 8.71 9.06 9.39 9.69 9.95 10.18 10.36 10.50 10.58 10.61 10.58 10.50 10.35 10.15 9.93 9.70 9.45 9.21 8.95 8.69 8.43 8.16 7.89 7.62 7.36 7.10 6.85 6.61 6.37
23.58 22.48 21.30 20.07 18.80 17.50 16.21 14.92 13.66 12.44 11.28 10.20 9.20 8.32 7.56 6.94 6.44 6.03 5.69 5.42 5.22 5.09 5.01 4.96 4.93 4.92 4.93 4.94 4.97 5.00 5.04 5.08 5.12 5.15 5.18 5.21 5.22 5.22 5.21 5.20 5.21 5.24 5.33 5.48 5.71 6.01 6.34 6.69 7.05 7.41 7.78 8.15 8.50 8.84 9.16 9.45 9.71 9.94 10.12 10.26 10.35 10.38 10.35 10.26 10.11 9.91 9.68 9.45 9.21 8.95 8.69 8.43 8.15 7.88 7.60 7.32 7.05 6.77 6.51 6.25 6.01
23.88 22.83 21.70 20.50 19.26 17.98 16.69 15.39 14.12 12.87 11.68 10.55 9.51 8.56 7.73 7.03 6.47 6.01 5.65 5.35 5.14 4.98 4.86 4.77 4.70 4.66 4.64 4.63 4.64 4.66 4.70 4.74 4.78 4.83 4.87 4.92 4.96 4.99 5.01 5.02 5.04 5.09 5.18 5.35 5.59 5.87 6.18 6.50 6.85 7.19 7.55 7.90 8.24 8.57 8.88 9.17 9.42 9.65 9.84 9.98 10.07 10.10 10.08 9.99 9.85 9.64 9.42 9.18 8.94 8.68 8.41 8.14 7.86 7.57 7.28 6.99 6.71 6.43 6.15 5.88 5.62
24.22 23.23 22.14 20.98 19.77 18.51 17.22 15.92 14.64 13.37 12.15 10.98 9.88 8.87 7.97 7.19 6.54 6.04 5.64 5.32 5.07 4.87 4.70 4.57 4.46 4.39 4.33 4.31 4.30 4.31 4.33 4.37 4.42 4.47 4.54 4.60 4.66 4.72 4.78 4.83 4.87 4.93 5.03 5.20 5.43 5.69 5.97 6.27 6.60 6.93 7.26 7.60 7.93 8.25 8.55 8.84 9.09 9.32 9.50 9.65 9.74 9.79 9.77 9.69 9.55 9.35 9.13 8.89 8.64 8.38 8.10 7.82 7.53 7.24 6.94 6.64 6.34 6.05 5.76 5.48 5.21
24.61 23.68 22.64 21.52 20.34 19.10 17.82 16.53 15.23 13.94 12.69 11.48 10.33 9.26 8.29 7.43 6.70 6.11 5.66 5.30 5.00 4.74 4.53 4.35 4.20 4.09 4.01 3.96 3.93 3.93 3.94 3.98 4.03 4.09 4.17 4.25 4.33 4.42 4.51 4.60 4.68 4.76 4.87 5.03 5.23 5.46 5.72 6.00 6.30 6.61 6.94 7.26 7.58 7.89 8.19 8.47 8.72 8.94 9.13 9.28 9.38 9.43 9.43 9.36 9.23 9.03 8.81 8.57 8.31 8.04 7.76 7.47 7.18 6.87 6.57 6.26 5.95 5.64 5.34 5.05 4.76
25.03 24.16 23.18 22.11 20.95 19.73 18.47 17.18 15.88 14.58 13.30 12.05 10.86 9.74 8.70 7.76 6.94 6.26 5.71 5.27 4.91 4.60 4.33 4.10 3.92 3.77 3.66 3.59 3.54 3.52 3.53 3.56 3.62 3.69 3.77 3.87 3.98 4.10 4.22 4.35 4.47 4.59 4.69 4.82 4.99 5.20 5.44 5.70 5.98 6.28 6.58 6.89 7.20 7.50 7.79 8.07 8.32 8.54 8.73 8.88 8.99 9.05 9.06 9.00 8.88 8.72 8.50 8.26 8.00 7.72 7.43 7.14 6.83 6.52 6.20 5.88 5.56 5.25 4.93 4.62 4.32
25.38 24.58 23.66 22.64 21.53 20.35 19.11 17.83 16.53 15.22 13.92 12.65 11.42 10.25 9.15 8.15 7.25 6.47 5.79 5.23 4.79 4.42 4.10 3.84 3.62 3.44 3.30 3.20 3.14 3.12 3.12 3.15 3.21 3.29 3.39 3.51 3.64 3.79 3.95 4.12 4.28 4.42 4.52 4.63 4.78 4.96 5.17 5.41 5.68 5.96 6.25 6.54 6.84 7.14 7.42 7.69 7.94 8.16 8.35 8.51 8.62 8.69 8.70 8.66 8.59 8.50 8.33 8.09 7.82 7.54 7.24 6.93 6.62 6.30 5.97 5.64 5.30 4.97 4.64 4.32 4.00
25.63 24.91 24.07 23.10 22.04 20.90 19.70 18.44 17.15 15.85 14.54 13.25 11.99 10.79 9.64 8.58 7.61 6.70 5.89 5.20 4.65 4.21 3.85 3.55 3.30 3.09 2.93 2.82 2.75 2.71 2.71 2.75 2.81 2.91 3.03 3.17 3.34 3.52 3.72 3.93 4.11 4.24 4.35 4.46 4.59 4.75 4.94 5.16 5.40 5.66 5.94 6.22 6.51 6.80 7.07 7.34 7.58 7.81 8.00 8.16 8.28 8.35 8.38 8.39 8.39 8.37 8.27 8.07 7.80 7.51 7.20 6.89 6.56 6.22 5.88 5.53 5.19 4.84 4.49 4.15 3.82
25.77 25.14 24.38 23.49 22.49 21.40 20.23 19.01 17.74 16.45 15.14 13.85 12.57 11.34 10.16 9.03 7.96 6.95 6.03 5.21 4.54 4.01 3.59 3.25 2.97 2.74 2.57 2.44 2.36 2.32 2.32 2.37 2.45 2.56 2.71 2.88 3.08 3.30 3.54 3.76 3.94 4.07 4.17 4.29 4.41 4.56 4.72 4.92 5.15 5.39 5.65 5.93 6.20 6.48 6.75 7.01 7.25 7.48 7.67 7.83 7.96 8.05 8.12 8.19 8.27 8.31 8.28 8.15 7.92 7.63 7.31 6.98 6.63 6.28 5.92 5.56 5.20 4.83 4.47 4.11 3.75
25.79 25.26 24.59 23.78 22.85 21.82 20.71 19.53 18.29 17.02 15.73 14.43 13.15 11.89 10.67 9.48 8.32 7.21 6.18 5.26 4.48 3.84 3.33 2.95 2.64 2.40 2.21 2.07 1.99 1.95 1.96 2.02 2.11 2.25 2.42 2.63 2.87 3.13 3.38 3.59 3.77 3.90 4.00 4.11 4.24 4.38 4.54 4.71 4.92 5.15 5.39 5.65 5.92 6.19 6.45 6.71 6.95 7.17 7.37 7.53 7.67 7.80 7.94 8.08 8.21 8.32 8.35 8.28 8.12 7.86 7.54 7.19 6.83 6.46 6.09 5.71 5.32 4.94 4.55 4.17 3.79
25.69 25.27 24.69 23.97 23.13 22.17 21.12 19.98 18.79 17.55 16.28 14.99 13.71 12.43 11.16 9.90 8.66 7.48 6.35 5.34 4.47 3.73 3.13 2.67 2.33 2.06 1.86 1.72 1.64 1.61 1.63 1.70 1.82 1.99 2.19 2.44 2.71 2.98 3.22 3.43 3.60 3.73 3.83 3.94 4.06 4.21 4.36 4.53 4.71 4.93 5.16 5.40 5.66 5.92 6.17 6.43 6.66 6.89 7.08 7.26 7.43 7.63 7.83 8.04 8.23 8.39 8.47 8.46 8.36 8.17 7.88 7.52 7.14 6.76 6.36 5.96 5.55 5.15 4.74 4.33 3.93
25.53 25.15 24.68 24.06 23.30 22.43 21.44 20.37 19.23 18.03 16.79 15.52 14.24 12.93 11.61 10.29 9.00 7.74 6.54 5.44 4.49 3.67 2.99 2.45 2.04 1.75 1.55 1.41 1.33 1.31 1.35 1.44 1.58 1.78 2.02 2.29 2.57 2.84 3.07 3.27 3.44 3.56 3.66 3.77 3.89 4.03 4.19 4.35 4.53 4.72 4.94 5.17 5.42 5.67 5.92 6.17 6.40 6.62 6.83 7.04 7.28 7.54 7.80 8.06 8.30 8.50 8.63 8.68 8.63 8.50 8.26 7.94 7.55 7.14 6.73 6.30 5.87 5.44 5.01 4.58 4.15
25.35 24.98 24.55 24.03 23.37 22.58 21.68 20.68 19.60 18.45 17.25 16.00 14.70 13.37 12.02 10.66 9.31 8.00 6.73 5.57 4.54 3.66 2.91 2.30 1.83 1.49 1.26 1.13 1.06 1.05 1.11 1.22 1.40 1.63 1.90 2.18 2.45 2.71 2.93 3.13 3.29 3.41 3.50 3.60 3.72 3.86 4.01 4.18 4.35 4.54 4.74 4.96 5.20 5.44 5.68 5.92 6.16 6.38 6.62 6.90 7.20 7.51 7.83 8.14 8.42 8.66 8.83 8.92 8.92 8.84 8.66 8.40 8.04 7.61 7.17 6.72 6.27 5.81 5.35 4.89 4.43
25.15 24.78 24.36 23.88 23.33 22.64 21.82 20.90 19.89 18.80 17.63 16.40 15.10 13.75 12.38 10.99 9.61 8.25 6.93 5.71 4.63 3.69 2.89 2.22 1.69 1.30 1.04 0.89 0.83 0.85 0.93 1.07 1.28 1.54 1.82 2.09 2.35 2.59 2.81 3.00 3.15 3.26 3.34 3.44 3.56 3.70 3.85 4.01 4.18 4.37 4.56 4.77 4.99 5.23 5.46 5.70 5.94 6.20 6.50 6.83 7.19 7.55 7.91 8.26 8.58 8.86 9.06 9.19 9.23 9.19 9.06 8.85 8.54 8.14 7.69 7.21 6.73 6.24 5.75 5.26 4.78
24.94 24.57 24.15 23.68 23.17 22.57 21.86 21.03 20.09 19.06 17.93 16.71 15.42 14.07 12.69 11.28 9.88 8.49 7.13 5.87 4.74 3.76 2.92 2.21 1.64 1.20 0.90 0.72 0.67 0.71 0.81 0.99 1.23 1.49 1.76 2.01 2.26 2.49 2.70 2.88 3.02 3.12 3.20 3.29 3.41 3.54 3.68 3.84 4.02 4.20 4.39 4.59 4.81 5.03 5.26 5.50 5.77 6.08 6.44 6.83 7.23 7.64 8.05 8.43 8.77 9.07 9.31 9.46 9.54 9.54 9.45 9.28 9.03 8.68 8.25 7.75 7.24 6.72 6.20 5.68 5.17
