data_processed/recharge/precip/Precip_2003_09.asc
ncols        168
nrows        136
xllcorner    455000
yllcorner    2107000
cellsize     500
NODATA_value     -99999
[rows 96 to 127 of 136, columns 73 to 145 of 168]
162.60 160.83 159.24 157.81 156.54 155.41 154.42 153.56 152.83 152.22 151.73 151.34 151.12 151.26 151.76 152.58 153.76 155.30 157.08 159.00 160.93 162.76 164.38 165.66 166.49 166.76 166.35 165.52 164.53 163.36 161.98 160.34 158.38 156.08 153.38 150.24 146.62 142.47 137.86 132.83 127.37 121.63 116.01 110.71 105.77 101.23 97.10 93.43 90.25 87.59 85.48 83.96 82.98 82.23 81.60 81.04 80.56 80.11 79.68 79.25 78.79 78.28 77.70 77.12 76.83 76.93 77.40 78.19 79.27 80.62 82.21 84.01 85.99
166.21 164.42 162.80 161.33 160.00 158.81 157.75 156.82 156.00 155.29 154.69 154.26 154.19 154.50 155.13 156.01 157.09 158.40 159.93 161.57 163.22 164.75 166.05 166.99 167.47 167.37 166.59 165.39 164.07 162.63 161.01 159.18 157.08 154.68 151.92 148.77 145.19 141.23 136.96 132.35 127.39 122.03 116.41 110.97 105.89 101.23 97.01 93.26 90.02 87.32 85.19 83.66 82.69 81.95 81.33 80.78 80.30 79.85 79.42 78.98 78.51 78.00 77.50 77.29 77.49 78.07 78.95 80.10 81.49 83.08 84.86 86.79 88.85
169.72 167.91 166.25 164.74 163.37 162.12 160.99 159.98 159.07 158.27 157.65 157.38 157.52 157.99 158.72 159.64 160.70 161.82 163.05 164.37 165.68 166.85 167.77 168.32 168.40 167.87 166.66 165.03 163.33 161.56 159.65 157.57 155.27 152.71 149.84 146.63 143.14 139.43 135.49 131.29 126.79 121.96 116.76 111.34 106.15 101.37 97.06 93.23 89.93 87.19 85.04 83.51 82.55 81.83 81.21 80.67 80.19 79.75 79.32 78.88 78.41 77.97 77.84 78.12 78.78 79.76 81.02 82.49 84.13 85.92 87.83 89.84 91.93
173.09 171.26 169.58 168.03 166.61 165.31 164.12 163.03 162.04 161.23 160.80 160.77 161.09 161.68 162.48 163.43 164.45 165.47 166.44 167.39 168.29 169.04 169.53 169.64 169.25 168.25 166.54 164.43 162.30 160.13 157.87 155.49 152.93 150.16 147.13 143.91 140.58 137.12 133.49 129.67 125.61 121.28 116.65 111.69 106.54 101.66 97.25 93.35 90.00 87.22 85.05 83.52 82.57 81.87 81.26 80.74 80.26 79.83 79.40 78.96 78.57 78.50 78.85 79.58 80.64 81.98 83.55 85.29 87.16 89.10 91.09 93.13 95.19
176.31 174.46 172.76 171.18 169.71 168.36 167.10 165.95 164.97 164.37 164.20 164.38 164.85 165.55 166.40 167.33 168.28 169.19 169.97 170.58 171.04 171.32 171.32 170.93 170.02 168.48 166.22 163.57 160.95 158.33 155.67 152.92 150.05 147.02 143.89 140.74 137.56 134.32 130.97 127.50 123.86 120.01 115.93 111.57 106.92 102.11 97.62 93.65 90.24 87.43 85.24 83.71 82.78 82.09 81.50 80.99 80.53 80.09 79.67 79.32 79.29 79.70 80.49 81.61 83.02 84.67 86.50 88.46 90.49 92.56 94.61 96.63 98.60
179.36 177.49 175.77 174.16 172.65 171.24 169.93 168.80 168.06 167.75 167.81 168.18 168.78 169.55 170.42 171.31 172.18 172.93 173.51 173.86 173.90 173.67 173.12 172.17 170.68 168.55 165.68 162.44 159.26 156.14 153.02 149.86 146.62 143.39 140.23 137.15 134.10 131.05 127.97 124.82 121.57 118.18 114.61 110.85 106.84 102.56 98.17 94.13 90.68 87.83 85.62 84.09 83.18 82.52 81.95 81.45 81.00 80.58 80.24 80.25 80.69 81.52 82.70 84.17 85.88 87.78 89.81 91.94 94.09 96.24 98.32 100.29 102.13
182.20 180.33 178.58 176.94 175.40 173.95 172.67 171.80 171.38 171.33 171.61 172.13 172.83 173.65 174.51 175.34 176.08 176.67 177.02 177.08 176.77 176.05 174.91 173.34 171.22 168.44 164.90 161.01 157.23 153.54 149.90 146.28 142.75 139.40 136.22 133.17 130.23 127.35 124.50 121.65 118.76 115.80 112.74 109.53 106.15 102.56 98.73 94.82 91.32 88.44 86.22 84.70 83.81 83.17 82.62 82.13 81.70 81.37 81.39 81.85 82.72 83.93 85.44 87.20 89.15 91.25 93.44 95.68 97.91 100.08 102.14 104.03 105.72
184.83 182.95 181.19 179.52 177.94 176.54 175.55 175.03 174.89 175.09 175.55 176.20 176.98 177.81 178.63 179.38 179.97 180.35 180.45 180.20 179.53 178.37 176.67 174.43 171.62 168.13 163.88 159.28 154.83 150.52 146.32 142.30 138.57 135.10 131.87 128.83 125.97 123.23 120.60 118.02 115.47 112.92 110.33 107.66 104.88 101.95 98.85 95.54 92.19 89.28 87.06 85.54 84.67 84.06 83.53 83.06 82.73 82.75 83.22 84.09 85.33 86.87 88.66 90.65 92.80 95.05 97.34 99.64 101.88 104.02 106.01 107.79 109.31
187.22 185.33 183.55 181.86 180.35 179.26 178.65 178.44 178.58 178.98 179.60 180.35 181.17 182.00 182.76 183.38 183.80 183.95 183.77 183.18 182.11 180.51 178.29 175.41 171.86 167.61 162.58 157.22 152.05 147.08 142.39 138.07 134.13 130.52 127.21 124.16 121.35 118.73 116.28 113.95 111.72 109.55 107.40 105.24 103.04 100.76 98.36 95.82 93.10 90.37 88.14 86.64 85.79 85.20 84.70 84.33 84.34 84.80 85.68 86.92 88.47 90.28 92.30 94.48 96.77 99.11 101.46 103.77 105.97 108.03 109.89 111.50 112.81
189.34 187.44 185.66 184.05 182.88 182.19 181.92 182.01 182.38 182.97 183.72 184.54 185.39 186.17 186.84 187.32 187.54 187.44 186.94 185.99 184.50 182.42 179.67 176.19 171.93 166.86 161.00 154.82 148.89 143.32 138.24 133.63 129.45 125.67 122.26 119.18 116.39 113.87 111.58 109.47 107.53 105.71 103.99 102.31 100.66 99.00 97.28 95.49 93.58 91.52 89.49 88.00 87.18 86.62 86.22 86.20 86.64 87.50 88.73 90.28 92.10 94.13 96.33 98.64 101.01 103.40 105.75 108.01 110.13 112.05 113.73 115.12 116.17
191.17 189.28 187.59 186.35 185.60 185.28 185.34 185.69 186.28 187.03 187.87 188.74 189.58 190.30 190.85 191.16 191.15 190.76 189.93 188.58 186.65 184.06 180.76 176.67 171.72 165.86 159.11 152.07 145.45 139.41 133.94 129.00 124.56 120.59 117.05 113.91 111.13 108.67 106.51 104.61 102.93 101.44 100.11 98.90 97.77 96.70 95.64 94.57 93.45 92.24 90.91 89.65 88.87 88.41 88.34 88.75 89.58 90.79 92.32 94.13 96.15 98.36 100.68 103.07 105.48 107.86 110.15 112.32 114.29 116.03 117.49 118.60 119.33
192.64 190.80 189.49 188.70 188.36 188.40 188.75 189.35 190.13 191.01 191.93 192.83 193.63 194.27 194.68 194.79 194.53 193.84 192.65 190.88 188.48 185.37 181.49 176.76 171.12 164.51 156.92 149.12 141.93 135.41 129.52 124.24 119.51 115.32 111.63 108.40 105.59 103.18 101.13 99.40 97.96 96.78 95.81 95.04 94.41 93.90 93.48 93.10 92.74 92.36 91.92 91.40 90.91 90.79 91.14 91.93 93.10 94.60 96.38 98.39 100.58 102.90 105.29 107.71 110.11 112.43 114.62 116.63 118.41 119.91 121.08 121.87 122.23
193.09 190.00 188.73 188.48 188.64 189.12 189.86 190.79 191.84 192.94 194.03 195.04 195.90 196.54 196.89 196.89 196.47 195.56 194.09 191.99 189.21 185.66 181.28 176.01 169.76 162.53 154.59 146.51 138.78 131.75 125.41 119.74 114.70 110.26 106.38 103.02 100.16 97.76 95.78 94.19 92.95 92.04 91.41 91.04 90.88 90.90 91.07 91.36 91.73 92.14 92.56 92.91 93.10 93.45 94.19 95.32 96.78 98.53 100.52 102.69 105.00 107.39 109.82 112.22 114.56 116.77 118.82 120.64 122.18 123.40 124.25 124.67 124.61
191.01 185.58 182.92 182.93 183.78 184.92 186.25 187.73 189.27 190.80 192.27 193.60 194.73 195.58 196.10 196.20 195.83 194.91 193.38 191.17 188.21 184.44 179.78 174.17 167.56 160.15 152.38 144.43 136.46 128.90 122.08 115.98 110.57 105.83 101.72 98.20 95.24 92.80 90.85 89.36 88.29 87.60 87.26 87.24 87.51 88.02 88.74 89.65 90.70 91.86 93.06 94.12 94.97 95.88 97.01 98.44 100.17 102.14 104.30 106.60 109.00 111.43 113.85 116.21 118.45 120.53 122.39 123.98 125.26 126.17 126.66 126.68 126.17
185.97 178.38 173.79 172.77 174.09 176.10 178.26 180.50 182.75 184.94 187.02 188.90 190.52 191.81 192.70 193.14 193.04 192.34 190.97 188.87 185.96 182.19 177.47 171.76 165.14 157.91 150.33 142.56 134.69 126.88 119.55 112.97 107.17 102.08 97.69 93.96 90.86 88.34 86.38 84.93 83.98 83.47 83.38 83.68 84.32 85.27 86.51 87.98 89.67 91.51 93.32 94.98 96.45 97.91 99.49 101.22 103.18 105.34 107.64 110.04 112.49 114.93 117.32 119.60 121.72 123.63 125.28 126.62 127.59 128.16 128.25 127.84 126.86
178.24 168.71 162.40 159.87 160.53 163.22 166.42 169.65 172.84 175.91 178.81 181.46 183.80 185.75 187.26 188.24 188.64 188.38 187.40 185.63 183.00 179.45 174.90 169.33 162.90 155.87 148.49 140.89 133.14 125.38 117.78 110.73 104.47 99.00 94.29 90.30 87.00 84.36 82.34 80.90 80.02 79.65 79.76 80.32 81.30 82.65 84.35 86.36 88.62 90.98 93.32 95.53 97.56 99.54 101.54 103.61 105.79 108.10 110.52 112.98 115.45 117.87 120.19 122.36 124.32 126.03 127.44 128.49 129.13 129.32 129.00 128.12 126.62
168.08 156.84 149.04 145.22 144.81 147.18 151.29 155.73 160.08 164.26 168.21 171.85 175.13 177.97 180.30 182.06 183.18 183.59 183.22 182.01 179.88 176.76 172.51 167.15 160.93 154.09 146.88 139.43 131.80 124.12 116.53 109.20 102.47 96.57 91.49 87.21 83.67 80.86 78.74 77.26 76.40 76.13 76.40 77.18 78.45 80.15 82.27 84.74 87.44 90.25 93.06 95.77 98.33 100.78 103.17 105.55 107.94 110.39 112.88 115.38 117.84 120.20 122.42 124.45 126.23 127.71 128.84 129.57 129.85 129.63 128.85 127.47 125.46
155.76 143.06 133.99 129.11 127.83 129.58 133.73 139.28 145.01 150.52 155.75 160.61 165.05 169.00 172.39 175.15 177.21 178.51 178.98 178.54 177.12 174.44 170.43 165.28 159.25 152.59 145.54 138.22 130.69 123.08 115.52 108.15 101.13 94.78 89.30 84.67 80.86 77.83 75.56 74.00 73.12 72.90 73.28 74.24 75.75 77.77 80.24 83.07 86.13 89.33 92.57 95.75 98.78 101.65 104.39 107.04 109.61 112.16 114.70 117.20 119.62 121.90 123.99 125.84 127.40 128.61 129.43 129.81 129.70 129.04 127.78 125.90 123.67
141.58 127.63 117.53 111.82 109.91 111.23 115.17 121.14 128.20 135.26 141.98 148.29 154.12 159.40 164.07 168.05 171.28 173.69 175.22 175.75 174.93 172.52 168.71 163.75 157.90 151.39 144.49 137.30 129.86 122.30 114.76 107.37 100.27 93.62 87.70 82.68 78.55 75.26 72.80 71.11 70.17 69.95 70.40 71.50 73.20 75.47 78.22 81.33 84.70 88.25 91.87 95.47 98.94 102.19 105.23 108.09 110.81 113.42 115.94 118.41 120.75 122.91 124.84 126.48 127.79 128.71 129.19 129.19 128.65 127.51 125.76 123.69 121.71
125.79 110.84 99.93 93.62 91.32 92.43 96.38 102.57 110.40 119.01 127.45 135.43 142.87 149.71 155.88 161.31 165.93 169.68 172.44 173.73 173.19 170.99 167.37 162.59 156.90 150.54 143.77 136.69 129.32 121.80 114.27 106.85 99.68 92.91 86.67 81.24 76.73 73.15 70.44 68.58 67.54 67.27 67.75 68.94 70.79 73.24 76.19 79.53 83.18 87.04 91.00 94.97 98.83 102.41 105.71 108.75 111.56 114.18 116.64 118.98 121.19 123.21 124.94 126.35 127.37 127.97 128.08 127.66 126.66 125.05 123.13 121.33 119.69
108.68 92.95 81.48 74.80 72.33 73.48 77.66 84.28 92.77 102.51 112.71 122.58 131.85 140.48 148.37 155.47 161.71 166.96 170.63 172.23 171.90 169.89 166.44 161.83 156.28 150.06 143.41 136.42 129.11 121.62 114.08 106.61 99.37 92.48 86.08 80.31 75.41 71.48 68.49 66.41 65.22 64.86 65.32 66.55 68.50 71.07 74.18 77.72 81.59 85.71 89.96 94.26 98.47 102.34 105.85 109.02 111.88 114.47 116.83 118.98 120.95 122.75 124.26 125.39 126.10 126.34 126.05 125.18 123.72 121.96 120.36 118.94 117.62
90.53 74.25 62.44 55.62 53.21 54.63 59.28 66.57 75.92 86.75 98.44 110.29 121.62 132.25 142.09 151.09 159.10 165.42 169.41 171.22 171.08 169.24 165.96 161.49 156.08 149.98 143.44 136.53 129.27 121.79 114.22 106.70 99.36 92.34 85.77 79.80 74.56 70.24 66.93 64.59 63.20 62.71 63.11 64.34 66.34 68.99 72.21 75.90 79.95 84.28 88.79 93.37 97.88 102.00 105.68 108.93 111.80 114.32 116.52 118.44 120.10 121.54 122.75 123.58 123.95 123.79 123.07 121.76 120.17 118.76 117.58 116.53 115.53
71.61 55.01 43.09 36.37 34.26 36.17 41.52 49.71 60.16 72.29 85.49 99.19 112.72 125.58 137.59 148.62 157.85 164.52 168.73 170.72 170.76 169.09 165.96 161.62 156.33 150.34 143.88 137.04 129.81 122.33 114.72 107.13 99.69 92.52 85.78 79.59 74.10 69.43 65.75 63.11 61.48 60.83 61.14 62.34 64.33 67.02 70.31 74.10 78.29 82.80 87.51 92.33 97.09 101.42 105.22 108.51 111.35 113.75 115.75 117.39 118.69 119.70 120.44 120.88 120.87 120.29 119.13 117.72 116.52 115.57 114.80 114.11 113.43
52.19 35.51 23.71 17.32 15.73 18.37 24.65 33.97 45.76 59.41 74.35 89.99 105.74 121.00 135.32 147.73 157.33 164.21 168.60 170.78 170.98 169.46 166.46 162.25 157.06 151.16 144.78 137.99 130.78 123.28 115.62 107.94 100.38 93.06 86.13 79.71 73.96 68.99 64.95 61.96 60.05 59.23 59.43 60.56 62.51 65.19 68.50 72.35 76.63 81.26 86.14 91.16 96.13 100.62 104.49 107.78 110.53 112.77 114.53 115.85 116.75 117.27 117.45 117.32 116.83 115.83 114.59 113.60 112.90 112.41 112.04 111.71 111.34
32.55 16.02 4.58 0.00 0.00 1.51 8.95 19.63 32.98 48.40 65.31 83.12 101.23 118.96 134.82 147.62 157.43 164.50 169.07 171.41 171.76 170.37 167.50 163.39 158.30 152.48 146.16 139.41 132.20 124.67 116.95 109.17 101.47 93.98 86.84 80.19 74.16 68.88 64.49 61.15 58.99 57.97 58.02 59.02 60.88 63.51 66.80 70.66 75.00 79.71 84.70 89.87 95.02 99.61 103.52 106.77 109.39 111.42 112.90 113.84 114.30 114.30 113.87 113.05 111.89 110.76 109.99 109.54 109.33 109.28 109.31 109.33 109.26
12.98 0.00 0.00 0.00 0.00 0.00 0.00 6.97 22.12 39.53 58.64 78.84 99.44 118.75 135.11 148.17 158.18 165.42 170.17 172.65 173.14 171.87 169.11 165.09 160.08 154.32 148.05 141.32 134.11 126.54 118.73 110.84 102.99 95.32 87.96 81.05 74.73 69.13 64.41 60.77 58.33 57.08 56.92 57.75 59.48 62.01 65.24 69.07 73.41 78.16 83.22 88.50 93.77 98.44 102.33 105.49 107.94 109.72 110.86 111.40 111.36 110.79 109.71 108.19 106.67 105.75 105.47 105.55 105.82 106.21 106.63 106.99 107.22
0.00 0.00 0.00 0.00 0.00 0.00 0.00 0.00 13.44 33.08 54.61 77.32 99.40 119.06 135.79 149.33 159.61 167.02 171.92 174.54 175.15 173.99 171.31 167.38 162.43 156.72 150.49 143.77 136.53 128.90 121.00 112.98 104.97 97.10 89.51 82.33 75.71 69.80 64.82 60.91 58.14 56.57 56.16 56.78 58.33 60.72 63.84 67.60 71.90 76.64 81.73 87.07 92.42 97.11 100.95 103.97 106.21 107.69 108.46 108.54 107.96 106.77 105.03 103.19 101.86 101.18 101.14 101.64 102.39 103.21 104.01 104.71 105.24
0.00 0.00 0.00 0.00 0.00 0.00 0.00 0.00 7.22 29.32 53.37 77.47 99.67 119.46 136.55 150.69 161.61 169.32 174.35 177.10 177.81 176.75 174.15 170.28 165.38 159.71 153.50 146.78 139.50 131.80 123.79 115.63 107.44 99.35 91.52 84.06 77.15 71.03 65.84 61.64 58.52 56.54 55.77 56.13 57.46 59.66 62.62 66.26 70.48 75.17 80.24 85.60 90.98 95.65 99.39 102.23 104.21 105.35 105.70 105.28 104.13 102.31 100.29 98.70 97.67 97.20 97.29 97.95 99.06 100.30 101.48 102.51 103.33
0.00 0.00 0.00 0.00 0.00 0.00 0.00 0.00 3.73 28.37 53.72 77.71 99.79 119.70 137.15 151.89 163.64 172.15 177.50 180.36 181.17 180.18 177.65 173.83 168.97 163.31 157.11 150.37 143.05 135.25 127.13 118.81 110.43 102.12 94.02 86.31 79.23 72.94 67.51 63.02 59.53 57.13 55.87 55.83 56.88 58.84 61.61 65.09 69.18 73.77 78.79 84.12 89.49 94.10 97.69 100.31 101.98 102.74 102.62 101.65 99.91 97.87 96.16 94.92 94.16 93.89 94.09 94.78 95.95 97.49 99.04 100.40 101.50
0.00 0.00 0.00 0.00 0.00 0.00 0.00 0.00 3.09 28.94 53.95 77.57 99.52 119.54 137.34 152.68 165.27 174.84 181.15 184.35 185.24 184.32 181.84 178.06 173.22 167.57 161.36 154.59 147.20 139.31 131.05 122.56 113.97 105.42 97.09 89.25 82.06 75.59 69.92 65.11 61.25 58.40 56.64 56.03 56.63 58.31 60.84 64.10 68.02 72.48 77.38 82.64 87.96 92.46 95.86 98.21 99.53 99.86 99.24 97.72 95.79 94.12 92.83 91.93 91.43 91.33 91.62 92.32 93.42 94.94 96.72 98.40 99.77
0.00 0.00 0.00 0.00 0.00 0.00 0.00 0.00 3.89 29.18 53.57 76.81 98.62 118.74 136.90 152.82 166.24 176.88 184.49 188.81 190.06 189.20 186.75 182.99 178.16 172.51 166.28 159.46 151.99 143.99 135.58 126.90 118.10 109.34 100.93 93.03 85.71 79.05 73.11 67.98 63.73 60.42 58.13 56.94 56.91 58.09 60.31 63.33 67.02 71.30 76.06 81.20 86.42 90.76 93.93 95.97 96.90 96.75 95.61 93.95 92.46 91.27 90.39 89.81 89.54 89.59 89.96 90.65 91.66 93.01 94.67 96.52 98.15
0.00 0.00 0.00 0.00 0.00 0.00 0.00 0.00 4.15 28.56 52.33 75.19 96.85 117.07 135.56 152.07 166.31 178.02 186.94 192.79 195.33 194.83 192.42 188.67 183.83 178.16 171.89 165.02 157.46 149.32 140.75 131.87 122.89 114.10 105.68 97.70 90.24 83.37 77.16 71.69 67.03 63.25 60.42 58.63 57.93 58.41 60.09 62.79 66.22 70.27 74.83 79.81 84.89 89.03 91.93 93.61 94.10 93.47 92.24 91.07 90.13 89.40 88.90 88.63 88.58 88.77 89.19 89.85 90.75 91.90 93.30 94.94 96.68
