data_processed/recharge/precip/Precip_1997_08.asc
ncols        168
nrows        136
xllcorner    455000
yllcorner    2107000
cellsize     500
NODATA_value     -99999
[rows 99 to 131 of 136, columns 74 to 147 of 168]
75.59 73.87 72.34 70.99 69.81 68.79 67.92 67.19 66.53 65.91 65.31 64.74 64.18 63.63 63.08 62.55 62.08 61.73 61.50 61.39 61.38 61.47 61.66 61.94 62.25 62.33 62.14 61.72 61.12 60.39 59.58 58.72 57.87 57.15 56.69 56.53 56.68 57.16 57.99 59.17 60.71 62.57 64.66 66.93 69.39 72.00 74.76 77.64 80.64 83.72 86.83 89.90 92.91 95.85 98.69 101.41 103.99 106.42 108.66 110.73 112.60 114.28 115.74 116.99 118.00 118.78 119.28 119.47 119.31 118.81 117.98 116.81 115.30 113.45
76.09 74.47 73.04 71.79 70.71 69.79 69.02 68.34 67.70 67.11 66.54 66.00 65.49 64.99 64.50 64.01 63.54 63.14 62.86 62.70 62.65 62.72 62.89 63.16 63.46 63.52 63.30 62.85 62.20 61.40 60.51 59.57 58.70 58.05 57.65 57.53 57.69 58.16 58.94 60.04 61.49 63.29 65.39 67.69 70.16 72.78 75.54 78.43 81.42 84.49 87.58 90.63 93.61 96.52 99.33 102.01 104.55 106.93 109.14 111.17 113.01 114.66 116.09 117.30 118.29 119.04 119.53 119.75 119.64 119.17 118.36 117.20 115.69 113.84
76.36 74.84 73.51 72.36 71.39 70.57 69.86 69.20 68.59 68.03 67.51 67.01 66.55 66.11 65.68 65.27 64.86 64.47 64.14 63.94 63.87 63.91 64.07 64.33 64.63 64.69 64.45 63.95 63.26 62.40 61.44 60.50 59.74 59.18 58.86 58.79 58.97 59.42 60.16 61.20 62.55 64.24 66.26 68.56 71.04 73.67 76.43 79.30 82.28 85.33 88.40 91.42 94.37 97.24 100.01 102.65 105.14 107.48 109.65 111.63 113.44 115.04 116.43 117.61 118.55 119.26 119.73 119.93 119.84 119.42 118.63 117.49 115.98 114.12
76.36 74.94 73.72 72.68 71.81 71.05 70.37 69.74 69.17 68.65 68.17 67.73 67.33 66.95 66.60 66.27 65.95 65.63 65.33 65.10 65.00 65.03 65.18 65.44 65.74 65.79 65.54 65.02 64.28 63.37 62.44 61.64 61.00 60.56 60.32 60.29 60.50 60.95 61.65 62.63 63.90 65.47 67.35 69.55 72.02 74.65 77.40 80.27 83.22 86.25 89.28 92.27 95.18 98.01 100.73 103.32 105.76 108.05 110.17 112.11 113.86 115.41 116.76 117.89 118.79 119.45 119.87 120.03 119.93 119.52 118.77 117.64 116.15 114.29
76.05 74.75 73.63 72.70 71.89 71.17 70.51 69.92 69.40 68.93 68.51 68.13 67.80 67.50 67.23 66.99 66.76 66.55 66.34 66.15 66.03 66.05 66.19 66.46 66.77 66.82 66.56 66.01 65.24 64.39 63.62 62.99 62.50 62.17 62.01 62.05 62.28 62.73 63.41 64.34 65.53 66.98 68.73 70.78 73.13 75.73 78.47 81.32 84.24 87.24 90.23 93.18 96.05 98.83 101.50 104.03 106.41 108.64 110.70 112.58 114.27 115.77 117.06 118.14 118.99 119.60 119.97 120.08 119.92 119.49 118.75 117.65 116.17 114.32
75.41 74.21 73.21 72.34 71.57 70.88 70.27 69.73 69.25 68.85 68.49 68.19 67.94 67.72 67.54 67.39 67.27 67.17 67.08 67.00 66.93 66.95 67.09 67.37 67.69 67.75 67.48 66.92 66.23 65.58 65.01 64.56 64.21 64.01 63.94 64.04 64.31 64.77 65.44 66.32 67.43 68.78 70.40 72.29 74.46 76.93 79.63 82.45 85.35 88.30 91.25 94.15 96.97 99.69 102.29 104.76 107.07 109.23 111.23 113.04 114.67 116.11 117.34 118.35 119.14 119.70 120.00 120.06 119.84 119.36 118.58 117.49 116.03 114.18
74.39 73.31 72.37 71.54 70.81 70.16 69.60 69.12 68.71 68.37 68.09 67.87 67.70 67.58 67.50 67.46 67.45 67.47 67.50 67.55 67.61 67.69 67.85 68.14 68.48 68.55 68.29 67.83 67.37 66.96 66.61 66.33 66.15 66.07 66.10 66.27 66.59 67.06 67.72 68.56 69.60 70.86 72.35 74.09 76.08 78.35 80.91 83.67 86.53 89.44 92.34 95.18 97.94 100.59 103.11 105.50 107.74 109.83 111.75 113.49 115.05 116.42 117.58 118.52 119.24 119.73 119.97 119.96 119.68 119.13 118.29 117.16 115.70 113.87
72.97 71.95 71.06 70.27 69.58 68.99 68.49 68.07 67.73 67.47 67.28 67.15 67.08 67.06 67.09 67.16 67.27 67.41 67.58 67.77 67.98 68.20 68.43 68.75 69.12 69.22 69.07 68.88 68.70 68.53 68.40 68.31 68.29 68.34 68.49 68.73 69.10 69.60 70.24 71.05 72.03 73.21 74.58 76.17 78.00 80.07 82.40 84.99 87.78 90.64 93.49 96.27 98.95 101.51 103.95 106.25 108.41 110.42 112.26 113.92 115.40 116.69 117.77 118.64 119.28 119.69 119.86 119.77 119.42 118.80 117.89 116.69 115.19 113.35
71.05 70.08 69.23 68.49 67.86 67.33 66.90 66.55 66.30 66.12 66.02 65.99 66.02 66.12 66.27 66.46 66.70 66.98 67.29 67.63 68.00 68.38 68.77 69.18 69.59 69.83 69.99 70.11 70.20 70.29 70.38 70.49 70.64 70.83 71.09 71.42 71.84 72.37 73.02 73.80 74.73 75.82 77.08 78.54 80.20 82.07 84.18 86.53 89.14 91.92 94.70 97.39 99.97 102.45 104.79 107.01 109.07 110.99 112.74 114.32 115.71 116.91 117.91 118.69 119.25 119.58 119.67 119.50 119.07 118.37 117.38 116.10 114.52 112.63
68.76 67.83 67.03 66.34 65.77 65.30 64.94 64.68 64.50 64.42 64.41 64.49 64.63 64.84 65.11 65.43 65.80 66.22 66.68 67.17 67.69 68.24 68.80 69.37 69.93 70.49 70.99 71.42 71.80 72.14 72.47 72.78 73.10 73.44 73.82 74.24 74.73 75.29 75.95 76.71 77.59 78.60 79.76 81.09 82.58 84.27 86.16 88.28 90.62 93.23 95.92 98.51 100.99 103.37 105.61 107.73 109.70 111.52 113.18 114.66 115.96 117.07 117.97 118.66 119.13 119.37 119.37 119.11 118.59 117.81 116.73 115.37 113.71 111.73
67.01 66.10 65.31 64.65 64.11 63.68 63.36 63.14 63.03 63.00 63.07 63.21 63.43 63.73 64.09 64.51 64.99 65.52 66.10 66.71 67.36 68.04 68.74 69.42 70.06 70.84 71.67 72.41 73.08 73.69 74.24 74.76 75.26 75.75 76.24 76.76 77.31 77.91 78.58 79.32 80.15 81.09 82.15 83.34 84.68 86.18 87.86 89.73 91.86 94.39 97.01 99.50 101.88 104.15 106.30 108.31 110.18 111.90 113.46 114.84 116.04 117.05 117.86 118.46 118.84 118.98 118.88 118.54 117.93 117.05 115.89 114.44 112.69 110.64
66.02 65.22 64.41 63.73 63.18 62.75 62.43 62.22 62.12 62.11 62.20 62.38 62.64 62.98 63.39 63.87 64.42 65.02 65.67 66.36 67.10 67.87 68.64 69.35 70.03 70.87 71.89 72.94 73.90 74.76 75.55 76.27 76.94 77.58 78.20 78.81 79.42 80.06 80.73 81.45 82.24 83.10 84.05 85.12 86.30 87.61 89.08 90.76 92.82 95.31 97.89 100.31 102.60 104.76 106.80 108.71 110.48 112.09 113.55 114.83 115.93 116.84 117.55 118.05 118.33 118.38 118.19 117.75 117.04 116.07 114.82 113.28 111.45 109.37
65.50 65.01 64.28 63.55 62.94 62.46 62.10 61.86 61.73 61.70 61.78 61.94 62.20 62.54 62.97 63.46 64.03 64.65 65.34 66.07 66.86 67.66 68.43 69.15 69.87 70.75 71.82 73.05 74.29 75.41 76.43 77.35 78.20 78.98 79.72 80.42 81.10 81.77 82.45 83.15 83.89 84.67 85.53 86.45 87.48 88.60 89.91 91.53 93.56 96.00 98.53 100.92 103.13 105.19 107.13 108.93 110.59 112.10 113.45 114.63 115.63 116.44 117.05 117.45 117.63 117.58 117.29 116.75 115.95 114.88 113.54 111.91 110.05 107.98
65.34 65.20 64.73 64.03 63.33 62.77 62.33 62.01 61.81 61.72 61.73 61.85 62.06 62.37 62.76 63.22 63.77 64.38 65.06 65.79 66.56 67.34 68.10 68.85 69.60 70.52 71.62 72.90 74.29 75.66 76.91 78.04 79.06 79.99 80.84 81.63 82.38 83.08 83.77 84.45 85.14 85.85 86.60 87.39 88.25 89.24 90.50 92.10 94.10 96.49 98.96 101.29 103.46 105.46 107.29 108.98 110.53 111.93 113.18 114.25 115.15 115.85 116.36 116.65 116.73 116.58 116.19 115.55 114.65 113.49 112.05 110.39 108.53 106.47
65.53 65.68 65.50 65.01 64.31 63.61 63.05 62.61 62.30 62.10 62.02 62.05 62.17 62.40 62.71 63.11 63.59 64.15 64.77 65.46 66.18 66.92 67.68 68.45 69.24 70.19 71.33 72.63 74.05 75.57 77.03 78.36 79.56 80.64 81.61 82.49 83.29 84.04 84.73 85.39 86.03 86.66 87.30 87.97 88.71 89.67 90.91 92.49 94.44 96.77 99.17 101.45 103.57 105.51 107.27 108.86 110.30 111.60 112.73 113.70 114.48 115.08 115.48 115.67 115.64 115.39 114.89 114.15 113.15 111.90 110.43 108.76 106.90 104.85
66.02 66.43 66.49 66.24 65.69 64.95 64.22 63.63 63.16 62.82 62.59 62.48 62.48 62.58 62.78 63.07 63.44 63.90 64.44 65.05 65.71 66.43 67.18 67.96 68.79 69.79 70.96 72.27 73.72 75.26 76.85 78.37 79.74 80.96 82.05 83.02 83.89 84.66 85.36 86.00 86.59 87.15 87.68 88.25 88.98 89.94 91.17 92.71 94.60 96.86 99.19 101.40 103.46 105.35 107.06 108.58 109.91 111.09 112.12 112.97 113.65 114.13 114.43 114.51 114.37 114.01 113.41 112.57 111.48 110.17 108.69 107.02 105.17 103.13
66.80 67.40 67.66 67.60 67.24 66.61 65.79 64.99 64.33 63.80 63.39 63.10 62.93 62.87 62.91 63.04 63.28 63.61 64.04 64.57 65.18 65.86 66.61 67.41 68.28 69.32 70.52 71.86 73.32 74.87 76.47 78.10 79.63 81.00 82.21 83.27 84.20 85.00 85.71 86.32 86.86 87.34 87.81 88.37 89.11 90.06 91.26 92.76 94.59 96.77 99.02 101.16 103.14 104.98 106.63 108.10 109.36 110.44 111.34 112.08 112.65 113.02 113.20 113.17 112.93 112.46 111.75 110.81 109.67 108.35 106.85 105.18 103.33 101.31
67.83 68.59 68.99 69.07 68.84 68.34 67.59 66.66 65.76 65.00 64.37 63.86 63.48 63.21 63.05 62.99 63.05 63.25 63.58 64.03 64.59 65.24 65.99 66.81 67.72 68.79 70.03 71.39 72.87 74.43 76.03 77.67 79.29 80.79 82.12 83.27 84.25 85.09 85.80 86.40 86.88 87.32 87.79 88.38 89.12 90.05 91.22 92.67 94.43 96.52 98.68 100.73 102.64 104.40 106.00 107.41 108.62 109.62 110.42 111.04 111.49 111.75 111.81 111.67 111.32 110.74 109.93 108.93 107.76 106.42 104.92 103.25 101.41 99.41
69.08 69.95 70.45 70.62 70.49 70.07 69.39 68.47 67.40 66.37 65.47 64.70 64.06 63.55 63.15 62.88 62.79 62.86 63.08 63.45 63.96 64.58 65.32 66.17 67.12 68.24 69.50 70.89 72.39 73.95 75.56 77.19 78.81 80.38 81.81 83.05 84.10 84.97 85.69 86.25 86.72 87.17 87.68 88.28 89.01 89.92 91.05 92.43 94.12 96.11 98.18 100.13 101.96 103.64 105.17 106.51 107.67 108.61 109.33 109.84 110.17 110.32 110.27 110.01 109.54 108.86 107.99 106.96 105.77 104.42 102.91 101.24 99.41 97.42
70.53 71.45 72.01 72.23 72.13 71.75 71.10 70.21 69.10 67.85 66.65 65.58 64.64 63.84 63.19 62.74 62.50 62.44 62.56 62.85 63.30 63.90 64.64 65.51 66.50 67.65 68.95 70.37 71.88 73.46 75.07 76.69 78.30 79.86 81.34 82.66 83.77 84.67 85.39 85.96 86.46 86.95 87.48 88.09 88.81 89.69 90.76 92.08 93.67 95.56 97.52 99.38 101.11 102.71 104.15 105.43 106.51 107.40 108.06 108.50 108.72 108.74 108.57 108.20 107.62 106.86 105.96 104.90 103.69 102.33 100.81 99.15 97.33 95.37
72.15 73.08 73.64 73.86 73.76 73.36 72.69 71.78 70.64 69.30 67.84 66.43 65.16 64.07 63.21 62.59 62.19 62.00 62.02 62.24 62.63 63.21 63.94 64.83 65.87 67.07 68.40 69.84 71.37 72.96 74.57 76.19 77.78 79.32 80.79 82.13 83.30 84.23 84.97 85.59 86.14 86.67 87.21 87.82 88.51 89.35 90.37 91.61 93.11 94.89 96.73 98.48 100.11 101.61 102.97 104.16 105.17 105.99 106.59 106.97 107.11 107.02 106.73 106.24 105.59 104.79 103.85 102.77 101.54 100.17 98.65 96.99 95.19 93.24
73.90 74.80 75.32 75.49 75.33 74.88 74.14 73.16 71.94 70.52 68.92 67.22 65.63 64.30 63.23 62.43 61.88 61.57 61.49 61.63 61.97 62.52 63.25 64.16 65.25 66.48 67.85 69.32 70.87 72.47 74.09 75.70 77.28 78.80 80.24 81.56 82.73 83.71 84.51 85.19 85.79 86.34 86.89 87.48 88.14 88.93 89.88 91.04 92.43 94.09 95.81 97.44 98.97 100.36 101.62 102.72 103.65 104.39 104.93 105.25 105.33 105.16 104.76 104.19 103.49 102.65 101.68 100.57 99.33 97.95 96.43 94.78 92.99 91.07
75.76 76.57 77.01 77.09 76.83 76.27 75.42 74.31 72.97 71.42 69.69 67.86 66.09 64.53 63.27 62.29 61.59 61.15 60.97 61.03 61.33 61.85 62.58 63.52 64.64 65.92 67.33 68.83 70.39 72.00 73.62 75.23 76.80 78.30 79.71 81.00 82.14 83.16 84.03 84.77 85.40 85.96 86.51 87.08 87.71 88.44 89.32 90.38 91.66 93.19 94.78 96.28 97.69 98.98 100.13 101.13 101.97 102.63 103.09 103.33 103.35 103.12 102.69 102.07 101.33 100.45 99.45 98.32 97.06 95.67 94.15 92.51 90.74 88.84
77.70 78.39 78.69 78.62 78.22 77.50 76.49 75.22 73.71 71.98 70.14 68.30 66.50 64.79 63.33 62.18 61.33 60.77 60.48 60.47 60.71 61.21 61.94 62.90 64.07 65.40 66.84 68.36 69.95 71.57 73.20 74.81 76.36 77.85 79.23 80.49 81.62 82.65 83.56 84.33 84.99 85.56 86.10 86.64 87.22 87.89 88.68 89.64 90.80 92.19 93.64 95.01 96.29 97.46 98.50 99.40 100.14 100.70 101.07 101.24 101.19 100.94 100.51 99.89 99.11 98.19 97.16 96.01 94.73 93.34 91.83 90.19 88.44 86.57
79.70 80.20 80.32 80.06 79.47 78.55 77.33 75.85 74.12 72.25 70.38 68.53 66.74 65.03 63.44 62.11 61.11 60.42 60.04 59.95 60.15 60.62 61.35 62.34 63.55 64.92 66.40 67.95 69.56 71.20 72.83 74.43 75.98 77.44 78.80 80.05 81.18 82.20 83.11 83.90 84.57 85.15 85.66 86.17 86.69 87.29 87.99 88.83 89.87 91.11 92.41 93.65 94.79 95.83 96.75 97.53 98.16 98.63 98.90 98.99 98.90 98.64 98.22 97.61 96.83 95.89 94.83 93.66 92.37 90.97 89.46 87.84 86.11 84.26
81.71 82.00 81.88 81.39 80.55 79.38 77.91 76.17 74.27 72.35 70.45 68.60 66.82 65.13 63.53 62.10 60.95 60.14 59.66 59.50 59.64 60.09 60.82 61.84 63.10 64.51 66.02 67.61 69.24 70.89 72.53 74.13 75.67 77.11 78.45 79.68 80.80 81.80 82.70 83.49 84.16 84.72 85.22 85.67 86.14 86.65 87.25 87.97 88.87 89.97 91.11 92.19 93.19 94.09 94.88 95.54 96.06 96.41 96.59 96.62 96.50 96.24 95.81 95.22 94.47 93.54 92.46 91.27 89.97 88.57 87.07 85.46 83.75 81.93
83.73 83.74 83.35 82.57 81.44 79.98 78.21 76.26 74.29 72.33 70.41 68.55 66.77 65.09 63.53 62.10 60.87 59.93 59.35 59.12 59.21 59.64 60.37 61.41 62.72 64.18 65.73 67.35 69.00 70.66 72.30 73.90 75.43 76.85 78.17 79.37 80.47 81.46 82.33 83.10 83.76 84.31 84.77 85.17 85.56 85.98 86.47 87.07 87.83 88.76 89.74 90.66 91.51 92.27 92.92 93.45 93.84 94.08 94.19 94.17 94.02 93.74 93.31 92.73 92.00 91.11 90.05 88.85 87.55 86.15 84.65 83.06 81.37 79.58
85.70 85.40 84.68 83.57 82.11 80.31 78.30 76.26 74.23 72.23 70.28 68.41 66.63 64.96 63.42 62.03 60.81 59.81 59.13 58.82 58.87 59.27 60.01 61.08 62.43 63.94 65.53 67.18 68.85 70.53 72.18 73.77 75.27 76.65 77.94 79.11 80.18 81.14 82.00 82.74 83.38 83.91 84.33 84.67 84.98 85.30 85.68 86.14 86.74 87.50 88.31 89.07 89.76 90.36 90.87 91.26 91.52 91.67 91.71 91.65 91.47 91.16 90.72 90.15 89.44 88.58 87.57 86.40 85.10 83.70 82.22 80.64 78.98 77.22
87.62 86.95 85.86 84.37 82.53 80.46 78.34 76.22 74.13 72.09 70.11 68.22 66.43 64.76 63.24 61.88 60.71 59.74 59.02 58.64 58.64 59.02 59.76 60.85 62.25 63.81 65.44 67.11 68.81 70.51 72.15 73.71 75.16 76.51 77.75 78.89 79.93 80.85 81.68 82.39 83.00 83.50 83.89 84.19 84.41 84.63 84.87 85.20 85.63 86.22 86.84 87.42 87.94 88.39 88.74 88.98 89.14 89.21 89.19 89.07 88.85 88.52 88.07 87.50 86.81 85.98 85.01 83.90 82.64 81.25 79.77 78.21 76.58 74.86
89.45 88.36 86.85 84.95 82.80 80.59 78.38 76.19 74.04 71.95 69.93 68.01 66.21 64.55 63.04 61.71 60.57 59.65 58.97 58.57 58.52 58.88 59.62 60.75 62.20 63.80 65.47 67.18 68.90 70.59 72.20 73.70 75.11 76.41 77.61 78.70 79.69 80.58 81.36 82.04 82.61 83.08 83.44 83.70 83.85 83.96 84.07 84.24 84.51 84.90 85.34 85.74 86.08 86.36 86.55 86.67 86.73 86.71 86.62 86.44 86.18 85.82 85.36 84.79 84.11 83.31 82.38 81.32 80.12 78.78 77.33 75.79 74.18 72.50
91.15 89.60 87.64 85.40 83.09 80.78 78.48 76.21 73.99 71.84 69.78 67.83 66.01 64.35 62.85 61.54 60.44 59.57 58.94 58.59 58.54 58.88 59.62 60.78 62.28 63.93 65.64 67.38 69.10 70.75 72.30 73.75 75.09 76.34 77.48 78.53 79.47 80.31 81.04 81.68 82.21 82.63 82.96 83.17 83.29 83.31 83.28 83.29 83.38 83.58 83.82 84.03 84.19 84.29 84.34 84.34 84.30 84.19 84.03 83.79 83.48 83.09 82.61 82.03 81.36 80.58 79.69 78.68 77.54 76.28 74.88 73.37 71.79 70.15
92.71 90.66 88.33 85.91 83.48 81.06 78.66 76.30 74.01 71.80 69.70 67.71 65.87 64.20 62.70 61.41 60.34 59.51 58.94 58.66 58.67 59.02 59.77 60.96 62.51 64.20 65.95 67.70 69.38 70.96 72.44 73.82 75.11 76.29 77.38 78.36 79.24 80.03 80.71 81.29 81.77 82.15 82.43 82.60 82.67 82.64 82.51 82.36 82.26 82.26 82.29 82.30 82.27 82.21 82.13 82.01 81.86 81.66 81.42 81.12 80.75 80.32 79.82 79.24 78.57 77.81 76.95 75.98 74.91 73.72 72.41 70.97 69.43 67.82
94.10 91.65 89.12 86.56 84.00 81.46 78.96 76.51 74.14 71.87 69.71 67.69 65.83 64.14 62.64 61.36 60.32 59.53 59.01 58.79 58.87 59.30 60.09 61.30 62.90 64.65 66.41 68.10 69.70 71.21 72.62 73.93 75.14 76.25 77.27 78.19 79.01 79.73 80.35 80.88 81.30 81.62 81.85 81.97 81.99 81.91 81.73 81.45 81.17 80.95 80.77 80.57 80.36 80.15 79.93 79.69 79.43 79.14 78.81 78.44 78.02 77.55 77.02 76.42 75.75 75.01 74.17 73.25 72.23 71.11 69.88 68.54 67.08 65.52
