data_processed/recharge/precip/Precip_2003_12.asc
ncols        168
nrows        136
xllcorner    455000
yllcorner    2107000
cellsize     500
NODATA_value     -99999
[rows 0 to 37 of 136, columns 0 to 83 of 168]
10.02 9.51 9.08 8.66 8.22 7.78 7.32 6.87 6.41 5.96 5.50 5.05 4.61 4.18 3.76 3.36 2.97 2.60 2.25 1.93 1.65 1.40 1.19 1.00 0.83 0.68 0.54 0.42 0.32 0.24 0.18 0.13 0.11 0.09 0.09 0.11 0.13 0.15 0.19 0.22 0.26 0.30 0.34 0.37 0.40 0.41 0.40 0.36 0.29 0.20 0.14 0.10 0.08 0.07 0.07 0.06 0.06 0.06 0.05 0.04 0.04 0.03 0.03 0.03 0.02 0.02 0.02 0.02 0.03 0.03 0.04 0.04 0.04 0.05 0.05 0.06 0.07 0.07 0.08 0.09 0.11 0.13 0.15 0.17
10.08 9.66 9.24 8.81 8.37 7.92 7.46 7.00 6.54 6.07 5.61 5.15 4.70 4.26 3.83 3.41 3.01 2.63 2.27 1.93 1.63 1.36 1.13 0.93 0.75 0.59 0.45 0.33 0.23 0.15 0.09 0.05 0.02 0.02 0.02 0.03 0.05 0.08 0.12 0.16 0.20 0.24 0.28 0.32 0.35 0.37 0.38 0.35 0.30 0.23 0.18 0.16 0.15 0.15 0.14 0.13 0.12 0.11 0.10 0.09 0.08 0.07 0.07 0.06 0.05 0.04 0.04 0.03 0.03 0.03 0.03 0.04 0.04 0.04 0.05 0.05 0.06 0.07 0.08 0.09 0.11 0.13 0.16 0.18
10.06 9.66 9.24 8.81 8.37 7.92 7.46 7.00 6.53 6.07 5.60 5.14 4.69 4.25 3.81 3.39 2.99 2.60 2.24 1.90 1.58 1.29 1.05 0.84 0.66 0.49 0.34 0.22 0.13 0.05 0.00 0.00 0.00 0.00 0.00 0.00 0.00 0.02 0.05 0.10 0.14 0.18 0.23 0.27 0.30 0.33 0.35 0.34 0.31 0.26 0.23 0.22 0.21 0.21 0.20 0.19 0.17 0.16 0.15 0.14 0.12 0.11 0.10 0.08 0.07 0.06 0.05 0.04 0.04 0.03 0.03 0.03 0.03 0.04 0.04 0.05 0.05 0.06 0.07 0.09 0.11 0.14 0.17 0.20
9.87 9.48 9.07 8.65 8.22 7.77 7.32 6.86 6.40 5.94 5.49 5.03 4.58 4.14 3.71 3.30 2.90 2.51 2.15 1.81 1.49 1.20 0.95 0.73 0.54 0.37 0.23 0.12 0.03 0.00 0.00 0.00 0.00 0.00 0.00 0.00 0.00 0.00 0.00 0.04 0.09 0.13 0.18 0.22 0.26 0.29 0.32 0.33 0.31 0.29 0.28 0.27 0.26 0.25 0.24 0.23 0.21 0.20 0.18 0.17 0.15 0.13 0.12 0.10 0.09 0.08 0.06 0.05 0.04 0.04 0.03 0.03 0.03 0.03 0.03 0.04 0.05 0.06 0.08 0.10 0.13 0.16 0.19 0.22
9.50 9.12 8.73 8.33 7.91 7.48 7.04 6.59 6.15 5.70 5.25 4.81 4.37 3.94 3.52 3.12 2.73 2.35 2.00 1.67 1.36 1.08 0.82 0.61 0.42 0.25 0.12 0.01 0.00 0.00 0.00 0.00 0.00 0.00 0.00 0.00 0.00 0.00 0.00 0.00 0.04 0.09 0.14 0.19 0.24 0.27 0.30 0.31 0.32 0.31 0.30 0.30 0.29 0.28 0.26 0.25 0.23 0.22 0.20 0.18 0.17 0.15 0.13 0.12 0.10 0.09 0.07 0.06 0.05 0.04 0.03 0.03 0.02 0.02 0.03 0.03 0.05 0.06 0.09 0.11 0.14 0.18 0.21 0.25
9.00 8.65 8.28 7.89 7.49 7.08 6.66 6.23 5.81 5.38 4.95 4.52 4.10 3.69 3.28 2.89 2.52 2.16 1.82 1.50 1.21 0.94 0.69 0.47 0.28 0.13 0.00 0.00 0.00 0.00 0.00 0.00 0.00 0.00 0.00 0.00 0.00 0.00 0.00 0.00 0.00 0.06 0.12 0.17 0.22 0.26 0.29 0.31 0.32 0.32 0.31 0.31 0.30 0.28 0.27 0.26 0.24 0.22 0.21 0.19 0.17 0.15 0.14 0.12 0.10 0.09 0.07 0.06 0.05 0.04 0.03 0.02 0.02 0.02 0.02 0.03 0.05 0.07 0.10 0.13 0.17 0.20 0.24 0.28
8.51 8.17 7.82 7.46 7.08 6.69 6.29 5.89 5.48 5.07 4.66 4.25 3.85 3.45 3.07 2.69 2.34 1.99 1.67 1.37 1.09 0.83 0.58 0.34 0.14 0.00 0.00 0.00 0.00 0.00 0.00 0.00 0.00 0.00 0.00 0.00 0.00 0.00 0.00 0.00 0.00 0.03 0.09 0.15 0.21 0.25 0.29 0.32 0.33 0.32 0.32 0.31 0.30 0.29 0.28 0.26 0.25 0.23 0.21 0.19 0.18 0.16 0.14 0.12 0.11 0.09 0.07 0.06 0.05 0.04 0.03 0.02 0.02 0.01 0.02 0.03 0.05 0.08 0.11 0.15 0.19 0.23 0.27 0.32
8.03 7.73 7.40 7.06 6.70 6.33 5.96 5.57 5.18 4.79 4.40 4.02 3.63 3.26 2.89 2.53 2.19 1.87 1.56 1.28 1.01 0.75 0.48 0.22 0.00 0.00 0.00 0.00 0.00 0.00 0.00 0.00 0.00 0.00 0.00 0.00 0.00 0.00 0.00 0.00 0.00 0.00 0.07 0.13 0.20 0.25 0.30 0.32 0.33 0.33 0.32 0.31 0.30 0.29 0.28 0.26 0.25 0.23 0.21 0.20 0.18 0.16 0.14 0.12 0.11 0.09 0.07 0.06 0.05 0.03 0.02 0.02 0.01 0.01 0.01 0.02 0.05 0.08 0.12 0.16 0.21 0.26 0.31 0.35
7.58 7.30 6.99 6.68 6.34 6.00 5.64 5.28 4.92 4.55 4.18 3.81 3.45 3.09 2.75 2.41 2.09 1.78 1.49 1.22 0.95 0.68 0.39 0.11 0.00 0.00 0.00 0.00 0.00 0.00 0.00 0.00 0.00 0.00 0.00 0.00 0.00 0.00 0.00 0.00 0.00 0.00 0.05 0.12 0.19 0.25 0.30 0.32 0.33 0.33 0.32 0.31 0.30 0.29 0.28 0.27 0.25 0.23 0.22 0.20 0.18 0.16 0.14 0.12 0.11 0.09 0.07 0.06 0.04 0.03 0.02 0.01 0.01 0.00 0.01 0.02 0.05 0.08 0.13 0.18 0.23 0.28 0.34 0.39
7.13 6.88 6.61 6.31 6.01 5.69 5.35 5.02 4.67 4.33 3.98 3.63 3.29 2.96 2.63 2.32 2.01 1.73 1.45 1.18 0.90 0.61 0.31 0.02 0.00 0.00 0.00 0.00 0.00 0.00 0.00 0.00 0.00 0.00 0.00 0.00 0.00 0.00 0.00 0.00 0.00 0.00 0.04 0.12 0.20 0.26 0.30 0.33 0.33 0.33 0.32 0.31 0.30 0.29 0.28 0.26 0.25 0.23 0.22 0.20 0.18 0.16 0.14 0.12 0.11 0.09 0.07 0.06 0.04 0.03 0.02 0.01 0.00 0.00 0.00 0.02 0.04 0.08 0.13 0.19 0.25 0.31 0.37 0.43
6.68 6.47 6.23 5.97 5.69 5.39 5.08 4.77 4.45 4.13 3.80 3.48 3.16 2.85 2.54 2.25 1.97 1.70 1.43 1.15 0.86 0.56 0.24 0.00 0.00 0.00 0.00 0.00 0.00 0.00 0.00 0.00 0.00 0.00 0.00 0.00 0.00 0.00 0.00 0.00 0.00 0.00 0.03 0.12 0.20 0.26 0.30 0.32 0.33 0.33 0.32 0.31 0.30 0.29 0.28 0.26 0.25 0.23 0.21 0.20 0.18 0.16 0.14 0.12 0.10 0.09 0.07 0.05 0.04 0.03 0.02 0.01 0.00 0.00 0.00 0.01 0.04 0.08 0.14 0.20 0.26 0.33 0.40 0.47
6.23 6.06 5.86 5.63 5.38 5.11 4.83 4.54 4.25 3.95 3.65 3.35 3.05 2.76 2.48 2.21 1.95 1.68 1.40 1.11 0.81 0.50 0.18 0.00 0.00 0.00 0.00 0.00 0.00 0.00 0.00 0.00 0.00 0.00 0.00 0.00 0.00 0.00 0.00 0.00 0.00 0.00 0.04 0.13 0.20 0.26 0.30 0.32 0.33 0.32 0.32 0.31 0.30 0.29 0.27 0.26 0.24 0.23 0.21 0.19 0.18 0.16 0.14 0.12 0.10 0.08 0.07 0.05 0.04 0.02 0.01 0.00 0.00 0.00 0.00 0.01 0.04 0.09 0.14 0.21 0.28 0.36 0.43 0.51
5.79 5.65 5.49 5.30 5.08 4.84 4.59 4.32 4.05 3.78 3.51 3.23 2.96 2.70 2.44 2.18 1.93 1.66 1.38 1.08 0.77 0.46 0.13 0.00 0.00 0.00 0.00 0.00 0.00 0.00 0.00 0.00 0.00 0.00 0.00 0.00 0.00 0.00 0.00 0.00 0.00 0.00 0.04 0.13 0.20 0.26 0.30 0.32 0.32 0.32 0.31 0.30 0.29 0.28 0.27 0.25 0.24 0.22 0.21 0.19 0.17 0.15 0.13 0.12 0.10 0.08 0.06 0.05 0.03 0.02 0.01 0.00 0.00 0.00 0.00 0.01 0.04 0.09 0.15 0.22 0.30 0.38 0.46 0.55
5.35 5.25 5.12 4.96 4.78 4.57 4.35 4.11 3.87 3.63 3.38 3.13 2.88 2.64 2.41 2.16 1.91 1.63 1.35 1.05 0.74 0.41 0.08 0.00 0.00 0.00 0.00 0.00 0.00 0.00 0.00 0.00 0.00 0.00 0.00 0.00 0.00 0.00 0.00 0.00 0.00 0.00 0.05 0.13 0.20 0.26 0.29 0.31 0.32 0.31 0.31 0.30 0.29 0.27 0.26 0.25 0.23 0.22 0.20 0.18 0.17 0.15 0.13 0.11 0.09 0.08 0.06 0.04 0.03 0.02 0.01 0.00 0.00 0.00 0.00 0.01 0.04 0.09 0.16 0.23 0.32 0.41 0.50 0.59
4.92 4.85 4.74 4.62 4.47 4.30 4.12 3.91 3.70 3.48 3.26 3.04 2.82 2.60 2.37 2.13 1.87 1.60 1.31 1.01 0.70 0.38 0.04 0.00 0.00 0.00 0.00 0.00 0.00 0.00 0.00 0.00 0.00 0.00 0.00 0.00 0.00 0.00 0.00 0.00 0.00 0.00 0.05 0.13 0.20 0.25 0.29 0.31 0.31 0.31 0.30 0.29 0.28 0.27 0.25 0.24 0.23 0.21 0.19 0.18 0.16 0.14 0.13 0.11 0.09 0.07 0.06 0.04 0.03 0.02 0.01 0.00 0.00 0.00 0.00 0.01 0.04 0.10 0.16 0.25 0.34 0.43 0.53 0.63
4.50 4.45 4.37 4.28 4.16 4.03 3.88 3.71 3.53 3.33 3.14 2.95 2.75 2.55 2.33 2.09 1.83 1.56 1.27 0.97 0.66 0.34 0.01 0.00 0.00 0.00 0.00 0.00 0.00 0.00 0.00 0.00 0.00 0.00 0.00 0.00 0.00 0.00 0.00 0.00 0.00 0.00 0.05 0.13 0.20 0.25 0.28 0.30 0.31 0.30 0.29 0.28 0.27 0.26 0.25 0.23 0.22 0.20 0.19 0.17 0.15 0.14 0.12 0.10 0.08 0.07 0.05 0.04 0.03 0.02 0.01 0.00 0.00 0.00 0.00 0.01 0.04 0.10 0.17 0.26 0.36 0.46 0.57 0.68
4.08 4.06 4.01 3.94 3.85 3.75 3.63 3.50 3.35 3.19 3.03 2.86 2.68 2.48 2.27 2.03 1.78 1.51 1.23 0.94 0.63 0.31 0.00 0.00 0.00 0.00 0.00 0.00 0.00 0.00 0.00 0.00 0.00 0.00 0.00 0.00 0.00 0.00 0.00 0.00 0.00 0.00 0.05 0.13 0.19 0.24 0.27 0.29 0.30 0.29 0.28 0.27 0.26 0.25 0.24 0.22 0.21 0.19 0.18 0.16 0.15 0.13 0.11 0.10 0.08 0.06 0.05 0.04 0.03 0.01 0.01 0.00 0.00 0.00 0.00 0.00 0.04 0.10 0.18 0.27 0.37 0.49 0.60 0.72
3.68 3.67 3.64 3.60 3.54 3.47 3.38 3.28 3.17 3.04 2.91 2.76 2.59 2.40 2.19 1.96 1.72 1.46 1.18 0.89 0.59 0.28 0.00 0.00 0.00 0.00 0.00 0.00 0.00 0.00 0.00 0.00 0.00 0.00 0.00 0.00 0.00 0.00 0.00 0.00 0.00 0.00 0.05 0.13 0.19 0.23 0.27 0.28 0.29 0.28 0.27 0.26 0.25 0.24 0.23 0.21 0.20 0.18 0.17 0.15 0.14 0.12 0.11 0.09 0.08 0.06 0.05 0.03 0.02 0.01 0.00 0.00 0.00 0.00 0.00 0.00 0.05 0.11 0.19 0.29 0.40 0.51 0.64 0.77
3.28 3.29 3.28 3.26 3.23 3.18 3.12 3.05 2.97 2.88 2.77 2.64 2.48 2.29 2.09 1.88 1.64 1.39 1.13 0.85 0.55 0.25 0.00 0.00 0.00 0.00 0.00 0.00 0.00 0.00 0.00 0.00 0.00 0.00 0.00 0.00 0.00 0.00 0.00 0.00 0.00 0.00 0.05 0.12 0.18 0.23 0.26 0.27 0.28 0.27 0.26 0.25 0.24 0.23 0.22 0.20 0.19 0.17 0.16 0.14 0.13 0.11 0.10 0.08 0.07 0.06 0.04 0.03 0.02 0.01 0.00 0.00 0.00 0.00 0.00 0.01 0.05 0.11 0.20 0.30 0.42 0.54 0.68 0.81
2.89 2.92 2.93 2.93 2.92 2.90 2.86 2.82 2.77 2.70 2.61 2.48 2.34 2.17 1.98 1.78 1.56 1.32 1.06 0.80 0.52 0.22 0.00 0.00 0.00 0.00 0.00 0.00 0.00 0.00 0.00 0.00 0.00 0.00 0.00 0.00 0.00 0.00 0.00 0.00 0.00 0.00 0.05 0.12 0.18 0.22 0.25 0.26 0.27 0.26 0.25 0.24 0.23 0.22 0.21 0.19 0.18 0.16 0.15 0.13 0.12 0.10 0.09 0.08 0.06 0.05 0.04 0.03 0.02 0.01 0.00 0.00 0.00 0.00 0.00 0.01 0.05 0.12 0.21 0.32 0.44 0.57 0.71 0.86
2.52 2.56 2.58 2.60 2.61 2.61 2.60 2.58 2.55 2.49 2.41 2.31 2.18 2.03 1.86 1.66 1.46 1.23 0.99 0.74 0.47 0.20 0.00 0.00 0.00 0.00 0.00 0.00 0.00 0.00 0.00 0.00 0.00 0.00 0.00 0.00 0.00 0.00 0.00 0.00 0.00 0.00 0.05 0.11 0.17 0.21 0.24 0.25 0.25 0.25 0.24 0.23 0.22 0.21 0.20 0.18 0.17 0.15 0.14 0.12 0.11 0.10 0.08 0.07 0.06 0.05 0.04 0.03 0.02 0.01 0.00 0.00 0.00 0.00 0.00 0.01 0.05 0.13 0.22 0.33 0.46 0.60 0.75 0.91
2.15 2.20 2.25 2.28 2.30 2.32 2.33 2.33 2.31 2.26 2.19 2.10 1.99 1.86 1.71 1.54 1.34 1.14 0.91 0.68 0.43 0.17 0.00 0.00 0.00 0.00 0.00 0.00 0.00 0.00 0.00 0.00 0.00 0.00 0.00 0.00 0.00 0.00 0.00 0.00 0.00 0.00 0.04 0.11 0.16 0.20 0.23 0.24 0.24 0.24 0.23 0.22 0.21 0.20 0.18 0.17 0.16 0.14 0.13 0.11 0.10 0.09 0.08 0.07 0.05 0.04 0.03 0.03 0.02 0.01 0.00 0.00 0.00 0.00 0.00 0.01 0.06 0.13 0.23 0.35 0.48 0.63 0.79 0.96
1.80 1.86 1.91 1.96 2.00 2.03 2.06 2.06 2.04 2.01 1.95 1.88 1.79 1.67 1.54 1.39 1.22 1.03 0.83 0.61 0.38 0.14 0.00 0.00 0.00 0.00 0.00 0.00 0.00 0.00 0.00 0.00 0.00 0.00 0.00 0.00 0.00 0.00 0.00 0.00 0.00 0.00 0.04 0.10 0.15 0.19 0.21 0.23 0.23 0.22 0.21 0.20 0.19 0.18 0.17 0.16 0.14 0.13 0.12 0.11 0.09 0.08 0.07 0.06 0.05 0.04 0.03 0.02 0.02 0.01 0.00 0.00 0.00 0.00 0.00 0.01 0.06 0.14 0.24 0.36 0.50 0.66 0.83 0.99
1.46 1.53 1.59 1.65 1.70 1.74 1.77 1.77 1.77 1.74 1.70 1.64 1.56 1.47 1.36 1.23 1.08 0.91 0.73 0.54 0.33 0.11 0.00 0.00 0.00 0.00 0.00 0.00 0.00 0.00 0.00 0.00 0.00 0.00 0.00 0.00 0.00 0.00 0.00 0.00 0.00 0.00 0.03 0.09 0.14 0.18 0.20 0.21 0.22 0.21 0.20 0.19 0.18 0.17 0.16 0.15 0.13 0.12 0.11 0.10 0.09 0.07 0.06 0.05 0.04 0.04 0.03 0.02 0.01 0.01 0.00 0.00 0.00 0.00 0.00 0.01 0.06 0.14 0.25 0.38 0.53 0.69 0.85 1.01
1.14 1.21 1.28 1.34 1.40 1.44 1.47 1.48 1.48 1.46 1.43 1.38 1.32 1.25 1.15 1.04 0.92 0.78 0.62 0.45 0.27 0.07 0.00 0.00 0.00 0.00 0.00 0.00 0.00 0.00 0.00 0.00 0.00 0.00 0.00 0.00 0.00 0.00 0.00 0.00 0.00 0.00 0.03 0.09 0.13 0.17 0.19 0.20 0.20 0.20 0.19 0.18 0.17 0.16 0.15 0.13 0.12 0.11 0.10 0.09 0.08 0.07 0.06 0.05 0.04 0.03 0.02 0.02 0.01 0.01 0.00 0.00 0.00 0.00 0.00 0.01 0.07 0.15 0.26 0.39 0.55 0.71 0.86 1.01
0.83 0.90 0.98 1.04 1.09 1.13 1.16 1.18 1.18 1.17 1.15 1.12 1.07 1.01 0.94 0.85 0.75 0.64 0.51 0.36 0.20 0.03 0.00 0.00 0.00 0.00 0.00 0.00 0.00 0.00 0.00 0.00 0.00 0.00 0.00 0.00 0.00 0.00 0.00 0.00 0.00 0.00 0.03 0.08 0.12 0.15 0.18 0.19 0.19 0.18 0.17 0.17 0.16 0.14 0.13 0.12 0.11 0.10 0.09 0.08 0.07 0.06 0.05 0.04 0.04 0.03 0.02 0.02 0.01 0.00 0.00 0.00 0.00 0.00 0.00 0.01 0.07 0.16 0.27 0.41 0.56 0.70 0.85 1.00
0.54 0.61 0.68 0.74 0.79 0.82 0.85 0.87 0.88 0.88 0.87 0.85 0.81 0.77 0.72 0.65 0.57 0.48 0.38 0.26 0.13 0.00 0.00 0.00 0.00 0.00 0.00 0.00 0.00 0.00 0.00 0.00 0.00 0.00 0.00 0.00 0.00 0.00 0.00 0.00 0.00 0.00 0.04 0.07 0.11 0.14 0.16 0.17 0.17 0.17 0.16 0.15 0.14 0.13 0.12 0.11 0.10 0.09 0.08 0.07 0.06 0.06 0.05 0.04 0.03 0.03 0.02 0.01 0.01 0.00 0.00 0.00 0.00 0.00 0.00 0.02 0.07 0.16 0.28 0.41 0.55 0.69 0.82 0.96
0.27 0.33 0.39 0.44 0.48 0.52 0.55 0.57 0.58 0.59 0.59 0.57 0.55 0.52 0.49 0.44 0.38 0.32 0.24 0.15 0.06 0.00 0.00 0.00 0.00 0.00 0.00 0.00 0.00 0.00 0.00 0.00 0.00 0.00 0.00 0.00 0.00 0.00 0.00 0.00 0.00 0.01 0.04 0.07 0.10 0.13 0.15 0.16 0.16 0.15 0.15 0.14 0.13 0.12 0.11 0.10 0.09 0.08 0.08 0.07 0.06 0.05 0.04 0.04 0.03 0.02 0.02 0.01 0.01 0.00 0.00 0.00 0.00 0.00 0.00 0.02 0.08 0.17 0.28 0.40 0.52 0.65 0.78 0.91
0.01 0.06 0.11 0.15 0.19 0.22 0.25 0.27 0.29 0.30 0.30 0.30 0.29 0.28 0.26 0.23 0.19 0.15 0.10 0.04 0.00 0.00 0.00 0.00 0.00 0.00 0.00 0.00 0.00 0.00 0.00 0.00 0.00 0.00 0.00 0.00 0.00 0.00 0.00 0.00 0.00 0.02 0.05 0.08 0.10 0.12 0.14 0.14 0.15 0.14 0.13 0.13 0.12 0.11 0.10 0.09 0.08 0.08 0.07 0.06 0.05 0.05 0.04 0.03 0.03 0.02 0.01 0.01 0.00 0.00 0.00 0.00 0.00 0.00 0.00 0.02 0.08 0.16 0.26 0.36 0.47 0.59 0.71 0.83
0.00 0.00 0.00 0.00 0.00 0.00 0.00 0.00 0.00 0.02 0.03 0.03 0.04 0.04 0.03 0.02 0.00 0.00 0.00 0.00 0.00 0.00 0.00 0.00 0.00 0.00 0.00 0.00 0.00 0.00 0.00 0.00 0.00 0.00 0.00 0.00 0.00 0.00 0.00 0.00 0.00 0.03 0.06 0.08 0.10 0.11 0.12 0.13 0.13 0.13 0.12 0.11 0.11 0.10 0.09 0.08 0.08 0.07 0.06 0.06 0.05 0.04 0.04 0.03 0.02 0.02 0.01 0.01 0.00 0.00 0.00 0.00 0.00 0.00 0.00 0.02 0.07 0.13 0.21 0.30 0.40 0.51 0.62 0.74
0.00 0.00 0.00 0.00 0.00 0.00 0.00 0.00 0.00 0.00 0.00 0.00 0.00 0.00 0.00 0.00 0.00 0.00 0.00 0.00 0.00 0.00 0.00 0.00 0.00 0.00 0.00 0.00 0.00 0.00 0.00 0.00 0.00 0.00 0.00 0.00 0.00 0.00 0.00 0.00 0.01 0.03 0.06 0.08 0.09 0.11 0.12 0.12 0.12 0.11 0.11 0.10 0.10 0.09 0.08 0.08 0.07 0.06 0.06 0.05 0.04 0.04 0.03 0.03 0.02 0.02 0.01 0.01 0.00 0.00 0.00 0.00 0.00 0.00 0.00 0.01 0.04 0.09 0.15 0.23 0.31 0.41 0.51 0.62
0.00 0.00 0.00 0.00 0.00 0.00 0.00 0.00 0.00 0.00 0.00 0.00 0.00 0.00 0.00 0.00 0.00 0.00 0.00 0.00 0.00 0.00 0.00 0.00 0.00 0.00 0.00 0.00 0.00 0.00 0.00 0.00 0.00 0.00 0.00 0.00 0.00 0.00 0.00 0.00 0.01 0.03 0.06 0.07 0.09 0.10 0.11 0.11 0.11 0.10 0.09 0.09 0.09 0.08 0.07 0.07 0.06 0.06 0.05 0.05 0.04 0.04 0.03 0.02 0.02 0.01 0.01 0.01 0.00 0.00 0.00 0.00 0.00 0.00 0.00 0.00 0.01 0.04 0.08 0.15 0.22 0.31 0.40 0.50
0.00 0.00 0.00 0.00 0.00 0.00 0.00 0.00 0.00 0.00 0.00 0.00 0.00 0.00 0.00 0.00 0.00 0.00 0.00 0.00 0.00 0.00 0.00 0.00 0.00 0.00 0.00 0.00 0.00 0.00 0.00 0.00 0.00 0.00 0.00 0.00 0.00 0.00 0.00 0.00 0.01 0.04 0.06 0.07 0.09 0.10 0.10 0.10 0.10 0.09 0.08 0.08 0.07 0.07 0.07 0.06 0.06 0.05 0.05 0.04 0.04 0.03 0.03 0.02 0.02 0.01 0.01 0.01 0.00 0.00 0.00 0.00 0.00 0.00 0.00 0.00 0.00 0.01 0.04 0.08 0.14 0.21 0.30 0.39
0.00 0.00 0.00 0.00 0.00 0.00 0.00 0.00 0.00 0.00 0.00 0.00 0.00 0.00 0.00 0.00 0.00 0.00 0.00 0.00 0.00 0.00 0.00 0.00 0.00 0.00 0.00 0.00 0.00 0.00 0.00 0.00 0.00 0.00 0.00 0.00 0.00 0.00 0.00 0.00 0.02 0.04 0.06 0.08 0.09 0.10 0.10 0.10 0.09 0.08 0.07 0.07 0.06 0.06 0.06 0.05 0.05 0.04 0.04 0.04 0.03 0.03 0.02 0.02 0.02 0.01 0.01 0.01 0.00 0.00 0.00 0.00 0.00 0.00 0.00 0.00 0.00 0.00 0.00 0.03 0.08 0.14 0.21 0.29
0.00 0.00 0.00 0.00 0.00 0.00 0.00 0.00 0.00 0.00 0.00 0.00 0.00 0.00 0.00 0.00 0.00 0.00 0.00 0.00 0.00 0.00 0.00 0.00 0.00 0.00 0.00 0.00 0.00 0.00 0.00 0.00 0.00 0.00 0.00 0.00 0.00 0.00 0.00 0.00 0.02 0.05 0.06 0.08 0.09 0.10 0.10 0.10 0.09 0.07 0.06 0.06 0.05 0.05 0.05 0.04 0.04 0.04 0.03 0.03 0.03 0.02 0.02 0.02 0.01 0.01 0.01 0.00 0.00 0.00 0.00 0.00 0.00 0.00 0.00 0.00 0.00 0.00 0.00 0.00 0.03 0.08 0.13 0.20
0.00 0.00 0.00 0.00 0.00 0.00 0.00 0.00 0.00 0.00 0.00 0.00 0.00 0.00 0.00 0.00 0.00 0.00 0.00 0.00 0.00 0.00 0.00 0.00 0.00 0.00 0.00 0.00 0.00 0.00 0.00 0.00 0.00 0.00 0.00 0.00 0.00 0.00 0.00 0.01 0.03 0.05 0.07 0.09 0.10 0.10 0.10 0.10 0.08 0.07 0.06 0.05 0.04 0.04 0.04 0.03 0.03 0.03 0.03 0.03 0.02 0.02 0.02 0.01 0.01 0.01 0.01 0.00 0.00 0.00 0.00 0.00 0.00 0.00 0.00 0.00 0.00 0.00 0.00 0.00 0.00 0.03 0.07 0.13
0.00 0.00 0.00 0.00 0.00 0.00 0.00 0.00 0.00 0.00 0.00 0.00 0.00 0.00 0.00 0.00 0.00 0.00 0.00 0.00 0.00 0.00 0.00 0.00 0.00 0.00 0.00 0.00 0.00 0.00 0.00 0.00 0.00 0.00 0.00 0.00 0.00 0.00 0.00 0.02 0.04 0.06 0.08 0.09 0.10 0.11 0.10 0.10 0.08 0.07 0.05 0.04 0.03 0.03 0.03 0.03 0.02 0.02 0.02 0.02 0.02 0.02 0.01 0.01 0.01 0.01 0.01 0.01 0.00 0.00 0.00 0.00 0.00 0.00 0.00 0.00 0.00 0.00 0.00 0.00 0.00 0.00 0.03 0.07
0.00 0.00 0.00 0.00 0.00 0.00 0.00 0.00 0.00 0.00 0.00 0.00 0.00 0.00 0.00 0.00 0.00 0.00 0.00 0.00 0.00 0.00 0.00 0.00 0.00 0.00 0.00 0.00 0.00 0.00 0.00 0.00 0.00 0.00 0.00 0.00 0.00 0.00 0.01 0.03 0.05 0.07 0.09 0.10 0.11 0.11 0.11 0.10 0.08 0.07 0.05 0.04 0.03 0.02 0.02 0.02 0.02 0.02 0.02 0.02 0.01 0.01 0.01 0.01 0.01 0.01 0.01 0.01 0.00 0.00 0.00 0.00 0.00 0.00 0.00 0.00 0.00 0.00 0.00 0.00 0.00 0.00 0.00 0.03
