data_processed/recharge/precip/Precip_2002_03.asc
ncols        168
nrows        136
xllcorner    455000
yllcorner    2107000
cellsize     500
NODATA_value     -99999
[rows 0 to 35 of 136, columns 81 to 161 of 168]
3.12 3.10 3.07 3.05 3.03 3.00 2.99 2.97 2.95 2.93 2.92 2.91 2.89 2.88 2.87 2.86 2.85 2.84 2.84 2.84 2.86 2.89 2.93 2.98 3.04 3.11 3.19 3.27 3.37 3.48 3.60 3.72 3.85 3.99 4.14 4.30 4.47 4.64 4.82 5.01 5.21 5.41 5.62 5.83 6.05 6.28 6.50 6.74 6.97 7.22 7.46 7.71 7.95 8.21 8.46 8.73 9.00 9.27 9.55 9.83 10.12 10.40 10.68 10.95 11.22 11.48 11.73 11.98 12.21 12.43 12.63 12.82 12.99 13.14 13.27 13.37 13.46 13.51 13.53 13.53 13.49
3.15 3.12 3.09 3.06 3.04 3.01 2.99 2.97 2.95 2.93 2.92 2.90 2.89 2.87 2.86 2.85 2.84 2.83 2.82 2.82 2.82 2.84 2.86 2.90 2.95 3.02 3.09 3.17 3.26 3.36 3.47 3.59 3.72 3.86 4.01 4.17 4.33 4.51 4.69 4.88 5.08 5.28 5.50 5.71 5.94 6.17 6.40 6.64 6.88 7.13 7.38 7.64 7.90 8.16 8.42 8.70 8.98 9.26 9.55 9.84 10.13 10.42 10.71 10.99 11.26 11.53 11.79 12.04 12.27 12.50 12.70 12.89 13.07 13.22 13.35 13.46 13.55 13.60 13.63 13.63 13.59
3.17 3.13 3.10 3.07 3.05 3.02 3.00 2.97 2.95 2.93 2.91 2.90 2.88 2.87 2.85 2.84 2.83 2.82 2.81 2.80 2.79 2.80 2.82 2.84 2.88 2.94 3.00 3.07 3.16 3.25 3.36 3.47 3.60 3.73 3.88 4.04 4.20 4.38 4.56 4.75 4.95 5.16 5.37 5.59 5.82 6.05 6.29 6.54 6.79 7.04 7.30 7.56 7.83 8.10 8.37 8.66 8.95 9.24 9.53 9.83 10.13 10.42 10.71 11.00 11.28 11.56 11.82 12.07 12.31 12.54 12.75 12.94 13.12 13.27 13.41 13.52 13.61 13.67 13.70 13.70 13.66
3.19 3.15 3.12 3.09 3.06 3.03 3.00 2.98 2.96 2.93 2.91 2.89 2.88 2.86 2.85 2.83 2.82 2.81 2.80 2.79 2.78 2.77 2.78 2.79 2.82 2.87 2.92 2.98 3.06 3.15 3.25 3.36 3.48 3.61 3.76 3.91 4.07 4.25 4.43 4.62 4.82 5.03 5.24 5.47 5.70 5.93 6.18 6.43 6.68 6.94 7.21 7.48 7.75 8.03 8.31 8.60 8.90 9.20 9.50 9.80 10.11 10.41 10.71 11.00 11.28 11.56 11.83 12.08 12.33 12.56 12.77 12.97 13.14 13.30 13.44 13.55 13.64 13.70 13.73 13.73 13.70
3.21 3.17 3.14 3.10 3.07 3.04 3.01 2.98 2.96 2.94 2.91 2.89 2.87 2.86 2.84 2.82 2.81 2.80 2.79 2.78 2.77 2.76 2.75 2.76 2.78 2.81 2.85 2.91 2.97 3.05 3.15 3.25 3.37 3.50 3.64 3.79 3.95 4.12 4.30 4.49 4.69 4.90 5.11 5.34 5.57 5.81 6.06 6.31 6.57 6.83 7.11 7.38 7.66 7.95 8.24 8.54 8.84 9.15 9.45 9.76 10.07 10.38 10.68 10.98 11.27 11.55 11.82 12.08 12.32 12.55 12.77 12.97 13.15 13.30 13.44 13.55 13.64 13.70 13.73 13.73 13.70
3.24 3.20 3.16 3.12 3.08 3.05 3.02 2.99 2.96 2.94 2.91 2.89 2.87 2.85 2.84 2.82 2.80 2.79 2.78 2.77 2.76 2.75 2.74 2.73 2.74 2.76 2.79 2.84 2.90 2.97 3.06 3.16 3.27 3.39 3.53 3.67 3.83 4.00 4.18 4.36 4.56 4.77 4.99 5.21 5.45 5.69 5.94 6.19 6.45 6.72 7.00 7.28 7.57 7.86 8.16 8.46 8.77 9.08 9.39 9.71 10.02 10.33 10.64 10.94 11.23 11.51 11.79 12.05 12.30 12.53 12.74 12.94 13.12 13.28 13.41 13.52 13.61 13.67 13.70 13.69 13.66
3.26 3.22 3.18 3.14 3.10 3.06 3.03 3.00 2.97 2.94 2.92 2.89 2.87 2.85 2.83 2.82 2.80 2.78 2.77 2.76 2.75 2.74 2.73 2.72 2.72 2.73 2.75 2.78 2.83 2.90 2.98 3.07 3.17 3.29 3.42 3.56 3.72 3.88 4.06 4.24 4.44 4.64 4.86 5.08 5.32 5.56 5.81 6.07 6.33 6.61 6.89 7.17 7.46 7.76 8.06 8.37 8.69 9.00 9.32 9.64 9.96 10.27 10.58 10.88 11.18 11.46 11.74 12.00 12.25 12.48 12.70 12.89 13.07 13.23 13.36 13.47 13.55 13.61 13.64 13.63 13.60
3.29 3.24 3.20 3.15 3.11 3.08 3.04 3.01 2.98 2.95 2.92 2.90 2.87 2.85 2.83 2.81 2.80 2.78 2.77 2.75 2.74 2.73 2.72 2.72 2.71 2.71 2.72 2.74 2.78 2.84 2.91 2.99 3.09 3.20 3.32 3.46 3.61 3.77 3.94 4.12 4.32 4.52 4.73 4.96 5.19 5.43 5.68 5.94 6.21 6.49 6.77 7.06 7.35 7.66 7.96 8.28 8.60 8.92 9.24 9.56 9.88 10.20 10.51 10.81 11.11 11.39 11.67 11.93 12.18 12.41 12.63 12.83 13.00 13.16 13.29 13.39 13.47 13.53 13.55 13.54 13.50
3.31 3.26 3.22 3.17 3.13 3.09 3.05 3.02 2.99 2.96 2.93 2.90 2.88 2.85 2.83 2.81 2.79 2.78 2.76 2.75 2.74 2.73 2.72 2.71 2.71 2.70 2.70 2.72 2.75 2.79 2.85 2.93 3.02 3.12 3.24 3.37 3.51 3.66 3.83 4.01 4.20 4.40 4.61 4.83 5.06 5.31 5.56 5.82 6.09 6.36 6.65 6.94 7.24 7.55 7.86 8.18 8.50 8.82 9.15 9.47 9.79 10.11 10.42 10.73 11.02 11.31 11.58 11.85 12.09 12.33 12.54 12.73 12.91 13.06 13.19 13.29 13.37 13.42 13.44 13.42 13.38
3.34 3.29 3.24 3.19 3.15 3.11 3.07 3.03 3.00 2.96 2.93 2.91 2.88 2.85 2.83 2.81 2.79 2.78 2.76 2.75 2.74 2.73 2.72 2.71 2.70 2.70 2.70 2.71 2.73 2.76 2.81 2.88 2.96 3.05 3.16 3.28 3.42 3.57 3.73 3.90 4.09 4.28 4.49 4.71 4.94 5.18 5.43 5.69 5.96 6.24 6.52 6.82 7.12 7.43 7.74 8.07 8.39 8.72 9.04 9.37 9.69 10.01 10.32 10.63 10.92 11.21 11.48 11.74 11.99 12.22 12.43 12.62 12.80 12.94 13.07 13.17 13.24 13.28 13.30 13.28 13.23
3.37 3.31 3.26 3.21 3.17 3.12 3.08 3.04 3.01 2.97 2.94 2.91 2.88 2.86 2.84 2.81 2.80 2.78 2.76 2.75 2.74 2.73 2.72 2.71 2.71 2.71 2.71 2.71 2.72 2.75 2.78 2.84 2.91 2.99 3.09 3.21 3.34 3.48 3.63 3.80 3.98 4.17 4.38 4.59 4.82 5.06 5.31 5.56 5.83 6.11 6.40 6.69 7.00 7.31 7.63 7.95 8.28 8.60 8.93 9.26 9.58 9.90 10.21 10.52 10.81 11.10 11.37 11.63 11.87 12.10 12.31 12.49 12.66 12.81 12.93 13.02 13.09 13.12 13.13 13.11 13.07
3.40 3.34 3.29 3.23 3.19 3.14 3.10 3.06 3.02 2.98 2.95 2.92 2.89 2.87 2.84 2.82 2.80 2.78 2.76 2.75 2.74 2.73 2.72 2.72 2.71 2.71 2.72 2.72 2.73 2.75 2.77 2.82 2.88 2.95 3.04 3.15 3.26 3.40 3.55 3.71 3.88 4.07 4.27 4.48 4.70 4.94 5.18 5.44 5.71 5.98 6.27 6.56 6.87 7.18 7.50 7.83 8.15 8.48 8.81 9.14 9.46 9.78 10.09 10.39 10.69 10.97 11.24 11.49 11.73 11.96 12.16 12.35 12.51 12.65 12.76 12.85 12.91 12.94 12.94 12.93 12.91
3.43 3.37 3.31 3.26 3.21 3.16 3.11 3.07 3.03 3.00 2.96 2.93 2.90 2.87 2.85 2.82 2.80 2.79 2.77 2.75 2.74 2.73 2.73 2.72 2.72 2.72 2.73 2.74 2.75 2.76 2.78 2.81 2.86 2.92 3.00 3.09 3.20 3.33 3.47 3.62 3.79 3.97 4.16 4.37 4.59 4.82 5.06 5.32 5.58 5.86 6.14 6.44 6.74 7.06 7.38 7.70 8.03 8.36 8.68 9.01 9.33 9.65 9.96 10.26 10.55 10.83 11.09 11.35 11.58 11.80 12.00 12.18 12.34 12.47 12.58 12.66 12.71 12.74 12.75 12.75 12.74
3.46 3.40 3.34 3.28 3.23 3.18 3.13 3.09 3.05 3.01 2.97 2.94 2.91 2.88 2.86 2.83 2.81 2.79 2.78 2.76 2.75 2.74 2.74 2.73 2.73 2.74 2.74 2.75 2.76 2.78 2.79 2.82 2.85 2.90 2.97 3.06 3.16 3.27 3.40 3.55 3.71 3.88 4.07 4.27 4.48 4.71 4.95 5.20 5.46 5.73 6.01 6.31 6.61 6.93 7.25 7.57 7.90 8.23 8.55 8.88 9.20 9.51 9.82 10.11 10.40 10.68 10.94 11.19 11.42 11.63 11.82 12.00 12.15 12.27 12.38 12.45 12.50 12.53 12.56 12.57 12.58
3.49 3.43 3.36 3.31 3.25 3.20 3.15 3.11 3.06 3.03 2.99 2.95 2.92 2.89 2.87 2.84 2.82 2.80 2.78 2.77 2.76 2.75 2.75 2.75 2.75 2.75 2.76 2.77 2.78 2.80 2.82 2.84 2.86 2.90 2.96 3.03 3.12 3.23 3.35 3.48 3.63 3.80 3.98 4.17 4.38 4.60 4.83 5.08 5.34 5.61 5.89 6.18 6.48 6.80 7.12 7.44 7.77 8.09 8.41 8.74 9.05 9.36 9.67 9.96 10.24 10.51 10.77 11.01 11.24 11.45 11.63 11.80 11.94 12.06 12.16 12.22 12.28 12.32 12.36 12.39 12.42
3.52 3.46 3.39 3.33 3.28 3.22 3.17 3.13 3.08 3.04 3.00 2.97 2.94 2.91 2.88 2.85 2.83 2.81 2.80 2.78 2.77 2.77 2.76 2.76 2.77 2.77 2.78 2.79 2.81 2.82 2.84 2.86 2.89 2.92 2.96 3.02 3.10 3.19 3.30 3.43 3.57 3.73 3.90 4.09 4.29 4.50 4.73 4.97 5.22 5.49 5.76 6.05 6.35 6.67 6.98 7.31 7.63 7.95 8.27 8.59 8.90 9.21 9.51 9.80 10.08 10.34 10.59 10.83 11.05 11.25 11.43 11.59 11.72 11.83 11.92 11.99 12.06 12.12 12.17 12.22 12.25
3.56 3.49 3.42 3.36 3.30 3.25 3.20 3.15 3.10 3.06 3.02 2.99 2.95 2.92 2.89 2.87 2.85 2.83 2.81 2.80 2.79 2.78 2.78 2.78 2.79 2.79 2.80 2.82 2.83 2.85 2.87 2.89 2.92 2.95 2.98 3.03 3.09 3.18 3.27 3.39 3.52 3.67 3.83 4.01 4.20 4.41 4.63 4.86 5.11 5.37 5.64 5.93 6.23 6.54 6.85 7.17 7.49 7.81 8.13 8.44 8.75 9.05 9.34 9.63 9.90 10.16 10.40 10.63 10.85 11.04 11.21 11.36 11.49 11.59 11.68 11.77 11.85 11.92 11.98 12.04 12.09
3.59 3.52 3.45 3.39 3.33 3.27 3.22 3.17 3.12 3.08 3.04 3.00 2.97 2.94 2.91 2.88 2.86 2.84 2.83 2.82 2.81 2.80 2.80 2.80 2.81 2.82 2.83 2.84 2.86 2.88 2.90 2.92 2.95 2.98 3.01 3.05 3.10 3.17 3.26 3.36 3.48 3.62 3.77 3.94 4.13 4.32 4.54 4.76 5.01 5.26 5.53 5.81 6.10 6.41 6.72 7.04 7.35 7.67 7.98 8.29 8.59 8.89 9.18 9.45 9.72 9.97 10.21 10.43 10.63 10.82 10.98 11.12 11.24 11.35 11.45 11.55 11.64 11.72 11.80 11.87 11.93
3.63 3.55 3.49 3.42 3.36 3.30 3.25 3.20 3.15 3.10 3.06 3.02 2.99 2.96 2.93 2.90 2.88 2.86 2.85 2.84 2.83 2.83 2.83 2.83 2.83 2.84 2.86 2.87 2.89 2.91 2.93 2.96 2.99 3.02 3.05 3.09 3.13 3.18 3.26 3.35 3.46 3.58 3.73 3.88 4.06 4.25 4.45 4.67 4.91 5.16 5.42 5.69 5.98 6.28 6.59 6.90 7.21 7.52 7.83 8.13 8.43 8.72 9.00 9.27 9.53 9.77 10.00 10.21 10.41 10.58 10.74 10.87 10.99 11.11 11.22 11.33 11.43 11.53 11.61 11.70 11.77
3.66 3.59 3.52 3.45 3.39 3.33 3.27 3.22 3.17 3.13 3.08 3.04 3.01 2.98 2.95 2.92 2.90 2.89 2.87 2.86 2.86 2.85 2.85 2.86 2.86 2.87 2.88 2.90 2.92 2.94 2.97 2.99 3.02 3.05 3.09 3.13 3.17 3.21 3.27 3.35 3.45 3.56 3.69 3.84 4.00 4.18 4.38 4.59 4.82 5.06 5.31 5.58 5.86 6.16 6.47 6.77 7.08 7.38 7.68 7.98 8.27 8.55 8.82 9.09 9.33 9.57 9.79 9.99 10.18 10.34 10.49 10.62 10.75 10.88 11.00 11.12 11.23 11.34 11.43 11.53 11.61
3.70 3.63 3.55 3.49 3.42 3.36 3.30 3.25 3.20 3.15 3.11 3.07 3.03 3.00 2.97 2.95 2.93 2.91 2.90 2.89 2.88 2.88 2.88 2.88 2.89 2.90 2.92 2.93 2.95 2.98 3.00 3.03 3.06 3.09 3.13 3.17 3.21 3.25 3.30 3.37 3.45 3.55 3.67 3.81 3.96 4.13 4.32 4.52 4.73 4.97 5.21 5.48 5.75 6.04 6.34 6.64 6.94 7.24 7.53 7.82 8.10 8.38 8.64 8.90 9.14 9.36 9.57 9.76 9.94 10.09 10.24 10.38 10.52 10.66 10.79 10.91 11.04 11.15 11.26 11.36 11.46
3.74 3.67 3.59 3.52 3.45 3.39 3.33 3.28 3.23 3.18 3.14 3.09 3.06 3.03 3.00 2.97 2.95 2.94 2.92 2.92 2.91 2.91 2.91 2.91 2.92 2.93 2.95 2.97 2.99 3.01 3.04 3.07 3.10 3.14 3.17 3.21 3.26 3.30 3.35 3.40 3.47 3.56 3.66 3.79 3.93 4.09 4.26 4.45 4.66 4.89 5.12 5.38 5.65 5.93 6.22 6.52 6.81 7.10 7.39 7.67 7.94 8.20 8.46 8.70 8.93 9.15 9.35 9.53 9.69 9.85 10.00 10.15 10.30 10.44 10.58 10.72 10.85 10.97 11.09 11.21 11.31
3.79 3.71 3.63 3.56 3.49 3.43 3.37 3.31 3.26 3.21 3.16 3.12 3.09 3.06 3.03 3.00 2.98 2.97 2.95 2.95 2.94 2.94 2.94 2.95 2.96 2.97 2.98 3.00 3.03 3.05 3.08 3.11 3.14 3.18 3.22 3.26 3.30 3.35 3.40 3.45 3.51 3.58 3.67 3.78 3.91 4.06 4.22 4.40 4.60 4.81 5.04 5.29 5.55 5.83 6.11 6.40 6.68 6.96 7.24 7.51 7.78 8.03 8.28 8.51 8.73 8.93 9.12 9.29 9.46 9.62 9.78 9.93 10.09 10.24 10.39 10.53 10.67 10.80 10.93 11.05 11.17
3.83 3.75 3.67 3.60 3.53 3.46 3.40 3.34 3.29 3.24 3.19 3.15 3.12 3.09 3.06 3.03 3.01 3.00 2.99 2.98 2.97 2.97 2.98 2.98 2.99 3.01 3.02 3.04 3.06 3.09 3.12 3.15 3.19 3.22 3.26 3.31 3.35 3.40 3.45 3.50 3.56 3.62 3.70 3.79 3.91 4.04 4.19 4.36 4.55 4.75 4.97 5.21 5.46 5.73 6.00 6.28 6.56 6.83 7.10 7.36 7.61 7.86 8.09 8.31 8.52 8.71 8.89 9.06 9.23 9.40 9.56 9.73 9.89 10.04 10.20 10.35 10.49 10.64 10.77 10.90 11.03
3.87 3.79 3.71 3.63 3.56 3.50 3.44 3.38 3.32 3.27 3.23 3.19 3.15 3.12 3.09 3.07 3.05 3.03 3.02 3.01 3.01 3.01 3.01 3.02 3.03 3.04 3.06 3.08 3.10 3.13 3.16 3.19 3.23 3.27 3.31 3.35 3.40 3.45 3.50 3.56 3.61 3.67 3.74 3.82 3.92 4.04 4.18 4.33 4.51 4.70 4.91 5.14 5.38 5.64 5.90 6.17 6.44 6.70 6.96 7.21 7.45 7.69 7.91 8.12 8.31 8.49 8.67 8.84 9.02 9.19 9.36 9.53 9.70 9.86 10.02 10.18 10.33 10.48 10.62 10.76 10.90
3.92 3.83 3.75 3.68 3.60 3.54 3.47 3.41 3.36 3.31 3.26 3.22 3.19 3.16 3.13 3.10 3.08 3.07 3.06 3.05 3.05 3.05 3.05 3.06 3.07 3.08 3.10 3.12 3.15 3.17 3.20 3.24 3.27 3.31 3.36 3.40 3.45 3.50 3.56 3.61 3.67 3.73 3.79 3.86 3.95 4.05 4.18 4.32 4.48 4.66 4.86 5.07 5.31 5.55 5.81 6.07 6.33 6.58 6.82 7.06 7.30 7.52 7.73 7.92 8.11 8.28 8.46 8.64 8.82 9.00 9.17 9.35 9.52 9.69 9.85 10.02 10.18 10.33 10.48 10.63 10.77
3.97 3.88 3.80 3.72 3.65 3.58 3.51 3.45 3.40 3.35 3.30 3.26 3.22 3.19 3.16 3.14 3.12 3.11 3.09 3.09 3.08 3.08 3.09 3.10 3.11 3.12 3.14 3.16 3.19 3.22 3.25 3.28 3.32 3.36 3.41 3.45 3.50 3.55 3.61 3.67 3.73 3.79 3.85 3.92 3.99 4.08 4.19 4.32 4.47 4.64 4.82 5.02 5.24 5.48 5.73 5.98 6.22 6.46 6.70 6.92 7.14 7.35 7.55 7.73 7.91 8.09 8.27 8.45 8.64 8.82 9.00 9.17 9.35 9.52 9.70 9.86 10.03 10.19 10.35 10.50 10.65
4.02 3.93 3.84 3.76 3.69 3.62 3.55 3.49 3.44 3.39 3.34 3.30 3.26 3.23 3.20 3.18 3.16 3.15 3.13 3.13 3.12 3.12 3.13 3.14 3.15 3.16 3.18 3.21 3.23 3.26 3.29 3.33 3.37 3.41 3.46 3.50 3.55 3.61 3.66 3.72 3.78 3.85 3.91 3.98 4.05 4.13 4.23 4.34 4.47 4.62 4.80 4.99 5.19 5.42 5.66 5.89 6.13 6.35 6.57 6.79 6.99 7.19 7.37 7.55 7.73 7.92 8.10 8.28 8.47 8.65 8.83 9.01 9.19 9.37 9.55 9.72 9.89 10.06 10.22 10.38 10.54
4.07 3.98 3.89 3.81 3.73 3.66 3.60 3.54 3.48 3.43 3.38 3.34 3.31 3.27 3.25 3.22 3.20 3.19 3.18 3.17 3.17 3.17 3.17 3.18 3.19 3.21 3.23 3.25 3.28 3.31 3.34 3.38 3.42 3.46 3.51 3.55 3.61 3.66 3.72 3.78 3.84 3.91 3.98 4.05 4.12 4.19 4.27 4.37 4.49 4.63 4.79 4.96 5.16 5.37 5.60 5.82 6.04 6.25 6.46 6.66 6.85 7.03 7.21 7.39 7.57 7.76 7.94 8.13 8.31 8.50 8.69 8.87 9.05 9.24 9.42 9.59 9.77 9.94 10.11 10.28 10.44
4.12 4.03 3.94 3.86 3.78 3.71 3.64 3.58 3.53 3.48 3.43 3.39 3.35 3.32 3.29 3.26 3.24 3.23 3.22 3.21 3.21 3.21 3.21 3.22 3.24 3.25 3.27 3.30 3.32 3.35 3.39 3.43 3.47 3.51 3.56 3.61 3.66 3.72 3.77 3.84 3.90 3.97 4.04 4.11 4.18 4.26 4.34 4.42 4.52 4.65 4.79 4.95 5.13 5.33 5.55 5.75 5.96 6.16 6.35 6.54 6.72 6.89 7.07 7.25 7.43 7.62 7.80 7.99 8.18 8.37 8.55 8.74 8.93 9.11 9.29 9.48 9.66 9.83 10.01 10.18 10.34
4.17 4.08 3.99 3.91 3.83 3.76 3.69 3.63 3.57 3.52 3.47 3.43 3.39 3.36 3.33 3.31 3.29 3.27 3.26 3.25 3.25 3.25 3.26 3.27 3.28 3.30 3.32 3.34 3.37 3.40 3.44 3.47 3.52 3.56 3.61 3.66 3.71 3.77 3.83 3.89 3.96 4.03 4.10 4.17 4.25 4.32 4.40 4.49 4.58 4.68 4.81 4.96 5.12 5.31 5.51 5.70 5.89 6.08 6.26 6.43 6.60 6.77 6.95 7.13 7.31 7.50 7.68 7.87 8.06 8.25 8.44 8.62 8.81 9.00 9.19 9.37 9.55 9.73 9.91 10.09 10.26
4.23 4.13 4.05 3.96 3.88 3.81 3.74 3.68 3.62 3.57 3.52 3.48 3.44 3.41 3.38 3.35 3.33 3.32 3.31 3.30 3.30 3.30 3.30 3.31 3.33 3.34 3.36 3.39 3.42 3.45 3.48 3.52 3.57 3.61 3.66 3.71 3.77 3.82 3.89 3.95 4.02 4.09 4.16 4.23 4.31 4.39 4.47 4.56 4.64 4.74 4.85 4.98 5.13 5.30 5.48 5.66 5.84 6.01 6.17 6.34 6.51 6.68 6.85 7.03 7.21 7.40 7.58 7.77 7.96 8.15 8.34 8.53 8.72 8.90 9.09 9.28 9.46 9.65 9.83 10.01 10.18
4.29 4.19 4.10 4.02 3.94 3.86 3.79 3.73 3.67 3.62 3.57 3.53 3.49 3.45 3.42 3.40 3.38 3.36 3.35 3.35 3.34 3.34 3.35 3.36 3.37 3.39 3.41 3.44 3.47 3.50 3.53 3.57 3.62 3.66 3.71 3.76 3.82 3.88 3.94 4.01 4.07 4.14 4.22 4.29 4.37 4.45 4.54 4.62 4.71 4.80 4.90 5.01 5.15 5.31 5.47 5.64 5.80 5.95 6.11 6.27 6.43 6.60 6.78 6.95 7.13 7.31 7.50 7.68 7.87 8.06 8.25 8.44 8.63 8.82 9.01 9.20 9.39 9.57 9.76 9.94 10.12
4.35 4.25 4.16 4.07 3.99 3.92 3.85 3.78 3.72 3.67 3.62 3.58 3.54 3.50 3.47 3.45 3.43 3.41 3.40 3.39 3.39 3.39 3.40 3.41 3.42 3.44 3.46 3.48 3.51 3.55 3.58 3.62 3.67 3.71 3.76 3.82 3.87 3.93 4.00 4.06 4.13 4.20 4.28 4.36 4.44 4.52 4.60 4.69 4.78 4.87 4.97 5.07 5.19 5.33 5.48 5.63 5.77 5.92 6.07 6.23 6.39 6.55 6.72 6.90 7.07 7.25 7.44 7.62 7.81 8.00 8.19 8.38 8.57 8.76 8.95 9.14 9.33 9.51 9.70 9.88 10.07
4.41 4.31 4.22 4.13 4.05 3.97 3.90 3.84 3.78 3.72 3.67 3.63 3.59 3.55 3.52 3.50 3.48 3.46 3.45 3.44 3.44 3.44 3.44 3.45 3.47 3.49 3.51 3.53 3.56 3.60 3.63 3.67 3.72 3.77 3.82 3.87 3.93 3.99 4.05 4.12 4.19 4.26 4.34 4.42 4.50 4.58 4.67 4.76 4.85 4.94 5.04 5.14 5.24 5.37 5.50 5.63 5.77 5.91 6.05 6.21 6.36 6.53 6.69 6.86 7.04 7.21 7.39 7.58 7.76 7.95 8.14 8.33 8.52 8.71 8.90 9.09 9.28 9.47 9.66 9.84 10.02
4.47 4.37 4.28 4.19 4.11 4.03 3.96 3.89 3.83 3.78 3.72 3.68 3.64 3.60 3.57 3.55 3.52 3.51 3.50 3.49 3.49 3.49 3.49 3.50 3.52 3.53 3.56 3.58 3.61 3.65 3.68 3.72 3.77 3.82 3.87 3.92 3.98 4.04 4.11 4.18 4.25 4.32 4.40 4.48 4.56 4.65 4.73 4.82 4.92 5.01 5.11 5.21 5.31 5.42 5.54 5.66 5.79 5.93 6.07 6.21 6.37 6.52 6.69 6.85 7.02 7.20 7.37 7.55 7.74 7.92 8.11 8.30 8.49 8.68 8.87 9.06 9.25 9.44 9.62 9.81 10.00
