data_processed/recharge/precip/Precip_1997_07.asc
ncols        168
nrows        136
xllcorner    455000
yllcorner    2107000
cellsize     500
NODATA_value     -99999
[rows 96 to 127 of 136, columns 72 to 143 of 168]
141.53 136.26 131.19 126.30 121.57 117.02 112.62 108.37 104.27 100.30 96.46 92.75 89.13 85.50 81.86 78.63 76.04 74.13 72.88 72.29 72.36 73.07 74.42 76.41 79.04 82.29 85.80 88.54 90.29 91.18 91.31 90.78 89.71 88.20 86.35 84.29 82.10 79.94 78.17 77.21 77.18 78.05 79.72 82.11 85.10 88.61 92.52 96.75 101.18 105.73 110.30 114.79 119.21 123.58 127.83 131.94 135.86 139.56 142.98 146.09 148.86 151.23 153.16 154.54 155.20 154.98 153.79 151.68 148.75 145.10 140.84 136.08
144.56 139.42 134.49 129.74 125.16 120.74 116.49 112.38 108.43 104.61 100.92 97.33 93.73 90.02 86.21 82.43 79.08 76.44 74.52 73.31 72.81 73.00 73.90 75.48 77.75 80.70 83.97 86.46 87.97 88.62 88.52 87.76 86.45 84.71 82.65 80.36 77.98 75.93 74.64 74.19 74.57 75.78 77.78 80.46 83.74 87.50 91.66 96.11 100.75 105.48 110.20 114.84 119.40 123.88 128.25 132.46 136.48 140.26 143.76 146.93 149.75 152.17 154.05 155.23 155.67 155.40 154.34 152.39 149.59 146.07 141.92 137.24
147.65 142.66 137.88 133.28 128.86 124.60 120.51 116.56 112.77 109.11 105.56 101.99 98.29 94.49 90.59 86.64 82.74 79.33 76.66 74.76 73.62 73.24 73.61 74.72 76.57 79.16 82.10 84.28 85.49 85.84 85.42 84.36 82.76 80.73 78.37 75.82 73.52 71.95 71.17 71.19 71.99 73.55 75.86 78.84 82.39 86.40 90.79 95.46 100.29 105.19 110.07 114.84 119.53 124.12 128.60 132.90 137.01 140.86 144.43 147.66 150.52 152.89 154.55 155.49 155.74 155.31 154.24 152.47 149.88 146.54 142.56 138.04
150.77 145.95 141.34 136.91 132.65 128.57 124.64 120.87 117.25 113.75 110.21 106.53 102.73 98.82 94.84 90.80 86.74 82.76 79.31 76.65 74.81 73.78 73.56 74.13 75.50 77.65 80.21 82.01 82.84 82.81 82.03 80.61 78.64 76.25 73.56 71.05 69.22 68.16 67.86 68.30 69.47 71.37 73.97 77.23 81.04 85.30 89.92 94.78 99.80 104.87 109.90 114.80 119.59 124.30 128.87 133.26 137.44 141.36 144.99 148.27 151.08 153.20 154.61 155.33 155.39 154.83 153.67 151.94 149.58 146.49 142.74 138.43
153.89 149.24 144.81 140.57 136.50 132.60 128.86 125.28 121.82 118.32 114.67 110.88 106.96 102.95 98.87 94.75 90.60 86.46 82.43 78.98 76.37 74.63 73.74 73.71 74.52 76.18 78.28 79.64 80.03 79.56 78.35 76.49 74.09 71.30 68.61 66.56 65.25 64.66 64.78 65.60 67.11 69.29 72.14 75.63 79.70 84.20 89.03 94.09 99.29 104.52 109.68 114.70 119.60 124.40 129.06 133.53 137.78 141.76 145.43 148.65 151.21 153.05 154.22 154.74 154.64 153.95 152.72 150.96 148.70 145.89 142.43 138.41
156.97 152.52 148.28 144.23 140.36 136.66 133.12 129.71 126.26 122.64 118.86 114.94 110.91 106.79 102.61 98.39 94.16 89.94 85.75 81.72 78.30 75.78 74.16 73.46 73.65 74.74 76.32 77.17 77.05 76.08 74.36 72.00 69.14 66.31 64.07 62.54 61.70 61.54 62.04 63.20 65.00 67.43 70.47 74.13 78.36 83.08 88.12 93.37 98.74 104.12 109.41 114.54 119.54 124.43 129.17 133.71 138.02 142.05 145.66 148.61 150.86 152.44 153.38 153.72 153.48 152.70 151.41 149.63 147.40 144.75 141.61 137.93
159.98 155.73 151.71 147.87 144.21 140.72 137.36 133.96 130.37 126.61 122.69 118.65 114.50 110.27 105.98 101.66 97.34 93.04 88.78 84.58 80.58 77.23 74.82 73.38 72.88 73.34 74.33 74.60 73.91 72.36 70.07 67.18 64.24 61.86 60.15 59.09 58.68 58.90 59.74 61.19 63.23 65.86 69.06 72.82 77.13 81.97 87.19 92.63 98.15 103.67 109.09 114.32 119.41 124.38 129.19 133.80 138.16 142.11 145.43 148.06 150.03 151.37 152.11 152.29 151.93 151.07 149.73 147.96 145.77 143.21 140.29 136.98
162.88 158.85 155.05 151.43 148.00 144.70 141.36 137.81 134.06 130.15 126.09 121.92 117.64 113.29 108.90 104.48 100.07 95.68 91.34 87.07 82.91 78.97 75.72 73.46 72.22 71.98 72.31 71.93 70.60 68.41 65.53 62.51 60.02 58.16 56.92 56.30 56.27 56.83 57.96 59.66 61.90 64.69 68.00 71.83 76.16 80.98 86.26 91.85 97.53 103.18 108.71 114.03 119.21 124.25 129.13 133.78 138.06 141.72 144.69 147.02 148.72 149.84 150.40 150.44 149.98 149.06 147.71 145.95 143.83 141.37 138.61 135.56
165.64 161.84 158.27 154.90 151.67 148.38 144.87 141.16 137.25 133.19 128.99 124.67 120.27 115.80 111.29 106.77 102.25 97.77 93.35 89.01 84.77 80.67 76.83 73.72 71.66 70.65 70.26 69.17 67.13 64.28 61.23 58.65 56.68 55.30 54.50 54.26 54.57 55.42 56.80 58.70 61.11 64.00 67.38 71.23 75.54 80.29 85.47 91.06 96.86 102.64 108.27 113.68 118.93 124.04 128.97 133.54 137.50 140.79 143.44 145.48 146.94 147.86 148.26 148.18 147.64 146.68 145.33 143.62 141.58 139.24 136.64 133.80
168.22 164.66 161.35 158.19 154.96 151.50 147.82 143.93 139.86 135.64 131.29 126.83 122.29 117.70 113.07 108.44 103.82 99.25 94.74 90.32 86.01 81.84 77.84 74.13 71.20 69.36 68.18 66.31 63.54 60.48 57.87 55.82 54.33 53.38 52.96 53.06 53.67 54.77 56.36 58.42 60.94 63.90 67.31 71.13 75.37 80.00 85.03 90.43 96.17 102.04 107.77 113.26 118.58 123.74 128.57 132.81 136.39 139.33 141.68 143.46 144.70 145.43 145.69 145.50 144.90 143.92 142.59 140.95 139.01 136.82 134.40 131.79
170.58 167.28 164.20 161.04 157.63 153.98 150.12 146.05 141.81 137.43 132.93 128.32 123.65 118.92 114.17 109.42 104.70 100.02 95.42 90.92 86.53 82.30 78.23 74.37 70.82 68.10 66.07 63.40 60.38 57.76 55.67 54.10 53.05 52.49 52.41 52.81 53.67 54.98 56.73 58.90 61.49 64.48 67.86 71.62 75.74 80.22 85.04 90.19 95.66 101.41 107.20 112.76 118.13 123.20 127.69 131.52 134.73 137.35 139.41 140.94 141.98 142.55 142.69 142.42 141.78 140.80 139.51 137.95 136.13 134.10 131.89 129.53
172.69 169.63 166.55 163.20 159.59 155.74 151.68 147.44 143.03 138.48 133.82 129.06 124.24 119.38 114.51 109.64 104.80 100.02 95.32 90.73 86.27 81.96 77.83 73.90 70.20 66.86 63.98 61.02 58.43 56.34 54.73 53.60 52.93 52.72 52.94 53.59 54.66 56.14 58.00 60.25 62.86 65.83 69.15 72.79 76.76 81.04 85.61 90.47 95.60 100.99 106.60 112.18 117.46 122.16 126.21 129.66 132.52 134.84 136.63 137.94 138.80 139.22 139.26 138.93 138.27 137.31 136.09 134.62 132.95 131.11 129.12 127.02
174.39 171.55 168.27 164.70 160.88 156.83 152.58 148.14 143.55 138.83 134.01 129.10 124.13 119.13 114.12 109.12 104.17 99.28 94.47 89.79 85.23 80.85 76.64 72.65 68.90 65.41 62.36 59.83 57.77 56.16 55.00 54.26 53.95 54.04 54.52 55.39 56.63 58.23 60.17 62.45 65.05 67.96 71.17 74.67 78.44 82.47 86.76 91.29 96.04 101.01 106.18 111.43 116.31 120.56 124.21 127.29 129.83 131.86 133.41 134.52 135.21 135.52 135.47 135.11 134.45 133.53 132.39 131.05 129.54 127.90 126.16 124.34
175.80 173.42 170.10 166.30 162.25 157.98 153.51 148.87 144.08 139.17 134.16 129.08 123.94 118.78 113.62 108.48 103.38 98.36 93.44 88.64 83.98 79.49 75.20 71.13 67.31 63.91 61.17 59.10 57.56 56.43 55.70 55.35 55.38 55.77 56.50 57.58 58.98 60.69 62.70 65.00 67.58 70.42 73.52 76.85 80.42 84.21 88.20 92.38 96.74 101.28 105.92 110.56 114.89 118.72 121.99 124.74 126.98 128.76 130.10 131.04 131.60 131.81 131.72 131.34 130.72 129.87 128.84 127.65 126.34 124.94 123.47 121.97
176.96 175.14 172.19 168.32 164.03 159.51 154.80 149.93 144.92 139.80 134.58 129.29 123.97 118.62 113.28 107.97 102.72 97.55 92.48 87.54 82.75 78.14 73.73 69.56 65.81 62.69 60.24 58.50 57.39 56.74 56.44 56.49 56.86 57.55 58.54 59.83 61.39 63.22 65.30 67.63 70.19 72.97 75.96 79.14 82.51 86.04 89.74 93.59 97.57 101.62 105.67 109.68 113.43 116.80 119.73 122.17 124.16 125.72 126.88 127.68 128.14 128.30 128.19 127.84 127.28 126.54 125.66 124.66 123.58 122.44 121.29 120.14
177.87 176.57 174.11 170.56 166.17 161.39 156.42 151.29 146.03 140.67 135.22 129.71 124.16 118.61 113.07 107.57 102.13 96.78 91.54 86.44 81.49 76.74 72.20 68.07 64.57 61.75 59.61 58.14 57.32 57.06 57.21 57.65 58.37 59.37 60.62 62.12 63.85 65.80 67.96 70.32 72.87 75.59 78.47 81.50 84.67 87.97 91.38 94.89 98.44 101.94 105.38 108.79 112.00 114.90 117.45 119.63 121.39 122.76 123.78 124.47 124.87 125.01 124.92 124.63 124.17 123.57 122.87 122.10 121.28 120.45 119.63 118.87
178.57 177.72 175.71 172.59 168.46 163.55 158.30 152.90 147.37 141.74 136.03 130.28 124.49 118.70 112.94 107.22 101.57 96.02 90.58 85.29 80.17 75.26 70.74 66.85 63.63 61.09 59.24 58.05 57.48 57.48 57.98 58.81 59.89 61.20 62.71 64.43 66.34 68.42 70.66 73.06 75.59 78.26 81.04 83.93 86.91 89.97 93.09 96.22 99.25 102.18 105.06 107.91 110.61 113.05 115.23 117.12 118.69 119.91 120.82 121.44 121.82 121.97 121.93 121.73 121.41 120.99 120.51 119.99 119.47 118.97 118.54 118.20
179.08 178.64 177.01 174.28 170.51 165.82 160.41 154.71 148.88 142.97 136.98 130.95 124.90 118.86 112.84 106.88 101.00 95.22 89.56 84.06 78.75 73.83 69.53 65.91 62.96 60.71 59.14 58.21 57.88 58.10 58.82 59.98 61.41 63.03 64.82 66.76 68.84 71.05 73.38 75.82 78.35 80.97 83.66 86.40 89.19 92.02 94.81 97.45 99.95 102.35 104.70 107.03 109.25 111.28 113.11 114.72 116.09 117.20 118.03 118.62 119.00 119.20 119.25 119.19 119.03 118.82 118.59 118.36 118.17 118.05 118.04 118.09
179.43 179.34 178.06 175.65 172.20 167.81 162.56 156.67 150.53 144.30 138.01 131.68 125.35 119.02 112.73 106.50 100.36 94.33 88.43 82.71 77.37 72.65 68.60 65.24 62.56 60.58 59.28 58.60 58.50 58.93 59.85 61.20 62.91 64.85 66.90 69.07 71.34 73.69 76.11 78.60 81.13 83.70 86.30 88.91 91.51 94.05 96.39 98.54 100.54 102.45 104.31 106.15 107.93 109.58 111.10 112.46 113.65 114.65 115.44 116.04 116.46 116.74 116.91 117.01 117.06 117.09 117.14 117.24 117.42 117.71 118.07 118.32
179.66 179.87 178.87 176.73 173.55 169.41 164.40 158.62 152.27 145.70 139.08 132.44 125.78 119.15 112.56 106.05 99.62 93.31 87.17 81.39 76.23 71.75 67.94 64.83 62.41 60.69 59.65 59.22 59.35 59.98 61.07 62.58 64.46 66.63 68.97 71.37 73.82 76.31 78.83 81.37 83.90 86.43 88.94 91.42 93.78 95.91 97.79 99.49 101.04 102.49 103.89 105.28 106.64 107.95 109.19 110.34 111.38 112.30 113.08 113.70 114.20 114.60 114.93 115.22 115.51 115.83 116.20 116.66 117.24 117.90 118.45 118.79
179.79 180.24 179.47 177.56 174.59 170.65 165.83 160.22 153.92 147.12 140.15 133.16 126.17 119.20 112.29 105.46 98.73 92.14 85.91 80.30 75.36 71.11 67.54 64.67 62.49 61.03 60.24 60.05 60.39 61.22 62.48 64.14 66.14 68.45 70.99 73.62 76.27 78.90 81.52 84.11 86.66 89.16 91.58 93.86 95.85 97.56 99.02 100.30 101.42 102.45 103.43 104.40 105.40 106.40 107.40 108.37 109.30 110.17 110.96 111.66 112.26 112.81 113.33 113.86 114.42 115.05 115.78 116.63 117.58 118.41 119.03 119.45
179.85 180.50 179.91 178.16 175.35 171.55 166.87 161.39 155.20 148.40 141.16 133.80 126.45 119.13 111.88 104.70 97.66 90.96 84.88 79.48 74.75 70.72 67.38 64.74 62.81 61.58 61.04 61.08 61.62 62.63 64.06 65.86 67.98 70.38 73.02 75.82 78.66 81.45 84.18 86.83 89.39 91.85 94.12 96.07 97.68 99.00 100.08 100.97 101.71 102.35 102.94 103.53 104.19 104.92 105.71 106.54 107.39 108.25 109.09 109.90 110.67 111.41 112.15 112.95 113.82 114.79 115.91 117.12 118.22 119.11 119.79 120.27
179.87 180.67 180.20 178.57 175.86 172.16 167.56 162.16 156.03 149.27 141.98 134.33 126.59 118.89 111.26 103.75 96.57 90.00 84.12 78.91 74.40 70.57 67.45 65.03 63.33 62.34 62.04 62.29 63.03 64.22 65.80 67.73 69.96 72.45 75.15 78.02 80.99 83.93 86.77 89.48 92.06 94.41 96.40 97.99 99.25 100.23 100.96 101.50 101.89 102.18 102.42 102.66 103.02 103.51 104.13 104.85 105.66 106.54 107.47 108.43 109.42 110.40 111.41 112.51 113.72 115.08 116.54 117.90 119.03 119.95 120.68 121.23
179.89 180.77 180.39 178.82 176.16 172.50 167.93 162.54 156.42 149.67 142.36 134.60 126.54 118.44 110.43 102.75 95.69 89.31 83.61 78.59 74.27 70.65 67.74 65.54 64.05 63.29 63.21 63.68 64.61 65.96 67.68 69.73 72.07 74.64 77.40 80.30 83.30 86.34 89.29 92.07 94.58 96.68 98.35 99.64 100.59 101.25 101.66 101.89 101.96 101.94 101.86 101.79 101.89 102.18 102.66 103.31 104.11 105.05 106.10 107.25 108.49 109.78 111.13 112.57 114.16 115.86 117.44 118.81 119.97 120.92 121.69 122.29
179.94 180.85 180.49 178.93 176.27 172.60 168.01 162.58 156.42 149.61 142.24 134.39 126.17 117.74 109.55 101.98 95.08 88.86 83.34 78.50 74.37 70.95 68.23 66.23 64.96 64.42 64.56 65.22 66.33 67.84 69.70 71.87 74.29 76.93 79.74 82.67 85.68 88.71 91.71 94.48 96.78 98.60 100.00 101.01 101.68 102.06 102.20 102.14 101.93 101.63 101.27 100.93 100.79 100.92 101.30 101.92 102.75 103.77 104.98 106.36 107.88 109.53 111.29 113.15 115.07 116.88 118.47 119.84 121.00 121.98 122.78 123.42
180.03 180.93 180.53 178.93 176.22 172.48 167.82 162.31 156.05 149.13 141.64 133.66 125.32 116.92 108.88 101.45 94.71 88.66 83.29 78.63 74.68 71.44 68.91 67.11 66.04 65.71 66.06 66.92 68.20 69.85 71.84 74.11 76.62 79.32 82.16 85.11 88.11 91.12 94.00 96.53 98.59 100.17 101.32 102.09 102.52 102.66 102.55 102.25 101.80 101.25 100.65 100.07 99.74 99.74 100.05 100.66 101.56 102.72 104.12 105.75 107.59 109.63 111.84 114.13 116.22 118.01 119.58 120.94 122.11 123.10 123.93 124.60
180.22 181.04 180.56 178.86 176.04 172.19 167.40 161.75 155.34 148.26 140.59 132.46 124.17 116.11 108.40 101.17 94.57 88.67 83.47 78.97 75.18 72.12 69.77 68.16 67.28 67.15 67.70 68.74 70.18 71.98 74.08 76.45 79.03 81.78 84.66 87.61 90.60 93.48 96.03 98.21 100.01 101.39 102.33 102.90 103.12 103.05 102.74 102.23 101.57 100.81 100.00 99.21 98.72 98.63 98.91 99.56 100.55 101.87 103.51 105.43 107.63 110.09 112.70 115.18 117.36 119.20 120.75 122.09 123.26 124.25 125.10 125.80
180.51 181.22 180.60 178.75 175.77 171.75 166.77 160.94 154.32 147.03 139.16 131.04 123.07 115.37 108.01 101.07 94.65 88.89 83.84 79.50 75.87 72.97 70.80 69.37 68.67 68.73 69.47 70.69 72.28 74.21 76.42 78.87 81.52 84.31 87.21 90.16 93.03 95.58 97.77 99.61 101.10 102.26 103.03 103.42 103.47 103.23 102.75 102.06 101.23 100.30 99.31 98.36 97.74 97.59 97.88 98.60 99.73 101.25 103.14 105.40 107.99 110.82 113.59 116.12 118.38 120.32 121.93 123.27 124.42 125.41 126.26 126.98
180.95 181.48 180.67 178.63 175.44 171.19 165.98 159.90 153.03 145.49 137.60 129.78 122.14 114.76 107.72 101.07 94.91 89.31 84.40 80.20 76.73 73.99 71.98 70.72 70.20 70.44 71.36 72.74 74.48 76.53 78.84 81.37 84.07 86.90 89.81 92.65 95.19 97.37 99.22 100.73 101.93 102.82 103.41 103.67 103.58 103.20 102.58 101.76 100.79 99.72 98.60 97.51 96.81 96.63 96.96 97.78 99.08 100.84 103.04 105.65 108.59 111.53 114.31 116.89 119.22 121.27 123.01 124.42 125.56 126.54 127.39 128.12
181.57 181.87 180.82 178.52 175.06 170.54 165.04 158.66 151.51 143.91 136.29 128.78 121.44 114.35 107.58 101.20 95.28 89.90 85.13 81.07 77.74 75.15 73.30 72.20 71.85 72.26 73.35 74.89 76.76 78.92 81.32 83.92 86.67 89.52 92.33 94.85 97.02 98.86 100.38 101.59 102.51 103.15 103.52 103.63 103.45 102.97 102.25 101.32 100.25 99.08 97.85 96.66 95.91 95.74 96.15 97.12 98.62 100.65 103.18 106.11 109.12 112.03 114.81 117.42 119.81 121.97 123.84 125.41 126.64 127.61 128.46 129.19
182.39 182.41 181.06 178.45 174.68 169.83 163.99 157.28 150.04 142.69 135.35 128.11 121.04 114.19 107.66 101.50 95.80 90.61 86.02 82.10 78.90 76.45 74.74 73.79 73.60 74.17 75.44 77.12 79.12 81.38 83.87 86.53 89.31 92.07 94.55 96.70 98.52 100.04 101.26 102.19 102.85 103.26 103.43 103.36 103.07 102.52 101.74 100.75 99.61 98.37 97.07 95.82 95.05 94.93 95.45 96.59 98.34 100.67 103.48 106.45 109.39 112.26 115.03 117.66 120.12 122.36 124.37 126.10 127.51 128.59 129.43 130.15
183.45 183.13 181.43 178.47 174.32 169.09 162.89 156.06 149.03 141.93 134.85 127.84 120.99 114.36 108.02 102.05 96.52 91.50 87.06 83.27 80.19 77.87 76.30 75.49 75.45 76.18 77.60 79.42 81.53 83.89 86.45 89.16 91.85 94.29 96.40 98.20 99.70 100.91 101.85 102.53 102.96 103.16 103.14 102.91 102.49 101.87 101.05 100.04 98.87 97.59 96.26 94.99 94.23 94.20 94.86 96.22 98.24 100.82 103.63 106.48 109.34 112.16 114.91 117.56 120.07 122.40 124.53 126.41 128.01 129.30 130.26 130.99
