data_processed/recharge/precip/Precip_2006_05.asc
ncols        168
nrows        136
xllcorner    455000
yllcorner    2107000
cellsize     500
NODATA_value     -99999
[rows 0 to 32 of 136, columns 73 to 145 of 168]
88.98 85.38 81.73 78.05 74.38 70.76 67.24 63.95 60.96 58.29 55.97 53.99 52.38 51.15 50.32 49.89 49.89 50.32 51.21 52.63 54.91 58.30 62.80 68.38 75.03 82.72 91.35 100.58 109.96 119.03 127.35 134.52 140.75 146.55 152.00 157.01 161.53 165.51 168.87 171.57 173.53 174.70 175.03 174.43 172.88 170.51 167.65 164.54 161.37 158.32 155.57 152.99 150.01 146.60 142.85 138.85 134.67 130.52 126.70 123.29 120.32 117.79 115.71 114.08 112.93 112.25 112.06 112.37 113.17 114.50 116.40 119.09 122.76
91.33 87.70 84.02 80.32 76.64 73.03 69.62 66.48 63.63 61.09 58.87 56.98 55.44 54.26 53.47 53.06 53.06 53.48 54.34 55.65 57.48 60.19 64.01 68.96 75.01 82.13 90.14 98.63 107.14 115.22 122.47 129.01 135.29 141.32 147.06 152.44 157.39 161.87 165.81 169.15 171.83 173.78 174.96 175.29 174.71 173.19 170.89 168.19 165.34 162.52 159.92 157.42 154.51 151.18 147.51 143.60 139.63 135.91 132.54 129.54 126.91 124.66 122.80 121.34 120.30 119.66 119.46 119.69 120.37 121.50 123.09 125.23 128.19
93.69 90.05 86.35 82.65 78.99 75.49 72.24 69.24 66.52 64.09 61.96 60.15 58.67 57.54 56.77 56.37 56.36 56.76 57.57 58.82 60.51 62.73 65.83 70.06 75.43 81.90 89.21 96.88 104.44 111.49 118.07 124.53 130.88 137.06 143.01 148.67 153.99 158.89 163.32 167.22 170.53 173.19 175.13 176.31 176.65 176.09 174.60 172.37 169.83 167.23 164.76 162.33 159.49 156.23 152.64 148.92 145.37 142.11 139.15 136.49 134.15 132.12 130.43 129.08 128.08 127.43 127.16 127.26 127.74 128.62 129.91 131.60 133.82
96.02 92.37 88.68 85.00 81.46 78.12 75.02 72.16 69.55 67.22 65.17 63.43 61.99 60.89 60.13 59.73 59.70 60.06 60.82 62.00 63.61 65.66 68.23 71.69 76.29 82.03 88.56 95.33 101.90 108.24 114.60 120.98 127.33 133.57 139.66 145.53 151.11 156.36 161.21 165.59 169.45 172.73 175.37 177.30 178.47 178.82 178.28 176.82 174.66 172.28 169.93 167.56 164.78 161.58 158.17 154.87 151.79 148.94 146.32 143.95 141.83 139.97 138.38 137.08 136.07 135.35 134.94 134.85 135.09 135.66 136.57 137.84 139.47
98.25 94.61 90.95 87.40 84.03 80.85 77.88 75.14 72.64 70.39 68.42 66.72 65.33 64.24 63.49 63.07 63.01 63.32 64.01 65.11 66.61 68.54 70.92 73.82 77.61 82.53 88.20 94.01 99.84 105.82 111.96 118.19 124.45 130.68 136.82 142.81 148.59 154.10 159.28 164.06 168.40 172.22 175.47 178.08 180.00 181.17 181.52 181.00 179.56 177.47 175.24 172.92 170.19 167.17 164.19 161.35 158.67 156.16 153.83 151.68 149.73 147.98 146.44 145.13 144.04 143.20 142.60 142.26 142.19 142.39 142.88 143.66 144.74
100.34 96.74 93.21 89.83 86.62 83.59 80.75 78.11 75.71 73.53 71.62 69.96 68.59 67.51 66.75 66.30 66.20 66.45 67.06 68.06 69.45 71.26 73.48 76.15 79.34 83.40 88.15 93.17 98.50 104.11 109.95 115.94 122.04 128.17 134.29 140.32 146.22 151.91 157.34 162.45 167.18 171.46 175.24 178.45 181.04 182.95 184.11 184.47 183.96 182.54 180.52 178.25 175.68 173.08 170.56 168.13 165.80 163.58 161.47 159.49 157.65 155.95 154.40 153.01 151.80 150.77 149.92 149.27 148.83 148.61 148.61 148.85 149.32
102.25 98.79 95.44 92.22 89.16 86.26 83.53 81.00 78.67 76.56 74.69 73.06 71.70 70.62 69.83 69.35 69.19 69.37 69.89 70.78 72.05 73.71 75.78 78.28 81.21 84.63 88.57 92.97 97.77 102.93 108.38 114.06 119.91 125.87 131.88 137.88 143.80 149.60 155.20 160.55 165.59 170.26 174.49 178.22 181.40 183.97 185.86 187.01 187.37 186.87 185.48 183.48 181.34 179.20 177.09 175.01 172.96 170.97 169.03 167.16 165.36 163.65 162.04 160.52 159.12 157.84 156.69 155.68 154.81 154.10 153.56 153.19 153.00
104.01 100.74 97.57 94.52 91.59 88.82 86.20 83.76 81.51 79.46 77.63 76.03 74.68 73.59 72.77 72.25 72.03 72.12 72.56 73.33 74.47 75.99 77.90 80.21 82.95 86.11 89.54 93.28 97.48 102.11 107.09 112.38 117.90 123.61 129.43 135.32 141.20 147.02 152.72 158.23 163.50 168.47 173.07 177.25 180.95 184.09 186.63 188.51 189.66 190.02 189.64 188.59 187.01 185.29 183.53 181.74 179.94 178.12 176.30 174.49 172.69 170.92 169.19 167.49 165.85 164.27 162.77 161.34 159.99 158.75 157.61 156.59 155.69
105.67 102.58 99.59 96.70 93.93 91.28 88.78 86.44 84.27 82.28 80.50 78.93 77.59 76.49 75.66 75.09 74.82 74.84 75.18 75.85 76.87 78.25 80.00 82.13 84.68 87.65 90.84 94.08 97.62 101.64 106.08 110.90 116.03 121.40 126.97 132.66 138.42 144.19 149.90 155.51 160.93 166.13 171.03 175.57 179.70 183.35 186.47 188.98 190.85 192.10 192.88 193.09 192.42 191.16 189.72 188.19 186.58 184.90 183.16 181.37 179.53 177.66 175.76 173.85 171.93 170.02 168.11 166.23 164.37 162.55 160.78 159.06 157.41
107.22 104.31 101.49 98.77 96.15 93.64 91.26 89.02 86.94 85.02 83.29 81.76 80.43 79.34 78.49 77.89 77.56 77.52 77.77 78.34 79.24 80.48 82.08 84.06 86.44 89.22 92.21 95.21 98.26 101.61 105.44 109.71 114.36 119.33 124.56 129.98 135.54 141.18 146.84 152.45 157.96 163.31 168.42 173.26 177.74 181.82 185.44 188.53 191.13 193.39 195.33 196.70 197.14 196.67 195.58 194.27 192.82 191.24 189.54 187.72 185.81 183.80 181.70 179.53 177.30 175.00 172.66 170.28 167.87 165.43 162.99 160.54 158.09
108.67 105.93 103.28 100.72 98.26 95.89 93.64 91.51 89.51 87.67 86.00 84.50 83.20 82.12 81.25 80.63 80.25 80.15 80.33 80.80 81.59 82.70 84.16 85.99 88.20 90.81 93.61 96.42 99.23 102.08 105.24 108.89 112.98 117.47 122.28 127.37 132.65 138.09 143.61 149.16 154.67 160.09 165.35 170.40 175.17 179.60 183.64 187.32 190.78 194.04 197.02 199.46 200.93 201.41 200.98 199.92 198.58 197.06 195.36 193.49 191.45 189.27 186.94 184.47 181.88 179.17 176.35 173.43 170.43 167.34 164.18 160.96 157.79
110.01 107.45 104.96 102.56 100.24 98.02 95.90 93.88 91.98 90.22 88.61 87.16 85.89 84.82 83.95 83.30 82.89 82.73 82.83 83.21 83.89 84.89 86.22 87.91 89.97 92.40 95.02 97.65 100.27 102.89 105.54 108.52 111.99 115.91 120.24 124.90 129.84 134.99 140.30 145.71 151.15 156.57 161.90 167.08 172.06 176.77 181.25 185.64 189.94 194.08 198.01 201.42 203.82 205.17 205.54 205.00 203.81 202.31 200.57 198.60 196.40 194.00 191.39 188.59 185.60 182.44 179.11 175.62 171.98 168.20 164.29 160.37 156.96
111.23 108.84 106.52 104.28 102.11 100.03 98.03 96.14 94.34 92.66 91.12 89.72 88.49 87.43 86.56 85.90 85.45 85.24 85.28 85.58 86.16 87.05 88.27 89.82 91.73 93.99 96.43 98.88 101.33 103.77 106.20 108.66 111.45 114.74 118.50 122.67 127.18 131.98 137.00 142.19 147.48 152.82 158.14 163.39 168.50 173.50 178.54 183.60 188.64 193.58 198.35 202.63 205.86 207.98 209.06 209.17 208.36 206.90 205.09 202.98 200.59 197.93 195.00 191.83 188.41 184.75 180.86 176.76 172.45 167.94 163.36 159.24 155.91
112.33 110.12 107.97 105.88 103.85 101.90 100.04 98.26 96.58 94.99 93.52 92.18 90.99 89.95 89.09 88.41 87.94 87.68 87.65 87.88 88.39 89.18 90.29 91.71 93.47 95.56 97.83 100.11 102.38 104.65 106.91 109.16 111.44 114.04 117.16 120.75 124.76 129.13 133.79 138.68 143.75 148.94 154.17 159.41 164.66 170.07 175.63 181.27 186.95 192.57 198.09 203.14 207.09 209.88 211.58 212.25 211.94 210.73 208.85 206.57 203.94 200.98 197.71 194.12 190.22 186.03 181.55 176.80 171.78 166.62 161.88 157.90 154.70
113.32 111.28 109.29 107.36 105.48 103.66 101.92 100.26 98.68 97.19 95.80 94.52 93.37 92.37 91.51 90.83 90.34 90.04 89.97 90.14 90.57 91.27 92.27 93.57 95.18 97.11 99.21 101.32 103.43 105.54 107.64 109.72 111.78 113.88 116.30 119.24 122.67 126.53 130.75 135.28 140.05 145.00 150.08 155.30 160.81 166.58 172.57 178.70 184.90 191.12 197.28 203.00 207.57 210.94 213.15 214.28 214.38 213.51 211.74 209.29 206.39 203.10 199.43 195.38 190.98 186.21 181.10 175.66 170.02 164.75 160.21 156.41 153.34
114.18 112.32 110.49 108.71 106.97 105.29 103.67 102.12 100.65 99.26 97.95 96.74 95.65 94.67 93.84 93.15 92.64 92.32 92.21 92.33 92.69 93.31 94.20 95.38 96.86 98.63 100.57 102.52 104.47 106.41 108.35 110.27 112.18 114.06 115.98 118.22 121.00 124.27 127.97 132.05 136.45 141.09 146.02 151.34 157.06 163.10 169.42 175.92 182.56 189.27 195.97 202.25 207.35 211.18 213.81 215.30 215.71 215.09 213.51 211.04 207.87 204.21 200.10 195.57 190.61 185.23 179.45 173.41 167.70 162.69 158.38 154.77 151.84
114.92 113.23 111.57 109.93 108.34 106.79 105.29 103.86 102.49 101.19 99.97 98.83 97.79 96.85 96.04 95.37 94.85 94.51 94.38 94.45 94.75 95.29 96.08 97.14 98.49 100.11 101.89 103.68 105.48 107.27 109.05 110.82 112.57 114.31 116.01 117.75 119.82 122.43 125.54 129.10 133.04 137.39 142.25 147.63 153.47 159.68 166.22 173.00 179.98 187.07 194.22 200.96 206.48 210.68 213.63 215.37 215.98 215.52 214.04 211.60 208.28 204.24 199.66 194.59 189.04 183.02 176.67 170.60 165.20 160.48 156.42 153.01 150.23
115.52 114.01 112.51 111.03 109.57 108.16 106.78 105.46 104.19 102.98 101.84 100.78 99.80 98.91 98.12 97.47 96.96 96.62 96.46 96.49 96.74 97.20 97.90 98.85 100.06 101.55 103.17 104.81 106.45 108.09 109.73 111.35 112.96 114.54 116.10 117.63 119.19 121.09 123.53 126.49 129.99 134.12 138.89 144.23 150.08 156.37 163.02 169.99 177.19 184.57 192.06 199.17 205.01 209.48 212.63 214.54 215.26 214.84 213.35 210.86 207.42 203.09 198.03 192.40 186.22 179.65 173.31 167.62 162.57 158.15 154.35 151.14 148.51
116.00 114.65 113.32 111.99 110.68 109.39 108.13 106.92 105.75 104.63 103.57 102.58 101.67 100.83 100.08 99.46 98.97 98.63 98.45 98.45 98.64 99.03 99.64 100.49 101.58 102.92 104.40 105.89 107.38 108.88 110.37 111.85 113.31 114.76 116.18 117.57 118.93 120.31 122.04 124.41 127.53 131.42 135.99 141.19 146.95 153.21 159.89 166.93 174.27 181.83 189.55 196.93 202.99 207.62 210.89 212.86 213.57 213.11 211.52 208.86 205.21 200.61 195.13 188.91 182.21 175.70 169.79 164.50 159.82 155.71 152.17 149.18 146.72
116.34 115.17 113.99 112.81 111.64 110.48 109.35 108.24 107.17 106.14 105.16 104.24 103.38 102.61 101.92 101.33 100.86 100.53 100.34 100.30 100.44 100.77 101.30 102.04 103.02 104.22 105.56 106.91 108.26 109.62 110.97 112.31 113.64 114.95 116.23 117.49 118.72 119.91 121.20 123.07 125.79 129.32 133.60 138.56 144.13 150.25 156.86 163.87 171.24 178.89 186.75 194.29 200.47 205.17 208.45 210.37 210.99 210.37 208.58 205.66 201.69 196.72 190.82 184.20 177.62 171.59 166.15 161.28 156.96 153.18 149.91 147.14 144.85
116.54 115.54 114.52 113.49 112.46 111.43 110.42 109.42 108.45 107.51 106.61 105.75 104.96 104.25 103.62 103.08 102.64 102.31 102.11 102.05 102.15 102.42 102.87 103.52 104.37 105.45 106.65 107.86 109.08 110.30 111.52 112.72 113.92 115.10 116.25 117.38 118.49 119.62 120.95 122.57 124.81 127.89 131.77 136.39 141.67 147.56 153.98 160.87 168.17 175.80 183.70 191.30 197.50 202.16 205.35 207.13 207.55 206.68 204.58 201.31 196.92 191.48 185.21 178.84 172.86 167.37 162.41 157.97 154.02 150.57 147.58 145.04 142.94
116.60 115.77 114.91 114.03 113.14 112.24 111.34 110.45 109.58 108.72 107.90 107.12 106.41 105.76 105.18 104.69 104.28 103.97 103.76 103.68 103.74 103.95 104.33 104.89 105.64 106.59 107.66 108.74 109.83 110.92 112.00 113.08 114.15 115.20 116.24 117.24 118.29 119.53 120.99 122.66 124.61 127.17 130.55 134.73 139.62 145.17 151.31 157.98 165.10 172.62 180.46 188.01 194.13 198.66 201.66 203.19 203.31 202.09 199.58 195.84 190.94 185.09 179.06 173.33 167.99 163.06 158.58 154.57 151.02 147.90 145.20 142.91 140.99
116.51 115.85 115.15 114.42 113.67 112.90 112.12 111.33 110.56 109.79 109.05 108.36 107.72 107.13 106.61 106.16 105.78 105.49 105.29 105.19 105.22 105.38 105.69 106.16 106.81 107.64 108.58 109.53 110.49 111.46 112.42 113.38 114.32 115.25 116.17 117.13 118.27 119.63 121.21 122.99 124.96 127.18 129.99 133.62 138.03 143.14 148.90 155.24 162.09 169.39 177.06 184.48 190.41 194.70 197.41 198.60 198.32 196.64 193.62 189.33 183.97 178.34 172.93 167.83 163.07 158.68 154.69 151.12 147.96 145.19 142.79 140.75 139.03
116.28 115.79 115.24 114.66 114.05 113.40 112.74 112.06 111.38 110.71 110.07 109.46 108.89 108.36 107.89 107.48 107.13 106.86 106.67 106.56 106.56 106.68 106.92 107.31 107.86 108.58 109.40 110.23 111.07 111.91 112.76 113.59 114.42 115.24 116.11 117.15 118.42 119.89 121.56 123.43 125.47 127.68 130.12 133.13 136.94 141.52 146.80 152.71 159.19 166.17 173.58 180.75 186.40 190.35 192.66 193.40 192.63 190.39 186.77 181.97 176.81 171.80 167.01 162.48 158.25 154.34 150.79 147.63 144.87 142.46 140.36 138.58 137.08
115.90 115.57 115.19 114.75 114.27 113.76 113.21 112.64 112.06 111.49 110.94 110.41 109.91 109.45 109.03 108.66 108.34 108.09 107.90 107.79 107.77 107.84 108.03 108.35 108.80 109.41 110.11 110.82 111.54 112.27 113.00 113.73 114.45 115.22 116.17 117.33 118.70 120.26 122.02 123.94 126.03 128.28 130.67 133.27 136.42 140.36 145.05 150.43 156.44 163.00 170.04 176.87 182.14 185.65 187.47 187.66 186.28 183.39 179.23 174.60 170.05 165.64 161.42 157.41 153.65 150.17 147.01 144.21 141.78 139.71 137.94 136.42 135.14
115.36 115.20 114.97 114.68 114.34 113.95 113.52 113.06 112.60 112.13 111.67 111.22 110.79 110.39 110.02 109.68 109.39 109.16 108.98 108.87 108.82 108.86 109.00 109.24 109.61 110.12 110.70 111.30 111.91 112.53 113.15 113.77 114.45 115.30 116.36 117.62 119.07 120.71 122.52 124.49 126.61 128.87 131.27 133.78 136.47 139.70 143.71 148.47 153.90 159.93 166.51 172.90 177.68 180.65 181.87 181.42 179.34 175.87 171.84 167.82 163.86 160.01 156.30 152.75 149.42 146.32 143.50 140.98 138.81 137.00 135.53 134.29 133.23
114.67 114.67 114.60 114.46 114.25 113.99 113.68 113.34 112.99 112.63 112.26 111.89 111.53 111.18 110.85 110.56 110.29 110.07 109.90 109.78 109.72 109.73 109.82 110.00 110.29 110.69 111.16 111.66 112.16 112.68 113.20 113.77 114.52 115.48 116.63 117.98 119.50 121.19 123.03 125.03 127.16 129.41 131.79 134.27 136.85 139.58 142.83 146.86 151.61 157.03 163.03 168.88 173.07 175.40 175.93 174.72 172.02 168.67 165.24 161.80 158.39 155.04 151.78 148.65 145.68 142.91 140.37 138.10 136.12 134.47 133.18 132.20 131.38
113.81 113.99 114.07 114.07 114.00 113.87 113.69 113.48 113.24 112.97 112.69 112.40 112.10 111.82 111.54 111.27 111.04 110.83 110.66 110.53 110.46 110.44 110.48 110.60 110.81 111.12 111.49 111.88 112.29 112.71 113.18 113.83 114.68 115.73 116.95 118.36 119.93 121.65 123.51 125.51 127.63 129.86 132.20 134.63 137.14 139.72 142.44 145.65 149.63 154.32 159.66 164.86 168.37 169.95 169.69 167.82 165.21 162.44 159.59 156.69 153.76 150.86 148.01 145.24 142.59 140.09 137.78 135.69 133.85 132.30 131.08 130.21 129.60
112.80 113.13 113.37 113.52 113.59 113.60 113.55 113.46 113.33 113.16 112.97 112.75 112.53 112.29 112.06 111.83 111.62 111.42 111.26 111.12 111.03 110.98 110.98 111.05 111.18 111.40 111.68 111.97 112.28 112.66 113.20 113.94 114.88 115.99 117.28 118.72 120.31 122.05 123.91 125.89 127.98 130.17 132.45 134.81 137.23 139.71 142.24 144.88 148.01 151.88 156.45 160.90 163.62 164.36 163.39 161.59 159.56 157.36 155.03 152.60 150.12 147.61 145.11 142.64 140.26 137.98 135.84 133.89 132.14 130.64 129.42 128.52 127.95
111.61 112.12 112.51 112.81 113.03 113.18 113.26 113.29 113.26 113.19 113.09 112.95 112.79 112.61 112.42 112.23 112.03 111.85 111.68 111.54 111.43 111.35 111.31 111.32 111.39 111.52 111.70 111.91 112.18 112.62 113.25 114.07 115.07 116.23 117.55 119.02 120.62 122.34 124.19 126.13 128.17 130.30 132.50 134.76 137.08 139.44 141.84 144.26 146.77 149.74 153.44 157.05 158.87 158.87 157.95 156.71 155.23 153.55 151.69 149.69 147.59 145.42 143.22 141.01 138.83 136.72 134.71 132.84 131.13 129.62 128.35 127.35 126.66
110.26 110.93 111.48 111.94 112.31 112.60 112.81 112.96 113.04 113.07 113.05 112.98 112.89 112.76 112.61 112.45 112.28 112.11 111.94 111.79 111.65 111.54 111.46 111.42 111.42 111.47 111.57 111.74 112.07 112.59 113.30 114.17 115.22 116.41 117.74 119.21 120.80 122.50 124.30 126.19 128.16 130.20 132.31 134.46 136.65 138.87 141.11 143.37 145.62 147.93 150.69 153.35 154.38 154.40 154.03 153.34 152.37 151.15 149.71 148.09 146.32 144.44 142.48 140.47 138.45 136.46 134.52 132.67 130.94 129.38 128.01 126.86 125.98
108.74 109.58 110.30 110.92 111.44 111.86 112.20 112.46 112.65 112.78 112.84 112.85 112.82 112.74 112.64 112.51 112.36 112.19 112.03 111.86 111.70 111.55 111.43 111.33 111.27 111.25 111.31 111.53 111.94 112.53 113.29 114.21 115.27 116.47 117.80 119.25 120.81 122.46 124.20 126.02 127.90 129.84 131.82 133.84 135.89 137.95 140.02 142.09 144.13 146.16 148.21 150.06 151.09 151.66 151.82 151.63 151.11 150.30 149.22 147.93 146.44 144.79 143.02 141.16 139.25 137.31 135.39 133.52 131.72 130.05 128.52 127.17 126.05
107.03 108.02 108.92 109.69 110.36 110.92 111.39 111.77 112.06 112.28 112.43 112.51 112.54 112.52 112.46 112.36 112.23 112.07 111.90 111.72 111.54 111.36 111.19 111.04 110.91 110.85 110.96 111.26 111.73 112.37 113.16 114.10 115.17 116.37 117.67 119.09 120.59 122.18 123.84 125.56 127.34 129.16 131.01 132.88 134.76 136.65 138.53 140.38 142.21 144.00 145.79 147.65 149.22 150.32 151.00 151.26 151.16 150.71 149.97 148.96 147.71 146.26 144.65 142.90 141.05 139.14 137.20 135.27 133.37 131.54 129.82 128.24 126.83
