data_processed/recharge/precip/Precip_2011_09.asc
ncols        168
nrows        136
xllcorner    455000
yllcorner    2107000
cellsize     500
NODATA_value     -99999
[rows 0 to 33 of 136, columns 76 to 151 of 168]
90.97 90.45 89.97 89.51 89.07 88.65 88.25 87.85 87.47 87.09 86.71 86.33 85.93 85.53 85.11 84.68 84.22 83.73 83.22 82.65 81.91 80.88 79.67 79.07 79.73 81.65 84.12 86.65 89.19 91.73 94.25 96.74 99.18 101.55 103.84 106.03 108.11 110.05 111.85 113.48 114.94 116.19 117.23 118.05 118.62 119.00 119.21 119.17 118.93 118.66 118.41 118.27 118.28 118.46 118.79 119.28 119.90 120.66 121.55 122.56 123.69 124.93 126.27 127.70 129.23 130.84 132.52 134.28 136.09 137.97 139.78 141.10 141.56 141.46 142.37 144.58
87.66 87.10 86.59 86.11 85.68 85.27 84.89 84.54 84.22 83.91 83.61 83.33 83.05 82.77 82.49 82.21 81.92 81.62 81.30 80.97 80.59 80.03 79.30 79.28 80.46 82.20 84.06 85.99 87.97 89.98 92.02 94.06 96.09 98.09 100.04 101.94 103.76 105.48 107.09 108.58 109.93 111.11 112.13 112.95 113.56 113.95 114.16 114.19 114.07 113.92 113.84 113.90 114.10 114.44 114.91 115.51 116.23 117.06 117.99 119.02 120.14 121.35 122.64 124.00 125.43 126.92 128.45 130.04 131.66 133.32 135.00 136.56 137.49 137.96 139.44 141.92
84.59 83.99 83.46 82.97 82.54 82.16 81.82 81.52 81.25 81.02 80.82 80.64 80.48 80.34 80.21 80.09 79.98 79.87 79.75 79.63 79.51 79.35 79.13 79.52 80.49 81.62 82.87 84.23 85.68 87.20 88.79 90.41 92.06 93.72 95.38 97.01 98.60 100.13 101.60 102.97 104.24 105.39 106.41 107.27 107.96 108.46 108.77 108.90 108.92 108.97 109.15 109.45 109.87 110.41 111.05 111.80 112.64 113.57 114.57 115.66 116.81 118.02 119.29 120.61 121.97 123.36 124.79 126.23 127.70 129.17 130.64 132.11 133.39 134.45 136.22 138.38
81.82 81.20 80.65 80.17 79.75 79.40 79.10 78.86 78.66 78.51 78.41 78.34 78.31 78.31 78.34 78.39 78.47 78.55 78.65 78.76 78.88 78.99 79.07 79.22 79.56 80.08 80.75 81.58 82.53 83.59 84.75 85.99 87.30 88.65 90.03 91.43 92.83 94.20 95.55 96.84 98.07 99.22 100.26 101.20 102.00 102.65 103.13 103.45 103.71 104.07 104.54 105.12 105.79 106.55 107.40 108.32 109.31 110.37 111.48 112.65 113.86 115.11 116.39 117.69 119.01 120.34 121.68 123.02 124.35 125.66 126.96 128.22 129.45 130.68 132.13 133.83
79.35 78.72 78.17 77.70 77.32 77.01 76.77 76.60 76.49 76.45 76.46 76.52 76.64 76.80 77.00 77.24 77.51 77.81 78.14 78.49 78.86 79.18 79.19 78.91 78.63 78.54 78.65 78.95 79.41 80.02 80.77 81.64 82.60 83.65 84.78 85.95 87.16 88.39 89.63 90.85 92.04 93.19 94.28 95.29 96.21 97.01 97.70 98.26 98.82 99.50 100.28 101.13 102.06 103.05 104.10 105.21 106.36 107.55 108.78 110.03 111.31 112.60 113.89 115.19 116.48 117.76 119.02 120.25 121.46 122.62 123.74 124.81 125.84 126.86 127.88 129.11
77.14 76.52 75.99 75.57 75.23 74.99 74.84 74.76 74.77 74.84 74.99 75.21 75.49 75.83 76.23 76.67 77.17 77.71 78.29 78.91 79.49 79.76 79.59 79.08 78.37 77.69 77.23 76.99 76.95 77.10 77.43 77.91 78.53 79.28 80.13 81.07 82.08 83.16 84.27 85.42 86.57 87.71 88.83 89.92 90.94 91.90 92.79 93.61 94.43 95.38 96.44 97.56 98.73 99.94 101.19 102.47 103.77 105.09 106.42 107.75 109.08 110.39 111.69 112.97 114.22 115.43 116.60 117.72 118.79 119.79 120.72 121.61 122.48 123.34 124.13 124.94
75.20 74.61 74.13 73.77 73.51 73.36 73.31 73.35 73.49 73.72 74.03 74.42 74.89 75.43 76.05 76.73 77.47 78.27 79.12 79.96 80.48 80.56 80.20 79.52 78.59 77.50 76.47 75.69 75.15 74.83 74.73 74.81 75.08 75.51 76.08 76.78 77.59 78.50 79.49 80.54 81.64 82.77 83.92 85.07 86.20 87.32 88.42 89.48 90.54 91.72 93.01 94.37 95.78 97.20 98.63 100.07 101.51 102.93 104.35 105.75 107.11 108.45 109.74 110.99 112.18 113.32 114.38 115.38 116.29 117.12 117.89 118.63 119.36 120.07 120.72 121.30
73.63 73.01 72.61 72.33 72.17 72.13 72.21 72.40 72.69 73.08 73.58 74.17 74.85 75.62 76.48 77.41 78.42 79.50 80.58 81.36 81.68 81.56 81.02 80.16 79.06 77.77 76.35 75.03 73.97 73.18 72.63 72.32 72.22 72.32 72.61 73.06 73.66 74.39 75.25 76.20 77.24 78.35 79.51 80.71 81.96 83.26 84.56 85.83 87.11 88.50 89.97 91.54 93.15 94.76 96.37 97.95 99.52 101.05 102.54 103.99 105.38 106.72 108.00 109.20 110.33 111.37 112.32 113.18 113.93 114.61 115.25 115.87 116.47 117.04 117.55 118.00
72.58 71.82 71.43 71.26 71.23 71.32 71.55 71.90 72.37 72.96 73.66 74.47 75.39 76.41 77.53 78.74 80.04 81.35 82.37 82.93 83.05 82.74 82.03 81.00 79.73 78.27 76.66 74.96 73.40 72.12 71.12 70.40 69.93 69.70 69.68 69.87 70.25 70.81 71.51 72.36 73.33 74.41 75.58 76.86 78.24 79.69 81.17 82.64 84.12 85.69 87.33 89.05 90.82 92.61 94.37 96.09 97.76 99.38 100.94 102.42 103.84 105.17 106.41 107.56 108.61 109.55 110.37 111.08 111.69 112.26 112.80 113.31 113.80 114.24 114.62 114.94
72.05 71.14 70.69 70.58 70.69 70.95 71.35 71.89 72.56 73.36 74.30 75.35 76.53 77.82 79.22 80.73 82.27 83.52 84.31 84.66 84.57 84.08 83.20 82.01 80.58 78.96 77.19 75.31 73.39 71.63 70.18 69.03 68.18 67.60 67.28 67.21 67.36 67.72 68.27 69.00 69.90 70.94 72.14 73.51 75.01 76.59 78.23 79.87 81.53 83.26 85.05 86.89 88.78 90.69 92.59 94.43 96.20 97.90 99.50 101.02 102.44 103.75 104.95 106.03 106.99 107.81 108.50 109.08 109.60 110.09 110.54 110.95 111.32 111.65 111.91 112.12
72.01 71.00 70.47 70.36 70.59 71.02 71.62 72.37 73.27 74.31 75.49 76.81 78.27 79.86 81.57 83.32 84.79 85.80 86.37 86.51 86.23 85.56 84.51 83.17 81.59 79.81 77.89 75.86 73.76 71.66 69.76 68.19 66.95 66.02 65.38 65.03 64.94 65.10 65.49 66.10 66.91 67.94 69.19 70.64 72.23 73.93 75.69 77.49 79.31 81.18 83.10 85.05 87.02 89.01 90.99 92.94 94.80 96.55 98.20 99.73 101.14 102.42 103.56 104.56 105.42 106.12 106.69 107.20 107.67 108.08 108.45 108.77 109.04 109.25 109.41 109.52
72.41 71.34 70.78 70.68 70.97 71.57 72.38 73.36 74.51 75.81 77.27 78.88 80.64 82.55 84.50 86.18 87.41 88.18 88.53 88.46 88.00 87.15 85.95 84.46 82.73 80.81 78.74 76.56 74.32 72.06 69.84 67.84 66.20 64.91 63.95 63.31 62.98 62.93 63.15 63.62 64.38 65.42 66.71 68.20 69.87 71.66 73.54 75.47 77.42 79.42 81.44 83.48 85.52 87.56 89.58 91.57 93.50 95.31 96.98 98.51 99.90 101.14 102.21 103.12 103.86 104.46 104.99 105.46 105.87 106.22 106.52 106.75 106.93 107.05 107.11 107.12
73.22 72.13 71.58 71.52 71.89 72.62 73.65 74.88 76.30 77.89 79.65 81.57 83.66 85.81 87.69 89.12 90.10 90.64 90.77 90.51 89.86 88.85 87.50 85.86 83.99 81.93 79.72 77.41 75.03 72.63 70.25 67.96 65.92 64.26 62.97 62.04 61.44 61.17 61.22 61.60 62.32 63.35 64.65 66.18 67.90 69.77 71.74 73.78 75.85 77.94 80.05 82.15 84.25 86.32 88.35 90.34 92.28 94.11 95.80 97.33 98.68 99.86 100.86 101.67 102.32 102.89 103.39 103.83 104.20 104.50 104.73 104.89 104.99 105.01 104.99 104.91
74.39 73.32 72.83 72.86 73.34 74.23 75.46 76.95 78.66 80.55 82.63 84.89 87.23 89.31 90.93 92.10 92.83 93.15 93.08 92.62 91.80 90.63 89.14 87.36 85.35 83.16 80.82 78.37 75.86 73.33 70.83 68.38 66.07 64.04 62.41 61.17 60.31 59.82 59.72 60.03 60.70 61.71 63.00 64.54 66.30 68.21 70.26 72.38 74.55 76.72 78.89 81.04 83.16 85.24 87.27 89.24 91.14 92.94 94.63 96.13 97.44 98.55 99.46 100.19 100.84 101.40 101.89 102.30 102.64 102.90 103.08 103.18 103.20 103.15 103.04 102.89
75.88 74.88 74.48 74.64 75.29 76.37 77.82 79.59 81.60 83.83 86.25 88.77 91.03 92.83 94.18 95.10 95.60 95.70 95.42 94.78 93.79 92.47 90.84 88.93 86.80 84.47 82.00 79.43 76.80 74.15 71.52 68.95 66.50 64.21 62.24 60.69 59.56 58.88 58.67 58.89 59.50 60.45 61.72 63.25 65.02 66.96 69.06 71.25 73.50 75.73 77.94 80.11 82.24 84.31 86.32 88.24 90.07 91.80 93.42 94.88 96.13 97.17 98.01 98.76 99.41 99.99 100.47 100.87 101.18 101.41 101.54 101.59 101.55 101.43 101.25 101.03
77.64 76.75 76.50 76.83 77.69 79.00 80.73 82.79 85.14 87.72 90.41 92.85 94.82 96.35 97.44 98.11 98.38 98.27 97.79 96.97 95.81 94.35 92.59 90.56 88.30 85.85 83.26 80.57 77.82 75.05 72.31 69.63 67.06 64.64 62.43 60.57 59.21 58.38 58.04 58.15 58.67 59.56 60.78 62.28 64.03 65.99 68.11 70.36 72.65 74.92 77.15 79.33 81.45 83.49 85.44 87.30 89.05 90.68 92.19 93.54 94.72 95.71 96.58 97.36 98.04 98.63 99.12 99.52 99.82 100.02 100.12 100.12 100.03 99.84 99.61 99.34
79.65 78.91 78.84 79.39 80.49 82.09 84.12 86.53 89.26 92.14 94.75 96.89 98.58 99.84 100.67 101.10 101.15 100.83 100.17 99.17 97.86 96.25 94.36 92.22 89.84 87.28 84.58 81.77 78.91 76.03 73.17 70.39 67.71 65.18 62.86 60.84 59.29 58.29 57.80 57.78 58.19 58.99 60.14 61.59 63.31 65.26 67.39 69.67 71.99 74.28 76.51 78.67 80.75 82.74 84.63 86.40 88.05 89.56 90.92 92.13 93.22 94.24 95.17 95.99 96.71 97.32 97.83 98.23 98.53 98.71 98.79 98.76 98.62 98.39 98.10 97.78
81.85 81.30 81.46 82.27 83.66 85.58 87.97 90.76 93.80 96.64 99.01 100.88 102.29 103.28 103.86 104.06 103.89 103.37 102.52 101.36 99.90 98.16 96.15 93.89 91.41 88.74 85.93 83.01 80.04 77.06 74.10 71.21 68.43 65.81 63.45 61.42 59.76 58.58 57.92 57.75 58.03 58.72 59.77 61.16 62.83 64.74 66.86 69.14 71.48 73.77 75.97 78.10 80.12 82.04 83.84 85.50 87.02 88.39 89.60 90.69 91.74 92.78 93.76 94.64 95.40 96.05 96.58 97.00 97.30 97.48 97.55 97.49 97.32 97.04 96.72 96.36
84.20 83.90 84.32 85.43 87.16 89.44 92.23 95.34 98.34 100.94 103.09 104.76 105.92 106.65 106.99 106.96 106.58 105.87 104.85 103.52 101.91 100.05 97.93 95.56 92.97 90.20 87.29 84.28 81.21 78.12 75.07 72.08 69.21 66.56 64.21 62.19 60.51 59.21 58.37 58.03 58.15 58.71 59.65 60.95 62.54 64.41 66.49 68.76 71.09 73.35 75.52 77.58 79.53 81.35 83.04 84.57 85.95 87.16 88.25 89.30 90.34 91.36 92.35 93.29 94.11 94.80 95.37 95.81 96.13 96.32 96.38 96.31 96.11 95.80 95.45 95.06
86.67 86.64 87.38 88.83 90.94 93.63 96.74 99.81 102.56 104.93 106.89 108.40 109.41 109.93 110.04 109.79 109.21 108.31 107.11 105.63 103.89 101.90 99.68 97.21 94.53 91.66 88.65 85.54 82.38 79.20 76.06 72.99 70.10 67.47 65.14 63.12 61.42 60.07 59.10 58.57 58.53 58.93 59.75 60.92 62.43 64.22 66.25 68.48 70.78 73.00 75.10 77.08 78.94 80.64 82.20 83.59 84.80 85.89 86.95 87.99 89.01 90.02 91.00 91.94 92.81 93.56 94.18 94.65 94.99 95.20 95.26 95.19 94.97 94.65 94.27 93.87
89.21 89.50 90.60 92.44 94.96 97.99 101.05 103.87 106.38 108.55 110.34 111.72 112.63 113.06 112.99 112.53 111.75 110.67 109.31 107.68 105.80 103.70 101.38 98.82 96.04 93.08 89.98 86.79 83.54 80.28 77.05 73.97 71.12 68.52 66.20 64.17 62.46 61.07 60.03 59.36 59.13 59.36 60.02 61.06 62.45 64.15 66.10 68.28 70.53 72.68 74.70 76.58 78.32 79.89 81.29 82.51 83.61 84.66 85.71 86.75 87.76 88.75 89.71 90.64 91.52 92.32 92.99 93.51 93.89 94.11 94.19 94.12 93.91 93.56 93.18 92.77
91.78 92.44 93.93 96.19 99.06 102.04 104.84 107.42 109.72 111.71 113.37 114.63 115.48 115.86 115.75 115.15 114.18 112.93 111.41 109.64 107.64 105.42 103.00 100.36 97.50 94.45 91.27 87.99 84.66 81.33 78.10 75.07 72.25 69.68 67.37 65.33 63.59 62.16 61.05 60.30 59.91 59.96 60.44 61.33 62.58 64.16 66.02 68.13 70.30 72.36 74.28 76.04 77.63 79.05 80.28 81.38 82.45 83.51 84.55 85.58 86.58 87.56 88.50 89.41 90.27 91.08 91.80 92.38 92.80 93.06 93.16 93.11 92.89 92.55 92.16 91.75
94.33 95.40 97.33 99.95 102.77 105.47 108.02 110.38 112.50 114.35 115.88 117.07 117.87 118.24 118.15 117.56 116.49 115.07 113.39 111.49 109.37 107.05 104.55 101.82 98.88 95.76 92.50 89.15 85.75 82.42 79.25 76.27 73.49 70.94 68.62 66.57 64.79 63.31 62.14 61.30 60.81 60.68 60.98 61.69 62.79 64.23 65.98 67.98 70.06 72.02 73.81 75.43 76.86 78.11 79.21 80.29 81.36 82.41 83.46 84.48 85.48 86.44 87.37 88.25 89.09 89.88 90.61 91.23 91.71 92.01 92.15 92.12 91.92 91.58 91.20 90.80
96.83 98.35 100.65 103.21 105.75 108.19 110.52 112.68 114.64 116.37 117.81 118.95 119.73 120.12 120.08 119.57 118.56 117.06 115.25 113.21 110.98 108.57 105.98 103.18 100.17 96.97 93.64 90.23 86.84 83.58 80.48 77.54 74.79 72.25 69.94 67.86 66.05 64.51 63.26 62.33 61.73 61.48 61.60 62.12 63.04 64.32 65.93 67.82 69.79 71.61 73.26 74.71 75.97 77.09 78.17 79.25 80.33 81.39 82.43 83.45 84.44 85.39 86.30 87.17 87.99 88.75 89.45 90.08 90.61 90.97 91.15 91.15 90.97 90.65 90.29 89.91
99.24 101.13 103.37 105.64 107.91 110.12 112.25 114.24 116.08 117.70 119.09 120.19 120.98 121.41 121.45 121.05 120.18 118.80 116.95 114.79 112.45 109.95 107.29 104.42 101.34 98.08 94.70 91.30 88.00 84.81 81.76 78.87 76.14 73.61 71.28 69.18 67.32 65.72 64.40 63.37 62.66 62.27 62.24 62.57 63.30 64.41 65.86 67.60 69.44 71.11 72.59 73.86 74.99 76.09 77.19 78.28 79.36 80.43 81.47 82.48 83.46 84.40 85.30 86.16 86.95 87.69 88.37 88.97 89.50 89.91 90.14 90.19 90.04 89.75 89.41 89.07
101.38 103.21 105.15 107.16 109.18 111.19 113.14 114.99 116.72 118.28 119.62 120.73 121.55 122.04 122.18 121.92 121.22 120.05 118.36 116.20 113.77 111.18 108.45 105.52 102.38 99.07 95.71 92.41 89.19 86.07 83.08 80.22 77.51 74.98 72.63 70.50 68.59 66.92 65.52 64.39 63.56 63.04 62.85 63.01 63.54 64.45 65.72 67.31 68.99 70.49 71.78 72.93 74.04 75.16 76.27 77.37 78.46 79.53 80.57 81.58 82.55 83.49 84.37 85.21 85.99 86.70 87.35 87.93 88.42 88.84 89.12 89.22 89.12 88.86 88.56 88.26
102.74 104.26 105.92 107.67 109.48 111.30 113.11 114.85 116.50 118.01 119.35 120.47 121.35 121.94 122.21 122.11 121.61 120.66 119.24 117.31 114.90 112.24 109.45 106.46 103.28 100.00 96.75 93.54 90.40 87.35 84.40 81.57 78.87 76.34 73.97 71.80 69.83 68.09 66.60 65.36 64.40 63.74 63.40 63.38 63.72 64.42 65.49 66.90 68.40 69.72 70.88 72.01 73.15 74.28 75.41 76.52 77.62 78.69 79.73 80.74 81.71 82.63 83.51 84.33 85.09 85.78 86.41 86.95 87.42 87.80 88.08 88.23 88.18 87.97 87.72 87.50
102.96 104.19 105.59 107.11 108.73 110.40 112.08 113.74 115.33 116.82 118.18 119.36 120.32 121.03 121.45 121.53 121.25 120.57 119.44 117.83 115.70 113.10 110.26 107.23 104.09 100.93 97.78 94.67 91.61 88.61 85.70 82.89 80.21 77.66 75.27 73.05 71.02 69.20 67.61 66.26 65.18 64.37 63.86 63.66 63.80 64.29 65.14 66.34 67.65 68.84 69.99 71.15 72.31 73.46 74.60 75.73 76.83 77.91 78.95 79.96 80.93 81.84 82.71 83.52 84.26 84.93 85.53 86.05 86.49 86.83 87.08 87.23 87.23 87.07 86.92 86.92
101.96 102.93 104.09 105.42 106.87 108.41 109.99 111.59 113.15 114.65 116.05 117.30 118.38 119.23 119.83 120.13 120.10 119.70 118.88 117.62 115.88 113.61 110.87 107.90 104.88 101.84 98.80 95.77 92.78 89.84 86.96 84.17 81.49 78.92 76.50 74.23 72.13 70.23 68.54 67.07 65.85 64.89 64.21 63.83 63.76 64.02 64.64 65.62 66.79 67.97 69.15 70.34 71.52 72.69 73.85 74.99 76.10 77.19 78.23 79.24 80.20 81.12 81.97 82.76 83.49 84.14 84.72 85.21 85.62 85.93 86.14 86.26 86.25 86.18 86.25 86.52
100.25 100.95 101.89 103.03 104.32 105.74 107.24 108.78 110.33 111.84 113.29 114.63 115.82 116.83 117.61 118.14 118.36 118.25 117.76 116.86 115.51 113.67 111.32 108.58 105.69 102.76 99.81 96.86 93.93 91.03 88.18 85.40 82.71 80.12 77.65 75.32 73.15 71.15 69.35 67.76 66.39 65.27 64.41 63.83 63.55 63.59 63.96 64.75 65.90 67.11 68.32 69.53 70.74 71.93 73.11 74.26 75.39 76.48 77.53 78.54 79.50 80.41 81.26 82.04 82.75 83.38 83.94 84.41 84.78 85.07 85.25 85.32 85.25 85.17 85.46 86.00
98.71 99.13 99.83 100.75 101.87 103.15 104.54 106.01 107.52 109.04 110.51 111.92 113.21 114.35 115.31 116.03 116.50 116.66 116.48 115.92 114.94 113.52 111.60 109.24 106.56 103.73 100.86 97.98 95.09 92.22 89.38 86.60 83.88 81.25 78.73 76.33 74.07 71.96 70.03 68.30 66.77 65.48 64.43 63.64 63.13 62.93 63.12 63.85 64.98 66.19 67.44 68.68 69.91 71.13 72.32 73.49 74.63 75.74 76.80 77.81 78.77 79.67 80.51 81.28 81.98 82.60 83.13 83.58 83.93 84.18 84.33 84.34 84.15 83.91 84.19 84.93
97.46 97.59 98.02 98.71 99.63 100.75 102.01 103.39 104.84 106.33 107.81 109.26 110.63 111.88 112.98 113.89 114.57 114.98 115.09 114.85 114.24 113.20 111.69 109.73 107.39 104.73 101.94 99.10 96.24 93.39 90.55 87.75 84.99 82.31 79.72 77.23 74.86 72.64 70.57 68.68 66.98 65.49 64.24 63.22 62.48 62.10 62.24 62.95 64.05 65.24 66.50 67.77 69.03 70.27 71.49 72.68 73.83 74.94 76.01 77.03 77.99 78.89 79.73 80.49 81.18 81.78 82.30 82.73 83.05 83.28 83.37 83.25 82.90 82.50 82.62 83.35
96.48 96.33 96.47 96.91 97.62 98.54 99.65 100.91 102.28 103.72 105.20 106.67 108.09 109.43 110.66 111.73 112.60 113.23 113.60 113.68 113.41 112.74 111.59 110.00 108.03 105.68 103.01 100.21 97.37 94.52 91.66 88.83 86.02 83.27 80.59 78.00 75.52 73.16 70.94 68.87 66.99 65.30 63.82 62.57 61.65 61.23 61.36 62.05 63.12 64.29 65.52 66.80 68.09 69.36 70.60 71.81 72.98 74.11 75.19 76.21 77.18 78.08 78.91 79.67 80.35 80.94 81.44 81.85 82.15 82.33 82.29 82.02 81.52 80.98 80.95 81.53
95.56 95.33 95.21 95.37 95.83 96.55 97.49 98.61 99.87 101.24 102.68 104.15 105.61 107.02 108.34 109.55 110.59 111.43 112.06 112.44 112.49 112.13 111.31 110.05 108.41 106.38 103.99 101.29 98.46 95.59 92.70 89.82 86.95 84.12 81.34 78.63 76.01 73.50 71.11 68.86 66.77 64.86 63.15 61.74 60.78 60.35 60.47 61.14 62.18 63.33 64.54 65.80 67.10 68.39 69.66 70.89 72.08 73.22 74.32 75.35 76.32 77.23 78.06 78.81 79.48 80.07 80.55 80.94 81.20 81.26 81.07 80.66 80.03 79.36 79.20 79.62
