data_processed/recharge/precip/Precip_2012_01.asc
ncols        168
nrows        136
xllcorner    455000
yllcorner    2107000
cellsize     500
NODATA_value     -99999
[rows 36 to 71 of 136, columns 0 to 79 of 168]
21.89 22.07 22.23 22.36 22.47 22.55 22.61 22.64 22.65 22.62 22.57 22.49 22.39 22.26 22.11 21.94 21.76 21.56 21.37 21.19 21.01 20.84 20.66 20.48 20.30 20.11 19.92 19.73 19.54 19.34 19.14 18.94 18.74 18.54 18.34 18.13 17.93 17.73 17.53 17.33 17.14 16.94 16.75 16.56 16.38 16.20 16.02 15.85 15.68 15.52 15.37 15.22 15.07 14.94 14.81 14.68 14.57 14.46 14.37 14.28 14.20 14.13 14.07 14.02 13.98 13.96 13.94 13.94 13.95 13.98 14.03 14.10 14.19 14.29 14.38 14.48 14.57 14.65 14.72 14.77
22.35 22.54 22.71 22.85 22.96 23.05 23.11 23.15 23.15 23.13 23.08 23.00 22.90 22.76 22.60 22.42 22.22 22.01 21.80 21.60 21.41 21.21 21.01 20.81 20.60 20.39 20.18 19.96 19.75 19.53 19.31 19.09 18.87 18.65 18.42 18.20 17.99 17.77 17.55 17.34 17.13 16.92 16.71 16.51 16.32 16.12 15.93 15.75 15.57 15.40 15.24 15.08 14.93 14.78 14.64 14.51 14.39 14.28 14.18 14.09 14.00 13.93 13.87 13.82 13.78 13.75 13.74 13.73 13.74 13.77 13.81 13.88 13.97 14.06 14.16 14.25 14.33 14.40 14.45 14.48
22.79 22.99 23.16 23.31 23.43 23.52 23.59 23.63 23.64 23.62 23.57 23.49 23.38 23.24 23.08 22.88 22.67 22.44 22.22 22.00 21.78 21.56 21.34 21.11 20.88 20.65 20.41 20.17 19.93 19.69 19.45 19.21 18.97 18.73 18.50 18.26 18.02 17.79 17.56 17.33 17.10 16.88 16.66 16.45 16.24 16.03 15.83 15.64 15.45 15.27 15.09 14.93 14.77 14.61 14.47 14.33 14.21 14.09 13.98 13.89 13.80 13.73 13.66 13.61 13.57 13.54 13.52 13.52 13.53 13.56 13.60 13.66 13.75 13.84 13.93 14.01 14.08 14.13 14.16 14.17
23.20 23.41 23.59 23.75 23.87 23.97 24.04 24.09 24.10 24.08 24.03 23.96 23.85 23.71 23.54 23.33 23.10 22.86 22.62 22.38 22.14 21.89 21.64 21.39 21.14 20.88 20.62 20.36 20.10 19.84 19.58 19.32 19.06 18.80 18.55 18.29 18.04 17.79 17.54 17.30 17.06 16.82 16.59 16.36 16.14 15.92 15.71 15.51 15.31 15.12 14.94 14.76 14.59 14.43 14.28 14.14 14.01 13.89 13.78 13.68 13.59 13.51 13.44 13.39 13.35 13.32 13.30 13.30 13.31 13.34 13.38 13.44 13.52 13.61 13.69 13.76 13.80 13.83 13.84 13.84
23.59 23.80 23.99 24.15 24.29 24.39 24.47 24.51 24.53 24.52 24.47 24.39 24.29 24.14 23.97 23.76 23.52 23.26 23.00 22.74 22.47 22.20 21.92 21.65 21.37 21.09 20.81 20.53 20.25 19.97 19.69 19.41 19.13 18.86 18.58 18.31 18.04 17.77 17.51 17.25 17.00 16.75 16.50 16.26 16.03 15.80 15.58 15.36 15.16 14.96 14.76 14.58 14.40 14.24 14.08 13.93 13.80 13.67 13.56 13.45 13.36 13.28 13.21 13.16 13.11 13.08 13.07 13.07 13.08 13.11 13.16 13.22 13.29 13.37 13.44 13.48 13.51 13.52 13.52 13.50
23.94 24.16 24.36 24.53 24.67 24.78 24.86 24.91 24.93 24.92 24.88 24.80 24.69 24.55 24.38 24.17 23.93 23.65 23.36 23.07 22.78 22.48 22.18 21.88 21.58 21.28 20.98 20.68 20.38 20.08 19.78 19.48 19.18 18.89 18.60 18.31 18.02 17.74 17.46 17.19 16.92 16.66 16.40 16.14 15.90 15.66 15.43 15.20 14.99 14.78 14.58 14.38 14.20 14.03 13.87 13.71 13.57 13.44 13.32 13.21 13.12 13.04 12.97 12.91 12.87 12.84 12.83 12.83 12.84 12.87 12.92 12.98 13.06 13.12 13.17 13.19 13.20 13.19 13.17 13.14
24.25 24.49 24.69 24.87 25.02 25.14 25.23 25.28 25.31 25.30 25.26 25.19 25.08 24.95 24.77 24.56 24.31 24.03 23.72 23.40 23.08 22.76 22.44 22.12 21.79 21.47 21.14 20.82 20.50 20.18 19.86 19.54 19.22 18.91 18.60 18.30 17.99 17.70 17.40 17.11 16.83 16.55 16.28 16.02 15.76 15.51 15.27 15.03 14.80 14.59 14.38 14.18 13.99 13.81 13.64 13.48 13.33 13.20 13.07 12.96 12.87 12.78 12.71 12.65 12.61 12.58 12.57 12.57 12.58 12.62 12.67 12.73 12.81 12.86 12.88 12.89 12.88 12.86 12.82 12.77
24.52 24.77 24.99 25.18 25.34 25.47 25.56 25.63 25.66 25.66 25.63 25.56 25.46 25.33 25.15 24.94 24.68 24.39 24.07 23.73 23.39 23.04 22.69 22.35 22.00 21.65 21.30 20.96 20.62 20.27 19.93 19.60 19.26 18.93 18.60 18.28 17.96 17.65 17.34 17.03 16.74 16.44 16.16 15.88 15.61 15.35 15.09 14.85 14.61 14.38 14.17 13.96 13.76 13.57 13.40 13.23 13.08 12.94 12.81 12.70 12.60 12.51 12.44 12.38 12.33 12.30 12.29 12.29 12.31 12.35 12.40 12.46 12.53 12.58 12.59 12.58 12.55 12.51 12.46 12.39
24.76 25.03 25.26 25.46 25.63 25.77 25.88 25.96 26.00 26.01 25.98 25.92 25.83 25.70 25.52 25.30 25.04 24.73 24.41 24.06 23.69 23.32 22.95 22.58 22.21 21.83 21.47 21.10 20.73 20.37 20.01 19.65 19.30 18.95 18.60 18.26 17.92 17.59 17.27 16.95 16.63 16.33 16.03 15.74 15.46 15.18 14.92 14.66 14.41 14.17 13.95 13.73 13.52 13.33 13.15 12.98 12.82 12.67 12.54 12.42 12.32 12.22 12.15 12.09 12.04 12.01 12.00 12.00 12.02 12.05 12.10 12.16 12.22 12.27 12.28 12.26 12.22 12.16 12.09 12.01
24.97 25.25 25.50 25.72 25.91 26.06 26.18 26.27 26.32 26.34 26.33 26.28 26.19 26.06 25.88 25.65 25.37 25.06 24.73 24.37 24.00 23.60 23.21 22.81 22.41 22.02 21.63 21.24 20.85 20.46 20.08 19.70 19.33 18.96 18.60 18.24 17.88 17.53 17.19 16.86 16.53 16.21 15.90 15.59 15.30 15.01 14.73 14.46 14.20 13.96 13.72 13.49 13.28 13.08 12.89 12.71 12.54 12.39 12.25 12.13 12.02 11.93 11.85 11.79 11.74 11.71 11.69 11.69 11.71 11.74 11.78 11.83 11.90 11.94 11.95 11.93 11.88 11.81 11.72 11.62
25.16 25.46 25.73 25.96 26.16 26.33 26.47 26.57 26.64 26.67 26.67 26.63 26.54 26.40 26.21 25.97 25.69 25.37 25.03 24.67 24.29 23.88 23.47 23.04 22.62 22.21 21.79 21.38 20.96 20.56 20.15 19.76 19.36 18.97 18.59 18.21 17.84 17.47 17.12 16.76 16.42 16.08 15.76 15.44 15.13 14.83 14.54 14.26 13.99 13.73 13.48 13.25 13.03 12.81 12.62 12.43 12.26 12.10 11.96 11.83 11.72 11.62 11.54 11.47 11.42 11.39 11.37 11.37 11.38 11.41 11.44 11.49 11.55 11.59 11.60 11.57 11.52 11.44 11.34 11.23
25.32 25.64 25.93 26.19 26.41 26.60 26.75 26.87 26.95 27.00 27.01 26.97 26.87 26.73 26.53 26.29 26.00 25.67 25.32 24.95 24.56 24.15 23.72 23.28 22.84 22.39 21.95 21.52 21.08 20.65 20.23 19.81 19.39 18.99 18.58 18.19 17.80 17.41 17.04 16.67 16.31 15.96 15.62 15.28 14.96 14.65 14.34 14.05 13.77 13.50 13.24 13.00 12.76 12.55 12.34 12.15 11.97 11.80 11.65 11.52 11.40 11.30 11.21 11.15 11.09 11.06 11.04 11.03 11.03 11.05 11.08 11.12 11.18 11.22 11.22 11.20 11.14 11.06 10.96 10.84
25.47 25.82 26.13 26.40 26.64 26.85 27.02 27.16 27.26 27.33 27.34 27.29 27.19 27.04 26.83 26.58 26.29 25.95 25.60 25.22 24.82 24.41 23.97 23.52 23.06 22.59 22.12 21.66 21.20 20.75 20.31 19.86 19.43 19.00 18.58 18.16 17.75 17.35 16.96 16.57 16.20 15.83 15.47 15.12 14.79 14.46 14.14 13.84 13.54 13.26 13.00 12.74 12.50 12.27 12.05 11.85 11.67 11.50 11.34 11.20 11.08 10.97 10.88 10.81 10.75 10.71 10.69 10.67 10.67 10.68 10.70 10.74 10.79 10.83 10.83 10.80 10.75 10.67 10.56 10.43
25.61 25.98 26.31 26.61 26.88 27.11 27.30 27.46 27.58 27.64 27.65 27.60 27.49 27.33 27.12 26.86 26.56 26.22 25.86 25.48 25.07 24.65 24.20 23.75 23.27 22.78 22.30 21.81 21.33 20.86 20.39 19.92 19.47 19.01 18.57 18.14 17.71 17.29 16.88 16.47 16.08 15.70 15.32 14.96 14.61 14.27 13.94 13.62 13.32 13.02 12.74 12.48 12.23 11.99 11.76 11.55 11.36 11.18 11.02 10.88 10.75 10.63 10.54 10.46 10.40 10.35 10.32 10.29 10.28 10.28 10.30 10.34 10.39 10.42 10.42 10.39 10.34 10.25 10.15 10.02
25.74 26.13 26.49 26.82 27.11 27.36 27.58 27.76 27.88 27.95 27.94 27.88 27.77 27.60 27.38 27.12 26.82 26.47 26.11 25.72 25.31 24.87 24.43 23.96 23.48 22.98 22.47 21.96 21.46 20.96 20.47 19.98 19.50 19.03 18.57 18.11 17.67 17.23 16.80 16.38 15.97 15.57 15.18 14.80 14.43 14.08 13.73 13.40 13.09 12.78 12.49 12.21 11.95 11.70 11.47 11.25 11.05 10.86 10.69 10.54 10.41 10.29 10.19 10.11 10.04 9.98 9.93 9.90 9.88 9.87 9.89 9.92 9.97 10.00 10.00 9.97 9.91 9.83 9.72 9.59
25.86 26.29 26.68 27.03 27.35 27.63 27.87 28.05 28.17 28.23 28.22 28.15 28.03 27.86 27.64 27.37 27.06 26.71 26.34 25.94 25.53 25.09 24.63 24.16 23.67 23.17 22.65 22.12 21.60 21.07 20.56 20.05 19.55 19.06 18.57 18.09 17.63 17.17 16.72 16.28 15.86 15.44 15.03 14.64 14.26 13.89 13.53 13.18 12.85 12.54 12.23 11.94 11.67 11.41 11.17 10.94 10.73 10.54 10.36 10.20 10.06 9.94 9.83 9.74 9.66 9.59 9.53 9.49 9.46 9.45 9.46 9.49 9.53 9.56 9.56 9.53 9.47 9.38 9.28 9.15
25.99 26.45 26.87 27.25 27.60 27.90 28.15 28.33 28.44 28.49 28.48 28.41 28.28 28.10 27.87 27.60 27.28 26.93 26.56 26.16 25.73 25.29 24.83 24.35 23.86 23.35 22.82 22.28 21.74 21.19 20.65 20.12 19.60 19.08 18.58 18.08 17.59 17.11 16.65 16.19 15.75 15.31 14.89 14.48 14.08 13.69 13.32 12.96 12.62 12.29 11.97 11.67 11.39 11.12 10.87 10.63 10.41 10.21 10.03 9.86 9.71 9.58 9.46 9.35 9.26 9.18 9.11 9.06 9.03 9.01 9.02 9.04 9.08 9.11 9.11 9.07 9.01 8.93 8.82 8.69
26.12 26.61 27.07 27.48 27.86 28.17 28.42 28.59 28.70 28.74 28.72 28.64 28.51 28.32 28.09 27.81 27.50 27.14 26.76 26.36 25.93 25.48 25.02 24.53 24.03 23.51 22.98 22.44 21.88 21.32 20.76 20.20 19.65 19.12 18.59 18.07 17.56 17.06 16.58 16.10 15.64 15.19 14.75 14.32 13.91 13.50 13.12 12.75 12.39 12.04 11.72 11.40 11.11 10.83 10.56 10.32 10.09 9.88 9.69 9.51 9.36 9.21 9.08 8.96 8.85 8.76 8.68 8.63 8.58 8.56 8.56 8.58 8.62 8.65 8.64 8.61 8.55 8.46 8.36 8.23
26.27 26.79 27.28 27.73 28.11 28.42 28.66 28.83 28.93 28.96 28.94 28.86 28.72 28.53 28.30 28.01 27.69 27.33 26.95 26.54 26.11 25.66 25.19 24.70 24.19 23.67 23.13 22.58 22.02 21.45 20.87 20.29 19.72 19.16 18.61 18.07 17.54 17.02 16.51 16.02 15.54 15.07 14.61 14.16 13.73 13.32 12.92 12.53 12.16 11.80 11.46 11.13 10.82 10.53 10.26 10.00 9.77 9.55 9.34 9.16 8.99 8.83 8.68 8.55 8.43 8.33 8.24 8.18 8.13 8.10 8.10 8.11 8.15 8.18 8.17 8.14 8.08 7.99 7.88 7.76
26.43 26.99 27.51 27.97 28.35 28.65 28.89 29.05 29.14 29.17 29.14 29.06 28.92 28.72 28.48 28.20 27.87 27.51 27.13 26.71 26.28 25.82 25.35 24.85 24.34 23.81 23.27 22.72 22.15 21.57 20.98 20.38 19.79 19.21 18.63 18.07 17.52 16.98 16.46 15.94 15.44 14.95 14.48 14.01 13.57 13.13 12.72 12.31 11.93 11.56 11.20 10.86 10.54 10.24 9.96 9.69 9.44 9.21 9.00 8.80 8.61 8.44 8.28 8.13 8.00 7.89 7.80 7.72 7.67 7.63 7.62 7.64 7.67 7.70 7.69 7.65 7.59 7.51 7.40 7.27
26.60 27.20 27.74 28.19 28.57 28.87 29.09 29.25 29.34 29.36 29.33 29.24 29.09 28.90 28.66 28.37 28.04 27.68 27.29 26.87 26.44 25.98 25.50 25.00 24.48 23.95 23.40 22.84 22.27 21.68 21.08 20.48 19.87 19.26 18.67 18.08 17.51 16.95 16.40 15.87 15.35 14.84 14.35 13.87 13.40 12.95 12.52 12.10 11.70 11.32 10.95 10.60 10.26 9.95 9.65 9.37 9.12 8.88 8.65 8.43 8.23 8.04 7.86 7.70 7.56 7.44 7.34 7.26 7.19 7.16 7.14 7.15 7.19 7.21 7.20 7.17 7.10 7.02 6.91 6.79
26.80 27.41 27.94 28.39 28.76 29.06 29.28 29.43 29.52 29.54 29.50 29.41 29.26 29.06 28.81 28.53 28.20 27.83 27.44 27.02 26.58 26.12 25.64 25.13 24.61 24.08 23.52 22.96 22.38 21.79 21.18 20.57 19.95 19.33 18.71 18.11 17.51 16.93 16.36 15.81 15.27 14.74 14.23 13.73 13.25 12.78 12.33 11.90 11.48 11.08 10.70 10.33 9.99 9.66 9.35 9.06 8.79 8.53 8.29 8.05 7.83 7.63 7.44 7.27 7.12 6.99 6.87 6.78 6.72 6.67 6.66 6.66 6.69 6.72 6.71 6.67 6.61 6.52 6.42 6.29
26.99 27.61 28.13 28.57 28.94 29.23 29.45 29.59 29.68 29.69 29.65 29.56 29.41 29.20 28.96 28.67 28.34 27.97 27.58 27.16 26.71 26.25 25.76 25.26 24.73 24.19 23.64 23.06 22.48 21.88 21.28 20.66 20.03 19.40 18.77 18.14 17.52 16.92 16.33 15.75 15.19 14.65 14.11 13.60 13.10 12.61 12.15 11.70 11.26 10.85 10.45 10.07 9.72 9.38 9.05 8.75 8.46 8.18 7.92 7.67 7.43 7.21 7.01 6.83 6.67 6.52 6.40 6.31 6.23 6.19 6.16 6.17 6.20 6.22 6.21 6.17 6.11 6.03 5.92 5.80
27.17 27.78 28.30 28.74 29.10 29.38 29.59 29.74 29.82 29.83 29.79 29.69 29.54 29.33 29.09 28.79 28.46 28.09 27.70 27.28 26.83 26.37 25.88 25.37 24.84 24.30 23.74 23.16 22.57 21.97 21.36 20.74 20.11 19.47 18.83 18.18 17.54 16.92 16.31 15.71 15.13 14.56 14.01 13.47 12.96 12.46 11.97 11.50 11.06 10.63 10.21 9.82 9.45 9.09 8.76 8.44 8.13 7.83 7.55 7.28 7.03 6.79 6.58 6.39 6.21 6.06 5.93 5.83 5.75 5.69 5.67 5.67 5.70 5.72 5.71 5.67 5.61 5.52 5.42 5.30
27.33 27.93 28.44 28.88 29.23 29.52 29.72 29.87 29.94 29.95 29.91 29.81 29.65 29.45 29.20 28.91 28.57 28.21 27.81 27.39 26.94 26.48 25.99 25.48 24.95 24.40 23.83 23.25 22.66 22.06 21.44 20.81 20.18 19.53 18.88 18.23 17.57 16.93 16.29 15.67 15.07 14.49 13.91 13.36 12.82 12.30 11.80 11.32 10.85 10.41 9.98 9.57 9.19 8.82 8.46 8.12 7.79 7.47 7.17 6.89 6.62 6.37 6.14 5.94 5.75 5.59 5.46 5.34 5.26 5.20 5.17 5.17 5.20 5.22 5.21 5.17 5.11 5.02 4.92 4.80
27.46 28.06 28.57 29.00 29.35 29.63 29.84 29.97 30.05 30.06 30.01 29.91 29.75 29.55 29.30 29.00 28.67 28.30 27.91 27.49 27.04 26.57 26.08 25.57 25.04 24.49 23.92 23.34 22.74 22.13 21.51 20.88 20.24 19.59 18.94 18.28 17.61 16.95 16.29 15.65 15.03 14.42 13.83 13.26 12.70 12.16 11.64 11.14 10.66 10.20 9.76 9.33 8.93 8.54 8.16 7.79 7.44 7.11 6.79 6.49 6.21 5.95 5.71 5.49 5.29 5.12 4.98 4.86 4.77 4.71 4.67 4.67 4.69 4.71 4.70 4.67 4.60 4.52 4.42 4.30
27.57 28.17 28.67 29.10 29.45 29.73 29.93 30.07 30.14 30.15 30.10 29.99 29.84 29.63 29.38 29.09 28.76 28.39 27.99 27.57 27.13 26.66 26.16 25.65 25.12 24.57 24.00 23.41 22.81 22.20 21.58 20.94 20.30 19.64 18.98 18.32 17.65 16.98 16.31 15.64 15.00 14.37 13.76 13.17 12.59 12.03 11.50 10.98 10.48 10.00 9.54 9.10 8.67 8.26 7.86 7.47 7.10 6.75 6.41 6.10 5.80 5.52 5.27 5.04 4.84 4.66 4.50 4.38 4.28 4.21 4.17 4.17 4.19 4.21 4.20 4.17 4.10 4.02 3.92 3.80
27.67 28.25 28.76 29.18 29.53 29.80 30.01 30.14 30.21 30.22 30.17 30.06 29.91 29.70 29.45 29.16 28.83 28.46 28.07 27.65 27.20 26.73 26.24 25.72 25.19 24.64 24.07 23.48 22.88 22.26 21.64 21.00 20.35 19.69 19.03 18.36 17.68 17.01 16.33 15.65 14.98 14.33 13.70 13.09 12.49 11.92 11.36 10.82 10.31 9.81 9.33 8.87 8.42 7.98 7.56 7.15 6.76 6.39 6.03 5.70 5.39 5.10 4.84 4.59 4.38 4.19 4.03 3.89 3.79 3.72 3.68 3.67 3.70 3.71 3.70 3.67 3.61 3.53 3.43 3.31
27.74 28.32 28.82 29.25 29.59 29.86 30.06 30.20 30.26 30.27 30.22 30.12 29.96 29.76 29.51 29.22 28.89 28.52 28.13 27.71 27.27 26.80 26.30 25.79 25.25 24.70 24.13 23.54 22.94 22.32 21.69 21.05 20.40 19.73 19.07 18.39 17.71 17.03 16.35 15.66 14.98 14.31 13.65 13.02 12.40 11.81 11.23 10.68 10.14 9.63 9.13 8.64 8.16 7.70 7.26 6.83 6.42 6.03 5.66 5.31 4.98 4.68 4.40 4.15 3.92 3.73 3.56 3.42 3.31 3.23 3.19 3.18 3.20 3.22 3.21 3.17 3.12 3.04 2.94 2.82
27.79 28.37 28.87 29.29 29.63 29.90 30.10 30.23 30.30 30.31 30.26 30.16 30.00 29.80 29.55 29.26 28.93 28.57 28.18 27.76 27.32 26.85 26.36 25.84 25.31 24.75 24.18 23.59 22.99 22.37 21.74 21.09 20.44 19.77 19.10 18.42 17.74 17.06 16.37 15.68 14.99 14.30 13.62 12.97 12.33 11.72 11.12 10.55 9.99 9.45 8.92 8.41 7.91 7.42 6.96 6.51 6.08 5.67 5.29 4.92 4.58 4.26 3.97 3.71 3.47 3.27 3.09 2.94 2.83 2.75 2.70 2.69 2.71 2.73 2.72 2.69 2.63 2.55 2.45 2.34
27.82 28.40 28.90 29.31 29.66 29.93 30.12 30.26 30.32 30.33 30.28 30.18 30.03 29.82 29.58 29.29 28.97 28.61 28.22 27.80 27.36 26.89 26.40 25.89 25.35 24.80 24.23 23.64 23.03 22.41 21.78 21.13 20.47 19.81 19.13 18.45 17.77 17.08 16.38 15.69 14.99 14.30 13.61 12.93 12.28 11.64 11.02 10.43 9.85 9.28 8.72 8.18 7.66 7.15 6.67 6.20 5.75 5.32 4.92 4.54 4.18 3.85 3.55 3.27 3.03 2.81 2.63 2.48 2.36 2.27 2.22 2.21 2.23 2.25 2.24 2.21 2.15 2.07 1.98 1.87
27.83 28.41 28.90 29.32 29.66 29.93 30.13 30.26 30.33 30.34 30.29 30.19 30.04 29.84 29.59 29.31 28.99 28.63 28.25 27.83 27.39 26.93 26.44 25.93 25.39 24.84 24.27 23.68 23.07 22.45 21.81 21.17 20.51 19.84 19.16 18.48 17.79 17.10 16.40 15.70 15.00 14.30 13.60 12.91 12.23 11.58 10.94 10.32 9.71 9.11 8.53 7.96 7.42 6.89 6.38 5.89 5.42 4.98 4.56 4.16 3.79 3.45 3.13 2.85 2.59 2.37 2.18 2.02 1.89 1.81 1.75 1.74 1.76 1.78 1.77 1.74 1.68 1.61 1.51 1.40
27.82 28.39 28.89 29.31 29.65 29.92 30.12 30.25 30.32 30.33 30.28 30.18 30.03 29.84 29.60 29.32 29.00 28.64 28.26 27.85 27.41 26.95 26.46 25.95 25.42 24.87 24.30 23.71 23.10 22.48 21.84 21.20 20.54 19.87 19.19 18.50 17.81 17.11 16.41 15.71 15.01 14.30 13.60 12.90 12.21 11.53 10.86 10.21 9.57 8.95 8.34 7.75 7.18 6.63 6.10 5.59 5.10 4.64 4.20 3.79 3.41 3.05 2.72 2.43 2.16 1.93 1.73 1.57 1.44 1.35 1.29 1.28 1.30 1.32 1.31 1.28 1.22 1.15 1.06 0.95
27.79 28.36 28.86 29.28 29.62 29.89 30.09 30.22 30.29 30.31 30.26 30.16 30.02 29.82 29.59 29.31 28.99 28.65 28.27 27.86 27.43 26.97 26.48 25.97 25.44 24.89 24.32 23.73 23.13 22.50 21.87 21.22 20.56 19.89 19.21 18.52 17.83 17.13 16.42 15.72 15.01 14.30 13.60 12.90 12.19 11.49 10.79 10.11 9.45 8.79 8.16 7.55 6.95 6.38 5.83 5.30 4.79 4.31 3.86 3.43 3.03 2.66 2.33 2.02 1.74 1.50 1.30 1.13 0.99 0.90 0.84 0.83 0.85 0.86 0.86 0.83 0.77 0.70 0.61 0.51
27.74 28.31 28.81 29.23 29.57 29.84 30.04 30.18 30.25 30.27 30.22 30.13 29.99 29.80 29.56 29.29 28.98 28.63 28.26 27.86 27.43 26.97 26.49 25.98 25.46 24.91 24.34 23.75 23.15 22.52 21.89 21.24 20.58 19.91 19.23 18.54 17.84 17.14 16.44 15.73 15.02 14.31 13.60 12.89 12.17 11.45 10.73 10.02 9.33 8.65 7.99 7.35 6.74 6.14 5.57 5.02 4.49 4.00 3.53 3.08 2.67 2.29 1.94 1.62 1.34 1.09 0.88 0.70 0.56 0.46 0.40 0.39 0.41 0.43 0.42 0.39 0.34 0.27 0.18 0.08
27.67 28.24 28.74 29.16 29.50 29.78 29.98 30.12 30.19 30.21 30.17 30.08 29.94 29.75 29.53 29.26 28.95 28.61 28.24 27.85 27.42 26.97 26.49 25.99 25.46 24.91 24.35 23.76 23.16 22.54 21.90 21.26 20.60 19.92 19.24 18.55 17.86 17.15 16.45 15.74 15.02 14.31 13.60 12.87 12.15 11.41 10.68 9.94 9.22 8.52 7.83 7.17 6.53 5.91 5.32 4.75 4.21 3.69 3.20 2.75 2.32 1.93 1.56 1.24 0.94 0.69 0.47 0.29 0.14 0.04 0.00 0.00 0.00 0.00 0.00 0.00 0.00 0.00 0.00 0.00
