data_processed/recharge/precip/Precip_2004_06.asc
ncols        168
nrows        136
xllcorner    455000
yllcorner    2107000
cellsize     500
NODATA_value     -99999
[rows 0 to 31 of 136, columns 0 to 70 of 168]
190.54 196.87 203.40 210.00 216.61 223.19 229.69 236.07 242.26 248.22 253.90 259.25 264.22 268.77 272.83 276.36 279.32 281.65 283.30 284.29 284.75 284.80 284.57 284.15 283.46 282.48 281.25 279.78 277.99 275.86 273.42 270.74 267.85 264.83 261.71 258.55 255.41 252.34 249.38 246.60 244.04 241.76 239.81 238.25 237.33 238.13 241.44 247.39 255.97 264.93 270.91 273.69 273.42 270.80 267.41 263.86 260.21 256.46 252.66 248.81 244.94 241.08 237.25 233.47 229.76 226.15 222.66 219.31 216.12 213.13 210.36
187.55 193.69 200.01 206.44 212.92 219.41 225.85 232.20 238.41 244.43 250.21 255.69 260.83 265.58 269.89 273.70 276.98 279.67 281.71 283.07 283.78 284.01 283.90 283.54 282.90 281.99 280.82 279.30 277.41 275.19 272.69 269.96 267.06 264.04 260.95 257.84 254.77 251.80 248.96 246.32 243.93 241.84 240.10 238.77 237.91 237.76 239.47 243.87 250.99 258.56 263.16 264.56 263.47 261.51 259.31 256.91 254.34 251.63 248.79 245.85 242.83 239.76 236.65 233.53 230.42 227.35 224.34 221.41 218.59 215.89 213.35
185.35 191.23 197.29 203.51 209.82 216.17 222.51 228.80 234.99 241.02 246.85 252.42 257.69 262.60 267.11 271.17 274.73 277.73 280.12 281.87 282.92 283.34 283.33 283.02 282.43 281.55 280.31 278.66 276.65 274.33 271.76 268.98 266.06 263.03 259.96 256.90 253.90 251.01 248.28 245.78 243.55 241.64 240.11 239.01 238.39 238.31 239.04 241.75 247.25 253.24 256.29 256.70 256.14 255.26 254.10 252.69 251.05 249.19 247.15 244.95 242.61 240.15 237.60 234.98 232.31 229.61 226.92 224.24 221.60 219.04 216.56
183.82 189.37 195.15 201.11 207.20 213.37 219.58 225.77 231.89 237.89 243.73 249.35 254.70 259.74 264.41 268.67 272.46 275.73 278.44 280.53 281.96 282.69 282.80 282.53 281.95 280.98 279.57 277.78 275.64 273.22 270.57 267.73 264.77 261.74 258.68 255.65 252.71 249.90 247.29 244.91 242.83 241.10 239.76 238.88 238.51 238.70 239.49 241.19 244.93 249.18 251.08 251.90 252.32 252.38 252.09 251.50 250.60 249.44 248.04 246.41 244.58 242.57 240.40 238.11 235.71 233.22 230.66 228.07 225.46 222.85 220.28
182.84 188.02 193.47 199.13 204.96 210.92 216.94 222.99 229.00 234.94 240.74 246.37 251.77 256.88 261.67 266.09 270.07 273.58 276.56 278.96 280.73 281.83 282.21 281.98 281.29 280.12 278.54 276.59 274.32 271.79 269.05 266.15 263.15 260.10 257.04 254.05 251.15 248.42 245.90 243.65 241.71 240.15 239.00 238.34 238.20 238.65 239.73 241.50 244.19 247.19 249.37 251.07 252.31 253.14 253.56 253.61 253.30 252.67 251.73 250.50 249.01 247.28 245.34 243.21 240.90 238.45 235.87 233.20 230.44 227.63 224.79
182.45 187.21 192.28 197.61 203.15 208.84 214.64 220.49 226.36 232.18 237.91 243.50 248.90 254.06 258.93 263.45 267.59 271.28 274.49 277.16 279.23 280.67 281.42 281.41 280.55 279.17 277.40 275.28 272.86 270.21 267.37 264.39 261.34 258.25 255.19 252.21 249.36 246.69 244.25 242.11 240.30 238.89 237.93 237.46 237.55 238.24 239.59 241.65 244.43 247.63 250.61 253.08 255.04 256.52 257.55 258.13 258.30 258.08 257.49 256.55 255.30 253.74 251.91 249.82 247.50 244.98 242.27 239.40 236.39 233.26 230.04
182.89 187.20 191.85 196.79 201.98 207.36 212.89 218.52 224.19 229.86 235.47 240.98 246.33 251.48 256.38 260.98 265.22 269.06 272.45 275.34 277.67 279.41 280.53 280.92 280.22 278.67 276.68 274.36 271.77 268.97 266.00 262.92 259.79 256.64 253.55 250.56 247.72 245.08 242.70 240.64 238.94 237.65 236.84 236.55 236.83 237.74 239.34 241.64 244.60 248.01 251.55 254.80 257.50 259.66 261.29 262.43 263.10 263.31 263.09 262.47 261.46 260.10 258.39 256.37 254.06 251.48 248.66 245.61 242.37 238.94 235.37
184.22 188.02 192.21 196.72 201.52 206.56 211.77 217.12 222.55 228.01 233.46 238.84 244.11 249.21 254.10 258.72 263.02 266.96 270.49 273.55 276.10 278.10 279.57 280.36 280.04 278.61 276.43 273.89 271.10 268.12 264.99 261.78 258.53 255.31 252.15 249.11 246.26 243.63 241.28 239.27 237.64 236.45 235.76 235.61 236.07 237.17 238.96 241.42 244.52 248.06 251.80 255.59 259.06 261.94 264.23 265.97 267.17 267.86 268.06 267.80 267.09 265.95 264.42 262.52 260.26 257.67 254.78 251.60 248.16 244.49 240.60
186.32 189.69 193.37 197.42 201.78 206.41 211.27 216.29 221.44 226.66 231.90 237.11 242.24 247.24 252.07 256.67 260.99 264.98 268.60 271.79 274.52 276.78 278.56 279.72 279.76 278.65 276.55 273.81 270.79 267.60 264.29 260.91 257.53 254.18 250.93 247.83 244.92 242.27 239.92 237.93 236.35 235.24 234.64 234.60 235.19 236.45 238.39 240.99 244.20 247.87 251.72 255.70 259.70 263.32 266.32 268.71 270.49 271.70 272.37 272.50 272.13 271.27 269.96 268.21 266.05 263.50 260.58 257.32 253.73 249.85 245.68
188.94 192.10 195.34 198.87 202.75 206.94 211.39 216.05 220.87 225.79 230.78 235.77 240.72 245.59 250.31 254.84 259.13 263.14 266.80 270.08 272.95 275.43 277.49 278.99 279.36 278.55 276.71 274.01 270.78 267.35 263.83 260.27 256.71 253.22 249.85 246.64 243.66 240.96 238.58 236.58 235.02 233.94 233.41 233.46 234.17 235.56 237.63 240.34 243.67 247.44 251.40 255.48 259.65 263.79 267.52 270.60 273.01 274.79 275.96 276.54 276.55 276.02 274.97 273.42 271.40 268.93 266.03 262.73 259.04 254.98 250.44
191.94 194.99 198.01 201.09 204.45 208.15 212.15 216.39 220.83 225.42 230.11 234.84 239.57 244.24 248.81 253.23 257.45 261.42 265.08 268.40 271.40 274.05 276.37 278.17 278.84 278.30 276.70 274.21 270.98 267.33 263.57 259.78 256.03 252.36 248.84 245.51 242.42 239.63 237.20 235.17 233.59 232.52 232.02 232.15 232.97 234.49 236.67 239.50 242.93 246.80 250.85 255.03 259.28 263.59 267.82 271.60 274.69 277.08 278.80 279.87 280.31 280.15 279.41 278.11 276.27 273.93 271.09 267.79 264.03 259.70 254.69
195.28 198.21 201.10 203.96 206.86 210.03 213.54 217.32 221.35 225.55 229.89 234.31 238.77 243.21 247.59 251.86 255.95 259.82 263.43 266.77 269.85 272.66 275.20 277.27 278.20 277.89 276.51 274.20 271.12 267.44 263.44 259.41 255.43 251.56 247.85 244.36 241.14 238.24 235.72 233.62 232.00 230.92 230.45 230.68 231.62 233.26 235.55 238.47 241.99 245.94 250.08 254.34 258.68 263.06 267.44 271.71 275.49 278.54 280.86 282.46 283.38 283.63 283.24 282.23 280.62 278.44 275.72 272.45 268.53 263.82 258.37
198.92 201.73 204.49 207.22 209.89 212.60 215.57 218.85 222.40 226.18 230.13 234.20 238.34 242.51 246.65 250.71 254.61 258.33 261.85 265.18 268.31 271.24 273.96 276.28 277.44 277.34 276.13 273.98 271.02 267.43 263.36 259.08 254.85 250.75 246.83 243.16 239.77 236.73 234.09 231.90 230.21 229.11 228.73 229.08 230.14 231.87 234.26 237.27 240.87 244.90 249.11 253.44 257.85 262.30 266.74 271.15 275.41 279.13 282.09 284.27 285.70 286.41 286.42 285.74 284.41 282.45 279.86 276.53 272.32 267.28 261.48
202.80 205.50 208.14 210.74 213.27 215.74 218.23 220.97 224.02 227.32 230.83 234.51 238.29 242.13 245.98 249.75 253.41 256.94 260.35 263.63 266.78 269.80 272.68 275.20 276.56 276.63 275.57 273.54 270.68 267.15 263.12 258.73 254.24 249.88 245.72 241.83 238.25 235.04 232.25 229.94 228.19 227.18 226.91 227.37 228.52 230.35 232.82 235.91 239.58 243.67 247.95 252.33 256.80 261.31 265.81 270.27 274.65 278.83 282.45 285.26 287.25 288.46 288.91 288.62 287.61 285.89 283.34 279.82 275.37 270.07 264.01
206.90 209.48 212.01 214.47 216.86 219.18 221.43 223.69 226.18 228.97 232.00 235.23 238.61 242.08 245.55 248.97 252.34 255.66 258.92 262.12 265.26 268.33 271.33 274.03 275.56 275.77 274.83 272.88 270.09 266.60 262.57 258.15 253.52 248.89 244.46 240.33 236.53 233.12 230.15 227.74 226.06 225.16 224.99 225.55 226.80 228.71 231.25 234.40 238.14 242.28 246.60 251.04 255.56 260.11 264.65 269.16 273.58 277.87 281.93 285.39 287.99 289.75 290.68 290.81 290.15 288.57 285.93 282.26 277.66 272.19 265.94
211.16 213.63 216.04 218.37 220.63 222.80 224.90 226.90 228.91 231.13 233.64 236.38 239.30 242.30 245.32 248.36 251.42 254.49 257.57 260.65 263.75 266.84 269.94 272.78 274.44 274.76 273.90 272.01 269.24 265.76 261.70 257.24 252.52 247.71 243.01 238.59 234.54 230.91 227.81 225.44 223.87 223.07 223.00 223.64 224.97 226.95 229.56 232.76 236.54 240.73 245.09 249.57 254.12 258.71 263.29 267.83 272.27 276.60 280.76 284.64 287.87 290.22 291.68 292.27 291.85 290.28 287.58 283.86 279.17 273.62 267.28
215.55 217.91 220.20 222.40 224.52 226.55 228.49 230.34 232.08 233.81 235.75 237.95 240.30 242.76 245.29 247.92 250.63 253.42 256.28 259.23 262.24 265.33 268.49 271.44 273.20 273.60 272.79 270.92 268.15 264.64 260.53 255.98 251.16 246.20 241.28 236.58 232.25 228.43 225.37 223.11 221.64 220.92 220.94 221.65 223.05 225.09 227.75 231.00 234.82 239.04 243.43 247.94 252.52 257.13 261.73 266.29 270.75 275.10 279.27 283.24 286.89 289.85 291.87 292.80 292.48 290.95 288.29 284.59 279.91 274.36 268.00
220.02 222.27 224.44 226.52 228.50 230.39 232.18 233.86 235.44 236.90 238.32 239.87 241.58 243.45 245.47 247.65 249.98 252.45 255.08 257.84 260.75 263.80 266.98 270.01 271.85 272.29 271.50 269.62 266.82 263.24 259.04 254.38 249.42 244.29 239.17 234.21 229.67 225.88 222.91 220.75 219.36 218.73 218.82 219.60 221.05 223.14 225.85 229.13 232.98 237.22 241.63 246.15 250.75 255.37 259.99 264.55 269.03 273.38 277.56 281.53 285.25 288.59 291.04 292.17 291.99 290.59 288.04 284.44 279.86 274.39 268.10
224.52 226.67 228.72 230.67 232.53 234.27 235.91 237.44 238.84 240.11 241.18 242.10 243.12 244.38 245.85 247.55 249.46 251.60 253.94 256.50 259.27 262.24 265.42 268.49 270.37 270.83 270.02 268.10 265.23 261.56 257.25 252.44 247.30 241.98 236.63 231.52 227.03 223.33 220.46 218.38 217.07 216.51 216.66 217.50 218.99 221.12 223.86 227.17 231.03 235.28 239.70 244.23 248.83 253.45 258.07 262.64 267.11 271.45 275.63 279.59 283.29 286.51 288.97 290.32 290.36 289.17 286.83 283.42 279.02 273.71 267.57
229.02 231.06 233.00 234.83 236.55 238.16 239.65 241.01 242.24 243.24 243.98 244.50 244.93 245.54 246.43 247.62 249.09 250.85 252.88 255.20 257.79 260.66 263.80 266.89 268.77 269.21 268.36 266.37 263.40 259.60 255.14 250.15 244.80 239.25 233.76 228.75 224.40 220.81 218.02 216.01 214.77 214.27 214.47 215.35 216.88 219.04 221.80 225.12 228.98 233.23 237.65 242.18 246.77 251.39 256.00 260.55 265.01 269.34 273.50 277.43 280.92 283.75 285.88 287.26 287.59 286.70 284.64 281.50 277.36 272.30 266.41
233.47 235.41 237.23 238.94 240.53 242.00 243.34 244.54 245.49 246.17 246.60 246.82 246.89 246.93 247.22 247.86 248.85 250.20 251.90 253.94 256.33 259.06 262.13 265.20 267.06 267.45 266.52 264.42 261.32 257.37 252.71 247.52 241.94 236.25 230.88 226.06 221.86 218.35 215.61 213.66 212.48 212.02 212.26 213.18 214.74 216.91 219.67 223.00 226.86 231.10 235.50 240.01 244.59 249.19 253.78 258.31 262.75 267.05 271.16 274.88 277.95 280.36 282.12 283.24 283.69 283.16 281.47 278.69 274.89 270.17 264.59
237.84 239.67 241.38 242.97 244.43 245.76 246.94 247.86 248.48 248.84 248.97 248.92 248.73 248.45 248.20 248.27 248.75 249.66 250.98 252.72 254.87 257.43 260.40 263.43 265.23 265.53 264.49 262.26 258.99 254.85 249.98 244.54 238.83 233.30 228.18 223.54 219.47 216.03 213.30 211.35 210.20 209.78 210.05 210.99 212.56 214.74 217.51 220.82 224.66 228.88 233.26 237.75 242.29 246.87 251.42 255.92 260.33 264.58 268.46 271.74 274.37 276.39 277.81 278.64 278.91 278.56 277.31 274.96 271.60 267.29 262.12
242.06 243.79 245.40 246.87 248.20 249.37 250.28 250.87 251.16 251.21 251.05 250.74 250.31 249.80 249.27 248.85 248.79 249.23 250.15 251.55 253.43 255.79 258.62 261.56 263.28 263.46 262.28 259.88 256.42 252.05 246.94 241.37 235.85 230.60 225.71 221.24 217.28 213.90 211.17 209.18 207.97 207.56 207.85 208.80 210.37 212.55 215.30 218.60 222.41 226.60 230.94 235.39 239.90 244.43 248.95 253.40 257.75 261.76 265.19 268.01 270.23 271.89 272.99 273.55 273.60 273.15 272.16 270.32 267.46 263.65 258.97
246.12 247.75 249.24 250.59 251.78 252.68 253.24 253.49 253.47 253.23 252.80 252.24 251.58 250.87 250.16 249.48 248.97 248.90 249.38 250.41 251.99 254.12 256.79 259.61 261.20 261.24 259.88 257.28 253.59 248.98 243.74 238.40 233.20 228.23 223.55 219.24 215.38 212.05 209.30 207.23 205.91 205.40 205.67 206.62 208.19 210.35 213.08 216.35 220.12 224.26 228.56 232.96 237.42 241.90 246.37 250.75 254.84 258.38 261.33 263.72 265.57 266.89 267.70 268.03 267.88 267.29 266.27 264.76 262.49 259.26 255.15
249.95 251.48 252.86 254.08 254.99 255.55 255.76 255.69 255.37 254.85 254.17 253.37 252.50 251.61 250.72 249.89 249.17 248.68 248.69 249.32 250.57 252.43 254.90 257.58 259.01 258.87 257.31 254.47 250.53 245.79 240.81 235.84 230.96 226.24 221.77 217.61 213.83 210.53 207.76 205.60 204.13 203.43 203.55 204.46 206.01 208.15 210.84 214.07 217.80 221.88 226.13 230.47 234.87 239.29 243.67 247.79 251.39 254.43 256.93 258.93 260.42 261.43 261.99 262.11 261.80 261.09 260.00 258.54 256.67 254.10 250.65
253.52 254.95 256.20 257.15 257.71 257.91 257.80 257.42 256.82 256.03 255.11 254.10 253.03 251.95 250.91 249.95 249.11 248.44 248.07 248.27 249.15 250.71 252.95 255.46 256.71 256.35 254.55 251.45 247.39 242.95 238.38 233.77 229.19 224.72 220.43 216.40 212.70 209.41 206.60 204.35 202.72 201.81 201.67 202.37 203.86 205.96 208.61 211.79 215.45 219.48 223.65 227.93 232.26 236.59 240.69 244.30 247.38 249.96 252.04 253.66 254.83 255.57 255.90 255.83 255.39 254.59 253.46 252.01 250.27 248.17 245.44
256.78 258.09 259.08 259.66 259.86 259.72 259.30 258.63 257.76 256.73 255.58 254.36 253.11 251.87 250.69 249.61 248.67 247.92 247.41 247.26 247.74 248.98 250.95 253.25 254.28 253.68 251.61 248.40 244.67 240.68 236.51 232.25 227.96 223.72 219.61 215.70 212.06 208.77 205.90 203.54 201.74 200.60 200.18 200.55 201.79 203.80 206.40 209.51 213.11 217.05 221.15 225.35 229.58 233.61 237.19 240.26 242.86 245.00 246.70 247.97 248.85 249.34 249.46 249.24 248.70 247.84 246.70 245.29 243.62 241.73 239.55
259.67 260.71 261.33 261.54 261.40 260.95 260.22 259.28 258.15 256.88 255.52 254.11 252.69 251.30 250.00 248.81 247.80 246.99 246.43 246.17 246.34 247.22 248.90 250.95 251.73 250.86 248.69 245.84 242.60 239.05 235.28 231.35 227.34 223.32 219.37 215.56 211.97 208.67 205.73 203.24 201.27 199.88 199.16 199.18 200.02 201.73 204.21 207.25 210.77 214.63 218.64 222.72 226.65 230.14 233.16 235.73 237.87 239.60 240.94 241.90 242.51 242.78 242.73 242.39 241.76 240.88 239.75 238.40 236.85 235.12 233.21
261.99 262.65 262.89 262.75 262.29 261.53 260.52 259.31 257.94 256.46 254.90 253.31 251.73 250.22 248.80 247.52 246.44 245.58 245.00 244.74 244.84 245.43 246.79 248.57 249.08 248.10 246.31 244.01 241.26 238.15 234.75 231.14 227.39 223.58 219.78 216.06 212.50 209.17 206.16 203.53 201.35 199.72 198.68 198.34 198.74 199.98 202.12 205.02 208.45 212.21 216.10 219.87 223.23 226.15 228.65 230.75 232.46 233.81 234.81 235.49 235.86 235.94 235.75 235.30 234.63 233.74 232.66 231.41 230.00 228.45 226.78
263.55 263.84 263.72 263.25 262.47 261.42 260.14 258.68 257.09 255.40 253.66 251.91 250.19 248.55 247.04 245.69 244.55 243.66 243.07 242.82 242.95 243.51 244.63 246.11 246.52 245.96 244.76 242.99 240.72 238.03 235.00 231.69 228.19 224.57 220.90 217.26 213.72 210.36 207.25 204.46 202.08 200.17 198.82 198.09 198.05 198.80 200.39 202.89 206.16 209.79 213.35 216.54 219.31 221.69 223.70 225.35 226.66 227.66 228.36 228.77 228.93 228.85 228.54 228.03 227.34 226.48 225.47 224.34 223.10 221.76 220.36
264.30 264.22 263.76 262.97 261.90 260.57 259.04 257.35 255.54 253.66 251.75 249.86 248.02 246.28 244.68 243.28 242.10 241.20 240.61 240.39 240.56 241.19 242.31 243.74 244.59 244.67 244.05 242.80 241.00 238.72 236.04 233.03 229.77 226.32 222.77 219.20 215.67 212.25 209.04 206.09 203.48 201.30 199.60 198.48 198.00 198.23 199.26 201.15 203.97 207.23 210.19 212.76 214.97 216.84 218.38 219.61 220.55 221.22 221.64 221.83 221.81 221.59 221.19 220.64 219.96 219.15 218.24 217.26 216.21 215.12 214.01
263.98 263.58 262.82 261.76 260.42 258.85 257.11 255.22 253.25 251.22 249.18 247.17 245.25 243.45 241.81 240.38 239.20 238.32 237.78 237.62 237.89 238.63 239.83 241.36 242.74 243.47 243.44 242.74 241.42 239.57 237.26 234.56 231.55 228.30 224.90 221.40 217.90 214.45 211.14 208.05 205.24 202.79 200.78 199.28 198.36 198.11 198.59 199.88 202.13 204.83 207.16 209.13 210.79 212.15 213.23 214.05 214.62 214.98 215.13 215.10 214.90 214.55 214.08 213.49 212.82 212.08 211.28 210.45 209.61 208.77 207.96
