data_processed/recharge/precip/Precip_2000_09.asc
ncols        168
nrows        136
xllcorner    455000
yllcorner    2107000
cellsize     500
NODATA_value     -99999
[rows 0 to 32 of 136, columns 0 to 73 of 168]
242.00 241.14 239.88 238.24 236.25 233.96 231.37 228.53 225.46 222.19 218.75 215.18 211.50 207.73 203.92 200.09 196.27 192.50 188.79 185.17 181.69 178.37 175.23 172.32 169.70 167.34 165.03 162.73 160.46 158.24 156.06 153.94 151.89 149.91 148.02 146.21 144.51 142.91 141.43 140.08 138.86 137.78 136.85 136.07 135.47 135.03 134.78 134.73 134.87 135.22 135.74 136.34 136.96 137.61 138.19 138.67 139.04 139.32 139.51 139.63 139.68 139.67 139.61 139.51 139.37 139.22 139.05 138.87 138.70 138.54 138.40 138.29 138.22 138.19
236.62 236.18 235.38 234.18 232.61 230.70 228.49 225.99 223.24 220.27 217.11 213.78 210.33 206.77 203.15 199.47 195.79 192.12 188.50 184.96 181.52 178.21 175.08 172.19 169.58 167.19 164.84 162.50 160.19 157.92 155.72 153.58 151.52 149.54 147.66 145.87 144.20 142.64 141.21 139.92 138.76 137.76 136.92 136.24 135.75 135.43 135.31 135.39 135.68 136.14 136.68 137.26 137.88 138.52 139.19 139.80 140.30 140.69 140.99 141.20 141.33 141.39 141.39 141.35 141.25 141.13 140.98 140.81 140.64 140.47 140.31 140.17 140.05 139.98
231.09 230.92 230.54 229.79 228.65 227.16 225.32 223.19 220.78 218.13 215.26 212.21 209.00 205.67 202.24 198.74 195.21 191.68 188.16 184.70 181.32 178.06 175.00 172.18 169.58 167.17 164.79 162.42 160.07 157.76 155.52 153.36 151.28 149.30 147.42 145.65 144.00 142.48 141.09 139.85 138.76 137.83 137.08 136.49 136.10 135.89 135.89 136.10 136.49 136.97 137.49 138.05 138.65 139.28 139.96 140.65 141.28 141.79 142.21 142.52 142.75 142.90 142.97 142.99 142.95 142.87 142.75 142.61 142.45 142.28 142.11 141.94 141.80 141.68
225.48 225.51 225.39 225.05 224.37 223.30 221.87 220.12 218.07 215.75 213.19 210.43 207.49 204.40 201.19 197.89 194.53 191.14 187.75 184.40 181.11 177.97 175.03 172.28 169.70 167.26 164.85 162.45 160.07 157.73 155.46 153.27 151.17 149.18 147.30 145.54 143.91 142.42 141.07 139.88 138.85 137.98 137.30 136.81 136.51 136.41 136.53 136.83 137.22 137.66 138.16 138.70 139.29 139.91 140.56 141.26 141.97 142.62 143.16 143.60 143.93 144.17 144.34 144.43 144.45 144.43 144.35 144.24 144.11 143.95 143.78 143.61 143.45 143.30
219.80 220.02 220.10 220.02 219.74 219.12 218.11 216.76 215.09 213.12 210.90 208.44 205.78 202.95 199.98 196.90 193.73 190.51 187.27 184.04 180.92 177.95 175.14 172.46 169.91 167.46 165.02 162.59 160.19 157.82 155.52 153.30 151.17 149.17 147.28 145.53 143.91 142.44 141.13 139.98 139.00 138.20 137.59 137.18 136.98 136.98 137.17 137.46 137.81 138.22 138.69 139.22 139.79 140.40 141.04 141.72 142.43 143.17 143.85 144.41 144.86 145.21 145.47 145.65 145.75 145.79 145.78 145.71 145.61 145.48 145.32 145.16 144.99 144.80
214.08 214.48 214.74 214.85 214.83 214.60 214.04 213.10 211.83 210.23 208.36 206.23 203.87 201.32 198.61 195.75 192.80 189.76 186.69 183.68 180.79 178.01 175.33 172.73 170.20 167.73 165.26 162.81 160.39 158.00 155.68 153.44 151.29 149.26 147.36 145.61 144.00 142.55 141.27 140.15 139.22 138.48 137.94 137.61 137.49 137.56 137.73 137.97 138.28 138.65 139.09 139.60 140.16 140.76 141.39 142.05 142.75 143.49 144.25 144.94 145.53 146.00 146.37 146.65 146.84 146.96 147.01 147.00 146.95 146.85 146.72 146.57 146.39 146.14
208.33 208.89 209.32 209.62 209.78 209.80 209.63 209.13 208.27 207.07 205.56 203.77 201.74 199.49 197.05 194.45 191.72 188.90 186.10 183.37 180.72 178.12 175.57 173.06 170.56 168.07 165.58 163.10 160.66 158.26 155.92 153.66 151.50 149.45 147.54 145.77 144.17 142.73 141.47 140.39 139.51 138.82 138.34 138.07 138.00 138.04 138.16 138.35 138.61 138.95 139.37 139.86 140.41 140.99 141.61 142.25 142.94 143.66 144.42 145.20 145.92 146.53 147.02 147.41 147.70 147.91 148.04 148.10 148.11 148.06 147.97 147.82 147.59 147.29
202.57 203.29 203.87 204.33 204.67 204.87 204.95 204.84 204.41 203.62 202.49 201.07 199.38 197.44 195.29 192.96 190.49 187.99 185.53 183.10 180.68 178.28 175.86 173.43 170.96 168.45 165.94 163.45 160.99 158.57 156.23 153.96 151.78 149.72 147.79 146.01 144.41 142.98 141.74 140.69 139.84 139.19 138.77 138.54 138.43 138.41 138.46 138.60 138.82 139.13 139.52 140.00 140.54 141.11 141.71 142.34 143.00 143.71 144.45 145.23 146.04 146.78 147.41 147.92 148.33 148.64 148.86 149.00 149.08 149.09 149.02 148.86 148.59 148.25
196.82 197.68 198.41 199.02 199.52 199.89 200.14 200.27 200.22 199.86 199.14 198.10 196.76 195.16 193.33 191.30 189.19 187.09 184.97 182.84 180.67 178.45 176.17 173.82 171.39 168.87 166.34 163.83 161.36 158.93 156.57 154.30 152.11 150.05 148.11 146.32 144.71 143.28 142.05 141.02 140.21 139.61 139.21 138.93 138.74 138.65 138.65 138.74 138.92 139.19 139.56 140.02 140.55 141.10 141.69 142.31 142.96 143.64 144.37 145.13 145.94 146.77 147.53 148.18 148.71 149.13 149.46 149.70 149.85 149.91 149.84 149.66 149.37 149.00
191.10 192.08 192.95 193.71 194.35 194.87 195.29 195.59 195.77 195.79 195.49 194.85 193.89 192.64 191.15 189.54 187.89 186.18 184.42 182.58 180.66 178.63 176.50 174.23 171.83 169.31 166.76 164.23 161.75 159.31 156.95 154.66 152.48 150.41 148.48 146.68 145.06 143.64 142.41 141.40 140.61 140.02 139.56 139.20 138.94 138.78 138.72 138.76 138.90 139.14 139.48 139.93 140.44 140.99 141.56 142.16 142.79 143.46 144.17 144.91 145.70 146.53 147.38 148.17 148.83 149.38 149.83 150.17 150.39 150.47 150.40 150.22 149.92 149.53
185.43 186.53 187.52 188.40 189.17 189.84 190.41 190.86 191.21 191.46 191.54 191.31 190.75 189.89 188.86 187.75 186.55 185.26 183.85 182.31 180.63 178.80 176.81 174.64 172.27 169.74 167.18 164.64 162.15 159.70 157.33 155.05 152.87 150.80 148.87 147.08 145.46 144.03 142.81 141.81 141.01 140.35 139.80 139.36 139.02 138.79 138.67 138.66 138.76 138.97 139.29 139.72 140.22 140.76 141.32 141.90 142.52 143.17 143.86 144.58 145.35 146.16 147.01 147.88 148.69 149.38 149.95 150.38 150.64 150.74 150.70 150.52 150.22 149.82
179.82 181.02 182.12 183.12 184.02 184.82 185.51 186.11 186.61 187.02 187.32 187.46 187.33 186.99 186.52 185.92 185.18 184.30 183.24 182.01 180.58 178.95 177.10 175.02 172.69 170.16 167.59 165.04 162.54 160.09 157.72 155.43 153.25 151.19 149.26 147.49 145.88 144.45 143.23 142.21 141.33 140.57 139.93 139.40 138.99 138.70 138.52 138.46 138.52 138.70 138.99 139.41 139.90 140.42 140.97 141.54 142.14 142.78 143.45 144.15 144.90 145.68 146.51 147.38 148.28 149.11 149.79 150.28 150.58 150.72 150.71 150.55 150.27 149.87
174.30 175.59 176.78 177.89 178.89 179.81 180.63 181.36 182.00 182.55 183.00 183.39 183.75 184.01 184.11 184.03 183.76 183.28 182.59 181.66 180.48 179.05 177.35 175.36 173.08 170.55 167.96 165.41 162.90 160.45 158.08 155.79 153.62 151.56 149.65 147.88 146.29 144.87 143.64 142.53 141.55 140.69 139.96 139.35 138.86 138.50 138.27 138.16 138.18 138.32 138.59 138.99 139.47 139.98 140.52 141.08 141.67 142.28 142.93 143.62 144.34 145.11 145.91 146.76 147.65 148.54 149.29 149.85 150.21 150.40 150.42 150.30 150.04 149.65
168.88 170.24 171.52 172.72 173.82 174.84 175.78 176.63 177.39 178.07 178.69 179.35 180.14 180.97 181.63 182.07 182.27 182.20 181.86 181.24 180.33 179.10 177.54 175.66 173.42 170.88 168.29 165.73 163.22 160.77 158.40 156.12 153.95 151.91 150.00 148.25 146.67 145.26 143.95 142.75 141.66 140.71 139.88 139.19 138.63 138.20 137.91 137.75 137.73 137.84 138.09 138.48 138.95 139.45 139.97 140.52 141.09 141.69 142.32 142.99 143.69 144.43 145.22 146.04 146.87 147.69 148.45 149.07 149.51 149.75 149.83 149.75 149.52 149.16
163.57 165.01 166.36 167.63 168.82 169.94 170.97 171.93 172.80 173.62 174.51 175.54 176.68 177.89 179.07 180.02 180.68 181.04 181.06 180.75 180.09 179.07 177.67 175.88 173.68 171.15 168.56 166.00 163.49 161.04 158.67 156.40 154.24 152.21 150.32 148.58 147.00 145.52 144.14 142.86 141.68 140.62 139.71 138.93 138.30 137.81 137.46 137.25 137.19 137.27 137.50 137.86 138.33 138.82 139.33 139.86 140.42 141.00 141.62 142.27 142.95 143.67 144.43 145.19 145.93 146.63 147.31 147.95 148.46 148.77 148.91 148.89 148.71 148.39
158.41 159.90 161.31 162.65 163.91 165.11 166.23 167.28 168.28 169.36 170.60 171.97 173.43 174.94 176.46 177.87 179.00 179.77 180.16 180.16 179.76 178.95 177.70 176.01 173.87 171.34 168.75 166.19 163.68 161.23 158.87 156.61 154.46 152.44 150.57 148.83 147.20 145.65 144.19 142.83 141.58 140.44 139.44 138.58 137.87 137.32 136.91 136.66 136.56 136.61 136.81 137.16 137.61 138.09 138.59 139.11 139.65 140.22 140.82 141.45 142.12 142.81 143.51 144.18 144.80 145.40 145.97 146.53 147.05 147.45 147.66 147.70 147.58 147.31
153.40 154.93 156.39 157.78 159.11 160.37 161.57 162.72 163.97 165.40 166.98 168.67 170.42 172.20 173.96 175.66 177.20 178.39 179.15 179.46 179.32 178.72 177.63 176.04 173.95 171.44 168.84 166.28 163.78 161.34 158.99 156.74 154.61 152.60 150.73 148.94 147.24 145.62 144.10 142.67 141.35 140.15 139.08 138.14 137.36 136.74 136.28 135.97 135.83 135.85 136.03 136.37 136.81 137.28 137.77 138.27 138.80 139.36 139.94 140.55 141.19 141.83 142.43 142.99 143.51 144.00 144.46 144.92 145.36 145.77 146.07 146.18 146.13 145.92
148.57 150.13 151.62 153.06 154.43 155.75 157.03 158.42 160.01 161.77 163.66 165.64 167.66 169.68 171.66 173.56 175.33 176.87 178.00 178.63 178.76 178.36 177.43 175.96 173.92 171.41 168.82 166.27 163.77 161.34 159.00 156.77 154.65 152.65 150.73 148.89 147.12 145.44 143.86 142.37 141.00 139.74 138.61 137.61 136.76 136.07 135.55 135.20 135.02 135.01 135.17 135.49 135.93 136.39 136.86 137.36 137.87 138.41 138.98 139.57 140.15 140.69 141.18 141.63 142.04 142.42 142.78 143.13 143.46 143.80 144.11 144.32 144.35 144.21
143.93 145.50 147.02 148.49 149.90 151.28 152.79 154.52 156.43 158.50 160.67 162.90 165.16 167.39 169.57 171.63 173.55 175.27 176.71 177.66 178.05 177.87 177.10 175.74 173.75 171.26 168.67 166.12 163.64 161.22 158.90 156.68 154.56 152.53 150.55 148.65 146.83 145.10 143.47 141.93 140.51 139.20 138.02 136.98 136.07 135.32 134.75 134.35 134.13 134.09 134.23 134.54 134.96 135.41 135.88 136.36 136.86 137.38 137.93 138.47 138.95 139.38 139.76 140.10 140.40 140.67 140.93 141.17 141.40 141.63 141.87 142.09 142.21 142.16
139.51 141.08 142.61 144.09 145.55 147.15 148.99 151.03 153.25 155.59 158.01 160.48 162.94 165.36 167.69 169.90 171.93 173.75 175.32 176.53 177.19 177.22 176.62 175.36 173.44 170.96 168.38 165.84 163.37 160.97 158.66 156.44 154.30 152.21 150.19 148.24 146.38 144.60 142.92 141.35 139.88 138.54 137.32 136.23 135.29 134.50 133.87 133.42 133.17 133.09 133.21 133.51 133.92 134.36 134.81 135.28 135.77 136.28 136.77 137.20 137.58 137.89 138.16 138.39 138.59 138.76 138.90 139.04 139.16 139.29 139.42 139.57 139.71 139.75
135.31 136.88 138.40 139.92 141.58 143.50 145.65 147.99 150.47 153.06 155.71 158.37 161.02 163.59 166.06 168.37 170.50 172.39 174.00 175.28 176.15 176.40 175.96 174.82 172.96 170.50 167.93 165.40 162.94 160.56 158.26 156.01 153.82 151.70 149.63 147.65 145.75 143.93 142.22 140.61 139.11 137.73 136.48 135.37 134.40 133.57 132.91 132.42 132.12 132.02 132.11 132.40 132.81 133.24 133.68 134.14 134.61 135.06 135.45 135.77 136.03 136.24 136.40 136.52 136.61 136.67 136.71 136.74 136.76 136.78 136.81 136.85 136.92 136.99
131.37 132.91 134.45 136.15 138.13 140.36 142.80 145.40 148.12 150.93 153.77 156.61 159.40 162.11 164.68 167.08 169.26 171.19 172.81 174.09 174.99 175.39 175.12 174.10 172.30 169.86 167.30 164.79 162.34 159.97 157.64 155.37 153.14 150.98 148.89 146.87 144.94 143.10 141.35 139.72 138.19 136.79 135.52 134.38 133.39 132.55 131.86 131.35 131.01 130.88 130.95 131.22 131.62 132.04 132.48 132.92 133.34 133.69 133.96 134.17 134.32 134.42 134.47 134.48 134.46 134.41 134.35 134.27 134.19 134.10 134.03 133.97 133.93 133.92
127.68 129.22 130.94 132.95 135.24 137.75 140.44 143.28 146.21 149.21 152.22 155.20 158.12 160.92 163.57 166.02 168.23 170.17 171.78 173.02 173.86 174.25 174.08 173.17 171.44 169.02 166.48 163.98 161.55 159.15 156.80 154.50 152.25 150.06 147.94 145.90 143.95 142.08 140.32 138.67 137.12 135.71 134.42 133.27 132.26 131.41 130.71 130.18 129.83 129.67 129.72 129.98 130.38 130.79 131.21 131.60 131.91 132.15 132.31 132.41 132.44 132.43 132.37 132.27 132.14 131.99 131.82 131.63 131.44 131.26 131.08 130.92 130.78 130.67
124.32 126.03 128.05 130.36 132.91 135.67 138.60 141.64 144.76 147.91 151.06 154.16 157.17 160.04 162.74 165.22 167.44 169.35 170.92 172.10 172.85 173.13 172.89 172.03 170.37 167.97 165.44 162.96 160.51 158.10 155.72 153.40 151.13 148.93 146.79 144.74 142.77 140.89 139.12 137.45 135.90 134.47 133.18 132.02 131.01 130.15 129.45 128.92 128.57 128.40 128.43 128.68 129.07 129.46 129.83 130.12 130.32 130.44 130.49 130.47 130.40 130.28 130.11 129.90 129.66 129.40 129.12 128.83 128.54 128.25 127.97 127.70 127.46 127.25
121.48 123.48 125.79 128.37 131.17 134.16 137.28 140.50 143.78 147.06 150.32 153.51 156.58 159.50 162.21 164.69 166.88 168.75 170.24 171.33 171.97 172.11 171.71 170.73 169.06 166.70 164.18 161.69 159.23 156.80 154.41 152.08 149.80 147.58 145.44 143.38 141.40 139.52 137.74 136.07 134.52 133.09 131.80 130.64 129.63 128.78 128.08 127.56 127.21 127.05 127.08 127.32 127.69 128.04 128.30 128.47 128.56 128.57 128.50 128.38 128.19 127.96 127.68 127.36 127.02 126.65 126.26 125.86 125.47 125.07 124.69 124.32 123.98 123.66
119.31 121.60 124.17 126.99 130.01 133.19 136.48 139.85 143.26 146.65 149.99 153.23 156.34 159.27 161.98 164.43 166.56 168.35 169.75 170.72 171.21 171.18 170.59 169.40 167.57 165.17 162.65 160.16 157.68 155.25 152.86 150.52 148.24 146.02 143.88 141.81 139.84 137.96 136.19 134.52 132.98 131.55 130.27 129.12 128.12 127.28 126.60 126.09 125.76 125.61 125.66 125.90 126.22 126.46 126.61 126.66 126.63 126.53 126.35 126.11 125.82 125.47 125.08 124.66 124.21 123.73 123.24 122.73 122.23 121.73 121.24 120.77 120.33 119.91
117.37 119.92 122.74 125.78 128.99 132.35 135.79 139.29 142.80 146.28 149.68 152.97 156.09 159.02 161.70 164.09 166.16 167.85 169.13 169.95 170.28 170.07 169.27 167.85 165.83 163.41 160.90 158.40 155.93 153.50 151.11 148.77 146.49 144.28 142.14 140.09 138.12 136.25 134.49 132.83 131.30 129.89 128.62 127.49 126.51 125.68 125.02 124.53 124.22 124.10 124.17 124.35 124.55 124.67 124.70 124.65 124.51 124.29 124.01 123.66 123.26 122.81 122.31 121.79 121.23 120.65 120.05 119.45 118.85 118.25 117.66 117.09 116.55 116.04
115.23 118.00 121.05 124.29 127.69 131.21 134.80 138.42 142.02 145.58 149.03 152.34 155.47 158.38 161.02 163.35 165.33 166.92 168.07 168.74 168.89 168.48 167.46 165.86 163.81 161.44 158.98 156.49 154.03 151.60 149.21 146.88 144.61 142.41 140.29 138.25 136.29 134.44 132.69 131.05 129.54 128.15 126.90 125.79 124.83 124.03 123.39 122.93 122.65 122.55 122.57 122.62 122.66 122.63 122.56 122.40 122.16 121.84 121.46 121.01 120.51 119.96 119.37 118.75 118.09 117.42 116.73 116.03 115.34 114.64 113.97 113.31 112.68 112.08
113.25 115.87 119.10 122.55 126.13 129.80 133.52 137.24 140.93 144.54 148.04 151.37 154.49 157.37 159.96 162.22 164.10 165.57 166.58 167.09 167.06 166.44 165.24 163.61 161.60 159.28 156.87 154.43 151.99 149.57 147.20 144.88 142.63 140.44 138.33 136.31 134.38 132.54 130.82 129.20 127.71 126.35 125.12 124.04 123.11 122.34 121.73 121.30 121.04 120.91 120.80 120.72 120.61 120.42 120.20 119.94 119.60 119.19 118.72 118.18 117.59 116.95 116.27 115.56 114.82 114.06 113.29 112.51 111.73 110.95 110.19 109.45 108.74 108.06
111.89 113.92 116.98 120.58 124.33 128.14 131.98 135.80 139.56 143.23 146.75 150.09 153.20 156.04 158.56 160.74 162.52 163.85 164.71 165.05 164.82 164.03 162.80 161.19 159.22 156.96 154.60 152.22 149.82 147.43 145.08 142.78 140.55 138.39 136.30 134.30 132.39 130.58 128.88 127.30 125.83 124.50 123.31 122.26 121.36 120.62 120.05 119.65 119.37 119.12 118.89 118.68 118.44 118.10 117.70 117.29 116.87 116.37 115.82 115.20 114.53 113.81 113.05 112.26 111.44 110.60 109.75 108.90 108.04 107.19 106.36 105.55 104.76 104.01
111.17 112.58 115.06 118.47 122.33 126.27 130.22 134.13 137.96 141.66 145.20 148.53 151.62 154.41 156.86 158.94 160.60 161.80 162.50 162.65 162.25 161.42 160.21 158.63 156.70 154.49 152.19 149.87 147.54 145.20 142.88 140.61 138.40 136.26 134.20 132.23 130.35 128.58 126.91 125.36 123.93 122.63 121.47 120.46 119.60 118.91 118.37 117.95 117.56 117.20 116.86 116.54 116.18 115.70 115.15 114.56 113.98 113.41 112.77 112.08 111.34 110.55 109.72 108.86 107.97 107.06 106.15 105.22 104.30 103.39 102.49 101.62 100.77 99.98
111.04 111.88 113.74 116.56 120.21 124.24 128.29 132.27 136.15 139.89 143.43 146.75 149.80 152.53 154.90 156.87 158.40 159.45 159.97 159.97 159.53 158.70 157.50 155.95 154.07 151.92 149.68 147.41 145.14 142.87 140.61 138.37 136.19 134.09 132.06 130.13 128.28 126.54 124.91 123.40 122.01 120.76 119.64 118.67 117.86 117.20 116.65 116.14 115.65 115.19 114.75 114.33 113.87 113.27 112.57 111.81 111.05 110.32 109.61 108.86 108.05 107.20 106.31 105.38 104.43 103.47 102.49 101.51 100.53 99.56 98.61 97.68 96.80 96.06
111.45 111.76 113.05 115.25 118.31 122.12 126.22 130.27 134.19 137.94 141.49 144.78 147.77 150.43 152.71 154.57 155.96 156.85 157.22 157.16 156.71 155.89 154.71 153.20 151.36 149.26 147.08 144.88 142.67 140.46 138.26 136.09 133.96 131.89 129.90 128.00 126.20 124.51 122.92 121.45 120.11 118.90 117.83 116.91 116.14 115.48 114.85 114.25 113.67 113.11 112.59 112.10 111.55 110.84 110.01 109.10 108.16 107.24 106.37 105.55 104.68 103.78 102.83 101.86 100.86 99.84 98.82 97.79 96.76 95.74 94.74 93.78 92.97 92.35
