data_processed/recharge/precip/Precip_2010_04.asc
ncols        168
nrows        136
xllcorner    455000
yllcorner    2107000
cellsize     500
NODATA_value     -99999
[rows 68 to 101 of 136, columns 0 to 76 of 168]
19.40 19.23 19.04 18.84 18.64 18.43 18.21 18.00 17.79 17.59 17.44 17.39 17.45 17.61 17.87 18.19 18.58 19.02 19.50 19.99 20.49 20.99 21.47 21.90 22.22 22.42 22.50 22.47 22.35 22.13 21.82 21.42 20.95 20.41 19.80 19.15 18.47 17.82 17.21 16.67 16.18 15.75 15.39 15.10 14.88 14.74 14.68 14.70 14.82 15.01 15.27 15.58 15.96 16.38 16.85 17.36 17.90 18.47 19.06 19.67 20.29 20.93 21.57 22.21 22.82 23.39 23.91 24.37 24.75 25.06 25.27 25.37 25.35 25.20 24.92 24.56 24.15
19.49 19.33 19.17 18.99 18.81 18.62 18.43 18.25 18.07 17.89 17.74 17.67 17.71 17.86 18.09 18.40 18.77 19.20 19.65 20.13 20.62 21.11 21.57 21.99 22.30 22.49 22.56 22.53 22.39 22.17 21.85 21.45 20.98 20.44 19.83 19.18 18.51 17.88 17.29 16.76 16.29 15.88 15.54 15.26 15.06 14.93 14.88 14.92 15.04 15.24 15.50 15.83 16.21 16.63 17.10 17.60 18.14 18.71 19.29 19.89 20.50 21.11 21.71 22.30 22.86 23.40 23.89 24.33 24.70 24.99 25.19 25.29 25.27 25.13 24.87 24.52 24.13
19.58 19.45 19.30 19.15 18.99 18.83 18.67 18.51 18.36 18.23 18.13 18.08 18.10 18.21 18.42 18.70 19.04 19.44 19.87 20.33 20.79 21.26 21.70 22.10 22.38 22.55 22.61 22.56 22.41 22.16 21.83 21.42 20.94 20.38 19.77 19.14 18.52 17.92 17.36 16.85 16.40 16.01 15.68 15.42 15.23 15.11 15.07 15.12 15.25 15.46 15.73 16.06 16.44 16.86 17.33 17.83 18.36 18.92 19.50 20.09 20.68 21.26 21.82 22.37 22.89 23.39 23.86 24.27 24.62 24.90 25.09 25.19 25.18 25.05 24.80 24.47 24.08
19.67 19.57 19.45 19.32 19.19 19.05 18.92 18.79 18.68 18.61 18.57 18.57 18.59 18.68 18.84 19.09 19.40 19.76 20.16 20.58 21.01 21.44 21.85 22.22 22.47 22.61 22.64 22.56 22.38 22.12 21.76 21.33 20.82 20.25 19.66 19.08 18.50 17.94 17.41 16.92 16.49 16.11 15.80 15.55 15.38 15.27 15.25 15.30 15.44 15.66 15.93 16.26 16.65 17.07 17.54 18.04 18.57 19.12 19.68 20.26 20.83 21.38 21.91 22.42 22.91 23.37 23.81 24.20 24.53 24.79 24.98 25.08 25.07 24.96 24.72 24.40 24.03
19.78 19.69 19.60 19.50 19.39 19.29 19.19 19.10 19.06 19.04 19.06 19.11 19.17 19.25 19.38 19.58 19.84 20.15 20.51 20.88 21.27 21.66 22.03 22.35 22.57 22.67 22.66 22.54 22.33 22.03 21.64 21.17 20.64 20.08 19.53 18.98 18.45 17.94 17.44 16.98 16.56 16.20 15.91 15.67 15.51 15.42 15.40 15.47 15.62 15.84 16.12 16.45 16.84 17.27 17.73 18.23 18.75 19.29 19.85 20.40 20.94 21.46 21.96 22.45 22.91 23.34 23.74 24.11 24.42 24.68 24.86 24.96 24.96 24.85 24.63 24.33 23.96
19.89 19.83 19.76 19.69 19.62 19.54 19.49 19.47 19.48 19.53 19.60 19.69 19.79 19.90 20.01 20.16 20.37 20.63 20.93 21.25 21.58 21.92 22.24 22.51 22.67 22.72 22.67 22.51 22.25 21.90 21.47 20.97 20.43 19.90 19.38 18.87 18.38 17.90 17.44 17.02 16.62 16.28 16.00 15.78 15.63 15.55 15.54 15.62 15.77 16.00 16.29 16.63 17.01 17.44 17.90 18.39 18.91 19.44 19.97 20.50 21.01 21.51 21.99 22.45 22.89 23.29 23.67 24.01 24.31 24.55 24.73 24.82 24.83 24.73 24.53 24.24 23.88
20.00 19.98 19.94 19.90 19.86 19.83 19.84 19.88 19.96 20.06 20.17 20.30 20.44 20.58 20.71 20.84 20.99 21.18 21.41 21.67 21.95 22.22 22.48 22.69 22.79 22.78 22.67 22.45 22.14 21.73 21.26 20.75 20.24 19.73 19.23 18.75 18.29 17.84 17.42 17.03 16.67 16.34 16.08 15.87 15.73 15.66 15.67 15.75 15.92 16.15 16.44 16.78 17.17 17.60 18.06 18.54 19.05 19.56 20.07 20.57 21.06 21.54 21.99 22.43 22.85 23.23 23.59 23.91 24.19 24.42 24.59 24.68 24.70 24.61 24.42 24.15 23.80
20.13 20.14 20.13 20.12 20.13 20.17 20.25 20.35 20.48 20.63 20.79 20.96 21.12 21.29 21.44 21.57 21.69 21.81 21.97 22.16 22.36 22.56 22.75 22.89 22.92 22.85 22.66 22.38 22.00 21.54 21.05 20.55 20.06 19.57 19.09 18.63 18.19 17.77 17.38 17.01 16.68 16.39 16.14 15.95 15.82 15.76 15.78 15.87 16.04 16.28 16.58 16.92 17.31 17.73 18.19 18.67 19.16 19.65 20.13 20.61 21.08 21.54 21.97 22.39 22.79 23.16 23.49 23.80 24.06 24.28 24.44 24.54 24.56 24.48 24.31 24.05 23.72
20.28 20.31 20.34 20.38 20.46 20.57 20.71 20.87 21.05 21.24 21.44 21.64 21.83 22.02 22.18 22.33 22.44 22.53 22.61 22.71 22.83 22.95 23.05 23.11 23.07 22.92 22.66 22.30 21.85 21.36 20.88 20.39 19.90 19.43 18.97 18.52 18.10 17.70 17.33 16.98 16.68 16.41 16.19 16.01 15.90 15.85 15.87 15.97 16.15 16.40 16.70 17.04 17.43 17.86 18.31 18.77 19.23 19.70 20.17 20.63 21.08 21.52 21.94 22.34 22.72 23.07 23.39 23.68 23.93 24.14 24.30 24.39 24.42 24.35 24.20 23.95 23.63
20.43 20.50 20.58 20.69 20.84 21.02 21.21 21.43 21.66 21.89 22.13 22.35 22.57 22.77 22.95 23.09 23.21 23.28 23.31 23.33 23.36 23.38 23.40 23.37 23.24 22.99 22.64 22.21 21.73 21.24 20.75 20.27 19.79 19.32 18.87 18.43 18.02 17.63 17.27 16.95 16.66 16.41 16.21 16.06 15.96 15.92 15.95 16.06 16.25 16.50 16.80 17.15 17.54 17.95 18.39 18.83 19.28 19.73 20.18 20.62 21.05 21.48 21.88 22.27 22.64 22.98 23.29 23.56 23.80 24.00 24.15 24.25 24.28 24.23 24.09 23.86 23.55
20.60 20.72 20.88 21.06 21.28 21.51 21.77 22.03 22.31 22.58 22.84 23.09 23.33 23.54 23.72 23.87 23.98 24.04 24.05 24.01 23.94 23.87 23.78 23.65 23.42 23.08 22.64 22.16 21.67 21.18 20.68 20.20 19.72 19.25 18.80 18.37 17.96 17.58 17.23 16.92 16.64 16.41 16.22 16.08 16.00 15.98 16.02 16.13 16.32 16.58 16.89 17.24 17.62 18.02 18.44 18.87 19.30 19.73 20.17 20.60 21.02 21.43 21.82 22.20 22.55 22.88 23.18 23.44 23.67 23.86 24.01 24.11 24.14 24.10 23.98 23.77 23.47
20.81 21.00 21.23 21.49 21.77 22.06 22.37 22.68 22.99 23.29 23.58 23.86 24.11 24.33 24.51 24.66 24.76 24.80 24.79 24.72 24.58 24.40 24.20 23.96 23.62 23.18 22.70 22.20 21.69 21.19 20.68 20.19 19.70 19.23 18.77 18.34 17.93 17.55 17.21 16.90 16.63 16.40 16.22 16.10 16.03 16.02 16.07 16.19 16.39 16.65 16.96 17.31 17.68 18.06 18.47 18.88 19.30 19.72 20.14 20.56 20.96 21.36 21.75 22.11 22.46 22.78 23.07 23.33 23.55 23.73 23.87 23.97 24.01 23.98 23.88 23.68 23.40
21.07 21.34 21.64 21.97 22.30 22.65 23.01 23.36 23.70 24.03 24.35 24.64 24.90 25.13 25.31 25.45 25.53 25.56 25.53 25.42 25.24 24.98 24.67 24.31 23.86 23.36 22.85 22.33 21.80 21.28 20.76 20.25 19.75 19.26 18.80 18.36 17.94 17.56 17.21 16.90 16.63 16.40 16.23 16.11 16.04 16.04 16.10 16.23 16.43 16.70 17.01 17.34 17.70 18.08 18.47 18.87 19.27 19.68 20.09 20.50 20.90 21.29 21.67 22.03 22.37 22.68 22.96 23.22 23.44 23.62 23.75 23.85 23.89 23.87 23.78 23.60 23.35
21.40 21.74 22.11 22.49 22.89 23.29 23.68 24.07 24.45 24.80 25.14 25.44 25.71 25.94 26.12 26.24 26.31 26.31 26.25 26.11 25.88 25.57 25.17 24.70 24.18 23.65 23.10 22.56 22.01 21.46 20.92 20.38 19.86 19.36 18.88 18.43 18.00 17.60 17.25 16.93 16.65 16.42 16.25 16.12 16.06 16.06 16.12 16.26 16.47 16.73 17.03 17.36 17.70 18.07 18.45 18.84 19.24 19.64 20.04 20.44 20.83 21.22 21.59 21.94 22.28 22.59 22.87 23.12 23.33 23.51 23.65 23.74 23.78 23.77 23.70 23.56 23.36
21.78 22.19 22.63 23.07 23.51 23.96 24.39 24.81 25.22 25.60 25.95 26.26 26.53 26.75 26.92 27.03 27.08 27.06 26.96 26.78 26.51 26.15 25.69 25.16 24.60 24.03 23.45 22.87 22.29 21.71 21.14 20.58 20.04 19.52 19.01 18.54 18.09 17.68 17.31 16.98 16.69 16.45 16.27 16.14 16.07 16.07 16.13 16.27 16.48 16.75 17.04 17.35 17.69 18.04 18.42 18.80 19.19 19.58 19.98 20.38 20.76 21.14 21.51 21.86 22.19 22.50 22.78 23.03 23.24 23.42 23.56 23.65 23.69 23.69 23.63 23.53 23.38
22.20 22.69 23.18 23.67 24.17 24.65 25.13 25.58 26.01 26.41 26.77 27.09 27.36 27.57 27.73 27.83 27.85 27.79 27.66 27.44 27.12 26.70 26.21 25.64 25.05 24.44 23.83 23.21 22.60 21.99 21.39 20.80 20.23 19.68 19.15 18.66 18.19 17.76 17.37 17.02 16.72 16.47 16.28 16.14 16.07 16.06 16.12 16.26 16.49 16.77 17.05 17.36 17.68 18.03 18.39 18.76 19.15 19.54 19.93 20.31 20.70 21.07 21.43 21.78 22.10 22.41 22.69 22.93 23.15 23.33 23.46 23.56 23.60 23.60 23.55 23.47 23.36
22.67 23.21 23.77 24.31 24.85 25.38 25.88 26.36 26.81 27.23 27.60 27.92 28.19 28.40 28.54 28.61 28.61 28.52 28.34 28.08 27.71 27.25 26.73 26.14 25.52 24.87 24.22 23.57 22.92 22.27 21.64 21.02 20.42 19.85 19.29 18.77 18.29 17.84 17.43 17.06 16.75 16.48 16.27 16.13 16.04 16.03 16.09 16.24 16.48 16.78 17.08 17.37 17.69 18.02 18.37 18.74 19.11 19.49 19.87 20.25 20.63 21.00 21.35 21.69 22.02 22.32 22.59 22.83 23.05 23.22 23.36 23.45 23.50 23.51 23.46 23.39 23.30
23.17 23.78 24.38 24.98 25.56 26.12 26.66 27.16 27.63 28.06 28.43 28.76 29.02 29.21 29.34 29.39 29.35 29.23 29.01 28.70 28.29 27.81 27.25 26.64 25.99 25.32 24.64 23.95 23.26 22.58 21.91 21.26 20.63 20.02 19.44 18.90 18.38 17.91 17.48 17.10 16.76 16.48 16.26 16.10 16.00 15.98 16.05 16.21 16.47 16.78 17.09 17.40 17.70 18.03 18.37 18.72 19.08 19.45 19.82 20.20 20.56 20.92 21.27 21.61 21.92 22.22 22.49 22.73 22.93 23.11 23.24 23.34 23.40 23.41 23.37 23.30 23.22
23.70 24.36 25.02 25.67 26.29 26.88 27.45 27.97 28.46 28.89 29.27 29.59 29.85 30.03 30.13 30.15 30.08 29.92 29.66 29.31 28.87 28.35 27.77 27.14 26.47 25.78 25.07 24.35 23.62 22.90 22.20 21.51 20.85 20.21 19.60 19.03 18.49 17.99 17.54 17.13 16.78 16.48 16.24 16.07 15.96 15.94 16.01 16.18 16.46 16.78 17.10 17.41 17.72 18.03 18.36 18.70 19.05 19.41 19.77 20.14 20.49 20.85 21.19 21.51 21.82 22.11 22.37 22.61 22.81 22.98 23.12 23.23 23.30 23.31 23.28 23.21 23.13
24.25 24.97 25.68 26.37 27.03 27.66 28.25 28.79 29.29 29.73 30.11 30.42 30.66 30.83 30.91 30.90 30.80 30.59 30.29 29.91 29.44 28.90 28.30 27.65 26.96 26.25 25.52 24.77 24.02 23.26 22.52 21.79 21.09 20.42 19.78 19.18 18.61 18.08 17.60 17.17 16.80 16.48 16.22 16.03 15.93 15.91 15.98 16.16 16.45 16.78 17.11 17.42 17.73 18.04 18.36 18.69 19.03 19.37 19.72 20.07 20.42 20.76 21.10 21.41 21.71 21.99 22.25 22.48 22.68 22.85 23.00 23.12 23.20 23.22 23.18 23.12 23.03
24.82 25.59 26.35 27.09 27.79 28.44 29.05 29.61 30.12 30.56 30.94 31.25 31.47 31.62 31.67 31.63 31.49 31.24 30.91 30.49 30.00 29.44 28.83 28.16 27.46 26.73 25.98 25.21 24.43 23.65 22.86 22.10 21.37 20.66 19.98 19.35 18.75 18.19 17.69 17.23 16.83 16.49 16.21 16.02 15.91 15.89 15.97 16.15 16.44 16.79 17.12 17.43 17.74 18.05 18.36 18.67 19.00 19.33 19.67 20.01 20.34 20.67 21.00 21.30 21.59 21.87 22.11 22.34 22.54 22.73 22.89 23.02 23.10 23.12 23.09 23.02 22.94
25.40 26.21 27.02 27.81 28.55 29.23 29.86 30.43 30.95 31.39 31.76 32.06 32.27 32.39 32.41 32.33 32.15 31.88 31.51 31.07 30.56 29.98 29.35 28.67 27.95 27.21 26.45 25.66 24.87 24.06 23.25 22.45 21.67 20.93 20.21 19.54 18.91 18.32 17.79 17.30 16.88 16.52 16.23 16.02 15.91 15.88 15.96 16.15 16.45 16.80 17.13 17.45 17.75 18.06 18.35 18.66 18.97 19.29 19.61 19.93 20.26 20.58 20.89 21.18 21.46 21.72 21.96 22.19 22.41 22.61 22.78 22.92 23.01 23.03 23.00 22.93 22.84
25.99 26.84 27.68 28.51 29.29 30.02 30.67 31.25 31.77 32.21 32.57 32.85 33.04 33.13 33.12 33.01 32.80 32.49 32.10 31.64 31.10 30.51 29.86 29.17 28.45 27.70 26.92 26.12 25.31 24.49 23.66 22.83 22.01 21.23 20.48 19.77 19.10 18.48 17.92 17.40 16.95 16.57 16.27 16.05 15.93 15.90 15.98 16.17 16.47 16.82 17.15 17.47 17.77 18.06 18.35 18.64 18.93 19.23 19.54 19.85 20.16 20.47 20.76 21.05 21.32 21.57 21.81 22.06 22.29 22.50 22.69 22.83 22.92 22.94 22.90 22.83 22.74
26.58 27.45 28.33 29.19 30.01 30.78 31.46 32.06 32.58 33.02 33.37 33.63 33.79 33.86 33.81 33.66 33.42 33.08 32.67 32.19 31.64 31.03 30.37 29.68 28.95 28.18 27.40 26.59 25.77 24.93 24.09 23.24 22.40 21.57 20.78 20.03 19.33 18.68 18.07 17.53 17.06 16.66 16.34 16.11 15.98 15.94 16.02 16.20 16.50 16.86 17.19 17.50 17.80 18.08 18.35 18.62 18.90 19.18 19.47 19.76 20.06 20.35 20.63 20.90 21.16 21.41 21.68 21.94 22.18 22.41 22.60 22.75 22.84 22.86 22.82 22.74 22.64
27.17 28.06 28.96 29.84 30.70 31.50 32.22 32.85 33.37 33.80 34.14 34.38 34.52 34.55 34.47 34.29 34.01 33.65 33.22 32.72 32.15 31.54 30.87 30.17 29.44 28.67 27.88 27.07 26.23 25.39 24.53 23.67 22.82 21.96 21.13 20.34 19.60 18.91 18.27 17.70 17.20 16.78 16.45 16.20 16.06 16.01 16.08 16.26 16.56 16.92 17.25 17.55 17.83 18.10 18.36 18.61 18.86 19.12 19.38 19.66 19.94 20.21 20.48 20.74 21.00 21.27 21.56 21.83 22.09 22.33 22.52 22.67 22.76 22.78 22.74 22.65 22.55
27.74 28.64 29.56 30.47 31.34 32.17 32.93 33.59 34.14 34.57 34.89 35.11 35.21 35.20 35.09 34.88 34.58 34.20 33.75 33.23 32.66 32.03 31.37 30.66 29.93 29.16 28.36 27.54 26.71 25.85 24.99 24.12 23.25 22.39 21.53 20.70 19.91 19.18 18.52 17.92 17.39 16.95 16.59 16.33 16.17 16.12 16.17 16.35 16.65 17.00 17.32 17.62 17.89 18.14 18.38 18.61 18.84 19.07 19.30 19.54 19.80 20.06 20.31 20.57 20.86 21.15 21.45 21.74 22.01 22.26 22.46 22.61 22.70 22.72 22.66 22.57 22.46
28.30 29.21 30.13 31.05 31.95 32.80 33.58 34.27 34.85 35.30 35.61 35.79 35.86 35.82 35.67 35.44 35.12 34.72 34.25 33.72 33.14 32.51 31.84 31.15 30.41 29.64 28.85 28.02 27.18 26.33 25.46 24.58 23.71 22.83 21.96 21.11 20.28 19.52 18.81 18.18 17.63 17.16 16.78 16.50 16.32 16.26 16.30 16.47 16.76 17.11 17.42 17.70 17.96 18.20 18.42 18.63 18.83 19.02 19.23 19.43 19.65 19.89 20.15 20.43 20.74 21.05 21.37 21.67 21.95 22.20 22.41 22.56 22.64 22.66 22.59 22.49 22.37
28.83 29.74 30.67 31.60 32.50 33.36 34.16 34.88 35.48 35.96 36.28 36.43 36.47 36.39 36.22 35.97 35.62 35.21 34.73 34.19 33.60 32.97 32.31 31.62 30.89 30.12 29.33 28.51 27.66 26.81 25.94 25.06 24.18 23.29 22.42 21.55 20.71 19.90 19.17 18.50 17.92 17.42 17.02 16.72 16.52 16.44 16.47 16.63 16.91 17.25 17.55 17.82 18.06 18.28 18.47 18.66 18.83 18.99 19.16 19.33 19.51 19.73 20.00 20.31 20.64 20.97 21.30 21.62 21.91 22.16 22.37 22.52 22.60 22.61 22.53 22.42 22.29
29.34 30.24 31.16 32.09 33.00 33.87 34.68 35.41 36.03 36.52 36.85 37.02 37.03 36.93 36.74 36.46 36.10 35.67 35.18 34.64 34.05 33.42 32.76 32.07 31.35 30.59 29.80 28.99 28.15 27.29 26.42 25.54 24.66 23.77 22.89 22.03 21.18 20.35 19.58 18.88 18.26 17.74 17.31 16.98 16.76 16.66 16.68 16.82 17.10 17.42 17.71 17.97 18.19 18.38 18.55 18.71 18.85 18.98 19.11 19.24 19.41 19.63 19.90 20.22 20.57 20.92 21.26 21.59 21.88 22.14 22.35 22.50 22.57 22.57 22.48 22.36 22.22
29.81 30.69 31.61 32.53 33.44 34.31 35.12 35.85 36.47 36.96 37.30 37.50 37.53 37.42 37.21 36.91 36.54 36.10 35.60 35.06 34.47 33.84 33.19 32.52 31.81 31.06 30.27 29.47 28.63 27.78 26.91 26.04 25.15 24.27 23.39 22.52 21.67 20.84 20.05 19.32 18.67 18.11 17.65 17.30 17.06 16.93 16.93 17.06 17.32 17.64 17.91 18.15 18.35 18.52 18.66 18.79 18.89 18.99 19.08 19.20 19.37 19.59 19.86 20.17 20.52 20.89 21.24 21.57 21.88 22.14 22.34 22.49 22.56 22.55 22.45 22.31 22.15
30.24 31.10 32.00 32.91 33.81 34.67 35.48 36.20 36.80 37.29 37.64 37.86 37.93 37.85 37.64 37.32 36.94 36.50 36.00 35.45 34.86 34.25 33.61 32.95 32.25 31.51 30.74 29.94 29.11 28.27 27.41 26.54 25.66 24.77 23.90 23.03 22.18 21.36 20.57 19.82 19.13 18.54 18.05 17.67 17.40 17.25 17.23 17.35 17.59 17.89 18.15 18.37 18.54 18.69 18.80 18.89 18.97 19.03 19.11 19.23 19.40 19.62 19.88 20.18 20.52 20.88 21.25 21.59 21.89 22.15 22.36 22.50 22.56 22.53 22.42 22.27 22.10
30.62 31.46 32.33 33.22 34.10 34.95 35.73 36.42 37.01 37.49 37.85 38.10 38.21 38.18 38.00 37.70 37.31 36.86 36.36 35.81 35.23 34.63 34.00 33.36 32.67 31.95 31.19 30.41 29.59 28.76 27.91 27.04 26.17 25.29 24.42 23.56 22.72 21.90 21.11 20.36 19.67 19.04 18.52 18.10 17.81 17.63 17.59 17.68 17.91 18.20 18.43 18.63 18.78 18.89 18.98 19.03 19.07 19.12 19.21 19.35 19.52 19.73 19.98 20.26 20.58 20.92 21.28 21.62 21.93 22.19 22.39 22.53 22.58 22.54 22.41 22.24 22.05
30.95 31.76 32.60 33.46 34.32 35.12 35.86 36.52 37.09 37.57 37.94 38.21 38.35 38.37 38.26 38.01 37.63 37.18 36.68 36.15 35.58 34.98 34.37 33.75 33.08 32.38 31.64 30.87 30.07 29.24 28.40 27.55 26.68 25.81 24.95 24.10 23.26 22.45 21.67 20.93 20.24 19.60 19.05 18.60 18.27 18.07 18.01 18.08 18.29 18.55 18.77 18.93 19.06 19.14 19.19 19.21 19.24 19.31 19.41 19.55 19.73 19.93 20.17 20.43 20.71 21.02 21.35 21.68 21.99 22.25 22.45 22.57 22.61 22.56 22.42 22.23 22.02
31.23 31.99 32.80 33.62 34.42 35.17 35.87 36.49 37.05 37.52 37.90 38.19 38.37 38.44 38.39 38.21 37.90 37.47 36.97 36.44 35.89 35.31 34.72 34.12 33.47 32.79 32.07 31.32 30.53 29.73 28.90 28.05 27.20 26.34 25.49 24.64 23.82 23.02 22.25 21.52 20.84 20.21 19.64 19.17 18.81 18.58 18.48 18.53 18.72 18.96 19.15 19.29 19.38 19.44 19.45 19.47 19.52 19.60 19.72 19.86 20.03 20.23 20.45 20.68 20.94 21.21 21.49 21.79 22.08 22.34 22.53 22.64 22.67 22.60 22.44 22.23 22.00
