data_processed/recharge/precip/Precip_1985_08.asc
ncols        168
nrows        136
xllcorner    455000
yllcorner    2107000
cellsize     500
NODATA_value     -99999
[rows 33 to 65 of 136, columns 0 to 73 of 168]
144.64 140.40 136.56 133.15 130.19 127.64 125.51 123.79 122.47 121.54 120.99 120.82 121.13 122.16 123.95 126.46 129.62 133.35 137.33 140.49 142.56 143.62 143.74 143.00 141.65 140.27 139.09 138.11 137.33 136.74 136.34 136.13 136.09 136.21 136.51 136.98 137.68 138.56 139.55 140.56 141.50 142.31 142.97 143.50 143.88 144.12 144.21 144.07 143.45 142.23 140.45 138.20 135.53 132.51 129.21 125.69 122.03 118.28 114.52 110.88 107.43 104.24 101.34 98.79 96.60 94.47 92.25 90.01 87.85 85.85 84.08 82.48 80.99 79.57
145.12 141.41 138.10 135.18 132.64 130.48 128.68 127.24 126.15 125.40 124.99 124.89 125.12 125.77 127.08 129.10 131.78 135.04 138.55 141.25 142.84 143.40 143.03 141.97 140.83 139.87 139.08 138.48 138.04 137.76 137.64 137.68 137.86 138.18 138.64 139.22 139.95 140.81 141.76 142.72 143.60 144.33 144.91 145.33 145.61 145.73 145.62 145.02 143.79 141.99 139.70 136.97 133.87 130.48 126.85 123.06 119.16 115.24 111.34 107.55 103.99 100.75 97.86 95.39 93.34 91.40 89.41 87.45 85.60 83.94 82.43 81.00 79.65 78.36
145.89 142.73 139.91 137.44 135.29 133.48 131.98 130.78 129.89 129.29 128.97 128.93 129.15 129.63 130.48 131.92 134.03 136.73 139.69 141.82 142.83 142.82 142.05 141.16 140.42 139.84 139.41 139.12 138.97 138.96 139.07 139.31 139.66 140.13 140.70 141.36 142.13 142.98 143.90 144.80 145.62 146.27 146.75 147.08 147.24 147.17 146.59 145.37 143.56 141.24 138.46 135.31 131.83 128.10 124.19 120.17 116.09 112.02 108.04 104.20 100.60 97.33 94.48 92.12 90.24 88.52 86.79 85.13 83.61 82.22 80.90 79.64 78.43 77.26
146.92 144.27 141.91 139.85 138.07 136.56 135.33 134.35 133.62 133.13 132.87 132.84 133.03 133.42 134.02 134.91 136.36 138.40 140.71 142.18 142.54 142.06 141.43 140.91 140.54 140.28 140.15 140.13 140.23 140.42 140.72 141.11 141.58 142.13 142.77 143.47 144.23 145.06 145.92 146.78 147.52 148.09 148.48 148.70 148.68 148.13 146.93 145.12 142.78 139.97 136.77 133.22 129.41 125.39 121.24 117.02 112.80 108.64 104.62 100.79 97.22 94.00 91.23 89.00 87.31 85.84 84.40 83.06 81.82 80.64 79.51 78.42 77.36 76.32
148.13 145.95 144.02 142.34 140.89 139.66 138.65 137.85 137.24 136.83 136.61 136.55 136.67 136.94 137.36 137.93 138.74 140.04 141.60 142.33 142.15 141.77 141.49 141.32 141.25 141.27 141.39 141.59 141.88 142.23 142.66 143.15 143.69 144.29 144.93 145.62 146.33 147.08 147.85 148.62 149.29 149.77 150.06 150.10 149.60 148.43 146.64 144.29 141.46 138.21 134.61 130.72 126.61 122.35 118.01 113.64 109.32 105.11 101.09 97.30 93.84 90.75 88.11 86.05 84.59 83.40 82.27 81.22 80.21 79.24 78.30 77.38 76.47 75.56
149.43 147.70 146.17 144.82 143.67 142.68 141.86 141.21 140.70 140.33 140.10 139.99 140.00 140.11 140.33 140.64 141.03 141.61 142.35 142.47 142.35 142.30 142.34 142.46 142.64 142.90 143.22 143.59 144.01 144.48 144.99 145.53 146.09 146.68 147.28 147.90 148.52 149.14 149.75 150.35 150.90 151.29 151.40 150.96 149.83 148.06 145.72 142.88 139.61 135.96 132.01 127.82 123.46 119.00 114.50 110.03 105.65 101.44 97.45 93.76 90.43 87.53 85.13 83.30 82.10 81.21 80.37 79.57 78.80 78.05 77.30 76.56 75.80 75.02
150.77 149.45 148.27 147.24 146.34 145.56 144.90 144.35 143.90 143.54 143.27 143.07 142.94 142.86 142.84 142.86 142.91 142.99 143.13 143.27 143.47 143.72 144.03 144.38 144.78 145.22 145.68 146.18 146.69 147.22 147.76 148.30 148.84 149.37 149.88 150.38 150.85 151.30 151.70 152.06 152.38 152.56 152.19 151.11 149.38 147.06 144.22 140.93 137.25 133.25 128.99 124.54 119.97 115.35 110.74 106.21 101.82 97.64 93.74 90.19 87.04 84.38 82.25 80.74 79.86 79.26 78.71 78.17 77.63 77.10 76.55 75.98 75.37 74.73
152.31 151.34 150.47 149.69 148.99 148.37 147.82 147.32 146.88 146.48 146.11 145.77 145.44 145.12 144.81 144.48 144.14 143.89 144.01 144.42 144.92 145.45 146.00 146.57 147.16 147.75 148.35 148.94 149.52 150.09 150.63 151.15 151.64 152.09 152.50 152.85 153.15 153.40 153.57 153.67 153.71 153.57 152.67 150.99 148.69 145.86 142.55 138.84 134.79 130.47 125.95 121.28 116.54 111.80 107.11 102.55 98.19 94.09 90.31 86.92 84.00 81.60 79.80 78.63 78.00 77.65 77.37 77.10 76.80 76.49 76.14 75.74 75.30 74.79
154.23 153.54 152.90 152.30 151.74 151.20 150.68 150.17 149.66 149.14 148.61 148.05 147.46 146.82 146.14 145.40 144.72 144.44 144.68 145.24 146.00 146.81 147.61 148.41 149.19 149.94 150.67 151.36 152.02 152.63 153.19 153.69 154.13 154.51 154.81 155.03 155.16 155.21 155.16 155.02 154.79 154.39 153.20 151.05 148.23 144.91 141.17 137.07 132.68 128.07 123.31 118.45 113.57 108.73 104.00 99.45 95.14 91.14 87.52 84.33 81.66 79.56 78.08 77.16 76.68 76.49 76.44 76.42 76.37 76.28 76.13 75.92 75.63 75.27
156.46 155.98 155.50 155.01 154.51 153.98 153.42 152.82 152.17 151.46 150.68 149.84 148.90 147.88 146.76 145.66 144.95 144.80 145.15 145.82 146.72 147.76 148.83 149.85 150.83 151.75 152.62 153.43 154.16 154.82 155.40 155.90 156.30 156.61 156.81 156.90 156.88 156.74 156.48 156.10 155.64 155.02 153.61 151.22 148.00 144.23 140.09 135.63 130.94 126.07 121.09 116.08 111.08 106.18 101.44 96.92 92.70 88.83 85.39 82.43 80.04 78.25 77.00 76.23 75.89 75.82 75.91 76.09 76.29 76.42 76.48 76.46 76.34 76.12
158.91 158.57 158.18 157.72 157.21 156.61 155.94 155.17 154.31 153.34 152.25 151.04 149.69 148.21 146.71 145.59 145.02 145.00 145.47 146.23 147.22 148.38 149.66 150.92 152.11 153.21 154.23 155.15 155.97 156.69 157.30 157.80 158.17 158.41 158.52 158.50 158.33 158.01 157.55 156.96 156.29 155.46 153.86 151.31 147.91 143.81 139.30 134.52 129.54 124.44 119.29 114.14 109.06 104.13 99.40 94.95 90.84 87.13 83.90 81.21 79.10 77.54 76.44 75.79 75.58 75.63 75.82 76.13 76.51 76.87 77.14 77.31 77.36 77.29
161.51 161.23 160.84 160.35 159.75 159.02 158.16 157.15 156.00 154.69 153.22 151.57 149.74 147.86 146.35 145.37 144.94 145.05 145.63 146.50 147.57 148.81 150.19 151.65 153.05 154.33 155.50 156.55 157.47 158.26 158.90 159.40 159.75 159.94 159.97 159.83 159.52 159.03 158.39 157.62 156.76 155.73 153.97 151.28 147.77 143.55 138.78 133.71 128.48 123.19 117.88 112.63 107.50 102.56 97.88 93.52 89.55 86.04 83.05 80.63 78.74 77.31 76.34 75.82 75.71 75.87 76.16 76.56 77.05 77.58 78.06 78.42 78.64 78.72
164.08 163.86 163.42 162.82 162.05 161.11 159.98 158.67 157.16 155.44 153.50 151.35 149.10 147.21 145.85 145.04 144.75 144.98 145.68 146.64 147.79 149.10 150.54 152.09 153.66 155.14 156.47 157.65 158.68 159.53 160.22 160.74 161.07 161.22 161.17 160.92 160.47 159.83 159.03 158.10 157.07 155.87 153.95 151.15 147.56 143.29 138.45 133.19 127.75 122.28 116.85 111.53 106.38 101.46 96.86 92.62 88.83 85.53 82.80 80.58 78.83 77.53 76.68 76.26 76.26 76.51 76.89 77.37 77.94 78.56 79.19 79.74 80.14 80.38
166.34 166.32 165.81 165.02 164.02 162.79 161.34 159.64 157.69 155.48 153.02 150.43 148.18 146.46 145.27 144.60 144.45 144.81 145.62 146.68 147.92 149.29 150.79 152.37 154.01 155.65 157.15 158.47 159.60 160.54 161.28 161.82 162.14 162.25 162.13 161.78 161.20 160.42 159.48 158.41 157.23 155.88 153.84 150.94 147.28 142.98 138.14 132.87 127.32 121.71 116.19 110.83 105.68 100.83 96.32 92.24 88.65 85.59 83.05 80.97 79.34 78.15 77.41 77.09 77.17 77.51 77.96 78.52 79.15 79.83 80.53 81.22 81.80 82.19
168.12 168.33 167.87 166.88 165.57 163.99 162.12 159.96 157.51 154.75 151.84 149.24 147.17 145.63 144.61 144.09 144.08 144.56 145.48 146.64 147.96 149.40 150.95 152.57 154.24 155.92 157.56 159.03 160.28 161.31 162.10 162.67 162.99 163.06 162.87 162.41 161.72 160.83 159.77 158.58 157.27 155.79 153.64 150.66 146.96 142.65 137.84 132.62 127.12 121.47 115.89 110.51 105.40 100.63 96.26 92.36 88.99 86.12 83.71 81.75 80.23 79.14 78.49 78.26 78.42 78.83 79.35 79.97 80.65 81.38 82.13 82.87 83.57 84.12
169.40 169.73 169.34 168.26 166.62 164.61 162.26 159.57 156.53 153.31 150.39 147.99 146.11 144.75 143.89 143.53 143.65 144.26 145.29 146.54 147.94 149.45 151.05 152.70 154.39 156.09 157.76 159.34 160.72 161.84 162.70 163.30 163.63 163.65 163.37 162.84 162.06 161.08 159.93 158.62 157.21 155.62 153.38 150.35 146.63 142.33 137.56 132.42 127.02 121.48 115.93 110.57 105.53 100.87 96.66 92.96 89.76 87.02 84.73 82.87 81.45 80.46 79.89 79.74 79.97 80.44 81.02 81.69 82.41 83.18 83.96 84.73 85.46 86.12
170.16 170.52 170.09 168.92 167.03 164.56 161.65 158.36 154.85 151.62 148.91 146.71 145.03 143.84 143.14 142.93 143.19 143.92 145.06 146.40 147.88 149.46 151.10 152.80 154.51 156.21 157.87 159.47 160.94 162.16 163.10 163.74 164.04 164.01 163.68 163.08 162.24 161.19 159.96 158.57 157.07 155.39 153.09 150.02 146.30 142.03 137.32 132.28 127.01 121.63 116.24 110.98 106.04 101.52 97.50 93.97 90.89 88.26 86.07 84.31 82.98 82.07 81.58 81.49 81.78 82.30 82.93 83.63 84.39 85.18 85.98 86.76 87.51 88.18
170.38 170.66 170.10 168.73 166.59 163.72 160.23 156.44 152.92 149.92 147.42 145.43 143.93 142.92 142.39 142.32 142.72 143.56 144.81 146.25 147.80 149.44 151.14 152.87 154.60 156.30 157.96 159.53 161.00 162.30 163.30 163.95 164.23 164.17 163.81 163.17 162.28 161.18 159.89 158.44 156.87 155.13 152.78 149.70 145.99 141.78 137.15 132.22 127.11 121.91 116.73 111.69 106.92 102.57 98.70 95.29 92.32 89.80 87.70 86.03 84.78 83.94 83.51 83.47 83.81 84.37 85.03 85.76 86.55 87.35 88.16 88.95 89.69 90.36
170.04 170.15 169.34 167.67 165.17 161.89 158.04 154.29 151.01 148.23 145.95 144.16 142.85 142.02 141.64 141.72 142.25 143.22 144.57 146.10 147.73 149.43 151.18 152.94 154.68 156.39 158.04 159.59 161.02 162.29 163.30 163.94 164.22 164.15 163.77 163.11 162.20 161.07 159.74 158.26 156.64 154.85 152.47 149.40 145.73 141.59 137.06 132.28 127.33 122.33 117.39 112.62 108.12 103.95 100.20 96.90 94.03 91.59 89.58 87.99 86.80 86.02 85.64 85.65 86.03 86.62 87.30 88.05 88.84 89.66 90.46 91.24 91.97 92.62
169.13 168.95 167.80 165.73 162.78 159.17 155.52 152.15 149.13 146.59 144.52 142.93 141.81 141.14 140.93 141.16 141.82 142.90 144.36 145.98 147.68 149.45 151.24 153.03 154.79 156.51 158.14 159.66 161.04 162.19 163.10 163.73 164.02 163.97 163.60 162.94 162.02 160.88 159.54 158.03 156.39 154.57 152.19 149.14 145.54 141.48 137.09 132.46 127.70 122.93 118.24 113.75 109.52 105.57 101.96 98.75 95.97 93.61 91.67 90.14 89.02 88.29 87.95 87.99 88.39 89.00 89.70 90.46 91.25 92.06 92.85 93.61 94.31 94.93
167.63 167.06 165.46 162.89 159.57 156.15 152.93 149.97 147.30 145.00 143.15 141.76 140.82 140.33 140.27 140.64 141.43 142.64 144.19 145.90 147.68 149.51 151.34 153.16 154.95 156.66 158.28 159.76 161.03 162.05 162.83 163.38 163.67 163.65 163.30 162.66 161.76 160.63 159.30 157.79 156.14 154.32 151.95 148.95 145.43 141.49 137.24 132.78 128.24 123.71 119.30 115.08 111.08 107.35 103.91 100.81 98.11 95.82 93.94 92.47 91.39 90.70 90.39 90.45 90.87 91.49 92.18 92.94 93.72 94.51 95.28 96.01 96.68 97.23
165.51 164.44 162.31 159.33 156.18 153.18 150.36 147.78 145.48 143.48 141.86 140.66 139.91 139.59 139.69 140.20 141.12 142.44 144.10 145.90 147.75 149.63 151.51 153.36 155.16 156.87 158.46 159.84 160.98 161.87 162.54 162.99 163.22 163.21 162.91 162.31 161.45 160.35 159.04 157.55 155.92 154.11 151.78 148.85 145.43 141.62 137.54 133.28 128.97 124.70 120.56 116.58 112.80 109.26 105.99 103.02 100.41 98.18 96.35 94.92 93.87 93.21 92.92 93.00 93.42 94.03 94.72 95.46 96.22 96.98 97.72 98.42 99.00 99.21
162.75 161.10 158.52 155.70 152.96 150.35 147.91 145.69 143.71 142.02 140.66 139.67 139.10 138.95 139.20 139.86 140.91 142.34 144.10 145.99 147.91 149.85 151.77 153.65 155.46 157.15 158.65 159.90 160.91 161.69 162.26 162.61 162.75 162.71 162.44 161.91 161.10 160.05 158.79 157.34 155.75 153.97 151.70 148.86 145.55 141.90 138.00 133.97 129.91 125.90 122.01 118.25 114.67 111.30 108.18 105.34 102.82 100.65 98.86 97.46 96.44 95.79 95.51 95.59 96.01 96.61 97.27 97.99 98.72 99.44 100.14 100.74 100.98 100.60
159.35 157.22 154.77 152.35 150.00 147.76 145.66 143.76 142.08 140.67 139.56 138.80 138.41 138.43 138.84 139.64 140.81 142.36 144.22 146.19 148.18 150.17 152.14 154.04 155.85 157.45 158.82 159.95 160.85 161.53 162.00 162.27 162.34 162.23 161.95 161.46 160.73 159.76 158.56 157.18 155.64 153.92 151.72 148.99 145.83 142.35 138.66 134.87 131.07 127.31 123.64 120.09 116.69 113.47 110.48 107.74 105.30 103.19 101.43 100.05 99.05 98.40 98.12 98.19 98.59 99.17 99.80 100.48 101.17 101.84 102.45 102.69 102.32 101.36
155.50 153.49 151.43 149.39 147.39 145.49 143.71 142.10 140.69 139.53 138.64 138.08 137.87 138.05 138.61 139.55 140.85 142.51 144.46 146.52 148.58 150.63 152.63 154.55 156.26 157.74 158.99 160.01 160.81 161.40 161.79 161.99 162.01 161.85 161.52 161.04 160.38 159.49 158.38 157.08 155.62 153.97 151.88 149.27 146.28 143.00 139.53 136.00 132.45 128.93 125.46 122.09 118.85 115.77 112.88 110.24 107.85 105.78 104.03 102.66 101.66 101.01 100.72 100.77 101.14 101.68 102.27 102.90 103.54 104.12 104.35 103.97 103.00 101.50
151.91 150.28 148.59 146.90 145.23 143.64 142.14 140.79 139.62 138.67 137.98 137.59 137.53 137.84 138.55 139.62 141.05 142.82 144.87 147.01 149.14 151.24 153.26 155.09 156.69 158.05 159.19 160.11 160.82 161.34 161.66 161.80 161.77 161.57 161.22 160.72 160.07 159.27 158.27 157.08 155.71 154.16 152.18 149.73 146.92 143.85 140.65 137.37 134.06 130.75 127.47 124.26 121.15 118.19 115.39 112.81 110.47 108.41 106.66 105.26 104.24 103.58 103.26 103.27 103.61 104.10 104.65 105.22 105.75 105.95 105.54 104.55 103.02 101.03
148.97 147.70 146.35 144.98 143.61 142.29 141.04 139.92 138.96 138.19 137.67 137.41 137.47 137.88 138.68 139.88 141.43 143.31 145.46 147.67 149.87 152.00 153.95 155.66 157.14 158.40 159.44 160.27 160.91 161.36 161.63 161.72 161.65 161.43 161.06 160.55 159.91 159.15 158.25 157.18 155.93 154.50 152.66 150.38 147.77 144.96 142.02 138.98 135.88 132.76 129.65 126.58 123.59 120.72 118.00 115.46 113.14 111.08 109.31 107.86 106.77 106.06 105.71 105.68 105.96 106.40 106.89 107.35 107.49 107.03 105.99 104.42 102.39 99.94
146.77 145.83 144.80 143.71 142.61 141.53 140.51 139.58 138.80 138.19 137.79 137.65 137.79 138.27 139.11 140.36 142.01 144.00 146.24 148.54 150.78 152.84 154.67 156.27 157.64 158.80 159.76 160.52 161.10 161.49 161.71 161.77 161.68 161.44 161.07 160.56 159.94 159.21 158.37 157.41 156.30 155.01 153.32 151.24 148.89 146.34 143.64 140.83 137.92 134.97 132.01 129.06 126.17 123.38 120.70 118.19 115.88 113.79 111.97 110.45 109.27 108.45 108.03 107.95 108.17 108.54 108.91 108.97 108.44 107.33 105.69 103.60 101.10 98.26
145.41 144.77 144.02 143.19 142.32 141.45 140.62 139.87 139.23 138.74 138.44 138.38 138.58 139.09 139.95 141.19 142.84 144.91 147.25 149.60 151.77 153.72 155.44 156.93 158.22 159.30 160.18 160.88 161.40 161.75 161.94 161.98 161.88 161.64 161.27 160.78 160.18 159.49 158.70 157.82 156.85 155.71 154.21 152.38 150.29 148.00 145.52 142.90 140.18 137.38 134.54 131.70 128.89 126.14 123.50 121.00 118.66 116.53 114.65 113.04 111.74 110.79 110.22 110.04 110.19 110.44 110.40 109.77 108.56 106.85 104.67 102.09 99.17 95.97
144.96 144.60 144.09 143.49 142.83 142.14 141.47 140.85 140.33 139.94 139.71 139.69 139.92 140.43 141.27 142.47 144.07 146.10 148.47 150.76 152.82 154.66 156.28 157.68 158.88 159.89 160.72 161.37 161.85 162.17 162.34 162.37 162.26 162.03 161.68 161.22 160.66 160.01 159.28 158.48 157.60 156.63 155.37 153.81 151.98 149.91 147.64 145.20 142.63 139.96 137.23 134.47 131.72 129.02 126.38 123.87 121.50 119.31 117.34 115.62 114.18 113.07 112.32 111.96 111.96 111.79 111.04 109.72 107.89 105.61 102.93 99.91 96.62 93.10
145.12 145.02 144.75 144.37 143.90 143.38 142.86 142.37 141.95 141.64 141.47 141.49 141.73 142.24 143.05 144.19 145.71 147.63 149.82 151.97 153.92 155.66 157.18 158.50 159.63 160.58 161.35 161.96 162.40 162.70 162.86 162.88 162.78 162.56 162.24 161.82 161.31 160.71 160.05 159.32 158.52 157.61 156.57 155.28 153.69 151.83 149.76 147.49 145.06 142.52 139.88 137.20 134.50 131.81 129.19 126.64 124.23 121.97 119.90 118.06 116.48 115.21 114.26 113.71 113.60 112.95 111.48 109.49 107.05 104.23 101.07 97.63 93.98 90.17
145.29 145.47 145.46 145.31 145.05 144.73 144.37 144.03 143.73 143.52 143.43 143.51 143.78 144.30 145.10 146.21 147.66 149.39 151.32 153.25 155.06 156.69 158.12 159.36 160.42 161.30 162.02 162.58 163.00 163.27 163.41 163.43 163.34 163.14 162.84 162.46 161.99 161.45 160.85 160.19 159.39 158.45 157.44 156.35 155.00 153.38 151.50 149.40 147.13 144.71 142.18 139.57 136.93 134.27 131.65 129.09 126.63 124.30 122.15 120.19 118.48 117.04 115.93 115.35 115.36 114.69 112.73 110.07 107.01 103.63 99.97 96.10 92.07 87.95
145.35 145.83 146.10 146.21 146.19 146.08 145.91 145.74 145.58 145.50 145.51 145.66 146.00 146.55 147.36 148.44 149.76 151.29 152.98 154.67 156.28 157.78 159.12 160.28 161.26 162.08 162.74 163.26 163.64 163.89 164.02 164.03 163.94 163.76 163.49 163.14 162.72 162.23 161.69 161.00 160.16 159.17 158.13 157.06 155.90 154.50 152.83 150.92 148.80 146.51 144.09 141.57 138.99 136.37 133.76 131.19 128.69 126.31 124.07 122.01 120.16 118.58 117.49 117.06 117.18 116.61 114.62 111.50 107.81 103.84 99.66 95.33 90.91 86.45
