data_processed/recharge/precip/Precip_1985_06.asc
ncols        168
nrows        136
xllcorner    455000
yllcorner    2107000
cellsize     500
NODATA_value     -99999
[rows 32 to 63 of 136, columns 0 to 70 of 168]
293.73 286.99 280.10 273.12 266.12 259.34 252.94 247.01 241.56 236.65 232.30 228.56 225.45 223.03 221.32 220.37 220.21 220.89 222.42 224.39 226.41 228.42 230.40 232.34 234.19 235.96 237.60 239.11 240.56 242.11 243.80 245.59 247.43 249.06 250.20 250.74 250.59 249.67 247.91 245.20 241.48 236.66 230.93 224.85 218.60 212.21 205.74 199.23 192.74 186.31 180.00 173.89 168.22 163.10 158.56 154.61 151.55 149.90 149.73 150.96 153.50 157.28 162.20 168.17 175.12 182.75 189.68 195.31 199.72 202.99 205.22
295.12 288.51 281.73 274.88 268.15 261.73 255.69 250.06 244.89 240.20 236.05 232.46 229.48 227.13 225.46 224.50 224.30 224.90 226.29 228.09 229.87 231.59 233.21 234.73 236.12 237.34 238.40 239.37 240.44 241.63 242.93 244.30 245.71 247.11 248.22 248.77 248.62 247.71 245.95 243.25 239.54 234.72 228.99 222.93 216.69 210.32 203.87 197.39 190.92 184.53 178.30 172.44 167.10 162.27 157.97 154.21 151.02 148.68 147.72 148.23 150.11 153.28 157.66 163.16 169.70 176.97 183.62 189.04 193.31 196.51 198.74
296.38 289.92 283.30 276.73 270.39 264.35 258.64 253.30 248.37 243.89 239.91 236.46 233.57 231.27 229.62 228.64 228.37 228.86 230.11 231.71 233.24 234.64 235.89 236.97 237.86 238.54 239.11 239.77 240.55 241.42 242.37 243.35 244.35 245.32 246.22 246.77 246.66 245.78 244.06 241.39 237.71 232.94 227.24 221.22 215.02 208.70 202.30 195.87 189.47 183.18 177.22 171.71 166.67 162.10 158.02 154.44 151.37 148.82 147.11 146.74 147.82 150.25 153.94 158.82 164.80 171.58 177.80 182.87 186.86 189.85 191.94
297.49 291.21 284.90 278.74 272.80 267.11 261.70 256.63 251.93 247.64 243.80 240.46 237.64 235.38 233.72 232.70 232.35 232.71 233.80 235.18 236.43 237.49 238.35 238.97 239.36 239.60 239.92 240.36 240.90 241.49 242.12 242.76 243.38 243.95 244.44 244.78 244.71 243.90 242.23 239.63 236.02 231.30 225.68 219.72 213.59 207.35 201.03 194.68 188.41 182.42 176.82 171.63 166.87 162.54 158.66 155.22 152.25 149.76 147.76 146.56 146.69 148.23 151.11 155.23 160.51 166.65 172.31 176.88 180.44 183.08 184.89
298.42 292.48 286.61 280.86 275.29 269.93 264.81 259.99 255.49 251.37 247.66 244.39 241.62 239.38 237.70 236.61 236.15 236.37 237.26 238.41 239.36 240.07 240.51 240.67 240.66 240.73 240.91 241.17 241.50 241.85 242.21 242.55 242.82 243.02 243.11 243.05 242.80 242.05 240.48 237.97 234.45 229.83 224.30 218.44 212.41 206.27 200.06 193.87 187.92 182.30 177.04 172.15 167.64 163.52 159.81 156.50 153.61 151.15 149.13 147.58 146.79 147.31 149.22 152.43 156.87 162.24 167.18 171.12 174.11 176.26 177.68
299.29 293.80 288.36 283.01 277.79 272.73 267.89 263.29 258.98 255.00 251.39 248.19 245.44 243.18 241.45 240.28 239.70 239.75 240.44 241.33 241.96 242.29 242.31 242.13 242.01 242.00 242.08 242.21 242.36 242.52 242.65 242.71 242.69 242.56 242.28 241.84 241.19 240.28 238.79 236.41 233.01 228.52 223.11 217.38 211.48 205.47 199.44 193.59 188.03 182.77 177.82 173.21 168.92 164.99 161.41 158.20 155.36 152.91 150.86 149.22 148.01 147.53 148.34 150.51 153.96 158.41 162.50 165.66 167.94 169.49 170.74
300.15 295.11 290.09 285.11 280.21 275.45 270.85 266.46 262.32 258.46 254.94 251.78 249.03 246.73 244.92 243.64 242.91 242.77 243.24 243.85 244.15 244.09 243.82 243.59 243.47 243.44 243.45 243.48 243.51 243.51 243.44 243.28 243.00 242.58 241.98 241.17 240.14 238.84 237.22 234.95 231.71 227.36 222.10 216.53 210.80 204.99 199.32 193.88 188.69 183.76 179.10 174.73 170.65 166.87 163.41 160.26 157.46 154.99 152.88 151.14 149.76 148.79 148.52 149.51 151.84 155.22 158.32 160.55 162.04 163.24 164.60
300.94 296.34 291.70 287.07 282.49 277.99 273.62 269.42 265.42 261.67 258.20 255.07 252.30 249.94 248.03 246.61 245.71 245.37 245.58 245.90 245.85 245.55 245.30 245.15 245.07 245.04 245.03 245.01 244.95 244.82 244.60 244.26 243.76 243.09 242.20 241.08 239.70 238.02 236.02 233.63 230.53 226.37 221.29 215.90 210.40 204.97 199.72 194.67 189.83 185.21 180.82 176.66 172.76 169.11 165.73 162.63 159.83 157.32 155.12 153.25 151.70 150.50 149.66 149.50 150.56 152.74 154.71 155.92 156.88 158.07 159.52
301.59 297.40 293.13 288.83 284.54 280.29 276.12 272.08 268.21 264.54 261.12 257.98 255.18 252.74 250.70 249.12 248.02 247.45 247.39 247.40 247.16 246.96 246.85 246.81 246.82 246.84 246.84 246.80 246.70 246.49 246.15 245.66 244.99 244.10 242.97 241.57 239.88 237.86 235.49 232.73 229.52 225.53 220.67 215.54 210.43 205.44 200.61 195.92 191.40 187.06 182.90 178.94 175.18 171.64 168.32 165.24 162.41 159.84 157.53 155.49 153.75 152.30 151.16 150.36 150.20 151.03 151.77 152.29 153.10 154.24 155.67
302.01 298.21 294.30 290.31 286.28 282.25 278.28 274.38 270.61 267.01 263.61 260.45 257.58 255.04 252.87 251.10 249.77 248.94 248.60 248.47 248.39 248.40 248.48 248.59 248.72 248.83 248.89 248.87 248.76 248.51 248.10 247.50 246.69 245.63 244.30 242.66 240.70 238.38 235.67 232.55 228.98 224.90 220.28 215.56 210.91 206.36 201.90 197.56 193.33 189.24 185.29 181.50 177.86 174.40 171.12 168.03 165.15 162.47 160.03 157.81 155.84 154.13 152.68 151.50 150.62 150.21 150.08 150.32 150.95 151.94 153.24
302.35 298.91 295.31 291.60 287.80 283.97 280.15 276.36 272.66 269.09 265.67 262.47 259.50 256.83 254.47 252.49 250.91 249.78 249.27 249.30 249.50 249.77 250.07 250.38 250.67 250.90 251.05 251.10 251.01 250.76 250.31 249.64 248.73 247.54 246.04 244.20 242.01 239.42 236.42 232.96 229.04 224.61 220.01 215.73 211.54 207.39 203.30 199.28 195.34 191.48 187.73 184.08 180.55 177.15 173.89 170.77 167.82 165.04 162.44 160.02 157.81 155.81 154.03 152.48 151.19 150.30 149.82 149.77 150.15 150.91 152.00
303.06 299.91 296.57 293.06 289.43 285.73 281.99 278.25 274.55 270.94 267.45 264.12 261.00 258.12 255.52 253.25 251.35 250.03 249.58 249.77 250.23 250.78 251.34 251.87 252.35 252.74 253.02 253.16 253.13 252.91 252.45 251.75 250.77 249.47 247.84 245.84 243.44 240.62 237.35 233.60 229.35 224.57 219.66 215.43 211.65 207.92 204.21 200.52 196.86 193.25 189.69 186.20 182.78 179.45 176.22 173.09 170.07 167.19 164.44 161.83 159.39 157.11 155.01 153.11 151.57 150.57 149.94 149.62 149.72 150.22 151.08
304.16 301.23 298.05 294.68 291.15 287.50 283.78 280.01 276.25 272.52 268.88 265.36 262.01 258.85 255.94 253.33 251.22 249.96 249.65 249.97 250.57 251.37 252.21 253.00 253.69 254.28 254.71 254.98 255.04 254.87 254.45 253.74 252.72 251.35 249.61 247.48 244.91 241.89 238.39 234.37 229.81 224.73 219.51 214.97 211.22 207.87 204.54 201.19 197.83 194.47 191.13 187.80 184.51 181.26 178.06 174.93 171.86 168.89 166.00 163.22 160.55 158.00 155.60 153.50 151.89 150.82 150.11 149.64 149.48 149.70 150.31
305.54 302.76 299.69 296.39 292.88 289.21 285.43 281.56 277.66 273.75 269.89 266.11 262.44 258.95 255.66 252.81 250.79 249.69 249.51 249.94 250.65 251.59 252.67 253.74 254.69 255.49 256.11 256.53 256.72 256.64 256.28 255.59 254.56 253.16 251.35 249.11 246.40 243.22 239.50 235.24 230.42 225.08 219.59 214.72 210.65 207.31 204.33 201.33 198.28 195.19 192.07 188.93 185.77 182.61 179.47 176.34 173.24 170.17 167.16 164.21 161.33 158.54 155.99 153.85 152.19 151.06 150.27 149.73 149.42 149.39 149.73
307.13 304.42 301.39 298.08 294.52 290.77 286.85 282.81 278.70 274.54 270.38 266.26 262.22 258.32 254.78 252.03 250.18 249.23 249.19 249.74 250.55 251.57 252.78 254.08 255.31 256.37 257.21 257.82 258.16 258.20 257.92 257.30 256.29 254.87 253.02 250.71 247.90 244.57 240.66 236.17 231.14 225.60 219.88 214.74 210.34 206.66 203.67 200.99 198.26 195.45 192.56 189.61 186.60 183.55 180.46 177.35 174.22 171.09 167.97 164.86 161.79 158.89 156.32 154.17 152.48 151.28 150.43 149.82 149.43 149.26 149.35
308.68 306.14 303.07 299.67 296.00 292.08 287.96 283.68 279.28 274.79 270.27 265.74 261.27 257.10 253.67 251.11 249.43 248.63 248.72 249.38 250.30 251.41 252.68 254.09 255.56 256.89 257.98 258.81 259.33 259.53 259.37 258.83 257.88 256.49 254.63 252.27 249.38 245.89 241.81 237.16 231.97 226.26 220.37 215.01 210.32 206.30 202.96 200.25 197.81 195.29 192.65 189.90 187.05 184.11 181.09 178.01 174.87 171.68 168.46 165.21 162.07 159.19 156.64 154.47 152.75 151.51 150.59 149.92 149.47 149.23 149.18
309.49 307.65 304.63 301.08 297.22 293.06 288.67 284.07 279.31 274.43 269.47 264.47 259.72 255.67 252.45 250.07 248.56 247.92 248.14 248.91 249.92 251.12 252.46 253.93 255.49 257.05 258.42 259.49 260.23 260.61 260.61 260.19 259.32 257.98 256.14 253.76 250.77 247.16 242.95 238.18 232.87 227.05 221.04 215.50 210.58 206.26 202.57 199.49 197.00 194.74 192.35 189.82 187.14 184.33 181.40 178.36 175.21 171.98 168.67 165.40 162.31 159.47 156.94 154.77 153.03 151.74 150.77 150.04 149.53 149.22 149.11
309.18 308.30 305.84 302.22 298.09 293.63 288.89 283.90 278.72 273.36 267.90 262.61 257.98 254.16 251.15 248.96 247.62 247.12 247.47 248.35 249.46 250.73 252.15 253.68 255.27 256.91 258.50 259.85 260.84 261.44 261.62 261.34 260.60 259.34 257.54 255.11 252.03 248.34 244.06 239.21 233.84 227.95 221.87 216.20 211.09 206.53 202.53 199.09 196.22 193.88 191.73 189.42 186.92 184.25 181.42 178.42 175.29 172.03 168.74 165.55 162.53 159.74 157.24 155.07 153.31 151.98 150.96 150.18 149.61 149.26 149.09
307.79 307.72 306.06 302.86 298.53 293.70 288.53 283.09 277.40 271.52 265.74 260.59 256.21 252.61 249.80 247.80 246.62 246.27 246.74 247.73 248.93 250.29 251.78 253.35 254.99 256.66 258.31 259.88 261.14 261.99 262.38 262.29 261.69 260.53 258.73 256.26 253.15 249.42 245.11 240.24 234.85 228.95 222.83 217.09 211.84 207.08 202.82 199.07 195.83 193.10 190.85 188.73 186.43 183.91 181.18 178.26 175.15 171.95 168.77 165.68 162.74 160.01 157.53 155.38 153.61 152.24 151.18 150.35 149.74 149.33 149.11
305.38 305.95 304.93 302.37 298.32 293.17 287.52 281.54 275.29 269.08 263.45 258.56 254.43 251.05 248.45 246.63 245.61 245.40 246.00 247.09 248.38 249.82 251.37 253.00 254.67 256.36 258.03 259.65 261.12 262.24 262.87 263.00 262.55 261.45 259.65 257.19 254.09 250.38 246.09 241.25 235.88 230.02 223.92 218.15 212.81 207.90 203.43 199.41 195.84 192.73 190.08 187.84 185.71 183.35 180.74 177.90 174.89 171.83 168.78 165.80 162.95 160.27 157.84 155.71 153.92 152.53 151.43 150.56 149.91 149.46 149.19
302.01 303.04 302.50 300.42 296.85 291.83 285.75 279.18 272.59 266.54 261.19 256.56 252.67 249.51 247.11 245.48 244.62 244.55 245.26 246.46 247.84 249.35 250.97 252.64 254.35 256.06 257.74 259.35 260.87 262.19 263.10 263.44 263.10 262.04 260.30 257.89 254.85 251.20 246.98 242.21 236.92 231.14 225.12 219.36 213.98 208.97 204.34 200.10 196.25 192.80 189.75 187.11 184.83 182.61 180.13 177.43 174.60 171.70 168.79 165.92 163.16 160.55 158.17 156.05 154.27 152.85 151.72 150.82 150.13 149.64 149.33
297.74 299.06 298.83 297.07 293.81 289.11 283.03 276.23 269.80 264.05 258.99 254.62 250.96 248.03 245.83 244.37 243.67 243.74 244.57 245.87 247.34 248.92 250.60 252.32 254.06 255.79 257.48 259.08 260.57 261.92 263.00 263.49 263.24 262.28 260.64 258.33 255.40 251.87 247.76 243.12 237.95 232.30 226.40 220.71 215.33 210.27 205.53 201.12 197.04 193.29 189.89 186.84 184.14 181.76 179.44 176.94 174.30 171.56 168.79 166.05 163.38 160.85 158.51 156.43 154.65 153.21 152.06 151.14 150.42 149.89 149.55
292.63 294.08 293.97 292.35 289.26 284.73 279.14 273.11 267.12 261.66 256.88 252.77 249.35 246.63 244.62 243.34 242.80 243.00 243.95 245.35 246.90 248.56 250.29 252.06 253.83 255.58 257.27 258.86 260.33 261.61 262.57 263.08 262.97 262.15 260.66 258.51 255.73 252.36 248.42 243.94 238.95 233.48 227.74 222.17 216.84 211.78 206.98 202.44 198.18 194.19 190.49 187.08 183.97 181.18 178.76 176.44 173.99 171.43 168.81 166.19 163.62 161.17 158.89 156.84 155.07 153.63 152.46 151.51 150.77 150.22 149.85
286.74 288.14 287.99 286.35 283.25 279.06 274.44 269.56 264.44 259.40 254.89 251.04 247.85 245.35 243.54 242.43 242.04 242.38 243.44 244.93 246.57 248.29 250.08 251.89 253.69 255.46 257.15 258.73 260.14 261.23 261.95 262.31 262.27 261.64 260.34 258.39 255.82 252.65 248.93 244.67 239.90 234.66 229.13 223.72 218.50 213.48 208.66 204.05 199.66 195.48 191.53 187.81 184.34 181.18 178.39 175.97 173.68 171.30 168.83 166.34 163.89 161.53 159.31 157.30 155.54 154.10 152.91 151.95 151.19 150.62 150.23
280.13 281.30 280.95 279.12 276.20 272.84 269.25 265.44 261.41 257.19 253.06 249.46 246.51 244.21 242.60 241.66 241.42 241.89 243.06 244.65 246.37 248.16 250.00 251.85 253.68 255.45 257.14 258.68 259.90 260.74 261.23 261.39 261.23 260.72 259.66 257.96 255.64 252.74 249.27 245.28 240.79 235.82 230.56 225.36 220.29 215.36 210.58 205.94 201.46 197.14 192.98 189.00 185.24 181.76 178.60 175.82 173.42 171.19 168.88 166.53 164.19 161.92 159.77 157.81 156.08 154.63 153.44 152.47 151.70 151.12 150.71
272.86 273.64 272.93 271.10 268.87 266.42 263.76 260.92 257.88 254.67 251.31 248.06 245.34 243.26 241.83 241.07 240.98 241.58 242.85 244.54 246.33 248.19 250.08 251.97 253.82 255.60 257.25 258.59 259.56 260.17 260.44 260.41 260.09 259.50 258.61 257.20 255.18 252.59 249.44 245.76 241.58 236.94 231.99 227.05 222.18 217.39 212.69 208.08 203.56 199.14 194.82 190.64 186.64 182.87 179.39 176.24 173.49 171.13 168.96 166.75 164.53 162.36 160.29 158.37 156.67 155.24 154.05 153.07 152.29 151.70 151.28
264.99 265.23 264.35 263.08 261.61 259.96 258.15 256.17 254.03 251.75 249.33 246.79 244.39 242.52 241.28 240.68 240.74 241.46 242.85 244.62 246.49 248.41 250.35 252.27 254.15 255.90 257.35 258.43 259.15 259.54 259.61 259.40 258.93 258.22 257.29 256.10 254.43 252.19 249.40 246.08 242.28 238.01 233.41 228.78 224.16 219.56 214.99 210.45 205.94 201.46 197.02 192.67 188.46 184.45 180.69 177.23 174.11 171.40 169.11 167.02 164.93 162.86 160.86 159.01 157.34 155.92 154.73 153.76 152.99 152.39 151.97
256.60 256.52 256.05 255.41 254.61 253.67 252.58 251.37 250.02 248.57 247.00 245.34 243.60 242.02 240.97 240.54 240.74 241.59 243.08 244.93 246.88 248.86 250.84 252.80 254.65 256.21 257.39 258.21 258.70 258.88 258.77 258.40 257.79 256.97 255.95 254.77 253.37 251.52 249.14 246.23 242.84 239.00 234.81 230.54 226.22 221.85 217.46 213.03 208.56 204.03 199.51 195.04 190.68 186.47 182.47 178.73 175.30 172.23 169.58 167.36 165.37 163.41 161.51 159.72 158.09 156.69 155.52 154.55 153.78 153.19 152.77
248.16 248.34 248.38 248.28 248.05 247.71 247.25 246.70 246.05 245.32 244.51 243.63 242.70 241.72 240.93 240.66 241.01 241.98 243.57 245.51 247.53 249.56 251.59 253.53 255.19 256.46 257.38 257.97 258.24 258.23 257.95 257.44 256.70 255.78 254.69 253.46 252.10 250.57 248.64 246.20 243.27 239.89 236.17 232.29 228.32 224.24 220.07 215.77 211.34 206.82 202.26 197.71 193.23 188.86 184.67 180.69 176.99 173.61 170.61 168.04 165.91 164.04 162.23 160.50 158.93 157.55 156.39 155.45 154.69 154.11 153.75
240.54 241.09 241.53 241.87 242.11 242.26 242.33 242.34 242.28 242.17 242.02 241.82 241.60 241.36 241.13 241.09 241.58 242.67 244.36 246.38 248.46 250.56 252.58 254.32 255.69 256.69 257.36 257.72 257.80 257.61 257.18 256.53 255.69 254.69 253.54 252.27 250.90 249.46 247.89 245.95 243.54 240.68 237.46 234.04 230.46 226.71 222.76 218.59 214.24 209.76 205.20 200.62 196.06 191.58 187.23 183.07 179.14 175.49 172.18 169.27 166.79 164.77 163.03 161.38 159.86 158.51 157.38 156.45 155.72 155.20 154.99
234.11 234.94 235.68 236.35 236.95 237.50 238.01 238.47 238.90 239.31 239.71 240.10 240.49 240.90 241.32 241.79 242.48 243.68 245.47 247.58 249.73 251.82 253.64 255.09 256.17 256.92 257.36 257.51 257.40 257.04 256.48 255.71 254.79 253.71 252.52 251.22 249.86 248.45 247.01 245.48 243.63 241.33 238.66 235.75 232.60 229.17 225.44 221.43 217.20 212.80 208.29 203.71 199.13 194.58 190.12 185.81 181.69 177.82 174.25 171.02 168.20 165.84 163.95 162.35 160.89 159.58 158.48 157.58 156.91 156.55 156.51
229.07 230.06 231.01 231.91 232.78 233.62 234.45 235.27 236.09 236.92 237.76 238.64 239.54 240.49 241.49 242.54 243.68 245.06 246.95 249.13 251.29 253.18 254.70 255.85 256.67 257.18 257.40 257.36 257.07 256.57 255.88 255.02 254.01 252.89 251.66 250.36 249.02 247.64 246.27 244.92 243.52 241.83 239.77 237.39 234.66 231.53 228.04 224.23 220.17 215.90 211.48 206.96 202.38 197.80 193.28 188.86 184.60 180.54 176.75 173.27 170.15 167.44 165.21 163.46 162.03 160.77 159.70 158.88 158.37 158.18 158.29
