data_processed/recharge/precip/Precip_1990_09.asc
ncols        168
nrows        136
xllcorner    455000
yllcorner    2107000
cellsize     500
NODATA_value     -99999
[rows 99 to 131 of 136, columns 0 to 73 of 168]
55.22 58.81 62.94 67.37 72.04 76.92 81.97 87.16 92.46 97.82 103.21 108.60 113.95 119.22 124.39 129.40 134.24 138.86 143.22 147.30 151.05 154.41 157.36 159.90 162.09 164.09 165.93 167.61 169.13 170.49 171.70 172.77 173.70 174.51 175.20 175.78 176.27 176.67 176.99 177.24 177.42 177.56 177.66 177.72 177.76 177.78 177.78 177.58 176.96 175.91 174.52 173.04 171.54 170.02 168.38 166.50 164.38 162.06 159.57 156.94 154.22 151.42 148.59 145.75 142.94 140.20 137.55 135.03 132.67 130.51 128.57 126.89 125.50 124.25
56.44 60.19 64.27 68.63 73.24 78.06 83.05 88.19 93.43 98.74 104.08 109.42 114.73 119.96 125.08 130.06 134.86 139.45 143.78 147.83 151.56 154.92 157.88 160.41 162.57 164.52 166.31 167.94 169.40 170.71 171.87 172.89 173.79 174.57 175.24 175.82 176.30 176.70 177.02 177.29 177.50 177.67 177.80 177.90 177.99 178.07 178.15 178.22 178.10 177.57 176.67 175.63 174.53 173.25 171.67 169.79 167.66 165.30 162.74 160.02 157.17 154.22 151.22 148.18 145.14 142.14 139.21 136.38 133.68 131.15 128.82 126.73 124.90 123.36
58.05 61.73 65.73 70.02 74.55 79.30 84.22 89.29 94.46 99.71 104.99 110.27 115.51 120.69 125.76 130.69 135.44 139.97 144.26 148.27 151.96 155.29 158.23 160.73 162.85 164.75 166.49 168.05 169.46 170.72 171.85 172.84 173.71 174.48 175.13 175.70 176.18 176.59 176.93 177.22 177.46 177.66 177.84 177.99 178.13 178.28 178.43 178.60 178.77 178.76 178.39 177.84 177.06 175.92 174.43 172.61 170.51 168.15 165.58 162.81 159.88 156.84 153.70 150.50 147.29 144.08 140.91 137.81 134.83 131.98 129.31 126.85 124.62 122.67
59.82 63.40 67.31 71.50 75.95 80.61 85.45 90.43 95.53 100.69 105.90 111.11 116.28 121.39 126.39 131.25 135.94 140.41 144.65 148.59 152.23 155.51 158.40 160.86 162.93 164.77 166.45 167.96 169.33 170.55 171.64 172.61 173.47 174.22 174.87 175.44 175.93 176.35 176.72 177.04 177.31 177.56 177.78 177.99 178.20 178.41 178.64 178.89 179.18 179.49 179.65 179.50 178.94 177.96 176.60 174.89 172.87 170.57 168.01 165.24 162.29 159.19 155.97 152.67 149.32 145.95 142.59 139.28 136.05 132.94 129.97 127.19 124.61 122.29
61.77 65.25 69.05 73.14 77.48 82.04 86.79 91.68 96.68 101.76 106.87 112.00 117.09 122.11 127.03 131.82 136.43 140.84 145.00 148.88 152.44 155.66 158.49 160.90 162.92 164.71 166.32 167.79 169.11 170.30 171.36 172.31 173.15 173.89 174.55 175.12 175.62 176.07 176.46 176.81 177.12 177.41 177.69 177.96 178.24 178.52 178.83 179.17 179.55 179.98 180.39 180.51 180.18 179.40 178.22 176.67 174.77 172.56 170.08 167.35 164.42 161.31 158.05 154.69 151.24 147.76 144.26 140.78 137.35 134.01 130.80 127.73 124.85 122.20
64.13 67.49 71.18 75.16 79.40 83.86 88.50 93.29 98.19 103.17 108.20 113.23 118.23 123.17 128.01 132.71 137.24 141.57 145.65 149.46 152.95 156.10 158.86 161.24 163.24 164.99 166.54 167.95 169.22 170.36 171.38 172.30 173.11 173.83 174.47 175.04 175.54 176.00 176.40 176.77 177.12 177.44 177.76 178.08 178.41 178.76 179.14 179.55 180.01 180.50 180.95 181.21 181.12 180.58 179.61 178.24 176.50 174.43 172.05 169.40 166.51 163.43 160.17 156.77 153.27 149.70 146.09 142.47 138.88 135.35 131.92 128.61 125.46 122.50
66.93 70.18 73.76 77.63 81.75 86.10 90.64 95.32 100.13 105.01 109.93 114.87 119.78 124.62 129.37 133.99 138.44 142.68 146.68 150.41 153.83 156.91 159.63 161.99 163.98 165.71 167.22 168.55 169.75 170.83 171.80 172.66 173.43 174.12 174.73 175.28 175.77 176.21 176.61 176.99 177.34 177.69 178.03 178.38 178.75 179.15 179.58 180.05 180.55 181.05 181.51 181.80 181.86 181.57 180.84 179.68 178.13 176.21 173.97 171.43 168.62 165.59 162.35 158.96 155.43 151.80 148.11 144.39 140.66 136.97 133.35 129.82 126.43 123.19
70.08 73.28 76.75 80.50 84.51 88.75 93.17 97.75 102.45 107.23 112.05 116.89 121.70 126.45 131.11 135.63 139.99 144.15 148.07 151.72 155.06 158.08 160.79 163.13 165.11 166.81 168.30 169.57 170.69 171.69 172.58 173.38 174.10 174.73 175.30 175.81 176.26 176.68 177.07 177.43 177.78 178.13 178.49 178.85 179.25 179.67 180.14 180.63 181.12 181.61 182.06 182.37 182.47 182.33 181.85 180.94 179.60 177.88 175.79 173.39 170.69 167.74 164.56 161.20 157.67 154.02 150.27 146.47 142.64 138.82 135.04 131.33 127.71 124.07
73.47 76.70 80.11 83.75 87.64 91.76 96.07 100.54 105.12 109.80 114.52 119.25 123.96 128.61 133.17 137.60 141.87 145.94 149.77 153.33 156.62 159.62 162.30 164.62 166.57 168.26 169.72 170.96 172.01 172.92 173.73 174.44 175.08 175.65 176.16 176.61 177.02 177.40 177.75 178.09 178.42 178.75 179.10 179.47 179.87 180.31 180.77 181.24 181.70 182.17 182.61 182.92 183.04 182.95 182.62 181.96 180.87 179.37 177.48 175.24 172.68 169.84 166.75 163.44 159.94 156.30 152.53 148.68 144.78 140.85 136.94 133.06 129.11 124.87
77.06 80.33 83.75 87.33 91.11 95.11 99.30 103.65 108.13 112.69 117.30 121.92 126.53 131.08 135.54 139.87 144.04 148.01 151.76 155.26 158.52 161.49 164.14 166.43 168.36 170.01 171.44 172.65 173.66 174.50 175.20 175.82 176.37 176.85 177.28 177.66 178.01 178.33 178.64 178.93 179.23 179.53 179.85 180.21 180.60 181.01 181.44 181.86 182.29 182.72 183.13 183.43 183.56 183.49 183.23 182.73 181.89 180.64 178.97 176.93 174.54 171.84 168.86 165.64 162.21 158.59 154.84 150.96 147.01 143.02 138.99 134.84 130.37 125.55
80.82 84.12 87.58 91.16 94.88 98.76 102.83 107.06 111.42 115.86 120.36 124.88 129.37 133.82 138.17 142.40 146.47 150.35 154.03 157.50 160.72 163.66 166.27 168.53 170.42 172.04 173.43 174.60 175.57 176.36 176.99 177.50 177.94 178.32 178.66 178.95 179.22 179.47 179.70 179.94 180.18 180.44 180.73 181.05 181.39 181.75 182.12 182.49 182.87 183.26 183.63 183.90 184.02 183.97 183.74 183.31 182.64 181.64 180.22 178.41 176.22 173.69 170.85 167.75 164.41 160.86 157.14 153.28 149.31 145.26 141.03 136.43 131.45 126.11
84.72 88.05 91.53 95.15 98.86 102.68 106.63 110.73 114.97 119.29 123.67 128.07 132.46 136.79 141.04 145.16 149.13 152.94 156.57 160.00 163.18 166.08 168.66 170.88 172.73 174.30 175.65 176.78 177.71 178.45 179.02 179.44 179.76 180.03 180.26 180.45 180.62 180.78 180.94 181.10 181.27 181.47 181.70 181.95 182.23 182.51 182.81 183.12 183.43 183.76 184.08 184.31 184.42 184.37 184.16 183.77 183.17 182.35 181.19 179.63 177.67 175.34 172.68 169.72 166.50 163.05 159.39 155.57 151.61 147.41 142.80 137.78 132.36 126.58
88.73 92.09 95.60 99.23 102.96 106.77 110.65 114.64 118.74 122.95 127.21 131.49 135.76 139.97 144.11 148.13 152.02 155.78 159.37 162.75 165.89 168.74 171.27 173.44 175.25 176.78 178.08 179.15 180.03 180.72 181.24 181.60 181.82 181.96 182.06 182.14 182.20 182.25 182.31 182.38 182.47 182.59 182.73 182.90 183.08 183.28 183.50 183.73 183.97 184.22 184.48 184.66 184.73 184.68 184.48 184.12 183.57 182.82 181.85 180.55 178.84 176.75 174.29 171.51 168.44 165.11 161.55 157.79 153.74 149.25 144.29 138.90 133.11 126.96
92.84 96.22 99.75 103.40 107.14 110.95 114.82 118.73 122.71 126.79 130.92 135.08 139.23 143.33 147.35 151.29 155.12 158.83 162.37 165.70 168.79 171.59 174.08 176.20 177.95 179.43 180.67 181.69 182.51 183.14 183.60 183.90 184.06 184.09 184.05 183.99 183.93 183.86 183.80 183.76 183.75 183.77 183.81 183.87 183.95 184.05 184.17 184.31 184.46 184.63 184.81 184.93 184.96 184.89 184.69 184.34 183.83 183.14 182.25 181.13 179.70 177.86 175.64 173.06 170.17 166.99 163.55 159.77 155.50 150.73 145.49 139.81 133.73 127.27
97.00 100.41 103.95 107.61 111.36 115.18 119.05 122.94 126.84 130.79 134.79 138.83 142.85 146.83 150.76 154.64 158.42 162.07 165.56 168.83 171.86 174.61 177.03 179.10 180.79 182.21 183.40 184.36 185.12 185.68 186.08 186.31 186.40 186.35 186.20 186.00 185.79 185.58 185.39 185.23 185.10 184.99 184.91 184.85 184.82 184.81 184.82 184.86 184.91 184.99 185.07 185.12 185.10 184.99 184.77 184.43 183.94 183.30 182.47 181.45 180.20 178.64 176.68 174.34 171.65 168.65 165.25 161.32 156.86 151.88 146.43 140.53 134.22 127.52
101.20 104.63 108.19 111.85 115.61 119.43 123.29 127.17 131.05 134.91 138.78 142.69 146.58 150.47 154.34 158.15 161.87 165.46 168.89 172.10 175.07 177.75 180.12 182.12 183.75 185.11 186.22 187.12 187.81 188.31 188.63 188.79 188.80 188.69 188.45 188.13 187.76 187.40 187.07 186.76 186.49 186.24 186.03 185.84 185.68 185.54 185.44 185.36 185.30 185.27 185.25 185.21 185.12 184.96 184.72 184.37 183.90 183.29 182.51 181.56 180.41 179.04 177.35 175.28 172.83 169.93 166.46 162.41 157.82 152.71 147.11 141.06 134.59 127.74
105.42 108.86 112.42 116.09 119.85 123.66 127.52 131.38 135.24 139.07 142.86 146.63 150.43 154.25 158.05 161.79 165.45 168.97 172.33 175.48 178.38 180.99 183.29 185.22 186.79 188.07 189.12 189.94 190.56 190.98 191.22 191.31 191.24 191.04 190.73 190.31 189.81 189.29 188.79 188.33 187.90 187.51 187.15 186.82 186.52 186.25 186.01 185.80 185.62 185.46 185.33 185.19 185.02 184.81 184.52 184.16 183.68 183.09 182.36 181.46 180.39 179.13 177.64 175.84 173.56 170.67 167.15 163.05 158.40 153.22 147.56 141.43 134.87 127.92
109.61 113.06 116.63 120.31 124.06 127.87 131.71 135.56 139.40 143.20 146.95 150.66 154.39 158.13 161.86 165.53 169.12 172.57 175.85 178.92 181.75 184.29 186.52 188.37 189.87 191.08 192.05 192.79 193.33 193.67 193.83 193.83 193.68 193.39 192.99 192.49 191.89 191.24 190.57 189.94 189.34 188.78 188.26 187.78 187.33 186.91 186.53 186.17 185.86 185.57 185.31 185.06 184.80 184.51 184.18 183.77 183.29 182.70 182.00 181.15 180.15 178.97 177.59 175.91 173.69 170.82 167.34 163.26 158.62 153.45 147.78 141.64 135.07 128.09
113.76 117.22 120.79 124.46 128.21 132.01 135.83 139.66 143.47 147.25 151.00 154.73 158.42 162.09 165.74 169.33 172.84 176.21 179.41 182.41 185.16 187.62 189.76 191.54 192.96 194.08 194.97 195.63 196.09 196.34 196.41 196.32 196.08 195.71 195.21 194.61 193.93 193.18 192.37 191.56 190.79 190.05 189.36 188.71 188.09 187.52 186.98 186.47 186.00 185.57 185.17 184.80 184.43 184.06 183.66 183.22 182.71 182.11 181.42 180.61 179.66 178.55 177.19 175.42 173.19 170.42 167.03 163.04 158.48 153.39 147.79 141.71 135.19 128.27
117.84 121.30 124.87 128.54 132.27 136.06 139.86 143.67 147.46 151.24 155.01 158.76 162.45 166.08 169.65 173.16 176.58 179.87 182.99 185.90 188.57 190.95 193.00 194.70 196.02 197.07 197.87 198.44 198.80 198.96 198.94 198.76 198.42 197.94 197.35 196.66 195.89 195.05 194.15 193.19 192.23 191.31 190.43 189.60 188.81 188.06 187.35 186.68 186.05 185.46 184.91 184.40 183.92 183.45 182.97 182.47 181.92 181.31 180.62 179.83 178.92 177.80 176.33 174.47 172.20 169.48 166.25 162.42 158.01 153.06 147.60 141.66 135.26 128.45
121.82 125.28 128.85 132.51 136.23 139.99 143.78 147.56 151.35 155.16 158.95 162.72 166.42 170.04 173.56 176.98 180.31 183.51 186.54 189.36 191.94 194.23 196.19 197.80 199.03 199.98 200.69 201.17 201.43 201.50 201.38 201.09 200.65 200.08 199.39 198.61 197.76 196.83 195.83 194.77 193.66 192.54 191.47 190.45 189.46 188.53 187.64 186.79 185.99 185.23 184.51 183.85 183.24 182.66 182.10 181.52 180.93 180.29 179.59 178.80 177.86 176.62 175.05 173.12 170.82 168.13 165.01 161.40 157.22 152.48 147.23 141.49 135.29 128.67
125.68 129.13 132.69 136.34 140.04 143.79 147.55 151.33 155.15 158.98 162.80 166.57 170.28 173.90 177.40 180.76 184.00 187.10 190.04 192.76 195.24 197.44 199.31 200.82 201.95 202.81 203.41 203.79 203.95 203.91 203.69 203.30 202.75 202.08 201.31 200.46 199.51 198.49 197.40 196.24 195.01 193.74 192.46 191.23 190.05 188.91 187.83 186.79 185.80 184.86 183.96 183.14 182.39 181.69 181.02 180.37 179.71 179.03 178.30 177.46 176.38 175.03 173.38 171.41 169.12 166.47 163.44 160.02 156.11 151.67 146.69 141.22 135.29 128.92
129.38 132.83 136.38 140.01 143.69 147.42 151.18 155.00 158.84 162.69 166.52 170.30 174.01 177.62 181.10 184.44 187.61 190.61 193.45 196.07 198.45 200.54 202.31 203.71 204.75 205.50 206.00 206.27 206.33 206.18 205.85 205.34 204.70 203.95 203.10 202.16 201.13 200.02 198.82 197.56 196.23 194.83 193.39 191.94 190.55 189.21 187.91 186.67 185.48 184.34 183.26 182.27 181.36 180.53 179.75 179.00 178.26 177.52 176.71 175.72 174.52 173.07 171.38 169.41 167.14 164.56 161.65 158.38 154.73 150.62 146.00 140.87 135.27 129.23
132.91 136.35 139.88 143.49 147.16 150.88 154.68 158.52 162.39 166.25 170.09 173.87 177.57 181.17 184.63 187.94 191.07 194.00 196.73 199.25 201.52 203.50 205.16 206.46 207.39 208.03 208.42 208.58 208.52 208.26 207.81 207.21 206.49 205.67 204.74 203.71 202.58 201.37 200.08 198.71 197.27 195.76 194.19 192.57 190.96 189.39 187.88 186.42 185.02 183.68 182.39 181.21 180.14 179.16 178.25 177.39 176.57 175.72 174.75 173.62 172.32 170.82 169.10 167.15 164.94 162.46 159.68 156.59 153.17 149.38 145.16 140.45 135.26 129.62
136.23 139.66 143.17 146.76 150.43 154.19 158.02 161.89 165.77 169.64 173.48 177.26 180.95 184.52 187.97 191.24 194.33 197.21 199.85 202.26 204.42 206.29 207.84 209.02 209.84 210.37 210.64 210.68 210.50 210.12 209.58 208.90 208.11 207.20 206.19 205.07 203.85 202.54 201.15 199.67 198.12 196.50 194.81 193.05 191.25 189.46 187.72 186.04 184.41 182.84 181.34 179.96 178.71 177.57 176.53 175.55 174.59 173.57 172.45 171.21 169.83 168.30 166.59 164.69 162.57 160.21 157.61 154.72 151.54 148.05 144.22 139.97 135.25 130.08
139.32 142.73 146.23 149.83 153.53 157.32 161.17 165.06 168.95 172.83 176.66 180.43 184.10 187.66 191.07 194.31 197.36 200.18 202.76 205.08 207.12 208.87 210.30 211.37 212.06 212.47 212.62 212.54 212.24 211.76 211.14 210.39 209.52 208.53 207.43 206.22 204.91 203.51 202.01 200.42 198.75 197.01 195.20 193.32 191.38 189.40 187.42 185.50 183.63 181.83 180.11 178.52 177.08 175.77 174.56 173.42 172.28 171.10 169.85 168.53 167.12 165.58 163.91 162.08 160.08 157.88 155.46 152.81 149.91 146.73 143.26 139.46 135.28 130.64
142.15 145.54 149.05 152.69 156.42 160.24 164.11 168.01 171.91 175.78 179.61 183.36 187.02 190.54 193.92 197.12 200.12 202.89 205.40 207.64 209.58 211.21 212.51 213.46 214.03 214.31 214.33 214.13 213.73 213.17 212.48 211.66 210.71 209.64 208.45 207.15 205.74 204.23 202.63 200.93 199.15 197.29 195.35 193.34 191.27 189.14 186.96 184.79 182.68 180.64 178.67 176.86 175.21 173.72 172.33 170.99 169.67 168.36 167.02 165.65 164.22 162.71 161.10 159.38 157.52 155.50 153.31 150.92 148.32 145.48 142.39 139.02 135.36 131.32
144.70 148.11 151.65 155.32 159.09 162.92 166.81 170.71 174.61 178.48 182.30 186.03 189.65 193.15 196.48 199.64 202.58 205.29 207.74 209.90 211.75 213.27 214.45 215.26 215.70 215.85 215.75 215.44 214.97 214.35 213.59 212.69 211.66 210.50 209.22 207.82 206.32 204.70 202.99 201.18 199.28 197.30 195.24 193.10 190.89 188.62 186.29 183.91 181.55 179.25 177.03 174.98 173.12 171.41 169.81 168.29 166.83 165.40 164.00 162.61 161.19 159.73 158.22 156.63 154.94 153.14 151.20 149.10 146.83 144.36 141.68 138.76 135.59 132.13
146.98 150.42 154.00 157.70 161.49 165.34 169.24 173.14 177.04 180.90 184.69 188.40 191.99 195.45 198.74 201.84 204.72 207.36 209.74 211.82 213.59 215.01 216.07 216.75 217.05 217.06 216.86 216.48 215.94 215.26 214.42 213.44 212.33 211.09 209.71 208.22 206.61 204.90 203.07 201.15 199.13 197.02 194.83 192.56 190.22 187.80 185.33 182.79 180.21 177.65 175.16 172.87 170.77 168.83 167.04 165.36 163.78 162.29 160.85 159.46 158.08 156.71 155.32 153.89 152.40 150.84 149.18 147.40 145.48 143.41 141.17 138.73 136.07 133.18
148.99 152.46 156.08 159.80 163.60 167.47 171.36 175.27 179.15 183.00 186.77 190.44 194.00 197.41 200.65 203.69 206.51 209.08 211.38 213.38 215.05 216.38 217.33 217.87 218.04 217.95 217.68 217.24 216.64 215.88 214.97 213.91 212.71 211.38 209.91 208.32 206.61 204.78 202.85 200.81 198.67 196.44 194.11 191.71 189.23 186.67 184.04 181.36 178.61 175.82 173.07 170.51 168.17 166.03 164.07 162.27 160.60 159.06 157.61 156.25 154.95 153.68 152.44 151.20 149.94 148.65 147.29 145.86 144.34 142.69 140.91 138.98 136.87 134.56
150.68 154.19 157.83 161.57 165.39 169.26 173.16 177.05 180.92 184.74 188.48 192.13 195.64 199.00 202.19 205.16 207.91 210.41 212.62 214.53 216.11 217.33 218.17 218.60 218.67 218.52 218.19 217.68 217.02 216.19 215.20 214.06 212.78 211.35 209.80 208.11 206.29 204.36 202.31 200.16 197.89 195.54 193.08 190.54 187.92 185.22 182.45 179.61 176.70 173.74 170.73 167.91 165.36 163.05 160.95 159.05 157.33 155.77 154.34 153.04 151.84 150.72 149.66 148.64 147.64 146.64 145.62 144.57 143.46 142.28 140.99 139.59 138.06 136.37
151.98 155.52 159.18 162.93 166.76 170.63 174.52 178.41 182.26 186.05 189.76 193.36 196.83 200.14 203.26 206.17 208.85 211.26 213.39 215.21 216.68 217.79 218.52 218.87 218.89 218.70 218.32 217.76 217.04 216.15 215.09 213.89 212.53 211.02 209.38 207.60 205.69 203.66 201.51 199.25 196.88 194.40 191.83 189.16 186.41 183.57 180.66 177.68 174.62 171.44 168.11 165.03 162.30 159.85 157.66 155.70 153.97 152.43 151.07 149.87 148.82 147.88 147.04 146.28 145.58 144.93 144.29 143.66 143.01 142.32 141.58 140.76 139.84 138.80
152.84 156.41 160.09 163.85 167.68 171.55 175.43 179.30 183.13 186.89 190.57 194.13 197.54 200.79 203.85 206.69 209.29 211.62 213.66 215.38 216.75 217.75 218.40 218.71 218.69 218.46 218.05 217.46 216.69 215.75 214.64 213.38 211.96 210.39 208.67 206.82 204.83 202.72 200.48 198.12 195.65 193.07 190.39 187.62 184.75 181.79 178.75 175.64 172.38 168.89 165.25 161.88 158.96 156.42 154.18 152.22 150.52 149.05 147.80 146.76 145.89 145.18 144.61 144.16 143.81 143.55 143.34 143.18 143.03 142.89 142.73 142.54 142.28 141.94
