data_processed/recharge/precip/Precip_2007_12.asc
ncols        168
nrows        136
xllcorner    455000
yllcorner    2107000
cellsize     500
NODATA_value     -99999
[rows 0 to 37 of 136, columns 0 to 83 of 168]
4.13 4.77 5.46 6.19 6.95 7.72 8.47 9.21 9.91 10.58 11.21 11.79 12.32 12.79 13.20 13.54 13.79 13.97 14.06 14.06 13.96 13.77 13.52 13.20 12.82 12.39 11.93 11.45 10.95 10.44 9.89 9.26 8.54 7.75 6.92 6.05 5.18 4.31 3.46 2.66 1.92 1.26 0.70 0.25 0.00 0.00 0.00 0.17 0.77 1.68 2.88 4.16 5.38 6.52 7.55 8.49 9.42 10.35 11.29 12.23 13.14 14.02 14.87 15.68 16.42 17.10 17.70 18.22 18.65 18.96 19.17 19.26 19.23 19.09 18.82 18.43 17.95 17.40 16.80 16.14 15.44 14.70 13.94 13.15
4.31 5.00 5.73 6.51 7.31 8.10 8.89 9.65 10.39 11.09 11.75 12.38 12.95 13.46 13.92 14.30 14.62 14.85 15.00 15.06 15.03 14.89 14.67 14.37 14.01 13.59 13.13 12.65 12.15 11.60 10.96 10.22 9.40 8.52 7.60 6.64 5.69 4.74 3.82 2.95 2.15 1.43 0.82 0.33 0.00 0.00 0.00 0.02 0.54 1.38 2.53 3.75 4.91 5.98 6.97 7.96 8.96 9.98 10.99 12.00 12.99 13.95 14.87 15.74 16.56 17.31 17.98 18.57 19.06 19.45 19.72 19.87 19.89 19.78 19.54 19.18 18.71 18.18 17.59 16.95 16.25 15.51 14.75 13.96
4.48 5.21 5.99 6.80 7.62 8.44 9.24 10.03 10.79 11.52 12.22 12.88 13.49 14.05 14.55 14.98 15.34 15.63 15.84 15.96 15.99 15.92 15.74 15.47 15.13 14.72 14.28 13.80 13.27 12.64 11.90 11.06 10.15 9.17 8.16 7.13 6.10 5.08 4.10 3.17 2.32 1.55 0.90 0.37 0.00 0.00 0.00 0.00 0.35 1.11 2.19 3.35 4.44 5.46 6.49 7.55 8.62 9.71 10.79 11.86 12.92 13.94 14.93 15.87 16.75 17.56 18.30 18.95 19.50 19.94 20.27 20.48 20.55 20.48 20.27 19.93 19.48 18.97 18.39 17.75 17.05 16.32 15.55 14.75
4.63 5.40 6.21 7.04 7.88 8.71 9.53 10.33 11.12 11.88 12.61 13.29 13.94 14.53 15.07 15.55 15.97 16.30 16.56 16.74 16.83 16.82 16.70 16.49 16.17 15.79 15.35 14.86 14.25 13.52 12.68 11.74 10.74 9.68 8.60 7.49 6.39 5.31 4.27 3.29 2.39 1.58 0.89 0.33 0.00 0.00 0.00 0.00 0.19 0.87 1.87 2.96 4.00 5.05 6.14 7.26 8.40 9.54 10.69 11.82 12.93 14.02 15.06 16.05 16.99 17.86 18.64 19.35 19.95 20.45 20.83 21.08 21.20 21.17 20.99 20.67 20.24 19.74 19.17 18.53 17.84 17.10 16.32 15.52
4.76 5.56 6.38 7.22 8.06 8.90 9.74 10.56 11.36 12.14 12.90 13.61 14.29 14.92 15.50 16.02 16.47 16.86 17.17 17.39 17.54 17.58 17.53 17.38 17.11 16.76 16.31 15.74 15.03 14.20 13.27 12.25 11.16 10.03 8.87 7.70 6.54 5.40 4.31 3.29 2.35 1.50 0.78 0.20 0.00 0.00 0.00 0.00 0.01 0.65 1.58 2.61 3.67 4.78 5.93 7.10 8.29 9.49 10.68 11.87 13.03 14.16 15.25 16.30 17.28 18.19 19.03 19.77 20.42 20.96 21.38 21.67 21.83 21.84 21.70 21.40 20.99 20.49 19.92 19.28 18.58 17.84 17.05 16.24
4.87 5.67 6.49 7.33 8.17 9.02 9.86 10.70 11.52 12.32 13.09 13.83 14.53 15.19 15.81 16.36 16.86 17.28 17.64 17.92 18.11 18.21 18.22 18.12 17.92 17.60 17.10 16.42 15.62 14.70 13.67 12.58 11.42 10.21 8.99 7.76 6.54 5.36 4.22 3.16 2.18 1.31 0.57 0.00 0.00 0.00 0.00 0.00 0.00 0.41 1.32 2.37 3.48 4.64 5.83 7.05 8.28 9.52 10.76 11.99 13.20 14.37 15.50 16.58 17.60 18.56 19.43 20.21 20.89 21.47 21.92 22.25 22.44 22.48 22.37 22.09 21.68 21.19 20.61 19.97 19.27 18.51 17.72 16.89
4.96 5.75 6.57 7.40 8.24 9.09 9.93 10.78 11.61 12.42 13.21 13.97 14.69 15.38 16.02 16.60 17.13 17.60 17.99 18.31 18.55 18.70 18.76 18.72 18.58 18.35 17.85 17.10 16.19 15.18 14.08 12.90 11.67 10.40 9.11 7.82 6.55 5.32 4.14 3.04 2.03 1.13 0.37 0.00 0.00 0.00 0.00 0.00 0.00 0.20 1.10 2.16 3.31 4.51 5.74 7.00 8.28 9.56 10.83 12.09 13.34 14.54 15.71 16.82 17.88 18.86 19.76 20.57 21.29 21.89 22.37 22.73 22.94 23.01 22.91 22.61 22.20 21.71 21.14 20.50 19.79 19.03 18.23 17.39
5.05 5.84 6.64 7.46 8.30 9.14 9.98 10.82 11.66 12.48 13.27 14.05 14.79 15.49 16.15 16.76 17.32 17.81 18.24 18.59 18.87 19.07 19.17 19.19 19.13 18.99 18.58 17.83 16.85 15.75 14.56 13.30 11.99 10.65 9.30 7.95 6.62 5.34 4.12 2.98 1.94 1.02 0.23 0.00 0.00 0.00 0.00 0.00 0.00 0.02 0.92 1.97 3.13 4.36 5.63 6.92 8.22 9.54 10.84 12.14 13.41 14.64 15.84 16.98 18.06 19.07 19.99 20.83 21.56 22.19 22.69 23.07 23.30 23.38 23.26 22.94 22.51 22.02 21.46 20.82 20.12 19.36 18.55 17.71
5.14 5.92 6.72 7.53 8.35 9.18 10.01 10.85 11.68 12.50 13.30 14.08 14.82 15.54 16.21 16.84 17.42 17.94 18.39 18.78 19.09 19.32 19.47 19.55 19.58 19.52 19.20 18.53 17.56 16.38 15.10 13.76 12.38 10.97 9.55 8.14 6.76 5.43 4.17 2.99 1.91 0.96 0.14 0.00 0.00 0.00 0.00 0.00 0.00 0.00 0.77 1.82 2.96 4.19 5.49 6.80 8.14 9.47 10.81 12.13 13.42 14.68 15.89 17.06 18.16 19.18 20.13 20.98 21.73 22.37 22.89 23.28 23.52 23.57 23.42 23.08 22.64 22.13 21.57 20.95 20.26 19.51 18.71 17.87
5.23 6.01 6.80 7.60 8.40 9.22 10.04 10.86 11.68 12.49 13.29 14.06 14.82 15.54 16.22 16.86 17.45 17.98 18.46 18.87 19.20 19.47 19.67 19.83 19.92 19.94 19.71 19.13 18.23 17.06 15.71 14.29 12.83 11.34 9.86 8.39 6.96 5.57 4.26 3.04 1.93 0.95 0.11 0.00 0.00 0.00 0.00 0.00 0.00 0.00 0.66 1.69 2.82 4.04 5.33 6.66 8.02 9.38 10.73 12.06 13.37 14.65 15.88 17.06 18.17 19.21 20.17 21.04 21.80 22.45 22.98 23.36 23.57 23.58 23.40 23.05 22.59 22.08 21.52 20.90 20.22 19.48 18.69 17.86
5.32 6.09 6.88 7.67 8.47 9.26 10.06 10.87 11.67 12.47 13.25 14.02 14.77 15.49 16.17 16.82 17.42 17.96 18.45 18.88 19.24 19.55 19.81 20.02 20.18 20.27 20.11 19.61 18.79 17.69 16.35 14.86 13.32 11.77 10.21 8.68 7.19 5.76 4.40 3.14 1.99 0.98 0.11 0.00 0.00 0.00 0.00 0.00 0.00 0.00 0.59 1.61 2.72 3.91 5.18 6.51 7.88 9.25 10.61 11.96 13.28 14.57 15.81 17.00 18.12 19.17 20.13 21.00 21.77 22.42 22.94 23.29 23.45 23.43 23.22 22.85 22.38 21.86 21.30 20.69 20.02 19.30 18.53 17.71
5.41 6.18 6.95 7.74 8.53 9.32 10.10 10.88 11.66 12.44 13.21 13.97 14.70 15.41 16.09 16.73 17.33 17.88 18.38 18.82 19.21 19.56 19.87 20.13 20.35 20.51 20.41 19.98 19.24 18.22 16.94 15.46 13.85 12.22 10.60 9.01 7.46 5.97 4.57 3.27 2.08 1.03 0.14 0.00 0.00 0.00 0.00 0.00 0.00 0.00 0.54 1.55 2.64 3.82 5.06 6.37 7.72 9.09 10.47 11.82 13.15 14.44 15.68 16.87 18.00 19.05 20.01 20.88 21.65 22.29 22.76 23.05 23.17 23.12 22.89 22.50 22.03 21.50 20.94 20.33 19.68 18.98 18.23 17.43
5.51 6.26 7.03 7.81 8.60 9.38 10.15 10.91 11.66 12.42 13.16 13.90 14.62 15.31 15.98 16.62 17.21 17.76 18.26 18.72 19.14 19.52 19.87 20.18 20.45 20.66 20.62 20.25 19.57 18.62 17.42 16.00 14.40 12.71 11.02 9.36 7.75 6.21 4.76 3.41 2.19 1.11 0.19 0.00 0.00 0.00 0.00 0.00 0.00 0.00 0.53 1.52 2.60 3.75 4.97 6.25 7.57 8.93 10.30 11.65 12.98 14.27 15.51 16.70 17.82 18.86 19.82 20.68 21.43 22.01 22.43 22.68 22.76 22.67 22.42 22.02 21.54 21.01 20.45 19.85 19.20 18.52 17.80 17.03
5.60 6.35 7.11 7.89 8.66 9.44 10.20 10.95 11.69 12.41 13.13 13.83 14.53 15.20 15.85 16.47 17.06 17.60 18.10 18.58 19.02 19.43 19.81 20.16 20.47 20.73 20.74 20.43 19.81 18.92 17.78 16.43 14.89 13.20 11.45 9.73 8.06 6.47 4.97 3.57 2.31 1.20 0.26 0.00 0.00 0.00 0.00 0.00 0.00 0.00 0.54 1.52 2.58 3.71 4.91 6.15 7.44 8.77 10.11 11.46 12.78 14.06 15.29 16.47 17.58 18.62 19.56 20.40 21.09 21.61 21.97 22.17 22.21 22.09 21.83 21.41 20.92 20.40 19.84 19.25 18.62 17.95 17.25 16.51
5.69 6.44 7.20 7.96 8.73 9.50 10.26 11.00 11.72 12.42 13.11 13.78 14.45 15.09 15.72 16.32 16.88 17.42 17.93 18.41 18.87 19.30 19.70 20.08 20.42 20.72 20.78 20.52 19.95 19.11 18.03 16.73 15.26 13.63 11.89 10.11 8.38 6.73 5.17 3.74 2.44 1.30 0.35 0.00 0.00 0.00 0.00 0.00 0.00 0.00 0.58 1.55 2.59 3.70 4.87 6.08 7.34 8.63 9.93 11.25 12.56 13.83 15.05 16.21 17.30 18.32 19.23 20.00 20.62 21.08 21.38 21.54 21.54 21.40 21.12 20.69 20.20 19.68 19.13 18.54 17.93 17.28 16.61 15.90
5.78 6.52 7.28 8.04 8.81 9.57 10.32 11.05 11.76 12.45 13.11 13.75 14.38 14.99 15.59 16.16 16.71 17.23 17.74 18.22 18.68 19.12 19.54 19.94 20.32 20.65 20.75 20.52 20.00 19.20 18.17 16.93 15.51 13.94 12.25 10.47 8.69 6.98 5.38 3.90 2.56 1.41 0.47 0.00 0.00 0.00 0.00 0.00 0.00 0.00 0.65 1.60 2.62 3.71 4.85 6.04 7.26 8.51 9.78 11.05 12.32 13.57 14.77 15.91 16.98 17.96 18.80 19.50 20.04 20.44 20.69 20.80 20.77 20.61 20.30 19.87 19.38 18.86 18.32 17.75 17.15 16.53 15.88 15.20
5.87 6.61 7.36 8.12 8.88 9.63 10.38 11.10 11.81 12.49 13.14 13.75 14.34 14.91 15.47 16.01 16.53 17.04 17.53 18.01 18.47 18.92 19.35 19.76 20.16 20.52 20.64 20.45 19.96 19.20 18.21 17.01 15.64 14.12 12.48 10.76 8.98 7.22 5.57 4.05 2.71 1.56 0.61 0.00 0.00 0.00 0.00 0.00 0.00 0.00 0.74 1.67 2.67 3.74 4.85 6.01 7.20 8.41 9.64 10.87 12.09 13.30 14.47 15.58 16.61 17.51 18.27 18.88 19.36 19.70 19.90 19.97 19.91 19.72 19.40 18.97 18.48 17.96 17.43 16.88 16.30 15.70 15.08 14.43
5.97 6.70 7.45 8.20 8.96 9.70 10.44 11.16 11.86 12.53 13.17 13.77 14.33 14.86 15.37 15.88 16.37 16.86 17.33 17.79 18.24 18.68 19.12 19.54 19.95 20.32 20.47 20.30 19.84 19.12 18.16 17.00 15.67 14.19 12.59 10.92 9.19 7.43 5.75 4.22 2.88 1.73 0.79 0.04 0.00 0.00 0.00 0.00 0.00 0.06 0.85 1.76 2.75 3.79 4.88 6.00 7.16 8.33 9.52 10.70 11.87 13.03 14.16 15.22 16.16 16.97 17.64 18.18 18.59 18.87 19.03 19.06 18.97 18.76 18.43 17.99 17.50 17.00 16.47 15.94 15.38 14.81 14.21 13.60
6.06 6.80 7.54 8.29 9.04 9.78 10.51 11.22 11.91 12.57 13.20 13.79 14.34 14.84 15.31 15.77 16.23 16.68 17.12 17.56 18.00 18.43 18.86 19.28 19.70 20.08 20.25 20.10 19.65 18.95 18.02 16.89 15.59 14.15 12.59 10.95 9.27 7.57 5.93 4.41 3.08 1.93 0.98 0.23 0.00 0.00 0.00 0.00 0.00 0.21 0.98 1.88 2.84 3.86 4.92 6.01 7.13 8.27 9.41 10.55 11.67 12.78 13.83 14.79 15.63 16.35 16.94 17.40 17.75 17.98 18.09 18.08 17.96 17.73 17.39 16.95 16.47 15.97 15.46 14.94 14.41 13.87 13.31 12.73
6.16 6.89 7.63 8.38 9.12 9.85 10.58 11.28 11.97 12.62 13.24 13.82 14.35 14.84 15.28 15.69 16.10 16.52 16.93 17.34 17.75 18.16 18.58 18.99 19.41 19.80 19.97 19.83 19.40 18.71 17.80 16.69 15.41 14.00 12.47 10.87 9.24 7.63 6.09 4.62 3.30 2.15 1.20 0.45 0.00 0.00 0.00 0.00 0.00 0.37 1.13 2.01 2.95 3.94 4.98 6.04 7.12 8.22 9.32 10.41 11.48 12.52 13.46 14.30 15.03 15.66 16.17 16.56 16.85 17.02 17.08 17.04 16.90 16.65 16.30 15.86 15.39 14.90 14.41 13.91 13.40 12.89 12.36 11.83
6.26 6.99 7.73 8.47 9.20 9.93 10.65 11.35 12.03 12.67 13.28 13.85 14.37 14.84 15.27 15.65 16.01 16.37 16.74 17.12 17.50 17.89 18.28 18.68 19.09 19.47 19.64 19.51 19.08 18.41 17.51 16.41 15.15 13.75 12.25 10.69 9.14 7.64 6.19 4.81 3.53 2.39 1.44 0.68 0.13 0.00 0.00 0.00 0.02 0.55 1.29 2.16 3.08 4.04 5.05 6.08 7.13 8.18 9.24 10.28 11.29 12.21 13.03 13.76 14.38 14.91 15.34 15.67 15.89 16.01 16.04 15.96 15.79 15.53 15.18 14.74 14.27 13.80 13.33 12.85 12.37 11.89 11.40 10.90
6.36 7.09 7.82 8.56 9.29 10.02 10.73 11.42 12.09 12.73 13.32 13.87 14.37 14.83 15.24 15.62 15.95 16.26 16.58 16.91 17.25 17.61 17.97 18.35 18.74 19.12 19.28 19.14 18.71 18.04 17.14 16.05 14.80 13.42 11.95 10.47 9.02 7.60 6.24 4.95 3.75 2.65 1.70 0.94 0.38 0.02 0.00 0.00 0.23 0.74 1.47 2.32 3.22 4.16 5.13 6.13 7.14 8.16 9.17 10.15 11.05 11.85 12.56 13.17 13.69 14.13 14.48 14.74 14.90 14.97 14.96 14.85 14.66 14.38 14.02 13.59 13.14 12.68 12.23 11.77 11.32 10.87 10.42 9.97
6.47 7.19 7.92 8.66 9.39 10.11 10.81 11.50 12.16 12.78 13.35 13.88 14.37 14.81 15.21 15.57 15.89 16.17 16.44 16.72 17.02 17.33 17.66 18.01 18.37 18.73 18.88 18.73 18.29 17.61 16.71 15.62 14.37 13.02 11.63 10.24 8.87 7.54 6.26 5.05 3.92 2.88 1.97 1.21 0.64 0.28 0.12 0.18 0.45 0.95 1.66 2.49 3.37 4.28 5.23 6.19 7.17 8.14 9.09 9.97 10.75 11.43 12.03 12.55 12.98 13.32 13.59 13.78 13.88 13.91 13.85 13.72 13.51 13.22 12.86 12.44 11.99 11.55 11.12 10.70 10.28 9.86 9.45 9.05
6.58 7.30 8.02 8.76 9.48 10.20 10.90 11.58 12.21 12.81 13.36 13.87 14.34 14.77 15.16 15.51 15.82 16.09 16.33 16.55 16.80 17.06 17.35 17.66 18.00 18.33 18.45 18.28 17.83 17.13 16.22 15.13 13.90 12.61 11.31 10.01 8.72 7.47 6.26 5.12 4.05 3.08 2.22 1.49 0.92 0.55 0.38 0.43 0.69 1.17 1.87 2.68 3.53 4.42 5.33 6.26 7.20 8.12 8.96 9.72 10.39 10.97 11.47 11.89 12.23 12.50 12.69 12.81 12.86 12.84 12.74 12.58 12.35 12.06 11.70 11.28 10.85 10.43 10.02 9.63 9.24 8.86 8.50 8.14
6.69 7.40 8.13 8.86 9.58 10.29 10.99 11.64 12.25 12.83 13.36 13.85 14.30 14.72 15.09 15.43 15.73 15.99 16.22 16.41 16.60 16.81 17.05 17.31 17.61 17.91 18.00 17.80 17.33 16.61 15.68 14.60 13.43 12.23 11.01 9.79 8.58 7.40 6.25 5.17 4.17 3.25 2.44 1.75 1.20 0.83 0.65 0.69 0.93 1.40 2.08 2.87 3.70 4.56 5.45 6.34 7.22 8.04 8.76 9.41 9.97 10.46 10.87 11.20 11.46 11.65 11.78 11.84 11.83 11.77 11.64 11.45 11.21 10.90 10.55 10.14 9.73 9.33 8.95 8.58 8.23 7.89 7.57 7.26
6.80 7.52 8.24 8.97 9.69 10.39 11.06 11.69 12.27 12.82 13.33 13.80 14.24 14.63 15.00 15.32 15.61 15.86 16.08 16.27 16.42 16.58 16.76 16.97 17.22 17.48 17.54 17.30 16.80 16.05 15.12 14.10 13.02 11.90 10.75 9.60 8.46 7.34 6.26 5.23 4.28 3.41 2.64 1.99 1.48 1.12 0.93 0.95 1.19 1.64 2.30 3.07 3.88 4.71 5.56 6.41 7.19 7.88 8.50 9.05 9.51 9.91 10.23 10.49 10.68 10.80 10.87 10.87 10.82 10.71 10.55 10.34 10.08 9.77 9.42 9.03 8.63 8.26 7.90 7.57 7.26 6.96 6.67 6.40
6.91 7.63 8.35 9.08 9.79 10.47 11.10 11.70 12.27 12.79 13.28 13.73 14.14 14.53 14.87 15.18 15.46 15.70 15.92 16.10 16.24 16.37 16.49 16.64 16.84 17.05 17.06 16.78 16.24 15.49 14.62 13.67 12.66 11.62 10.54 9.45 8.37 7.31 6.28 5.30 4.39 3.56 2.83 2.22 1.74 1.40 1.22 1.23 1.45 1.89 2.53 3.28 4.06 4.87 5.67 6.41 7.08 7.67 8.18 8.63 9.01 9.32 9.57 9.75 9.88 9.94 9.96 9.91 9.82 9.68 9.50 9.26 8.99 8.68 8.33 7.95 7.58 7.23 6.91 6.61 6.32 6.06 5.81 5.57
7.03 7.75 8.47 9.19 9.87 10.51 11.12 11.69 12.23 12.73 13.19 13.62 14.02 14.38 14.71 15.01 15.28 15.51 15.71 15.89 16.03 16.15 16.24 16.33 16.47 16.62 16.58 16.25 15.69 14.99 14.20 13.32 12.39 11.40 10.39 9.36 8.33 7.32 6.33 5.40 4.53 3.73 3.04 2.45 1.98 1.66 1.50 1.51 1.72 2.14 2.76 3.49 4.24 5.00 5.71 6.34 6.90 7.39 7.81 8.17 8.46 8.70 8.88 9.00 9.07 9.08 9.05 8.97 8.85 8.68 8.47 8.23 7.95 7.63 7.29 6.93 6.58 6.26 5.96 5.69 5.44 5.20 4.98 4.78
7.16 7.87 8.59 9.27 9.92 10.53 11.11 11.65 12.16 12.63 13.07 13.48 13.86 14.20 14.52 14.80 15.05 15.28 15.47 15.64 15.78 15.89 15.98 16.04 16.11 16.20 16.10 15.75 15.24 14.61 13.88 13.08 12.20 11.28 10.32 9.34 8.35 7.38 6.44 5.54 4.70 3.93 3.26 2.69 2.24 1.93 1.77 1.79 1.99 2.39 3.00 3.70 4.41 5.07 5.67 6.19 6.65 7.05 7.39 7.66 7.88 8.05 8.17 8.23 8.25 8.22 8.15 8.04 7.89 7.71 7.49 7.24 6.96 6.65 6.32 5.98 5.65 5.35 5.08 4.83 4.60 4.39 4.20 4.02
7.28 7.99 8.67 9.32 9.93 10.51 11.06 11.57 12.05 12.50 12.92 13.30 13.66 13.98 14.28 14.55 14.79 15.00 15.19 15.35 15.48 15.59 15.67 15.73 15.77 15.79 15.66 15.35 14.91 14.35 13.69 12.94 12.12 11.24 10.33 9.39 8.45 7.51 6.60 5.73 4.91 4.17 3.51 2.95 2.51 2.21 2.05 2.07 2.26 2.65 3.23 3.89 4.51 5.06 5.55 5.98 6.35 6.66 6.92 7.12 7.27 7.38 7.44 7.46 7.44 7.37 7.27 7.14 6.97 6.78 6.55 6.30 6.03 5.73 5.42 5.10 4.79 4.52 4.26 4.03 3.82 3.63 3.46 3.30
7.40 8.08 8.73 9.34 9.91 10.46 10.97 11.46 11.91 12.33 12.72 13.08 13.42 13.73 14.01 14.26 14.49 14.69 14.86 15.01 15.14 15.24 15.32 15.38 15.42 15.42 15.32 15.08 14.70 14.20 13.59 12.90 12.13 11.30 10.43 9.53 8.62 7.71 6.82 5.97 5.17 4.44 3.79 3.24 2.81 2.50 2.34 2.34 2.52 2.89 3.46 4.04 4.55 5.00 5.39 5.73 6.01 6.24 6.43 6.56 6.66 6.71 6.72 6.70 6.64 6.54 6.42 6.27 6.09 5.89 5.67 5.42 5.16 4.89 4.60 4.30 4.02 3.75 3.51 3.29 3.10 2.92 2.76 2.63
7.50 8.16 8.77 9.34 9.88 10.40 10.88 11.33 11.76 12.15 12.52 12.86 13.18 13.47 13.73 13.97 14.18 14.37 14.54 14.68 14.80 14.90 14.98 15.04 15.06 15.03 14.94 14.75 14.44 14.00 13.45 12.80 12.08 11.30 10.46 9.60 8.72 7.85 6.98 6.15 5.37 4.65 4.01 3.47 3.03 2.73 2.56 2.55 2.71 3.09 3.72 4.30 4.71 5.05 5.34 5.58 5.78 5.93 6.04 6.11 6.14 6.14 6.10 6.03 5.93 5.81 5.66 5.49 5.30 5.09 4.87 4.63 4.38 4.12 3.86 3.59 3.32 3.06 2.83 2.63 2.44 2.28 2.14 2.02
7.56 8.22 8.80 9.34 9.85 10.33 10.79 11.21 11.61 11.98 12.33 12.65 12.94 13.21 13.46 13.69 13.89 14.07 14.23 14.36 14.48 14.58 14.66 14.71 14.70 14.62 14.49 14.31 14.05 13.67 13.18 12.59 11.91 11.17 10.38 9.56 8.71 7.87 7.03 6.22 5.46 4.76 4.13 3.59 3.16 2.85 2.68 2.66 2.84 3.29 4.00 4.64 5.04 5.29 5.47 5.62 5.72 5.78 5.81 5.81 5.77 5.70 5.61 5.49 5.35 5.19 5.01 4.81 4.60 4.38 4.15 3.91 3.67 3.43 3.18 2.94 2.69 2.45 2.23 2.04 1.87 1.72 1.59 1.48
7.58 8.23 8.81 9.34 9.81 10.26 10.69 11.09 11.46 11.81 12.13 12.43 12.71 12.96 13.20 13.41 13.60 13.77 13.93 14.06 14.17 14.27 14.34 14.36 14.32 14.19 14.01 13.80 13.55 13.22 12.79 12.25 11.63 10.94 10.19 9.41 8.60 7.78 6.97 6.19 5.45 4.76 4.14 3.61 3.19 2.88 2.71 2.71 2.96 3.50 4.28 5.00 5.46 5.68 5.77 5.81 5.81 5.78 5.72 5.64 5.53 5.39 5.23 5.06 4.87 4.66 4.45 4.22 3.98 3.74 3.50 3.26 3.02 2.79 2.57 2.35 2.13 1.91 1.71 1.52 1.36 1.22 1.11 1.01
7.57 8.21 8.79 9.30 9.76 10.18 10.58 10.95 11.30 11.62 11.93 12.21 12.47 12.71 12.93 13.13 13.32 13.48 13.63 13.76 13.87 13.96 14.01 14.00 13.91 13.75 13.53 13.27 12.99 12.67 12.29 11.81 11.24 10.60 9.90 9.16 8.38 7.60 6.82 6.07 5.35 4.68 4.07 3.55 3.13 2.83 2.68 2.76 3.10 3.72 4.57 5.35 5.86 6.14 6.20 6.14 6.04 5.91 5.76 5.59 5.39 5.19 4.96 4.72 4.48 4.22 3.96 3.70 3.43 3.17 2.91 2.66 2.43 2.22 2.02 1.82 1.62 1.43 1.24 1.07 0.92 0.79 0.69 0.61
7.53 8.16 8.72 9.22 9.67 10.07 10.44 10.79 11.12 11.42 11.71 11.97 12.22 12.45 12.66 12.85 13.02 13.18 13.33 13.45 13.56 13.63 13.65 13.61 13.49 13.29 13.03 12.74 12.42 12.08 11.71 11.28 10.76 10.17 9.52 8.82 8.08 7.34 6.59 5.86 5.16 4.51 3.93 3.42 3.01 2.73 2.67 2.84 3.27 3.96 4.87 5.69 6.26 6.58 6.68 6.59 6.39 6.16 5.90 5.64 5.36 5.07 4.77 4.47 4.16 3.85 3.54 3.23 2.93 2.63 2.36 2.11 1.90 1.71 1.53 1.35 1.17 1.00 0.83 0.68 0.54 0.43 0.33 0.26
7.46 8.08 8.62 9.11 9.54 9.93 10.29 10.61 10.92 11.20 11.47 11.72 11.95 12.17 12.37 12.55 12.72 12.87 13.01 13.13 13.23 13.28 13.28 13.21 13.06 12.82 12.52 12.20 11.85 11.47 11.08 10.66 10.20 9.66 9.05 8.40 7.71 7.00 6.28 5.58 4.91 4.28 3.71 3.22 2.84 2.65 2.69 2.96 3.46 4.21 5.17 6.03 6.64 7.00 7.13 7.07 6.83 6.50 6.14 5.78 5.41 5.03 4.65 4.27 3.90 3.53 3.16 2.80 2.46 2.14 1.86 1.63 1.44 1.27 1.10 0.94 0.78 0.62 0.48 0.34 0.22 0.12 0.03 0.00
7.38 7.97 8.50 8.96 9.38 9.76 10.09 10.40 10.68 10.95 11.20 11.44 11.66 11.86 12.05 12.23 12.39 12.54 12.68 12.79 12.88 12.91 12.89 12.79 12.61 12.34 12.01 11.65 11.27 10.87 10.45 10.02 9.57 9.08 8.52 7.91 7.26 6.59 5.91 5.24 4.60 3.99 3.44 2.99 2.71 2.63 2.76 3.10 3.67 4.47 5.47 6.37 7.00 7.39 7.55 7.51 7.29 6.91 6.45 5.99 5.52 5.05 4.58 4.13 3.68 3.24 2.81 2.40 2.02 1.69 1.43 1.21 1.03 0.87 0.73 0.58 0.43 0.30 0.17 0.05 0.00 0.00 0.00 0.00
