data_processed/recharge/precip/Precip_1992_02.asc
ncols        168
nrows        136
xllcorner    455000
yllcorner    2107000
cellsize     500
NODATA_value     -99999
[rows 35 to 69 of 136, columns 78 to 155 of 168]
18.05 18.67 19.25 19.80 20.31 20.79 21.24 21.64 22.01 22.32 22.53 22.63 22.64 22.55 22.34 22.01 21.54 20.95 20.24 19.42 18.49 17.47 16.34 15.13 13.86 12.68 11.68 10.84 10.18 9.67 9.32 9.12 9.07 9.15 9.37 9.70 10.09 10.52 10.99 11.50 12.03 12.57 13.12 13.69 14.29 14.93 15.62 16.36 17.17 18.06 19.03 20.07 21.19 22.37 23.61 24.91 26.26 27.65 29.08 30.55 32.06 33.60 35.23 36.96 38.76 40.60 42.44 44.24 45.96 47.59 49.11 50.48 51.70 52.73 53.55 54.15 54.50 54.43
17.53 18.13 18.70 19.24 19.75 20.23 20.68 21.10 21.47 21.82 22.10 22.29 22.38 22.34 22.17 21.85 21.41 20.84 20.15 19.35 18.44 17.42 16.32 15.12 13.86 12.69 11.68 10.84 10.17 9.64 9.27 9.04 8.95 8.99 9.16 9.46 9.86 10.30 10.79 11.29 11.79 12.29 12.81 13.35 13.93 14.54 15.21 15.93 16.72 17.59 18.54 19.56 20.66 21.81 23.03 24.29 25.60 26.95 28.34 29.77 31.22 32.70 34.21 35.79 37.45 39.15 40.84 42.50 44.09 45.60 47.01 48.29 49.43 50.40 51.18 51.74 52.07 52.00
17.13 17.71 18.27 18.80 19.31 19.78 20.23 20.65 21.03 21.39 21.70 21.97 22.11 22.11 21.97 21.68 21.27 20.72 20.06 19.28 18.40 17.41 16.32 15.14 13.90 12.74 11.75 10.91 10.23 9.70 9.31 9.05 8.93 8.94 9.07 9.32 9.68 10.12 10.60 11.07 11.53 12.01 12.50 13.01 13.55 14.14 14.78 15.48 16.25 17.10 18.03 19.03 20.11 21.23 22.42 23.65 24.92 26.23 27.58 28.96 30.36 31.78 33.22 34.68 36.19 37.72 39.25 40.76 42.22 43.62 44.92 46.12 47.18 48.09 48.82 49.35 49.65 49.59
16.85 17.41 17.95 18.47 18.96 19.43 19.87 20.29 20.67 21.03 21.36 21.63 21.81 21.84 21.73 21.49 21.11 20.60 19.97 19.22 18.37 17.41 16.35 15.20 13.98 12.85 11.87 11.04 10.36 9.82 9.42 9.15 9.01 8.99 9.08 9.29 9.60 9.99 10.41 10.85 11.28 11.72 12.17 12.66 13.17 13.73 14.35 15.02 15.77 16.59 17.51 18.49 19.54 20.64 21.79 22.98 24.22 25.49 26.79 28.12 29.48 30.84 32.22 33.59 34.95 36.31 37.68 39.05 40.38 41.66 42.86 43.97 44.95 45.80 46.48 46.98 47.27 47.21
16.68 17.22 17.73 18.23 18.71 19.16 19.59 20.00 20.39 20.74 21.05 21.29 21.46 21.53 21.46 21.26 20.92 20.45 19.86 19.15 18.34 17.41 16.39 15.28 14.09 12.98 12.02 11.21 10.54 10.01 9.60 9.32 9.17 9.12 9.19 9.36 9.60 9.90 10.24 10.62 11.02 11.42 11.85 12.30 12.79 13.32 13.91 14.56 15.28 16.08 16.97 17.94 18.96 20.03 21.15 22.31 23.51 24.74 25.99 27.28 28.57 29.89 31.19 32.47 33.71 34.93 36.14 37.36 38.57 39.73 40.83 41.85 42.77 43.55 44.19 44.66 44.93 44.88
16.61 17.11 17.60 18.07 18.53 18.96 19.38 19.78 20.16 20.49 20.76 20.96 21.10 21.16 21.14 20.98 20.69 20.27 19.73 19.07 18.30 17.42 16.44 15.36 14.22 13.14 12.21 11.42 10.77 10.24 9.84 9.56 9.39 9.34 9.38 9.49 9.66 9.86 10.11 10.42 10.76 11.13 11.53 11.94 12.40 12.91 13.47 14.09 14.79 15.57 16.44 17.38 18.37 19.42 20.50 21.63 22.79 23.97 25.18 26.42 27.66 28.90 30.12 31.31 32.46 33.57 34.65 35.73 36.81 37.86 38.86 39.79 40.63 41.36 41.96 42.39 42.64 42.61
16.62 17.08 17.54 17.98 18.41 18.82 19.22 19.61 19.95 20.24 20.47 20.64 20.75 20.79 20.76 20.65 20.42 20.05 19.56 18.96 18.23 17.40 16.47 15.44 14.35 13.31 12.42 11.66 11.03 10.52 10.13 9.85 9.68 9.61 9.61 9.66 9.74 9.86 10.03 10.25 10.53 10.85 11.21 11.60 12.02 12.50 13.03 13.63 14.30 15.06 15.90 16.82 17.79 18.80 19.85 20.94 22.06 23.20 24.37 25.55 26.73 27.89 29.02 30.12 31.18 32.21 33.20 34.16 35.11 36.05 36.95 37.80 38.57 39.24 39.79 40.20 40.44 40.41
16.70 17.12 17.54 17.95 18.34 18.73 19.11 19.45 19.75 19.99 20.18 20.32 20.40 20.42 20.38 20.27 20.09 19.78 19.35 18.80 18.14 17.37 16.49 15.52 14.47 13.49 12.64 11.91 11.31 10.82 10.45 10.18 10.02 9.92 9.85 9.83 9.84 9.89 9.98 10.13 10.33 10.59 10.91 11.26 11.65 12.10 12.60 13.17 13.82 14.55 15.37 16.27 17.21 18.19 19.21 20.25 21.33 22.43 23.55 24.67 25.77 26.85 27.90 28.92 29.91 30.86 31.78 32.65 33.49 34.32 35.12 35.89 36.59 37.20 37.71 38.09 38.32 38.30
16.83 17.21 17.58 17.95 18.32 18.67 19.00 19.29 19.54 19.74 19.89 19.99 20.04 20.04 19.98 19.87 19.70 19.45 19.09 18.60 18.00 17.29 16.48 15.57 14.58 13.65 12.85 12.17 11.60 11.15 10.80 10.55 10.36 10.21 10.08 9.99 9.94 9.93 9.96 10.04 10.18 10.37 10.62 10.94 11.30 11.71 12.18 12.73 13.35 14.05 14.85 15.72 16.63 17.58 18.56 19.57 20.61 21.66 22.72 23.77 24.79 25.80 26.77 27.72 28.64 29.53 30.38 31.19 31.95 32.68 33.39 34.07 34.71 35.27 35.73 36.09 36.30 36.29
17.01 17.34 17.67 17.99 18.32 18.62 18.89 19.13 19.32 19.47 19.59 19.66 19.68 19.65 19.58 19.46 19.28 19.06 18.75 18.34 17.81 17.17 16.43 15.59 14.67 13.80 13.06 12.42 11.90 11.48 11.16 10.90 10.67 10.47 10.29 10.14 10.04 9.97 9.95 9.97 10.05 10.19 10.38 10.64 10.96 11.34 11.79 12.30 12.89 13.57 14.35 15.19 16.07 16.99 17.93 18.90 19.90 20.89 21.88 22.86 23.82 24.75 25.66 26.55 27.41 28.23 29.02 29.77 30.48 31.15 31.77 32.37 32.94 33.44 33.87 34.20 34.40 34.40
17.22 17.49 17.77 18.05 18.31 18.55 18.76 18.94 19.09 19.20 19.27 19.31 19.30 19.26 19.17 19.04 18.86 18.63 18.36 18.01 17.56 17.00 16.33 15.57 14.72 13.92 13.24 12.66 12.19 11.81 11.50 11.20 10.93 10.68 10.46 10.27 10.11 10.00 9.93 9.91 9.94 10.02 10.17 10.38 10.65 11.00 11.41 11.89 12.46 13.11 13.86 14.67 15.52 16.41 17.32 18.25 19.19 20.12 21.05 21.96 22.85 23.73 24.58 25.41 26.21 26.98 27.72 28.42 29.08 29.69 30.27 30.80 31.29 31.75 32.14 32.44 32.63 32.64
17.45 17.66 17.88 18.10 18.29 18.47 18.61 18.74 18.83 18.90 18.94 18.94 18.91 18.84 18.74 18.60 18.42 18.20 17.93 17.62 17.24 16.76 16.18 15.49 14.73 14.00 13.39 12.87 12.46 12.10 11.75 11.43 11.12 10.83 10.58 10.35 10.16 10.01 9.90 9.84 9.83 9.87 9.98 10.14 10.38 10.68 11.06 11.51 12.04 12.67 13.39 14.18 15.00 15.85 16.72 17.60 18.49 19.36 20.23 21.08 21.92 22.74 23.54 24.32 25.07 25.79 26.48 27.14 27.76 28.33 28.87 29.35 29.79 30.20 30.55 30.82 31.00 31.03
17.68 17.83 17.98 18.12 18.24 18.35 18.44 18.51 18.55 18.58 18.58 18.55 18.49 18.41 18.29 18.14 17.96 17.74 17.48 17.18 16.84 16.44 15.95 15.35 14.67 14.03 13.50 13.05 12.66 12.28 11.92 11.56 11.23 10.92 10.64 10.38 10.16 9.98 9.85 9.75 9.71 9.72 9.79 9.93 10.13 10.40 10.74 11.16 11.66 12.26 12.96 13.71 14.50 15.31 16.14 16.97 17.80 18.62 19.44 20.24 21.03 21.81 22.57 23.30 24.01 24.69 25.34 25.96 26.54 27.08 27.58 28.03 28.44 28.80 29.12 29.37 29.54 29.59
17.91 17.98 18.05 18.11 18.17 18.21 18.24 18.25 18.25 18.23 18.19 18.13 18.05 17.95 17.82 17.66 17.47 17.26 17.01 16.73 16.41 16.05 15.64 15.14 14.56 14.01 13.55 13.14 12.74 12.35 11.97 11.60 11.25 10.93 10.62 10.35 10.11 9.91 9.75 9.64 9.57 9.56 9.61 9.72 9.89 10.13 10.45 10.84 11.32 11.88 12.55 13.28 14.03 14.81 15.59 16.37 17.15 17.93 18.70 19.46 20.21 20.94 21.66 22.36 23.03 23.68 24.30 24.88 25.44 25.95 26.42 26.85 27.24 27.57 27.86 28.09 28.25 28.32
18.11 18.10 18.09 18.07 18.05 18.03 18.00 17.96 17.91 17.85 17.77 17.68 17.58 17.46 17.31 17.15 16.96 16.75 16.51 16.24 15.95 15.62 15.26 14.85 14.36 13.91 13.50 13.09 12.69 12.29 11.91 11.53 11.17 10.84 10.53 10.24 9.99 9.78 9.61 9.48 9.40 9.38 9.41 9.50 9.65 9.88 10.18 10.55 11.00 11.54 12.18 12.88 13.60 14.33 15.06 15.80 16.54 17.28 18.02 18.74 19.46 20.16 20.85 21.51 22.16 22.78 23.37 23.94 24.47 24.96 25.41 25.82 26.19 26.51 26.78 27.00 27.16 27.23
18.27 18.17 18.08 17.99 17.90 17.81 17.72 17.63 17.53 17.43 17.32 17.20 17.07 16.93 16.77 16.60 16.41 16.21 15.98 15.73 15.45 15.15 14.83 14.47 14.08 13.68 13.29 12.89 12.49 12.10 11.71 11.34 10.98 10.64 10.33 10.05 9.79 9.58 9.40 9.27 9.19 9.15 9.18 9.26 9.41 9.62 9.91 10.27 10.72 11.24 11.86 12.52 13.20 13.89 14.59 15.30 16.00 16.71 17.41 18.11 18.80 19.48 20.14 20.78 21.41 22.01 22.58 23.13 23.64 24.12 24.56 24.96 25.32 25.63 25.89 26.11 26.26 26.36
18.41 18.22 18.04 17.88 17.72 17.56 17.42 17.27 17.13 16.99 16.84 16.69 16.54 16.38 16.22 16.04 15.85 15.65 15.43 15.20 14.95 14.68 14.38 14.07 13.71 13.33 12.94 12.55 12.17 11.78 11.40 11.04 10.69 10.36 10.05 9.77 9.52 9.31 9.14 9.01 8.92 8.89 8.91 9.00 9.14 9.35 9.64 10.00 10.43 10.96 11.57 12.21 12.86 13.51 14.18 14.86 15.53 16.21 16.89 17.56 18.23 18.89 19.53 20.15 20.76 21.35 21.91 22.44 22.94 23.41 23.85 24.24 24.59 24.90 25.16 25.37 25.53 25.63
18.56 18.29 18.03 17.79 17.56 17.35 17.14 16.95 16.76 16.58 16.40 16.22 16.05 15.87 15.69 15.51 15.32 15.12 14.92 14.71 14.48 14.24 13.98 13.68 13.31 12.93 12.55 12.18 11.80 11.43 11.06 10.70 10.36 10.04 9.74 9.46 9.22 9.01 8.84 8.71 8.63 8.60 8.63 8.71 8.85 9.06 9.35 9.70 10.14 10.66 11.30 11.95 12.57 13.20 13.83 14.48 15.13 15.78 16.43 17.08 17.72 18.35 18.97 19.58 20.17 20.74 21.28 21.80 22.29 22.75 23.18 23.57 23.91 24.22 24.47 24.68 24.82 24.92
18.74 18.39 18.05 17.74 17.44 17.16 16.90 16.66 16.42 16.20 15.99 15.79 15.59 15.40 15.21 15.02 14.84 14.65 14.46 14.26 14.06 13.84 13.60 13.29 12.92 12.53 12.15 11.78 11.41 11.05 10.69 10.34 10.01 9.69 9.40 9.13 8.90 8.69 8.53 8.40 8.32 8.30 8.32 8.40 8.55 8.76 9.04 9.39 9.83 10.38 11.04 11.71 12.35 12.95 13.55 14.16 14.77 15.40 16.02 16.64 17.25 17.86 18.46 19.05 19.62 20.17 20.69 21.20 21.68 22.12 22.54 22.91 23.25 23.55 23.80 23.99 24.12 24.20
18.89 18.51 18.10 17.71 17.35 17.01 16.70 16.40 16.12 15.87 15.62 15.39 15.17 14.97 14.77 14.58 14.40 14.22 14.04 13.86 13.68 13.48 13.22 12.90 12.52 12.12 11.74 11.37 11.01 10.66 10.31 9.97 9.65 9.34 9.05 8.79 8.56 8.36 8.20 8.08 8.00 7.97 8.00 8.08 8.23 8.44 8.71 9.08 9.54 10.12 10.79 11.49 12.14 12.74 13.32 13.89 14.48 15.06 15.66 16.25 16.83 17.42 17.99 18.55 19.10 19.63 20.14 20.63 21.09 21.52 21.92 22.29 22.61 22.90 23.13 23.31 23.42 23.49
19.01 18.61 18.17 17.72 17.29 16.89 16.52 16.18 15.86 15.56 15.29 15.03 14.80 14.58 14.37 14.18 14.00 13.83 13.66 13.51 13.33 13.12 12.85 12.52 12.13 11.72 11.33 10.95 10.60 10.25 9.91 9.58 9.27 8.97 8.69 8.44 8.21 8.02 7.86 7.74 7.67 7.64 7.67 7.75 7.90 8.11 8.40 8.78 9.27 9.87 10.56 11.27 11.93 12.55 13.13 13.68 14.23 14.78 15.34 15.90 16.46 17.01 17.56 18.09 18.62 19.12 19.61 20.08 20.52 20.94 21.32 21.67 21.99 22.26 22.48 22.64 22.74 22.80
19.09 18.68 18.23 17.75 17.26 16.81 16.38 15.99 15.63 15.30 14.99 14.71 14.46 14.22 14.01 13.82 13.64 13.48 13.33 13.18 12.99 12.76 12.48 12.14 11.74 11.33 10.93 10.55 10.18 9.84 9.51 9.19 8.88 8.59 8.32 8.07 7.85 7.67 7.51 7.40 7.33 7.31 7.34 7.42 7.57 7.78 8.10 8.51 9.02 9.64 10.34 11.06 11.74 12.37 12.96 13.51 14.03 14.54 15.07 15.59 16.12 16.64 17.16 17.67 18.16 18.65 19.11 19.56 19.98 20.38 20.74 21.08 21.38 21.63 21.83 21.98 22.07 22.12
19.13 18.71 18.25 17.77 17.26 16.75 16.27 15.83 15.43 15.06 14.73 14.43 14.15 13.91 13.69 13.49 13.32 13.17 13.02 12.85 12.65 12.40 12.11 11.76 11.36 10.94 10.54 10.15 9.78 9.43 9.11 8.79 8.50 8.21 7.95 7.71 7.50 7.31 7.16 7.06 6.99 6.97 7.00 7.09 7.24 7.49 7.83 8.26 8.79 9.42 10.14 10.87 11.55 12.19 12.79 13.34 13.86 14.35 14.83 15.32 15.81 16.30 16.79 17.27 17.74 18.19 18.63 19.05 19.45 19.83 20.18 20.50 20.77 21.01 21.20 21.33 21.41 21.45
19.15 18.72 18.25 17.75 17.24 16.71 16.19 15.71 15.26 14.86 14.50 14.17 13.88 13.63 13.40 13.21 13.04 12.89 12.72 12.53 12.31 12.05 11.75 11.39 10.98 10.56 10.16 9.77 9.39 9.04 8.71 8.40 8.11 7.84 7.58 7.35 7.14 6.96 6.82 6.71 6.65 6.63 6.67 6.77 6.95 7.22 7.58 8.04 8.58 9.22 9.95 10.68 11.37 12.02 12.62 13.18 13.70 14.18 14.64 15.09 15.54 16.00 16.45 16.90 17.34 17.76 18.17 18.57 18.95 19.30 19.63 19.92 20.19 20.41 20.58 20.70 20.77 20.80
19.13 18.69 18.22 17.72 17.20 16.67 16.13 15.61 15.13 14.69 14.30 13.96 13.65 13.38 13.15 12.96 12.79 12.61 12.42 12.21 11.98 11.70 11.39 11.03 10.62 10.19 9.78 9.39 9.02 8.66 8.33 8.02 7.73 7.46 7.22 6.99 6.79 6.62 6.48 6.38 6.32 6.31 6.35 6.48 6.69 6.99 7.37 7.84 8.40 9.04 9.77 10.51 11.21 11.85 12.45 13.01 13.53 14.02 14.46 14.88 15.30 15.72 16.14 16.55 16.95 17.35 17.73 18.10 18.45 18.78 19.09 19.37 19.62 19.82 19.98 20.09 20.15 20.17
19.09 18.65 18.17 17.66 17.14 16.61 16.07 15.53 15.02 14.55 14.14 13.77 13.45 13.17 12.94 12.73 12.54 12.34 12.13 11.90 11.65 11.37 11.05 10.68 10.26 9.84 9.43 9.03 8.66 8.30 7.97 7.66 7.37 7.10 6.86 6.64 6.45 6.28 6.15 6.06 6.00 6.00 6.08 6.23 6.47 6.78 7.18 7.66 8.23 8.88 9.62 10.36 11.05 11.69 12.29 12.85 13.37 13.85 14.29 14.70 15.09 15.46 15.84 16.22 16.59 16.95 17.31 17.64 17.97 18.28 18.57 18.84 19.07 19.26 19.41 19.51 19.55 19.57
19.03 18.58 18.09 17.59 17.06 16.53 15.99 15.46 14.94 14.44 14.00 13.61 13.28 12.99 12.75 12.52 12.29 12.07 11.84 11.60 11.34 11.04 10.71 10.34 9.92 9.49 9.08 8.69 8.31 7.96 7.62 7.31 7.02 6.76 6.52 6.31 6.12 5.97 5.84 5.75 5.71 5.74 5.84 6.02 6.28 6.61 7.02 7.52 8.09 8.74 9.48 10.21 10.90 11.54 12.14 12.69 13.20 13.68 14.11 14.52 14.88 15.23 15.57 15.91 16.24 16.57 16.89 17.21 17.51 17.80 18.07 18.32 18.54 18.71 18.85 18.94 18.98 18.99
18.95 18.49 18.00 17.49 16.97 16.44 15.90 15.37 14.86 14.36 13.90 13.49 13.14 12.84 12.56 12.30 12.06 11.81 11.57 11.31 11.03 10.73 10.39 10.02 9.60 9.17 8.76 8.36 7.99 7.63 7.30 6.99 6.70 6.44 6.21 6.00 5.82 5.67 5.54 5.47 5.46 5.52 5.65 5.85 6.13 6.47 6.90 7.40 7.97 8.63 9.35 10.08 10.77 11.40 11.99 12.53 13.04 13.50 13.93 14.32 14.68 15.01 15.31 15.61 15.91 16.20 16.50 16.79 17.07 17.35 17.60 17.83 18.03 18.20 18.32 18.40 18.43 18.43
18.85 18.39 17.90 17.39 16.86 16.33 15.80 15.28 14.77 14.28 13.81 13.39 13.02 12.69 12.38 12.10 11.83 11.57 11.30 11.03 10.74 10.43 10.09 9.71 9.29 8.86 8.45 8.06 7.68 7.33 7.00 6.69 6.41 6.15 5.91 5.71 5.53 5.39 5.29 5.24 5.26 5.35 5.50 5.72 6.01 6.37 6.80 7.30 7.88 8.53 9.25 9.97 10.64 11.27 11.85 12.38 12.87 13.33 13.74 14.12 14.46 14.78 15.06 15.32 15.58 15.85 16.12 16.39 16.66 16.91 17.15 17.36 17.55 17.70 17.82 17.89 17.92 17.91
18.74 18.27 17.78 17.27 16.75 16.22 15.69 15.18 14.67 14.19 13.74 13.31 12.91 12.55 12.22 11.91 11.61 11.33 11.05 10.76 10.47 10.15 9.80 9.42 9.00 8.57 8.16 7.77 7.40 7.05 6.72 6.42 6.14 5.88 5.65 5.45 5.28 5.15 5.08 5.07 5.11 5.22 5.40 5.63 5.93 6.30 6.74 7.24 7.81 8.46 9.17 9.88 10.54 11.15 11.71 12.23 12.71 13.15 13.55 13.91 14.24 14.53 14.80 15.04 15.28 15.52 15.77 16.02 16.27 16.50 16.72 16.93 17.10 17.24 17.35 17.41 17.43 17.42
18.62 18.15 17.66 17.15 16.63 16.10 15.58 15.07 14.58 14.11 13.66 13.22 12.81 12.42 12.06 11.73 11.41 11.11 10.81 10.52 10.21 9.88 9.53 9.15 8.73 8.30 7.90 7.51 7.14 6.80 6.47 6.17 5.89 5.64 5.42 5.22 5.07 4.97 4.93 4.94 5.02 5.15 5.34 5.58 5.89 6.27 6.70 7.21 7.77 8.41 9.10 9.80 10.44 11.04 11.58 12.09 12.55 12.97 13.35 13.69 14.00 14.28 14.53 14.77 15.00 15.22 15.45 15.68 15.91 16.13 16.33 16.52 16.68 16.81 16.91 16.97 16.98 16.96
18.49 18.02 17.53 17.02 16.50 15.98 15.47 14.97 14.48 14.02 13.56 13.13 12.70 12.30 11.92 11.56 11.22 10.91 10.60 10.28 9.97 9.63 9.28 8.90 8.48 8.06 7.66 7.28 6.91 6.57 6.25 5.95 5.68 5.44 5.22 5.04 4.92 4.85 4.84 4.88 4.97 5.12 5.32 5.58 5.89 6.27 6.71 7.20 7.76 8.38 9.06 9.74 10.36 10.94 11.47 11.95 12.39 12.79 13.15 13.47 13.75 14.01 14.26 14.50 14.73 14.95 15.16 15.37 15.58 15.78 15.97 16.14 16.29 16.42 16.51 16.56 16.56 16.54
18.36 17.89 17.39 16.89 16.38 15.86 15.36 14.87 14.39 13.92 13.46 13.02 12.59 12.18 11.78 11.41 11.05 10.72 10.39 10.07 9.75 9.41 9.05 8.67 8.26 7.84 7.45 7.07 6.71 6.37 6.06 5.77 5.50 5.26 5.06 4.92 4.82 4.79 4.80 4.86 4.98 5.14 5.35 5.62 5.94 6.31 6.74 7.23 7.78 8.38 9.04 9.70 10.30 10.85 11.36 11.82 12.23 12.61 12.94 13.24 13.51 13.76 14.01 14.25 14.47 14.69 14.89 15.09 15.28 15.46 15.64 15.80 15.94 16.06 16.14 16.18 16.19 16.16
18.22 17.75 17.26 16.76 16.26 15.75 15.25 14.77 14.29 13.82 13.36 12.92 12.48 12.07 11.66 11.27 10.90 10.55 10.21 9.88 9.55 9.21 8.85 8.47 8.06 7.65 7.26 6.89 6.54 6.21 5.90 5.61 5.36 5.14 4.97 4.85 4.79 4.78 4.81 4.90 5.03 5.21 5.43 5.70 6.02 6.39 6.81 7.29 7.82 8.41 9.04 9.67 10.25 10.78 11.26 11.69 12.08 12.43 12.74 13.01 13.28 13.53 13.78 14.01 14.24 14.45 14.65 14.84 15.02 15.19 15.35 15.50 15.63 15.74 15.81 15.85 15.85 15.83
18.09 17.62 17.13 16.64 16.14 15.64 15.15 14.67 14.19 13.72 13.27 12.82 12.38 11.96 11.55 11.15 10.77 10.40 10.05 9.71 9.38 9.03 8.67 8.29 7.89 7.49 7.10 6.74 6.39 6.07 5.77 5.49 5.26 5.07 4.93 4.85 4.81 4.82 4.88 4.99 5.13 5.32 5.55 5.82 6.14 6.50 6.92 7.38 7.89 8.46 9.07 9.67 10.22 10.72 11.17 11.58 11.94 12.25 12.54 12.81 13.08 13.33 13.57 13.80 14.02 14.23 14.43 14.62 14.79 14.95 15.10 15.24 15.36 15.46 15.53 15.56 15.56 15.53
