data_processed/recharge/precip/Precip_1988_05.asc
ncols        168
nrows        136
xllcorner    455000
yllcorner    2107000
cellsize     500
NODATA_value     -99999
[rows 0 to 33 of 136, columns 77 to 153 of 168]
31.91 31.17 30.44 29.72 28.99 28.22 27.40 26.52 25.59 24.62 23.61 22.57 21.50 20.42 19.32 18.21 17.11 16.07 15.13 14.29 13.55 12.92 12.40 11.99 11.70 11.54 11.50 11.60 11.80 12.05 12.31 12.59 12.88 13.18 13.48 13.80 14.13 14.46 14.79 15.13 15.48 15.85 16.25 16.68 17.14 17.62 18.13 18.66 19.21 19.77 20.36 20.97 21.63 22.46 23.53 24.85 26.44 28.32 30.50 32.99 35.82 39.01 42.56 46.49 50.48 54.00 56.94 59.31 61.09 62.27 62.84 62.79 62.10 60.77 58.78 56.17 53.31
33.21 32.47 31.74 31.00 30.21 29.37 28.47 27.53 26.55 25.53 24.49 23.41 22.32 21.21 20.10 18.98 17.88 16.86 15.93 15.11 14.39 13.79 13.31 12.95 12.71 12.61 12.64 12.79 13.02 13.32 13.65 13.98 14.32 14.66 15.00 15.35 15.70 16.05 16.40 16.74 17.09 17.46 17.86 18.30 18.75 19.24 19.74 20.28 20.83 21.40 21.99 22.57 23.13 23.71 24.50 25.56 26.92 28.59 30.58 32.92 35.61 38.69 42.15 46.02 49.96 53.41 56.27 58.55 60.22 61.28 61.71 61.51 60.65 59.14 57.00 54.53 52.04
34.55 33.81 33.06 32.26 31.40 30.49 29.54 28.55 27.53 26.48 25.41 24.31 23.21 22.09 20.98 19.87 18.78 17.77 16.87 16.08 15.41 14.86 14.43 14.12 13.95 13.92 14.01 14.18 14.42 14.73 15.09 15.48 15.86 16.25 16.63 17.00 17.37 17.73 18.09 18.43 18.78 19.15 19.55 19.97 20.43 20.91 21.42 21.95 22.50 23.07 23.64 24.18 24.68 25.15 25.67 26.43 27.50 28.91 30.67 32.80 35.31 38.22 41.54 45.30 49.14 52.47 55.21 57.34 58.86 59.74 59.98 59.58 58.51 56.80 54.77 52.70 50.64
35.92 35.16 34.36 33.49 32.57 31.60 30.60 29.58 28.53 27.46 26.37 25.27 24.16 23.06 21.95 20.86 19.80 18.83 17.97 17.22 16.60 16.10 15.74 15.51 15.42 15.45 15.56 15.73 15.97 16.28 16.65 17.06 17.49 17.91 18.32 18.72 19.10 19.48 19.83 20.18 20.52 20.88 21.27 21.69 22.14 22.62 23.12 23.65 24.19 24.74 25.26 25.75 26.21 26.64 27.05 27.52 28.26 29.36 30.83 32.70 34.97 37.67 40.81 44.40 48.09 51.26 53.82 55.76 57.06 57.72 57.73 57.07 55.78 54.14 52.47 50.80 49.14
37.31 36.50 35.62 34.69 33.72 32.71 31.67 30.61 29.54 28.46 27.37 26.28 25.19 24.10 23.02 21.96 20.94 20.01 19.20 18.52 17.96 17.54 17.25 17.11 17.08 17.13 17.25 17.43 17.66 17.96 18.31 18.72 19.17 19.62 20.06 20.47 20.87 21.25 21.61 21.95 22.28 22.63 23.01 23.43 23.87 24.33 24.83 25.34 25.86 26.36 26.83 27.28 27.70 28.09 28.47 28.83 29.26 30.00 31.14 32.69 34.68 37.12 40.02 43.40 46.89 49.84 52.17 53.86 54.91 55.30 55.02 54.10 52.83 51.52 50.21 48.90 47.59
38.68 37.80 36.86 35.88 34.86 33.81 32.74 31.66 30.57 29.49 28.42 27.34 26.27 25.22 24.18 23.16 22.19 21.32 20.58 19.97 19.49 19.15 18.96 18.88 18.88 18.94 19.06 19.23 19.46 19.75 20.08 20.46 20.89 21.35 21.81 22.24 22.66 23.04 23.40 23.72 24.04 24.37 24.74 25.14 25.57 26.03 26.51 26.99 27.46 27.91 28.33 28.73 29.12 29.49 29.84 30.17 30.49 30.91 31.66 32.86 34.51 36.63 39.25 42.36 45.60 48.29 50.34 51.74 52.48 52.54 51.96 51.04 50.06 49.06 48.07 47.07 46.06
40.00 39.06 38.08 37.05 35.99 34.91 33.82 32.73 31.63 30.55 29.49 28.45 27.42 26.41 25.42 24.47 23.56 22.76 22.10 21.57 21.19 20.94 20.82 20.77 20.78 20.85 20.96 21.13 21.34 21.61 21.92 22.27 22.66 23.09 23.55 24.00 24.42 24.80 25.15 25.47 25.76 26.08 26.44 26.82 27.23 27.67 28.11 28.55 28.96 29.36 29.74 30.11 30.46 30.80 31.13 31.45 31.76 32.06 32.47 33.26 34.52 36.28 38.56 41.36 44.29 46.67 48.39 49.45 49.83 49.56 48.94 48.25 47.55 46.84 46.12 45.38 44.64
41.29 40.30 39.27 38.21 37.13 36.03 34.92 33.82 32.73 31.66 30.62 29.61 28.63 27.68 26.76 25.87 25.04 24.33 23.76 23.33 23.04 22.88 22.79 22.75 22.76 22.82 22.93 23.09 23.28 23.52 23.80 24.12 24.47 24.86 25.28 25.72 26.14 26.52 26.86 27.16 27.43 27.73 28.06 28.42 28.81 29.21 29.60 29.98 30.35 30.70 31.05 31.38 31.71 32.02 32.34 32.64 32.94 33.24 33.54 33.96 34.79 36.14 38.03 40.47 43.05 45.06 46.40 47.06 47.07 46.72 46.31 45.87 45.40 44.92 44.43 43.92 43.40
42.55 41.52 40.46 39.37 38.27 37.16 36.05 34.95 33.87 32.81 31.79 30.82 29.90 29.01 28.17 27.37 26.63 26.02 25.55 25.23 25.03 24.90 24.82 24.78 24.79 24.85 24.94 25.08 25.25 25.46 25.71 25.98 26.29 26.63 26.99 27.38 27.78 28.15 28.48 28.76 29.01 29.28 29.59 29.93 30.28 30.62 30.96 31.29 31.61 31.92 32.23 32.53 32.83 33.13 33.43 33.73 34.03 34.32 34.63 34.94 35.38 36.28 37.73 39.75 41.93 43.52 44.43 44.69 44.58 44.40 44.19 43.95 43.68 43.39 43.07 42.74 42.40
43.78 42.72 41.64 40.54 39.42 38.31 37.21 36.12 35.05 34.03 33.04 32.10 31.23 30.42 29.67 28.96 28.33 27.83 27.47 27.24 27.07 26.95 26.88 26.84 26.84 26.89 26.97 27.08 27.22 27.40 27.61 27.84 28.10 28.38 28.68 29.00 29.34 29.69 30.00 30.25 30.48 30.72 31.00 31.29 31.58 31.87 32.15 32.43 32.71 32.99 33.27 33.55 33.83 34.11 34.40 34.69 34.99 35.30 35.61 35.93 36.27 36.76 37.72 39.28 41.00 42.13 42.61 42.71 42.73 42.71 42.65 42.57 42.45 42.30 42.13 41.93 41.72
44.99 43.92 42.82 41.71 40.59 39.49 38.40 37.33 36.29 35.30 34.35 33.47 32.65 31.91 31.24 30.65 30.13 29.75 29.49 29.29 29.14 29.02 28.94 28.90 28.90 28.92 28.98 29.06 29.18 29.32 29.48 29.66 29.86 30.08 30.32 30.57 30.84 31.11 31.38 31.61 31.80 32.01 32.24 32.47 32.71 32.94 33.18 33.41 33.65 33.90 34.15 34.41 34.67 34.94 35.22 35.52 35.82 36.13 36.46 36.80 37.16 37.54 38.09 39.13 40.35 41.01 41.28 41.47 41.62 41.72 41.78 41.80 41.79 41.74 41.67 41.56 41.44
46.20 45.10 44.00 42.89 41.79 40.70 39.63 38.59 37.59 36.64 35.74 34.92 34.16 33.49 32.91 32.43 32.04 31.75 31.53 31.34 31.19 31.08 30.99 30.94 30.92 30.92 30.95 31.01 31.08 31.18 31.29 31.42 31.56 31.72 31.88 32.06 32.24 32.43 32.62 32.79 32.95 33.11 33.28 33.45 33.63 33.82 34.01 34.20 34.41 34.63 34.85 35.09 35.34 35.61 35.89 36.18 36.49 36.82 37.17 37.53 37.92 38.33 38.76 39.37 40.08 40.50 40.83 41.10 41.33 41.50 41.63 41.72 41.77 41.78 41.76 41.70 41.62
47.39 46.29 45.19 44.09 43.01 41.94 40.90 39.90 38.95 38.05 37.22 36.46 35.77 35.18 34.69 34.31 34.01 33.76 33.55 33.37 33.22 33.10 33.01 32.94 32.90 32.88 32.87 32.89 32.92 32.97 33.03 33.10 33.18 33.26 33.36 33.45 33.54 33.64 33.73 33.82 33.90 33.99 34.10 34.22 34.34 34.48 34.63 34.80 34.97 35.16 35.37 35.60 35.84 36.10 36.38 36.68 37.00 37.35 37.72 38.11 38.53 38.98 39.45 39.95 40.44 40.88 41.26 41.58 41.84 42.05 42.21 42.33 42.40 42.42 42.41 42.37 42.29
48.56 47.47 46.38 45.31 44.25 43.22 42.22 41.27 40.38 39.54 38.78 38.09 37.50 37.00 36.60 36.28 36.00 35.76 35.56 35.38 35.23 35.11 35.00 34.92 34.86 34.81 34.77 34.75 34.74 34.74 34.74 34.75 34.77 34.78 34.80 34.81 34.81 34.82 34.81 34.76 34.68 34.68 34.73 34.80 34.88 34.97 35.09 35.22 35.37 35.55 35.74 35.95 36.19 36.46 36.74 37.06 37.40 37.77 38.16 38.59 39.05 39.54 40.06 40.57 41.05 41.51 41.92 42.27 42.56 42.79 42.97 43.10 43.17 43.21 43.19 43.14 43.05
49.71 48.64 47.58 46.54 45.52 44.53 43.59 42.70 41.87 41.12 40.43 39.84 39.34 38.94 38.62 38.31 38.02 37.77 37.57 37.40 37.25 37.12 37.01 36.91 36.82 36.74 36.68 36.62 36.56 36.51 36.46 36.41 36.36 36.30 36.24 36.17 36.09 36.00 35.85 35.63 35.38 35.23 35.20 35.22 35.26 35.32 35.41 35.51 35.65 35.81 35.99 36.21 36.45 36.72 37.02 37.35 37.72 38.11 38.55 39.01 39.52 40.05 40.58 41.07 41.53 41.98 42.42 42.80 43.12 43.37 43.57 43.71 43.80 43.84 43.83 43.77 43.68
50.84 49.81 48.78 47.79 46.82 45.90 45.02 44.20 43.46 42.78 42.19 41.70 41.31 40.98 40.67 40.36 40.06 39.80 39.58 39.41 39.26 39.13 39.00 38.89 38.78 38.68 38.58 38.48 38.38 38.28 38.18 38.07 37.95 37.82 37.68 37.53 37.36 37.14 36.83 36.44 36.03 35.72 35.54 35.49 35.49 35.53 35.59 35.68 35.80 35.96 36.14 36.36 36.61 36.89 37.21 37.57 37.97 38.40 38.87 39.39 39.94 40.49 41.00 41.46 41.89 42.32 42.75 43.16 43.51 43.79 44.01 44.17 44.28 44.32 44.32 44.26 44.16
51.98 50.98 50.01 49.07 48.17 47.31 46.52 45.79 45.13 44.55 44.07 43.69 43.37 43.06 42.74 42.42 42.11 41.84 41.61 41.42 41.26 41.12 40.98 40.85 40.72 40.59 40.46 40.33 40.19 40.04 39.88 39.71 39.53 39.33 39.11 38.88 38.58 38.20 37.72 37.18 36.62 36.16 35.83 35.65 35.59 35.60 35.65 35.73 35.85 36.00 36.19 36.42 36.68 36.99 37.34 37.72 38.16 38.63 39.15 39.71 40.28 40.82 41.31 41.75 42.16 42.56 42.97 43.37 43.74 44.06 44.31 44.49 44.61 44.67 44.67 44.62 44.52
53.12 52.18 51.27 50.40 49.57 48.80 48.09 47.46 46.90 46.44 46.07 45.77 45.47 45.15 44.82 44.49 44.17 43.89 43.64 43.42 43.24 43.09 42.94 42.80 42.65 42.49 42.33 42.15 41.97 41.77 41.56 41.33 41.08 40.81 40.52 40.17 39.71 39.16 38.54 37.86 37.16 36.57 36.10 35.78 35.60 35.56 35.60 35.67 35.79 35.95 36.15 36.39 36.68 37.01 37.39 37.82 38.29 38.82 39.38 39.97 40.52 41.04 41.51 41.93 42.32 42.71 43.09 43.47 43.84 44.18 44.46 44.66 44.80 44.88 44.89 44.85 44.75
54.28 53.41 52.57 51.78 51.04 50.36 49.76 49.23 48.79 48.45 48.17 47.88 47.57 47.24 46.90 46.56 46.23 45.93 45.66 45.43 45.22 45.03 44.87 44.71 44.54 44.35 44.16 43.95 43.72 43.48 43.21 42.92 42.61 42.27 41.86 41.35 40.74 40.04 39.28 38.47 37.66 36.94 36.35 35.90 35.59 35.44 35.43 35.51 35.63 35.80 36.02 36.29 36.60 36.97 37.39 37.86 38.38 38.96 39.55 40.12 40.66 41.16 41.62 42.02 42.39 42.76 43.13 43.49 43.84 44.17 44.47 44.71 44.87 44.96 44.99 44.96 44.86
55.47 54.68 53.92 53.22 52.58 52.01 51.52 51.11 50.80 50.54 50.27 49.98 49.66 49.32 48.98 48.63 48.28 47.97 47.68 47.42 47.18 46.97 46.77 46.58 46.39 46.18 45.95 45.70 45.44 45.14 44.82 44.48 44.09 43.64 43.08 42.42 41.66 40.83 39.95 39.02 38.11 37.28 36.58 36.01 35.58 35.31 35.20 35.25 35.39 35.58 35.82 36.12 36.47 36.87 37.34 37.86 38.43 39.03 39.61 40.17 40.70 41.19 41.63 42.02 42.37 42.73 43.08 43.42 43.76 44.07 44.37 44.62 44.81 44.93 44.98 44.95 44.87
56.70 55.99 55.34 54.74 54.21 53.76 53.39 53.11 52.89 52.65 52.37 52.07 51.74 51.39 51.03 50.67 50.32 49.99 49.68 49.39 49.13 48.88 48.64 48.41 48.19 47.95 47.70 47.41 47.10 46.76 46.39 45.98 45.49 44.89 44.18 43.37 42.49 41.54 40.54 39.52 38.51 37.59 36.79 36.12 35.59 35.21 34.99 34.94 35.06 35.28 35.55 35.88 36.27 36.72 37.24 37.81 38.41 39.01 39.58 40.13 40.65 41.12 41.55 41.93 42.27 42.61 42.95 43.28 43.60 43.90 44.18 44.43 44.64 44.79 44.85 44.85 44.77
57.94 57.37 56.83 56.34 55.94 55.61 55.38 55.20 54.99 54.74 54.45 54.13 53.79 53.44 53.07 52.70 52.33 51.98 51.65 51.34 51.04 50.76 50.48 50.21 49.94 49.67 49.38 49.06 48.71 48.32 47.89 47.38 46.75 46.00 45.15 44.22 43.21 42.16 41.07 39.96 38.87 37.87 36.99 36.23 35.60 35.13 34.81 34.66 34.70 34.91 35.22 35.59 36.03 36.53 37.10 37.70 38.30 38.89 39.46 40.00 40.51 40.98 41.40 41.76 42.09 42.42 42.74 43.06 43.37 43.66 43.93 44.17 44.38 44.54 44.63 44.64 44.58
59.17 58.78 58.39 58.04 57.77 57.58 57.45 57.28 57.06 56.80 56.50 56.18 55.82 55.45 55.07 54.69 54.30 53.94 53.59 53.25 52.92 52.60 52.29 51.97 51.66 51.34 51.01 50.65 50.25 49.81 49.29 48.64 47.86 46.98 46.00 44.95 43.85 42.70 41.53 40.34 39.19 38.12 37.17 36.33 35.63 35.07 34.67 34.44 34.38 34.52 34.83 35.25 35.74 36.30 36.90 37.51 38.10 38.69 39.25 39.79 40.29 40.75 41.16 41.52 41.83 42.15 42.47 42.78 43.07 43.35 43.61 43.84 44.04 44.21 44.31 44.35 44.31
60.41 60.20 60.01 59.84 59.71 59.63 59.51 59.33 59.10 58.83 58.52 58.18 57.82 57.43 57.04 56.64 56.24 55.86 55.48 55.12 54.76 54.40 54.05 53.69 53.32 52.95 52.56 52.16 51.72 51.19 50.53 49.73 48.82 47.82 46.73 45.58 44.39 43.16 41.92 40.68 39.47 38.35 37.34 36.44 35.67 35.05 34.58 34.27 34.13 34.19 34.44 34.88 35.42 36.01 36.62 37.22 37.82 38.40 38.96 39.49 39.99 40.45 40.85 41.20 41.51 41.82 42.13 42.43 42.72 42.99 43.24 43.47 43.66 43.81 43.92 43.98 43.95
61.65 61.64 61.66 61.70 61.72 61.66 61.53 61.34 61.10 60.82 60.49 60.14 59.76 59.37 58.96 58.55 58.13 57.73 57.33 56.94 56.55 56.15 55.76 55.35 54.93 54.51 54.06 53.59 53.06 52.39 51.59 50.67 49.64 48.53 47.35 46.11 44.84 43.54 42.24 40.96 39.71 38.55 37.50 36.55 35.74 35.06 34.52 34.15 33.95 33.94 34.12 34.50 35.04 35.64 36.25 36.85 37.45 38.03 38.59 39.13 39.62 40.07 40.47 40.82 41.13 41.43 41.73 42.03 42.31 42.58 42.82 43.04 43.23 43.37 43.48 43.53 43.51
62.91 63.10 63.34 63.56 63.67 63.64 63.50 63.30 63.05 62.75 62.42 62.05 61.66 61.25 60.83 60.40 59.97 59.54 59.12 58.70 58.27 57.84 57.40 56.95 56.49 56.00 55.49 54.92 54.22 53.41 52.48 51.45 50.32 49.11 47.84 46.53 45.20 43.85 42.51 41.19 39.92 38.74 37.65 36.67 35.82 35.10 34.52 34.10 33.85 33.78 33.90 34.19 34.63 35.19 35.80 36.41 37.01 37.60 38.16 38.69 39.19 39.64 40.04 40.38 40.68 40.98 41.28 41.57 41.85 42.12 42.36 42.57 42.75 42.90 42.99 43.03 42.98
64.21 64.60 65.00 65.31 65.49 65.52 65.42 65.21 64.94 64.63 64.28 63.90 63.50 63.07 62.63 62.19 61.74 61.29 60.85 60.40 59.94 59.47 58.98 58.49 57.97 57.42 56.81 56.07 55.22 54.26 53.21 52.07 50.85 49.56 48.22 46.86 45.47 44.08 42.72 41.38 40.10 38.90 37.79 36.80 35.92 35.17 34.56 34.11 33.82 33.70 33.75 33.93 34.24 34.70 35.28 35.89 36.50 37.09 37.66 38.19 38.69 39.14 39.54 39.88 40.18 40.48 40.78 41.07 41.35 41.61 41.85 42.06 42.24 42.38 42.46 42.46 42.39
65.54 66.09 66.56 66.92 67.15 67.26 67.22 67.05 66.77 66.45 66.08 65.69 65.27 64.82 64.37 63.91 63.44 62.97 62.50 62.02 61.53 61.02 60.49 59.94 59.37 58.72 57.95 57.05 56.05 54.95 53.78 52.54 51.24 49.89 48.49 47.08 45.66 44.25 42.86 41.52 40.24 39.04 37.94 36.93 36.04 35.28 34.66 34.18 33.86 33.69 33.64 33.72 33.92 34.26 34.73 35.31 35.92 36.52 37.09 37.63 38.14 38.59 38.99 39.34 39.64 39.94 40.24 40.53 40.81 41.07 41.31 41.53 41.70 41.81 41.85 41.82 41.73
66.87 67.47 67.98 68.38 68.66 68.83 68.87 68.77 68.53 68.19 67.81 67.40 66.96 66.50 66.03 65.55 65.07 64.58 64.08 63.56 63.03 62.48 61.91 61.31 60.64 59.83 58.90 57.85 56.71 55.49 54.21 52.87 51.50 50.09 48.65 47.21 45.76 44.34 42.95 41.62 40.36 39.17 38.08 37.08 36.19 35.43 34.80 34.32 33.96 33.72 33.58 33.56 33.66 33.89 34.23 34.71 35.29 35.90 36.48 37.02 37.53 37.99 38.40 38.75 39.05 39.36 39.66 39.95 40.23 40.50 40.74 40.95 41.10 41.18 41.18 41.12 41.01
68.08 68.70 69.24 69.68 70.01 70.24 70.34 70.31 70.15 69.85 69.46 69.03 68.57 68.10 67.61 67.11 66.60 66.09 65.56 65.02 64.45 63.86 63.24 62.54 61.71 60.75 59.67 58.49 57.22 55.89 54.50 53.08 51.63 50.17 48.71 47.24 45.79 44.37 42.99 41.68 40.45 39.29 38.22 37.24 36.37 35.62 35.00 34.49 34.08 33.77 33.56 33.46 33.47 33.58 33.82 34.17 34.65 35.22 35.81 36.37 36.88 37.35 37.76 38.12 38.43 38.74 39.04 39.34 39.63 39.90 40.14 40.33 40.43 40.47 40.45 40.37 40.24
69.15 69.79 70.34 70.81 71.19 71.46 71.63 71.67 71.59 71.37 71.01 70.57 70.10 69.60 69.09 68.57 68.05 67.51 66.96 66.38 65.77 65.14 64.42 63.57 62.58 61.47 60.25 58.95 57.58 56.14 54.67 53.17 51.65 50.15 48.65 47.18 45.73 44.33 42.98 41.71 40.51 39.40 38.36 37.42 36.58 35.85 35.23 34.69 34.23 33.86 33.59 33.41 33.33 33.35 33.48 33.72 34.07 34.54 35.10 35.67 36.19 36.67 37.09 37.45 37.77 38.09 38.40 38.71 39.00 39.27 39.49 39.63 39.69 39.70 39.65 39.55 39.40
70.07 70.71 71.28 71.78 72.19 72.51 72.72 72.83 72.82 72.68 72.41 72.01 71.52 71.01 70.48 69.94 69.39 68.83 68.24 67.63 66.99 66.26 65.38 64.37 63.24 62.00 60.66 59.25 57.78 56.26 54.71 53.14 51.58 50.02 48.51 47.03 45.60 44.22 42.91 41.69 40.56 39.49 38.51 37.61 36.82 36.10 35.46 34.90 34.40 33.99 33.66 33.41 33.26 33.19 33.23 33.36 33.59 33.94 34.39 34.93 35.47 35.96 36.39 36.76 37.09 37.42 37.74 38.05 38.35 38.59 38.76 38.85 38.89 38.86 38.79 38.67 38.52
70.83 71.47 72.05 72.56 73.00 73.36 73.63 73.79 73.85 73.79 73.60 73.28 72.83 72.30 71.75 71.19 70.63 70.04 69.42 68.77 68.03 67.15 66.13 64.97 63.71 62.34 60.90 59.39 57.83 56.24 54.62 53.00 51.40 49.82 48.28 46.80 45.39 44.06 42.80 41.64 40.58 39.58 38.66 37.82 37.06 36.35 35.70 35.12 34.60 34.15 33.77 33.46 33.24 33.10 33.05 33.09 33.22 33.44 33.77 34.20 34.71 35.22 35.66 36.05 36.39 36.72 37.06 37.38 37.64 37.83 37.95 38.01 38.01 37.96 37.86 37.73 37.57
71.42 72.05 72.64 73.17 73.63 74.02 74.32 74.54 74.66 74.67 74.56 74.34 73.97 73.48 72.92 72.34 71.75 71.13 70.48 69.74 68.85 67.82 66.65 65.36 63.98 62.51 60.97 59.37 57.74 56.08 54.42 52.76 51.12 49.53 47.98 46.51 45.12 43.83 42.64 41.56 40.58 39.67 38.82 38.03 37.29 36.60 35.95 35.35 34.81 34.33 33.92 33.57 33.29 33.08 32.95 32.90 32.93 33.06 33.27 33.57 33.98 34.45 34.91 35.31 35.66 36.02 36.36 36.64 36.86 37.00 37.07 37.09 37.06 36.99 36.88 36.74 36.57
