data_processed/recharge/precip/Precip_2001_05.asc
ncols        168
nrows        136
xllcorner    455000
yllcorner    2107000
cellsize     500
NODATA_value     -99999
[rows 0 to 32 of 136, columns 0 to 73 of 168]
93.13 92.93 92.59 92.12 91.53 90.84 90.05 89.18 88.23 87.22 86.16 85.05 83.90 82.74 81.56 80.38 79.21 78.05 76.93 75.84 74.81 73.83 72.92 72.09 71.33 70.65 69.97 69.21 68.33 67.35 66.28 65.14 63.95 62.71 61.45 60.18 58.91 57.67 56.46 55.31 54.22 53.22 52.32 51.53 50.87 50.35 50.00 49.84 49.94 50.39 50.93 51.06 50.89 50.63 50.38 50.15 49.96 49.80 49.70 49.67 49.71 49.83 50.05 50.38 50.82 51.39 52.10 52.95 53.97 55.15 56.52 58.07 59.83 61.77
93.54 93.42 93.15 92.76 92.25 91.63 90.91 90.11 89.23 88.28 87.27 86.22 85.13 84.01 82.88 81.75 80.62 79.51 78.42 77.37 76.37 75.43 74.55 73.75 73.02 72.31 71.51 70.59 69.56 68.44 67.25 65.99 64.69 63.36 62.02 60.68 59.36 58.07 56.82 55.65 54.55 53.55 52.65 51.89 51.26 50.79 50.50 50.39 50.50 50.90 51.38 51.54 51.57 51.56 51.52 51.47 51.42 51.37 51.34 51.34 51.37 51.46 51.60 51.82 52.11 52.50 52.99 53.59 54.31 55.16 56.16 57.32 58.64 60.13
93.96 93.92 93.73 93.42 92.98 92.43 91.79 91.05 90.23 89.34 88.39 87.39 86.36 85.30 84.21 83.13 82.04 80.97 79.92 78.90 77.93 77.02 76.17 75.39 74.65 73.81 72.84 71.76 70.59 69.34 68.02 66.66 65.26 63.84 62.43 61.02 59.65 58.32 57.05 55.85 54.75 53.75 52.88 52.14 51.55 51.14 50.91 50.87 51.06 51.48 52.00 52.40 52.71 52.96 53.14 53.27 53.36 53.43 53.47 53.51 53.55 53.60 53.67 53.78 53.93 54.14 54.41 54.76 55.19 55.73 56.37 57.12 58.01 59.04
94.32 94.36 94.26 94.02 93.65 93.17 92.59 91.92 91.16 90.33 89.44 88.50 87.52 86.50 85.47 84.42 83.38 82.35 81.33 80.35 79.41 78.53 77.70 76.97 76.19 75.19 74.06 72.83 71.51 70.13 68.70 67.23 65.73 64.24 62.75 61.28 59.86 58.49 57.20 55.99 54.88 53.89 53.04 52.33 51.79 51.43 51.26 51.31 51.58 52.09 52.80 53.52 54.14 54.65 55.07 55.40 55.65 55.83 55.96 56.05 56.10 56.13 56.15 56.16 56.18 56.22 56.29 56.40 56.56 56.79 57.08 57.46 57.92 58.50
94.54 94.66 94.63 94.46 94.16 93.75 93.24 92.62 91.93 91.15 90.32 89.43 88.49 87.52 86.53 85.53 84.52 83.53 82.55 81.60 80.69 79.83 79.04 78.38 77.68 76.63 75.35 73.97 72.51 71.00 69.45 67.87 66.28 64.70 63.13 61.61 60.13 58.73 57.40 56.18 55.07 54.09 53.25 52.58 52.08 51.77 51.67 51.79 52.15 52.75 53.56 54.51 55.44 56.25 56.92 57.47 57.91 58.24 58.49 58.65 58.74 58.78 58.76 58.71 58.63 58.53 58.42 58.32 58.24 58.17 58.15 58.17 58.24 58.39
94.61 94.80 94.84 94.74 94.51 94.17 93.71 93.16 92.52 91.80 91.01 90.17 89.28 88.36 87.41 86.44 85.47 84.51 83.56 82.64 81.75 80.93 80.22 79.65 79.03 78.06 76.74 75.21 73.61 71.97 70.29 68.60 66.91 65.24 63.60 62.01 60.49 59.04 57.69 56.44 55.33 54.35 53.53 52.88 52.42 52.17 52.13 52.33 52.77 53.45 54.34 55.38 56.53 57.64 58.60 59.40 60.05 60.57 60.96 61.23 61.39 61.46 61.44 61.35 61.20 60.99 60.74 60.45 60.15 59.83 59.51 59.21 58.92 58.64
94.58 94.80 94.91 94.88 94.71 94.43 94.03 93.53 92.94 92.27 91.54 90.74 89.89 89.01 88.10 87.17 86.23 85.29 84.37 83.48 82.63 81.88 81.26 80.76 80.22 79.34 78.10 76.54 74.80 73.02 71.22 69.42 67.63 65.87 64.15 62.50 60.92 59.42 58.04 56.78 55.65 54.67 53.87 53.25 52.82 52.62 52.64 52.91 53.43 54.19 55.16 56.27 57.49 58.81 60.07 61.15 62.05 62.77 63.33 63.74 64.00 64.13 64.14 64.04 63.84 63.55 63.18 62.75 62.25 61.71 61.13 60.53 59.88 59.15
94.48 94.71 94.84 94.87 94.77 94.54 94.20 93.75 93.22 92.60 91.90 91.15 90.34 89.49 88.62 87.72 86.81 85.90 85.00 84.15 83.37 82.71 82.16 81.74 81.26 80.46 79.31 77.83 76.07 74.17 72.24 70.32 68.43 66.58 64.78 63.05 61.41 59.88 58.46 57.17 56.03 55.06 54.26 53.66 53.28 53.12 53.21 53.56 54.15 54.98 56.02 57.18 58.47 59.85 61.30 62.68 63.85 64.81 65.57 66.14 66.53 66.76 66.82 66.75 66.53 66.19 65.73 65.17 64.52 63.78 62.97 62.07 61.04 59.89
94.32 94.55 94.69 94.75 94.70 94.52 94.23 93.84 93.35 92.77 92.12 91.40 90.64 89.82 88.98 88.11 87.22 86.34 85.48 84.69 84.00 83.41 82.94 82.58 82.17 81.44 80.36 78.98 77.30 75.38 73.33 71.30 69.30 67.35 65.47 63.67 61.97 60.39 58.93 57.62 56.47 55.49 54.70 54.13 53.78 53.68 53.84 54.25 54.91 55.81 56.91 58.14 59.47 60.89 62.40 63.96 65.42 66.64 67.63 68.40 68.95 69.30 69.45 69.42 69.22 68.85 68.34 67.68 66.90 65.99 64.95 63.73 62.34 60.82
94.11 94.34 94.47 94.53 94.51 94.38 94.14 93.79 93.35 92.81 92.20 91.52 90.79 90.00 89.18 88.34 87.48 86.64 85.85 85.14 84.53 84.01 83.59 83.29 82.93 82.27 81.27 79.97 78.39 76.55 74.49 72.35 70.24 68.19 66.23 64.36 62.59 60.96 59.46 58.12 56.95 55.97 55.19 54.64 54.34 54.31 54.53 55.00 55.72 56.68 57.84 59.12 60.50 61.96 63.50 65.10 66.73 68.23 69.48 70.47 71.21 71.71 71.98 72.02 71.86 71.51 70.96 70.24 69.35 68.28 66.98 65.46 63.75 61.91
93.86 94.08 94.21 94.26 94.24 94.14 93.94 93.63 93.23 92.73 92.15 91.51 90.80 90.05 89.26 88.43 87.61 86.84 86.13 85.50 84.95 84.49 84.13 83.88 83.57 82.96 82.03 80.81 79.31 77.56 75.60 73.45 71.24 69.10 67.04 65.09 63.27 61.57 60.04 58.67 57.48 56.49 55.73 55.22 54.98 55.00 55.28 55.81 56.58 57.60 58.81 60.13 61.55 63.05 64.61 66.23 67.89 69.56 71.08 72.32 73.27 73.95 74.36 74.52 74.43 74.11 73.56 72.80 71.81 70.54 69.01 67.23 65.26 63.13
93.57 93.78 93.90 93.95 93.92 93.81 93.63 93.37 93.00 92.54 91.99 91.38 90.70 89.97 89.20 88.41 87.66 86.96 86.33 85.76 85.27 84.87 84.56 84.35 84.09 83.53 82.65 81.50 80.08 78.42 76.55 74.50 72.29 70.05 67.91 65.88 63.99 62.24 60.66 59.25 58.04 57.06 56.33 55.88 55.69 55.76 56.09 56.66 57.49 58.56 59.82 61.18 62.63 64.16 65.74 67.37 69.03 70.72 72.39 73.90 75.10 75.99 76.57 76.86 76.88 76.62 76.10 75.31 74.18 72.73 71.00 69.02 66.84 64.47
93.24 93.44 93.55 93.59 93.55 93.44 93.26 93.01 92.67 92.24 91.73 91.14 90.48 89.78 89.04 88.32 87.65 87.02 86.45 85.95 85.51 85.16 84.89 84.71 84.48 83.96 83.15 82.05 80.70 79.13 77.35 75.39 73.28 71.05 68.82 66.71 64.75 62.94 61.31 59.87 58.66 57.70 57.02 56.61 56.47 56.58 56.95 57.58 58.45 59.56 60.86 62.26 63.74 65.29 66.88 68.52 70.18 71.86 73.54 75.19 76.65 77.77 78.56 79.02 79.16 79.00 78.51 77.64 76.40 74.82 72.94 70.81 68.44 65.89
92.89 93.07 93.17 93.20 93.15 93.03 92.84 92.58 92.26 91.86 91.37 90.80 90.17 89.50 88.83 88.19 87.58 87.02 86.51 86.06 85.67 85.35 85.12 84.97 84.77 84.28 83.51 82.47 81.19 79.69 77.99 76.13 74.11 71.98 69.76 67.58 65.55 63.68 62.00 60.54 59.35 58.43 57.79 57.42 57.32 57.47 57.88 58.55 59.46 60.61 61.95 63.38 64.88 66.44 68.04 69.68 71.34 73.00 74.66 76.30 77.89 79.27 80.29 80.94 81.25 81.17 80.67 79.75 78.43 76.78 74.80 72.55 70.06 67.37
92.50 92.67 92.76 92.78 92.72 92.58 92.38 92.12 91.79 91.39 90.93 90.38 89.78 89.18 88.58 88.01 87.47 86.97 86.51 86.10 85.75 85.47 85.26 85.13 84.95 84.49 83.76 82.76 81.54 80.10 78.48 76.70 74.79 72.76 70.64 68.48 66.38 64.45 62.74 61.29 60.13 59.25 58.65 58.31 58.24 58.43 58.87 59.57 60.51 61.70 63.07 64.53 66.05 67.62 69.22 70.85 72.50 74.14 75.78 77.39 78.96 80.46 81.72 82.60 83.05 83.03 82.54 81.60 80.27 78.57 76.55 74.24 71.67 68.88
92.11 92.26 92.33 92.33 92.26 92.11 91.90 91.62 91.28 90.88 90.41 89.90 89.37 88.84 88.31 87.80 87.32 86.86 86.45 86.08 85.76 85.50 85.31 85.20 85.03 84.59 83.89 82.94 81.76 80.39 78.83 77.13 75.30 73.37 71.37 69.30 67.22 65.26 63.56 62.14 61.01 60.16 59.58 59.27 59.23 59.45 59.92 60.65 61.62 62.84 64.23 65.71 67.24 68.81 70.42 72.04 73.67 75.29 76.89 78.46 79.98 81.45 82.83 83.91 84.47 84.52 84.08 83.18 81.88 80.19 78.16 75.83 73.23 70.40
91.69 91.83 91.88 91.87 91.78 91.61 91.39 91.09 90.74 90.33 89.87 89.41 88.95 88.48 88.02 87.57 87.13 86.72 86.34 86.00 85.71 85.47 85.29 85.18 85.02 84.60 83.91 82.99 81.86 80.54 79.05 77.42 75.67 73.83 71.92 69.97 68.02 66.15 64.48 63.09 61.98 61.15 60.60 60.31 60.29 60.53 61.03 61.78 62.78 64.02 65.43 66.92 68.46 70.03 71.63 73.24 74.84 76.43 77.99 79.52 80.99 82.40 83.70 84.77 85.45 85.61 85.27 84.46 83.23 81.60 79.61 77.31 74.72 71.89
91.27 91.39 91.42 91.39 91.28 91.10 90.86 90.55 90.18 89.76 89.35 88.93 88.53 88.12 87.71 87.31 86.91 86.54 86.19 85.87 85.59 85.37 85.19 85.08 84.92 84.50 83.84 82.94 81.85 80.57 79.13 77.57 75.89 74.13 72.32 70.49 68.73 67.06 65.50 64.14 63.05 62.24 61.70 61.43 61.43 61.69 62.20 62.97 63.99 65.24 66.67 68.17 69.71 71.28 72.86 74.45 76.02 77.58 79.10 80.57 81.98 83.29 84.40 85.30 85.98 86.28 86.08 85.41 84.29 82.77 80.87 78.64 76.12 73.33
90.85 90.94 90.96 90.90 90.77 90.57 90.31 89.98 89.61 89.23 88.86 88.49 88.12 87.76 87.40 87.03 86.67 86.33 86.00 85.70 85.43 85.21 85.03 84.91 84.74 84.32 83.67 82.79 81.72 80.48 79.09 77.58 75.97 74.29 72.59 70.94 69.38 67.91 66.54 65.28 64.21 63.41 62.88 62.63 62.64 62.91 63.44 64.21 65.24 66.51 67.95 69.45 70.99 72.54 74.11 75.67 77.21 78.72 80.19 81.61 82.93 84.05 84.96 85.67 86.19 86.52 86.49 86.00 85.05 83.67 81.91 79.81 77.39 74.70
90.43 90.50 90.49 90.41 90.26 90.04 89.76 89.43 89.08 88.74 88.41 88.07 87.74 87.41 87.08 86.75 86.42 86.09 85.78 85.48 85.22 84.99 84.81 84.67 84.48 84.06 83.41 82.54 81.49 80.28 78.93 77.47 75.92 74.34 72.81 71.35 69.98 68.70 67.52 66.43 65.45 64.67 64.15 63.90 63.92 64.19 64.73 65.51 66.55 67.83 69.27 70.77 72.30 73.83 75.37 76.90 78.40 79.87 81.29 82.61 83.73 84.65 85.37 85.90 86.26 86.46 86.49 86.21 85.46 84.29 82.71 80.78 78.52 75.96
90.02 90.06 90.02 89.92 89.75 89.50 89.21 88.91 88.60 88.30 88.00 87.69 87.39 87.08 86.77 86.46 86.15 85.84 85.53 85.24 84.97 84.73 84.53 84.37 84.16 83.72 83.06 82.20 81.16 79.98 78.66 77.25 75.78 74.36 73.01 71.73 70.55 69.44 68.43 67.52 66.70 66.00 65.50 65.25 65.27 65.55 66.08 66.87 67.91 69.18 70.63 72.12 73.63 75.15 76.66 78.15 79.61 81.02 82.34 83.47 84.39 85.11 85.65 86.01 86.22 86.29 86.23 86.02 85.52 84.59 83.24 81.52 79.46 77.10
89.62 89.63 89.57 89.44 89.24 88.99 88.72 88.45 88.18 87.90 87.62 87.34 87.06 86.77 86.48 86.18 85.88 85.57 85.27 84.97 84.69 84.43 84.21 84.02 83.78 83.32 82.64 81.78 80.75 79.58 78.29 76.94 75.62 74.37 73.20 72.10 71.08 70.15 69.30 68.55 67.90 67.35 66.92 66.68 66.69 66.97 67.50 68.28 69.31 70.59 72.03 73.51 75.00 76.48 77.96 79.40 80.81 82.13 83.26 84.18 84.90 85.44 85.81 86.02 86.10 86.04 85.87 85.59 85.21 84.55 83.48 82.02 80.21 78.08
89.24 89.22 89.13 88.97 88.76 88.53 88.29 88.05 87.80 87.55 87.29 87.03 86.76 86.48 86.20 85.91 85.61 85.30 84.99 84.68 84.38 84.10 83.84 83.62 83.33 82.85 82.15 81.28 80.25 79.08 77.85 76.64 75.49 74.41 73.39 72.46 71.60 70.83 70.14 69.54 69.04 68.64 68.35 68.17 68.19 68.45 68.98 69.75 70.77 72.04 73.47 74.93 76.39 77.84 79.28 80.67 81.99 83.11 84.03 84.75 85.29 85.66 85.87 85.95 85.89 85.72 85.46 85.10 84.67 84.15 83.39 82.24 80.72 78.88
88.88 88.83 88.71 88.54 88.34 88.13 87.92 87.70 87.48 87.24 87.00 86.75 86.49 86.21 85.93 85.64 85.34 85.03 84.71 84.38 84.05 83.74 83.44 83.17 82.84 82.32 81.60 80.70 79.67 78.54 77.43 76.38 75.39 74.47 73.61 72.82 72.12 71.49 70.95 70.50 70.14 69.88 69.73 69.68 69.75 70.01 70.51 71.27 72.28 73.53 74.94 76.38 77.81 79.23 80.61 81.91 83.03 83.94 84.66 85.20 85.56 85.78 85.85 85.79 85.63 85.36 85.00 84.58 84.09 83.56 82.97 82.16 80.98 79.47
88.55 88.47 88.33 88.17 88.00 87.82 87.62 87.42 87.21 86.98 86.75 86.50 86.24 85.97 85.69 85.39 85.08 84.75 84.42 84.07 83.71 83.35 83.01 82.69 82.31 81.74 80.98 80.07 79.05 78.05 77.09 76.19 75.34 74.56 73.85 73.21 72.64 72.15 71.75 71.43 71.20 71.08 71.05 71.13 71.31 71.62 72.11 72.85 73.84 75.07 76.46 77.87 79.26 80.63 81.92 83.03 83.93 84.64 85.17 85.53 85.74 85.81 85.75 85.58 85.31 84.95 84.53 84.04 83.51 82.95 82.38 81.77 80.96 79.82
88.26 88.16 88.03 87.89 87.74 87.57 87.39 87.20 86.99 86.77 86.54 86.29 86.03 85.75 85.46 85.15 84.82 84.48 84.12 83.74 83.35 82.95 82.56 82.18 81.74 81.11 80.32 79.41 78.50 77.64 76.83 76.06 75.36 74.71 74.13 73.62 73.18 72.82 72.54 72.35 72.25 72.24 72.33 72.52 72.82 73.23 73.77 74.49 75.45 76.66 78.02 79.39 80.74 82.02 83.11 84.00 84.70 85.22 85.57 85.77 85.83 85.77 85.59 85.32 84.96 84.53 84.04 83.51 82.95 82.37 81.79 81.22 80.65 79.91
88.03 87.93 87.82 87.69 87.55 87.39 87.22 87.03 86.83 86.61 86.37 86.12 85.84 85.55 85.24 84.91 84.57 84.20 83.82 83.41 82.99 82.54 82.09 81.64 81.13 80.45 79.65 78.84 78.07 77.34 76.65 76.02 75.44 74.92 74.46 74.07 73.75 73.51 73.35 73.27 73.28 73.38 73.58 73.88 74.28 74.80 75.43 76.18 77.12 78.29 79.62 80.95 82.20 83.28 84.16 84.84 85.35 85.69 85.87 85.92 85.85 85.67 85.38 85.02 84.58 84.09 83.56 82.99 82.41 81.83 81.26 80.72 80.21 79.73
87.88 87.80 87.70 87.58 87.45 87.29 87.12 86.93 86.72 86.49 86.25 85.98 85.69 85.38 85.05 84.70 84.32 83.93 83.51 83.07 82.60 82.11 81.61 81.09 80.50 79.80 79.09 78.41 77.76 77.15 76.59 76.07 75.61 75.20 74.86 74.58 74.37 74.24 74.18 74.20 74.31 74.52 74.81 75.21 75.71 76.31 77.03 77.86 78.82 79.97 81.25 82.49 83.55 84.41 85.08 85.56 85.89 86.06 86.10 86.01 85.81 85.52 85.14 84.70 84.20 83.66 83.09 82.50 81.92 81.34 80.79 80.29 79.83 79.45
87.84 87.76 87.67 87.55 87.42 87.26 87.09 86.89 86.67 86.43 86.16 85.87 85.56 85.23 84.87 84.49 84.08 83.65 83.19 82.71 82.20 81.66 81.10 80.52 79.90 79.28 78.68 78.12 77.58 77.09 76.63 76.23 75.87 75.57 75.33 75.15 75.04 75.00 75.04 75.16 75.36 75.65 76.04 76.52 77.10 77.79 78.59 79.50 80.53 81.68 82.88 83.92 84.76 85.40 85.87 86.18 86.33 86.35 86.25 86.04 85.73 85.34 84.88 84.37 83.82 83.24 82.65 82.05 81.47 80.92 80.41 79.95 79.56 79.25
87.74 87.68 87.59 87.48 87.34 87.19 87.00 86.80 86.57 86.31 86.03 85.72 85.39 85.03 84.64 84.23 83.79 83.32 82.83 82.30 81.75 81.17 80.56 79.94 79.38 78.87 78.38 77.92 77.50 77.11 76.76 76.46 76.21 76.00 75.86 75.78 75.76 75.81 75.94 76.15 76.44 76.81 77.28 77.84 78.50 79.27 80.14 81.12 82.22 83.34 84.32 85.13 85.75 86.20 86.49 86.63 86.64 86.52 86.29 85.98 85.57 85.11 84.59 84.03 83.44 82.84 82.24 81.65 81.10 80.58 80.12 79.73 79.42 79.21
87.34 87.29 87.22 87.12 87.00 86.85 86.67 86.47 86.24 85.98 85.69 85.38 85.03 84.66 84.26 83.82 83.36 82.87 82.34 81.79 81.20 80.58 79.96 79.38 78.87 78.45 78.08 77.73 77.42 77.14 76.90 76.70 76.55 76.45 76.41 76.42 76.50 76.65 76.87 77.17 77.54 78.01 78.56 79.20 79.94 80.79 81.74 82.79 83.87 84.74 85.41 85.98 86.42 86.70 86.84 86.84 86.72 86.49 86.17 85.77 85.30 84.78 84.22 83.64 83.04 82.45 81.87 81.32 80.81 80.36 79.97 79.67 79.47 79.38
86.63 86.59 86.55 86.48 86.38 86.25 86.09 85.91 85.69 85.44 85.16 84.85 84.50 84.13 83.72 83.28 82.81 82.30 81.76 81.19 80.58 79.96 79.37 78.84 78.40 78.04 77.76 77.53 77.33 77.16 77.03 76.94 76.90 76.91 76.97 77.08 77.26 77.51 77.82 78.21 78.68 79.24 79.88 80.61 81.43 82.36 83.39 84.43 85.27 85.85 86.22 86.53 86.77 86.91 86.92 86.81 86.59 86.28 85.89 85.43 84.93 84.38 83.81 83.23 82.65 82.09 81.56 81.07 80.64 80.28 80.00 79.82 79.75 79.74
85.80 85.62 85.60 85.57 85.51 85.41 85.28 85.12 84.93 84.70 84.44 84.14 83.81 83.45 83.05 82.62 82.14 81.64 81.09 80.51 79.91 79.33 78.80 78.34 77.95 77.66 77.44 77.31 77.22 77.17 77.16 77.18 77.25 77.37 77.53 77.75 78.04 78.38 78.80 79.29 79.85 80.50 81.23 82.05 82.97 83.97 85.00 85.83 86.39 86.68 86.78 86.85 86.88 86.87 86.78 86.58 86.29 85.92 85.49 85.01 84.49 83.95 83.39 82.84 82.31 81.81 81.35 80.95 80.62 80.38 80.23 80.20 80.22 80.18
