data_processed/recharge/precip/Precip_2013_10.asc
ncols        168
nrows        136
xllcorner    455000
yllcorner    2107000
cellsize     500
NODATA_value     -99999
[rows 0 to 34 of 136, columns 0 to 79 of 168]
7.38 7.75 8.44 9.42 10.65 12.09 13.71 15.46 17.31 19.22 21.15 23.06 24.93 26.70 28.34 29.82 31.09 32.12 32.87 33.30 33.42 33.49 33.85 34.39 34.89 35.35 35.80 36.23 36.63 37.01 37.36 37.66 37.93 38.14 38.30 38.40 38.43 38.39 38.27 38.07 37.78 37.40 36.92 36.33 35.64 34.83 33.88 32.76 31.59 31.08 31.31 31.95 32.83 33.90 35.12 36.47 37.90 39.39 40.90 42.39 43.84 45.20 46.45 47.54 48.45 49.15 49.59 49.74 49.57 49.05 48.14 46.84 45.31 43.72 42.06 40.28 38.47 36.75 35.13 33.62
7.58 7.40 7.61 8.16 9.02 10.16 11.53 13.09 14.81 16.65 18.57 20.54 22.52 24.46 26.33 28.10 29.72 31.16 32.38 33.33 34.00 34.37 34.74 35.26 35.76 36.24 36.71 37.16 37.58 37.97 38.33 38.64 38.90 39.12 39.27 39.36 39.38 39.32 39.18 38.96 38.64 38.23 37.72 37.09 36.35 35.50 34.52 33.39 32.24 31.68 31.63 31.88 32.40 33.16 34.11 35.22 36.47 37.81 39.21 40.64 42.07 43.45 44.76 45.96 47.01 47.89 48.56 48.98 49.13 48.96 48.44 47.55 46.27 44.78 43.21 41.58 40.02 38.53 37.12 35.79
7.39 6.66 6.37 6.49 6.98 7.80 8.91 10.28 11.86 13.63 15.53 17.54 19.62 21.72 23.82 25.86 27.82 29.66 31.34 32.82 34.07 35.03 35.73 36.30 36.82 37.33 37.83 38.30 38.74 39.15 39.52 39.84 40.10 40.32 40.47 40.55 40.56 40.48 40.33 40.08 39.74 39.30 38.75 38.09 37.32 36.42 35.39 34.22 33.01 32.14 31.64 31.49 31.64 32.07 32.74 33.61 34.65 35.84 37.12 38.47 39.86 41.25 42.61 43.90 45.09 46.15 47.03 47.71 48.16 48.33 48.20 47.72 46.88 45.66 44.27 42.90 41.58 40.32 39.10 37.94
7.32 6.01 5.20 4.87 4.96 5.44 6.27 7.42 8.84 10.51 12.37 14.40 16.56 18.80 21.10 23.40 25.68 27.90 30.01 31.99 33.79 35.38 36.78 37.80 38.39 38.92 39.42 39.90 40.34 40.75 41.11 41.42 41.68 41.87 42.00 42.06 42.04 41.94 41.75 41.46 41.08 40.59 39.99 39.28 38.45 37.48 36.39 35.17 33.83 32.54 31.58 30.99 30.76 30.84 31.20 31.81 32.63 33.63 34.78 36.04 37.37 38.75 40.13 41.49 42.79 44.00 45.08 46.00 46.72 47.21 47.44 47.37 46.97 46.28 45.32 44.22 43.14 42.08 41.04 40.03
8.05 6.13 4.76 3.92 3.57 3.67 4.19 5.07 6.30 7.82 9.61 11.61 13.80 16.14 18.59 21.12 23.67 26.22 28.74 31.17 33.49 35.73 37.95 39.76 40.77 41.32 41.79 42.23 42.63 42.99 43.30 43.56 43.76 43.90 43.96 43.95 43.87 43.69 43.42 43.06 42.59 42.01 41.32 40.51 39.58 38.52 37.33 36.04 34.65 33.20 31.82 30.78 30.12 29.82 29.84 30.15 30.71 31.50 32.47 33.60 34.84 36.17 37.55 38.95 40.32 41.65 42.89 44.01 44.97 45.75 46.31 46.61 46.70 46.61 46.24 45.53 44.67 43.80 42.92 42.05
9.68 7.09 5.13 3.74 2.91 2.59 2.73 3.32 4.29 5.63 7.29 9.23 11.41 13.81 16.37 19.06 21.85 24.69 27.56 30.40 33.28 36.23 39.21 41.80 43.53 44.42 44.86 45.22 45.54 45.81 46.03 46.19 46.29 46.32 46.28 46.16 45.96 45.66 45.27 44.78 44.18 43.47 42.65 41.70 40.62 39.42 38.15 36.82 35.39 33.89 32.36 30.90 29.79 29.07 28.72 28.69 28.97 29.50 30.27 31.22 32.34 33.59 34.92 36.32 37.74 39.15 40.51 41.80 42.97 44.00 44.85 45.56 46.18 46.66 46.85 46.67 46.15 45.45 44.72 43.96
12.03 8.92 6.31 4.34 2.98 2.19 1.92 2.16 2.85 3.95 5.44 7.27 9.40 11.81 14.44 17.26 20.23 23.32 26.50 29.80 33.29 36.91 40.56 43.84 46.26 47.80 48.52 48.80 48.98 49.12 49.20 49.22 49.18 49.06 48.87 48.59 48.22 47.77 47.21 46.55 45.77 44.89 43.88 42.74 41.50 40.21 38.89 37.50 36.04 34.51 32.93 31.33 29.81 28.64 27.88 27.48 27.43 27.68 28.20 28.95 29.91 31.04 32.29 33.65 35.08 36.53 37.98 39.40 40.75 41.99 43.18 44.35 45.47 46.45 47.16 47.48 47.42 47.00 46.40 45.73
14.73 11.45 8.33 5.73 3.80 2.49 1.78 1.62 1.97 2.80 4.08 5.75 7.79 10.16 12.81 15.72 18.84 22.14 25.66 29.48 33.54 37.74 41.99 45.86 48.88 51.03 52.33 52.82 52.88 52.83 52.73 52.57 52.33 52.02 51.63 51.15 50.58 49.91 49.14 48.27 47.27 46.16 44.93 43.59 42.23 40.89 39.52 38.11 36.61 35.05 33.44 31.80 30.13 28.57 27.36 26.56 26.14 26.07 26.31 26.83 27.59 28.56 29.70 30.99 32.38 33.85 35.35 36.86 38.35 39.86 41.43 43.02 44.58 46.02 47.19 47.96 48.32 48.30 47.92 47.34
17.62 14.31 11.02 7.92 5.38 3.52 2.31 1.71 1.68 2.20 3.21 4.69 6.59 8.88 11.51 14.46 17.68 21.23 25.18 29.47 34.01 38.71 43.46 47.85 51.39 54.07 55.89 56.88 57.09 56.86 56.53 56.14 55.67 55.12 54.48 53.76 52.94 52.02 50.99 49.85 48.59 47.22 45.74 44.28 42.86 41.47 40.07 38.62 37.10 35.51 33.88 32.21 30.51 28.80 27.21 25.97 25.15 24.72 24.64 24.88 25.41 26.19 27.18 28.36 29.69 31.13 32.66 34.23 35.91 37.72 39.64 41.60 43.54 45.39 46.96 48.12 48.87 49.21 49.16 48.74
20.68 17.35 14.03 10.77 7.74 5.28 3.53 2.45 2.00 2.15 2.87 4.10 5.82 7.98 10.55 13.50 16.87 20.74 25.07 29.74 34.69 39.80 44.97 49.79 53.77 56.89 59.15 60.59 61.21 61.08 60.52 59.84 59.09 58.26 57.34 56.32 55.21 53.99 52.66 51.21 49.65 47.99 46.38 44.86 43.39 41.96 40.52 39.04 37.50 35.90 34.24 32.55 30.83 29.10 27.36 25.74 24.49 23.66 23.23 23.16 23.42 23.97 24.79 25.82 27.05 28.43 29.94 31.63 33.54 35.63 37.84 40.11 42.38 44.58 46.50 48.00 49.07 49.73 49.97 49.82
23.89 20.54 17.20 13.92 10.73 7.79 5.46 3.85 2.94 2.69 3.05 4.00 5.49 7.48 9.95 12.94 16.54 20.70 25.31 30.30 35.55 40.99 46.50 51.66 55.99 59.47 62.10 63.90 64.89 65.09 64.55 63.60 62.52 61.36 60.11 58.75 57.30 55.74 54.06 52.26 50.39 48.58 46.90 45.33 43.82 42.35 40.88 39.39 37.83 36.21 34.54 32.83 31.10 29.34 27.58 25.82 24.19 22.94 22.12 21.71 21.66 21.95 22.54 23.40 24.49 25.78 27.33 29.18 31.29 33.60 36.05 38.58 41.13 43.62 45.84 47.62 48.97 49.88 50.37 50.45
27.21 23.86 20.51 17.21 13.99 10.91 8.11 5.94 4.52 3.81 3.79 4.40 5.62 7.41 9.82 12.95 16.73 21.08 25.90 31.10 36.59 42.26 48.02 53.45 58.05 61.79 64.70 66.78 68.06 68.55 68.27 67.28 65.87 64.33 62.70 60.97 59.13 57.18 55.11 52.97 50.92 49.04 47.31 45.69 44.15 42.65 41.16 39.64 38.07 36.45 34.77 33.05 31.30 29.53 27.75 25.98 24.22 22.60 21.36 20.56 20.18 20.17 20.50 21.14 22.06 23.31 24.95 26.93 29.19 31.67 34.31 37.04 39.81 42.54 45.00 47.02 48.57 49.69 50.37 50.62
30.63 27.28 23.93 20.62 17.39 14.28 11.34 8.72 6.75 5.55 5.09 5.33 6.24 7.87 10.32 13.53 17.41 21.87 26.81 32.14 37.77 43.61 49.54 55.14 59.92 63.85 66.95 69.23 70.71 71.40 71.33 70.52 69.00 67.08 65.03 62.87 60.60 58.22 55.77 53.44 51.33 49.40 47.62 45.95 44.38 42.85 41.34 39.82 38.24 36.61 34.93 33.20 31.44 29.67 27.88 26.10 24.32 22.57 20.97 19.76 19.00 18.65 18.69 19.09 19.89 21.16 22.86 24.91 27.27 29.86 32.63 35.51 38.45 41.36 44.01 46.20 47.92 49.19 50.00 50.38
34.13 30.78 27.44 24.12 20.89 17.77 14.81 12.05 9.64 7.91 6.97 6.79 7.45 9.02 11.45 14.67 18.56 23.05 28.03 33.41 39.10 45.00 51.01 56.71 61.59 65.62 68.82 71.21 72.81 73.63 73.68 73.00 71.59 69.50 67.01 64.38 61.64 58.83 56.19 53.79 51.61 49.63 47.81 46.11 44.51 42.96 41.44 39.91 38.33 36.70 35.02 33.29 31.53 29.76 27.96 26.17 24.39 22.63 20.91 19.34 18.16 17.45 17.17 17.38 18.12 19.38 21.07 23.15 25.54 28.20 31.04 34.02 37.07 40.11 42.90 45.21 47.04 48.40 49.29 49.73
37.67 34.35 31.01 27.71 24.48 21.36 18.39 15.61 13.07 10.90 9.45 8.92 9.41 10.88 13.22 16.35 20.18 24.60 29.53 34.88 40.54 46.43 52.44 58.14 63.03 67.08 70.31 72.72 74.35 75.21 75.30 74.67 73.30 71.24 68.52 65.41 62.21 59.19 56.47 54.01 51.78 49.76 47.90 46.17 44.54 42.98 41.45 39.91 38.35 36.72 35.05 33.32 31.57 29.79 28.00 26.21 24.43 22.67 20.93 19.25 17.72 16.61 16.06 16.14 16.80 17.98 19.63 21.67 24.05 26.70 29.57 32.59 35.70 38.82 41.69 44.06 45.94 47.34 48.27 48.72
41.24 37.94 34.63 31.34 28.12 25.01 22.04 19.25 16.70 14.41 12.65 11.87 12.16 13.43 15.60 18.56 22.23 26.51 31.31 36.53 42.09 47.88 53.80 59.42 64.24 68.22 71.38 73.74 75.32 76.12 76.18 75.50 74.11 72.01 69.24 65.90 62.50 59.41 56.62 54.11 51.83 49.77 47.87 46.12 44.47 42.90 41.37 39.84 38.29 36.67 35.01 33.30 31.55 29.78 28.00 26.21 24.43 22.67 20.94 19.25 17.62 16.26 15.51 15.43 15.95 17.00 18.54 20.50 22.81 25.41 28.25 31.25 34.37 37.51 40.40 42.79 44.67 46.05 46.95 47.37
44.81 41.55 38.27 35.00 31.80 28.70 25.74 22.96 20.40 18.22 16.60 15.66 15.67 16.67 18.57 21.28 24.71 28.76 33.34 38.36 43.72 49.33 55.08 60.54 65.20 69.03 72.04 74.26 75.69 76.36 76.29 75.49 73.98 71.77 68.96 65.85 62.63 59.49 56.65 54.09 51.77 49.67 47.75 45.97 44.32 42.74 41.21 39.69 38.15 36.56 34.90 33.21 31.48 29.72 27.95 26.17 24.40 22.65 20.93 19.25 17.72 16.46 15.57 15.27 15.59 16.47 17.85 19.66 21.85 24.35 27.10 30.03 33.10 36.21 39.07 41.42 43.24 44.56 45.37 45.69
48.37 45.15 41.90 38.67 35.49 32.41 29.47 26.70 24.27 22.35 20.98 20.14 19.92 20.56 22.11 24.49 27.59 31.33 35.61 40.33 45.41 50.76 56.25 61.46 65.88 69.47 72.25 74.24 75.45 75.91 75.62 74.61 72.90 70.58 67.96 65.23 62.38 59.42 56.55 53.94 51.59 49.46 47.52 45.73 44.06 42.48 40.96 39.46 37.94 36.37 34.74 33.06 31.35 29.61 27.86 26.10 24.34 22.61 20.91 19.34 18.03 16.97 16.16 15.69 15.76 16.40 17.57 19.19 21.20 23.54 26.14 28.96 31.92 34.94 37.72 39.97 41.69 42.88 43.55 43.72
51.87 48.70 45.50 42.31 39.17 36.12 33.21 30.58 28.43 26.78 25.63 24.96 24.76 25.09 26.22 28.17 30.87 34.21 38.10 42.45 47.16 52.15 57.30 62.18 66.27 69.54 72.01 73.68 74.59 74.74 74.16 72.86 70.94 68.75 66.46 64.09 61.60 59.00 56.30 53.68 51.30 49.14 47.18 45.38 43.71 42.14 40.63 39.15 37.66 36.12 34.51 32.86 31.17 29.46 27.73 25.99 24.25 22.55 20.96 19.63 18.54 17.69 17.05 16.61 16.47 16.83 17.73 19.10 20.87 23.00 25.41 28.05 30.85 33.73 36.37 38.47 40.03 41.04 41.53 41.49
55.31 52.20 49.06 45.92 42.82 39.81 37.05 34.72 32.87 31.47 30.51 29.98 29.85 30.12 30.86 32.32 34.51 37.37 40.79 44.68 48.94 53.49 58.22 62.68 66.36 69.22 71.28 72.56 73.08 72.84 71.88 70.29 68.44 66.53 64.55 62.49 60.34 58.09 55.73 53.28 50.89 48.71 46.74 44.94 43.28 41.71 40.22 38.77 37.31 35.80 34.22 32.60 30.94 29.26 27.55 25.84 24.14 22.56 21.22 20.12 19.24 18.58 18.11 17.81 17.67 17.78 18.36 19.42 20.91 22.77 24.93 27.34 29.93 32.61 35.06 36.96 38.29 39.07 39.31 39.02
58.66 55.62 52.54 49.45 46.42 43.58 41.14 39.13 37.54 36.35 35.55 35.12 35.04 35.31 35.90 36.89 38.51 40.80 43.66 47.01 50.74 54.77 58.99 62.95 66.13 68.50 70.07 70.87 70.90 70.20 68.86 67.28 65.66 64.00 62.28 60.51 58.66 56.73 54.70 52.57 50.35 48.18 46.20 44.40 42.75 41.20 39.73 38.31 36.89 35.41 33.88 32.29 30.67 29.01 27.34 25.67 24.11 22.78 21.68 20.81 20.13 19.64 19.32 19.15 19.11 19.19 19.48 20.18 21.33 22.87 24.73 26.85 29.17 31.61 33.81 35.44 36.50 37.00 36.94 36.34
61.90 58.93 55.92 52.91 50.05 47.56 45.46 43.73 42.38 41.37 40.69 40.33 40.28 40.50 41.00 41.76 42.85 44.49 46.71 49.42 52.54 55.96 59.58 62.95 65.55 67.34 68.35 68.58 68.05 66.89 65.50 64.09 62.67 61.22 59.74 58.22 56.63 54.98 53.26 51.44 49.53 47.52 45.56 43.77 42.12 40.60 39.16 37.77 36.39 34.96 33.47 31.93 30.34 28.73 27.10 25.58 24.27 23.20 22.34 21.68 21.19 20.86 20.68 20.62 20.67 20.81 21.03 21.41 22.17 23.33 24.83 26.61 28.61 30.74 32.64 33.96 34.70 34.85 34.44 33.47
65.00 62.11 59.19 56.38 53.88 51.75 49.95 48.49 47.33 46.47 45.88 45.56 45.49 45.65 46.03 46.61 47.38 48.41 49.90 51.90 54.32 57.04 59.99 62.69 64.62 65.75 66.10 65.68 64.61 63.33 62.06 60.80 59.55 58.29 57.00 55.69 54.34 52.94 51.47 49.94 48.32 46.60 44.80 43.04 41.41 39.92 38.51 37.17 35.83 34.45 33.01 31.51 29.97 28.41 26.94 25.68 24.65 23.82 23.18 22.71 22.40 22.22 22.16 22.20 22.33 22.52 22.76 23.04 23.43 24.16 25.25 26.64 28.26 30.04 31.58 32.54 32.89 32.65 31.83 30.56
67.93 65.15 62.44 60.01 57.90 56.09 54.58 53.33 52.34 51.59 51.07 50.75 50.63 50.70 50.92 51.29 51.80 52.42 53.23 54.43 56.06 58.01 60.19 62.13 63.31 63.70 63.30 62.26 61.01 59.80 58.63 57.49 56.37 55.25 54.13 53.00 51.85 50.66 49.42 48.13 46.77 45.33 43.81 42.20 40.62 39.15 37.78 36.49 35.21 33.88 32.48 31.04 29.56 28.16 26.97 25.99 25.22 24.62 24.19 23.91 23.75 23.71 23.76 23.89 24.08 24.31 24.56 24.82 25.08 25.41 26.03 26.97 28.16 29.53 30.66 31.19 31.11 30.42 29.27 28.01
70.69 68.14 65.84 63.81 62.05 60.54 59.26 58.20 57.35 56.68 56.18 55.85 55.65 55.58 55.61 55.75 55.96 56.23 56.55 56.99 57.75 58.84 60.16 61.27 61.61 61.17 60.07 58.78 57.55 56.39 55.28 54.22 53.20 52.19 51.21 50.22 49.23 48.22 47.17 46.09 44.96 43.76 42.50 41.15 39.72 38.30 36.98 35.73 34.51 33.24 31.91 30.53 29.22 28.11 27.21 26.50 25.97 25.60 25.36 25.25 25.24 25.32 25.47 25.67 25.90 26.16 26.41 26.65 26.85 27.00 27.19 27.63 28.34 29.24 29.90 29.96 29.39 28.33 27.15 26.02
73.38 71.25 69.37 67.71 66.27 65.02 63.95 63.05 62.30 61.68 61.18 60.78 60.47 60.24 60.06 59.91 59.80 59.69 59.58 59.45 59.36 59.51 59.90 60.08 59.51 58.27 56.86 55.53 54.31 53.16 52.08 51.07 50.11 49.19 48.29 47.42 46.55 45.68 44.80 43.89 42.95 41.97 40.92 39.81 38.62 37.36 36.10 34.91 33.75 32.55 31.29 30.08 29.08 28.27 27.65 27.20 26.90 26.73 26.67 26.72 26.84 27.03 27.26 27.52 27.79 28.06 28.30 28.50 28.64 28.70 28.67 28.64 28.81 29.19 29.34 28.86 27.88 26.76 25.69 24.67
76.15 74.47 72.98 71.67 70.51 69.49 68.60 67.82 67.14 66.54 66.00 65.51 65.06 64.62 64.19 63.74 63.27 62.75 62.17 61.52 60.78 60.01 59.38 58.55 57.10 55.49 54.00 52.62 51.36 50.19 49.11 48.11 47.18 46.30 45.47 44.67 43.90 43.13 42.38 41.61 40.83 40.01 39.16 38.25 37.29 36.25 35.14 34.02 32.93 31.80 30.73 29.84 29.14 28.63 28.27 28.06 27.98 28.00 28.11 28.30 28.55 28.83 29.13 29.44 29.73 30.00 30.21 30.36 30.42 30.38 30.23 29.94 29.61 29.41 28.99 28.06 26.99 25.95 24.95 24.01
79.02 77.75 76.62 75.61 74.70 73.88 73.14 72.45 71.81 71.19 70.58 69.97 69.34 68.67 67.96 67.17 66.31 65.35 64.27 63.06 61.72 60.21 58.59 56.80 54.92 53.17 51.57 50.11 48.77 47.55 46.44 45.41 44.47 43.60 42.80 42.04 41.33 40.64 39.97 39.31 38.65 37.98 37.28 36.54 35.76 34.92 34.02 33.05 32.05 31.12 30.37 29.80 29.41 29.17 29.07 29.08 29.20 29.40 29.67 29.99 30.34 30.71 31.07 31.41 31.71 31.96 32.13 32.21 32.19 32.04 31.75 31.29 30.67 29.93 29.02 27.97 26.95 25.95 25.00 24.10
81.69 80.81 80.02 79.29 78.61 77.97 77.34 76.73 76.10 75.44 74.74 73.98 73.15 72.23 71.21 70.06 68.78 67.35 65.76 63.98 62.00 59.81 57.49 55.27 53.21 51.31 49.58 48.00 46.57 45.26 44.08 43.00 42.03 41.14 40.33 39.58 38.90 38.25 37.65 37.06 36.49 35.93 35.35 34.76 34.14 33.47 32.76 31.99 31.26 30.66 30.24 29.98 29.88 29.90 30.03 30.26 30.56 30.93 31.33 31.77 32.21 32.64 33.04 33.39 33.69 33.90 34.02 34.02 33.89 33.61 33.17 32.54 31.70 30.70 29.65 28.63 27.64 26.67 25.74 24.84
83.18 82.71 82.27 81.84 81.41 80.96 80.48 79.94 79.35 78.67 77.89 77.01 75.99 74.84 73.52 72.04 70.36 68.48 66.38 64.04 61.45 58.70 56.16 53.89 51.70 49.65 47.78 46.07 44.53 43.13 41.86 40.73 39.71 38.79 37.96 37.22 36.56 35.95 35.39 34.88 34.39 33.92 33.46 33.00 32.52 32.02 31.50 31.04 30.75 30.54 30.42 30.45 30.59 30.84 31.18 31.59 32.05 32.55 33.07 33.58 34.08 34.55 34.96 35.31 35.56 35.72 35.75 35.64 35.37 34.94 34.31 33.47 32.45 31.38 30.34 29.34 28.38 27.43 26.51 25.63
83.23 83.20 83.15 83.05 82.90 82.67 82.36 81.94 81.41 80.74 79.92 78.94 77.77 76.41 74.84 73.04 71.00 68.70 66.12 63.26 60.18 57.25 54.72 52.46 50.25 48.08 46.06 44.23 42.57 41.08 39.73 38.53 37.46 36.51 35.68 34.93 34.28 33.71 33.20 32.75 32.34 31.97 31.63 31.29 30.96 30.63 30.40 30.39 30.53 30.70 30.90 31.17 31.54 31.98 32.49 33.05 33.64 34.23 34.82 35.39 35.92 36.38 36.77 37.07 37.25 37.31 37.22 36.97 36.54 35.90 35.06 34.03 32.96 31.88 30.83 29.84 28.91 28.00 27.11 26.25
82.03 82.38 82.74 83.00 83.16 83.19 83.08 82.81 82.37 81.74 80.91 79.86 78.58 77.04 75.24 73.16 70.79 68.10 65.09 61.81 58.60 55.70 53.20 50.96 48.75 46.57 44.45 42.49 40.71 39.12 37.70 36.43 35.31 34.32 33.47 32.72 32.09 31.54 31.08 30.69 30.36 30.09 29.85 29.64 29.46 29.42 29.61 30.02 30.56 31.09 31.59 32.10 32.66 33.27 33.91 34.58 35.26 35.92 36.55 37.13 37.65 38.08 38.42 38.63 38.71 38.64 38.40 37.96 37.33 36.47 35.43 34.35 33.28 32.21 31.16 30.17 29.24 28.37 27.52 26.70
80.16 80.41 81.13 81.79 82.29 82.60 82.73 82.64 82.32 81.77 80.96 79.87 78.50 76.83 74.83 72.50 69.82 66.78 63.43 60.07 56.92 54.07 51.60 49.38 47.19 45.03 42.90 40.85 38.96 37.26 35.75 34.42 33.25 32.22 31.35 30.60 29.97 29.46 29.04 28.71 28.46 28.27 28.14 28.07 28.16 28.52 29.13 29.93 30.84 31.69 32.46 33.18 33.90 34.64 35.39 36.14 36.87 37.56 38.20 38.76 39.24 39.60 39.85 39.95 39.89 39.65 39.22 38.57 37.70 36.64 35.56 34.50 33.45 32.39 31.34 30.35 29.42 28.56 27.76 26.98
78.09 77.88 78.51 79.51 80.38 81.01 81.40 81.52 81.36 80.91 80.15 79.06 77.64 75.85 73.69 71.14 68.19 64.89 61.50 58.23 55.16 52.37 49.93 47.73 45.57 43.44 41.33 39.28 37.31 35.51 33.92 32.51 31.28 30.22 29.32 28.57 27.95 27.46 27.08 26.81 26.63 26.53 26.52 26.70 27.18 27.94 28.93 30.09 31.33 32.46 33.46 34.37 35.23 36.06 36.88 37.67 38.42 39.11 39.72 40.23 40.63 40.89 41.01 40.96 40.72 40.29 39.63 38.74 37.67 36.57 35.52 34.49 33.46 32.41 31.37 30.38 29.46 28.61 27.82 27.09
75.87 75.22 75.42 76.33 77.52 78.50 79.18 79.55 79.58 79.27 78.59 77.53 76.07 74.21 71.92 69.18 66.05 62.75 59.47 56.30 53.32 50.59 48.20 46.03 43.90 41.80 39.73 37.70 35.74 33.88 32.19 30.71 29.42 28.32 27.39 26.63 26.02 25.55 25.21 24.99 24.89 24.89 25.11 25.67 26.54 27.67 29.00 30.48 32.01 33.39 34.59 35.65 36.60 37.48 38.32 39.12 39.86 40.51 41.05 41.48 41.77 41.90 41.85 41.62 41.18 40.51 39.60 38.50 37.39 36.34 35.33 34.33 33.33 32.29 31.26 30.29 29.38 28.53 27.75 27.04
