data_processed/recharge/precip/Precip_1999_06.asc
ncols        168
nrows        136
xllcorner    455000
yllcorner    2107000
cellsize     500
NODATA_value     -99999
[rows 102 to 135 of 136, columns 0 to 76 of 168]
179.03 180.62 182.22 183.81 185.40 186.98 188.55 190.10 191.62 193.11 194.56 195.97 197.33 198.63 199.87 201.04 202.14 203.16 204.10 204.95 205.69 206.16 206.27 206.01 205.41 204.47 203.21 201.63 199.75 197.58 195.13 192.41 189.53 186.58 183.58 180.52 177.43 174.30 171.15 167.97 164.78 161.58 158.38 155.18 151.99 148.82 145.67 142.55 139.47 136.43 133.43 130.49 127.61 124.80 122.06 119.40 116.83 114.35 111.97 109.69 107.53 105.48 103.56 101.76 100.11 98.60 97.23 96.02 94.97 94.04 93.20 92.47 91.82 91.25 90.76 90.34 89.97
178.57 180.22 181.87 183.52 185.18 186.83 188.47 190.10 191.71 193.29 194.83 196.33 197.79 199.19 200.53 201.82 203.03 204.17 205.24 206.21 207.08 207.69 207.94 207.84 207.39 206.61 205.51 204.10 202.39 200.40 198.13 195.59 192.81 189.88 186.89 183.85 180.77 177.67 174.53 171.39 168.22 165.06 161.89 158.73 155.58 152.46 149.35 146.29 143.26 140.27 137.34 134.46 131.65 128.90 126.24 123.66 121.16 118.76 116.47 114.28 112.21 110.25 108.43 106.73 105.18 103.78 102.52 101.42 100.44 99.56 98.77 98.08 97.47 96.93 96.46 96.05 95.70
178.11 179.80 181.50 183.22 184.93 186.65 188.36 190.06 191.75 193.40 195.03 196.62 198.17 199.67 201.11 202.50 203.83 205.08 206.26 207.36 208.36 209.10 209.49 209.52 209.22 208.60 207.66 206.41 204.87 203.05 200.96 198.61 196.00 193.18 190.21 187.19 184.13 181.05 177.94 174.82 171.69 168.56 165.43 162.32 159.21 156.14 153.09 150.07 147.10 144.17 141.30 138.49 135.75 133.08 130.49 127.99 125.58 123.26 121.06 118.96 116.98 115.12 113.40 111.81 110.37 109.07 107.92 106.90 105.97 105.14 104.41 103.75 103.17 102.66 102.21 101.82 101.48
177.65 179.38 181.13 182.89 184.66 186.44 188.22 189.99 191.74 193.47 195.17 196.85 198.48 200.07 201.61 203.10 204.53 205.90 207.19 208.41 209.52 210.39 210.91 211.08 210.92 210.45 209.66 208.57 207.19 205.54 203.62 201.45 199.03 196.38 193.52 190.53 187.49 184.44 181.36 178.28 175.18 172.09 169.00 165.93 162.88 159.85 156.86 153.90 150.99 148.13 145.32 142.58 139.91 137.32 134.81 132.39 130.06 127.84 125.72 123.72 121.84 120.09 118.47 116.99 115.65 114.46 113.39 112.43 111.56 110.78 110.09 109.47 108.92 108.44 108.01 107.63 107.30
177.19 178.96 180.75 182.55 184.38 186.21 188.04 189.87 191.69 193.49 195.26 197.01 198.73 200.41 202.04 203.62 205.15 206.62 208.02 209.35 210.58 211.57 212.21 212.52 212.50 212.16 211.52 210.58 209.36 207.87 206.12 204.12 201.88 199.41 196.73 193.85 190.85 187.82 184.78 181.73 178.68 175.63 172.59 169.56 166.56 163.59 160.65 157.76 154.91 152.12 149.38 146.72 144.12 141.61 139.18 136.85 134.61 132.48 130.46 128.56 126.78 125.13 123.61 122.24 121.02 119.91 118.91 118.00 117.19 116.46 115.80 115.22 114.70 114.24 113.83 113.47 113.14
176.74 178.54 180.36 182.21 184.08 185.96 187.84 189.72 191.60 193.46 195.31 197.13 198.92 200.68 202.39 204.06 205.69 207.25 208.75 210.19 211.53 212.64 213.40 213.83 213.94 213.74 213.24 212.45 211.38 210.05 208.46 206.62 204.55 202.26 199.76 197.06 194.18 191.20 188.19 185.18 182.17 179.17 176.18 173.20 170.26 167.34 164.47 161.64 158.86 156.13 153.47 150.88 148.37 145.94 143.60 141.35 139.21 137.17 135.25 133.45 131.77 130.23 128.83 127.57 126.43 125.39 124.45 123.60 122.84 122.16 121.54 121.00 120.51 120.07 119.68 119.32 119.00
176.30 178.12 179.98 181.87 183.77 185.69 187.62 189.55 191.48 193.40 195.30 197.19 199.05 200.88 202.68 204.43 206.14 207.80 209.40 210.93 212.38 213.60 214.48 215.03 215.26 215.19 214.83 214.18 213.26 212.07 210.64 208.97 207.07 204.95 202.63 200.11 197.40 194.54 191.58 188.61 185.65 182.69 179.75 176.84 173.95 171.10 168.29 165.52 162.81 160.17 157.58 155.07 152.64 150.30 148.05 145.90 143.85 141.91 140.09 138.39 136.83 135.40 134.10 132.93 131.86 130.89 130.02 129.23 128.51 127.87 127.30 126.78 126.32 125.90 125.52 125.18 124.86
175.88 177.73 179.61 181.52 183.46 185.41 187.38 189.35 191.33 193.30 195.26 197.21 199.13 201.03 202.90 204.74 206.53 208.27 209.96 211.59 213.14 214.46 215.45 216.12 216.47 216.52 216.29 215.78 215.00 213.96 212.68 211.16 209.42 207.47 205.32 202.98 200.45 197.77 194.93 192.02 189.10 186.20 183.31 180.46 177.63 174.84 172.10 169.41 166.77 164.20 161.70 159.27 156.93 154.68 152.52 150.46 148.51 146.68 144.96 143.37 141.92 140.60 139.40 138.30 137.31 136.40 135.59 134.85 134.19 133.59 133.05 132.57 132.13 131.73 131.37 131.03 130.71
175.49 177.35 179.24 181.18 183.14 185.12 187.12 189.13 191.15 193.17 195.18 197.18 199.17 201.13 203.07 204.98 206.85 208.67 210.44 212.16 213.81 215.23 216.32 217.10 217.57 217.74 217.63 217.24 216.60 215.70 214.57 213.20 211.62 209.83 207.84 205.67 203.33 200.82 198.16 195.37 192.52 189.67 186.84 184.05 181.29 178.57 175.90 173.28 170.72 168.23 165.81 163.48 161.22 159.06 157.00 155.04 153.19 151.47 149.86 148.38 147.04 145.81 144.69 143.68 142.75 141.91 141.15 140.47 139.85 139.30 138.79 138.34 137.92 137.54 137.19 136.85 136.53
175.12 176.98 178.89 180.84 182.82 184.83 186.86 188.90 190.95 193.01 195.07 197.12 199.16 201.19 203.19 205.16 207.10 209.00 210.85 212.66 214.39 215.90 217.09 217.97 218.55 218.84 218.85 218.59 218.07 217.31 216.32 215.09 213.66 212.03 210.20 208.20 206.02 203.69 201.22 198.60 195.87 193.10 190.33 187.60 184.91 182.26 179.67 177.13 174.65 172.24 169.91 167.67 165.51 163.44 161.48 159.62 157.88 156.26 154.77 153.40 152.16 151.02 149.98 149.04 148.18 147.40 146.70 146.07 145.50 144.98 144.51 144.08 143.69 143.32 142.98 142.65 142.32
174.78 176.65 178.56 180.52 182.51 184.54 186.59 188.66 190.74 192.84 194.93 197.03 199.12 201.20 203.25 205.29 207.29 209.26 211.19 213.07 214.89 216.49 217.78 218.75 219.44 219.83 219.95 219.81 219.42 218.79 217.93 216.85 215.56 214.07 212.40 210.56 208.55 206.39 204.09 201.66 199.11 196.46 193.77 191.11 188.49 185.92 183.40 180.94 178.55 176.23 173.99 171.83 169.77 167.81 165.95 164.20 162.57 161.06 159.68 158.41 157.26 156.20 155.24 154.37 153.58 152.87 152.22 151.64 151.11 150.63 150.19 149.78 149.41 149.06 148.72 148.39 148.07
174.47 176.34 178.25 180.21 182.21 184.25 186.32 188.41 190.52 192.64 194.78 196.91 199.04 201.17 203.28 205.37 207.43 209.47 211.46 213.42 215.32 217.00 218.37 219.44 220.22 220.72 220.95 220.92 220.65 220.14 219.41 218.46 217.31 215.97 214.45 212.76 210.92 208.92 206.79 204.54 202.17 199.69 197.14 194.55 192.01 189.52 187.08 184.70 182.40 180.17 178.03 175.97 174.01 172.15 170.39 168.75 167.23 165.84 164.56 163.39 162.32 161.35 160.47 159.67 158.95 158.29 157.70 157.16 156.67 156.23 155.82 155.44 155.08 154.74 154.41 154.08 153.75
174.21 176.06 177.97 179.93 181.93 183.98 186.05 188.16 190.29 192.44 194.60 196.77 198.94 201.10 203.26 205.40 207.52 209.61 211.68 213.70 215.67 217.43 218.88 220.04 220.91 221.51 221.84 221.92 221.76 221.37 220.76 219.95 218.93 217.73 216.35 214.81 213.12 211.29 209.32 207.23 205.04 202.75 200.37 197.92 195.46 193.05 190.70 188.41 186.20 184.06 182.02 180.06 178.20 176.45 174.80 173.28 171.87 170.58 169.40 168.33 167.35 166.46 165.65 164.92 164.26 163.66 163.12 162.63 162.18 161.77 161.38 161.03 160.68 160.35 160.03 159.70 159.36
173.98 175.82 177.71 179.67 181.67 183.71 185.80 187.92 190.06 192.23 194.41 196.61 198.81 201.01 203.21 205.39 207.56 209.71 211.83 213.92 215.95 217.78 219.31 220.55 221.51 222.20 222.63 222.82 222.77 222.49 222.00 221.30 220.42 219.35 218.11 216.71 215.17 213.49 211.68 209.76 207.74 205.62 203.42 201.15 198.83 196.51 194.25 192.05 189.93 187.90 185.95 184.09 182.34 180.70 179.17 177.76 176.46 175.28 174.19 173.21 172.31 171.50 170.77 170.11 169.51 168.96 168.47 168.02 167.61 167.23 166.88 166.54 166.21 165.89 165.56 165.23 164.88
173.80 175.62 177.50 179.44 181.43 183.47 185.56 187.68 189.83 192.02 194.22 196.44 198.66 200.90 203.13 205.35 207.56 209.76 211.93 214.08 216.17 218.07 219.67 220.99 222.03 222.81 223.33 223.61 223.66 223.49 223.11 222.53 221.77 220.83 219.73 218.47 217.07 215.54 213.88 212.12 210.26 208.31 206.29 204.20 202.06 199.88 197.71 195.61 193.59 191.65 189.81 188.06 186.42 184.89 183.48 182.18 180.99 179.91 178.92 178.02 177.21 176.48 175.82 175.22 174.68 174.19 173.75 173.34 172.97 172.62 172.28 171.96 171.65 171.33 171.01 170.67 170.31
173.68 175.46 177.32 179.24 181.22 183.26 185.34 187.46 189.62 191.80 194.02 196.25 198.50 200.76 203.02 205.28 207.53 209.77 211.99 214.18 216.33 218.29 219.96 221.35 222.46 223.32 223.93 224.30 224.45 224.38 224.11 223.65 223.00 222.18 221.21 220.08 218.82 217.43 215.93 214.32 212.62 210.83 208.98 207.06 205.10 203.10 201.07 199.08 197.16 195.33 193.59 191.95 190.43 189.01 187.71 186.53 185.44 184.46 183.57 182.76 182.03 181.37 180.78 180.25 179.76 179.33 178.93 178.56 178.22 177.90 177.59 177.29 176.98 176.67 176.35 176.00 175.63
173.60 175.36 177.19 179.09 181.05 183.07 185.14 187.25 189.41 191.60 193.82 196.07 198.33 200.61 202.89 205.18 207.46 209.74 212.00 214.24 216.44 218.46 220.18 221.64 222.82 223.76 224.45 224.91 225.15 225.17 225.00 224.65 224.11 223.41 222.56 221.56 220.43 219.18 217.82 216.36 214.81 213.18 211.49 209.75 207.96 206.13 204.29 202.44 200.63 198.90 197.28 195.76 194.35 193.05 191.87 190.79 189.81 188.93 188.12 187.40 186.75 186.17 185.65 185.17 184.75 184.36 184.01 183.68 183.37 183.08 182.79 182.50 182.21 181.90 181.57 181.21 180.82
173.59 175.31 177.11 178.98 180.91 182.91 184.96 187.07 189.22 191.40 193.63 195.88 198.15 200.44 202.75 205.06 207.37 209.68 211.97 214.26 216.50 218.56 220.35 221.86 223.11 224.12 224.88 225.42 225.75 225.87 225.79 225.54 225.11 224.52 223.78 222.91 221.90 220.78 219.56 218.24 216.84 215.37 213.84 212.25 210.63 208.98 207.32 205.64 203.98 202.38 200.86 199.46 198.17 197.00 195.93 194.96 194.08 193.29 192.58 191.94 191.37 190.86 190.40 189.99 189.62 189.28 188.97 188.68 188.40 188.13 187.86 187.59 187.30 186.99 186.66 186.29 185.89
173.65 175.32 177.08 178.91 180.82 182.79 184.82 186.91 189.05 191.23 193.44 195.70 197.97 200.28 202.59 204.92 207.25 209.59 211.91 214.23 216.52 218.62 220.46 222.02 223.34 224.40 225.24 225.85 226.26 226.46 226.48 226.32 225.99 225.51 224.88 224.12 223.24 222.25 221.16 219.98 218.72 217.39 216.01 214.59 213.13 211.65 210.16 208.66 207.18 205.73 204.34 203.06 201.90 200.84 199.88 199.02 198.24 197.54 196.92 196.37 195.87 195.43 195.04 194.68 194.36 194.07 193.80 193.55 193.30 193.05 192.80 192.54 192.25 191.94 191.60 191.22 190.80
173.77 175.40 177.11 178.90 180.77 182.71 184.72 186.78 188.90 191.07 193.28 195.52 197.80 200.10 202.43 204.77 207.12 209.47 211.83 214.17 216.49 218.64 220.51 222.13 223.49 224.62 225.52 226.21 226.69 226.97 227.07 227.00 226.77 226.39 225.87 225.22 224.46 223.58 222.62 221.57 220.45 219.27 218.03 216.76 215.46 214.14 212.81 211.49 210.19 208.92 207.69 206.54 205.50 204.56 203.71 202.95 202.28 201.67 201.14 200.66 200.24 199.87 199.54 199.24 198.97 198.73 198.50 198.27 198.05 197.83 197.59 197.33 197.05 196.74 196.39 196.00 195.56
173.97 175.54 177.20 178.95 180.78 182.68 184.66 186.69 188.79 190.93 193.13 195.36 197.63 199.94 202.26 204.61 206.97 209.34 211.71 214.08 216.43 218.61 220.52 222.18 223.60 224.78 225.74 226.49 227.04 227.39 227.58 227.59 227.45 227.16 226.74 226.20 225.54 224.79 223.94 223.02 222.03 220.98 219.89 218.77 217.62 216.46 215.29 214.14 213.01 211.93 210.89 209.90 208.98 208.15 207.41 206.76 206.18 205.66 205.21 204.81 204.47 204.16 203.89 203.65 203.43 203.23 203.04 202.84 202.65 202.44 202.22 201.97 201.69 201.38 201.02 200.61 200.14
174.24 175.76 177.36 179.06 180.84 182.70 184.64 186.64 188.71 190.83 193.00 195.22 197.48 199.77 202.10 204.45 206.81 209.19 211.58 213.97 216.34 218.54 220.49 222.19 223.65 224.88 225.89 226.70 227.31 227.74 227.99 228.09 228.03 227.83 227.51 227.06 226.51 225.87 225.14 224.34 223.47 222.56 221.60 220.62 219.61 218.60 217.60 216.61 215.66 214.76 213.90 213.09 212.31 211.60 210.97 210.41 209.93 209.50 209.13 208.81 208.54 208.30 208.09 207.90 207.73 207.57 207.41 207.25 207.07 206.89 206.67 206.43 206.15 205.83 205.46 205.04 204.55
174.60 176.05 177.60 179.24 180.97 182.78 184.67 186.64 188.67 190.76 192.90 195.10 197.34 199.62 201.94 204.28 206.65 209.03 211.43 213.83 216.22 218.44 220.42 222.15 223.65 224.92 225.98 226.84 227.51 228.00 228.33 228.49 228.52 228.40 228.17 227.82 227.37 226.83 226.21 225.52 224.78 223.99 223.16 222.31 221.45 220.59 219.74 218.92 218.15 217.43 216.74 216.09 215.47 214.89 214.37 213.91 213.52 213.18 212.89 212.65 212.44 212.27 212.11 211.98 211.85 211.73 211.60 211.47 211.32 211.15 210.95 210.71 210.43 210.10 209.71 209.27 208.75
175.05 176.43 177.91 179.49 181.16 182.92 184.76 186.68 188.67 190.72 192.84 195.01 197.23 199.49 201.79 204.13 206.49 208.87 211.27 213.68 216.08 218.32 220.32 222.07 223.60 224.91 226.02 226.92 227.65 228.20 228.58 228.82 228.92 228.88 228.73 228.47 228.11 227.67 227.16 226.58 225.95 225.28 224.58 223.86 223.14 222.42 221.73 221.09 220.49 219.92 219.39 218.90 218.43 218.00 217.60 217.24 216.94 216.68 216.48 216.31 216.17 216.05 215.95 215.87 215.79 215.70 215.61 215.50 215.37 215.21 215.02 214.78 214.50 214.16 213.76 213.29 212.75
175.59 176.89 178.30 179.81 181.42 183.12 184.91 186.78 188.72 190.73 192.81 194.95 197.14 199.38 201.66 203.98 206.33 208.70 211.10 213.51 215.92 218.17 220.19 221.96 223.52 224.86 226.00 226.95 227.72 228.33 228.77 229.07 229.23 229.27 229.20 229.02 228.75 228.41 227.99 227.52 227.00 226.44 225.86 225.27 224.68 224.12 223.60 223.11 222.66 222.25 221.87 221.52 221.20 220.90 220.63 220.38 220.17 220.00 219.87 219.77 219.70 219.64 219.60 219.56 219.52 219.47 219.41 219.33 219.22 219.07 218.88 218.65 218.36 218.01 217.59 217.10 216.53
176.22 177.44 178.77 180.21 181.75 183.39 185.12 186.93 188.82 190.79 192.83 194.93 197.08 199.29 201.55 203.85 206.18 208.54 210.93 213.34 215.74 218.01 220.03 221.82 223.40 224.77 225.94 226.93 227.74 228.39 228.89 229.24 229.47 229.58 229.58 229.48 229.29 229.04 228.71 228.34 227.92 227.48 227.01 226.54 226.10 225.70 225.33 224.99 224.69 224.42 224.17 223.96 223.77 223.60 223.45 223.32 223.21 223.12 223.07 223.04 223.03 223.03 223.04 223.05 223.05 223.03 223.00 222.94 222.84 222.71 222.52 222.29 221.99 221.63 221.19 220.68 220.07
176.96 178.09 179.34 180.70 182.17 183.74 185.40 187.15 188.99 190.90 192.89 194.94 197.06 199.24 201.46 203.73 206.04 208.39 210.76 213.16 215.56 217.83 219.86 221.66 223.25 224.64 225.84 226.86 227.71 228.40 228.94 229.35 229.63 229.80 229.87 229.84 229.74 229.56 229.33 229.05 228.73 228.39 228.03 227.71 227.42 227.16 226.93 226.74 226.57 226.43 226.31 226.22 226.14 226.09 226.05 226.03 226.02 226.03 226.05 226.09 226.14 226.20 226.26 226.31 226.35 226.37 226.36 226.32 226.24 226.11 225.93 225.69 225.39 225.01 224.55 224.01 223.37
177.80 178.84 180.00 181.28 182.67 184.16 185.75 187.44 189.21 191.07 193.00 195.01 197.08 199.21 201.40 203.64 205.92 208.25 210.60 212.99 215.38 217.64 219.67 221.48 223.08 224.48 225.70 226.75 227.63 228.35 228.94 229.39 229.73 229.95 230.08 230.12 230.09 229.99 229.84 229.65 229.42 229.18 228.97 228.78 228.63 228.51 228.41 228.35 228.30 228.28 228.28 228.30 228.34 228.39 228.45 228.53 228.61 228.70 228.80 228.91 229.02 229.13 229.24 229.34 229.41 229.46 229.48 229.46 229.39 229.27 229.09 228.85 228.53 228.14 227.66 227.09 226.42
178.75 179.70 180.77 181.95 183.25 184.67 186.18 187.79 189.50 191.29 193.17 195.12 197.14 199.23 201.38 203.58 205.83 208.12 210.46 212.82 215.20 217.44 219.47 221.28 222.88 224.30 225.53 226.60 227.50 228.26 228.88 229.37 229.75 230.03 230.22 230.32 230.35 230.33 230.25 230.14 230.01 229.90 229.82 229.77 229.74 229.75 229.78 229.83 229.90 229.98 230.09 230.21 230.34 230.49 230.64 230.81 230.97 231.14 231.32 231.49 231.66 231.83 231.98 232.12 232.23 232.31 232.35 232.34 232.29 232.17 231.99 231.74 231.41 231.00 230.50 229.90 229.19
179.73 180.65 181.63 182.72 183.93 185.26 186.69 188.23 189.86 191.59 193.40 195.29 197.25 199.29 201.39 203.55 205.76 208.02 210.32 212.66 215.02 217.25 219.26 221.06 222.67 224.09 225.33 226.41 227.34 228.12 228.77 229.30 229.72 230.05 230.28 230.44 230.53 230.57 230.57 230.55 230.53 230.55 230.60 230.67 230.76 230.88 231.02 231.18 231.35 231.54 231.74 231.95 232.17 232.40 232.63 232.87 233.11 233.35 233.59 233.82 234.05 234.26 234.46 234.64 234.78 234.89 234.95 234.96 234.91 234.80 234.62 234.36 234.02 233.59 233.06 232.42 231.68
180.69 181.64 182.59 183.60 184.71 185.95 187.29 188.74 190.30 191.95 193.69 195.51 197.42 199.40 201.45 203.56 205.73 207.95 210.21 212.52 214.85 217.06 219.05 220.85 222.45 223.86 225.11 226.20 227.14 227.94 228.62 229.18 229.63 230.00 230.28 230.49 230.64 230.74 230.81 230.90 231.01 231.14 231.31 231.49 231.69 231.91 232.15 232.40 232.67 232.95 233.23 233.53 233.82 234.12 234.43 234.73 235.03 235.33 235.62 235.90 236.17 236.43 236.68 236.89 237.06 237.20 237.28 237.30 237.26 237.15 236.97 236.70 236.34 235.89 235.33 234.66 233.88
181.62 182.61 183.59 184.57 185.59 186.73 187.98 189.34 190.81 192.39 194.05 195.81 197.64 199.56 201.55 203.61 205.73 207.90 210.13 212.40 214.69 216.88 218.85 220.63 222.21 223.62 224.87 225.96 226.91 227.73 228.42 229.01 229.49 229.89 230.21 230.47 230.67 230.84 231.01 231.21 231.43 231.68 231.95 232.23 232.53 232.85 233.17 233.51 233.86 234.21 234.57 234.94 235.30 235.66 236.03 236.38 236.73 237.08 237.41 237.73 238.04 238.33 238.61 238.86 239.06 239.22 239.31 239.35 239.32 239.21 239.02 238.74 238.36 237.88 237.30 236.59 235.77
182.52 183.55 184.57 185.57 186.57 187.61 188.77 190.04 191.42 192.90 194.49 196.16 197.93 199.78 201.70 203.70 205.77 207.89 210.07 212.30 214.56 216.71 218.65 220.41 221.98 223.38 224.62 225.71 226.66 227.48 228.19 228.80 229.31 229.73 230.09 230.38 230.64 230.90 231.19 231.49 231.82 232.16 232.52 232.90 233.28 233.68 234.09 234.50 234.92 235.34 235.76 236.19 236.61 237.02 237.43 237.83 238.22 238.60 238.97 239.32 239.65 239.97 240.26 240.53 240.76 240.94 241.05 241.10 241.07 240.96 240.76 240.47 240.07 239.57 238.95 238.21 237.34
183.40 184.46 185.52 186.55 187.58 188.59 189.65 190.82 192.11 193.50 195.00 196.60 198.28 200.06 201.92 203.85 205.85 207.92 210.05 212.23 214.45 216.56 218.47 220.20 221.74 223.13 224.35 225.44 226.39 227.21 227.93 228.55 229.08 229.53 229.91 230.25 230.60 230.96 231.34 231.74 232.16 232.59 233.04 233.49 233.95 234.42 234.90 235.38 235.85 236.33 236.81 237.28 237.75 238.20 238.65 239.08 239.50 239.91 240.30 240.67 241.01 241.34 241.64 241.91 242.15 242.34 242.47 242.53 242.50 242.39 242.18 241.87 241.45 240.92 240.27 239.49 238.58
