data_processed/recharge/precip/Precip_1997_11.asc
ncols        168
nrows        136
xllcorner    455000
yllcorner    2107000
cellsize     500
NODATA_value     -99999
[rows 0 to 35 of 136, columns 81 to 161 of 168]
45.83 44.63 43.32 41.92 40.45 38.92 37.34 35.74 34.13 32.53 30.95 29.45 28.08 26.89 25.90 25.13 24.61 24.35 24.33 24.51 24.85 25.31 25.87 26.48 27.12 27.79 28.48 29.19 29.92 30.67 31.43 32.19 32.97 33.75 34.53 35.31 36.05 36.68 37.21 37.64 38.01 38.33 38.64 38.99 39.44 39.99 40.66 41.47 42.41 43.59 45.19 47.25 49.75 52.64 55.90 59.50 63.40 67.57 71.98 76.60 81.40 86.30 91.09 95.63 99.89 103.88 107.57 110.94 113.81 115.88 117.11 117.50 117.08 115.83 113.85 111.40 108.69 105.75 102.64 99.40 96.09
45.49 44.14 42.70 41.19 39.62 38.02 36.39 34.74 33.11 31.50 29.93 28.42 27.02 25.79 24.79 24.02 23.51 23.29 23.29 23.49 23.83 24.28 24.81 25.39 26.00 26.63 27.28 27.96 28.66 29.37 30.09 30.82 31.56 32.31 33.06 33.80 34.55 35.25 35.86 36.36 36.77 37.12 37.44 37.80 38.25 38.81 39.49 40.30 41.34 42.80 44.71 47.05 49.78 52.87 56.29 60.01 64.00 68.22 72.65 77.25 81.99 86.83 91.71 96.42 100.81 104.88 108.60 111.96 114.77 116.70 117.72 117.84 117.07 115.48 113.35 110.88 108.11 105.09 101.87 98.49 95.01
44.86 43.38 41.83 40.23 38.58 36.91 35.24 33.57 31.93 30.32 28.78 27.31 25.92 24.69 23.68 22.92 22.44 22.25 22.29 22.51 22.86 23.31 23.81 24.36 24.93 25.53 26.15 26.79 27.46 28.13 28.82 29.53 30.24 30.95 31.67 32.38 33.10 33.80 34.47 35.05 35.52 35.91 36.25 36.63 37.10 37.68 38.38 39.30 40.63 42.41 44.61 47.20 50.14 53.41 56.97 60.79 64.85 69.10 73.51 78.07 82.72 87.45 92.22 96.95 101.44 105.57 109.30 112.63 115.34 117.12 117.91 117.74 116.67 114.98 112.87 110.40 107.59 104.51 101.21 97.71 94.08
43.98 42.38 40.73 39.04 37.33 35.61 33.91 32.23 30.59 29.01 27.50 26.09 24.78 23.60 22.59 21.85 21.41 21.27 21.35 21.60 21.96 22.40 22.88 23.39 23.93 24.49 25.08 25.70 26.33 26.97 27.63 28.31 28.99 29.67 30.36 31.05 31.73 32.41 33.08 33.71 34.26 34.70 35.08 35.48 35.98 36.59 37.41 38.63 40.30 42.38 44.85 47.67 50.80 54.22 57.90 61.81 65.90 70.16 74.54 79.03 83.58 88.16 92.75 97.31 101.77 105.92 109.64 112.91 115.52 117.11 117.66 117.24 116.12 114.50 112.44 109.98 107.17 104.05 100.67 97.08 93.32
42.83 41.14 39.40 37.64 35.88 34.13 32.41 30.74 29.12 27.57 26.12 24.78 23.56 22.48 21.56 20.85 20.45 20.37 20.50 20.78 21.15 21.56 22.00 22.48 22.99 23.53 24.09 24.67 25.27 25.89 26.52 27.16 27.81 28.47 29.13 29.79 30.45 31.10 31.75 32.38 32.98 33.49 33.91 34.35 34.89 35.63 36.77 38.35 40.33 42.70 45.41 48.43 51.73 55.29 59.06 63.02 67.14 71.38 75.71 80.10 84.53 88.94 93.33 97.65 101.87 105.92 109.61 112.80 115.27 116.67 117.01 116.59 115.59 114.08 112.08 109.66 106.86 103.73 100.30 96.63 92.76
41.45 39.67 37.86 36.05 34.25 32.49 30.77 29.10 27.52 26.03 24.65 23.39 22.27 21.31 20.52 19.93 19.59 19.57 19.76 20.05 20.40 20.78 21.19 21.64 22.12 22.63 23.16 23.72 24.29 24.88 25.48 26.10 26.72 27.36 27.99 28.62 29.26 29.89 30.51 31.12 31.71 32.27 32.75 33.25 33.93 35.00 36.51 38.42 40.70 43.32 46.25 49.46 52.91 56.57 60.42 64.41 68.53 72.73 76.98 81.26 85.53 89.76 93.92 97.98 101.90 105.66 109.18 112.26 114.58 115.82 116.22 115.97 115.12 113.72 111.82 109.46 106.69 103.55 100.10 96.37 92.42
39.84 37.98 36.12 34.27 32.46 30.68 28.98 27.35 25.81 24.38 23.08 21.93 20.93 20.10 19.47 19.04 18.84 18.90 19.12 19.39 19.71 20.06 20.45 20.87 21.32 21.80 22.31 22.84 23.38 23.95 24.53 25.12 25.72 26.32 26.93 27.54 28.15 28.76 29.36 29.94 30.52 31.08 31.61 32.26 33.29 34.74 36.60 38.81 41.37 44.22 47.35 50.72 54.29 58.04 61.94 65.95 70.03 74.17 78.33 82.47 86.57 90.59 94.50 98.28 101.88 105.27 108.43 111.29 113.49 114.83 115.45 115.40 114.72 113.46 111.67 109.39 106.67 103.56 100.10 96.34 92.32
38.06 36.14 34.24 32.37 30.54 28.78 27.10 25.52 24.04 22.70 21.50 20.46 19.59 18.91 18.45 18.21 18.19 18.34 18.54 18.79 19.08 19.40 19.76 20.16 20.58 21.04 21.52 22.02 22.54 23.08 23.64 24.20 24.78 25.36 25.95 26.54 27.12 27.71 28.28 28.85 29.41 29.95 30.52 31.47 32.89 34.71 36.89 39.40 42.21 45.28 48.58 52.09 55.77 59.59 63.51 67.51 71.55 75.61 79.65 83.64 87.54 91.33 94.97 98.44 101.70 104.72 107.46 109.94 112.15 113.75 114.62 114.79 114.31 113.21 111.56 109.39 106.75 103.68 100.24 96.46 92.40
36.26 34.30 32.37 30.49 28.67 26.93 25.30 23.77 22.38 21.13 20.04 19.12 18.40 17.89 17.61 17.56 17.66 17.82 18.00 18.22 18.48 18.78 19.11 19.48 19.88 20.31 20.76 21.24 21.74 22.25 22.78 23.33 23.88 24.44 25.00 25.57 26.13 26.69 27.25 27.79 28.33 28.88 29.53 30.63 32.37 34.54 37.04 39.82 42.87 46.14 49.61 53.25 57.02 60.89 64.83 68.82 72.80 76.77 80.67 84.49 88.19 91.74 95.10 98.25 101.16 103.79 106.14 108.37 110.46 112.21 113.35 113.79 113.53 112.64 111.16 109.13 106.60 103.62 100.23 96.48 92.41
34.50 32.51 30.56 28.68 26.89 25.19 23.61 22.16 20.86 19.71 18.75 17.98 17.42 17.09 16.99 17.06 17.17 17.31 17.48 17.69 17.92 18.19 18.50 18.84 19.21 19.61 20.04 20.49 20.96 21.45 21.96 22.48 23.00 23.54 24.08 24.62 25.16 25.70 26.23 26.76 27.30 27.92 28.65 29.83 31.69 34.13 36.93 39.98 43.26 46.73 50.35 54.11 57.96 61.88 65.83 69.78 73.70 77.56 81.33 84.97 88.46 91.75 94.83 97.66 100.20 102.46 104.58 106.65 108.58 110.24 111.55 112.27 112.28 111.64 110.37 108.52 106.15 103.29 100.00 96.31 92.28
32.79 30.78 28.84 26.98 25.22 23.57 22.06 20.70 19.50 18.48 17.66 17.05 16.66 16.51 16.53 16.59 16.69 16.82 16.98 17.17 17.39 17.63 17.91 18.23 18.57 18.95 19.35 19.77 20.22 20.68 21.16 21.65 22.16 22.67 23.18 23.70 24.22 24.73 25.24 25.77 26.38 27.08 27.90 29.14 31.02 33.54 36.56 39.88 43.37 47.03 50.80 54.67 58.60 62.55 66.50 70.41 74.26 78.01 81.63 85.08 88.34 91.38 94.16 96.65 98.85 100.90 102.88 104.79 106.58 108.10 109.34 110.23 110.55 110.18 109.17 107.55 105.37 102.68 99.52 95.94 91.99
31.14 29.13 27.20 25.37 23.66 22.09 20.66 19.40 18.32 17.44 16.77 16.33 16.12 16.08 16.10 16.15 16.23 16.35 16.50 16.68 16.88 17.11 17.36 17.65 17.96 18.31 18.68 19.08 19.50 19.94 20.39 20.86 21.34 21.82 22.31 22.81 23.30 23.79 24.31 24.90 25.58 26.36 27.26 28.55 30.46 32.96 36.02 39.51 43.22 47.05 50.96 54.93 58.92 62.90 66.84 70.71 74.47 78.10 81.55 84.81 87.84 90.61 93.08 95.26 97.27 99.20 101.04 102.82 104.47 105.86 106.98 107.82 108.33 108.27 107.55 106.19 104.25 101.76 98.78 95.35 91.52
29.57 27.57 25.67 23.89 22.24 20.74 19.42 18.27 17.32 16.59 16.09 15.83 15.73 15.69 15.68 15.71 15.78 15.89 16.03 16.20 16.39 16.61 16.84 17.10 17.39 17.71 18.05 18.42 18.82 19.23 19.65 20.10 20.55 21.01 21.47 21.94 22.41 22.91 23.47 24.14 24.90 25.75 26.71 28.05 29.98 32.47 35.47 38.95 42.80 46.79 50.84 54.90 58.94 62.94 66.86 70.67 74.34 77.83 81.12 84.17 86.96 89.45 91.64 93.64 95.55 97.36 99.09 100.73 102.25 103.52 104.53 105.27 105.75 105.90 105.50 104.45 102.78 100.54 97.78 94.53 90.86
28.08 26.11 24.25 22.53 20.96 19.56 18.34 17.33 16.53 15.96 15.63 15.47 15.37 15.31 15.28 15.30 15.35 15.45 15.58 15.74 15.92 16.13 16.35 16.59 16.85 17.14 17.46 17.80 18.16 18.55 18.95 19.36 19.79 20.22 20.66 21.11 21.57 22.12 22.76 23.49 24.32 25.24 26.26 27.65 29.58 32.04 34.99 38.38 42.17 46.26 50.42 54.56 58.65 62.66 66.55 70.29 73.86 77.21 80.32 83.16 85.70 87.93 89.96 91.88 93.69 95.40 97.01 98.54 99.94 101.10 102.00 102.66 103.06 103.19 103.01 102.29 100.94 98.99 96.48 93.47 89.99
26.70 24.76 22.96 21.31 19.84 18.55 17.46 16.59 15.95 15.55 15.32 15.15 15.03 14.94 14.89 14.89 14.94 15.03 15.15 15.29 15.47 15.66 15.87 16.10 16.35 16.61 16.90 17.21 17.55 17.90 18.27 18.66 19.06 19.47 19.88 20.32 20.84 21.45 22.16 22.95 23.84 24.82 25.90 27.32 29.26 31.69 34.57 37.86 41.52 45.51 49.71 53.93 58.05 62.06 65.91 69.58 73.03 76.24 79.16 81.78 84.08 86.18 88.14 89.98 91.71 93.32 94.84 96.26 97.54 98.59 99.41 99.98 100.31 100.39 100.22 99.73 98.73 97.10 94.89 92.14 88.91
25.42 23.54 21.81 20.26 18.88 17.72 16.77 16.05 15.58 15.28 15.04 14.85 14.69 14.59 14.52 14.51 14.54 14.61 14.73 14.86 15.03 15.21 15.41 15.63 15.86 16.11 16.37 16.65 16.96 17.29 17.63 17.99 18.36 18.74 19.15 19.64 20.22 20.89 21.65 22.51 23.45 24.48 25.61 27.06 29.00 31.39 34.20 37.38 40.90 44.72 48.79 53.00 57.15 61.14 64.95 68.53 71.86 74.91 77.64 80.05 82.24 84.29 86.19 87.97 89.61 91.15 92.57 93.88 95.06 96.02 96.75 97.26 97.53 97.56 97.34 96.88 96.12 94.86 92.99 90.55 87.59
24.24 22.46 20.82 19.36 18.11 17.08 16.29 15.74 15.36 15.05 14.78 14.55 14.37 14.24 14.16 14.13 14.15 14.22 14.32 14.45 14.60 14.78 14.97 15.18 15.40 15.63 15.88 16.13 16.41 16.71 17.03 17.36 17.70 18.07 18.53 19.07 19.70 20.43 21.24 22.15 23.14 24.21 25.39 26.87 28.80 31.15 33.87 36.94 40.32 43.95 47.80 51.84 55.94 59.92 63.66 67.15 70.35 73.23 75.78 78.10 80.26 82.26 84.12 85.83 87.41 88.87 90.21 91.43 92.51 93.39 94.05 94.49 94.71 94.70 94.46 93.98 93.26 92.25 90.75 88.67 86.03
23.13 21.50 19.99 18.65 17.54 16.66 16.02 15.56 15.17 14.82 14.52 14.27 14.07 13.92 13.82 13.77 13.78 13.84 13.93 14.05 14.19 14.36 14.54 14.74 14.95 15.18 15.41 15.65 15.90 16.17 16.45 16.76 17.09 17.50 18.01 18.60 19.28 20.06 20.92 21.86 22.90 24.02 25.23 26.73 28.64 30.94 33.58 36.54 39.75 43.20 46.83 50.61 54.49 58.37 62.05 65.44 68.50 71.23 73.71 76.01 78.14 80.11 81.93 83.59 85.12 86.51 87.77 88.91 89.90 90.70 91.30 91.68 91.86 91.82 91.56 91.07 90.36 89.42 88.19 86.48 84.20
22.09 20.63 19.31 18.13 17.17 16.45 15.90 15.42 14.99 14.61 14.28 14.00 13.77 13.60 13.48 13.42 13.42 13.47 13.55 13.67 13.80 13.96 14.13 14.32 14.52 14.74 14.96 15.19 15.42 15.66 15.92 16.21 16.58 17.04 17.59 18.23 18.95 19.77 20.67 21.65 22.72 23.88 25.12 26.63 28.53 30.77 33.32 36.15 39.20 42.45 45.86 49.37 52.96 56.58 60.12 63.39 66.33 69.01 71.49 73.79 75.90 77.85 79.63 81.26 82.73 84.06 85.26 86.32 87.24 87.97 88.51 88.85 89.00 88.93 88.66 88.18 87.48 86.56 85.41 83.99 82.11
21.14 19.86 18.74 17.78 17.01 16.37 15.80 15.29 14.82 14.41 14.04 13.74 13.49 13.30 13.16 13.09 13.07 13.11 13.19 13.30 13.42 13.57 13.74 13.92 14.11 14.32 14.53 14.75 14.97 15.19 15.44 15.76 16.17 16.67 17.26 17.94 18.70 19.55 20.49 21.50 22.60 23.78 25.06 26.58 28.44 30.62 33.08 35.77 38.66 41.71 44.88 48.12 51.40 54.69 57.92 61.04 63.94 66.64 69.13 71.43 73.55 75.48 77.24 78.83 80.27 81.55 82.68 83.68 84.53 85.20 85.70 86.01 86.12 86.05 85.77 85.30 84.62 83.73 82.63 81.32 79.74
20.28 19.20 18.30 17.57 16.95 16.33 15.72 15.16 14.66 14.21 13.82 13.49 13.22 13.01 12.85 12.76 12.74 12.77 12.84 12.94 13.06 13.20 13.36 13.53 13.71 13.91 14.11 14.32 14.53 14.76 15.05 15.41 15.86 16.40 17.02 17.73 18.52 19.40 20.36 21.41 22.53 23.74 25.03 26.55 28.38 30.49 32.84 35.40 38.12 40.96 43.88 46.85 49.82 52.76 55.64 58.54 61.42 64.14 66.66 68.97 71.08 73.01 74.76 76.33 77.73 78.97 80.06 81.00 81.79 82.41 82.87 83.15 83.25 83.17 82.91 82.45 81.80 80.95 79.91 78.66 77.23
19.53 18.67 17.98 17.41 16.84 16.25 15.64 15.05 14.51 14.03 13.61 13.25 12.96 12.72 12.56 12.45 12.42 12.44 12.51 12.60 12.71 12.84 12.99 13.15 13.33 13.52 13.71 13.91 14.13 14.41 14.75 15.16 15.64 16.20 16.86 17.59 18.41 19.31 20.29 21.36 22.50 23.72 25.03 26.54 28.33 30.37 32.61 35.02 37.56 40.19 42.87 45.55 48.21 50.81 53.43 56.10 58.81 61.52 64.06 66.39 68.52 70.45 72.19 73.75 75.13 76.34 77.38 78.28 79.02 79.60 80.03 80.29 80.39 80.31 80.06 79.63 79.02 78.23 77.25 76.10 74.80
18.90 18.25 17.72 17.20 16.66 16.10 15.53 14.94 14.37 13.86 13.41 13.03 12.71 12.46 12.27 12.15 12.11 12.13 12.18 12.27 12.37 12.50 12.64 12.80 12.96 13.14 13.33 13.54 13.80 14.13 14.52 14.97 15.49 16.09 16.76 17.51 18.35 19.27 20.26 21.34 22.49 23.73 25.04 26.54 28.29 30.24 32.37 34.63 36.99 39.40 41.82 44.22 46.57 48.93 51.34 53.79 56.29 58.83 61.36 63.72 65.87 67.81 69.55 71.11 72.47 73.66 74.68 75.53 76.23 76.78 77.18 77.44 77.54 77.48 77.25 76.86 76.30 75.57 74.68 73.66 72.50
18.39 17.89 17.40 16.90 16.40 15.88 15.35 14.80 14.23 13.69 13.22 12.81 12.47 12.20 12.00 11.87 11.81 11.82 11.87 11.95 12.05 12.17 12.30 12.45 12.61 12.78 12.98 13.22 13.53 13.91 14.35 14.85 15.41 16.03 16.72 17.49 18.34 19.26 20.27 21.35 22.51 23.75 25.07 26.55 28.24 30.11 32.12 34.23 36.39 38.57 40.74 42.86 44.98 47.15 49.36 51.62 53.91 56.24 58.61 60.96 63.13 65.10 66.85 68.41 69.77 70.94 71.94 72.76 73.43 73.96 74.35 74.61 74.72 74.68 74.49 74.14 73.64 73.00 72.23 71.34 70.30
17.92 17.46 16.99 16.52 16.05 15.57 15.08 14.58 14.06 13.53 13.03 12.60 12.24 11.95 11.73 11.59 11.53 11.53 11.58 11.65 11.74 11.85 11.98 12.12 12.27 12.45 12.68 12.98 13.33 13.75 14.23 14.76 15.36 16.01 16.73 17.51 18.36 19.29 20.30 21.39 22.55 23.78 25.09 26.55 28.18 29.96 31.84 33.79 35.75 37.71 39.62 41.54 43.49 45.48 47.51 49.58 51.67 53.81 55.97 58.16 60.33 62.32 64.10 65.67 67.03 68.20 69.18 69.98 70.62 71.14 71.53 71.80 71.93 71.92 71.77 71.48 71.07 70.54 69.89 69.12 68.20
17.39 16.95 16.50 16.06 15.63 15.19 14.74 14.29 13.82 13.34 12.86 12.40 12.02 11.71 11.48 11.33 11.25 11.25 11.29 11.36 11.44 11.55 11.67 11.80 11.97 12.18 12.45 12.79 13.18 13.64 14.15 14.72 15.34 16.03 16.77 17.56 18.42 19.35 20.35 21.43 22.59 23.81 25.11 26.54 28.11 29.79 31.53 33.31 35.07 36.81 38.54 40.30 42.10 43.93 45.78 47.67 49.59 51.53 53.50 55.49 57.51 59.49 61.30 62.89 64.26 65.44 66.41 67.20 67.83 68.34 68.74 69.02 69.18 69.21 69.12 68.92 68.61 68.19 67.65 66.99 66.20
16.78 16.35 15.93 15.52 15.11 14.71 14.31 13.90 13.49 13.08 12.65 12.21 11.81 11.48 11.24 11.07 10.99 10.98 11.02 11.08 11.16 11.26 11.37 11.51 11.71 11.96 12.27 12.64 13.07 13.56 14.10 14.70 15.35 16.05 16.81 17.63 18.49 19.42 20.41 21.48 22.62 23.83 25.12 26.51 28.01 29.58 31.19 32.79 34.36 35.93 37.53 39.15 40.80 42.48 44.18 45.90 47.64 49.41 51.20 53.00 54.82 56.66 58.46 60.08 61.48 62.66 63.64 64.43 65.05 65.57 65.98 66.29 66.49 66.57 66.56 66.45 66.24 65.93 65.50 64.95 64.27
16.07 15.66 15.26 14.88 14.51 14.15 13.79 13.44 13.08 12.72 12.36 11.98 11.60 11.26 11.00 10.83 10.74 10.72 10.75 10.81 10.88 10.98 11.10 11.27 11.50 11.79 12.14 12.54 12.99 13.51 14.07 14.69 15.36 16.09 16.86 17.69 18.57 19.49 20.47 21.52 22.65 23.84 25.10 26.44 27.87 29.33 30.79 32.22 33.66 35.11 36.59 38.08 39.60 41.14 42.69 44.26 45.85 47.45 49.06 50.69 52.33 53.98 55.64 57.25 58.68 59.89 60.88 61.67 62.29 62.82 63.26 63.60 63.85 64.01 64.09 64.08 63.97 63.76 63.43 62.99 62.41
15.27 14.88 14.51 14.16 13.82 13.50 13.18 12.88 12.58 12.28 11.98 11.67 11.36 11.05 10.78 10.59 10.49 10.48 10.50 10.55 10.62 10.72 10.87 11.08 11.34 11.66 12.03 12.46 12.94 13.47 14.06 14.69 15.38 16.12 16.90 17.74 18.62 19.55 20.52 21.55 22.65 23.81 25.05 26.34 27.68 29.03 30.35 31.67 33.00 34.35 35.72 37.10 38.50 39.90 41.32 42.76 44.20 45.64 47.10 48.56 50.03 51.50 52.98 54.45 55.87 57.11 58.13 58.93 59.57 60.12 60.59 60.98 61.30 61.54 61.71 61.79 61.78 61.66 61.43 61.08 60.61
14.38 14.00 13.66 13.34 13.04 12.75 12.49 12.23 11.98 11.75 11.51 11.28 11.04 10.80 10.56 10.37 10.26 10.24 10.26 10.31 10.38 10.51 10.69 10.92 11.21 11.56 11.95 12.40 12.90 13.45 14.05 14.69 15.39 16.13 16.93 17.76 18.65 19.57 20.54 21.56 22.63 23.76 24.95 26.20 27.45 28.68 29.91 31.14 32.39 33.65 34.92 36.20 37.49 38.78 40.08 41.38 42.69 44.00 45.31 46.61 47.92 49.23 50.53 51.83 53.12 54.36 55.40 56.23 56.89 57.47 57.98 58.44 58.83 59.16 59.41 59.58 59.65 59.62 59.49 59.24 58.86
13.39 13.04 12.71 12.42 12.16 11.91 11.69 11.49 11.30 11.12 10.95 10.79 10.63 10.47 10.31 10.15 10.04 10.01 10.03 10.08 10.18 10.33 10.54 10.80 11.11 11.47 11.88 12.35 12.86 13.42 14.03 14.68 15.38 16.13 16.92 17.75 18.63 19.55 20.52 21.52 22.57 23.66 24.81 25.99 27.16 28.32 29.48 30.66 31.83 33.02 34.20 35.39 36.58 37.77 38.96 40.14 41.33 42.51 43.68 44.85 46.01 47.16 48.31 49.44 50.56 51.67 52.71 53.57 54.25 54.88 55.45 55.97 56.44 56.85 57.18 57.43 57.58 57.64 57.59 57.43 57.14
12.30 11.97 11.67 11.41 11.18 10.98 10.80 10.65 10.51 10.40 10.29 10.20 10.12 10.04 9.97 9.89 9.82 9.79 9.82 9.89 10.01 10.19 10.41 10.69 11.02 11.40 11.82 12.29 12.81 13.38 13.99 14.65 15.35 16.09 16.87 17.70 18.57 19.48 20.43 21.42 22.44 23.51 24.62 25.74 26.85 27.97 29.09 30.20 31.32 32.44 33.55 34.66 35.76 36.86 37.95 39.03 40.11 41.17 42.22 43.26 44.29 45.30 46.30 47.28 48.24 49.18 50.10 50.95 51.68 52.36 52.99 53.59 54.12 54.60 55.00 55.33 55.57 55.70 55.74 55.66 55.46
11.13 10.82 10.55 10.31 10.12 9.96 9.83 9.72 9.64 9.59 9.55 9.53 9.52 9.53 9.54 9.55 9.57 9.60 9.64 9.74 9.88 10.07 10.31 10.60 10.94 11.33 11.76 12.24 12.76 13.32 13.93 14.59 15.28 16.01 16.79 17.60 18.46 19.35 20.28 21.25 22.25 23.29 24.36 25.45 26.54 27.62 28.71 29.78 30.85 31.91 32.96 34.01 35.04 36.06 37.06 38.05 39.03 39.99 40.93 41.85 42.75 43.64 44.50 45.34 46.15 46.94 47.70 48.44 49.17 49.90 50.60 51.26 51.86 52.40 52.88 53.27 53.58 53.80 53.91 53.90 53.78
9.99 9.69 9.44 9.23 9.07 8.94 8.85 8.79 8.76 8.76 8.78 8.83 8.89 8.97 9.06 9.16 9.29 9.44 9.56 9.67 9.83 10.03 10.28 10.58 10.92 11.31 11.75 12.22 12.74 13.30 13.90 14.54 15.22 15.94 16.70 17.50 18.33 19.20 20.11 21.05 22.02 23.02 24.05 25.10 26.18 27.25 28.31 29.35 30.39 31.41 32.41 33.40 34.37 35.32 36.25 37.16 38.05 38.92 39.76 40.58 41.37 42.14 42.87 43.58 44.26 44.91 45.52 46.10 46.71 47.45 48.21 48.93 49.59 50.20 50.74 51.21 51.59 51.87 52.06 52.14 52.09
8.96 8.66 8.42 8.23 8.09 7.98 7.92 7.90 7.92 7.96 8.04 8.14 8.26 8.41 8.57 8.76 9.01 9.29 9.54 9.71 9.88 10.09 10.34 10.64 10.99 11.37 11.80 12.27 12.77 13.32 13.91 14.53 15.20 15.90 16.63 17.40 18.21 19.05 19.92 20.83 21.77 22.73 23.71 24.71 25.75 26.81 27.86 28.89 29.90 30.89 31.85 32.80 33.72 34.62 35.49 36.33 37.15 37.93 38.69 39.42 40.11 40.77 41.40 41.99 42.54 43.06 43.53 43.95 44.40 45.03 45.80 46.57 47.30 47.98 48.58 49.12 49.57 49.93 50.19 50.34 50.38
8.02 7.73 7.49 7.31 7.17 7.09 7.05 7.06 7.11 7.19 7.31 7.46 7.64 7.84 8.08 8.38 8.75 9.15 9.52 9.80 10.02 10.23 10.49 10.78 11.11 11.49 11.90 12.36 12.85 13.38 13.95 14.55 15.19 15.86 16.57 17.31 18.08 18.89 19.72 20.59 21.48 22.40 23.33 24.29 25.28 26.31 27.35 28.37 29.37 30.34 31.28 32.20 33.08 33.94 34.76 35.55 36.30 37.02 37.70 38.35 38.96 39.52 40.05 40.54 40.98 41.37 41.71 41.98 42.28 42.75 43.42 44.21 45.00 45.74 46.41 47.01 47.54 47.97 48.30 48.53 48.65
