data_processed/recharge/precip/Precip_1998_09.asc
ncols        168
nrows        136
xllcorner    455000
yllcorner    2107000
cellsize     500
NODATA_value     -99999
[rows 96 to 127 of 136, columns 0 to 70 of 168]
205.06 208.89 212.74 216.54 220.22 223.73 226.97 229.90 232.46 234.85 237.37 240.05 242.89 245.91 249.11 252.49 256.07 259.83 263.80 267.98 272.36 276.96 281.78 286.69 291.60 296.48 301.34 306.15 310.92 315.62 320.24 324.79 329.23 333.58 337.85 342.17 346.53 350.80 354.88 358.76 362.42 365.86 369.06 372.00 374.67 377.05 379.14 380.91 382.05 382.05 380.90 378.67 375.41 371.18 366.05 360.08 353.32 345.84 337.70 328.94 319.52 309.45 299.14 289.01 279.15 269.57 260.31 251.39 242.84 234.69 226.96
202.17 205.84 209.50 213.08 216.50 219.70 222.61 225.19 227.64 230.22 232.98 235.90 238.97 242.19 245.58 249.14 252.87 256.78 260.88 265.17 269.65 274.33 279.21 284.18 289.12 294.04 298.91 303.73 308.48 313.16 317.75 322.24 326.63 330.95 335.29 339.70 344.14 348.59 352.90 356.98 360.81 364.38 367.67 370.68 373.38 375.76 377.81 379.51 380.57 380.56 379.45 377.32 374.23 370.23 365.39 359.77 353.43 346.42 338.80 330.53 321.59 312.00 301.84 291.50 281.41 271.65 262.23 253.19 244.56 236.36 228.62
199.35 202.82 206.23 209.52 212.63 215.48 218.03 220.47 223.07 225.87 228.85 231.99 235.27 238.69 242.26 245.98 249.86 253.90 258.12 262.51 267.08 271.83 276.77 281.77 286.74 291.67 296.55 301.36 306.09 310.73 315.27 319.71 324.07 328.44 332.85 337.29 341.75 346.22 350.65 354.90 358.87 362.55 365.91 368.95 371.66 374.01 376.00 377.60 378.57 378.51 377.43 375.38 372.43 368.63 364.06 358.76 352.81 346.24 339.03 331.18 322.70 313.62 303.96 293.81 283.55 273.60 264.03 254.88 246.17 237.92 230.18
196.64 199.84 202.96 205.92 208.66 211.13 213.52 216.09 218.87 221.86 225.03 228.36 231.84 235.45 239.19 243.06 247.08 251.24 255.56 260.04 264.68 269.49 274.47 279.51 284.50 289.43 294.30 299.08 303.78 308.38 312.87 317.27 321.67 326.09 330.53 334.96 339.38 343.79 348.18 352.49 356.57 360.33 363.74 366.79 369.48 371.78 373.68 375.16 376.01 375.88 374.79 372.80 369.96 366.35 362.01 357.02 351.42 345.19 338.33 330.87 322.83 314.24 305.12 295.50 285.46 275.38 265.67 256.41 247.62 239.34 231.59
194.08 196.96 199.73 202.31 204.65 206.93 209.42 212.15 215.09 218.24 221.57 225.07 228.72 232.51 236.41 240.43 244.57 248.84 253.25 257.81 262.51 267.37 272.38 277.43 282.43 287.35 292.20 296.95 301.60 306.14 310.60 315.03 319.47 323.89 328.31 332.69 337.04 341.35 345.60 349.79 353.87 357.68 361.12 364.16 366.80 369.02 370.81 372.15 372.85 372.63 371.50 369.54 366.80 363.34 359.22 354.50 349.16 343.22 336.69 329.60 321.98 313.86 305.26 296.21 286.73 276.90 267.10 257.73 248.87 240.56 232.81
191.70 194.22 196.59 198.75 200.88 203.24 205.86 208.71 211.78 215.06 218.53 222.17 225.96 229.90 233.95 238.11 242.36 246.73 251.23 255.85 260.60 265.50 270.53 275.58 280.57 285.48 290.29 295.00 299.60 304.10 308.57 313.02 317.45 321.84 326.19 330.48 334.71 338.87 342.95 346.95 350.84 354.58 358.01 361.02 363.59 365.71 367.36 368.53 369.05 368.72 367.54 365.58 362.91 359.58 355.64 351.11 345.99 340.31 334.09 327.36 320.15 312.47 304.37 295.86 286.98 277.74 268.22 258.80 249.88 241.54 233.79
189.56 191.66 193.59 195.53 197.70 200.16 202.87 205.82 209.00 212.39 215.96 219.72 223.63 227.68 231.85 236.14 240.51 244.97 249.53 254.21 259.00 263.92 268.96 274.01 278.98 283.86 288.63 293.28 297.83 302.34 306.81 311.24 315.61 319.92 324.16 328.32 332.39 336.37 340.23 343.98 347.60 351.09 354.40 357.34 359.81 361.80 363.29 364.26 364.59 364.11 362.86 360.88 358.25 355.02 351.20 346.82 341.90 336.46 330.53 324.13 317.30 310.06 302.44 294.46 286.15 277.53 268.64 259.54 250.60 242.23 234.49
187.69 189.34 191.02 192.97 195.21 197.73 200.51 203.54 206.79 210.26 213.92 217.76 221.76 225.90 230.18 234.56 239.03 243.59 248.21 252.93 257.75 262.68 267.72 272.75 277.69 282.52 287.24 291.85 296.39 300.88 305.31 309.67 313.95 318.14 322.23 326.21 330.08 333.82 337.43 340.89 344.20 347.35 350.33 353.08 355.43 357.27 358.57 359.32 359.43 358.78 357.42 355.40 352.79 349.60 345.87 341.62 336.87 331.65 325.99 319.92 313.45 306.63 299.46 291.99 284.23 276.22 267.97 259.52 250.94 242.60 234.88
186.15 187.53 189.19 191.17 193.45 196.01 198.84 201.92 205.22 208.74 212.46 216.36 220.42 224.63 228.97 233.42 237.97 242.60 247.30 252.05 256.89 261.82 266.84 271.84 276.74 281.52 286.19 290.77 295.29 299.73 304.07 308.32 312.46 316.48 320.38 324.14 327.76 331.23 334.53 337.67 340.62 343.39 345.96 348.32 350.42 352.07 353.16 353.67 353.53 352.69 351.20 349.11 346.47 343.30 339.63 335.49 330.89 325.88 320.47 314.70 308.58 302.15 295.42 288.44 281.22 273.79 266.17 258.40 250.50 242.54 234.89
185.20 186.54 188.21 190.20 192.49 195.07 197.91 201.00 204.33 207.88 211.63 215.56 219.66 223.90 228.29 232.79 237.39 242.07 246.82 251.61 256.46 261.38 266.37 271.33 276.18 280.90 285.54 290.08 294.53 298.86 303.08 307.17 311.13 314.95 318.61 322.11 325.44 328.59 331.55 334.31 336.87 339.21 341.32 343.20 344.84 346.18 347.03 347.26 346.85 345.80 344.15 341.96 339.27 336.10 332.47 328.42 323.97 319.14 313.96 308.47 302.68 296.62 290.32 283.80 277.10 270.23 263.23 256.12 248.93 241.68 234.44
185.17 186.48 188.13 190.10 192.38 194.94 197.77 200.86 204.19 207.73 211.48 215.42 219.53 223.79 228.18 232.70 237.32 242.03 246.81 251.63 256.50 261.40 266.35 271.26 276.05 280.73 285.31 289.76 294.09 298.28 302.33 306.23 309.96 313.53 316.91 320.10 323.10 325.89 328.46 330.81 332.92 334.79 336.41 337.77 338.86 339.67 340.14 340.07 339.37 338.08 336.26 333.95 331.19 327.99 324.39 320.41 316.07 311.41 306.45 301.22 295.74 290.03 284.14 278.07 271.87 265.55 259.14 252.67 246.16 239.65 233.15
186.14 187.40 189.00 190.93 193.16 195.68 198.48 201.53 204.83 208.35 212.08 215.99 220.08 224.33 228.71 233.22 237.84 242.54 247.32 252.15 257.02 261.92 266.83 271.68 276.41 281.01 285.48 289.81 293.98 297.99 301.82 305.48 308.95 312.22 315.28 318.12 320.74 323.13 325.27 327.16 328.79 330.15 331.23 332.02 332.51 332.70 332.57 332.07 331.05 329.51 327.50 325.06 322.21 318.97 315.37 311.44 307.21 302.70 297.93 292.94 287.75 282.38 276.87 271.24 265.51 259.71 253.88 248.03 242.19 236.39 230.66
188.06 189.25 190.77 192.63 194.79 197.25 199.99 202.99 206.23 209.70 213.37 217.24 221.29 225.50 229.85 234.33 238.91 243.59 248.34 253.16 258.01 262.91 268.04 273.02 277.66 282.14 286.46 290.60 294.57 298.34 301.92 305.29 308.44 311.37 314.07 316.52 318.71 320.65 322.31 323.70 324.80 325.60 326.09 326.27 326.12 325.64 324.82 323.66 322.22 320.42 318.21 315.62 312.65 309.36 305.75 301.85 297.70 293.31 288.72 283.95 279.03 273.98 268.84 263.62 258.35 253.07 247.79 242.54 237.35 232.25 227.26
190.53 191.63 193.07 194.84 196.92 199.30 201.97 204.89 208.06 211.47 215.08 218.89 222.89 227.04 231.34 235.77 240.31 244.95 249.67 254.45 259.28 264.49 270.65 276.47 281.17 285.47 289.58 293.49 297.19 300.67 303.93 306.95 309.73 312.26 314.52 316.52 318.23 319.66 320.78 321.60 322.11 322.29 322.14 321.64 320.79 319.59 318.04 316.22 314.21 312.05 309.62 306.85 303.76 300.38 296.74 292.86 288.77 284.50 280.07 275.51 270.84 266.09 261.29 256.47 251.65 246.85 242.11 237.45 232.89 228.47 224.21
193.42 194.41 195.75 197.43 199.42 201.72 204.29 207.14 210.23 213.56 217.10 220.84 224.76 228.86 233.10 237.47 241.96 246.54 251.21 255.96 261.09 267.32 274.67 281.58 286.96 291.22 295.05 298.66 302.03 305.15 308.03 310.64 312.98 315.04 316.81 318.28 319.44 320.29 320.82 321.01 320.86 320.36 319.49 318.26 316.64 314.68 312.50 310.12 307.54 304.86 302.11 299.14 295.91 292.44 288.75 284.87 280.83 276.65 272.36 267.98 263.55 259.09 254.62 250.18 245.78 241.46 237.23 233.14 229.20 225.44 221.79
196.70 197.59 198.83 200.40 202.29 204.48 206.96 209.71 212.71 215.95 219.41 223.07 226.92 230.94 235.11 239.41 243.83 248.36 252.98 258.01 264.13 271.51 279.94 287.85 294.13 298.89 302.57 305.81 308.78 311.49 313.91 316.05 317.88 319.41 320.62 321.51 322.06 322.27 322.13 321.63 320.75 319.50 317.86 315.82 313.43 310.85 308.15 305.25 302.14 298.96 295.75 292.49 289.10 285.51 281.76 277.86 273.85 269.75 265.58 261.38 257.17 252.97 248.82 244.73 240.74 236.88 233.16 229.62 226.28 223.07 219.17
200.31 201.16 202.28 203.73 205.51 207.59 209.97 212.61 215.52 218.66 222.02 225.59 229.35 233.28 237.36 241.59 245.93 250.40 255.28 261.27 268.52 276.95 286.34 295.13 302.20 307.66 311.68 314.65 317.17 319.39 321.30 322.89 324.15 325.09 325.67 325.91 325.79 325.29 324.42 323.15 321.49 319.43 316.94 314.10 311.12 308.08 304.92 301.53 297.94 294.29 290.62 286.97 283.33 279.61 275.77 271.84 267.84 263.80 259.74 255.69 251.68 247.73 243.88 240.14 236.54 233.11 229.88 226.87 224.02 220.50 215.42
204.16 205.03 206.10 207.43 209.09 211.05 213.30 215.83 218.62 221.65 224.91 228.38 232.04 235.87 239.86 244.00 248.27 252.98 258.79 265.87 274.14 283.50 293.73 303.28 311.03 317.08 321.60 324.75 326.89 328.55 329.88 330.87 331.50 331.77 331.67 331.19 330.32 329.06 327.39 325.30 322.79 319.84 316.53 313.12 309.73 306.28 302.69 298.87 294.85 290.77 286.69 282.64 278.65 274.72 270.79 266.80 262.80 258.80 254.83 250.92 247.09 243.38 239.80 236.39 233.16 230.16 227.40 224.81 221.58 216.83 210.51
208.24 209.13 210.20 211.48 213.00 214.83 216.96 219.36 222.03 224.94 228.08 231.44 234.98 238.71 242.60 246.64 251.14 256.75 263.63 271.70 280.86 291.03 301.98 312.16 320.47 327.01 331.92 335.37 337.51 338.69 339.38 339.69 339.62 339.17 338.32 337.06 335.38 333.28 330.75 327.77 324.34 320.54 316.68 312.91 309.17 305.35 301.39 297.18 292.75 288.29 283.85 279.45 275.12 270.90 266.79 262.74 258.71 254.74 250.84 247.05 243.39 239.89 236.58 233.48 230.61 228.01 225.61 222.59 218.07 212.03 204.60
212.53 213.44 214.53 215.79 217.25 218.94 220.93 223.19 225.73 228.51 231.52 234.75 238.18 241.79 245.57 249.82 255.19 261.84 269.67 278.60 288.54 299.40 310.96 321.66 330.40 337.30 342.49 346.13 348.38 349.39 349.48 349.06 348.23 346.98 345.31 343.21 340.66 337.66 334.20 330.27 325.96 321.63 317.47 313.41 309.35 305.21 300.91 296.35 291.58 286.78 282.01 277.30 272.68 268.18 263.83 259.65 255.58 251.61 247.77 244.09 240.58 237.28 234.21 231.40 228.87 226.57 223.67 219.31 213.45 206.24 197.82
217.02 217.95 219.05 220.31 221.75 223.36 225.20 227.32 229.71 232.35 235.22 238.32 241.61 245.10 249.08 254.17 260.55 268.11 276.78 286.46 297.06 308.49 320.53 331.63 340.69 347.83 353.18 356.90 359.14 360.06 359.81 358.68 357.03 354.93 352.37 349.36 345.87 341.91 337.45 332.61 327.80 323.23 318.83 314.51 310.18 305.77 301.17 296.30 291.23 286.13 281.08 276.10 271.23 266.50 261.93 257.56 253.40 249.43 245.63 242.03 238.65 235.53 232.69 230.16 227.86 225.00 220.70 214.94 207.87 199.61 190.31
221.70 222.65 223.76 225.02 226.44 228.02 229.77 231.74 233.97 236.46 239.18 242.13 245.29 248.95 253.74 259.81 267.08 275.45 284.83 295.13 306.27 318.15 330.56 341.94 351.20 358.46 363.85 367.53 369.65 370.36 369.83 368.19 365.72 362.70 359.19 355.20 350.72 345.72 340.33 335.02 330.01 325.25 320.65 316.12 311.57 306.92 302.07 296.94 291.60 286.26 280.97 275.77 270.69 265.76 261.02 256.49 252.20 248.17 244.39 240.86 237.60 234.65 232.02 229.65 226.74 222.43 216.68 209.64 201.46 192.27 182.21
226.55 227.53 228.64 229.90 231.30 232.86 234.56 236.43 238.50 240.82 243.39 246.19 249.50 253.95 259.69 266.61 274.65 283.70 293.68 304.49 316.05 328.27 340.92 352.46 361.80 369.06 374.37 377.89 379.77 380.16 379.22 377.10 373.95 370.00 365.49 360.46 354.90 348.95 343.10 337.65 332.51 327.61 322.85 318.15 313.42 308.57 303.52 298.18 292.61 287.06 281.58 276.20 270.96 265.89 261.01 256.35 251.96 247.86 244.07 240.59 237.43 234.62 232.09 229.05 224.63 218.81 211.74 203.54 194.37 184.36 173.66
231.56 232.56 233.68 234.94 236.33 237.85 239.52 241.33 243.29 245.44 247.85 250.78 254.86 260.22 266.78 274.44 283.13 292.74 303.20 314.40 326.26 338.69 351.47 363.05 372.36 379.49 384.60 387.85 389.37 389.32 387.86 385.14 381.30 376.51 370.96 364.82 358.28 351.89 345.96 340.43 335.21 330.20 325.33 320.51 315.64 310.64 305.43 299.91 294.17 288.46 282.83 277.31 271.95 266.77 261.80 257.07 252.62 248.47 244.65 241.20 238.13 235.36 232.10 227.49 221.51 214.31 206.02 196.78 186.74 176.03 164.80
236.72 237.74 238.87 240.12 241.49 242.99 244.62 246.37 248.27 250.31 252.84 256.50 261.46 267.61 274.88 283.17 292.39 302.45 313.26 324.73 336.77 349.30 362.08 373.59 382.74 389.64 394.43 397.27 398.31 397.71 395.61 392.16 387.53 381.85 375.28 368.16 361.21 354.79 348.84 343.27 338.00 332.94 328.01 323.10 318.14 313.04 307.70 302.06 296.18 290.34 284.61 279.01 273.57 268.32 263.31 258.55 254.07 249.92 246.12 242.70 239.60 236.04 231.15 224.93 217.52 209.05 199.66 189.50 178.70 167.42 155.78
242.01 243.05 244.19 245.44 246.79 248.26 249.85 251.55 253.39 255.65 258.94 263.46 269.18 276.01 283.86 292.65 302.29 312.67 323.72 335.35 347.45 359.95 372.62 383.93 392.81 399.35 403.71 406.03 406.48 405.19 402.33 398.05 392.49 385.81 378.33 370.87 363.95 357.56 351.64 346.08 340.82 335.74 330.78 325.83 320.82 315.66 310.25 304.52 298.55 292.64 286.84 281.19 275.71 270.45 265.43 260.68 256.24 252.13 248.38 244.94 241.03 235.80 229.25 221.53 212.80 203.17 192.81 181.84 170.41 158.65 146.72
247.42 248.48 249.63 250.87 252.21 253.65 255.20 256.86 258.92 261.99 266.20 271.51 277.88 285.27 293.60 302.77 312.70 323.29 334.46 346.11 358.16 370.52 382.96 393.96 402.44 408.50 412.30 413.99 413.72 411.64 407.90 402.66 396.06 388.44 380.67 373.30 366.44 360.13 354.27 348.77 343.54 338.50 333.55 328.62 323.60 318.41 312.98 307.20 301.19 295.24 289.42 283.77 278.30 273.07 268.09 263.39 259.02 254.99 251.25 247.03 241.48 234.59 226.52 217.43 207.48 196.83 185.60 173.94 161.99 149.89 137.78
252.93 254.01 255.17 256.41 257.74 259.15 260.66 262.56 265.42 269.41 274.46 280.49 287.44 295.27 303.95 313.38 323.48 334.16 345.33 356.90 368.78 380.87 392.96 403.52 411.49 416.96 420.08 421.02 419.91 416.91 412.18 405.86 398.29 390.40 382.78 375.53 368.71 362.42 356.64 351.24 346.10 341.13 336.24 331.35 326.37 321.21 315.79 310.01 304.00 298.06 292.27 286.65 281.24 276.07 271.18 266.58 262.32 258.33 253.84 248.02 240.86 232.49 223.07 212.75 201.72 190.15 178.18 165.94 153.59 141.26 129.08
258.54 259.64 260.81 262.04 263.35 264.75 266.50 269.20 272.98 277.79 283.55 290.20 297.66 305.86 314.78 324.36 334.52 345.17 356.22 367.58 379.16 390.87 402.49 412.50 419.83 424.59 426.92 426.98 424.91 420.88 415.03 407.71 399.90 392.22 384.76 377.61 370.83 364.51 358.71 353.40 348.39 343.53 338.75 333.96 329.06 323.97 318.60 312.86 306.89 301.00 295.28 289.75 284.43 279.38 274.61 270.15 265.96 261.25 255.21 247.81 239.21 229.54 218.96 207.61 195.65 183.28 170.67 157.98 145.35 132.90 120.78
264.23 265.35 266.52 267.75 269.06 270.70 273.25 276.86 281.46 286.99 293.36 300.51 308.37 316.88 325.95 335.56 345.66 356.16 366.97 378.01 389.17 400.38 411.42 420.76 427.34 431.26 432.68 431.74 428.60 423.42 416.54 409.00 401.44 393.98 386.68 379.62 372.87 366.51 360.60 355.22 350.32 345.62 340.99 336.33 331.56 326.58 321.30 315.66 309.77 303.98 298.37 292.96 287.79 282.89 278.29 273.93 269.06 262.83 255.24 246.45 236.58 225.80 214.23 202.04 189.36 176.35 163.24 150.21 137.40 124.96 113.02
269.99 271.13 272.31 273.54 275.10 277.54 281.00 285.42 290.73 296.86 303.73 311.28 319.44 328.14 337.30 346.86 356.78 367.01 377.47 388.06 398.69 409.28 419.61 428.16 433.87 436.84 437.22 435.17 430.84 424.60 417.53 410.29 403.01 395.76 388.61 381.63 374.89 368.48 362.46 356.90 351.88 347.31 342.87 338.39 333.78 328.95 323.82 318.31 312.55 306.90 301.44 296.20 291.22 286.52 282.04 277.04 270.67 262.95 254.00 243.98 233.04 221.31 208.94 196.08 182.87 169.45 156.00 142.75 129.89 117.57 105.92
275.80 276.96 278.15 279.65 282.00 285.34 289.61 294.73 300.64 307.26 314.53 322.37 330.72 339.50 348.64 358.08 367.74 377.59 387.57 397.60 407.58 417.43 426.93 434.57 439.29 441.19 440.42 437.14 431.73 425.32 418.60 411.70 404.68 397.63 390.61 383.70 376.97 370.50 364.35 358.60 353.33 348.59 344.28 340.02 335.63 331.00 326.06 320.72 315.13 309.66 304.40 299.38 294.62 290.08 284.99 278.54 270.71 261.66 251.54 240.47 228.62 216.12 203.13 189.78 176.22 162.59 149.05 135.76 122.97 110.88 99.64
