data_processed/recharge/precip/Precip_2004_03.asc
ncols        168
nrows        136
xllcorner    455000
yllcorner    2107000
cellsize     500
NODATA_value     -99999
[rows 68 to 101 of 136, columns 77 to 153 of 168]
15.40 15.04 14.74 14.48 14.28 14.12 14.01 13.94 13.92 13.94 14.00 14.10 14.25 14.42 14.64 14.88 15.16 15.47 15.82 16.19 16.58 17.01 17.46 17.93 18.42 18.93 19.45 19.96 20.46 20.94 21.41 21.86 22.30 22.72 23.12 23.49 23.83 24.14 24.41 24.67 24.89 25.08 25.25 25.40 25.52 25.61 25.68 25.73 25.76 25.76 25.74 25.70 25.65 25.57 25.48 25.37 25.24 25.09 24.93 24.76 24.59 24.42 24.24 24.07 23.89 23.72 23.54 23.37 23.19 23.02 22.85 22.68 22.51 22.35 22.19 22.03 21.87
14.68 14.35 14.06 13.82 13.63 13.49 13.40 13.36 13.36 13.40 13.49 13.62 13.78 13.99 14.23 14.50 14.81 15.15 15.52 15.92 16.35 16.81 17.29 17.79 18.32 18.86 19.38 19.90 20.40 20.89 21.36 21.82 22.26 22.69 23.10 23.49 23.85 24.17 24.47 24.74 24.98 25.19 25.37 25.53 25.66 25.76 25.84 25.90 25.93 25.94 25.93 25.90 25.84 25.77 25.68 25.56 25.44 25.29 25.13 24.95 24.78 24.60 24.42 24.24 24.06 23.88 23.70 23.52 23.34 23.16 22.99 22.81 22.64 22.47 22.30 22.13 21.97
13.98 13.66 13.39 13.17 13.01 12.89 12.82 12.80 12.82 12.89 13.00 13.15 13.35 13.58 13.84 14.15 14.48 14.85 15.26 15.69 16.15 16.64 17.16 17.70 18.24 18.78 19.31 19.83 20.34 20.83 21.31 21.78 22.23 22.66 23.08 23.48 23.85 24.20 24.51 24.80 25.05 25.27 25.47 25.64 25.78 25.90 25.99 26.05 26.09 26.11 26.10 26.07 26.02 25.95 25.86 25.75 25.62 25.47 25.31 25.13 24.95 24.77 24.59 24.41 24.22 24.04 23.85 23.67 23.48 23.30 23.11 22.93 22.75 22.57 22.40 22.23 22.06
13.30 13.00 12.75 12.55 12.40 12.31 12.26 12.26 12.31 12.40 12.54 12.72 12.94 13.20 13.49 13.82 14.19 14.59 15.03 15.49 15.99 16.51 17.06 17.62 18.17 18.72 19.25 19.77 20.28 20.78 21.27 21.74 22.19 22.63 23.05 23.46 23.84 24.20 24.54 24.84 25.11 25.35 25.56 25.74 25.89 26.02 26.12 26.19 26.24 26.26 26.26 26.24 26.19 26.12 26.03 25.92 25.80 25.65 25.48 25.30 25.12 24.93 24.75 24.56 24.37 24.18 23.99 23.80 23.61 23.42 23.23 23.04 22.86 22.67 22.49 22.31 22.13
12.64 12.36 12.13 11.95 11.83 11.75 11.73 11.76 11.83 11.95 12.11 12.31 12.56 12.85 13.17 13.54 13.94 14.37 14.84 15.33 15.86 16.42 16.99 17.55 18.11 18.66 19.19 19.72 20.23 20.73 21.22 21.69 22.15 22.60 23.02 23.43 23.82 24.20 24.54 24.86 25.15 25.40 25.62 25.82 25.98 26.12 26.23 26.31 26.37 26.40 26.41 26.39 26.35 26.28 26.19 26.09 25.96 25.81 25.64 25.46 25.27 25.08 24.89 24.70 24.51 24.31 24.12 23.92 23.73 23.53 23.34 23.15 22.96 22.76 22.58 22.39 22.20
12.00 11.74 11.53 11.37 11.27 11.22 11.23 11.28 11.37 11.52 11.71 11.94 12.22 12.53 12.89 13.28 13.72 14.18 14.68 15.22 15.78 16.36 16.93 17.49 18.05 18.60 19.14 19.66 20.18 20.68 21.17 21.65 22.11 22.56 22.99 23.40 23.80 24.18 24.53 24.87 25.17 25.44 25.68 25.88 26.06 26.21 26.33 26.42 26.49 26.52 26.54 26.52 26.49 26.42 26.34 26.23 26.10 25.95 25.78 25.60 25.41 25.22 25.03 24.83 24.63 24.44 24.24 24.04 23.84 23.64 23.44 23.24 23.04 22.84 22.65 22.46 22.26
11.39 11.15 10.96 10.83 10.75 10.73 10.75 10.83 10.95 11.13 11.34 11.61 11.91 12.26 12.65 13.07 13.54 14.04 14.57 15.14 15.72 16.30 16.87 17.44 18.00 18.55 19.09 19.61 20.13 20.64 21.13 21.61 22.07 22.52 22.96 23.37 23.77 24.15 24.52 24.86 25.17 25.46 25.71 25.93 26.12 26.28 26.41 26.51 26.59 26.63 26.65 26.64 26.61 26.55 26.47 26.36 26.23 26.08 25.91 25.73 25.53 25.34 25.14 24.95 24.75 24.54 24.34 24.14 23.93 23.73 23.52 23.32 23.12 22.91 22.71 22.51 22.31
10.81 10.59 10.42 10.32 10.26 10.26 10.32 10.42 10.57 10.77 11.02 11.31 11.65 12.03 12.45 12.90 13.40 13.94 14.50 15.09 15.68 16.25 16.83 17.39 17.95 18.50 19.04 19.57 20.09 20.59 21.09 21.57 22.03 22.49 22.92 23.34 23.74 24.13 24.49 24.84 25.16 25.46 25.73 25.96 26.16 26.34 26.48 26.59 26.67 26.72 26.75 26.75 26.72 26.66 26.58 26.48 26.35 26.20 26.03 25.84 25.65 25.45 25.25 25.05 24.85 24.64 24.43 24.23 24.02 23.81 23.60 23.39 23.18 22.97 22.76 22.56 22.35
10.26 10.06 9.92 9.84 9.81 9.84 9.92 10.05 10.23 10.46 10.73 11.06 11.42 11.84 12.29 12.78 13.31 13.88 14.47 15.06 15.64 16.22 16.79 17.35 17.91 18.46 19.00 19.52 20.04 20.55 21.04 21.53 21.99 22.45 22.88 23.30 23.71 24.09 24.46 24.81 25.14 25.44 25.72 25.97 26.19 26.37 26.52 26.64 26.73 26.80 26.83 26.83 26.81 26.76 26.68 26.58 26.45 26.30 26.13 25.94 25.74 25.54 25.34 25.14 24.93 24.72 24.51 24.30 24.09 23.87 23.66 23.44 23.23 23.02 22.80 22.59 22.39
9.74 9.57 9.46 9.40 9.40 9.45 9.56 9.72 9.93 10.18 10.49 10.85 11.25 11.69 12.18 12.71 13.27 13.86 14.45 15.03 15.61 16.18 16.75 17.32 17.87 18.42 18.96 19.48 20.00 20.51 21.00 21.48 21.95 22.40 22.84 23.26 23.67 24.06 24.43 24.78 25.11 25.42 25.70 25.96 26.19 26.39 26.55 26.68 26.78 26.85 26.89 26.90 26.88 26.83 26.76 26.66 26.54 26.38 26.21 26.02 25.82 25.62 25.42 25.21 25.00 24.79 24.57 24.36 24.14 23.92 23.71 23.49 23.27 23.05 22.83 22.62 22.42
9.27 9.12 9.03 9.00 9.02 9.10 9.24 9.43 9.67 9.96 10.30 10.68 11.12 11.60 12.12 12.68 13.26 13.85 14.43 15.01 15.59 16.16 16.73 17.29 17.84 18.38 18.92 19.45 19.96 20.47 20.96 21.44 21.91 22.36 22.80 23.22 23.63 24.02 24.39 24.74 25.07 25.38 25.67 25.94 26.18 26.38 26.56 26.70 26.81 26.88 26.93 26.95 26.93 26.89 26.82 26.73 26.60 26.45 26.28 26.08 25.88 25.68 25.47 25.27 25.05 24.84 24.62 24.40 24.18 23.96 23.74 23.51 23.29 23.07 22.85 22.64 22.44
8.83 8.71 8.64 8.64 8.69 8.80 8.97 9.19 9.46 9.78 10.15 10.57 11.04 11.55 12.11 12.69 13.27 13.85 14.43 15.01 15.58 16.15 16.71 17.26 17.81 18.35 18.89 19.41 19.93 20.43 20.92 21.40 21.87 22.32 22.75 23.18 23.58 23.97 24.34 24.69 25.02 25.33 25.63 25.89 26.14 26.36 26.54 26.70 26.81 26.90 26.95 26.98 26.97 26.93 26.87 26.77 26.65 26.50 26.32 26.13 25.93 25.72 25.52 25.31 25.09 24.87 24.65 24.43 24.21 23.98 23.76 23.53 23.30 23.08 22.86 22.66 22.47
8.44 8.34 8.30 8.33 8.41 8.55 8.74 8.99 9.30 9.65 10.06 10.51 11.02 11.56 12.14 12.71 13.29 13.86 14.44 15.01 15.57 16.14 16.70 17.25 17.79 18.33 18.86 19.38 19.89 20.39 20.88 21.36 21.82 22.27 22.71 23.13 23.53 23.92 24.29 24.64 24.97 25.28 25.57 25.84 26.09 26.31 26.51 26.67 26.80 26.90 26.96 26.99 26.99 26.95 26.89 26.80 26.68 26.53 26.35 26.16 25.96 25.75 25.54 25.33 25.11 24.89 24.67 24.44 24.22 23.99 23.76 23.53 23.30 23.08 22.87 22.68 22.49
8.09 8.02 8.01 8.06 8.18 8.35 8.57 8.86 9.19 9.58 10.02 10.51 11.05 11.61 12.18 12.75 13.32 13.89 14.45 15.02 15.58 16.14 16.69 17.24 17.78 18.31 18.84 19.35 19.86 20.36 20.84 21.32 21.78 22.22 22.66 23.08 23.48 23.86 24.23 24.58 24.91 25.22 25.51 25.78 26.03 26.25 26.45 26.63 26.76 26.87 26.94 26.98 26.98 26.95 26.89 26.80 26.69 26.54 26.36 26.17 25.96 25.76 25.55 25.33 25.11 24.89 24.66 24.44 24.21 23.97 23.74 23.51 23.29 23.08 22.88 22.69 22.51
7.79 7.75 7.77 7.85 8.00 8.20 8.46 8.77 9.14 9.56 10.04 10.56 11.12 11.67 12.24 12.80 13.36 13.92 14.48 15.04 15.59 16.15 16.69 17.23 17.77 18.30 18.82 19.33 19.83 20.32 20.80 21.27 21.73 22.18 22.61 23.02 23.42 23.80 24.17 24.52 24.85 25.16 25.45 25.71 25.96 26.18 26.38 26.56 26.71 26.82 26.90 26.94 26.95 26.93 26.88 26.79 26.67 26.53 26.35 26.16 25.95 25.74 25.53 25.32 25.09 24.87 24.64 24.41 24.18 23.95 23.71 23.49 23.28 23.07 22.88 22.70 22.52
7.54 7.53 7.58 7.70 7.87 8.10 8.39 8.74 9.15 9.61 10.12 10.66 11.20 11.75 12.31 12.86 13.41 13.97 14.52 15.07 15.62 16.16 16.70 17.23 17.76 18.29 18.80 19.31 19.80 20.29 20.77 21.23 21.68 22.12 22.55 22.96 23.36 23.74 24.10 24.45 24.77 25.08 25.37 25.64 25.88 26.10 26.30 26.48 26.63 26.75 26.83 26.89 26.90 26.89 26.84 26.75 26.64 26.50 26.32 26.12 25.92 25.71 25.50 25.28 25.06 24.83 24.60 24.37 24.13 23.90 23.68 23.46 23.26 23.06 22.88 22.70 22.53
7.35 7.37 7.45 7.59 7.80 8.07 8.39 8.78 9.22 9.71 10.23 10.77 11.31 11.85 12.39 12.93 13.48 14.02 14.57 15.11 15.65 16.18 16.72 17.24 17.76 18.28 18.79 19.29 19.78 20.26 20.73 21.19 21.64 22.07 22.49 22.90 23.29 23.67 24.03 24.37 24.69 25.00 25.28 25.55 25.79 26.01 26.21 26.38 26.53 26.65 26.75 26.81 26.83 26.82 26.77 26.70 26.58 26.44 26.27 26.07 25.87 25.66 25.44 25.22 25.00 24.77 24.54 24.31 24.07 23.85 23.64 23.43 23.23 23.05 22.87 22.70 22.53
7.22 7.26 7.38 7.55 7.79 8.09 8.45 8.87 9.35 9.86 10.37 10.90 11.42 11.95 12.49 13.02 13.55 14.09 14.62 15.16 15.69 16.22 16.74 17.26 17.77 18.28 18.78 19.27 19.76 20.23 20.69 21.15 21.59 22.02 22.44 22.84 23.22 23.60 23.95 24.29 24.61 24.91 25.19 25.45 25.69 25.91 26.10 26.27 26.42 26.54 26.64 26.70 26.73 26.73 26.69 26.61 26.51 26.37 26.19 26.00 25.79 25.58 25.37 25.15 24.92 24.69 24.46 24.23 24.01 23.79 23.59 23.39 23.20 23.02 22.85 22.68 22.53
7.14 7.22 7.37 7.58 7.85 8.18 8.58 9.03 9.52 10.02 10.53 11.04 11.56 12.07 12.60 13.12 13.64 14.17 14.69 15.22 15.74 16.25 16.77 17.28 17.78 18.28 18.77 19.26 19.74 20.20 20.66 21.11 21.54 21.96 22.37 22.77 23.15 23.52 23.87 24.20 24.51 24.81 25.09 25.34 25.58 25.79 25.99 26.15 26.30 26.42 26.51 26.58 26.61 26.62 26.58 26.51 26.40 26.27 26.09 25.90 25.69 25.48 25.27 25.05 24.82 24.59 24.36 24.14 23.93 23.73 23.53 23.34 23.16 22.99 22.83 22.67 22.51
7.13 7.24 7.42 7.66 7.97 8.34 8.77 9.24 9.72 10.21 10.70 11.20 11.70 12.21 12.72 13.23 13.74 14.26 14.77 15.28 15.79 16.30 16.81 17.31 17.80 18.29 18.77 19.25 19.72 20.18 20.63 21.07 21.49 21.91 22.31 22.70 23.07 23.43 23.78 24.10 24.41 24.70 24.98 25.23 25.46 25.67 25.86 26.02 26.16 26.28 26.37 26.43 26.47 26.48 26.45 26.38 26.28 26.14 25.97 25.78 25.57 25.36 25.15 24.93 24.70 24.47 24.26 24.05 23.85 23.65 23.47 23.29 23.12 22.95 22.79 22.64 22.49
7.18 7.33 7.54 7.82 8.16 8.57 9.01 9.47 9.94 10.41 10.89 11.37 11.86 12.36 12.85 13.35 13.85 14.36 14.86 15.36 15.86 16.36 16.85 17.34 17.82 18.30 18.78 19.24 19.70 20.15 20.59 21.02 21.44 21.85 22.25 22.63 22.99 23.35 23.68 24.00 24.31 24.59 24.86 25.10 25.33 25.53 25.72 25.88 26.01 26.12 26.21 26.27 26.31 26.31 26.29 26.22 26.13 25.99 25.82 25.63 25.43 25.22 25.00 24.78 24.56 24.35 24.14 23.94 23.75 23.57 23.39 23.22 23.06 22.90 22.75 22.60 22.46
7.30 7.48 7.73 8.04 8.42 8.84 9.28 9.72 10.17 10.63 11.09 11.57 12.04 12.52 13.00 13.49 13.98 14.47 14.96 15.45 15.93 16.42 16.90 17.38 17.85 18.32 18.79 19.24 19.69 20.13 20.56 20.98 21.39 21.79 22.18 22.55 22.91 23.25 23.58 23.90 24.19 24.47 24.73 24.97 25.19 25.39 25.57 25.72 25.85 25.96 26.04 26.10 26.12 26.13 26.10 26.04 25.95 25.82 25.65 25.46 25.26 25.05 24.83 24.62 24.41 24.21 24.01 23.83 23.65 23.48 23.31 23.15 22.99 22.84 22.70 22.56 22.42
7.49 7.71 7.99 8.34 8.73 9.14 9.56 9.99 10.42 10.87 11.32 11.77 12.23 12.70 13.17 13.64 14.11 14.59 15.06 15.54 16.01 16.49 16.96 17.42 17.89 18.34 18.80 19.24 19.68 20.11 20.53 20.94 21.34 21.73 22.11 22.47 22.82 23.16 23.48 23.78 24.07 24.34 24.59 24.83 25.04 25.23 25.40 25.55 25.67 25.78 25.85 25.90 25.93 25.93 25.90 25.84 25.75 25.62 25.45 25.26 25.06 24.85 24.64 24.44 24.24 24.06 23.88 23.70 23.53 23.37 23.22 23.06 22.92 22.78 22.64 22.50 22.37
7.76 8.01 8.33 8.69 9.07 9.46 9.86 10.27 10.69 11.12 11.55 11.99 12.44 12.89 13.34 13.80 14.26 14.72 15.18 15.65 16.11 16.57 17.02 17.48 17.93 18.37 18.81 19.24 19.67 20.09 20.50 20.90 21.29 21.67 22.03 22.39 22.73 23.06 23.37 23.66 23.94 24.21 24.45 24.67 24.88 25.06 25.23 25.37 25.49 25.58 25.65 25.70 25.72 25.71 25.67 25.61 25.51 25.39 25.23 25.04 24.84 24.63 24.44 24.25 24.07 23.90 23.73 23.57 23.41 23.26 23.11 22.97 22.83 22.69 22.56 22.43 22.31
8.10 8.38 8.72 9.07 9.43 9.80 10.18 10.58 10.98 11.39 11.81 12.23 12.66 13.09 13.53 13.97 14.42 14.86 15.31 15.76 16.21 16.65 17.09 17.54 17.97 18.40 18.83 19.25 19.67 20.07 20.47 20.86 21.24 21.60 21.96 22.30 22.63 22.95 23.25 23.54 23.81 24.06 24.30 24.51 24.71 24.89 25.04 25.17 25.28 25.37 25.44 25.47 25.49 25.47 25.43 25.36 25.26 25.13 24.97 24.78 24.59 24.40 24.22 24.05 23.88 23.72 23.57 23.42 23.27 23.13 22.99 22.86 22.73 22.60 22.48 22.35 22.23
8.52 8.82 9.14 9.47 9.81 10.16 10.53 10.90 11.29 11.68 12.08 12.48 12.90 13.31 13.74 14.16 14.59 15.02 15.45 15.88 16.32 16.75 17.18 17.60 18.02 18.44 18.86 19.26 19.66 20.06 20.44 20.82 21.19 21.54 21.89 22.22 22.54 22.84 23.13 23.41 23.67 23.91 24.14 24.34 24.53 24.70 24.85 24.97 25.07 25.15 25.21 25.24 25.24 25.22 25.17 25.10 24.99 24.86 24.69 24.51 24.33 24.16 23.99 23.84 23.68 23.53 23.39 23.25 23.12 22.99 22.86 22.74 22.61 22.49 22.38 22.26 22.14
9.01 9.31 9.60 9.92 10.24 10.57 10.92 11.28 11.64 12.02 12.40 12.79 13.18 13.58 13.99 14.40 14.81 15.22 15.64 16.06 16.47 16.89 17.30 17.71 18.12 18.53 18.93 19.32 19.71 20.09 20.46 20.82 21.18 21.52 21.85 22.17 22.48 22.78 23.06 23.32 23.57 23.80 24.02 24.21 24.39 24.55 24.69 24.80 24.90 24.97 25.02 25.04 25.04 25.01 24.95 24.87 24.76 24.62 24.41 24.18 24.01 23.85 23.71 23.56 23.42 23.29 23.16 23.03 22.91 22.79 22.68 22.56 22.45 22.34 22.23 22.12 22.01
9.55 9.85 10.15 10.44 10.74 11.06 11.39 11.73 12.07 12.43 12.79 13.17 13.54 13.93 14.32 14.71 15.10 15.50 15.90 16.30 16.70 17.11 17.50 17.90 18.30 18.69 19.07 19.45 19.83 20.19 20.55 20.90 21.24 21.58 21.90 22.21 22.50 22.79 23.06 23.31 23.55 23.77 23.98 24.16 24.33 24.48 24.61 24.72 24.80 24.87 24.91 24.92 24.91 24.88 24.81 24.72 24.60 24.42 24.14 23.82 23.60 23.45 23.32 23.19 23.07 22.95 22.84 22.73 22.62 22.51 22.40 22.30 22.20 22.10 22.00 21.89 21.79
10.15 10.45 10.74 11.03 11.32 11.62 11.92 12.24 12.57 12.91 13.26 13.61 13.97 14.34 14.71 15.09 15.47 15.85 16.24 16.62 17.01 17.39 17.78 18.16 18.54 18.92 19.29 19.66 20.02 20.37 20.72 21.06 21.39 21.71 22.01 22.31 22.60 22.87 23.13 23.37 23.60 23.81 24.01 24.19 24.35 24.49 24.61 24.70 24.78 24.84 24.87 24.88 24.86 24.82 24.75 24.65 24.49 24.24 23.87 23.47 23.16 22.96 22.83 22.73 22.62 22.52 22.42 22.33 22.23 22.14 22.05 21.96 21.87 21.78 21.69 21.59 21.50
10.79 11.09 11.39 11.67 11.95 12.23 12.52 12.83 13.14 13.46 13.79 14.12 14.47 14.82 15.17 15.53 15.90 16.27 16.63 17.00 17.38 17.75 18.12 18.49 18.85 19.21 19.57 19.93 20.27 20.62 20.95 21.28 21.59 21.90 22.20 22.48 22.76 23.02 23.27 23.50 23.72 23.92 24.11 24.28 24.43 24.56 24.67 24.76 24.83 24.88 24.90 24.90 24.88 24.83 24.75 24.62 24.39 24.05 23.60 23.12 22.72 22.44 22.27 22.17 22.08 22.00 21.92 21.84 21.76 21.68 21.61 21.53 21.45 21.38 21.30 21.22 21.14
11.47 11.77 12.07 12.35 12.63 12.91 13.18 13.46 13.76 14.06 14.37 14.69 15.02 15.35 15.69 16.04 16.39 16.74 17.09 17.45 17.80 18.16 18.52 18.87 19.22 19.57 19.92 20.26 20.59 20.92 21.24 21.56 21.86 22.16 22.44 22.72 22.98 23.23 23.47 23.69 23.90 24.10 24.27 24.43 24.57 24.69 24.80 24.88 24.94 24.98 25.00 24.99 24.96 24.90 24.79 24.58 24.27 23.86 23.33 22.77 22.30 21.93 21.68 21.53 21.45 21.39 21.33 21.27 21.21 21.15 21.09 21.03 20.96 20.90 20.84 20.77 20.70
12.19 12.49 12.79 13.07 13.35 13.62 13.89 14.15 14.43 14.72 15.01 15.31 15.62 15.94 16.27 16.59 16.93 17.26 17.60 17.94 18.28 18.62 18.97 19.31 19.64 19.98 20.31 20.64 20.96 21.28 21.59 21.89 22.18 22.47 22.74 23.01 23.26 23.50 23.73 23.94 24.14 24.32 24.49 24.64 24.77 24.89 24.98 25.05 25.11 25.14 25.15 25.13 25.09 25.00 24.82 24.54 24.16 23.66 23.06 22.43 21.88 21.44 21.10 20.88 20.75 20.70 20.66 20.61 20.57 20.53 20.49 20.45 20.40 20.35 20.30 20.25 20.19
12.94 13.24 13.53 13.82 14.09 14.36 14.63 14.89 15.15 15.41 15.69 15.98 16.27 16.57 16.88 17.19 17.51 17.83 18.16 18.48 18.81 19.14 19.46 19.79 20.11 20.44 20.76 21.07 21.38 21.68 21.98 22.27 22.55 22.83 23.09 23.34 23.59 23.82 24.03 24.24 24.42 24.60 24.76 24.90 25.02 25.13 25.21 25.28 25.32 25.35 25.35 25.33 25.26 25.10 24.84 24.49 24.03 23.47 22.80 22.09 21.47 20.95 20.54 20.24 20.03 19.93 19.90 19.88 19.86 19.84 19.82 19.79 19.77 19.73 19.70 19.66 19.62
13.72 14.02 14.31 14.59 14.87 15.13 15.39 15.65 15.90 16.15 16.41 16.68 16.96 17.25 17.54 17.83 18.14 18.44 18.75 19.06 19.37 19.69 20.00 20.31 20.63 20.93 21.24 21.54 21.84 22.13 22.42 22.69 22.97 23.23 23.48 23.72 23.95 24.17 24.38 24.57 24.75 24.92 25.07 25.20 25.31 25.41 25.49 25.55 25.59 25.60 25.59 25.54 25.40 25.18 24.85 24.43 23.90 23.27 22.53 21.76 21.07 20.48 20.00 19.62 19.34 19.16 19.09 19.08 19.08 19.08 19.07 19.07 19.06 19.05 19.03 19.01 18.99
