data_processed/recharge/precip/Precip_2002_04.asc
ncols        168
nrows        136
xllcorner    455000
yllcorner    2107000
cellsize     500
NODATA_value     -99999
[rows 68 to 101 of 136, columns 77 to 153 of 168]
32.62 33.90 34.94 35.78 36.44 36.93 37.30 37.56 37.74 37.86 37.95 38.10 38.42 38.91 39.54 40.29 41.16 42.11 43.12 44.18 45.26 46.35 47.42 48.46 49.49 50.55 51.63 52.72 53.82 54.91 55.99 57.04 58.06 59.03 59.95 60.80 61.57 62.18 62.55 62.69 62.59 62.25 61.67 60.86 59.82 58.54 57.03 55.29 53.32 51.16 49.13 47.45 46.10 45.03 44.22 43.64 43.24 43.00 42.87 42.84 42.85 42.89 42.88 42.71 42.34 41.78 41.07 40.25 39.35 38.39 37.42 36.45 35.53 34.69 33.96 33.34 32.74
33.72 35.03 36.10 36.94 37.60 38.10 38.45 38.68 38.82 38.90 39.00 39.23 39.61 40.15 40.83 41.63 42.53 43.50 44.54 45.61 46.70 47.79 48.85 49.87 50.89 51.93 53.00 54.08 55.17 56.26 57.34 58.39 59.41 60.39 61.32 62.18 62.88 63.34 63.57 63.57 63.35 62.91 62.24 61.35 60.25 58.93 57.38 55.62 53.65 51.49 49.48 47.82 46.48 45.43 44.63 44.06 43.68 43.45 43.34 43.31 43.34 43.37 43.30 43.07 42.65 42.06 41.31 40.46 39.52 38.53 37.52 36.52 35.57 34.70 33.93 33.29 32.67
34.76 36.07 37.13 37.97 38.60 39.06 39.37 39.55 39.64 39.72 39.90 40.22 40.68 41.27 42.00 42.84 43.78 44.78 45.84 46.92 48.02 49.11 50.16 51.17 52.17 53.19 54.25 55.33 56.41 57.50 58.58 59.63 60.66 61.65 62.58 63.36 63.93 64.26 64.37 64.26 63.94 63.41 62.67 61.72 60.58 59.22 57.66 55.90 53.94 51.81 49.83 48.20 46.89 45.88 45.11 44.58 44.22 44.03 43.95 43.96 44.00 43.95 43.77 43.44 42.97 42.33 41.55 40.66 39.69 38.66 37.62 36.59 35.61 34.71 33.91 33.24 32.59
35.71 37.01 38.04 38.83 39.42 39.82 40.06 40.17 40.25 40.41 40.69 41.09 41.61 42.26 43.04 43.92 44.89 45.92 47.00 48.10 49.20 50.29 51.34 52.34 53.32 54.33 55.38 56.44 57.52 58.61 59.68 60.74 61.78 62.77 63.62 64.27 64.71 64.94 64.95 64.75 64.35 63.75 62.96 61.97 60.80 59.43 57.88 56.13 54.20 52.12 50.19 48.61 47.35 46.39 45.67 45.18 44.88 44.73 44.71 44.74 44.71 44.55 44.26 43.84 43.29 42.61 41.79 40.86 39.85 38.79 37.72 36.66 35.65 34.71 33.89 33.19 32.52
36.58 37.82 38.80 39.53 40.04 40.36 40.51 40.61 40.76 41.02 41.37 41.84 42.41 43.10 43.91 44.84 45.84 46.90 48.00 49.12 50.23 51.32 52.36 53.35 54.31 55.31 56.35 57.41 58.48 59.57 60.64 61.71 62.74 63.65 64.38 64.91 65.24 65.37 65.30 65.04 64.58 63.93 63.10 62.09 60.91 59.55 58.02 56.31 54.43 52.41 50.55 49.04 47.85 46.95 46.31 45.88 45.65 45.57 45.58 45.55 45.40 45.14 44.75 44.25 43.62 42.88 42.03 41.06 40.02 38.92 37.82 36.72 35.68 34.72 33.86 33.13 32.44
37.33 38.50 39.40 40.04 40.45 40.67 40.80 40.97 41.22 41.55 41.97 42.49 43.10 43.82 44.64 45.58 46.62 47.71 48.83 49.97 51.09 52.18 53.22 54.19 55.14 56.12 57.15 58.20 59.28 60.36 61.44 62.50 63.45 64.24 64.84 65.26 65.50 65.55 65.42 65.12 64.62 63.95 63.10 62.09 60.92 59.59 58.09 56.44 54.62 52.68 50.91 49.48 48.38 47.57 47.01 46.68 46.53 46.50 46.45 46.30 46.04 45.67 45.20 44.62 43.94 43.14 42.25 41.25 40.17 39.05 37.90 36.78 35.71 34.71 33.83 33.07 32.35
37.96 39.04 39.83 40.36 40.65 40.83 41.03 41.30 41.63 42.03 42.50 43.05 43.69 44.42 45.25 46.18 47.21 48.33 49.47 50.62 51.75 52.84 53.88 54.84 55.77 56.75 57.77 58.81 59.88 60.96 62.04 63.02 63.85 64.51 65.00 65.33 65.49 65.49 65.32 64.98 64.47 63.80 62.96 61.97 60.82 59.53 58.09 56.51 54.78 52.94 51.27 49.95 48.95 48.24 47.79 47.56 47.48 47.40 47.23 46.96 46.59 46.13 45.58 44.94 44.20 43.36 42.44 41.42 40.32 39.16 37.98 36.83 35.72 34.70 33.79 33.00 32.26
38.46 39.42 40.07 40.47 40.72 40.97 41.27 41.61 42.00 42.45 42.97 43.55 44.20 44.93 45.75 46.65 47.65 48.74 49.90 51.06 52.21 53.30 54.33 55.28 56.20 57.17 58.18 59.22 60.29 61.36 62.35 63.21 63.91 64.47 64.87 65.13 65.23 65.18 64.98 64.63 64.13 63.48 62.67 61.72 60.62 59.39 58.02 56.53 54.90 53.18 51.63 50.43 49.56 48.97 48.64 48.50 48.36 48.15 47.86 47.48 47.03 46.48 45.86 45.16 44.37 43.51 42.56 41.53 40.43 39.25 38.05 36.86 35.72 34.67 33.73 32.92 32.15
38.81 39.62 40.13 40.46 40.79 41.13 41.51 41.92 42.36 42.85 43.39 43.99 44.64 45.36 46.15 47.02 47.96 48.99 50.11 51.28 52.43 53.53 54.56 55.50 56.41 57.36 58.36 59.40 60.45 61.45 62.32 63.05 63.65 64.12 64.45 64.64 64.70 64.63 64.42 64.07 63.59 62.97 62.22 61.33 60.30 59.15 57.88 56.49 54.99 53.40 51.99 50.94 50.20 49.75 49.52 49.33 49.07 48.73 48.33 47.85 47.31 46.69 46.01 45.25 44.43 43.54 42.58 41.56 40.47 39.31 38.10 36.88 35.71 34.63 33.66 32.82 32.02
38.99 39.64 40.08 40.49 40.91 41.33 41.77 42.23 42.72 43.24 43.79 44.39 45.03 45.72 46.47 47.29 48.17 49.12 50.15 51.27 52.41 53.52 54.54 55.47 56.37 57.31 58.31 59.33 60.31 61.18 61.93 62.56 63.07 63.46 63.73 63.89 63.92 63.83 63.63 63.30 62.86 62.29 61.60 60.80 59.87 58.82 57.66 56.40 55.04 53.60 52.35 51.45 50.88 50.55 50.27 49.94 49.55 49.10 48.60 48.03 47.41 46.73 45.99 45.20 44.35 43.44 42.48 41.46 40.39 39.27 38.09 36.88 35.68 34.57 33.57 32.71 31.88
39.01 39.58 40.10 40.60 41.09 41.58 42.08 42.58 43.09 43.62 44.18 44.76 45.38 46.03 46.73 47.48 48.29 49.15 50.08 51.08 52.15 53.24 54.26 55.18 56.07 57.00 57.98 58.93 59.78 60.53 61.17 61.72 62.16 62.49 62.72 62.85 62.88 62.80 62.61 62.32 61.93 61.43 60.83 60.12 59.31 58.39 57.37 56.25 55.04 53.78 52.71 51.98 51.54 51.17 50.75 50.29 49.79 49.23 48.63 47.98 47.29 46.56 45.77 44.95 44.08 43.17 42.21 41.22 40.18 39.10 37.98 36.81 35.63 34.49 33.46 32.57 31.72
38.97 39.61 40.21 40.79 41.35 41.90 42.43 42.96 43.49 44.02 44.56 45.12 45.70 46.30 46.94 47.61 48.33 49.09 49.90 50.77 51.70 52.70 53.70 54.61 55.48 56.40 57.30 58.12 58.86 59.51 60.06 60.54 60.92 61.22 61.42 61.54 61.57 61.52 61.37 61.13 60.81 60.40 59.90 59.30 58.62 57.85 56.99 56.04 55.01 53.94 53.06 52.48 52.00 51.49 50.94 50.36 49.74 49.09 48.40 47.68 46.93 46.15 45.33 44.48 43.60 42.69 41.75 40.78 39.78 38.76 37.70 36.61 35.50 34.38 33.33 32.41 31.53
39.03 39.77 40.45 41.10 41.71 42.30 42.86 43.40 43.93 44.45 44.96 45.48 46.01 46.55 47.11 47.69 48.31 48.95 49.63 50.36 51.14 51.97 52.86 53.74 54.59 55.43 56.21 56.92 57.55 58.11 58.60 59.02 59.36 59.63 59.83 59.96 60.01 59.99 59.90 59.74 59.50 59.19 58.80 58.34 57.81 57.20 56.52 55.77 54.94 54.07 53.35 52.74 52.12 51.47 50.80 50.10 49.38 48.64 47.88 47.10 46.29 45.47 44.63 43.77 42.89 41.99 41.07 40.14 39.18 38.22 37.23 36.23 35.22 34.19 33.16 32.22 31.31
39.25 40.06 40.81 41.51 42.17 42.78 43.35 43.90 44.42 44.91 45.40 45.87 46.33 46.80 47.27 47.75 48.25 48.76 49.31 49.88 50.49 51.14 51.84 52.59 53.34 54.06 54.72 55.32 55.87 56.36 56.80 57.18 57.50 57.76 57.97 58.13 58.22 58.26 58.24 58.16 58.02 57.83 57.58 57.27 56.90 56.48 55.99 55.45 54.84 54.16 53.42 52.66 51.89 51.11 50.32 49.52 48.71 47.89 47.06 46.22 45.37 44.52 43.66 42.79 41.91 41.03 40.15 39.26 38.36 37.46 36.56 35.65 34.74 33.83 32.92 31.99 31.02
39.45 40.35 41.17 41.93 42.63 43.27 43.86 44.41 44.92 45.40 45.85 46.27 46.68 47.07 47.45 47.83 48.22 48.61 49.02 49.44 49.89 50.36 50.87 51.36 51.89 52.48 53.04 53.57 54.05 54.49 54.89 55.25 55.57 55.85 56.09 56.29 56.44 56.55 56.62 56.65 56.64 56.59 56.49 56.35 56.16 55.94 55.67 55.36 54.96 54.31 53.45 52.54 51.63 50.71 49.80 48.89 47.98 47.08 46.18 45.28 44.39 43.50 42.61 41.74 40.87 40.00 39.14 38.29 37.45 36.61 35.79 34.97 34.16 33.37 32.58 31.75 30.78
39.52 40.51 41.42 42.25 43.00 43.69 44.31 44.88 45.40 45.86 46.29 46.68 47.04 47.37 47.68 47.98 48.27 48.55 48.83 49.11 49.41 49.72 49.99 50.20 50.47 50.89 51.37 51.84 52.28 52.69 53.08 53.45 53.79 54.10 54.39 54.65 54.89 55.10 55.28 55.44 55.57 55.67 55.75 55.80 55.83 55.82 55.79 55.68 55.31 54.59 53.66 52.63 51.57 50.51 49.46 48.43 47.42 46.42 45.43 44.46 43.51 42.58 41.66 40.76 39.88 39.02 38.18 37.36 36.56 35.77 35.01 34.28 33.56 32.86 32.18 31.47 30.58
39.46 40.53 41.53 42.45 43.27 44.02 44.69 45.29 45.82 46.30 46.71 47.08 47.41 47.70 47.95 48.17 48.37 48.56 48.73 48.89 49.04 49.14 49.16 49.12 49.15 49.39 49.76 50.18 50.60 51.01 51.41 51.80 52.18 52.55 52.91 53.26 53.60 53.93 54.25 54.56 54.86 55.14 55.42 55.68 55.93 56.17 56.35 56.26 55.80 55.00 54.00 52.90 51.71 50.50 49.31 48.15 47.01 45.91 44.83 43.78 42.75 41.76 40.80 39.87 38.97 38.10 37.26 36.46 35.68 34.94 34.24 33.57 32.93 32.32 31.72 31.11 30.34
39.34 40.42 41.51 42.51 43.43 44.24 44.97 45.61 46.18 46.67 47.10 47.46 47.77 48.02 48.23 48.39 48.52 48.62 48.69 48.74 48.71 48.59 48.37 48.09 47.91 47.99 48.25 48.63 49.05 49.48 49.91 50.35 50.79 51.24 51.70 52.16 52.62 53.09 53.57 54.05 54.54 55.03 55.52 56.02 56.52 56.97 57.16 56.97 56.42 55.53 54.45 53.27 52.01 50.69 49.35 48.04 46.77 45.55 44.36 43.22 42.11 41.05 40.03 39.05 38.12 37.23 36.39 35.59 34.83 34.12 33.46 32.84 32.27 31.73 31.22 30.70 30.03
39.18 40.24 41.34 42.43 43.44 44.34 45.14 45.84 46.46 46.98 47.43 47.80 48.10 48.33 48.51 48.63 48.70 48.72 48.70 48.60 48.37 48.04 47.62 47.13 46.76 46.70 46.88 47.23 47.67 48.14 48.63 49.13 49.66 50.21 50.79 51.38 51.99 52.63 53.28 53.96 54.65 55.37 56.10 56.86 57.58 58.03 58.10 57.79 57.13 56.16 55.00 53.75 52.42 51.02 49.56 48.10 46.69 45.33 44.03 42.78 41.58 40.44 39.35 38.32 37.34 36.42 35.55 34.75 34.00 33.30 32.67 32.10 31.58 31.11 30.67 30.24 29.65
38.99 40.04 41.11 42.21 43.30 44.30 45.19 45.96 46.63 47.21 47.68 48.07 48.38 48.61 48.77 48.85 48.88 48.84 48.70 48.42 48.01 47.50 46.89 46.21 45.68 45.51 45.64 45.99 46.47 47.03 47.60 48.20 48.83 49.51 50.22 50.96 51.75 52.56 53.42 54.31 55.24 56.20 57.20 58.17 58.88 59.20 59.14 58.71 57.95 56.88 55.64 54.31 52.90 51.43 49.90 48.33 46.77 45.27 43.83 42.46 41.16 39.92 38.75 37.65 36.62 35.65 34.76 33.93 33.17 32.49 31.88 31.35 30.88 30.46 30.08 29.72 29.21
38.78 39.80 40.85 41.93 43.02 44.11 45.09 45.95 46.69 47.33 47.85 48.27 48.60 48.84 48.99 49.06 49.05 48.91 48.62 48.19 47.63 46.95 46.18 45.35 44.68 44.42 44.52 44.88 45.45 46.13 46.85 47.57 48.34 49.15 50.02 50.95 51.92 52.95 54.03 55.16 56.34 57.57 58.79 59.75 60.30 60.47 60.27 59.73 58.86 57.69 56.36 54.95 53.46 51.91 50.31 48.67 46.99 45.34 43.76 42.26 40.84 39.50 38.24 37.06 35.96 34.94 34.00 33.14 32.37 31.69 31.10 30.59 30.15 29.78 29.46 29.15 28.71
38.55 39.53 40.55 41.60 42.68 43.77 44.83 45.79 46.62 47.33 47.91 48.38 48.74 49.00 49.16 49.22 49.14 48.88 48.46 47.90 47.20 46.40 45.49 44.52 43.74 43.42 43.51 43.92 44.59 45.42 46.34 47.28 48.21 49.20 50.25 51.37 52.56 53.82 55.14 56.53 57.99 59.45 60.64 61.43 61.82 61.83 61.49 60.82 59.84 58.58 57.15 55.65 54.08 52.45 50.78 49.06 47.31 45.55 43.82 42.18 40.63 39.17 37.81 36.53 35.35 34.26 33.27 32.38 31.59 30.91 30.33 29.83 29.42 29.08 28.80 28.55 28.16
38.29 39.24 40.23 41.25 42.29 43.35 44.43 45.47 46.40 47.19 47.85 48.38 48.79 49.08 49.26 49.27 49.09 48.74 48.21 47.54 46.74 45.83 44.82 43.73 42.86 42.51 42.61 43.10 43.89 44.90 46.06 47.28 48.48 49.68 50.94 52.28 53.70 55.21 56.80 58.47 60.16 61.58 62.59 63.19 63.41 63.27 62.78 61.98 60.88 59.52 58.00 56.41 54.75 53.04 51.29 49.50 47.68 45.84 44.00 42.21 40.52 38.93 37.45 36.07 34.80 33.63 32.58 31.65 30.84 30.15 29.57 29.08 28.68 28.36 28.11 27.90 27.57
38.01 38.92 39.88 40.86 41.87 42.90 43.95 45.00 46.01 46.90 47.64 48.25 48.72 49.06 49.21 49.16 48.91 48.47 47.87 47.12 46.24 45.24 44.14 42.97 42.04 41.67 41.82 42.40 43.34 44.56 45.97 47.51 49.07 50.61 52.12 53.70 55.38 57.16 59.04 60.94 62.58 63.80 64.61 65.02 65.07 64.77 64.14 63.21 61.99 60.52 58.90 57.21 55.47 53.67 51.83 49.96 48.07 46.16 44.25 42.35 40.51 38.78 37.17 35.68 34.30 33.05 31.94 30.97 30.14 29.42 28.82 28.33 27.94 27.63 27.41 27.22 26.93
37.71 38.59 39.50 40.45 41.43 42.42 43.43 44.45 45.46 46.44 47.28 47.98 48.52 48.86 48.97 48.87 48.57 48.08 47.43 46.63 45.69 44.63 43.47 42.24 41.27 40.91 41.13 41.83 42.95 44.39 46.09 47.96 49.92 51.89 53.80 55.68 57.64 59.71 61.83 63.68 65.10 66.10 66.70 66.92 66.79 66.33 65.55 64.48 63.14 61.56 59.84 58.05 56.21 54.33 52.40 50.45 48.48 46.50 44.52 42.54 40.59 38.72 36.96 35.34 33.86 32.54 31.37 30.35 29.47 28.73 28.10 27.60 27.19 26.89 26.68 26.51 26.25
37.40 38.23 39.11 40.01 40.95 41.91 42.88 43.86 44.85 45.82 46.75 47.54 48.11 48.44 48.53 48.41 48.08 47.57 46.89 46.05 45.08 43.99 42.79 41.52 40.54 40.22 40.53 41.38 42.69 44.39 46.40 48.63 51.00 53.45 55.87 58.22 60.51 62.83 64.88 66.49 67.67 68.45 68.85 68.88 68.56 67.93 67.00 65.79 64.32 62.63 60.80 58.92 56.98 55.00 52.99 50.95 48.90 46.84 44.78 42.74 40.71 38.73 36.83 35.08 33.50 32.10 30.86 29.78 28.85 28.06 27.41 26.88 26.46 26.15 25.94 25.78 25.53
37.07 37.86 38.69 39.56 40.45 41.37 42.30 43.24 44.19 45.13 46.05 46.87 47.46 47.79 47.88 47.76 47.43 46.92 46.23 45.39 44.41 43.31 42.10 40.82 39.85 39.59 40.02 41.04 42.58 44.56 46.89 49.51 52.33 55.26 58.24 61.18 63.92 66.20 68.00 69.36 70.30 70.86 71.04 70.87 70.37 69.57 68.48 67.12 65.53 63.72 61.78 59.79 57.75 55.68 53.57 51.44 49.31 47.17 45.03 42.92 40.82 38.77 36.77 34.91 33.23 31.74 30.43 29.28 28.29 27.45 26.75 26.18 25.74 25.41 25.19 25.03 24.79
36.74 37.48 38.26 39.08 39.92 40.80 41.69 42.59 43.49 44.39 45.22 45.95 46.53 46.90 47.02 46.92 46.62 46.12 45.46 44.64 43.67 42.59 41.40 40.13 39.19 39.03 39.59 40.81 42.60 44.88 47.57 50.60 53.88 57.34 60.89 64.37 67.36 69.60 71.17 72.27 72.98 73.30 73.27 72.90 72.21 71.23 69.98 68.48 66.75 64.82 62.77 60.67 58.53 56.35 54.15 51.93 49.70 47.48 45.26 43.07 40.90 38.79 36.76 34.84 33.06 31.47 30.07 28.84 27.78 26.87 26.12 25.51 25.03 24.67 24.43 24.27 24.02
36.39 37.08 37.81 38.58 39.38 40.20 41.05 41.90 42.76 43.56 44.26 44.87 45.38 45.76 45.93 45.89 45.63 45.19 44.57 43.79 42.87 41.82 40.67 39.44 38.57 38.51 39.24 40.68 42.74 45.35 48.43 51.89 55.67 59.67 63.72 67.41 70.45 72.77 74.33 75.22 75.68 75.77 75.52 74.94 74.07 72.91 71.49 69.84 67.97 65.92 63.76 61.54 59.29 57.01 54.71 52.39 50.07 47.76 45.46 43.19 40.96 38.82 36.77 34.83 32.99 31.30 29.79 28.47 27.33 26.35 25.53 24.87 24.34 23.95 23.68 23.49 23.23
36.04 36.67 37.35 38.06 38.81 39.59 40.38 41.18 41.94 42.60 43.18 43.67 44.07 44.40 44.62 44.65 44.47 44.10 43.55 42.84 41.98 41.01 39.92 38.75 37.96 38.04 38.96 40.64 43.01 45.97 49.46 53.38 57.67 62.15 66.37 70.06 73.14 75.55 77.23 78.15 78.41 78.26 77.79 77.00 75.93 74.59 73.01 71.20 69.19 67.01 64.73 62.40 60.03 57.64 55.24 52.82 50.41 48.00 45.61 43.27 41.01 38.85 36.79 34.83 32.96 31.21 29.60 28.18 26.94 25.89 24.99 24.26 23.68 23.23 22.93 22.71 22.43
35.68 36.25 36.87 37.53 38.23 38.95 39.68 40.38 41.00 41.53 41.98 42.37 42.68 42.93 43.12 43.21 43.13 42.85 42.39 41.78 41.02 40.13 39.13 38.05 37.37 37.61 38.75 40.70 43.39 46.73 50.65 55.06 59.79 64.39 68.56 72.24 75.35 77.85 79.68 80.77 81.09 80.76 80.06 79.06 77.79 76.27 74.51 72.55 70.39 68.08 65.67 63.22 60.74 58.24 55.73 53.21 50.69 48.19 45.73 43.35 41.07 38.89 36.81 34.83 32.95 31.17 29.49 27.97 26.63 25.48 24.50 23.69 23.04 22.54 22.18 21.93 21.61
35.32 35.83 36.39 36.99 37.63 38.29 38.91 39.47 39.95 40.35 40.70 40.98 41.20 41.38 41.51 41.59 41.60 41.44 41.11 40.61 39.96 39.19 38.30 37.34 36.79 37.22 38.60 40.85 43.88 47.63 52.00 56.82 61.63 66.13 70.23 73.89 77.04 79.63 81.59 82.88 83.43 83.19 82.32 81.11 79.64 77.92 75.99 73.86 71.56 69.11 66.58 64.01 61.41 58.79 56.17 53.54 50.92 48.34 45.84 43.44 41.14 38.94 36.84 34.83 32.93 31.13 29.43 27.84 26.39 25.14 24.06 23.17 22.44 21.87 21.46 21.15 20.79
34.96 35.40 35.90 36.44 37.01 37.56 38.03 38.45 38.80 39.09 39.33 39.52 39.67 39.77 39.85 39.89 39.91 39.86 39.67 39.32 38.82 38.18 37.43 36.61 36.22 36.86 38.51 41.07 44.48 48.65 53.41 58.26 62.91 67.29 71.32 74.96 78.15 80.83 82.93 84.41 85.20 85.24 84.50 83.14 81.46 79.55 77.44 75.15 72.70 70.11 67.44 64.74 62.02 59.29 56.55 53.81 51.10 48.48 45.95 43.53 41.20 38.98 36.86 34.83 32.91 31.09 29.36 27.74 26.23 24.86 23.69 22.69 21.88 21.23 20.75 20.38 19.96
34.60 34.98 35.41 35.87 36.33 36.72 37.06 37.33 37.56 37.75 37.89 38.00 38.08 38.12 38.15 38.16 38.16 38.15 38.09 37.91 37.57 37.10 36.52 35.85 35.65 36.53 38.46 41.37 45.18 49.70 54.44 59.09 63.56 67.82 71.78 75.41 78.63 81.39 83.63 85.30 86.33 86.67 86.26 85.06 83.24 81.14 78.85 76.39 73.78 71.05 68.25 65.42 62.57 59.71 56.86 54.02 51.27 48.62 46.07 43.62 41.27 39.02 36.87 34.82 32.87 31.03 29.28 27.64 26.09 24.66 23.37 22.27 21.36 20.63 20.06 19.62 19.14
