data_processed/recharge/precip/Precip_1989_12.asc
ncols        168
nrows        136
xllcorner    455000
yllcorner    2107000
cellsize     500
NODATA_value     -99999
[rows 70 to 104 of 136, columns 79 to 157 of 168]
7.58 7.40 7.27 7.15 7.06 6.99 6.95 6.93 6.93 6.95 6.98 7.02 7.07 7.13 7.19 7.23 7.22 7.15 7.05 6.90 6.72 6.52 6.31 6.09 5.89 5.69 5.50 5.32 5.15 5.00 4.88 4.79 4.73 4.71 4.72 4.76 4.83 4.94 5.08 5.25 5.45 5.66 5.87 6.09 6.31 6.55 6.81 7.09 7.43 7.83 8.29 8.79 9.32 9.88 10.44 11.00 11.58 12.18 12.79 13.42 14.07 14.72 15.40 16.08 16.77 17.46 18.16 18.83 19.44 19.98 20.45 20.85 21.18 21.44 21.65 21.85 22.04 22.22 22.41
7.35 7.17 7.01 6.88 6.77 6.70 6.64 6.60 6.59 6.58 6.59 6.61 6.64 6.67 6.70 6.74 6.75 6.71 6.62 6.49 6.32 6.12 5.91 5.70 5.50 5.30 5.11 4.93 4.77 4.64 4.53 4.46 4.43 4.42 4.45 4.51 4.59 4.71 4.87 5.05 5.26 5.50 5.75 6.00 6.25 6.52 6.79 7.09 7.43 7.82 8.27 8.74 9.24 9.75 10.26 10.79 11.33 11.89 12.47 13.06 13.66 14.27 14.89 15.52 16.16 16.80 17.44 18.08 18.69 19.23 19.71 20.11 20.44 20.71 20.92 21.11 21.30 21.48 21.67
7.14 6.95 6.78 6.65 6.54 6.45 6.38 6.34 6.31 6.29 6.28 6.28 6.29 6.30 6.31 6.32 6.32 6.30 6.23 6.11 5.95 5.76 5.55 5.34 5.14 4.94 4.76 4.59 4.44 4.33 4.24 4.19 4.17 4.18 4.23 4.30 4.40 4.53 4.69 4.88 5.10 5.35 5.63 5.91 6.20 6.49 6.79 7.10 7.44 7.83 8.26 8.71 9.18 9.65 10.13 10.63 11.15 11.68 12.22 12.77 13.34 13.91 14.48 15.07 15.65 16.24 16.83 17.42 18.01 18.56 19.04 19.44 19.78 20.04 20.25 20.45 20.64 20.83 21.03
6.95 6.76 6.59 6.45 6.34 6.25 6.18 6.12 6.08 6.06 6.04 6.02 6.01 6.00 5.99 5.98 5.96 5.93 5.87 5.77 5.62 5.44 5.23 5.02 4.82 4.63 4.45 4.29 4.17 4.07 4.01 3.98 3.97 4.00 4.05 4.14 4.25 4.40 4.57 4.77 4.99 5.24 5.52 5.83 6.15 6.47 6.78 7.11 7.46 7.85 8.27 8.70 9.14 9.59 10.05 10.53 11.03 11.53 12.05 12.57 13.10 13.64 14.18 14.72 15.26 15.81 16.35 16.89 17.42 17.95 18.43 18.85 19.19 19.46 19.67 19.87 20.07 20.27 20.51
6.77 6.58 6.43 6.29 6.18 6.09 6.02 5.96 5.92 5.88 5.85 5.83 5.81 5.78 5.76 5.73 5.69 5.64 5.57 5.48 5.34 5.16 4.96 4.75 4.55 4.36 4.19 4.06 3.95 3.88 3.83 3.82 3.83 3.87 3.94 4.03 4.16 4.31 4.49 4.69 4.92 5.18 5.46 5.77 6.10 6.45 6.79 7.14 7.50 7.89 8.29 8.71 9.13 9.58 10.03 10.50 10.97 11.46 11.95 12.45 12.95 13.46 13.97 14.48 14.98 15.49 15.99 16.48 16.97 17.45 17.91 18.33 18.68 18.96 19.18 19.39 19.59 19.84 20.21
6.61 6.43 6.28 6.16 6.05 5.97 5.90 5.84 5.79 5.75 5.72 5.69 5.66 5.63 5.59 5.55 5.49 5.43 5.34 5.24 5.11 4.94 4.73 4.52 4.33 4.15 4.01 3.89 3.81 3.75 3.72 3.72 3.74 3.80 3.87 3.98 4.11 4.27 4.46 4.67 4.90 5.16 5.45 5.75 6.09 6.44 6.81 7.17 7.55 7.94 8.34 8.75 9.18 9.62 10.06 10.52 10.99 11.46 11.94 12.42 12.90 13.38 13.86 14.34 14.82 15.29 15.75 16.20 16.65 17.08 17.51 17.91 18.27 18.55 18.78 19.00 19.26 19.64 20.15
6.45 6.29 6.15 6.04 5.95 5.87 5.81 5.75 5.71 5.67 5.64 5.61 5.58 5.54 5.49 5.44 5.37 5.29 5.20 5.08 4.94 4.77 4.56 4.36 4.18 4.02 3.90 3.80 3.73 3.69 3.67 3.68 3.72 3.79 3.87 3.99 4.13 4.29 4.48 4.70 4.93 5.19 5.48 5.79 6.12 6.47 6.84 7.22 7.61 8.01 8.42 8.84 9.27 9.71 10.16 10.61 11.07 11.54 12.00 12.47 12.94 13.40 13.86 14.32 14.77 15.21 15.64 16.06 16.47 16.86 17.24 17.61 17.95 18.24 18.49 18.76 19.15 19.68 20.33
6.30 6.16 6.04 5.94 5.86 5.80 5.74 5.70 5.66 5.63 5.60 5.57 5.54 5.50 5.45 5.39 5.32 5.23 5.12 5.00 4.84 4.66 4.46 4.27 4.11 3.97 3.86 3.78 3.73 3.70 3.70 3.72 3.77 3.84 3.94 4.06 4.20 4.37 4.56 4.78 5.02 5.28 5.56 5.87 6.19 6.54 6.91 7.29 7.70 8.11 8.53 8.97 9.41 9.86 10.31 10.77 11.23 11.69 12.15 12.61 13.07 13.52 13.97 14.40 14.83 15.25 15.66 16.05 16.43 16.79 17.13 17.46 17.76 18.04 18.34 18.75 19.29 19.95 20.73
6.17 6.05 5.95 5.87 5.81 5.76 5.72 5.69 5.66 5.64 5.62 5.59 5.56 5.52 5.47 5.41 5.34 5.24 5.12 4.99 4.82 4.62 4.39 4.21 4.06 3.95 3.86 3.79 3.75 3.74 3.75 3.78 3.84 3.92 4.02 4.15 4.30 4.47 4.67 4.88 5.12 5.38 5.66 5.96 6.28 6.62 6.98 7.36 7.77 8.20 8.65 9.10 9.55 10.02 10.48 10.94 11.41 11.87 12.33 12.79 13.24 13.68 14.12 14.54 14.95 15.35 15.74 16.11 16.46 16.79 17.10 17.40 17.66 17.91 18.25 18.81 19.50 20.30 21.20
6.11 6.01 5.93 5.87 5.83 5.79 5.77 5.75 5.73 5.72 5.70 5.68 5.65 5.61 5.56 5.50 5.42 5.32 5.20 5.05 4.86 4.61 4.32 4.10 3.97 3.87 3.80 3.75 3.73 3.72 3.75 3.79 3.86 3.95 4.06 4.20 4.35 4.53 4.73 4.94 5.18 5.44 5.72 6.02 6.33 6.67 7.02 7.39 7.79 8.22 8.69 9.16 9.63 10.11 10.58 11.06 11.53 12.00 12.46 12.91 13.36 13.80 14.22 14.64 15.03 15.42 15.78 16.13 16.46 16.76 17.05 17.30 17.54 17.74 18.05 18.66 19.48 20.42 21.44
6.11 6.04 5.98 5.94 5.91 5.89 5.88 5.87 5.87 5.86 5.85 5.83 5.81 5.77 5.72 5.66 5.57 5.46 5.33 5.17 4.94 4.63 4.27 4.00 3.83 3.74 3.68 3.65 3.64 3.66 3.69 3.75 3.83 3.93 4.05 4.19 4.35 4.54 4.74 4.96 5.20 5.46 5.73 6.03 6.34 6.67 7.02 7.38 7.76 8.19 8.65 9.14 9.64 10.13 10.62 11.10 11.58 12.06 12.52 12.98 13.42 13.85 14.27 14.67 15.06 15.43 15.78 16.10 16.41 16.69 16.94 17.17 17.36 17.53 17.80 18.38 19.24 20.29 21.43
6.18 6.13 6.10 6.07 6.06 6.06 6.06 6.06 6.06 6.06 6.06 6.05 6.03 5.99 5.94 5.87 5.78 5.67 5.52 5.31 5.02 4.65 4.25 3.91 3.69 3.56 3.51 3.50 3.51 3.54 3.59 3.66 3.75 3.86 3.99 4.14 4.31 4.50 4.71 4.93 5.17 5.43 5.71 6.01 6.32 6.64 6.97 7.32 7.70 8.11 8.57 9.06 9.57 10.08 10.58 11.08 11.57 12.05 12.52 12.98 13.42 13.85 14.26 14.66 15.03 15.39 15.72 16.03 16.31 16.57 16.80 16.99 17.15 17.28 17.52 18.05 18.87 19.96 21.20
6.31 6.28 6.26 6.26 6.26 6.27 6.29 6.30 6.31 6.32 6.32 6.32 6.30 6.26 6.21 6.14 6.04 5.91 5.72 5.46 5.11 4.70 4.24 3.86 3.57 3.39 3.31 3.31 3.33 3.38 3.45 3.53 3.63 3.76 3.90 4.06 4.24 4.43 4.64 4.87 5.12 5.38 5.66 5.95 6.25 6.56 6.89 7.23 7.60 8.00 8.44 8.92 9.43 9.96 10.48 10.99 11.49 11.98 12.46 12.92 13.37 13.80 14.21 14.59 14.96 15.30 15.62 15.91 16.18 16.41 16.61 16.77 16.90 17.00 17.20 17.69 18.46 19.50 20.77
6.49 6.48 6.48 6.49 6.51 6.54 6.56 6.59 6.61 6.63 6.63 6.63 6.61 6.58 6.52 6.45 6.34 6.17 5.93 5.61 5.22 4.75 4.25 3.82 3.49 3.26 3.12 3.09 3.12 3.18 3.27 3.37 3.48 3.62 3.77 3.94 4.13 4.33 4.55 4.78 5.03 5.30 5.57 5.86 6.15 6.46 6.77 7.11 7.46 7.86 8.29 8.75 9.25 9.78 10.31 10.84 11.36 11.86 12.34 12.81 13.26 13.69 14.10 14.48 14.84 15.17 15.48 15.76 16.00 16.21 16.38 16.52 16.62 16.69 16.86 17.31 18.03 19.01 20.23
6.71 6.72 6.74 6.77 6.80 6.84 6.88 6.92 6.95 6.97 6.99 6.99 6.97 6.94 6.88 6.79 6.65 6.43 6.13 5.76 5.33 4.82 4.29 3.82 3.44 3.16 2.98 2.88 2.89 2.96 3.06 3.17 3.30 3.45 3.62 3.80 3.99 4.21 4.43 4.67 4.93 5.19 5.46 5.74 6.03 6.32 6.63 6.95 7.30 7.68 8.10 8.56 9.04 9.55 10.09 10.63 11.17 11.68 12.17 12.65 13.10 13.54 13.94 14.32 14.68 15.00 15.30 15.56 15.78 15.97 16.12 16.23 16.31 16.36 16.50 16.91 17.59 18.52 19.67
6.98 7.00 7.04 7.08 7.13 7.18 7.24 7.28 7.32 7.35 7.37 7.37 7.36 7.33 7.26 7.14 6.94 6.67 6.33 5.92 5.44 4.91 4.34 3.83 3.42 3.10 2.87 2.73 2.68 2.72 2.82 2.96 3.10 3.27 3.44 3.64 3.84 4.06 4.30 4.54 4.80 5.06 5.33 5.60 5.87 6.16 6.46 6.78 7.12 7.49 7.90 8.34 8.81 9.31 9.83 10.37 10.92 11.45 11.95 12.44 12.90 13.34 13.74 14.12 14.47 14.79 15.08 15.32 15.52 15.69 15.82 15.91 15.97 16.00 16.12 16.50 17.14 18.02 19.11
7.30 7.33 7.37 7.43 7.49 7.55 7.62 7.68 7.72 7.76 7.78 7.79 7.78 7.74 7.64 7.46 7.22 6.90 6.52 6.08 5.57 5.00 4.41 3.87 3.42 3.07 2.79 2.61 2.52 2.51 2.58 2.72 2.89 3.07 3.26 3.46 3.68 3.91 4.15 4.40 4.66 4.91 5.17 5.43 5.70 5.98 6.27 6.58 6.91 7.28 7.67 8.10 8.56 9.05 9.55 10.08 10.62 11.16 11.68 12.18 12.65 13.09 13.50 13.88 14.23 14.54 14.81 15.04 15.23 15.38 15.49 15.57 15.61 15.63 15.73 16.08 16.68 17.51 18.55
7.64 7.69 7.74 7.81 7.87 7.95 8.02 8.09 8.15 8.19 8.22 8.23 8.21 8.13 7.99 7.77 7.48 7.13 6.71 6.23 5.70 5.11 4.49 3.93 3.46 3.07 2.76 2.54 2.40 2.35 2.38 2.49 2.66 2.86 3.06 3.28 3.51 3.75 4.00 4.25 4.50 4.74 4.99 5.25 5.51 5.78 6.07 6.37 6.69 7.05 7.43 7.85 8.30 8.77 9.26 9.77 10.30 10.84 11.37 11.88 12.36 12.81 13.22 13.61 13.95 14.25 14.51 14.73 14.90 15.04 15.14 15.20 15.23 15.24 15.32 15.65 16.21 17.00 17.99
8.02 8.08 8.14 8.21 8.29 8.36 8.44 8.52 8.58 8.63 8.67 8.67 8.62 8.50 8.31 8.05 7.73 7.34 6.89 6.39 5.83 5.23 4.59 4.01 3.52 3.10 2.77 2.51 2.34 2.24 2.23 2.30 2.44 2.64 2.86 3.10 3.34 3.59 3.84 4.08 4.32 4.56 4.80 5.05 5.30 5.57 5.85 6.14 6.46 6.80 7.18 7.59 8.02 8.48 8.96 9.45 9.96 10.48 11.01 11.53 12.03 12.48 12.91 13.29 13.63 13.93 14.17 14.38 14.55 14.67 14.76 14.82 14.84 14.83 14.91 15.21 15.75 16.50 17.44
8.43 8.50 8.57 8.64 8.72 8.80 8.88 8.96 9.03 9.09 9.12 9.09 9.00 8.83 8.60 8.31 7.95 7.54 7.07 6.55 5.97 5.35 4.71 4.12 3.60 3.17 2.81 2.53 2.32 2.19 2.14 2.17 2.27 2.44 2.67 2.92 3.17 3.42 3.66 3.90 4.13 4.36 4.60 4.84 5.09 5.35 5.62 5.91 6.22 6.56 6.93 7.32 7.75 8.19 8.65 9.13 9.62 10.13 10.64 11.15 11.66 12.13 12.56 12.94 13.27 13.56 13.80 14.01 14.17 14.29 14.37 14.42 14.44 14.43 14.49 14.78 15.29 16.00 16.90
8.86 8.94 9.01 9.09 9.17 9.26 9.33 9.41 9.48 9.53 9.53 9.47 9.33 9.13 8.87 8.54 8.16 7.73 7.24 6.70 6.12 5.49 4.84 4.24 3.72 3.27 2.89 2.58 2.35 2.20 2.11 2.10 2.16 2.29 2.50 2.75 3.00 3.24 3.48 3.71 3.94 4.16 4.39 4.63 4.87 5.12 5.39 5.67 5.97 6.30 6.67 7.05 7.46 7.89 8.34 8.81 9.28 9.77 10.26 10.76 11.26 11.73 12.16 12.54 12.88 13.16 13.40 13.60 13.76 13.88 13.97 14.01 14.03 14.01 14.07 14.35 14.84 15.52 16.37
9.31 9.39 9.48 9.56 9.64 9.72 9.80 9.87 9.93 9.94 9.90 9.80 9.63 9.39 9.10 8.76 8.35 7.90 7.40 6.85 6.26 5.63 4.98 4.38 3.85 3.39 3.00 2.68 2.43 2.25 2.14 2.09 2.12 2.22 2.37 2.58 2.82 3.06 3.29 3.52 3.74 3.96 4.18 4.41 4.65 4.90 5.16 5.43 5.73 6.05 6.41 6.78 7.18 7.60 8.04 8.49 8.95 9.42 9.89 10.37 10.84 11.30 11.73 12.11 12.45 12.74 12.98 13.18 13.34 13.47 13.55 13.60 13.62 13.60 13.66 13.92 14.40 15.05 15.87
9.78 9.87 9.95 10.04 10.12 10.20 10.27 10.33 10.35 10.31 10.22 10.08 9.88 9.62 9.31 8.94 8.53 8.06 7.55 7.00 6.41 5.78 5.14 4.54 4.01 3.55 3.15 2.82 2.56 2.36 2.22 2.15 2.15 2.21 2.31 2.46 2.66 2.88 3.10 3.32 3.54 3.76 3.98 4.20 4.43 4.68 4.93 5.20 5.49 5.81 6.15 6.52 6.91 7.32 7.74 8.17 8.62 9.07 9.53 9.98 10.42 10.85 11.27 11.65 11.99 12.29 12.54 12.74 12.91 13.04 13.13 13.18 13.21 13.20 13.25 13.51 13.97 14.60 15.38
10.27 10.35 10.44 10.53 10.61 10.68 10.74 10.76 10.72 10.64 10.50 10.32 10.09 9.81 9.48 9.10 8.68 8.21 7.70 7.15 6.56 5.94 5.31 4.72 4.20 3.74 3.34 3.00 2.72 2.51 2.36 2.27 2.24 2.25 2.30 2.39 2.53 2.71 2.92 3.14 3.35 3.56 3.78 3.99 4.22 4.46 4.71 4.97 5.26 5.57 5.90 6.26 6.64 7.04 7.45 7.87 8.30 8.74 9.17 9.60 10.01 10.41 10.79 11.17 11.51 11.82 12.07 12.29 12.47 12.60 12.70 12.77 12.80 12.80 12.86 13.12 13.56 14.17 14.93
10.76 10.85 10.93 11.02 11.09 11.16 11.18 11.14 11.06 10.92 10.74 10.52 10.26 9.97 9.63 9.24 8.81 8.34 7.83 7.29 6.72 6.11 5.49 4.92 4.40 3.95 3.55 3.22 2.94 2.72 2.55 2.44 2.37 2.34 2.34 2.38 2.46 2.58 2.76 2.96 3.17 3.37 3.58 3.80 4.02 4.25 4.50 4.76 5.04 5.34 5.67 6.02 6.39 6.78 7.17 7.58 8.00 8.41 8.82 9.21 9.60 9.97 10.33 10.68 11.01 11.33 11.60 11.83 12.02 12.17 12.28 12.36 12.40 12.41 12.48 12.74 13.18 13.77 14.50
11.25 11.34 11.43 11.51 11.57 11.60 11.56 11.48 11.35 11.17 10.95 10.70 10.41 10.09 9.74 9.35 8.92 8.46 7.96 7.43 6.87 6.28 5.69 5.13 4.63 4.19 3.80 3.47 3.19 2.97 2.80 2.66 2.55 2.47 2.42 2.41 2.44 2.52 2.64 2.80 3.00 3.20 3.41 3.62 3.84 4.06 4.30 4.56 4.83 5.13 5.46 5.80 6.16 6.53 6.92 7.31 7.71 8.10 8.48 8.84 9.20 9.54 9.88 10.20 10.52 10.83 11.12 11.36 11.57 11.73 11.86 11.95 12.01 12.04 12.13 12.39 12.82 13.40 14.10
11.74 11.83 11.92 11.99 12.01 11.98 11.90 11.77 11.60 11.38 11.13 10.85 10.53 10.19 9.82 9.43 9.01 8.55 8.07 7.56 7.02 6.46 5.89 5.36 4.88 4.46 4.08 3.76 3.49 3.27 3.07 2.90 2.75 2.63 2.55 2.50 2.48 2.51 2.58 2.69 2.85 3.04 3.25 3.45 3.67 3.89 4.13 4.38 4.65 4.95 5.26 5.60 5.95 6.31 6.69 7.06 7.43 7.79 8.14 8.48 8.81 9.14 9.45 9.75 10.05 10.34 10.63 10.89 11.12 11.30 11.45 11.56 11.64 11.69 11.79 12.06 12.49 13.06 13.74
12.24 12.32 12.40 12.43 12.40 12.32 12.20 12.03 11.81 11.56 11.28 10.97 10.63 10.27 9.88 9.49 9.07 8.64 8.17 7.68 7.17 6.64 6.10 5.60 5.15 4.75 4.40 4.09 3.83 3.59 3.37 3.16 2.99 2.84 2.72 2.63 2.57 2.56 2.58 2.65 2.76 2.92 3.11 3.31 3.52 3.74 3.98 4.23 4.49 4.78 5.09 5.42 5.76 6.12 6.47 6.83 7.17 7.50 7.83 8.14 8.45 8.75 9.05 9.33 9.61 9.89 10.16 10.42 10.67 10.88 11.05 11.19 11.29 11.36 11.48 11.76 12.19 12.76 13.43
12.72 12.80 12.83 12.81 12.74 12.61 12.45 12.24 11.99 11.71 11.40 11.07 10.71 10.33 9.94 9.53 9.12 8.70 8.26 7.80 7.32 6.82 6.33 5.86 5.44 5.07 4.74 4.45 4.18 3.92 3.68 3.45 3.25 3.07 2.92 2.80 2.71 2.66 2.64 2.67 2.73 2.84 3.00 3.20 3.41 3.62 3.85 4.10 4.36 4.65 4.95 5.27 5.61 5.95 6.28 6.60 6.92 7.23 7.53 7.83 8.12 8.40 8.67 8.94 9.21 9.47 9.73 9.99 10.24 10.47 10.67 10.83 10.96 11.06 11.20 11.50 11.94 12.50 13.16
13.19 13.22 13.21 13.14 13.02 12.86 12.65 12.41 12.13 11.83 11.50 11.14 10.77 10.38 9.98 9.57 9.16 8.75 8.33 7.91 7.46 7.01 6.56 6.13 5.75 5.41 5.11 4.82 4.54 4.26 4.01 3.76 3.54 3.34 3.17 3.02 2.90 2.81 2.76 2.74 2.77 2.84 2.96 3.12 3.32 3.53 3.76 4.00 4.26 4.54 4.84 5.16 5.48 5.79 6.10 6.40 6.70 6.98 7.27 7.54 7.81 8.08 8.34 8.59 8.85 9.10 9.35 9.59 9.84 10.08 10.31 10.50 10.66 10.79 10.96 11.27 11.72 12.28 12.91
13.60 13.59 13.53 13.41 13.26 13.06 12.82 12.55 12.25 11.92 11.57 11.20 10.81 10.42 10.01 9.61 9.20 8.80 8.40 8.01 7.61 7.20 6.79 6.42 6.08 5.77 5.48 5.18 4.89 4.62 4.35 4.09 3.85 3.64 3.44 3.27 3.12 3.01 2.93 2.88 2.87 2.90 2.98 3.10 3.27 3.48 3.70 3.94 4.20 4.48 4.77 5.07 5.37 5.66 5.95 6.23 6.50 6.77 7.03 7.29 7.54 7.79 8.04 8.29 8.53 8.77 9.01 9.25 9.49 9.73 9.97 10.19 10.39 10.55 10.75 11.09 11.55 12.09 12.68
13.96 13.90 13.79 13.64 13.44 13.21 12.94 12.65 12.33 11.98 11.62 11.24 10.85 10.45 10.04 9.64 9.24 8.85 8.47 8.10 7.75 7.39 7.04 6.72 6.42 6.13 5.84 5.54 5.25 4.97 4.70 4.43 4.19 3.95 3.74 3.55 3.39 3.25 3.14 3.07 3.03 3.03 3.07 3.16 3.29 3.47 3.69 3.93 4.18 4.45 4.74 5.02 5.29 5.56 5.82 6.08 6.34 6.59 6.83 7.08 7.32 7.56 7.79 8.03 8.27 8.50 8.73 8.97 9.21 9.44 9.68 9.92 10.15 10.35 10.59 10.95 11.40 11.91 12.44
14.25 14.15 14.00 13.81 13.59 13.33 13.03 12.72 12.38 12.02 11.64 11.26 10.87 10.47 10.07 9.68 9.29 8.91 8.55 8.21 7.88 7.58 7.29 7.02 6.74 6.46 6.18 5.89 5.61 5.33 5.05 4.79 4.53 4.30 4.07 3.87 3.69 3.54 3.41 3.31 3.25 3.22 3.23 3.29 3.38 3.53 3.72 3.95 4.20 4.47 4.73 4.99 5.24 5.49 5.73 5.97 6.21 6.45 6.68 6.91 7.14 7.37 7.60 7.83 8.05 8.28 8.52 8.75 8.98 9.22 9.46 9.71 9.96 10.20 10.47 10.83 11.25 11.70 12.19
14.49 14.35 14.17 13.95 13.69 13.41 13.09 12.76 12.41 12.04 11.66 11.27 10.88 10.48 10.10 9.71 9.34 8.99 8.65 8.33 8.04 7.78 7.54 7.30 7.04 6.78 6.51 6.24 5.96 5.69 5.42 5.15 4.90 4.65 4.43 4.22 4.03 3.86 3.72 3.60 3.52 3.47 3.46 3.48 3.55 3.66 3.82 4.03 4.27 4.51 4.75 4.99 5.22 5.45 5.68 5.91 6.13 6.35 6.57 6.79 7.01 7.23 7.46 7.68 7.90 8.13 8.36 8.60 8.83 9.07 9.32 9.57 9.83 10.09 10.37 10.70 11.08 11.49 11.94
14.80 14.62 14.40 14.14 13.86 13.55 13.21 12.86 12.49 12.11 11.72 11.33 10.94 10.55 10.17 9.80 9.44 9.10 8.79 8.50 8.24 8.00 7.78 7.55 7.32 7.08 6.83 6.57 6.30 6.04 5.78 5.52 5.27 5.02 4.79 4.58 4.38 4.20 4.05 3.92 3.82 3.75 3.72 3.72 3.76 3.84 3.97 4.14 4.35 4.57 4.79 5.01 5.22 5.44 5.65 5.86 6.07 6.29 6.50 6.71 6.93 7.14 7.36 7.58 7.80 8.03 8.26 8.50 8.74 8.99 9.24 9.50 9.77 10.03 10.30 10.59 10.93 11.30 11.72
