data_processed/recharge/precip/Precip_1991_01.asc
ncols        168
nrows        136
xllcorner    455000
yllcorner    2107000
cellsize     500
NODATA_value     -99999
[rows 37 to 73 of 136, columns 0 to 81 of 168]
1.21 1.32 1.43 1.54 1.64 1.74 1.83 1.93 2.02 2.11 2.20 2.29 2.38 2.47 2.56 2.65 2.73 2.82 2.91 3.00 3.09 3.18 3.27 3.36 3.45 3.54 3.63 3.72 3.81 3.90 3.99 4.08 4.16 4.25 4.33 4.41 4.49 4.57 4.65 4.72 4.80 4.87 4.94 5.01 5.08 5.14 5.19 5.22 5.25 5.28 5.29 5.29 5.29 5.28 5.26 5.24 5.21 5.17 5.13 5.08 5.03 4.97 4.90 4.84 4.77 4.70 4.62 4.54 4.46 4.38 4.29 4.20 4.09 3.98 3.85 3.72 3.59 3.44 3.30 3.14 2.99 2.83
1.38 1.49 1.59 1.70 1.80 1.89 1.99 2.08 2.17 2.27 2.36 2.45 2.54 2.63 2.72 2.80 2.89 2.98 3.07 3.16 3.25 3.34 3.43 3.52 3.61 3.70 3.80 3.89 3.98 4.07 4.15 4.24 4.33 4.41 4.49 4.58 4.66 4.74 4.81 4.89 4.96 5.04 5.11 5.18 5.25 5.31 5.37 5.41 5.45 5.48 5.50 5.51 5.51 5.51 5.49 5.47 5.45 5.41 5.38 5.33 5.28 5.22 5.16 5.10 5.03 4.96 4.88 4.80 4.72 4.64 4.54 4.44 4.32 4.19 4.06 3.92 3.77 3.62 3.46 3.30 3.13 2.96
1.54 1.65 1.76 1.86 1.96 2.05 2.15 2.24 2.33 2.42 2.52 2.61 2.70 2.79 2.88 2.97 3.06 3.14 3.23 3.32 3.41 3.50 3.59 3.69 3.78 3.87 3.96 4.05 4.14 4.23 4.32 4.41 4.49 4.58 4.66 4.74 4.82 4.90 4.98 5.06 5.13 5.21 5.28 5.35 5.41 5.48 5.54 5.60 5.64 5.68 5.70 5.72 5.73 5.73 5.72 5.71 5.69 5.66 5.62 5.58 5.53 5.48 5.42 5.36 5.29 5.22 5.15 5.07 4.98 4.89 4.79 4.67 4.54 4.41 4.26 4.11 3.95 3.79 3.62 3.45 3.27 3.10
1.71 1.82 1.92 2.02 2.12 2.21 2.31 2.40 2.49 2.59 2.68 2.77 2.86 2.95 3.04 3.13 3.22 3.31 3.40 3.49 3.58 3.67 3.76 3.85 3.94 4.04 4.13 4.22 4.31 4.40 4.49 4.57 4.66 4.75 4.83 4.91 4.99 5.07 5.15 5.23 5.30 5.38 5.45 5.52 5.58 5.65 5.71 5.77 5.83 5.87 5.90 5.93 5.94 5.95 5.95 5.94 5.92 5.90 5.87 5.83 5.78 5.73 5.68 5.62 5.55 5.48 5.41 5.33 5.24 5.14 5.02 4.90 4.76 4.61 4.46 4.30 4.13 3.96 3.78 3.60 3.41 3.23
1.88 1.98 2.08 2.18 2.28 2.37 2.47 2.56 2.66 2.75 2.84 2.93 3.02 3.11 3.21 3.30 3.39 3.47 3.56 3.65 3.75 3.84 3.93 4.02 4.11 4.20 4.30 4.39 4.48 4.57 4.66 4.74 4.83 4.92 5.00 5.08 5.16 5.24 5.32 5.40 5.47 5.55 5.62 5.69 5.76 5.82 5.89 5.95 6.01 6.06 6.10 6.13 6.15 6.16 6.17 6.17 6.15 6.13 6.11 6.07 6.03 5.99 5.93 5.88 5.81 5.75 5.67 5.58 5.48 5.37 5.25 5.11 4.97 4.81 4.65 4.48 4.31 4.12 3.94 3.75 3.55 3.36
2.04 2.14 2.24 2.34 2.44 2.54 2.63 2.73 2.82 2.91 3.01 3.10 3.19 3.28 3.37 3.46 3.55 3.64 3.73 3.82 3.91 4.00 4.10 4.19 4.28 4.37 4.46 4.56 4.65 4.74 4.83 4.91 5.00 5.09 5.17 5.25 5.33 5.41 5.49 5.57 5.64 5.72 5.79 5.86 5.93 5.99 6.06 6.12 6.18 6.24 6.29 6.32 6.35 6.37 6.38 6.39 6.38 6.37 6.34 6.31 6.28 6.24 6.19 6.13 6.07 6.00 5.92 5.83 5.72 5.60 5.47 5.32 5.17 5.01 4.84 4.66 4.47 4.28 4.09 3.89 3.69 3.48
2.21 2.31 2.41 2.51 2.61 2.70 2.80 2.89 2.99 3.08 3.17 3.27 3.36 3.45 3.54 3.63 3.72 3.81 3.90 3.99 4.08 4.17 4.27 4.36 4.45 4.54 4.64 4.73 4.82 4.91 5.00 5.08 5.17 5.26 5.34 5.42 5.51 5.59 5.66 5.74 5.82 5.89 5.96 6.03 6.10 6.17 6.23 6.29 6.35 6.41 6.47 6.51 6.55 6.58 6.59 6.60 6.60 6.59 6.58 6.55 6.52 6.48 6.44 6.38 6.32 6.25 6.16 6.06 5.94 5.81 5.67 5.52 5.36 5.19 5.01 4.83 4.64 4.44 4.24 4.03 3.82 3.61
2.37 2.47 2.57 2.67 2.77 2.87 2.97 3.06 3.16 3.25 3.34 3.43 3.53 3.62 3.71 3.80 3.89 3.98 4.07 4.16 4.25 4.34 4.44 4.53 4.62 4.71 4.81 4.90 4.99 5.08 5.17 5.26 5.34 5.43 5.51 5.60 5.68 5.76 5.84 5.91 5.99 6.06 6.14 6.21 6.27 6.34 6.41 6.47 6.53 6.59 6.64 6.69 6.74 6.77 6.80 6.81 6.82 6.81 6.80 6.78 6.76 6.72 6.68 6.63 6.57 6.49 6.39 6.28 6.16 6.02 5.87 5.72 5.55 5.37 5.18 4.99 4.79 4.59 4.38 4.17 3.95 3.73
2.54 2.64 2.74 2.84 2.94 3.04 3.13 3.23 3.32 3.42 3.51 3.60 3.70 3.79 3.88 3.97 4.06 4.15 4.24 4.33 4.42 4.51 4.61 4.70 4.79 4.89 4.98 5.07 5.16 5.25 5.34 5.43 5.52 5.60 5.69 5.77 5.85 5.93 6.01 6.09 6.16 6.24 6.31 6.38 6.45 6.51 6.58 6.64 6.70 6.76 6.81 6.87 6.92 6.96 6.99 7.01 7.03 7.03 7.02 7.01 6.99 6.96 6.92 6.87 6.79 6.71 6.60 6.49 6.36 6.22 6.06 5.90 5.72 5.54 5.35 5.15 4.94 4.73 4.52 4.30 4.07 3.85
2.70 2.81 2.91 3.01 3.11 3.20 3.30 3.40 3.49 3.59 3.68 3.77 3.86 3.96 4.05 4.14 4.23 4.32 4.41 4.50 4.59 4.69 4.78 4.87 4.96 5.06 5.15 5.24 5.33 5.42 5.51 5.60 5.69 5.77 5.86 5.94 6.02 6.10 6.18 6.26 6.34 6.41 6.48 6.55 6.62 6.69 6.75 6.81 6.87 6.93 6.99 7.04 7.09 7.14 7.18 7.21 7.23 7.24 7.24 7.23 7.22 7.19 7.15 7.08 7.01 6.91 6.81 6.68 6.55 6.40 6.24 6.07 5.89 5.70 5.50 5.30 5.09 4.87 4.65 4.42 4.20 3.97
2.87 2.97 3.08 3.18 3.28 3.37 3.47 3.57 3.66 3.76 3.85 3.94 4.03 4.13 4.22 4.31 4.40 4.49 4.58 4.67 4.77 4.86 4.95 5.04 5.13 5.23 5.32 5.41 5.51 5.60 5.69 5.77 5.86 5.95 6.03 6.11 6.20 6.28 6.36 6.43 6.51 6.58 6.66 6.73 6.79 6.86 6.93 6.99 7.05 7.11 7.16 7.22 7.27 7.31 7.36 7.40 7.42 7.44 7.45 7.45 7.43 7.40 7.35 7.29 7.21 7.11 6.99 6.87 6.73 6.57 6.41 6.23 6.05 5.85 5.65 5.44 5.22 5.00 4.78 4.55 4.31 4.08
3.04 3.14 3.24 3.34 3.44 3.54 3.64 3.73 3.83 3.92 4.02 4.11 4.20 4.30 4.39 4.48 4.57 4.66 4.75 4.84 4.94 5.03 5.12 5.21 5.31 5.40 5.49 5.58 5.68 5.77 5.86 5.94 6.03 6.12 6.20 6.29 6.37 6.45 6.53 6.61 6.68 6.76 6.83 6.90 6.97 7.03 7.10 7.16 7.22 7.28 7.33 7.39 7.44 7.49 7.53 7.58 7.61 7.63 7.65 7.65 7.63 7.60 7.55 7.48 7.39 7.29 7.17 7.04 6.89 6.73 6.56 6.38 6.19 6.00 5.79 5.57 5.35 5.13 4.90 4.66 4.43 4.19
3.20 3.31 3.41 3.51 3.61 3.71 3.81 3.90 4.00 4.09 4.19 4.28 4.37 4.46 4.56 4.65 4.74 4.83 4.92 5.01 5.11 5.20 5.29 5.38 5.48 5.57 5.66 5.76 5.85 5.94 6.03 6.12 6.20 6.29 6.37 6.46 6.54 6.62 6.70 6.78 6.85 6.93 7.00 7.07 7.14 7.20 7.27 7.33 7.39 7.45 7.50 7.56 7.61 7.66 7.70 7.75 7.79 7.82 7.84 7.84 7.82 7.78 7.72 7.65 7.56 7.45 7.33 7.19 7.04 6.88 6.71 6.52 6.33 6.13 5.92 5.70 5.48 5.25 5.01 4.77 4.53 4.29
3.37 3.47 3.58 3.68 3.78 3.88 3.97 4.07 4.17 4.26 4.35 4.45 4.54 4.63 4.73 4.82 4.91 5.00 5.09 5.18 5.27 5.37 5.46 5.55 5.65 5.74 5.83 5.92 6.02 6.11 6.20 6.29 6.37 6.46 6.54 6.63 6.71 6.79 6.87 6.95 7.02 7.10 7.17 7.24 7.31 7.37 7.44 7.50 7.56 7.62 7.67 7.73 7.78 7.83 7.87 7.92 7.96 7.99 8.01 8.01 7.98 7.94 7.88 7.80 7.71 7.60 7.47 7.33 7.18 7.02 6.84 6.65 6.46 6.25 6.04 5.82 5.59 5.36 5.12 4.88 4.63 4.39
3.54 3.64 3.74 3.84 3.94 4.04 4.14 4.24 4.33 4.43 4.52 4.61 4.71 4.80 4.89 4.98 5.08 5.17 5.26 5.35 5.44 5.53 5.63 5.72 5.81 5.91 6.00 6.09 6.18 6.28 6.37 6.45 6.54 6.63 6.71 6.80 6.88 6.96 7.04 7.11 7.19 7.26 7.34 7.41 7.48 7.54 7.61 7.67 7.73 7.79 7.84 7.90 7.95 7.99 8.04 8.08 8.12 8.15 8.16 8.16 8.13 8.09 8.02 7.94 7.84 7.73 7.60 7.46 7.31 7.14 6.96 6.77 6.57 6.36 6.15 5.92 5.69 5.46 5.22 4.98 4.73 4.48
3.70 3.80 3.91 4.01 4.11 4.21 4.30 4.40 4.50 4.59 4.69 4.78 4.87 4.97 5.06 5.15 5.24 5.33 5.43 5.52 5.61 5.70 5.79 5.89 5.98 6.07 6.17 6.26 6.35 6.44 6.53 6.62 6.71 6.79 6.88 6.96 7.04 7.12 7.20 7.28 7.36 7.43 7.50 7.57 7.64 7.71 7.77 7.83 7.89 7.95 8.01 8.06 8.11 8.16 8.21 8.25 8.28 8.29 8.30 8.29 8.26 8.21 8.14 8.06 7.96 7.85 7.72 7.57 7.42 7.25 7.07 6.87 6.67 6.46 6.25 6.02 5.79 5.55 5.31 5.07 4.82 4.57
3.86 3.97 4.07 4.17 4.27 4.37 4.47 4.57 4.66 4.76 4.85 4.94 5.04 5.13 5.22 5.32 5.41 5.50 5.59 5.68 5.77 5.87 5.96 6.05 6.14 6.24 6.33 6.42 6.52 6.61 6.70 6.78 6.87 6.96 7.04 7.13 7.21 7.29 7.37 7.44 7.52 7.59 7.67 7.74 7.81 7.87 7.94 8.00 8.06 8.12 8.17 8.22 8.28 8.32 8.37 8.40 8.42 8.42 8.42 8.40 8.36 8.32 8.25 8.16 8.06 7.95 7.82 7.67 7.51 7.34 7.16 6.97 6.76 6.55 6.33 6.11 5.88 5.64 5.40 5.15 4.90 4.65
4.02 4.13 4.23 4.33 4.43 4.53 4.63 4.73 4.82 4.92 5.01 5.11 5.20 5.29 5.39 5.48 5.57 5.66 5.75 5.84 5.94 6.03 6.12 6.21 6.31 6.40 6.49 6.59 6.68 6.77 6.86 6.95 7.03 7.12 7.20 7.29 7.37 7.45 7.53 7.61 7.68 7.76 7.83 7.90 7.97 8.03 8.10 8.16 8.22 8.28 8.33 8.39 8.44 8.48 8.52 8.54 8.54 8.54 8.52 8.49 8.45 8.40 8.33 8.25 8.15 8.03 7.90 7.75 7.59 7.42 7.24 7.04 6.84 6.63 6.41 6.18 5.95 5.71 5.47 5.23 4.98 4.73
4.18 4.29 4.39 4.49 4.59 4.69 4.79 4.89 4.98 5.08 5.17 5.27 5.36 5.45 5.55 5.64 5.73 5.82 5.91 6.00 6.10 6.19 6.28 6.37 6.47 6.56 6.65 6.75 6.84 6.93 7.02 7.11 7.19 7.28 7.36 7.45 7.53 7.61 7.69 7.77 7.84 7.92 7.99 8.06 8.13 8.19 8.26 8.32 8.38 8.43 8.49 8.54 8.59 8.63 8.65 8.66 8.66 8.64 8.62 8.58 8.53 8.47 8.40 8.31 8.21 8.09 7.96 7.82 7.66 7.49 7.30 7.11 6.91 6.70 6.48 6.25 6.02 5.78 5.54 5.29 5.04 4.79
4.34 4.44 4.55 4.65 4.75 4.85 4.95 5.04 5.14 5.24 5.33 5.42 5.52 5.61 5.70 5.80 5.89 5.98 6.07 6.16 6.25 6.35 6.44 6.53 6.62 6.72 6.81 6.90 7.00 7.09 7.18 7.26 7.35 7.44 7.52 7.60 7.69 7.77 7.84 7.92 8.00 8.07 8.14 8.21 8.28 8.35 8.41 8.47 8.53 8.59 8.64 8.70 8.73 8.76 8.77 8.77 8.76 8.73 8.70 8.65 8.59 8.52 8.45 8.36 8.26 8.14 8.01 7.86 7.71 7.54 7.35 7.16 6.96 6.75 6.53 6.30 6.07 5.84 5.59 5.35 5.10 4.85
4.49 4.60 4.70 4.80 4.90 5.00 5.10 5.20 5.30 5.39 5.49 5.58 5.67 5.77 5.86 5.95 6.04 6.13 6.23 6.32 6.41 6.50 6.59 6.69 6.78 6.87 6.97 7.06 7.15 7.24 7.33 7.42 7.50 7.59 7.67 7.76 7.84 7.92 8.00 8.07 8.15 8.22 8.30 8.37 8.43 8.50 8.56 8.62 8.68 8.74 8.79 8.83 8.86 8.88 8.88 8.87 8.84 8.81 8.76 8.71 8.64 8.57 8.48 8.39 8.29 8.17 8.04 7.90 7.74 7.57 7.39 7.20 7.00 6.79 6.57 6.35 6.12 5.88 5.64 5.40 5.15 4.91
4.65 4.75 4.85 4.96 5.06 5.16 5.25 5.35 5.45 5.54 5.64 5.73 5.82 5.92 6.01 6.10 6.19 6.29 6.38 6.47 6.56 6.65 6.74 6.84 6.93 7.02 7.12 7.21 7.30 7.39 7.48 7.57 7.65 7.74 7.82 7.91 7.99 8.07 8.15 8.22 8.30 8.37 8.44 8.51 8.58 8.65 8.71 8.77 8.83 8.89 8.93 8.96 8.98 8.98 8.97 8.95 8.92 8.87 8.82 8.75 8.68 8.60 8.51 8.41 8.30 8.18 8.05 7.91 7.75 7.59 7.41 7.22 7.02 6.81 6.60 6.38 6.15 5.92 5.68 5.44 5.20 4.95
4.80 4.90 5.00 5.10 5.21 5.30 5.40 5.50 5.60 5.69 5.79 5.88 5.97 6.07 6.16 6.25 6.34 6.43 6.53 6.62 6.71 6.80 6.89 6.98 7.08 7.17 7.26 7.36 7.45 7.54 7.63 7.71 7.80 7.89 7.97 8.05 8.13 8.21 8.29 8.37 8.44 8.52 8.59 8.66 8.73 8.79 8.85 8.92 8.97 9.02 9.05 9.07 9.07 9.07 9.05 9.02 8.97 8.92 8.86 8.79 8.71 8.62 8.52 8.41 8.30 8.17 8.05 7.91 7.75 7.59 7.41 7.23 7.03 6.83 6.61 6.40 6.17 5.94 5.71 5.47 5.23 4.99
4.94 5.05 5.15 5.25 5.35 5.45 5.55 5.64 5.74 5.84 5.93 6.02 6.12 6.21 6.30 6.40 6.49 6.58 6.67 6.76 6.85 6.94 7.04 7.13 7.22 7.31 7.41 7.50 7.59 7.68 7.77 7.86 7.94 8.03 8.11 8.20 8.28 8.36 8.43 8.51 8.59 8.66 8.73 8.80 8.87 8.93 8.99 9.05 9.10 9.13 9.15 9.16 9.16 9.14 9.11 9.07 9.02 8.96 8.89 8.81 8.72 8.62 8.52 8.40 8.28 8.16 8.02 7.88 7.73 7.57 7.40 7.22 7.03 6.82 6.62 6.40 6.18 5.95 5.72 5.49 5.25 5.01
5.09 5.19 5.29 5.39 5.49 5.59 5.69 5.79 5.88 5.98 6.07 6.17 6.26 6.35 6.44 6.54 6.63 6.72 6.81 6.90 6.99 7.08 7.18 7.27 7.36 7.45 7.55 7.64 7.73 7.82 7.91 8.00 8.08 8.17 8.25 8.33 8.41 8.49 8.57 8.65 8.72 8.79 8.87 8.93 9.00 9.07 9.13 9.18 9.21 9.23 9.24 9.24 9.22 9.20 9.16 9.11 9.05 8.98 8.90 8.81 8.72 8.61 8.50 8.38 8.26 8.13 7.99 7.85 7.70 7.54 7.37 7.19 7.00 6.81 6.60 6.39 6.17 5.95 5.73 5.50 5.26 5.03
5.23 5.33 5.43 5.53 5.63 5.73 5.83 5.92 6.02 6.11 6.21 6.30 6.40 6.49 6.58 6.67 6.76 6.85 6.95 7.04 7.13 7.22 7.31 7.40 7.50 7.59 7.68 7.77 7.86 7.95 8.04 8.13 8.22 8.30 8.38 8.47 8.55 8.63 8.70 8.78 8.85 8.93 9.00 9.07 9.13 9.20 9.25 9.28 9.31 9.32 9.32 9.30 9.28 9.24 9.19 9.13 9.06 8.99 8.90 8.81 8.70 8.59 8.48 8.35 8.22 8.08 7.94 7.80 7.65 7.49 7.33 7.15 6.97 6.78 6.58 6.37 6.16 5.94 5.72 5.49 5.27 5.04
5.37 5.47 5.57 5.67 5.76 5.86 5.96 6.06 6.15 6.25 6.34 6.43 6.53 6.62 6.71 6.80 6.90 6.99 7.08 7.17 7.26 7.35 7.44 7.53 7.63 7.72 7.81 7.90 7.99 8.08 8.17 8.26 8.34 8.43 8.51 8.59 8.67 8.75 8.83 8.91 8.98 9.05 9.12 9.19 9.26 9.31 9.35 9.37 9.38 9.38 9.37 9.35 9.31 9.27 9.21 9.14 9.07 8.98 8.89 8.79 8.68 8.56 8.44 8.31 8.17 8.03 7.89 7.74 7.58 7.42 7.26 7.09 6.92 6.73 6.53 6.33 6.13 5.91 5.70 5.48 5.26 5.03
5.51 5.60 5.70 5.80 5.89 5.99 6.09 6.18 6.28 6.37 6.47 6.56 6.66 6.75 6.84 6.93 7.02 7.11 7.20 7.29 7.39 7.48 7.57 7.66 7.75 7.84 7.94 8.03 8.12 8.21 8.29 8.38 8.47 8.55 8.63 8.72 8.80 8.88 8.95 9.03 9.10 9.17 9.24 9.31 9.36 9.40 9.43 9.44 9.45 9.43 9.41 9.38 9.33 9.28 9.21 9.14 9.05 8.96 8.86 8.75 8.64 8.51 8.38 8.25 8.11 7.97 7.82 7.66 7.51 7.35 7.18 7.02 6.85 6.67 6.48 6.28 6.08 5.88 5.67 5.45 5.24 5.02
5.64 5.73 5.83 5.92 6.02 6.12 6.21 6.31 6.40 6.50 6.59 6.68 6.78 6.87 6.96 7.05 7.14 7.23 7.33 7.42 7.51 7.60 7.69 7.78 7.87 7.96 8.06 8.15 8.24 8.33 8.41 8.50 8.59 8.67 8.75 8.83 8.91 8.99 9.07 9.14 9.22 9.29 9.36 9.41 9.45 9.48 9.50 9.50 9.49 9.47 9.44 9.39 9.34 9.27 9.20 9.12 9.03 8.93 8.82 8.70 8.58 8.45 8.32 8.18 8.04 7.89 7.74 7.58 7.42 7.26 7.10 6.93 6.76 6.59 6.40 6.22 6.02 5.82 5.62 5.41 5.20 4.99
5.76 5.86 5.95 6.05 6.14 6.24 6.33 6.43 6.52 6.61 6.71 6.80 6.89 6.99 7.08 7.17 7.26 7.35 7.44 7.53 7.62 7.71 7.80 7.89 7.99 8.08 8.17 8.26 8.35 8.44 8.53 8.61 8.70 8.78 8.86 8.95 9.02 9.10 9.18 9.25 9.33 9.40 9.45 9.50 9.53 9.54 9.55 9.54 9.52 9.49 9.44 9.39 9.33 9.25 9.17 9.08 8.98 8.88 8.76 8.64 8.52 8.38 8.24 8.10 7.95 7.80 7.65 7.49 7.32 7.16 7.00 6.83 6.66 6.49 6.32 6.13 5.95 5.76 5.56 5.36 5.16 4.96
5.89 5.98 6.07 6.17 6.26 6.35 6.45 6.54 6.63 6.73 6.82 6.91 7.01 7.10 7.19 7.28 7.37 7.46 7.55 7.64 7.73 7.82 7.91 8.00 8.09 8.19 8.28 8.37 8.46 8.55 8.63 8.72 8.80 8.89 8.97 9.05 9.13 9.21 9.28 9.36 9.43 9.49 9.53 9.56 9.58 9.59 9.58 9.56 9.53 9.49 9.43 9.37 9.30 9.22 9.13 9.03 8.93 8.81 8.69 8.57 8.44 8.30 8.15 8.01 7.86 7.70 7.54 7.38 7.22 7.05 6.88 6.72 6.55 6.38 6.21 6.04 5.86 5.68 5.49 5.30 5.10 4.91
6.00 6.09 6.19 6.28 6.37 6.46 6.56 6.65 6.74 6.83 6.93 7.02 7.11 7.20 7.29 7.38 7.47 7.56 7.65 7.74 7.83 7.92 8.02 8.11 8.20 8.29 8.38 8.47 8.56 8.65 8.73 8.82 8.90 8.99 9.07 9.15 9.23 9.31 9.38 9.45 9.51 9.56 9.59 9.61 9.62 9.61 9.59 9.56 9.52 9.47 9.41 9.34 9.26 9.17 9.07 8.97 8.86 8.74 8.61 8.48 8.34 8.20 8.05 7.90 7.75 7.59 7.43 7.26 7.10 6.93 6.76 6.59 6.43 6.26 6.09 5.92 5.75 5.58 5.40 5.22 5.03 4.85
6.11 6.20 6.29 6.39 6.48 6.57 6.66 6.75 6.84 6.93 7.03 7.12 7.21 7.30 7.39 7.48 7.57 7.66 7.75 7.84 7.93 8.02 8.11 8.20 8.29 8.38 8.47 8.56 8.65 8.74 8.83 8.91 9.00 9.08 9.16 9.24 9.32 9.40 9.47 9.53 9.58 9.61 9.63 9.64 9.63 9.62 9.59 9.55 9.50 9.44 9.37 9.29 9.20 9.10 9.00 8.89 8.77 8.64 8.51 8.38 8.23 8.09 7.94 7.78 7.62 7.46 7.30 7.13 6.97 6.80 6.63 6.46 6.29 6.13 5.96 5.80 5.63 5.47 5.30 5.13 4.95 4.77
6.21 6.31 6.40 6.49 6.58 6.67 6.76 6.85 6.94 7.03 7.12 7.21 7.30 7.39 7.48 7.57 7.66 7.75 7.84 7.93 8.02 8.11 8.20 8.29 8.38 8.47 8.56 8.65 8.74 8.83 8.91 9.00 9.08 9.17 9.25 9.33 9.41 9.48 9.54 9.59 9.62 9.65 9.65 9.65 9.63 9.61 9.57 9.52 9.46 9.39 9.31 9.22 9.13 9.02 8.91 8.79 8.67 8.54 8.40 8.26 8.11 7.96 7.81 7.65 7.49 7.33 7.16 6.99 6.83 6.66 6.49 6.32 6.15 5.99 5.82 5.66 5.50 5.34 5.18 5.02 4.85 4.69
6.31 6.40 6.49 6.58 6.67 6.76 6.85 6.94 7.03 7.12 7.21 7.30 7.39 7.48 7.57 7.66 7.75 7.84 7.93 8.02 8.10 8.19 8.28 8.37 8.46 8.55 8.64 8.73 8.82 8.91 8.99 9.08 9.16 9.24 9.33 9.40 9.48 9.54 9.59 9.63 9.65 9.66 9.66 9.64 9.61 9.58 9.53 9.47 9.40 9.32 9.23 9.14 9.04 8.93 8.81 8.68 8.55 8.42 8.27 8.13 7.98 7.82 7.67 7.51 7.34 7.18 7.01 6.84 6.67 6.50 6.34 6.17 6.00 5.84 5.67 5.51 5.35 5.20 5.05 4.90 4.74 4.59
6.40 6.49 6.58 6.67 6.76 6.84 6.93 7.02 7.11 7.20 7.29 7.38 7.47 7.56 7.65 7.74 7.83 7.91 8.00 8.09 8.18 8.27 8.36 8.45 8.54 8.63 8.72 8.81 8.89 8.98 9.07 9.15 9.23 9.32 9.40 9.47 9.54 9.59 9.62 9.65 9.66 9.65 9.64 9.61 9.58 9.53 9.47 9.40 9.32 9.24 9.14 9.04 8.93 8.81 8.69 8.56 8.42 8.28 8.13 7.98 7.83 7.67 7.51 7.35 7.18 7.02 6.85 6.68 6.51 6.34 6.17 6.00 5.84 5.68 5.51 5.36 5.20 5.05 4.90 4.76 4.62 4.47
6.48 6.57 6.66 6.75 6.84 6.92 7.01 7.10 7.19 7.28 7.36 7.45 7.54 7.63 7.72 7.81 7.90 7.98 8.07 8.16 8.25 8.34 8.43 8.52 8.60 8.69 8.78 8.87 8.96 9.05 9.13 9.21 9.30 9.38 9.46 9.52 9.57 9.61 9.63 9.65 9.64 9.63 9.60 9.57 9.52 9.46 9.39 9.32 9.23 9.14 9.03 8.92 8.81 8.68 8.55 8.42 8.28 8.13 7.98 7.83 7.67 7.51 7.34 7.18 7.01 6.84 6.67 6.50 6.33 6.16 6.00 5.83 5.67 5.50 5.35 5.19 5.04 4.89 4.75 4.61 4.48 4.35
