data_processed/recharge/precip/Precip_2008_02.asc
ncols        168
nrows        136
xllcorner    455000
yllcorner    2107000
cellsize     500
NODATA_value     -99999
[rows 37 to 73 of 136, columns 84 to 167 of 168]
4.17 4.04 3.90 3.77 3.64 3.52 3.41 3.30 3.20 3.10 3.01 2.92 2.85 2.78 2.74 2.71 2.71 2.73 2.78 2.85 2.93 3.03 3.13 3.23 3.31 3.37 3.43 3.47 3.49 3.50 3.49 3.46 3.41 3.34 3.27 3.19 3.11 3.02 2.93 2.84 2.75 2.66 2.57 2.48 2.40 2.32 2.24 2.18 2.13 2.10 2.07 2.06 2.06 2.07 2.08 2.10 2.13 2.17 2.21 2.25 2.30 2.35 2.40 2.44 2.46 2.48 2.47 2.46 2.43 2.40 2.37 2.33 2.30 2.29 2.29 2.30 2.32 2.36 2.41 2.47 2.54 2.63 2.74 2.86
4.09 3.95 3.81 3.67 3.54 3.42 3.30 3.19 3.08 2.98 2.88 2.80 2.72 2.66 2.62 2.59 2.59 2.62 2.66 2.72 2.81 2.90 3.01 3.11 3.20 3.28 3.34 3.38 3.41 3.42 3.40 3.37 3.32 3.26 3.19 3.12 3.04 2.96 2.87 2.78 2.69 2.60 2.51 2.42 2.34 2.26 2.18 2.11 2.06 2.02 1.99 1.97 1.97 1.97 1.99 2.01 2.04 2.09 2.14 2.19 2.25 2.31 2.37 2.41 2.45 2.47 2.47 2.46 2.43 2.40 2.37 2.33 2.29 2.26 2.24 2.23 2.24 2.26 2.29 2.33 2.39 2.46 2.55 2.67
4.01 3.87 3.72 3.58 3.45 3.32 3.20 3.08 2.96 2.86 2.76 2.67 2.60 2.54 2.50 2.47 2.48 2.50 2.54 2.60 2.68 2.77 2.87 2.98 3.08 3.16 3.23 3.28 3.31 3.31 3.30 3.27 3.22 3.17 3.11 3.04 2.97 2.89 2.80 2.71 2.62 2.53 2.44 2.36 2.27 2.20 2.12 2.05 1.99 1.94 1.91 1.89 1.88 1.89 1.90 1.93 1.96 2.01 2.07 2.14 2.21 2.27 2.34 2.39 2.43 2.46 2.46 2.45 2.43 2.40 2.36 2.31 2.27 2.22 2.19 2.16 2.15 2.15 2.17 2.19 2.23 2.29 2.37 2.48
3.94 3.79 3.64 3.50 3.36 3.22 3.09 2.97 2.85 2.74 2.64 2.55 2.48 2.42 2.38 2.36 2.36 2.39 2.43 2.49 2.56 2.64 2.73 2.83 2.93 3.03 3.10 3.15 3.18 3.19 3.18 3.16 3.12 3.08 3.02 2.96 2.89 2.81 2.73 2.64 2.55 2.46 2.38 2.29 2.21 2.13 2.06 1.99 1.93 1.88 1.84 1.81 1.80 1.80 1.82 1.85 1.89 1.95 2.02 2.09 2.17 2.24 2.31 2.37 2.41 2.44 2.45 2.44 2.42 2.38 2.34 2.29 2.24 2.18 2.13 2.09 2.06 2.04 2.03 2.04 2.06 2.11 2.19 2.29
3.88 3.72 3.57 3.42 3.27 3.13 2.99 2.86 2.73 2.62 2.52 2.43 2.35 2.30 2.26 2.25 2.25 2.28 2.32 2.37 2.44 2.51 2.60 2.69 2.78 2.87 2.95 3.01 3.05 3.06 3.06 3.04 3.02 2.98 2.93 2.88 2.81 2.74 2.66 2.57 2.48 2.39 2.31 2.22 2.14 2.07 2.00 1.93 1.87 1.82 1.78 1.74 1.73 1.73 1.75 1.78 1.84 1.90 1.98 2.06 2.14 2.21 2.29 2.35 2.40 2.43 2.44 2.43 2.40 2.36 2.31 2.26 2.19 2.13 2.07 2.01 1.95 1.91 1.89 1.88 1.90 1.94 2.01 2.11
3.83 3.66 3.50 3.34 3.18 3.03 2.89 2.75 2.62 2.50 2.40 2.31 2.23 2.18 2.15 2.14 2.14 2.17 2.21 2.26 2.32 2.39 2.47 2.55 2.63 2.72 2.79 2.85 2.90 2.92 2.93 2.93 2.91 2.88 2.84 2.79 2.73 2.66 2.58 2.49 2.41 2.32 2.24 2.15 2.07 2.00 1.93 1.87 1.81 1.76 1.72 1.68 1.67 1.67 1.69 1.73 1.79 1.86 1.94 2.03 2.11 2.19 2.27 2.33 2.38 2.41 2.42 2.41 2.38 2.33 2.28 2.21 2.14 2.06 1.99 1.91 1.84 1.78 1.74 1.72 1.73 1.77 1.83 1.93
3.78 3.60 3.43 3.27 3.10 2.94 2.79 2.64 2.51 2.39 2.28 2.19 2.12 2.07 2.04 2.03 2.04 2.06 2.10 2.15 2.21 2.28 2.34 2.42 2.49 2.56 2.63 2.69 2.74 2.78 2.80 2.80 2.80 2.77 2.74 2.70 2.64 2.57 2.50 2.42 2.33 2.25 2.16 2.08 2.01 1.93 1.87 1.80 1.75 1.70 1.66 1.63 1.61 1.62 1.65 1.70 1.76 1.84 1.92 2.00 2.09 2.17 2.25 2.32 2.37 2.40 2.40 2.39 2.35 2.30 2.24 2.16 2.08 1.99 1.89 1.80 1.71 1.64 1.59 1.57 1.57 1.60 1.66 1.75
3.73 3.55 3.37 3.19 3.02 2.85 2.69 2.54 2.40 2.27 2.16 2.07 2.00 1.95 1.93 1.92 1.94 1.96 2.00 2.05 2.10 2.16 2.22 2.29 2.35 2.41 2.47 2.52 2.58 2.63 2.66 2.68 2.68 2.67 2.64 2.60 2.55 2.49 2.42 2.34 2.25 2.17 2.09 2.01 1.94 1.87 1.80 1.74 1.69 1.64 1.60 1.58 1.58 1.59 1.63 1.68 1.74 1.82 1.90 1.99 2.08 2.16 2.24 2.30 2.36 2.38 2.38 2.36 2.32 2.26 2.19 2.10 2.00 1.90 1.79 1.68 1.58 1.50 1.45 1.42 1.42 1.44 1.49 1.57
3.69 3.50 3.31 3.12 2.94 2.76 2.59 2.43 2.29 2.16 2.05 1.96 1.89 1.85 1.83 1.83 1.84 1.87 1.90 1.95 2.00 2.05 2.11 2.17 2.22 2.27 2.32 2.37 2.43 2.48 2.52 2.55 2.56 2.56 2.54 2.51 2.46 2.40 2.34 2.26 2.18 2.10 2.02 1.94 1.87 1.80 1.74 1.68 1.63 1.59 1.56 1.55 1.56 1.58 1.62 1.67 1.74 1.82 1.90 1.99 2.07 2.16 2.23 2.30 2.34 2.37 2.36 2.34 2.29 2.22 2.13 2.03 1.92 1.80 1.67 1.55 1.45 1.37 1.31 1.27 1.27 1.28 1.33 1.40
3.65 3.45 3.25 3.05 2.86 2.67 2.50 2.34 2.19 2.06 1.95 1.86 1.79 1.74 1.73 1.73 1.75 1.78 1.81 1.86 1.90 1.95 2.00 2.05 2.09 2.14 2.19 2.24 2.28 2.33 2.38 2.42 2.44 2.44 2.43 2.41 2.37 2.32 2.25 2.18 2.10 2.02 1.94 1.87 1.80 1.73 1.67 1.62 1.57 1.54 1.52 1.53 1.55 1.58 1.62 1.68 1.75 1.82 1.91 1.99 2.08 2.16 2.23 2.29 2.34 2.35 2.34 2.31 2.25 2.17 2.07 1.95 1.82 1.69 1.55 1.43 1.33 1.24 1.18 1.13 1.12 1.13 1.17 1.23
3.61 3.41 3.20 2.99 2.78 2.59 2.41 2.24 2.09 1.96 1.84 1.75 1.69 1.65 1.63 1.64 1.66 1.69 1.73 1.77 1.81 1.86 1.90 1.94 1.98 2.03 2.07 2.11 2.16 2.20 2.24 2.28 2.32 2.33 2.33 2.31 2.28 2.23 2.17 2.10 2.02 1.94 1.87 1.80 1.73 1.67 1.61 1.56 1.52 1.51 1.50 1.52 1.55 1.59 1.64 1.70 1.77 1.85 1.93 2.01 2.09 2.17 2.24 2.29 2.33 2.34 2.32 2.28 2.21 2.11 2.00 1.87 1.72 1.58 1.44 1.32 1.21 1.12 1.05 1.00 0.98 0.98 1.01 1.07
3.57 3.36 3.14 2.92 2.71 2.51 2.32 2.15 2.00 1.86 1.75 1.66 1.59 1.55 1.55 1.56 1.58 1.61 1.65 1.69 1.73 1.77 1.81 1.85 1.89 1.93 1.97 2.01 2.04 2.08 2.12 2.16 2.19 2.21 2.22 2.21 2.18 2.14 2.08 2.02 1.94 1.87 1.80 1.73 1.67 1.61 1.55 1.51 1.49 1.49 1.50 1.53 1.56 1.61 1.67 1.74 1.81 1.88 1.96 2.04 2.11 2.18 2.25 2.30 2.33 2.33 2.30 2.25 2.16 2.05 1.92 1.78 1.62 1.48 1.34 1.21 1.10 1.01 0.93 0.88 0.85 0.84 0.86 0.92
3.53 3.31 3.08 2.86 2.65 2.44 2.24 2.07 1.91 1.77 1.65 1.57 1.50 1.47 1.47 1.48 1.51 1.54 1.58 1.62 1.65 1.69 1.73 1.77 1.80 1.84 1.88 1.91 1.95 1.98 2.01 2.04 2.07 2.10 2.11 2.11 2.09 2.05 2.00 1.94 1.86 1.80 1.73 1.66 1.60 1.55 1.50 1.48 1.47 1.48 1.51 1.55 1.59 1.65 1.71 1.78 1.85 1.93 2.00 2.07 2.14 2.21 2.26 2.30 2.33 2.32 2.28 2.21 2.12 1.99 1.85 1.69 1.54 1.39 1.25 1.12 1.01 0.91 0.83 0.76 0.73 0.71 0.72 0.77
3.49 3.26 3.03 2.80 2.58 2.37 2.17 1.99 1.82 1.68 1.57 1.48 1.42 1.39 1.39 1.41 1.44 1.48 1.51 1.55 1.59 1.62 1.66 1.70 1.73 1.77 1.80 1.83 1.86 1.89 1.92 1.94 1.97 1.99 2.00 2.01 1.99 1.96 1.92 1.86 1.79 1.72 1.66 1.60 1.54 1.50 1.47 1.47 1.47 1.50 1.53 1.58 1.64 1.70 1.77 1.84 1.91 1.98 2.06 2.12 2.18 2.24 2.29 2.32 2.33 2.32 2.27 2.18 2.07 1.93 1.77 1.62 1.47 1.32 1.18 1.05 0.93 0.82 0.73 0.67 0.62 0.59 0.60 0.63
3.45 3.22 2.98 2.75 2.52 2.30 2.10 1.92 1.75 1.61 1.49 1.40 1.34 1.32 1.32 1.35 1.38 1.42 1.46 1.49 1.53 1.57 1.60 1.64 1.67 1.70 1.74 1.77 1.79 1.82 1.84 1.86 1.88 1.89 1.90 1.91 1.90 1.88 1.84 1.78 1.71 1.65 1.59 1.54 1.49 1.47 1.46 1.47 1.49 1.53 1.57 1.63 1.69 1.76 1.83 1.91 1.98 2.05 2.12 2.18 2.24 2.28 2.32 2.34 2.34 2.31 2.25 2.15 2.02 1.87 1.72 1.57 1.42 1.27 1.12 0.99 0.87 0.75 0.66 0.58 0.53 0.49 0.48 0.50
3.41 3.17 2.93 2.69 2.46 2.25 2.04 1.85 1.68 1.54 1.42 1.33 1.27 1.25 1.26 1.30 1.33 1.37 1.41 1.45 1.49 1.52 1.56 1.59 1.63 1.66 1.69 1.71 1.74 1.76 1.78 1.79 1.80 1.81 1.81 1.81 1.81 1.79 1.75 1.70 1.64 1.58 1.53 1.49 1.46 1.45 1.46 1.49 1.53 1.57 1.63 1.69 1.76 1.84 1.91 1.99 2.06 2.13 2.19 2.25 2.30 2.33 2.36 2.37 2.36 2.31 2.23 2.12 1.98 1.84 1.69 1.54 1.38 1.23 1.09 0.95 0.82 0.71 0.60 0.52 0.45 0.41 0.39 0.40
3.37 3.13 2.88 2.65 2.41 2.19 1.98 1.79 1.62 1.48 1.36 1.27 1.21 1.20 1.21 1.25 1.29 1.33 1.37 1.41 1.45 1.49 1.53 1.56 1.59 1.62 1.65 1.67 1.69 1.71 1.72 1.74 1.74 1.74 1.74 1.74 1.72 1.71 1.68 1.63 1.57 1.52 1.48 1.45 1.45 1.46 1.49 1.53 1.58 1.64 1.70 1.77 1.85 1.93 2.00 2.08 2.15 2.22 2.28 2.33 2.37 2.39 2.40 2.40 2.37 2.32 2.22 2.10 1.97 1.83 1.68 1.53 1.37 1.22 1.07 0.93 0.80 0.68 0.57 0.47 0.40 0.34 0.31 0.31
3.33 3.09 2.84 2.60 2.36 2.14 1.93 1.74 1.57 1.42 1.30 1.22 1.16 1.15 1.17 1.21 1.26 1.30 1.35 1.39 1.43 1.47 1.50 1.54 1.57 1.60 1.62 1.64 1.66 1.68 1.69 1.69 1.70 1.69 1.69 1.67 1.66 1.63 1.60 1.56 1.51 1.47 1.45 1.45 1.46 1.49 1.53 1.58 1.65 1.71 1.79 1.87 1.95 2.03 2.11 2.18 2.25 2.32 2.37 2.41 2.44 2.46 2.46 2.44 2.40 2.33 2.22 2.11 1.98 1.84 1.69 1.54 1.39 1.24 1.09 0.94 0.80 0.67 0.55 0.45 0.37 0.30 0.26 0.24
3.30 3.05 2.80 2.56 2.32 2.10 1.89 1.70 1.53 1.38 1.26 1.18 1.13 1.11 1.14 1.19 1.24 1.28 1.33 1.37 1.42 1.46 1.49 1.53 1.56 1.59 1.61 1.63 1.65 1.66 1.67 1.67 1.67 1.66 1.64 1.63 1.60 1.57 1.53 1.49 1.45 1.44 1.44 1.46 1.49 1.53 1.59 1.66 1.73 1.81 1.89 1.98 2.06 2.15 2.23 2.30 2.37 2.43 2.47 2.51 2.53 2.53 2.52 2.49 2.43 2.35 2.26 2.14 2.02 1.88 1.74 1.59 1.43 1.28 1.12 0.97 0.83 0.69 0.57 0.46 0.36 0.28 0.23 0.20
3.30 3.05 2.80 2.55 2.31 2.09 1.88 1.68 1.51 1.37 1.25 1.16 1.11 1.10 1.12 1.17 1.22 1.27 1.32 1.37 1.41 1.46 1.49 1.53 1.56 1.59 1.61 1.63 1.64 1.65 1.66 1.66 1.65 1.64 1.62 1.60 1.56 1.53 1.48 1.43 1.39 1.40 1.42 1.46 1.51 1.57 1.65 1.73 1.81 1.90 1.99 2.08 2.17 2.26 2.34 2.41 2.48 2.53 2.57 2.60 2.61 2.60 2.58 2.53 2.46 2.39 2.30 2.19 2.07 1.93 1.79 1.64 1.49 1.33 1.17 1.02 0.87 0.73 0.59 0.47 0.37 0.28 0.21 0.17
3.38 3.12 2.86 2.61 2.36 2.13 1.91 1.72 1.54 1.39 1.26 1.17 1.12 1.10 1.12 1.16 1.22 1.27 1.33 1.38 1.42 1.47 1.51 1.54 1.57 1.60 1.62 1.64 1.65 1.66 1.66 1.66 1.65 1.63 1.61 1.58 1.54 1.50 1.44 1.36 1.31 1.32 1.37 1.43 1.50 1.58 1.67 1.76 1.86 1.96 2.06 2.16 2.26 2.35 2.43 2.50 2.57 2.62 2.66 2.68 2.68 2.66 2.63 2.57 2.50 2.42 2.33 2.23 2.11 1.98 1.84 1.69 1.54 1.38 1.22 1.06 0.91 0.76 0.62 0.50 0.38 0.29 0.21 0.15
3.52 3.25 2.98 2.72 2.47 2.22 1.99 1.79 1.60 1.44 1.30 1.20 1.14 1.12 1.14 1.18 1.22 1.28 1.34 1.39 1.44 1.49 1.53 1.56 1.60 1.62 1.65 1.66 1.68 1.68 1.68 1.67 1.66 1.64 1.62 1.58 1.54 1.48 1.40 1.31 1.24 1.23 1.28 1.36 1.46 1.56 1.66 1.77 1.88 2.00 2.11 2.22 2.32 2.41 2.50 2.58 2.64 2.69 2.72 2.74 2.74 2.71 2.67 2.60 2.53 2.44 2.35 2.25 2.14 2.02 1.88 1.74 1.58 1.42 1.27 1.11 0.95 0.80 0.66 0.52 0.40 0.30 0.21 0.14
3.73 3.44 3.16 2.88 2.61 2.35 2.11 1.88 1.68 1.51 1.36 1.25 1.19 1.16 1.17 1.20 1.24 1.30 1.35 1.41 1.46 1.51 1.56 1.60 1.63 1.66 1.68 1.70 1.71 1.71 1.71 1.70 1.69 1.66 1.63 1.60 1.54 1.46 1.36 1.25 1.17 1.14 1.18 1.27 1.38 1.50 1.63 1.75 1.88 2.01 2.13 2.25 2.36 2.46 2.55 2.63 2.70 2.75 2.78 2.79 2.78 2.75 2.70 2.64 2.56 2.47 2.37 2.27 2.17 2.05 1.91 1.77 1.62 1.47 1.31 1.15 0.99 0.84 0.69 0.55 0.43 0.32 0.22 0.14
3.98 3.67 3.37 3.07 2.78 2.50 2.24 2.00 1.78 1.58 1.43 1.31 1.24 1.21 1.21 1.24 1.28 1.32 1.38 1.44 1.49 1.55 1.59 1.63 1.67 1.70 1.72 1.74 1.75 1.76 1.75 1.74 1.72 1.70 1.66 1.61 1.54 1.44 1.33 1.20 1.10 1.06 1.09 1.16 1.28 1.42 1.57 1.71 1.86 2.00 2.14 2.27 2.39 2.50 2.60 2.68 2.75 2.80 2.83 2.84 2.83 2.79 2.74 2.67 2.59 2.50 2.40 2.29 2.18 2.07 1.94 1.81 1.66 1.51 1.35 1.19 1.03 0.88 0.73 0.59 0.46 0.34 0.24 0.15
4.27 3.94 3.61 3.28 2.97 2.67 2.38 2.11 1.87 1.67 1.51 1.39 1.31 1.28 1.27 1.29 1.32 1.36 1.41 1.47 1.53 1.58 1.63 1.68 1.72 1.75 1.77 1.79 1.80 1.81 1.80 1.79 1.77 1.74 1.69 1.63 1.53 1.42 1.29 1.15 1.04 0.99 1.00 1.06 1.17 1.32 1.49 1.65 1.82 1.97 2.12 2.27 2.40 2.52 2.63 2.72 2.79 2.84 2.87 2.88 2.87 2.83 2.78 2.70 2.62 2.52 2.42 2.31 2.20 2.08 1.96 1.83 1.69 1.54 1.39 1.23 1.08 0.92 0.77 0.63 0.49 0.37 0.26 0.17
4.58 4.22 3.86 3.51 3.16 2.83 2.52 2.23 1.97 1.76 1.60 1.48 1.40 1.35 1.34 1.35 1.38 1.41 1.46 1.51 1.57 1.63 1.68 1.73 1.77 1.80 1.83 1.85 1.86 1.86 1.86 1.84 1.82 1.78 1.72 1.63 1.53 1.40 1.26 1.11 0.99 0.93 0.93 0.98 1.08 1.22 1.39 1.58 1.76 1.93 2.10 2.26 2.40 2.53 2.65 2.75 2.82 2.88 2.91 2.92 2.90 2.87 2.81 2.74 2.65 2.55 2.45 2.34 2.22 2.10 1.98 1.85 1.72 1.58 1.43 1.28 1.12 0.97 0.82 0.67 0.53 0.41 0.29 0.20
4.91 4.52 4.12 3.74 3.36 3.00 2.65 2.34 2.08 1.87 1.70 1.58 1.49 1.44 1.42 1.42 1.44 1.47 1.51 1.56 1.61 1.67 1.73 1.78 1.82 1.86 1.89 1.91 1.92 1.92 1.92 1.90 1.87 1.82 1.74 1.63 1.52 1.38 1.23 1.08 0.95 0.88 0.87 0.91 1.00 1.13 1.30 1.49 1.69 1.89 2.07 2.24 2.40 2.54 2.67 2.77 2.86 2.92 2.95 2.96 2.94 2.90 2.84 2.77 2.68 2.58 2.47 2.36 2.25 2.13 2.00 1.87 1.74 1.61 1.47 1.32 1.17 1.01 0.86 0.72 0.58 0.45 0.34 0.24
5.25 4.81 4.38 3.95 3.54 3.14 2.78 2.46 2.20 1.99 1.82 1.69 1.59 1.54 1.51 1.50 1.51 1.53 1.57 1.61 1.67 1.72 1.77 1.83 1.87 1.91 1.94 1.97 1.98 1.99 1.98 1.96 1.91 1.84 1.74 1.63 1.50 1.36 1.20 1.04 0.91 0.84 0.82 0.86 0.94 1.06 1.22 1.41 1.62 1.83 2.03 2.22 2.40 2.55 2.69 2.80 2.89 2.95 2.98 2.99 2.97 2.93 2.87 2.80 2.71 2.61 2.50 2.39 2.27 2.15 2.03 1.90 1.77 1.64 1.50 1.36 1.21 1.06 0.92 0.77 0.63 0.51 0.39 0.28
5.57 5.09 4.62 4.15 3.70 3.28 2.91 2.59 2.33 2.11 1.94 1.80 1.71 1.64 1.60 1.58 1.59 1.60 1.63 1.67 1.72 1.77 1.83 1.88 1.93 1.97 2.01 2.03 2.05 2.05 2.04 2.00 1.94 1.85 1.74 1.62 1.49 1.34 1.18 1.01 0.88 0.81 0.79 0.82 0.89 1.01 1.16 1.34 1.55 1.77 1.99 2.20 2.39 2.56 2.71 2.83 2.92 2.98 3.01 3.02 3.00 2.96 2.91 2.83 2.74 2.64 2.53 2.42 2.30 2.18 2.06 1.93 1.80 1.67 1.54 1.40 1.26 1.12 0.97 0.83 0.70 0.57 0.45 0.34
5.88 5.36 4.83 4.32 3.84 3.42 3.05 2.74 2.47 2.25 2.07 1.93 1.82 1.75 1.70 1.67 1.67 1.68 1.70 1.73 1.78 1.83 1.88 1.93 1.98 2.03 2.06 2.09 2.11 2.11 2.08 2.02 1.95 1.85 1.74 1.61 1.47 1.31 1.15 0.99 0.86 0.78 0.76 0.79 0.87 0.98 1.13 1.30 1.51 1.73 1.96 2.18 2.39 2.58 2.73 2.86 2.95 3.01 3.04 3.05 3.03 3.00 2.94 2.86 2.77 2.68 2.57 2.46 2.34 2.22 2.09 1.97 1.84 1.71 1.58 1.44 1.31 1.17 1.03 0.90 0.76 0.63 0.52 0.41
6.16 5.58 5.01 4.47 3.99 3.57 3.20 2.89 2.62 2.39 2.21 2.06 1.95 1.86 1.80 1.76 1.75 1.75 1.77 1.80 1.84 1.88 1.93 1.98 2.03 2.08 2.12 2.15 2.16 2.14 2.10 2.04 1.95 1.84 1.72 1.59 1.44 1.29 1.13 0.97 0.84 0.77 0.75 0.78 0.85 0.97 1.11 1.29 1.49 1.71 1.94 2.17 2.40 2.59 2.75 2.88 2.97 3.03 3.07 3.08 3.06 3.03 2.97 2.90 2.81 2.71 2.61 2.49 2.38 2.26 2.13 2.01 1.88 1.75 1.62 1.49 1.36 1.23 1.10 0.97 0.83 0.71 0.60 0.49
6.39 5.77 5.17 4.63 4.15 3.73 3.36 3.04 2.77 2.54 2.35 2.19 2.07 1.98 1.91 1.86 1.83 1.83 1.84 1.86 1.89 1.94 1.98 2.03 2.08 2.13 2.17 2.19 2.19 2.16 2.11 2.03 1.94 1.83 1.70 1.57 1.42 1.27 1.11 0.95 0.83 0.76 0.75 0.78 0.86 0.98 1.12 1.30 1.50 1.71 1.94 2.18 2.40 2.60 2.77 2.89 2.99 3.06 3.09 3.11 3.09 3.06 3.01 2.93 2.85 2.75 2.65 2.54 2.42 2.30 2.18 2.06 1.93 1.80 1.67 1.55 1.42 1.30 1.17 1.04 0.92 0.80 0.69 0.59
6.58 5.94 5.34 4.79 4.31 3.89 3.52 3.20 2.93 2.69 2.49 2.33 2.20 2.10 2.01 1.95 1.92 1.90 1.90 1.92 1.95 1.99 2.03 2.08 2.13 2.17 2.21 2.22 2.20 2.16 2.10 2.01 1.91 1.80 1.67 1.54 1.39 1.24 1.09 0.94 0.83 0.77 0.76 0.80 0.88 1.00 1.15 1.33 1.53 1.75 1.98 2.21 2.42 2.61 2.78 2.91 3.01 3.08 3.12 3.13 3.12 3.09 3.04 2.97 2.89 2.79 2.69 2.58 2.47 2.35 2.23 2.11 1.99 1.86 1.74 1.61 1.49 1.36 1.24 1.12 1.00 0.89 0.79 0.69
6.76 6.12 5.52 4.97 4.49 4.06 3.69 3.37 3.09 2.84 2.64 2.47 2.33 2.21 2.12 2.05 2.00 1.98 1.97 1.98 2.00 2.03 2.07 2.12 2.17 2.20 2.22 2.21 2.19 2.14 2.07 1.98 1.88 1.76 1.64 1.50 1.36 1.22 1.08 0.94 0.83 0.78 0.78 0.83 0.92 1.05 1.21 1.39 1.60 1.82 2.04 2.25 2.44 2.62 2.78 2.92 3.02 3.10 3.14 3.16 3.15 3.13 3.08 3.01 2.93 2.84 2.74 2.63 2.52 2.41 2.29 2.17 2.05 1.93 1.81 1.69 1.56 1.44 1.32 1.21 1.10 0.99 0.90 0.81
6.97 6.33 5.73 5.17 4.67 4.24 3.86 3.53 3.25 3.00 2.79 2.61 2.46 2.33 2.23 2.14 2.08 2.05 2.03 2.03 2.05 2.08 2.11 2.15 2.19 2.21 2.21 2.19 2.15 2.10 2.02 1.93 1.83 1.72 1.59 1.47 1.33 1.20 1.06 0.94 0.84 0.81 0.82 0.88 0.98 1.11 1.28 1.47 1.68 1.90 2.10 2.30 2.48 2.65 2.80 2.93 3.04 3.12 3.16 3.19 3.19 3.16 3.12 3.05 2.98 2.89 2.79 2.69 2.58 2.47 2.36 2.24 2.13 2.01 1.89 1.77 1.65 1.53 1.41 1.30 1.20 1.11 1.02 0.94
7.20 6.57 5.97 5.40 4.88 4.43 4.03 3.70 3.41 3.15 2.93 2.75 2.58 2.45 2.33 2.23 2.16 2.11 2.09 2.08 2.09 2.11 2.14 2.17 2.18 2.18 2.17 2.14 2.09 2.04 1.96 1.87 1.77 1.66 1.54 1.42 1.30 1.18 1.05 0.94 0.86 0.84 0.87 0.94 1.05 1.20 1.38 1.58 1.79 1.99 2.18 2.36 2.52 2.68 2.82 2.94 3.05 3.13 3.19 3.21 3.22 3.20 3.16 3.10 3.02 2.94 2.85 2.75 2.65 2.54 2.43 2.32 2.21 2.09 1.98 1.86 1.74 1.63 1.52 1.41 1.32 1.23 1.15 1.08
7.48 6.85 6.25 5.67 5.13 4.65 4.22 3.87 3.57 3.31 3.08 2.88 2.71 2.56 2.42 2.31 2.23 2.17 2.14 2.12 2.12 2.14 2.15 2.16 2.15 2.13 2.11 2.07 2.02 1.95 1.88 1.80 1.70 1.60 1.49 1.37 1.26 1.15 1.05 0.95 0.89 0.88 0.93 1.01 1.14 1.30 1.49 1.69 1.89 2.07 2.25 2.42 2.57 2.72 2.85 2.97 3.07 3.15 3.21 3.24 3.25 3.24 3.20 3.15 3.08 3.00 2.91 2.82 2.72 2.62 2.52 2.41 2.30 2.19 2.07 1.96 1.84 1.73 1.63 1.53 1.44 1.36 1.30 1.24
