data_processed/recharge/precip/Precip_1998_09.asc
ncols        168
nrows        136
xllcorner    455000
yllcorner    2107000
cellsize     500
NODATA_value     -99999
[rows 96 to 127 of 136, columns 71 to 141 of 168]
219.68 212.88 206.58 200.76 195.41 190.54 186.17 182.28 178.91 176.04 173.69 171.86 170.57 169.84 169.97 171.22 173.74 177.76 183.21 189.87 197.57 206.09 215.24 224.83 234.66 244.53 254.23 263.54 271.77 278.54 283.88 287.83 290.42 291.69 291.69 290.45 288.01 284.41 279.70 274.14 268.25 262.32 256.89 252.24 248.37 245.23 242.83 241.13 240.11 239.75 240.02 240.92 242.40 244.26 246.18 248.11 250.02 251.86 253.63 255.28 256.79 258.14 259.28 260.21 260.86 261.18 261.11 260.63 259.75 258.47 256.83
221.36 214.62 208.41 202.69 197.45 192.71 188.46 184.71 181.48 178.77 176.58 174.93 173.85 173.63 174.54 176.55 179.53 183.59 188.94 195.50 203.07 211.46 220.47 229.90 239.55 249.23 258.74 267.83 275.85 282.41 287.54 291.28 293.68 294.75 294.56 293.13 290.51 286.75 282.11 277.15 272.02 266.72 261.40 256.58 252.52 249.22 246.65 244.78 243.60 243.08 243.21 243.95 245.29 247.01 248.81 250.60 252.38 254.10 255.74 257.27 258.66 259.89 260.93 261.73 262.21 262.33 262.09 261.51 260.55 259.22 257.53
222.95 216.27 210.15 204.54 199.41 194.79 190.68 187.08 184.00 181.44 179.42 177.98 177.41 178.00 179.69 182.39 185.97 190.34 195.58 201.91 209.23 217.36 226.09 235.23 244.58 253.94 263.12 271.87 279.54 285.77 290.56 293.97 296.04 296.79 296.28 294.54 291.62 287.81 283.68 279.40 274.98 270.40 265.68 260.96 256.73 253.25 250.50 248.47 247.12 246.44 246.41 247.01 248.20 249.78 251.43 253.09 254.73 256.32 257.83 259.24 260.51 261.62 262.52 263.13 263.40 263.33 262.94 262.22 261.18 259.81 258.10
224.39 217.78 211.76 206.25 201.25 196.76 192.79 189.33 186.41 184.02 182.20 181.27 181.53 182.91 185.32 188.64 192.76 197.57 202.97 209.04 215.99 223.72 232.05 240.77 249.69 258.61 267.33 275.61 282.81 288.56 292.90 295.85 297.45 297.76 296.80 294.62 291.55 288.15 284.63 280.98 277.20 273.29 269.26 265.11 260.96 257.31 254.38 252.17 250.65 249.81 249.62 250.06 251.10 252.53 254.04 255.56 257.06 258.51 259.89 261.17 262.31 263.28 263.97 264.35 264.42 264.18 263.64 262.80 261.66 260.24 258.51
225.65 219.11 213.19 207.80 202.93 198.57 194.73 191.43 188.66 186.48 185.19 185.10 186.17 188.28 191.33 195.20 199.79 204.98 210.67 216.75 223.30 230.51 238.30 246.48 254.84 263.18 271.32 279.00 285.59 290.75 294.49 296.85 297.87 297.60 296.07 293.62 290.87 288.00 285.03 281.95 278.76 275.46 272.06 268.56 264.95 261.36 258.27 255.88 254.18 253.17 252.82 253.09 253.98 255.26 256.62 257.99 259.34 260.66 261.90 263.04 264.03 264.78 265.23 265.39 265.26 264.86 264.17 263.21 261.99 260.51 258.76
226.67 220.21 214.39 209.13 204.39 200.17 196.48 193.33 190.76 189.11 188.67 189.42 191.23 194.00 197.62 201.98 206.96 212.47 218.38 224.59 231.00 237.67 244.80 252.30 259.97 267.61 275.03 281.98 287.85 292.28 295.29 296.94 297.24 296.27 294.35 292.14 289.83 287.44 284.96 282.39 279.73 276.99 274.16 271.24 268.24 265.16 262.12 259.56 257.69 256.51 255.98 256.09 256.81 257.94 259.14 260.36 261.57 262.74 263.83 264.81 265.57 266.06 266.27 266.22 265.91 265.34 264.53 263.46 262.16 260.62 258.85
227.42 221.04 215.34 210.20 205.59 201.51 197.97 195.02 192.99 192.21 192.62 194.13 196.62 199.98 204.10 208.88 214.19 219.94 226.00 232.28 238.66 245.04 251.48 258.18 265.03 271.84 278.42 284.51 289.52 293.09 295.26 296.05 295.53 294.05 292.27 290.43 288.52 286.54 284.49 282.37 280.19 277.94 275.62 273.24 270.80 268.29 265.72 263.20 261.16 259.80 259.09 259.03 259.59 260.55 261.60 262.66 263.72 264.74 265.66 266.39 266.87 267.11 267.09 266.84 266.35 265.63 264.69 263.53 262.15 260.57 258.78
227.85 221.55 215.97 210.96 206.49 202.56 199.22 196.81 195.66 195.74 196.94 199.14 202.24 206.12 210.68 215.80 221.37 227.29 233.44 239.72 246.01 252.21 258.21 264.07 269.98 275.83 281.43 286.54 290.56 293.14 294.33 294.16 293.01 291.58 290.10 288.57 287.00 285.37 283.69 281.97 280.20 278.39 276.53 274.62 272.68 270.68 268.65 266.57 264.56 263.02 262.14 261.91 262.29 263.09 263.97 264.88 265.77 266.61 267.28 267.71 267.92 267.90 267.67 267.22 266.56 265.70 264.64 263.39 261.95 260.33 258.53
227.92 221.71 216.24 211.37 207.04 203.30 200.51 199.00 198.74 199.62 201.53 204.36 207.99 212.32 217.24 222.64 228.41 234.43 240.60 246.81 252.94 258.90 264.56 269.82 274.75 279.52 284.01 288.01 290.91 292.38 292.47 291.56 290.38 289.16 287.92 286.65 285.34 284.01 282.65 281.27 279.86 278.42 276.95 275.47 273.95 272.42 270.86 269.28 267.68 266.16 265.11 264.69 264.90 265.53 266.24 266.98 267.69 268.25 268.60 268.75 268.69 268.43 267.99 267.35 266.54 265.54 264.38 263.05 261.55 259.90 258.10
227.58 221.46 216.12 211.39 207.25 204.06 202.19 201.58 202.14 203.75 206.30 209.68 213.78 218.50 223.71 229.32 235.20 241.26 247.38 253.45 259.36 265.00 270.26 275.03 279.21 282.85 286.12 288.87 290.53 290.78 290.00 288.97 287.92 286.86 285.79 284.72 283.63 282.54 281.44 280.33 279.22 278.10 276.97 275.84 274.71 273.57 272.43 271.29 270.15 269.00 267.96 267.37 267.40 267.85 268.39 268.93 269.35 269.58 269.62 269.49 269.17 268.69 268.04 267.23 266.26 265.14 263.88 262.47 260.93 259.26 257.46
226.74 220.77 215.56 211.01 207.43 205.17 204.22 204.45 205.75 208.02 211.14 215.01 219.51 224.54 229.98 235.72 241.66 247.68 253.68 259.54 265.16 270.42 275.21 279.43 282.96 285.70 287.70 289.08 289.38 288.64 287.66 286.68 285.71 284.75 283.80 282.86 281.94 281.02 280.12 279.23 278.36 277.50 276.66 275.83 275.01 274.22 273.44 272.67 271.93 271.21 270.50 269.91 269.77 270.04 270.37 270.61 270.68 270.58 270.33 269.92 269.36 268.65 267.81 266.83 265.72 264.48 263.13 261.66 260.08 258.40 256.61
225.02 219.53 214.54 210.56 207.93 206.62 206.51 207.50 209.49 212.34 215.97 220.25 225.09 230.36 235.95 241.77 247.69 253.61 259.41 265.00 270.25 275.06 279.31 282.91 285.72 287.66 288.61 288.60 287.80 286.76 285.76 284.78 283.83 282.91 282.02 281.16 280.34 279.54 278.78 278.05 277.36 276.70 276.08 275.49 274.94 274.43 273.95 273.51 273.11 272.74 272.42 272.14 271.99 272.05 272.06 271.93 271.66 271.25 270.70 270.03 269.23 268.31 267.28 266.14 264.89 263.55 262.11 260.59 258.98 257.29 255.53
222.41 217.63 212.87 209.74 208.09 207.67 208.38 210.09 212.71 216.12 220.21 224.87 229.99 235.46 241.17 247.01 252.87 258.65 264.22 269.49 274.33 278.65 282.32 285.25 287.32 288.41 288.44 287.60 286.47 285.34 284.26 283.23 282.25 281.32 280.44 279.61 278.84 278.11 277.44 276.82 276.26 275.75 275.29 274.90 274.55 274.27 274.04 273.87 273.76 273.71 273.72 273.79 273.85 273.69 273.33 272.84 272.24 271.52 270.69 269.76 268.74 267.62 266.41 265.12 263.76 262.32 260.81 259.24 257.62 255.94 254.21
220.04 215.12 209.46 206.29 205.56 206.10 207.67 210.17 213.48 217.50 222.11 227.21 232.68 238.41 244.30 250.23 256.09 261.78 267.19 272.19 276.70 280.58 283.74 286.06 287.43 287.76 287.20 286.31 285.24 284.03 282.85 281.74 280.70 279.73 278.84 278.01 277.25 276.57 275.96 275.43 274.97 274.58 274.27 274.03 273.87 273.79 273.79 273.86 274.01 274.25 274.56 274.89 274.97 274.65 274.00 273.18 272.27 271.26 270.18 269.02 267.79 266.49 265.13 263.71 262.24 260.73 259.18 257.59 255.96 254.32 252.65
217.43 211.44 204.70 200.66 199.99 201.46 203.99 207.37 211.47 216.19 221.42 227.05 232.96 239.05 245.21 251.32 257.28 262.98 268.31 273.15 277.40 280.95 283.68 285.49 286.27 286.14 285.55 284.79 283.85 282.68 281.42 280.22 279.10 278.07 277.14 276.29 275.54 274.88 274.31 273.84 273.46 273.18 272.99 272.90 272.91 273.01 273.21 273.51 273.91 274.40 274.94 275.26 275.22 274.79 273.99 272.92 271.72 270.46 269.14 267.78 266.36 264.91 263.42 261.91 260.36 258.80 257.22 255.63 254.04 252.45 250.86
213.68 206.57 198.86 193.95 192.58 194.21 197.70 202.04 207.03 212.55 218.48 224.73 231.18 237.72 244.24 250.63 256.78 262.58 267.92 272.69 276.79 280.09 282.49 283.89 284.34 284.20 283.74 283.10 282.27 281.20 279.96 278.67 277.46 276.35 275.36 274.48 273.71 273.05 272.51 272.08 271.77 271.57 271.49 271.52 271.67 271.94 272.33 272.83 273.45 274.14 274.64 274.83 274.67 274.14 273.24 272.04 270.63 269.14 267.61 266.06 264.50 262.91 261.32 259.73 258.13 256.55 254.97 253.41 251.87 250.36 248.88
208.75 200.64 192.08 186.41 184.36 185.48 189.22 194.53 200.50 206.90 213.64 220.61 227.69 234.77 241.74 248.50 254.94 260.93 266.38 271.18 275.20 278.35 280.52 281.71 282.18 282.15 281.80 281.27 280.54 279.55 278.38 277.09 275.79 274.59 273.52 272.59 271.78 271.11 270.57 270.17 269.90 269.77 269.77 269.91 270.19 270.60 271.15 271.84 272.61 273.25 273.60 273.65 273.39 272.77 271.79 270.50 268.98 267.32 265.61 263.91 262.21 260.52 258.85 257.21 255.59 254.00 252.45 250.94 249.48 248.08 246.73
202.79 193.79 184.51 178.20 175.57 176.19 179.60 185.27 192.22 199.61 207.24 215.02 222.82 230.54 238.06 245.28 252.09 258.38 264.03 268.94 273.00 276.09 278.18 279.41 279.98 280.05 279.79 279.35 278.70 277.78 276.67 275.42 274.10 272.81 271.64 270.63 269.77 269.07 268.52 268.12 267.88 267.79 267.86 268.08 268.47 269.01 269.70 270.51 271.21 271.67 271.87 271.80 271.45 270.77 269.71 268.35 266.76 265.00 263.17 261.33 259.53 257.76 256.04 254.37 252.75 251.19 249.69 248.26 246.90 245.63 244.43
195.94 186.17 176.27 169.44 166.36 166.60 169.70 175.21 182.61 191.00 199.63 208.31 216.92 225.37 233.54 241.32 248.60 255.26 261.21 266.33 270.51 273.65 275.80 277.12 277.77 277.92 277.74 277.38 276.79 275.93 274.86 273.63 272.32 270.99 269.74 268.63 267.70 266.94 266.36 265.95 265.71 265.65 265.77 266.06 266.53 267.18 267.95 268.66 269.17 269.47 269.53 269.36 268.93 268.19 267.08 265.67 264.02 262.20 260.29 258.36 256.48 254.66 252.91 251.23 249.64 248.13 246.71 245.38 244.15 243.03 242.02
188.33 177.91 167.51 160.28 156.87 156.84 159.74 165.13 172.55 181.50 191.15 200.82 210.35 219.62 228.52 236.95 244.79 251.93 258.27 263.69 268.04 271.27 273.49 274.88 275.60 275.82 275.70 275.40 274.87 274.05 273.00 271.78 270.47 269.12 267.81 266.60 265.58 264.75 264.11 263.67 263.42 263.37 263.51 263.85 264.39 265.08 265.74 266.24 266.57 266.71 266.65 266.39 265.91 265.13 263.98 262.52 260.83 258.96 257.00 255.02 253.09 251.24 249.49 247.83 246.29 244.85 243.54 242.34 241.27 240.33 239.52
180.11 169.16 158.38 150.85 147.23 147.05 149.88 155.26 162.75 171.89 182.20 192.90 203.43 213.62 223.35 232.52 241.02 248.73 255.55 261.27 265.73 269.01 271.30 272.74 273.52 273.79 273.72 273.47 272.97 272.17 271.13 269.91 268.58 267.20 265.83 264.55 263.43 262.50 261.80 261.30 261.02 260.96 261.11 261.48 262.03 262.58 263.01 263.31 263.47 263.47 263.31 262.97 262.45 261.64 260.47 258.99 257.26 255.37 253.38 251.36 249.39 247.53 245.80 244.19 242.72 241.39 240.20 239.15 238.26 237.53 237.00
171.42 160.05 149.01 141.31 137.58 137.38 140.24 145.73 153.40 162.80 173.47 184.94 196.53 207.72 218.38 228.38 237.63 246.00 253.24 259.09 263.60 266.93 269.26 270.75 271.56 271.87 271.83 271.61 271.14 270.35 269.30 268.06 266.69 265.27 263.84 262.48 261.26 260.23 259.43 258.87 258.54 258.44 258.59 258.93 259.31 259.61 259.83 259.94 259.95 259.83 259.58 259.18 258.63 257.82 256.64 255.14 253.40 251.49 249.48 247.45 245.45 243.57 241.87 240.34 238.97 237.76 236.72 235.86 235.17 234.72 234.50
162.40 150.73 139.54 131.79 128.07 127.95 130.98 136.70 144.66 154.43 165.54 177.56 190.00 202.27 213.94 224.87 234.95 243.88 251.28 257.16 261.70 265.07 267.42 268.94 269.77 270.10 270.09 269.88 269.41 268.61 267.55 266.27 264.86 263.37 261.86 260.41 259.08 257.94 257.03 256.38 255.98 255.84 255.91 256.06 256.18 256.25 256.27 256.22 256.09 255.86 255.54 255.10 254.53 253.72 252.55 251.06 249.32 247.41 245.40 243.35 241.35 239.47 237.76 236.30 235.05 233.99 233.13 232.48 232.08 231.95 232.04
153.19 141.33 130.11 122.42 118.84 118.92 122.22 128.29 136.67 146.92 158.59 171.23 184.40 197.63 210.39 222.33 233.10 242.20 249.62 255.52 260.08 263.46 265.83 267.35 268.20 268.53 268.52 268.32 267.84 267.02 265.92 264.59 263.11 261.54 259.95 258.39 256.94 255.66 254.62 253.85 253.36 253.12 252.98 252.85 252.73 252.58 252.41 252.21 251.95 251.64 251.25 250.78 250.22 249.43 248.28 246.81 245.09 243.19 241.19 239.16 237.17 235.28 233.58 232.14 231.00 230.12 229.46 229.09 229.03 229.23 229.63
143.92 132.00 120.86 113.35 110.02 110.43 114.12 120.64 129.56 140.41 152.75 166.14 180.12 194.25 208.06 220.81 231.77 240.88 248.31 254.22 258.78 262.16 264.53 266.05 266.88 267.21 267.19 266.97 266.47 265.61 264.45 263.06 261.50 259.84 258.14 256.46 254.88 253.45 252.24 251.31 250.68 250.19 249.77 249.38 249.01 248.67 248.33 247.98 247.62 247.23 246.80 246.32 245.77 245.02 243.91 242.47 240.78 238.92 236.94 234.94 232.96 231.10 229.42 228.00 226.89 226.16 225.80 225.79 226.07 226.58 227.28
134.74 122.87 111.94 104.73 101.76 102.60 106.80 113.91 123.47 135.04 148.18 162.42 177.34 192.45 206.99 219.90 230.86 239.97 247.39 253.29 257.84 261.20 263.55 265.05 265.87 266.17 266.12 265.87 265.33 264.42 263.20 261.72 260.07 258.30 256.48 254.66 252.93 251.34 249.95 248.80 247.85 247.05 246.34 245.70 245.12 244.59 244.09 243.63 243.17 242.72 242.26 241.78 241.26 240.57 239.51 238.12 236.48 234.66 232.72 230.76 228.82 227.00 225.35 223.95 222.89 222.29 222.23 222.57 223.18 224.01 224.99
125.80 114.08 103.48 96.68 94.20 95.59 100.42 108.22 118.54 130.95 145.00 160.22 176.17 192.00 206.56 219.42 230.41 239.50 246.90 252.78 257.30 260.64 262.95 264.42 265.20 265.46 265.37 265.07 264.48 263.50 262.19 260.63 258.86 256.97 255.01 253.04 251.14 249.37 247.76 246.29 244.94 243.77 242.77 241.90 241.12 240.41 239.78 239.20 238.67 238.17 237.70 237.24 236.77 236.14 235.15 233.82 232.25 230.48 228.61 226.70 224.82 223.04 221.44 220.10 219.16 218.74 218.85 219.46 220.39 221.52 222.78
117.22 105.79 95.62 89.35 87.47 89.54 95.10 103.71 114.93 128.29 143.36 159.66 176.31 192.06 206.43 219.24 230.32 239.51 246.90 252.73 257.21 260.50 262.77 264.19 264.91 265.12 264.97 264.62 263.95 262.89 261.49 259.81 257.92 255.89 253.77 251.64 249.56 247.57 245.65 243.80 242.06 240.50 239.17 238.05 237.08 236.22 235.46 234.79 234.20 233.67 233.20 232.77 232.37 231.82 230.91 229.66 228.16 226.48 224.67 222.83 221.02 219.31 217.79 216.60 215.86 215.60 215.83 216.54 217.70 219.12 220.64
109.14 98.12 88.51 82.88 81.72 84.58 91.00 100.54 112.75 127.18 143.37 160.37 176.84 192.24 206.42 219.18 230.38 239.82 247.38 253.19 257.61 260.84 263.05 264.40 265.06 265.20 264.98 264.54 263.80 262.63 261.12 259.32 257.29 255.10 252.82 250.50 248.21 245.92 243.64 241.42 239.32 237.40 235.69 234.26 233.09 232.09 231.22 230.47 229.83 229.29 228.83 228.45 228.12 227.67 226.86 225.71 224.30 222.70 220.99 219.24 217.51 215.89 214.54 213.59 213.05 212.94 213.26 214.02 215.22 216.82 218.60
101.72 91.21 82.27 77.41 77.09 80.85 88.24 98.83 112.16 127.76 144.64 161.34 177.31 192.38 206.37 219.10 230.41 240.14 248.09 254.16 258.55 261.71 263.83 265.10 265.68 265.73 265.42 264.90 264.05 262.78 261.13 259.19 257.00 254.65 252.18 249.66 247.07 244.44 241.83 239.27 236.82 234.55 232.49 230.70 229.24 228.08 227.12 226.31 225.63 225.09 224.67 224.34 224.11 223.78 223.07 222.04 220.74 219.25 217.64 215.98 214.37 212.95 211.87 211.15 210.79 210.81 211.21 212.00 213.17 214.74 216.66
95.09 85.21 77.06 73.08 73.71 78.49 86.98 98.73 113.27 129.56 146.02 162.09 177.57 192.31 206.11 218.82 230.27 240.28 248.67 255.29 260.01 263.13 265.17 266.34 266.82 266.77 266.36 265.73 264.77 263.36 261.58 259.47 257.12 254.58 251.90 249.10 246.20 243.26 240.32 237.43 234.66 232.05 229.66 227.54 225.74 224.32 223.24 222.38 221.69 221.16 220.78 220.54 220.42 220.21 219.63 218.72 217.54 216.18 214.69 213.16 211.77 210.65 209.84 209.33 209.14 209.27 209.73 210.52 211.65 213.12 214.95
89.39 80.26 73.02 70.04 71.73 77.65 87.35 100.35 115.57 131.34 147.02 162.45 177.46 191.86 205.50 218.19 229.78 240.08 248.93 256.15 261.57 265.09 267.09 268.15 268.52 268.35 267.82 267.07 265.98 264.43 262.49 260.21 257.67 254.92 251.98 248.89 245.70 242.45 239.21 236.02 232.94 230.02 227.31 224.88 222.76 221.02 219.69 218.76 218.07 217.57 217.25 217.10 217.11 217.04 216.61 215.84 214.80 213.57 212.22 210.95 209.89 209.07 208.51 208.20 208.15 208.37 208.87 209.65 210.71 212.07 213.73
