data_processed/recharge/precip/Precip_1996_09.asc
ncols        168
nrows        136
xllcorner    455000
yllcorner    2107000
cellsize     500
NODATA_value     -99999
[rows 0 to 32 of 136, columns 73 to 145 of 168]
190.34 186.52 182.83 179.11 175.34 171.57 167.93 164.53 161.36 158.43 155.75 153.31 151.12 149.17 147.48 146.04 144.85 143.92 143.25 142.85 142.70 142.82 143.21 143.87 144.81 146.16 148.09 150.63 153.27 154.71 154.77 153.72 152.19 150.47 148.61 146.62 144.55 142.42 140.26 138.11 135.99 133.93 131.97 130.12 128.44 126.93 125.64 124.59 123.81 123.34 123.19 123.24 123.33 123.37 123.37 123.41 123.50 123.66 123.92 124.27 124.70 125.21 125.78 126.40 127.06 127.74 128.44 129.15 129.84 130.52 131.16 131.76 132.30
193.38 189.53 185.79 182.03 178.24 174.57 171.11 167.86 164.82 162.01 159.41 157.03 154.88 152.96 151.26 149.80 148.57 147.57 146.81 146.29 146.01 145.97 146.18 146.64 147.34 148.31 149.67 151.60 153.63 154.46 154.07 153.12 151.92 150.50 148.90 147.15 145.28 143.32 141.30 139.25 137.19 135.17 133.20 131.33 129.57 127.96 126.54 125.32 124.34 123.63 123.22 123.12 123.20 123.26 123.28 123.33 123.46 123.68 124.01 124.42 124.91 125.47 126.08 126.73 127.41 128.11 128.82 129.52 130.21 130.86 131.48 132.05 132.55
196.04 192.23 188.46 184.69 181.01 177.51 174.21 171.09 168.17 165.44 162.92 160.59 158.46 156.54 154.82 153.32 152.02 150.93 150.06 149.41 148.97 148.76 148.77 149.01 149.47 150.16 151.09 152.40 153.77 154.12 153.82 153.21 152.32 151.19 149.84 148.31 146.62 144.81 142.90 140.93 138.92 136.91 134.93 133.00 131.15 129.42 127.84 126.43 125.23 124.26 123.56 123.16 123.06 123.11 123.14 123.23 123.43 123.73 124.12 124.59 125.13 125.73 126.37 127.05 127.75 128.46 129.17 129.87 130.54 131.18 131.77 132.30 132.76
198.01 194.51 190.81 187.15 183.66 180.32 177.15 174.16 171.33 168.67 166.20 163.90 161.77 159.83 158.08 156.51 155.13 153.94 152.94 152.13 151.52 151.11 150.91 150.90 151.10 151.51 152.12 152.96 153.84 154.28 154.34 154.06 153.47 152.61 151.49 150.15 148.63 146.95 145.13 143.22 141.25 139.23 137.20 135.20 133.25 131.38 129.62 128.00 126.56 125.31 124.30 123.55 123.10 122.94 122.98 123.14 123.42 123.78 124.24 124.76 125.35 125.99 126.67 127.37 128.08 128.80 129.51 130.20 130.86 131.47 132.02 132.51 132.92
199.13 196.05 192.72 189.30 185.97 182.79 179.75 176.85 174.11 171.51 169.07 166.79 164.66 162.69 160.88 159.24 157.76 156.45 155.31 154.34 153.54 152.93 152.49 152.23 152.15 152.26 152.56 153.11 154.00 154.78 155.21 155.26 154.96 154.36 153.47 152.33 150.97 149.41 147.69 145.84 143.89 141.86 139.80 137.72 135.66 133.64 131.71 129.88 128.19 126.67 125.35 124.25 123.41 122.81 122.56 122.77 123.13 123.58 124.11 124.70 125.34 126.03 126.74 127.48 128.22 128.95 129.67 130.36 131.01 131.60 132.14 132.59 132.96
199.40 196.75 193.86 190.83 187.72 184.68 181.76 178.97 176.30 173.77 171.36 169.09 166.95 164.95 163.08 161.36 159.78 158.35 157.07 155.93 154.95 154.12 153.45 152.93 152.58 152.39 152.43 152.93 153.87 154.84 155.61 156.02 156.05 155.73 155.10 154.18 153.00 151.60 150.00 148.24 146.34 144.33 142.25 140.12 137.97 135.84 133.75 131.74 129.83 128.06 126.45 125.03 123.78 122.60 121.78 121.73 122.16 122.71 123.34 124.02 124.75 125.52 126.30 127.10 127.89 128.67 129.43 130.15 130.82 131.43 131.97 132.42 132.78
198.91 196.66 194.19 191.59 188.85 186.01 183.22 180.52 177.93 175.45 173.08 170.81 168.66 166.63 164.71 162.91 161.23 159.67 158.24 156.94 155.77 154.73 153.82 153.05 152.41 151.98 151.97 152.51 153.51 154.54 155.49 156.24 156.62 156.62 156.27 155.60 154.64 153.42 151.97 150.32 148.50 146.54 144.47 142.32 140.13 137.91 135.70 133.53 131.43 129.44 127.57 125.80 124.04 122.30 120.89 120.31 120.52 121.18 121.94 122.75 123.59 124.47 125.35 126.24 127.12 127.98 128.81 129.59 130.31 130.97 131.55 132.03 132.41
197.74 195.85 193.76 191.55 189.24 186.76 184.14 181.55 179.03 176.61 174.26 172.01 169.85 167.77 165.80 163.92 162.14 160.46 158.88 157.41 156.04 154.78 153.64 152.61 151.75 151.27 151.29 151.88 152.92 154.00 155.02 155.95 156.67 157.02 156.98 156.59 155.87 154.87 153.59 152.09 150.38 148.49 146.47 144.33 142.10 139.83 137.52 135.23 132.97 130.78 128.63 126.42 124.15 121.88 119.95 118.85 118.59 119.08 119.96 120.93 121.92 122.94 123.96 124.97 125.97 126.94 127.86 128.74 129.55 130.29 130.93 131.48 131.92
195.95 194.39 192.63 190.79 188.86 186.79 184.52 182.08 179.65 177.27 174.96 172.71 170.53 168.42 166.39 164.43 162.54 160.74 159.01 157.37 155.81 154.34 152.95 151.72 150.81 150.35 150.41 151.04 152.12 153.25 154.32 155.31 156.21 156.89 157.20 157.12 156.68 155.91 154.85 153.51 151.94 150.16 148.21 146.11 143.89 141.58 139.22 136.83 134.44 132.02 129.49 126.84 124.12 121.37 118.95 117.39 116.67 116.75 117.50 118.62 119.80 120.98 122.17 123.34 124.49 125.60 126.66 127.66 128.59 129.44 130.19 130.83 131.35
193.61 192.34 190.87 189.35 187.78 186.09 184.22 182.11 179.81 177.48 175.20 172.96 170.77 168.62 166.52 164.48 162.49 160.55 158.68 156.86 155.11 153.42 151.85 150.56 149.67 149.24 149.33 150.00 151.13 152.31 153.42 154.46 155.42 156.28 156.92 157.17 157.04 156.54 155.71 154.58 153.18 151.54 149.69 147.65 145.46 143.16 140.76 138.30 135.75 133.02 130.11 127.07 123.94 120.76 117.91 115.92 114.80 114.48 114.89 115.92 117.27 118.67 120.05 121.41 122.74 124.03 125.25 126.41 127.49 128.48 129.36 130.13 130.77
190.79 189.77 188.55 187.31 186.04 184.69 183.20 181.48 179.50 177.29 175.03 172.80 170.58 168.40 166.24 164.11 162.01 159.95 157.92 155.93 153.98 152.12 150.49 149.22 148.35 147.95 148.08 148.78 149.96 151.17 152.33 153.42 154.42 155.34 156.16 156.74 156.94 156.74 156.18 155.28 154.08 152.60 150.88 148.94 146.82 144.54 142.13 139.58 136.78 133.74 130.50 127.12 123.62 120.07 116.83 114.46 112.98 112.32 112.39 113.13 114.45 116.04 117.66 119.24 120.78 122.27 123.70 125.05 126.31 127.47 128.52 129.45 130.24
187.54 186.73 185.73 184.72 183.73 182.68 181.51 180.16 178.56 176.66 174.49 172.26 170.03 167.80 165.58 163.36 161.16 158.96 156.78 154.62 152.51 150.59 148.98 147.72 146.87 146.50 146.66 147.40 148.61 149.87 151.07 152.20 153.25 154.22 155.09 155.84 156.37 156.50 156.23 155.59 154.62 153.33 151.77 149.96 147.93 145.71 143.27 140.53 137.49 134.18 130.67 126.98 123.17 119.28 115.71 113.01 111.22 110.26 110.04 110.52 111.60 113.20 115.04 116.88 118.67 120.40 122.06 123.63 125.10 126.47 127.72 128.83 129.74
183.93 183.29 182.47 181.66 180.90 180.11 179.23 178.20 176.95 175.42 173.55 171.39 169.14 166.87 164.58 162.27 159.96 157.63 155.30 152.99 150.83 148.92 147.31 146.06 145.24 144.89 145.07 145.85 147.10 148.40 149.64 150.81 151.91 152.92 153.83 154.65 155.34 155.79 155.85 155.50 154.79 153.72 152.35 150.69 148.78 146.59 144.04 141.12 137.87 134.36 130.61 126.67 122.59 118.42 114.55 111.58 109.52 108.30 107.86 108.11 108.98 110.41 112.30 114.40 116.47 118.46 120.38 122.21 123.93 125.54 127.01 128.27 129.22
180.03 179.51 178.83 178.19 177.61 177.04 176.42 175.67 174.73 173.54 172.04 170.15 167.95 165.63 163.28 160.89 158.46 156.00 153.54 151.18 149.02 147.11 145.50 144.27 143.46 143.14 143.35 144.15 145.44 146.77 148.05 149.26 150.40 151.46 152.42 153.28 154.03 154.65 155.02 154.99 154.56 153.75 152.60 151.12 149.31 147.06 144.39 141.34 137.95 134.26 130.32 126.18 121.88 117.48 113.36 110.16 107.89 106.46 105.83 105.90 106.62 107.91 109.69 111.87 114.22 116.52 118.73 120.85 122.85 124.72 126.37 127.68 128.64
175.89 175.47 174.88 174.36 173.94 173.55 173.13 172.63 171.96 171.07 169.90 168.37 166.43 164.15 161.72 159.24 156.70 154.13 151.62 149.25 147.08 145.17 143.57 142.35 141.56 141.25 141.49 142.32 143.64 145.01 146.32 147.57 148.75 149.85 150.85 151.76 152.55 153.23 153.76 154.05 153.93 153.41 152.50 151.18 149.38 147.08 144.34 141.20 137.71 133.90 129.83 125.53 121.06 116.46 112.15 108.77 106.32 104.74 103.97 103.92 104.52 105.70 107.40 109.54 112.02 114.63 117.17 119.60 121.91 123.98 125.70 127.03 128.01
171.59 171.22 170.69 170.24 169.93 169.69 169.44 169.14 168.71 168.08 167.20 165.99 164.40 162.37 159.95 157.38 154.74 152.12 149.59 147.21 145.03 143.12 141.53 140.31 139.53 139.24 139.50 140.36 141.71 143.12 144.47 145.75 146.97 148.10 149.15 150.09 150.93 151.65 152.24 152.69 152.88 152.67 151.98 150.74 148.95 146.65 143.89 140.71 137.16 133.28 129.12 124.71 120.12 115.38 110.92 107.40 104.83 103.14 102.27 102.14 102.68 103.82 105.48 107.59 110.09 112.88 115.75 118.52 121.06 123.21 124.96 126.32 127.32
167.18 166.82 166.30 165.90 165.66 165.52 165.41 165.27 165.03 164.63 164.00 163.08 161.80 160.10 157.92 155.34 152.66 150.02 147.47 145.07 142.89 140.97 139.38 138.17 137.40 137.13 137.41 138.29 139.67 141.11 142.49 143.81 145.06 146.23 147.31 148.30 149.18 149.94 150.58 151.08 151.43 151.46 150.92 149.75 148.02 145.77 143.04 139.87 136.31 132.40 128.20 123.74 119.06 114.23 109.67 106.06 103.42 101.67 100.75 100.59 101.11 102.25 103.92 106.06 108.59 111.45 114.54 117.56 120.18 122.37 124.15 125.54 126.57
162.73 162.34 161.80 161.40 161.20 161.12 161.10 161.08 160.99 160.77 160.36 159.68 158.68 157.28 155.44 153.13 150.50 147.83 145.26 142.85 140.66 138.74 137.14 135.94 135.18 134.91 135.21 136.12 137.53 138.99 140.40 141.76 143.04 144.24 145.36 146.39 147.30 148.11 148.79 149.33 149.68 149.71 149.27 148.23 146.61 144.45 141.79 138.68 135.16 131.28 127.08 122.60 117.90 113.02 108.41 104.76 102.09 100.33 99.41 99.27 99.82 100.99 102.73 104.94 107.56 110.51 113.61 116.57 119.22 121.45 123.26 124.69 125.74
158.30 157.84 157.24 156.81 156.59 156.54 156.57 156.64 156.66 156.59 156.35 155.87 155.10 153.97 152.45 150.53 148.19 145.57 142.98 140.56 138.35 136.42 134.82 133.62 132.87 132.62 132.93 133.86 135.29 136.78 138.22 139.60 140.92 142.16 143.31 144.37 145.32 146.16 146.88 147.41 147.64 147.53 147.08 146.18 144.72 142.69 140.16 137.15 133.72 129.90 125.76 121.32 116.63 111.76 107.14 103.49 100.84 99.12 98.25 98.17 98.80 100.07 101.91 104.24 106.99 109.95 112.86 115.62 118.19 120.45 122.30 123.76 124.85
153.95 153.39 152.69 152.18 151.92 151.85 151.90 152.00 152.10 152.13 152.02 151.71 151.14 150.24 149.01 147.42 145.48 143.18 140.65 138.20 135.98 134.04 132.44 131.23 130.48 130.24 130.57 131.52 132.97 134.49 135.95 137.36 138.71 139.98 141.16 142.25 143.24 144.12 144.82 145.23 145.31 145.07 144.51 143.63 142.34 140.50 138.13 135.28 131.98 128.29 124.24 119.89 115.27 110.44 105.87 102.27 99.69 98.05 97.28 97.31 98.07 99.47 101.47 103.96 106.74 109.52 112.21 114.78 117.18 119.38 121.26 122.76 123.88
149.76 149.05 148.21 147.58 147.24 147.11 147.13 147.24 147.37 147.47 147.45 147.26 146.83 146.12 145.13 143.85 142.27 140.38 138.17 135.79 133.55 131.60 129.99 128.79 128.04 127.81 128.14 129.11 130.59 132.12 133.61 135.05 136.42 137.72 138.93 140.05 141.07 141.93 142.51 142.77 142.72 142.37 141.71 140.76 139.52 137.88 135.73 133.08 129.96 126.44 122.54 118.31 113.81 109.08 104.59 101.10 98.63 97.13 96.50 96.69 97.62 99.21 101.40 103.94 106.55 109.11 111.61 114.00 116.24 118.31 120.15 121.68 122.83
145.78 144.88 143.86 143.08 142.61 142.38 142.34 142.41 142.54 142.66 142.69 142.55 142.21 141.65 140.87 139.85 138.59 137.08 135.30 133.25 131.09 129.12 127.51 126.30 125.55 125.32 125.67 126.65 128.14 129.70 131.21 132.67 134.07 135.39 136.63 137.78 138.78 139.51 139.94 140.07 139.90 139.45 138.72 137.71 136.43 134.87 132.95 130.55 127.66 124.35 120.65 116.60 112.26 107.67 103.32 99.98 97.68 96.35 95.92 96.31 97.46 99.28 101.54 103.91 106.30 108.68 111.00 113.23 115.33 117.27 119.01 120.51 121.70
142.08 140.95 139.71 138.73 138.09 137.73 137.59 137.59 137.67 137.76 137.75 137.60 137.31 136.86 136.25 135.45 134.47 133.30 131.92 130.32 128.50 126.61 124.98 123.77 123.02 122.79 123.15 124.14 125.65 127.23 128.76 130.24 131.66 133.01 134.27 135.40 136.27 136.85 137.14 137.15 136.89 136.35 135.56 134.50 133.20 131.64 129.84 127.69 125.09 122.03 118.57 114.75 110.62 106.22 102.06 98.92 96.83 95.72 95.53 96.18 97.58 99.50 101.59 103.76 105.96 108.15 110.31 112.40 114.38 116.21 117.87 119.31 120.49
138.71 137.32 135.82 134.61 133.77 133.23 132.94 132.82 132.80 132.76 132.65 132.46 132.18 131.80 131.31 130.70 129.96 129.08 128.05 126.87 125.51 123.99 122.44 121.21 120.46 120.24 120.60 121.60 123.13 124.72 126.27 127.77 129.21 130.58 131.82 132.81 133.53 133.97 134.14 134.05 133.71 133.11 132.27 131.18 129.87 128.32 126.55 124.55 122.24 119.49 116.32 112.78 108.90 104.74 100.81 97.91 96.08 95.25 95.35 96.29 97.81 99.57 101.45 103.42 105.44 107.48 109.50 111.47 113.34 115.09 116.67 118.06 119.21
135.75 134.05 132.26 130.77 129.68 128.93 128.46 128.16 127.92 127.68 127.42 127.15 126.84 126.48 126.08 125.61 125.08 124.46 123.74 122.93 122.00 120.96 119.79 118.65 117.89 117.66 118.03 119.04 120.58 122.19 123.76 125.27 126.73 128.07 129.17 130.01 130.59 130.91 130.98 130.81 130.40 129.75 128.88 127.78 126.47 124.94 123.21 121.28 119.15 116.73 113.90 110.68 107.10 103.23 99.59 96.98 95.45 94.94 95.36 96.44 97.81 99.36 101.05 102.84 104.71 106.61 108.51 110.37 112.16 113.84 115.37 116.72 117.86
133.26 131.22 129.08 127.28 125.91 124.90 124.17 123.57 123.03 122.55 122.11 121.71 121.33 120.96 120.61 120.24 119.86 119.46 119.02 118.54 118.01 117.41 116.73 115.98 115.31 115.09 115.46 116.47 118.02 119.64 121.22 122.75 124.18 125.38 126.33 127.03 127.48 127.70 127.69 127.44 126.98 126.30 125.42 124.32 123.03 121.55 119.88 118.02 115.99 113.78 111.31 108.45 105.23 101.70 98.38 96.11 94.94 94.78 95.36 96.29 97.45 98.81 100.33 101.97 103.69 105.47 107.27 109.04 110.76 112.39 113.90 115.24 116.38
131.30 128.87 126.36 124.20 122.51 121.17 120.04 119.04 118.17 117.40 116.74 116.17 115.68 115.27 114.92 114.62 114.36 114.13 113.93 113.74 113.55 113.36 113.15 112.91 112.65 112.52 112.88 113.91 115.46 117.10 118.69 120.18 121.46 122.51 123.32 123.89 124.24 124.37 124.29 124.00 123.50 122.81 121.92 120.85 119.60 118.17 116.57 114.81 112.89 110.81 108.58 106.11 103.29 100.14 97.20 95.32 94.53 94.56 95.00 95.72 96.69 97.87 99.23 100.73 102.34 104.02 105.73 107.44 109.11 110.71 112.20 113.54 114.70
129.93 127.08 124.15 121.60 119.50 117.68 116.05 114.62 113.37 112.28 111.36 110.58 109.94 109.44 109.05 108.77 108.59 108.50 108.49 108.56 108.68 108.85 109.06 109.31 109.57 109.86 110.33 111.36 112.92 114.56 116.11 117.46 118.59 119.49 120.17 120.64 120.90 120.96 120.82 120.49 119.98 119.29 118.42 117.38 116.19 114.83 113.32 111.67 109.87 107.94 105.88 103.69 101.29 98.57 96.05 94.58 94.01 93.90 94.13 94.66 95.46 96.48 97.71 99.09 100.60 102.19 103.83 105.50 107.14 108.72 110.22 111.58 112.79
129.15 125.91 122.52 119.49 116.81 114.40 112.25 110.34 108.66 107.22 105.99 104.96 104.14 103.50 103.04 102.74 102.60 102.61 102.76 103.03 103.42 103.92 104.52 105.20 105.96 106.80 107.69 108.83 110.39 111.99 113.40 114.59 115.57 116.35 116.92 117.30 117.49 117.49 117.32 116.97 116.46 115.78 114.95 113.96 112.84 111.57 110.17 108.64 106.99 105.22 103.33 101.35 99.25 96.98 94.91 93.68 92.97 92.65 92.69 93.05 93.70 94.59 95.69 96.98 98.40 99.93 101.52 103.16 104.79 106.38 107.89 109.30 110.56
128.84 125.34 121.49 117.80 114.44 111.39 108.67 106.24 104.11 102.26 100.69 99.38 98.32 97.51 96.93 96.58 96.44 96.51 96.77 97.21 97.83 98.62 99.56 100.64 101.86 103.21 104.67 106.25 107.88 109.34 110.58 111.63 112.48 113.14 113.62 113.92 114.06 114.02 113.82 113.47 112.97 112.33 111.55 110.63 109.59 108.43 107.15 105.76 104.26 102.67 100.98 99.20 97.35 95.41 93.58 92.22 91.31 90.80 90.67 90.87 91.38 92.15 93.16 94.35 95.71 97.19 98.76 100.38 102.02 103.63 105.19 106.66 108.00
128.84 125.15 121.05 116.75 112.67 108.96 105.63 102.65 100.03 97.74 95.79 94.16 92.84 91.82 91.09 90.64 90.47 90.56 90.90 91.48 92.29 93.33 94.58 96.03 97.67 99.50 101.50 103.66 105.69 107.09 108.17 109.06 109.78 110.33 110.71 110.93 111.00 110.92 110.69 110.33 109.84 109.22 108.49 107.63 106.67 105.61 104.44 103.19 101.84 100.42 98.92 97.35 95.71 93.96 92.15 90.60 89.47 88.78 88.47 88.52 88.89 89.55 90.45 91.57 92.86 94.29 95.83 97.43 99.07 100.71 102.31 103.84 105.25
129.04 125.22 121.01 116.47 111.81 107.41 103.44 99.88 96.73 93.98 91.62 89.64 88.02 86.76 85.86 85.29 85.05 85.13 85.52 86.21 87.18 88.44 89.97 91.76 93.79 96.07 98.58 101.30 103.88 105.64 106.65 107.37 107.92 108.33 108.58 108.69 108.67 108.52 108.24 107.84 107.33 106.71 105.99 105.18 104.27 103.27 102.20 101.05 99.83 98.55 97.21 95.82 94.33 92.67 90.93 89.33 88.01 87.11 86.61 86.48 86.70 87.21 87.99 89.01 90.21 91.58 93.06 94.64 96.26 97.90 99.52 101.09 102.56
129.47 125.53 121.23 116.59 111.71 106.75 102.11 97.94 94.24 90.99 88.19 85.83 83.89 82.37 81.25 80.53 80.19 80.24 80.64 81.41 82.52 83.97 85.75 87.84 90.24 92.95 95.95 99.16 102.27 104.54 105.88 106.51 106.88 107.11 107.21 107.18 107.04 106.79 106.43 105.97 105.41 104.76 104.03 103.21 102.33 101.38 100.36 99.29 98.17 97.00 95.79 94.51 93.10 91.51 89.84 88.30 86.93 85.82 85.11 84.79 84.83 85.18 85.82 86.71 87.81 89.08 90.50 92.02 93.61 95.23 96.85 98.43 99.93
