data_processed/recharge/precip/Precip_2002_07.asc
ncols        168
nrows        136
xllcorner    455000
yllcorner    2107000
cellsize     500
NODATA_value     -99999
[rows 32 to 63 of 136, columns 73 to 145 of 168]
159.62 157.20 154.54 151.63 148.61 145.58 142.56 139.58 136.64 133.76 130.97 128.26 125.66 123.18 120.84 118.66 116.64 114.81 113.17 111.75 110.57 109.62 108.94 108.53 108.41 108.62 109.23 110.01 110.21 109.85 109.31 108.71 108.09 107.43 106.77 106.09 105.42 104.77 104.13 103.53 102.97 102.47 102.02 101.64 101.35 101.14 101.03 101.04 101.16 101.40 101.80 102.43 103.36 104.52 105.82 107.31 109.05 111.03 113.23 115.61 118.15 120.82 123.59 126.44 129.34 132.25 135.15 138.02 140.82 143.54 146.13 148.57 150.83
157.27 154.80 152.12 149.17 146.00 142.75 139.54 136.40 133.33 130.35 127.47 124.72 122.10 119.64 117.34 115.22 113.31 111.60 110.13 108.90 107.92 107.22 106.82 106.71 106.95 107.60 108.68 109.95 110.64 110.62 110.08 109.36 108.62 107.86 107.08 106.31 105.54 104.80 104.08 103.40 102.77 102.20 101.69 101.26 100.91 100.66 100.51 100.48 100.58 100.81 101.29 102.08 103.19 104.52 105.98 107.55 109.26 111.21 113.37 115.72 118.23 120.88 123.63 126.47 129.35 132.25 135.15 138.02 140.82 143.54 146.14 148.59 150.88
155.14 152.63 149.91 146.94 143.73 140.34 136.91 133.57 130.33 127.21 124.23 121.39 118.73 116.24 113.95 111.87 110.02 108.41 107.06 105.99 105.20 104.71 104.55 104.73 105.34 106.39 107.91 109.63 110.79 111.22 110.98 110.24 109.36 108.47 107.57 106.68 105.80 104.94 104.12 103.35 102.63 101.97 101.38 100.87 100.46 100.14 99.94 99.86 99.92 100.21 100.85 101.81 103.08 104.57 106.19 107.90 109.67 111.57 113.67 115.96 118.42 121.02 123.73 126.52 129.36 132.23 135.09 137.93 140.71 143.40 145.98 148.42 150.69
153.21 150.65 147.91 144.91 141.68 138.26 134.68 131.12 127.68 124.39 121.26 118.32 115.57 113.03 110.71 108.64 106.82 105.27 104.02 103.06 102.42 102.11 102.18 102.67 103.62 105.04 106.95 109.09 110.66 111.50 111.67 111.20 110.28 109.24 108.20 107.17 106.16 105.18 104.24 103.34 102.51 101.75 101.06 100.46 99.96 99.56 99.28 99.14 99.25 99.70 100.49 101.61 103.03 104.67 106.43 108.28 110.19 112.12 114.15 116.36 118.74 121.26 123.89 126.61 129.38 132.19 134.99 137.77 140.50 143.14 145.68 148.08 150.31
151.49 148.88 146.09 143.07 139.83 136.39 132.79 129.08 125.41 121.92 118.61 115.52 112.65 110.02 107.65 105.55 103.73 102.21 101.01 100.14 99.62 99.48 99.78 100.55 101.80 103.55 105.81 108.33 110.28 111.49 112.03 111.93 111.25 110.14 108.94 107.75 106.59 105.46 104.38 103.36 102.40 101.51 100.70 99.99 99.38 98.89 98.53 98.41 98.66 99.27 100.22 101.48 103.03 104.81 106.70 108.68 110.71 112.76 114.81 116.93 119.20 121.61 124.14 126.76 129.44 132.16 134.88 137.57 140.22 142.79 145.25 147.58 149.73
149.96 147.29 144.46 141.41 138.14 134.70 131.10 127.36 123.54 119.82 116.31 113.04 110.02 107.27 104.80 102.64 100.79 99.27 98.09 97.28 96.86 96.89 97.40 98.40 99.91 101.95 104.53 107.38 109.66 111.21 112.08 112.31 111.95 111.05 109.77 108.40 107.07 105.78 104.54 103.36 102.25 101.22 100.28 99.44 98.70 98.10 97.75 97.78 98.18 98.93 100.01 101.41 103.09 104.98 106.99 109.09 111.24 113.40 115.55 117.67 119.82 122.11 124.51 127.00 129.56 132.15 134.76 137.34 139.88 142.35 144.71 146.93 148.96
148.61 145.88 143.01 139.92 136.63 133.17 129.56 125.83 122.00 118.12 114.38 110.89 107.69 104.79 102.20 99.94 98.02 96.46 95.28 94.50 94.19 94.36 95.04 96.24 97.98 100.26 103.12 106.26 108.84 110.68 111.84 112.36 112.29 111.67 110.55 109.09 107.57 106.09 104.68 103.32 102.05 100.86 99.76 98.77 97.90 97.30 97.08 97.25 97.79 98.67 99.88 101.40 103.19 105.19 107.31 109.51 111.76 114.02 116.27 118.48 120.61 122.76 125.00 127.34 129.75 132.20 134.66 137.11 139.51 141.84 144.06 146.11 147.98
147.43 144.64 141.72 138.60 135.28 131.80 128.18 124.45 120.63 116.74 112.85 109.13 105.71 102.62 99.87 97.48 95.46 93.83 92.62 91.89 91.65 91.93 92.74 94.09 96.01 98.51 101.59 104.98 107.82 109.92 111.33 112.10 112.28 111.90 111.02 109.69 108.05 106.38 104.76 103.22 101.75 100.38 99.11 97.97 97.08 96.60 96.52 96.83 97.49 98.50 99.82 101.44 103.33 105.43 107.64 109.93 112.27 114.62 116.96 119.25 121.45 123.56 125.64 127.80 130.04 132.31 134.60 136.89 139.13 141.29 143.29 145.13 146.82
146.42 143.56 140.60 137.43 134.08 130.58 126.95 123.21 119.40 115.53 111.63 107.76 104.10 100.78 97.84 95.29 93.14 91.42 90.19 89.46 89.27 89.61 90.51 91.98 94.04 96.70 99.98 103.59 106.64 108.95 110.57 111.55 111.93 111.76 111.09 109.95 108.41 106.60 104.77 103.01 101.34 99.77 98.33 97.15 96.38 96.03 96.08 96.50 97.28 98.39 99.82 101.53 103.51 105.69 107.98 110.35 112.76 115.19 117.60 119.96 122.24 124.40 126.43 128.41 130.44 132.51 134.61 136.70 138.73 140.64 142.39 144.00 145.50
145.56 142.64 139.62 136.41 133.02 129.50 125.85 122.11 118.30 114.44 110.56 106.69 102.88 99.32 96.16 93.41 91.10 89.30 88.01 87.26 87.06 87.42 88.37 89.92 92.08 94.87 98.30 102.08 105.31 107.79 109.59 110.74 111.28 111.28 110.76 109.79 108.40 106.65 104.66 102.68 100.79 99.02 97.52 96.45 95.81 95.58 95.74 96.27 97.15 98.36 99.87 101.66 103.72 105.97 108.33 110.76 113.24 115.73 118.20 120.62 122.96 125.18 127.25 129.15 130.97 132.82 134.69 136.54 138.28 139.88 141.36 142.74 144.05
144.85 141.86 138.78 135.52 132.10 128.55 124.88 121.13 117.32 113.47 109.61 105.76 101.96 98.25 94.84 91.87 89.41 87.48 86.10 85.28 85.04 85.39 86.35 87.93 90.15 93.03 96.57 100.49 103.85 106.47 108.39 109.67 110.34 110.46 110.07 109.22 107.95 106.31 104.34 102.19 100.07 98.23 96.84 95.89 95.36 95.24 95.51 96.14 97.10 98.39 99.98 101.84 103.95 106.26 108.67 111.16 113.70 116.24 118.76 121.22 123.60 125.87 127.98 129.91 131.64 133.26 134.85 136.37 137.75 139.04 140.24 141.38 142.47
144.29 141.21 138.08 134.77 131.30 127.72 124.03 120.26 116.45 112.61 108.76 104.94 101.17 97.47 93.92 90.75 88.10 86.01 84.50 83.57 83.24 83.54 84.46 86.04 88.28 91.21 94.82 98.83 102.28 105.00 107.01 108.38 109.14 109.34 109.03 108.26 107.07 105.50 103.61 101.46 99.33 97.59 96.30 95.46 95.04 95.02 95.37 96.08 97.13 98.48 100.13 102.05 104.21 106.56 109.02 111.55 114.12 116.70 119.26 121.76 124.17 126.47 128.61 130.56 132.31 133.79 135.03 136.15 137.18 138.14 139.05 139.93 140.80
143.85 140.70 137.50 134.13 130.62 127.00 123.29 119.51 115.68 111.84 108.01 104.21 100.47 96.83 93.33 90.05 87.19 84.90 83.21 82.13 81.68 81.88 82.74 84.27 86.49 89.42 93.07 97.12 100.63 103.40 105.47 106.88 107.69 107.93 107.67 106.93 105.78 104.25 102.41 100.48 98.67 97.09 95.92 95.17 94.84 94.90 95.33 96.11 97.22 98.63 100.33 102.29 104.49 106.87 109.36 111.92 114.52 117.12 119.70 122.23 124.66 126.97 129.13 131.10 132.83 134.20 135.18 135.91 136.57 137.19 137.80 138.41 139.06
143.53 140.30 137.03 133.61 130.05 126.39 122.65 118.85 115.01 111.17 107.35 103.57 99.87 96.30 92.88 89.66 86.68 84.16 82.26 80.99 80.38 80.44 81.19 82.63 84.79 87.69 91.33 95.40 98.92 101.70 103.78 105.20 106.01 106.26 106.00 105.26 104.11 102.59 100.94 99.38 97.96 96.70 95.67 95.01 94.75 94.89 95.38 96.22 97.37 98.83 100.57 102.56 104.78 107.19 109.69 112.27 114.88 117.50 120.09 122.62 125.06 127.37 129.53 131.48 133.09 134.31 135.15 135.65 135.94 136.22 136.51 136.86 137.26
143.33 140.01 136.67 133.19 129.58 125.88 122.10 118.28 114.43 110.59 106.77 103.01 99.37 95.87 92.53 89.39 86.46 83.82 81.67 80.17 79.36 79.24 79.83 81.15 83.22 86.04 89.63 93.67 97.17 99.92 101.96 103.35 104.13 104.35 104.04 103.27 102.09 100.74 99.44 98.26 97.19 96.27 95.51 94.97 94.78 94.97 95.51 96.39 97.59 99.08 100.84 102.85 105.09 107.50 110.01 112.58 115.20 117.81 120.40 122.93 125.36 127.67 129.79 131.60 133.03 134.10 134.82 135.21 135.30 135.25 135.22 135.28 135.43
143.23 139.82 136.41 132.86 129.20 125.45 121.64 117.79 113.93 110.07 106.27 102.55 98.96 95.52 92.25 89.18 86.33 83.73 81.45 79.69 78.64 78.30 78.70 79.86 81.78 84.49 87.99 91.96 95.39 98.07 100.05 101.36 102.07 102.21 101.83 100.99 99.94 98.92 97.98 97.13 96.40 95.79 95.31 95.00 94.91 95.14 95.73 96.64 97.86 99.37 101.14 103.16 105.39 107.80 110.30 112.87 115.47 118.08 120.65 123.16 125.57 127.83 129.79 131.39 132.65 133.57 134.17 134.48 134.50 134.27 133.94 133.70 133.59
143.23 139.73 136.24 132.62 128.90 125.10 121.25 117.37 113.49 109.64 105.85 102.18 98.63 95.24 92.02 89.02 86.24 83.71 81.47 79.57 78.24 77.64 77.81 78.76 80.50 83.05 86.43 90.29 93.62 96.19 98.05 99.26 99.85 99.87 99.39 98.65 97.92 97.23 96.61 96.07 95.62 95.29 95.08 95.01 95.10 95.41 96.02 96.95 98.18 99.70 101.47 103.48 105.70 108.09 110.57 113.12 115.70 118.27 120.82 123.30 125.65 127.73 129.46 130.85 131.93 132.71 133.20 133.43 133.40 133.13 132.66 132.14 131.77
143.31 139.72 136.14 132.46 128.68 124.83 120.93 117.02 113.12 109.28 105.52 101.87 98.35 95.00 91.83 88.88 86.16 83.69 81.52 79.65 78.17 77.29 77.18 77.89 79.41 81.76 84.97 88.68 91.86 94.28 96.00 97.05 97.48 97.37 96.96 96.52 96.10 95.71 95.37 95.10 94.91 94.82 94.84 94.99 95.28 95.72 96.38 97.32 98.55 100.06 101.82 103.81 106.00 108.36 110.81 113.32 115.87 118.41 120.91 123.32 125.46 127.28 128.78 129.97 130.88 131.52 131.91 132.06 131.98 131.70 131.23 130.59 129.97
143.47 139.78 136.12 132.36 128.52 124.61 120.67 116.73 112.82 108.98 105.24 101.61 98.12 94.79 91.66 88.74 86.07 83.66 81.55 79.75 78.29 77.24 76.84 77.25 78.51 80.63 83.63 87.15 90.15 92.38 93.90 94.76 95.02 94.95 94.81 94.67 94.52 94.40 94.32 94.29 94.32 94.43 94.65 94.97 95.43 96.03 96.78 97.74 98.97 100.45 102.19 104.14 106.30 108.61 111.02 113.48 115.98 118.47 120.88 123.06 124.92 126.48 127.76 128.76 129.50 130.01 130.29 130.36 130.24 129.95 129.50 128.90 128.19
143.71 139.91 136.17 132.33 128.42 124.45 120.47 116.50 112.59 108.74 104.99 101.37 97.89 94.59 91.48 88.60 85.96 83.60 81.53 79.79 78.39 77.37 76.78 76.89 77.84 79.69 82.44 85.73 88.49 90.50 91.79 92.44 92.71 92.89 93.03 93.14 93.25 93.36 93.49 93.66 93.88 94.17 94.54 95.02 95.60 96.32 97.18 98.20 99.41 100.87 102.57 104.48 106.58 108.84 111.19 113.59 116.03 118.41 120.58 122.45 124.03 125.34 126.39 127.19 127.78 128.15 128.34 128.34 128.19 127.89 127.46 126.91 126.28
144.00 140.10 136.26 132.35 128.36 124.34 120.32 116.33 112.39 108.53 104.77 101.14 97.67 94.37 91.28 88.42 85.81 83.48 81.45 79.75 78.41 77.44 76.88 76.79 77.42 78.95 81.41 84.43 86.92 88.66 89.70 90.33 90.84 91.27 91.65 91.99 92.31 92.62 92.93 93.27 93.65 94.08 94.58 95.16 95.85 96.64 97.57 98.65 99.88 101.31 102.95 104.81 106.85 109.04 111.31 113.65 115.96 118.08 119.91 121.47 122.77 123.83 124.66 125.29 125.71 125.96 126.05 125.99 125.80 125.50 125.10 124.62 124.07
144.35 140.34 136.41 132.40 128.35 124.27 120.21 116.18 112.21 108.32 104.55 100.91 97.42 94.13 91.04 88.19 85.60 83.29 81.29 79.63 78.32 77.40 76.89 76.82 77.25 78.43 80.56 83.27 85.46 86.91 87.91 88.75 89.49 90.14 90.73 91.26 91.76 92.23 92.70 93.17 93.67 94.20 94.80 95.46 96.20 97.05 98.02 99.11 100.35 101.76 103.34 105.13 107.09 109.20 111.39 113.60 115.62 117.38 118.88 120.13 121.16 121.97 122.59 123.03 123.31 123.43 123.43 123.31 123.09 122.79 122.42 122.00 121.55
144.74 140.61 136.59 132.50 128.37 124.24 120.12 116.04 112.03 108.11 104.30 100.64 97.14 93.83 90.74 87.89 85.30 83.01 81.03 79.39 78.11 77.23 76.76 76.74 77.17 78.15 79.92 82.28 84.15 85.52 86.71 87.76 88.70 89.55 90.31 91.00 91.64 92.24 92.82 93.40 93.98 94.59 95.24 95.95 96.72 97.59 98.55 99.63 100.85 102.21 103.73 105.44 107.31 109.32 111.38 113.27 114.91 116.30 117.47 118.42 119.17 119.75 120.16 120.42 120.55 120.56 120.47 120.30 120.05 119.76 119.43 119.07 118.72
145.12 140.92 136.80 132.63 128.42 124.22 120.04 115.90 111.84 107.87 104.02 100.32 96.80 93.47 90.36 87.50 84.91 82.61 80.64 79.02 77.76 76.91 76.47 76.48 76.97 77.95 79.49 81.51 83.27 84.81 86.19 87.43 88.53 89.53 90.43 91.25 92.00 92.70 93.36 94.00 94.64 95.29 95.96 96.68 97.45 98.29 99.23 100.26 101.41 102.70 104.13 105.73 107.50 109.36 111.08 112.56 113.81 114.84 115.68 116.33 116.82 117.16 117.37 117.45 117.44 117.34 117.17 116.94 116.68 116.39 116.10 115.82 115.57
145.31 141.26 137.08 132.82 128.53 124.24 119.99 115.78 111.66 107.63 103.74 99.99 96.43 93.07 89.93 87.05 84.44 82.14 80.17 78.55 77.31 76.47 76.05 76.09 76.61 77.63 79.18 81.12 83.02 84.74 86.29 87.68 88.93 90.05 91.06 91.97 92.80 93.57 94.28 94.97 95.63 96.28 96.95 97.65 98.39 99.19 100.05 101.01 102.07 103.25 104.57 106.03 107.66 109.21 110.49 111.55 112.41 113.09 113.61 113.97 114.20 114.30 114.31 114.22 114.07 113.86 113.61 113.34 113.06 112.79 112.54 112.34 112.19
145.32 141.60 137.61 133.30 128.91 124.54 120.20 115.92 111.72 107.63 103.68 99.88 96.27 92.86 89.70 86.78 84.16 81.84 79.86 78.23 76.99 76.16 75.76 75.82 76.36 77.41 78.97 80.92 82.92 84.82 86.52 88.06 89.44 90.68 91.80 92.80 93.71 94.53 95.30 96.01 96.69 97.35 98.01 98.68 99.38 100.12 100.93 101.80 102.77 103.84 105.03 106.36 107.84 109.18 110.08 110.73 111.21 111.53 111.72 111.79 111.75 111.63 111.43 111.18 110.88 110.56 110.24 109.92 109.62 109.36 109.16 109.03 108.99
145.27 141.88 138.23 134.09 129.65 125.18 120.75 116.38 112.10 107.94 103.92 100.06 96.40 92.94 89.73 86.78 84.13 81.78 79.78 78.14 76.90 76.06 75.67 75.74 76.30 77.36 78.90 80.82 82.82 84.81 86.68 88.37 89.89 91.25 92.47 93.57 94.55 95.45 96.26 97.01 97.71 98.38 99.04 99.69 100.35 101.04 101.78 102.58 103.45 104.41 105.49 106.71 108.07 109.27 109.97 110.27 110.36 110.33 110.20 109.97 109.67 109.31 108.91 108.48 108.05 107.62 107.21 106.84 106.53 106.28 106.12 106.07 106.13
145.18 142.10 138.77 134.95 130.67 126.14 121.61 117.15 112.78 108.54 104.44 100.52 96.79 93.28 90.02 87.02 84.33 81.95 79.92 78.26 77.00 76.16 75.76 75.84 76.40 77.44 78.96 80.85 82.82 84.80 86.76 88.60 90.26 91.74 93.08 94.27 95.34 96.30 97.17 97.96 98.69 99.37 100.02 100.65 101.29 101.93 102.61 103.33 104.12 104.98 105.97 107.09 108.32 109.39 109.98 110.10 109.87 109.48 109.02 108.49 107.93 107.33 106.73 106.13 105.55 105.01 104.52 104.10 103.76 103.53 103.41 103.42 103.59
145.04 142.25 139.23 135.71 131.73 127.35 122.75 118.19 113.73 109.40 105.22 101.22 97.42 93.84 90.52 87.48 84.73 82.32 80.25 78.56 77.28 76.42 76.01 76.08 76.64 77.66 79.14 80.99 82.92 84.87 86.82 88.74 90.54 92.16 93.61 94.90 96.06 97.09 98.02 98.85 99.61 100.31 100.96 101.58 102.18 102.79 103.41 104.06 104.76 105.57 106.48 107.50 108.61 109.54 110.01 110.03 109.64 108.96 108.16 107.34 106.51 105.68 104.87 104.09 103.37 102.71 102.14 101.66 101.31 101.08 101.00 101.09 101.35
144.89 142.35 139.60 136.37 132.68 128.58 124.12 119.49 114.93 110.50 106.23 102.14 98.26 94.61 91.22 88.12 85.32 82.85 80.75 79.02 77.71 76.82 76.41 76.47 77.01 78.00 79.44 81.24 83.13 85.04 86.95 88.86 90.73 92.48 94.05 95.45 96.70 97.81 98.79 99.68 100.47 101.18 101.84 102.45 103.03 103.60 104.16 104.76 105.43 106.18 107.03 107.94 108.92 109.72 110.07 109.98 109.51 108.69 107.62 106.50 105.40 104.33 103.31 102.36 101.48 100.71 100.05 99.53 99.15 98.93 98.89 99.04 99.40
144.71 142.41 139.91 136.94 133.52 129.69 125.49 120.99 116.35 111.82 107.44 103.26 99.29 95.57 92.10 88.92 86.06 83.54 81.38 79.61 78.26 77.36 76.94 76.99 77.50 78.46 79.86 81.60 83.44 85.30 87.17 89.04 90.89 92.71 94.40 95.91 97.25 98.44 99.49 100.43 101.26 101.99 102.66 103.26 103.82 104.35 104.88 105.46 106.11 106.82 107.59 108.41 109.26 109.91 110.14 109.95 109.39 108.50 107.32 105.95 104.58 103.27 102.04 100.91 99.89 99.00 98.25 97.67 97.26 97.05 97.04 97.26 97.66
144.53 142.43 140.17 137.42 134.24 130.65 126.71 122.45 117.93 113.32 108.84 104.55 100.49 96.67 93.12 89.87 86.94 84.35 82.13 80.31 78.93 78.04 77.61 77.64 78.12 79.04 80.38 82.07 83.84 85.65 87.47 89.29 91.11 92.90 94.65 96.27 97.71 98.98 100.11 101.10 101.97 102.73 103.41 104.01 104.55 105.07 105.61 106.19 106.82 107.48 108.18 108.89 109.60 110.12 110.22 109.93 109.28 108.32 107.09 105.62 104.03 102.48 101.04 99.73 98.56 97.55 96.71 96.07 95.64 95.43 95.46 95.69 96.02
