data_processed/recharge/precip/Precip_1987_09.asc
ncols        168
nrows        136
xllcorner    455000
yllcorner    2107000
cellsize     500
NODATA_value     -99999
[rows 66 to 98 of 136, columns 75 to 149 of 168]
94.28 93.35 92.48 91.67 90.92 90.23 89.59 89.00 88.46 87.96 87.50 87.07 86.67 86.31 85.97 85.65 85.34 85.06 84.78 84.51 84.25 83.99 83.72 83.45 83.17 82.88 82.57 82.24 81.92 81.60 81.27 80.94 80.60 80.26 79.91 79.56 79.20 78.85 78.50 78.15 77.80 77.46 77.12 76.80 76.48 76.16 75.87 75.58 75.30 75.04 74.80 74.57 74.37 74.18 74.01 73.86 73.74 73.64 73.55 73.47 73.41 73.37 73.33 73.31 73.30 73.29 73.30 73.31 73.33 73.35 73.38 73.41 73.44 73.47 73.51
93.05 92.11 91.24 90.43 89.69 89.01 88.38 87.81 87.29 86.81 86.38 85.99 85.63 85.30 85.01 84.74 84.49 84.26 84.05 83.85 83.65 83.46 83.28 83.09 82.90 82.69 82.48 82.25 81.97 81.65 81.32 80.98 80.63 80.28 79.93 79.57 79.21 78.86 78.50 78.15 77.80 77.46 77.13 76.80 76.48 76.18 75.88 75.60 75.33 75.08 74.84 74.62 74.43 74.25 74.09 73.96 73.85 73.75 73.67 73.61 73.56 73.53 73.50 73.49 73.48 73.49 73.50 73.52 73.54 73.57 73.61 73.64 73.68 73.72 73.75
91.83 90.88 90.00 89.19 88.45 87.78 87.16 86.61 86.11 85.65 85.25 84.89 84.57 84.28 84.03 83.81 83.61 83.44 83.29 83.15 83.03 82.91 82.80 82.69 82.59 82.47 82.35 82.19 81.96 81.67 81.34 80.99 80.64 80.28 79.92 79.56 79.20 78.84 78.49 78.13 77.79 77.45 77.11 76.79 76.47 76.17 75.88 75.60 75.34 75.10 74.87 74.66 74.47 74.31 74.16 74.04 73.94 73.86 73.79 73.74 73.70 73.68 73.66 73.66 73.67 73.68 73.70 73.73 73.76 73.80 73.84 73.88 73.92 73.96 74.00
90.60 89.64 88.76 87.95 87.21 86.55 85.94 85.40 84.92 84.49 84.11 83.78 83.49 83.24 83.04 82.86 82.72 82.60 82.51 82.43 82.38 82.33 82.30 82.27 82.25 82.22 82.16 82.05 81.87 81.63 81.33 80.98 80.62 80.26 79.89 79.53 79.17 78.81 78.45 78.10 77.75 77.41 77.08 76.76 76.45 76.15 75.87 75.60 75.34 75.10 74.89 74.69 74.51 74.35 74.22 74.11 74.03 73.96 73.91 73.87 73.84 73.83 73.82 73.83 73.84 73.87 73.90 73.93 73.97 74.02 74.06 74.11 74.16 74.21 74.26
89.39 88.41 87.52 86.71 85.97 85.31 84.72 84.19 83.72 83.31 82.96 82.66 82.41 82.20 82.03 81.90 81.81 81.74 81.71 81.70 81.71 81.73 81.77 81.82 81.88 81.91 81.89 81.82 81.69 81.50 81.25 80.93 80.58 80.21 79.84 79.48 79.11 78.75 78.39 78.04 77.70 77.36 77.03 76.71 76.41 76.12 75.84 75.57 75.33 75.10 74.89 74.70 74.53 74.39 74.27 74.17 74.10 74.05 74.01 73.98 73.97 73.97 73.98 73.99 74.02 74.05 74.09 74.14 74.18 74.24 74.29 74.35 74.40 74.46 74.51
88.18 87.19 86.29 85.48 84.74 84.08 83.49 82.98 82.53 82.14 81.81 81.54 81.31 81.14 81.02 80.93 80.89 80.87 80.90 80.94 81.02 81.11 81.23 81.35 81.46 81.53 81.55 81.52 81.43 81.29 81.09 80.83 80.51 80.14 79.77 79.40 79.04 78.67 78.32 77.97 77.62 77.29 76.96 76.65 76.35 76.06 75.79 75.54 75.30 75.08 74.88 74.70 74.55 74.42 74.31 74.23 74.17 74.13 74.11 74.09 74.09 74.10 74.12 74.15 74.19 74.23 74.28 74.34 74.39 74.46 74.52 74.58 74.64 74.71 74.76
86.98 85.98 85.07 84.25 83.51 82.86 82.28 81.77 81.33 80.96 80.66 80.41 80.22 80.08 79.99 79.95 79.95 79.99 80.07 80.18 80.32 80.48 80.66 80.83 80.97 81.07 81.12 81.13 81.09 80.99 80.85 80.64 80.37 80.05 79.68 79.31 78.94 78.58 78.22 77.87 77.53 77.20 76.88 76.57 76.28 76.00 75.73 75.49 75.26 75.05 74.86 74.69 74.55 74.43 74.34 74.27 74.23 74.21 74.20 74.20 74.21 74.23 74.27 74.31 74.36 74.41 74.47 74.54 74.60 74.67 74.75 74.82 74.89 74.96 75.02
85.81 84.79 83.87 83.04 82.30 81.64 81.07 80.57 80.14 79.79 79.51 79.29 79.12 79.02 78.97 78.97 79.02 79.11 79.24 79.40 79.60 79.83 80.05 80.25 80.41 80.54 80.62 80.67 80.66 80.62 80.52 80.36 80.16 79.89 79.56 79.19 78.83 78.47 78.11 77.76 77.43 77.10 76.78 76.48 76.19 75.92 75.66 75.42 75.20 75.00 74.83 74.67 74.54 74.44 74.36 74.31 74.28 74.27 74.28 74.29 74.32 74.36 74.40 74.46 74.52 74.59 74.66 74.73 74.81 74.89 74.97 75.05 75.13 75.21 75.28
84.65 83.61 82.68 81.84 81.10 80.44 79.87 79.38 78.97 78.63 78.36 78.16 78.03 77.96 77.95 77.99 78.08 78.21 78.40 78.62 78.88 79.14 79.38 79.59 79.78 79.93 80.05 80.13 80.16 80.16 80.11 80.01 79.85 79.64 79.38 79.05 78.69 78.33 77.98 77.63 77.30 76.98 76.67 76.37 76.09 75.82 75.58 75.35 75.14 74.95 74.78 74.64 74.53 74.43 74.37 74.34 74.33 74.34 74.35 74.39 74.43 74.48 74.54 74.61 74.68 74.76 74.84 74.93 75.02 75.11 75.20 75.29 75.38 75.46 75.55
83.51 82.46 81.51 80.66 79.91 79.25 78.68 78.20 77.80 77.47 77.23 77.05 76.95 76.90 76.92 77.00 77.14 77.32 77.56 77.83 78.12 78.39 78.64 78.88 79.08 79.26 79.40 79.51 79.59 79.63 79.62 79.57 79.47 79.31 79.11 78.85 78.53 78.18 77.83 77.49 77.16 76.84 76.53 76.24 75.97 75.71 75.48 75.26 75.06 74.88 74.73 74.60 74.50 74.42 74.37 74.36 74.37 74.39 74.42 74.47 74.53 74.59 74.67 74.75 74.84 74.93 75.03 75.12 75.23 75.33 75.43 75.53 75.63 75.72 75.81
82.40 81.33 80.37 79.51 78.75 78.08 77.52 77.04 76.64 76.33 76.10 75.95 75.87 75.86 75.91 76.03 76.20 76.43 76.71 77.01 77.30 77.58 77.85 78.09 78.32 78.52 78.69 78.83 78.94 79.02 79.05 79.05 79.00 78.90 78.76 78.56 78.31 78.00 77.66 77.32 77.00 76.69 76.39 76.11 75.84 75.59 75.36 75.15 74.97 74.80 74.66 74.55 74.46 74.40 74.37 74.37 74.39 74.44 74.49 74.55 74.62 74.71 74.80 74.89 74.99 75.10 75.21 75.32 75.43 75.55 75.66 75.77 75.88 75.98 76.10
81.32 80.23 79.25 78.37 77.61 76.94 76.37 75.89 75.51 75.21 74.99 74.86 74.80 74.82 74.90 75.06 75.27 75.54 75.84 76.14 76.43 76.72 76.99 77.25 77.49 77.71 77.91 78.08 78.22 78.33 78.41 78.45 78.45 78.41 78.32 78.19 78.00 77.76 77.47 77.14 76.82 76.52 76.23 75.95 75.69 75.45 75.24 75.04 74.86 74.71 74.59 74.49 74.41 74.37 74.36 74.37 74.42 74.48 74.55 74.63 74.72 74.81 74.92 75.03 75.15 75.27 75.39 75.51 75.64 75.77 75.89 76.01 76.13 76.26 76.45
80.27 79.16 78.16 77.27 76.49 75.82 75.25 74.77 74.39 74.10 73.90 73.79 73.75 73.80 73.91 74.10 74.35 74.63 74.93 75.22 75.51 75.80 76.08 76.34 76.60 76.84 77.06 77.26 77.43 77.58 77.70 77.78 77.83 77.84 77.81 77.73 77.61 77.44 77.21 76.94 76.63 76.33 76.05 75.78 75.53 75.30 75.10 74.91 74.75 74.61 74.50 74.41 74.36 74.33 74.33 74.37 74.43 74.51 74.60 74.70 74.80 74.92 75.04 75.17 75.30 75.43 75.57 75.71 75.85 75.99 76.12 76.26 76.41 76.61 76.89
79.25 78.12 77.10 76.20 75.41 74.72 74.15 73.68 73.30 73.02 72.83 72.74 72.72 72.79 72.93 73.15 73.41 73.68 73.96 74.25 74.54 74.82 75.11 75.38 75.65 75.91 76.15 76.37 76.58 76.76 76.91 77.04 77.13 77.19 77.21 77.20 77.14 77.03 76.88 76.67 76.41 76.13 75.86 75.60 75.36 75.14 74.95 74.77 74.62 74.50 74.40 74.33 74.29 74.28 74.30 74.36 74.44 74.54 74.65 74.76 74.89 75.02 75.16 75.30 75.45 75.60 75.75 75.90 76.05 76.21 76.36 76.52 76.75 77.05 77.42
78.28 77.12 76.08 75.16 74.35 73.66 73.08 72.61 72.24 71.97 71.79 71.71 71.71 71.80 71.97 72.19 72.43 72.69 72.95 73.23 73.51 73.80 74.08 74.37 74.64 74.92 75.18 75.42 75.65 75.87 76.06 76.22 76.36 76.47 76.54 76.58 76.58 76.54 76.46 76.32 76.14 75.91 75.65 75.40 75.17 74.97 74.78 74.62 74.49 74.38 74.30 74.24 74.22 74.23 74.27 74.34 74.44 74.56 74.69 74.82 74.96 75.11 75.27 75.43 75.59 75.76 75.93 76.10 76.26 76.43 76.61 76.85 77.18 77.57 78.03
77.34 76.15 75.09 74.15 73.34 72.64 72.05 71.57 71.20 70.94 70.77 70.70 70.73 70.84 71.00 71.20 71.41 71.65 71.90 72.16 72.44 72.72 73.01 73.29 73.58 73.87 74.15 74.41 74.67 74.91 75.14 75.34 75.52 75.67 75.80 75.89 75.95 75.97 75.95 75.89 75.78 75.63 75.42 75.19 74.97 74.78 74.61 74.46 74.34 74.25 74.18 74.14 74.14 74.16 74.22 74.32 74.44 74.58 74.72 74.88 75.04 75.21 75.38 75.56 75.74 75.92 76.11 76.29 76.47 76.67 76.93 77.28 77.69 78.18 78.73
76.45 75.24 74.15 73.19 72.36 71.65 71.05 70.57 70.21 69.94 69.79 69.73 69.77 69.87 70.00 70.17 70.36 70.57 70.80 71.05 71.32 71.60 71.88 72.17 72.47 72.76 73.06 73.34 73.62 73.89 74.15 74.39 74.61 74.81 74.98 75.13 75.24 75.32 75.37 75.37 75.34 75.26 75.13 74.96 74.76 74.58 74.42 74.29 74.18 74.10 74.05 74.04 74.05 74.09 74.17 74.29 74.43 74.59 74.76 74.93 75.11 75.30 75.49 75.69 75.89 76.08 76.29 76.49 76.70 76.98 77.35 77.78 78.29 78.87 79.51
75.61 74.36 73.25 72.27 71.42 70.70 70.10 69.61 69.24 68.98 68.83 68.79 68.81 68.87 68.97 69.10 69.27 69.45 69.67 69.90 70.16 70.43 70.71 71.00 71.30 71.61 71.91 72.22 72.52 72.81 73.10 73.37 73.63 73.87 74.09 74.29 74.46 74.60 74.70 74.78 74.81 74.81 74.76 74.67 74.53 74.37 74.22 74.10 74.01 73.95 73.92 73.92 73.95 74.02 74.12 74.25 74.42 74.60 74.79 74.98 75.18 75.39 75.60 75.81 76.03 76.25 76.47 76.70 77.00 77.39 77.85 78.38 78.98 79.65 80.37
74.82 73.54 72.40 71.40 70.53 69.79 69.18 68.69 68.32 68.06 67.92 67.85 67.83 67.85 67.91 68.01 68.14 68.30 68.49 68.71 68.95 69.21 69.49 69.78 70.09 70.40 70.72 71.04 71.36 71.68 71.99 72.29 72.59 72.87 73.13 73.38 73.60 73.80 73.97 74.10 74.21 74.28 74.31 74.29 74.24 74.13 74.01 73.91 73.84 73.79 73.78 73.79 73.85 73.93 74.05 74.21 74.40 74.60 74.81 75.03 75.25 75.47 75.71 75.94 76.17 76.41 76.67 76.99 77.39 77.88 78.44 79.07 79.76 80.51 81.31
74.08 72.77 71.61 70.58 69.69 68.94 68.31 67.81 67.44 67.18 67.01 66.89 66.82 66.80 66.82 66.88 66.98 67.12 67.29 67.48 67.71 67.96 68.23 68.52 68.82 69.14 69.47 69.80 70.14 70.48 70.82 71.16 71.48 71.80 72.11 72.40 72.67 72.92 73.15 73.35 73.52 73.66 73.77 73.84 73.86 73.84 73.78 73.70 73.65 73.62 73.62 73.66 73.73 73.84 73.98 74.16 74.37 74.60 74.83 75.07 75.31 75.56 75.81 76.06 76.32 76.59 76.93 77.36 77.87 78.46 79.11 79.83 80.62 81.45 82.34
73.40 72.06 70.86 69.81 68.90 68.13 67.49 66.99 66.60 66.31 66.08 65.91 65.79 65.72 65.70 65.73 65.79 65.90 66.04 66.22 66.43 66.66 66.92 67.21 67.51 67.83 68.17 68.51 68.87 69.23 69.59 69.96 70.32 70.67 71.02 71.35 71.68 71.98 72.27 72.53 72.76 72.97 73.15 73.30 73.40 73.47 73.50 73.48 73.45 73.44 73.46 73.52 73.61 73.74 73.91 74.11 74.35 74.59 74.85 75.11 75.37 75.64 75.91 76.19 76.48 76.85 77.30 77.83 78.44 79.13 79.88 80.69 81.56 82.48 83.44
72.78 71.40 70.18 69.10 68.17 67.38 66.73 66.20 65.78 65.43 65.14 64.91 64.74 64.62 64.56 64.55 64.58 64.65 64.77 64.92 65.11 65.33 65.58 65.86 66.16 66.48 66.82 67.18 67.55 67.93 68.31 68.70 69.09 69.48 69.87 70.25 70.61 70.97 71.31 71.63 71.93 72.21 72.46 72.68 72.86 73.02 73.13 73.20 73.24 73.25 73.30 73.37 73.49 73.64 73.82 74.05 74.31 74.58 74.86 75.14 75.43 75.72 76.02 76.33 76.72 77.19 77.75 78.39 79.10 79.88 80.73 81.63 82.58 83.59 84.63
72.23 70.81 69.55 68.45 67.49 66.68 66.01 65.44 64.95 64.54 64.18 63.90 63.67 63.51 63.40 63.34 63.33 63.38 63.46 63.59 63.76 63.96 64.20 64.47 64.77 65.09 65.43 65.80 66.18 66.57 66.98 67.39 67.81 68.23 68.65 69.07 69.49 69.89 70.28 70.66 71.02 71.37 71.68 71.98 72.24 72.48 72.68 72.84 72.97 73.05 73.12 73.22 73.35 73.53 73.74 73.99 74.27 74.57 74.87 75.18 75.49 75.80 76.14 76.55 77.04 77.63 78.29 79.04 79.85 80.72 81.66 82.65 83.69 84.77 85.89
71.74 70.28 68.99 67.86 66.88 66.04 65.32 64.68 64.12 63.63 63.22 62.87 62.59 62.37 62.21 62.11 62.07 62.08 62.13 62.23 62.38 62.56 62.79 63.04 63.33 63.65 64.00 64.37 64.76 65.17 65.59 66.03 66.47 66.93 67.38 67.84 68.30 68.75 69.19 69.63 70.05 70.45 70.84 71.20 71.55 71.86 72.14 72.40 72.61 72.79 72.93 73.06 73.21 73.41 73.65 73.92 74.23 74.55 74.88 75.21 75.55 75.90 76.33 76.86 77.47 78.16 78.93 79.77 80.68 81.65 82.68 83.75 84.88 86.04 87.23
71.32 69.83 68.50 67.33 66.32 65.43 64.63 63.91 63.28 62.72 62.24 61.83 61.49 61.22 61.01 60.87 60.78 60.75 60.77 60.85 60.97 61.13 61.34 61.58 61.86 62.18 62.53 62.90 63.30 63.72 64.16 64.62 65.09 65.57 66.06 66.55 67.05 67.54 68.04 68.52 69.00 69.47 69.92 70.36 70.77 71.16 71.53 71.87 72.18 72.45 72.68 72.88 73.07 73.29 73.55 73.85 74.19 74.53 74.89 75.24 75.62 76.07 76.62 77.26 77.98 78.78 79.65 80.60 81.60 82.66 83.78 84.94 86.14 87.38 88.65
70.97 69.44 68.08 66.87 65.80 64.82 63.94 63.14 62.43 61.80 61.25 60.78 60.38 60.05 59.80 59.60 59.47 59.40 59.39 59.43 59.53 59.67 59.86 60.09 60.36 60.67 61.01 61.39 61.79 62.22 62.68 63.15 63.65 64.15 64.67 65.20 65.74 66.28 66.82 67.36 67.89 68.42 68.93 69.44 69.92 70.39 70.84 71.26 71.66 72.02 72.35 72.65 72.91 73.16 73.45 73.78 74.14 74.51 74.89 75.29 75.77 76.34 77.01 77.76 78.59 79.49 80.47 81.51 82.61 83.76 84.96 86.21 87.49 88.80 90.14
70.70 69.13 67.72 66.45 65.29 64.22 63.25 62.37 61.58 60.88 60.26 59.72 59.26 58.88 58.56 58.32 58.15 58.04 57.99 58.00 58.06 58.18 58.35 58.56 58.82 59.12 59.46 59.84 60.25 60.68 61.15 61.64 62.16 62.69 63.24 63.80 64.37 64.96 65.54 66.13 66.72 67.30 67.88 68.45 69.01 69.55 70.07 70.58 71.06 71.51 71.94 72.34 72.70 73.02 73.34 73.70 74.09 74.49 74.91 75.41 76.01 76.70 77.48 78.34 79.28 80.29 81.37 82.51 83.70 84.94 86.23 87.55 88.91 90.30 91.71
70.51 68.89 67.41 66.04 64.78 63.62 62.57 61.60 60.73 59.95 59.26 58.66 58.13 57.69 57.32 57.03 56.81 56.65 56.56 56.54 56.57 56.66 56.81 57.00 57.25 57.54 57.87 58.25 58.66 59.11 59.58 60.09 60.62 61.18 61.75 62.35 62.95 63.58 64.20 64.84 65.48 66.12 66.76 67.39 68.02 68.63 69.23 69.82 70.38 70.93 71.45 71.94 72.40 72.83 73.23 73.62 74.03 74.48 75.01 75.63 76.35 77.16 78.05 79.03 80.07 81.18 82.36 83.59 84.87 86.20 87.57 88.98 90.41 91.87 93.35
70.40 68.70 67.12 65.65 64.29 63.04 61.89 60.84 59.89 59.03 58.26 57.59 57.00 56.49 56.07 55.72 55.45 55.25 55.12 55.06 55.06 55.13 55.25 55.42 55.65 55.93 56.26 56.63 57.04 57.49 57.97 58.49 59.04 59.62 60.22 60.84 61.48 62.14 62.81 63.49 64.18 64.88 65.57 66.27 66.96 67.64 68.32 68.98 69.63 70.26 70.87 71.46 72.02 72.55 73.05 73.52 74.00 74.55 75.20 75.95 76.79 77.71 78.72 79.80 80.95 82.16 83.43 84.76 86.13 87.54 89.00 90.48 91.99 93.52 95.07
70.36 68.57 66.88 65.31 63.85 62.50 61.25 60.11 59.08 58.14 57.30 56.55 55.89 55.32 54.84 54.44 54.11 53.87 53.69 53.59 53.56 53.59 53.68 53.84 54.05 54.31 54.63 54.99 55.40 55.85 56.34 56.87 57.43 58.03 58.65 59.30 59.97 60.67 61.38 62.10 62.84 63.58 64.33 65.09 65.84 66.59 67.34 68.08 68.81 69.52 70.22 70.90 71.56 72.19 72.80 73.40 74.04 74.73 75.51 76.38 77.33 78.37 79.48 80.67 81.92 83.23 84.60 86.01 87.47 88.97 90.50 92.06 93.64 95.24 96.85
70.38 68.55 66.77 65.08 63.52 62.07 60.73 59.49 58.37 57.35 56.42 55.60 54.87 54.23 53.68 53.22 52.84 52.54 52.32 52.18 52.10 52.10 52.16 52.29 52.48 52.72 53.02 53.38 53.78 54.23 54.72 55.26 55.83 56.44 57.08 57.75 58.45 59.17 59.91 60.68 61.46 62.25 63.05 63.86 64.67 65.49 66.30 67.12 67.92 68.71 69.50 70.26 71.01 71.74 72.48 73.28 74.16 75.04 75.95 76.93 78.00 79.15 80.36 81.65 83.00 84.40 85.86 87.36 88.90 90.48 92.08 93.71 95.36 97.03 98.70
70.48 68.60 66.77 64.99 63.32 61.76 60.32 58.99 57.77 56.66 55.66 54.75 53.94 53.23 52.62 52.09 51.65 51.30 51.02 50.83 50.71 50.67 50.70 50.79 50.95 51.17 51.45 51.79 52.18 52.63 53.12 53.65 54.23 54.85 55.51 56.20 56.92 57.67 58.44 59.24 60.05 60.89 61.74 62.60 63.47 64.34 65.22 66.10 66.97 67.85 68.71 69.56 70.40 71.24 72.17 73.20 74.31 75.41 76.51 77.61 78.79 80.04 81.36 82.74 84.18 85.67 87.21 88.79 90.41 92.06 93.74 95.44 97.15 98.87 100.60
70.63 68.72 66.85 65.03 63.26 61.59 60.05 58.62 57.30 56.10 55.00 54.01 53.12 52.34 51.65 51.05 50.55 50.13 49.80 49.56 49.39 49.31 49.29 49.35 49.48 49.67 49.93 50.25 50.63 51.06 51.54 52.08 52.66 53.28 53.95 54.65 55.39 56.16 56.96 57.79 58.64 59.51 60.40 61.31 62.23 63.16 64.10 65.04 65.98 66.92 67.86 68.79 69.74 70.77 71.91 73.15 74.48 75.81 77.12 78.40 79.69 81.04 82.45 83.93 85.46 87.03 88.65 90.31 92.00 93.72 95.46 97.22 98.99 100.77 102.55
