data_processed/recharge/precip/Precip_2010_04.asc
ncols        168
nrows        136
xllcorner    455000
yllcorner    2107000
cellsize     500
NODATA_value     -99999
[rows 35 to 69 of 136, columns 0 to 77 of 168]
33.63 34.08 34.52 34.94 35.33 35.70 36.04 36.34 36.62 36.86 37.06 37.22 37.34 37.42 37.45 37.43 37.36 37.24 37.07 36.85 36.58 36.30 36.02 35.74 35.47 35.20 34.92 34.63 34.33 34.03 33.72 33.40 33.07 32.74 32.40 32.05 31.70 31.35 30.99 30.63 30.26 29.89 29.51 29.14 28.76 28.38 27.99 27.61 27.22 26.84 26.45 26.06 25.68 25.29 24.91 24.53 24.15 23.77 23.39 23.02 22.65 22.28 21.92 21.56 21.21 20.86 20.52 20.18 19.85 19.53 19.21 18.90 18.60 18.32 18.06 17.82 17.60 17.39
33.66 34.12 34.57 35.00 35.40 35.77 36.12 36.44 36.72 36.96 37.17 37.34 37.47 37.55 37.59 37.57 37.51 37.39 37.22 37.00 36.72 36.44 36.16 35.88 35.60 35.31 35.02 34.72 34.40 34.09 33.76 33.43 33.09 32.75 32.40 32.04 31.68 31.32 30.95 30.58 30.20 29.82 29.44 29.06 28.67 28.29 27.90 27.51 27.12 26.73 26.34 25.95 25.56 25.18 24.79 24.41 24.03 23.65 23.28 22.91 22.54 22.17 21.82 21.46 21.11 20.77 20.43 20.10 19.78 19.46 19.15 18.85 18.56 18.27 18.01 17.76 17.54 17.34
33.63 34.11 34.57 35.00 35.41 35.80 36.15 36.48 36.77 37.02 37.24 37.42 37.55 37.64 37.68 37.67 37.61 37.50 37.33 37.11 36.83 36.54 36.26 35.98 35.68 35.38 35.07 34.75 34.43 34.10 33.76 33.42 33.07 32.71 32.35 31.99 31.62 31.25 30.87 30.49 30.11 29.72 29.34 28.95 28.56 28.17 27.77 27.38 26.99 26.60 26.21 25.82 25.43 25.04 24.65 24.27 23.89 23.51 23.14 22.77 22.41 22.05 21.69 21.34 21.00 20.66 20.33 20.01 19.69 19.38 19.08 18.79 18.50 18.22 17.96 17.72 17.49 17.28
33.55 34.04 34.51 34.95 35.38 35.77 36.13 36.47 36.77 37.03 37.25 37.44 37.58 37.68 37.72 37.72 37.67 37.56 37.40 37.18 36.90 36.61 36.32 36.02 35.71 35.40 35.08 34.75 34.41 34.07 33.72 33.36 33.00 32.64 32.27 31.90 31.52 31.14 30.76 30.37 29.98 29.59 29.20 28.80 28.41 28.01 27.62 27.22 26.83 26.43 26.04 25.65 25.26 24.87 24.49 24.11 23.73 23.36 22.99 22.62 22.26 21.90 21.55 21.21 20.87 20.54 20.22 19.90 19.59 19.29 18.99 18.71 18.43 18.17 17.91 17.67 17.45 17.24
33.42 33.92 34.40 34.85 35.28 35.69 36.06 36.40 36.71 36.99 37.22 37.41 37.56 37.67 37.72 37.73 37.68 37.58 37.42 37.20 36.93 36.63 36.33 36.01 35.69 35.37 35.03 34.69 34.34 33.99 33.63 33.26 32.89 32.52 32.14 31.76 31.38 30.99 30.60 30.21 29.81 29.42 29.02 28.62 28.22 27.83 27.43 27.03 26.63 26.24 25.85 25.46 25.07 24.68 24.30 23.92 23.54 23.17 22.81 22.44 22.09 21.74 21.39 21.05 20.72 20.40 20.08 19.77 19.47 19.18 18.90 18.62 18.36 18.10 17.86 17.62 17.40 17.20
33.24 33.75 34.24 34.71 35.15 35.57 35.95 36.31 36.62 36.91 37.15 37.35 37.51 37.62 37.68 37.70 37.66 37.56 37.41 37.20 36.93 36.62 36.30 35.97 35.64 35.30 34.95 34.60 34.24 33.88 33.51 33.13 32.76 32.37 31.99 31.60 31.21 30.81 30.42 30.02 29.62 29.22 28.82 28.42 28.02 27.62 27.22 26.82 26.42 26.02 25.63 25.24 24.85 24.47 24.09 23.71 23.34 22.97 22.61 22.25 21.90 21.55 21.22 20.88 20.56 20.24 19.93 19.63 19.34 19.06 18.78 18.52 18.27 18.02 17.79 17.57 17.36 17.15
33.05 33.58 34.08 34.56 35.01 35.44 35.83 36.20 36.53 36.82 37.07 37.28 37.45 37.57 37.64 37.66 37.63 37.55 37.40 37.19 36.92 36.61 36.28 35.94 35.59 35.24 34.88 34.51 34.14 33.77 33.39 33.00 32.62 32.22 31.83 31.43 31.04 30.64 30.23 29.83 29.42 29.02 28.61 28.21 27.81 27.40 27.00 26.60 26.20 25.80 25.41 25.02 24.63 24.25 23.87 23.50 23.13 22.76 22.40 22.05 21.70 21.36 21.03 20.71 20.39 20.08 19.78 19.49 19.20 18.93 18.67 18.41 18.17 17.94 17.72 17.50 17.29 17.08
32.86 33.40 33.91 34.40 34.87 35.31 35.71 36.09 36.43 36.73 36.99 37.21 37.39 37.52 37.60 37.63 37.61 37.53 37.39 37.18 36.90 36.59 36.25 35.90 35.54 35.18 34.80 34.43 34.05 33.66 33.27 32.88 32.48 32.08 31.68 31.27 30.87 30.46 30.05 29.64 29.23 28.82 28.41 28.00 27.59 27.19 26.78 26.38 25.98 25.58 25.19 24.80 24.41 24.03 23.65 23.28 22.91 22.55 22.20 21.85 21.51 21.17 20.84 20.52 20.21 19.91 19.62 19.33 19.06 18.79 18.54 18.30 18.07 17.84 17.63 17.41 17.19 16.99
32.66 33.21 33.74 34.24 34.72 35.17 35.59 35.98 36.33 36.64 36.91 37.15 37.33 37.47 37.56 37.60 37.59 37.51 37.37 37.16 36.88 36.56 36.23 35.87 35.50 35.12 34.74 34.35 33.96 33.56 33.16 32.75 32.35 31.94 31.53 31.11 30.70 30.29 29.87 29.45 29.04 28.62 28.21 27.80 27.38 26.97 26.57 26.16 25.76 25.36 24.97 24.58 24.19 23.81 23.43 23.06 22.70 22.34 21.99 21.64 21.30 20.97 20.65 20.34 20.03 19.74 19.45 19.18 18.91 18.65 18.41 18.18 17.95 17.74 17.52 17.30 17.08 16.87
32.46 33.03 33.57 34.09 34.58 35.04 35.47 35.87 36.23 36.56 36.84 37.08 37.28 37.43 37.53 37.58 37.57 37.49 37.34 37.13 36.85 36.53 36.20 35.84 35.46 35.07 34.68 34.27 33.87 33.46 33.05 32.63 32.22 31.80 31.38 30.96 30.54 30.11 29.69 29.27 28.85 28.43 28.01 27.59 27.17 26.76 26.35 25.94 25.54 25.14 24.74 24.35 23.97 23.59 23.21 22.84 22.48 22.12 21.77 21.43 21.10 20.77 20.46 20.15 19.85 19.56 19.28 19.01 18.75 18.51 18.27 18.05 17.83 17.61 17.39 17.16 16.94 16.73
32.26 32.84 33.40 33.93 34.43 34.91 35.35 35.76 36.14 36.47 36.77 37.02 37.23 37.39 37.50 37.55 37.54 37.45 37.31 37.09 36.81 36.50 36.16 35.80 35.42 35.03 34.62 34.21 33.79 33.37 32.95 32.52 32.09 31.67 31.24 30.81 30.38 29.95 29.52 29.09 28.66 28.23 27.81 27.39 26.97 26.55 26.14 25.73 25.32 24.92 24.52 24.13 23.74 23.36 22.99 22.62 22.26 21.90 21.56 21.22 20.89 20.57 20.26 19.95 19.66 19.38 19.10 18.84 18.59 18.35 18.13 17.90 17.68 17.46 17.23 17.01 16.79 16.58
32.06 32.66 33.23 33.77 34.29 34.78 35.24 35.66 36.05 36.40 36.70 36.97 37.19 37.36 37.47 37.52 37.50 37.42 37.26 37.05 36.77 36.45 36.11 35.75 35.38 34.98 34.57 34.14 33.71 33.28 32.85 32.41 31.97 31.54 31.10 30.66 30.22 29.78 29.34 28.91 28.47 28.04 27.61 27.18 26.76 26.34 25.92 25.51 25.10 24.69 24.30 23.90 23.52 23.14 22.76 22.39 22.03 21.68 21.34 21.00 20.68 20.36 20.05 19.75 19.47 19.19 18.92 18.67 18.43 18.19 17.97 17.74 17.52 17.29 17.06 16.84 16.61 16.40
31.87 32.48 33.06 33.62 34.15 34.66 35.13 35.56 35.96 36.32 36.64 36.92 37.15 37.33 37.43 37.48 37.46 37.37 37.22 37.00 36.72 36.40 36.06 35.70 35.32 34.93 34.51 34.09 33.65 33.20 32.75 32.31 31.86 31.41 30.96 30.51 30.07 29.62 29.17 28.73 28.29 27.85 27.41 26.98 26.55 26.13 25.71 25.29 24.88 24.47 24.07 23.68 23.29 22.91 22.53 22.17 21.81 21.46 21.12 20.79 20.46 20.15 19.84 19.55 19.27 19.00 18.74 18.49 18.25 18.02 17.79 17.56 17.33 17.10 16.87 16.64 16.42 16.21
31.68 32.30 32.90 33.47 34.02 34.54 35.02 35.47 35.89 36.26 36.59 36.88 37.12 37.29 37.39 37.43 37.41 37.32 37.16 36.94 36.66 36.34 36.00 35.64 35.26 34.87 34.45 34.02 33.58 33.13 32.67 32.21 31.75 31.29 30.83 30.37 29.92 29.46 29.01 28.56 28.11 27.66 27.22 26.78 26.35 25.92 25.49 25.07 24.66 24.25 23.85 23.45 23.06 22.68 22.31 21.94 21.58 21.23 20.89 20.56 20.24 19.93 19.63 19.35 19.07 18.80 18.55 18.31 18.07 17.83 17.60 17.36 17.13 16.89 16.66 16.43 16.21 16.00
31.49 32.13 32.74 33.34 33.90 34.43 34.93 35.39 35.82 36.21 36.55 36.85 37.07 37.24 37.34 37.38 37.35 37.26 37.10 36.88 36.60 36.28 35.94 35.58 35.20 34.80 34.39 33.96 33.51 33.05 32.58 32.11 31.64 31.17 30.70 30.24 29.77 29.31 28.84 28.39 27.93 27.48 27.03 26.58 26.14 25.71 25.28 24.86 24.44 24.03 23.62 23.22 22.83 22.45 22.08 21.71 21.36 21.01 20.67 20.34 20.02 19.72 19.42 19.14 18.86 18.60 18.35 18.11 17.87 17.63 17.39 17.15 16.91 16.67 16.44 16.21 15.98 15.77
31.31 31.97 32.60 33.20 33.78 34.33 34.84 35.32 35.77 36.17 36.52 36.80 37.02 37.18 37.28 37.31 37.28 37.19 37.03 36.81 36.53 36.21 35.87 35.51 35.13 34.73 34.31 33.88 33.44 32.98 32.51 32.02 31.54 31.06 30.58 30.10 29.63 29.15 28.68 28.22 27.75 27.29 26.84 26.39 25.94 25.50 25.07 24.64 24.22 23.81 23.40 23.00 22.61 22.22 21.85 21.48 21.13 20.78 20.44 20.12 19.80 19.50 19.20 18.92 18.65 18.40 18.15 17.90 17.65 17.40 17.16 16.91 16.67 16.43 16.19 15.96 15.74 15.53
31.14 31.81 32.46 33.08 33.68 34.24 34.77 35.27 35.72 36.13 36.47 36.75 36.97 37.12 37.21 37.24 37.21 37.11 36.95 36.73 36.45 36.13 35.79 35.43 35.05 34.65 34.24 33.80 33.36 32.90 32.42 31.94 31.45 30.96 30.46 29.98 29.49 29.01 28.53 28.05 27.58 27.12 26.65 26.20 25.75 25.30 24.86 24.43 24.00 23.59 23.17 22.77 22.38 21.99 21.62 21.25 20.90 20.55 20.21 19.89 19.58 19.27 18.98 18.71 18.44 18.18 17.93 17.67 17.42 17.16 16.91 16.66 16.41 16.17 15.94 15.70 15.48 15.27
30.98 31.67 32.34 32.98 33.59 34.17 34.71 35.22 35.68 36.08 36.41 36.69 36.90 37.05 37.14 37.17 37.13 37.03 36.87 36.65 36.37 36.05 35.71 35.35 34.97 34.57 34.15 33.72 33.27 32.81 32.34 31.85 31.36 30.85 30.35 29.85 29.36 28.87 28.38 27.89 27.41 26.94 26.47 26.01 25.55 25.10 24.65 24.22 23.79 23.37 22.95 22.55 22.15 21.76 21.39 21.02 20.66 20.32 19.98 19.66 19.35 19.05 18.76 18.49 18.22 17.96 17.69 17.43 17.16 16.90 16.65 16.39 16.15 15.90 15.66 15.43 15.21 15.00
30.83 31.54 32.22 32.88 33.51 34.11 34.67 35.18 35.63 36.02 36.35 36.62 36.83 36.97 37.06 37.08 37.04 36.94 36.78 36.56 36.28 35.96 35.62 35.26 34.88 34.48 34.06 33.63 33.18 32.72 32.24 31.76 31.26 30.76 30.25 29.74 29.23 28.73 28.23 27.74 27.25 26.77 26.29 25.82 25.36 24.90 24.45 24.01 23.57 23.15 22.73 22.32 21.92 21.54 21.16 20.79 20.43 20.09 19.75 19.43 19.12 18.82 18.54 18.26 17.99 17.71 17.44 17.17 16.90 16.63 16.37 16.11 15.86 15.62 15.38 15.15 14.92 14.72
30.70 31.43 32.13 32.80 33.45 34.06 34.62 35.13 35.57 35.96 36.28 36.54 36.75 36.89 36.97 36.99 36.95 36.85 36.69 36.46 36.18 35.87 35.53 35.17 34.79 34.39 33.97 33.53 33.09 32.62 32.15 31.66 31.16 30.66 30.14 29.62 29.11 28.59 28.09 27.58 27.09 26.60 26.11 25.64 25.16 24.70 24.25 23.80 23.36 22.93 22.51 22.10 21.70 21.31 20.93 20.56 20.20 19.85 19.52 19.20 18.89 18.59 18.31 18.02 17.73 17.45 17.17 16.89 16.62 16.35 16.08 15.82 15.57 15.32 15.08 14.85 14.63 14.42
30.58 31.33 32.05 32.74 33.40 34.02 34.57 35.07 35.51 35.88 36.20 36.46 36.66 36.79 36.87 36.89 36.85 36.74 36.58 36.36 36.08 35.76 35.43 35.07 34.69 34.29 33.87 33.43 32.99 32.52 32.05 31.56 31.06 30.55 30.04 29.51 28.99 28.47 27.95 27.44 26.93 26.43 25.94 25.45 24.98 24.51 24.05 23.59 23.15 22.72 22.29 21.88 21.47 21.08 20.70 20.33 19.97 19.62 19.29 18.97 18.66 18.36 18.06 17.76 17.47 17.18 16.89 16.60 16.32 16.05 15.78 15.52 15.26 15.01 14.77 14.54 14.32 14.11
30.48 31.24 31.98 32.69 33.36 33.97 34.51 35.00 35.43 35.80 36.11 36.37 36.56 36.69 36.77 36.78 36.74 36.63 36.47 36.25 35.97 35.66 35.32 34.96 34.58 34.18 33.76 33.33 32.88 32.42 31.94 31.45 30.95 30.44 29.93 29.40 28.87 28.34 27.81 27.29 26.78 26.27 25.77 25.28 24.79 24.32 23.85 23.39 22.94 22.50 22.07 21.65 21.25 20.85 20.47 20.09 19.73 19.39 19.05 18.73 18.42 18.11 17.80 17.49 17.19 16.89 16.59 16.30 16.02 15.74 15.46 15.20 14.94 14.69 14.45 14.22 14.00 13.80
30.40 31.18 31.94 32.65 33.31 33.91 34.45 34.93 35.35 35.71 36.02 36.27 36.45 36.58 36.65 36.67 36.62 36.52 36.35 36.13 35.85 35.54 35.20 34.85 34.47 34.07 33.65 33.22 32.77 32.30 31.83 31.34 30.84 30.33 29.81 29.29 28.76 28.22 27.69 27.15 26.63 26.11 25.60 25.10 24.61 24.13 23.65 23.19 22.73 22.29 21.86 21.43 21.02 20.63 20.24 19.86 19.50 19.15 18.82 18.49 18.17 17.85 17.53 17.21 16.90 16.59 16.29 15.99 15.70 15.41 15.14 14.87 14.61 14.36 14.12 13.89 13.67 13.47
30.33 31.14 31.90 32.60 33.25 33.84 34.37 34.84 35.26 35.62 35.92 36.16 36.34 36.47 36.54 36.55 36.50 36.39 36.23 36.01 35.73 35.42 35.08 34.73 34.35 33.95 33.53 33.10 32.65 32.19 31.71 31.22 30.72 30.21 29.69 29.17 28.64 28.10 27.56 27.02 26.49 25.96 25.44 24.93 24.43 23.94 23.46 22.99 22.53 22.08 21.64 21.22 20.80 20.40 20.01 19.63 19.27 18.92 18.58 18.24 17.90 17.57 17.24 16.91 16.59 16.28 15.97 15.67 15.37 15.08 14.80 14.53 14.27 14.02 13.78 13.55 13.34 13.14
30.29 31.10 31.85 32.54 33.18 33.76 34.28 34.75 35.16 35.51 35.80 36.04 36.22 36.34 36.41 36.42 36.37 36.26 36.10 35.88 35.60 35.29 34.96 34.60 34.22 33.83 33.41 32.98 32.53 32.06 31.59 31.10 30.60 30.09 29.57 29.04 28.51 27.97 27.43 26.89 26.35 25.81 25.29 24.77 24.26 23.76 23.27 22.80 22.33 21.88 21.43 21.00 20.58 20.18 19.78 19.40 19.04 18.68 18.33 17.98 17.63 17.28 16.94 16.61 16.28 15.96 15.64 15.33 15.03 14.74 14.46 14.18 13.92 13.67 13.43 13.21 13.00 12.80
30.25 31.05 31.79 32.48 33.10 33.67 34.19 34.65 35.05 35.39 35.68 35.92 36.09 36.21 36.27 36.28 36.23 36.12 35.96 35.74 35.47 35.16 34.82 34.47 34.09 33.70 33.28 32.85 32.40 31.94 31.46 30.97 30.47 29.96 29.44 28.91 28.38 27.84 27.30 26.76 26.21 25.67 25.13 24.61 24.09 23.58 23.09 22.60 22.13 21.67 21.22 20.79 20.36 19.95 19.56 19.18 18.80 18.43 18.06 17.70 17.34 16.99 16.64 16.29 15.95 15.62 15.30 14.99 14.68 14.39 14.10 13.83 13.57 13.32 13.08 12.86 12.65 12.46
30.21 30.99 31.72 32.40 33.02 33.58 34.09 34.54 34.93 35.27 35.56 35.78 35.95 36.07 36.13 36.14 36.08 35.98 35.81 35.60 35.32 35.02 34.69 34.33 33.96 33.56 33.15 32.72 32.27 31.81 31.33 30.84 30.34 29.83 29.31 28.78 28.25 27.71 27.17 26.62 26.08 25.53 24.99 24.45 23.93 23.41 22.91 22.42 21.94 21.47 21.02 20.58 20.15 19.73 19.33 18.94 18.56 18.17 17.79 17.42 17.04 16.68 16.32 15.97 15.62 15.28 14.96 14.64 14.33 14.03 13.74 13.47 13.20 12.95 12.72 12.50 12.29 12.10
30.15 30.93 31.65 32.31 32.92 33.48 33.97 34.42 34.81 35.14 35.42 35.64 35.81 35.92 35.98 35.98 35.93 35.82 35.66 35.45 35.17 34.87 34.54 34.19 33.81 33.42 33.01 32.58 32.13 31.67 31.19 30.70 30.20 29.69 29.17 28.65 28.11 27.57 27.03 26.48 25.94 25.39 24.84 24.30 23.76 23.24 22.73 22.23 21.75 21.27 20.81 20.37 19.93 19.52 19.11 18.70 18.30 17.90 17.51 17.12 16.74 16.36 15.99 15.63 15.28 14.94 14.60 14.28 13.97 13.66 13.38 13.10 12.84 12.59 12.35 12.13 11.93 11.75
30.09 30.85 31.56 32.22 32.82 33.36 33.85 34.29 34.67 35.00 35.27 35.49 35.66 35.77 35.82 35.83 35.77 35.67 35.50 35.29 35.02 34.72 34.39 34.04 33.67 33.27 32.86 32.43 31.99 31.53 31.05 30.56 30.06 29.55 29.03 28.50 27.97 27.43 26.89 26.34 25.79 25.24 24.70 24.15 23.61 23.08 22.56 22.05 21.56 21.08 20.61 20.16 19.72 19.29 18.87 18.45 18.03 17.62 17.22 16.82 16.42 16.04 15.66 15.29 14.93 14.58 14.24 13.91 13.60 13.29 13.00 12.73 12.46 12.21 11.98 11.77 11.57 11.39
30.01 30.77 31.47 32.11 32.70 33.24 33.72 34.15 34.53 34.85 35.12 35.34 35.50 35.61 35.66 35.66 35.61 35.50 35.34 35.12 34.86 34.56 34.23 33.88 33.51 33.12 32.71 32.28 31.84 31.38 30.90 30.42 29.92 29.41 28.89 28.36 27.83 27.29 26.74 26.19 25.65 25.10 24.55 24.00 23.46 22.92 22.39 21.88 21.37 20.89 20.42 19.96 19.51 19.06 18.62 18.19 17.76 17.33 16.91 16.50 16.10 15.70 15.32 14.94 14.57 14.22 13.87 13.54 13.22 12.92 12.62 12.35 12.08 11.84 11.61 11.40 11.20 11.02
29.93 30.67 31.36 32.00 32.58 33.11 33.59 34.01 34.38 34.70 34.96 35.17 35.33 35.43 35.49 35.49 35.43 35.33 35.17 34.95 34.69 34.39 34.07 33.72 33.35 32.96 32.56 32.13 31.69 31.23 30.75 30.27 29.77 29.26 28.74 28.21 27.68 27.14 26.59 26.04 25.49 24.94 24.39 23.85 23.30 22.76 22.23 21.70 21.20 20.70 20.22 19.75 19.29 18.83 18.37 17.92 17.48 17.04 16.61 16.18 15.77 15.37 14.97 14.59 14.21 13.85 13.50 13.17 12.84 12.54 12.24 11.97 11.70 11.46 11.23 11.02 10.83 10.66
29.84 30.57 31.25 31.87 32.45 32.97 33.44 33.85 34.22 34.53 34.79 35.00 35.15 35.26 35.31 35.31 35.25 35.14 34.99 34.77 34.51 34.22 33.90 33.55 33.19 32.80 32.39 31.97 31.53 31.07 30.60 30.11 29.61 29.10 28.58 28.06 27.52 26.98 26.44 25.89 25.34 24.79 24.24 23.69 23.14 22.60 22.06 21.54 21.02 20.52 20.03 19.54 19.06 18.58 18.11 17.64 17.19 16.74 16.29 15.86 15.44 15.02 14.62 14.23 13.85 13.48 13.13 12.79 12.46 12.15 11.86 11.58 11.32 11.08 10.85 10.65 10.46 10.29
29.73 30.45 31.12 31.74 32.31 32.82 33.28 33.69 34.05 34.36 34.61 34.82 34.97 35.07 35.12 35.12 35.06 34.96 34.80 34.59 34.33 34.04 33.72 33.38 33.01 32.63 32.23 31.80 31.36 30.91 30.43 29.95 29.45 28.94 28.43 27.90 27.37 26.83 26.28 25.73 25.18 24.63 24.08 23.53 22.98 22.44 21.90 21.37 20.85 20.33 19.82 19.32 18.82 18.33 17.84 17.36 16.89 16.43 15.97 15.53 15.10 14.67 14.26 13.86 13.48 13.11 12.75 12.41 12.08 11.77 11.47 11.20 10.94 10.69 10.47 10.27 10.09 9.93
29.62 30.33 30.99 31.60 32.15 32.66 33.12 33.52 33.87 34.18 34.43 34.63 34.78 34.88 34.92 34.92 34.87 34.76 34.61 34.40 34.14 33.85 33.54 33.20 32.84 32.45 32.05 31.63 31.19 30.74 30.27 29.78 29.29 28.78 28.26 27.74 27.21 26.67 26.12 25.57 25.02 24.47 23.92 23.37 22.82 22.28 21.74 21.21 20.67 20.14 19.62 19.09 18.58 18.07 17.57 17.07 16.59 16.11 15.65 15.20 14.75 14.32 13.90 13.50 13.11 12.73 12.37 12.02 11.69 11.38 11.09 10.81 10.55 10.31 10.09 9.90 9.72 9.56
29.50 30.20 30.85 31.45 32.00 32.49 32.94 33.34 33.69 33.99 34.23 34.43 34.58 34.68 34.72 34.72 34.66 34.56 34.41 34.20 33.95 33.66 33.35 33.01 32.65 32.27 31.87 31.45 31.02 30.56 30.10 29.61 29.12 28.61 28.10 27.57 27.04 26.50 25.96 25.41 24.86 24.31 23.76 23.21 22.66 22.11 21.57 21.03 20.49 19.95 19.40 18.86 18.33 17.81 17.29 16.78 16.29 15.80 15.32 14.86 14.41 13.97 13.54 13.13 12.73 12.35 11.99 11.64 11.31 10.99 10.70 10.42 10.17 9.93 9.72 9.52 9.35 9.20
