data_processed/recharge/precip/Precip_1991_06.asc
ncols        168
nrows        136
xllcorner    455000
yllcorner    2107000
cellsize     500
NODATA_value     -99999
[rows 64 to 95 of 136, columns 0 to 71 of 168]
131.70 131.46 131.31 131.26 131.30 131.42 131.61 131.88 132.22 132.61 132.98 133.39 134.14 135.37 137.04 139.12 141.58 144.39 147.50 150.88 154.51 158.34 162.34 166.55 171.28 176.59 182.35 188.43 194.71 201.06 207.36 213.48 219.29 224.67 229.49 233.67 237.22 240.22 242.73 244.80 246.47 247.75 248.69 249.31 249.64 249.71 249.54 249.17 248.63 247.92 247.04 246.00 244.85 243.62 242.35 241.07 239.83 238.64 237.56 236.61 235.82 235.07 234.07 232.82 231.40 229.82 228.09 226.22 224.20 222.04 219.74 217.30
126.07 125.82 125.68 125.65 125.73 125.90 126.17 126.53 126.98 127.51 128.20 129.27 130.79 132.72 135.02 137.66 140.60 143.81 147.26 150.91 154.72 158.67 162.71 166.90 171.59 176.84 182.53 188.54 194.73 200.98 207.17 213.17 218.86 224.10 228.78 232.77 236.03 238.73 240.98 242.83 244.29 245.40 246.20 246.69 246.93 246.93 246.72 246.33 245.80 245.12 244.25 243.21 242.04 240.77 239.43 238.08 236.73 235.43 234.21 233.11 232.17 231.41 230.79 230.05 229.09 227.93 226.57 225.00 223.24 221.28 219.12 216.78
120.43 120.18 120.06 120.07 120.20 120.45 120.81 121.28 121.85 122.61 123.85 125.66 127.91 130.51 133.40 136.56 139.95 143.54 147.28 151.16 155.13 159.16 163.22 167.35 171.95 177.11 182.70 188.60 194.67 200.79 206.84 212.69 218.22 223.29 227.79 231.63 234.80 237.30 239.30 240.91 242.16 243.10 243.73 244.10 244.23 244.16 243.90 243.50 242.97 242.31 241.44 240.39 239.19 237.87 236.47 235.03 233.58 232.16 230.80 229.54 228.43 227.58 227.09 226.80 226.35 225.65 224.68 223.46 221.99 220.27 218.30 216.09
114.85 114.62 114.53 114.59 114.79 115.12 115.58 116.16 116.97 118.28 120.18 122.62 125.51 128.73 132.18 135.83 139.63 143.56 147.58 151.65 155.74 159.82 163.85 167.89 172.38 177.41 182.87 188.61 194.53 200.49 206.37 212.03 217.37 222.24 226.56 230.30 233.42 235.90 237.73 239.11 240.15 240.90 241.37 241.61 241.63 241.47 241.16 240.73 240.20 239.55 238.69 237.62 236.38 235.00 233.53 232.00 230.44 228.89 227.39 225.98 224.78 223.90 223.38 223.19 223.18 222.96 222.44 221.61 220.46 219.02 217.28 215.24
109.38 109.17 109.13 109.25 109.53 109.96 110.54 111.35 112.70 114.67 117.20 120.21 123.64 127.39 131.37 135.46 139.65 143.88 148.13 152.37 156.55 160.64 164.61 168.53 172.87 177.74 183.03 188.60 194.32 200.08 205.75 211.20 216.31 220.97 225.14 228.80 231.90 234.39 236.26 237.50 238.33 238.88 239.19 239.28 239.19 238.95 238.58 238.11 237.57 236.93 236.06 234.96 233.68 232.25 230.69 229.06 227.39 225.71 224.06 222.58 221.38 220.49 219.90 219.64 219.70 219.89 219.85 219.44 218.67 217.54 216.06 214.23
104.07 103.91 103.93 104.13 104.50 105.04 105.85 107.20 109.21 111.80 114.91 118.45 122.35 126.55 130.96 135.47 140.00 144.51 148.96 153.32 157.55 161.63 165.51 169.27 173.42 178.10 183.18 188.54 194.04 199.57 204.99 210.19 215.06 219.53 223.57 227.15 230.23 232.76 234.70 236.03 236.76 237.12 237.25 237.20 236.99 236.65 236.21 235.70 235.15 234.51 233.62 232.50 231.16 229.66 228.02 226.29 224.49 222.68 220.99 219.53 218.33 217.40 216.75 216.39 216.33 216.57 216.91 216.96 216.60 215.82 214.64 213.06
99.00 98.89 98.98 99.27 99.75 100.51 101.86 103.88 106.51 109.68 113.31 117.33 121.67 126.25 131.01 135.85 140.69 145.44 150.05 154.51 158.76 162.78 166.54 170.11 174.04 178.49 183.33 188.44 193.69 198.95 204.10 209.02 213.65 217.95 221.87 225.38 228.43 231.00 233.04 234.51 235.38 235.67 235.63 235.43 235.09 234.65 234.14 233.58 233.01 232.36 231.45 230.29 228.90 227.32 225.60 223.75 221.84 219.99 218.34 216.91 215.70 214.74 214.01 213.55 213.34 213.41 213.76 214.18 214.26 213.88 213.04 211.74
94.20 94.16 94.34 94.73 95.43 96.74 98.75 101.39 104.59 108.29 112.40 116.86 121.58 126.50 131.55 136.65 141.72 146.67 151.42 155.93 160.17 164.10 167.70 171.04 174.72 178.91 183.48 188.31 193.26 198.22 203.07 207.71 212.12 216.24 220.04 223.49 226.54 229.15 231.29 232.91 233.98 234.47 234.40 234.04 233.57 233.02 232.42 231.81 231.21 230.55 229.62 228.41 226.96 225.31 223.48 221.53 219.60 217.82 216.22 214.81 213.58 212.56 211.76 211.18 210.82 210.71 210.85 211.24 211.68 211.73 211.26 210.29
89.75 89.79 90.07 90.68 91.92 93.89 96.52 99.73 103.47 107.64 112.19 117.03 122.09 127.31 132.60 137.90 143.12 148.21 153.05 157.59 161.78 165.59 168.99 172.07 175.47 179.36 183.63 188.14 192.77 197.39 201.91 206.28 210.47 214.43 218.12 221.51 224.55 227.22 229.46 231.24 232.53 233.28 233.45 233.09 232.49 231.83 231.15 230.48 229.84 229.16 228.20 226.94 225.42 223.68 221.76 219.81 217.97 216.27 214.71 213.30 212.05 210.97 210.07 209.36 208.85 208.55 208.46 208.61 208.97 209.35 209.30 208.69
85.69 85.83 86.33 87.47 89.38 91.96 95.17 98.91 103.13 107.74 112.67 117.85 123.21 128.67 134.16 139.61 144.94 150.08 154.95 159.48 163.59 167.25 170.42 173.21 176.29 179.85 183.77 187.93 192.19 196.45 200.65 204.75 208.73 212.53 216.11 219.45 222.50 225.22 227.58 229.52 231.03 232.05 232.55 232.49 231.92 231.15 230.38 229.64 228.97 228.26 227.26 225.94 224.35 222.52 220.63 218.79 217.05 215.41 213.88 212.46 211.18 210.03 209.03 208.19 207.51 207.01 206.69 206.56 206.64 206.92 207.18 206.96
82.10 82.45 83.48 85.29 87.81 90.97 94.71 98.93 103.58 108.58 113.85 119.32 124.93 130.58 136.23 141.78 147.16 152.31 157.16 161.61 165.60 169.07 171.98 174.44 177.17 180.36 183.91 187.67 191.52 195.41 199.30 203.14 206.91 210.55 214.04 217.34 220.40 223.18 225.65 227.77 229.51 230.81 231.64 231.97 231.76 231.05 230.19 229.38 228.66 227.92 226.87 225.49 223.83 222.04 220.28 218.57 216.91 215.32 213.81 212.38 211.05 209.83 208.72 207.73 206.87 206.16 205.60 205.20 204.96 204.91 205.03 205.11
79.12 80.00 81.69 84.13 87.22 90.92 95.13 99.79 104.82 110.16 115.72 121.44 127.24 133.05 138.80 144.41 149.80 154.92 159.68 164.00 167.82 171.07 173.68 175.78 178.12 180.91 184.03 187.34 190.77 194.30 197.87 201.46 205.03 208.53 211.93 215.18 218.26 221.11 223.71 226.01 227.98 229.56 230.74 231.46 231.70 231.40 230.63 229.75 228.98 228.20 227.10 225.67 224.06 222.44 220.82 219.21 217.63 216.09 214.59 213.14 211.76 210.44 209.21 208.07 207.03 206.09 205.28 204.59 204.04 203.63 203.38 203.29
77.12 78.67 80.99 83.99 87.62 91.79 96.44 101.49 106.86 112.49 118.30 124.22 130.17 136.08 141.88 147.50 152.86 157.89 162.52 166.66 170.26 173.24 175.52 177.22 179.13 181.47 184.08 186.93 189.95 193.12 196.40 199.74 203.11 206.47 209.78 213.01 216.11 219.04 221.77 224.25 226.46 228.34 229.86 230.98 231.67 231.88 231.58 230.83 230.01 229.19 228.05 226.69 225.26 223.80 222.32 220.81 219.30 217.79 216.29 214.81 213.36 211.95 210.59 209.29 208.05 206.88 205.81 204.82 203.94 203.18 202.53 202.02
76.30 78.47 81.35 84.89 89.00 93.60 98.64 104.02 109.69 115.56 121.57 127.64 133.70 139.67 145.48 151.06 156.33 161.23 165.68 169.60 172.93 175.58 177.49 178.76 180.18 181.97 184.08 186.46 189.08 191.90 194.88 197.98 201.17 204.40 207.63 210.83 213.96 216.97 219.84 222.52 224.96 227.15 229.02 230.55 231.70 232.43 232.70 232.47 231.81 230.96 229.91 228.76 227.52 226.22 224.86 223.44 221.99 220.51 219.00 217.48 215.96 214.44 212.94 211.46 210.02 208.61 207.27 205.98 204.76 203.62 202.58 201.63
76.51 79.26 82.68 86.70 91.25 96.24 101.62 107.30 113.22 119.29 125.46 131.63 137.75 143.73 149.51 155.01 160.16 164.88 169.11 172.76 175.77 178.06 179.57 180.41 181.25 182.48 184.07 186.00 188.22 190.69 193.37 196.23 199.23 202.32 205.48 208.65 211.81 214.90 217.91 220.77 223.47 225.95 228.18 230.12 231.73 232.97 233.80 234.20 234.13 233.65 232.84 231.89 230.83 229.67 228.42 227.08 225.67 224.20 222.67 221.10 219.49 217.85 216.19 214.53 212.87 211.21 209.58 207.97 206.40 204.88 203.42 202.02
77.08 80.39 84.32 88.80 93.76 99.12 104.82 110.78 116.92 123.17 129.47 135.73 141.88 147.86 153.58 158.98 163.97 168.50 172.48 175.84 178.51 180.42 181.59 182.23 182.69 183.34 184.38 185.81 187.58 189.66 192.01 194.59 197.35 200.27 203.31 206.41 209.56 212.70 215.80 218.81 221.71 224.45 226.99 229.30 231.33 233.04 234.41 235.41 236.22 236.72 236.39 235.63 234.71 233.65 232.47 231.18 229.77 228.27 226.69 225.02 223.28 221.49 219.64 217.75 215.83 213.88 211.92 209.96 208.00 206.06 204.14 202.25
77.70 81.55 85.97 90.90 96.26 101.98 107.99 114.20 120.56 126.98 133.39 139.72 145.90 151.85 157.50 162.78 167.62 171.93 175.65 178.71 181.03 182.63 183.63 184.15 184.46 184.73 185.19 186.06 187.33 188.96 190.91 193.14 195.63 198.31 201.17 204.15 207.22 210.34 213.48 216.59 219.63 222.57 225.36 227.98 230.37 232.50 234.36 236.12 237.95 239.51 240.07 239.70 238.88 237.88 236.72 235.42 233.97 232.40 230.70 228.89 226.98 224.97 222.88 220.72 218.49 216.20 213.87 211.50 209.11 206.69 204.26 201.84
78.47 82.75 87.65 93.02 98.76 104.82 111.12 117.58 124.14 130.71 137.23 143.62 149.81 155.72 161.29 166.44 171.09 175.18 178.63 181.37 183.40 184.83 185.72 186.12 186.33 186.46 186.54 186.82 187.53 188.65 190.15 191.98 194.12 196.51 199.13 201.93 204.87 207.92 211.03 214.17 217.30 220.38 223.37 226.23 228.92 231.44 233.94 236.60 239.39 241.91 243.41 243.80 243.27 242.29 241.10 239.74 238.20 236.50 234.64 232.64 230.50 228.24 225.86 223.37 220.79 218.11 215.36 212.53 209.65 206.71 203.73 200.83
79.76 84.08 89.36 95.14 101.27 107.65 114.23 120.92 127.66 134.37 140.98 147.42 153.60 159.47 164.94 169.94 174.41 178.26 181.42 183.90 185.76 187.07 187.84 188.15 188.26 188.29 188.24 188.15 188.26 188.82 189.80 191.18 192.91 194.95 197.27 199.83 202.58 205.49 208.53 211.64 214.80 217.96 221.08 224.13 227.09 230.14 233.42 236.91 240.56 243.96 246.30 247.48 247.58 246.79 245.54 244.07 242.39 240.51 238.45 236.20 233.79 231.22 228.50 225.64 222.65 219.54 216.31 212.98 209.56 206.05 202.58 199.60
81.75 85.90 91.19 97.29 103.77 110.47 117.32 124.23 131.14 137.98 144.66 151.13 157.30 163.10 168.46 173.31 177.57 181.17 184.09 186.40 188.14 189.33 190.00 190.22 190.25 190.19 190.05 189.83 189.57 189.53 189.95 190.81 192.07 193.70 195.67 197.92 200.43 203.15 206.04 209.07 212.19 215.37 218.58 221.78 225.16 228.86 232.85 237.09 241.51 245.69 248.77 250.65 251.41 251.13 249.97 248.35 246.47 244.37 242.05 239.52 236.78 233.86 230.75 227.47 224.02 220.42 216.67 212.79 208.78 204.77 201.23 198.41
84.40 88.38 93.48 99.55 106.29 113.29 120.39 127.51 134.58 141.53 148.28 154.76 160.90 166.62 171.86 176.53 180.58 183.95 186.71 188.89 190.52 191.61 192.19 192.33 192.28 192.15 191.93 191.63 191.25 190.84 190.66 190.94 191.68 192.84 194.39 196.29 198.48 200.95 203.65 206.53 209.56 212.71 215.95 219.45 223.36 227.66 232.28 237.16 242.26 247.13 250.86 253.35 254.68 254.91 254.13 252.50 250.39 248.02 245.39 242.52 239.41 236.08 232.53 228.78 224.83 220.69 216.37 211.88 207.36 203.28 199.92 197.28
87.64 91.47 96.38 102.23 108.91 116.12 123.45 130.76 137.98 145.02 151.82 158.31 164.41 170.04 175.14 179.63 183.47 186.69 189.32 191.37 192.89 193.89 194.39 194.47 194.36 194.15 193.87 193.50 193.05 192.53 191.97 191.65 191.81 192.45 193.52 195.00 196.83 198.98 201.42 204.10 206.99 210.06 213.48 217.40 221.78 226.57 231.72 237.17 242.85 248.31 252.60 255.61 257.40 258.07 257.67 256.28 254.07 251.38 248.40 245.14 241.61 237.82 233.79 229.51 225.01 220.28 215.34 210.33 205.75 201.86 198.69 196.20
91.42 95.12 99.84 105.48 111.92 119.02 126.51 134.00 141.34 148.47 155.31 161.79 167.83 173.36 178.30 182.62 186.30 189.38 191.89 193.84 195.26 196.17 196.61 196.63 196.46 196.20 195.85 195.43 194.92 194.33 193.67 192.98 192.54 192.59 193.13 194.12 195.53 197.32 199.44 201.86 204.56 207.69 211.41 215.67 220.44 225.64 231.22 237.13 243.31 249.27 254.02 257.45 259.63 260.62 260.52 259.38 257.29 254.39 251.01 247.31 243.31 239.02 234.45 229.60 224.49 219.13 213.66 208.59 204.21 200.53 197.53 195.19
95.68 99.25 103.81 109.25 115.45 122.29 129.64 137.22 144.68 151.88 158.75 165.20 171.17 176.58 181.37 185.53 189.07 192.03 194.42 196.27 197.60 198.44 198.82 198.79 198.58 198.28 197.89 197.41 196.85 196.21 195.50 194.71 193.90 193.34 193.29 193.75 194.67 196.03 197.77 199.89 202.54 205.85 209.79 214.32 219.37 224.89 230.81 237.09 243.67 250.03 255.16 258.92 261.38 262.62 262.71 261.73 259.75 256.84 253.15 248.97 244.45 239.61 234.45 228.98 223.22 217.31 211.79 206.94 202.78 199.29 196.45 194.26
100.35 103.82 108.24 113.49 119.46 126.03 133.09 140.50 148.00 155.26 162.13 168.55 174.43 179.71 184.35 188.36 191.78 194.61 196.90 198.66 199.92 200.70 201.03 200.97 200.72 200.38 199.95 199.44 198.84 198.16 197.40 196.57 195.67 194.74 194.08 193.94 194.33 195.19 196.53 198.47 201.17 204.59 208.67 213.36 218.61 224.34 230.52 237.08 243.96 250.64 256.05 260.04 262.70 264.08 264.28 263.36 261.40 258.47 254.64 250.05 244.97 239.52 233.73 227.59 221.27 215.31 210.02 205.41 201.45 198.14 195.46 193.39
105.39 108.76 113.04 118.13 123.89 130.21 136.98 144.07 151.37 158.61 165.48 171.84 177.61 182.74 187.23 191.11 194.40 197.14 199.33 201.01 202.21 202.94 203.23 203.14 202.87 202.50 202.05 201.50 200.87 200.16 199.37 198.51 197.57 196.57 195.54 194.78 194.56 194.91 195.95 197.83 200.51 203.95 208.08 212.84 218.18 224.05 230.38 237.13 244.22 251.12 256.72 260.85 263.61 265.05 265.26 264.31 262.27 259.22 255.23 250.38 244.79 238.70 232.22 225.51 219.14 213.44 208.39 204.00 200.24 197.10 194.56 192.61
110.72 114.01 118.18 123.11 128.67 134.76 141.26 148.04 154.99 161.98 168.78 175.05 180.67 185.65 190.01 193.76 196.95 199.59 201.70 203.31 204.45 205.14 205.40 205.30 205.01 204.63 204.16 203.60 202.95 202.22 201.40 200.52 199.55 198.52 197.42 196.30 195.49 195.42 196.27 198.02 200.60 203.96 208.04 212.78 218.13 224.04 230.43 237.27 244.48 251.51 257.20 261.38 264.14 265.55 265.68 264.60 262.40 259.14 254.89 249.74 243.76 237.06 230.00 223.25 217.15 211.71 206.90 202.72 199.14 196.16 193.75 191.91
116.29 119.52 123.59 128.37 133.76 139.63 145.86 152.35 158.96 165.59 172.06 178.14 183.61 188.44 192.67 196.32 199.40 201.96 204.00 205.55 206.65 207.31 207.55 207.44 207.15 206.77 206.29 205.72 205.06 204.32 203.49 202.59 201.61 200.56 199.44 198.28 197.30 196.96 197.56 199.08 201.47 204.65 208.59 213.22 218.49 224.33 230.70 237.53 244.77 251.84 257.52 261.67 264.34 265.62 265.57 264.28 261.81 258.25 253.66 248.11 241.70 234.63 227.61 221.15 215.33 210.14 205.55 201.57 198.17 195.33 193.05 191.30
122.05 125.22 129.20 133.86 139.08 144.74 150.74 156.94 163.23 169.44 175.43 181.12 186.40 191.11 195.22 198.76 201.76 204.24 206.22 207.73 208.79 209.42 209.66 209.55 209.28 208.90 208.42 207.85 207.19 206.45 205.62 204.72 203.73 202.68 201.57 200.59 199.90 199.55 199.85 201.05 203.14 206.06 209.77 214.19 219.28 224.97 231.22 237.96 245.13 252.14 257.73 261.74 264.23 265.28 264.97 263.37 260.55 256.59 251.55 245.53 238.74 231.87 225.33 219.23 213.67 208.72 204.35 200.56 197.32 194.62 192.45 190.78
127.92 131.06 134.97 139.51 144.58 150.06 155.82 161.75 167.67 173.41 178.91 184.14 189.08 193.63 197.64 201.09 204.01 206.42 208.35 209.82 210.86 211.49 211.73 211.64 211.37 211.01 210.55 209.99 209.35 208.61 207.79 206.89 205.92 204.88 203.96 203.32 202.97 202.89 203.12 203.95 205.66 208.23 211.60 215.72 220.54 225.99 232.02 238.57 245.58 252.44 257.85 261.63 263.85 264.58 263.91 261.90 258.64 254.18 248.62 242.18 235.56 229.19 223.13 217.44 212.19 207.47 203.31 199.69 196.60 194.03 191.96 190.37
133.86 136.98 140.82 145.27 150.20 155.50 161.05 166.65 172.12 177.39 182.44 187.24 191.79 196.05 199.93 203.30 206.15 208.51 210.39 211.84 212.86 213.49 213.74 213.67 213.44 213.10 212.67 212.14 211.51 210.80 209.99 209.11 208.17 207.33 206.76 206.46 206.42 206.63 207.07 207.77 209.05 211.17 214.12 217.85 222.30 227.42 233.14 239.41 246.17 252.78 257.91 261.36 263.22 263.55 262.42 259.92 256.11 251.08 245.05 238.75 232.61 226.70 221.07 215.78 210.86 206.39 202.42 198.97 196.02 193.56 191.58 190.06
139.79 142.91 146.71 151.08 155.89 161.02 166.28 171.45 176.47 181.30 185.94 190.36 194.54 198.46 202.10 205.37 208.16 210.48 212.33 213.76 214.78 215.42 215.70 215.66 215.47 215.17 214.77 214.27 213.67 212.99 212.22 211.38 210.64 210.15 209.93 209.95 210.20 210.68 211.35 212.22 213.30 214.92 217.36 220.61 224.60 229.29 234.60 240.50 246.91 253.19 257.95 260.99 262.38 262.21 260.54 257.44 253.00 247.46 241.55 235.71 230.02 224.52 219.26 214.31 209.69 205.47 201.69 198.40 195.58 193.23 191.33 189.86
