data_processed/recharge/precip/Precip_1991_01.asc
ncols        168
nrows        136
xllcorner    455000
yllcorner    2107000
cellsize     500
NODATA_value     -99999
[rows 37 to 73 of 136, columns 0 to 82 of 168]
0.82 0.97 1.16 1.38 1.62 1.87 2.12 2.37 2.60 2.81 2.99 3.15 3.28 3.39 3.47 3.53 3.58 3.63 3.67 3.71 3.76 3.81 3.88 3.96 4.06 4.18 4.30 4.41 4.51 4.60 4.68 4.75 4.81 4.87 4.91 4.94 4.97 4.97 4.95 4.92 4.87 4.85 4.87 4.94 5.06 5.21 5.39 5.60 5.83 6.09 6.36 6.62 6.86 7.05 7.20 7.32 7.40 7.46 7.48 7.48 7.46 7.41 7.35 7.25 7.12 6.96 6.77 6.57 6.38 6.19 5.99 5.80 5.60 5.40 5.18 4.96 4.73 4.48 4.25 4.01 3.79 3.57 3.35
0.84 0.99 1.18 1.40 1.64 1.89 2.15 2.40 2.63 2.84 3.02 3.17 3.28 3.36 3.42 3.47 3.51 3.55 3.58 3.62 3.66 3.71 3.77 3.85 3.95 4.07 4.19 4.31 4.41 4.50 4.59 4.66 4.73 4.79 4.84 4.88 4.92 4.94 4.95 4.94 4.96 5.02 5.12 5.26 5.43 5.64 5.87 6.12 6.39 6.67 6.96 7.24 7.48 7.68 7.82 7.92 7.99 8.01 8.00 7.96 7.89 7.79 7.67 7.52 7.33 7.12 6.90 6.69 6.49 6.28 6.08 5.87 5.66 5.44 5.22 4.99 4.74 4.49 4.24 4.00 3.77 3.54 3.32
0.87 1.02 1.20 1.42 1.66 1.91 2.16 2.41 2.65 2.86 3.04 3.18 3.28 3.34 3.39 3.43 3.46 3.48 3.51 3.54 3.57 3.62 3.68 3.76 3.86 3.98 4.10 4.22 4.32 4.42 4.51 4.59 4.66 4.72 4.78 4.83 4.88 4.92 4.95 5.01 5.11 5.25 5.42 5.63 5.86 6.12 6.39 6.68 6.98 7.28 7.58 7.88 8.12 8.30 8.44 8.52 8.56 8.55 8.50 8.41 8.29 8.13 7.94 7.73 7.49 7.25 7.02 6.80 6.58 6.36 6.14 5.93 5.71 5.48 5.25 5.00 4.75 4.49 4.23 3.98 3.74 3.50 3.28
0.90 1.04 1.22 1.44 1.67 1.92 2.17 2.42 2.65 2.86 3.05 3.19 3.28 3.34 3.38 3.41 3.42 3.44 3.46 3.48 3.51 3.55 3.61 3.68 3.78 3.90 4.03 4.14 4.25 4.35 4.44 4.53 4.61 4.68 4.74 4.80 4.85 4.91 5.00 5.14 5.32 5.53 5.78 6.04 6.33 6.63 6.94 7.26 7.58 7.90 8.22 8.51 8.75 8.93 9.04 9.10 9.11 9.07 8.97 8.83 8.65 8.43 8.17 7.89 7.62 7.37 7.12 6.89 6.65 6.43 6.20 5.97 5.74 5.50 5.26 5.01 4.75 4.48 4.22 3.96 3.71 3.47 3.23
0.93 1.07 1.25 1.45 1.68 1.93 2.17 2.42 2.65 2.86 3.04 3.18 3.29 3.36 3.39 3.40 3.41 3.42 3.43 3.44 3.47 3.50 3.56 3.63 3.73 3.85 3.97 4.09 4.20 4.31 4.40 4.49 4.58 4.65 4.72 4.79 4.86 4.96 5.12 5.33 5.59 5.87 6.17 6.49 6.83 7.17 7.52 7.86 8.21 8.54 8.86 9.15 9.38 9.54 9.64 9.67 9.64 9.55 9.41 9.22 8.97 8.68 8.36 8.04 7.74 7.47 7.21 6.96 6.72 6.48 6.24 6.00 5.76 5.52 5.27 5.01 4.74 4.46 4.19 3.93 3.67 3.42 3.18
0.97 1.10 1.27 1.47 1.69 1.93 2.17 2.41 2.63 2.84 3.02 3.16 3.28 3.37 3.41 3.43 3.43 3.42 3.42 3.43 3.45 3.48 3.53 3.60 3.70 3.82 3.95 4.07 4.18 4.28 4.38 4.48 4.57 4.65 4.73 4.81 4.93 5.10 5.32 5.60 5.91 6.25 6.61 6.98 7.36 7.74 8.11 8.48 8.84 9.18 9.50 9.79 10.00 10.14 10.21 10.21 10.14 10.00 9.81 9.55 9.24 8.89 8.53 8.19 7.86 7.56 7.28 7.02 6.77 6.52 6.27 6.02 5.78 5.52 5.26 5.00 4.72 4.44 4.16 3.89 3.63 3.37 3.13
1.02 1.14 1.30 1.49 1.70 1.93 2.16 2.39 2.61 2.81 2.99 3.14 3.27 3.37 3.43 3.46 3.46 3.45 3.45 3.45 3.46 3.49 3.53 3.60 3.70 3.82 3.94 4.06 4.18 4.29 4.39 4.49 4.59 4.67 4.77 4.89 5.08 5.32 5.60 5.93 6.29 6.68 7.09 7.50 7.92 8.32 8.72 9.11 9.47 9.82 10.14 10.41 10.61 10.72 10.76 10.72 10.60 10.42 10.16 9.84 9.47 9.09 8.71 8.35 8.00 7.66 7.36 7.07 6.81 6.55 6.29 6.04 5.78 5.52 5.25 4.98 4.69 4.41 4.12 3.85 3.58 3.32 3.07
1.08 1.18 1.33 1.51 1.71 1.93 2.15 2.37 2.59 2.78 2.96 3.12 3.25 3.36 3.45 3.50 3.52 3.51 3.50 3.49 3.50 3.52 3.56 3.63 3.72 3.84 3.97 4.09 4.21 4.32 4.43 4.53 4.63 4.73 4.87 5.07 5.31 5.61 5.95 6.32 6.72 7.14 7.59 8.04 8.49 8.92 9.34 9.74 10.11 10.45 10.76 11.02 11.19 11.28 11.28 11.19 11.03 10.78 10.46 10.08 9.69 9.29 8.90 8.51 8.14 7.78 7.44 7.13 6.84 6.57 6.30 6.04 5.77 5.51 5.23 4.95 4.66 4.37 4.08 3.80 3.53 3.27 3.02
1.14 1.23 1.37 1.53 1.72 1.93 2.14 2.35 2.55 2.74 2.92 3.08 3.23 3.35 3.45 3.53 3.58 3.59 3.58 3.57 3.57 3.59 3.63 3.69 3.78 3.90 4.03 4.15 4.27 4.39 4.50 4.61 4.72 4.86 5.07 5.32 5.63 5.97 6.36 6.77 7.20 7.66 8.13 8.60 9.07 9.53 9.96 10.37 10.74 11.07 11.36 11.60 11.75 11.80 11.75 11.62 11.40 11.09 10.72 10.32 9.91 9.50 9.09 8.69 8.29 7.91 7.54 7.19 6.87 6.58 6.31 6.03 5.76 5.49 5.21 4.92 4.63 4.33 4.04 3.75 3.48 3.21 2.96
1.22 1.29 1.41 1.56 1.74 1.93 2.13 2.32 2.52 2.70 2.88 3.05 3.20 3.33 3.45 3.55 3.62 3.67 3.69 3.68 3.68 3.69 3.72 3.78 3.87 3.99 4.12 4.25 4.37 4.49 4.60 4.72 4.87 5.09 5.35 5.66 6.02 6.41 6.83 7.27 7.74 8.21 8.70 9.19 9.67 10.14 10.58 10.98 11.35 11.67 11.95 12.16 12.27 12.28 12.19 12.00 11.72 11.36 10.97 10.57 10.15 9.73 9.30 8.88 8.46 8.05 7.66 7.28 6.93 6.60 6.30 6.02 5.74 5.46 5.18 4.89 4.59 4.29 3.99 3.71 3.43 3.16 2.90
1.31 1.36 1.46 1.60 1.76 1.93 2.11 2.29 2.48 2.66 2.83 3.00 3.16 3.31 3.44 3.56 3.66 3.74 3.79 3.81 3.82 3.83 3.86 3.92 4.00 4.12 4.25 4.38 4.50 4.62 4.75 4.91 5.13 5.40 5.72 6.08 6.48 6.91 7.36 7.83 8.32 8.81 9.30 9.79 10.28 10.74 11.19 11.59 11.94 12.25 12.50 12.68 12.75 12.72 12.58 12.33 12.00 11.63 11.24 10.82 10.40 9.96 9.53 9.08 8.65 8.21 7.80 7.39 7.01 6.64 6.31 6.01 5.72 5.43 5.15 4.85 4.55 4.24 3.95 3.66 3.37 3.10 2.85
1.41 1.44 1.53 1.64 1.78 1.93 2.09 2.26 2.43 2.61 2.78 2.95 3.12 3.28 3.43 3.57 3.69 3.80 3.88 3.95 3.99 4.01 4.03 4.09 4.17 4.29 4.42 4.55 4.67 4.80 4.97 5.20 5.47 5.80 6.17 6.57 7.00 7.46 7.94 8.43 8.93 9.44 9.93 10.42 10.90 11.35 11.78 12.17 12.51 12.79 13.01 13.16 13.19 13.10 12.91 12.62 12.28 11.91 11.51 11.10 10.66 10.22 9.77 9.31 8.85 8.40 7.96 7.53 7.11 6.72 6.35 6.00 5.69 5.40 5.11 4.81 4.51 4.20 3.90 3.61 3.32 3.06 2.83
1.52 1.54 1.60 1.69 1.80 1.93 2.07 2.22 2.38 2.55 2.72 2.90 3.07 3.24 3.41 3.57 3.72 3.85 3.97 4.07 4.15 4.21 4.25 4.30 4.39 4.51 4.64 4.76 4.90 5.07 5.30 5.58 5.91 6.28 6.69 7.13 7.59 8.08 8.57 9.08 9.59 10.09 10.59 11.07 11.53 11.96 12.37 12.73 13.05 13.30 13.49 13.59 13.58 13.44 13.20 12.90 12.56 12.20 11.80 11.38 10.95 10.49 10.03 9.56 9.09 8.61 8.15 7.69 7.24 6.82 6.41 6.03 5.69 5.37 5.07 4.77 4.46 4.15 3.85 3.56 3.28 3.04 2.82
1.65 1.64 1.68 1.73 1.82 1.92 2.04 2.18 2.33 2.49 2.66 2.84 3.02 3.20 3.38 3.56 3.73 3.89 4.05 4.18 4.31 4.41 4.49 4.56 4.65 4.76 4.89 5.03 5.20 5.43 5.72 6.05 6.43 6.84 7.28 7.75 8.24 8.74 9.25 9.76 10.27 10.77 11.26 11.72 12.16 12.57 12.94 13.27 13.55 13.77 13.92 13.97 13.91 13.73 13.48 13.19 12.87 12.50 12.11 11.69 11.25 10.79 10.32 9.84 9.35 8.85 8.37 7.88 7.41 6.95 6.52 6.10 5.71 5.36 5.03 4.73 4.42 4.11 3.80 3.52 3.26 3.03 2.83
1.80 1.76 1.75 1.78 1.83 1.91 2.01 2.13 2.27 2.43 2.60 2.78 2.96 3.15 3.35 3.55 3.74 3.93 4.12 4.29 4.45 4.60 4.74 4.85 4.95 5.07 5.21 5.38 5.61 5.90 6.23 6.61 7.03 7.47 7.94 8.43 8.94 9.45 9.97 10.48 10.98 11.47 11.94 12.39 12.80 13.18 13.51 13.79 14.02 14.19 14.29 14.30 14.19 14.01 13.78 13.51 13.19 12.83 12.44 12.02 11.58 11.12 10.63 10.14 9.63 9.13 8.62 8.11 7.61 7.13 6.66 6.21 5.78 5.38 5.02 4.69 4.37 4.06 3.77 3.50 3.26 3.04 2.85
1.95 1.87 1.83 1.82 1.85 1.90 1.98 2.09 2.21 2.36 2.53 2.71 2.90 3.10 3.31 3.53 3.74 3.96 4.18 4.39 4.59 4.79 4.97 5.14 5.29 5.43 5.60 5.84 6.12 6.46 6.84 7.25 7.70 8.17 8.66 9.17 9.69 10.20 10.72 11.23 11.72 12.19 12.64 13.05 13.43 13.77 14.06 14.29 14.47 14.57 14.61 14.58 14.47 14.31 14.10 13.84 13.53 13.18 12.80 12.38 11.94 11.47 10.98 10.47 9.96 9.43 8.90 8.38 7.85 7.34 6.84 6.35 5.89 5.46 5.05 4.67 4.34 4.03 3.75 3.49 3.26 3.06 2.87
2.15 2.03 1.94 1.90 1.89 1.91 1.97 2.06 2.17 2.31 2.47 2.64 2.84 3.05 3.27 3.50 3.74 3.98 4.22 4.47 4.71 4.95 5.17 5.39 5.60 5.81 6.05 6.33 6.67 7.05 7.47 7.91 8.39 8.88 9.39 9.91 10.43 10.94 11.45 11.95 12.42 12.87 13.29 13.67 14.01 14.30 14.54 14.72 14.83 14.88 14.86 14.82 14.73 14.59 14.40 14.15 13.86 13.52 13.14 12.73 12.29 11.82 11.32 10.81 10.28 9.75 9.20 8.66 8.11 7.57 7.04 6.53 6.03 5.56 5.11 4.70 4.30 3.96 3.69 3.46 3.24 3.04 2.86
2.39 2.25 2.12 2.03 1.99 1.98 2.01 2.07 2.16 2.28 2.43 2.60 2.79 3.00 3.23 3.47 3.72 3.99 4.25 4.53 4.80 5.07 5.34 5.61 5.88 6.15 6.46 6.80 7.18 7.60 8.05 8.53 9.02 9.54 10.05 10.58 11.10 11.61 12.11 12.59 13.04 13.46 13.85 14.19 14.49 14.73 14.92 15.03 15.08 15.07 15.04 15.00 14.92 14.81 14.63 14.41 14.13 13.81 13.44 13.04 12.60 12.13 11.64 11.13 10.59 10.05 9.49 8.93 8.37 7.81 7.25 6.71 6.19 5.68 5.20 4.73 4.26 3.85 3.56 3.34 3.14 2.96 2.80
2.68 2.52 2.37 2.24 2.15 2.10 2.10 2.13 2.19 2.29 2.42 2.58 2.77 2.97 3.20 3.45 3.71 3.98 4.27 4.56 4.86 5.17 5.47 5.79 6.12 6.46 6.83 7.23 7.66 8.11 8.59 9.09 9.61 10.13 10.66 11.18 11.70 12.20 12.68 13.14 13.57 13.96 14.31 14.61 14.86 15.05 15.17 15.23 15.22 15.20 15.17 15.13 15.06 14.95 14.80 14.60 14.34 14.04 13.69 13.30 12.87 12.41 11.92 11.41 10.87 10.32 9.76 9.19 8.61 8.03 7.46 6.90 6.35 5.81 5.29 4.75 4.22 3.75 3.39 3.15 2.98 2.82 2.68
2.99 2.83 2.67 2.51 2.37 2.28 2.24 2.23 2.27 2.34 2.45 2.59 2.76 2.96 3.18 3.42 3.69 3.97 4.27 4.58 4.90 5.23 5.58 5.94 6.33 6.73 7.16 7.61 8.09 8.58 9.08 9.60 10.13 10.66 11.19 11.71 12.22 12.71 13.18 13.61 14.01 14.37 14.67 14.93 15.12 15.26 15.32 15.32 15.30 15.28 15.25 15.21 15.14 15.04 14.90 14.72 14.49 14.21 13.88 13.51 13.09 12.64 12.16 11.65 11.12 10.57 10.00 9.43 8.84 8.25 7.67 7.09 6.51 5.94 5.36 4.77 4.18 3.64 3.23 2.94 2.75 2.62 2.50
3.32 3.16 3.00 2.83 2.67 2.53 2.44 2.39 2.39 2.43 2.51 2.63 2.78 2.96 3.17 3.41 3.67 3.96 4.26 4.59 4.92 5.28 5.67 6.08 6.51 6.96 7.44 7.95 8.47 8.99 9.52 10.06 10.60 11.13 11.66 12.18 12.67 13.15 13.59 13.99 14.36 14.67 14.94 15.14 15.28 15.35 15.36 15.35 15.34 15.32 15.29 15.25 15.18 15.08 14.94 14.77 14.57 14.32 14.01 13.66 13.26 12.83 12.36 11.86 11.34 10.79 10.23 9.65 9.06 8.46 7.86 7.27 6.67 6.05 5.41 4.77 4.13 3.54 3.08 2.74 2.50 2.37 2.28
3.68 3.51 3.34 3.17 3.00 2.84 2.70 2.60 2.56 2.56 2.61 2.69 2.82 2.98 3.18 3.40 3.66 3.94 4.25 4.58 4.93 5.32 5.74 6.19 6.66 7.16 7.69 8.23 8.79 9.35 9.91 10.46 11.01 11.54 12.07 12.57 13.05 13.50 13.92 14.29 14.61 14.88 15.10 15.25 15.33 15.35 15.35 15.34 15.33 15.32 15.29 15.25 15.18 15.07 14.94 14.77 14.58 14.35 14.08 13.75 13.38 12.97 12.52 12.03 11.52 10.98 10.42 9.84 9.25 8.65 8.05 7.43 6.79 6.13 5.45 4.76 4.08 3.44 2.94 2.55 2.28 2.11 2.02
4.05 3.88 3.71 3.54 3.36 3.19 3.02 2.87 2.78 2.74 2.75 2.80 2.89 3.03 3.20 3.41 3.66 3.93 4.23 4.57 4.94 5.35 5.80 6.28 6.79 7.33 7.90 8.48 9.07 9.66 10.24 10.81 11.36 11.89 12.40 12.89 13.35 13.78 14.16 14.49 14.78 15.00 15.16 15.25 15.28 15.29 15.30 15.30 15.29 15.28 15.25 15.21 15.14 15.03 14.90 14.73 14.54 14.33 14.08 13.79 13.44 13.05 12.62 12.16 11.66 11.13 10.58 10.01 9.42 8.83 8.21 7.56 6.88 6.19 5.47 4.75 4.02 3.35 2.81 2.39 2.08 1.88 1.77
4.44 4.27 4.10 3.92 3.73 3.55 3.37 3.20 3.06 2.97 2.93 2.94 3.00 3.10 3.25 3.44 3.66 3.92 4.22 4.56 4.95 5.38 5.84 6.35 6.89 7.47 8.07 8.68 9.29 9.90 10.50 11.09 11.65 12.18 12.68 13.15 13.58 13.97 14.32 14.61 14.85 15.02 15.12 15.17 15.19 15.21 15.22 15.22 15.21 15.20 15.17 15.13 15.06 14.95 14.82 14.66 14.47 14.26 14.02 13.75 13.44 13.08 12.68 12.23 11.75 11.25 10.71 10.15 9.57 8.97 8.32 7.65 6.95 6.22 5.48 4.72 3.96 3.26 2.69 2.24 1.91 1.69 1.55
4.84 4.67 4.49 4.31 4.12 3.93 3.75 3.57 3.39 3.25 3.16 3.13 3.14 3.21 3.32 3.48 3.68 3.93 4.22 4.57 4.96 5.39 5.88 6.40 6.97 7.57 8.20 8.83 9.47 10.10 10.71 11.30 11.86 12.39 12.88 13.33 13.73 14.09 14.40 14.64 14.83 14.94 15.00 15.04 15.07 15.09 15.10 15.11 15.11 15.09 15.06 15.02 14.94 14.84 14.70 14.54 14.36 14.14 13.91 13.66 13.37 13.05 12.67 12.26 11.80 11.32 10.80 10.25 9.68 9.06 8.40 7.70 6.98 6.23 5.46 4.69 3.90 3.18 2.59 2.12 1.77 1.53 1.38
5.25 5.08 4.89 4.70 4.51 4.32 4.13 3.94 3.76 3.58 3.44 3.35 3.32 3.35 3.42 3.55 3.72 3.95 4.24 4.58 4.97 5.41 5.90 6.44 7.02 7.65 8.30 8.95 9.60 10.24 10.86 11.45 12.01 12.54 13.01 13.43 13.81 14.13 14.39 14.58 14.71 14.78 14.84 14.88 14.92 14.94 14.96 14.97 14.97 14.95 14.92 14.87 14.80 14.69 14.56 14.40 14.21 14.00 13.77 13.52 13.25 12.95 12.61 12.23 11.80 11.34 10.85 10.31 9.73 9.09 8.42 7.71 6.98 6.21 5.43 4.64 3.84 3.10 2.49 2.01 1.65 1.40 1.24
5.67 5.49 5.30 5.11 4.91 4.71 4.52 4.32 4.13 3.94 3.77 3.63 3.55 3.52 3.55 3.64 3.79 4.00 4.27 4.60 4.98 5.42 5.91 6.46 7.06 7.70 8.37 9.03 9.69 10.33 10.95 11.54 12.09 12.60 13.06 13.46 13.80 14.08 14.29 14.44 14.52 14.59 14.65 14.70 14.74 14.77 14.80 14.81 14.80 14.79 14.76 14.70 14.62 14.52 14.38 14.22 14.03 13.83 13.60 13.35 13.08 12.80 12.49 12.14 11.75 11.32 10.84 10.30 9.72 9.08 8.40 7.69 6.94 6.18 5.39 4.59 3.78 3.03 2.42 1.93 1.56 1.31 1.15
6.08 5.90 5.71 5.51 5.31 5.11 4.90 4.70 4.50 4.31 4.12 3.95 3.81 3.73 3.72 3.77 3.89 4.08 4.32 4.63 5.00 5.43 5.92 6.47 7.07 7.73 8.40 9.07 9.73 10.37 10.98 11.56 12.10 12.60 13.04 13.41 13.72 13.95 14.11 14.22 14.30 14.37 14.44 14.50 14.55 14.58 14.61 14.62 14.62 14.60 14.56 14.51 14.43 14.32 14.18 14.02 13.83 13.62 13.39 13.15 12.88 12.61 12.31 12.00 11.64 11.23 10.76 10.23 9.65 9.01 8.34 7.63 6.88 6.12 5.33 4.52 3.72 2.97 2.35 1.87 1.50 1.25 1.10
6.50 6.31 6.12 5.92 5.71 5.50 5.29 5.08 4.88 4.68 4.48 4.30 4.12 3.99 3.93 3.94 4.02 4.17 4.39 4.68 5.03 5.45 5.93 6.47 7.07 7.73 8.41 9.08 9.73 10.37 10.97 11.53 12.05 12.52 12.93 13.27 13.55 13.74 13.86 13.96 14.06 14.14 14.21 14.28 14.33 14.37 14.40 14.41 14.41 14.39 14.35 14.29 14.20 14.09 13.95 13.79 13.60 13.39 13.17 12.92 12.66 12.38 12.10 11.79 11.46 11.07 10.61 10.09 9.52 8.90 8.23 7.53 6.79 6.03 5.25 4.45 3.65 2.91 2.30 1.82 1.47 1.23 1.09
6.91 6.72 6.52 6.31 6.10 5.89 5.67 5.46 5.25 5.04 4.83 4.64 4.46 4.30 4.19 4.15 4.19 4.30 4.48 4.74 5.07 5.46 5.93 6.46 7.06 7.72 8.39 9.05 9.70 10.31 10.90 11.44 11.93 12.37 12.75 13.06 13.29 13.45 13.58 13.70 13.80 13.89 13.97 14.04 14.10 14.14 14.17 14.19 14.18 14.16 14.12 14.05 13.96 13.85 13.70 13.54 13.35 13.14 12.91 12.67 12.41 12.14 11.85 11.54 11.21 10.83 10.39 9.89 9.33 8.73 8.08 7.39 6.67 5.93 5.16 4.38 3.58 2.85 2.26 1.80 1.46 1.24 1.13
7.31 7.11 6.91 6.70 6.49 6.27 6.05 5.83 5.61 5.39 5.18 4.98 4.79 4.63 4.49 4.40 4.39 4.45 4.59 4.82 5.11 5.48 5.92 6.44 7.03 7.68 8.34 8.99 9.62 10.22 10.78 11.29 11.75 12.16 12.49 12.76 12.96 13.13 13.28 13.42 13.53 13.63 13.72 13.80 13.86 13.90 13.93 13.95 13.94 13.92 13.87 13.80 13.70 13.58 13.44 13.27 13.08 12.87 12.64 12.40 12.14 11.87 11.57 11.25 10.89 10.51 10.09 9.62 9.09 8.51 7.89 7.22 6.53 5.80 5.05 4.29 3.52 2.81 2.23 1.80 1.49 1.29 1.20
7.69 7.50 7.29 7.08 6.86 6.64 6.41 6.18 5.96 5.73 5.52 5.31 5.12 4.95 4.81 4.69 4.62 4.63 4.73 4.91 5.17 5.51 5.92 6.42 6.98 7.62 8.27 8.90 9.51 10.08 10.61 11.09 11.51 11.87 12.16 12.39 12.60 12.79 12.96 13.12 13.25 13.36 13.46 13.54 13.60 13.65 13.68 13.70 13.69 13.66 13.61 13.53 13.43 13.31 13.16 12.98 12.79 12.58 12.35 12.11 11.85 11.57 11.26 10.92 10.54 10.15 9.73 9.28 8.79 8.24 7.65 7.01 6.35 5.65 4.93 4.20 3.45 2.77 2.23 1.82 1.54 1.38 1.32
8.06 7.87 7.66 7.44 7.22 6.99 6.76 6.53 6.29 6.06 5.84 5.63 5.44 5.27 5.11 4.98 4.89 4.85 4.89 5.02 5.24 5.54 5.92 6.39 6.93 7.55 8.18 8.78 9.36 9.90 10.39 10.83 11.21 11.52 11.78 12.01 12.23 12.44 12.63 12.81 12.96 13.09 13.19 13.28 13.34 13.39 13.42 13.44 13.42 13.39 13.34 13.25 13.15 13.02 12.86 12.69 12.49 12.28 12.05 11.80 11.53 11.24 10.90 10.55 10.16 9.76 9.33 8.89 8.43 7.92 7.37 6.77 6.14 5.48 4.80 4.10 3.39 2.74 2.23 1.86 1.62 1.50 1.49
8.42 8.22 8.01 7.79 7.56 7.33 7.09 6.85 6.61 6.38 6.15 5.94 5.74 5.56 5.40 5.27 5.16 5.09 5.08 5.16 5.32 5.58 5.92 6.35 6.87 7.46 8.06 8.64 9.18 9.68 10.13 10.52 10.85 11.13 11.38 11.63 11.87 12.09 12.30 12.48 12.65 12.80 12.92 13.01 13.08 13.13 13.16 13.17 13.16 13.12 13.06 12.97 12.85 12.72 12.56 12.38 12.18 11.96 11.73 11.48 11.19 10.87 10.52 10.15 9.76 9.34 8.91 8.47 8.02 7.55 7.04 6.49 5.91 5.29 4.65 3.99 3.33 2.72 2.25 1.93 1.73 1.66 1.70
8.75 8.55 8.33 8.11 7.88 7.64 7.40 7.15 6.91 6.67 6.44 6.22 6.02 5.83 5.67 5.53 5.42 5.34 5.29 5.31 5.43 5.63 5.93 6.32 6.79 7.35 7.92 8.46 8.96 9.42 9.82 10.16 10.45 10.72 10.99 11.25 11.50 11.74 11.96 12.16 12.34 12.50 12.63 12.74 12.81 12.86 12.89 12.90 12.88 12.84 12.77 12.67 12.55 12.41 12.25 12.06 11.86 11.64 11.40 11.12 10.81 10.48 10.12 9.73 9.33 8.91 8.48 8.04 7.59 7.14 6.68 6.18 5.65 5.08 4.49 3.88 3.26 2.70 2.29 2.02 1.88 1.86 1.95
9.05 8.85 8.63 8.41 8.17 7.93 7.68 7.43 7.18 6.94 6.70 6.48 6.27 6.08 5.91 5.76 5.65 5.56 5.50 5.49 5.54 5.69 5.94 6.28 6.72 7.24 7.77 8.27 8.72 9.12 9.47 9.77 10.05 10.34 10.61 10.88 11.14 11.39 11.62 11.83 12.02 12.19 12.34 12.46 12.54 12.60 12.63 12.63 12.61 12.56 12.48 12.38 12.25 12.10 11.93 11.74 11.53 11.30 11.04 10.74 10.42 10.06 9.69 9.30 8.89 8.47 8.04 7.60 7.16 6.72 6.28 5.83 5.36 4.85 4.32 3.77 3.20 2.70 2.34 2.13 2.05 2.09 2.24
9.32 9.12 8.90 8.67 8.43 8.19 7.93 7.68 7.43 7.18 6.94 6.71 6.49 6.30 6.12 5.97 5.84 5.75 5.69 5.66 5.68 5.77 5.96 6.25 6.63 7.11 7.60 8.05 8.45 8.79 9.10 9.39 9.68 9.97 10.25 10.53 10.79 11.05 11.29 11.51 11.71 11.89 12.04 12.17 12.27 12.33 12.36 12.36 12.33 12.28 12.20 12.09 11.95 11.79 11.61 11.42 11.20 10.94 10.66 10.34 10.00 9.64 9.26 8.86 8.45 8.03 7.60 7.17 6.73 6.30 5.88 5.46 5.04 4.60 4.13 3.64 3.14 2.70 2.41 2.26 2.25 2.36 2.53
