data_processed/recharge/precip/Precip_1994_02.asc
ncols        168
nrows        136
xllcorner    455000
yllcorner    2107000
cellsize     500
NODATA_value     -99999
[rows 36 to 71 of 136, columns 82 to 163 of 168]
2.17 2.25 2.34 2.43 2.52 2.62 2.73 2.85 2.97 3.11 3.24 3.39 3.55 3.71 3.89 4.07 4.26 4.46 4.67 4.90 5.14 5.40 5.67 5.95 6.25 6.55 6.86 7.18 7.50 7.82 8.14 8.46 8.78 9.10 9.41 9.71 10.01 10.29 10.56 10.82 11.07 11.31 11.55 11.78 12.02 12.25 12.48 12.70 12.93 13.15 13.36 13.58 13.78 13.99 14.19 14.39 14.59 14.78 14.96 15.14 15.32 15.49 15.66 15.83 15.98 16.14 16.27 16.39 16.48 16.55 16.60 16.63 16.64 16.62 16.58 16.53 16.45 16.35 16.23 16.09 15.93 15.75
2.19 2.26 2.34 2.43 2.52 2.62 2.73 2.84 2.96 3.09 3.23 3.38 3.53 3.70 3.87 4.05 4.25 4.45 4.66 4.89 5.13 5.40 5.67 5.96 6.26 6.58 6.90 7.22 7.56 7.89 8.23 8.57 8.90 9.24 9.57 9.89 10.21 10.51 10.81 11.09 11.36 11.61 11.86 12.11 12.36 12.60 12.84 13.08 13.32 13.55 13.78 14.01 14.23 14.45 14.66 14.87 15.08 15.29 15.49 15.68 15.87 16.06 16.24 16.42 16.59 16.74 16.88 16.99 17.08 17.15 17.19 17.22 17.22 17.20 17.16 17.10 17.02 16.92 16.79 16.65 16.49 16.31
2.19 2.26 2.34 2.42 2.51 2.61 2.72 2.83 2.95 3.08 3.21 3.36 3.51 3.68 3.85 4.03 4.23 4.43 4.65 4.87 5.12 5.39 5.67 5.97 6.28 6.60 6.93 7.27 7.61 7.96 8.31 8.66 9.02 9.37 9.72 10.06 10.40 10.73 11.04 11.35 11.64 11.92 12.19 12.45 12.71 12.97 13.22 13.47 13.72 13.97 14.21 14.45 14.69 14.92 15.15 15.37 15.60 15.81 16.03 16.24 16.44 16.64 16.84 17.03 17.20 17.36 17.49 17.60 17.68 17.75 17.79 17.81 17.81 17.79 17.75 17.68 17.60 17.49 17.36 17.22 17.05 16.87
2.19 2.26 2.33 2.41 2.50 2.59 2.70 2.81 2.93 3.05 3.19 3.33 3.49 3.65 3.82 4.01 4.20 4.41 4.62 4.85 5.10 5.37 5.66 5.96 6.28 6.61 6.95 7.30 7.66 8.02 8.39 8.75 9.13 9.49 9.86 10.23 10.58 10.93 11.28 11.61 11.93 12.23 12.52 12.80 13.07 13.34 13.61 13.88 14.14 14.40 14.66 14.91 15.16 15.41 15.65 15.89 16.13 16.36 16.59 16.81 17.03 17.25 17.46 17.65 17.83 17.98 18.10 18.21 18.29 18.35 18.39 18.41 18.41 18.38 18.33 18.27 18.18 18.07 17.94 17.79 17.62 17.43
2.19 2.25 2.32 2.40 2.48 2.57 2.67 2.78 2.90 3.02 3.16 3.30 3.45 3.62 3.79 3.98 4.17 4.38 4.59 4.83 5.08 5.35 5.65 5.96 6.28 6.62 6.97 7.33 7.70 8.07 8.45 8.84 9.23 9.61 10.00 10.38 10.76 11.13 11.50 11.86 12.20 12.53 12.85 13.16 13.45 13.73 14.01 14.29 14.57 14.84 15.11 15.38 15.65 15.91 16.17 16.42 16.68 16.92 17.17 17.41 17.64 17.87 18.09 18.28 18.45 18.60 18.72 18.82 18.90 18.96 19.00 19.01 19.00 18.98 18.93 18.86 18.77 18.65 18.52 18.37 18.20 18.01
2.17 2.23 2.30 2.37 2.45 2.54 2.64 2.75 2.86 2.99 3.12 3.26 3.42 3.58 3.75 3.94 4.13 4.34 4.56 4.79 5.05 5.33 5.62 5.94 6.27 6.62 6.98 7.35 7.73 8.12 8.52 8.92 9.32 9.73 10.13 10.53 10.93 11.33 11.72 12.10 12.47 12.83 13.18 13.51 13.82 14.13 14.42 14.72 15.01 15.30 15.59 15.87 16.15 16.43 16.70 16.97 17.24 17.50 17.76 18.02 18.27 18.51 18.72 18.91 19.08 19.22 19.34 19.44 19.52 19.57 19.61 19.62 19.61 19.58 19.52 19.45 19.36 19.24 19.11 18.95 18.78 18.58
2.16 2.21 2.27 2.34 2.42 2.51 2.60 2.71 2.82 2.94 3.08 3.22 3.37 3.53 3.71 3.89 4.09 4.29 4.51 4.75 5.01 5.29 5.60 5.92 6.26 6.62 6.98 7.37 7.76 8.16 8.57 8.99 9.41 9.83 10.26 10.68 11.10 11.52 11.93 12.34 12.73 13.12 13.50 13.86 14.20 14.53 14.85 15.16 15.47 15.77 16.07 16.37 16.67 16.96 17.25 17.54 17.82 18.10 18.38 18.65 18.91 19.14 19.35 19.54 19.70 19.84 19.96 20.06 20.13 20.19 20.22 20.22 20.21 20.18 20.12 20.05 19.95 19.83 19.70 19.54 19.36 19.16
2.13 2.18 2.24 2.31 2.38 2.47 2.56 2.66 2.77 2.90 3.03 3.17 3.32 3.48 3.66 3.84 4.04 4.25 4.47 4.71 4.97 5.26 5.56 5.89 6.24 6.61 6.98 7.38 7.78 8.20 8.62 9.06 9.49 9.93 10.38 10.82 11.26 11.70 12.14 12.57 12.99 13.41 13.81 14.20 14.58 14.94 15.28 15.61 15.93 16.26 16.57 16.89 17.20 17.51 17.82 18.13 18.43 18.72 19.01 19.29 19.55 19.78 19.98 20.17 20.33 20.47 20.59 20.68 20.75 20.80 20.83 20.83 20.82 20.78 20.73 20.65 20.55 20.43 20.29 20.13 19.95 19.75
2.10 2.15 2.20 2.27 2.34 2.42 2.51 2.61 2.72 2.84 2.97 3.11 3.26 3.43 3.60 3.79 3.98 4.19 4.41 4.65 4.92 5.21 5.53 5.86 6.22 6.59 6.98 7.38 7.80 8.23 8.67 9.12 9.57 10.03 10.49 10.96 11.42 11.88 12.34 12.80 13.25 13.69 14.12 14.54 14.94 15.34 15.71 16.07 16.42 16.75 17.09 17.42 17.75 18.08 18.41 18.73 19.04 19.36 19.66 19.93 20.18 20.41 20.62 20.80 20.96 21.09 21.21 21.30 21.37 21.42 21.44 21.45 21.43 21.39 21.33 21.25 21.15 21.02 20.88 20.72 20.54 20.34
2.07 2.11 2.16 2.22 2.29 2.37 2.46 2.56 2.67 2.78 2.91 3.05 3.20 3.37 3.54 3.72 3.92 4.13 4.36 4.60 4.87 5.16 5.48 5.83 6.19 6.57 6.97 7.38 7.81 8.26 8.71 9.17 9.64 10.12 10.60 11.09 11.57 12.06 12.54 13.02 13.49 13.96 14.42 14.87 15.31 15.73 16.14 16.53 16.91 17.27 17.62 17.97 18.32 18.66 19.01 19.35 19.68 20.00 20.30 20.57 20.82 21.05 21.25 21.43 21.58 21.72 21.83 21.92 21.99 22.03 22.05 22.06 22.04 22.00 21.93 21.85 21.75 21.62 21.48 21.31 21.13 20.93
2.03 2.07 2.12 2.17 2.24 2.32 2.40 2.50 2.60 2.72 2.85 2.99 3.14 3.30 3.47 3.66 3.86 4.07 4.29 4.54 4.81 5.11 5.44 5.78 6.15 6.54 6.95 7.38 7.82 8.28 8.75 9.22 9.71 10.21 10.71 11.21 11.72 12.23 12.73 13.24 13.74 14.23 14.72 15.20 15.66 16.12 16.56 16.99 17.40 17.79 18.16 18.53 18.90 19.26 19.62 19.98 20.32 20.64 20.94 21.21 21.45 21.68 21.88 22.06 22.21 22.34 22.45 22.54 22.60 22.65 22.67 22.67 22.64 22.60 22.54 22.45 22.35 22.22 22.08 21.91 21.72 21.52
1.98 2.02 2.06 2.12 2.18 2.26 2.34 2.43 2.54 2.65 2.78 2.92 3.07 3.23 3.40 3.59 3.79 4.00 4.23 4.47 4.75 5.05 5.38 5.74 6.12 6.51 6.93 7.37 7.83 8.29 8.78 9.27 9.78 10.29 10.81 11.33 11.86 12.39 12.92 13.45 13.98 14.50 15.01 15.52 16.02 16.50 16.98 17.44 17.88 18.31 18.72 19.11 19.49 19.88 20.26 20.62 20.96 21.28 21.57 21.84 22.08 22.31 22.50 22.68 22.83 22.96 23.07 23.16 23.22 23.26 23.28 23.28 23.25 23.21 23.14 23.06 22.95 22.82 22.67 22.50 22.32 22.11
1.94 1.97 2.01 2.06 2.12 2.19 2.27 2.36 2.47 2.58 2.71 2.84 2.99 3.15 3.33 3.52 3.71 3.93 4.15 4.40 4.68 4.99 5.33 5.69 6.07 6.48 6.91 7.36 7.83 8.31 8.80 9.31 9.83 10.37 10.90 11.45 12.00 12.55 13.10 13.66 14.21 14.76 15.30 15.84 16.37 16.89 17.39 17.89 18.37 18.83 19.27 19.70 20.11 20.51 20.89 21.26 21.60 21.91 22.20 22.47 22.71 22.93 23.13 23.30 23.45 23.58 23.69 23.77 23.83 23.87 23.89 23.88 23.86 23.81 23.74 23.66 23.55 23.42 23.27 23.10 22.91 22.70
1.88 1.91 1.95 2.00 2.05 2.12 2.20 2.29 2.39 2.51 2.63 2.77 2.91 3.08 3.25 3.44 3.64 3.85 4.08 4.33 4.61 4.92 5.27 5.63 6.03 6.44 6.88 7.34 7.82 8.32 8.83 9.35 9.89 10.44 11.00 11.56 12.13 12.71 13.28 13.86 14.44 15.02 15.59 16.15 16.71 17.26 17.80 18.33 18.84 19.34 19.82 20.29 20.73 21.14 21.53 21.89 22.23 22.54 22.83 23.09 23.34 23.55 23.75 23.92 24.07 24.20 24.30 24.38 24.44 24.48 24.49 24.49 24.46 24.41 24.35 24.26 24.14 24.01 23.86 23.69 23.50 23.29
1.83 1.85 1.89 1.93 1.99 2.05 2.13 2.21 2.31 2.43 2.55 2.68 2.83 2.99 3.17 3.36 3.56 3.77 4.00 4.25 4.54 4.86 5.20 5.58 5.98 6.40 6.85 7.32 7.81 8.32 8.85 9.39 9.94 10.51 11.09 11.67 12.26 12.86 13.46 14.06 14.67 15.27 15.87 16.47 17.05 17.64 18.21 18.77 19.32 19.85 20.37 20.87 21.34 21.77 22.16 22.52 22.85 23.16 23.45 23.71 23.95 24.17 24.36 24.53 24.68 24.81 24.91 24.99 25.05 25.08 25.10 25.09 25.06 25.01 24.94 24.85 24.74 24.61 24.46 24.28 24.09 23.88
1.77 1.79 1.82 1.86 1.91 1.97 2.05 2.13 2.23 2.34 2.46 2.60 2.75 2.91 3.08 3.27 3.47 3.69 3.92 4.17 4.46 4.78 5.13 5.51 5.92 6.36 6.82 7.30 7.80 8.32 8.86 9.42 9.99 10.58 11.17 11.78 12.39 13.01 13.63 14.26 14.89 15.52 16.15 16.77 17.39 18.01 18.61 19.21 19.79 20.36 20.92 21.44 21.93 22.37 22.77 23.14 23.47 23.78 24.07 24.33 24.57 24.78 24.97 25.14 25.29 25.41 25.51 25.59 25.65 25.68 25.70 25.69 25.66 25.61 25.54 25.45 25.33 25.20 25.05 24.87 24.68 24.47
1.71 1.72 1.75 1.79 1.84 1.90 1.97 2.05 2.15 2.26 2.38 2.51 2.66 2.82 2.99 3.18 3.38 3.60 3.83 4.09 4.38 4.71 5.06 5.45 5.87 6.31 6.78 7.27 7.79 8.32 8.88 9.45 10.04 10.64 11.25 11.88 12.51 13.16 13.80 14.46 15.11 15.77 16.42 17.08 17.73 18.37 19.01 19.64 20.26 20.86 21.44 21.99 22.49 22.95 23.37 23.74 24.08 24.39 24.67 24.93 25.17 25.39 25.58 25.74 25.89 26.01 26.11 26.19 26.25 26.28 26.29 26.28 26.25 26.20 26.13 26.03 25.92 25.79 25.63 25.46 25.26 25.05
1.64 1.65 1.68 1.71 1.76 1.81 1.88 1.97 2.06 2.17 2.29 2.42 2.57 2.73 2.90 3.09 3.29 3.51 3.74 4.00 4.30 4.63 4.99 5.38 5.81 6.26 6.74 7.24 7.77 8.32 8.89 9.47 10.08 10.70 11.33 11.98 12.63 13.30 13.97 14.65 15.33 16.01 16.70 17.38 18.06 18.74 19.41 20.07 20.72 21.35 21.95 22.50 23.02 23.50 23.93 24.33 24.68 24.99 25.27 25.53 25.77 25.98 26.17 26.34 26.48 26.61 26.71 26.78 26.84 26.87 26.88 26.87 26.84 26.79 26.71 26.62 26.50 26.37 26.21 26.04 25.84 25.63
1.57 1.58 1.60 1.63 1.68 1.73 1.80 1.88 1.97 2.08 2.19 2.33 2.47 2.63 2.81 3.00 3.20 3.42 3.65 3.91 4.21 4.55 4.91 5.31 5.74 6.21 6.69 7.21 7.75 8.31 8.90 9.50 10.12 10.76 11.41 12.08 12.75 13.44 14.14 14.84 15.55 16.26 16.97 17.68 18.39 19.10 19.80 20.50 21.17 21.81 22.42 22.99 23.52 24.02 24.47 24.88 25.25 25.58 25.87 26.13 26.36 26.57 26.76 26.93 27.07 27.19 27.29 27.37 27.42 27.45 27.46 27.45 27.42 27.37 27.29 27.20 27.08 26.95 26.79 26.62 26.42 26.20
1.50 1.51 1.52 1.55 1.59 1.64 1.71 1.79 1.88 1.98 2.10 2.23 2.38 2.54 2.71 2.90 3.10 3.32 3.56 3.82 4.12 4.46 4.83 5.24 5.68 6.15 6.65 7.17 7.73 8.30 8.90 9.52 10.16 10.81 11.49 12.17 12.87 13.58 14.30 15.03 15.76 16.50 17.24 17.98 18.72 19.46 20.19 20.91 21.59 22.25 22.87 23.45 24.00 24.51 24.98 25.41 25.80 26.15 26.45 26.71 26.94 27.16 27.34 27.51 27.65 27.77 27.87 27.94 28.00 28.03 28.04 28.03 28.00 27.94 27.87 27.77 27.66 27.52 27.36 27.19 26.99 26.77
1.43 1.43 1.44 1.47 1.50 1.55 1.62 1.69 1.78 1.88 2.00 2.13 2.28 2.44 2.61 2.80 3.01 3.23 3.46 3.73 4.03 4.38 4.75 5.17 5.61 6.09 6.60 7.14 7.70 8.29 8.90 9.54 10.19 10.87 11.56 12.26 12.98 13.72 14.46 15.21 15.97 16.73 17.50 18.27 19.05 19.82 20.57 21.29 21.99 22.65 23.29 23.88 24.45 24.97 25.46 25.91 26.31 26.68 27.00 27.28 27.52 27.73 27.92 28.08 28.22 28.34 28.44 28.51 28.57 28.60 28.61 28.60 28.56 28.51 28.43 28.34 28.22 28.09 27.93 27.75 27.56 27.34
1.35 1.35 1.36 1.38 1.42 1.46 1.52 1.60 1.69 1.79 1.90 2.03 2.18 2.34 2.51 2.70 2.91 3.13 3.37 3.63 3.94 4.29 4.67 5.09 5.55 6.03 6.55 7.10 7.68 8.28 8.91 9.56 10.23 10.92 11.63 12.36 13.10 13.85 14.62 15.39 16.18 16.97 17.77 18.57 19.37 20.16 20.92 21.65 22.36 23.03 23.67 24.29 24.86 25.40 25.90 26.37 26.80 27.18 27.52 27.82 28.08 28.29 28.48 28.64 28.78 28.90 29.00 29.07 29.13 29.16 29.17 29.16 29.12 29.07 28.99 28.90 28.78 28.64 28.49 28.31 28.11 27.90
1.28 1.27 1.28 1.30 1.33 1.37 1.43 1.50 1.59 1.69 1.80 1.93 2.07 2.23 2.41 2.60 2.81 3.03 3.27 3.54 3.85 4.20 4.59 5.01 5.48 5.97 6.50 7.06 7.65 8.26 8.91 9.57 10.26 10.97 11.70 12.44 13.21 13.98 14.77 15.58 16.39 17.21 18.03 18.86 19.68 20.47 21.24 21.98 22.70 23.38 24.03 24.66 25.25 25.80 26.32 26.80 27.25 27.65 28.01 28.33 28.61 28.84 29.03 29.19 29.34 29.45 29.55 29.63 29.68 29.71 29.72 29.71 29.67 29.62 29.54 29.45 29.33 29.19 29.04 28.86 28.66 28.45
1.20 1.19 1.19 1.21 1.24 1.28 1.33 1.40 1.49 1.59 1.70 1.83 1.97 2.13 2.31 2.50 2.70 2.93 3.17 3.44 3.75 4.11 4.50 4.94 5.40 5.91 6.45 7.02 7.62 8.25 8.90 9.59 10.29 11.02 11.77 12.53 13.32 14.12 14.93 15.76 16.59 17.44 18.29 19.13 19.96 20.76 21.53 22.28 23.00 23.70 24.36 25.00 25.60 26.17 26.70 27.20 27.66 28.08 28.47 28.81 29.10 29.36 29.57 29.73 29.88 30.00 30.09 30.17 30.22 30.25 30.26 30.25 30.21 30.16 30.08 29.99 29.87 29.74 29.58 29.40 29.21 28.99
1.12 1.11 1.11 1.12 1.14 1.18 1.24 1.30 1.39 1.48 1.60 1.72 1.87 2.03 2.20 2.39 2.60 2.83 3.07 3.34 3.66 4.02 4.42 4.86 5.33 5.85 6.39 6.98 7.59 8.23 8.90 9.60 10.32 11.07 11.83 12.62 13.43 14.25 15.09 15.94 16.80 17.67 18.53 19.38 20.21 21.01 21.79 22.55 23.28 23.99 24.66 25.31 25.92 26.51 27.06 27.57 28.05 28.49 28.89 29.25 29.57 29.84 30.07 30.26 30.41 30.52 30.62 30.70 30.75 30.78 30.79 30.78 30.74 30.69 30.62 30.52 30.40 30.27 30.11 29.94 29.74 29.52
1.04 1.02 1.02 1.03 1.05 1.09 1.14 1.20 1.29 1.38 1.49 1.62 1.76 1.92 2.10 2.29 2.50 2.72 2.97 3.24 3.56 3.92 4.33 4.77 5.26 5.78 6.34 6.93 7.56 8.21 8.90 9.61 10.35 11.11 11.90 12.71 13.53 14.38 15.24 16.12 17.00 17.89 18.75 19.60 20.43 21.24 22.03 22.79 23.53 24.25 24.93 25.59 26.21 26.81 27.37 27.90 28.40 28.85 29.27 29.65 29.99 30.29 30.54 30.75 30.92 31.04 31.14 31.21 31.27 31.30 31.31 31.30 31.26 31.21 31.14 31.04 30.93 30.79 30.63 30.46 30.26 30.05
0.96 0.94 0.93 0.94 0.96 0.99 1.04 1.10 1.18 1.28 1.39 1.51 1.66 1.81 1.99 2.18 2.39 2.62 2.86 3.14 3.46 3.83 4.24 4.69 5.19 5.72 6.29 6.89 7.53 8.20 8.90 9.62 10.38 11.16 11.97 12.79 13.64 14.51 15.39 16.29 17.19 18.07 18.94 19.79 20.63 21.44 22.23 23.00 23.75 24.47 25.17 25.83 26.47 27.08 27.66 28.20 28.71 29.19 29.62 30.02 30.38 30.70 30.98 31.21 31.40 31.54 31.64 31.72 31.77 31.81 31.82 31.80 31.77 31.72 31.65 31.55 31.44 31.30 31.15 30.97 30.78 30.56
0.88 0.86 0.84 0.85 0.86 0.90 0.94 1.00 1.08 1.17 1.28 1.41 1.55 1.71 1.88 2.08 2.29 2.51 2.76 3.04 3.37 3.74 4.15 4.61 5.11 5.65 6.23 6.85 7.50 8.18 8.89 9.64 10.41 11.21 12.03 12.88 13.75 14.64 15.55 16.45 17.35 18.23 19.10 19.96 20.79 21.61 22.41 23.18 23.94 24.67 25.37 26.05 26.70 27.32 27.91 28.47 28.99 29.48 29.94 30.36 30.73 31.07 31.37 31.63 31.84 32.01 32.13 32.21 32.27 32.30 32.31 32.30 32.27 32.22 32.14 32.05 31.94 31.80 31.65 31.47 31.28 31.07
0.80 0.77 0.76 0.76 0.77 0.80 0.84 0.90 0.98 1.07 1.18 1.30 1.44 1.60 1.78 1.97 2.18 2.41 2.66 2.94 3.27 3.64 4.07 4.53 5.04 5.59 6.18 6.80 7.46 8.16 8.89 9.65 10.44 11.26 12.10 12.97 13.86 14.77 15.68 16.59 17.48 18.37 19.24 20.09 20.93 21.75 22.55 23.33 24.09 24.83 25.54 26.23 26.89 27.52 28.12 28.70 29.24 29.74 30.22 30.65 31.05 31.41 31.73 32.01 32.25 32.44 32.58 32.69 32.75 32.78 32.79 32.78 32.75 32.70 32.63 32.54 32.42 32.29 32.14 31.96 31.77 31.56
0.72 0.69 0.67 0.67 0.68 0.70 0.75 0.80 0.88 0.97 1.07 1.20 1.34 1.50 1.67 1.87 2.08 2.31 2.56 2.84 3.17 3.55 3.98 4.45 4.97 5.53 6.12 6.76 7.43 8.14 8.89 9.66 10.47 11.30 12.17 13.05 13.96 14.88 15.79 16.69 17.59 18.47 19.34 20.19 21.03 21.86 22.66 23.45 24.21 24.96 25.68 26.38 27.05 27.69 28.31 28.89 29.45 29.97 30.46 30.91 31.33 31.71 32.05 32.35 32.61 32.83 33.00 33.13 33.21 33.25 33.26 33.25 33.22 33.17 33.10 33.01 32.90 32.76 32.61 32.44 32.25 32.04
0.64 0.61 0.58 0.58 0.58 0.61 0.65 0.70 0.78 0.86 0.97 1.09 1.23 1.39 1.57 1.76 1.97 2.20 2.46 2.74 3.08 3.46 3.89 4.37 4.89 5.46 6.07 6.72 7.40 8.13 8.88 9.68 10.50 11.35 12.23 13.14 14.05 14.97 15.87 16.77 17.66 18.54 19.41 20.26 21.11 21.93 22.74 23.53 24.30 25.05 25.78 26.49 27.17 27.82 28.45 29.05 29.62 30.16 30.66 31.13 31.57 31.97 32.33 32.65 32.93 33.17 33.37 33.52 33.63 33.69 33.71 33.70 33.68 33.63 33.56 33.47 33.36 33.23 33.08 32.90 32.71 32.51
0.55 0.52 0.50 0.49 0.49 0.51 0.55 0.61 0.68 0.76 0.87 0.99 1.13 1.29 1.46 1.66 1.87 2.10 2.35 2.64 2.98 3.37 3.81 4.29 4.82 5.40 6.02 6.68 7.37 8.11 8.88 9.69 10.53 11.40 12.30 13.21 14.12 15.02 15.93 16.82 17.71 18.58 19.45 20.30 21.15 21.97 22.79 23.58 24.36 25.11 25.85 26.56 27.25 27.92 28.56 29.17 29.75 30.31 30.83 31.31 31.77 32.19 32.57 32.91 33.22 33.48 33.70 33.88 34.01 34.10 34.14 34.14 34.12 34.07 34.00 33.91 33.80 33.67 33.52 33.35 33.17 32.96
0.47 0.43 0.41 0.40 0.40 0.42 0.46 0.51 0.58 0.66 0.77 0.89 1.03 1.18 1.36 1.55 1.77 2.00 2.26 2.54 2.89 3.28 3.72 4.21 4.75 5.34 5.97 6.64 7.35 8.10 8.88 9.71 10.56 11.45 12.35 13.25 14.15 15.05 15.95 16.84 17.72 18.59 19.46 20.31 21.16 21.98 22.80 23.60 24.38 25.14 25.88 26.61 27.31 27.98 28.63 29.25 29.85 30.42 30.95 31.46 31.93 32.37 32.77 33.13 33.46 33.75 33.99 34.19 34.35 34.47 34.54 34.56 34.54 34.49 34.43 34.34 34.23 34.10 33.96 33.79 33.60 33.40
0.38 0.34 0.32 0.31 0.31 0.33 0.36 0.41 0.48 0.56 0.67 0.79 0.92 1.08 1.26 1.45 1.67 1.90 2.16 2.45 2.79 3.19 3.64 4.14 4.68 5.28 5.92 6.60 7.32 8.08 8.88 9.72 10.59 11.48 12.37 13.27 14.16 15.05 15.94 16.82 17.70 18.57 19.44 20.29 21.13 21.96 22.78 23.58 24.37 25.13 25.88 26.61 27.32 28.00 28.67 29.30 29.91 30.49 31.04 31.56 32.05 32.51 32.93 33.31 33.66 33.97 34.24 34.46 34.65 34.79 34.89 34.94 34.94 34.90 34.84 34.75 34.65 34.52 34.37 34.21 34.02 33.82
0.28 0.25 0.23 0.22 0.22 0.24 0.27 0.32 0.38 0.47 0.57 0.69 0.82 0.98 1.16 1.35 1.57 1.80 2.06 2.35 2.70 3.10 3.56 4.06 4.62 5.22 5.87 6.56 7.29 8.07 8.89 9.74 10.61 11.49 12.37 13.25 14.14 15.02 15.90 16.78 17.65 18.52 19.38 20.23 21.07 21.90 22.72 23.53 24.32 25.09 25.84 26.58 27.30 27.99 28.66 29.31 29.93 30.52 31.09 31.63 32.13 32.60 33.04 33.45 33.82 34.15 34.44 34.69 34.90 35.07 35.19 35.27 35.30 35.29 35.23 35.15 35.04 34.92 34.78 34.61 34.43 34.23
0.19 0.15 0.13 0.13 0.13 0.15 0.18 0.22 0.29 0.37 0.47 0.59 0.73 0.88 1.06 1.26 1.47 1.71 1.97 2.26 2.61 3.02 3.48 3.99 4.55 5.16 5.82 6.52 7.27 8.06 8.89 9.74 10.60 11.46 12.33 13.21 14.08 14.96 15.83 16.70 17.57 18.43 19.29 20.14 20.98 21.81 22.63 23.44 24.23 25.01 25.77 26.51 27.24 27.94 28.62 29.28 29.91 30.52 31.10 31.65 32.17 32.66 33.12 33.54 33.93 34.28 34.60 34.87 35.11 35.30 35.45 35.56 35.62 35.63 35.60 35.52 35.42 35.30 35.16 35.00 34.82 34.62
