data_processed/recharge/precip/Precip_1985_04.asc
ncols        168
nrows        136
xllcorner    455000
yllcorner    2107000
cellsize     500
NODATA_value     -99999
[rows 102 to 135 of 136, columns 77 to 153 of 168]
58.36 57.84 57.20 56.43 55.51 54.40 53.06 51.49 49.68 47.66 45.43 43.32 41.74 40.68 40.09 39.91 40.08 40.50 40.98 41.45 41.90 42.32 42.70 43.03 43.29 43.49 43.61 43.63 43.56 43.40 43.19 42.96 42.74 42.55 42.40 42.25 42.10 41.94 41.78 41.62 41.47 41.34 41.24 41.17 41.13 41.12 41.14 41.18 41.26 41.36 41.49 41.73 42.15 42.75 43.51 44.42 45.45 46.57 47.63 48.60 49.47 50.24 50.91 51.48 52.01 52.53 53.03 53.51 53.97 54.38 54.75 55.07 55.32 55.51 55.66 55.83 56.02
57.18 56.58 55.89 55.09 54.18 53.16 51.95 50.53 48.88 47.03 44.97 43.04 41.64 40.75 40.32 40.29 40.54 40.89 41.26 41.63 41.99 42.33 42.65 42.92 43.15 43.32 43.42 43.45 43.38 43.24 43.04 42.83 42.61 42.44 42.30 42.17 42.03 41.88 41.74 41.60 41.48 41.39 41.32 41.28 41.26 41.27 41.31 41.36 41.44 41.55 41.67 41.83 42.09 42.52 43.13 43.90 44.81 45.82 46.77 47.65 48.43 49.13 49.74 50.31 50.90 51.48 52.07 52.63 53.18 53.70 54.18 54.61 54.99 55.32 55.57 55.78 56.01
55.87 55.20 54.46 53.63 52.72 51.73 50.65 49.39 47.93 46.27 44.42 42.69 41.49 40.79 40.54 40.62 40.83 41.07 41.34 41.63 41.92 42.20 42.47 42.71 42.92 43.08 43.19 43.23 43.20 43.09 42.91 42.71 42.51 42.35 42.24 42.12 42.00 41.88 41.76 41.65 41.57 41.51 41.47 41.46 41.46 41.49 41.54 41.60 41.69 41.79 41.91 42.05 42.22 42.48 42.92 43.52 44.29 45.16 45.99 46.75 47.42 48.03 48.61 49.22 49.85 50.49 51.13 51.77 52.39 52.99 53.57 54.10 54.59 55.03 55.41 55.72 55.99
54.46 53.72 52.93 52.08 51.17 50.21 49.18 48.08 46.83 45.38 43.76 42.26 41.28 40.80 40.69 40.74 40.84 41.00 41.19 41.41 41.64 41.89 42.13 42.36 42.57 42.74 42.88 42.96 42.98 42.92 42.79 42.61 42.44 42.30 42.21 42.11 42.02 41.92 41.84 41.78 41.73 41.70 41.69 41.70 41.72 41.76 41.82 41.89 41.97 42.07 42.19 42.32 42.46 42.62 42.88 43.30 43.90 44.61 45.30 45.91 46.47 47.02 47.61 48.24 48.89 49.56 50.25 50.94 51.62 52.29 52.94 53.56 54.14 54.68 55.17 55.59 55.95
52.98 52.18 51.34 50.47 49.57 48.63 47.65 46.64 45.57 44.36 42.99 41.75 41.02 40.70 40.57 40.52 40.54 40.63 40.76 40.93 41.14 41.36 41.60 41.83 42.06 42.26 42.44 42.58 42.67 42.69 42.65 42.54 42.40 42.29 42.22 42.15 42.09 42.03 41.99 41.96 41.95 41.95 41.97 41.99 42.03 42.08 42.15 42.22 42.30 42.40 42.50 42.62 42.74 42.87 43.02 43.25 43.66 44.19 44.71 45.17 45.65 46.18 46.76 47.39 48.05 48.74 49.45 50.17 50.89 51.61 52.32 53.00 53.66 54.28 54.86 55.39 55.85
51.46 50.59 49.72 48.83 47.93 47.02 46.09 45.15 44.20 43.21 42.12 41.15 40.62 40.29 40.07 39.94 39.90 39.93 40.02 40.17 40.36 40.58 40.83 41.09 41.35 41.61 41.85 42.06 42.24 42.37 42.44 42.44 42.38 42.31 42.28 42.25 42.22 42.21 42.21 42.21 42.23 42.26 42.29 42.34 42.39 42.45 42.52 42.59 42.67 42.75 42.85 42.94 43.04 43.15 43.25 43.38 43.58 43.91 44.25 44.60 45.03 45.53 46.09 46.69 47.35 48.03 48.75 49.49 50.23 50.98 51.73 52.47 53.18 53.87 54.52 55.13 55.68
49.92 48.99 48.08 47.18 46.29 45.40 44.53 43.67 42.82 41.97 41.12 40.38 39.84 39.43 39.14 38.96 38.87 38.86 38.94 39.08 39.27 39.51 39.79 40.09 40.41 40.74 41.06 41.37 41.65 41.90 42.11 42.26 42.35 42.37 42.38 42.40 42.42 42.45 42.48 42.52 42.56 42.61 42.67 42.73 42.79 42.85 42.92 42.99 43.06 43.14 43.21 43.29 43.36 43.44 43.52 43.59 43.67 43.80 44.00 44.29 44.65 45.10 45.61 46.18 46.81 47.48 48.18 48.92 49.67 50.44 51.21 51.97 52.73 53.46 54.17 54.84 55.47
48.38 47.40 46.45 45.54 44.67 43.83 43.02 42.24 41.49 40.78 40.07 39.34 38.73 38.25 37.90 37.66 37.54 37.52 37.59 37.73 37.94 38.22 38.54 38.90 39.29 39.70 40.12 40.53 40.94 41.32 41.67 41.98 42.24 42.45 42.58 42.65 42.71 42.77 42.84 42.91 42.98 43.05 43.12 43.19 43.26 43.32 43.39 43.45 43.52 43.58 43.63 43.68 43.73 43.78 43.82 43.85 43.88 43.93 44.03 44.23 44.53 44.90 45.36 45.88 46.46 47.10 47.78 48.50 49.24 50.01 50.78 51.57 52.35 53.11 53.86 54.58 55.27
46.81 45.80 44.85 43.95 43.12 42.34 41.61 40.94 40.33 39.73 39.05 38.33 37.66 37.10 36.69 36.41 36.25 36.21 36.26 36.41 36.64 36.94 37.30 37.72 38.17 38.66 39.17 39.69 40.21 40.73 41.22 41.69 42.12 42.54 42.89 43.08 43.19 43.29 43.38 43.47 43.56 43.65 43.73 43.81 43.88 43.95 44.01 44.06 44.11 44.15 44.18 44.21 44.23 44.24 44.23 44.23 44.23 44.26 44.32 44.43 44.64 44.94 45.33 45.79 46.32 46.91 47.56 48.25 48.98 49.73 50.51 51.30 52.09 52.88 53.66 54.42 55.16
45.26 44.24 43.31 42.46 41.68 40.99 40.37 39.84 39.34 38.77 38.09 37.37 36.69 36.09 35.61 35.28 35.07 35.00 35.03 35.18 35.41 35.74 36.13 36.59 37.11 37.67 38.26 38.88 39.51 40.15 40.78 41.41 42.04 42.67 43.23 43.63 43.85 43.98 44.10 44.22 44.32 44.42 44.51 44.59 44.66 44.73 44.78 44.82 44.85 44.87 44.87 44.87 44.85 44.82 44.78 44.74 44.74 44.76 44.80 44.86 44.98 45.20 45.51 45.91 46.38 46.92 47.52 48.18 48.88 49.62 50.38 51.17 51.97 52.78 53.58 54.38 55.15
43.77 42.77 41.88 41.09 40.41 39.83 39.35 38.92 38.45 37.87 37.18 36.46 35.79 35.18 34.66 34.26 34.01 33.89 33.91 34.04 34.28 34.61 35.04 35.54 36.10 36.73 37.40 38.11 38.85 39.60 40.37 41.18 42.01 42.84 43.59 44.18 44.60 44.84 44.99 45.12 45.24 45.34 45.44 45.52 45.58 45.64 45.67 45.70 45.71 45.70 45.67 45.63 45.58 45.50 45.44 45.40 45.38 45.39 45.42 45.47 45.54 45.67 45.90 46.22 46.62 47.11 47.66 48.27 48.94 49.65 50.40 51.18 51.98 52.80 53.62 54.44 55.24
42.38 41.43 40.61 39.91 39.34 38.89 38.53 38.12 37.62 37.02 36.33 35.61 34.94 34.34 33.81 33.37 33.06 32.90 32.88 32.99 33.23 33.57 34.01 34.54 35.16 35.84 36.58 37.38 38.21 39.09 40.02 41.02 42.03 43.03 43.96 44.73 45.34 45.76 46.00 46.15 46.28 46.39 46.48 46.56 46.62 46.66 46.68 46.68 46.66 46.62 46.57 46.49 46.39 46.29 46.22 46.17 46.15 46.15 46.17 46.20 46.26 46.34 46.48 46.72 47.05 47.47 47.96 48.53 49.15 49.83 50.56 51.32 52.11 52.93 53.76 54.59 55.42
41.14 40.26 39.53 38.95 38.52 38.19 37.83 37.38 36.85 36.24 35.54 34.82 34.14 33.54 33.01 32.57 32.22 32.02 31.96 32.05 32.27 32.61 33.06 33.62 34.27 35.01 35.82 36.69 37.62 38.64 39.76 40.92 42.10 43.25 44.34 45.27 46.04 46.64 47.06 47.29 47.43 47.54 47.63 47.70 47.75 47.77 47.77 47.74 47.70 47.63 47.53 47.41 47.29 47.19 47.11 47.05 47.02 47.01 47.02 47.05 47.09 47.16 47.25 47.40 47.65 47.99 48.42 48.93 49.50 50.14 50.83 51.57 52.35 53.16 53.99 54.83 55.68
40.10 39.32 38.71 38.27 37.95 37.62 37.21 36.72 36.16 35.52 34.81 34.08 33.41 32.80 32.28 31.84 31.49 31.24 31.14 31.20 31.40 31.73 32.19 32.77 33.45 34.23 35.10 36.05 37.12 38.30 39.57 40.88 42.20 43.50 44.72 45.80 46.72 47.47 48.05 48.45 48.67 48.78 48.86 48.92 48.95 48.95 48.92 48.87 48.79 48.68 48.54 48.40 48.28 48.17 48.09 48.02 47.98 47.97 47.97 47.98 48.01 48.07 48.14 48.25 48.41 48.67 49.03 49.47 49.99 50.58 51.23 51.94 52.69 53.48 54.31 55.15 56.01
39.30 38.64 38.17 37.85 37.52 37.12 36.66 36.13 35.54 34.88 34.15 33.41 32.73 32.13 31.60 31.16 30.81 30.56 30.43 30.45 30.62 30.94 31.40 31.99 32.70 33.51 34.44 35.51 36.73 38.06 39.46 40.90 42.35 43.76 45.10 46.30 47.35 48.25 48.98 49.53 49.89 50.07 50.15 50.19 50.20 50.17 50.12 50.03 49.91 49.76 49.61 49.46 49.34 49.23 49.14 49.07 49.02 49.00 48.99 48.99 49.02 49.06 49.12 49.21 49.32 49.50 49.77 50.14 50.60 51.13 51.73 52.40 53.12 53.89 54.70 55.54 56.40
38.79 38.27 37.92 37.57 37.17 36.71 36.20 35.62 34.99 34.31 33.56 32.82 32.13 31.51 30.98 30.54 30.19 29.95 29.81 29.80 29.94 30.24 30.69 31.29 32.01 32.87 33.90 35.11 36.46 37.91 39.43 40.98 42.53 44.05 45.48 46.78 47.95 48.96 49.82 50.50 51.01 51.33 51.46 51.49 51.47 51.42 51.33 51.21 51.05 50.89 50.73 50.58 50.45 50.34 50.24 50.17 50.11 50.08 50.07 50.06 50.08 50.11 50.16 50.23 50.33 50.46 50.65 50.94 51.32 51.79 52.34 52.96 53.64 54.38 55.17 55.99 56.84
38.61 38.20 37.82 37.39 36.92 36.39 35.82 35.20 34.53 33.81 33.05 32.29 31.59 30.97 30.43 29.98 29.63 29.39 29.25 29.24 29.36 29.63 30.07 30.66 31.41 32.36 33.51 34.83 36.29 37.84 39.46 41.11 42.75 44.34 45.85 47.24 48.50 49.61 50.58 51.38 52.01 52.46 52.72 52.79 52.76 52.67 52.55 52.39 52.21 52.04 51.88 51.74 51.61 51.49 51.39 51.31 51.25 51.21 51.19 51.18 51.18 51.20 51.24 51.31 51.39 51.50 51.64 51.85 52.15 52.55 53.03 53.60 54.24 54.94 55.69 56.49 57.33
38.75 38.30 37.83 37.31 36.75 36.16 35.53 34.86 34.15 33.40 32.62 31.84 31.13 30.50 29.95 29.49 29.14 28.89 28.76 28.74 28.86 29.11 29.53 30.12 30.95 32.00 33.26 34.68 36.23 37.87 39.57 41.29 42.99 44.65 46.21 47.67 49.00 50.20 51.25 52.15 52.88 53.45 53.83 54.02 54.02 53.90 53.74 53.56 53.39 53.22 53.06 52.92 52.78 52.66 52.56 52.48 52.42 52.37 52.34 52.32 52.32 52.33 52.36 52.41 52.48 52.58 52.70 52.86 53.08 53.40 53.81 54.32 54.90 55.55 56.27 57.04 57.85
39.06 38.51 37.93 37.33 36.69 36.02 35.33 34.61 33.85 33.07 32.27 31.47 30.74 30.10 29.54 29.07 28.71 28.46 28.32 28.31 28.42 28.67 29.09 29.75 30.66 31.81 33.15 34.65 36.27 37.98 39.73 41.51 43.26 44.96 46.57 48.07 49.45 50.71 51.83 52.81 53.63 54.29 54.77 55.07 55.17 55.09 54.92 54.74 54.57 54.41 54.25 54.10 53.97 53.85 53.74 53.66 53.59 53.54 53.50 53.48 53.47 53.47 53.49 53.53 53.59 53.67 53.78 53.92 54.09 54.33 54.67 55.10 55.62 56.22 56.89 57.62 58.40
39.49 38.82 38.14 37.44 36.73 35.99 35.23 34.45 33.65 32.83 32.00 31.18 30.44 29.78 29.21 28.73 28.36 28.10 27.95 27.93 28.05 28.32 28.81 29.56 30.56 31.77 33.18 34.73 36.41 38.16 39.96 41.77 43.55 45.27 46.90 48.43 49.85 51.15 52.32 53.36 54.25 54.98 55.54 55.93 56.14 56.18 56.08 55.91 55.74 55.58 55.43 55.28 55.14 55.02 54.92 54.83 54.76 54.70 54.66 54.63 54.61 54.60 54.61 54.64 54.69 54.77 54.86 54.99 55.14 55.33 55.59 55.94 56.39 56.93 57.54 58.22 58.96
40.04 39.25 38.47 37.67 36.87 36.05 35.22 34.39 33.54 32.69 31.82 30.99 30.22 29.54 28.95 28.46 28.08 27.81 27.66 27.63 27.76 28.11 28.71 29.56 30.62 31.89 33.34 34.94 36.64 38.42 40.24 42.07 43.86 45.58 47.21 48.75 50.19 51.51 52.72 53.79 54.73 55.51 56.14 56.61 56.92 57.10 57.14 57.05 56.89 56.73 56.58 56.43 56.30 56.17 56.07 55.97 55.90 55.84 55.80 55.76 55.73 55.72 55.72 55.74 55.78 55.84 55.93 56.04 56.18 56.35 56.56 56.84 57.21 57.67 58.22 58.85 59.54
40.73 39.80 38.90 38.01 37.12 36.22 35.33 34.43 33.53 32.64 31.74 30.88 30.09 29.39 28.78 28.28 27.88 27.59 27.43 27.42 27.63 28.09 28.79 29.72 30.84 32.15 33.63 35.25 36.97 38.76 40.58 42.40 44.18 45.89 47.50 49.03 50.46 51.79 53.01 54.11 55.07 55.89 56.57 57.12 57.54 57.85 58.03 58.07 57.98 57.83 57.68 57.54 57.41 57.29 57.18 57.08 57.01 56.95 56.90 56.85 56.82 56.80 56.79 56.81 56.83 56.89 56.96 57.06 57.19 57.35 57.54 57.76 58.05 58.44 58.92 59.48 60.11
41.54 40.49 39.46 38.46 37.48 36.50 35.53 34.58 33.63 32.69 31.76 30.87 30.05 29.33 28.70 28.18 27.76 27.46 27.31 27.37 27.70 28.26 29.05 30.04 31.22 32.56 34.05 35.67 37.38 39.16 40.97 42.76 44.52 46.19 47.77 49.26 50.67 51.99 53.20 54.30 55.27 56.11 56.85 57.48 58.01 58.43 58.73 58.91 58.96 58.88 58.73 58.59 58.46 58.34 58.23 58.14 58.06 58.00 57.94 57.90 57.86 57.83 57.82 57.82 57.84 57.88 57.95 58.04 58.16 58.30 58.48 58.68 58.92 59.22 59.62 60.11 60.67
42.46 41.29 40.15 39.04 37.95 36.89 35.85 34.83 33.83 32.84 31.88 30.95 30.11 29.36 28.71 28.16 27.73 27.43 27.36 27.54 27.97 28.62 29.48 30.52 31.73 33.09 34.58 36.19 37.88 39.63 41.40 43.15 44.86 46.48 48.00 49.45 50.82 52.10 53.28 54.36 55.33 56.20 57.00 57.71 58.33 58.84 59.26 59.55 59.73 59.78 59.70 59.57 59.44 59.32 59.22 59.12 59.04 58.98 58.92 58.87 58.82 58.79 58.77 58.77 58.78 58.82 58.87 58.95 59.06 59.19 59.35 59.54 59.75 60.00 60.32 60.72 61.22
43.44 42.18 40.95 39.74 38.55 37.41 36.29 35.20 34.14 33.10 32.10 31.14 30.27 29.49 28.82 28.24 27.81 27.60 27.64 27.93 28.45 29.17 30.08 31.16 32.39 33.76 35.24 36.81 38.46 40.16 41.87 43.57 45.21 46.75 48.20 49.58 50.89 52.12 53.26 54.30 55.27 56.18 57.03 57.80 58.49 59.09 59.59 60.00 60.29 60.47 60.52 60.46 60.34 60.22 60.11 60.02 59.94 59.87 59.81 59.76 59.71 59.67 59.65 59.63 59.64 59.67 59.72 59.79 59.88 60.00 60.15 60.32 60.52 60.74 61.00 61.32 61.74
44.46 43.14 41.83 40.54 39.27 38.04 36.84 35.68 34.56 33.47 32.43 31.44 30.53 29.73 29.02 28.44 28.09 28.00 28.15 28.53 29.12 29.90 30.85 31.95 33.19 34.55 36.00 37.53 39.12 40.75 42.39 44.00 45.56 47.01 48.36 49.65 50.88 52.04 53.12 54.14 55.12 56.06 56.93 57.75 58.50 59.17 59.75 60.25 60.65 60.94 61.12 61.17 61.12 61.01 60.90 60.81 60.73 60.66 60.60 60.54 60.49 60.45 60.42 60.41 60.41 60.43 60.47 60.53 60.62 60.72 60.85 61.00 61.18 61.39 61.62 61.89 62.22
45.50 44.13 42.76 41.41 40.08 38.78 37.51 36.28 35.10 33.96 32.87 31.84 30.90 30.06 29.35 28.86 28.63 28.64 28.89 29.34 29.99 30.81 31.79 32.90 34.13 35.46 36.87 38.34 39.86 41.40 42.94 44.46 45.90 47.24 48.48 49.67 50.80 51.87 52.90 53.91 54.88 55.83 56.72 57.57 58.36 59.09 59.74 60.31 60.80 61.19 61.47 61.66 61.72 61.67 61.57 61.48 61.40 61.34 61.27 61.21 61.16 61.12 61.08 61.07 61.07 61.08 61.11 61.16 61.24 61.33 61.44 61.58 61.74 61.92 62.14 62.38 62.65
46.52 45.12 43.73 42.34 40.97 39.62 38.29 37.00 35.76 34.56 33.43 32.36 31.38 30.53 29.90 29.53 29.41 29.53 29.85 30.37 31.06 31.91 32.90 34.00 35.21 36.50 37.85 39.25 40.67 42.11 43.53 44.92 46.24 47.45 48.56 49.62 50.63 51.63 52.62 53.60 54.56 55.49 56.40 57.26 58.08 58.84 59.55 60.18 60.74 61.22 61.60 61.89 62.07 62.14 62.10 62.02 61.94 61.88 61.81 61.75 61.70 61.65 61.62 61.60 61.59 61.60 61.63 61.67 61.73 61.81 61.90 62.02 62.17 62.33 62.52 62.74 62.98
47.51 46.10 44.69 43.29 41.89 40.51 39.15 37.83 36.54 35.29 34.11 33.00 32.01 31.24 30.73 30.48 30.46 30.65 31.04 31.60 32.32 33.18 34.17 35.25 36.42 37.66 38.94 40.25 41.57 42.88 44.16 45.40 46.57 47.63 48.59 49.51 50.42 51.35 52.28 53.22 54.15 55.06 55.96 56.83 57.66 58.45 59.18 59.87 60.48 61.03 61.50 61.88 62.16 62.35 62.43 62.40 62.33 62.27 62.20 62.14 62.09 62.05 62.01 61.99 61.98 61.98 62.00 62.03 62.08 62.14 62.22 62.33 62.45 62.60 62.77 62.96 63.18
48.42 47.03 45.63 44.22 42.83 41.44 40.07 38.73 37.41 36.14 34.91 33.78 32.87 32.23 31.84 31.69 31.75 32.01 32.44 33.04 33.78 34.64 35.60 36.65 37.77 38.93 40.13 41.34 42.54 43.71 44.85 45.91 46.90 47.78 48.57 49.36 50.18 51.03 51.89 52.77 53.65 54.54 55.41 56.26 57.09 57.89 58.65 59.37 60.03 60.63 61.16 61.62 62.00 62.28 62.47 62.56 62.55 62.49 62.43 62.37 62.32 62.28 62.24 62.22 62.20 62.20 62.21 62.23 62.26 62.32 62.38 62.47 62.58 62.70 62.85 63.02 63.21
49.24 47.88 46.51 45.13 43.74 42.37 41.01 39.66 38.34 37.06 35.86 34.85 34.08 33.55 33.26 33.19 33.31 33.62 34.09 34.70 35.43 36.27 37.20 38.20 39.25 40.32 41.42 42.51 43.57 44.59 45.55 46.43 47.22 47.90 48.54 49.21 49.93 50.68 51.46 52.27 53.09 53.92 54.76 55.59 56.40 57.20 57.96 58.70 59.39 60.03 60.62 61.14 61.59 61.97 62.25 62.45 62.55 62.56 62.51 62.45 62.41 62.36 62.33 62.30 62.28 62.27 62.27 62.28 62.30 62.34 62.40 62.47 62.55 62.66 62.78 62.93 63.10
49.99 48.66 47.32 45.97 44.61 43.26 41.91 40.57 39.26 38.02 37.07 36.38 35.76 35.32 35.10 35.08 35.24 35.56 36.03 36.62 37.33 38.12 38.98 39.89 40.84 41.80 42.76 43.70 44.59 45.43 46.19 46.85 47.42 47.96 48.53 49.10 49.70 50.35 51.03 51.76 52.51 53.28 54.06 54.85 55.64 56.42 57.19 57.93 58.64 59.31 59.94 60.52 61.03 61.48 61.86 62.15 62.38 62.53 62.55 62.51 62.46 62.42 62.38 62.34 62.32 62.30 62.29 62.29 62.30 62.33 62.36 62.42 62.48 62.57 62.67 62.79 62.93
50.66 49.38 48.08 46.76 45.43 44.09 42.76 41.44 40.18 39.19 38.59 38.24 37.90 37.57 37.38 37.38 37.53 37.84 38.27 38.81 39.45 40.15 40.91 41.70 42.51 43.32 44.11 44.86 45.56 46.17 46.69 47.12 47.53 48.00 48.52 49.02 49.52 50.06 50.64 51.27 51.94 52.64 53.36 54.11 54.86 55.61 56.36 57.10 57.82 58.51 59.17 59.79 60.36 60.87 61.32 61.72 62.08 62.38 62.54 62.56 62.52 62.47 62.43 62.39 62.36 62.33 62.31 62.30 62.30 62.31 62.33 62.36 62.41 62.47 62.55 62.64 62.76
51.25 50.02 48.76 47.47 46.18 44.87 43.56 42.30 41.29 40.64 40.38 40.33 40.29 40.19 40.06 40.03 40.15 40.41 40.77 41.22 41.75 42.33 42.95 43.59 44.23 44.85 45.44 45.97 46.42 46.78 47.05 47.30 47.62 48.03 48.49 48.95 49.39 49.82 50.29 50.82 51.40 52.02 52.67 53.35 54.06 54.78 55.50 56.23 56.94 57.64 58.32 58.97 59.59 60.16 60.69 61.20 61.68 62.11 62.41 62.56 62.58 62.54 62.49 62.45 62.41 62.37 62.34 62.31 62.29 62.29 62.29 62.30 62.32 62.36 62.41 62.48 62.57
