data_processed/recharge/precip/Precip_2003_02.asc
ncols        168
nrows        136
xllcorner    455000
yllcorner    2107000
cellsize     500
NODATA_value     -99999
[rows 0 to 35 of 136, columns 0 to 81 of 168]
21.64 21.48 21.20 20.79 20.23 19.54 18.71 17.75 16.65 15.41 14.03 12.52 10.87 9.09 7.17 5.12 2.92 0.65 0.00 0.00 0.00 0.00 0.00 0.00 0.00 0.00 0.00 0.00 0.00 0.00 0.00 0.00 0.00 0.00 0.00 0.00 0.00 0.00 0.00 0.00 0.00 0.00 0.00 0.00 0.00 0.00 0.00 0.00 0.00 0.00 0.00 0.00 0.01 0.50 0.97 1.44 1.90 2.32 2.69 2.98 3.22 3.40 3.53 3.61 3.64 3.64 3.61 3.54 3.46 3.35 3.23 3.10 2.97 2.83 2.70 2.55 2.41 2.26 2.11 1.96 1.80 1.64
23.25 23.06 22.73 22.26 21.65 20.90 20.01 18.98 17.82 16.51 15.07 13.48 11.76 9.90 7.90 5.77 3.49 1.13 0.00 0.00 0.00 0.00 0.00 0.00 0.00 0.00 0.00 0.00 0.00 0.00 0.00 0.00 0.00 0.00 0.00 0.00 0.00 0.00 0.00 0.00 0.00 0.00 0.00 0.00 0.00 0.00 0.00 0.00 0.00 0.00 0.00 0.00 0.11 0.65 1.18 1.69 2.18 2.60 2.95 3.24 3.46 3.63 3.74 3.81 3.84 3.83 3.79 3.72 3.63 3.52 3.39 3.26 3.12 2.99 2.85 2.70 2.55 2.40 2.25 2.09 1.93 1.77
24.77 24.54 24.17 23.65 23.00 22.20 21.26 20.17 18.95 17.58 16.08 14.43 12.64 10.71 8.64 6.43 4.08 1.64 0.00 0.00 0.00 0.00 0.00 0.00 0.00 0.00 0.00 0.00 0.00 0.00 0.00 0.00 0.00 0.00 0.00 0.00 0.00 0.00 0.00 0.00 0.00 0.00 0.00 0.00 0.00 0.00 0.00 0.00 0.00 0.00 0.00 0.00 0.27 0.86 1.44 1.99 2.47 2.88 3.22 3.49 3.70 3.86 3.96 4.02 4.04 4.02 3.97 3.89 3.80 3.68 3.55 3.42 3.28 3.14 3.00 2.85 2.70 2.55 2.39 2.23 2.07 1.91
26.21 25.94 25.53 24.98 24.28 23.44 22.45 21.32 20.05 18.63 17.07 15.36 13.51 11.52 9.39 7.11 4.69 2.18 0.00 0.00 0.00 0.00 0.00 0.00 0.00 0.00 0.00 0.00 0.00 0.00 0.00 0.00 0.00 0.00 0.00 0.00 0.00 0.00 0.00 0.00 0.00 0.00 0.00 0.00 0.00 0.00 0.00 0.00 0.00 0.00 0.00 0.00 0.48 1.13 1.75 2.30 2.76 3.15 3.48 3.74 3.94 4.08 4.18 4.23 4.24 4.21 4.15 4.07 3.96 3.84 3.71 3.57 3.43 3.29 3.15 3.00 2.84 2.69 2.53 2.37 2.21 2.04
27.54 27.25 26.81 26.23 25.50 24.62 23.59 22.42 21.10 19.64 18.03 16.28 14.37 12.33 10.14 7.80 5.32 2.75 0.31 0.00 0.00 0.00 0.00 0.00 0.00 0.00 0.00 0.00 0.00 0.00 0.00 0.00 0.00 0.00 0.00 0.00 0.00 0.00 0.00 0.00 0.00 0.00 0.00 0.00 0.00 0.00 0.00 0.00 0.00 0.00 0.00 0.05 0.77 1.46 2.07 2.60 3.05 3.43 3.74 3.98 4.17 4.30 4.39 4.43 4.43 4.40 4.33 4.24 4.13 4.01 3.87 3.73 3.59 3.44 3.29 3.14 2.99 2.83 2.67 2.51 2.34 2.18
28.78 28.47 28.01 27.40 26.64 25.74 24.68 23.48 22.12 20.62 18.97 17.17 15.22 13.13 10.89 8.50 5.96 3.33 0.84 0.00 0.00 0.00 0.00 0.00 0.00 0.00 0.00 0.00 0.00 0.00 0.00 0.00 0.00 0.00 0.00 0.00 0.00 0.00 0.00 0.00 0.00 0.00 0.00 0.00 0.00 0.00 0.00 0.00 0.00 0.00 0.00 0.35 1.11 1.79 2.38 2.90 3.33 3.70 3.99 4.23 4.40 4.53 4.60 4.63 4.62 4.58 4.51 4.41 4.30 4.17 4.03 3.88 3.74 3.59 3.44 3.29 3.14 2.98 2.81 2.65 2.48 2.31
29.92 29.60 29.12 28.50 27.72 26.79 25.71 24.48 23.10 21.56 19.88 18.05 16.06 13.93 11.64 9.21 6.62 3.95 1.40 0.00 0.00 0.00 0.00 0.00 0.00 0.00 0.00 0.00 0.00 0.00 0.00 0.00 0.00 0.00 0.00 0.00 0.00 0.00 0.00 0.00 0.00 0.00 0.00 0.00 0.00 0.00 0.00 0.00 0.00 0.00 0.00 0.70 1.45 2.12 2.70 3.19 3.61 3.96 4.25 4.47 4.63 4.74 4.81 4.83 4.81 4.76 4.69 4.58 4.46 4.33 4.18 4.04 3.89 3.74 3.59 3.44 3.28 3.12 2.96 2.79 2.62 2.45
30.96 30.63 30.15 29.52 28.73 27.78 26.69 25.43 24.03 22.47 20.76 18.90 16.89 14.72 12.40 9.93 7.30 4.58 1.99 0.00 0.00 0.00 0.00 0.00 0.00 0.00 0.00 0.00 0.00 0.00 0.00 0.00 0.00 0.00 0.00 0.00 0.00 0.00 0.00 0.00 0.00 0.00 0.00 0.00 0.00 0.00 0.00 0.00 0.00 0.00 0.22 1.06 1.79 2.44 3.00 3.49 3.89 4.23 4.50 4.71 4.86 4.96 5.01 5.03 5.00 4.94 4.86 4.75 4.63 4.49 4.34 4.19 4.04 3.89 3.74 3.58 3.42 3.26 3.10 2.93 2.76 2.58
31.90 31.57 31.09 30.45 29.66 28.71 27.60 26.34 24.92 23.35 21.62 19.73 17.69 15.50 13.15 10.65 7.99 5.23 2.61 0.19 0.00 0.00 0.00 0.00 0.00 0.00 0.00 0.00 0.00 0.00 0.00 0.00 0.00 0.00 0.00 0.00 0.00 0.00 0.00 0.00 0.00 0.00 0.00 0.00 0.00 0.00 0.00 0.00 0.00 0.00 0.60 1.41 2.13 2.76 3.31 3.77 4.17 4.49 4.74 4.94 5.08 5.17 5.22 5.22 5.19 5.12 5.03 4.92 4.79 4.64 4.49 4.34 4.19 4.04 3.89 3.73 3.57 3.40 3.24 3.07 2.90 2.72
32.73 32.42 31.94 31.31 30.52 29.57 28.46 27.19 25.76 24.18 22.44 20.54 18.49 16.27 13.90 11.38 8.69 5.91 3.25 0.81 0.00 0.00 0.00 0.00 0.00 0.00 0.00 0.00 0.00 0.00 0.00 0.00 0.00 0.00 0.00 0.00 0.00 0.00 0.00 0.00 0.00 0.00 0.00 0.00 0.00 0.00 0.00 0.00 0.00 0.07 0.97 1.76 2.46 3.08 3.61 4.06 4.44 4.74 4.99 5.17 5.30 5.38 5.42 5.41 5.37 5.30 5.20 5.08 4.94 4.80 4.64 4.49 4.33 4.18 4.03 3.87 3.71 3.54 3.38 3.21 3.03 2.86
33.46 33.16 32.70 32.08 31.30 30.36 29.25 27.99 26.56 24.98 23.23 21.33 19.26 17.04 14.65 12.11 9.40 6.60 3.92 1.45 0.00 0.00 0.00 0.00 0.00 0.00 0.00 0.00 0.00 0.00 0.00 0.00 0.00 0.00 0.00 0.00 0.00 0.00 0.00 0.00 0.00 0.00 0.00 0.00 0.00 0.00 0.00 0.00 0.00 0.46 1.33 2.11 2.79 3.39 3.90 4.34 4.70 5.00 5.23 5.40 5.52 5.59 5.61 5.60 5.55 5.47 5.37 5.24 5.10 4.95 4.79 4.63 4.48 4.33 4.17 4.01 3.85 3.68 3.51 3.34 3.17 2.99
34.09 33.81 33.37 32.77 32.00 31.08 29.98 28.73 27.31 25.73 23.99 22.08 20.01 17.78 15.39 12.84 10.13 7.31 4.62 2.13 0.00 0.00 0.00 0.00 0.00 0.00 0.00 0.00 0.00 0.00 0.00 0.00 0.00 0.00 0.00 0.00 0.00 0.00 0.00 0.00 0.00 0.00 0.00 0.00 0.00 0.00 0.00 0.00 0.00 0.83 1.69 2.45 3.11 3.69 4.19 4.61 4.96 5.24 5.46 5.62 5.73 5.79 5.80 5.78 5.72 5.64 5.53 5.40 5.25 5.10 4.94 4.78 4.62 4.47 4.31 4.15 3.99 3.82 3.65 3.48 3.30 3.12
34.61 34.36 33.95 33.37 32.63 31.72 30.65 29.41 28.01 26.44 24.71 22.81 20.75 18.52 16.13 13.58 10.86 8.03 5.33 2.84 0.55 0.00 0.00 0.00 0.00 0.00 0.00 0.00 0.00 0.00 0.00 0.00 0.00 0.00 0.00 0.00 0.00 0.00 0.00 0.00 0.00 0.00 0.00 0.00 0.00 0.00 0.00 0.00 0.27 1.20 2.04 2.78 3.43 3.99 4.48 4.88 5.22 5.49 5.69 5.84 5.94 5.99 5.99 5.96 5.90 5.80 5.69 5.55 5.40 5.24 5.08 4.92 4.76 4.61 4.45 4.29 4.13 3.96 3.79 3.61 3.43 3.25
35.02 34.81 34.43 33.89 33.18 32.30 31.25 30.04 28.66 27.11 25.39 23.51 21.46 19.24 16.86 14.31 11.59 8.77 6.07 3.58 1.29 0.00 0.00 0.00 0.00 0.00 0.00 0.00 0.00 0.00 0.00 0.00 0.00 0.00 0.00 0.00 0.00 0.00 0.00 0.00 0.00 0.00 0.00 0.00 0.00 0.00 0.00 0.00 0.65 1.57 2.39 3.11 3.74 4.29 4.76 5.15 5.47 5.72 5.92 6.05 6.14 6.18 6.18 6.14 6.07 5.97 5.84 5.70 5.55 5.39 5.22 5.06 4.90 4.74 4.59 4.43 4.26 4.09 3.92 3.74 3.57 3.39
35.32 35.15 34.82 34.32 33.65 32.80 31.79 30.61 29.25 27.73 26.04 24.18 22.15 19.95 17.58 15.04 12.34 9.52 6.83 4.34 2.06 0.00 0.00 0.00 0.00 0.00 0.00 0.00 0.00 0.00 0.00 0.00 0.00 0.00 0.00 0.00 0.00 0.00 0.00 0.00 0.00 0.00 0.00 0.00 0.00 0.00 0.00 0.03 1.03 1.93 2.73 3.43 4.05 4.58 5.03 5.41 5.71 5.96 6.14 6.26 6.34 6.37 6.36 6.31 6.23 6.12 5.99 5.85 5.69 5.53 5.36 5.19 5.03 4.88 4.72 4.56 4.39 4.22 4.05 3.87 3.69 3.51
35.50 35.40 35.11 34.66 34.03 33.23 32.26 31.11 29.80 28.31 26.65 24.82 22.81 20.64 18.29 15.77 13.08 10.28 7.60 5.13 2.86 0.79 0.00 0.00 0.00 0.00 0.00 0.00 0.00 0.00 0.00 0.00 0.00 0.00 0.00 0.00 0.00 0.00 0.00 0.00 0.00 0.00 0.00 0.00 0.00 0.00 0.00 0.44 1.40 2.28 3.06 3.75 4.35 4.86 5.30 5.66 5.95 6.18 6.35 6.47 6.53 6.55 6.53 6.48 6.39 6.28 6.14 5.99 5.83 5.66 5.49 5.32 5.16 5.01 4.85 4.69 4.52 4.35 4.18 4.00 3.82 3.64
35.58 35.53 35.31 34.91 34.33 33.58 32.66 31.56 30.29 28.84 27.22 25.42 23.45 21.30 18.99 16.50 13.83 11.05 8.40 5.95 3.70 1.64 0.00 0.00 0.00 0.00 0.00 0.00 0.00 0.00 0.00 0.00 0.00 0.00 0.00 0.00 0.00 0.00 0.00 0.00 0.00 0.00 0.00 0.00 0.00 0.00 0.03 0.92 1.79 2.63 3.39 4.06 4.64 5.14 5.56 5.91 6.19 6.40 6.56 6.67 6.72 6.73 6.70 6.64 6.54 6.43 6.29 6.13 5.97 5.79 5.62 5.45 5.29 5.13 4.98 4.81 4.65 4.48 4.30 4.13 3.95 3.76
35.54 35.56 35.40 35.06 34.55 33.86 32.99 31.94 30.72 29.32 27.74 25.99 24.06 21.95 19.67 17.21 14.58 11.83 9.20 6.78 4.56 2.54 0.70 0.00 0.00 0.00 0.00 0.00 0.00 0.00 0.00 0.00 0.00 0.00 0.00 0.00 0.00 0.00 0.00 0.00 0.00 0.00 0.00 0.00 0.00 0.00 0.68 1.46 2.23 2.98 3.71 4.36 4.93 5.41 5.82 6.15 6.42 6.62 6.77 6.86 6.90 6.90 6.87 6.80 6.69 6.57 6.42 6.26 6.10 5.92 5.75 5.57 5.41 5.26 5.10 4.94 4.77 4.60 4.43 4.25 4.07 3.89
35.39 35.48 35.40 35.13 34.68 34.05 33.25 32.26 31.09 29.75 28.22 26.52 24.64 22.58 20.34 17.93 15.33 12.62 10.03 7.64 5.45 3.46 1.67 0.05 0.00 0.00 0.00 0.00 0.00 0.00 0.00 0.00 0.00 0.00 0.00 0.00 0.00 0.00 0.00 0.00 0.00 0.00 0.00 0.00 0.02 0.72 1.40 2.08 2.74 3.39 4.04 4.66 5.21 5.67 6.07 6.39 6.64 6.83 6.96 7.05 7.08 7.07 7.03 6.95 6.84 6.71 6.56 6.39 6.22 6.04 5.87 5.69 5.53 5.38 5.22 5.06 4.89 4.72 4.55 4.37 4.19 4.00
35.12 35.30 35.29 35.10 34.72 34.17 33.43 32.51 31.41 30.13 28.66 27.02 25.19 23.18 21.00 18.63 16.08 13.41 10.86 8.52 6.37 4.43 2.67 1.10 0.00 0.00 0.00 0.00 0.00 0.00 0.00 0.00 0.00 0.00 0.00 0.00 0.00 0.00 0.00 0.00 0.00 0.00 0.00 0.38 0.99 1.59 2.17 2.75 3.32 3.87 4.42 4.96 5.48 5.93 6.31 6.61 6.85 7.03 7.16 7.23 7.25 7.23 7.18 7.09 6.98 6.84 6.69 6.52 6.34 6.16 5.98 5.81 5.65 5.49 5.33 5.17 5.01 4.83 4.66 4.48 4.30 4.12
34.74 35.00 35.08 34.97 34.68 34.20 33.54 32.69 31.66 30.45 29.06 27.48 25.71 23.77 21.64 19.32 16.83 14.21 11.71 9.42 7.32 5.42 3.71 2.19 0.85 0.00 0.00 0.00 0.00 0.00 0.00 0.00 0.00 0.00 0.00 0.00 0.00 0.00 0.00 0.00 0.00 0.41 0.95 1.48 2.00 2.50 2.99 3.47 3.95 4.41 4.87 5.32 5.76 6.18 6.54 6.84 7.06 7.23 7.34 7.40 7.42 7.39 7.33 7.23 7.11 6.97 6.81 6.64 6.46 6.27 6.09 5.92 5.76 5.60 5.45 5.28 5.12 4.95 4.77 4.60 4.42 4.23
34.23 34.59 34.76 34.74 34.54 34.15 33.57 32.81 31.86 30.72 29.40 27.89 26.20 24.32 22.26 20.01 17.57 15.01 12.57 10.33 8.29 6.45 4.80 3.33 2.05 0.94 0.01 0.00 0.00 0.00 0.00 0.00 0.00 0.00 0.00 0.00 0.00 0.00 0.29 0.79 1.27 1.73 2.18 2.61 3.04 3.45 3.85 4.24 4.62 5.00 5.37 5.73 6.09 6.44 6.77 7.05 7.26 7.42 7.52 7.57 7.58 7.54 7.47 7.37 7.24 7.09 6.93 6.75 6.57 6.38 6.20 6.02 5.86 5.71 5.55 5.39 5.22 5.05 4.88 4.70 4.52 4.34
33.61 34.07 34.34 34.42 34.31 34.01 33.53 32.85 31.99 30.94 29.70 28.27 26.65 24.85 22.86 20.67 18.31 15.81 13.44 11.26 9.29 7.51 5.92 4.52 3.29 2.25 1.38 0.68 0.14 0.00 0.00 0.00 0.00 0.00 0.14 0.58 1.04 1.47 1.89 2.30 2.68 3.06 3.41 3.76 4.10 4.42 4.73 5.04 5.34 5.63 5.91 6.19 6.47 6.74 7.01 7.26 7.46 7.60 7.69 7.73 7.73 7.68 7.60 7.50 7.36 7.21 7.04 6.86 6.67 6.48 6.30 6.13 5.96 5.81 5.65 5.49 5.33 5.16 4.98 4.81 4.63 4.45
32.86 33.43 33.81 33.99 33.99 33.79 33.41 32.83 32.06 31.10 29.94 28.60 27.07 25.35 23.43 21.33 19.04 16.61 14.31 12.21 10.31 8.60 7.08 5.74 4.59 3.61 2.81 2.18 1.71 1.40 1.24 1.24 1.39 1.68 2.05 2.44 2.80 3.15 3.48 3.79 4.09 4.38 4.66 4.92 5.17 5.41 5.64 5.87 6.08 6.29 6.50 6.70 6.89 7.09 7.28 7.47 7.65 7.78 7.85 7.88 7.87 7.82 7.73 7.62 7.48 7.32 7.14 6.96 6.77 6.58 6.40 6.22 6.06 5.90 5.75 5.59 5.42 5.26 5.08 4.91 4.73 4.55
32.03 32.68 33.17 33.47 33.57 33.49 33.20 32.73 32.06 31.20 30.14 28.89 27.45 25.82 23.99 21.97 19.76 17.42 15.19 13.17 11.34 9.71 8.27 7.01 5.94 5.04 4.31 3.75 3.36 3.12 3.04 3.11 3.33 3.64 3.96 4.25 4.53 4.80 5.04 5.28 5.49 5.70 5.89 6.07 6.25 6.41 6.56 6.71 6.85 6.98 7.11 7.24 7.36 7.48 7.60 7.72 7.84 7.94 8.01 8.03 8.01 7.95 7.85 7.73 7.59 7.42 7.24 7.06 6.86 6.67 6.49 6.31 6.15 6.00 5.84 5.68 5.52 5.35 5.18 5.00 4.82 4.64
31.17 31.85 32.42 32.84 33.06 33.09 32.92 32.56 31.99 31.24 30.28 29.14 27.79 26.26 24.52 22.60 20.47 18.22 16.08 14.14 12.40 10.86 9.50 8.32 7.33 6.52 5.87 5.39 5.08 4.93 4.93 5.08 5.33 5.58 5.81 6.03 6.23 6.41 6.58 6.73 6.87 7.00 7.12 7.22 7.32 7.41 7.49 7.56 7.63 7.69 7.75 7.80 7.85 7.91 7.96 8.01 8.06 8.11 8.16 8.17 8.14 8.07 7.97 7.84 7.69 7.52 7.34 7.14 6.95 6.76 6.57 6.39 6.23 6.08 5.93 5.77 5.61 5.44 5.27 5.09 4.91 4.73
30.30 31.00 31.61 32.11 32.46 32.60 32.55 32.31 31.86 31.22 30.37 29.33 28.10 26.66 25.03 23.20 21.18 19.01 16.97 15.12 13.48 12.02 10.76 9.68 8.77 8.05 7.49 7.11 6.88 6.82 6.91 7.09 7.28 7.46 7.61 7.75 7.88 7.98 8.08 8.15 8.22 8.28 8.32 8.35 8.38 8.40 8.41 8.41 8.41 8.40 8.40 8.38 8.37 8.36 8.34 8.33 8.32 8.31 8.31 8.30 8.26 8.18 8.07 7.94 7.78 7.61 7.42 7.23 7.03 6.83 6.65 6.47 6.31 6.16 6.01 5.85 5.69 5.52 5.35 5.18 5.00 4.82
29.41 30.13 30.77 31.31 31.75 32.03 32.10 31.98 31.66 31.13 30.41 29.48 28.36 27.04 25.51 23.79 21.87 19.81 17.86 16.12 14.57 13.21 12.05 11.06 10.26 9.63 9.18 8.89 8.76 8.79 8.92 9.05 9.17 9.27 9.35 9.42 9.47 9.51 9.53 9.54 9.53 9.52 9.49 9.46 9.42 9.37 9.32 9.25 9.19 9.12 9.05 8.98 8.90 8.83 8.75 8.68 8.61 8.55 8.49 8.43 8.37 8.29 8.17 8.03 7.87 7.69 7.50 7.30 7.10 6.90 6.72 6.54 6.38 6.23 6.08 5.92 5.76 5.60 5.43 5.26 5.08 4.90
28.51 29.26 29.92 30.50 30.99 31.36 31.57 31.58 31.38 30.99 30.39 29.59 28.58 27.38 25.97 24.36 22.54 20.59 18.76 17.12 15.68 14.43 13.37 12.49 11.79 11.27 10.92 10.73 10.70 10.78 10.87 10.93 10.98 11.01 11.02 11.02 11.00 10.97 10.92 10.87 10.80 10.72 10.63 10.53 10.43 10.32 10.20 10.08 9.96 9.83 9.70 9.57 9.44 9.31 9.18 9.05 8.93 8.81 8.70 8.59 8.49 8.39 8.26 8.12 7.95 7.76 7.57 7.37 7.17 6.97 6.78 6.60 6.44 6.30 6.15 5.99 5.83 5.67 5.50 5.33 5.16 4.98
27.60 28.38 29.08 29.69 30.21 30.64 30.95 31.10 31.04 30.78 30.31 29.64 28.76 27.68 26.39 24.90 23.21 21.37 19.65 18.13 16.80 15.66 14.72 13.95 13.37 12.96 12.71 12.64 12.67 12.70 12.72 12.72 12.70 12.66 12.61 12.54 12.46 12.37 12.26 12.14 12.01 11.87 11.72 11.57 11.40 11.24 11.06 10.89 10.70 10.52 10.34 10.15 9.97 9.79 9.61 9.43 9.26 9.09 8.93 8.77 8.62 8.48 8.35 8.19 8.02 7.83 7.63 7.43 7.22 7.03 6.83 6.66 6.50 6.36 6.21 6.05 5.90 5.74 5.57 5.40 5.23 5.05
26.68 27.49 28.23 28.88 29.44 29.91 30.28 30.53 30.62 30.50 30.17 29.63 28.89 27.94 26.79 25.42 23.85 22.14 20.54 19.14 17.93 16.92 16.09 15.45 14.98 14.69 14.57 14.55 14.54 14.51 14.47 14.40 14.32 14.22 14.11 13.98 13.84 13.69 13.52 13.34 13.16 12.96 12.76 12.55 12.33 12.11 11.89 11.66 11.42 11.19 10.96 10.72 10.49 10.26 10.03 9.81 9.59 9.38 9.17 8.97 8.78 8.60 8.43 8.26 8.08 7.89 7.69 7.48 7.27 7.07 6.88 6.71 6.55 6.41 6.26 6.11 5.95 5.79 5.63 5.46 5.29 5.11
25.77 26.61 27.38 28.07 28.68 29.19 29.61 29.93 30.13 30.15 29.97 29.58 28.98 28.17 27.15 25.92 24.48 22.90 21.43 20.16 19.08 18.20 17.50 16.98 16.64 16.47 16.41 16.37 16.30 16.21 16.10 15.98 15.84 15.68 15.51 15.33 15.13 14.92 14.71 14.48 14.24 13.99 13.73 13.47 13.21 12.94 12.66 12.38 12.11 11.83 11.55 11.27 10.99 10.72 10.44 10.18 9.92 9.66 9.42 9.18 8.95 8.73 8.52 8.33 8.14 7.94 7.73 7.53 7.32 7.12 6.92 6.75 6.59 6.45 6.31 6.16 6.01 5.85 5.68 5.52 5.35 5.17
24.85 25.73 26.54 27.27 27.92 28.49 28.96 29.33 29.60 29.74 29.71 29.47 29.02 28.35 27.48 26.39 25.09 23.65 22.31 21.18 20.24 19.49 18.92 18.54 18.33 18.24 18.15 18.05 17.92 17.78 17.62 17.44 17.24 17.04 16.81 16.58 16.33 16.07 15.80 15.52 15.24 14.94 14.64 14.33 14.02 13.70 13.39 13.06 12.74 12.42 12.10 11.78 11.46 11.15 10.84 10.53 10.24 9.95 9.66 9.39 9.13 8.87 8.63 8.40 8.19 7.98 7.77 7.56 7.35 7.15 6.96 6.78 6.63 6.49 6.35 6.20 6.05 5.89 5.73 5.57 5.40 5.23
23.94 24.86 25.71 26.48 27.18 27.80 28.32 28.75 29.08 29.29 29.39 29.30 29.01 28.50 27.77 26.84 25.69 24.38 23.19 22.20 21.40 20.79 20.37 20.13 20.00 19.88 19.74 19.58 19.41 19.21 19.00 18.77 18.53 18.27 18.00 17.72 17.42 17.12 16.80 16.48 16.15 15.81 15.46 15.11 14.76 14.40 14.05 13.69 13.33 12.97 12.61 12.25 11.90 11.55 11.20 10.87 10.54 10.21 9.90 9.59 9.30 9.02 8.75 8.49 8.25 8.02 7.80 7.59 7.38 7.17 6.98 6.81 6.66 6.52 6.38 6.23 6.08 5.93 5.77 5.61 5.44 5.28
23.04 23.99 24.89 25.71 26.46 27.13 27.71 28.19 28.58 28.87 29.04 29.08 28.95 28.60 28.03 27.25 26.25 25.11 24.07 23.22 22.58 22.12 21.84 21.68 21.54 21.37 21.18 20.97 20.75 20.50 20.24 19.97 19.68 19.38 19.06 18.74 18.40 18.05 17.70 17.33 16.96 16.58 16.20 15.81 15.42 15.03 14.64 14.24 13.85 13.45 13.06 12.67 12.29 11.91 11.53 11.17 10.81 10.45 10.11 9.78 9.46 9.15 8.86 8.58 8.31 8.06 7.83 7.61 7.39 7.19 7.00 6.83 6.68 6.54 6.40 6.26 6.11 5.96 5.80 5.64 5.48 5.32
22.14 23.14 24.08 24.95 25.75 26.47 27.11 27.66 28.12 28.47 28.71 28.84 28.84 28.65 28.26 27.64 26.80 25.81 24.93 24.24 23.75 23.45 23.27 23.09 22.90 22.68 22.45 22.20 21.93 21.64 21.34 21.03 20.70 20.35 20.00 19.63 19.26 18.87 18.48 18.08 17.67 17.26 16.84 16.42 16.00 15.57 15.15 14.72 14.30 13.87 13.45 13.04 12.62 12.22 11.82 11.42 11.04 10.66 10.30 9.94 9.60 9.27 8.96 8.66 8.37 8.10 7.85 7.62 7.40 7.20 7.01 6.84 6.69 6.55 6.42 6.28 6.13 5.98 5.83 5.67 5.52 5.36
