data_processed/recharge/precip/Precip_1987_11.asc
ncols        168
nrows        136
xllcorner    455000
yllcorner    2107000
cellsize     500
NODATA_value     -99999
[rows 0 to 36 of 136, columns 0 to 82 of 168]
21.19 21.85 22.47 23.06 23.60 24.09 24.52 24.89 25.19 25.42 25.57 25.64 25.62 25.51 25.31 25.01 24.61 24.09 23.47 22.73 21.95 21.22 20.53 19.90 19.31 18.77 18.27 17.82 17.41 17.04 16.71 16.41 16.16 15.94 15.75 15.59 15.46 15.34 15.24 15.16 15.09 15.03 14.98 14.95 14.92 14.91 14.89 14.89 14.89 14.89 14.89 14.89 14.88 14.88 14.87 14.86 14.84 14.81 14.77 14.71 14.66 14.60 14.53 14.47 14.41 14.35 14.29 14.23 14.16 14.10 14.04 13.97 13.91 13.85 13.78 13.72 13.65 13.58 13.51 13.44 13.38 13.31 13.24
21.17 21.80 22.39 22.95 23.47 23.93 24.34 24.69 24.97 25.19 25.33 25.39 25.37 25.27 25.07 24.78 24.38 23.88 23.28 22.56 21.80 21.09 20.42 19.81 19.23 18.71 18.22 17.78 17.38 17.02 16.70 16.42 16.17 15.95 15.77 15.62 15.50 15.39 15.30 15.22 15.16 15.11 15.07 15.04 15.02 15.01 15.00 14.99 14.98 14.98 14.98 14.97 14.97 14.96 14.94 14.91 14.88 14.84 14.79 14.73 14.66 14.60 14.54 14.48 14.41 14.35 14.28 14.22 14.15 14.09 14.02 13.96 13.89 13.82 13.75 13.68 13.61 13.54 13.47 13.40 13.33 13.26 13.18
21.19 21.78 22.35 22.88 23.36 23.80 24.18 24.51 24.78 24.98 25.11 25.17 25.15 25.04 24.85 24.56 24.18 23.69 23.10 22.40 21.67 20.97 20.33 19.73 19.17 18.66 18.19 17.77 17.38 17.03 16.71 16.43 16.19 15.98 15.80 15.65 15.53 15.44 15.36 15.29 15.24 15.19 15.16 15.13 15.11 15.10 15.09 15.08 15.07 15.07 15.06 15.05 15.04 15.02 14.99 14.96 14.91 14.86 14.80 14.73 14.67 14.60 14.54 14.47 14.41 14.34 14.28 14.21 14.14 14.07 14.00 13.94 13.87 13.80 13.72 13.65 13.58 13.51 13.43 13.36 13.28 13.20 13.13
21.24 21.79 22.33 22.82 23.28 23.69 24.05 24.36 24.61 24.80 24.92 24.97 24.94 24.84 24.65 24.37 23.99 23.52 22.95 22.27 21.55 20.88 20.25 19.67 19.13 18.63 18.18 17.76 17.38 17.04 16.73 16.46 16.22 16.02 15.84 15.69 15.57 15.48 15.41 15.35 15.30 15.26 15.23 15.21 15.19 15.18 15.17 15.16 15.15 15.14 15.13 15.11 15.09 15.06 15.03 14.98 14.93 14.86 14.80 14.73 14.67 14.60 14.54 14.47 14.40 14.33 14.26 14.19 14.13 14.05 13.98 13.91 13.84 13.77 13.69 13.62 13.54 13.47 13.39 13.31 13.23 13.15 13.07
21.31 21.83 22.33 22.79 23.22 23.60 23.94 24.23 24.46 24.63 24.74 24.79 24.76 24.65 24.46 24.19 23.82 23.36 22.80 22.15 21.45 20.80 20.19 19.62 19.10 18.61 18.17 17.77 17.40 17.06 16.77 16.50 16.27 16.07 15.89 15.74 15.62 15.53 15.46 15.41 15.36 15.33 15.30 15.28 15.27 15.25 15.24 15.23 15.22 15.21 15.19 15.16 15.14 15.10 15.05 15.00 14.93 14.86 14.80 14.73 14.66 14.60 14.53 14.46 14.39 14.32 14.25 14.18 14.11 14.03 13.96 13.89 13.81 13.74 13.66 13.58 13.51 13.43 13.35 13.26 13.18 13.10 13.02
21.42 21.90 22.35 22.78 23.18 23.53 23.84 24.11 24.33 24.49 24.59 24.62 24.59 24.48 24.29 24.03 23.67 23.22 22.68 22.04 21.36 20.73 20.14 19.59 19.08 18.61 18.18 17.78 17.42 17.10 16.81 16.55 16.32 16.12 15.95 15.80 15.68 15.59 15.51 15.46 15.42 15.39 15.37 15.35 15.33 15.32 15.31 15.29 15.28 15.26 15.23 15.20 15.16 15.12 15.06 14.99 14.93 14.86 14.79 14.72 14.66 14.59 14.52 14.45 14.38 14.30 14.23 14.16 14.09 14.01 13.94 13.86 13.78 13.71 13.63 13.55 13.47 13.39 13.30 13.22 13.13 13.05 12.96
21.54 21.98 22.40 22.79 23.16 23.48 23.77 24.02 24.21 24.36 24.45 24.47 24.44 24.33 24.14 23.88 23.53 23.10 22.57 21.95 21.29 20.67 20.10 19.56 19.07 18.61 18.19 17.81 17.46 17.15 16.86 16.61 16.38 16.18 16.01 15.87 15.75 15.65 15.57 15.51 15.47 15.44 15.42 15.40 15.39 15.37 15.36 15.34 15.32 15.29 15.26 15.22 15.18 15.12 15.05 14.99 14.92 14.85 14.78 14.71 14.64 14.57 14.50 14.43 14.36 14.29 14.21 14.14 14.06 13.99 13.91 13.83 13.75 13.67 13.59 13.51 13.43 13.34 13.26 13.17 13.08 12.99 12.91
21.69 22.09 22.47 22.82 23.15 23.45 23.72 23.94 24.12 24.25 24.33 24.34 24.30 24.19 24.01 23.75 23.41 22.98 22.47 21.87 21.23 20.63 20.07 19.55 19.07 18.63 18.22 17.85 17.51 17.20 16.92 16.67 16.45 16.25 16.08 15.94 15.81 15.71 15.63 15.56 15.52 15.49 15.47 15.45 15.43 15.42 15.40 15.38 15.35 15.32 15.28 15.23 15.17 15.11 15.04 14.97 14.90 14.84 14.77 14.70 14.63 14.55 14.48 14.41 14.34 14.26 14.19 14.11 14.04 13.96 13.88 13.80 13.72 13.64 13.56 13.47 13.39 13.30 13.21 13.12 13.03 12.94 12.85
21.86 22.21 22.55 22.87 23.17 23.44 23.68 23.88 24.04 24.16 24.22 24.23 24.18 24.06 23.88 23.63 23.30 22.88 22.38 21.80 21.18 20.60 20.06 19.55 19.08 18.65 18.26 17.89 17.56 17.26 16.99 16.74 16.52 16.33 16.16 16.01 15.89 15.78 15.69 15.62 15.57 15.53 15.50 15.48 15.47 15.45 15.42 15.40 15.36 15.33 15.28 15.22 15.16 15.09 15.02 14.95 14.89 14.82 14.75 14.68 14.60 14.53 14.46 14.39 14.31 14.24 14.16 14.08 14.01 13.93 13.85 13.77 13.68 13.60 13.52 13.43 13.34 13.26 13.16 13.07 12.98 12.89 12.79
22.04 22.36 22.66 22.94 23.21 23.45 23.66 23.84 23.98 24.08 24.13 24.13 24.07 23.95 23.77 23.52 23.20 22.79 22.31 21.74 21.14 20.57 20.05 19.56 19.10 18.69 18.30 17.94 17.62 17.32 17.06 16.82 16.60 16.41 16.24 16.09 15.96 15.85 15.76 15.68 15.62 15.57 15.54 15.51 15.49 15.46 15.44 15.41 15.37 15.32 15.26 15.20 15.13 15.06 15.00 14.93 14.86 14.79 14.72 14.65 14.58 14.51 14.43 14.36 14.28 14.21 14.13 14.05 13.97 13.89 13.81 13.73 13.65 13.56 13.48 13.39 13.30 13.21 13.12 13.02 12.93 12.83 12.74
22.25 22.52 22.78 23.03 23.26 23.47 23.66 23.81 23.93 24.01 24.05 24.04 23.98 23.86 23.67 23.43 23.11 22.72 22.24 21.69 21.11 20.56 20.05 19.57 19.13 18.72 18.35 18.00 17.69 17.40 17.13 16.90 16.68 16.49 16.32 16.17 16.04 15.93 15.83 15.74 15.67 15.62 15.57 15.53 15.50 15.47 15.44 15.40 15.35 15.30 15.23 15.17 15.10 15.04 14.97 14.90 14.83 14.76 14.69 14.62 14.55 14.48 14.40 14.33 14.25 14.17 14.10 14.02 13.94 13.86 13.77 13.69 13.61 13.52 13.43 13.34 13.25 13.16 13.07 12.97 12.88 12.78 12.68
22.47 22.70 22.92 23.13 23.33 23.51 23.67 23.80 23.90 23.96 23.98 23.96 23.89 23.77 23.59 23.34 23.03 22.65 22.19 21.65 21.09 20.55 20.06 19.60 19.17 18.77 18.40 18.07 17.76 17.47 17.21 16.98 16.77 16.58 16.41 16.25 16.12 16.00 15.90 15.80 15.73 15.66 15.60 15.55 15.50 15.46 15.42 15.38 15.32 15.26 15.20 15.13 15.07 15.00 14.93 14.87 14.80 14.73 14.66 14.59 14.51 14.44 14.37 14.29 14.22 14.14 14.06 13.98 13.90 13.82 13.74 13.65 13.56 13.48 13.39 13.30 13.21 13.11 13.02 12.92 12.82 12.72 12.62
22.71 22.89 23.07 23.24 23.41 23.56 23.69 23.80 23.87 23.92 23.93 23.90 23.82 23.69 23.51 23.27 22.96 22.59 22.14 21.62 21.07 20.55 20.07 19.62 19.21 18.82 18.46 18.13 17.83 17.55 17.30 17.07 16.85 16.66 16.49 16.34 16.20 16.07 15.96 15.86 15.78 15.70 15.63 15.56 15.50 15.45 15.39 15.34 15.28 15.22 15.15 15.09 15.03 14.96 14.89 14.83 14.76 14.69 14.62 14.55 14.48 14.40 14.33 14.25 14.18 14.10 14.02 13.94 13.86 13.78 13.69 13.61 13.52 13.43 13.34 13.25 13.16 13.06 12.97 12.87 12.77 12.67 12.57
22.96 23.10 23.24 23.37 23.50 23.62 23.72 23.81 23.86 23.89 23.89 23.84 23.76 23.63 23.44 23.20 22.90 22.53 22.10 21.59 21.06 20.56 20.09 19.66 19.25 18.87 18.52 18.20 17.91 17.63 17.38 17.15 16.94 16.75 16.58 16.42 16.28 16.15 16.03 15.92 15.82 15.73 15.65 15.57 15.50 15.43 15.36 15.29 15.23 15.17 15.11 15.04 14.98 14.91 14.85 14.78 14.71 14.65 14.58 14.51 14.43 14.36 14.29 14.21 14.13 14.06 13.98 13.90 13.82 13.73 13.65 13.56 13.47 13.39 13.30 13.20 13.11 13.01 12.92 12.82 12.71 12.61 12.51
23.23 23.32 23.42 23.52 23.61 23.70 23.77 23.83 23.86 23.87 23.85 23.80 23.70 23.57 23.38 23.14 22.85 22.49 22.06 21.57 21.06 20.57 20.12 19.69 19.30 18.93 18.59 18.27 17.98 17.71 17.47 17.24 17.03 16.84 16.66 16.50 16.35 16.22 16.09 15.97 15.87 15.76 15.67 15.58 15.49 15.40 15.32 15.24 15.17 15.11 15.05 14.99 14.93 14.86 14.80 14.73 14.66 14.60 14.53 14.46 14.39 14.31 14.24 14.16 14.09 14.01 13.93 13.85 13.77 13.69 13.60 13.51 13.43 13.34 13.25 13.15 13.06 12.96 12.86 12.76 12.66 12.56 12.45
23.51 23.56 23.61 23.67 23.73 23.78 23.83 23.86 23.87 23.86 23.83 23.76 23.66 23.51 23.33 23.09 22.80 22.45 22.04 21.56 21.06 20.59 20.14 19.73 19.35 18.99 18.66 18.35 18.06 17.80 17.55 17.32 17.11 16.92 16.74 16.58 16.42 16.28 16.15 16.02 15.90 15.79 15.68 15.58 15.47 15.37 15.28 15.19 15.12 15.05 14.99 14.93 14.87 14.80 14.74 14.68 14.61 14.54 14.47 14.40 14.33 14.26 14.19 14.11 14.04 13.96 13.88 13.80 13.72 13.64 13.55 13.46 13.38 13.29 13.20 13.10 13.01 12.91 12.81 12.71 12.60 12.50 12.39
23.80 23.80 23.81 23.83 23.86 23.88 23.89 23.90 23.89 23.86 23.81 23.73 23.62 23.47 23.28 23.04 22.75 22.41 22.01 21.55 21.06 20.60 20.17 19.77 19.40 19.05 18.72 18.42 18.14 17.88 17.63 17.41 17.20 17.00 16.82 16.65 16.49 16.34 16.20 16.07 15.94 15.81 15.69 15.57 15.45 15.34 15.24 15.15 15.06 14.99 14.92 14.86 14.80 14.74 14.68 14.61 14.55 14.48 14.42 14.35 14.28 14.21 14.13 14.06 13.98 13.91 13.83 13.75 13.67 13.58 13.50 13.41 13.32 13.23 13.14 13.05 12.95 12.85 12.75 12.65 12.55 12.44 12.33
24.10 24.06 24.03 24.01 23.99 23.98 23.97 23.95 23.92 23.87 23.80 23.71 23.58 23.43 23.23 23.00 22.71 22.38 21.99 21.54 21.07 20.62 20.20 19.81 19.45 19.11 18.79 18.49 18.21 17.96 17.71 17.49 17.28 17.08 16.90 16.72 16.56 16.40 16.25 16.10 15.96 15.82 15.69 15.55 15.43 15.31 15.20 15.10 15.01 14.93 14.86 14.79 14.73 14.67 14.61 14.55 14.49 14.42 14.35 14.29 14.22 14.15 14.07 14.00 13.93 13.85 13.77 13.69 13.61 13.53 13.44 13.36 13.27 13.18 13.09 12.99 12.90 12.80 12.70 12.59 12.49 12.38 12.27
24.42 24.32 24.25 24.19 24.14 24.09 24.05 24.00 23.95 23.88 23.79 23.69 23.55 23.39 23.19 22.96 22.68 22.35 21.96 21.53 21.07 20.64 20.23 19.85 19.50 19.17 18.85 18.56 18.29 18.03 17.79 17.57 17.35 17.15 16.96 16.78 16.61 16.45 16.29 16.13 15.98 15.83 15.68 15.54 15.41 15.28 15.17 15.06 14.96 14.87 14.79 14.72 14.66 14.60 14.54 14.48 14.41 14.35 14.29 14.22 14.15 14.08 14.01 13.94 13.87 13.79 13.71 13.63 13.55 13.47 13.39 13.30 13.21 13.12 13.03 12.94 12.84 12.74 12.64 12.54 12.43 12.32 12.21
24.74 24.60 24.48 24.38 24.29 24.21 24.14 24.06 23.98 23.89 23.79 23.67 23.53 23.36 23.16 22.92 22.64 22.32 21.94 21.52 21.08 20.66 20.26 19.89 19.55 19.22 18.91 18.63 18.36 18.10 17.86 17.64 17.42 17.22 17.03 16.84 16.66 16.49 16.32 16.15 15.99 15.83 15.67 15.52 15.39 15.26 15.14 15.02 14.92 14.82 14.73 14.65 14.58 14.52 14.46 14.40 14.34 14.28 14.21 14.15 14.08 14.01 13.94 13.87 13.80 13.73 13.65 13.57 13.49 13.41 13.32 13.24 13.15 13.06 12.97 12.88 12.78 12.68 12.58 12.48 12.37 12.26 12.15
25.07 24.88 24.72 24.58 24.45 24.34 24.23 24.13 24.02 23.91 23.79 23.66 23.50 23.33 23.12 22.88 22.61 22.29 21.92 21.51 21.08 20.67 20.29 19.93 19.59 19.27 18.97 18.69 18.42 18.17 17.93 17.70 17.49 17.28 17.08 16.89 16.70 16.52 16.34 16.16 15.99 15.82 15.66 15.51 15.37 15.23 15.10 14.98 14.87 14.77 14.67 14.59 14.51 14.44 14.38 14.32 14.26 14.20 14.14 14.07 14.01 13.94 13.87 13.80 13.73 13.66 13.58 13.50 13.43 13.34 13.26 13.18 13.09 13.00 12.91 12.82 12.72 12.62 12.52 12.42 12.31 12.20 12.09
25.40 25.17 24.96 24.78 24.61 24.47 24.33 24.20 24.07 23.94 23.80 23.65 23.48 23.30 23.08 22.84 22.57 22.26 21.90 21.50 21.08 20.69 20.32 19.96 19.63 19.32 19.03 18.75 18.48 18.23 17.99 17.76 17.54 17.33 17.13 16.93 16.74 16.54 16.35 16.17 15.99 15.81 15.65 15.49 15.35 15.20 15.07 14.95 14.83 14.72 14.62 14.53 14.44 14.36 14.29 14.23 14.17 14.11 14.05 13.99 13.93 13.86 13.80 13.73 13.66 13.59 13.51 13.44 13.36 13.28 13.20 13.11 13.03 12.94 12.85 12.76 12.66 12.56 12.46 12.36 12.25 12.14 12.03
25.73 25.46 25.21 24.98 24.78 24.60 24.43 24.27 24.11 23.96 23.80 23.64 23.46 23.27 23.05 22.81 22.53 22.23 21.88 21.49 21.08 20.70 20.34 19.99 19.67 19.36 19.07 18.80 18.53 18.28 18.04 17.81 17.59 17.38 17.17 16.96 16.76 16.56 16.36 16.17 15.98 15.81 15.64 15.48 15.32 15.18 15.04 14.91 14.79 14.67 14.57 14.47 14.37 14.29 14.21 14.14 14.08 14.02 13.97 13.91 13.85 13.78 13.72 13.65 13.58 13.51 13.44 13.36 13.29 13.21 13.13 13.04 12.96 12.87 12.78 12.69 12.60 12.50 12.40 12.30 12.19 12.08 11.97
26.03 25.74 25.46 25.19 24.95 24.73 24.53 24.34 24.16 23.99 23.81 23.63 23.44 23.23 23.01 22.77 22.49 22.19 21.85 21.47 21.08 20.71 20.35 20.02 19.70 19.40 19.11 18.84 18.58 18.33 18.09 17.85 17.63 17.41 17.19 16.98 16.77 16.56 16.36 16.16 15.97 15.80 15.62 15.46 15.30 15.15 15.01 14.87 14.75 14.63 14.51 14.41 14.31 14.22 14.14 14.06 13.99 13.93 13.87 13.82 13.76 13.70 13.63 13.57 13.50 13.43 13.36 13.29 13.21 13.14 13.06 12.97 12.89 12.80 12.72 12.63 12.53 12.43 12.33 12.23 12.13 12.02 11.91
26.30 26.00 25.70 25.40 25.12 24.87 24.63 24.42 24.21 24.01 23.82 23.62 23.41 23.20 22.97 22.72 22.45 22.15 21.82 21.45 21.07 20.71 20.36 20.03 19.72 19.43 19.14 18.87 18.61 18.36 18.12 17.89 17.66 17.43 17.21 16.99 16.77 16.56 16.35 16.15 15.96 15.78 15.61 15.44 15.28 15.12 14.98 14.84 14.70 14.58 14.46 14.35 14.25 14.15 14.06 13.98 13.91 13.84 13.78 13.72 13.67 13.61 13.55 13.48 13.42 13.35 13.28 13.21 13.14 13.06 12.98 12.90 12.82 12.73 12.65 12.56 12.46 12.37 12.27 12.17 12.06 11.96 11.85
26.54 26.23 25.92 25.61 25.30 25.01 24.74 24.49 24.26 24.03 23.82 23.60 23.39 23.16 22.93 22.68 22.40 22.11 21.78 21.42 21.05 20.70 20.36 20.04 19.74 19.45 19.17 18.90 18.64 18.39 18.15 17.91 17.67 17.44 17.21 16.98 16.76 16.55 16.34 16.14 15.95 15.76 15.59 15.41 15.25 15.09 14.94 14.80 14.66 14.53 14.41 14.29 14.19 14.09 13.99 13.90 13.82 13.75 13.68 13.62 13.57 13.51 13.45 13.39 13.33 13.26 13.20 13.13 13.06 12.98 12.91 12.83 12.75 12.66 12.58 12.49 12.40 12.30 12.20 12.10 12.00 11.89 11.78
26.75 26.43 26.10 25.78 25.46 25.14 24.84 24.56 24.30 24.06 23.82 23.59 23.36 23.12 22.88 22.62 22.35 22.06 21.74 21.39 21.03 20.69 20.36 20.04 19.75 19.46 19.18 18.91 18.66 18.40 18.16 17.91 17.68 17.44 17.20 16.97 16.75 16.54 16.33 16.13 15.93 15.74 15.56 15.39 15.22 15.06 14.91 14.76 14.62 14.49 14.36 14.24 14.13 14.02 13.92 13.83 13.74 13.66 13.59 13.53 13.47 13.41 13.36 13.30 13.24 13.17 13.11 13.04 12.97 12.90 12.83 12.75 12.67 12.59 12.50 12.42 12.33 12.23 12.14 12.04 11.93 11.83 11.72
26.93 26.59 26.26 25.93 25.60 25.27 24.94 24.63 24.34 24.07 23.82 23.57 23.32 23.08 22.83 22.57 22.29 22.00 21.69 21.35 21.00 20.66 20.34 20.04 19.74 19.46 19.18 18.92 18.66 18.41 18.16 17.91 17.66 17.42 17.19 16.96 16.73 16.52 16.31 16.11 15.91 15.72 15.54 15.36 15.19 15.03 14.87 14.72 14.58 14.44 14.31 14.19 14.07 13.96 13.85 13.76 13.67 13.58 13.50 13.43 13.37 13.31 13.26 13.20 13.14 13.08 13.02 12.95 12.89 12.82 12.74 12.67 12.59 12.51 12.43 12.34 12.25 12.16 12.07 11.97 11.87 11.76 11.66
27.08 26.73 26.39 26.04 25.70 25.36 25.03 24.70 24.38 24.09 23.81 23.54 23.28 23.02 22.77 22.50 22.23 21.94 21.63 21.30 20.96 20.63 20.32 20.02 19.73 19.45 19.17 18.91 18.65 18.39 18.14 17.89 17.64 17.40 17.16 16.93 16.71 16.49 16.28 16.08 15.88 15.69 15.51 15.33 15.16 14.99 14.83 14.68 14.53 14.39 14.26 14.13 14.01 13.90 13.79 13.69 13.59 13.50 13.42 13.34 13.27 13.21 13.15 13.10 13.04 12.98 12.92 12.86 12.80 12.73 12.66 12.59 12.51 12.43 12.35 12.27 12.18 12.09 12.00 11.90 11.80 11.70 11.59
27.20 26.84 26.49 26.13 25.78 25.44 25.09 24.75 24.41 24.09 23.79 23.51 23.23 22.96 22.70 22.43 22.15 21.86 21.56 21.23 20.90 20.59 20.28 19.98 19.70 19.42 19.15 18.89 18.63 18.37 18.11 17.86 17.61 17.37 17.13 16.90 16.68 16.46 16.25 16.05 15.85 15.66 15.47 15.29 15.12 14.95 14.79 14.63 14.48 14.34 14.21 14.08 13.95 13.83 13.72 13.62 13.52 13.42 13.34 13.25 13.18 13.11 13.05 12.99 12.94 12.88 12.83 12.77 12.70 12.64 12.57 12.50 12.43 12.35 12.27 12.19 12.11 12.02 11.93 11.83 11.73 11.63 11.53
27.29 26.92 26.56 26.20 25.84 25.48 25.13 24.78 24.43 24.09 23.77 23.47 23.18 22.90 22.62 22.35 22.07 21.78 21.48 21.16 20.84 20.53 20.23 19.94 19.66 19.38 19.11 18.85 18.59 18.33 18.07 17.82 17.57 17.33 17.09 16.86 16.64 16.42 16.21 16.01 15.81 15.62 15.43 15.25 15.08 14.91 14.74 14.59 14.44 14.29 14.15 14.02 13.89 13.77 13.66 13.55 13.44 13.35 13.25 13.17 13.09 13.02 12.95 12.89 12.83 12.78 12.72 12.67 12.61 12.54 12.48 12.41 12.34 12.27 12.19 12.11 12.03 11.94 11.85 11.76 11.66 11.56 11.46
27.35 26.98 26.60 26.23 25.86 25.50 25.14 24.78 24.43 24.08 23.74 23.42 23.11 22.82 22.53 22.25 21.97 21.68 21.39 21.08 20.77 20.46 20.17 19.88 19.60 19.33 19.06 18.80 18.53 18.27 18.01 17.76 17.52 17.28 17.05 16.82 16.60 16.38 16.17 15.97 15.77 15.57 15.39 15.21 15.03 14.86 14.70 14.54 14.39 14.24 14.10 13.96 13.83 13.71 13.59 13.48 13.37 13.27 13.18 13.09 13.00 12.93 12.85 12.79 12.73 12.67 12.62 12.56 12.51 12.45 12.39 12.32 12.25 12.18 12.11 12.03 11.95 11.87 11.78 11.69 11.59 11.49 11.39
27.39 27.00 26.62 26.24 25.86 25.49 25.12 24.75 24.40 24.04 23.70 23.36 23.04 22.73 22.44 22.15 21.86 21.58 21.29 20.98 20.68 20.38 20.09 19.81 19.53 19.26 18.99 18.73 18.46 18.20 17.95 17.70 17.46 17.22 16.99 16.76 16.54 16.33 16.12 15.91 15.72 15.52 15.34 15.16 14.98 14.81 14.64 14.48 14.33 14.18 14.04 13.90 13.77 13.65 13.53 13.41 13.30 13.20 13.10 13.01 12.92 12.84 12.76 12.69 12.62 12.56 12.51 12.46 12.40 12.35 12.29 12.23 12.16 12.09 12.02 11.95 11.87 11.79 11.70 11.61 11.52 11.42 11.33
27.40 27.00 26.61 26.22 25.83 25.45 25.08 24.70 24.34 23.98 23.63 23.29 22.95 22.63 22.33 22.03 21.74 21.46 21.17 20.87 20.57 20.28 20.00 19.72 19.45 19.18 18.91 18.64 18.38 18.12 17.87 17.63 17.39 17.15 16.92 16.70 16.48 16.27 16.06 15.86 15.66 15.47 15.28 15.10 14.92 14.75 14.59 14.43 14.27 14.12 13.98 13.84 13.71 13.58 13.46 13.34 13.23 13.12 13.02 12.93 12.84 12.75 12.67 12.60 12.53 12.46 12.40 12.35 12.30 12.24 12.19 12.13 12.07 12.00 11.93 11.86 11.79 11.71 11.62 11.54 11.45 11.35 11.26
27.38 26.97 26.57 26.17 25.78 25.39 25.01 24.63 24.26 23.90 23.54 23.19 22.85 22.52 22.21 21.90 21.61 21.32 21.04 20.75 20.45 20.17 19.89 19.62 19.35 19.08 18.81 18.54 18.29 18.03 17.79 17.54 17.31 17.07 16.85 16.63 16.41 16.20 15.99 15.79 15.60 15.40 15.22 15.04 14.86 14.69 14.53 14.37 14.21 14.06 13.92 13.78 13.65 13.52 13.39 13.27 13.16 13.05 12.95 12.85 12.75 12.67 12.58 12.50 12.43 12.36 12.30 12.24 12.19 12.14 12.09 12.03 11.97 11.91 11.84 11.78 11.70 11.63 11.55 11.46 11.37 11.28 11.20
27.33 26.92 26.50 26.10 25.70 25.30 24.91 24.53 24.15 23.78 23.42 23.07 22.73 22.39 22.07 21.76 21.46 21.17 20.89 20.60 20.32 20.04 19.77 19.49 19.22 18.96 18.69 18.43 18.18 17.93 17.69 17.45 17.22 16.99 16.76 16.54 16.33 16.12 15.92 15.72 15.52 15.33 15.15 14.97 14.80 14.63 14.46 14.30 14.15 14.00 13.85 13.71 13.58 13.45 13.32 13.20 13.09 12.98 12.87 12.77 12.67 12.58 12.50 12.42 12.34 12.27 12.20 12.14 12.08 12.03 11.98 11.93 11.87 11.81 11.75 11.69 11.62 11.54 11.47 11.38 11.30 11.22 11.15
27.25 26.83 26.41 26.00 25.59 25.19 24.79 24.41 24.02 23.65 23.28 22.93 22.58 22.24 21.92 21.60 21.30 21.01 20.73 20.44 20.17 19.89 19.62 19.35 19.08 18.82 18.56 18.31 18.06 17.82 17.58 17.34 17.11 16.89 16.67 16.45 16.24 16.03 15.83 15.64 15.44 15.26 15.08 14.90 14.72 14.56 14.39 14.23 14.08 13.93 13.79 13.65 13.51 13.38 13.25 13.13 13.02 12.90 12.80 12.69 12.60 12.50 12.41 12.33 12.25 12.18 12.11 12.04 11.98 11.92 11.87 11.82 11.77 11.72 11.66 11.60 11.53 11.46 11.38 11.31 11.23 11.16 11.10
