data_processed/recharge/precip/Precip_2004_06.asc
ncols        168
nrows        136
xllcorner    455000
yllcorner    2107000
cellsize     500
NODATA_value     -99999
[rows 0 to 31 of 136, columns 71 to 141 of 168]
207.84 205.47 203.18 200.89 198.67 196.60 194.71 192.98 191.44 190.08 188.89 187.87 187.01 186.30 185.74 185.31 185.02 184.85 184.79 184.84 184.99 185.23 185.56 185.96 186.44 187.02 187.77 188.66 189.68 190.81 192.07 193.50 195.12 196.97 198.95 200.98 203.05 205.12 207.19 209.22 211.21 213.12 214.95 216.67 218.27 219.71 220.99 222.08 222.97 223.63 224.03 224.08 223.69 222.78 221.32 219.44 217.38 215.21 212.97 210.73 208.59 206.56 204.64 202.83 201.13 199.53 198.04 196.63 195.32 194.10 192.97
210.96 208.66 206.36 203.97 201.64 199.47 197.47 195.65 194.02 192.57 191.30 190.19 189.25 188.45 187.80 187.29 186.91 186.64 186.50 186.46 186.52 186.67 186.90 187.21 187.59 188.04 188.59 189.28 190.11 191.07 192.17 193.45 194.95 196.58 198.30 200.08 201.89 203.72 205.55 207.35 209.11 210.81 212.43 213.95 215.35 216.61 217.71 218.63 219.35 219.86 220.12 220.12 219.73 218.88 217.49 215.70 213.74 211.66 209.53 207.48 205.53 203.68 201.93 200.27 198.69 197.20 195.79 194.46 193.20 192.02 190.90
214.19 211.92 209.58 207.10 204.64 202.35 200.24 198.32 196.60 195.06 193.69 192.49 191.44 190.55 189.80 189.19 188.71 188.35 188.11 187.97 187.92 187.97 188.11 188.32 188.60 188.93 189.33 189.82 190.45 191.21 192.13 193.25 194.53 195.91 197.38 198.91 200.48 202.08 203.68 205.27 206.82 208.32 209.75 211.08 212.30 213.39 214.32 215.09 215.66 216.02 216.15 216.03 215.63 214.82 213.52 211.84 209.97 208.02 206.13 204.32 202.60 200.96 199.39 197.90 196.48 195.12 193.83 192.60 191.42 190.30 189.23
217.76 215.30 212.87 210.27 207.67 205.26 203.04 201.02 199.19 197.54 196.07 194.76 193.61 192.61 191.76 191.04 190.45 189.98 189.63 189.38 189.22 189.16 189.18 189.28 189.45 189.67 189.95 190.28 190.70 191.25 191.98 192.87 193.90 195.04 196.26 197.56 198.91 200.29 201.69 203.07 204.43 205.75 206.99 208.15 209.21 210.14 210.92 211.54 211.98 212.21 212.22 211.99 211.50 210.70 209.49 207.91 206.20 204.53 202.92 201.38 199.91 198.51 197.16 195.86 194.62 193.43 192.28 191.18 190.11 189.08 188.08
221.94 219.10 216.30 213.48 210.75 208.21 205.89 203.75 201.81 200.04 198.45 197.03 195.76 194.65 193.68 192.84 192.13 191.54 191.07 190.70 190.42 190.24 190.14 190.12 190.16 190.27 190.42 190.62 190.87 191.20 191.69 192.34 193.13 194.04 195.04 196.13 197.27 198.45 199.65 200.84 202.02 203.16 204.25 205.25 206.15 206.94 207.59 208.08 208.40 208.52 208.42 208.09 207.51 206.65 205.48 204.08 202.68 201.33 200.04 198.81 197.62 196.47 195.36 194.30 193.27 192.26 191.29 190.34 189.41 188.49 187.60
226.75 223.42 220.04 216.63 213.61 210.96 208.53 206.28 204.22 202.35 200.65 199.11 197.73 196.50 195.41 194.46 193.64 192.93 192.34 191.85 191.46 191.16 190.95 190.80 190.73 190.71 190.75 190.83 190.94 191.09 191.35 191.77 192.33 193.02 193.82 194.69 195.64 196.63 197.65 198.67 199.68 200.66 201.59 202.45 203.22 203.87 204.40 204.78 204.99 205.01 204.82 204.40 203.74 202.81 201.64 200.48 199.45 198.46 197.51 196.60 195.71 194.85 194.02 193.20 192.40 191.61 190.84 190.06 189.29 188.52 187.75
231.66 227.83 223.79 219.52 215.80 212.91 210.39 208.07 205.94 203.98 202.20 200.58 199.12 197.81 196.65 195.61 194.71 193.92 193.25 192.68 192.20 191.82 191.52 191.29 191.13 191.03 190.98 190.96 190.95 190.96 191.04 191.24 191.59 192.06 192.65 193.34 194.09 194.90 195.74 196.60 197.46 198.28 199.07 199.79 200.43 200.96 201.37 201.64 201.75 201.68 201.40 200.91 200.18 199.22 198.11 197.08 196.35 195.73 195.14 194.56 194.00 193.44 192.89 192.34 191.79 191.23 190.67 190.09 189.50 188.89 188.25
236.50 232.11 227.29 222.21 217.68 214.16 211.45 209.08 206.91 204.92 203.10 201.44 199.94 198.59 197.38 196.31 195.36 194.53 193.82 193.20 192.69 192.26 191.91 191.64 191.43 191.29 191.18 191.05 190.90 190.78 190.72 190.75 190.89 191.16 191.56 192.05 192.63 193.26 193.94 194.64 195.34 196.02 196.67 197.26 197.77 198.19 198.50 198.67 198.68 198.52 198.17 197.61 196.85 195.95 194.92 193.99 193.41 193.10 192.88 192.65 192.43 192.19 191.94 191.67 191.38 191.07 190.73 190.37 189.97 189.53 189.05
241.12 236.05 230.51 224.70 219.43 215.18 211.91 209.40 207.22 205.23 203.41 201.76 200.26 198.91 197.70 196.62 195.67 194.84 194.12 193.50 192.98 192.55 192.20 191.92 191.71 191.54 191.33 191.08 190.79 190.54 190.36 190.26 190.23 190.32 190.52 190.83 191.23 191.70 192.22 192.76 193.32 193.86 194.38 194.85 195.25 195.56 195.76 195.84 195.77 195.53 195.11 194.52 193.81 193.00 192.05 191.21 190.76 190.64 190.73 190.87 190.99 191.09 191.15 191.18 191.17 191.12 191.03 190.88 190.69 190.44 190.13
245.30 239.61 233.44 226.98 221.06 216.15 212.22 209.23 206.96 205.00 203.22 201.61 200.15 198.84 197.67 196.63 195.72 194.92 194.24 193.66 193.18 192.78 192.46 192.22 192.02 191.77 191.43 191.04 190.63 190.25 189.95 189.72 189.57 189.50 189.53 189.67 189.90 190.21 190.57 190.97 191.39 191.80 192.20 192.55 192.84 193.05 193.16 193.15 193.00 192.69 192.24 191.71 191.09 190.35 189.48 188.73 188.41 188.44 188.74 189.21 189.69 190.14 190.53 190.87 191.16 191.38 191.55 191.64 191.67 191.63 191.50
249.02 242.79 236.07 229.04 222.55 217.07 212.57 209.00 206.31 204.31 202.61 201.07 199.69 198.46 197.36 196.40 195.57 194.85 194.25 193.74 193.33 193.01 192.77 192.58 192.31 191.93 191.46 190.94 190.41 189.91 189.49 189.15 188.88 188.69 188.57 188.54 188.62 188.77 188.99 189.25 189.54 189.83 190.11 190.35 190.54 190.65 190.68 190.59 190.37 190.03 189.64 189.19 188.65 187.99 187.20 186.54 186.33 186.52 187.01 187.72 188.53 189.34 190.07 190.74 191.34 191.85 192.29 192.64 192.91 193.08 193.16
252.26 245.57 238.38 230.87 223.90 217.93 212.94 208.87 205.69 203.34 201.64 200.22 198.96 197.84 196.87 196.03 195.31 194.71 194.22 193.83 193.54 193.33 193.17 192.93 192.53 192.02 191.42 190.78 190.13 189.53 188.99 188.54 188.16 187.85 187.62 187.46 187.38 187.39 187.47 187.60 187.76 187.93 188.10 188.24 188.34 188.37 188.31 188.15 187.90 187.62 187.32 186.95 186.49 185.90 185.18 184.60 184.51 184.85 185.53 186.46 187.54 188.68 189.78 190.79 191.71 192.53 193.26 193.88 194.39 194.80 195.09
255.01 247.94 240.37 232.47 225.09 218.72 213.32 208.84 205.25 202.49 200.51 199.13 198.03 197.07 196.26 195.57 195.01 194.57 194.23 194.00 193.86 193.78 193.58 193.21 192.68 192.04 191.32 190.56 189.81 189.09 188.45 187.89 187.40 186.99 186.65 186.37 186.17 186.04 185.99 185.99 186.04 186.10 186.17 186.22 186.22 186.17 186.04 185.85 185.67 185.47 185.25 184.96 184.58 184.06 183.40 182.91 182.94 183.42 184.28 185.43 186.76 188.20 189.64 191.01 192.27 193.41 194.44 195.35 196.13 196.78 197.31
257.26 249.91 242.03 233.82 226.12 219.43 213.70 208.90 204.98 201.88 199.57 197.99 196.98 196.22 195.60 195.11 194.75 194.50 194.37 194.33 194.35 194.24 193.92 193.41 192.75 191.99 191.15 190.29 189.43 188.61 187.87 187.21 186.62 186.10 185.65 185.28 184.97 184.72 184.55 184.43 184.37 184.33 184.30 184.26 184.19 184.06 183.91 183.78 183.68 183.57 183.42 183.21 182.90 182.45 181.86 181.45 181.58 182.22 183.25 184.61 186.19 187.92 189.68 191.40 193.02 194.50 195.84 197.05 198.11 199.03 199.80
259.00 251.44 243.35 234.91 226.98 220.05 214.08 209.04 204.87 201.52 198.96 197.13 195.98 195.36 194.98 194.73 194.60 194.59 194.69 194.84 194.86 194.62 194.17 193.53 192.76 191.87 190.93 189.96 189.00 188.09 187.25 186.49 185.81 185.19 184.65 184.17 183.76 183.41 183.13 182.91 182.74 182.61 182.49 182.37 182.22 182.07 181.98 181.93 181.92 181.89 181.82 181.68 181.43 181.05 180.52 180.19 180.43 181.21 182.42 183.99 185.82 187.82 189.90 191.97 193.95 195.78 197.46 198.98 200.34 201.54 202.56
260.22 252.55 244.32 235.74 227.65 220.57 214.45 209.24 204.91 201.40 198.67 196.67 195.35 194.67 194.47 194.50 194.65 194.91 195.24 195.40 195.29 194.92 194.34 193.58 192.69 191.70 190.65 189.57 188.52 187.52 186.60 185.74 184.97 184.26 183.62 183.05 182.55 182.11 181.73 181.41 181.15 180.92 180.72 180.53 180.36 180.27 180.26 180.30 180.36 180.41 180.42 180.35 180.17 179.85 179.38 179.11 179.46 180.38 181.77 183.54 185.62 187.89 190.28 192.70 195.05 197.26 199.28 201.14 202.81 204.29 205.44
260.92 253.21 244.93 236.29 228.14 220.98 214.79 209.51 205.10 201.50 198.69 196.60 195.19 194.42 194.23 194.49 194.96 195.48 195.83 195.87 195.62 195.13 194.43 193.55 192.55 191.45 190.30 189.14 188.00 186.91 185.90 184.97 184.10 183.31 182.58 181.93 181.33 180.80 180.33 179.92 179.57 179.27 178.99 178.77 178.66 178.66 178.73 178.86 179.00 179.12 179.20 179.19 179.08 178.82 178.41 178.21 178.66 179.71 181.27 183.26 185.57 188.12 190.82 193.57 196.30 198.91 201.32 203.52 205.50 207.14 208.29
261.08 253.41 245.17 236.55 228.42 221.28 215.09 209.82 205.42 201.83 199.01 196.91 195.50 194.72 194.52 194.86 195.55 196.12 196.34 196.25 195.87 195.26 194.44 193.46 192.35 191.15 189.91 188.65 187.43 186.26 185.18 184.16 183.22 182.34 181.53 180.79 180.12 179.50 178.95 178.45 178.01 177.63 177.33 177.17 177.15 177.23 177.39 177.59 177.80 178.00 178.14 178.20 178.15 177.95 177.58 177.46 178.01 179.19 180.92 183.11 185.65 188.47 191.48 194.58 197.68 200.69 203.53 206.10 208.27 209.92 211.06
260.70 253.16 245.04 236.52 228.49 221.45 215.36 210.18 205.86 202.36 199.62 197.61 196.27 195.56 195.43 195.78 196.28 196.66 196.75 196.53 196.04 195.31 194.38 193.29 192.08 190.79 189.46 188.12 186.81 185.58 184.42 183.33 182.31 181.36 180.47 179.65 178.90 178.21 177.57 177.00 176.48 176.05 175.81 175.73 175.79 175.96 176.20 176.48 176.76 177.03 177.23 177.35 177.36 177.21 176.90 176.83 177.48 178.80 180.69 183.07 185.85 188.94 192.25 195.68 199.16 202.58 205.84 208.69 210.92 212.57 213.72
259.75 252.43 244.51 236.19 228.34 221.48 215.57 210.56 206.42 203.08 200.52 198.67 197.49 196.94 196.90 197.03 197.13 197.16 197.07 196.73 196.11 195.27 194.24 193.05 191.75 190.37 188.95 187.53 186.16 184.85 183.62 182.47 181.38 180.36 179.40 178.51 177.68 176.92 176.21 175.56 175.01 174.63 174.45 174.45 174.59 174.84 175.15 175.50 175.85 176.18 176.45 176.63 176.69 176.59 176.33 176.32 177.07 178.51 180.57 183.14 186.16 189.51 193.11 196.88 200.72 204.52 208.03 211.00 213.35 215.06 216.23
258.25 251.22 243.59 235.54 227.96 221.37 215.72 210.97 207.08 204.00 201.68 200.08 199.15 198.77 198.58 198.35 198.07 197.73 197.34 196.83 196.11 195.16 194.02 192.74 191.35 189.89 188.39 186.91 185.46 184.09 182.80 181.58 180.43 179.34 178.32 177.37 176.47 175.64 174.86 174.18 173.69 173.38 173.26 173.31 173.51 173.83 174.22 174.64 175.06 175.45 175.78 176.01 176.12 176.07 175.85 175.91 176.74 178.31 180.52 183.30 186.53 190.15 194.05 198.15 202.33 206.34 209.90 212.94 215.42 217.30 218.56
256.17 249.52 242.26 234.57 227.34 221.10 215.79 211.39 207.84 205.10 203.12 201.84 201.16 200.69 200.19 199.63 199.03 198.37 197.65 196.88 196.02 194.97 193.74 192.37 190.89 189.35 187.79 186.23 184.73 183.30 181.95 180.67 179.46 178.32 177.24 176.22 175.26 174.37 173.57 172.95 172.54 172.30 172.24 172.33 172.57 172.94 173.39 173.88 174.36 174.81 175.19 175.48 175.64 175.63 175.46 175.57 176.49 178.18 180.55 183.51 186.98 190.85 195.04 199.45 203.79 207.78 211.35 214.46 217.07 219.14 220.61
253.50 247.32 240.51 233.26 226.47 220.66 215.79 211.82 208.69 206.37 204.80 203.86 203.16 202.42 201.63 200.80 199.92 198.98 198.00 196.96 195.88 194.70 193.39 191.93 190.38 188.77 187.13 185.52 183.95 182.48 181.08 179.74 178.48 177.28 176.15 175.07 174.06 173.15 172.42 171.89 171.55 171.38 171.37 171.51 171.78 172.16 172.65 173.20 173.74 174.25 174.68 175.02 175.22 175.26 175.12 175.28 176.29 178.10 180.62 183.77 187.46 191.59 196.05 200.56 204.82 208.77 212.35 215.53 218.26 220.50 222.21
250.24 244.61 238.34 231.62 225.35 220.05 215.69 212.23 209.61 207.79 206.65 205.74 204.82 203.85 202.83 201.76 200.65 199.49 198.29 197.04 195.74 194.39 192.96 191.43 189.80 188.13 186.43 184.76 183.15 181.62 180.17 178.79 177.48 176.23 175.05 173.93 172.91 172.07 171.44 171.00 170.73 170.62 170.66 170.83 171.12 171.52 172.02 172.58 173.18 173.74 174.22 174.60 174.85 174.93 174.83 175.04 176.12 178.05 180.72 184.06 187.96 192.32 196.84 201.22 205.37 209.26 212.85 216.08 218.93 221.35 223.29
246.38 241.38 235.73 229.62 223.95 219.26 215.50 212.63 210.60 209.29 208.23 207.16 206.04 204.89 203.68 202.44 201.15 199.82 198.44 197.02 195.56 194.04 192.49 190.87 189.17 187.43 185.68 183.96 182.30 180.74 179.25 177.83 176.47 175.18 173.96 172.83 171.89 171.16 170.62 170.25 170.05 170.00 170.08 170.29 170.60 171.01 171.50 172.06 172.66 173.26 173.80 174.22 174.51 174.62 174.55 174.81 175.97 178.01 180.83 184.35 188.45 192.81 197.14 201.34 205.38 209.21 212.79 216.09 219.05 221.63 223.80
241.90 237.62 232.68 227.26 222.28 218.27 215.19 213.00 211.56 210.40 209.22 208.01 206.75 205.46 204.12 202.75 201.33 199.87 198.38 196.83 195.25 193.63 191.96 190.25 188.49 186.69 184.89 183.12 181.42 179.82 178.30 176.84 175.45 174.12 172.90 171.87 171.04 170.40 169.95 169.66 169.52 169.52 169.64 169.88 170.21 170.62 171.10 171.64 172.22 172.82 173.39 173.85 174.17 174.32 174.28 174.58 175.82 177.97 180.94 184.61 188.66 192.77 196.86 200.89 204.80 208.57 212.15 215.49 218.55 221.30 223.69
236.81 233.33 229.17 224.53 220.32 217.08 214.77 213.24 212.02 210.78 209.51 208.20 206.86 205.48 204.06 202.60 201.11 199.57 198.00 196.39 194.74 193.05 191.32 189.56 187.75 185.90 184.05 182.25 180.52 178.88 177.33 175.84 174.42 173.11 171.98 171.06 170.34 169.80 169.42 169.20 169.12 169.17 169.33 169.59 169.93 170.34 170.81 171.32 171.87 172.43 172.98 173.48 173.83 174.01 174.00 174.34 175.65 177.91 180.99 184.56 188.30 192.12 195.97 199.81 203.60 207.29 210.86 214.24 217.41 220.32 222.92
231.10 228.48 225.20 221.42 218.07 215.68 214.11 212.87 211.62 210.33 209.01 207.66 206.27 204.86 203.40 201.91 200.39 198.83 197.24 195.61 193.94 192.24 190.50 188.72 186.91 185.05 183.18 181.34 179.58 177.92 176.34 174.83 173.43 172.21 171.21 170.40 169.78 169.33 169.04 168.88 168.86 168.94 169.13 169.41 169.76 170.17 170.62 171.11 171.61 172.12 172.61 173.08 173.46 173.66 173.68 174.05 175.44 177.77 180.71 183.91 187.29 190.80 194.41 198.06 201.71 205.33 208.88 212.30 215.57 218.63 221.44
225.01 223.10 220.75 217.92 215.51 213.95 212.72 211.50 210.24 208.96 207.64 206.30 204.92 203.52 202.08 200.61 199.10 197.57 196.00 194.40 192.77 191.10 189.40 187.66 185.89 184.08 182.24 180.39 178.61 176.93 175.34 173.85 172.55 171.47 170.59 169.89 169.37 169.00 168.78 168.69 168.71 168.84 169.05 169.34 169.70 170.09 170.53 170.98 171.44 171.89 172.32 172.71 173.05 173.27 173.30 173.72 175.14 177.28 179.79 182.57 185.58 188.78 192.13 195.59 199.11 202.65 206.17 209.63 212.98 216.19 219.20
218.90 217.41 215.85 214.02 212.52 211.36 210.21 209.03 207.82 206.58 205.32 204.03 202.72 201.37 200.00 198.59 197.16 195.70 194.21 192.69 191.13 189.55 187.93 186.29 184.61 182.90 181.16 179.38 177.61 175.93 174.36 172.99 171.83 170.88 170.11 169.52 169.08 168.80 168.64 168.61 168.68 168.84 169.07 169.38 169.73 170.11 170.52 170.93 171.34 171.73 172.09 172.40 172.65 172.82 172.86 173.27 174.46 176.10 178.12 180.48 183.12 186.00 189.10 192.35 195.73 199.18 202.68 206.16 209.60 212.95 216.16
212.89 211.79 210.71 209.65 208.60 207.56 206.49 205.40 204.29 203.16 201.99 200.81 199.60 198.36 197.10 195.81 194.50 193.16 191.79 190.40 188.97 187.52 186.05 184.54 183.00 181.44 179.84 178.22 176.56 174.95 173.51 172.28 171.26 170.43 169.77 169.28 168.93 168.72 168.63 168.64 168.75 168.94 169.20 169.50 169.85 170.21 170.59 170.96 171.32 171.64 171.92 172.14 172.29 172.35 172.32 172.47 173.09 174.19 175.72 177.64 179.90 182.47 185.29 188.34 191.57 194.93 198.38 201.89 205.41 208.89 212.30
207.18 206.47 205.79 204.91 203.95 203.02 202.08 201.11 200.12 199.11 198.08 197.02 195.95 194.85 193.73 192.59 191.42 190.23 189.02 187.78 186.51 185.22 183.91 182.57 181.20 179.81 178.39 176.95 175.52 174.17 172.92 171.83 170.93 170.20 169.65 169.24 168.97 168.82 168.78 168.84 168.98 169.18 169.44 169.74 170.07 170.40 170.74 171.06 171.35 171.60 171.79 171.91 171.94 171.88 171.76 171.61 171.65 172.17 173.17 174.62 176.47 178.69 181.22 184.03 187.07 190.31 193.69 197.19 200.75 204.34 207.90
