data_processed/recharge/precip/Precip_2010_03.asc
ncols        168
nrows        136
xllcorner    455000
yllcorner    2107000
cellsize     500
NODATA_value     -99999
[rows 38 to 75 of 136, columns 84 to 167 of 168]
2.54 2.40 2.27 2.17 2.10 2.06 2.04 2.06 2.10 2.18 2.29 2.44 2.62 2.85 3.11 3.42 3.75 4.06 4.34 4.59 4.81 5.00 5.17 5.31 5.43 5.53 5.61 5.67 5.71 5.74 5.76 5.79 5.81 5.84 5.87 5.90 5.93 5.96 5.98 6.00 6.01 6.01 6.00 6.00 5.99 5.98 5.97 5.95 5.93 5.91 5.88 5.84 5.80 5.78 5.80 5.88 6.01 6.21 6.47 6.78 7.16 7.59 8.08 8.62 9.21 9.84 10.52 11.21 11.74 12.10 12.30 12.36 12.30 12.14 11.90 11.60 11.25 10.88 10.51 10.15 9.81 9.50 9.24 9.02
2.59 2.45 2.33 2.21 2.13 2.07 2.05 2.05 2.09 2.17 2.28 2.43 2.62 2.85 3.13 3.45 3.80 4.12 4.40 4.66 4.89 5.09 5.26 5.41 5.52 5.62 5.69 5.74 5.77 5.79 5.80 5.82 5.85 5.88 5.91 5.93 5.96 5.98 6.00 6.01 6.02 6.01 6.00 5.99 5.97 5.95 5.93 5.90 5.87 5.84 5.79 5.74 5.69 5.63 5.59 5.60 5.68 5.83 6.05 6.33 6.68 7.09 7.55 8.07 8.65 9.28 9.96 10.64 11.18 11.54 11.74 11.80 11.75 11.59 11.35 11.05 10.71 10.34 9.97 9.62 9.29 9.01 8.79 8.61
2.64 2.52 2.40 2.28 2.18 2.10 2.07 2.06 2.09 2.16 2.27 2.42 2.62 2.85 3.14 3.47 3.83 4.16 4.45 4.72 4.95 5.15 5.32 5.46 5.58 5.67 5.73 5.77 5.79 5.81 5.83 5.85 5.88 5.90 5.93 5.96 5.98 6.00 6.02 6.03 6.03 6.01 6.00 5.98 5.95 5.93 5.90 5.86 5.82 5.77 5.72 5.66 5.60 5.52 5.45 5.41 5.43 5.53 5.71 5.95 6.25 6.63 7.06 7.56 8.12 8.73 9.40 10.08 10.61 10.97 11.16 11.22 11.16 11.00 10.75 10.45 10.10 9.73 9.36 9.00 8.71 8.47 8.29 8.16
2.70 2.58 2.47 2.35 2.24 2.15 2.10 2.08 2.10 2.16 2.27 2.42 2.61 2.85 3.14 3.48 3.84 4.18 4.48 4.75 4.98 5.18 5.35 5.49 5.60 5.68 5.73 5.76 5.78 5.81 5.83 5.86 5.89 5.92 5.95 5.98 6.00 6.02 6.03 6.04 6.03 6.02 6.00 5.97 5.94 5.91 5.87 5.83 5.78 5.73 5.67 5.60 5.52 5.44 5.37 5.30 5.27 5.32 5.43 5.62 5.89 6.22 6.62 7.09 7.62 8.21 8.86 9.52 10.05 10.39 10.57 10.62 10.54 10.37 10.12 9.80 9.44 9.06 8.68 8.34 8.07 7.88 7.76 7.67
2.75 2.64 2.53 2.42 2.32 2.22 2.15 2.11 2.12 2.17 2.27 2.41 2.60 2.84 3.13 3.47 3.85 4.19 4.49 4.76 4.99 5.19 5.35 5.48 5.58 5.65 5.69 5.73 5.76 5.79 5.82 5.86 5.89 5.92 5.96 5.98 6.01 6.03 6.04 6.04 6.04 6.02 5.99 5.97 5.93 5.90 5.85 5.80 5.75 5.69 5.62 5.54 5.46 5.39 5.32 5.25 5.20 5.18 5.24 5.37 5.58 5.87 6.23 6.65 7.15 7.71 8.34 8.98 9.48 9.80 9.97 10.00 9.90 9.71 9.44 9.10 8.72 8.33 7.96 7.66 7.42 7.26 7.17 7.14
2.80 2.69 2.58 2.48 2.38 2.29 2.21 2.15 2.15 2.18 2.27 2.40 2.58 2.82 3.11 3.46 3.83 4.18 4.48 4.75 4.97 5.16 5.32 5.44 5.52 5.58 5.63 5.67 5.72 5.76 5.80 5.84 5.88 5.91 5.95 5.98 6.01 6.03 6.04 6.05 6.04 6.02 6.00 5.96 5.93 5.89 5.84 5.79 5.73 5.66 5.59 5.51 5.43 5.36 5.29 5.22 5.17 5.13 5.12 5.19 5.34 5.57 5.88 6.26 6.72 7.24 7.84 8.45 8.93 9.22 9.36 9.36 9.24 9.02 8.72 8.36 7.96 7.58 7.25 6.97 6.76 6.62 6.56 6.57
2.83 2.72 2.62 2.52 2.42 2.34 2.26 2.20 2.18 2.20 2.27 2.39 2.57 2.80 3.08 3.43 3.80 4.15 4.45 4.71 4.93 5.11 5.25 5.36 5.44 5.50 5.56 5.61 5.66 5.71 5.76 5.80 5.85 5.89 5.93 5.97 6.00 6.03 6.04 6.05 6.04 6.02 6.00 5.96 5.93 5.88 5.83 5.78 5.72 5.65 5.57 5.49 5.42 5.34 5.28 5.21 5.16 5.11 5.08 5.09 5.17 5.34 5.59 5.92 6.33 6.81 7.36 7.94 8.38 8.64 8.75 8.71 8.56 8.30 7.97 7.58 7.19 6.85 6.55 6.30 6.12 6.00 5.95 5.98
2.84 2.73 2.63 2.53 2.44 2.37 2.30 2.25 2.21 2.22 2.27 2.38 2.54 2.76 3.04 3.39 3.76 4.10 4.39 4.65 4.86 5.02 5.15 5.25 5.33 5.41 5.47 5.54 5.60 5.66 5.71 5.76 5.81 5.86 5.91 5.95 5.99 6.02 6.04 6.05 6.04 6.02 6.00 5.97 5.93 5.89 5.84 5.78 5.71 5.64 5.57 5.49 5.42 5.35 5.28 5.22 5.16 5.12 5.08 5.06 5.07 5.17 5.36 5.63 5.98 6.41 6.92 7.45 7.85 8.07 8.13 8.06 7.86 7.57 7.20 6.82 6.47 6.16 5.89 5.67 5.50 5.40 5.36 5.40
2.82 2.72 2.62 2.53 2.44 2.37 2.31 2.27 2.24 2.24 2.27 2.36 2.51 2.72 2.99 3.33 3.70 4.03 4.32 4.56 4.75 4.91 5.03 5.13 5.22 5.31 5.39 5.46 5.53 5.59 5.66 5.71 5.77 5.82 5.87 5.92 5.97 6.00 6.03 6.04 6.04 6.02 6.00 5.97 5.93 5.89 5.84 5.79 5.72 5.65 5.58 5.51 5.43 5.36 5.29 5.23 5.17 5.12 5.09 5.06 5.04 5.08 5.19 5.39 5.68 6.05 6.50 6.99 7.34 7.51 7.52 7.40 7.15 6.82 6.46 6.12 5.80 5.52 5.28 5.08 4.94 4.85 4.82 4.86
2.78 2.68 2.58 2.49 2.41 2.35 2.29 2.25 2.24 2.24 2.27 2.34 2.48 2.67 2.93 3.26 3.62 3.94 4.21 4.44 4.62 4.77 4.89 5.00 5.11 5.21 5.30 5.38 5.46 5.53 5.60 5.66 5.72 5.78 5.83 5.89 5.94 5.98 6.01 6.03 6.03 6.02 6.00 5.98 5.94 5.90 5.86 5.80 5.74 5.67 5.60 5.53 5.45 5.38 5.31 5.25 5.19 5.14 5.09 5.06 5.04 5.04 5.08 5.21 5.43 5.73 6.12 6.55 6.85 6.96 6.92 6.74 6.45 6.12 5.79 5.49 5.21 4.96 4.74 4.56 4.43 4.35 4.33 4.38
2.71 2.61 2.51 2.43 2.35 2.29 2.24 2.21 2.20 2.21 2.25 2.32 2.43 2.61 2.86 3.17 3.52 3.83 4.09 4.30 4.47 4.62 4.76 4.88 5.00 5.11 5.21 5.30 5.39 5.47 5.54 5.61 5.67 5.73 5.79 5.85 5.90 5.95 5.99 6.01 6.02 6.02 6.01 5.98 5.96 5.92 5.87 5.82 5.76 5.69 5.62 5.55 5.48 5.40 5.33 5.26 5.20 5.15 5.10 5.07 5.04 5.03 5.04 5.09 5.23 5.46 5.79 6.15 6.38 6.43 6.32 6.09 5.80 5.51 5.23 4.96 4.71 4.48 4.29 4.13 4.01 3.94 3.92 3.97
2.60 2.50 2.41 2.32 2.25 2.19 2.15 2.13 2.12 2.15 2.19 2.27 2.38 2.54 2.77 3.07 3.40 3.70 3.94 4.14 4.31 4.48 4.63 4.77 4.90 5.02 5.13 5.23 5.32 5.41 5.49 5.56 5.63 5.70 5.75 5.81 5.86 5.91 5.96 5.99 6.01 6.02 6.01 5.99 5.97 5.94 5.90 5.84 5.78 5.72 5.65 5.57 5.50 5.42 5.35 5.28 5.21 5.15 5.10 5.06 5.03 5.01 5.01 5.03 5.09 5.24 5.49 5.78 5.94 5.92 5.76 5.52 5.28 5.03 4.78 4.54 4.32 4.12 3.94 3.79 3.69 3.62 3.61 3.65
2.45 2.35 2.26 2.18 2.11 2.05 2.02 2.00 2.01 2.04 2.09 2.18 2.30 2.45 2.66 2.94 3.26 3.54 3.77 3.97 4.16 4.34 4.51 4.66 4.80 4.93 5.05 5.16 5.26 5.36 5.44 5.52 5.60 5.66 5.72 5.78 5.83 5.88 5.93 5.97 6.00 6.01 6.01 6.00 5.99 5.96 5.91 5.86 5.80 5.74 5.66 5.59 5.51 5.43 5.36 5.28 5.21 5.15 5.09 5.04 5.01 4.98 4.97 4.98 5.00 5.08 5.24 5.46 5.54 5.45 5.28 5.09 4.89 4.68 4.46 4.25 4.06 3.87 3.71 3.58 3.48 3.41 3.40 3.43
2.26 2.16 2.07 1.99 1.92 1.87 1.84 1.83 1.84 1.88 1.95 2.04 2.17 2.34 2.54 2.81 3.11 3.37 3.60 3.82 4.03 4.22 4.40 4.56 4.72 4.86 4.99 5.11 5.22 5.32 5.41 5.49 5.57 5.64 5.70 5.76 5.81 5.86 5.91 5.95 5.98 6.01 6.01 6.01 6.00 5.97 5.93 5.87 5.81 5.75 5.67 5.59 5.51 5.43 5.35 5.27 5.20 5.13 5.07 5.01 4.97 4.94 4.92 4.92 4.93 4.96 5.05 5.17 5.18 5.09 4.97 4.82 4.65 4.48 4.30 4.11 3.94 3.77 3.62 3.50 3.40 3.34 3.32 3.34
2.02 1.91 1.82 1.75 1.68 1.64 1.61 1.61 1.62 1.67 1.75 1.85 1.99 2.17 2.39 2.65 2.93 3.20 3.45 3.69 3.91 4.12 4.31 4.48 4.65 4.80 4.94 5.07 5.18 5.29 5.39 5.48 5.56 5.63 5.69 5.75 5.80 5.85 5.89 5.93 5.97 6.00 6.01 6.01 6.00 5.97 5.93 5.87 5.81 5.74 5.67 5.58 5.50 5.42 5.33 5.25 5.17 5.09 5.02 4.96 4.91 4.87 4.84 4.83 4.83 4.85 4.89 4.95 4.95 4.90 4.83 4.72 4.59 4.45 4.29 4.13 3.98 3.83 3.69 3.57 3.47 3.41 3.38 3.39
1.75 1.65 1.56 1.48 1.42 1.38 1.35 1.35 1.38 1.43 1.52 1.64 1.79 1.98 2.20 2.47 2.76 3.05 3.32 3.57 3.80 4.02 4.23 4.42 4.59 4.75 4.90 5.03 5.16 5.27 5.37 5.47 5.55 5.62 5.69 5.75 5.80 5.85 5.89 5.92 5.95 5.98 6.01 6.01 5.99 5.96 5.92 5.87 5.80 5.73 5.65 5.56 5.48 5.39 5.30 5.21 5.12 5.04 4.96 4.89 4.83 4.78 4.74 4.72 4.71 4.72 4.75 4.80 4.84 4.84 4.81 4.74 4.65 4.54 4.41 4.27 4.13 3.99 3.86 3.75 3.65 3.59 3.55 3.55
1.51 1.41 1.32 1.24 1.18 1.14 1.12 1.13 1.16 1.22 1.32 1.44 1.61 1.81 2.04 2.31 2.60 2.89 3.18 3.44 3.69 3.92 4.14 4.34 4.52 4.69 4.85 4.99 5.12 5.24 5.35 5.44 5.53 5.60 5.67 5.73 5.78 5.82 5.86 5.89 5.92 5.97 6.00 6.01 5.99 5.96 5.92 5.86 5.79 5.72 5.64 5.55 5.45 5.36 5.26 5.17 5.07 4.98 4.90 4.82 4.75 4.69 4.65 4.61 4.59 4.59 4.61 4.66 4.71 4.76 4.77 4.75 4.69 4.61 4.51 4.39 4.27 4.15 4.03 3.92 3.83 3.76 3.71 3.70
1.30 1.20 1.11 1.04 0.98 0.94 0.93 0.94 0.98 1.05 1.15 1.28 1.46 1.67 1.90 2.17 2.45 2.74 3.03 3.31 3.57 3.82 4.04 4.25 4.44 4.62 4.79 4.93 5.07 5.19 5.30 5.40 5.49 5.56 5.63 5.68 5.73 5.77 5.80 5.84 5.88 5.94 5.99 6.01 6.00 5.97 5.92 5.86 5.79 5.71 5.63 5.53 5.43 5.33 5.23 5.13 5.03 4.93 4.84 4.75 4.67 4.60 4.55 4.50 4.47 4.46 4.48 4.52 4.57 4.64 4.69 4.71 4.69 4.64 4.57 4.48 4.38 4.27 4.16 4.06 3.97 3.90 3.85 3.83
1.13 1.02 0.93 0.86 0.81 0.77 0.76 0.78 0.82 0.90 1.01 1.15 1.33 1.55 1.78 2.04 2.32 2.61 2.89 3.18 3.45 3.70 3.94 4.16 4.36 4.55 4.71 4.87 5.01 5.13 5.25 5.34 5.43 5.51 5.57 5.62 5.67 5.70 5.74 5.78 5.84 5.91 5.97 6.00 6.00 5.97 5.93 5.86 5.79 5.71 5.62 5.52 5.42 5.31 5.20 5.09 4.98 4.88 4.78 4.68 4.59 4.51 4.44 4.39 4.35 4.34 4.35 4.39 4.44 4.50 4.57 4.62 4.64 4.63 4.59 4.53 4.45 4.36 4.27 4.18 4.09 4.02 3.97 3.94
0.98 0.87 0.78 0.71 0.66 0.63 0.62 0.65 0.70 0.78 0.90 1.05 1.23 1.44 1.67 1.93 2.21 2.49 2.77 3.05 3.33 3.59 3.84 4.06 4.27 4.46 4.64 4.80 4.94 5.07 5.18 5.28 5.36 5.44 5.50 5.55 5.59 5.63 5.67 5.72 5.79 5.88 5.95 5.99 6.00 5.98 5.93 5.87 5.79 5.71 5.61 5.51 5.40 5.29 5.17 5.05 4.94 4.82 4.71 4.61 4.51 4.42 4.34 4.28 4.24 4.22 4.23 4.26 4.31 4.37 4.43 4.50 4.56 4.58 4.58 4.55 4.49 4.42 4.35 4.26 4.19 4.12 4.06 4.03
0.85 0.75 0.66 0.59 0.54 0.51 0.51 0.53 0.59 0.68 0.81 0.96 1.14 1.35 1.58 1.83 2.10 2.38 2.66 2.94 3.22 3.48 3.73 3.97 4.18 4.38 4.56 4.72 4.86 4.99 5.10 5.20 5.29 5.36 5.42 5.46 5.50 5.55 5.60 5.66 5.74 5.83 5.92 5.97 5.99 5.98 5.94 5.88 5.80 5.70 5.60 5.49 5.38 5.26 5.14 5.01 4.89 4.77 4.65 4.53 4.42 4.32 4.24 4.18 4.13 4.11 4.12 4.15 4.19 4.24 4.30 4.37 4.44 4.50 4.53 4.53 4.50 4.45 4.39 4.33 4.26 4.19 4.14 4.10
0.75 0.65 0.55 0.48 0.44 0.41 0.41 0.45 0.51 0.60 0.73 0.88 1.06 1.27 1.50 1.75 2.02 2.29 2.57 2.84 3.12 3.38 3.64 3.87 4.09 4.29 4.48 4.64 4.78 4.91 5.03 5.12 5.20 5.27 5.33 5.37 5.42 5.47 5.53 5.60 5.69 5.79 5.88 5.94 5.97 5.97 5.93 5.88 5.80 5.70 5.59 5.48 5.36 5.23 5.10 4.97 4.84 4.70 4.58 4.45 4.33 4.23 4.14 4.08 4.03 4.01 4.01 4.03 4.07 4.12 4.18 4.24 4.31 4.39 4.45 4.48 4.48 4.45 4.41 4.36 4.30 4.24 4.19 4.15
0.67 0.56 0.47 0.40 0.35 0.33 0.34 0.37 0.44 0.54 0.67 0.82 1.00 1.20 1.43 1.68 1.94 2.21 2.49 2.76 3.03 3.29 3.55 3.79 4.01 4.21 4.40 4.56 4.71 4.83 4.95 5.04 5.12 5.18 5.23 5.28 5.34 5.39 5.46 5.54 5.63 5.74 5.84 5.90 5.94 5.94 5.92 5.87 5.79 5.69 5.58 5.46 5.33 5.20 5.06 4.92 4.78 4.64 4.50 4.36 4.24 4.14 4.05 3.98 3.93 3.91 3.91 3.93 3.96 4.01 4.06 4.13 4.19 4.26 4.34 4.40 4.43 4.43 4.41 4.37 4.33 4.28 4.23 4.18
0.60 0.49 0.40 0.33 0.28 0.27 0.28 0.32 0.39 0.49 0.61 0.77 0.94 1.15 1.37 1.61 1.88 2.15 2.42 2.69 2.96 3.22 3.47 3.71 3.93 4.14 4.32 4.49 4.63 4.76 4.87 4.96 5.03 5.09 5.15 5.20 5.26 5.32 5.39 5.48 5.57 5.69 5.79 5.86 5.90 5.91 5.89 5.85 5.77 5.68 5.57 5.44 5.30 5.16 5.02 4.87 4.72 4.56 4.42 4.28 4.15 4.05 3.96 3.89 3.84 3.81 3.81 3.83 3.86 3.90 3.95 4.01 4.08 4.15 4.22 4.29 4.35 4.38 4.38 4.36 4.33 4.29 4.25 4.20
0.54 0.43 0.34 0.27 0.23 0.21 0.23 0.27 0.34 0.44 0.57 0.72 0.90 1.10 1.32 1.57 1.82 2.09 2.36 2.63 2.89 3.15 3.40 3.64 3.87 4.07 4.26 4.42 4.56 4.69 4.79 4.88 4.95 5.01 5.07 5.13 5.19 5.25 5.33 5.41 5.51 5.63 5.74 5.81 5.85 5.87 5.85 5.81 5.74 5.65 5.54 5.41 5.27 5.12 4.96 4.80 4.64 4.48 4.33 4.19 4.07 3.96 3.87 3.80 3.75 3.72 3.72 3.73 3.76 3.80 3.85 3.91 3.97 4.04 4.11 4.18 4.24 4.30 4.33 4.33 4.32 4.29 4.25 4.23
0.49 0.38 0.29 0.22 0.18 0.17 0.18 0.23 0.30 0.41 0.53 0.69 0.86 1.06 1.28 1.53 1.78 2.05 2.31 2.58 2.84 3.10 3.35 3.59 3.81 4.02 4.20 4.36 4.50 4.62 4.72 4.80 4.88 4.94 5.00 5.06 5.12 5.19 5.26 5.35 5.45 5.57 5.68 5.76 5.80 5.82 5.80 5.76 5.70 5.61 5.50 5.37 5.22 5.07 4.90 4.73 4.56 4.40 4.25 4.11 3.99 3.88 3.79 3.72 3.66 3.63 3.63 3.64 3.67 3.71 3.75 3.81 3.87 3.93 4.00 4.07 4.14 4.20 4.25 4.28 4.28 4.27 4.26 4.29
0.45 0.34 0.25 0.18 0.14 0.13 0.15 0.20 0.27 0.38 0.51 0.66 0.84 1.04 1.26 1.49 1.75 2.01 2.28 2.54 2.80 3.06 3.31 3.54 3.77 3.97 4.15 4.32 4.45 4.57 4.66 4.75 4.82 4.88 4.94 5.00 5.06 5.13 5.20 5.29 5.39 5.51 5.62 5.70 5.74 5.76 5.74 5.71 5.64 5.55 5.44 5.31 5.17 5.00 4.83 4.65 4.48 4.32 4.17 4.03 3.91 3.80 3.71 3.64 3.58 3.55 3.54 3.56 3.58 3.62 3.66 3.72 3.77 3.84 3.90 3.97 4.04 4.10 4.16 4.21 4.23 4.25 4.31 4.42
0.40 0.29 0.20 0.14 0.10 0.10 0.12 0.17 0.25 0.36 0.49 0.64 0.82 1.02 1.23 1.47 1.72 1.98 2.25 2.51 2.77 3.03 3.27 3.51 3.73 3.94 4.12 4.28 4.42 4.53 4.62 4.70 4.77 4.83 4.89 4.95 5.01 5.07 5.15 5.23 5.33 5.45 5.56 5.63 5.68 5.69 5.68 5.64 5.57 5.48 5.37 5.24 5.09 4.93 4.75 4.57 4.40 4.24 4.09 3.95 3.83 3.72 3.63 3.56 3.51 3.47 3.46 3.47 3.50 3.53 3.58 3.63 3.69 3.75 3.81 3.88 3.94 4.01 4.07 4.12 4.18 4.29 4.43 4.60
0.34 0.24 0.16 0.10 0.07 0.07 0.10 0.15 0.23 0.34 0.47 0.63 0.81 1.00 1.22 1.46 1.71 1.97 2.23 2.49 2.75 3.00 3.25 3.49 3.71 3.91 4.10 4.26 4.39 4.51 4.60 4.67 4.74 4.80 4.85 4.91 4.96 5.02 5.09 5.18 5.27 5.39 5.49 5.56 5.60 5.62 5.60 5.56 5.49 5.40 5.29 5.15 5.00 4.84 4.66 4.49 4.32 4.16 4.01 3.88 3.76 3.65 3.56 3.49 3.43 3.40 3.39 3.40 3.42 3.45 3.50 3.55 3.60 3.66 3.73 3.79 3.86 3.92 3.98 4.06 4.20 4.39 4.61 4.84
0.29 0.19 0.12 0.07 0.04 0.05 0.08 0.14 0.22 0.33 0.47 0.62 0.80 1.00 1.21 1.45 1.70 1.95 2.21 2.48 2.73 2.99 3.23 3.47 3.69 3.90 4.08 4.24 4.38 4.50 4.59 4.66 4.72 4.77 4.82 4.87 4.92 4.98 5.05 5.12 5.22 5.33 5.42 5.49 5.53 5.54 5.51 5.47 5.40 5.30 5.18 5.05 4.89 4.73 4.57 4.40 4.24 4.08 3.94 3.80 3.68 3.58 3.49 3.41 3.36 3.33 3.32 3.32 3.35 3.38 3.42 3.47 3.53 3.59 3.65 3.71 3.78 3.84 3.92 4.08 4.30 4.57 4.86 5.14
0.23 0.14 0.08 0.04 0.02 0.03 0.06 0.13 0.21 0.33 0.46 0.62 0.80 1.00 1.21 1.45 1.69 1.95 2.21 2.47 2.73 2.98 3.23 3.46 3.68 3.89 4.07 4.24 4.38 4.50 4.59 4.66 4.72 4.76 4.81 4.85 4.89 4.94 5.00 5.08 5.16 5.26 5.36 5.42 5.45 5.45 5.42 5.37 5.29 5.19 5.07 4.93 4.78 4.62 4.47 4.31 4.16 4.00 3.86 3.73 3.61 3.51 3.42 3.35 3.29 3.26 3.25 3.26 3.28 3.31 3.35 3.40 3.45 3.51 3.58 3.64 3.70 3.79 3.96 4.20 4.50 4.83 5.17 5.50
0.18 0.10 0.05 0.01 0.00 0.01 0.05 0.12 0.21 0.33 0.46 0.62 0.80 1.00 1.22 1.45 1.69 1.95 2.21 2.47 2.72 2.98 3.22 3.46 3.68 3.89 4.07 4.24 4.38 4.50 4.60 4.67 4.73 4.77 4.80 4.84 4.87 4.92 4.97 5.03 5.11 5.20 5.29 5.34 5.36 5.36 5.32 5.26 5.18 5.07 4.94 4.80 4.66 4.51 4.36 4.22 4.07 3.93 3.79 3.66 3.54 3.44 3.35 3.28 3.23 3.19 3.18 3.19 3.21 3.24 3.28 3.33 3.39 3.45 3.51 3.57 3.67 3.84 4.10 4.42 4.79 5.17 5.56 5.92
0.14 0.07 0.02 0.00 0.00 0.01 0.05 0.12 0.21 0.33 0.47 0.63 0.81 1.01 1.22 1.45 1.70 1.95 2.21 2.47 2.73 2.98 3.23 3.46 3.69 3.89 4.07 4.24 4.38 4.50 4.61 4.69 4.75 4.78 4.81 4.83 4.86 4.89 4.94 4.99 5.06 5.14 5.22 5.26 5.27 5.26 5.21 5.15 5.05 4.94 4.81 4.68 4.54 4.40 4.26 4.12 3.98 3.84 3.71 3.59 3.47 3.37 3.29 3.22 3.16 3.13 3.12 3.13 3.15 3.18 3.22 3.27 3.33 3.39 3.45 3.54 3.73 4.00 4.35 4.75 5.18 5.61 6.02 6.40
0.11 0.05 0.01 0.00 0.00 0.01 0.05 0.12 0.21 0.33 0.47 0.64 0.82 1.02 1.23 1.46 1.71 1.96 2.22 2.48 2.74 2.99 3.24 3.47 3.69 3.89 4.07 4.24 4.38 4.51 4.61 4.70 4.76 4.81 4.83 4.84 4.86 4.88 4.91 4.95 5.01 5.08 5.15 5.18 5.18 5.16 5.10 5.02 4.92 4.80 4.68 4.55 4.42 4.29 4.15 4.02 3.89 3.76 3.63 3.51 3.40 3.31 3.22 3.15 3.10 3.07 3.06 3.07 3.09 3.12 3.16 3.21 3.27 3.33 3.43 3.62 3.91 4.28 4.71 5.18 5.66 6.13 6.57 6.96
0.09 0.05 0.01 0.00 0.00 0.02 0.06 0.13 0.22 0.34 0.48 0.65 0.83 1.03 1.24 1.48 1.72 1.97 2.23 2.49 2.75 3.00 3.25 3.48 3.69 3.89 4.07 4.23 4.38 4.50 4.61 4.70 4.77 4.82 4.85 4.86 4.87 4.88 4.89 4.92 4.97 5.03 5.08 5.10 5.09 5.05 4.98 4.89 4.79 4.67 4.55 4.43 4.30 4.18 4.05 3.92 3.79 3.67 3.55 3.44 3.34 3.24 3.16 3.09 3.04 3.01 3.00 3.01 3.03 3.07 3.11 3.16 3.22 3.31 3.51 3.82 4.21 4.67 5.18 5.70 6.23 6.74 7.20 7.59
0.10 0.06 0.03 0.02 0.02 0.04 0.08 0.15 0.24 0.35 0.49 0.66 0.84 1.04 1.26 1.49 1.73 1.99 2.24 2.50 2.76 3.01 3.25 3.48 3.68 3.88 4.06 4.22 4.36 4.49 4.60 4.70 4.77 4.83 4.87 4.88 4.89 4.88 4.88 4.90 4.93 4.98 5.01 5.02 4.99 4.94 4.86 4.77 4.66 4.55 4.44 4.32 4.19 4.07 3.94 3.82 3.70 3.58 3.47 3.36 3.26 3.18 3.10 3.03 2.99 2.96 2.95 2.96 2.98 3.02 3.06 3.11 3.21 3.41 3.73 4.14 4.63 5.17 5.75 6.33 6.89 7.43 7.90 8.29
0.12 0.08 0.06 0.05 0.06 0.08 0.12 0.18 0.27 0.38 0.51 0.67 0.85 1.06 1.27 1.50 1.75 2.00 2.26 2.52 2.77 3.02 3.25 3.47 3.67 3.86 4.03 4.19 4.34 4.47 4.58 4.68 4.76 4.82 4.87 4.89 4.90 4.89 4.88 4.88 4.90 4.93 4.95 4.94 4.90 4.83 4.74 4.65 4.55 4.44 4.33 4.21 4.09 3.97 3.84 3.72 3.61 3.49 3.39 3.29 3.19 3.11 3.04 2.98 2.93 2.90 2.90 2.91 2.93 2.97 3.01 3.10 3.31 3.64 4.08 4.59 5.17 5.79 6.42 7.05 7.65 8.20 8.68 9.07
0.16 0.13 0.11 0.11 0.11 0.14 0.18 0.23 0.31 0.41 0.54 0.69 0.87 1.07 1.29 1.52 1.76 2.02 2.27 2.53 2.78 3.01 3.23 3.44 3.64 3.83 4.00 4.16 4.30 4.43 4.55 4.65 4.73 4.80 4.85 4.88 4.90 4.90 4.89 4.87 4.87 4.88 4.88 4.86 4.80 4.73 4.64 4.55 4.45 4.34 4.22 4.11 3.99 3.87 3.75 3.63 3.52 3.41 3.31 3.21 3.12 3.04 2.97 2.92 2.88 2.85 2.85 2.86 2.88 2.92 3.01 3.22 3.56 4.01 4.56 5.17 5.83 6.51 7.20 7.87 8.49 9.06 9.53 9.91
