data_processed/recharge/precip/Precip_1986_04.asc
ncols        168
nrows        136
xllcorner    455000
yllcorner    2107000
cellsize     500
NODATA_value     -99999
[rows 68 to 101 of 136, columns 77 to 153 of 168]
27.68 27.78 27.87 27.96 28.04 28.12 28.19 28.26 28.32 28.38 28.44 28.51 28.58 28.65 28.72 28.79 28.87 28.94 29.01 29.08 29.18 29.33 29.52 29.76 30.05 30.38 30.76 31.18 31.65 32.16 32.70 33.29 33.92 34.59 35.29 36.03 36.80 37.61 38.45 39.32 40.23 41.14 42.06 42.98 43.90 44.82 45.73 46.64 47.54 48.43 49.31 50.18 51.04 51.88 52.70 53.50 54.29 55.05 55.79 56.50 57.19 57.76 57.98 57.80 57.22 56.28 55.00 53.40 51.51 49.36 46.97 44.36 41.53 38.48 35.23 31.81 28.24
27.38 27.48 27.57 27.66 27.74 27.82 27.88 27.95 28.00 28.05 28.10 28.15 28.20 28.25 28.30 28.36 28.41 28.46 28.51 28.58 28.71 28.88 29.10 29.37 29.68 30.04 30.44 30.88 31.37 31.90 32.46 33.07 33.71 34.40 35.12 35.87 36.66 37.48 38.33 39.22 40.13 41.06 41.99 42.92 43.86 44.79 45.72 46.65 47.57 48.49 49.40 50.29 51.17 52.04 52.90 53.74 54.55 55.35 56.13 56.88 57.61 58.31 58.89 59.13 58.96 58.41 57.48 56.23 54.65 52.79 50.67 48.27 45.60 42.69 39.56 36.24 32.75
27.06 27.16 27.25 27.33 27.41 27.48 27.54 27.60 27.65 27.69 27.73 27.76 27.79 27.82 27.85 27.88 27.91 27.94 27.99 28.10 28.25 28.45 28.69 28.98 29.32 29.70 30.12 30.59 31.09 31.64 32.23 32.85 33.51 34.21 34.94 35.71 36.51 37.34 38.21 39.11 40.03 40.97 41.91 42.86 43.81 44.76 45.71 46.66 47.60 48.54 49.47 50.39 51.30 52.20 53.08 53.95 54.80 55.64 56.45 57.24 58.01 58.75 59.46 60.06 60.31 60.16 59.63 58.73 57.49 55.94 54.07 51.89 49.41 46.66 43.68 40.48 37.09
26.72 26.82 26.90 26.98 27.05 27.11 27.17 27.22 27.26 27.29 27.31 27.33 27.34 27.35 27.36 27.37 27.38 27.41 27.49 27.62 27.80 28.02 28.29 28.61 28.97 29.37 29.81 30.30 30.82 31.39 31.99 32.63 33.31 34.02 34.77 35.55 36.36 37.21 38.08 38.99 39.92 40.87 41.82 42.78 43.75 44.72 45.68 46.65 47.61 48.57 49.53 50.47 51.41 52.34 53.25 54.15 55.04 55.90 56.75 57.58 58.38 59.17 59.92 60.65 61.26 61.53 61.40 60.88 60.00 58.75 57.14 55.19 52.93 50.37 47.56 44.50 41.24
26.36 26.45 26.53 26.60 26.66 26.72 26.76 26.80 26.83 26.85 26.86 26.86 26.86 26.85 26.84 26.82 26.83 26.89 27.00 27.16 27.36 27.61 27.90 28.24 28.62 29.04 29.51 30.01 30.56 31.14 31.76 32.42 33.11 33.84 34.60 35.39 36.22 37.07 37.96 38.87 39.81 40.77 41.73 42.71 43.68 44.67 45.65 46.63 47.62 48.60 49.57 50.55 51.51 52.46 53.40 54.34 55.25 56.15 57.03 57.90 58.74 59.56 60.36 61.13 61.87 62.50 62.79 62.67 62.14 61.20 59.86 58.17 56.14 53.80 51.18 48.30 45.19
25.98 26.06 26.13 26.20 26.25 26.30 26.33 26.35 26.37 26.38 26.37 26.36 26.34 26.31 26.27 26.26 26.30 26.39 26.52 26.70 26.93 27.21 27.52 27.88 28.29 28.73 29.21 29.74 30.30 30.90 31.54 32.21 32.91 33.65 34.43 35.23 36.07 36.93 37.83 38.75 39.70 40.66 41.64 42.62 43.61 44.61 45.61 46.61 47.61 48.61 49.61 50.61 51.59 52.57 53.54 54.50 55.45 56.38 57.30 58.20 59.08 59.94 60.78 61.59 62.38 63.13 63.77 64.04 63.86 63.24 62.22 60.81 59.04 56.94 54.54 51.85 48.91
25.58 25.65 25.72 25.77 25.81 25.85 25.87 25.88 25.88 25.87 25.85 25.82 25.78 25.73 25.70 25.72 25.79 25.90 26.06 26.27 26.52 26.81 27.15 27.54 27.96 28.42 28.93 29.47 30.05 30.66 31.31 32.00 32.72 33.47 34.26 35.07 35.92 36.79 37.70 38.63 39.58 40.55 41.54 42.53 43.53 44.54 45.56 46.58 47.60 48.62 49.64 50.65 51.66 52.67 53.67 54.66 55.63 56.60 57.55 58.48 59.40 60.29 61.17 62.02 62.85 63.65 64.39 64.96 65.15 64.88 64.19 63.08 61.60 59.77 57.60 55.14 52.40
25.16 25.23 25.28 25.32 25.35 25.37 25.38 25.37 25.35 25.33 25.29 25.24 25.18 25.14 25.15 25.19 25.29 25.43 25.61 25.84 26.12 26.43 26.80 27.20 27.64 28.12 28.64 29.20 29.80 30.43 31.10 31.80 32.53 33.29 34.09 34.91 35.77 36.65 37.56 38.50 39.46 40.44 41.43 42.43 43.45 44.47 45.50 46.53 47.57 48.61 49.65 50.69 51.72 52.75 53.78 54.79 55.80 56.80 57.78 58.75 59.70 60.63 61.55 62.44 63.31 64.12 64.85 65.51 65.99 66.10 65.76 64.98 63.81 62.27 60.37 58.15 55.63
24.73 24.79 24.83 24.86 24.87 24.87 24.86 24.84 24.80 24.75 24.69 24.63 24.58 24.57 24.60 24.68 24.80 24.97 25.18 25.43 25.73 26.07 26.45 26.87 27.33 27.83 28.37 28.95 29.56 30.20 30.88 31.60 32.34 33.12 33.92 34.76 35.62 36.51 37.43 38.37 39.33 40.32 41.32 42.33 43.35 44.39 45.43 46.48 47.53 48.59 49.65 50.71 51.77 52.82 53.87 54.92 55.95 56.98 57.99 58.99 59.98 60.95 61.90 62.83 63.71 64.51 65.24 65.89 66.47 66.87 66.91 66.49 65.65 64.42 62.81 60.86 58.59
24.29 24.33 24.36 24.37 24.37 24.35 24.32 24.28 24.22 24.15 24.07 24.01 23.99 24.01 24.08 24.18 24.33 24.52 24.75 25.03 25.35 25.71 26.11 26.55 27.03 27.55 28.11 28.70 29.32 29.98 30.67 31.40 32.15 32.94 33.76 34.60 35.47 36.37 37.29 38.24 39.21 40.20 41.20 42.22 43.26 44.30 45.36 46.42 47.49 48.56 49.64 50.72 51.80 52.88 53.95 55.02 56.09 57.14 58.19 59.22 60.24 61.24 62.23 63.17 64.04 64.83 65.56 66.21 66.79 67.29 67.62 67.59 67.11 66.21 64.92 63.26 61.26
23.83 23.86 23.87 23.86 23.84 23.81 23.76 23.69 23.61 23.52 23.45 23.42 23.43 23.48 23.57 23.70 23.87 24.09 24.35 24.65 24.99 25.37 25.79 26.25 26.74 27.28 27.85 28.45 29.09 29.77 30.47 31.21 31.97 32.77 33.59 34.44 35.32 36.22 37.15 38.10 39.08 40.07 41.08 42.11 43.15 44.21 45.27 46.35 47.44 48.53 49.62 50.72 51.82 52.92 54.02 55.11 56.20 57.29 58.36 59.43 60.48 61.52 62.51 63.44 64.30 65.09 65.82 66.47 67.05 67.56 67.99 68.26 68.16 67.63 66.67 65.33 63.63
23.37 23.38 23.37 23.34 23.30 23.24 23.17 23.08 22.98 22.90 22.85 22.85 22.89 22.96 23.08 23.24 23.44 23.68 23.96 24.28 24.64 25.04 25.47 25.95 26.47 27.02 27.60 28.22 28.87 29.56 30.27 31.02 31.79 32.60 33.43 34.29 35.17 36.08 37.01 37.97 38.94 39.94 40.96 41.99 43.04 44.11 45.18 46.27 47.37 48.48 49.59 50.71 51.83 52.95 54.07 55.19 56.31 57.42 58.52 59.62 60.70 61.74 62.73 63.64 64.50 65.29 66.01 66.67 67.25 67.77 68.22 68.59 68.80 68.65 68.06 67.06 65.68
22.89 22.88 22.85 22.80 22.74 22.66 22.56 22.46 22.36 22.30 22.29 22.31 22.37 22.47 22.61 22.80 23.02 23.28 23.58 23.92 24.30 24.72 25.17 25.67 26.20 26.76 27.36 27.99 28.66 29.35 30.08 30.84 31.62 32.43 33.27 34.13 35.02 35.94 36.87 37.83 38.81 39.81 40.83 41.87 42.93 44.00 45.09 46.19 47.30 48.42 49.55 50.69 51.83 52.97 54.11 55.26 56.40 57.54 58.67 59.79 60.88 61.91 62.88 63.79 64.64 65.43 66.15 66.81 67.41 67.93 68.39 68.78 69.10 69.26 69.06 68.42 67.39
22.41 22.37 22.32 22.25 22.17 22.06 21.94 21.84 21.77 21.74 21.75 21.80 21.88 22.01 22.17 22.38 22.62 22.90 23.22 23.58 23.98 24.41 24.88 25.39 25.94 26.52 27.13 27.77 28.45 29.16 29.89 30.66 31.45 32.27 33.11 33.98 34.88 35.79 36.73 37.69 38.67 39.67 40.70 41.74 42.80 43.89 44.98 46.10 47.22 48.35 49.50 50.65 51.81 52.97 54.14 55.31 56.47 57.64 58.79 59.92 60.99 62.01 62.97 63.88 64.72 65.51 66.24 66.91 67.51 68.05 68.52 68.93 69.27 69.54 69.65 69.41 68.74
21.92 21.86 21.78 21.69 21.58 21.45 21.33 21.25 21.21 21.21 21.24 21.31 21.42 21.57 21.76 21.98 22.25 22.54 22.88 23.26 23.67 24.12 24.61 25.13 25.69 26.28 26.91 27.56 28.25 28.97 29.71 30.48 31.28 32.11 32.96 33.83 34.73 35.65 36.59 37.55 38.53 39.53 40.56 41.61 42.68 43.77 44.87 45.99 47.13 48.28 49.44 50.61 51.78 52.97 54.15 55.34 56.53 57.72 58.87 59.98 61.04 62.05 63.01 63.91 64.76 65.55 66.28 66.95 67.57 68.12 68.61 69.04 69.40 69.70 69.93 70.00 69.72
21.42 21.34 21.24 21.11 20.98 20.85 20.76 20.71 20.69 20.71 20.77 20.86 21.00 21.17 21.37 21.61 21.89 22.21 22.56 22.95 23.38 23.84 24.34 24.88 25.45 26.06 26.69 27.36 28.06 28.78 29.54 30.32 31.12 31.95 32.81 33.68 34.58 35.51 36.45 37.41 38.39 39.39 40.42 41.47 42.55 43.64 44.75 45.89 47.03 48.19 49.37 50.55 51.74 52.95 54.15 55.36 56.57 57.76 58.90 59.99 61.04 62.04 62.99 63.89 64.74 65.53 66.27 66.96 67.58 68.15 68.66 69.11 69.50 69.82 70.08 70.28 70.32
20.92 20.81 20.68 20.53 20.40 20.30 20.23 20.20 20.21 20.25 20.33 20.45 20.60 20.79 21.01 21.27 21.57 21.90 22.27 22.67 23.11 23.59 24.10 24.64 25.23 25.84 26.49 27.17 27.87 28.61 29.37 30.15 30.96 31.80 32.66 33.54 34.44 35.36 36.30 37.26 38.24 39.25 40.27 41.33 42.41 43.51 44.63 45.77 46.93 48.10 49.29 50.49 51.69 52.91 54.14 55.37 56.57 57.74 58.87 59.95 60.99 61.98 62.93 63.83 64.68 65.48 66.23 66.92 67.56 68.15 68.68 69.15 69.57 69.92 70.21 70.44 70.61
20.41 20.27 20.12 19.97 19.86 19.79 19.74 19.74 19.77 19.83 19.93 20.07 20.24 20.45 20.69 20.96 21.28 21.62 22.00 22.42 22.87 23.35 23.87 24.43 25.01 25.64 26.29 26.98 27.69 28.44 29.20 30.00 30.81 31.65 32.51 33.40 34.30 35.22 36.16 37.12 38.10 39.10 40.13 41.18 42.27 43.37 44.50 45.65 46.81 48.00 49.20 50.41 51.63 52.87 54.11 55.33 56.52 57.67 58.79 59.86 60.89 61.88 62.82 63.72 64.58 65.38 66.14 66.85 67.51 68.11 68.67 69.16 69.61 69.99 70.32 70.59 70.79
19.90 19.74 19.59 19.46 19.38 19.32 19.30 19.32 19.37 19.46 19.57 19.73 19.92 20.14 20.39 20.69 21.01 21.37 21.76 22.19 22.65 23.14 23.67 24.23 24.82 25.45 26.11 26.80 27.53 28.27 29.05 29.84 30.66 31.51 32.37 33.25 34.16 35.08 36.02 36.98 37.95 38.95 39.98 41.04 42.12 43.23 44.36 45.52 46.69 47.89 49.10 50.32 51.56 52.81 54.05 55.25 56.42 57.56 58.66 59.72 60.74 61.73 62.67 63.58 64.44 65.25 66.02 66.75 67.42 68.05 68.63 69.15 69.62 70.04 70.41 70.71 70.96
19.40 19.24 19.10 19.00 18.94 18.91 18.91 18.95 19.02 19.12 19.26 19.43 19.63 19.87 20.14 20.44 20.78 21.14 21.55 21.98 22.45 22.95 23.48 24.05 24.65 25.28 25.94 26.64 27.36 28.12 28.90 29.70 30.52 31.37 32.23 33.12 34.02 34.94 35.88 36.83 37.80 38.80 39.83 40.88 41.97 43.08 44.22 45.38 46.56 47.77 48.99 50.23 51.48 52.72 53.93 55.12 56.27 57.39 58.48 59.54 60.56 61.54 62.49 63.40 64.27 65.09 65.88 66.62 67.31 67.96 68.56 69.12 69.62 70.08 70.48 70.83 71.12
18.93 18.79 18.68 18.60 18.56 18.54 18.57 18.62 18.71 18.83 18.98 19.17 19.38 19.63 19.92 20.23 20.58 20.95 21.36 21.81 22.28 22.79 23.32 23.89 24.49 25.13 25.79 26.49 27.21 27.97 28.75 29.56 30.38 31.23 32.10 32.98 33.88 34.80 35.74 36.69 37.65 38.65 39.67 40.73 41.82 42.93 44.07 45.24 46.43 47.64 48.87 50.12 51.36 52.58 53.77 54.94 56.08 57.19 58.27 59.32 60.34 61.32 62.27 63.19 64.06 64.90 65.70 66.46 67.18 67.85 68.48 69.07 69.61 70.10 70.54 70.93 71.27
18.51 18.39 18.31 18.25 18.23 18.23 18.27 18.35 18.45 18.58 18.75 18.95 19.18 19.44 19.73 20.06 20.41 20.80 21.21 21.66 22.14 22.65 23.19 23.76 24.37 25.00 25.66 26.36 27.08 27.83 28.62 29.42 30.25 31.10 31.97 32.85 33.75 34.67 35.60 36.54 37.50 38.49 39.51 40.57 41.66 42.77 43.92 45.09 46.29 47.50 48.74 49.98 51.20 52.39 53.57 54.72 55.84 56.95 58.02 59.07 60.08 61.07 62.03 62.95 63.84 64.69 65.51 66.29 67.03 67.73 68.39 69.00 69.58 70.11 70.59 71.02 71.41
18.16 18.06 18.00 17.96 17.95 17.98 18.03 18.12 18.24 18.39 18.57 18.78 19.02 19.29 19.59 19.92 20.28 20.68 21.10 21.55 22.03 22.54 23.09 23.66 24.26 24.89 25.55 26.24 26.96 27.71 28.49 29.30 30.13 30.97 31.84 32.72 33.62 34.53 35.46 36.40 37.35 38.33 39.35 40.41 41.49 42.61 43.76 44.93 46.14 47.36 48.58 49.79 50.99 52.17 53.32 54.46 55.58 56.67 57.74 58.78 59.80 60.79 61.75 62.69 63.59 64.46 65.29 66.09 66.86 67.59 68.28 68.93 69.54 70.11 70.64 71.12 71.55
17.87 17.79 17.75 17.73 17.74 17.78 17.85 17.95 18.08 18.24 18.43 18.65 18.90 19.18 19.49 19.83 20.19 20.59 21.02 21.47 21.96 22.47 23.01 23.58 24.18 24.81 25.47 26.15 26.87 27.61 28.38 29.18 30.01 30.85 31.72 32.60 33.49 34.40 35.32 36.25 37.20 38.18 39.19 40.24 41.33 42.45 43.60 44.77 45.98 47.18 48.38 49.57 50.74 51.90 53.04 54.17 55.27 56.36 57.43 58.47 59.49 60.49 61.46 62.40 63.32 64.21 65.07 65.89 66.68 67.44 68.16 68.85 69.50 70.11 70.68 71.21 71.70
17.65 17.59 17.56 17.56 17.58 17.64 17.72 17.83 17.98 18.15 18.35 18.58 18.83 19.12 19.43 19.78 20.15 20.55 20.97 21.43 21.91 22.43 22.97 23.53 24.13 24.75 25.41 26.09 26.79 27.53 28.29 29.08 29.89 30.74 31.60 32.47 33.36 34.27 35.18 36.11 37.05 38.02 39.03 40.08 41.16 42.28 43.43 44.60 45.79 46.97 48.15 49.31 50.46 51.60 52.73 53.85 54.95 56.03 57.09 58.14 59.16 60.17 61.15 62.11 63.04 63.95 64.83 65.68 66.50 67.29 68.05 68.77 69.46 70.12 70.73 71.31 71.85
17.50 17.45 17.44 17.45 17.49 17.56 17.65 17.78 17.93 18.11 18.31 18.55 18.81 19.10 19.42 19.77 20.14 20.54 20.97 21.43 21.91 22.42 22.96 23.52 24.11 24.73 25.37 26.04 26.74 27.47 28.22 29.00 29.80 30.63 31.48 32.36 33.24 34.14 35.05 35.97 36.90 37.86 38.86 39.91 40.99 42.10 43.25 44.41 45.57 46.72 47.87 49.01 50.15 51.28 52.39 53.50 54.59 55.67 56.74 57.79 58.82 59.83 60.82 61.80 62.75 63.68 64.58 65.46 66.31 67.13 67.93 68.69 69.43 70.13 70.79 71.42 72.02
17.41 17.38 17.38 17.40 17.46 17.54 17.64 17.77 17.93 18.12 18.34 18.58 18.84 19.14 19.46 19.81 20.18 20.58 21.01 21.46 21.94 22.45 22.98 23.54 24.12 24.73 25.37 26.03 26.72 27.43 28.17 28.93 29.72 30.54 31.38 32.24 33.12 34.01 34.91 35.82 36.75 37.70 38.70 39.74 40.81 41.92 43.05 44.18 45.31 46.44 47.57 48.69 49.81 50.92 52.03 53.13 54.22 55.30 56.36 57.42 58.46 59.48 60.49 61.48 62.45 63.40 64.33 65.24 66.12 66.98 67.82 68.62 69.40 70.14 70.86 71.54 72.20
17.40 17.38 17.39 17.43 17.49 17.58 17.69 17.83 18.00 18.19 18.41 18.66 18.93 19.22 19.55 19.89 20.27 20.67 21.09 21.54 22.02 22.52 23.04 23.59 24.17 24.77 25.39 26.04 26.72 27.42 28.14 28.89 29.67 30.47 31.29 32.14 33.01 33.89 34.78 35.68 36.60 37.54 38.53 39.56 40.63 41.72 42.82 43.92 45.02 46.13 47.23 48.34 49.45 50.55 51.65 52.74 53.83 54.91 55.98 57.04 58.09 59.12 60.15 61.16 62.15 63.13 64.08 65.02 65.94 66.84 67.71 68.56 69.38 70.18 70.94 71.68 72.39
17.46 17.46 17.48 17.52 17.59 17.69 17.81 17.96 18.13 18.32 18.55 18.79 19.07 19.36 19.68 20.03 20.40 20.80 21.22 21.66 22.13 22.62 23.14 23.68 24.25 24.84 25.45 26.09 26.75 27.44 28.15 28.88 29.64 30.42 31.22 32.05 32.90 33.77 34.65 35.54 36.45 37.38 38.36 39.38 40.43 41.49 42.55 43.63 44.70 45.79 46.88 47.97 49.06 50.15 51.25 52.34 53.42 54.50 55.58 56.65 57.71 58.76 59.80 60.83 61.85 62.85 63.84 64.81 65.77 66.70 67.61 68.51 69.38 70.23 71.05 71.84 72.61
17.60 17.60 17.63 17.68 17.76 17.86 17.99 18.14 18.32 18.52 18.74 18.99 19.26 19.56 19.87 20.22 20.59 20.98 21.39 21.83 22.29 22.77 23.28 23.81 24.37 24.94 25.54 26.17 26.82 27.48 28.18 28.89 29.63 30.39 31.17 31.98 32.81 33.66 34.53 35.41 36.30 37.22 38.19 39.19 40.20 41.22 42.26 43.31 44.37 45.43 46.50 47.58 48.66 49.75 50.83 51.92 53.01 54.10 55.18 56.26 57.33 58.40 59.46 60.51 61.56 62.59 63.61 64.61 65.60 66.58 67.54 68.48 69.40 70.30 71.17 72.03 72.86
17.81 17.82 17.86 17.92 18.00 18.11 18.24 18.39 18.57 18.77 18.99 19.24 19.51 19.80 20.12 20.46 20.82 21.20 21.61 22.04 22.49 22.97 23.46 23.98 24.52 25.09 25.67 26.28 26.91 27.56 28.24 28.93 29.65 30.39 31.15 31.93 32.73 33.56 34.41 35.27 36.15 37.06 38.00 38.96 39.94 40.94 41.95 42.97 44.01 45.05 46.11 47.17 48.25 49.33 50.41 51.50 52.59 53.68 54.78 55.87 56.96 58.04 59.13 60.20 61.27 62.33 63.38 64.43 65.46 66.47 67.48 68.46 69.44 70.39 71.32 72.24 73.13
18.10 18.12 18.16 18.22 18.31 18.42 18.56 18.71 18.89 19.09 19.31 19.56 19.82 20.11 20.42 20.75 21.11 21.48 21.88 22.30 22.74 23.21 23.69 24.19 24.72 25.27 25.84 26.43 27.04 27.67 28.33 29.00 29.70 30.41 31.15 31.91 32.68 33.48 34.30 35.14 36.00 36.88 37.79 38.72 39.66 40.63 41.62 42.62 43.63 44.66 45.71 46.76 47.83 48.90 49.98 51.07 52.17 53.27 54.37 55.48 56.59 57.69 58.80 59.90 61.00 62.09 63.18 64.26 65.33 66.39 67.44 68.48 69.50 70.51 71.51 72.48 73.44
18.42 18.45 18.50 18.57 18.66 18.77 18.91 19.06 19.24 19.44 19.66 19.90 20.16 20.44 20.75 21.07 21.42 21.79 22.18 22.59 23.01 23.46 23.94 24.43 24.94 25.47 26.02 26.59 27.19 27.80 28.43 29.08 29.76 30.45 31.16 31.89 32.64 33.41 34.20 35.02 35.86 36.72 37.59 38.49 39.41 40.35 41.31 42.29 43.28 44.30 45.33 46.38 47.44 48.51 49.59 50.69 51.79 52.90 54.01 55.13 56.26 57.39 58.52 59.65 60.77 61.90 63.02 64.14 65.26 66.36 67.46 68.55 69.63 70.70 71.75 72.79 73.82
18.73 18.76 18.82 18.89 18.99 19.10 19.24 19.39 19.57 19.77 19.99 20.23 20.48 20.76 21.06 21.38 21.72 22.08 22.46 22.85 23.27 23.71 24.17 24.64 25.14 25.66 26.19 26.74 27.32 27.91 28.52 29.15 29.80 30.47 31.16 31.86 32.59 33.33 34.10 34.90 35.76 36.62 37.47 38.33 39.22 40.13 41.07 42.03 43.01 44.01 45.03 46.07 47.13 48.20 49.28 50.38 51.49 52.61 53.73 54.87 56.02 57.17 58.32 59.48 60.64 61.80 62.96 64.12 65.27 66.43 67.58 68.72 69.85 70.98 72.09 73.20 74.29
