data_processed/recharge/precip/Precip_1984_06.asc
ncols        168
nrows        136
xllcorner    455000
yllcorner    2107000
cellsize     500
NODATA_value     -99999
[rows 32 to 63 of 136, columns 73 to 145 of 168]
146.70 147.74 148.55 149.11 149.41 149.43 149.15 148.61 147.87 146.93 145.76 144.30 142.52 140.37 137.86 135.13 132.28 129.33 126.31 123.25 120.18 117.13 114.21 111.52 109.08 106.90 105.00 103.39 102.09 101.11 100.44 100.09 99.98 100.09 100.37 100.75 101.21 101.71 102.46 103.53 104.86 106.41 108.12 109.93 111.79 113.71 115.75 117.91 120.17 122.50 124.91 127.37 129.87 132.35 134.70 136.87 138.88 140.72 142.40 143.93 145.32 146.70 148.16 149.70 151.35 153.10 154.96 156.95 159.14 161.58 164.30 167.28 170.52
145.60 146.57 147.34 147.89 148.22 148.30 148.11 147.64 146.92 146.00 144.87 143.49 141.82 139.83 137.48 134.92 132.22 129.41 126.52 123.57 120.61 117.73 115.03 112.53 110.24 108.18 106.37 104.81 103.51 102.50 101.78 101.35 101.19 101.24 101.45 101.78 102.17 102.62 103.28 104.24 105.43 106.80 108.30 109.88 111.54 113.33 115.26 117.30 119.44 121.67 123.97 126.33 128.73 131.15 133.54 135.80 137.87 139.77 141.51 143.08 144.51 145.92 147.42 149.02 150.73 152.54 154.49 156.63 159.02 161.68 164.61 167.78 171.20
144.19 145.08 145.80 146.35 146.69 146.83 146.73 146.38 145.77 144.92 143.86 142.58 141.05 139.21 137.06 134.69 132.16 129.52 126.77 123.97 121.21 118.57 116.09 113.77 111.64 109.69 107.95 106.42 105.13 104.08 103.29 102.76 102.51 102.47 102.59 102.84 103.15 103.51 104.07 104.89 105.91 107.09 108.36 109.74 111.27 112.95 114.76 116.70 118.73 120.86 123.05 125.31 127.60 129.93 132.27 134.56 136.72 138.69 140.48 142.10 143.57 145.02 146.57 148.23 150.00 151.90 153.99 156.33 158.93 161.79 164.90 168.24 171.82
142.51 143.31 143.99 144.52 144.89 145.07 145.06 144.83 144.37 143.66 142.71 141.56 140.18 138.53 136.60 134.43 132.11 129.65 127.09 124.52 122.03 119.64 117.37 115.22 113.22 111.38 109.70 108.21 106.90 105.81 104.93 104.29 103.89 103.73 103.75 103.89 104.09 104.35 104.78 105.43 106.27 107.22 108.30 109.55 110.97 112.54 114.25 116.07 118.00 120.02 122.12 124.28 126.48 128.71 130.95 133.20 135.39 137.44 139.29 140.97 142.48 143.98 145.59 147.31 149.16 151.19 153.48 156.02 158.81 161.85 165.11 168.61 172.32
140.62 141.34 141.96 142.47 142.85 143.08 143.15 143.03 142.71 142.18 141.42 140.43 139.23 137.79 136.09 134.16 132.06 129.81 127.52 125.25 123.03 120.88 118.81 116.84 114.97 113.21 111.59 110.11 108.79 107.64 106.68 105.91 105.35 105.01 104.87 104.88 104.95 105.07 105.35 105.82 106.44 107.21 108.17 109.31 110.62 112.08 113.68 115.40 117.23 119.15 121.15 123.21 125.32 127.46 129.62 131.78 133.92 136.00 137.93 139.66 141.23 142.79 144.45 146.25 148.23 150.45 152.93 155.65 158.61 161.80 165.21 168.83 172.66
138.57 139.20 139.76 140.25 140.64 140.91 141.05 141.04 140.87 140.51 139.96 139.18 138.19 136.99 135.55 133.88 132.02 130.07 128.10 126.14 124.19 122.27 120.39 118.57 116.82 115.15 113.58 112.11 110.76 109.55 108.48 107.57 106.84 106.29 105.94 105.76 105.68 105.65 105.75 106.01 106.45 107.10 107.95 108.98 110.18 111.54 113.03 114.66 116.39 118.21 120.12 122.09 124.10 126.16 128.23 130.30 132.37 134.40 136.37 138.17 139.79 141.41 143.15 145.07 147.23 149.64 152.29 155.17 158.28 161.60 165.13 168.87 172.79
136.42 136.95 137.45 137.91 138.30 138.61 138.82 138.92 138.88 138.69 138.34 137.80 137.07 136.12 134.96 133.58 132.05 130.46 128.82 127.15 125.46 123.76 122.07 120.39 118.75 117.16 115.62 114.15 112.76 111.48 110.30 109.25 108.33 107.56 106.95 106.52 106.23 106.02 105.92 106.01 106.33 106.87 107.61 108.53 109.63 110.89 112.28 113.81 115.44 117.18 118.99 120.87 122.80 124.77 126.76 128.75 130.74 132.70 134.62 136.46 138.15 139.83 141.69 143.78 146.12 148.70 151.50 154.52 157.76 161.20 164.83 168.65 172.66
134.21 134.65 135.08 135.50 135.89 136.23 136.51 136.71 136.80 136.78 136.63 136.32 135.85 135.20 134.34 133.32 132.18 130.95 129.63 128.24 126.80 125.31 123.79 122.26 120.71 119.18 117.67 116.19 114.77 113.40 112.10 110.89 109.78 108.78 107.91 107.17 106.59 106.14 105.88 105.85 106.06 106.49 107.12 107.95 108.95 110.10 111.40 112.83 114.38 116.02 117.75 119.54 121.39 123.28 125.18 127.10 129.01 130.90 132.75 134.55 136.28 138.07 140.10 142.37 144.86 147.58 150.52 153.66 157.00 160.54 164.25 168.14 172.20
131.97 132.29 132.66 133.04 133.42 133.79 134.13 134.41 134.64 134.78 134.82 134.74 134.53 134.15 133.54 132.88 132.13 131.26 130.26 129.16 127.96 126.69 125.34 123.95 122.51 121.04 119.56 118.07 116.59 115.14 113.73 112.36 111.06 109.83 108.69 107.66 106.75 106.12 105.76 105.63 105.73 106.06 106.59 107.31 108.21 109.27 110.48 111.82 113.28 114.83 116.47 118.19 119.95 121.76 123.59 125.44 127.28 129.10 130.88 132.62 134.35 136.28 138.46 140.88 143.51 146.36 149.40 152.64 156.07 159.67 163.44 167.38 171.47
129.62 129.83 130.11 130.45 130.82 131.21 131.60 131.97 132.31 132.61 132.83 132.97 133.00 132.79 132.27 131.78 131.39 130.89 130.24 129.44 128.51 127.47 126.32 125.08 123.76 122.37 120.94 119.46 117.96 116.45 114.94 113.44 111.96 110.52 109.14 107.84 106.78 106.16 105.79 105.58 105.58 105.80 106.24 106.86 107.67 108.64 109.75 111.01 112.37 113.85 115.41 117.04 118.73 120.46 122.22 123.99 125.76 127.51 129.24 130.96 132.73 134.71 136.99 139.53 142.27 145.21 148.34 151.65 155.13 158.78 162.59 166.54 170.64
127.17 127.26 127.45 127.74 128.09 128.49 128.92 129.38 129.83 130.27 130.67 131.01 131.18 131.03 130.58 130.17 129.95 129.79 129.50 129.03 128.40 127.60 126.67 125.61 124.44 123.17 121.80 120.36 118.86 117.31 115.72 114.10 112.48 110.86 109.27 107.86 106.85 106.27 105.93 105.71 105.63 105.76 106.09 106.63 107.34 108.22 109.25 110.41 111.70 113.09 114.57 116.12 117.74 119.40 121.09 122.79 124.50 126.19 127.89 129.66 131.49 133.49 135.76 138.34 141.16 144.17 147.35 150.71 154.22 157.89 161.70 165.65 169.72
124.62 124.59 124.69 124.91 125.23 125.64 126.11 126.64 127.20 127.77 128.34 128.79 128.99 128.90 128.52 128.19 128.04 128.06 128.10 127.98 127.66 127.14 126.45 125.60 124.59 123.45 122.18 120.80 119.32 117.75 116.11 114.41 112.66 110.89 109.25 107.93 107.00 106.46 106.15 105.94 105.85 105.90 106.14 106.58 107.21 108.00 108.94 110.03 111.23 112.54 113.95 115.43 116.97 118.56 120.18 121.82 123.46 125.14 126.89 128.72 130.61 132.62 134.84 137.35 140.17 143.22 146.43 149.80 153.31 156.97 160.76 164.67 168.70
122.01 121.84 121.84 121.99 122.27 122.68 123.18 123.77 124.43 125.13 125.77 126.24 126.47 126.43 126.13 125.88 125.81 125.91 126.11 126.31 126.33 126.12 125.69 125.07 124.25 123.27 122.11 120.81 119.38 117.82 116.15 114.38 112.54 110.77 109.26 108.06 107.21 106.72 106.43 106.25 106.16 106.19 106.36 106.72 107.25 107.96 108.82 109.82 110.95 112.19 113.52 114.93 116.40 117.92 119.48 121.05 122.68 124.41 126.22 128.12 130.07 132.09 134.26 136.65 139.33 142.33 145.54 148.90 152.39 156.01 159.74 163.59 167.54
119.32 119.01 118.90 118.98 119.22 119.61 120.14 120.79 121.53 122.27 122.91 123.39 123.66 123.68 123.45 123.29 123.31 123.48 123.77 124.13 124.46 124.57 124.44 124.06 123.46 122.65 121.64 120.45 119.08 117.55 115.88 114.08 112.30 110.69 109.33 108.25 107.48 107.04 106.78 106.62 106.55 106.58 106.73 107.01 107.46 108.09 108.87 109.79 110.84 112.01 113.26 114.60 116.01 117.47 118.96 120.53 122.21 123.99 125.87 127.83 129.84 131.89 134.00 136.27 138.76 141.56 144.68 147.99 151.43 154.98 158.64 162.40 166.25
116.59 116.13 115.90 115.89 116.09 116.46 117.01 117.70 118.45 119.17 119.80 120.29 120.60 120.68 120.54 120.46 120.57 120.83 121.20 121.64 122.13 122.54 122.72 122.62 122.26 121.65 120.81 119.74 118.46 116.99 115.35 113.65 112.07 110.66 109.45 108.49 107.81 107.42 107.19 107.05 106.99 107.03 107.17 107.43 107.81 108.36 109.06 109.91 110.89 111.98 113.17 114.44 115.79 117.18 118.67 120.28 122.02 123.87 125.82 127.84 129.91 131.98 134.05 136.19 138.50 141.04 143.89 147.06 150.42 153.88 157.43 161.07 164.78
113.82 113.20 112.85 112.75 112.88 113.24 113.79 114.46 115.17 115.86 116.48 116.99 117.35 117.49 117.44 117.45 117.65 117.99 118.44 118.98 119.55 120.12 120.58 120.78 120.68 120.30 119.64 118.73 117.57 116.18 114.69 113.24 111.89 110.67 109.62 108.78 108.18 107.85 107.66 107.54 107.49 107.54 107.68 107.92 108.27 108.75 109.38 110.16 111.07 112.09 113.22 114.43 115.71 117.10 118.63 120.31 122.11 124.03 126.04 128.13 130.26 132.35 134.37 136.40 138.52 140.80 143.32 146.17 149.33 152.67 156.09 159.58 163.14
111.02 110.23 109.75 109.56 109.63 109.95 110.45 111.06 111.71 112.38 113.00 113.53 113.93 114.15 114.18 114.29 114.58 115.01 115.56 116.18 116.83 117.49 118.10 118.58 118.77 118.63 118.19 117.45 116.44 115.26 114.05 112.87 111.74 110.72 109.83 109.11 108.61 108.32 108.17 108.07 108.05 108.10 108.24 108.47 108.81 109.25 109.82 110.53 111.37 112.32 113.38 114.54 115.81 117.25 118.84 120.59 122.46 124.44 126.52 128.67 130.87 132.98 134.96 136.87 138.80 140.82 143.02 145.47 148.24 151.34 154.60 157.92 161.29
108.20 107.25 106.63 106.33 106.33 106.57 106.98 107.52 108.13 108.77 109.40 109.96 110.40 110.69 110.82 111.03 111.42 111.95 112.58 113.29 114.03 114.77 115.48 116.10 116.56 116.70 116.49 115.96 115.20 114.34 113.44 112.52 111.63 110.81 110.08 109.49 109.07 108.84 108.72 108.65 108.65 108.71 108.85 109.08 109.40 109.81 110.34 110.98 111.76 112.66 113.66 114.80 116.12 117.63 119.29 121.10 123.04 125.09 127.23 129.46 131.72 133.86 135.78 137.58 139.32 141.09 142.96 145.02 147.33 149.97 152.94 156.06 159.21
105.32 104.25 103.50 103.08 102.97 103.10 103.43 103.90 104.47 105.09 105.72 106.31 106.81 107.17 107.40 107.71 108.20 108.83 109.56 110.36 111.19 112.02 112.81 113.53 114.13 114.53 114.59 114.36 113.96 113.44 112.85 112.20 111.55 110.92 110.35 109.89 109.56 109.39 109.31 109.27 109.29 109.37 109.51 109.73 110.03 110.42 110.92 111.52 112.23 113.07 114.07 115.26 116.65 118.22 119.95 121.83 123.83 125.95 128.17 130.46 132.79 134.95 136.83 138.52 140.08 141.59 143.13 144.79 146.64 148.75 151.20 153.99 156.90
102.37 101.22 100.35 99.81 99.56 99.59 99.83 100.23 100.77 101.38 102.01 102.63 103.19 103.63 103.96 104.38 104.97 105.70 106.53 107.43 108.36 109.28 110.16 110.97 111.66 112.21 112.58 112.75 112.74 112.56 112.27 111.90 111.48 111.06 110.66 110.32 110.08 109.97 109.93 109.93 109.96 110.05 110.20 110.42 110.71 111.08 111.54 112.10 112.77 113.60 114.65 115.91 117.36 119.00 120.80 122.75 124.83 127.02 129.30 131.66 134.06 136.25 138.09 139.66 141.03 142.29 143.51 144.78 146.16 147.74 149.59 151.80 154.42
99.38 98.14 97.18 96.52 96.15 96.07 96.22 96.57 97.07 97.67 98.32 98.98 99.59 100.12 100.55 101.08 101.78 102.62 103.55 104.55 105.58 106.60 107.57 108.47 109.25 109.95 110.60 111.16 111.52 111.70 111.71 111.62 111.44 111.21 110.98 110.77 110.63 110.58 110.58 110.61 110.67 110.78 110.93 111.14 111.42 111.77 112.21 112.73 113.40 114.29 115.40 116.73 118.25 119.96 121.83 123.85 125.99 128.25 130.61 133.05 135.52 137.73 139.53 140.98 142.18 143.18 144.08 144.95 145.87 146.91 148.17 149.80 152.03
96.38 95.05 94.00 93.24 92.77 92.59 92.66 92.96 93.43 94.02 94.68 95.38 96.06 96.67 97.22 97.86 98.67 99.61 100.66 101.76 102.89 104.01 105.08 106.08 107.01 107.91 108.78 109.60 110.31 110.83 111.16 111.34 111.40 111.38 111.31 111.24 111.19 111.20 111.25 111.31 111.40 111.52 111.69 111.90 112.17 112.50 112.91 113.45 114.18 115.13 116.30 117.70 119.29 121.07 123.01 125.10 127.32 129.65 132.08 134.59 137.13 139.37 141.13 142.47 143.48 144.24 144.82 145.30 145.75 146.27 147.03 148.26 150.05
93.38 91.99 90.87 90.03 89.47 89.19 89.19 89.44 89.88 90.46 91.15 91.89 92.64 93.34 94.00 94.76 95.68 96.74 97.89 99.10 100.34 101.56 102.74 103.87 104.99 106.09 107.16 108.17 109.13 109.97 110.61 111.07 111.37 111.55 111.66 111.72 111.77 111.84 111.93 112.03 112.15 112.29 112.46 112.68 112.94 113.26 113.69 114.30 115.11 116.13 117.36 118.80 120.46 122.31 124.32 126.49 128.78 131.18 133.69 136.27 138.88 141.15 142.87 144.11 144.94 145.45 145.70 145.79 145.80 145.90 146.35 147.24 148.61
90.45 89.00 87.83 86.92 86.29 85.93 85.86 86.05 86.47 87.05 87.76 88.55 89.37 90.17 90.94 91.82 92.86 94.04 95.30 96.63 97.97 99.30 100.62 101.93 103.23 104.51 105.75 106.94 108.07 109.13 110.06 110.79 111.34 111.73 112.00 112.20 112.35 112.49 112.63 112.77 112.91 113.07 113.26 113.47 113.73 114.08 114.60 115.30 116.19 117.27 118.56 120.05 121.75 123.67 125.75 127.99 130.36 132.84 135.42 138.08 140.76 143.06 144.74 145.87 146.52 146.78 146.72 146.43 146.09 145.98 146.19 146.76 147.75
87.64 86.15 84.93 83.98 83.29 82.87 82.72 82.85 83.24 83.83 84.57 85.41 86.30 87.20 88.09 89.09 90.26 91.55 92.94 94.38 95.83 97.30 98.77 100.25 101.71 103.15 104.55 105.90 107.19 108.40 109.53 110.51 111.30 111.90 112.35 112.68 112.93 113.14 113.33 113.50 113.68 113.87 114.06 114.29 114.59 115.04 115.65 116.44 117.40 118.56 119.90 121.44 123.18 125.13 127.28 129.59 132.03 134.59 137.24 139.98 142.74 145.07 146.72 147.74 148.22 148.22 147.85 147.31 146.85 146.60 146.59 146.87 147.49
85.00 83.49 82.24 81.25 80.51 80.04 79.84 79.91 80.25 80.84 81.61 82.50 83.47 84.47 85.48 86.62 87.91 89.33 90.83 92.39 93.98 95.59 97.21 98.83 100.44 102.02 103.56 105.05 106.47 107.82 109.09 110.24 111.26 112.07 112.69 113.16 113.51 113.79 114.03 114.25 114.46 114.66 114.88 115.16 115.56 116.12 116.84 117.71 118.76 119.97 121.37 122.96 124.74 126.71 128.89 131.27 133.78 136.42 139.15 141.97 144.80 147.17 148.78 149.69 149.99 149.77 149.22 148.65 148.15 147.78 147.57 147.59 147.88
82.59 81.07 79.80 78.79 78.03 77.52 77.28 77.30 77.58 78.14 78.93 79.88 80.93 82.04 83.18 84.44 85.87 87.41 89.04 90.72 92.44 94.18 95.93 97.68 99.41 101.12 102.78 104.39 105.94 107.40 108.78 110.06 111.21 112.22 113.01 113.62 114.08 114.43 114.72 114.98 115.23 115.46 115.74 116.14 116.67 117.33 118.15 119.11 120.23 121.52 122.98 124.61 126.42 128.42 130.62 133.02 135.60 138.31 141.12 144.02 146.93 149.33 150.90 151.72 151.85 151.53 151.05 150.53 150.01 149.55 149.18 148.96 148.93
80.45 78.94 77.68 76.65 75.88 75.35 75.08 75.06 75.31 75.82 76.59 77.59 78.72 79.94 81.21 82.61 84.17 85.84 87.59 89.39 91.22 93.08 94.94 96.79 98.63 100.44 102.21 103.92 105.57 107.14 108.61 109.99 111.24 112.36 113.32 114.07 114.64 115.06 115.40 115.71 115.99 116.30 116.71 117.24 117.89 118.66 119.58 120.63 121.83 123.18 124.70 126.38 128.23 130.26 132.47 134.87 137.47 140.24 143.14 146.11 149.10 151.54 153.08 153.79 153.92 153.76 153.44 152.99 152.48 151.94 151.43 151.00 150.68
78.65 77.17 75.91 74.89 74.12 73.58 73.30 73.26 73.48 73.95 74.69 75.68 76.89 78.22 79.62 81.17 82.86 84.65 86.50 88.40 90.32 92.27 94.22 96.17 98.10 100.00 101.85 103.65 105.38 107.03 108.58 110.03 111.37 112.57 113.62 114.50 115.17 115.67 116.07 116.43 116.79 117.24 117.79 118.45 119.22 120.11 121.12 122.26 123.54 124.96 126.54 128.26 130.15 132.20 134.43 136.84 139.43 142.22 145.17 148.23 151.29 153.77 155.29 156.07 156.45 156.55 156.40 156.06 155.58 155.00 154.37 153.75 153.17
77.24 75.79 74.56 73.56 72.80 72.28 71.99 71.95 72.15 72.61 73.32 74.28 75.50 76.93 78.47 80.15 81.95 83.83 85.76 87.74 89.74 91.76 93.79 95.81 97.81 99.78 101.70 103.57 105.36 107.07 108.69 110.20 111.59 112.85 113.96 114.92 115.68 116.25 116.71 117.17 117.69 118.29 118.98 119.77 120.66 121.66 122.77 124.00 125.36 126.85 128.48 130.25 132.18 134.26 136.50 138.92 141.50 144.27 147.23 150.35 153.49 156.02 157.69 158.82 159.55 159.92 159.97 159.76 159.34 158.74 158.02 157.23 156.42
76.26 74.86 73.68 72.71 71.98 71.48 71.21 71.18 71.38 71.83 72.53 73.48 74.67 76.12 77.78 79.57 81.44 83.39 85.38 87.42 89.48 91.56 93.64 95.72 97.77 99.79 101.76 103.68 105.52 107.28 108.94 110.49 111.92 113.22 114.37 115.36 116.18 116.81 117.38 118.00 118.68 119.43 120.27 121.19 122.20 123.31 124.52 125.84 127.28 128.84 130.52 132.35 134.31 136.42 138.68 141.09 143.68 146.43 149.36 152.48 155.69 158.44 160.56 162.14 163.24 163.91 164.19 164.14 163.79 163.20 162.42 161.49 160.46
75.72 74.37 73.23 72.31 71.61 71.14 70.89 70.87 71.08 71.53 72.22 73.15 74.33 75.76 77.45 79.29 81.21 83.20 85.25 87.33 89.43 91.56 93.68 95.79 97.88 99.94 101.95 103.89 105.77 107.55 109.24 110.82 112.28 113.60 114.77 115.78 116.61 117.24 117.92 118.71 119.55 120.46 121.44 122.49 123.62 124.84 126.16 127.57 129.09 130.72 132.46 134.33 136.33 138.47 140.75 143.17 145.75 148.49 151.40 154.48 157.75 160.94 163.61 165.68 167.19 168.19 168.74 168.87 168.65 168.10 167.29 166.26 165.06
