data_processed/recharge/precip/Precip_1991_11.asc
ncols        168
nrows        136
xllcorner    455000
yllcorner    2107000
cellsize     500
NODATA_value     -99999
[rows 0 to 35 of 136, columns 82 to 163 of 168]
67.87 67.66 67.38 67.04 66.65 66.22 65.75 65.25 64.73 64.19 63.65 63.11 62.58 62.06 61.57 61.11 60.68 60.31 59.98 59.72 59.50 59.24 58.86 58.36 57.75 57.02 56.21 55.31 54.33 53.30 52.21 51.08 49.92 48.73 47.54 46.35 45.17 44.02 42.89 41.81 40.79 39.83 38.94 38.14 37.44 36.85 36.35 36.02 35.92 36.06 36.42 36.96 37.69 38.56 39.57 40.68 41.89 43.16 44.48 45.83 47.19 48.52 49.83 51.08 52.25 53.32 54.27 55.08 55.73 56.20 56.47 56.51 56.34 56.21 56.15 56.14 56.15 56.15 56.14 56.08 55.95 55.75
67.55 67.27 66.93 66.53 66.08 65.59 65.06 64.52 63.95 63.37 62.79 62.21 61.65 61.10 60.59 60.10 59.66 59.27 58.93 58.66 58.45 58.27 58.02 57.63 57.12 56.50 55.77 54.95 54.05 53.07 52.04 50.95 49.83 48.67 47.50 46.32 45.14 43.97 42.83 41.73 40.67 39.66 38.72 37.86 37.09 36.42 35.88 35.66 35.75 36.07 36.58 37.27 38.13 39.11 40.22 41.42 42.69 44.02 45.38 46.75 48.11 49.45 50.73 51.94 53.06 54.06 54.93 55.65 56.18 56.53 56.65 56.54 56.23 55.83 55.48 55.20 54.97 54.77 54.57 54.35 54.10 53.80
66.97 66.62 66.22 65.76 65.26 64.72 64.15 63.55 62.95 62.33 61.72 61.11 60.52 59.96 59.42 58.92 58.47 58.07 57.73 57.45 57.22 57.02 56.83 56.57 56.18 55.67 55.05 54.32 53.50 52.61 51.64 50.61 49.54 48.42 47.28 46.12 44.96 43.80 42.66 41.54 40.46 39.43 38.45 37.55 36.72 35.99 35.40 35.17 35.38 35.87 36.55 37.40 38.38 39.49 40.70 41.99 43.34 44.73 46.13 47.53 48.91 50.25 51.51 52.69 53.76 54.71 55.50 56.13 56.56 56.78 56.77 56.55 56.15 55.61 54.99 54.44 53.96 53.53 53.14 52.76 52.37 51.95
66.11 65.71 65.25 64.74 64.19 63.61 63.00 62.37 61.73 61.09 60.45 59.82 59.21 58.63 58.08 57.57 57.11 56.71 56.36 56.06 55.81 55.59 55.39 55.21 54.94 54.56 54.05 53.43 52.71 51.90 51.01 50.06 49.05 47.99 46.89 45.77 44.64 43.50 42.36 41.25 40.16 39.11 38.11 37.17 36.31 35.54 34.90 34.62 34.83 35.45 36.30 37.30 38.43 39.67 40.99 42.38 43.81 45.26 46.72 48.16 49.56 50.90 52.16 53.32 54.36 55.25 55.97 56.51 56.85 56.96 56.86 56.56 56.09 55.47 54.72 53.91 53.17 52.51 51.91 51.35 50.82 50.28
65.00 64.55 64.04 63.49 62.90 62.28 61.64 60.98 60.31 59.65 58.99 58.34 57.72 57.13 56.57 56.06 55.60 55.20 54.84 54.53 54.25 54.01 53.79 53.60 53.41 53.16 52.78 52.28 51.67 50.97 50.17 49.30 48.37 47.37 46.34 45.26 44.17 43.06 41.95 40.85 39.77 38.71 37.70 36.75 35.87 35.07 34.40 34.07 34.24 34.86 35.83 36.99 38.27 39.65 41.09 42.59 44.11 45.64 47.16 48.65 50.08 51.44 52.70 53.84 54.85 55.69 56.36 56.82 57.07 57.10 56.93 56.56 56.03 55.34 54.53 53.59 52.62 51.71 50.90 50.15 49.45 48.78
63.65 63.15 62.61 62.02 61.39 60.74 60.07 59.39 58.71 58.02 57.35 56.69 56.07 55.47 54.91 54.41 53.95 53.54 53.17 52.84 52.55 52.29 52.05 51.84 51.66 51.49 51.24 50.88 50.39 49.80 49.11 48.34 47.49 46.58 45.61 44.60 43.56 42.50 41.42 40.35 39.29 38.24 37.24 36.28 35.40 34.59 33.88 33.52 33.66 34.24 35.21 36.49 37.93 39.45 41.03 42.64 44.26 45.87 47.46 49.00 50.47 51.85 53.12 54.26 55.24 56.06 56.67 57.07 57.25 57.21 56.98 56.56 55.96 55.22 54.35 53.36 52.27 51.15 50.10 49.15 48.28 47.46
62.07 61.53 60.95 60.33 59.68 59.01 58.32 57.62 56.92 56.22 55.54 54.89 54.26 53.66 53.12 52.62 52.16 51.75 51.37 51.03 50.72 50.44 50.19 49.97 49.77 49.61 49.45 49.22 48.87 48.41 47.84 47.18 46.43 45.61 44.73 43.79 42.82 41.81 40.79 39.75 38.72 37.70 36.72 35.78 34.90 34.08 33.35 32.97 33.07 33.63 34.58 35.87 37.42 39.09 40.80 42.53 44.27 45.97 47.64 49.24 50.76 52.17 53.46 54.60 55.57 56.35 56.92 57.27 57.39 57.30 57.01 56.53 55.88 55.09 54.18 53.15 52.01 50.78 49.53 48.37 47.31 46.34
60.27 59.70 59.09 58.45 57.77 57.08 56.38 55.67 54.96 54.26 53.58 52.93 52.31 51.72 51.19 50.69 50.24 49.82 49.44 49.09 48.77 48.47 48.21 47.98 47.78 47.60 47.46 47.32 47.12 46.80 46.36 45.82 45.19 44.47 43.68 42.84 41.94 41.00 40.04 39.06 38.07 37.10 36.15 35.24 34.36 33.54 32.80 32.40 32.49 33.03 33.96 35.23 36.80 38.58 40.44 42.30 44.14 45.95 47.70 49.38 50.95 52.40 53.71 54.86 55.83 56.59 57.12 57.41 57.49 57.35 57.01 56.49 55.79 54.96 54.00 52.94 51.77 50.50 49.16 47.81 46.55 45.41
58.28 57.68 57.04 56.37 55.68 54.98 54.27 53.56 52.85 52.15 51.48 50.83 50.22 49.66 49.13 48.65 48.20 47.78 47.40 47.04 46.71 46.40 46.13 45.89 45.69 45.51 45.37 45.25 45.14 44.96 44.67 44.26 43.76 43.16 42.48 41.74 40.93 40.08 39.19 38.27 37.35 36.44 35.53 34.64 33.79 32.98 32.24 31.83 31.91 32.43 33.35 34.62 36.18 37.98 39.94 41.94 43.91 45.83 47.67 49.42 51.06 52.56 53.90 55.07 56.04 56.77 57.25 57.51 57.54 57.36 56.98 56.42 55.69 54.82 53.83 52.73 51.53 50.24 48.88 47.45 46.01 44.69
56.12 55.48 54.81 54.12 53.43 52.72 52.00 51.29 50.59 49.90 49.24 48.61 48.02 47.47 46.96 46.49 46.05 45.64 45.25 44.89 44.55 44.24 43.96 43.72 43.51 43.34 43.19 43.08 42.99 42.92 42.77 42.52 42.15 41.69 41.13 40.50 39.80 39.04 38.24 37.41 36.56 35.71 34.85 34.01 33.18 32.38 31.65 31.24 31.31 31.84 32.76 34.02 35.58 37.38 39.37 41.47 43.57 45.61 47.55 49.39 51.10 52.65 54.04 55.23 56.18 56.87 57.33 57.54 57.54 57.33 56.91 56.32 55.55 54.65 53.64 52.51 51.30 49.99 48.61 47.17 45.66 44.18
53.81 53.14 52.44 51.72 51.01 50.30 49.59 48.89 48.20 47.53 46.89 46.28 45.72 45.19 44.70 44.24 43.81 43.40 43.02 42.66 42.31 42.00 41.71 41.47 41.27 41.09 40.96 40.85 40.77 40.72 40.69 40.59 40.37 40.05 39.63 39.12 38.54 37.89 37.19 36.46 35.70 34.91 34.11 33.32 32.53 31.75 31.03 30.63 30.71 31.25 32.17 33.44 35.01 36.81 38.81 40.94 43.15 45.30 47.36 49.29 51.08 52.70 54.13 55.32 56.24 56.90 57.33 57.51 57.48 57.24 56.80 56.18 55.39 54.47 53.43 52.29 51.06 49.74 48.36 46.90 45.40 43.85
51.37 50.68 49.95 49.21 48.47 47.75 47.05 46.36 45.69 45.04 44.42 43.85 43.31 42.81 42.34 41.89 41.48 41.08 40.71 40.35 40.00 39.68 39.40 39.16 38.96 38.79 38.66 38.57 38.50 38.47 38.47 38.47 38.42 38.25 37.98 37.61 37.16 36.64 36.06 35.42 34.75 34.04 33.32 32.57 31.83 31.09 30.39 30.00 30.11 30.65 31.60 32.88 34.46 36.28 38.29 40.44 42.68 44.94 47.11 49.14 51.02 52.70 54.15 55.31 56.21 56.85 57.25 57.41 57.36 57.10 56.64 56.00 55.19 54.25 53.20 52.05 50.81 49.50 48.11 46.66 45.16 43.62
48.82 48.11 47.36 46.60 45.83 45.09 44.38 43.71 43.07 42.45 41.87 41.33 40.82 40.35 39.90 39.48 39.08 38.70 38.33 37.98 37.63 37.31 37.03 36.80 36.60 36.45 36.33 36.25 36.20 36.18 36.20 36.24 36.30 36.30 36.19 35.97 35.66 35.28 34.82 34.30 33.72 33.11 32.45 31.78 31.08 30.38 29.71 29.35 29.48 30.05 31.02 32.33 33.93 35.77 37.81 39.98 42.24 44.54 46.81 48.95 50.92 52.63 54.06 55.20 56.08 56.71 57.09 57.24 57.17 56.90 56.42 55.77 54.95 54.00 52.95 51.79 50.56 49.24 47.86 46.42 44.93 43.40
46.18 45.46 44.69 43.91 43.13 42.36 41.64 40.97 40.35 39.78 39.24 38.73 38.26 37.82 37.40 37.00 36.62 36.25 35.90 35.55 35.21 34.89 34.62 34.39 34.21 34.07 33.96 33.90 33.87 33.87 33.91 33.98 34.08 34.20 34.25 34.20 34.05 33.81 33.48 33.08 32.61 32.09 31.53 30.92 30.29 29.64 29.01 28.68 28.84 29.45 30.45 31.79 33.42 35.30 37.36 39.57 41.86 44.19 46.51 48.73 50.73 52.44 53.85 54.99 55.86 56.47 56.85 56.99 56.91 56.63 56.15 55.49 54.66 53.71 52.66 51.51 50.28 48.97 47.60 46.18 44.71 43.20
43.47 42.74 41.97 41.17 40.37 39.59 38.85 38.16 37.56 37.03 36.54 36.08 35.64 35.23 34.84 34.46 34.11 33.76 33.42 33.09 32.75 32.44 32.18 31.96 31.79 31.66 31.58 31.53 31.52 31.55 31.62 31.72 31.85 32.01 32.19 32.31 32.32 32.23 32.04 31.77 31.42 31.00 30.53 30.01 29.45 28.85 28.27 27.98 28.19 28.83 29.87 31.26 32.93 34.84 36.95 39.19 41.52 43.89 46.24 48.45 50.42 52.12 53.53 54.66 55.53 56.14 56.51 56.65 56.57 56.29 55.81 55.15 54.33 53.38 52.33 51.19 49.98 48.69 47.34 45.93 44.49 43.01
40.72 39.98 39.20 38.40 37.59 36.79 36.04 35.36 34.75 34.24 33.78 33.37 32.97 32.59 32.24 31.89 31.56 31.23 30.91 30.59 30.27 29.97 29.72 29.51 29.36 29.25 29.18 29.16 29.18 29.24 29.33 29.46 29.63 29.82 30.05 30.29 30.47 30.54 30.50 30.36 30.14 29.83 29.46 29.03 28.54 28.02 27.49 27.26 27.51 28.21 29.30 30.73 32.45 34.41 36.57 38.86 41.24 43.64 45.95 48.08 49.99 51.67 53.08 54.22 55.09 55.70 56.07 56.22 56.15 55.87 55.40 54.75 53.93 53.00 51.96 50.84 49.64 48.38 47.05 45.68 44.27 42.83
37.95 37.21 36.42 35.61 34.79 34.00 33.26 32.57 31.96 31.44 30.99 30.61 30.26 29.92 29.60 29.29 28.98 28.68 28.38 28.08 27.77 27.48 27.25 27.06 26.92 26.83 26.79 26.79 26.84 26.93 27.06 27.22 27.42 27.65 27.91 28.20 28.50 28.73 28.84 28.85 28.76 28.58 28.32 27.98 27.59 27.14 26.67 26.50 26.81 27.56 28.71 30.20 31.98 34.00 36.21 38.56 40.98 43.35 45.57 47.61 49.46 51.10 52.51 53.65 54.53 55.15 55.54 55.69 55.63 55.37 54.91 54.27 53.47 52.56 51.55 50.45 49.28 48.04 46.75 45.41 44.04 42.64
35.17 34.43 33.64 32.83 32.02 31.24 30.51 29.83 29.22 28.68 28.21 27.84 27.53 27.23 26.95 26.67 26.40 26.12 25.85 25.56 25.27 25.00 24.78 24.61 24.50 24.43 24.42 24.45 24.52 24.65 24.81 25.01 25.24 25.51 25.80 26.12 26.46 26.80 27.08 27.24 27.29 27.24 27.10 26.87 26.57 26.20 25.81 25.70 26.08 26.90 28.12 29.67 31.52 33.61 35.88 38.28 40.66 42.93 45.06 47.03 48.82 50.42 51.80 52.95 53.85 54.49 54.89 55.06 55.02 54.78 54.34 53.73 52.95 52.06 51.08 50.01 48.87 47.67 46.42 45.13 43.80 42.45
32.41 31.67 30.89 30.09 29.31 28.55 27.83 27.16 26.54 25.98 25.50 25.10 24.79 24.53 24.29 24.05 23.81 23.56 23.31 23.06 22.78 22.53 22.33 22.18 22.09 22.05 22.07 22.13 22.24 22.40 22.59 22.83 23.09 23.39 23.71 24.06 24.43 24.82 25.21 25.53 25.73 25.82 25.80 25.69 25.49 25.22 24.91 24.87 25.33 26.22 27.51 29.14 31.06 33.22 35.56 37.92 40.20 42.37 44.42 46.32 48.06 49.62 50.98 52.13 53.04 53.70 54.13 54.33 54.32 54.10 53.69 53.10 52.35 51.49 50.54 49.52 48.42 47.26 46.06 44.81 43.54 42.25
29.68 28.96 28.20 27.43 26.67 25.94 25.23 24.56 23.94 23.38 22.87 22.44 22.10 21.83 21.63 21.43 21.23 21.02 20.80 20.56 20.32 20.08 19.90 19.78 19.72 19.71 19.76 19.86 20.00 20.19 20.42 20.68 20.98 21.31 21.66 22.04 22.44 22.85 23.28 23.71 24.07 24.30 24.42 24.43 24.35 24.17 23.95 24.00 24.54 25.52 26.90 28.61 30.61 32.84 35.13 37.38 39.55 41.63 43.60 45.45 47.14 48.67 50.02 51.17 52.10 52.79 53.25 53.48 53.50 53.32 52.94 52.39 51.68 50.86 49.95 48.97 47.92 46.81 45.66 44.47 43.26 42.04
27.02 26.32 25.60 24.87 24.15 23.43 22.74 22.08 21.45 20.88 20.35 19.90 19.51 19.21 18.99 18.83 18.67 18.49 18.31 18.10 17.88 17.67 17.52 17.43 17.39 17.42 17.50 17.63 17.81 18.03 18.29 18.58 18.91 19.27 19.65 20.05 20.48 20.92 21.38 21.85 22.31 22.69 22.96 23.10 23.14 23.07 22.95 23.09 23.72 24.80 26.26 28.06 30.14 32.33 34.50 36.63 38.71 40.70 42.61 44.39 46.05 47.56 48.90 50.06 51.02 51.75 52.25 52.52 52.58 52.43 52.10 51.59 50.92 50.14 49.29 48.35 47.36 46.31 45.22 44.10 42.95 41.80
24.44 23.79 23.12 22.43 21.74 21.05 20.38 19.72 19.09 18.51 17.96 17.48 17.06 16.71 16.45 16.27 16.14 16.01 15.85 15.68 15.49 15.30 15.18 15.12 15.12 15.18 15.30 15.46 15.67 15.92 16.21 16.53 16.89 17.27 17.68 18.11 18.57 19.03 19.51 20.01 20.50 20.99 21.40 21.69 21.85 21.91 21.89 22.14 22.87 24.04 25.61 27.49 29.53 31.59 33.64 35.66 37.64 39.56 41.40 43.15 44.77 46.27 47.61 48.78 49.77 50.55 51.11 51.43 51.54 51.44 51.16 50.69 50.07 49.35 48.55 47.67 46.74 45.75 44.73 43.68 42.60 41.51
22.00 21.41 20.79 20.14 19.49 18.82 18.16 17.51 16.88 16.28 15.72 15.21 14.76 14.37 14.05 13.81 13.67 13.56 13.45 13.31 13.15 13.00 12.91 12.88 12.92 13.02 13.16 13.36 13.59 13.87 14.19 14.54 14.92 15.33 15.77 16.22 16.70 17.19 17.70 18.21 18.73 19.26 19.77 20.20 20.50 20.68 20.78 21.13 21.98 23.26 24.91 26.75 28.65 30.58 32.52 34.44 36.34 38.19 39.97 41.68 43.28 44.77 46.12 47.32 48.34 49.18 49.80 50.21 50.38 50.33 50.10 49.70 49.13 48.47 47.73 46.92 46.05 45.13 44.18 43.20 42.19 41.17
19.72 19.19 18.62 18.02 17.39 16.76 16.11 15.47 14.84 14.23 13.66 13.12 12.63 12.19 11.82 11.53 11.32 11.19 11.11 11.01 10.88 10.76 10.71 10.72 10.79 10.92 11.09 11.32 11.58 11.89 12.23 12.61 13.02 13.45 13.91 14.39 14.89 15.41 15.93 16.47 17.01 17.56 18.10 18.63 19.07 19.39 19.61 20.08 21.04 22.42 24.03 25.73 27.49 29.29 31.12 32.95 34.77 36.55 38.29 39.97 41.56 43.04 44.41 45.64 46.71 47.60 48.31 48.80 49.07 49.11 48.94 48.59 48.09 47.49 46.82 46.08 45.29 44.44 43.56 42.65 41.71 40.76
17.63 17.16 16.64 16.08 15.49 14.88 14.25 13.62 12.99 12.38 11.78 11.22 10.69 10.22 9.80 9.44 9.16 8.97 8.86 8.79 8.70 8.61 8.59 8.64 8.74 8.90 9.10 9.35 9.64 9.97 10.34 10.74 11.18 11.63 12.12 12.62 13.14 13.68 14.23 14.78 15.35 15.91 16.47 17.03 17.57 18.02 18.38 18.98 20.04 21.37 22.83 24.39 26.02 27.70 29.42 31.17 32.92 34.65 36.35 38.00 39.58 41.07 42.46 43.72 44.85 45.81 46.60 47.20 47.58 47.73 47.65 47.38 46.95 46.42 45.82 45.16 44.43 43.66 42.85 42.01 41.15 40.27
15.75 15.34 14.87 14.35 13.80 13.21 12.60 11.98 11.35 10.73 10.12 9.53 8.97 8.45 7.98 7.57 7.22 6.95 6.76 6.66 6.60 6.55 6.57 6.65 6.78 6.96 7.19 7.46 7.78 8.14 8.53 8.95 9.41 9.89 10.40 10.92 11.46 12.02 12.59 13.16 13.74 14.32 14.91 15.48 16.05 16.59 17.08 17.79 18.81 19.99 21.29 22.70 24.21 25.78 27.41 29.08 30.76 32.44 34.11 35.74 37.32 38.83 40.25 41.56 42.74 43.78 44.66 45.37 45.87 46.16 46.22 46.04 45.69 45.24 44.72 44.13 43.48 42.79 42.05 41.28 40.49 39.68
14.09 13.74 13.32 12.85 12.33 11.77 11.18 10.57 9.95 9.32 8.69 8.08 7.49 6.93 6.41 5.94 5.53 5.18 4.91 4.72 4.62 4.60 4.64 4.74 4.90 5.11 5.36 5.66 6.00 6.38 6.80 7.25 7.72 8.23 8.75 9.30 9.86 10.43 11.02 11.61 12.21 12.81 13.40 14.00 14.58 15.15 15.71 16.38 17.24 18.25 19.40 20.68 22.06 23.53 25.07 26.67 28.29 29.94 31.58 33.20 34.78 36.31 37.76 39.12 40.38 41.50 42.48 43.30 43.93 44.37 44.58 44.57 44.32 43.95 43.50 42.99 42.42 41.79 41.13 40.44 39.72 38.99
12.62 12.34 11.98 11.56 11.08 10.55 9.99 9.39 8.77 8.14 7.50 6.87 6.26 5.66 5.10 4.57 4.10 3.68 3.33 3.05 2.85 2.77 2.83 2.96 3.14 3.38 3.66 3.98 4.35 4.75 5.19 5.66 6.16 6.68 7.23 7.79 8.38 8.97 9.57 10.19 10.80 11.42 12.03 12.63 13.23 13.82 14.37 14.93 15.60 16.44 17.44 18.58 19.84 21.21 22.66 24.18 25.74 27.34 28.95 30.56 32.15 33.69 35.18 36.59 37.91 39.11 40.19 41.11 41.87 42.45 42.82 42.97 42.86 42.58 42.21 41.77 41.27 40.72 40.13 39.50 38.86 38.20
11.29 11.09 10.80 10.43 10.00 9.52 8.98 8.41 7.81 7.18 6.54 5.90 5.27 4.64 4.04 3.48 2.95 2.47 2.05 1.68 1.37 1.18 1.18 1.33 1.54 1.80 2.11 2.46 2.85 3.28 3.74 4.23 4.76 5.30 5.87 6.46 7.06 7.68 8.30 8.93 9.57 10.20 10.83 11.45 12.06 12.64 13.17 13.70 14.25 14.92 15.75 16.74 17.86 19.11 20.45 21.88 23.37 24.91 26.48 28.06 29.64 31.19 32.69 34.14 35.51 36.78 37.93 38.96 39.83 40.54 41.05 41.32 41.34 41.17 40.88 40.51 40.08 39.59 39.07 38.51 37.93 37.34
10.08 9.96 9.74 9.45 9.07 8.64 8.15 7.61 7.03 6.42 5.79 5.15 4.50 3.86 3.23 2.63 2.06 1.53 1.03 0.57 0.16 0.00 0.00 0.00 0.08 0.37 0.71 1.09 1.51 1.96 2.45 2.97 3.52 4.09 4.68 5.29 5.92 6.56 7.20 7.85 8.51 9.16 9.81 10.45 11.05 11.61 12.12 12.63 13.14 13.68 14.34 15.17 16.14 17.25 18.48 19.80 21.21 22.67 24.19 25.73 27.27 28.81 30.32 31.79 33.19 34.52 35.74 36.85 37.82 38.63 39.24 39.61 39.74 39.70 39.52 39.22 38.85 38.43 37.96 37.47 36.95 36.41
8.96 8.93 8.80 8.58 8.28 7.90 7.46 6.96 6.41 5.83 5.22 4.58 3.93 3.28 2.64 2.01 1.40 0.82 0.25 0.00 0.00 0.00 0.00 0.00 0.00 0.00 0.00 0.00 0.32 0.81 1.32 1.87 2.44 3.04 3.66 4.30 4.95 5.61 6.28 6.95 7.63 8.30 8.97 9.60 10.18 10.71 11.21 11.69 12.18 12.68 13.22 13.87 14.68 15.64 16.73 17.94 19.24 20.63 22.07 23.55 25.06 26.57 28.07 29.55 30.97 32.33 33.61 34.78 35.83 36.71 37.39 37.85 38.08 38.15 38.08 37.88 37.58 37.22 36.81 36.37 35.90 35.42
7.91 7.98 7.95 7.81 7.59 7.28 6.89 6.45 5.94 5.39 4.81 4.19 3.55 2.90 2.25 1.60 0.96 0.32 0.00 0.00 0.00 0.00 0.00 0.00 0.00 0.00 0.00 0.00 0.00 0.00 0.35 0.93 1.53 2.16 2.80 3.46 4.14 4.83 5.52 6.22 6.92 7.61 8.27 8.88 9.43 9.94 10.41 10.87 11.34 11.83 12.32 12.85 13.49 14.28 15.23 16.30 17.49 18.77 20.13 21.54 22.99 24.47 25.95 27.41 28.84 30.23 31.54 32.76 33.85 34.77 35.51 36.05 36.38 36.54 36.57 36.48 36.27 35.97 35.61 35.22 34.80 34.36
6.93 7.10 7.17 7.13 6.98 6.75 6.44 6.05 5.60 5.09 4.54 3.95 3.33 2.69 2.04 1.37 0.69 0.00 0.00 0.00 0.00 0.00 0.00 0.00 0.00 0.00 0.00 0.00 0.00 0.00 0.00 0.15 0.78 1.43 2.11 2.80 3.50 4.22 4.94 5.66 6.38 7.07 7.70 8.28 8.80 9.29 9.74 10.18 10.62 11.08 11.55 12.04 12.56 13.18 13.96 14.89 15.95 17.11 18.37 19.70 21.08 22.50 23.94 25.38 26.81 28.20 29.53 30.77 31.87 32.83 33.62 34.22 34.63 34.89 35.01 35.00 34.88 34.66 34.36 34.01 33.64 33.25
6.07 6.27 6.43 6.50 6.45 6.30 6.07 5.75 5.36 4.91 4.40 3.84 3.25 2.62 1.97 1.29 0.58 0.00 0.00 0.00 0.00 0.00 0.00 0.00 0.00 0.00 0.00 0.00 0.00 0.00 0.00 0.00 0.19 0.87 1.58 2.30 3.03 3.77 4.52 5.27 5.98 6.64 7.24 7.78 8.28 8.74 9.17 9.59 10.01 10.45 10.89 11.35 11.83 12.33 12.94 13.71 14.62 15.65 16.80 18.03 19.33 20.68 22.07 23.47 24.88 26.26 27.57 28.79 29.90 30.88 31.71 32.37 32.86 33.19 33.39 33.46 33.43 33.29 33.06 32.76 32.42 32.07
5.33 5.55 5.75 5.90 5.96 5.91 5.76 5.52 5.20 4.81 4.35 3.84 3.28 2.68 2.03 1.33 0.61 0.00 0.00 0.00 0.00 0.00 0.00 0.00 0.00 0.00 0.00 0.00 0.00 0.00 0.00 0.00 0.00 0.47 1.21 1.96 2.73 3.50 4.27 5.01 5.69 6.31 6.87 7.39 7.87 8.30 8.71 9.10 9.50 9.91 10.33 10.77 11.21 11.67 12.16 12.76 13.51 14.40 15.41 16.53 17.73 19.00 20.33 21.68 23.04 24.38 25.65 26.85 27.95 28.94 29.80 30.51 31.06 31.46 31.73 31.87 31.91 31.84 31.68 31.45 31.16 30.84
4.72 4.94 5.15 5.35 5.50 5.56 5.50 5.35 5.11 4.79 4.39 3.93 3.41 2.83 2.18 1.49 0.76 0.00 0.00 0.00 0.00 0.00 0.00 0.00 0.00 0.00 0.00 0.00 0.00 0.00 0.00 0.00 0.00 0.23 1.00 1.79 2.58 3.38 4.15 4.85 5.49 6.07 6.61 7.09 7.54 7.95 8.33 8.71 9.08 9.47 9.86 10.27 10.69 11.12 11.56 12.04 12.62 13.35 14.22 15.21 16.30 17.48 18.72 20.00 21.29 22.56 23.78 24.95 26.03 27.02 27.90 28.65 29.25 29.71 30.03 30.24 30.33 30.33 30.24 30.06 29.83 29.54
