data_processed/recharge/precip/Precip_2012_04.asc
ncols        168
nrows        136
xllcorner    455000
yllcorner    2107000
cellsize     500
NODATA_value     -99999
[rows 0 to 34 of 136, columns 0 to 77 of 168]
37.76 38.50 39.23 39.93 40.62 41.28 41.92 42.53 43.12 43.68 44.22 44.74 45.22 45.68 46.11 46.51 46.89 47.24 47.59 47.96 48.35 48.75 49.15 49.55 49.95 50.35 50.73 51.11 51.46 51.80 52.11 52.39 52.64 52.85 53.00 53.11 53.16 53.17 53.12 53.02 52.86 52.66 52.41 52.11 51.76 51.36 50.91 50.41 49.87 49.28 48.64 47.96 47.23 46.46 45.64 44.78 43.87 42.93 41.99 41.07 40.18 39.30 38.46 37.65 36.87 36.13 35.43 34.77 34.15 33.58 33.06 32.59 32.18 31.82 31.46 31.10 30.74 30.39
37.26 37.99 38.71 39.40 40.07 40.73 41.36 41.97 42.56 43.12 43.66 44.18 44.67 45.14 45.58 45.99 46.38 46.74 47.12 47.50 47.91 48.32 48.74 49.16 49.58 49.99 50.39 50.78 51.16 51.51 51.84 52.14 52.40 52.63 52.82 52.95 53.03 53.06 53.03 52.94 52.80 52.61 52.37 52.07 51.73 51.33 50.88 50.38 49.83 49.23 48.58 47.88 47.13 46.34 45.49 44.60 43.68 42.75 41.83 40.94 40.06 39.21 38.39 37.59 36.83 36.10 35.41 34.76 34.16 33.59 33.08 32.62 32.21 31.84 31.49 31.13 30.77 30.41
36.75 37.47 38.17 38.85 39.51 40.15 40.78 41.38 41.96 42.53 43.07 43.59 44.08 44.56 45.01 45.43 45.83 46.21 46.60 47.00 47.42 47.85 48.28 48.72 49.15 49.58 50.00 50.41 50.80 51.16 51.51 51.82 52.11 52.35 52.56 52.72 52.82 52.87 52.86 52.79 52.67 52.49 52.25 51.97 51.62 51.22 50.77 50.27 49.71 49.10 48.43 47.72 46.95 46.14 45.27 44.36 43.45 42.55 41.66 40.79 39.93 39.10 38.30 37.52 36.77 36.06 35.38 34.74 34.15 33.59 33.08 32.62 32.22 31.85 31.50 31.14 30.78 30.43
36.23 36.92 37.61 38.27 38.92 39.55 40.17 40.76 41.34 41.90 42.44 42.96 43.46 43.94 44.40 44.83 45.25 45.64 46.04 46.46 46.89 47.33 47.78 48.23 48.68 49.12 49.55 49.98 50.38 50.76 51.12 51.45 51.75 52.01 52.23 52.41 52.54 52.61 52.62 52.57 52.46 52.29 52.07 51.78 51.44 51.04 50.59 50.08 49.51 48.89 48.22 47.49 46.70 45.87 44.98 44.09 43.21 42.33 41.47 40.62 39.79 38.98 38.19 37.43 36.70 36.00 35.34 34.71 34.12 33.57 33.07 32.62 32.21 31.85 31.49 31.14 30.78 30.43
35.69 36.36 37.03 37.67 38.31 38.93 39.53 40.12 40.70 41.25 41.79 42.31 42.81 43.30 43.76 44.20 44.62 45.03 45.44 45.87 46.31 46.77 47.23 47.69 48.15 48.61 49.06 49.49 49.91 50.31 50.68 51.02 51.34 51.61 51.85 52.04 52.18 52.27 52.30 52.27 52.18 52.02 51.80 51.53 51.19 50.79 50.34 49.82 49.25 48.62 47.93 47.18 46.38 45.53 44.67 43.81 42.95 42.10 41.26 40.44 39.63 38.84 38.08 37.33 36.62 35.93 35.28 34.66 34.08 33.54 33.05 32.60 32.19 31.83 31.48 31.12 30.77 30.41
35.13 35.79 36.43 37.06 37.68 38.29 38.88 39.46 40.02 40.57 41.11 41.63 42.13 42.62 43.08 43.53 43.96 44.38 44.80 45.24 45.70 46.17 46.64 47.11 47.59 48.06 48.51 48.96 49.39 49.80 50.18 50.54 50.87 51.15 51.40 51.61 51.76 51.87 51.92 51.90 51.82 51.68 51.47 51.20 50.87 50.47 50.01 49.50 48.91 48.27 47.57 46.81 46.00 45.17 44.34 43.50 42.68 41.86 41.04 40.24 39.46 38.69 37.94 37.22 36.52 35.85 35.21 34.60 34.03 33.50 33.01 32.56 32.16 31.80 31.45 31.09 30.74 30.38
34.56 35.19 35.82 36.43 37.03 37.62 38.20 38.77 39.33 39.87 40.40 40.92 41.42 41.91 42.38 42.83 43.27 43.69 44.13 44.58 45.04 45.52 46.00 46.49 46.97 47.45 47.92 48.38 48.82 49.24 49.64 50.00 50.34 50.64 50.90 51.11 51.28 51.40 51.46 51.46 51.40 51.27 51.07 50.81 50.48 50.08 49.62 49.10 48.51 47.86 47.15 46.38 45.59 44.79 43.99 43.19 42.39 41.60 40.81 40.03 39.27 38.53 37.80 37.09 36.41 35.75 35.12 34.52 33.96 33.44 32.95 32.51 32.11 31.75 31.40 31.05 30.70 30.34
33.98 34.59 35.19 35.78 36.36 36.94 37.51 38.06 38.61 39.14 39.67 40.18 40.68 41.17 41.64 42.10 42.54 42.97 43.42 43.88 44.35 44.84 45.33 45.82 46.32 46.81 47.29 47.75 48.20 48.63 49.04 49.42 49.76 50.07 50.34 50.57 50.74 50.87 50.94 50.96 50.91 50.79 50.60 50.34 50.02 49.62 49.16 48.63 48.04 47.38 46.66 45.92 45.16 44.40 43.63 42.86 42.09 41.32 40.56 39.81 39.07 38.35 37.64 36.95 36.28 35.64 35.02 34.44 33.88 33.37 32.89 32.45 32.05 31.69 31.34 30.99 30.64 30.29
33.39 33.97 34.55 35.12 35.68 36.24 36.79 37.33 37.87 38.40 38.91 39.42 39.92 40.40 40.87 41.34 41.78 42.22 42.67 43.14 43.62 44.12 44.62 45.12 45.62 46.12 46.60 47.08 47.54 47.98 48.39 48.78 49.13 49.45 49.73 49.96 50.15 50.28 50.37 50.39 50.35 50.24 50.06 49.81 49.49 49.10 48.64 48.10 47.50 46.84 46.15 45.44 44.72 43.99 43.25 42.51 41.77 41.04 40.30 39.57 38.86 38.15 37.46 36.79 36.14 35.51 34.91 34.33 33.79 33.28 32.81 32.37 31.98 31.62 31.27 30.92 30.57 30.22
32.79 33.34 33.89 34.44 34.99 35.53 36.06 36.59 37.11 37.63 38.13 38.63 39.13 39.61 40.08 40.54 41.00 41.44 41.90 42.37 42.86 43.36 43.86 44.37 44.88 45.38 45.88 46.36 46.83 47.27 47.69 48.09 48.45 48.77 49.06 49.30 49.50 49.64 49.73 49.76 49.73 49.63 49.46 49.22 48.90 48.51 48.04 47.51 46.91 46.27 45.62 44.95 44.26 43.57 42.87 42.16 41.45 40.74 40.03 39.32 38.63 37.95 37.28 36.62 35.98 35.37 34.78 34.22 33.68 33.18 32.71 32.28 31.89 31.54 31.19 30.84 30.49 30.14
32.18 32.71 33.23 33.76 34.28 34.80 35.31 35.83 36.33 36.84 37.34 37.83 38.31 38.79 39.26 39.73 40.18 40.63 41.09 41.57 42.06 42.57 43.08 43.59 44.10 44.61 45.11 45.60 46.07 46.52 46.95 47.35 47.72 48.05 48.34 48.59 48.79 48.94 49.04 49.07 49.05 48.96 48.79 48.56 48.24 47.85 47.39 46.86 46.29 45.69 45.08 44.44 43.80 43.13 42.46 41.79 41.11 40.42 39.74 39.06 38.39 37.73 37.07 36.44 35.82 35.22 34.64 34.09 33.56 33.07 32.61 32.18 31.79 31.44 31.09 30.74 30.39 30.05
31.57 32.06 32.56 33.06 33.56 34.06 34.55 35.05 35.54 36.03 36.52 37.00 37.48 37.95 38.42 38.88 39.34 39.79 40.25 40.73 41.23 41.74 42.25 42.77 43.29 43.80 44.31 44.80 45.27 45.73 46.16 46.56 46.94 47.27 47.57 47.82 48.03 48.19 48.29 48.33 48.31 48.22 48.07 47.84 47.53 47.14 46.68 46.18 45.65 45.10 44.52 43.93 43.31 42.69 42.05 41.40 40.75 40.10 39.44 38.79 38.14 37.49 36.86 36.24 35.64 35.05 34.49 33.95 33.43 32.94 32.49 32.07 31.68 31.33 30.98 30.64 30.29 29.94
30.95 31.41 31.88 32.35 32.83 33.30 33.78 34.25 34.73 35.21 35.68 36.15 36.62 37.09 37.55 38.01 38.47 38.92 39.39 39.87 40.37 40.88 41.40 41.92 42.44 42.95 43.46 43.96 44.43 44.89 45.33 45.73 46.11 46.45 46.75 47.01 47.22 47.38 47.48 47.53 47.51 47.43 47.28 47.05 46.75 46.37 45.95 45.49 45.00 44.49 43.95 43.40 42.82 42.23 41.62 41.01 40.38 39.76 39.13 38.50 37.87 37.25 36.64 36.03 35.45 34.87 34.32 33.79 33.29 32.81 32.36 31.94 31.56 31.21 30.86 30.52 30.17 29.82
30.33 30.76 31.20 31.64 32.09 32.54 32.99 33.45 33.91 34.37 34.83 35.29 35.75 36.21 36.67 37.12 37.58 38.03 38.50 38.98 39.48 39.99 40.51 41.03 41.55 42.07 42.58 43.08 43.56 44.02 44.45 44.86 45.24 45.58 45.88 46.14 46.36 46.52 46.63 46.68 46.66 46.58 46.44 46.21 45.92 45.58 45.20 44.78 44.34 43.87 43.37 42.85 42.31 41.75 41.18 40.60 40.00 39.40 38.80 38.19 37.59 36.99 36.40 35.81 35.24 34.68 34.15 33.63 33.13 32.66 32.21 31.80 31.42 31.07 30.73 30.38 30.04 29.69
29.70 30.10 30.51 30.92 31.34 31.77 32.20 32.63 33.07 33.52 33.96 34.41 34.86 35.31 35.76 36.21 36.66 37.11 37.58 38.06 38.56 39.07 39.59 40.11 40.64 41.15 41.66 42.16 42.64 43.10 43.54 43.95 44.32 44.67 44.97 45.23 45.45 45.61 45.72 45.77 45.76 45.68 45.53 45.32 45.06 44.77 44.44 44.07 43.67 43.24 42.78 42.30 41.79 41.27 40.73 40.18 39.61 39.04 38.46 37.88 37.30 36.72 36.15 35.58 35.03 34.48 33.96 33.45 32.96 32.50 32.06 31.65 31.28 30.93 30.58 30.24 29.90 29.55
29.08 29.44 29.82 30.20 30.59 30.99 31.40 31.81 32.23 32.65 33.08 33.51 33.95 34.39 34.83 35.28 35.72 36.17 36.64 37.12 37.62 38.13 38.65 39.17 39.69 40.20 40.71 41.20 41.68 42.14 42.58 42.99 43.37 43.71 44.01 44.28 44.49 44.65 44.76 44.81 44.80 44.73 44.59 44.40 44.19 43.94 43.66 43.34 42.98 42.59 42.17 41.73 41.26 40.77 40.26 39.74 39.21 38.66 38.11 37.55 37.00 36.44 35.88 35.34 34.80 34.27 33.75 33.26 32.78 32.32 31.89 31.49 31.12 30.77 30.43 30.08 29.74 29.40
28.46 28.78 29.12 29.48 29.84 30.21 30.59 30.98 31.37 31.78 32.19 32.61 33.03 33.46 33.89 34.33 34.77 35.21 35.67 36.15 36.65 37.16 37.67 38.19 38.71 39.22 39.72 40.22 40.70 41.15 41.59 42.00 42.37 42.71 43.01 43.27 43.49 43.65 43.76 43.81 43.79 43.72 43.61 43.47 43.30 43.10 42.86 42.59 42.28 41.93 41.55 41.15 40.72 40.26 39.79 39.30 38.79 38.27 37.75 37.22 36.68 36.15 35.61 35.08 34.56 34.04 33.54 33.06 32.59 32.14 31.72 31.32 30.95 30.60 30.26 29.92 29.58 29.24
27.84 28.13 28.43 28.75 29.08 29.42 29.77 30.14 30.51 30.89 31.29 31.69 32.09 32.51 32.93 33.36 33.79 34.23 34.69 35.17 35.66 36.16 36.67 37.18 37.70 38.21 38.71 39.20 39.67 40.13 40.56 40.96 41.33 41.67 41.97 42.23 42.44 42.60 42.70 42.75 42.74 42.70 42.63 42.53 42.40 42.24 42.05 41.82 41.56 41.26 40.92 40.55 40.16 39.74 39.30 38.84 38.36 37.88 37.38 36.87 36.36 35.84 35.33 34.81 34.31 33.81 33.32 32.84 32.39 31.95 31.53 31.13 30.77 30.42 30.08 29.74 29.40 29.06
27.22 27.47 27.74 28.02 28.32 28.63 28.96 29.29 29.64 30.00 30.37 30.76 31.15 31.55 31.96 32.38 32.80 33.23 33.69 34.16 34.64 35.14 35.64 36.15 36.66 37.16 37.66 38.15 38.62 39.07 39.49 39.89 40.26 40.59 40.89 41.14 41.35 41.50 41.61 41.66 41.67 41.67 41.63 41.58 41.49 41.37 41.22 41.04 40.82 40.57 40.28 39.95 39.59 39.21 38.80 38.37 37.92 37.46 36.99 36.51 36.02 35.52 35.03 34.53 34.04 33.56 33.08 32.62 32.17 31.74 31.33 30.94 30.57 30.23 29.89 29.55 29.21 28.88
26.61 26.82 27.05 27.30 27.56 27.84 28.14 28.44 28.77 29.10 29.45 29.82 30.19 30.58 30.97 31.38 31.79 32.22 32.66 33.13 33.61 34.10 34.59 35.10 35.60 36.10 36.59 37.07 37.53 37.97 38.39 38.79 39.15 39.48 39.77 40.01 40.22 40.37 40.47 40.54 40.59 40.62 40.63 40.61 40.56 40.49 40.38 40.24 40.07 39.86 39.62 39.33 39.01 38.66 38.29 37.89 37.47 37.04 36.59 36.14 35.67 35.20 34.72 34.24 33.77 33.30 32.84 32.39 31.95 31.52 31.12 30.73 30.37 30.03 29.69 29.35 29.02 28.68
26.00 26.17 26.37 26.58 26.80 27.05 27.31 27.59 27.89 28.20 28.53 28.87 29.22 29.59 29.97 30.37 30.77 31.19 31.62 32.08 32.55 33.03 33.52 34.02 34.51 35.00 35.48 35.96 36.41 36.85 37.26 37.65 38.00 38.33 38.61 38.85 39.04 39.19 39.32 39.42 39.51 39.57 39.61 39.63 39.62 39.58 39.52 39.42 39.29 39.13 38.93 38.69 38.42 38.11 37.77 37.40 37.01 36.61 36.19 35.75 35.31 34.86 34.40 33.94 33.49 33.03 32.58 32.14 31.71 31.30 30.90 30.52 30.16 29.82 29.48 29.15 28.81 28.47
25.41 25.54 25.69 25.86 26.05 26.26 26.49 26.74 27.01 27.30 27.60 27.92 28.25 28.60 28.97 29.35 29.74 30.14 30.57 31.02 31.48 31.95 32.43 32.92 33.40 33.88 34.36 34.82 35.27 35.69 36.10 36.48 36.83 37.14 37.41 37.65 37.84 38.01 38.16 38.30 38.41 38.51 38.59 38.64 38.67 38.67 38.64 38.59 38.50 38.38 38.22 38.03 37.81 37.54 37.23 36.90 36.54 36.16 35.77 35.36 34.94 34.51 34.07 33.63 33.19 32.75 32.31 31.89 31.47 31.06 30.66 30.29 29.93 29.60 29.26 28.93 28.59 28.26
24.82 24.91 25.01 25.15 25.30 25.48 25.67 25.89 26.13 26.39 26.66 26.96 27.27 27.60 27.95 28.31 28.69 29.09 29.50 29.94 30.39 30.85 31.32 31.80 32.27 32.74 33.21 33.66 34.09 34.51 34.91 35.28 35.61 35.92 36.18 36.41 36.62 36.82 37.00 37.16 37.31 37.44 37.55 37.64 37.70 37.74 37.75 37.74 37.69 37.61 37.50 37.35 37.17 36.95 36.68 36.39 36.06 35.71 35.34 34.96 34.56 34.15 33.73 33.31 32.89 32.46 32.04 31.62 31.21 30.81 30.42 30.05 29.70 29.37 29.03 28.70 28.37 28.03
24.25 24.29 24.35 24.44 24.56 24.70 24.86 25.04 25.25 25.48 25.73 26.00 26.29 26.60 26.93 27.27 27.64 28.02 28.42 28.85 29.28 29.73 30.19 30.66 31.12 31.58 32.03 32.47 32.90 33.30 33.69 34.05 34.37 34.67 34.93 35.17 35.40 35.62 35.83 36.03 36.20 36.36 36.51 36.63 36.72 36.80 36.85 36.87 36.86 36.82 36.75 36.65 36.51 36.33 36.11 35.86 35.57 35.24 34.90 34.54 34.17 33.78 33.39 32.98 32.57 32.16 31.75 31.35 30.94 30.55 30.17 29.81 29.46 29.12 28.79 28.46 28.13 27.80
23.67 23.68 23.70 23.75 23.82 23.92 24.05 24.20 24.37 24.57 24.79 25.04 25.30 25.59 25.90 26.23 26.58 26.94 27.33 27.74 28.17 28.60 29.05 29.50 29.95 30.40 30.84 31.26 31.68 32.07 32.44 32.79 33.10 33.39 33.66 33.93 34.18 34.43 34.66 34.88 35.09 35.28 35.45 35.60 35.73 35.84 35.93 35.98 36.01 36.01 35.98 35.92 35.82 35.69 35.52 35.31 35.06 34.77 34.46 34.12 33.77 33.40 33.03 32.64 32.25 31.85 31.46 31.06 30.67 30.29 29.91 29.55 29.21 28.87 28.54 28.21 27.88 27.55
23.09 23.07 23.06 23.06 23.09 23.15 23.24 23.36 23.50 23.67 23.86 24.07 24.32 24.58 24.87 25.18 25.51 25.86 26.23 26.63 27.04 27.46 27.89 28.33 28.76 29.19 29.62 30.03 30.43 30.81 31.17 31.50 31.81 32.11 32.40 32.68 32.96 33.23 33.49 33.74 33.97 34.19 34.39 34.57 34.73 34.87 34.99 35.08 35.15 35.19 35.19 35.17 35.11 35.02 34.90 34.73 34.53 34.28 34.00 33.69 33.36 33.02 32.66 32.29 31.91 31.53 31.15 30.77 30.39 30.01 29.64 29.29 28.94 28.61 28.29 27.96 27.63 27.30
22.50 22.46 22.42 22.39 22.38 22.40 22.45 22.52 22.63 22.76 22.93 23.11 23.33 23.57 23.83 24.12 24.43 24.77 25.13 25.50 25.90 26.30 26.72 27.14 27.56 27.98 28.39 28.78 29.17 29.53 29.88 30.20 30.51 30.82 31.13 31.44 31.74 32.03 32.31 32.58 32.84 33.09 33.31 33.53 33.72 33.89 34.04 34.17 34.27 34.34 34.39 34.40 34.38 34.33 34.25 34.13 33.97 33.77 33.53 33.25 32.94 32.62 32.28 31.93 31.57 31.21 30.84 30.46 30.09 29.73 29.36 29.01 28.67 28.35 28.02 27.69 27.37 27.04
21.90 21.84 21.77 21.72 21.67 21.65 21.66 21.70 21.77 21.87 22.00 22.15 22.34 22.55 22.79 23.06 23.35 23.67 24.01 24.37 24.75 25.14 25.54 25.94 26.34 26.74 27.13 27.52 27.88 28.23 28.57 28.89 29.22 29.55 29.87 30.20 30.52 30.83 31.13 31.42 31.71 31.98 32.23 32.47 32.69 32.89 33.07 33.23 33.37 33.48 33.56 33.61 33.63 33.62 33.58 33.50 33.38 33.22 33.03 32.79 32.51 32.21 31.89 31.56 31.22 30.87 30.51 30.15 29.79 29.43 29.08 28.73 28.40 28.07 27.74 27.42 27.09 26.77
21.29 21.20 21.12 21.04 20.97 20.91 20.88 20.88 20.91 20.98 21.07 21.20 21.36 21.54 21.76 22.00 22.27 22.57 22.89 23.23 23.59 23.96 24.34 24.73 25.11 25.49 25.87 26.23 26.58 26.92 27.25 27.59 27.93 28.27 28.62 28.96 29.29 29.62 29.95 30.26 30.57 30.86 31.14 31.41 31.65 31.89 32.10 32.29 32.45 32.59 32.71 32.80 32.86 32.88 32.88 32.84 32.76 32.65 32.50 32.30 32.07 31.80 31.50 31.19 30.86 30.52 30.18 29.83 29.48 29.13 28.78 28.44 28.11 27.78 27.46 27.14 26.81 26.49
20.68 20.56 20.46 20.36 20.26 20.18 20.11 20.07 20.07 20.10 20.16 20.25 20.38 20.53 20.72 20.94 21.19 21.47 21.77 22.09 22.43 22.78 23.14 23.50 23.87 24.23 24.59 24.93 25.27 25.60 25.95 26.30 26.65 27.01 27.36 27.72 28.07 28.42 28.76 29.10 29.42 29.74 30.04 30.33 30.61 30.86 31.10 31.32 31.52 31.69 31.84 31.96 32.06 32.12 32.15 32.15 32.12 32.05 31.94 31.79 31.60 31.37 31.09 30.80 30.49 30.17 29.84 29.50 29.16 28.82 28.48 28.14 27.81 27.49 27.17 26.85 26.52 26.20
20.05 19.92 19.79 19.66 19.55 19.45 19.35 19.28 19.23 19.22 19.25 19.31 19.40 19.53 19.69 19.88 20.11 20.36 20.64 20.94 21.26 21.59 21.93 22.27 22.62 22.96 23.30 23.62 23.96 24.30 24.65 25.01 25.37 25.74 26.11 26.48 26.85 27.21 27.57 27.92 28.27 28.61 28.93 29.25 29.55 29.83 30.10 30.34 30.57 30.77 30.96 31.11 31.24 31.34 31.41 31.44 31.45 31.42 31.35 31.24 31.09 30.91 30.67 30.41 30.11 29.81 29.49 29.16 28.83 28.50 28.17 27.83 27.51 27.19 26.87 26.55 26.23 25.91
19.42 19.26 19.11 18.96 18.83 18.70 18.59 18.49 18.41 18.36 18.35 18.38 18.44 18.53 18.66 18.83 19.03 19.26 19.52 19.80 20.09 20.40 20.71 21.04 21.36 21.68 22.00 22.32 22.66 23.01 23.36 23.73 24.10 24.48 24.86 25.24 25.62 26.00 26.38 26.75 27.12 27.47 27.82 28.15 28.48 28.79 29.08 29.35 29.61 29.84 30.05 30.24 30.40 30.53 30.63 30.71 30.75 30.76 30.73 30.66 30.56 30.41 30.23 30.00 29.73 29.44 29.13 28.82 28.50 28.17 27.85 27.52 27.20 26.88 26.56 26.24 25.92 25.61
18.78 18.60 18.42 18.26 18.10 17.95 17.82 17.70 17.60 17.51 17.46 17.45 17.48 17.54 17.64 17.78 17.95 18.16 18.39 18.65 18.92 19.20 19.49 19.79 20.09 20.39 20.70 21.03 21.37 21.72 22.09 22.46 22.84 23.22 23.61 24.01 24.40 24.79 25.18 25.57 25.95 26.33 26.70 27.05 27.40 27.73 28.04 28.34 28.62 28.89 29.13 29.34 29.53 29.70 29.84 29.95 30.02 30.07 30.08 30.05 29.99 29.89 29.74 29.56 29.33 29.06 28.77 28.47 28.16 27.84 27.52 27.20 26.88 26.56 26.25 25.93 25.61 25.30
18.14 17.93 17.73 17.54 17.37 17.20 17.04 16.90 16.78 16.67 16.59 16.54 16.53 16.56 16.63 16.73 16.88 17.06 17.27 17.50 17.74 18.00 18.27 18.54 18.82 19.11 19.42 19.75 20.09 20.45 20.81 21.19 21.58 21.97 22.37 22.77 23.18 23.58 23.99 24.39 24.79 25.18 25.57 25.94 26.31 26.66 27.00 27.32 27.63 27.91 28.18 28.43 28.65 28.85 29.02 29.16 29.27 29.35 29.40 29.41 29.39 29.32 29.22 29.08 28.89 28.66 28.40 28.11 27.81 27.50 27.18 26.87 26.55 26.24 25.92 25.61 25.29 24.98
17.49 17.26 17.04 16.83 16.63 16.44 16.26 16.10 15.95 15.83 15.72 15.64 15.59 15.59 15.62 15.70 15.81 15.97 16.15 16.35 16.57 16.80 17.05 17.30 17.56 17.85 18.16 18.49 18.83 19.18 19.55 19.94 20.33 20.73 21.13 21.54 21.96 22.37 22.79 23.21 23.62 24.03 24.43 24.82 25.20 25.58 25.94 26.28 26.61 26.93 27.22 27.49 27.74 27.97 28.17 28.35 28.49 28.61 28.69 28.74 28.75 28.73 28.67 28.57 28.42 28.24 28.01 27.74 27.45 27.15 26.84 26.53 26.22 25.91 25.59 25.28 24.97 24.66
