data_processed/recharge/precip/Precip_2008_08.asc
ncols        168
nrows        136
xllcorner    455000
yllcorner    2107000
cellsize     500
NODATA_value     -99999
[rows 0 to 31 of 136, columns 0 to 73 of 168]
256.26 252.73 250.42 248.82 247.49 246.22 245.01 243.86 242.78 241.76 240.81 239.93 239.11 238.36 237.67 237.05 236.50 236.02 235.54 234.82 233.87 232.94 232.35 232.36 232.94 233.72 234.65 235.75 237.02 238.45 239.90 241.34 242.81 244.32 245.92 247.62 249.47 251.48 253.69 256.14 258.84 261.82 265.13 269.01 274.46 282.20 292.45 305.37 321.03 337.01 350.18 360.39 367.79 372.55 375.34 377.48 379.37 381.00 382.32 383.27 383.82 383.92 383.51 382.55 381.00 378.81 375.94 372.33 368.10 363.70 359.26 354.69 349.85 344.64
250.93 247.90 245.89 244.39 243.05 241.76 240.54 239.38 238.28 237.25 236.27 235.37 234.52 233.74 233.03 232.37 231.78 231.26 230.80 230.36 229.78 229.12 228.67 228.70 229.23 229.94 230.81 231.85 233.02 234.20 235.37 236.55 237.77 239.06 240.45 241.96 243.64 245.50 247.58 249.91 252.51 255.43 258.68 262.29 266.55 272.56 281.08 292.35 306.42 320.88 332.62 341.48 347.63 351.77 355.28 358.61 361.72 364.56 367.10 369.27 371.04 372.36 373.19 373.47 373.16 372.21 370.58 368.22 365.09 361.26 357.12 352.75 348.05 342.90
246.40 244.00 242.37 240.97 239.64 238.36 237.15 236.00 234.90 233.87 232.90 231.99 231.13 230.34 229.61 228.95 228.34 227.79 227.31 226.88 226.50 226.06 225.72 225.75 226.18 226.80 227.58 228.47 229.37 230.25 231.12 232.02 232.98 234.03 235.19 236.51 238.00 239.70 241.63 243.83 246.33 249.15 252.33 255.90 259.88 264.58 271.18 280.55 292.78 305.49 315.54 322.83 328.06 332.69 337.18 341.50 345.61 349.46 353.00 356.19 358.98 361.32 363.17 364.48 365.20 365.29 364.69 363.37 361.28 358.37 354.71 350.57 346.02 340.96
242.77 241.02 239.60 238.25 236.95 235.71 234.52 233.39 232.32 231.31 230.36 229.46 228.62 227.84 227.11 226.45 225.84 225.29 224.80 224.37 224.00 223.68 223.41 223.39 223.71 224.20 224.80 225.39 225.95 226.49 227.05 227.66 228.35 229.15 230.08 231.18 232.47 233.99 235.77 237.83 240.20 242.92 246.02 249.52 253.45 257.85 263.04 270.31 280.46 291.16 299.31 305.37 310.85 316.25 321.52 326.64 331.54 336.19 340.53 344.52 348.12 351.27 353.94 356.06 357.61 358.52 358.76 358.27 357.02 354.95 352.02 348.26 343.89 338.92
239.97 238.55 237.19 235.90 234.65 233.46 232.32 231.24 230.21 229.24 228.32 227.46 226.65 225.90 225.20 224.55 223.97 223.44 222.96 222.54 222.18 221.87 221.62 221.53 221.70 221.98 222.25 222.46 222.66 222.86 223.10 223.40 223.80 224.33 225.02 225.88 226.97 228.30 229.90 231.81 234.05 236.66 239.65 243.08 246.95 251.31 256.18 261.91 269.79 278.26 284.89 290.96 296.99 302.96 308.81 314.51 320.00 325.23 330.17 334.76 338.95 342.71 345.98 348.72 350.88 352.41 353.27 353.41 352.78 351.35 349.05 345.85 341.76 336.91
237.42 236.09 234.82 233.60 232.43 231.31 230.24 229.22 228.25 227.34 226.47 225.66 224.90 224.20 223.54 222.94 222.39 221.90 221.45 221.06 220.73 220.44 220.22 220.06 220.00 219.92 219.77 219.60 219.42 219.26 219.16 219.15 219.25 219.50 219.92 220.55 221.41 222.54 223.95 225.69 227.79 230.26 233.15 236.48 240.29 244.59 249.42 254.82 261.07 267.76 274.16 280.57 286.97 293.31 299.53 305.60 311.46 317.08 322.40 327.38 331.97 336.12 339.79 342.93 345.49 347.43 348.71 349.27 349.06 348.05 346.18 343.41 339.69 335.02
234.80 233.56 232.38 231.24 230.15 229.11 228.11 227.17 226.27 225.43 224.63 223.88 223.18 222.53 221.93 221.38 220.87 220.42 220.02 219.67 219.37 219.12 218.92 218.76 218.47 217.96 217.39 216.81 216.24 215.72 215.27 214.93 214.72 214.67 214.82 215.19 215.81 216.72 217.94 219.50 221.43 223.77 226.53 229.76 233.48 237.71 242.50 247.87 253.86 260.32 266.90 273.52 280.13 286.67 293.11 299.40 305.49 311.33 316.88 322.09 326.92 331.31 335.22 338.61 341.43 343.63 345.16 345.98 346.04 345.30 343.71 341.21 337.77 333.11
232.50 231.34 230.23 229.16 228.13 227.15 226.22 225.33 224.49 223.70 222.95 222.24 221.59 220.98 220.41 219.90 219.43 219.01 218.63 218.30 218.02 217.79 217.60 217.43 217.08 216.29 215.29 214.29 213.32 212.41 211.60 210.91 210.38 210.03 209.89 209.99 210.36 211.04 212.05 213.41 215.17 217.35 219.98 223.09 226.70 230.86 235.59 240.95 247.01 253.58 260.32 267.12 273.91 280.64 287.27 293.76 300.04 306.09 311.85 317.27 322.31 326.92 331.05 334.67 337.71 340.14 341.91 342.97 343.28 342.79 341.44 339.19 335.78 330.73
230.67 229.55 228.48 227.46 226.48 225.55 224.65 223.80 223.00 222.23 221.51 220.83 220.20 219.61 219.06 218.56 218.10 217.69 217.32 216.99 216.71 216.47 216.25 216.04 215.64 214.77 213.49 212.07 210.68 209.38 208.20 207.15 206.28 205.60 205.16 204.98 205.09 205.53 206.31 207.47 209.04 211.05 213.53 216.51 220.01 224.08 228.77 234.17 240.32 246.98 253.82 260.78 267.75 274.68 281.51 288.19 294.68 300.93 306.90 312.53 317.79 322.62 326.98 330.82 334.10 336.77 338.78 340.08 340.63 340.39 339.29 337.08 333.28 327.76
229.31 228.22 227.18 226.19 225.23 224.32 223.44 222.61 221.81 221.06 220.35 219.67 219.04 218.45 217.90 217.39 216.92 216.50 216.11 215.77 215.46 215.16 214.88 214.61 214.16 213.23 211.85 210.13 208.33 206.62 205.04 203.63 202.40 201.40 200.64 200.17 200.00 200.18 200.72 201.66 203.03 204.86 207.18 210.01 213.39 217.39 222.11 227.58 233.80 240.52 247.44 254.50 261.63 268.75 275.78 282.66 289.36 295.82 302.00 307.85 313.33 318.39 322.97 327.05 330.56 333.47 335.72 337.27 338.07 338.07 337.01 334.44 330.18 324.23
228.42 227.36 226.35 225.36 224.41 223.50 222.62 221.78 220.98 220.22 219.49 218.80 218.15 217.54 216.96 216.43 215.93 215.47 215.05 214.66 214.27 213.89 213.52 213.18 212.66 211.65 210.18 208.34 206.25 204.13 202.15 200.35 198.76 197.41 196.32 195.54 195.09 194.99 195.28 195.99 197.15 198.78 200.92 203.60 206.89 210.90 215.66 221.18 227.44 234.21 241.20 248.33 255.56 262.84 270.06 277.15 284.06 290.73 297.13 303.20 308.90 314.18 319.00 323.31 327.06 330.21 332.71 334.50 335.55 335.60 334.19 331.18 326.51 320.19
227.97 226.96 225.98 225.01 224.05 223.12 222.22 221.36 220.53 219.73 218.97 218.25 217.56 216.90 216.28 215.70 215.15 214.64 214.15 213.66 213.16 212.68 212.21 211.78 211.17 210.06 208.49 206.55 204.31 201.88 199.50 197.30 195.33 193.62 192.20 191.10 190.34 189.96 189.99 190.45 191.38 192.81 194.76 197.31 200.59 204.62 209.42 214.96 221.25 228.06 235.09 242.27 249.57 256.94 264.33 271.62 278.74 285.63 292.25 298.54 304.47 309.98 315.04 319.58 323.57 326.97 329.71 331.76 332.85 332.57 330.75 327.34 322.32 315.67
227.95 227.00 226.05 225.11 224.17 223.22 222.28 221.37 220.49 219.64 218.83 218.04 217.29 216.57 215.89 215.23 214.61 214.01 213.40 212.78 212.16 211.55 210.98 210.43 209.72 208.50 206.81 204.74 202.37 199.78 197.08 194.48 192.13 190.04 188.27 186.83 185.76 185.08 184.83 185.04 185.73 186.93 188.73 191.26 194.54 198.59 203.39 208.94 215.24 222.06 229.12 236.34 243.69 251.12 258.59 266.05 273.38 280.49 287.33 293.85 300.01 305.76 311.05 315.83 320.07 323.71 326.70 328.80 329.58 328.90 326.71 322.97 317.64 310.71
228.34 227.46 226.56 225.66 224.73 223.78 222.81 221.84 220.89 219.97 219.08 218.22 217.39 216.58 215.81 215.07 214.34 213.60 212.84 212.06 211.30 210.55 209.84 209.17 208.33 206.98 205.16 202.94 200.42 197.68 194.80 191.89 189.13 186.66 184.52 182.74 181.34 180.35 179.81 179.74 180.18 181.21 182.95 185.47 188.75 192.78 197.58 203.13 209.41 216.23 223.29 230.53 237.91 245.39 252.92 260.46 267.96 275.28 282.35 289.10 295.49 301.47 307.00 312.03 316.52 320.40 323.45 325.26 325.66 324.63 322.12 318.09 312.51 305.37
229.12 228.32 227.49 226.63 225.73 224.80 223.82 222.80 221.76 220.75 219.76 218.80 217.87 216.96 216.08 215.22 214.33 213.41 212.47 211.53 210.60 209.70 208.84 208.02 207.04 205.54 203.56 201.19 198.51 195.59 192.54 189.42 186.34 183.48 180.96 178.81 177.07 175.76 174.92 174.57 174.80 175.75 177.47 179.96 183.21 187.22 191.99 197.51 203.77 210.57 217.62 224.86 232.25 239.75 247.32 254.91 262.48 269.98 277.27 284.25 290.87 297.10 302.87 308.15 312.88 316.83 319.60 321.05 321.12 319.79 317.02 312.76 306.97 299.66
230.28 229.57 228.81 228.01 227.15 226.24 225.27 224.23 223.14 222.01 220.91 219.83 218.78 217.75 216.72 215.67 214.58 213.46 212.33 211.21 210.10 209.03 208.00 207.02 205.87 204.21 202.06 199.51 196.64 193.54 190.29 186.97 183.67 180.48 177.57 175.05 172.96 171.31 170.15 169.56 169.70 170.61 172.28 174.73 177.94 181.91 186.63 192.11 198.32 205.08 212.10 219.32 226.71 234.21 241.80 249.42 257.03 264.60 272.06 279.28 286.14 292.61 298.63 304.15 308.95 312.64 315.07 316.21 316.01 314.43 311.44 307.00 301.07 293.64
231.80 231.18 230.51 229.77 228.97 228.09 227.14 226.11 224.99 223.79 222.56 221.34 220.14 218.94 217.71 216.43 215.12 213.79 212.46 211.13 209.83 208.56 207.34 206.19 204.86 203.01 200.68 197.93 194.86 191.56 188.09 184.56 181.03 177.60 174.36 171.46 168.99 167.00 165.57 164.87 164.94 165.79 167.40 169.79 172.94 176.84 181.50 186.91 193.07 199.76 206.74 213.92 221.29 228.78 236.36 243.99 251.63 259.24 266.77 274.16 281.26 287.97 294.23 299.83 304.39 307.76 309.90 310.78 310.35 308.58 305.43 300.86 294.83 287.34
233.66 233.15 232.57 231.91 231.17 230.34 229.42 228.40 227.28 226.05 224.72 223.35 221.97 220.54 219.06 217.54 215.99 214.43 212.87 211.32 209.80 208.33 206.91 205.56 204.03 201.98 199.44 196.48 193.20 189.67 185.98 182.20 178.44 174.76 171.25 168.01 165.17 162.88 161.32 160.53 160.53 161.30 162.83 165.14 168.21 172.03 176.61 181.94 188.01 194.63 201.54 208.67 215.99 223.45 231.02 238.64 246.29 253.91 261.47 268.92 276.20 283.15 289.50 294.87 299.12 302.22 304.13 304.80 304.20 302.29 299.03 294.38 288.31 280.80
235.84 235.45 234.97 234.40 233.73 232.96 232.08 231.08 229.97 228.73 227.37 225.87 224.25 222.55 220.80 219.02 217.22 215.41 213.60 211.82 210.07 208.36 206.72 205.15 203.42 201.15 198.38 195.20 191.68 187.90 183.96 179.94 175.91 171.97 168.19 164.67 161.55 159.11 157.45 156.57 156.47 157.14 158.58 160.78 163.75 167.48 171.96 177.19 183.16 189.68 196.51 203.57 210.83 218.24 225.77 233.37 241.00 248.62 256.19 263.67 271.00 277.96 284.09 289.18 293.19 296.07 297.79 298.31 297.59 295.59 292.28 287.60 281.53 274.07
238.33 238.07 237.70 237.23 236.64 235.93 235.10 234.14 233.05 231.82 230.42 228.81 226.97 224.99 222.96 220.90 218.83 216.75 214.68 212.64 210.64 208.69 206.82 205.01 203.04 200.54 197.53 194.10 190.32 186.29 182.09 177.79 173.49 169.27 165.20 161.46 158.26 155.74 153.97 152.98 152.76 153.32 154.64 156.73 159.58 163.19 167.55 172.67 178.52 184.93 191.65 198.62 205.80 213.15 220.62 228.18 235.78 243.38 250.94 258.41 265.60 272.17 277.96 282.82 286.63 289.35 290.94 291.35 290.56 288.53 285.21 280.56 274.55 267.18
241.10 240.98 240.74 240.38 239.88 239.25 238.48 237.57 236.50 235.26 233.79 232.06 230.09 227.89 225.57 223.21 220.85 218.48 216.14 213.83 211.56 209.35 207.21 205.16 202.94 200.18 196.91 193.22 189.17 184.86 180.38 175.79 171.20 166.68 162.39 158.57 155.35 152.77 150.89 149.76 149.41 149.84 151.03 152.98 155.70 159.17 163.40 168.38 174.09 180.37 186.97 193.84 200.92 208.18 215.58 223.08 230.63 238.19 245.72 253.02 259.78 265.86 271.23 275.82 279.48 282.09 283.59 283.96 283.16 281.14 277.86 273.29 267.39 260.16
244.15 244.18 244.07 243.83 243.43 242.89 242.19 241.33 240.28 238.99 237.42 235.59 233.51 231.19 228.64 225.98 223.31 220.64 218.00 215.40 212.84 210.36 207.95 205.62 203.14 200.11 196.56 192.58 188.25 183.65 178.86 173.97 169.07 164.31 159.95 156.10 152.83 150.18 148.19 146.93 146.43 146.70 147.74 149.54 152.11 155.43 159.50 164.32 169.88 176.01 182.48 189.21 196.18 203.34 210.65 218.06 225.54 233.04 240.38 247.24 253.50 259.12 264.07 268.32 271.79 274.33 275.81 276.18 275.41 273.45 270.28 265.84 260.10 253.07
247.45 247.64 247.68 247.56 247.28 246.83 246.22 245.40 244.32 242.95 241.30 239.39 237.21 234.78 232.11 229.23 226.24 223.26 220.30 217.39 214.53 211.74 209.04 206.44 203.67 200.35 196.51 192.22 187.58 182.67 177.57 172.36 167.21 162.38 157.99 154.10 150.75 148.00 145.90 144.49 143.82 143.92 144.79 146.42 148.81 151.96 155.86 160.51 165.90 171.86 178.16 184.76 191.59 198.63 205.83 213.14 220.53 227.82 234.70 241.05 246.83 252.02 256.59 260.49 263.69 266.13 267.62 268.05 267.36 265.53 262.50 258.25 252.72 245.94
250.98 251.34 251.54 251.56 251.40 251.06 250.51 249.68 248.55 247.12 245.41 243.42 241.16 238.65 235.88 232.88 229.66 226.35 223.06 219.82 216.64 213.54 210.53 207.62 204.55 200.93 196.77 192.17 187.21 181.96 176.53 171.06 165.84 160.99 156.56 152.60 149.16 146.28 144.03 142.45 141.59 141.49 142.17 143.61 145.82 148.77 152.48 156.94 162.14 167.91 174.04 180.47 187.16 194.05 201.12 208.32 215.47 222.28 228.64 234.51 239.86 244.66 248.86 252.44 255.37 257.60 259.07 259.60 259.05 257.39 254.57 250.55 245.29 238.81
254.73 255.28 255.64 255.81 255.79 255.54 255.00 254.14 252.97 251.49 249.73 247.68 245.35 242.76 239.91 236.82 233.49 229.94 226.32 222.73 219.22 215.79 212.45 209.22 205.83 201.88 197.39 192.45 187.15 181.56 175.86 170.32 165.08 160.19 155.69 151.63 148.07 145.06 142.64 140.86 139.78 139.45 139.90 141.13 143.13 145.88 149.38 153.63 158.61 164.18 170.12 176.37 182.88 189.62 196.54 203.47 210.14 216.42 222.29 227.72 232.66 237.08 240.96 244.26 246.93 248.96 250.30 250.89 250.53 249.08 246.52 242.78 237.84 231.72
258.69 259.42 259.96 260.29 260.38 260.17 259.62 258.74 257.55 256.04 254.23 252.14 249.76 247.10 244.19 241.02 237.60 233.94 230.08 226.15 222.28 218.50 214.81 211.24 207.51 203.22 198.39 193.10 187.44 181.58 175.80 170.25 164.97 160.01 155.41 151.24 147.54 144.36 141.75 139.76 138.44 137.84 138.00 138.98 140.74 143.27 146.54 150.57 155.33 160.67 166.40 172.44 178.77 185.33 191.96 198.39 204.52 210.31 215.72 220.73 225.30 229.39 232.97 236.00 238.46 240.31 241.52 242.05 241.82 240.65 238.39 234.99 230.42 224.70
262.82 263.76 264.48 264.96 265.11 264.90 264.36 263.47 262.27 260.74 258.91 256.78 254.36 251.65 248.68 245.45 241.96 238.23 234.26 230.08 225.85 221.70 217.66 213.73 209.65 205.00 199.80 194.14 188.20 182.26 176.47 170.88 165.54 160.49 155.78 151.47 147.61 144.24 141.41 139.19 137.60 136.71 136.56 137.21 138.68 140.96 143.99 147.76 152.28 157.38 162.88 168.71 174.82 181.07 187.19 193.08 198.70 204.02 209.01 213.63 217.85 221.63 224.95 227.76 230.03 231.74 232.84 233.30 233.09 232.13 230.22 227.22 223.07 217.81
267.12 268.27 269.16 269.71 269.90 269.72 269.19 268.31 267.11 265.58 263.73 261.58 259.13 256.39 253.38 250.09 246.55 242.75 238.71 234.44 229.96 225.44 221.02 216.72 212.26 207.23 201.65 195.70 189.69 183.74 177.91 172.26 166.83 161.66 156.82 152.35 148.30 144.72 141.66 139.17 137.30 136.09 135.61 135.90 137.00 138.95 141.71 145.23 149.48 154.32 159.57 165.16 170.94 176.66 182.22 187.60 192.74 197.63 202.22 206.48 210.39 213.90 216.98 219.59 221.71 223.30 224.33 224.75 224.55 223.68 222.06 219.49 215.82 211.07
271.57 272.91 273.90 274.51 274.73 274.59 274.09 273.24 272.05 270.53 268.68 266.52 264.06 261.30 258.26 254.94 251.35 247.50 243.40 239.06 234.49 229.72 224.91 220.22 215.37 209.95 204.07 198.05 192.02 186.04 180.16 174.42 168.87 163.58 158.58 153.92 149.66 145.85 142.53 139.75 137.57 136.04 135.19 135.09 135.79 137.32 139.73 142.96 146.93 151.49 156.47 161.70 166.94 172.10 177.14 182.02 186.72 191.21 195.43 199.37 202.99 206.26 209.13 211.58 213.58 215.08 216.06 216.49 216.32 215.52 214.07 211.87 208.72 204.53
276.12 277.58 278.65 279.32 279.60 279.51 279.05 278.24 277.08 275.57 273.74 271.59 269.13 266.36 263.30 259.95 256.33 252.45 248.30 243.91 239.28 234.42 229.36 224.27 219.02 213.29 207.34 201.31 195.25 189.21 183.24 177.40 171.72 166.27 161.09 156.22 151.73 147.66 144.06 140.98 138.46 136.57 135.34 134.84 135.10 136.18 138.13 140.97 144.63 148.90 153.49 158.17 162.84 167.46 172.00 176.44 180.72 184.83 188.72 192.37 195.73 198.78 201.48 203.80 205.70 207.15 208.12 208.57 208.47 207.78 206.47 204.51 201.81 198.22
280.66 282.22 283.37 284.12 284.48 284.45 284.05 283.29 282.17 280.70 278.89 276.76 274.31 271.55 268.48 265.13 261.49 257.58 253.40 248.97 244.29 239.38 234.23 228.89 223.34 217.53 211.57 205.51 199.40 193.28 187.21 181.23 175.40 169.77 164.38 159.29 154.54 150.19 146.29 142.87 140.01 137.73 136.10 135.17 134.97 135.57 137.02 139.35 142.60 146.46 150.49 154.58 158.70 162.82 166.90 170.91 174.81 178.57 182.16 185.55 188.69 191.55 194.11 196.33 198.16 199.59 200.58 201.08 201.08 200.52 199.39 197.65 195.26 192.18
285.39 287.05 288.29 289.12 289.56 289.60 289.26 288.55 287.47 286.05 284.27 282.16 279.73 276.98 273.91 270.55 266.90 262.97 258.77 254.30 249.58 244.62 239.42 233.97 228.31 222.50 216.53 210.43 204.25 198.04 191.85 185.74 179.75 173.92 168.32 162.99 157.98 153.34 149.12 145.37 142.14 139.47 137.43 136.05 135.40 135.51 136.44 138.23 140.92 144.20 147.63 151.17 154.77 158.42 162.06 165.67 169.22 172.66 175.97 179.12 182.06 184.77 187.22 189.35 191.16 192.59 193.62 194.20 194.32 193.94 193.01 191.51 189.39 186.50
