data_processed/recharge/precip/Precip_1988_10.asc
ncols        168
nrows        136
xllcorner    455000
yllcorner    2107000
cellsize     500
NODATA_value     -99999
[rows 70 to 104 of 136, columns 79 to 157 of 168]
6.66 6.67 6.75 6.87 7.07 7.37 7.78 8.24 8.73 9.24 9.77 10.32 10.88 11.44 12.00 12.56 13.12 13.66 14.19 14.72 15.24 15.76 16.25 16.73 17.19 17.62 18.01 18.37 18.70 18.97 19.17 19.26 19.18 18.94 18.55 18.04 17.41 16.67 15.85 14.95 13.98 12.97 11.96 11.06 10.28 9.62 9.07 8.62 8.28 8.03 7.87 7.79 7.79 7.86 7.95 8.04 8.11 8.16 8.19 8.21 8.22 8.24 8.26 8.30 8.35 8.43 8.54 8.69 8.88 9.10 9.36 9.66 9.99 10.37 10.78 11.24 11.74 12.27 12.81
5.98 5.95 5.98 6.07 6.25 6.54 6.95 7.46 8.00 8.57 9.14 9.73 10.31 10.89 11.47 12.03 12.58 13.12 13.64 14.16 14.68 15.19 15.69 16.17 16.63 17.06 17.47 17.84 18.17 18.45 18.66 18.81 18.83 18.70 18.42 17.99 17.44 16.77 16.00 15.15 14.22 13.24 12.25 11.37 10.61 9.96 9.43 8.99 8.66 8.42 8.27 8.20 8.20 8.22 8.25 8.29 8.33 8.36 8.37 8.37 8.36 8.36 8.36 8.38 8.42 8.48 8.58 8.71 8.88 9.08 9.32 9.60 9.91 10.26 10.65 11.07 11.54 12.01 12.44
5.38 5.32 5.32 5.40 5.59 5.88 6.28 6.77 7.35 7.96 8.58 9.19 9.80 10.40 10.98 11.55 12.10 12.61 13.12 13.63 14.14 14.64 15.14 15.62 16.08 16.52 16.93 17.31 17.63 17.91 18.13 18.28 18.38 18.35 18.18 17.85 17.38 16.79 16.10 15.30 14.43 13.48 12.53 11.68 10.94 10.32 9.81 9.40 9.09 8.87 8.74 8.68 8.64 8.61 8.59 8.58 8.58 8.58 8.57 8.55 8.52 8.50 8.49 8.49 8.52 8.57 8.65 8.77 8.92 9.11 9.32 9.58 9.87 10.19 10.56 10.95 11.35 11.72 12.05
4.87 4.79 4.79 4.89 5.09 5.38 5.76 6.23 6.79 7.43 8.07 8.72 9.35 9.96 10.55 11.12 11.65 12.15 12.64 13.14 13.64 14.13 14.61 15.09 15.55 15.99 16.40 16.77 17.09 17.36 17.58 17.74 17.85 17.90 17.83 17.61 17.24 16.75 16.13 15.40 14.59 13.69 12.78 11.97 11.28 10.70 10.22 9.85 9.57 9.39 9.27 9.18 9.10 9.03 8.97 8.91 8.86 8.82 8.79 8.75 8.71 8.67 8.65 8.63 8.64 8.68 8.75 8.86 9.00 9.16 9.37 9.60 9.87 10.17 10.50 10.84 11.14 11.40 11.64
4.47 4.40 4.43 4.55 4.75 5.03 5.40 5.85 6.38 6.98 7.64 8.31 8.96 9.58 10.17 10.73 11.26 11.74 12.21 12.68 13.16 13.64 14.12 14.59 15.04 15.47 15.87 16.22 16.53 16.80 17.02 17.19 17.31 17.38 17.38 17.27 17.02 16.62 16.09 15.45 14.70 13.87 13.01 12.26 11.61 11.08 10.65 10.33 10.09 9.94 9.81 9.68 9.57 9.46 9.36 9.26 9.18 9.10 9.04 8.98 8.92 8.87 8.83 8.81 8.80 8.83 8.89 8.98 9.11 9.26 9.44 9.66 9.91 10.19 10.46 10.70 10.90 11.07 11.22
4.20 4.18 4.23 4.37 4.57 4.85 5.21 5.63 6.12 6.68 7.30 7.97 8.63 9.26 9.85 10.41 10.91 11.37 11.82 12.27 12.73 13.19 13.66 14.11 14.55 14.96 15.34 15.68 15.98 16.24 16.46 16.64 16.77 16.84 16.87 16.83 16.69 16.40 15.98 15.43 14.77 14.01 13.22 12.52 11.94 11.47 11.10 10.83 10.64 10.47 10.32 10.16 10.02 9.88 9.75 9.63 9.51 9.41 9.31 9.23 9.16 9.10 9.04 9.01 8.99 9.01 9.06 9.14 9.25 9.39 9.56 9.76 9.99 10.21 10.39 10.53 10.64 10.73 10.80
4.10 4.12 4.20 4.35 4.56 4.84 5.18 5.57 6.03 6.54 7.11 7.72 8.37 9.01 9.59 10.13 10.62 11.05 11.47 11.90 12.34 12.78 13.23 13.66 14.07 14.46 14.81 15.14 15.43 15.69 15.91 16.09 16.22 16.31 16.35 16.34 16.27 16.10 15.79 15.34 14.77 14.10 13.38 12.76 12.25 11.85 11.55 11.33 11.15 10.96 10.79 10.61 10.45 10.29 10.13 9.99 9.86 9.73 9.62 9.52 9.43 9.35 9.28 9.24 9.21 9.22 9.26 9.34 9.44 9.56 9.72 9.90 10.07 10.20 10.29 10.34 10.37 10.38 10.39
4.17 4.22 4.32 4.49 4.71 4.98 5.30 5.68 6.10 6.56 7.07 7.62 8.21 8.82 9.40 9.92 10.39 10.79 11.18 11.58 11.99 12.41 12.83 13.23 13.61 13.97 14.31 14.62 14.90 15.15 15.36 15.54 15.68 15.78 15.84 15.85 15.81 15.71 15.52 15.18 14.72 14.14 13.51 12.97 12.55 12.23 11.99 11.79 11.59 11.39 11.20 11.02 10.84 10.66 10.50 10.34 10.20 10.06 9.93 9.82 9.72 9.63 9.55 9.50 9.47 9.46 9.50 9.57 9.66 9.77 9.91 10.04 10.12 10.16 10.17 10.14 10.10 10.04 9.99
4.39 4.48 4.61 4.79 5.02 5.28 5.59 5.94 6.32 6.74 7.19 7.67 8.19 8.73 9.27 9.78 10.22 10.59 10.94 11.31 11.69 12.07 12.45 12.82 13.17 13.50 13.82 14.11 14.38 14.62 14.83 15.01 15.16 15.27 15.34 15.36 15.34 15.28 15.16 14.95 14.60 14.12 13.59 13.15 12.82 12.58 12.37 12.16 11.95 11.75 11.55 11.36 11.18 11.00 10.83 10.67 10.52 10.38 10.25 10.13 10.02 9.93 9.85 9.79 9.75 9.74 9.77 9.83 9.91 10.02 10.11 10.15 10.15 10.10 10.03 9.94 9.83 9.72 9.61
4.78 4.90 5.06 5.26 5.49 5.75 6.04 6.36 6.71 7.08 7.47 7.89 8.32 8.77 9.24 9.70 10.11 10.44 10.75 11.09 11.43 11.77 12.11 12.44 12.76 13.06 13.36 13.63 13.88 14.12 14.32 14.50 14.65 14.76 14.85 14.89 14.89 14.85 14.77 14.63 14.41 14.05 13.63 13.29 13.05 12.84 12.63 12.42 12.22 12.02 11.83 11.64 11.46 11.28 11.12 10.96 10.81 10.67 10.55 10.43 10.33 10.24 10.17 10.11 10.06 10.05 10.08 10.13 10.20 10.26 10.27 10.23 10.14 10.03 9.89 9.73 9.57 9.41 9.26
5.33 5.49 5.68 5.89 6.12 6.38 6.65 6.95 7.26 7.58 7.92 8.26 8.62 8.98 9.34 9.71 10.07 10.36 10.63 10.92 11.21 11.51 11.80 12.09 12.38 12.66 12.92 13.18 13.42 13.64 13.84 14.01 14.16 14.28 14.38 14.44 14.46 14.44 14.39 14.29 14.14 13.91 13.60 13.37 13.17 12.97 12.77 12.57 12.38 12.20 12.01 11.84 11.66 11.50 11.35 11.20 11.06 10.94 10.82 10.72 10.63 10.55 10.49 10.44 10.41 10.40 10.42 10.46 10.49 10.47 10.40 10.28 10.12 9.94 9.75 9.54 9.33 9.13 8.95
6.05 6.24 6.45 6.68 6.91 7.16 7.42 7.69 7.96 8.24 8.52 8.79 9.07 9.34 9.61 9.87 10.12 10.34 10.56 10.80 11.04 11.28 11.54 11.79 12.04 12.29 12.53 12.76 12.98 13.19 13.38 13.55 13.70 13.83 13.93 14.01 14.05 14.06 14.03 13.96 13.86 13.70 13.51 13.32 13.14 12.96 12.78 12.60 12.43 12.26 12.09 11.94 11.78 11.64 11.50 11.38 11.26 11.15 11.06 10.97 10.90 10.84 10.80 10.77 10.76 10.77 10.79 10.80 10.75 10.65 10.50 10.31 10.10 9.86 9.61 9.36 9.12 8.89 8.68
6.86 7.09 7.32 7.56 7.80 8.05 8.29 8.53 8.76 8.99 9.21 9.42 9.62 9.80 9.97 10.12 10.25 10.37 10.53 10.70 10.89 11.09 11.30 11.51 11.72 11.94 12.16 12.37 12.57 12.77 12.95 13.12 13.27 13.40 13.51 13.60 13.66 13.69 13.69 13.66 13.59 13.47 13.32 13.16 13.00 12.85 12.69 12.54 12.39 12.25 12.11 11.97 11.85 11.73 11.61 11.51 11.42 11.34 11.27 11.21 11.17 11.13 11.12 11.11 11.13 11.16 11.18 11.12 11.00 10.83 10.61 10.37 10.10 9.82 9.53 9.25 8.97 8.72 8.50
7.63 7.90 8.16 8.41 8.66 8.90 9.13 9.34 9.54 9.72 9.88 10.02 10.14 10.24 10.30 10.34 10.37 10.40 10.47 10.59 10.73 10.88 11.05 11.22 11.40 11.59 11.78 11.98 12.16 12.35 12.53 12.69 12.85 12.99 13.11 13.21 13.29 13.35 13.38 13.38 13.34 13.26 13.13 13.00 12.87 12.74 12.61 12.48 12.36 12.24 12.13 12.02 11.92 11.83 11.74 11.67 11.60 11.55 11.50 11.47 11.45 11.45 11.46 11.48 11.52 11.56 11.56 11.48 11.31 11.07 10.80 10.51 10.20 9.88 9.56 9.25 8.96 8.70 8.47
8.36 8.66 8.95 9.22 9.47 9.71 9.92 10.11 10.27 10.40 10.51 10.58 10.63 10.63 10.60 10.54 10.48 10.43 10.42 10.46 10.55 10.66 10.78 10.93 11.08 11.24 11.41 11.59 11.76 11.94 12.11 12.28 12.44 12.59 12.73 12.85 12.95 13.04 13.10 13.13 13.12 13.06 12.96 12.86 12.75 12.65 12.54 12.44 12.35 12.25 12.17 12.09 12.01 11.95 11.89 11.84 11.81 11.78 11.76 11.76 11.77 11.79 11.83 11.88 11.93 11.95 11.94 11.85 11.66 11.39 11.08 10.75 10.40 10.06 9.72 9.39 9.09 8.82 8.60
9.04 9.38 9.70 9.99 10.25 10.48 10.67 10.84 10.97 11.05 11.10 11.11 11.08 11.00 10.88 10.74 10.59 10.46 10.37 10.34 10.36 10.43 10.52 10.63 10.75 10.89 11.05 11.21 11.37 11.54 11.72 11.89 12.06 12.22 12.37 12.51 12.64 12.76 12.85 12.90 12.91 12.87 12.80 12.72 12.64 12.57 12.49 12.42 12.35 12.29 12.23 12.17 12.13 12.09 12.06 12.04 12.03 12.03 12.05 12.07 12.11 12.16 12.23 12.29 12.33 12.34 12.30 12.20 12.02 11.76 11.43 11.07 10.70 10.34 9.99 9.66 9.36 9.10 8.88
9.69 10.07 10.41 10.72 10.99 11.21 11.40 11.54 11.63 11.68 11.67 11.61 11.50 11.34 11.15 10.93 10.71 10.50 10.34 10.24 10.19 10.20 10.25 10.33 10.44 10.55 10.69 10.84 11.00 11.17 11.34 11.52 11.70 11.87 12.05 12.22 12.37 12.51 12.62 12.69 12.71 12.70 12.65 12.60 12.55 12.50 12.45 12.41 12.37 12.33 12.30 12.28 12.26 12.25 12.25 12.26 12.28 12.31 12.35 12.41 12.48 12.56 12.64 12.69 12.72 12.71 12.65 12.54 12.38 12.14 11.84 11.47 11.09 10.72 10.37 10.05 9.76 9.51 9.32
10.31 10.72 11.10 11.42 11.70 11.92 12.10 12.21 12.27 12.28 12.22 12.09 11.91 11.68 11.41 11.12 10.82 10.54 10.31 10.15 10.04 10.00 10.00 10.05 10.13 10.23 10.35 10.49 10.65 10.82 10.99 11.18 11.37 11.57 11.76 11.96 12.14 12.29 12.41 12.49 12.53 12.53 12.51 12.49 12.46 12.44 12.42 12.40 12.39 12.39 12.39 12.39 12.41 12.43 12.46 12.50 12.55 12.61 12.68 12.77 12.86 12.96 13.04 13.08 13.09 13.07 12.99 12.88 12.72 12.52 12.26 11.94 11.57 11.20 10.86 10.55 10.28 10.06 9.90
10.90 11.36 11.76 12.11 12.39 12.62 12.78 12.87 12.90 12.86 12.75 12.56 12.31 12.01 11.67 11.31 10.94 10.60 10.30 10.07 9.91 9.82 9.78 9.79 9.84 9.93 10.04 10.17 10.33 10.50 10.68 10.88 11.09 11.30 11.52 11.74 11.93 12.09 12.21 12.30 12.35 12.38 12.39 12.39 12.39 12.39 12.40 12.41 12.43 12.45 12.48 12.52 12.56 12.61 12.67 12.74 12.83 12.92 13.02 13.14 13.25 13.35 13.42 13.46 13.46 13.42 13.33 13.21 13.06 12.88 12.67 12.41 12.11 11.77 11.45 11.16 10.92 10.74 10.63
11.48 11.98 12.41 12.78 13.07 13.29 13.44 13.52 13.52 13.43 13.26 13.01 12.70 12.33 11.93 11.50 11.07 10.66 10.30 10.02 9.81 9.67 9.58 9.56 9.59 9.66 9.76 9.89 10.04 10.22 10.41 10.62 10.85 11.09 11.33 11.55 11.73 11.89 12.02 12.12 12.19 12.24 12.27 12.30 12.33 12.35 12.39 12.43 12.47 12.52 12.58 12.65 12.73 12.81 12.90 13.00 13.12 13.24 13.37 13.51 13.63 13.72 13.79 13.82 13.81 13.76 13.65 13.53 13.39 13.24 13.08 12.88 12.66 12.41 12.13 11.88 11.68 11.55 11.48
12.07 12.59 13.05 13.44 13.74 13.97 14.11 14.16 14.13 13.99 13.77 13.46 13.08 12.65 12.19 11.70 11.22 10.74 10.33 9.99 9.73 9.55 9.43 9.37 9.37 9.42 9.51 9.64 9.80 9.98 10.19 10.41 10.66 10.92 11.16 11.37 11.55 11.71 11.85 11.96 12.05 12.11 12.17 12.22 12.27 12.33 12.38 12.45 12.52 12.60 12.69 12.79 12.90 13.01 13.14 13.27 13.42 13.57 13.73 13.87 13.99 14.09 14.15 14.18 14.16 14.09 13.97 13.84 13.72 13.60 13.48 13.35 13.22 13.06 12.88 12.70 12.55 12.47 12.47
12.68 13.21 13.69 14.10 14.41 14.64 14.77 14.80 14.73 14.54 14.26 13.90 13.46 12.98 12.46 11.92 11.37 10.84 10.37 9.99 9.69 9.46 9.31 9.22 9.20 9.23 9.31 9.44 9.60 9.79 10.01 10.26 10.52 10.77 11.00 11.20 11.38 11.54 11.68 11.81 11.91 12.00 12.07 12.15 12.23 12.30 12.39 12.48 12.58 12.68 12.80 12.93 13.07 13.22 13.37 13.54 13.72 13.90 14.07 14.22 14.34 14.44 14.50 14.52 14.49 14.41 14.28 14.15 14.04 13.95 13.88 13.82 13.77 13.72 13.66 13.59 13.52 13.51 13.58
13.32 13.86 14.34 14.76 15.09 15.32 15.44 15.44 15.32 15.08 14.75 14.33 13.84 13.31 12.73 12.14 11.54 10.96 10.44 10.01 9.67 9.41 9.23 9.12 9.07 9.09 9.16 9.29 9.46 9.66 9.90 10.16 10.41 10.65 10.86 11.05 11.23 11.39 11.53 11.66 11.78 11.89 11.99 12.09 12.19 12.29 12.40 12.52 12.64 12.77 12.91 13.07 13.24 13.42 13.61 13.82 14.02 14.21 14.39 14.55 14.68 14.78 14.84 14.85 14.82 14.73 14.58 14.45 14.35 14.30 14.28 14.29 14.32 14.37 14.43 14.50 14.57 14.65 14.81
13.98 14.53 15.02 15.45 15.78 16.01 16.11 16.07 15.90 15.61 15.23 14.76 14.23 13.64 13.02 12.38 11.73 11.10 10.53 10.07 9.69 9.40 9.19 9.06 9.00 9.01 9.08 9.20 9.38 9.59 9.84 10.09 10.32 10.53 10.73 10.91 11.09 11.25 11.39 11.53 11.67 11.79 11.91 12.04 12.16 12.29 12.42 12.56 12.71 12.87 13.03 13.22 13.41 13.63 13.85 14.08 14.30 14.51 14.71 14.87 15.01 15.11 15.17 15.18 15.14 15.04 14.88 14.74 14.67 14.64 14.68 14.75 14.87 15.03 15.21 15.42 15.64 15.88 16.14
14.66 15.23 15.73 16.16 16.49 16.70 16.76 16.68 16.46 16.13 15.70 15.19 14.61 13.98 13.32 12.63 11.94 11.26 10.66 10.15 9.75 9.43 9.20 9.05 8.98 8.98 9.05 9.18 9.36 9.59 9.82 10.03 10.24 10.43 10.62 10.79 10.95 11.11 11.27 11.42 11.56 11.71 11.85 11.99 12.14 12.29 12.45 12.61 12.78 12.97 13.16 13.37 13.59 13.83 14.08 14.33 14.57 14.80 15.00 15.18 15.32 15.43 15.49 15.50 15.45 15.34 15.17 15.04 14.97 14.99 15.07 15.22 15.43 15.68 15.99 16.34 16.72 17.13 17.54
15.36 15.94 16.46 16.89 17.21 17.38 17.40 17.27 17.02 16.65 16.18 15.63 15.01 14.34 13.63 12.91 12.17 11.46 10.82 10.28 9.84 9.51 9.26 9.10 9.02 9.02 9.09 9.22 9.41 9.61 9.81 9.99 10.17 10.35 10.51 10.68 10.84 10.99 11.15 11.31 11.47 11.63 11.79 11.96 12.13 12.30 12.48 12.67 12.86 13.07 13.29 13.52 13.77 14.03 14.30 14.57 14.83 15.07 15.29 15.48 15.63 15.74 15.80 15.80 15.75 15.64 15.46 15.32 15.28 15.33 15.47 15.69 15.98 16.34 16.77 17.26 17.80 18.36 18.86
16.09 16.68 17.21 17.63 17.90 18.03 18.01 17.86 17.57 17.16 16.66 16.07 15.42 14.71 13.97 13.20 12.43 11.68 11.01 10.44 9.98 9.63 9.37 9.20 9.12 9.12 9.19 9.33 9.49 9.65 9.81 9.97 10.12 10.27 10.42 10.57 10.73 10.88 11.04 11.21 11.38 11.56 11.74 11.93 12.12 12.32 12.52 12.73 12.95 13.18 13.42 13.68 13.95 14.23 14.51 14.80 15.07 15.33 15.56 15.76 15.92 16.04 16.10 16.11 16.05 15.93 15.75 15.61 15.59 15.67 15.86 16.15 16.54 17.01 17.56 18.19 18.86 19.49 20.03
16.83 17.44 17.95 18.33 18.56 18.65 18.61 18.43 18.11 17.67 17.14 16.52 15.83 15.09 14.32 13.52 12.72 11.94 11.23 10.64 10.17 9.80 9.53 9.36 9.28 9.28 9.36 9.46 9.58 9.70 9.82 9.95 10.08 10.21 10.35 10.48 10.63 10.78 10.95 11.12 11.30 11.50 11.70 11.91 12.12 12.34 12.56 12.80 13.04 13.29 13.56 13.84 14.13 14.43 14.73 15.02 15.31 15.58 15.83 16.04 16.21 16.33 16.40 16.40 16.35 16.22 16.03 15.89 15.89 16.01 16.26 16.62 17.10 17.67 18.35 19.10 19.82 20.47 21.04
17.58 18.19 18.66 18.99 19.18 19.24 19.17 18.97 18.64 18.19 17.63 16.98 16.27 15.50 14.70 13.87 13.04 12.23 11.50 10.89 10.40 10.02 9.75 9.57 9.50 9.50 9.54 9.60 9.67 9.75 9.84 9.94 10.05 10.16 10.28 10.41 10.54 10.69 10.86 11.04 11.23 11.44 11.67 11.90 12.13 12.37 12.61 12.87 13.13 13.41 13.70 14.01 14.32 14.63 14.94 15.25 15.55 15.82 16.08 16.31 16.48 16.61 16.69 16.69 16.64 16.50 16.31 16.18 16.19 16.35 16.66 17.09 17.66 18.35 19.12 19.90 20.62 21.28 21.88
18.32 18.88 19.31 19.60 19.76 19.80 19.70 19.49 19.15 18.70 18.12 17.46 16.72 15.93 15.10 14.25 13.40 12.56 11.81 11.18 10.68 10.30 10.02 9.85 9.77 9.74 9.73 9.73 9.76 9.80 9.86 9.93 10.02 10.12 10.22 10.34 10.47 10.61 10.78 10.96 11.17 11.40 11.64 11.89 12.14 12.40 12.67 12.94 13.23 13.53 13.85 14.18 14.51 14.84 15.17 15.48 15.79 16.07 16.33 16.56 16.75 16.89 16.97 16.98 16.92 16.79 16.58 16.46 16.50 16.70 17.06 17.57 18.22 18.99 19.78 20.54 21.25 21.92 22.54
18.99 19.51 19.89 20.15 20.29 20.30 20.20 19.97 19.63 19.18 18.61 17.94 17.19 16.38 15.53 14.66 13.79 12.93 12.16 11.53 11.02 10.63 10.36 10.18 10.06 9.97 9.91 9.87 9.85 9.85 9.88 9.93 9.99 10.07 10.17 10.28 10.40 10.54 10.71 10.90 11.12 11.36 11.62 11.89 12.16 12.44 12.73 13.03 13.34 13.67 14.01 14.36 14.71 15.05 15.40 15.72 16.04 16.33 16.59 16.82 17.02 17.16 17.25 17.26 17.20 17.07 16.86 16.74 16.80 17.04 17.46 18.05 18.77 19.53 20.28 21.01 21.71 22.39 23.02
19.59 20.07 20.42 20.65 20.76 20.76 20.64 20.41 20.07 19.63 19.08 18.43 17.68 16.86 15.99 15.11 14.22 13.35 12.57 11.92 11.41 11.02 10.74 10.52 10.34 10.19 10.08 9.99 9.93 9.90 9.90 9.92 9.96 10.03 10.11 10.22 10.34 10.48 10.65 10.84 11.07 11.32 11.60 11.89 12.18 12.48 12.79 13.12 13.46 13.81 14.18 14.55 14.92 15.28 15.64 15.98 16.30 16.59 16.86 17.09 17.28 17.43 17.52 17.54 17.48 17.34 17.14 17.02 17.11 17.39 17.87 18.50 19.19 19.89 20.60 21.30 21.99 22.66 23.31
20.11 20.55 20.87 21.08 21.18 21.16 21.04 20.81 20.48 20.05 19.51 18.89 18.17 17.36 16.49 15.59 14.69 13.81 13.02 12.37 11.85 11.46 11.13 10.85 10.61 10.40 10.23 10.10 10.00 9.94 9.90 9.90 9.92 9.97 10.05 10.15 10.28 10.43 10.60 10.79 11.03 11.30 11.60 11.90 12.21 12.53 12.87 13.22 13.59 13.97 14.36 14.75 15.14 15.52 15.89 16.24 16.57 16.87 17.14 17.37 17.56 17.70 17.79 17.82 17.76 17.62 17.41 17.30 17.41 17.74 18.24 18.83 19.45 20.09 20.74 21.40 22.07 22.73 23.39
20.55 20.96 21.25 21.44 21.52 21.50 21.38 21.16 20.84 20.42 19.91 19.32 18.63 17.86 17.02 16.12 15.21 14.31 13.52 12.87 12.35 11.90 11.51 11.15 10.85 10.59 10.37 10.19 10.06 9.96 9.89 9.87 9.87 9.91 9.98 10.08 10.21 10.36 10.55 10.75 11.00 11.28 11.59 11.92 12.25 12.59 12.96 13.35 13.75 14.16 14.57 14.98 15.39 15.78 16.16 16.52 16.86 17.17 17.44 17.67 17.85 17.99 18.07 18.09 18.04 17.90 17.69 17.59 17.72 18.06 18.50 18.99 19.52 20.09 20.69 21.31 21.95 22.60 23.25
20.90 21.28 21.55 21.73 21.80 21.78 21.66 21.45 21.14 20.75 20.27 19.71 19.07 18.35 17.55 16.68 15.77 14.87 14.08 13.42 12.84 12.32 11.85 11.44 11.07 10.76 10.49 10.27 10.09 9.96 9.87 9.82 9.81 9.84 9.90 10.00 10.13 10.29 10.49 10.71 10.97 11.26 11.59 11.94 12.29 12.67 13.08 13.49 13.92 14.36 14.80 15.23 15.65 16.06 16.46 16.83 17.17 17.48 17.75 17.98 18.16 18.29 18.36 18.37 18.32 18.18 17.96 17.87 18.01 18.26 18.58 18.97 19.41 19.90 20.44 21.01 21.62 22.25 22.90
