data_processed/recharge/precip/Precip_2005_12.asc
ncols        168
nrows        136
xllcorner    455000
yllcorner    2107000
cellsize     500
NODATA_value     -99999
[rows 0 to 37 of 136, columns 0 to 83 of 168]
9.89 9.20 8.63 8.10 7.60 7.13 6.70 6.30 5.93 5.60 5.29 5.02 4.77 4.56 4.38 4.22 4.10 4.00 3.93 3.88 3.83 3.73 3.58 3.37 3.17 3.01 2.89 2.81 2.74 2.68 2.62 2.58 2.54 2.52 2.50 2.51 2.52 2.56 2.61 2.69 2.79 2.90 3.05 3.22 3.41 3.66 3.97 4.37 4.86 5.33 5.59 5.61 5.40 5.01 4.56 4.07 3.56 3.03 2.50 1.97 1.44 0.93 0.44 0.00 0.00 0.00 0.00 0.00 0.00 0.00 0.00 0.00 0.00 0.00 0.00 0.00 0.00 0.00 0.00 0.00 0.00 0.00 0.00 0.00
10.19 9.56 8.98 8.43 7.91 7.42 6.96 6.54 6.14 5.78 5.44 5.14 4.86 4.62 4.40 4.21 4.05 3.92 3.81 3.73 3.67 3.58 3.45 3.26 3.10 2.98 2.89 2.83 2.78 2.74 2.70 2.68 2.68 2.69 2.72 2.76 2.83 2.92 3.03 3.16 3.32 3.50 3.72 3.96 4.24 4.55 4.91 5.36 5.89 6.42 6.71 6.74 6.57 6.30 5.98 5.60 5.18 4.73 4.24 3.74 3.23 2.71 2.20 1.70 1.22 0.76 0.34 0.00 0.00 0.00 0.00 0.00 0.00 0.00 0.00 0.00 0.00 0.00 0.00 0.00 0.00 0.00 0.00 0.00
10.41 9.78 9.18 8.62 8.09 7.58 7.11 6.67 6.25 5.87 5.51 5.19 4.89 4.62 4.38 4.16 3.97 3.81 3.67 3.56 3.47 3.40 3.30 3.15 3.02 2.94 2.89 2.84 2.81 2.79 2.79 2.80 2.83 2.88 2.96 3.05 3.17 3.31 3.48 3.68 3.91 4.17 4.46 4.79 5.15 5.55 5.99 6.48 7.07 7.64 7.97 8.06 8.03 7.91 7.72 7.45 7.13 6.74 6.31 5.85 5.35 4.82 4.28 3.74 3.19 2.65 2.13 1.63 1.16 0.73 0.34 0.01 0.00 0.00 0.00 0.00 0.00 0.00 0.00 0.00 0.00 0.00 0.00 0.00
10.50 9.87 9.27 8.70 8.16 7.65 7.17 6.71 6.29 5.90 5.53 5.19 4.87 4.59 4.33 4.09 3.88 3.70 3.54 3.41 3.29 3.21 3.13 3.03 2.95 2.90 2.86 2.84 2.83 2.84 2.87 2.92 3.00 3.10 3.22 3.37 3.55 3.75 3.99 4.26 4.56 4.90 5.27 5.69 6.14 6.63 7.17 7.75 8.39 9.02 9.42 9.68 9.82 9.85 9.79 9.64 9.40 9.09 8.72 8.28 7.80 7.27 6.70 6.11 5.50 4.88 4.25 3.63 3.01 2.42 1.86 1.32 0.84 0.39 0.00 0.00 0.00 0.00 0.00 0.00 0.00 0.00 0.00 0.00
10.47 9.84 9.25 8.68 8.15 7.64 7.16 6.70 6.28 5.88 5.50 5.16 4.84 4.54 4.27 4.03 3.81 3.61 3.44 3.29 3.16 3.06 2.97 2.91 2.86 2.83 2.81 2.82 2.85 2.89 2.96 3.06 3.18 3.33 3.51 3.72 3.96 4.23 4.54 4.89 5.27 5.70 6.16 6.66 7.21 7.80 8.44 9.13 9.87 10.59 11.18 11.63 11.94 12.13 12.20 12.16 12.01 11.78 11.46 11.06 10.58 10.05 9.46 8.83 8.15 7.45 6.72 5.97 5.22 4.46 3.72 2.98 2.28 1.60 0.95 0.36 0.00 0.00 0.00 0.00 0.00 0.00 0.00 0.00
10.39 9.78 9.19 8.64 8.11 7.60 7.13 6.68 6.26 5.86 5.49 5.14 4.82 4.52 4.25 4.00 3.77 3.57 3.38 3.22 3.09 2.97 2.88 2.84 2.82 2.81 2.82 2.86 2.92 3.00 3.12 3.26 3.43 3.64 3.87 4.14 4.45 4.80 5.18 5.61 6.07 6.58 7.13 7.73 8.38 9.08 9.82 10.62 11.46 12.30 13.09 13.73 14.22 14.57 14.78 14.86 14.82 14.66 14.40 14.04 13.59 13.06 12.45 11.78 11.05 10.26 9.44 8.57 7.69 6.78 5.85 4.93 4.01 3.08 2.07 1.21 0.63 0.15 0.00 0.00 0.00 0.00 0.00 0.00
10.33 9.73 9.16 8.61 8.09 7.60 7.13 6.69 6.27 5.88 5.51 5.16 4.84 4.54 4.27 4.01 3.78 3.57 3.39 3.22 3.07 2.95 2.89 2.89 2.91 2.94 2.97 3.04 3.13 3.25 3.41 3.60 3.82 4.07 4.37 4.70 5.07 5.49 5.95 6.45 6.99 7.59 8.23 8.93 9.67 10.47 11.32 12.21 13.12 14.03 14.93 15.77 16.45 16.97 17.33 17.54 17.61 17.55 17.36 17.05 16.64 16.12 15.51 14.81 14.03 13.19 12.28 11.31 10.30 9.25 8.16 7.06 5.92 4.64 3.12 1.78 0.96 0.42 0.00 0.00 0.00 0.00 0.00 0.00
10.28 9.69 9.14 8.60 8.10 7.62 7.16 6.72 6.31 5.93 5.56 5.22 4.90 4.61 4.33 4.08 3.84 3.63 3.44 3.27 3.12 3.03 3.01 3.05 3.12 3.20 3.27 3.36 3.49 3.65 3.84 4.07 4.34 4.65 5.00 5.39 5.83 6.31 6.84 7.42 8.04 8.72 9.45 10.24 11.08 11.98 12.91 13.86 14.82 15.79 16.76 17.71 18.58 19.28 19.80 20.16 20.35 20.40 20.30 20.06 19.69 19.20 18.59 17.88 17.08 16.18 15.20 14.14 13.02 11.84 10.61 9.32 7.85 6.10 4.10 2.28 1.02 0.27 0.00 0.00 0.00 0.00 0.00 0.00
10.24 9.67 9.13 8.61 8.12 7.65 7.21 6.78 6.38 6.00 5.65 5.31 5.00 4.70 4.43 4.18 3.94 3.73 3.53 3.37 3.25 3.20 3.22 3.30 3.42 3.56 3.70 3.83 3.98 4.18 4.41 4.68 5.00 5.36 5.76 6.21 6.71 7.26 7.86 8.51 9.21 9.97 10.79 11.67 12.60 13.58 14.56 15.55 16.56 17.58 18.60 19.61 20.59 21.47 22.17 22.68 23.02 23.18 23.18 23.02 22.71 22.26 21.68 20.97 20.15 19.21 18.17 17.04 15.82 14.52 13.14 11.56 9.66 7.45 5.01 2.75 1.05 0.00 0.00 0.00 0.00 0.00 0.00 0.00
10.20 9.65 9.13 8.63 8.15 7.70 7.27 6.86 6.47 6.10 5.75 5.42 5.12 4.83 4.56 4.31 4.08 3.87 3.68 3.54 3.47 3.46 3.52 3.64 3.81 4.01 4.22 4.42 4.62 4.85 5.12 5.43 5.79 6.20 6.65 7.16 7.72 8.33 9.00 9.72 10.51 11.35 12.25 13.21 14.22 15.23 16.25 17.27 18.32 19.40 20.47 21.52 22.54 23.53 24.40 25.09 25.58 25.87 25.98 25.92 25.68 25.29 24.74 24.04 23.21 22.25 21.17 19.98 18.67 17.26 15.61 13.62 11.30 8.68 5.83 3.18 1.08 0.00 0.00 0.00 0.00 0.00 0.00 0.00
10.16 9.64 9.13 8.65 8.19 7.76 7.34 6.94 6.57 6.21 5.87 5.56 5.26 4.98 4.71 4.47 4.24 4.04 3.88 3.79 3.76 3.80 3.89 4.05 4.26 4.52 4.80 5.10 5.38 5.66 5.96 6.31 6.71 7.17 7.68 8.24 8.86 9.53 10.27 11.06 11.92 12.84 13.82 14.85 15.88 16.91 17.95 19.01 20.10 21.22 22.34 23.43 24.49 25.52 26.49 27.34 28.00 28.44 28.67 28.71 28.57 28.24 27.74 27.07 26.25 25.28 24.17 22.92 21.53 19.89 17.87 15.48 12.78 9.79 6.58 3.57 1.12 0.00 0.00 0.00 0.00 0.00 0.00 0.00
10.12 9.62 9.14 8.67 8.23 7.81 7.41 7.03 6.67 6.33 6.01 5.70 5.41 5.14 4.89 4.65 4.43 4.27 4.16 4.11 4.13 4.20 4.33 4.52 4.78 5.09 5.45 5.83 6.21 6.58 6.94 7.33 7.77 8.27 8.83 9.44 10.12 10.85 11.65 12.52 13.45 14.45 15.49 16.53 17.57 18.61 19.67 20.76 21.89 23.05 24.20 25.33 26.43 27.49 28.50 29.44 30.25 30.85 31.23 31.39 31.34 31.09 30.65 30.03 29.23 28.26 27.13 25.83 24.24 22.25 19.87 17.14 14.09 10.77 7.24 3.92 1.15 0.00 0.00 0.00 0.00 0.00 0.00 0.00
10.09 9.60 9.14 8.69 8.27 7.86 7.48 7.12 6.78 6.45 6.15 5.85 5.58 5.32 5.07 4.85 4.67 4.56 4.50 4.50 4.55 4.66 4.82 5.04 5.34 5.71 6.14 6.60 7.08 7.56 8.02 8.47 8.95 9.50 10.10 10.77 11.50 12.30 13.16 14.10 15.10 16.14 17.19 18.22 19.26 20.32 21.39 22.51 23.66 24.86 26.05 27.21 28.34 29.43 30.46 31.44 32.33 33.08 33.61 33.91 33.97 33.82 33.45 32.88 32.12 31.16 30.01 28.55 26.65 24.33 21.63 18.59 15.24 11.63 7.82 4.22 1.19 0.00 0.00 0.00 0.00 0.00 0.00 0.00
10.05 9.59 9.14 8.71 8.30 7.91 7.55 7.21 6.88 6.57 6.28 6.01 5.74 5.50 5.27 5.09 4.97 4.90 4.88 4.92 5.02 5.16 5.35 5.60 5.94 6.37 6.86 7.40 7.98 8.57 9.16 9.72 10.27 10.85 11.50 12.22 13.01 13.86 14.79 15.79 16.83 17.87 18.90 19.92 20.96 22.02 23.11 24.24 25.42 26.65 27.87 29.06 30.22 31.33 32.39 33.38 34.30 35.13 35.80 36.24 36.43 36.39 36.11 35.61 34.89 33.95 32.67 30.92 28.72 26.11 23.14 19.82 16.22 12.36 8.32 4.48 1.21 0.00 0.00 0.00 0.00 0.00 0.00 0.00
10.02 9.57 9.14 8.72 8.33 7.95 7.60 7.28 6.97 6.69 6.41 6.15 5.91 5.69 5.50 5.37 5.30 5.28 5.31 5.39 5.52 5.69 5.91 6.19 6.57 7.05 7.61 8.23 8.90 9.60 10.30 11.00 11.68 12.33 13.03 13.79 14.63 15.54 16.53 17.56 18.59 19.60 20.60 21.62 22.65 23.70 24.80 25.95 27.15 28.41 29.65 30.86 32.04 33.18 34.25 35.26 36.20 37.04 37.79 38.37 38.70 38.77 38.59 38.17 37.50 36.46 34.92 32.91 30.46 27.60 24.39 20.85 17.03 12.96 8.72 4.69 1.23 0.00 0.00 0.00 0.00 0.00 0.00 0.00
9.99 9.56 9.14 8.74 8.35 7.99 7.65 7.34 7.05 6.78 6.53 6.29 6.07 5.89 5.76 5.69 5.66 5.69 5.76 5.88 6.04 6.25 6.50 6.80 7.21 7.74 8.36 9.06 9.83 10.63 11.46 12.29 13.11 13.90 14.67 15.48 16.37 17.34 18.35 19.36 20.34 21.32 22.30 23.29 24.31 25.36 26.46 27.62 28.84 30.12 31.38 32.62 33.81 34.96 36.05 37.07 38.02 38.87 39.63 40.27 40.74 40.95 40.88 40.54 39.80 38.54 36.76 34.52 31.85 28.79 25.38 21.66 17.66 13.43 9.03 4.85 1.24 0.00 0.00 0.00 0.00 0.00 0.00 0.00
9.96 9.55 9.14 8.75 8.38 8.02 7.69 7.39 7.11 6.86 6.63 6.42 6.25 6.12 6.05 6.02 6.04 6.11 6.22 6.38 6.57 6.81 7.09 7.41 7.86 8.44 9.12 9.90 10.75 11.66 12.61 13.57 14.54 15.49 16.40 17.29 18.23 19.22 20.19 21.14 22.08 23.02 23.97 24.94 25.94 26.99 28.08 29.25 30.48 31.78 33.06 34.31 35.52 36.68 37.78 38.80 39.75 40.61 41.37 42.02 42.54 42.88 42.92 42.54 41.61 40.15 38.18 35.76 32.91 29.69 26.12 22.25 18.12 13.76 9.25 4.96 1.24 0.00 0.00 0.00 0.00 0.00 0.00 0.00
9.94 9.53 9.14 8.76 8.40 8.06 7.73 7.44 7.16 6.92 6.71 6.55 6.43 6.37 6.35 6.37 6.43 6.54 6.69 6.88 7.11 7.37 7.67 8.02 8.50 9.12 9.87 10.72 11.66 12.67 13.73 14.83 15.94 17.05 18.13 19.18 20.17 21.10 22.01 22.91 23.80 24.69 25.61 26.55 27.53 28.56 29.65 30.82 32.06 33.37 34.66 35.92 37.14 38.31 39.41 40.44 41.39 42.25 43.01 43.65 44.17 44.54 44.56 44.03 42.92 41.29 39.17 36.60 33.62 30.27 26.59 22.62 18.40 13.96 9.37 5.01 1.23 0.00 0.00 0.00 0.00 0.00 0.00 0.00
9.91 9.52 9.14 8.77 8.42 8.09 7.77 7.48 7.21 6.98 6.80 6.68 6.63 6.61 6.64 6.71 6.82 6.97 7.16 7.38 7.63 7.92 8.24 8.62 9.12 9.79 10.59 11.52 12.55 13.66 14.83 16.06 17.31 18.58 19.83 21.02 22.07 22.97 23.81 24.64 25.48 26.32 27.20 28.11 29.06 30.08 31.16 32.32 33.57 34.88 36.18 37.45 38.67 39.84 40.95 41.98 42.92 43.77 44.52 45.16 45.65 45.87 45.66 44.96 43.72 41.97 39.73 37.06 33.99 30.56 26.81 22.77 18.49 14.01 9.39 5.01 1.19 0.00 0.00 0.00 0.00 0.00 0.00 0.00
9.89 9.51 9.14 8.78 8.44 8.11 7.80 7.52 7.26 7.05 6.91 6.83 6.81 6.85 6.93 7.04 7.19 7.38 7.60 7.85 8.14 8.45 8.79 9.18 9.72 10.43 11.29 12.28 13.39 14.60 15.89 17.24 18.64 20.06 21.44 22.70 23.81 24.76 25.56 26.33 27.11 27.91 28.73 29.61 30.53 31.52 32.59 33.74 34.99 36.31 37.62 38.88 40.11 41.27 42.37 43.40 44.33 45.18 45.91 46.52 46.85 46.77 46.26 45.35 44.01 42.17 39.87 37.13 34.01 30.54 26.75 22.70 18.41 13.92 9.31 4.94 1.14 0.00 0.00 0.00 0.00 0.00 0.00 0.00
9.86 9.50 9.14 8.79 8.45 8.13 7.83 7.55 7.32 7.15 7.03 6.98 6.99 7.07 7.19 7.35 7.54 7.76 8.02 8.30 8.61 8.94 9.30 9.71 10.27 11.02 11.94 13.00 14.20 15.50 16.90 18.38 19.91 21.44 22.87 24.18 25.35 26.37 27.23 27.97 28.68 29.42 30.20 31.04 31.93 32.89 33.94 35.08 36.33 37.64 38.95 40.21 41.43 42.59 43.68 44.69 45.62 46.44 47.15 47.59 47.62 47.23 46.45 45.30 43.80 41.90 39.57 36.81 33.68 30.21 26.43 22.39 18.13 13.69 9.12 4.81 1.07 0.00 0.00 0.00 0.00 0.00 0.00 0.00
9.84 9.49 9.14 8.80 8.47 8.15 7.86 7.61 7.41 7.26 7.17 7.15 7.18 7.27 7.42 7.62 7.85 8.11 8.39 8.70 9.03 9.39 9.76 10.19 10.77 11.56 12.53 13.66 14.94 16.34 17.85 19.45 21.07 22.63 24.09 25.43 26.65 27.74 28.69 29.50 30.19 30.87 31.60 32.38 33.24 34.17 35.19 36.32 37.55 38.86 40.16 41.42 42.63 43.77 44.85 45.85 46.76 47.55 48.09 48.22 47.94 47.28 46.25 44.87 43.18 41.17 38.83 36.10 33.00 29.56 25.84 21.86 17.67 13.31 8.83 4.61 0.97 0.00 0.00 0.00 0.00 0.00 0.00 0.00
9.82 9.48 9.14 8.80 8.48 8.17 7.90 7.68 7.51 7.39 7.32 7.31 7.36 7.46 7.63 7.85 8.11 8.40 8.71 9.05 9.40 9.77 10.17 10.60 11.21 12.04 13.06 14.26 15.61 17.10 18.72 20.39 22.03 23.58 25.05 26.43 27.70 28.86 29.89 30.80 31.57 32.23 32.90 33.64 34.45 35.34 36.34 37.44 38.66 39.97 41.25 42.50 43.69 44.82 45.88 46.86 47.73 48.35 48.58 48.40 47.84 46.92 45.66 44.09 42.22 40.08 37.68 34.99 31.96 28.60 24.97 21.10 17.02 12.77 8.43 4.35 0.84 0.00 0.00 0.00 0.00 0.00 0.00 0.00
9.80 9.47 9.13 8.81 8.49 8.21 7.97 7.78 7.63 7.53 7.48 7.48 7.54 7.65 7.81 8.04 8.32 8.64 8.98 9.33 9.71 10.10 10.50 10.95 11.58 12.44 13.51 14.77 16.20 17.78 19.46 21.12 22.73 24.28 25.76 27.16 28.48 29.70 30.81 31.82 32.70 33.45 34.11 34.79 35.55 36.41 37.37 38.44 39.65 40.94 42.21 43.44 44.61 45.72 46.76 47.70 48.40 48.70 48.61 48.14 47.32 46.17 44.71 42.96 40.94 38.68 36.19 33.50 30.56 27.33 23.83 20.10 16.17 12.09 7.92 4.01 0.69 0.00 0.00 0.00 0.00 0.00 0.00 0.00
9.79 9.46 9.13 8.81 8.52 8.27 8.05 7.88 7.75 7.67 7.63 7.64 7.70 7.81 7.98 8.20 8.47 8.80 9.16 9.54 9.93 10.34 10.75 11.21 11.86 12.75 13.87 15.19 16.70 18.32 19.96 21.58 23.16 24.70 26.18 27.61 28.96 30.24 31.43 32.53 33.52 34.39 35.15 35.82 36.53 37.34 38.27 39.32 40.50 41.77 43.02 44.23 45.38 46.46 47.46 48.22 48.59 48.58 48.20 47.47 46.41 45.05 43.41 41.51 39.37 37.00 34.45 31.71 28.82 25.74 22.41 18.86 15.13 11.25 7.29 3.61 0.50 0.00 0.00 0.00 0.00 0.00 0.00 0.00
9.77 9.45 9.13 8.83 8.57 8.34 8.15 8.00 7.88 7.81 7.78 7.79 7.85 7.96 8.11 8.32 8.58 8.90 9.27 9.66 10.07 10.49 10.91 11.38 12.05 12.97 14.13 15.51 17.04 18.61 20.18 21.75 23.30 24.82 26.30 27.75 29.14 30.47 31.73 32.91 34.00 35.00 35.90 36.68 37.39 38.15 39.03 40.04 41.20 42.44 43.67 44.85 45.98 47.02 47.83 48.27 48.32 48.01 47.36 46.38 45.12 43.57 41.77 39.74 37.50 35.06 32.46 29.71 26.83 23.84 20.71 17.38 13.89 10.26 6.55 3.13 0.28 0.00 0.00 0.00 0.00 0.00 0.00 0.00
9.76 9.44 9.15 8.88 8.64 8.43 8.25 8.11 8.01 7.94 7.91 7.92 7.98 8.08 8.22 8.41 8.66 8.95 9.29 9.69 10.11 10.54 10.97 11.44 12.12 13.08 14.28 15.67 17.12 18.60 20.10 21.61 23.12 24.62 26.10 27.56 28.98 30.36 31.68 32.95 34.14 35.26 36.28 37.21 38.04 38.81 39.64 40.62 41.74 42.96 44.16 45.31 46.39 47.24 47.72 47.83 47.58 47.00 46.10 44.91 43.46 41.75 39.82 37.68 35.36 32.87 30.24 27.50 24.65 21.73 18.74 15.67 12.45 9.10 5.69 2.57 0.02 0.00 0.00 0.00 0.00 0.00 0.00 0.00
9.75 9.45 9.18 8.94 8.71 8.52 8.36 8.22 8.12 8.06 8.02 8.03 8.08 8.16 8.29 8.46 8.68 8.95 9.26 9.63 10.04 10.47 10.91 11.38 12.08 13.06 14.26 15.54 16.89 18.27 19.69 21.14 22.60 24.08 25.55 27.02 28.46 29.89 31.27 32.61 33.90 35.13 36.29 37.37 38.36 39.25 40.10 41.03 42.11 43.30 44.47 45.57 46.45 46.97 47.13 46.93 46.40 45.57 44.45 43.07 41.45 39.60 37.56 35.34 32.96 30.45 27.82 25.10 22.31 19.47 16.60 13.72 10.80 7.78 4.71 1.93 0.00 0.00 0.00 0.00 0.00 0.00 0.00 0.00
9.75 9.48 9.23 9.00 8.80 8.61 8.46 8.33 8.23 8.15 8.12 8.11 8.14 8.21 8.32 8.47 8.65 8.89 9.17 9.49 9.87 10.29 10.72 11.20 11.91 12.86 13.94 15.09 16.32 17.60 18.94 20.32 21.74 23.18 24.64 26.11 27.58 29.04 30.48 31.89 33.27 34.61 35.89 37.11 38.26 39.33 40.32 41.26 42.30 43.46 44.57 45.48 46.03 46.21 46.05 45.57 44.79 43.73 42.42 40.86 39.10 37.14 35.01 32.73 30.32 27.80 25.20 22.53 19.82 17.09 14.36 11.64 8.97 6.30 3.60 1.20 0.00 0.00 0.00 0.00 0.00 0.00 0.00 0.00
9.78 9.53 9.29 9.08 8.88 8.70 8.55 8.42 8.31 8.23 8.18 8.16 8.17 8.22 8.30 8.42 8.57 8.77 9.01 9.29 9.61 9.99 10.41 10.88 11.54 12.36 13.27 14.29 15.39 16.57 17.82 19.13 20.50 21.90 23.35 24.81 26.30 27.79 29.28 30.77 32.23 33.67 35.07 36.43 37.73 38.98 40.15 41.24 42.30 43.40 44.32 44.88 45.09 44.96 44.52 43.78 42.77 41.51 40.02 38.32 36.43 34.38 32.19 29.87 27.45 24.95 22.40 19.81 17.20 14.60 12.02 9.49 7.04 4.67 2.37 0.36 0.00 0.00 0.00 0.00 0.00 0.00 0.00 0.00
9.81 9.57 9.35 9.14 8.95 8.78 8.62 8.48 8.37 8.28 8.21 8.17 8.16 8.18 8.23 8.31 8.43 8.59 8.78 9.01 9.29 9.61 9.97 10.39 10.89 11.52 12.28 13.15 14.12 15.19 16.35 17.58 18.89 20.25 21.67 23.13 24.63 26.15 27.69 29.23 30.78 32.31 33.83 35.32 36.77 38.18 39.53 40.82 42.05 43.05 43.62 43.84 43.73 43.30 42.59 41.62 40.40 38.96 37.31 35.49 33.51 31.38 29.15 26.82 24.41 21.95 19.47 16.97 14.49 12.04 9.64 7.32 5.10 3.00 1.03 0.00 0.00 0.00 0.00 0.00 0.00 0.00 0.00 0.00
9.78 9.56 9.35 9.16 8.97 8.80 8.65 8.51 8.38 8.28 8.20 8.15 8.11 8.11 8.13 8.18 8.27 8.38 8.53 8.72 8.95 9.21 9.52 9.85 10.21 10.65 11.23 11.93 12.76 13.71 14.75 15.90 17.13 18.44 19.81 21.25 22.74 24.27 25.84 27.43 29.04 30.65 32.27 33.87 35.46 37.02 38.54 40.02 41.47 42.60 42.96 42.84 42.41 41.71 40.74 39.53 38.11 36.49 34.70 32.75 30.68 28.49 26.22 23.88 21.49 19.08 16.67 14.27 11.92 9.63 7.42 5.31 3.33 1.48 0.00 0.00 0.00 0.00 0.00 0.00 0.00 0.00 0.00 0.00
9.65 9.46 9.27 9.09 8.92 8.76 8.61 8.47 8.35 8.25 8.16 8.09 8.04 8.02 8.02 8.04 8.10 8.18 8.30 8.45 8.63 8.84 9.08 9.35 9.63 9.92 10.30 10.82 11.49 12.28 13.20 14.23 15.36 16.59 17.91 19.30 20.76 22.28 23.86 25.47 27.12 28.80 30.49 32.19 33.88 35.57 37.24 38.91 40.59 41.98 42.47 42.15 41.41 40.41 39.18 37.74 36.12 34.32 32.38 30.31 28.14 25.88 23.57 21.22 18.85 16.48 14.14 11.84 9.61 7.47 5.44 3.55 1.79 0.15 0.00 0.00 0.00 0.00 0.00 0.00 0.00 0.00 0.00 0.00
9.44 9.27 9.11 8.96 8.81 8.66 8.52 8.39 8.27 8.17 8.08 8.01 7.95 7.91 7.90 7.90 7.93 7.99 8.08 8.19 8.33 8.49 8.67 8.87 9.09 9.30 9.53 9.85 10.33 10.95 11.72 12.61 13.63 14.75 15.99 17.31 18.73 20.22 21.78 23.40 25.07 26.78 28.52 30.29 32.08 33.88 35.70 37.56 39.45 41.06 41.80 41.62 40.70 39.41 37.92 36.24 34.40 32.42 30.32 28.13 25.86 23.53 21.18 18.81 16.45 14.12 11.84 9.64 7.54 5.55 3.70 2.00 0.43 0.00 0.00 0.00 0.00 0.00 0.00 0.00 0.00 0.00 0.00 0.00
9.19 9.01 8.88 8.75 8.62 8.50 8.38 8.26 8.16 8.06 7.97 7.90 7.84 7.80 7.77 7.76 7.78 7.81 7.87 7.95 8.04 8.15 8.27 8.42 8.57 8.72 8.88 9.05 9.32 9.76 10.34 11.08 11.96 12.96 14.09 15.33 16.67 18.11 19.63 21.23 22.90 24.63 26.41 28.23 30.08 31.99 33.96 35.99 38.07 39.88 40.84 40.90 40.11 38.66 36.90 34.99 32.93 30.77 28.51 26.19 23.81 21.42 19.01 16.62 14.27 11.98 9.77 7.66 5.67 3.83 2.15 0.62 0.00 0.00 0.00 0.00 0.00 0.00 0.00 0.00 0.00 0.00 0.00 0.00
8.93 8.72 8.58 8.48 8.38 8.28 8.19 8.09 8.00 7.92 7.84 7.77 7.72 7.67 7.64 7.63 7.63 7.65 7.68 7.72 7.77 7.82 7.90 7.98 8.08 8.18 8.28 8.38 8.49 8.72 9.11 9.67 10.38 11.24 12.24 13.37 14.62 15.99 17.45 19.01 20.66 22.38 24.17 26.02 27.95 29.96 32.06 34.24 36.47 38.46 39.61 39.89 39.34 38.03 36.12 33.96 31.69 29.34 26.92 24.46 21.98 19.51 17.05 14.64 12.29 10.04 7.89 5.86 3.99 2.29 0.77 0.00 0.00 0.00 0.00 0.00 0.00 0.00 0.00 0.00 0.00 0.00 0.00 0.00
8.66 8.42 8.25 8.15 8.08 8.02 7.95 7.89 7.82 7.75 7.69 7.64 7.59 7.55 7.52 7.50 7.49 7.50 7.50 7.50 7.50 7.51 7.53 7.57 7.61 7.66 7.70 7.75 7.80 7.87 8.05 8.41 8.94 9.64 10.49 11.48 12.62 13.89 15.27 16.77 18.37 20.07 21.85 23.73 25.72 27.83 30.03 32.32 34.69 36.82 38.15 38.61 38.27 37.19 35.42 33.14 30.65 28.10 25.52 22.93 20.34 17.78 15.27 12.83 10.49 8.26 6.17 4.23 2.47 0.91 0.00 0.00 0.00 0.00 0.00 0.00 0.00 0.00 0.00 0.00 0.00 0.00 0.00 0.00
8.39 8.12 7.93 7.81 7.74 7.71 7.68 7.64 7.61 7.57 7.53 7.49 7.45 7.42 7.40 7.39 7.37 7.35 7.32 7.28 7.24 7.21 7.19 7.18 7.17 7.17 7.17 7.16 7.17 7.17 7.19 7.34 7.66 8.17 8.85 9.69 10.69 11.84 13.13 14.54 16.07 17.72 19.49 21.40 23.45 25.61 27.89 30.27 32.74 35.00 36.47 37.10 36.94 36.06 34.52 32.37 29.78 27.04 24.29 21.55 18.85 16.21 13.64 11.17 8.83 6.62 4.58 2.73 1.10 0.00 0.00 0.00 0.00 0.00 0.00 0.00 0.00 0.00 0.00 0.00 0.00 0.00 0.00 0.00
