data_processed/recharge/precip/Precip_2000_04.asc
ncols        168
nrows        136
xllcorner    455000
yllcorner    2107000
cellsize     500
NODATA_value     -99999
[rows 0 to 35 of 136, columns 0 to 79 of 168]
0.78 0.84 0.98 1.19 1.45 1.76 2.12 2.51 2.94 3.39 3.85 4.32 4.80 5.27 5.73 6.17 6.58 6.97 7.32 7.62 7.87 8.06 8.18 8.23 8.22 8.15 7.99 7.80 7.61 7.44 7.27 7.11 6.97 6.85 6.75 6.68 6.64 6.63 6.65 6.71 6.81 6.96 7.16 7.40 7.70 8.06 8.47 8.95 9.50 10.12 10.81 11.61 12.48 13.36 14.22 15.07 15.89 16.70 17.47 18.22 18.93 19.62 20.27 20.88 21.44 21.97 22.45 22.89 23.27 23.60 23.88 24.10 24.26 24.35 24.38 24.35 24.25 24.08 23.86 23.57
0.86 0.88 0.98 1.14 1.37 1.66 2.00 2.38 2.79 3.24 3.71 4.20 4.70 5.19 5.69 6.17 6.63 7.07 7.48 7.85 8.17 8.44 8.65 8.82 8.96 9.05 9.00 8.85 8.68 8.51 8.34 8.18 8.03 7.89 7.77 7.67 7.60 7.55 7.53 7.54 7.59 7.68 7.81 7.98 8.21 8.48 8.82 9.20 9.65 10.17 10.80 11.55 12.37 13.22 14.07 14.91 15.73 16.52 17.29 18.04 18.75 19.43 20.08 20.69 21.26 21.79 22.27 22.71 23.10 23.44 23.72 23.95 24.12 24.22 24.27 24.24 24.16 24.04 23.88 23.62
0.99 0.97 1.02 1.14 1.33 1.58 1.90 2.26 2.66 3.10 3.57 4.07 4.58 5.10 5.62 6.13 6.64 7.12 7.58 8.01 8.40 8.74 9.06 9.36 9.65 9.89 9.99 9.94 9.80 9.63 9.46 9.29 9.13 8.97 8.83 8.70 8.59 8.51 8.44 8.40 8.40 8.42 8.49 8.59 8.74 8.93 9.18 9.47 9.83 10.29 10.87 11.57 12.34 13.14 13.96 14.79 15.60 16.39 17.15 17.89 18.60 19.28 19.92 20.53 21.10 21.63 22.12 22.56 22.95 23.29 23.58 23.81 23.99 24.10 24.16 24.15 24.11 24.04 23.92 23.71
1.12 1.11 1.12 1.19 1.33 1.55 1.82 2.16 2.55 2.97 3.44 3.93 4.45 4.98 5.52 6.06 6.60 7.13 7.63 8.11 8.56 8.99 9.43 9.87 10.30 10.67 10.90 10.99 10.94 10.80 10.62 10.44 10.27 10.09 9.92 9.76 9.62 9.49 9.37 9.28 9.22 9.18 9.18 9.21 9.28 9.39 9.54 9.75 10.05 10.47 11.02 11.67 12.39 13.14 13.91 14.71 15.51 16.29 17.05 17.78 18.48 19.15 19.80 20.40 20.97 21.50 21.98 22.42 22.82 23.16 23.45 23.69 23.87 23.99 24.06 24.10 24.10 24.07 24.00 23.82
1.26 1.25 1.25 1.29 1.38 1.55 1.79 2.09 2.45 2.86 3.31 3.80 4.31 4.85 5.40 5.97 6.53 7.09 7.64 8.16 8.69 9.23 9.79 10.35 10.90 11.39 11.75 11.96 12.03 11.96 11.80 11.61 11.42 11.22 11.02 10.83 10.65 10.47 10.31 10.17 10.04 9.94 9.87 9.82 9.81 9.83 9.90 10.06 10.33 10.73 11.23 11.84 12.51 13.21 13.94 14.69 15.46 16.23 16.98 17.70 18.39 19.06 19.70 20.30 20.86 21.39 21.87 22.31 22.71 23.05 23.35 23.59 23.77 23.91 24.01 24.08 24.12 24.13 24.09 23.95
1.41 1.39 1.40 1.43 1.49 1.60 1.80 2.06 2.38 2.76 3.20 3.67 4.18 4.72 5.28 5.85 6.43 7.02 7.60 8.19 8.81 9.46 10.12 10.79 11.45 12.06 12.52 12.84 13.02 13.06 12.97 12.78 12.57 12.35 12.12 11.89 11.67 11.45 11.24 11.04 10.85 10.68 10.53 10.41 10.31 10.25 10.28 10.42 10.68 11.04 11.51 12.08 12.71 13.37 14.04 14.75 15.47 16.21 16.94 17.65 18.34 19.00 19.63 20.22 20.78 21.30 21.78 22.22 22.61 22.96 23.25 23.49 23.69 23.85 23.98 24.09 24.16 24.20 24.20 24.09
1.56 1.54 1.55 1.58 1.63 1.71 1.85 2.06 2.35 2.70 3.10 3.55 4.05 4.58 5.14 5.72 6.31 6.92 7.54 8.22 8.93 9.68 10.44 11.21 11.96 12.67 13.23 13.64 13.91 14.05 14.05 13.92 13.71 13.46 13.20 12.93 12.67 12.40 12.13 11.87 11.62 11.38 11.16 10.95 10.78 10.69 10.70 10.83 11.07 11.41 11.85 12.38 12.97 13.58 14.22 14.87 15.55 16.24 16.95 17.65 18.32 18.97 19.59 20.18 20.73 21.24 21.72 22.15 22.54 22.88 23.17 23.42 23.64 23.83 23.99 24.12 24.22 24.29 24.32 24.24
1.71 1.70 1.70 1.73 1.78 1.85 1.95 2.12 2.35 2.66 3.03 3.45 3.93 4.45 5.00 5.58 6.18 6.82 7.51 8.27 9.06 9.89 10.74 11.59 12.43 13.22 13.86 14.36 14.71 14.93 15.01 14.96 14.79 14.53 14.24 13.93 13.62 13.30 12.98 12.66 12.34 12.03 11.73 11.45 11.25 11.16 11.17 11.29 11.51 11.83 12.24 12.74 13.29 13.86 14.45 15.07 15.70 16.34 17.00 17.67 18.33 18.97 19.58 20.16 20.70 21.21 21.67 22.10 22.48 22.82 23.12 23.38 23.62 23.83 24.02 24.17 24.30 24.39 24.44 24.38
1.88 1.86 1.86 1.88 1.93 2.00 2.09 2.22 2.40 2.66 2.99 3.38 3.83 4.32 4.86 5.43 6.05 6.75 7.51 8.34 9.20 10.10 11.01 11.94 12.85 13.71 14.43 15.00 15.42 15.70 15.85 15.87 15.76 15.54 15.22 14.88 14.52 14.14 13.76 13.38 12.99 12.61 12.24 11.94 11.75 11.66 11.68 11.79 11.99 12.29 12.68 13.14 13.66 14.19 14.75 15.32 15.91 16.51 17.12 17.75 18.38 19.00 19.60 20.16 20.70 21.19 21.65 22.07 22.45 22.79 23.10 23.38 23.63 23.86 24.06 24.23 24.38 24.50 24.56 24.52
2.04 2.02 2.02 2.04 2.08 2.15 2.24 2.35 2.50 2.71 2.99 3.34 3.75 4.21 4.73 5.31 5.97 6.72 7.54 8.42 9.34 10.30 11.27 12.25 13.23 14.15 14.92 15.55 16.03 16.37 16.57 16.64 16.59 16.41 16.12 15.75 15.34 14.91 14.47 14.02 13.57 13.12 12.73 12.45 12.27 12.19 12.21 12.32 12.51 12.79 13.16 13.59 14.07 14.57 15.09 15.63 16.17 16.73 17.31 17.89 18.48 19.07 19.65 20.20 20.72 21.21 21.66 22.07 22.44 22.79 23.11 23.40 23.67 23.91 24.12 24.31 24.47 24.60 24.68 24.65
2.22 2.20 2.19 2.21 2.25 2.30 2.39 2.49 2.63 2.80 3.02 3.32 3.69 4.13 4.64 5.25 5.95 6.74 7.61 8.53 9.49 10.49 11.51 12.54 13.56 14.53 15.35 16.02 16.55 16.93 17.17 17.28 17.27 17.13 16.88 16.51 16.07 15.58 15.08 14.56 14.05 13.59 13.23 12.98 12.81 12.74 12.77 12.87 13.06 13.33 13.67 14.08 14.53 15.00 15.48 15.98 16.49 17.01 17.55 18.09 18.63 19.18 19.73 20.27 20.77 21.25 21.68 22.09 22.46 22.81 23.14 23.44 23.71 23.96 24.18 24.38 24.55 24.69 24.78 24.76
2.40 2.38 2.37 2.38 2.41 2.46 2.54 2.64 2.76 2.92 3.11 3.35 3.68 4.09 4.62 5.25 5.99 6.81 7.70 8.65 9.65 10.68 11.73 12.79 13.85 14.85 15.71 16.41 16.97 17.38 17.65 17.79 17.80 17.69 17.46 17.12 16.67 16.14 15.58 15.01 14.49 14.06 13.74 13.51 13.37 13.31 13.34 13.45 13.63 13.88 14.21 14.59 15.02 15.46 15.91 16.38 16.85 17.34 17.83 18.33 18.84 19.35 19.86 20.36 20.85 21.31 21.74 22.14 22.52 22.87 23.20 23.50 23.77 24.03 24.25 24.45 24.63 24.77 24.87 24.85
2.59 2.56 2.55 2.56 2.58 2.63 2.69 2.79 2.90 3.05 3.22 3.43 3.72 4.14 4.68 5.33 6.08 6.91 7.82 8.79 9.81 10.86 11.93 13.01 14.09 15.11 15.99 16.72 17.29 17.72 18.01 18.17 18.19 18.10 17.88 17.55 17.11 16.57 15.96 15.39 14.92 14.54 14.25 14.04 13.93 13.89 13.92 14.04 14.22 14.46 14.77 15.14 15.53 15.95 16.37 16.81 17.25 17.71 18.17 18.63 19.10 19.57 20.04 20.50 20.96 21.40 21.82 22.22 22.59 22.94 23.27 23.56 23.84 24.09 24.32 24.52 24.69 24.84 24.93 24.91
2.79 2.76 2.74 2.74 2.76 2.80 2.86 2.94 3.05 3.18 3.34 3.56 3.86 4.28 4.82 5.47 6.22 7.06 7.98 8.95 9.97 11.03 12.11 13.20 14.29 15.32 16.21 16.94 17.53 17.96 18.25 18.41 18.44 18.34 18.13 17.79 17.35 16.82 16.27 15.76 15.34 15.00 14.75 14.58 14.49 14.47 14.52 14.63 14.81 15.05 15.35 15.70 16.07 16.46 16.86 17.27 17.69 18.11 18.54 18.97 19.40 19.83 20.26 20.69 21.11 21.53 21.94 22.33 22.69 23.03 23.35 23.64 23.91 24.15 24.37 24.56 24.73 24.88 24.97 24.94
3.00 2.96 2.94 2.93 2.94 2.97 3.02 3.09 3.19 3.31 3.49 3.74 4.08 4.51 5.04 5.68 6.43 7.26 8.16 9.13 10.15 11.20 12.27 13.36 14.45 15.48 16.36 17.09 17.66 18.09 18.38 18.52 18.54 18.43 18.20 17.86 17.41 16.95 16.51 16.10 15.74 15.45 15.24 15.10 15.04 15.04 15.11 15.23 15.42 15.65 15.94 16.27 16.63 16.99 17.37 17.76 18.15 18.54 18.94 19.34 19.74 20.14 20.53 20.92 21.31 21.69 22.08 22.45 22.80 23.13 23.43 23.71 23.97 24.20 24.41 24.60 24.76 24.89 24.98 24.93
3.22 3.17 3.14 3.13 3.13 3.15 3.19 3.25 3.34 3.47 3.69 3.99 4.36 4.82 5.34 5.97 6.69 7.50 8.38 9.33 10.32 11.36 12.42 13.49 14.56 15.57 16.44 17.15 17.71 18.11 18.38 18.51 18.50 18.37 18.11 17.75 17.37 17.01 16.68 16.39 16.11 15.88 15.72 15.62 15.58 15.61 15.69 15.83 16.02 16.25 16.53 16.85 17.19 17.54 17.90 18.26 18.63 19.00 19.37 19.74 20.11 20.48 20.84 21.19 21.55 21.89 22.24 22.59 22.92 23.23 23.51 23.78 24.02 24.24 24.43 24.60 24.75 24.87 24.94 24.88
3.44 3.39 3.35 3.33 3.33 3.34 3.37 3.42 3.52 3.69 3.95 4.28 4.69 5.17 5.71 6.32 7.00 7.78 8.63 9.54 10.51 11.51 12.54 13.58 14.62 15.61 16.45 17.13 17.66 18.03 18.26 18.35 18.31 18.14 17.86 17.56 17.28 17.02 16.80 16.60 16.43 16.28 16.17 16.11 16.10 16.16 16.26 16.41 16.61 16.85 17.12 17.43 17.76 18.09 18.43 18.77 19.12 19.47 19.82 20.16 20.50 20.84 21.17 21.49 21.81 22.13 22.43 22.74 23.04 23.32 23.59 23.83 24.05 24.25 24.43 24.58 24.71 24.81 24.86 24.78
3.68 3.62 3.58 3.54 3.53 3.53 3.55 3.61 3.75 3.97 4.26 4.63 5.06 5.55 6.11 6.71 7.37 8.10 8.91 9.78 10.70 11.66 12.65 13.65 14.65 15.60 16.39 17.03 17.51 17.84 18.03 18.07 17.98 17.78 17.54 17.33 17.15 17.00 16.87 16.76 16.68 16.62 16.58 16.57 16.60 16.69 16.81 16.98 17.19 17.43 17.71 18.01 18.32 18.64 18.97 19.29 19.62 19.95 20.28 20.60 20.92 21.23 21.53 21.82 22.10 22.37 22.64 22.91 23.16 23.42 23.65 23.87 24.07 24.24 24.39 24.52 24.62 24.71 24.73 24.63
3.93 3.86 3.81 3.76 3.74 3.73 3.76 3.87 4.05 4.30 4.63 5.02 5.47 5.97 6.53 7.14 7.78 8.47 9.22 10.03 10.90 11.80 12.74 13.68 14.63 15.52 16.27 16.85 17.27 17.55 17.67 17.66 17.52 17.35 17.21 17.09 17.00 16.94 16.90 16.88 16.88 16.90 16.94 16.99 17.07 17.19 17.34 17.53 17.75 18.00 18.28 18.57 18.88 19.19 19.50 19.82 20.13 20.44 20.75 21.05 21.34 21.62 21.89 22.14 22.39 22.63 22.86 23.08 23.29 23.50 23.70 23.89 24.05 24.20 24.32 24.42 24.50 24.55 24.55 24.42
4.18 4.11 4.05 3.99 3.96 3.96 4.03 4.18 4.40 4.69 5.04 5.44 5.91 6.42 6.97 7.57 8.20 8.87 9.57 10.31 11.10 11.94 12.81 13.68 14.56 15.39 16.07 16.58 16.94 17.14 17.20 17.13 17.02 16.94 16.88 16.85 16.85 16.86 16.90 16.96 17.04 17.13 17.24 17.37 17.50 17.66 17.84 18.05 18.29 18.55 18.83 19.12 19.42 19.72 20.03 20.33 20.63 20.93 21.22 21.49 21.76 22.01 22.24 22.47 22.68 22.88 23.07 23.25 23.42 23.58 23.73 23.88 24.01 24.12 24.21 24.27 24.32 24.34 24.31 24.14
4.45 4.37 4.29 4.23 4.21 4.25 4.37 4.56 4.81 5.12 5.49 5.90 6.37 6.88 7.43 8.01 8.62 9.26 9.92 10.60 11.32 12.07 12.86 13.66 14.46 15.21 15.81 16.24 16.51 16.63 16.62 16.57 16.55 16.55 16.57 16.62 16.69 16.78 16.89 17.02 17.17 17.33 17.50 17.68 17.88 18.08 18.30 18.54 18.80 19.07 19.35 19.64 19.94 20.24 20.54 20.83 21.12 21.41 21.67 21.92 22.16 22.38 22.58 22.77 22.95 23.11 23.26 23.40 23.52 23.64 23.75 23.84 23.93 24.00 24.05 24.08 24.08 24.07 24.00 23.79
4.73 4.64 4.55 4.50 4.52 4.61 4.76 4.98 5.26 5.59 5.97 6.39 6.86 7.36 7.89 8.46 9.04 9.65 10.27 10.90 11.53 12.20 12.89 13.60 14.31 14.97 15.47 15.81 15.99 16.04 16.04 16.06 16.11 16.19 16.28 16.40 16.54 16.70 16.87 17.07 17.27 17.49 17.72 17.96 18.20 18.46 18.72 18.99 19.26 19.55 19.84 20.14 20.44 20.73 21.03 21.32 21.60 21.86 22.10 22.33 22.53 22.72 22.89 23.05 23.19 23.31 23.42 23.52 23.60 23.67 23.73 23.77 23.81 23.83 23.83 23.82 23.79 23.73 23.62 23.37
5.02 4.92 4.85 4.84 4.90 5.03 5.21 5.46 5.75 6.09 6.48 6.90 7.36 7.85 8.36 8.90 9.45 10.02 10.59 11.17 11.74 12.32 12.90 13.51 14.11 14.67 15.07 15.31 15.40 15.45 15.52 15.61 15.73 15.87 16.03 16.22 16.42 16.63 16.86 17.11 17.37 17.64 17.91 18.20 18.49 18.79 19.08 19.39 19.69 19.99 20.30 20.60 20.90 21.20 21.49 21.77 22.03 22.27 22.49 22.69 22.87 23.03 23.17 23.29 23.39 23.48 23.55 23.60 23.64 23.66 23.67 23.66 23.64 23.61 23.57 23.51 23.43 23.32 23.17 22.87
5.33 5.23 5.21 5.24 5.34 5.50 5.71 5.98 6.28 6.63 7.02 7.43 7.88 8.34 8.83 9.33 9.85 10.36 10.88 11.40 11.91 12.41 12.90 13.39 13.88 14.32 14.60 14.74 14.83 14.94 15.07 15.23 15.41 15.61 15.83 16.07 16.32 16.59 16.87 17.16 17.46 17.77 18.09 18.42 18.74 19.07 19.41 19.74 20.07 20.39 20.71 21.02 21.33 21.62 21.91 22.18 22.42 22.64 22.83 23.00 23.15 23.28 23.39 23.47 23.54 23.59 23.62 23.63 23.62 23.59 23.55 23.50 23.42 23.34 23.24 23.12 22.99 22.84 22.63 22.28
5.67 5.62 5.63 5.71 5.84 6.02 6.26 6.53 6.84 7.19 7.57 7.97 8.40 8.84 9.29 9.76 10.22 10.69 11.15 11.60 12.04 12.46 12.86 13.23 13.60 13.91 14.09 14.21 14.36 14.53 14.72 14.93 15.17 15.42 15.69 15.97 16.27 16.58 16.90 17.23 17.57 17.92 18.27 18.62 18.98 19.33 19.69 20.04 20.39 20.74 21.07 21.39 21.71 22.00 22.28 22.53 22.75 22.94 23.11 23.26 23.38 23.47 23.55 23.60 23.63 23.64 23.62 23.59 23.54 23.47 23.37 23.27 23.14 23.00 22.84 22.67 22.48 22.27 22.01 21.61
6.07 6.07 6.12 6.23 6.39 6.59 6.84 7.12 7.43 7.77 8.14 8.52 8.92 9.33 9.74 10.16 10.58 10.98 11.38 11.76 12.12 12.45 12.76 13.04 13.27 13.47 13.62 13.80 14.00 14.22 14.46 14.73 15.00 15.30 15.61 15.93 16.27 16.62 16.97 17.33 17.70 18.07 18.45 18.83 19.20 19.58 19.95 20.32 20.68 21.04 21.38 21.71 22.03 22.32 22.57 22.80 23.00 23.17 23.32 23.44 23.53 23.59 23.63 23.65 23.64 23.61 23.55 23.48 23.38 23.26 23.12 22.96 22.78 22.58 22.37 22.13 21.88 21.62 21.30 20.92
6.51 6.55 6.64 6.78 6.95 7.17 7.42 7.71 8.01 8.34 8.69 9.05 9.42 9.79 10.16 10.52 10.88 11.23 11.55 11.85 12.13 12.38 12.59 12.76 12.90 13.07 13.27 13.50 13.75 14.01 14.30 14.60 14.92 15.25 15.60 15.95 16.32 16.70 17.08 17.46 17.86 18.25 18.64 19.03 19.43 19.81 20.20 20.57 20.94 21.30 21.64 21.96 22.25 22.53 22.77 22.98 23.16 23.31 23.43 23.52 23.58 23.61 23.62 23.60 23.56 23.49 23.39 23.27 23.13 22.97 22.78 22.57 22.33 22.08 21.81 21.52 21.20 20.88 20.58 20.26
6.87 6.94 7.06 7.23 7.43 7.66 7.92 8.20 8.50 8.82 9.14 9.48 9.81 10.15 10.47 10.79 11.09 11.36 11.62 11.84 12.04 12.19 12.31 12.39 12.51 12.72 12.97 13.24 13.53 13.84 14.16 14.50 14.86 15.22 15.60 15.99 16.38 16.78 17.19 17.59 18.00 18.41 18.82 19.23 19.63 20.02 20.41 20.79 21.16 21.52 21.84 22.09 22.32 22.57 22.80 22.99 23.16 23.29 23.39 23.46 23.49 23.50 23.48 23.43 23.36 23.25 23.12 22.96 22.78 22.57 22.34 22.08 21.80 21.49 21.17 20.82 20.46 20.13 19.86 19.60
7.12 7.22 7.37 7.56 7.78 8.03 8.29 8.58 8.87 9.18 9.49 9.80 10.10 10.39 10.68 10.94 11.18 11.39 11.58 11.73 11.84 11.90 11.93 12.00 12.16 12.40 12.68 13.00 13.33 13.68 14.04 14.41 14.80 15.20 15.61 16.02 16.44 16.86 17.29 17.71 18.14 18.56 18.98 19.40 19.81 20.21 20.60 20.98 21.35 21.68 21.93 22.10 22.26 22.45 22.66 22.85 23.00 23.12 23.20 23.25 23.27 23.26 23.21 23.14 23.03 22.90 22.74 22.55 22.33 22.08 21.81 21.51 21.18 20.83 20.46 20.07 19.71 19.41 19.17 18.94
7.34 7.40 7.58 7.79 8.03 8.29 8.57 8.85 9.14 9.44 9.73 10.01 10.28 10.54 10.78 10.99 11.17 11.32 11.44 11.51 11.53 11.52 11.54 11.64 11.83 12.11 12.43 12.77 13.14 13.53 13.93 14.33 14.75 15.18 15.61 16.05 16.49 16.93 17.37 17.82 18.26 18.69 19.12 19.55 19.96 20.37 20.76 21.14 21.48 21.74 21.91 22.01 22.09 22.22 22.38 22.55 22.69 22.80 22.88 22.92 22.92 22.89 22.83 22.73 22.61 22.45 22.26 22.04 21.79 21.51 21.20 20.86 20.50 20.11 19.70 19.31 18.98 18.72 18.51 18.31
7.56 7.57 7.70 7.93 8.19 8.47 8.75 9.04 9.32 9.60 9.88 10.14 10.38 10.60 10.79 10.95 11.08 11.17 11.21 11.20 11.16 11.13 11.18 11.32 11.55 11.86 12.20 12.58 12.98 13.39 13.82 14.26 14.71 15.16 15.62 16.07 16.53 17.00 17.45 17.91 18.36 18.81 19.24 19.67 20.09 20.50 20.89 21.24 21.51 21.69 21.79 21.82 21.84 21.90 22.00 22.12 22.25 22.36 22.43 22.46 22.46 22.42 22.34 22.23 22.08 21.91 21.70 21.45 21.18 20.87 20.53 20.16 19.77 19.35 18.94 18.58 18.29 18.05 17.87 17.71
7.79 7.74 7.81 8.00 8.27 8.56 8.85 9.14 9.42 9.69 9.94 10.18 10.39 10.57 10.72 10.83 10.90 10.93 10.90 10.83 10.78 10.78 10.86 11.03 11.29 11.63 12.00 12.41 12.83 13.27 13.73 14.19 14.67 15.14 15.62 16.10 16.57 17.05 17.52 17.99 18.45 18.90 19.34 19.77 20.19 20.60 20.96 21.24 21.43 21.54 21.57 21.54 21.50 21.50 21.54 21.61 21.70 21.80 21.87 21.90 21.89 21.84 21.76 21.64 21.48 21.29 21.06 20.80 20.50 20.17 19.81 19.42 19.00 18.58 18.21 17.89 17.62 17.42 17.27 17.13
8.03 7.92 7.93 8.06 8.28 8.57 8.87 9.17 9.44 9.70 9.94 10.15 10.33 10.48 10.58 10.65 10.66 10.62 10.54 10.46 10.43 10.47 10.58 10.77 11.06 11.43 11.83 12.26 12.70 13.17 13.64 14.13 14.63 15.12 15.62 16.11 16.61 17.10 17.58 18.05 18.52 18.98 19.42 19.85 20.27 20.64 20.93 21.14 21.26 21.30 21.27 21.18 21.09 21.04 21.03 21.04 21.09 21.15 21.21 21.24 21.24 21.19 21.10 20.97 20.81 20.61 20.37 20.09 19.78 19.43 19.05 18.64 18.23 17.85 17.52 17.23 16.99 16.82 16.69 16.57
8.27 8.11 8.06 8.13 8.29 8.54 8.84 9.13 9.40 9.65 9.88 10.06 10.21 10.32 10.39 10.40 10.36 10.27 10.17 10.12 10.12 10.19 10.33 10.55 10.86 11.25 11.68 12.13 12.59 13.08 13.57 14.08 14.59 15.11 15.62 16.13 16.63 17.13 17.62 18.10 18.57 19.03 19.47 19.90 20.29 20.59 20.81 20.94 20.99 20.97 20.88 20.74 20.61 20.51 20.45 20.43 20.42 20.44 20.48 20.51 20.50 20.46 20.37 20.25 20.08 19.87 19.63 19.34 19.02 18.66 18.27 17.87 17.50 17.16 16.86 16.60 16.39 16.24 16.13 16.04
8.51 8.31 8.21 8.22 8.33 8.51 8.76 9.04 9.31 9.55 9.76 9.92 10.05 10.12 10.14 10.10 10.01 9.92 9.85 9.83 9.86 9.95 10.11 10.36 10.69 11.10 11.55 12.02 12.50 13.00 13.51 14.03 14.56 15.09 15.61 16.13 16.65 17.15 17.65 18.13 18.61 19.06 19.50 19.90 20.22 20.44 20.58 20.64 20.64 20.56 20.43 20.25 20.07 19.93 19.84 19.77 19.73 19.70 19.70 19.71 19.71 19.67 19.59 19.47 19.31 19.10 18.85 18.56 18.24 17.87 17.50 17.14 16.81 16.50 16.23 16.00 15.81 15.69 15.60 15.54
8.76 8.51 8.38 8.34 8.38 8.50 8.69 8.93 9.18 9.41 9.60 9.74 9.84 9.87 9.85 9.78 9.68 9.61 9.57 9.57 9.63 9.74 9.93 10.19 10.55 10.98 11.44 11.93 12.43 12.94 13.46 13.99 14.53 15.07 15.60 16.14 16.66 17.17 17.67 18.15 18.62 19.07 19.48 19.81 20.05 20.20 20.27 20.27 20.21 20.09 19.91 19.69 19.48 19.31 19.18 19.08 19.00 18.95 18.91 18.88 18.87 18.84 18.77 18.66 18.50 18.30 18.06 17.77 17.45 17.10 16.77 16.45 16.15 15.87 15.63 15.43 15.27 15.16 15.10 15.05
