data_processed/recharge/precip/Precip_1995_02.asc
ncols        168
nrows        136
xllcorner    455000
yllcorner    2107000
cellsize     500
NODATA_value     -99999
[rows 0 to 35 of 136, columns 82 to 163 of 168]
14.15 13.42 12.71 12.00 11.30 10.61 9.94 9.29 8.66 8.04 7.45 6.89 6.36 5.85 5.38 4.94 4.54 4.18 3.86 3.59 3.36 3.17 2.86 2.48 2.08 1.65 1.22 0.77 0.32 0.00 0.00 0.00 0.00 0.00 0.00 0.00 0.00 0.00 0.00 0.00 0.00 0.00 0.00 0.00 0.00 0.00 0.00 0.00 0.00 0.13 1.05 2.10 3.27 4.55 5.91 7.34 8.81 10.32 11.85 13.37 14.87 16.33 17.74 19.07 20.32 21.45 22.46 23.32 24.03 24.55 24.88 25.00 24.88 24.50 23.91 23.24 22.50 21.71 20.87 20.00 19.10 18.18
15.80 15.06 14.32 13.59 12.86 12.13 11.42 10.71 10.02 9.35 8.69 8.06 7.45 6.86 6.30 5.76 5.26 4.79 4.36 3.97 3.62 3.33 3.06 2.75 2.41 2.04 1.65 1.25 0.84 0.43 0.02 0.00 0.00 0.00 0.00 0.00 0.00 0.00 0.00 0.00 0.00 0.00 0.00 0.00 0.00 0.00 0.00 0.00 0.00 0.56 1.60 2.77 4.04 5.41 6.85 8.35 9.88 11.43 12.99 14.54 16.05 17.51 18.90 20.21 21.42 22.51 23.46 24.26 24.88 25.31 25.54 25.54 25.30 24.82 24.18 23.46 22.69 21.86 21.00 20.10 19.17 18.23
17.27 16.52 15.76 15.00 14.24 13.48 12.73 11.97 11.23 10.50 9.78 9.07 8.38 7.71 7.06 6.44 5.84 5.27 4.72 4.22 3.80 3.52 3.29 3.04 2.77 2.46 2.13 1.77 1.41 1.03 0.65 0.27 0.00 0.00 0.00 0.00 0.00 0.00 0.00 0.00 0.00 0.00 0.00 0.00 0.00 0.00 0.00 0.00 0.00 0.98 2.15 3.44 4.82 6.28 7.80 9.36 10.96 12.56 14.15 15.72 17.25 18.71 20.10 21.39 22.56 23.60 24.50 25.23 25.77 26.12 26.24 26.13 25.78 25.26 24.60 23.85 23.03 22.17 21.27 20.34 19.39 18.42
18.53 17.77 16.99 16.21 15.42 14.63 13.84 13.04 12.25 11.46 10.68 9.91 9.15 8.40 7.67 6.95 6.26 5.59 4.94 4.37 3.96 3.69 3.47 3.28 3.07 2.83 2.55 2.25 1.93 1.59 1.25 0.90 0.56 0.22 0.00 0.00 0.00 0.00 0.00 0.00 0.00 0.00 0.00 0.00 0.00 0.00 0.00 0.00 0.29 1.34 2.62 4.03 5.52 7.08 8.68 10.33 11.98 13.64 15.27 16.87 18.41 19.88 21.26 22.54 23.68 24.69 25.53 26.20 26.67 26.93 26.96 26.75 26.37 25.84 25.18 24.42 23.56 22.66 21.72 20.75 19.77 18.77
19.57 18.80 18.02 17.22 16.41 15.59 14.76 13.93 13.09 12.26 11.42 10.58 9.75 8.93 8.12 7.32 6.53 5.77 5.07 4.51 4.11 3.85 3.65 3.46 3.30 3.13 2.92 2.68 2.41 2.12 1.82 1.50 1.19 0.87 0.56 0.27 0.00 0.00 0.00 0.00 0.00 0.00 0.00 0.00 0.00 0.00 0.00 0.01 0.69 1.72 3.03 4.55 6.15 7.81 9.51 11.24 12.96 14.67 16.35 17.98 19.55 21.03 22.41 23.67 24.80 25.77 26.57 27.18 27.58 27.76 27.71 27.47 27.09 26.56 25.90 25.13 24.26 23.32 22.33 21.33 20.31 19.28
20.41 19.64 18.85 18.04 17.21 16.37 15.51 14.64 13.76 12.88 11.99 11.09 10.20 9.31 8.42 7.54 6.67 5.86 5.18 4.64 4.26 4.01 3.81 3.64 3.49 3.36 3.22 3.04 2.83 2.60 2.34 2.07 1.79 1.50 1.22 0.94 0.68 0.43 0.21 0.02 0.00 0.00 0.00 0.00 0.00 0.00 0.14 0.52 1.18 2.18 3.47 5.02 6.73 8.50 10.29 12.10 13.90 15.67 17.40 19.07 20.67 22.16 23.55 24.80 25.91 26.85 27.61 28.17 28.50 28.62 28.55 28.31 27.93 27.40 26.74 25.96 25.09 24.13 23.11 22.06 20.99 19.93
21.05 20.29 19.50 18.68 17.84 16.97 16.09 15.19 14.27 13.34 12.40 11.45 10.50 9.54 8.58 7.63 6.72 5.94 5.28 4.77 4.40 4.16 3.97 3.80 3.67 3.55 3.45 3.34 3.20 3.02 2.82 2.59 2.35 2.10 1.84 1.59 1.34 1.11 0.89 0.70 0.54 0.42 0.33 0.31 0.37 0.51 0.74 1.10 1.74 2.72 3.99 5.52 7.26 9.13 11.03 12.92 14.80 16.64 18.43 20.14 21.77 23.29 24.68 25.93 27.03 27.94 28.67 29.17 29.46 29.56 29.49 29.26 28.88 28.35 27.68 26.91 26.03 25.07 24.03 22.94 21.83 20.72
21.50 20.75 19.96 19.14 18.29 17.40 16.50 15.57 14.62 13.65 12.67 11.67 10.66 9.64 8.62 7.64 6.76 6.00 5.37 4.88 4.53 4.30 4.12 3.96 3.83 3.73 3.64 3.58 3.50 3.39 3.24 3.07 2.87 2.66 2.44 2.22 1.99 1.77 1.57 1.38 1.22 1.09 1.01 0.99 1.04 1.17 1.39 1.74 2.36 3.33 4.58 6.10 7.83 9.74 11.73 13.72 15.68 17.59 19.44 21.20 22.86 24.41 25.82 27.07 28.16 29.05 29.74 30.22 30.50 30.60 30.53 30.31 29.92 29.39 28.73 27.95 27.07 26.11 25.06 23.95 22.80 21.64
21.75 21.03 20.26 19.43 18.57 17.68 16.76 15.80 14.82 13.82 12.80 11.75 10.69 9.61 8.57 7.62 6.79 6.06 5.46 4.99 4.65 4.43 4.26 4.11 3.99 3.89 3.82 3.77 3.73 3.69 3.60 3.49 3.35 3.18 3.00 2.81 2.61 2.42 2.23 2.06 1.90 1.78 1.70 1.69 1.74 1.87 2.09 2.43 3.05 4.00 5.25 6.76 8.48 10.38 12.41 14.49 16.53 18.52 20.43 22.25 23.96 25.53 26.96 28.22 29.30 30.18 30.85 31.32 31.61 31.72 31.66 31.44 31.06 30.52 29.86 29.08 28.20 27.23 26.18 25.07 23.90 22.70
21.80 21.13 20.38 19.56 18.70 17.80 16.86 15.89 14.89 13.85 12.79 11.70 10.60 9.51 8.51 7.60 6.80 6.12 5.54 5.09 4.76 4.55 4.39 4.25 4.14 4.05 3.98 3.94 3.92 3.92 3.90 3.85 3.77 3.65 3.52 3.37 3.21 3.04 2.87 2.72 2.58 2.47 2.41 2.40 2.46 2.60 2.82 3.17 3.78 4.73 5.98 7.49 9.21 11.10 13.13 15.25 17.38 19.45 21.43 23.30 25.06 26.67 28.12 29.39 30.48 31.35 32.02 32.50 32.80 32.91 32.86 32.64 32.26 31.73 31.06 30.28 29.40 28.43 27.38 26.26 25.08 23.86
21.68 21.04 20.33 19.54 18.68 17.78 16.83 15.84 14.82 13.76 12.66 11.54 10.43 9.39 8.44 7.58 6.82 6.16 5.61 5.18 4.87 4.67 4.51 4.38 4.28 4.20 4.14 4.11 4.10 4.11 4.14 4.15 4.13 4.07 3.99 3.88 3.76 3.63 3.49 3.36 3.25 3.16 3.12 3.13 3.21 3.35 3.59 3.94 4.56 5.51 6.77 8.28 10.00 11.90 13.93 16.05 18.22 20.37 22.43 24.36 26.17 27.82 29.30 30.59 31.68 32.56 33.25 33.74 34.04 34.17 34.12 33.90 33.53 33.00 32.33 31.55 30.67 29.69 28.64 27.51 26.33 25.11
21.41 20.80 20.11 19.35 18.52 17.62 16.67 15.67 14.62 13.54 12.42 11.30 10.24 9.26 8.36 7.55 6.82 6.20 5.68 5.26 4.96 4.77 4.62 4.50 4.41 4.33 4.29 4.26 4.26 4.28 4.32 4.38 4.43 4.43 4.40 4.35 4.27 4.18 4.08 3.98 3.90 3.85 3.83 3.87 3.96 4.13 4.38 4.74 5.37 6.34 7.60 9.12 10.86 12.77 14.81 16.94 19.12 21.30 23.43 25.44 27.30 28.99 30.51 31.82 32.93 33.82 34.52 35.02 35.34 35.47 35.43 35.21 34.84 34.31 33.65 32.87 31.98 31.00 29.95 28.82 27.63 26.40
20.99 20.41 19.75 19.02 18.21 17.33 16.38 15.37 14.31 13.21 12.11 11.05 10.05 9.13 8.28 7.50 6.82 6.23 5.73 5.34 5.05 4.87 4.73 4.61 4.53 4.46 4.42 4.41 4.42 4.44 4.50 4.57 4.65 4.73 4.76 4.76 4.74 4.69 4.63 4.58 4.53 4.52 4.53 4.60 4.72 4.91 5.18 5.56 6.21 7.20 8.48 10.01 11.77 13.69 15.75 17.89 20.09 22.29 24.46 26.53 28.45 30.20 31.75 33.09 34.21 35.12 35.83 36.34 36.67 36.81 36.77 36.56 36.19 35.67 35.00 34.22 33.33 32.35 31.29 30.16 28.98 27.74
20.45 19.90 19.26 18.55 17.77 16.90 15.97 14.96 13.90 12.82 11.78 10.79 9.85 8.98 8.18 7.46 6.81 6.25 5.78 5.40 5.13 4.96 4.82 4.72 4.64 4.58 4.55 4.54 4.56 4.60 4.65 4.74 4.84 4.95 5.05 5.12 5.14 5.15 5.14 5.13 5.14 5.16 5.22 5.32 5.47 5.69 5.99 6.40 7.07 8.08 9.39 10.95 12.72 14.67 16.75 18.91 21.13 23.36 25.55 27.66 29.64 31.44 33.02 34.37 35.51 36.44 37.16 37.69 38.02 38.17 38.14 37.94 37.57 37.05 36.38 35.60 34.71 33.73 32.67 31.54 30.34 29.10
19.80 19.27 18.66 17.97 17.21 16.36 15.44 14.45 13.42 12.41 11.44 10.52 9.65 8.83 8.08 7.40 6.79 6.26 5.82 5.46 5.20 5.03 4.91 4.81 4.74 4.69 4.66 4.66 4.69 4.73 4.80 4.89 5.00 5.13 5.27 5.40 5.49 5.55 5.60 5.65 5.70 5.77 5.87 6.02 6.21 6.47 6.80 7.24 7.95 8.99 10.32 11.91 13.71 15.69 17.80 19.99 22.24 24.49 26.71 28.85 30.87 32.70 34.30 35.67 36.82 37.77 38.50 39.04 39.38 39.54 39.52 39.32 38.96 38.44 37.77 36.99 36.10 35.12 34.06 32.92 31.73 30.48
19.06 18.55 17.97 17.30 16.55 15.72 14.81 13.86 12.92 11.99 11.10 10.24 9.43 8.68 7.97 7.33 6.76 6.26 5.84 5.51 5.26 5.10 4.98 4.89 4.82 4.78 4.77 4.78 4.81 4.86 4.94 5.04 5.16 5.29 5.44 5.61 5.77 5.90 6.01 6.11 6.22 6.35 6.50 6.69 6.93 7.23 7.61 8.09 8.83 9.90 11.27 12.90 14.74 16.75 18.89 21.12 23.40 25.69 27.94 30.11 32.12 33.95 35.57 36.96 38.14 39.09 39.84 40.39 40.75 40.91 40.90 40.71 40.35 39.83 39.17 38.39 37.50 36.52 35.45 34.31 33.12 31.87
18.24 17.76 17.19 16.54 15.80 14.99 14.12 13.26 12.40 11.57 10.75 9.96 9.21 8.51 7.86 7.26 6.73 6.26 5.86 5.55 5.32 5.16 5.05 4.96 4.90 4.87 4.86 4.88 4.92 4.98 5.06 5.17 5.29 5.43 5.59 5.77 5.97 6.17 6.35 6.52 6.69 6.88 7.09 7.33 7.63 7.98 8.40 8.92 9.71 10.83 12.24 13.91 15.79 17.84 20.02 22.30 24.62 26.94 29.22 31.38 33.39 35.21 36.83 38.24 39.43 40.41 41.17 41.73 42.10 42.28 42.27 42.08 41.73 41.21 40.55 39.77 38.88 37.90 36.84 35.70 34.49 33.24
17.37 16.90 16.35 15.72 15.00 14.22 13.44 12.66 11.89 11.13 10.39 9.67 8.99 8.34 7.73 7.18 6.68 6.25 5.88 5.58 5.36 5.21 5.10 5.02 4.97 4.95 4.94 4.97 5.01 5.08 5.18 5.29 5.41 5.55 5.71 5.90 6.11 6.36 6.61 6.86 7.10 7.35 7.63 7.94 8.29 8.70 9.17 9.74 10.58 11.75 13.21 14.93 16.85 18.95 21.19 23.50 25.87 28.23 30.50 32.64 34.63 36.44 38.07 39.50 40.70 41.70 42.47 43.05 43.43 43.61 43.61 43.44 43.09 42.57 41.91 41.13 40.25 39.27 38.20 37.06 35.85 34.60
16.45 16.01 15.47 14.85 14.17 13.47 12.77 12.07 11.38 10.69 10.02 9.37 8.75 8.16 7.60 7.09 6.63 6.22 5.88 5.60 5.39 5.25 5.15 5.08 5.03 5.01 5.01 5.04 5.10 5.18 5.27 5.38 5.50 5.64 5.81 6.00 6.23 6.50 6.80 7.12 7.44 7.77 8.11 8.49 8.91 9.38 9.91 10.54 11.43 12.66 14.17 15.95 17.93 20.08 22.37 24.74 27.14 29.49 31.73 33.85 35.82 37.63 39.27 40.71 41.94 42.95 43.74 44.33 44.72 44.91 44.92 44.75 44.41 43.90 43.24 42.46 41.58 40.59 39.53 38.38 37.18 35.92
15.51 15.08 14.56 13.98 13.37 12.75 12.13 11.50 10.88 10.26 9.66 9.07 8.50 7.97 7.46 6.99 6.57 6.19 5.87 5.61 5.41 5.28 5.18 5.12 5.08 5.06 5.07 5.11 5.17 5.25 5.34 5.45 5.57 5.71 5.88 6.09 6.33 6.61 6.94 7.31 7.71 8.12 8.54 8.99 9.48 10.02 10.62 11.31 12.26 13.55 15.13 16.96 19.01 21.22 23.56 25.98 28.37 30.68 32.89 34.99 36.95 38.76 40.40 41.85 43.11 44.14 44.96 45.56 45.96 46.17 46.18 46.02 45.68 45.17 44.52 43.75 42.86 41.88 40.81 39.67 38.46 37.20
14.56 14.15 13.66 13.15 12.62 12.07 11.52 10.96 10.40 9.84 9.30 8.77 8.26 7.77 7.31 6.88 6.50 6.15 5.85 5.61 5.42 5.30 5.21 5.15 5.11 5.10 5.12 5.16 5.23 5.30 5.38 5.48 5.60 5.75 5.93 6.14 6.39 6.69 7.04 7.44 7.90 8.39 8.89 9.42 9.99 10.60 11.28 12.04 13.06 14.42 16.06 17.96 20.08 22.36 24.75 27.15 29.49 31.76 33.95 36.02 37.97 39.78 41.43 42.91 44.19 45.26 46.11 46.73 47.14 47.36 47.39 47.23 46.90 46.39 45.74 44.97 44.09 43.10 42.04 40.89 39.69 38.45
13.62 13.24 12.83 12.39 11.92 11.44 10.95 10.45 9.95 9.45 8.96 8.48 8.01 7.57 7.15 6.77 6.41 6.10 5.82 5.60 5.42 5.31 5.22 5.16 5.14 5.13 5.16 5.20 5.25 5.32 5.39 5.49 5.61 5.76 5.94 6.16 6.43 6.74 7.11 7.54 8.03 8.58 9.17 9.79 10.44 11.14 11.89 12.73 13.82 15.25 16.97 18.95 21.13 23.47 25.84 28.18 30.48 32.72 34.87 36.93 38.87 40.69 42.35 43.84 45.16 46.27 47.16 47.82 48.25 48.48 48.51 48.37 48.04 47.54 46.89 46.12 45.24 44.26 43.19 42.05 40.86 39.65
12.74 12.42 12.07 11.69 11.29 10.87 10.43 9.99 9.54 9.09 8.64 8.20 7.78 7.38 7.00 6.64 6.32 6.04 5.79 5.58 5.42 5.30 5.22 5.17 5.15 5.15 5.18 5.21 5.25 5.30 5.37 5.46 5.58 5.73 5.92 6.16 6.44 6.77 7.16 7.60 8.12 8.71 9.37 10.08 10.82 11.60 12.44 13.36 14.54 16.05 17.85 19.90 22.15 24.46 26.77 29.06 31.32 33.52 35.65 37.69 39.63 41.44 43.12 44.63 45.98 47.13 48.07 48.79 49.27 49.51 49.56 49.42 49.10 48.61 47.96 47.19 46.31 45.34 44.27 43.14 41.98 40.80
11.94 11.69 11.40 11.08 10.73 10.36 9.97 9.58 9.17 8.76 8.36 7.96 7.57 7.20 6.85 6.52 6.23 5.97 5.74 5.55 5.40 5.29 5.21 5.17 5.15 5.15 5.16 5.18 5.20 5.25 5.31 5.40 5.52 5.68 5.87 6.12 6.41 6.76 7.17 7.64 8.19 8.80 9.50 10.28 11.12 12.00 12.92 13.93 15.20 16.80 18.69 20.80 23.02 25.26 27.51 29.75 31.96 34.13 36.24 38.27 40.20 42.02 43.71 45.25 46.63 47.82 48.82 49.60 50.15 50.44 50.51 50.38 50.06 49.57 48.93 48.17 47.29 46.32 45.27 44.17 43.03 41.87
11.25 11.05 10.82 10.55 10.25 9.93 9.59 9.23 8.86 8.49 8.12 7.75 7.39 7.04 6.72 6.41 6.13 5.89 5.68 5.50 5.36 5.26 5.19 5.15 5.13 5.12 5.11 5.11 5.12 5.15 5.21 5.30 5.42 5.58 5.79 6.04 6.35 6.72 7.15 7.65 8.22 8.87 9.60 10.42 11.33 12.31 13.33 14.44 15.80 17.49 19.45 21.53 23.67 25.85 28.04 30.23 32.40 34.54 36.63 38.64 40.57 42.40 44.11 45.67 47.09 48.33 49.38 50.22 50.84 51.22 51.34 51.23 50.92 50.44 49.80 49.04 48.17 47.21 46.18 45.11 43.99 42.85
10.67 10.53 10.34 10.12 9.86 9.58 9.27 8.95 8.62 8.28 7.93 7.59 7.25 6.92 6.61 6.32 6.05 5.82 5.62 5.45 5.32 5.23 5.16 5.11 5.07 5.04 5.01 4.99 5.00 5.02 5.08 5.16 5.29 5.45 5.67 5.93 6.26 6.64 7.09 7.62 8.22 8.90 9.67 10.53 11.48 12.54 13.66 14.87 16.33 18.09 20.02 22.02 24.08 26.19 28.33 30.47 32.60 34.71 36.78 38.79 40.72 42.55 44.28 45.87 47.32 48.61 49.72 50.62 51.32 51.78 51.99 51.95 51.66 51.18 50.55 49.79 48.93 48.00 46.99 45.94 44.85 43.72
10.22 10.12 9.97 9.79 9.57 9.32 9.05 8.75 8.45 8.13 7.80 7.48 7.15 6.84 6.54 6.25 5.99 5.76 5.56 5.40 5.27 5.18 5.11 5.04 4.98 4.92 4.87 4.84 4.83 4.85 4.90 4.98 5.11 5.28 5.50 5.78 6.12 6.53 7.00 7.55 8.18 8.89 9.70 10.60 11.60 12.70 13.91 15.22 16.76 18.48 20.32 22.24 24.23 26.27 28.35 30.45 32.54 34.63 36.68 38.68 40.61 42.45 44.20 45.82 47.31 48.65 49.81 50.79 51.56 52.11 52.42 52.47 52.25 51.79 51.17 50.42 49.59 48.67 47.69 46.65 45.57 44.47
9.90 9.83 9.72 9.57 9.38 9.16 8.91 8.64 8.35 8.05 7.74 7.42 7.11 6.80 6.51 6.23 5.96 5.73 5.52 5.35 5.21 5.11 5.02 4.92 4.83 4.75 4.69 4.65 4.63 4.64 4.68 4.77 4.89 5.07 5.30 5.59 5.95 6.37 6.87 7.45 8.11 8.85 9.70 10.63 11.68 12.83 14.09 15.46 16.96 18.59 20.33 22.17 24.09 26.07 28.09 30.15 32.21 34.27 36.30 38.29 40.22 42.08 43.85 45.50 47.03 48.42 49.64 50.69 51.54 52.17 52.58 52.74 52.63 52.24 51.64 50.92 50.10 49.20 48.24 47.22 46.15 45.06
9.62 9.59 9.52 9.40 9.24 9.04 8.82 8.57 8.30 8.01 7.72 7.41 7.11 6.81 6.51 6.23 5.97 5.73 5.51 5.33 5.17 5.03 4.90 4.78 4.66 4.57 4.48 4.43 4.40 4.40 4.44 4.53 4.66 4.85 5.09 5.39 5.77 6.21 6.73 7.33 8.02 8.81 9.68 10.66 11.75 12.95 14.25 15.63 17.06 18.59 20.23 21.98 23.82 25.73 27.69 29.69 31.71 33.74 35.75 37.73 39.66 41.52 43.30 44.98 46.55 47.97 49.25 50.36 51.28 52.00 52.49 52.75 52.75 52.43 51.86 51.17 50.37 49.50 48.55 47.54 46.50 45.42
9.33 9.34 9.31 9.22 9.09 8.93 8.73 8.50 8.25 7.99 7.71 7.42 7.12 6.83 6.54 6.27 6.00 5.76 5.54 5.34 5.14 4.95 4.78 4.63 4.49 4.37 4.28 4.21 4.17 4.17 4.21 4.30 4.43 4.63 4.88 5.20 5.59 6.06 6.60 7.23 7.96 8.77 9.69 10.71 11.84 13.08 14.39 15.75 17.16 18.61 20.15 21.80 23.54 25.37 27.26 29.20 31.17 33.15 35.13 37.08 38.99 40.85 42.63 44.33 45.91 47.37 48.69 49.85 50.83 51.61 52.19 52.53 52.58 52.29 51.76 51.10 50.34 49.49 48.57 47.59 46.56 45.50
9.03 9.08 9.08 9.03 8.94 8.81 8.64 8.44 8.22 7.97 7.71 7.44 7.16 6.87 6.60 6.32 6.07 5.82 5.59 5.36 5.12 4.88 4.67 4.48 4.32 4.18 4.07 3.99 3.95 3.94 3.98 4.07 4.21 4.42 4.68 5.02 5.43 5.92 6.49 7.15 7.91 8.76 9.72 10.78 11.95 13.19 14.48 15.83 17.22 18.64 20.10 21.64 23.29 25.02 26.83 28.69 30.59 32.52 34.44 36.36 38.25 40.09 41.86 43.55 45.15 46.63 47.97 49.17 50.19 51.04 51.67 52.05 52.11 51.85 51.35 50.74 50.02 49.20 48.31 47.36 46.36 45.32
8.70 8.80 8.84 8.84 8.78 8.68 8.55 8.38 8.18 7.96 7.72 7.47 7.20 6.94 6.67 6.41 6.15 5.90 5.65 5.38 5.10 4.83 4.57 4.35 4.15 4.00 3.88 3.79 3.73 3.73 3.77 3.86 4.01 4.22 4.51 4.86 5.29 5.80 6.40 7.10 7.88 8.78 9.77 10.87 12.04 13.26 14.54 15.86 17.23 18.63 20.06 21.53 23.06 24.69 26.40 28.17 30.00 31.85 33.72 35.59 37.43 39.24 40.99 42.67 44.26 45.75 47.11 48.33 49.39 50.28 50.92 51.29 51.35 51.11 50.65 50.08 49.41 48.64 47.79 46.87 45.90 44.90
8.35 8.50 8.59 8.62 8.61 8.55 8.45 8.31 8.14 7.95 7.73 7.50 7.26 7.01 6.76 6.50 6.25 5.98 5.70 5.39 5.08 4.78 4.49 4.23 4.01 3.83 3.69 3.59 3.54 3.53 3.57 3.67 3.83 4.05 4.35 4.72 5.18 5.71 6.34 7.07 7.89 8.82 9.85 10.95 12.10 13.30 14.55 15.86 17.21 18.59 19.99 21.42 22.87 24.38 25.98 27.66 29.39 31.16 32.96 34.77 36.56 38.32 40.04 41.70 43.28 44.75 46.12 47.35 48.43 49.31 49.93 50.27 50.34 50.12 49.69 49.16 48.54 47.82 47.02 46.14 45.22 44.26
7.99 8.18 8.31 8.39 8.42 8.40 8.34 8.24 8.10 7.94 7.75 7.55 7.32 7.09 6.86 6.61 6.34 6.05 5.74 5.41 5.07 4.73 4.42 4.13 3.89 3.69 3.53 3.42 3.36 3.35 3.40 3.50 3.67 3.91 4.22 4.62 5.09 5.66 6.32 7.07 7.94 8.90 9.92 11.00 12.13 13.31 14.54 15.82 17.15 18.50 19.88 21.27 22.68 24.11 25.60 27.16 28.79 30.47 32.18 33.91 35.64 37.35 39.02 40.64 42.19 43.65 45.01 46.24 47.29 48.12 48.70 49.03 49.10 48.90 48.50 48.00 47.42 46.76 46.01 45.19 44.32 43.40
7.63 7.84 8.02 8.14 8.22 8.24 8.22 8.16 8.06 7.93 7.77 7.59 7.39 7.18 6.96 6.71 6.42 6.11 5.78 5.43 5.07 4.70 4.36 4.06 3.79 3.57 3.40 3.28 3.21 3.20 3.25 3.37 3.55 3.80 4.13 4.54 5.04 5.64 6.33 7.12 8.01 8.97 9.97 11.02 12.13 13.28 14.49 15.75 17.05 18.38 19.73 21.09 22.47 23.85 25.25 26.69 28.21 29.78 31.40 33.04 34.69 36.33 37.95 39.52 41.03 42.46 43.79 44.97 45.95 46.72 47.27 47.58 47.65 47.46 47.09 46.63 46.09 45.47 44.78 44.03 43.21 42.35
7.29 7.50 7.70 7.87 7.99 8.06 8.08 8.06 8.00 7.91 7.78 7.63 7.46 7.27 7.04 6.78 6.48 6.16 5.81 5.44 5.06 4.68 4.32 3.99 3.71 3.48 3.30 3.17 3.10 3.09 3.14 3.26 3.46 3.73 4.08 4.51 5.04 5.66 6.38 7.20 8.09 9.02 10.00 11.02 12.10 13.23 14.41 15.65 16.92 18.22 19.54 20.87 22.21 23.56 24.91 26.26 27.66 29.11 30.62 32.17 33.73 35.29 36.83 38.34 39.80 41.18 42.44 43.54 44.44 45.16 45.66 45.95 46.01 45.84 45.49 45.07 44.56 44.00 43.36 42.67 41.92 41.12
