data_processed/recharge/precip/Precip_2009_11.asc
ncols        168
nrows        136
xllcorner    455000
yllcorner    2107000
cellsize     500
NODATA_value     -99999
[rows 0 to 37 of 136, columns 0 to 83 of 168]
0.00 0.00 0.00 0.00 0.00 0.00 0.00 0.00 0.00 0.00 0.00 0.00 0.00 0.00 0.00 0.00 0.00 0.00 0.00 0.00 0.00 0.00 0.00 0.00 0.00 0.00 0.00 0.00 0.01 0.10 0.19 0.28 0.37 0.45 0.54 0.62 0.70 0.78 0.86 0.94 1.01 1.09 1.16 1.23 1.29 1.36 1.42 1.47 1.52 1.57 1.61 1.64 1.67 1.70 1.72 1.73 1.75 1.76 1.78 1.80 1.81 1.82 1.84 1.85 1.87 1.88 1.89 1.90 1.91 1.92 1.93 1.94 1.94 1.95 1.95 1.96 1.96 1.96 1.96 1.96 1.96 1.96 1.96 1.96
0.00 0.00 0.00 0.00 0.00 0.00 0.00 0.00 0.00 0.00 0.00 0.00 0.00 0.00 0.00 0.00 0.00 0.00 0.00 0.00 0.00 0.00 0.00 0.00 0.00 0.00 0.00 0.00 0.04 0.13 0.22 0.30 0.39 0.47 0.55 0.63 0.71 0.79 0.87 0.94 1.01 1.08 1.15 1.22 1.28 1.34 1.39 1.44 1.49 1.53 1.57 1.60 1.62 1.64 1.66 1.68 1.69 1.71 1.72 1.74 1.76 1.77 1.78 1.80 1.81 1.82 1.84 1.85 1.86 1.87 1.87 1.88 1.89 1.89 1.90 1.90 1.90 1.90 1.90 1.90 1.90 1.90 1.90 1.90
0.00 0.00 0.00 0.00 0.00 0.00 0.00 0.00 0.00 0.00 0.00 0.00 0.00 0.00 0.00 0.00 0.00 0.00 0.00 0.00 0.00 0.00 0.00 0.00 0.00 0.00 0.00 0.00 0.07 0.15 0.24 0.32 0.41 0.49 0.57 0.65 0.72 0.80 0.87 0.94 1.01 1.07 1.14 1.20 1.26 1.31 1.36 1.41 1.45 1.49 1.52 1.54 1.56 1.58 1.60 1.62 1.63 1.65 1.67 1.68 1.70 1.71 1.73 1.74 1.76 1.77 1.78 1.79 1.80 1.81 1.82 1.83 1.83 1.84 1.84 1.84 1.85 1.85 1.84 1.84 1.84 1.84 1.84 1.84
0.00 0.00 0.00 0.00 0.00 0.00 0.00 0.00 0.00 0.00 0.00 0.00 0.00 0.00 0.00 0.00 0.00 0.00 0.00 0.00 0.00 0.00 0.00 0.00 0.00 0.00 0.00 0.01 0.09 0.18 0.26 0.34 0.42 0.50 0.58 0.66 0.73 0.80 0.87 0.94 1.00 1.06 1.12 1.18 1.23 1.28 1.32 1.37 1.40 1.44 1.46 1.48 1.50 1.52 1.54 1.56 1.57 1.59 1.61 1.63 1.64 1.66 1.67 1.68 1.70 1.71 1.72 1.73 1.74 1.75 1.76 1.77 1.77 1.78 1.78 1.78 1.78 1.78 1.78 1.78 1.78 1.78 1.77 1.77
0.00 0.00 0.00 0.00 0.00 0.00 0.00 0.00 0.00 0.00 0.00 0.00 0.00 0.00 0.00 0.00 0.00 0.00 0.00 0.00 0.00 0.00 0.00 0.00 0.00 0.00 0.00 0.03 0.12 0.20 0.28 0.36 0.44 0.52 0.59 0.66 0.73 0.80 0.87 0.93 0.99 1.04 1.10 1.15 1.20 1.24 1.28 1.32 1.35 1.38 1.40 1.42 1.44 1.46 1.48 1.50 1.51 1.53 1.55 1.56 1.58 1.60 1.61 1.63 1.64 1.65 1.66 1.67 1.68 1.69 1.70 1.71 1.71 1.72 1.72 1.72 1.72 1.72 1.72 1.72 1.71 1.71 1.71 1.71
0.00 0.00 0.00 0.00 0.00 0.00 0.00 0.00 0.00 0.00 0.00 0.00 0.00 0.00 0.00 0.00 0.00 0.00 0.00 0.00 0.00 0.00 0.00 0.00 0.00 0.00 0.00 0.05 0.14 0.22 0.30 0.38 0.45 0.52 0.60 0.67 0.73 0.80 0.86 0.92 0.97 1.02 1.07 1.12 1.16 1.20 1.23 1.26 1.29 1.31 1.33 1.35 1.37 1.39 1.41 1.43 1.45 1.47 1.49 1.50 1.52 1.53 1.55 1.56 1.58 1.59 1.60 1.61 1.62 1.63 1.64 1.65 1.65 1.65 1.66 1.66 1.66 1.66 1.66 1.65 1.65 1.65 1.64 1.64
0.00 0.00 0.00 0.00 0.00 0.00 0.00 0.00 0.00 0.00 0.00 0.00 0.00 0.00 0.00 0.00 0.00 0.00 0.00 0.00 0.00 0.00 0.00 0.00 0.00 0.00 0.00 0.08 0.16 0.24 0.31 0.39 0.46 0.53 0.60 0.67 0.73 0.79 0.85 0.90 0.95 1.00 1.04 1.08 1.12 1.15 1.18 1.20 1.22 1.24 1.26 1.28 1.30 1.33 1.35 1.37 1.38 1.40 1.42 1.44 1.46 1.47 1.49 1.50 1.51 1.53 1.54 1.55 1.56 1.57 1.58 1.58 1.59 1.59 1.59 1.60 1.59 1.59 1.59 1.59 1.58 1.58 1.58 1.57
0.00 0.00 0.00 0.00 0.00 0.00 0.00 0.00 0.00 0.00 0.00 0.00 0.00 0.00 0.00 0.00 0.00 0.00 0.00 0.00 0.00 0.00 0.00 0.00 0.00 0.00 0.02 0.10 0.18 0.25 0.33 0.40 0.47 0.54 0.60 0.66 0.72 0.78 0.83 0.88 0.92 0.97 1.00 1.04 1.07 1.10 1.12 1.14 1.15 1.17 1.19 1.21 1.24 1.26 1.28 1.30 1.32 1.34 1.36 1.37 1.39 1.41 1.42 1.44 1.45 1.46 1.48 1.49 1.50 1.50 1.51 1.52 1.52 1.53 1.53 1.53 1.53 1.53 1.52 1.52 1.51 1.51 1.51 1.51
0.00 0.00 0.00 0.00 0.00 0.00 0.00 0.00 0.00 0.00 0.00 0.00 0.00 0.00 0.00 0.00 0.00 0.00 0.00 0.00 0.00 0.00 0.00 0.00 0.00 0.00 0.04 0.12 0.20 0.27 0.34 0.41 0.48 0.54 0.60 0.66 0.71 0.76 0.81 0.86 0.90 0.93 0.97 0.99 1.02 1.04 1.05 1.07 1.09 1.10 1.12 1.14 1.16 1.19 1.21 1.23 1.25 1.27 1.29 1.31 1.32 1.34 1.36 1.37 1.38 1.40 1.41 1.42 1.43 1.44 1.45 1.45 1.46 1.46 1.46 1.46 1.46 1.46 1.45 1.45 1.45 1.44 1.44 1.44
0.00 0.00 0.00 0.00 0.00 0.00 0.00 0.00 0.00 0.00 0.00 0.00 0.00 0.00 0.00 0.00 0.00 0.00 0.00 0.00 0.00 0.00 0.00 0.00 0.00 0.00 0.07 0.14 0.22 0.29 0.35 0.42 0.48 0.54 0.60 0.65 0.70 0.75 0.79 0.83 0.86 0.89 0.92 0.94 0.96 0.98 0.99 1.00 1.02 1.03 1.05 1.07 1.09 1.11 1.14 1.16 1.18 1.20 1.22 1.24 1.26 1.27 1.29 1.30 1.32 1.33 1.34 1.35 1.36 1.37 1.38 1.39 1.39 1.39 1.39 1.39 1.39 1.39 1.39 1.38 1.38 1.37 1.37 1.37
0.00 0.00 0.00 0.00 0.00 0.00 0.00 0.00 0.00 0.00 0.00 0.00 0.00 0.00 0.00 0.00 0.00 0.00 0.00 0.00 0.00 0.00 0.00 0.00 0.00 0.01 0.09 0.16 0.23 0.30 0.36 0.43 0.48 0.54 0.59 0.64 0.69 0.73 0.76 0.80 0.83 0.85 0.87 0.89 0.90 0.91 0.92 0.94 0.95 0.97 0.98 1.00 1.02 1.04 1.06 1.09 1.11 1.13 1.15 1.17 1.19 1.20 1.22 1.23 1.25 1.26 1.27 1.29 1.30 1.30 1.31 1.32 1.32 1.32 1.33 1.33 1.32 1.32 1.31 1.31 1.30 1.30 1.30 1.29
0.00 0.00 0.00 0.00 0.00 0.00 0.00 0.00 0.00 0.00 0.00 0.00 0.00 0.00 0.00 0.00 0.00 0.00 0.00 0.00 0.00 0.00 0.00 0.00 0.00 0.04 0.11 0.18 0.25 0.31 0.37 0.43 0.49 0.54 0.58 0.63 0.67 0.70 0.74 0.76 0.79 0.81 0.82 0.83 0.84 0.85 0.86 0.87 0.88 0.90 0.91 0.93 0.95 0.97 0.99 1.01 1.03 1.06 1.08 1.10 1.11 1.13 1.15 1.16 1.18 1.19 1.21 1.22 1.23 1.23 1.24 1.25 1.25 1.25 1.26 1.25 1.25 1.25 1.24 1.24 1.23 1.23 1.22 1.22
0.00 0.00 0.00 0.00 0.00 0.00 0.00 0.00 0.00 0.00 0.00 0.00 0.00 0.00 0.00 0.00 0.00 0.00 0.00 0.00 0.00 0.00 0.00 0.00 0.00 0.06 0.13 0.20 0.26 0.32 0.38 0.44 0.49 0.53 0.57 0.61 0.65 0.68 0.70 0.73 0.74 0.76 0.76 0.77 0.78 0.79 0.80 0.81 0.82 0.83 0.85 0.86 0.88 0.90 0.92 0.94 0.96 0.98 1.00 1.02 1.04 1.06 1.08 1.09 1.11 1.12 1.13 1.15 1.16 1.16 1.17 1.18 1.18 1.18 1.18 1.18 1.18 1.18 1.17 1.16 1.16 1.15 1.15 1.15
0.00 0.00 0.00 0.00 0.00 0.00 0.00 0.00 0.00 0.00 0.00 0.00 0.00 0.00 0.00 0.00 0.00 0.00 0.00 0.00 0.00 0.00 0.00 0.00 0.02 0.09 0.16 0.22 0.28 0.34 0.39 0.44 0.48 0.52 0.56 0.60 0.62 0.65 0.67 0.69 0.70 0.70 0.71 0.71 0.72 0.73 0.74 0.74 0.76 0.77 0.78 0.79 0.81 0.83 0.84 0.86 0.88 0.91 0.93 0.95 0.97 0.99 1.00 1.02 1.04 1.05 1.06 1.07 1.08 1.09 1.10 1.11 1.11 1.11 1.11 1.11 1.11 1.10 1.10 1.09 1.08 1.08 1.08 1.07
0.00 0.00 0.00 0.00 0.00 0.00 0.00 0.00 0.00 0.00 0.00 0.00 0.00 0.00 0.00 0.00 0.00 0.00 0.00 0.00 0.00 0.00 0.00 0.00 0.05 0.11 0.18 0.24 0.29 0.34 0.39 0.44 0.48 0.52 0.55 0.58 0.60 0.62 0.63 0.64 0.65 0.65 0.65 0.66 0.66 0.67 0.68 0.68 0.69 0.70 0.72 0.73 0.74 0.76 0.77 0.79 0.81 0.83 0.85 0.87 0.89 0.91 0.93 0.95 0.96 0.98 0.99 1.00 1.01 1.02 1.03 1.03 1.04 1.04 1.04 1.04 1.03 1.03 1.02 1.02 1.01 1.00 1.00 1.00
0.00 0.00 0.00 0.00 0.00 0.00 0.00 0.00 0.00 0.00 0.00 0.00 0.00 0.00 0.00 0.00 0.00 0.00 0.00 0.00 0.00 0.00 0.00 0.01 0.08 0.14 0.20 0.25 0.31 0.35 0.40 0.44 0.47 0.50 0.53 0.55 0.57 0.58 0.59 0.59 0.60 0.60 0.60 0.60 0.61 0.61 0.62 0.63 0.63 0.64 0.65 0.66 0.68 0.69 0.70 0.72 0.74 0.76 0.78 0.80 0.82 0.84 0.86 0.87 0.89 0.90 0.92 0.93 0.94 0.95 0.95 0.96 0.96 0.97 0.97 0.96 0.96 0.96 0.95 0.94 0.93 0.93 0.93 0.92
0.00 0.00 0.00 0.00 0.00 0.00 0.00 0.00 0.00 0.00 0.00 0.00 0.00 0.00 0.00 0.00 0.00 0.00 0.00 0.00 0.00 0.00 0.00 0.04 0.11 0.17 0.22 0.27 0.32 0.36 0.40 0.44 0.47 0.49 0.51 0.53 0.54 0.55 0.55 0.55 0.55 0.55 0.55 0.55 0.56 0.56 0.56 0.57 0.58 0.58 0.59 0.60 0.61 0.62 0.64 0.65 0.67 0.68 0.70 0.72 0.74 0.76 0.78 0.80 0.81 0.83 0.84 0.85 0.86 0.87 0.88 0.89 0.89 0.89 0.89 0.89 0.89 0.88 0.87 0.86 0.86 0.85 0.85 0.85
0.00 0.00 0.00 0.00 0.00 0.00 0.00 0.00 0.00 0.00 0.00 0.00 0.00 0.00 0.00 0.00 0.00 0.00 0.00 0.00 0.00 0.00 0.02 0.08 0.14 0.19 0.24 0.29 0.33 0.37 0.40 0.43 0.46 0.48 0.49 0.50 0.51 0.51 0.50 0.50 0.50 0.50 0.50 0.50 0.51 0.51 0.51 0.52 0.52 0.53 0.53 0.54 0.55 0.56 0.57 0.58 0.60 0.61 0.63 0.65 0.66 0.68 0.70 0.72 0.74 0.75 0.77 0.78 0.79 0.80 0.80 0.81 0.81 0.82 0.82 0.81 0.81 0.80 0.80 0.79 0.78 0.78 0.77 0.77
0.00 0.00 0.00 0.00 0.00 0.00 0.00 0.00 0.00 0.00 0.00 0.00 0.00 0.00 0.00 0.00 0.00 0.00 0.00 0.00 0.00 0.00 0.05 0.11 0.17 0.22 0.26 0.30 0.34 0.37 0.40 0.43 0.45 0.46 0.47 0.47 0.47 0.47 0.46 0.46 0.46 0.46 0.46 0.46 0.46 0.46 0.46 0.46 0.47 0.47 0.48 0.48 0.49 0.50 0.51 0.52 0.53 0.54 0.56 0.57 0.59 0.61 0.63 0.64 0.66 0.68 0.69 0.70 0.71 0.72 0.73 0.73 0.74 0.74 0.74 0.74 0.73 0.73 0.72 0.71 0.70 0.70 0.70 0.69
0.00 0.00 0.00 0.00 0.00 0.00 0.00 0.00 0.00 0.00 0.00 0.00 0.00 0.00 0.00 0.00 0.00 0.00 0.00 0.00 0.00 0.03 0.09 0.15 0.20 0.24 0.28 0.32 0.35 0.38 0.40 0.42 0.43 0.44 0.44 0.44 0.44 0.43 0.43 0.42 0.42 0.42 0.42 0.42 0.41 0.41 0.41 0.42 0.42 0.42 0.42 0.43 0.43 0.44 0.45 0.46 0.47 0.48 0.49 0.50 0.52 0.53 0.55 0.57 0.58 0.60 0.61 0.63 0.64 0.65 0.65 0.66 0.66 0.66 0.66 0.66 0.66 0.65 0.64 0.63 0.63 0.62 0.62 0.62
0.00 0.00 0.00 0.00 0.00 0.00 0.00 0.00 0.00 0.00 0.00 0.00 0.00 0.00 0.00 0.00 0.00 0.00 0.00 0.00 0.02 0.08 0.13 0.18 0.23 0.27 0.30 0.34 0.36 0.39 0.40 0.41 0.42 0.42 0.42 0.41 0.41 0.40 0.40 0.39 0.39 0.38 0.38 0.38 0.37 0.37 0.37 0.37 0.37 0.37 0.37 0.38 0.38 0.38 0.39 0.40 0.40 0.41 0.42 0.43 0.44 0.46 0.47 0.49 0.50 0.52 0.53 0.55 0.56 0.57 0.58 0.58 0.58 0.59 0.59 0.58 0.58 0.57 0.56 0.55 0.55 0.54 0.54 0.54
0.00 0.00 0.00 0.00 0.00 0.00 0.00 0.00 0.00 0.00 0.00 0.00 0.00 0.00 0.00 0.00 0.00 0.00 0.00 0.00 0.07 0.12 0.17 0.22 0.26 0.29 0.33 0.35 0.37 0.39 0.40 0.41 0.41 0.40 0.39 0.39 0.38 0.37 0.37 0.36 0.36 0.35 0.35 0.34 0.34 0.33 0.33 0.33 0.33 0.33 0.33 0.33 0.33 0.33 0.33 0.34 0.34 0.35 0.36 0.37 0.38 0.39 0.40 0.41 0.43 0.44 0.46 0.47 0.48 0.49 0.50 0.50 0.51 0.51 0.51 0.51 0.50 0.49 0.49 0.48 0.47 0.46 0.46 0.46
0.00 0.00 0.00 0.00 0.00 0.00 0.00 0.00 0.00 0.00 0.00 0.00 0.00 0.00 0.00 0.00 0.00 0.00 0.00 0.06 0.12 0.17 0.21 0.25 0.29 0.32 0.35 0.37 0.38 0.39 0.40 0.40 0.39 0.38 0.38 0.37 0.36 0.35 0.34 0.34 0.33 0.32 0.31 0.31 0.30 0.30 0.29 0.29 0.29 0.28 0.28 0.28 0.28 0.28 0.28 0.28 0.29 0.29 0.30 0.30 0.31 0.32 0.33 0.34 0.35 0.36 0.38 0.39 0.40 0.41 0.42 0.43 0.43 0.43 0.43 0.43 0.42 0.42 0.41 0.40 0.39 0.38 0.38 0.38
0.00 0.00 0.00 0.00 0.00 0.00 0.00 0.00 0.00 0.00 0.00 0.00 0.00 0.00 0.00 0.00 0.00 0.00 0.04 0.12 0.17 0.21 0.26 0.29 0.32 0.35 0.37 0.38 0.39 0.40 0.40 0.39 0.38 0.37 0.36 0.35 0.34 0.33 0.32 0.31 0.31 0.30 0.29 0.28 0.27 0.27 0.26 0.26 0.25 0.25 0.24 0.24 0.24 0.23 0.23 0.23 0.23 0.24 0.24 0.24 0.25 0.25 0.26 0.27 0.28 0.29 0.30 0.31 0.32 0.33 0.34 0.35 0.35 0.35 0.35 0.35 0.34 0.34 0.33 0.32 0.31 0.31 0.30 0.30
0.00 0.00 0.00 0.00 0.00 0.00 0.00 0.00 0.00 0.00 0.00 0.00 0.00 0.00 0.00 0.00 0.00 0.00 0.10 0.17 0.22 0.26 0.30 0.33 0.36 0.38 0.39 0.40 0.40 0.40 0.39 0.38 0.37 0.36 0.35 0.34 0.33 0.32 0.31 0.30 0.29 0.28 0.27 0.26 0.25 0.24 0.23 0.22 0.22 0.21 0.21 0.20 0.20 0.19 0.19 0.19 0.18 0.18 0.18 0.19 0.19 0.19 0.20 0.20 0.21 0.21 0.22 0.23 0.24 0.25 0.26 0.27 0.27 0.27 0.27 0.27 0.27 0.26 0.25 0.24 0.23 0.23 0.22 0.22
0.00 0.00 0.00 0.00 0.00 0.00 0.00 0.00 0.00 0.00 0.00 0.00 0.00 0.00 0.00 0.00 0.00 0.07 0.16 0.23 0.28 0.31 0.34 0.37 0.39 0.40 0.41 0.41 0.41 0.40 0.39 0.38 0.37 0.36 0.34 0.33 0.32 0.31 0.30 0.28 0.27 0.26 0.25 0.24 0.23 0.22 0.21 0.20 0.19 0.18 0.17 0.17 0.16 0.15 0.15 0.14 0.14 0.14 0.13 0.13 0.13 0.13 0.13 0.14 0.14 0.14 0.15 0.16 0.17 0.18 0.18 0.19 0.19 0.20 0.20 0.19 0.19 0.18 0.17 0.16 0.15 0.15 0.15 0.15
0.00 0.00 0.00 0.00 0.00 0.00 0.00 0.00 0.00 0.00 0.00 0.00 0.00 0.00 0.00 0.00 0.03 0.14 0.23 0.30 0.34 0.37 0.39 0.41 0.42 0.43 0.43 0.43 0.42 0.41 0.40 0.38 0.37 0.36 0.34 0.33 0.32 0.30 0.29 0.28 0.26 0.25 0.24 0.22 0.21 0.20 0.19 0.18 0.17 0.16 0.14 0.14 0.13 0.12 0.11 0.10 0.10 0.09 0.09 0.08 0.08 0.08 0.08 0.08 0.08 0.08 0.08 0.09 0.09 0.10 0.10 0.11 0.12 0.12 0.12 0.11 0.11 0.10 0.09 0.08 0.07 0.07 0.07 0.07
0.00 0.00 0.00 0.00 0.00 0.00 0.00 0.00 0.00 0.00 0.00 0.00 0.00 0.00 0.00 0.00 0.11 0.22 0.30 0.36 0.39 0.42 0.44 0.45 0.46 0.46 0.46 0.45 0.43 0.42 0.41 0.39 0.38 0.36 0.35 0.33 0.32 0.31 0.29 0.27 0.26 0.25 0.23 0.22 0.20 0.19 0.17 0.16 0.15 0.13 0.12 0.11 0.10 0.09 0.08 0.07 0.06 0.05 0.04 0.04 0.03 0.03 0.02 0.02 0.02 0.02 0.02 0.02 0.02 0.02 0.03 0.03 0.04 0.04 0.04 0.04 0.03 0.02 0.01 0.00 0.00 0.00 0.00 0.00
0.00 0.00 0.00 0.00 0.00 0.00 0.00 0.00 0.00 0.00 0.00 0.00 0.00 0.00 0.00 0.06 0.19 0.29 0.37 0.43 0.46 0.47 0.49 0.50 0.50 0.49 0.48 0.47 0.45 0.44 0.42 0.41 0.39 0.38 0.36 0.34 0.33 0.31 0.30 0.28 0.26 0.24 0.23 0.21 0.20 0.18 0.16 0.15 0.13 0.12 0.10 0.09 0.07 0.06 0.05 0.04 0.03 0.01 0.00 0.00 0.00 0.00 0.00 0.00 0.00 0.00 0.00 0.00 0.00 0.00 0.00 0.00 0.00 0.00 0.00 0.00 0.00 0.00 0.00 0.00 0.00 0.00 0.00 0.00
0.00 0.00 0.00 0.00 0.00 0.00 0.00 0.00 0.00 0.00 0.00 0.00 0.00 0.00 0.01 0.16 0.28 0.37 0.45 0.49 0.52 0.53 0.54 0.54 0.53 0.52 0.51 0.49 0.48 0.46 0.45 0.43 0.41 0.40 0.38 0.36 0.34 0.32 0.31 0.29 0.27 0.25 0.23 0.21 0.19 0.18 0.16 0.14 0.12 0.11 0.09 0.07 0.06 0.04 0.03 0.01 0.00 0.00 0.00 0.00 0.00 0.00 0.00 0.00 0.00 0.00 0.00 0.00 0.00 0.00 0.00 0.00 0.00 0.00 0.00 0.00 0.00 0.00 0.00 0.00 0.00 0.00 0.00 0.00
0.00 0.00 0.00 0.00 0.00 0.00 0.00 0.00 0.00 0.00 0.00 0.00 0.00 0.00 0.11 0.25 0.37 0.46 0.52 0.57 0.58 0.59 0.59 0.58 0.57 0.56 0.54 0.53 0.51 0.49 0.48 0.46 0.44 0.42 0.40 0.38 0.36 0.34 0.32 0.30 0.28 0.26 0.24 0.22 0.20 0.18 0.16 0.14 0.12 0.10 0.08 0.06 0.04 0.02 0.01 0.00 0.00 0.00 0.00 0.00 0.00 0.00 0.00 0.00 0.00 0.00 0.00 0.00 0.00 0.00 0.00 0.00 0.00 0.00 0.00 0.00 0.00 0.00 0.00 0.00 0.00 0.00 0.00 0.00
0.00 0.00 0.00 0.00 0.00 0.00 0.00 0.00 0.00 0.00 0.00 0.00 0.00 0.04 0.21 0.35 0.46 0.54 0.60 0.64 0.65 0.65 0.64 0.63 0.62 0.60 0.59 0.57 0.55 0.53 0.51 0.49 0.47 0.45 0.43 0.41 0.39 0.37 0.35 0.32 0.30 0.28 0.26 0.23 0.21 0.19 0.17 0.14 0.12 0.10 0.08 0.06 0.03 0.01 0.00 0.00 0.00 0.00 0.00 0.00 0.00 0.00 0.00 0.00 0.00 0.00 0.00 0.00 0.00 0.00 0.00 0.00 0.00 0.00 0.00 0.00 0.00 0.00 0.00 0.00 0.00 0.00 0.00 0.00
0.00 0.00 0.00 0.00 0.00 0.00 0.00 0.00 0.00 0.00 0.00 0.00 0.00 0.14 0.30 0.44 0.55 0.63 0.69 0.71 0.72 0.71 0.70 0.68 0.67 0.65 0.63 0.62 0.60 0.58 0.56 0.53 0.51 0.49 0.47 0.45 0.42 0.40 0.37 0.35 0.33 0.30 0.28 0.25 0.23 0.20 0.18 0.15 0.13 0.10 0.08 0.06 0.03 0.01 0.00 0.00 0.00 0.00 0.00 0.00 0.00 0.00 0.00 0.00 0.00 0.00 0.00 0.00 0.00 0.00 0.00 0.00 0.00 0.00 0.00 0.00 0.00 0.00 0.00 0.00 0.00 0.00 0.00 0.00
0.00 0.00 0.00 0.00 0.00 0.00 0.00 0.00 0.00 0.00 0.00 0.00 0.05 0.23 0.39 0.53 0.64 0.72 0.77 0.79 0.79 0.78 0.76 0.74 0.73 0.71 0.69 0.67 0.65 0.63 0.61 0.58 0.56 0.54 0.51 0.49 0.46 0.44 0.41 0.38 0.36 0.33 0.30 0.28 0.25 0.22 0.20 0.17 0.14 0.12 0.09 0.06 0.03 0.01 0.00 0.00 0.00 0.00 0.00 0.00 0.00 0.00 0.00 0.00 0.00 0.00 0.00 0.00 0.00 0.00 0.00 0.00 0.00 0.00 0.00 0.00 0.00 0.00 0.00 0.00 0.00 0.00 0.00 0.00
0.00 0.00 0.00 0.00 0.00 0.00 0.00 0.00 0.00 0.00 0.00 0.00 0.14 0.32 0.48 0.61 0.72 0.80 0.85 0.87 0.86 0.85 0.83 0.81 0.79 0.77 0.75 0.73 0.71 0.69 0.66 0.64 0.61 0.59 0.56 0.54 0.51 0.48 0.45 0.43 0.40 0.37 0.34 0.31 0.28 0.25 0.22 0.19 0.16 0.13 0.10 0.07 0.04 0.02 0.00 0.00 0.00 0.00 0.00 0.00 0.00 0.00 0.00 0.00 0.00 0.00 0.00 0.00 0.00 0.00 0.00 0.00 0.00 0.00 0.00 0.00 0.00 0.00 0.00 0.00 0.00 0.00 0.00 0.00
0.00 0.00 0.00 0.00 0.00 0.00 0.00 0.00 0.00 0.00 0.00 0.03 0.23 0.41 0.56 0.70 0.80 0.88 0.93 0.95 0.94 0.92 0.91 0.89 0.87 0.85 0.82 0.80 0.78 0.75 0.73 0.70 0.67 0.65 0.62 0.59 0.56 0.53 0.50 0.47 0.44 0.41 0.38 0.35 0.32 0.28 0.25 0.22 0.19 0.16 0.12 0.09 0.06 0.03 0.00 0.00 0.00 0.00 0.00 0.00 0.00 0.00 0.00 0.00 0.00 0.00 0.00 0.00 0.00 0.00 0.00 0.00 0.00 0.00 0.00 0.00 0.00 0.00 0.00 0.00 0.00 0.00 0.00 0.00
0.00 0.00 0.00 0.00 0.00 0.00 0.00 0.00 0.00 0.00 0.00 0.13 0.33 0.50 0.66 0.79 0.89 0.97 1.01 1.03 1.02 1.00 0.98 0.96 0.94 0.92 0.90 0.87 0.85 0.82 0.79 0.77 0.74 0.71 0.68 0.65 0.62 0.59 0.56 0.52 0.49 0.46 0.42 0.39 0.36 0.32 0.29 0.25 0.22 0.18 0.15 0.12 0.08 0.05 0.01 0.00 0.00 0.00 0.00 0.00 0.00 0.00 0.00 0.00 0.00 0.00 0.00 0.00 0.00 0.00 0.00 0.00 0.00 0.00 0.00 0.00 0.00 0.00 0.00 0.00 0.00 0.00 0.00 0.00
0.00 0.00 0.00 0.00 0.00 0.00 0.00 0.00 0.00 0.00 0.04 0.24 0.43 0.60 0.75 0.88 0.98 1.05 1.10 1.11 1.10 1.08 1.06 1.04 1.02 1.00 0.97 0.95 0.92 0.89 0.86 0.84 0.81 0.78 0.74 0.71 0.68 0.65 0.61 0.58 0.54 0.51 0.47 0.44 0.40 0.37 0.33 0.29 0.26 0.22 0.18 0.14 0.11 0.07 0.03 0.00 0.00 0.00 0.00 0.00 0.00 0.00 0.00 0.00 0.00 0.00 0.00 0.00 0.00 0.00 0.00 0.00 0.00 0.00 0.00 0.00 0.00 0.00 0.00 0.00 0.00 0.00 0.00 0.00
