data_processed/recharge/precip/Precip_1991_07.asc
ncols        168
nrows        136
xllcorner    455000
yllcorner    2107000
cellsize     500
NODATA_value     -99999
[rows 32 to 63 of 136, columns 72 to 143 of 168]
192.66 189.88 187.34 184.97 182.72 180.56 178.50 176.51 174.57 172.62 170.66 168.69 166.71 164.72 162.72 160.71 158.69 156.67 154.63 152.59 150.54 148.48 146.43 144.53 142.91 141.58 140.51 139.68 139.18 139.26 139.94 141.09 142.63 144.43 146.40 148.46 150.55 152.62 154.61 156.47 158.15 159.59 160.74 161.54 161.94 161.89 161.33 160.22 158.55 156.49 154.16 151.57 148.72 145.63 142.37 139.06 135.76 132.50 129.30 126.25 123.59 121.41 119.69 118.40 117.53 117.05 116.92 117.14 117.67 118.49 119.58 120.90
189.62 187.02 184.67 182.47 180.37 178.36 176.43 174.56 172.74 170.94 169.13 167.29 165.42 163.53 161.62 159.69 157.73 155.75 153.76 151.74 149.69 147.65 145.74 144.09 142.71 141.57 140.67 139.99 139.60 139.78 140.55 141.79 143.41 145.29 147.34 149.45 151.56 153.60 155.53 157.29 158.82 160.08 161.01 161.56 161.66 161.28 160.35 158.88 157.02 154.89 152.50 149.85 146.95 143.81 140.51 137.16 133.82 130.50 127.26 124.11 121.14 118.58 116.52 114.94 113.81 113.11 112.82 112.91 113.36 114.13 115.22 116.59
186.67 184.27 182.10 180.07 178.12 176.26 174.46 172.71 170.99 169.30 167.61 165.89 164.13 162.33 160.49 158.62 156.72 154.78 152.80 150.79 148.76 146.85 145.19 143.77 142.59 141.63 140.86 140.28 139.97 140.22 141.04 142.34 144.00 145.93 148.02 150.15 152.26 154.26 156.10 157.74 159.12 160.18 160.87 161.14 160.93 160.19 158.92 157.27 155.35 153.16 150.71 148.01 145.07 141.90 138.56 135.18 131.80 128.45 125.16 121.98 118.92 116.07 113.65 111.75 110.34 109.41 108.93 108.87 109.21 109.92 110.99 112.38
183.83 181.62 179.63 177.76 175.97 174.25 172.58 170.95 169.34 167.74 166.14 164.52 162.85 161.13 159.36 157.54 155.67 153.75 151.79 149.79 147.90 146.23 144.80 143.58 142.57 141.74 141.07 140.56 140.29 140.57 141.42 142.73 144.41 146.34 148.43 150.57 152.65 154.59 156.33 157.83 159.03 159.87 160.30 160.28 159.73 158.67 157.24 155.52 153.54 151.30 148.81 146.08 143.10 139.90 136.54 133.13 129.73 126.35 123.03 119.81 116.72 113.79 111.10 108.86 107.16 105.97 105.27 105.04 105.25 105.88 106.90 108.34
181.08 179.06 177.25 175.55 173.92 172.34 170.80 169.28 167.78 166.27 164.75 163.20 161.61 159.95 158.23 156.45 154.61 152.70 150.75 148.89 147.24 145.80 144.57 143.52 142.63 141.90 141.30 140.83 140.56 140.83 141.67 142.97 144.62 146.53 148.59 150.68 152.72 154.59 156.21 157.55 158.55 159.16 159.32 158.97 158.13 156.91 155.41 153.64 151.62 149.34 146.81 144.04 141.05 137.83 134.45 131.03 127.61 124.21 120.88 117.63 114.52 111.56 108.80 106.31 104.29 102.82 101.89 101.46 101.52 102.05 103.05 104.58
178.42 176.59 174.96 173.43 171.95 170.51 169.10 167.70 166.31 164.89 163.45 161.97 160.43 158.83 157.15 155.39 153.56 151.67 149.85 148.23 146.80 145.56 144.49 143.57 142.78 142.11 141.55 141.07 140.77 141.00 141.80 143.05 144.65 146.49 148.48 150.50 152.46 154.24 155.74 156.91 157.69 158.04 157.91 157.28 156.28 155.00 153.45 151.65 149.58 147.27 144.72 141.93 138.92 135.69 132.31 128.89 125.45 122.05 118.70 115.45 112.32 109.35 106.57 104.01 101.76 99.99 98.80 98.16 98.05 98.50 99.54 101.13
175.85 174.22 172.76 171.40 170.08 168.78 167.50 166.22 164.92 163.60 162.24 160.82 159.34 157.78 156.12 154.38 152.56 150.80 149.22 147.82 146.59 145.51 144.57 143.74 143.01 142.38 141.81 141.29 140.93 141.09 141.80 142.96 144.47 146.22 148.10 150.02 151.86 153.52 154.90 155.90 156.45 156.52 156.12 155.35 154.29 152.97 151.38 149.54 147.45 145.11 142.55 139.75 136.73 133.51 130.13 126.71 123.28 119.87 116.52 113.27 110.13 107.16 104.37 101.80 99.49 97.51 96.04 95.17 94.92 95.35 96.42 98.03
173.37 171.92 170.65 169.45 168.28 167.13 165.97 164.81 163.62 162.39 161.10 159.75 158.33 156.80 155.17 153.45 151.76 150.24 148.88 147.67 146.60 145.65 144.79 144.03 143.33 142.68 142.08 141.49 141.03 141.08 141.67 142.72 144.10 145.71 147.46 149.23 150.92 152.43 153.65 154.48 154.81 154.64 154.10 153.28 152.19 150.83 149.21 147.34 145.23 142.88 140.31 137.51 134.50 131.28 127.92 124.51 121.09 117.69 114.35 111.10 107.97 105.00 102.22 99.65 97.34 95.31 93.65 92.58 92.26 92.66 93.70 95.30
170.97 169.72 168.62 167.59 166.57 165.56 164.53 163.48 162.40 161.26 160.05 158.77 157.39 155.91 154.32 152.75 151.30 150.00 148.83 147.78 146.83 145.96 145.17 144.43 143.72 143.04 142.36 141.66 141.07 140.97 141.42 142.30 143.52 144.97 146.55 148.14 149.65 150.97 151.99 152.62 152.78 152.53 151.95 151.09 149.97 148.58 146.94 145.06 142.94 140.59 138.01 135.22 132.23 129.03 125.69 122.30 118.90 115.52 112.20 108.96 105.85 102.89 100.12 97.56 95.26 93.24 91.60 90.52 90.13 90.45 91.42 92.95
168.65 167.59 166.67 165.80 164.94 164.07 163.17 162.23 161.25 160.20 159.07 157.85 156.53 155.11 153.69 152.39 151.19 150.08 149.07 148.14 147.27 146.46 145.69 144.94 144.19 143.43 142.64 141.81 141.04 140.77 141.03 141.72 142.75 143.99 145.36 146.74 148.03 149.13 149.92 150.35 150.45 150.24 149.68 148.80 147.65 146.24 144.59 142.70 140.58 138.24 135.67 132.90 129.93 126.76 123.45 120.09 116.72 113.37 110.07 106.86 103.78 100.84 98.08 95.55 93.27 91.33 89.89 88.95 88.52 88.73 89.58 91.01
166.41 165.53 164.79 164.09 163.38 162.65 161.88 161.06 160.18 159.22 158.17 157.02 155.76 154.51 153.38 152.35 151.39 150.47 149.59 148.74 147.93 147.14 146.36 145.56 144.73 143.86 142.93 141.92 140.95 140.46 140.50 140.97 141.76 142.78 143.90 145.03 146.07 146.90 147.47 147.79 147.89 147.72 147.23 146.39 145.24 143.83 142.17 140.29 138.18 135.84 133.30 130.56 127.61 124.48 121.22 117.90 114.56 111.25 107.99 104.82 101.76 98.85 96.13 93.63 91.45 89.73 88.49 87.72 87.40 87.53 88.23 89.50
164.24 163.55 162.99 162.45 161.90 161.30 160.66 159.96 159.18 158.31 157.33 156.26 155.20 154.24 153.39 152.61 151.86 151.13 150.38 149.59 148.80 148.00 147.17 146.29 145.35 144.33 143.22 142.00 140.80 140.06 139.84 140.05 140.58 141.31 142.16 143.01 143.76 144.33 144.75 145.03 145.12 144.98 144.56 143.83 142.74 141.34 139.70 137.82 135.73 133.42 130.91 128.20 125.30 122.22 119.00 115.73 112.44 109.18 105.96 102.83 99.82 96.95 94.27 91.88 89.94 88.46 87.42 86.81 86.61 86.79 87.37 88.44
162.14 161.65 161.26 160.89 160.48 160.03 159.51 158.92 158.24 157.46 156.58 155.71 154.95 154.28 153.69 153.13 152.58 152.01 151.38 150.67 149.88 149.03 148.11 147.12 146.03 144.84 143.52 142.05 140.57 139.54 139.04 138.95 139.18 139.61 140.14 140.67 141.13 141.52 141.85 142.07 142.14 142.03 141.68 141.05 140.10 138.79 137.17 135.32 133.25 130.98 128.51 125.84 122.99 119.96 116.81 113.59 110.37 107.16 104.00 100.92 97.95 95.14 92.60 90.47 88.79 87.53 86.68 86.22 86.12 86.37 86.95 87.86
160.11 159.80 159.59 159.39 159.13 158.82 158.43 157.95 157.38 156.70 156.03 155.47 155.00 154.61 154.25 153.89 153.51 153.08 152.56 151.93 151.15 150.23 149.20 148.06 146.79 145.38 143.80 142.06 140.27 138.92 138.09 137.68 137.57 137.66 137.84 138.05 138.28 138.53 138.76 138.92 138.98 138.88 138.59 138.06 137.24 136.10 134.60 132.79 130.76 128.53 126.11 123.50 120.71 117.74 114.65 111.51 108.35 105.20 102.11 99.09 96.19 93.53 91.27 89.43 88.00 86.95 86.28 85.95 85.94 86.25 86.84 87.70
158.15 158.03 157.99 157.95 157.85 157.67 157.41 157.04 156.58 156.13 155.78 155.53 155.34 155.19 155.04 154.86 154.63 154.31 153.88 153.30 152.54 151.58 150.42 149.09 147.60 145.94 144.09 142.03 139.89 138.19 137.01 136.22 135.74 135.45 135.28 135.22 135.27 135.37 135.50 135.60 135.62 135.54 135.30 134.86 134.17 133.20 131.90 130.23 128.26 126.09 123.72 121.17 118.45 115.56 112.55 109.48 106.40 103.33 100.30 97.36 94.63 92.27 90.33 88.76 87.57 86.72 86.21 86.00 86.07 86.42 87.02 87.84
156.24 156.31 156.45 156.57 156.62 156.58 156.44 156.21 155.98 155.86 155.83 155.86 155.93 155.99 156.03 156.02 155.91 155.69 155.32 154.77 154.01 153.01 151.75 150.22 148.48 146.54 144.37 141.96 139.44 137.35 135.77 134.59 133.70 133.02 132.55 132.25 132.11 132.06 132.08 132.10 132.10 132.02 131.83 131.47 130.91 130.10 129.00 127.56 125.76 123.65 121.36 118.88 116.24 113.44 110.51 107.53 104.53 101.54 98.61 95.85 93.44 91.43 89.78 88.48 87.51 86.85 86.47 86.37 86.52 86.89 87.48 88.26
154.40 154.65 154.97 155.25 155.45 155.55 155.55 155.56 155.68 155.88 156.14 156.44 156.74 157.00 157.21 157.33 157.32 157.17 156.84 156.30 155.52 154.46 153.11 151.43 149.43 147.16 144.63 141.84 138.91 136.40 134.39 132.77 131.46 130.43 129.68 129.15 128.81 128.61 128.50 128.45 128.41 128.33 128.17 127.89 127.45 126.80 125.89 124.69 123.15 121.24 119.03 116.64 114.08 111.37 108.54 105.66 102.75 99.86 97.12 94.71 92.68 90.99 89.63 88.58 87.82 87.33 87.09 87.08 87.28 87.67 88.24 88.95
152.61 153.05 153.54 153.99 154.33 154.59 154.84 155.20 155.65 156.16 156.70 157.23 157.74 158.18 158.53 158.76 158.84 158.74 158.42 157.87 157.04 155.91 154.44 152.61 150.40 147.80 144.89 141.67 138.30 135.33 132.85 130.78 129.08 127.73 126.70 125.93 125.39 125.02 124.79 124.65 124.56 124.48 124.35 124.15 123.81 123.31 122.59 121.62 120.34 118.72 116.73 114.45 111.99 109.38 106.66 103.88 101.08 98.40 96.04 94.02 92.34 90.96 89.88 89.07 88.50 88.17 88.05 88.12 88.37 88.76 89.29 89.93
150.89 151.50 152.16 152.77 153.28 153.80 154.42 155.12 155.89 156.68 157.46 158.22 158.91 159.51 159.98 160.30 160.44 160.36 160.04 159.44 158.55 157.31 155.72 153.72 151.31 148.44 145.13 141.46 137.60 134.14 131.17 128.67 126.61 124.94 123.61 122.60 121.84 121.31 120.94 120.71 120.57 120.47 120.37 120.23 120.00 119.64 119.11 118.36 117.34 116.02 114.35 112.31 109.98 107.48 104.88 102.22 99.64 97.36 95.42 93.78 92.43 91.36 90.54 89.95 89.57 89.38 89.37 89.51 89.78 90.16 90.64 91.19
149.63 150.02 150.84 151.62 152.41 153.29 154.27 155.30 156.35 157.40 158.41 159.36 160.22 160.95 161.52 161.91 162.08 162.01 161.66 161.00 160.01 158.66 156.90 154.72 152.09 148.97 145.33 141.20 136.82 132.84 129.40 126.49 124.05 122.05 120.43 119.16 118.19 117.48 116.98 116.65 116.45 116.33 116.25 116.16 116.03 115.81 115.45 114.91 114.15 113.13 111.79 110.10 108.03 105.68 103.20 100.78 98.64 96.80 95.25 93.98 92.96 92.18 91.60 91.22 91.01 90.96 91.04 91.23 91.52 91.88 92.30 92.75
149.48 149.00 149.57 150.61 151.78 153.04 154.34 155.67 157.00 158.28 159.50 160.62 161.62 162.46 163.11 163.55 163.73 163.64 163.24 162.51 161.40 159.90 157.97 155.58 152.70 149.31 145.36 140.84 135.96 131.47 127.58 124.25 121.43 119.08 117.17 115.63 114.44 113.54 112.90 112.46 112.20 112.05 111.98 111.95 111.91 111.82 111.63 111.30 110.79 110.05 109.04 107.71 106.03 103.97 101.77 99.80 98.12 96.71 95.56 94.64 93.93 93.42 93.08 92.89 92.84 92.91 93.07 93.30 93.59 93.92 94.26 94.59
150.01 148.51 148.23 149.20 150.74 152.36 154.01 155.64 157.24 158.76 160.19 161.49 162.63 163.58 164.31 164.80 165.00 164.89 164.45 163.63 162.42 160.77 158.67 156.07 152.96 149.29 145.04 140.23 135.10 130.18 125.82 122.06 118.85 116.15 113.92 112.12 110.69 109.60 108.80 108.25 107.91 107.72 107.66 107.67 107.71 107.73 107.70 107.57 107.29 106.83 106.13 105.16 103.88 102.32 100.69 99.22 97.99 97.00 96.22 95.63 95.22 94.97 94.85 94.84 94.93 95.10 95.32 95.58 95.85 96.12 96.37 96.57
150.27 147.88 146.69 146.91 148.42 150.41 152.43 154.41 156.31 158.11 159.79 161.30 162.62 163.72 164.57 165.14 165.40 165.31 164.86 164.00 162.71 160.96 158.72 155.95 152.64 148.74 144.26 139.34 134.16 129.07 124.31 120.10 116.48 113.42 110.86 108.76 107.09 105.79 104.81 104.13 103.69 103.46 103.38 103.41 103.51 103.64 103.75 103.80 103.74 103.54 103.14 102.51 101.69 100.77 99.81 98.90 98.11 97.51 97.08 96.80 96.67 96.64 96.72 96.87 97.08 97.32 97.58 97.84 98.07 98.27 98.40 98.45
150.25 147.11 145.08 144.42 145.22 147.21 149.61 151.97 154.22 156.34 158.30 160.07 161.62 162.91 163.91 164.61 164.96 164.94 164.52 163.66 162.33 160.52 158.18 155.29 151.81 147.75 143.20 138.27 133.07 127.94 123.01 118.41 114.37 110.92 108.02 105.61 103.67 102.14 100.98 100.15 99.60 99.29 99.17 99.21 99.36 99.57 99.81 100.02 100.17 100.20 100.09 99.88 99.65 99.36 99.02 98.71 98.42 98.19 98.09 98.10 98.21 98.40 98.65 98.93 99.23 99.53 99.81 100.04 100.21 100.31 100.30 100.17
150.02 146.19 143.40 141.92 141.90 143.24 145.66 148.41 151.06 153.54 155.83 157.89 159.70 161.22 162.43 163.29 163.78 163.86 163.50 162.69 161.37 159.53 157.14 154.15 150.58 146.49 141.96 137.03 131.82 126.67 121.70 116.95 112.54 108.69 105.42 102.69 100.46 98.69 97.32 96.32 95.64 95.24 95.08 95.11 95.28 95.56 95.90 96.26 96.59 96.86 97.11 97.43 97.79 98.08 98.31 98.56 98.81 99.02 99.23 99.50 99.84 100.21 100.61 101.00 101.37 101.69 101.96 102.15 102.24 102.20 102.03 101.70
149.60 145.16 141.66 139.44 138.67 139.24 141.06 143.86 146.91 149.79 152.45 154.84 156.96 158.75 160.20 161.27 161.93 162.16 161.92 161.18 159.91 158.09 155.68 152.66 149.10 145.05 140.55 135.63 130.42 125.27 120.29 115.50 110.95 106.75 103.10 100.03 97.49 95.45 93.86 92.68 91.85 91.35 91.12 91.12 91.30 91.63 92.06 92.55 93.06 93.63 94.36 95.23 96.11 96.93 97.68 98.44 99.18 99.86 100.44 100.97 101.51 102.04 102.56 103.04 103.45 103.79 104.02 104.14 104.12 103.93 103.57 103.01
149.01 144.02 139.88 136.99 135.53 135.41 136.52 138.77 141.89 145.19 148.25 151.03 153.48 155.59 157.32 158.64 159.52 159.93 159.84 159.22 158.04 156.28 153.90 150.94 147.44 143.45 138.99 134.10 128.91 123.76 118.77 113.98 109.39 105.05 101.07 97.64 94.79 92.47 90.64 89.25 88.26 87.63 87.32 87.27 87.45 87.81 88.31 88.92 89.67 90.69 91.91 93.26 94.63 95.92 97.14 98.36 99.54 100.64 101.63 102.47 103.19 103.87 104.48 105.02 105.45 105.77 105.95 105.98 105.82 105.46 104.89 104.08
148.25 142.78 138.08 134.57 132.49 131.74 132.22 133.82 136.45 139.84 143.33 146.52 149.36 151.82 153.87 155.48 156.62 157.26 157.36 156.90 155.86 154.19 151.91 149.04 145.62 141.69 137.29 132.44 127.28 122.15 117.18 112.38 107.79 103.42 99.31 95.57 92.38 89.76 87.67 86.06 84.89 84.12 83.70 83.59 83.75 84.13 84.69 85.49 86.64 88.09 89.75 91.53 93.33 95.05 96.68 98.30 99.87 101.35 102.70 103.88 104.85 105.65 106.34 106.91 107.35 107.63 107.73 107.63 107.32 106.76 105.96 104.87
147.33 141.45 136.25 132.20 129.57 128.26 128.17 129.20 131.24 134.18 137.79 141.42 144.69 147.54 149.95 151.89 153.33 154.23 154.57 154.32 153.44 151.90 149.74 146.97 143.65 139.80 135.46 130.68 125.56 120.46 115.51 110.73 106.14 101.77 97.63 93.77 90.28 87.35 84.98 83.14 81.77 80.84 80.30 80.11 80.22 80.61 81.31 82.46 84.00 85.84 87.89 90.05 92.22 94.31 96.31 98.28 100.19 101.99 103.65 105.13 106.37 107.35 108.10 108.69 109.10 109.31 109.31 109.07 108.58 107.80 106.74 105.39
146.27 140.05 134.42 129.89 126.78 124.97 124.38 124.90 126.42 128.84 132.06 135.83 139.55 142.83 145.65 147.96 149.73 150.94 151.56 151.54 150.83 149.44 147.40 144.76 141.54 137.79 133.53 128.82 123.76 118.71 113.79 109.04 104.46 100.09 95.96 92.08 88.48 85.27 82.61 80.50 78.92 77.82 77.14 76.85 76.91 77.38 78.38 79.87 81.76 83.94 86.32 88.81 91.30 93.71 96.02 98.29 100.48 102.56 104.48 106.20 107.68 108.86 109.73 110.32 110.68 110.80 110.67 110.27 109.57 108.55 107.23 105.79
145.09 138.59 132.59 127.66 124.13 121.90 120.87 120.95 122.02 123.98 126.73 130.16 134.04 137.79 141.05 143.77 145.92 147.48 148.39 148.58 148.05 146.81 144.92 142.41 139.31 135.67 131.51 126.87 121.89 116.90 112.03 107.32 102.77 98.42 94.30 90.41 86.80 83.48 80.57 78.19 76.38 75.08 74.25 73.85 73.95 74.66 75.96 77.75 79.92 82.39 85.05 87.81 90.58 93.25 95.82 98.33 100.76 103.06 105.18 107.10 108.75 110.11 111.12 111.76 112.06 112.07 111.79 111.19 110.26 109.01 107.62 106.28
143.78 137.07 130.78 125.51 121.63 119.04 117.65 117.35 118.03 119.60 121.95 124.97 128.57 132.51 136.24 139.41 141.99 143.91 145.07 145.46 145.10 144.04 142.31 139.94 136.98 133.45 129.40 124.87 119.96 115.05 110.25 105.58 101.08 96.77 92.66 88.79 85.18 81.86 78.84 76.23 74.16 72.65 71.65 71.24 71.53 72.50 74.05 76.07 78.48 81.18 84.07 87.06 90.04 92.93 95.70 98.41 101.02 103.48 105.76 107.82 109.60 111.08 112.19 112.91 113.19 113.08 112.62 111.81 110.66 109.35 108.07 106.86
