data_processed/recharge/precip/Precip_1987_03.asc
ncols        168
nrows        136
xllcorner    455000
yllcorner    2107000
cellsize     500
NODATA_value     -99999
[rows 72 to 107 of 136, columns 0 to 79 of 168]
15.16 14.57 14.03 13.53 13.07 12.65 12.27 11.92 11.61 11.32 11.07 10.85 10.65 10.47 10.32 10.19 10.07 9.96 9.84 9.74 9.63 9.52 9.42 9.32 9.22 9.12 9.03 8.93 8.84 8.74 8.65 8.56 8.47 8.38 8.29 8.20 8.12 8.03 7.94 7.86 7.77 7.68 7.60 7.51 7.42 7.34 7.25 7.17 7.08 7.00 6.92 6.84 6.76 6.69 6.62 6.55 6.49 6.43 6.38 6.33 6.29 6.25 6.21 6.19 6.17 6.15 6.15 6.15 6.15 6.17 6.19 6.23 6.27 6.32 6.38 6.44 6.52 6.61 6.70 6.81
15.26 14.67 14.12 13.62 13.16 12.74 12.35 12.00 11.68 11.40 11.15 10.92 10.72 10.55 10.40 10.27 10.16 10.05 9.94 9.83 9.73 9.63 9.53 9.43 9.33 9.23 9.14 9.05 8.96 8.86 8.77 8.69 8.60 8.51 8.42 8.34 8.25 8.17 8.08 8.00 7.91 7.83 7.74 7.66 7.58 7.49 7.41 7.33 7.25 7.17 7.09 7.02 6.94 6.87 6.80 6.74 6.68 6.62 6.57 6.52 6.48 6.44 6.41 6.38 6.36 6.34 6.34 6.34 6.34 6.36 6.38 6.41 6.44 6.49 6.54 6.61 6.68 6.76 6.85 6.95
15.36 14.77 14.22 13.71 13.24 12.82 12.43 12.08 11.76 11.48 11.22 11.00 10.80 10.63 10.48 10.35 10.24 10.14 10.03 9.93 9.83 9.73 9.63 9.54 9.44 9.35 9.26 9.17 9.08 8.99 8.90 8.81 8.73 8.64 8.56 8.47 8.39 8.30 8.22 8.14 8.05 7.97 7.89 7.81 7.73 7.65 7.58 7.50 7.42 7.35 7.27 7.20 7.13 7.06 6.99 6.93 6.87 6.82 6.76 6.72 6.67 6.64 6.60 6.58 6.55 6.54 6.53 6.53 6.53 6.55 6.57 6.59 6.63 6.67 6.72 6.78 6.84 6.92 7.00 7.10
15.46 14.86 14.31 13.80 13.33 12.90 12.51 12.15 11.84 11.55 11.30 11.07 10.88 10.71 10.56 10.44 10.33 10.23 10.13 10.03 9.93 9.83 9.74 9.64 9.55 9.46 9.37 9.28 9.20 9.11 9.03 8.94 8.86 8.77 8.69 8.61 8.52 8.44 8.36 8.28 8.20 8.12 8.04 7.96 7.89 7.82 7.74 7.67 7.60 7.52 7.45 7.38 7.31 7.25 7.18 7.12 7.07 7.01 6.96 6.92 6.87 6.84 6.80 6.78 6.76 6.74 6.73 6.73 6.73 6.74 6.76 6.78 6.81 6.85 6.90 6.95 7.01 7.08 7.16 7.25
15.56 14.96 14.40 13.88 13.41 12.98 12.58 12.23 11.91 11.62 11.37 11.15 10.95 10.78 10.64 10.52 10.42 10.32 10.22 10.12 10.03 9.93 9.84 9.75 9.66 9.58 9.49 9.40 9.32 9.24 9.15 9.07 8.99 8.91 8.83 8.74 8.66 8.58 8.50 8.42 8.35 8.27 8.20 8.12 8.05 7.98 7.91 7.84 7.77 7.70 7.64 7.57 7.50 7.44 7.38 7.32 7.27 7.21 7.16 7.12 7.08 7.04 7.01 6.98 6.96 6.95 6.94 6.93 6.94 6.94 6.96 6.98 7.01 7.04 7.08 7.13 7.19 7.25 7.33 7.41
15.66 15.05 14.48 13.96 13.49 13.05 12.66 12.30 11.98 11.70 11.44 11.22 11.03 10.86 10.72 10.60 10.50 10.40 10.31 10.22 10.13 10.04 9.95 9.86 9.78 9.69 9.61 9.52 9.44 9.36 9.28 9.20 9.12 9.04 8.96 8.88 8.80 8.73 8.65 8.57 8.50 8.43 8.35 8.28 8.21 8.15 8.08 8.02 7.95 7.89 7.82 7.76 7.70 7.64 7.58 7.52 7.47 7.42 7.37 7.33 7.29 7.25 7.22 7.19 7.17 7.16 7.15 7.14 7.14 7.15 7.16 7.18 7.21 7.24 7.28 7.32 7.37 7.43 7.50 7.57
15.75 15.14 14.57 14.04 13.56 13.13 12.73 12.37 12.05 11.77 11.51 11.29 11.10 10.94 10.80 10.68 10.59 10.49 10.40 10.31 10.22 10.14 10.05 9.97 9.89 9.80 9.72 9.64 9.56 9.49 9.41 9.33 9.25 9.18 9.10 9.02 8.95 8.87 8.80 8.72 8.65 8.58 8.51 8.45 8.38 8.32 8.25 8.19 8.13 8.07 8.01 7.95 7.89 7.83 7.78 7.72 7.67 7.62 7.58 7.54 7.50 7.46 7.43 7.41 7.38 7.37 7.36 7.35 7.36 7.36 7.37 7.39 7.41 7.44 7.47 7.51 7.56 7.61 7.67 7.74
15.84 15.22 14.65 14.12 13.64 13.20 12.80 12.44 12.12 11.83 11.58 11.36 11.17 11.01 10.87 10.76 10.67 10.58 10.49 10.41 10.32 10.24 10.16 10.08 10.00 9.92 9.84 9.76 9.69 9.61 9.54 9.46 9.39 9.31 9.24 9.16 9.09 9.02 8.95 8.88 8.81 8.74 8.68 8.61 8.55 8.49 8.43 8.37 8.31 8.25 8.20 8.14 8.09 8.03 7.98 7.93 7.88 7.83 7.79 7.75 7.71 7.68 7.65 7.62 7.60 7.59 7.58 7.57 7.57 7.58 7.59 7.60 7.62 7.64 7.68 7.71 7.75 7.80 7.86 7.92
15.93 15.30 14.72 14.19 13.71 13.27 12.87 12.51 12.18 11.90 11.65 11.43 11.24 11.08 10.95 10.84 10.75 10.66 10.58 10.50 10.42 10.34 10.26 10.18 10.11 10.03 9.96 9.88 9.81 9.74 9.66 9.59 9.52 9.45 9.38 9.30 9.24 9.17 9.10 9.03 8.97 8.91 8.84 8.78 8.72 8.66 8.61 8.55 8.50 8.44 8.39 8.34 8.28 8.23 8.18 8.14 8.09 8.04 8.00 7.96 7.93 7.90 7.87 7.84 7.82 7.81 7.80 7.79 7.79 7.80 7.80 7.82 7.83 7.86 7.88 7.91 7.95 8.00 8.05 8.10
16.01 15.38 14.80 14.27 13.78 13.33 12.93 12.57 12.25 11.96 11.71 11.49 11.30 11.15 11.02 10.91 10.83 10.75 10.67 10.59 10.51 10.44 10.36 10.29 10.21 10.14 10.07 10.00 9.93 9.86 9.79 9.72 9.65 9.58 9.51 9.45 9.38 9.32 9.25 9.19 9.13 9.07 9.01 8.95 8.90 8.84 8.79 8.73 8.68 8.63 8.58 8.53 8.48 8.44 8.39 8.34 8.30 8.26 8.22 8.18 8.15 8.12 8.09 8.07 8.05 8.03 8.02 8.02 8.02 8.02 8.03 8.04 8.05 8.07 8.09 8.12 8.16 8.19 8.24 8.29
16.09 15.45 14.87 14.33 13.84 13.40 12.99 12.63 12.31 12.02 11.77 11.55 11.37 11.21 11.09 10.99 10.90 10.83 10.75 10.68 10.61 10.53 10.46 10.39 10.32 10.25 10.19 10.12 10.05 9.98 9.92 9.85 9.78 9.72 9.65 9.59 9.53 9.47 9.41 9.35 9.29 9.23 9.18 9.12 9.07 9.02 8.97 8.92 8.87 8.82 8.77 8.73 8.68 8.64 8.60 8.55 8.51 8.47 8.44 8.40 8.37 8.34 8.31 8.29 8.27 8.26 8.25 8.24 8.24 8.25 8.25 8.26 8.27 8.29 8.31 8.33 8.36 8.40 8.44 8.48
16.16 15.52 14.94 14.40 13.90 13.45 13.05 12.69 12.36 12.08 11.83 11.61 11.43 11.28 11.15 11.06 10.98 10.91 10.84 10.77 10.70 10.63 10.56 10.49 10.43 10.36 10.30 10.23 10.17 10.11 10.04 9.98 9.92 9.86 9.80 9.74 9.68 9.62 9.56 9.51 9.45 9.40 9.35 9.30 9.25 9.20 9.15 9.10 9.06 9.01 8.97 8.93 8.89 8.84 8.80 8.77 8.73 8.69 8.66 8.62 8.59 8.57 8.54 8.52 8.50 8.49 8.48 8.47 8.47 8.48 8.48 8.49 8.50 8.51 8.53 8.55 8.57 8.60 8.64 8.68
16.18 15.58 15.00 14.45 13.96 13.51 13.10 12.74 12.41 12.13 11.88 11.67 11.49 11.34 11.22 11.12 11.05 10.98 10.92 10.85 10.78 10.72 10.66 10.59 10.53 10.47 10.41 10.35 10.29 10.23 10.17 10.11 10.05 9.99 9.94 9.88 9.83 9.77 9.72 9.67 9.62 9.57 9.52 9.47 9.42 9.38 9.33 9.29 9.25 9.21 9.17 9.13 9.09 9.05 9.01 8.98 8.94 8.91 8.88 8.85 8.82 8.79 8.77 8.75 8.73 8.72 8.71 8.71 8.71 8.71 8.71 8.72 8.73 8.74 8.75 8.77 8.79 8.81 8.84 8.88
16.15 15.60 15.05 14.51 14.01 13.56 13.15 12.79 12.46 12.18 11.93 11.72 11.54 11.39 11.28 11.19 11.12 11.06 10.99 10.93 10.87 10.81 10.75 10.69 10.63 10.58 10.52 10.46 10.40 10.35 10.29 10.24 10.18 10.13 10.08 10.02 9.97 9.92 9.88 9.83 9.78 9.73 9.69 9.64 9.60 9.56 9.52 9.48 9.44 9.40 9.36 9.33 9.29 9.26 9.22 9.19 9.16 9.13 9.10 9.07 9.04 9.02 9.00 8.98 8.97 8.95 8.95 8.94 8.94 8.94 8.94 8.95 8.96 8.96 8.98 8.99 9.01 9.03 9.05 9.08
16.07 15.56 15.06 14.55 14.06 13.61 13.20 12.83 12.51 12.22 11.98 11.77 11.59 11.45 11.33 11.25 11.19 11.13 11.07 11.01 10.95 10.90 10.84 10.79 10.73 10.68 10.63 10.57 10.52 10.47 10.42 10.36 10.31 10.26 10.22 10.17 10.12 10.08 10.03 9.99 9.94 9.90 9.86 9.82 9.78 9.74 9.70 9.66 9.63 9.59 9.56 9.53 9.49 9.46 9.43 9.40 9.37 9.35 9.32 9.30 9.27 9.25 9.23 9.21 9.20 9.19 9.18 9.18 9.18 9.18 9.18 9.18 9.19 9.20 9.21 9.22 9.23 9.25 9.27 9.29
15.95 15.48 15.02 14.56 14.09 13.65 13.24 12.87 12.55 12.27 12.02 11.81 11.64 11.50 11.39 11.31 11.25 11.19 11.14 11.09 11.03 10.98 10.93 10.88 10.83 10.78 10.73 10.68 10.63 10.58 10.54 10.49 10.44 10.40 10.36 10.31 10.27 10.23 10.19 10.15 10.11 10.07 10.03 9.99 9.96 9.92 9.89 9.85 9.82 9.79 9.76 9.73 9.70 9.67 9.64 9.62 9.59 9.57 9.54 9.52 9.50 9.48 9.46 9.45 9.43 9.43 9.42 9.42 9.42 9.42 9.42 9.42 9.43 9.43 9.44 9.44 9.46 9.47 9.48 9.51
15.77 15.35 14.93 14.51 14.09 13.68 13.27 12.91 12.58 12.30 12.06 11.85 11.68 11.54 11.44 11.36 11.31 11.26 11.21 11.16 11.11 11.06 11.02 10.97 10.93 10.88 10.83 10.79 10.74 10.70 10.66 10.62 10.57 10.53 10.49 10.45 10.41 10.38 10.34 10.30 10.27 10.23 10.20 10.17 10.13 10.10 10.07 10.04 10.01 9.98 9.95 9.93 9.90 9.88 9.85 9.83 9.81 9.79 9.77 9.75 9.73 9.71 9.69 9.68 9.67 9.66 9.66 9.66 9.66 9.66 9.66 9.66 9.66 9.67 9.67 9.68 9.68 9.69 9.71 9.73
15.56 15.17 14.79 14.41 14.04 13.67 13.30 12.94 12.62 12.33 12.09 11.89 11.72 11.58 11.48 11.41 11.36 11.32 11.27 11.23 11.19 11.14 11.10 11.06 11.02 10.98 10.93 10.89 10.85 10.82 10.78 10.74 10.70 10.67 10.63 10.59 10.56 10.53 10.49 10.46 10.43 10.40 10.37 10.34 10.31 10.28 10.25 10.23 10.20 10.18 10.15 10.13 10.11 10.08 10.06 10.04 10.02 10.01 9.99 9.97 9.96 9.94 9.93 9.92 9.91 9.90 9.90 9.90 9.90 9.90 9.90 9.90 9.90 9.90 9.91 9.91 9.91 9.92 9.94 9.97
15.30 14.95 14.61 14.27 13.94 13.61 13.28 12.96 12.64 12.36 12.12 11.92 11.75 11.62 11.52 11.46 11.41 11.37 11.33 11.29 11.26 11.22 11.18 11.14 11.11 11.07 11.03 11.00 10.96 10.93 10.89 10.86 10.83 10.79 10.76 10.73 10.70 10.67 10.64 10.61 10.59 10.56 10.53 10.51 10.48 10.46 10.43 10.41 10.39 10.37 10.35 10.33 10.31 10.29 10.27 10.26 10.24 10.22 10.21 10.20 10.18 10.17 10.16 10.15 10.15 10.14 10.14 10.14 10.14 10.14 10.14 10.14 10.14 10.14 10.14 10.14 10.15 10.16 10.19 10.22
15.01 14.69 14.39 14.09 13.80 13.51 13.22 12.94 12.66 12.38 12.14 11.95 11.78 11.65 11.56 11.50 11.46 11.42 11.39 11.36 11.32 11.29 11.26 11.22 11.19 11.16 11.13 11.10 11.07 11.04 11.01 10.98 10.95 10.92 10.89 10.87 10.84 10.82 10.79 10.77 10.74 10.72 10.70 10.68 10.66 10.63 10.62 10.60 10.58 10.56 10.54 10.53 10.51 10.50 10.48 10.47 10.45 10.44 10.43 10.42 10.41 10.40 10.39 10.39 10.38 10.38 10.38 10.38 10.38 10.39 10.39 10.39 10.39 10.38 10.38 10.38 10.39 10.41 10.44 10.48
14.68 14.40 14.13 13.87 13.61 13.36 13.12 12.87 12.63 12.39 12.16 11.97 11.81 11.68 11.59 11.54 11.50 11.47 11.44 11.41 11.38 11.36 11.33 11.30 11.27 11.25 11.22 11.19 11.17 11.14 11.12 11.09 11.07 11.05 11.02 11.00 10.98 10.96 10.94 10.92 10.90 10.88 10.86 10.84 10.83 10.81 10.79 10.78 10.76 10.75 10.74 10.72 10.71 10.70 10.69 10.68 10.67 10.66 10.65 10.64 10.64 10.63 10.63 10.62 10.62 10.62 10.62 10.62 10.63 10.63 10.63 10.63 10.63 10.63 10.63 10.63 10.65 10.67 10.71 10.75
14.32 14.07 13.83 13.60 13.39 13.17 12.97 12.77 12.57 12.37 12.17 11.98 11.83 11.71 11.62 11.57 11.54 11.51 11.49 11.47 11.44 11.42 11.40 11.37 11.35 11.33 11.31 11.29 11.27 11.24 11.22 11.21 11.19 11.17 11.15 11.13 11.11 11.10 11.08 11.07 11.05 11.04 11.02 11.01 10.99 10.98 10.97 10.96 10.95 10.94 10.93 10.92 10.91 10.90 10.89 10.89 10.88 10.87 10.87 10.87 10.86 10.86 10.86 10.85 10.85 10.86 10.86 10.86 10.87 10.87 10.87 10.87 10.87 10.87 10.88 10.89 10.92 10.95 10.98 11.03
13.93 13.71 13.50 13.31 13.12 12.95 12.78 12.61 12.45 12.30 12.14 11.98 11.84 11.72 11.64 11.59 11.57 11.55 11.53 11.51 11.49 11.48 11.46 11.44 11.42 11.41 11.39 11.37 11.36 11.34 11.33 11.31 11.30 11.29 11.27 11.26 11.25 11.23 11.22 11.21 11.20 11.19 11.18 11.17 11.16 11.15 11.14 11.14 11.13 11.12 11.12 11.11 11.10 11.10 11.10 11.09 11.09 11.09 11.09 11.09 11.09 11.09 11.09 11.09 11.09 11.09 11.10 11.11 11.11 11.12 11.12 11.12 11.12 11.13 11.14 11.16 11.19 11.23 11.27 11.32
13.52 13.32 13.15 12.98 12.83 12.69 12.55 12.42 12.30 12.18 12.07 11.95 11.84 11.73 11.66 11.61 11.60 11.58 11.57 11.56 11.54 11.53 11.52 11.51 11.49 11.48 11.47 11.46 11.45 11.44 11.43 11.42 11.41 11.40 11.39 11.38 11.37 11.37 11.36 11.35 11.35 11.34 11.33 11.33 11.32 11.32 11.31 11.31 11.31 11.30 11.30 11.30 11.30 11.30 11.30 11.30 11.30 11.30 11.30 11.30 11.31 11.31 11.31 11.32 11.32 11.33 11.34 11.35 11.35 11.36 11.36 11.37 11.37 11.39 11.41 11.44 11.48 11.52 11.57 11.62
13.08 12.91 12.76 12.63 12.50 12.39 12.29 12.20 12.11 12.03 11.96 11.88 11.81 11.73 11.67 11.63 11.62 11.61 11.60 11.59 11.59 11.58 11.57 11.57 11.56 11.55 11.55 11.54 11.53 11.53 11.52 11.52 11.51 11.51 11.51 11.50 11.50 11.49 11.49 11.49 11.49 11.49 11.48 11.48 11.48 11.48 11.48 11.48 11.48 11.48 11.48 11.49 11.49 11.49 11.50 11.50 11.50 11.51 11.51 11.52 11.53 11.53 11.54 11.55 11.56 11.56 11.57 11.59 11.60 11.60 11.61 11.62 11.64 11.66 11.69 11.73 11.77 11.82 11.87 11.93
12.62 12.47 12.35 12.24 12.15 12.07 12.00 11.94 11.89 11.84 11.80 11.77 11.73 11.70 11.66 11.64 11.63 11.63 11.63 11.63 11.62 11.62 11.62 11.62 11.62 11.62 11.62 11.61 11.61 11.61 11.61 11.61 11.61 11.61 11.62 11.62 11.62 11.62 11.62 11.62 11.62 11.63 11.63 11.63 11.64 11.64 11.64 11.65 11.65 11.66 11.66 11.67 11.68 11.68 11.69 11.70 11.71 11.71 11.72 11.73 11.74 11.75 11.76 11.77 11.79 11.80 11.81 11.82 11.84 11.85 11.86 11.89 11.91 11.95 11.98 12.03 12.07 12.13 12.19 12.25
12.14 12.02 11.92 11.84 11.77 11.72 11.68 11.65 11.63 11.62 11.61 11.61 11.62 11.62 11.63 11.64 11.64 11.65 11.65 11.65 11.66 11.66 11.66 11.67 11.67 11.68 11.68 11.69 11.69 11.70 11.70 11.71 11.71 11.72 11.72 11.73 11.73 11.74 11.75 11.75 11.76 11.77 11.77 11.78 11.79 11.80 11.80 11.81 11.82 11.83 11.84 11.85 11.86 11.87 11.88 11.89 11.91 11.92 11.93 11.94 11.96 11.97 11.98 12.00 12.01 12.03 12.04 12.06 12.08 12.10 12.13 12.16 12.19 12.24 12.28 12.33 12.39 12.45 12.51 12.58
11.65 11.55 11.47 11.42 11.37 11.35 11.34 11.34 11.35 11.37 11.40 11.44 11.48 11.52 11.57 11.62 11.66 11.68 11.69 11.70 11.71 11.72 11.73 11.73 11.74 11.75 11.76 11.77 11.78 11.79 11.80 11.81 11.82 11.83 11.84 11.85 11.86 11.87 11.88 11.89 11.90 11.91 11.92 11.93 11.95 11.96 11.97 11.98 11.99 12.01 12.02 12.03 12.05 12.06 12.08 12.09 12.10 12.12 12.13 12.15 12.17 12.18 12.20 12.22 12.23 12.25 12.27 12.29 12.31 12.34 12.38 12.42 12.47 12.52 12.57 12.63 12.69 12.76 12.83 12.91
11.16 11.08 11.02 10.99 10.97 10.97 10.99 11.02 11.06 11.11 11.17 11.24 11.32 11.40 11.49 11.59 11.69 11.75 11.77 11.78 11.80 11.81 11.82 11.83 11.85 11.86 11.87 11.89 11.90 11.91 11.92 11.94 11.95 11.96 11.98 11.99 12.00 12.02 12.03 12.04 12.06 12.07 12.09 12.10 12.12 12.13 12.14 12.16 12.17 12.19 12.21 12.22 12.24 12.25 12.27 12.29 12.30 12.32 12.34 12.36 12.37 12.39 12.41 12.43 12.45 12.47 12.49 12.51 12.53 12.57 12.62 12.67 12.73 12.79 12.85 12.92 12.99 13.06 13.14 13.22
10.66 10.61 10.57 10.56 10.56 10.59 10.63 10.68 10.75 10.84 10.93 11.03 11.14 11.26 11.40 11.56 11.71 11.82 11.88 11.90 11.92 11.93 11.95 11.97 11.98 12.00 12.01 12.03 12.04 12.06 12.07 12.09 12.11 12.12 12.14 12.15 12.17 12.18 12.20 12.21 12.23 12.25 12.26 12.28 12.29 12.31 12.33 12.34 12.36 12.38 12.39 12.41 12.43 12.45 12.46 12.48 12.50 12.52 12.54 12.55 12.57 12.59 12.61 12.63 12.65 12.67 12.69 12.72 12.74 12.78 12.83 12.90 12.96 13.03 13.11 13.18 13.26 13.34 13.43 13.51
10.17 10.13 10.11 10.12 10.15 10.20 10.26 10.34 10.44 10.55 10.68 10.81 10.96 11.13 11.32 11.52 11.73 11.88 11.99 12.05 12.07 12.09 12.11 12.12 12.14 12.16 12.18 12.19 12.21 12.23 12.24 12.26 12.28 12.30 12.31 12.33 12.35 12.36 12.38 12.39 12.41 12.43 12.44 12.46 12.48 12.50 12.51 12.53 12.55 12.56 12.58 12.60 12.62 12.63 12.65 12.67 12.69 12.70 12.72 12.74 12.76 12.78 12.80 12.82 12.84 12.86 12.89 12.91 12.94 12.98 13.03 13.10 13.18 13.26 13.34 13.43 13.52 13.61 13.70 13.79
9.68 9.66 9.66 9.68 9.73 9.80 9.89 10.00 10.12 10.26 10.41 10.58 10.77 10.99 11.23 11.48 11.73 11.94 12.09 12.19 12.25 12.27 12.29 12.31 12.33 12.34 12.36 12.38 12.40 12.41 12.43 12.45 12.46 12.48 12.50 12.52 12.53 12.55 12.57 12.58 12.60 12.61 12.63 12.65 12.66 12.68 12.70 12.71 12.73 12.75 12.76 12.78 12.79 12.81 12.83 12.85 12.86 12.88 12.90 12.91 12.93 12.95 12.97 12.99 13.01 13.04 13.07 13.09 13.12 13.16 13.22 13.29 13.37 13.47 13.56 13.65 13.75 13.85 13.95 14.05
9.19 9.18 9.20 9.24 9.31 9.40 9.51 9.64 9.79 9.96 10.14 10.35 10.59 10.85 11.13 11.44 11.74 11.99 12.18 12.32 12.42 12.47 12.49 12.51 12.53 12.54 12.56 12.58 12.60 12.61 12.63 12.64 12.66 12.68 12.69 12.71 12.72 12.74 12.75 12.77 12.79 12.80 12.82 12.83 12.84 12.86 12.87 12.89 12.90 12.92 12.93 12.95 12.96 12.98 12.99 13.01 13.02 13.04 13.05 13.07 13.08 13.10 13.11 13.14 13.17 13.20 13.23 13.26 13.29 13.33 13.39 13.46 13.55 13.65 13.75 13.86 13.97 14.07 14.18 14.29
8.71 8.71 8.74 8.80 8.89 9.00 9.13 9.28 9.46 9.65 9.88 10.13 10.41 10.71 11.04 11.39 11.73 12.02 12.26 12.44 12.57 12.66 12.70 12.73 12.74 12.76 12.77 12.79 12.80 12.82 12.83 12.85 12.86 12.88 12.89 12.90 12.92 12.93 12.94 12.96 12.97 12.98 12.99 13.01 13.02 13.03 13.04 13.06 13.07 13.08 13.09 13.10 13.11 13.13 13.14 13.15 13.16 13.17 13.18 13.19 13.21 13.22 13.25 13.28 13.31 13.35 13.38 13.41 13.44 13.49 13.55 13.62 13.71 13.81 13.92 14.04 14.16 14.28 14.40 14.52
8.22 8.24 8.29 8.37 8.47 8.60 8.75 8.92 9.12 9.35 9.62 9.91 10.23 10.58 10.94 11.33 11.72 12.05 12.32 12.54 12.71 12.83 12.91 12.95 12.97 12.98 12.99 13.01 13.02 13.03 13.04 13.05 13.07 13.08 13.09 13.10 13.11 13.12 13.13 13.14 13.15 13.15 13.16 13.17 13.18 13.19 13.20 13.21 13.21 13.22 13.23 13.24 13.24 13.25 13.26 13.27 13.27 13.28 13.29 13.30 13.31 13.33 13.36 13.40 13.43 13.47 13.51 13.54 13.58 13.63 13.69 13.77 13.86 13.96 14.07 14.20 14.33 14.46 14.59 14.72
7.75 7.78 7.84 7.93 8.05 8.19 8.36 8.56 8.79 9.06 9.36 9.70 10.05 10.44 10.85 11.27 11.70 12.07 12.37 12.63 12.83 12.98 13.09 13.16 13.19 13.21 13.22 13.23 13.23 13.24 13.25 13.26 13.26 13.27 13.28 13.28 13.29 13.30 13.30 13.31 13.31 13.32 13.32 13.32 13.33 13.33 13.33 13.34 13.34 13.34 13.35 13.35 13.35 13.35 13.36 13.36 13.36 13.36 13.36 13.37 13.39 13.42 13.46 13.50 13.54 13.58 13.63 13.66 13.70 13.75 13.82 13.90 13.99 14.09 14.21 14.34 14.47 14.61 14.76 14.90
