data_processed/recharge/precip/Precip_1994_12.asc
ncols        168
nrows        136
xllcorner    455000
yllcorner    2107000
cellsize     500
NODATA_value     -99999
[rows 0 to 36 of 136, columns 0 to 83 of 168]
10.53 10.49 10.46 10.42 10.39 10.36 10.33 10.30 10.28 10.25 10.23 10.20 10.17 10.14 10.11 10.08 10.05 10.02 9.99 9.98 9.97 9.96 9.97 9.98 9.99 10.01 10.03 10.06 10.09 10.13 10.16 10.19 10.20 10.20 10.19 10.16 10.12 10.07 9.99 9.90 9.80 9.68 9.54 9.38 9.21 9.03 8.86 8.67 8.49 8.31 8.12 7.93 7.73 7.54 7.34 7.14 6.94 6.73 6.53 6.32 6.11 5.89 5.68 5.46 5.24 5.02 4.80 4.57 4.35 4.12 3.89 3.66 3.43 3.19 2.95 2.72 2.48 2.24 2.00 1.75 1.51 1.26 1.02 0.77
10.49 10.46 10.44 10.41 10.39 10.37 10.35 10.34 10.32 10.30 10.28 10.27 10.25 10.23 10.21 10.18 10.15 10.13 10.10 10.08 10.06 10.06 10.05 10.06 10.07 10.08 10.10 10.12 10.15 10.18 10.20 10.22 10.23 10.23 10.21 10.17 10.12 10.06 9.97 9.88 9.76 9.63 9.48 9.32 9.15 8.98 8.80 8.63 8.45 8.27 8.09 7.90 7.71 7.52 7.33 7.13 6.94 6.74 6.54 6.33 6.13 5.92 5.71 5.50 5.28 5.07 4.85 4.63 4.41 4.19 3.96 3.73 3.51 3.28 3.05 2.81 2.58 2.35 2.11 1.87 1.63 1.39 1.15 0.91
10.46 10.44 10.43 10.41 10.40 10.39 10.38 10.38 10.37 10.36 10.35 10.34 10.33 10.32 10.31 10.29 10.27 10.25 10.22 10.20 10.18 10.17 10.16 10.16 10.16 10.17 10.18 10.20 10.22 10.24 10.26 10.27 10.27 10.26 10.23 10.19 10.13 10.06 9.97 9.86 9.73 9.59 9.43 9.27 9.11 8.95 8.78 8.61 8.43 8.26 8.08 7.90 7.71 7.53 7.34 7.15 6.96 6.76 6.57 6.37 6.17 5.96 5.76 5.55 5.34 5.13 4.92 4.71 4.49 4.27 4.05 3.83 3.61 3.38 3.16 2.93 2.70 2.47 2.24 2.01 1.78 1.54 1.30 1.07
10.43 10.43 10.42 10.42 10.42 10.42 10.42 10.43 10.43 10.43 10.43 10.43 10.42 10.42 10.41 10.40 10.39 10.37 10.36 10.33 10.31 10.29 10.28 10.27 10.27 10.27 10.28 10.29 10.30 10.31 10.33 10.34 10.33 10.31 10.27 10.22 10.15 10.07 9.97 9.85 9.71 9.56 9.41 9.26 9.10 8.94 8.77 8.61 8.44 8.27 8.09 7.92 7.74 7.56 7.37 7.19 7.00 6.81 6.62 6.43 6.23 6.03 5.83 5.63 5.42 5.22 5.01 4.80 4.59 4.38 4.16 3.95 3.73 3.51 3.29 3.07 2.84 2.62 2.39 2.17 1.94 1.71 1.48 1.24
10.42 10.43 10.43 10.44 10.45 10.46 10.47 10.48 10.49 10.50 10.51 10.52 10.53 10.53 10.53 10.53 10.52 10.51 10.50 10.48 10.46 10.43 10.41 10.40 10.39 10.39 10.39 10.39 10.40 10.40 10.41 10.41 10.40 10.37 10.32 10.26 10.18 10.09 9.98 9.85 9.71 9.56 9.41 9.26 9.11 8.95 8.79 8.63 8.47 8.30 8.13 7.96 7.79 7.61 7.43 7.25 7.07 6.88 6.69 6.50 6.31 6.12 5.92 5.73 5.53 5.33 5.12 4.92 4.71 4.51 4.30 4.08 3.87 3.66 3.44 3.22 3.01 2.79 2.56 2.34 2.12 1.89 1.67 1.44
10.42 10.43 10.45 10.47 10.49 10.51 10.53 10.55 10.57 10.59 10.61 10.62 10.63 10.64 10.65 10.65 10.66 10.65 10.64 10.63 10.61 10.59 10.57 10.55 10.53 10.52 10.51 10.51 10.51 10.51 10.51 10.50 10.48 10.44 10.38 10.31 10.22 10.12 10.00 9.87 9.73 9.59 9.44 9.29 9.14 8.99 8.84 8.68 8.52 8.36 8.19 8.03 7.86 7.68 7.51 7.33 7.16 6.97 6.79 6.61 6.42 6.23 6.04 5.85 5.65 5.46 5.26 5.06 4.86 4.65 4.45 4.24 4.03 3.82 3.61 3.40 3.19 2.97 2.75 2.54 2.32 2.10 1.88 1.65
10.43 10.45 10.48 10.51 10.54 10.57 10.60 10.63 10.65 10.68 10.71 10.73 10.75 10.77 10.78 10.79 10.80 10.80 10.80 10.79 10.78 10.76 10.73 10.71 10.69 10.67 10.65 10.64 10.63 10.63 10.62 10.60 10.57 10.52 10.46 10.38 10.28 10.16 10.04 9.90 9.77 9.63 9.49 9.35 9.20 9.06 8.91 8.75 8.60 8.44 8.28 8.12 7.95 7.78 7.61 7.44 7.27 7.09 6.91 6.73 6.55 6.36 6.18 5.99 5.80 5.61 5.41 5.22 5.02 4.82 4.62 4.42 4.21 4.01 3.80 3.60 3.39 3.18 2.96 2.75 2.54 2.32 2.10 1.89
10.44 10.48 10.52 10.56 10.60 10.64 10.67 10.71 10.75 10.78 10.81 10.84 10.87 10.90 10.92 10.93 10.95 10.95 10.96 10.96 10.95 10.93 10.91 10.89 10.86 10.83 10.81 10.79 10.77 10.76 10.74 10.71 10.67 10.61 10.54 10.45 10.34 10.22 10.10 9.97 9.84 9.71 9.57 9.43 9.29 9.15 9.00 8.85 8.70 8.54 8.39 8.23 8.07 7.90 7.74 7.57 7.40 7.23 7.05 6.88 6.70 6.52 6.34 6.15 5.97 5.78 5.59 5.40 5.20 5.01 4.81 4.62 4.42 4.22 4.01 3.81 3.61 3.40 3.19 2.98 2.77 2.56 2.35 2.14
10.47 10.52 10.57 10.61 10.66 10.71 10.76 10.80 10.85 10.89 10.93 10.97 11.00 11.03 11.06 11.08 11.10 11.11 11.12 11.13 11.12 11.11 11.10 11.07 11.04 11.01 10.98 10.95 10.92 10.90 10.88 10.84 10.79 10.72 10.64 10.54 10.42 10.30 10.18 10.06 9.93 9.80 9.67 9.54 9.40 9.26 9.12 8.97 8.82 8.67 8.52 8.37 8.21 8.05 7.89 7.72 7.56 7.39 7.22 7.05 6.87 6.70 6.52 6.34 6.16 5.97 5.79 5.60 5.41 5.22 5.03 4.84 4.64 4.44 4.25 4.05 3.85 3.64 3.44 3.24 3.03 2.82 2.62 2.41
10.51 10.56 10.62 10.68 10.74 10.79 10.85 10.90 10.96 11.01 11.05 11.10 11.14 11.18 11.21 11.24 11.26 11.28 11.29 11.30 11.30 11.30 11.29 11.27 11.24 11.20 11.16 11.13 11.09 11.06 11.03 10.98 10.92 10.84 10.75 10.64 10.53 10.41 10.30 10.18 10.05 9.93 9.80 9.67 9.53 9.40 9.26 9.12 8.97 8.83 8.68 8.53 8.37 8.22 8.06 7.90 7.74 7.57 7.41 7.24 7.07 6.90 6.72 6.55 6.37 6.19 6.01 5.82 5.64 5.45 5.27 5.08 4.88 4.69 4.50 4.30 4.11 3.91 3.71 3.51 3.31 3.11 2.90 2.70
10.55 10.62 10.69 10.75 10.82 10.89 10.95 11.01 11.07 11.13 11.18 11.23 11.28 11.33 11.37 11.40 11.43 11.45 11.47 11.48 11.49 11.49 11.48 11.46 11.44 11.41 11.36 11.32 11.27 11.23 11.19 11.13 11.06 10.97 10.87 10.77 10.66 10.55 10.43 10.32 10.20 10.08 9.95 9.82 9.69 9.56 9.43 9.29 9.15 9.00 8.86 8.71 8.56 8.41 8.26 8.10 7.94 7.78 7.62 7.45 7.29 7.12 6.95 6.78 6.60 6.43 6.25 6.07 5.89 5.71 5.52 5.34 5.15 4.96 4.77 4.58 4.39 4.19 4.00 3.80 3.61 3.41 3.21 3.01
10.61 10.69 10.76 10.84 10.91 10.99 11.06 11.13 11.20 11.26 11.32 11.38 11.43 11.48 11.53 11.57 11.60 11.63 11.65 11.67 11.68 11.68 11.68 11.66 11.64 11.61 11.57 11.52 11.47 11.42 11.37 11.30 11.22 11.12 11.02 10.92 10.82 10.71 10.60 10.49 10.37 10.25 10.13 10.01 9.88 9.75 9.62 9.48 9.35 9.21 9.07 8.92 8.78 8.63 8.48 8.32 8.17 8.01 7.85 7.69 7.53 7.37 7.20 7.03 6.86 6.69 6.51 6.34 6.16 5.98 5.80 5.62 5.44 5.25 5.07 4.88 4.69 4.50 4.31 4.12 3.92 3.73 3.53 3.34
10.67 10.76 10.85 10.93 11.01 11.10 11.17 11.25 11.33 11.40 11.47 11.53 11.59 11.65 11.70 11.74 11.78 11.82 11.84 11.86 11.88 11.88 11.88 11.87 11.85 11.82 11.79 11.74 11.68 11.62 11.56 11.48 11.39 11.30 11.20 11.10 11.00 10.90 10.79 10.68 10.57 10.45 10.33 10.21 10.09 9.96 9.84 9.71 9.57 9.44 9.30 9.16 9.01 8.87 8.72 8.57 8.42 8.27 8.11 7.96 7.80 7.63 7.47 7.31 7.14 6.97 6.80 6.63 6.45 6.28 6.10 5.92 5.75 5.56 5.38 5.20 5.01 4.83 4.64 4.45 4.26 4.07 3.88 3.68
10.75 10.84 10.94 11.03 11.12 11.21 11.30 11.38 11.47 11.54 11.62 11.69 11.75 11.82 11.87 11.92 11.97 12.00 12.04 12.06 12.08 12.09 12.09 12.08 12.06 12.04 12.00 11.96 11.90 11.83 11.76 11.68 11.59 11.50 11.41 11.31 11.22 11.11 11.01 10.90 10.79 10.68 10.57 10.45 10.33 10.20 10.08 9.95 9.82 9.69 9.55 9.42 9.28 9.14 8.99 8.85 8.70 8.55 8.39 8.24 8.08 7.93 7.77 7.61 7.44 7.28 7.11 6.94 6.77 6.60 6.43 6.25 6.08 5.90 5.72 5.54 5.36 5.17 4.99 4.81 4.62 4.43 4.24 4.05
10.83 10.94 11.04 11.14 11.24 11.34 11.43 11.52 11.61 11.70 11.78 11.85 11.92 11.99 12.05 12.11 12.16 12.20 12.23 12.26 12.28 12.29 12.30 12.29 12.28 12.25 12.22 12.17 12.12 12.05 11.98 11.90 11.81 11.73 11.64 11.54 11.45 11.35 11.25 11.14 11.04 10.93 10.82 10.70 10.58 10.46 10.34 10.22 10.09 9.96 9.83 9.69 9.56 9.42 9.28 9.14 8.99 8.84 8.69 8.54 8.39 8.24 8.08 7.92 7.76 7.60 7.44 7.27 7.10 6.94 6.77 6.59 6.42 6.25 6.07 5.89 5.72 5.54 5.36 5.18 4.99 4.81 4.62 4.44
10.94 11.05 11.16 11.26 11.37 11.47 11.57 11.67 11.76 11.85 11.94 12.02 12.09 12.16 12.23 12.29 12.34 12.38 12.42 12.45 12.47 12.49 12.49 12.49 12.47 12.45 12.41 12.37 12.31 12.25 12.18 12.10 12.02 11.94 11.85 11.76 11.67 11.57 11.47 11.37 11.27 11.16 11.05 10.94 10.83 10.71 10.59 10.47 10.35 10.22 10.09 9.96 9.83 9.69 9.55 9.41 9.27 9.13 8.98 8.84 8.69 8.53 8.38 8.23 8.07 7.91 7.75 7.59 7.42 7.26 7.09 6.93 6.76 6.59 6.41 6.24 6.07 5.89 5.71 5.53 5.36 5.18 4.99 4.81
11.06 11.17 11.29 11.40 11.51 11.62 11.72 11.82 11.92 12.01 12.10 12.18 12.26 12.33 12.40 12.46 12.51 12.56 12.60 12.63 12.65 12.66 12.66 12.66 12.64 12.62 12.58 12.54 12.48 12.42 12.35 12.28 12.20 12.12 12.04 11.95 11.86 11.77 11.67 11.58 11.48 11.37 11.27 11.16 11.05 10.93 10.82 10.70 10.58 10.46 10.33 10.20 10.07 9.94 9.81 9.67 9.53 9.39 9.25 9.11 8.96 8.81 8.66 8.51 8.36 8.20 8.04 7.89 7.73 7.57 7.40 7.24 7.07 6.91 6.74 6.57 6.40 6.22 6.05 5.88 5.70 5.52 5.35 5.17
11.20 11.32 11.43 11.55 11.66 11.77 11.88 11.98 12.08 12.17 12.26 12.35 12.42 12.50 12.56 12.62 12.67 12.72 12.75 12.78 12.80 12.81 12.81 12.81 12.79 12.76 12.72 12.67 12.62 12.56 12.50 12.43 12.36 12.28 12.20 12.12 12.03 11.94 11.85 11.76 11.66 11.56 11.46 11.35 11.25 11.13 11.02 10.91 10.79 10.67 10.55 10.42 10.30 10.17 10.04 9.91 9.77 9.63 9.50 9.35 9.21 9.07 8.92 8.77 8.62 8.47 8.32 8.16 8.01 7.85 7.69 7.53 7.37 7.21 7.04 6.87 6.71 6.54 6.37 6.20 6.03 5.85 5.68 5.51
11.35 11.47 11.59 11.71 11.82 11.93 12.04 12.14 12.24 12.33 12.42 12.50 12.58 12.65 12.71 12.77 12.82 12.86 12.89 12.92 12.94 12.94 12.94 12.93 12.90 12.87 12.83 12.78 12.74 12.68 12.62 12.56 12.49 12.42 12.34 12.26 12.18 12.09 12.01 11.91 11.82 11.72 11.63 11.52 11.42 11.31 11.20 11.09 10.98 10.86 10.74 10.62 10.50 10.38 10.25 10.12 9.99 9.86 9.72 9.58 9.44 9.30 9.16 9.02 8.87 8.72 8.57 8.42 8.27 8.12 7.96 7.80 7.65 7.49 7.33 7.16 7.00 6.84 6.67 6.50 6.34 6.17 6.00 5.83
11.51 11.63 11.75 11.87 11.98 12.09 12.20 12.30 12.39 12.48 12.57 12.65 12.72 12.79 12.85 12.90 12.95 12.99 13.01 13.03 13.04 13.04 13.04 13.02 12.99 12.95 12.91 12.87 12.83 12.78 12.72 12.66 12.60 12.53 12.46 12.38 12.30 12.22 12.14 12.05 11.96 11.87 11.77 11.67 11.57 11.47 11.36 11.26 11.15 11.03 10.92 10.80 10.68 10.56 10.44 10.31 10.19 10.06 9.92 9.79 9.66 9.52 9.38 9.24 9.10 8.95 8.81 8.66 8.51 8.36 8.21 8.06 7.90 7.75 7.59 7.43 7.27 7.11 6.95 6.79 6.63 6.46 6.30 6.13
11.68 11.80 11.92 12.03 12.14 12.25 12.35 12.45 12.54 12.63 12.71 12.79 12.85 12.92 12.97 13.02 13.06 13.09 13.11 13.12 13.13 13.12 13.10 13.07 13.04 13.01 12.97 12.94 12.89 12.85 12.80 12.74 12.68 12.62 12.55 12.48 12.40 12.33 12.24 12.16 12.07 11.99 11.89 11.80 11.70 11.60 11.50 11.40 11.29 11.18 11.07 10.96 10.84 10.73 10.61 10.49 10.36 10.24 10.11 9.98 9.85 9.71 9.58 9.44 9.31 9.17 9.02 8.88 8.74 8.59 8.44 8.29 8.14 7.99 7.84 7.69 7.53 7.37 7.22 7.06 6.90 6.74 6.58 6.41
11.86 11.98 12.09 12.20 12.31 12.41 12.51 12.60 12.68 12.77 12.84 12.91 12.97 13.03 13.07 13.11 13.14 13.17 13.18 13.18 13.18 13.16 13.14 13.10 13.07 13.04 13.01 12.98 12.94 12.90 12.85 12.80 12.74 12.68 12.62 12.55 12.48 12.41 12.33 12.25 12.17 12.08 11.99 11.90 11.81 11.72 11.62 11.52 11.42 11.31 11.20 11.09 10.98 10.87 10.75 10.64 10.52 10.40 10.27 10.15 10.02 9.89 9.76 9.63 9.49 9.36 9.22 9.08 8.94 8.80 8.66 8.51 8.37 8.22 8.07 7.92 7.77 7.62 7.46 7.31 7.15 7.00 6.84 6.68
12.04 12.15 12.26 12.37 12.47 12.56 12.65 12.74 12.82 12.89 12.96 13.02 13.07 13.12 13.15 13.18 13.21 13.22 13.22 13.21 13.20 13.17 13.14 13.11 13.08 13.05 13.03 13.00 12.96 12.92 12.88 12.83 12.78 12.73 12.67 12.60 12.54 12.47 12.39 12.32 12.24 12.16 12.07 11.99 11.90 11.81 11.71 11.62 11.52 11.42 11.31 11.21 11.10 10.99 10.88 10.77 10.65 10.54 10.42 10.29 10.17 10.05 9.92 9.79 9.66 9.53 9.40 9.26 9.13 8.99 8.85 8.71 8.57 8.43 8.28 8.14 7.99 7.84 7.69 7.54 7.39 7.24 7.09 6.93
12.23 12.33 12.43 12.53 12.62 12.71 12.79 12.86 12.94 13.00 13.06 13.11 13.15 13.19 13.21 13.23 13.24 13.24 13.23 13.21 13.18 13.15 13.12 13.09 13.07 13.04 13.02 12.99 12.96 12.93 12.89 12.85 12.80 12.74 12.69 12.63 12.57 12.50 12.43 12.36 12.29 12.21 12.13 12.05 11.96 11.88 11.79 11.69 11.60 11.50 11.40 11.30 11.20 11.10 10.99 10.88 10.77 10.66 10.54 10.42 10.30 10.18 10.06 9.94 9.81 9.69 9.56 9.43 9.30 9.16 9.03 8.89 8.75 8.62 8.48 8.34 8.19 8.05 7.91 7.76 7.61 7.47 7.32 7.17
12.41 12.51 12.60 12.68 12.77 12.84 12.91 12.98 13.04 13.09 13.14 13.18 13.21 13.23 13.24 13.25 13.25 13.23 13.21 13.18 13.14 13.11 13.08 13.06 13.03 13.01 12.99 12.97 12.94 12.91 12.88 12.84 12.79 12.74 12.69 12.64 12.58 12.52 12.45 12.38 12.31 12.24 12.17 12.09 12.01 11.92 11.84 11.75 11.66 11.57 11.47 11.38 11.28 11.18 11.08 10.97 10.86 10.76 10.64 10.53 10.42 10.30 10.18 10.07 9.94 9.82 9.70 9.57 9.44 9.32 9.19 9.06 8.92 8.79 8.65 8.52 8.38 8.24 8.10 7.96 7.82 7.68 7.53 7.39
12.59 12.68 12.76 12.83 12.90 12.97 13.03 13.08 13.13 13.16 13.20 13.22 13.24 13.25 13.25 13.24 13.22 13.19 13.15 13.11 13.08 13.05 13.02 13.00 12.98 12.96 12.95 12.93 12.90 12.88 12.84 12.81 12.76 12.72 12.67 12.62 12.57 12.51 12.45 12.39 12.32 12.25 12.18 12.11 12.03 11.95 11.87 11.79 11.70 11.61 11.52 11.43 11.34 11.24 11.14 11.04 10.94 10.84 10.73 10.62 10.51 10.40 10.29 10.17 10.06 9.94 9.82 9.70 9.58 9.45 9.33 9.20 9.07 8.94 8.81 8.68 8.55 8.42 8.28 8.14 8.01 7.87 7.73 7.59
12.77 12.84 12.90 12.97 13.02 13.08 13.12 13.16 13.19 13.22 13.23 13.24 13.24 13.24 13.22 13.19 13.16 13.11 13.07 13.02 12.99 12.96 12.94 12.92 12.91 12.89 12.88 12.86 12.84 12.82 12.79 12.76 12.72 12.68 12.63 12.59 12.53 12.48 12.42 12.37 12.30 12.24 12.17 12.10 12.03 11.96 11.88 11.80 11.72 11.64 11.55 11.47 11.38 11.28 11.19 11.09 11.00 10.90 10.80 10.69 10.59 10.48 10.37 10.26 10.15 10.04 9.92 9.81 9.69 9.57 9.45 9.33 9.21 9.08 8.96 8.83 8.70 8.57 8.44 8.31 8.18 8.05 7.91 7.78
12.93 12.99 13.04 13.09 13.13 13.17 13.20 13.22 13.24 13.24 13.24 13.24 13.22 13.19 13.16 13.12 13.06 13.01 12.96 12.92 12.89 12.86 12.84 12.83 12.82 12.80 12.79 12.78 12.76 12.74 12.72 12.69 12.65 12.61 12.57 12.53 12.48 12.43 12.38 12.33 12.27 12.21 12.14 12.08 12.01 11.94 11.87 11.80 11.72 11.64 11.56 11.48 11.39 11.31 11.22 11.13 11.04 10.94 10.84 10.75 10.65 10.54 10.44 10.34 10.23 10.12 10.01 9.90 9.79 9.67 9.56 9.44 9.32 9.20 9.08 8.96 8.84 8.71 8.59 8.46 8.34 8.21 8.08 7.95
13.09 13.13 13.17 13.20 13.22 13.24 13.25 13.26 13.25 13.24 13.23 13.20 13.16 13.12 13.06 13.00 12.93 12.88 12.83 12.80 12.77 12.75 12.73 12.72 12.71 12.70 12.69 12.68 12.66 12.65 12.62 12.60 12.57 12.53 12.49 12.45 12.41 12.37 12.32 12.27 12.21 12.16 12.10 12.04 11.97 11.91 11.84 11.77 11.70 11.63 11.55 11.47 11.39 11.31 11.23 11.14 11.05 10.97 10.87 10.78 10.69 10.59 10.49 10.39 10.29 10.18 10.08 9.97 9.87 9.76 9.65 9.53 9.42 9.31 9.19 9.08 8.96 8.84 8.72 8.60 8.48 8.36 8.23 8.11
13.23 13.26 13.27 13.29 13.29 13.29 13.28 13.27 13.25 13.22 13.18 13.13 13.07 13.01 12.93 12.85 12.79 12.73 12.69 12.66 12.63 12.61 12.60 12.59 12.58 12.57 12.57 12.56 12.55 12.53 12.51 12.49 12.46 12.43 12.40 12.36 12.32 12.28 12.23 12.19 12.14 12.08 12.03 11.97 11.92 11.86 11.79 11.73 11.66 11.59 11.52 11.45 11.38 11.30 11.22 11.14 11.06 10.97 10.88 10.80 10.71 10.61 10.52 10.43 10.33 10.23 10.13 10.03 9.93 9.82 9.72 9.61 9.50 9.40 9.29 9.17 9.06 8.95 8.83 8.72 8.60 8.49 8.37 8.25
13.36 13.36 13.36 13.35 13.34 13.32 13.29 13.25 13.21 13.16 13.09 13.02 12.94 12.86 12.77 12.69 12.62 12.57 12.53 12.50 12.47 12.46 12.45 12.44 12.43 12.43 12.43 12.42 12.41 12.40 12.39 12.36 12.34 12.31 12.28 12.25 12.21 12.17 12.13 12.09 12.04 11.99 11.94 11.89 11.84 11.78 11.73 11.67 11.60 11.54 11.48 11.41 11.34 11.27 11.19 11.12 11.04 10.96 10.88 10.79 10.71 10.62 10.53 10.44 10.35 10.26 10.17 10.07 9.97 9.87 9.78 9.67 9.57 9.47 9.36 9.26 9.15 9.04 8.93 8.82 8.71 8.60 8.49 8.38
13.47 13.45 13.43 13.40 13.36 13.32 13.26 13.21 13.14 13.06 12.98 12.88 12.78 12.67 12.58 12.51 12.44 12.39 12.36 12.33 12.30 12.29 12.28 12.28 12.27 12.27 12.27 12.27 12.26 12.26 12.24 12.22 12.20 12.18 12.15 12.12 12.09 12.05 12.01 11.97 11.93 11.89 11.84 11.79 11.74 11.69 11.64 11.58 11.53 11.47 11.41 11.35 11.28 11.21 11.15 11.08 11.00 10.93 10.85 10.77 10.70 10.61 10.53 10.45 10.36 10.27 10.18 10.09 10.00 9.91 9.81 9.72 9.62 9.52 9.43 9.32 9.22 9.12 9.02 8.91 8.81 8.70 8.60 8.49
13.56 13.52 13.47 13.42 13.36 13.29 13.21 13.13 13.03 12.93 12.82 12.70 12.58 12.47 12.38 12.31 12.25 12.20 12.17 12.14 12.12 12.11 12.10 12.10 12.10 12.10 12.10 12.10 12.10 12.09 12.08 12.06 12.05 12.02 12.00 11.97 11.94 11.91 11.88 11.84 11.80 11.76 11.72 11.68 11.63 11.58 11.53 11.48 11.43 11.38 11.32 11.27 11.21 11.14 11.08 11.02 10.95 10.88 10.81 10.74 10.66 10.59 10.51 10.43 10.35 10.27 10.19 10.10 10.01 9.93 9.84 9.75 9.66 9.56 9.47 9.38 9.28 9.18 9.09 8.99 8.89 8.79 8.69 8.60
13.63 13.56 13.49 13.41 13.32 13.23 13.12 13.01 12.89 12.76 12.62 12.49 12.36 12.26 12.17 12.10 12.04 12.00 11.96 11.94 11.92 11.91 11.90 11.90 11.91 11.91 11.91 11.92 11.92 11.91 11.90 11.89 11.87 11.86 11.83 11.81 11.78 11.76 11.72 11.69 11.66 11.62 11.58 11.54 11.50 11.45 11.41 11.36 11.32 11.27 11.22 11.17 11.11 11.06 11.00 10.94 10.88 10.82 10.75 10.68 10.61 10.54 10.47 10.40 10.33 10.25 10.17 10.09 10.01 9.93 9.85 9.76 9.68 9.59 9.50 9.41 9.32 9.23 9.14 9.05 8.96 8.87 8.78 8.69
13.67 13.58 13.48 13.37 13.25 13.13 13.00 12.86 12.71 12.55 12.39 12.26 12.13 12.03 11.95 11.88 11.82 11.78 11.74 11.72 11.70 11.70 11.69 11.69 11.70 11.70 11.71 11.72 11.72 11.72 11.71 11.70 11.69 11.67 11.65 11.63 11.61 11.58 11.56 11.53 11.49 11.46 11.43 11.39 11.35 11.31 11.27 11.23 11.19 11.14 11.10 11.05 11.00 10.95 10.90 10.85 10.79 10.73 10.67 10.61 10.55 10.49 10.42 10.35 10.28 10.21 10.14 10.07 9.99 9.92 9.84 9.76 9.68 9.60 9.52 9.44 9.35 9.27 9.18 9.10 9.01 8.93 8.85 8.77
13.68 13.56 13.43 13.30 13.15 13.00 12.84 12.67 12.49 12.31 12.15 12.01 11.89 11.79 11.71 11.64 11.58 11.54 11.51 11.49 11.47 11.47 11.47 11.47 11.48 11.49 11.50 11.50 11.51 11.51 11.50 11.50 11.49 11.47 11.46 11.44 11.42 11.40 11.37 11.35 11.32 11.29 11.26 11.22 11.19 11.15 11.12 11.08 11.04 11.00 10.96 10.92 10.87 10.83 10.78 10.73 10.68 10.63 10.58 10.52 10.47 10.41 10.35 10.29 10.22 10.16 10.09 10.03 9.96 9.89 9.82 9.74 9.67 9.60 9.52 9.44 9.36 9.29 9.21 9.13 9.06 8.99 8.91 8.84
13.67 13.52 13.36 13.19 13.01 12.83 12.63 12.43 12.23 12.05 11.89 11.76 11.64 11.54 11.46 11.39 11.34 11.29 11.27 11.25 11.23 11.23 11.23 11.24 11.24 11.26 11.27 11.28 11.28 11.29 11.28 11.28 11.27 11.26 11.25 11.23 11.21 11.20 11.17 11.15 11.13 11.10 11.07 11.04 11.01 10.98 10.94 10.91 10.87 10.84 10.80 10.77 10.73 10.69 10.65 10.61 10.56 10.52 10.47 10.42 10.37 10.32 10.26 10.21 10.15 10.09 10.03 9.97 9.91 9.84 9.78 9.71 9.64 9.58 9.51 9.43 9.36 9.29 9.22 9.16 9.09 9.03 8.97 8.91
