data_processed/recharge/precip/Precip_1991_08.asc
ncols        168
nrows        136
xllcorner    455000
yllcorner    2107000
cellsize     500
NODATA_value     -99999
[rows 0 to 32 of 136, columns 75 to 149 of 168]
26.68 26.11 25.62 25.22 24.90 24.67 24.53 24.49 24.56 24.72 25.00 25.38 25.88 26.50 27.23 28.09 29.07 30.10 31.17 32.28 33.42 34.59 35.80 37.04 38.31 39.61 40.94 42.30 43.69 45.11 46.55 48.02 49.51 51.03 52.57 54.13 55.69 57.24 58.80 60.35 61.90 63.43 64.96 66.48 67.99 69.49 70.97 72.43 73.88 75.31 76.71 78.10 79.46 80.80 82.11 83.39 84.64 85.86 87.05 88.20 89.32 90.36 91.24 91.96 92.50 92.87 93.07 93.08 92.91 92.56 92.02 91.30 90.38 89.28 87.98
27.88 27.27 26.76 26.32 25.97 25.72 25.56 25.50 25.54 25.69 25.94 26.31 26.79 27.40 28.12 28.97 29.94 30.96 32.02 33.11 34.24 35.40 36.59 37.81 39.07 40.35 41.66 43.01 44.37 45.77 47.19 48.63 50.10 51.59 53.10 54.61 56.12 57.64 59.14 60.65 62.15 63.64 65.13 66.60 68.07 69.52 70.95 72.37 73.78 75.16 76.53 77.87 79.19 80.48 81.75 82.99 84.20 85.38 86.52 87.64 88.71 89.75 90.71 91.52 92.15 92.60 92.88 92.97 92.89 92.61 92.16 91.51 90.67 89.64 88.42
29.10 28.47 27.92 27.46 27.08 26.80 26.62 26.53 26.55 26.68 26.91 27.26 27.73 28.32 29.03 29.87 30.82 31.83 32.88 33.96 35.07 36.21 37.39 38.59 39.83 41.09 42.38 43.70 45.05 46.42 47.81 49.23 50.67 52.13 53.60 55.06 56.53 58.00 59.46 60.92 62.38 63.83 65.27 66.70 68.12 69.53 70.92 72.30 73.66 75.00 76.33 77.63 78.90 80.16 81.38 82.58 83.75 84.89 86.00 87.07 88.11 89.11 90.07 90.95 91.68 92.22 92.59 92.77 92.77 92.58 92.21 91.65 90.89 89.94 88.79
30.37 29.70 29.12 28.62 28.22 27.91 27.70 27.59 27.58 27.69 27.90 28.23 28.68 29.25 29.95 30.77 31.71 32.71 33.74 34.80 35.90 37.03 38.18 39.37 40.58 41.83 43.10 44.39 45.71 47.06 48.43 49.82 51.23 52.64 54.06 55.48 56.91 58.33 59.75 61.17 62.58 63.99 65.39 66.78 68.16 69.53 70.88 72.22 73.54 74.84 76.12 77.38 78.62 79.83 81.02 82.18 83.31 84.41 85.48 86.52 87.52 88.48 89.41 90.29 91.09 91.73 92.19 92.47 92.56 92.47 92.18 91.70 91.03 90.17 89.11
31.65 30.97 30.35 29.83 29.39 29.05 28.81 28.67 28.64 28.72 28.91 29.22 29.65 30.20 30.88 31.69 32.62 33.60 34.61 35.66 36.74 37.84 38.98 40.14 41.34 42.56 43.80 45.07 46.37 47.69 49.03 50.38 51.75 53.12 54.50 55.88 57.26 58.64 60.02 61.40 62.77 64.14 65.50 66.85 68.19 69.51 70.83 72.12 73.40 74.67 75.91 77.13 78.33 79.51 80.66 81.78 82.87 83.94 84.97 85.97 86.93 87.86 88.75 89.60 90.41 91.13 91.69 92.07 92.26 92.26 92.07 91.68 91.11 90.33 89.36
32.92 32.25 31.62 31.06 30.59 30.22 29.95 29.78 29.72 29.77 29.94 30.23 30.63 31.17 31.83 32.62 33.53 34.49 35.49 36.52 37.57 38.66 39.78 40.92 42.09 43.28 44.50 45.75 47.01 48.30 49.61 50.93 52.25 53.58 54.92 56.26 57.60 58.94 60.28 61.62 62.95 64.28 65.60 66.91 68.21 69.49 70.77 72.03 73.27 74.50 75.70 76.89 78.05 79.19 80.30 81.39 82.45 83.48 84.47 85.44 86.37 87.26 88.12 88.93 89.71 90.44 91.09 91.57 91.86 91.96 91.87 91.58 91.10 90.42 89.54
34.17 33.51 32.89 32.32 31.82 31.41 31.11 30.91 30.82 30.85 30.99 31.25 31.63 32.14 32.78 33.56 34.45 35.40 36.37 37.38 38.42 39.48 40.57 41.69 42.83 44.00 45.19 46.41 47.65 48.90 50.17 51.45 52.73 54.02 55.32 56.62 57.92 59.22 60.52 61.82 63.12 64.41 65.69 66.96 68.22 69.47 70.71 71.94 73.14 74.33 75.50 76.65 77.78 78.88 79.96 81.01 82.04 83.03 84.00 84.93 85.82 86.68 87.51 88.29 89.03 89.74 90.39 90.96 91.36 91.57 91.58 91.40 91.02 90.44 89.66
35.39 34.75 34.15 33.59 33.07 32.63 32.30 32.07 31.95 31.94 32.06 32.29 32.65 33.14 33.75 34.51 35.38 36.31 37.26 38.25 39.26 40.30 41.37 42.46 43.57 44.71 45.88 47.06 48.27 49.48 50.71 51.95 53.20 54.45 55.71 56.97 58.23 59.50 60.76 62.02 63.28 64.53 65.78 67.02 68.24 69.46 70.66 71.85 73.02 74.18 75.31 76.43 77.52 78.59 79.64 80.66 81.65 82.61 83.54 84.44 85.30 86.13 86.92 87.68 88.39 89.06 89.69 90.27 90.76 91.08 91.20 91.13 90.86 90.39 89.71
36.57 35.95 35.37 34.83 34.33 33.88 33.51 33.25 33.10 33.06 33.14 33.35 33.68 34.14 34.74 35.46 36.32 37.22 38.15 39.12 40.10 41.12 42.16 43.22 44.31 45.42 46.55 47.70 48.87 50.05 51.24 52.44 53.65 54.87 56.09 57.31 58.54 59.77 61.00 62.22 63.44 64.66 65.87 67.08 68.27 69.45 70.62 71.77 72.91 74.03 75.14 76.22 77.28 78.32 79.33 80.32 81.28 82.21 83.11 83.98 84.81 85.61 86.37 87.10 87.78 88.42 89.02 89.58 90.08 90.50 90.74 90.78 90.62 90.26 89.69
37.72 37.11 36.55 36.03 35.56 35.12 34.74 34.45 34.26 34.19 34.25 34.42 34.73 35.16 35.73 36.43 37.26 38.14 39.05 39.99 40.95 41.94 42.95 43.98 45.04 46.12 47.21 48.33 49.46 50.60 51.76 52.92 54.10 55.28 56.46 57.65 58.85 60.04 61.23 62.43 63.61 64.80 65.98 67.14 68.30 69.45 70.59 71.71 72.82 73.91 74.98 76.03 77.06 78.07 79.06 80.01 80.94 81.84 82.71 83.55 84.36 85.13 85.86 86.55 87.21 87.83 88.40 88.93 89.41 89.84 90.18 90.34 90.30 90.05 89.60
38.82 38.23 37.69 37.19 36.74 36.33 35.97 35.67 35.45 35.35 35.37 35.51 35.78 36.19 36.73 37.41 38.21 39.07 39.95 40.86 41.79 42.75 43.73 44.74 45.76 46.81 47.87 48.95 50.04 51.15 52.27 53.40 54.54 55.69 56.84 58.00 59.16 60.32 61.48 62.64 63.79 64.95 66.09 67.23 68.36 69.47 70.58 71.67 72.75 73.81 74.85 75.87 76.88 77.85 78.81 79.74 80.64 81.51 82.35 83.16 83.94 84.68 85.39 86.06 86.69 87.28 87.82 88.32 88.78 89.19 89.55 89.81 89.89 89.77 89.44
39.87 39.30 38.78 38.31 37.88 37.50 37.17 36.88 36.65 36.52 36.50 36.61 36.86 37.23 37.74 38.39 39.17 40.00 40.86 41.74 42.64 43.57 44.51 45.48 46.48 47.49 48.52 49.56 50.62 51.70 52.78 53.88 54.99 56.10 57.22 58.35 59.47 60.60 61.73 62.86 63.99 65.11 66.22 67.33 68.43 69.52 70.59 71.66 72.70 73.74 74.75 75.74 76.72 77.67 78.59 79.50 80.37 81.22 82.03 82.82 83.57 84.28 84.96 85.61 86.21 86.78 87.30 87.78 88.21 88.60 88.93 89.22 89.41 89.41 89.21
40.86 40.32 39.82 39.37 38.96 38.61 38.31 38.05 37.85 37.70 37.66 37.73 37.94 38.28 38.76 39.39 40.14 40.94 41.76 42.61 43.48 44.38 45.29 46.23 47.19 48.16 49.16 50.17 51.20 52.25 53.30 54.37 55.44 56.52 57.61 58.71 59.80 60.90 62.00 63.10 64.20 65.29 66.38 67.46 68.53 69.59 70.63 71.67 72.69 73.69 74.68 75.65 76.59 77.52 78.42 79.30 80.14 80.96 81.76 82.51 83.24 83.93 84.59 85.21 85.79 86.33 86.83 87.29 87.70 88.06 88.38 88.64 88.86 88.97 88.90
41.79 41.27 40.79 40.37 39.99 39.66 39.39 39.16 38.99 38.88 38.82 38.86 39.04 39.34 39.79 40.39 41.11 41.88 42.67 43.49 44.33 45.19 46.07 46.97 47.90 48.84 49.81 50.79 51.79 52.80 53.82 54.86 55.91 56.96 58.02 59.08 60.15 61.22 62.29 63.37 64.43 65.50 66.56 67.61 68.65 69.68 70.71 71.72 72.71 73.69 74.65 75.59 76.51 77.41 78.29 79.14 79.97 80.76 81.53 82.27 82.97 83.64 84.27 84.87 85.43 85.95 86.42 86.86 87.25 87.59 87.89 88.13 88.33 88.47 88.51
42.66 42.15 41.70 41.30 40.95 40.65 40.41 40.21 40.08 40.00 39.97 40.00 40.14 40.42 40.83 41.39 42.08 42.82 43.58 44.36 45.17 45.99 46.84 47.72 48.61 49.53 50.46 51.42 52.38 53.37 54.36 55.37 56.39 57.41 58.44 59.48 60.52 61.57 62.61 63.65 64.70 65.73 66.77 67.79 68.81 69.82 70.82 71.80 72.77 73.72 74.66 75.58 76.48 77.35 78.21 79.04 79.84 80.61 81.36 82.07 82.75 83.40 84.01 84.59 85.13 85.63 86.08 86.50 86.87 87.19 87.47 87.70 87.87 88.00 88.07
43.44 42.96 42.53 42.16 41.84 41.57 41.36 41.20 41.09 41.05 41.06 41.13 41.26 41.50 41.88 42.40 43.06 43.76 44.49 45.24 46.01 46.80 47.62 48.47 49.34 50.22 51.13 52.05 52.99 53.95 54.92 55.90 56.89 57.89 58.89 59.90 60.92 61.94 62.96 63.97 64.99 66.00 67.01 68.01 69.01 69.99 70.96 71.93 72.87 73.80 74.72 75.61 76.49 77.35 78.18 78.98 79.76 80.52 81.24 81.94 82.60 83.23 83.82 84.38 84.90 85.38 85.81 86.21 86.56 86.87 87.13 87.34 87.50 87.60 87.66
44.15 43.69 43.29 42.94 42.65 42.41 42.23 42.10 42.04 42.03 42.08 42.18 42.35 42.58 42.93 43.42 44.04 44.71 45.40 46.11 46.85 47.62 48.42 49.23 50.07 50.93 51.81 52.71 53.62 54.55 55.50 56.45 57.41 58.39 59.37 60.35 61.34 62.34 63.33 64.33 65.32 66.31 67.30 68.28 69.25 70.21 71.16 72.10 73.02 73.93 74.83 75.70 76.56 77.39 78.20 78.99 79.75 80.49 81.19 81.87 82.51 83.12 83.70 84.23 84.74 85.20 85.62 86.00 86.33 86.62 86.86 87.06 87.20 87.30 87.34
44.77 44.34 43.96 43.64 43.38 43.17 43.02 42.93 42.90 42.93 43.02 43.16 43.37 43.64 43.99 44.44 45.03 45.66 46.31 47.00 47.71 48.46 49.22 50.01 50.83 51.66 52.52 53.39 54.28 55.18 56.10 57.03 57.97 58.92 59.88 60.84 61.81 62.78 63.75 64.72 65.69 66.66 67.62 68.58 69.53 70.47 71.40 72.32 73.23 74.12 74.99 75.85 76.68 77.50 78.29 79.06 79.80 80.52 81.21 81.87 82.49 83.09 83.64 84.17 84.65 85.10 85.50 85.86 86.18 86.46 86.69 86.87 87.00 87.08 87.10
45.30 44.89 44.54 44.25 44.02 43.84 43.73 43.67 43.68 43.75 43.87 44.06 44.32 44.63 45.01 45.46 46.01 46.61 47.24 47.90 48.59 49.31 50.05 50.81 51.60 52.41 53.24 54.09 54.96 55.84 56.73 57.64 58.56 59.49 60.42 61.36 62.31 63.26 64.21 65.16 66.11 67.06 68.00 68.94 69.87 70.79 71.70 72.60 73.49 74.36 75.22 76.06 76.87 77.67 78.45 79.20 79.93 80.63 81.30 81.94 82.55 83.13 83.67 84.18 84.65 85.08 85.47 85.82 86.12 86.38 86.60 86.77 86.88 86.95 86.96
45.74 45.36 45.04 44.78 44.58 44.44 44.36 44.34 44.38 44.49 44.65 44.89 45.18 45.54 45.97 46.46 47.00 47.57 48.17 48.81 49.47 50.17 50.88 51.63 52.39 53.18 53.99 54.81 55.66 56.52 57.39 58.28 59.17 60.08 60.99 61.91 62.84 63.77 64.70 65.63 66.57 67.49 68.42 69.34 70.25 71.15 72.05 72.93 73.80 74.66 75.49 76.32 77.12 77.90 78.66 79.40 80.11 80.79 81.45 82.08 82.67 83.23 83.76 84.26 84.71 85.13 85.51 85.85 86.14 86.39 86.59 86.75 86.85 86.91 86.91
46.18 45.83 45.53 45.30 45.13 45.02 44.98 44.99 45.07 45.22 45.43 45.70 46.04 46.45 46.92 47.43 47.93 48.47 49.05 49.66 50.30 50.97 51.67 52.39 53.13 53.90 54.68 55.49 56.31 57.15 58.00 58.87 59.74 60.63 61.52 62.43 63.33 64.24 65.16 66.07 66.98 67.89 68.80 69.70 70.60 71.49 72.36 73.23 74.08 74.92 75.74 76.55 77.34 78.10 78.85 79.57 80.27 80.94 81.58 82.19 82.78 83.33 83.84 84.33 84.77 85.18 85.54 85.87 86.15 86.39 86.58 86.72 86.82 86.86 86.86
46.65 46.32 46.06 45.86 45.72 45.64 45.63 45.68 45.80 45.98 46.23 46.55 46.93 47.38 47.87 48.33 48.79 49.28 49.83 50.42 51.04 51.69 52.36 53.06 53.78 54.53 55.29 56.08 56.88 57.70 58.53 59.38 60.23 61.10 61.98 62.86 63.75 64.64 65.54 66.43 67.33 68.22 69.11 70.00 70.88 71.75 72.61 73.46 74.30 75.12 75.93 76.72 77.50 78.25 78.98 79.69 80.37 81.03 81.66 82.26 82.83 83.37 83.87 84.34 84.77 85.17 85.52 85.84 86.11 86.34 86.52 86.65 86.74 86.78 86.76
47.15 46.85 46.61 46.44 46.33 46.28 46.31 46.39 46.55 46.77 47.06 47.42 47.84 48.30 48.75 49.17 49.58 50.03 50.54 51.09 51.69 52.32 52.97 53.65 54.35 55.08 55.82 56.59 57.37 58.17 58.98 59.81 60.65 61.50 62.36 63.22 64.10 64.97 65.85 66.73 67.61 68.49 69.36 70.23 71.09 71.95 72.80 73.63 74.45 75.26 76.06 76.84 77.60 78.33 79.05 79.75 80.42 81.06 81.68 82.27 82.83 83.36 83.85 84.31 84.73 85.12 85.46 85.77 86.03 86.25 86.42 86.54 86.62 86.65 86.62
47.68 47.41 47.20 47.05 46.97 46.96 47.01 47.13 47.33 47.58 47.91 48.31 48.75 49.17 49.57 49.94 50.31 50.72 51.18 51.69 52.26 52.87 53.50 54.16 54.84 55.55 56.27 57.02 57.79 58.57 59.36 60.17 60.99 61.83 62.67 63.52 64.37 65.23 66.09 66.96 67.82 68.68 69.54 70.40 71.25 72.09 72.92 73.74 74.55 75.35 76.13 76.89 77.64 78.37 79.07 79.76 80.42 81.05 81.66 82.23 82.78 83.30 83.78 84.23 84.64 85.02 85.35 85.65 85.90 86.11 86.28 86.39 86.46 86.48 86.45
48.24 47.99 47.81 47.69 47.64 47.66 47.74 47.90 48.13 48.42 48.79 49.20 49.59 49.96 50.32 50.65 50.98 51.34 51.76 52.23 52.76 53.34 53.95 54.59 55.25 55.94 56.65 57.38 58.13 58.89 59.67 60.46 61.27 62.08 62.91 63.74 64.58 65.42 66.27 67.12 67.97 68.82 69.66 70.50 71.34 72.17 72.99 73.79 74.59 75.38 76.14 76.90 77.63 78.35 79.04 79.71 80.36 80.99 81.58 82.15 82.69 83.20 83.67 84.11 84.51 84.88 85.21 85.49 85.74 85.94 86.10 86.21 86.27 86.28 86.25
48.83 48.60 48.44 48.35 48.33 48.38 48.50 48.69 48.95 49.29 49.66 50.02 50.37 50.70 51.00 51.30 51.58 51.91 52.29 52.72 53.20 53.74 54.33 54.95 55.59 56.26 56.96 57.67 58.40 59.14 59.91 60.68 61.47 62.27 63.08 63.90 64.73 65.56 66.39 67.22 68.06 68.89 69.73 70.55 71.38 72.19 73.00 73.79 74.58 75.35 76.11 76.85 77.57 78.28 78.96 79.63 80.26 80.88 81.46 82.02 82.55 83.05 83.52 83.95 84.34 84.70 85.02 85.30 85.54 85.74 85.89 85.99 86.05 86.06 86.03
49.44 49.24 49.11 49.04 49.05 49.13 49.28 49.51 49.80 50.14 50.47 50.78 51.08 51.36 51.63 51.88 52.13 52.41 52.76 53.15 53.60 54.09 54.64 55.23 55.86 56.52 57.19 57.89 58.60 59.33 60.08 60.84 61.62 62.40 63.20 64.00 64.81 65.63 66.45 67.27 68.09 68.91 69.73 70.55 71.36 72.16 72.96 73.74 74.52 75.28 76.03 76.76 77.47 78.17 78.84 79.49 80.12 80.73 81.31 81.86 82.38 82.87 83.33 83.75 84.14 84.49 84.80 85.08 85.31 85.50 85.64 85.74 85.80 85.81 85.80
50.08 49.90 49.79 49.76 49.79 49.90 50.09 50.34 50.64 50.93 51.21 51.48 51.73 51.97 52.19 52.40 52.62 52.87 53.17 53.53 53.94 54.40 54.90 55.46 56.07 56.70 57.36 58.04 58.74 59.46 60.19 60.94 61.70 62.47 63.25 64.04 64.84 65.64 66.45 67.26 68.07 68.88 69.69 70.49 71.29 72.08 72.87 73.64 74.41 75.16 75.90 76.62 77.32 78.01 78.67 79.32 79.94 80.54 81.11 81.65 82.16 82.65 83.10 83.52 83.90 84.24 84.55 84.82 85.05 85.23 85.37 85.47 85.53 85.56 85.56
50.74 50.58 50.50 50.49 50.56 50.69 50.91 51.16 51.42 51.66 51.89 52.11 52.31 52.51 52.70 52.87 53.05 53.27 53.54 53.86 54.23 54.65 55.13 55.65 56.21 56.82 57.47 58.14 58.82 59.52 60.24 60.98 61.72 62.48 63.25 64.03 64.81 65.61 66.40 67.20 68.00 68.80 69.59 70.39 71.18 71.96 72.73 73.50 74.25 75.00 75.73 76.44 77.13 77.81 78.47 79.11 79.72 80.31 80.88 81.41 81.92 82.40 82.84 83.25 83.63 83.97 84.27 84.54 84.76 84.94 85.08 85.18 85.26 85.31 85.32
51.42 51.29 51.23 51.25 51.34 51.51 51.72 51.93 52.13 52.32 52.50 52.68 52.84 53.00 53.15 53.29 53.43 53.62 53.85 54.14 54.48 54.87 55.30 55.79 56.32 56.90 57.52 58.17 58.84 59.53 60.24 60.96 61.69 62.44 63.20 63.96 64.74 65.52 66.30 67.09 67.88 68.67 69.45 70.24 71.02 71.79 72.56 73.31 74.06 74.79 75.51 76.22 76.91 77.58 78.23 78.86 79.47 80.05 80.61 81.14 81.64 82.11 82.55 82.96 83.33 83.67 83.97 84.23 84.45 84.63 84.77 84.89 84.98 85.05 85.08
52.13 52.01 51.98 52.02 52.14 52.30 52.47 52.63 52.78 52.92 53.06 53.18 53.31 53.43 53.54 53.65 53.76 53.92 54.12 54.38 54.68 55.04 55.44 55.89 56.39 56.93 57.52 58.15 58.81 59.48 60.18 60.89 61.61 62.35 63.09 63.85 64.61 65.38 66.16 66.93 67.71 68.49 69.27 70.05 70.82 71.58 72.34 73.09 73.83 74.55 75.27 75.97 76.65 77.31 77.96 78.58 79.19 79.76 80.32 80.84 81.34 81.81 82.24 82.65 83.01 83.35 83.64 83.90 84.12 84.31 84.47 84.60 84.71 84.78 84.83
52.85 52.76 52.75 52.81 52.93 53.05 53.16 53.26 53.36 53.46 53.55 53.64 53.72 53.80 53.88 53.96 54.04 54.17 54.35 54.57 54.85 55.17 55.54 55.96 56.42 56.93 57.49 58.08 58.72 59.39 60.07 60.77 61.48 62.21 62.94 63.69 64.44 65.20 65.97 66.74 67.51 68.28 69.05 69.82 70.58 71.34 72.09 72.83 73.56 74.28 74.99 75.68 76.36 77.02 77.66 78.28 78.87 79.45 80.00 80.52 81.01 81.47 81.91 82.31 82.67 83.00 83.30 83.55 83.78 83.98 84.16 84.31 84.43 84.52 84.57
53.59 53.52 53.53 53.59 53.66 53.72 53.78 53.83 53.89 53.94 53.98 54.03 54.08 54.12 54.17 54.22 54.28 54.38 54.53 54.72 54.97 55.26 55.61 55.99 56.43 56.90 57.42 57.99 58.59 59.24 59.91 60.60 61.30 62.02 62.75 63.48 64.23 64.98 65.74 66.50 67.26 68.02 68.79 69.55 70.30 71.06 71.80 72.54 73.26 73.98 74.68 75.37 76.04 76.69 77.33 77.94 78.54 79.11 79.65 80.17 80.66 81.12 81.55 81.95 82.31 82.64 82.94 83.20 83.44 83.66 83.85 84.01 84.15 84.25 84.32
