data_processed/recharge/precip/Precip_1991_05.asc
ncols        168
nrows        136
xllcorner    455000
yllcorner    2107000
cellsize     500
NODATA_value     -99999
[rows 99 to 131 of 136, columns 0 to 73 of 168]
97.79 97.00 96.04 94.92 93.66 92.24 90.70 89.02 87.22 85.30 83.27 81.12 78.81 76.36 73.77 71.05 68.21 65.27 62.23 59.10 55.89 52.62 49.28 45.90 42.49 39.04 35.58 32.11 28.65 25.33 22.31 19.61 17.22 15.14 13.37 11.91 10.75 9.89 9.32 9.05 9.08 9.39 9.99 10.88 12.05 13.50 15.21 17.06 18.94 20.83 22.72 24.62 26.51 28.40 30.29 32.16 34.02 35.86 37.68 39.48 41.25 42.99 44.70 46.37 48.01 49.60 51.14 52.63 54.07 55.46 56.78 58.05 59.25 60.37
99.51 98.77 97.87 96.80 95.57 94.19 92.67 91.01 89.22 87.31 85.26 83.05 80.67 78.15 75.48 72.68 69.76 66.73 63.60 60.38 57.07 53.70 50.27 46.78 43.26 39.71 36.13 32.55 28.97 25.52 22.38 19.54 17.01 14.79 12.87 11.25 9.93 8.91 8.17 7.73 7.58 7.70 8.12 8.81 9.78 11.02 12.53 14.30 16.20 18.13 20.06 21.99 23.92 25.85 27.76 29.67 31.56 33.43 35.28 37.10 38.90 40.67 42.40 44.09 45.74 47.35 48.91 50.42 51.88 53.28 54.61 55.89 57.10 58.24
101.08 100.41 99.56 98.55 97.36 96.02 94.53 92.90 91.13 89.21 87.11 84.84 82.41 79.82 77.08 74.21 71.22 68.11 64.90 61.60 58.21 54.75 51.22 47.64 44.02 40.37 36.69 33.00 29.31 25.75 22.49 19.53 16.87 14.51 12.45 10.69 9.22 8.04 7.15 6.54 6.21 6.17 6.40 6.90 7.68 8.73 10.04 11.61 13.44 15.39 17.36 19.33 21.30 23.26 25.21 27.15 29.07 30.97 32.85 34.70 36.53 38.32 40.08 41.79 43.47 45.10 46.68 48.21 49.68 51.09 52.45 53.74 54.96 56.10
102.51 101.91 101.13 100.16 99.03 97.74 96.29 94.69 92.92 90.96 88.82 86.50 84.01 81.37 78.57 75.64 72.59 69.41 66.13 62.75 59.29 55.75 52.14 48.48 44.77 41.02 37.25 33.46 29.68 26.01 22.64 19.56 16.79 14.31 12.12 10.22 8.61 7.28 6.24 5.47 4.99 4.78 4.83 5.16 5.76 6.62 7.74 9.12 10.75 12.63 14.63 16.64 18.64 20.64 22.63 24.60 26.56 28.50 30.41 32.29 34.14 35.96 37.75 39.49 41.19 42.84 44.44 45.99 47.49 48.92 50.29 51.60 52.83 53.99
103.78 103.26 102.55 101.65 100.57 99.33 97.92 96.34 94.55 92.56 90.38 88.02 85.49 82.80 79.96 76.98 73.86 70.63 67.29 63.85 60.32 56.71 53.03 49.29 45.50 41.67 37.82 33.94 30.06 26.31 22.83 19.65 16.77 14.17 11.86 9.84 8.09 6.63 5.45 4.54 3.90 3.53 3.43 3.59 4.01 4.70 5.63 6.83 8.27 9.96 11.88 13.92 15.97 18.01 20.04 22.05 24.04 26.01 27.96 29.87 31.76 33.61 35.42 37.19 38.92 40.60 42.22 43.80 45.31 46.77 48.16 49.48 50.72 51.89
104.90 104.46 103.82 102.99 101.98 100.79 99.41 97.82 96.01 94.00 91.79 89.40 86.84 84.11 81.23 78.20 75.05 71.77 68.38 64.88 61.29 57.62 53.88 50.07 46.22 42.32 38.39 34.43 30.47 26.63 23.06 19.79 16.80 14.10 11.68 9.54 7.68 6.09 4.77 3.73 2.95 2.43 2.18 2.18 2.44 2.95 3.72 4.73 5.99 7.50 9.24 11.21 13.28 15.37 17.43 19.49 21.52 23.53 25.51 27.46 29.38 31.26 33.11 34.91 36.66 38.37 40.02 41.62 43.16 44.64 46.05 47.38 48.64 49.81
105.85 105.50 104.94 104.19 103.25 102.10 100.72 99.12 97.30 95.27 93.05 90.64 88.05 85.29 82.38 79.33 76.14 72.82 69.38 65.85 62.21 58.49 54.69 50.83 46.91 42.95 38.95 34.93 30.90 26.98 23.34 19.98 16.90 14.10 11.58 9.33 7.36 5.65 4.21 3.04 2.13 1.47 1.08 0.93 1.04 1.40 2.00 2.84 3.93 5.25 6.81 8.60 10.61 12.72 14.84 16.93 19.00 21.05 23.07 25.06 27.02 28.94 30.81 32.65 34.43 36.17 37.85 39.48 41.04 42.54 43.97 45.31 46.57 47.76
106.63 106.37 105.91 105.23 104.34 103.21 101.84 100.24 98.41 96.38 94.15 91.73 89.13 86.36 83.43 80.35 77.13 73.78 70.32 66.74 63.07 59.31 55.47 51.56 47.59 43.57 39.52 35.44 31.35 27.36 23.64 20.21 17.05 14.16 11.55 9.21 7.13 5.32 3.77 2.47 1.44 0.66 0.13 0.00 0.00 0.01 0.46 1.15 2.07 3.22 4.61 6.22 8.06 10.10 12.25 14.39 16.50 18.59 20.66 22.68 24.68 26.63 28.55 30.42 32.24 34.01 35.72 37.38 38.97 40.48 41.91 43.26 44.53 45.73
107.24 107.08 106.71 106.10 105.24 104.12 102.76 101.17 99.36 97.33 95.10 92.67 90.07 87.29 84.35 81.26 78.02 74.66 71.17 67.57 63.87 60.07 56.20 52.25 48.24 44.18 40.08 35.95 31.81 27.77 23.99 20.48 17.25 14.29 11.59 9.16 6.99 5.08 3.43 2.03 0.88 0.00 0.00 0.00 0.00 0.00 0.00 0.00 0.42 1.41 2.63 4.07 5.73 7.61 9.69 11.86 14.03 16.16 18.27 20.34 22.37 24.37 26.32 28.23 30.08 31.89 33.63 35.32 36.93 38.45 39.89 41.25 42.52 43.72
107.67 107.61 107.32 106.75 105.92 104.83 103.49 101.92 100.12 98.11 95.89 93.47 90.87 88.10 85.16 82.06 78.82 75.44 71.94 68.32 64.60 60.79 56.89 52.91 48.87 44.78 40.64 36.47 32.28 28.19 24.36 20.80 17.51 14.48 11.71 9.20 6.95 4.95 3.20 1.70 0.45 0.00 0.00 0.00 0.00 0.00 0.00 0.00 0.00 0.00 0.88 2.16 3.65 5.36 7.28 9.39 11.58 13.77 15.92 18.03 20.11 22.15 24.14 26.09 27.98 29.82 31.60 33.30 34.92 36.45 37.89 39.26 40.54 41.75
107.91 107.95 107.70 107.17 106.38 105.33 104.02 102.48 100.71 98.72 96.52 94.12 91.54 88.77 85.84 82.75 79.51 76.13 72.63 69.01 65.28 61.45 57.53 53.54 49.48 45.36 41.20 36.99 32.77 28.64 24.77 21.16 17.82 14.73 11.90 9.32 6.99 4.91 3.08 1.49 0.15 0.00 0.00 0.00 0.00 0.00 0.00 0.00 0.00 0.00 0.00 0.47 1.81 3.36 5.11 7.06 9.20 11.42 13.61 15.78 17.90 19.98 22.02 24.00 25.94 27.81 29.61 31.32 32.94 34.48 35.93 37.31 38.60 39.81
107.94 108.04 107.85 107.37 106.63 105.62 104.36 102.85 101.12 99.16 96.99 94.62 92.06 89.32 86.40 83.33 80.10 76.73 73.23 69.61 65.88 62.05 58.13 54.13 50.05 45.92 41.74 37.52 33.27 29.12 25.21 21.56 18.17 15.03 12.15 9.51 7.12 4.97 3.07 1.40 0.00 0.00 0.00 0.00 0.00 0.00 0.00 0.00 0.00 0.00 0.00 0.00 0.21 1.60 3.20 4.99 6.97 9.13 11.37 13.58 15.75 17.88 19.96 21.99 23.96 25.85 27.66 29.38 31.01 32.55 34.01 35.39 36.69 37.91
107.72 107.88 107.76 107.34 106.65 105.70 104.49 103.04 101.35 99.43 97.30 94.97 92.44 89.73 86.84 83.79 80.58 77.23 73.75 70.14 66.42 62.60 58.68 54.68 50.60 46.46 42.27 38.04 33.78 29.60 25.67 22.00 18.57 15.40 12.47 9.78 7.34 5.13 3.16 1.42 0.00 0.00 0.00 0.00 0.00 0.00 0.00 0.00 0.00 0.00 0.00 0.00 0.00 0.10 1.54 3.18 5.00 7.01 9.19 11.44 13.66 15.84 17.97 20.04 22.03 23.94 25.75 27.47 29.11 30.66 32.13 33.51 34.82 36.04
107.24 107.48 107.43 107.08 106.46 105.57 104.42 103.03 101.39 99.53 97.45 95.16 92.68 90.00 87.15 84.14 80.96 77.64 74.18 70.60 66.89 63.09 59.18 55.19 51.12 46.99 42.80 38.56 34.29 30.11 26.17 22.47 19.02 15.82 12.85 10.13 7.64 5.38 3.35 1.55 0.00 0.00 0.00 0.00 0.00 0.00 0.00 0.00 0.00 0.00 0.00 0.00 0.00 0.00 0.14 1.63 3.31 5.17 7.20 9.40 11.66 13.89 16.06 18.15 20.15 22.06 23.88 25.61 27.25 28.81 30.28 31.67 32.98 34.22
106.50 106.83 106.85 106.59 106.05 105.23 104.15 102.82 101.25 99.45 97.43 95.20 92.77 90.14 87.34 84.37 81.23 77.95 74.52 70.97 67.30 63.51 59.63 55.66 51.61 47.48 43.30 39.08 34.81 30.63 26.68 22.98 19.51 16.29 13.30 10.54 8.02 5.72 3.64 1.79 0.16 0.00 0.00 0.00 0.00 0.00 0.00 0.00 0.00 0.00 0.00 0.00 0.00 0.00 0.00 0.35 1.89 3.60 5.49 7.54 9.75 12.01 14.21 16.31 18.32 20.23 22.06 23.79 25.44 27.00 28.48 29.88 31.20 32.43
105.49 105.92 106.04 105.86 105.41 104.67 103.67 102.42 100.93 99.20 97.24 95.08 92.71 90.14 87.40 84.47 81.39 78.15 74.77 71.26 67.62 63.88 60.03 56.08 52.06 47.96 43.80 39.59 35.34 31.17 27.22 23.52 20.05 16.81 13.81 11.03 8.47 6.15 4.04 2.14 0.47 0.00 0.00 0.00 0.00 0.00 0.00 0.00 0.00 0.00 0.00 0.00 0.00 0.00 0.00 0.00 0.74 2.31 4.06 5.97 8.04 10.22 12.41 14.52 16.53 18.45 20.28 22.02 23.68 25.25 26.73 28.14 29.46 30.70
104.23 104.76 104.98 104.90 104.54 103.90 102.99 101.83 100.41 98.77 96.89 94.80 92.50 90.00 87.32 84.46 81.44 78.26 74.93 71.47 67.88 64.18 60.37 56.46 52.47 48.41 44.28 40.09 35.86 31.71 27.78 24.09 20.62 17.38 14.37 11.58 9.01 6.66 4.53 2.60 0.89 0.00 0.00 0.00 0.00 0.00 0.00 0.00 0.00 0.00 0.00 0.00 0.00 0.00 0.00 0.00 0.00 1.31 2.92 4.69 6.58 8.58 10.68 12.78 14.80 16.72 18.56 20.31 21.97 23.54 25.03 26.44 27.77 29.01
102.69 103.34 103.67 103.70 103.45 102.91 102.10 101.03 99.71 98.15 96.36 94.36 92.14 89.72 87.11 84.33 81.37 78.26 74.99 71.59 68.06 64.41 60.65 56.79 52.85 48.83 44.73 40.58 36.39 32.27 28.36 24.69 21.23 18.00 15.00 12.20 9.63 7.26 5.11 3.16 1.42 0.00 0.00 0.00 0.00 0.00 0.00 0.00 0.00 0.00 0.00 0.00 0.00 0.00 0.00 0.00 0.00 0.57 2.06 3.67 5.37 7.18 9.09 11.10 13.11 15.05 16.89 18.64 20.31 21.89 23.38 24.79 26.13 27.38
100.90 101.66 102.12 102.27 102.12 101.70 101.00 100.03 98.82 97.36 95.67 93.75 91.62 89.29 86.77 84.07 81.19 78.15 74.96 71.63 68.16 64.58 60.88 57.08 53.19 49.22 45.17 41.07 36.92 32.83 28.96 25.31 21.88 18.67 15.68 12.89 10.32 7.95 5.79 3.83 2.07 0.50 0.00 0.00 0.00 0.00 0.00 0.00 0.00 0.00 0.00 0.00 0.00 0.00 0.00 0.00 0.00 0.11 1.44 2.88 4.40 6.03 7.75 9.58 11.50 13.43 15.27 17.03 18.70 20.29 21.79 23.20 24.54 25.80
98.87 99.73 100.31 100.59 100.57 100.26 99.68 98.83 97.73 96.38 94.80 92.98 90.96 88.72 86.29 83.68 80.89 77.94 74.83 71.58 68.19 64.67 61.05 57.31 53.49 49.57 45.59 41.54 37.44 33.40 29.58 25.96 22.57 19.38 16.41 13.64 11.08 8.72 6.56 4.60 2.83 1.25 0.00 0.00 0.00 0.00 0.00 0.00 0.00 0.00 0.00 0.00 0.00 0.00 0.00 0.00 0.00 0.00 1.05 2.31 3.66 5.11 6.66 8.30 10.04 11.88 13.72 15.48 17.15 18.74 20.25 21.67 23.01 24.27
96.74 97.58 98.26 98.67 98.78 98.61 98.16 97.43 96.45 95.22 93.75 92.05 90.13 88.00 85.68 83.17 80.48 77.62 74.60 71.43 68.13 64.70 61.15 57.49 53.74 49.90 45.98 42.00 37.96 33.98 30.20 26.64 23.29 20.14 17.20 14.46 11.91 9.57 7.42 5.46 3.69 2.11 0.71 0.00 0.00 0.00 0.00 0.00 0.00 0.00 0.00 0.00 0.00 0.00 0.00 0.00 0.00 0.00 0.86 1.96 3.15 4.42 5.80 7.26 8.82 10.48 12.23 13.99 15.67 17.26 18.77 20.20 21.54 22.81
94.54 95.32 95.99 96.51 96.76 96.73 96.41 95.82 94.97 93.87 92.52 90.95 89.15 87.14 84.93 82.52 79.94 77.18 74.27 71.20 67.99 64.65 61.19 57.62 53.95 50.19 46.35 42.44 38.47 34.56 30.85 27.34 24.03 20.93 18.03 15.33 12.82 10.50 8.37 6.43 4.67 3.09 1.69 0.47 0.00 0.00 0.00 0.00 0.00 0.00 0.00 0.00 0.00 0.00 0.00 0.00 0.00 0.01 0.87 1.82 2.84 3.96 5.16 6.46 7.85 9.33 10.91 12.57 14.25 15.84 17.36 18.79 20.13 21.40
92.27 93.01 93.63 94.14 94.51 94.62 94.45 94.01 93.30 92.33 91.12 89.67 88.00 86.12 84.03 81.75 79.28 76.64 73.83 70.87 67.77 64.53 61.17 57.69 54.12 50.45 46.69 42.86 38.98 35.14 31.50 28.06 24.81 21.77 18.92 16.26 13.79 11.51 9.41 7.49 5.75 4.19 2.80 1.58 0.53 0.00 0.00 0.00 0.00 0.00 0.00 0.00 0.00 0.00 0.00 0.00 0.00 0.35 1.07 1.87 2.75 3.71 4.75 5.88 7.10 8.41 9.82 11.31 12.90 14.49 16.01 17.44 18.79 20.06
89.96 90.64 91.22 91.69 92.06 92.29 92.27 91.98 91.42 90.60 89.54 88.23 86.70 84.95 82.99 80.84 78.50 75.98 73.29 70.45 67.46 64.33 61.08 57.71 54.23 50.66 47.00 43.27 39.47 35.72 32.16 28.79 25.62 22.64 19.85 17.25 14.83 12.59 10.53 8.65 6.94 5.40 4.03 2.82 1.78 0.90 0.18 0.00 0.00 0.00 0.00 0.00 0.00 0.00 0.00 0.00 0.37 0.88 1.47 2.12 2.85 3.67 4.56 5.53 6.59 7.73 8.97 10.29 11.71 13.22 14.73 16.16 17.52 18.79
87.58 88.22 88.76 89.19 89.53 89.77 89.87 89.74 89.34 88.68 87.77 86.61 85.23 83.63 81.81 79.79 77.59 75.20 72.65 69.93 67.06 64.06 60.92 57.67 54.30 50.84 47.28 43.65 39.95 36.30 32.83 29.55 26.46 23.55 20.83 18.29 15.93 13.75 11.74 9.90 8.23 6.72 5.38 4.20 3.17 2.30 1.59 1.02 0.60 0.33 0.20 0.19 0.28 0.42 0.61 0.87 1.19 1.58 2.03 2.56 3.15 3.82 4.56 5.39 6.29 7.28 8.35 9.51 10.76 12.10 13.52 14.95 16.31 17.59
85.16 85.76 86.25 86.65 86.96 87.17 87.30 87.30 87.06 86.57 85.82 84.82 83.60 82.15 80.48 78.61 76.55 74.31 71.89 69.31 66.58 63.70 60.69 57.56 54.32 50.97 47.53 44.01 40.42 36.88 33.50 30.32 27.32 24.50 21.86 19.39 17.10 14.98 13.03 11.24 9.62 8.15 6.85 5.70 4.70 3.86 3.16 2.60 2.19 1.92 1.77 1.71 1.69 1.73 1.82 1.97 2.17 2.44 2.77 3.17 3.63 4.16 4.77 5.45 6.21 7.04 7.96 8.96 10.04 11.22 12.48 13.83 15.18 16.46
82.70 83.25 83.71 84.08 84.36 84.55 84.65 84.68 84.58 84.26 83.68 82.86 81.80 80.51 79.01 77.30 75.39 73.30 71.03 68.59 66.00 63.27 60.39 57.40 54.28 51.06 47.75 44.35 40.88 37.45 34.18 31.10 28.20 25.47 22.92 20.54 18.33 16.28 14.39 12.67 11.11 9.70 8.44 7.33 6.37 5.56 4.88 4.35 3.95 3.68 3.48 3.33 3.22 3.16 3.16 3.20 3.30 3.45 3.67 3.94 4.28 4.69 5.16 5.71 6.32 7.01 7.78 8.63 9.56 10.58 11.68 12.86 14.13 15.41
80.19 80.71 81.14 81.48 81.73 81.90 81.99 82.00 81.93 81.75 81.36 80.71 79.83 78.71 77.38 75.84 74.09 72.16 70.05 67.77 65.33 62.75 60.02 57.16 54.19 51.11 47.93 44.66 41.32 38.01 34.87 31.90 29.10 26.48 24.03 21.74 19.61 17.65 15.84 14.19 12.69 11.34 10.14 9.09 8.17 7.40 6.76 6.26 5.88 5.57 5.29 5.06 4.87 4.72 4.62 4.57 4.56 4.61 4.72 4.88 5.10 5.39 5.74 6.15 6.64 7.19 7.82 8.52 9.30 10.16 11.10 12.13 13.25 14.44
77.64 78.13 78.53 78.85 79.08 79.23 79.30 79.30 79.23 79.09 78.84 78.39 77.69 76.76 75.60 74.24 72.67 70.91 68.96 66.85 64.57 62.14 59.57 56.87 54.04 51.11 48.07 44.95 41.74 38.56 35.55 32.70 30.03 27.52 25.17 22.99 20.96 19.09 17.37 15.80 14.37 13.10 11.96 10.97 10.11 9.39 8.80 8.32 7.91 7.54 7.20 6.89 6.62 6.39 6.20 6.06 5.96 5.91 5.92 5.97 6.08 6.25 6.49 6.78 7.14 7.56 8.05 8.62 9.26 9.97 10.76 11.64 12.59 13.63
75.06 75.52 75.90 76.19 76.41 76.54 76.61 76.60 76.52 76.38 76.18 75.88 75.38 74.64 73.67 72.49 71.11 69.53 67.76 65.82 63.71 61.45 59.05 56.51 53.84 51.06 48.18 45.20 42.14 39.11 36.23 33.52 30.97 28.58 26.35 24.28 22.36 20.59 18.97 17.49 16.15 14.96 13.90 12.97 12.18 11.52 10.97 10.48 10.02 9.58 9.18 8.80 8.46 8.16 7.89 7.66 7.48 7.34 7.25 7.21 7.22 7.28 7.40 7.58 7.81 8.12 8.48 8.92 9.42 9.99 10.64 11.37 12.17 13.06
72.45 72.89 73.24 73.52 73.72 73.84 73.90 73.89 73.81 73.68 73.48 73.24 72.89 72.35 71.59 70.60 69.41 68.02 66.44 64.68 62.76 60.67 58.44 56.07 53.58 50.96 48.24 45.42 42.52 39.64 36.91 34.34 31.93 29.67 27.57 25.62 23.81 22.15 20.64 19.26 18.02 16.92 15.94 15.10 14.38 13.77 13.22 12.69 12.18 11.70 11.23 10.80 10.39 10.02 9.68 9.38 9.12 8.89 8.71 8.58 8.49 8.45 8.47 8.54 8.67 8.85 9.10 9.40 9.78 10.22 10.73 11.32 11.98 12.72
69.81 70.23 70.57 70.83 71.02 71.14 71.19 71.18 71.11 70.98 70.79 70.56 70.28 69.91 69.35 68.57 67.58 66.38 65.00 63.44 61.70 59.80 57.76 55.57 53.25 50.81 48.26 45.61 42.88 40.16 37.59 35.17 32.90 30.79 28.82 27.00 25.32 23.78 22.38 21.12 19.98 18.98 18.10 17.34 16.70 16.10 15.52 14.95 14.40 13.87 13.36 12.87 12.41 11.97 11.57 11.20 10.86 10.56 10.30 10.08 9.90 9.77 9.69 9.66 9.68 9.75 9.89 10.08 10.33 10.65 11.03 11.48 12.01 12.60
67.15 67.55 67.87 68.13 68.31 68.42 68.48 68.47 68.40 68.28 68.12 67.90 67.64 67.33 66.95 66.38 65.60 64.62 63.44 62.08 60.54 58.84 56.99 54.99 52.86 50.61 48.24 45.77 43.21 40.66 38.26 36.00 33.89 31.93 30.11 28.43 26.88 25.47 24.20 23.05 22.03 21.13 20.36 19.69 19.07 18.45 17.84 17.24 16.66 16.09 15.54 15.00 14.49 14.00 13.54 13.11 12.70 12.33 12.00 11.70 11.44 11.22 11.05 10.93 10.85 10.82 10.85 10.93 11.07 11.27 11.53 11.85 12.24 12.70
