data_processed/recharge/precip/Precip_2006_11.asc
ncols        168
nrows        136
xllcorner    455000
yllcorner    2107000
cellsize     500
NODATA_value     -99999
[rows 68 to 101 of 136, columns 77 to 153 of 168]
39.31 38.72 38.35 38.20 38.26 38.49 38.90 39.46 40.14 40.87 41.55 42.16 42.68 43.08 43.34 43.48 43.51 43.43 43.25 42.98 42.63 42.20 41.71 41.15 40.51 39.79 39.01 38.19 37.33 36.45 35.56 34.69 33.84 33.02 32.29 31.69 31.21 30.85 30.59 30.44 30.36 30.36 30.42 30.51 30.63 30.77 30.91 31.03 31.12 31.13 31.05 30.89 30.65 30.34 29.97 29.54 29.06 28.54 27.98 27.42 26.91 26.46 26.08 25.77 25.56 25.43 25.38 25.42 25.52 25.70 25.93 26.23 26.57 26.96 27.41 27.89 28.43
41.36 40.73 40.31 40.09 40.06 40.19 40.48 40.90 41.45 42.09 42.74 43.32 43.77 44.10 44.30 44.39 44.37 44.26 44.05 43.77 43.41 42.99 42.52 41.98 41.36 40.66 39.89 39.07 38.22 37.34 36.45 35.57 34.70 33.87 33.09 32.40 31.84 31.41 31.10 30.90 30.79 30.76 30.80 30.88 31.00 31.15 31.30 31.45 31.57 31.62 31.58 31.45 31.25 30.98 30.65 30.27 29.83 29.35 28.84 28.30 27.76 27.27 26.86 26.55 26.34 26.21 26.16 26.19 26.29 26.46 26.70 26.99 27.34 27.73 28.17 28.66 29.19
43.48 42.82 42.36 42.09 41.98 42.02 42.20 42.50 42.91 43.40 43.95 44.45 44.83 45.09 45.23 45.27 45.21 45.06 44.84 44.54 44.18 43.77 43.31 42.80 42.20 41.52 40.76 39.96 39.11 38.23 37.34 36.46 35.58 34.74 33.94 33.20 32.57 32.06 31.69 31.43 31.28 31.21 31.22 31.28 31.40 31.54 31.70 31.87 32.02 32.09 32.08 31.98 31.81 31.57 31.27 30.92 30.52 30.07 29.59 29.09 28.57 28.07 27.65 27.34 27.12 26.99 26.94 26.96 27.07 27.24 27.47 27.76 28.11 28.50 28.94 29.43 29.96
45.64 44.97 44.48 44.15 43.98 43.95 44.03 44.22 44.50 44.84 45.20 45.56 45.85 46.04 46.12 46.11 46.02 45.84 45.60 45.29 44.93 44.53 44.09 43.61 43.03 42.37 41.64 40.84 40.00 39.13 38.25 37.36 36.48 35.62 34.81 34.06 33.38 32.80 32.35 32.03 31.82 31.71 31.68 31.72 31.81 31.95 32.11 32.28 32.44 32.54 32.54 32.47 32.32 32.10 31.83 31.50 31.12 30.70 30.25 29.78 29.30 28.85 28.44 28.12 27.90 27.77 27.71 27.74 27.84 28.01 28.24 28.54 28.88 29.28 29.72 30.20 30.73
47.81 47.14 46.63 46.27 46.04 45.94 45.94 46.03 46.18 46.34 46.50 46.66 46.83 46.94 46.97 46.92 46.79 46.59 46.33 46.01 45.66 45.27 44.85 44.40 43.85 43.21 42.50 41.72 40.89 40.03 39.15 38.26 37.37 36.52 35.70 34.93 34.24 33.61 33.09 32.70 32.43 32.26 32.18 32.19 32.25 32.37 32.52 32.69 32.86 32.96 32.98 32.92 32.78 32.58 32.32 32.00 31.64 31.24 30.81 30.38 29.96 29.57 29.21 28.91 28.68 28.54 28.49 28.51 28.61 28.78 29.01 29.31 29.65 30.05 30.49 30.97 31.51
49.96 49.29 48.78 48.39 48.13 47.97 47.90 47.89 47.88 47.86 47.84 47.81 47.80 47.81 47.78 47.68 47.52 47.29 47.02 46.70 46.35 45.98 45.59 45.16 44.65 44.03 43.34 42.58 41.77 40.92 40.04 39.15 38.27 37.42 36.60 35.83 35.12 34.47 33.90 33.43 33.09 32.86 32.73 32.68 32.71 32.80 32.93 33.09 33.26 33.37 33.39 33.33 33.19 33.00 32.74 32.43 32.08 31.69 31.29 30.91 30.56 30.23 29.93 29.67 29.45 29.31 29.25 29.28 29.38 29.54 29.78 30.07 30.42 30.81 31.25 31.74 32.27
52.06 51.41 50.90 50.51 50.22 50.01 49.87 49.72 49.55 49.37 49.18 48.99 48.81 48.66 48.54 48.39 48.20 47.95 47.67 47.35 47.01 46.65 46.29 45.90 45.42 44.83 44.16 43.43 42.63 41.79 40.93 40.05 39.17 38.32 37.51 36.73 36.01 35.34 34.75 34.22 33.80 33.50 33.31 33.21 33.19 33.24 33.35 33.49 33.65 33.75 33.76 33.69 33.56 33.36 33.10 32.79 32.43 32.07 31.72 31.40 31.10 30.83 30.59 30.37 30.19 30.06 30.01 30.03 30.13 30.30 30.53 30.82 31.17 31.56 32.01 32.49 33.02
54.07 53.46 52.97 52.57 52.27 52.02 51.76 51.47 51.16 50.82 50.49 50.15 49.84 49.54 49.28 49.05 48.83 48.56 48.27 47.95 47.62 47.29 46.96 46.60 46.15 45.60 44.96 44.25 43.47 42.65 41.79 40.93 40.08 39.24 38.43 37.65 36.91 36.23 35.60 35.05 34.57 34.19 33.92 33.76 33.69 33.70 33.77 33.88 34.02 34.10 34.10 34.02 33.87 33.65 33.38 33.07 32.73 32.41 32.11 31.84 31.59 31.37 31.18 31.02 30.89 30.79 30.74 30.76 30.86 31.03 31.26 31.56 31.90 32.30 32.75 33.23 33.76
55.98 55.41 54.95 54.57 54.24 53.90 53.52 53.10 52.66 52.20 51.74 51.28 50.84 50.42 50.04 49.70 49.40 49.12 48.82 48.51 48.19 47.88 47.58 47.27 46.85 46.34 45.73 45.04 44.28 43.48 42.65 41.82 40.98 40.15 39.35 38.57 37.82 37.12 36.47 35.88 35.36 34.92 34.58 34.35 34.21 34.16 34.19 34.27 34.38 34.43 34.41 34.30 34.13 33.89 33.60 33.29 33.00 32.72 32.47 32.24 32.04 31.87 31.72 31.60 31.52 31.47 31.45 31.48 31.58 31.74 31.98 32.27 32.62 33.02 33.46 33.95 34.48
57.75 57.24 56.81 56.44 56.04 55.60 55.11 54.58 54.04 53.47 52.91 52.34 51.80 51.27 50.79 50.34 49.95 49.62 49.31 49.00 48.70 48.42 48.15 47.88 47.51 47.03 46.45 45.79 45.07 44.29 43.50 42.69 41.88 41.06 40.26 39.48 38.73 38.01 37.34 36.72 36.16 35.67 35.27 34.96 34.75 34.64 34.61 34.65 34.72 34.74 34.68 34.54 34.34 34.08 33.79 33.51 33.25 33.02 32.81 32.62 32.46 32.32 32.22 32.14 32.10 32.08 32.10 32.16 32.26 32.43 32.67 32.96 33.31 33.71 34.16 34.65 35.18
59.35 58.90 58.51 58.09 57.61 57.08 56.50 55.89 55.25 54.61 53.95 53.31 52.67 52.07 51.49 50.97 50.49 50.08 49.74 49.44 49.16 48.90 48.68 48.45 48.12 47.68 47.14 46.51 45.82 45.09 44.34 43.56 42.76 41.97 41.17 40.39 39.63 38.90 38.20 37.55 36.96 36.43 35.97 35.59 35.31 35.12 35.03 35.01 35.04 35.02 34.92 34.74 34.50 34.23 33.96 33.72 33.50 33.30 33.12 32.97 32.85 32.75 32.67 32.63 32.62 32.64 32.70 32.79 32.92 33.09 33.33 33.62 33.97 34.38 34.82 35.32 35.85
60.74 60.36 59.94 59.46 58.91 58.31 57.66 56.99 56.28 55.57 54.85 54.14 53.44 52.77 52.13 51.54 51.00 50.53 50.13 49.81 49.55 49.32 49.14 48.96 48.68 48.28 47.77 47.19 46.56 45.88 45.16 44.41 43.64 42.86 42.07 41.29 40.52 39.77 39.06 38.38 37.75 37.18 36.67 36.23 35.88 35.62 35.45 35.37 35.34 35.27 35.12 34.89 34.64 34.39 34.16 33.94 33.75 33.58 33.43 33.31 33.21 33.14 33.10 33.09 33.11 33.16 33.24 33.36 33.52 33.71 33.95 34.25 34.60 35.01 35.46 35.95 36.48
61.89 61.51 61.04 60.51 59.91 59.26 58.57 57.84 57.09 56.33 55.57 54.81 54.07 53.35 52.67 52.03 51.45 50.94 50.50 50.14 49.88 49.68 49.54 49.41 49.17 48.82 48.37 47.85 47.27 46.63 45.95 45.24 44.49 43.73 42.95 42.17 41.40 40.64 39.90 39.20 38.54 37.92 37.36 36.87 36.45 36.11 35.87 35.72 35.63 35.49 35.28 35.04 34.80 34.57 34.36 34.18 34.01 33.86 33.74 33.64 33.57 33.52 33.50 33.51 33.56 33.63 33.74 33.88 34.06 34.28 34.54 34.84 35.19 35.60 36.05 36.55 37.07
62.68 62.26 61.77 61.21 60.58 59.90 59.18 58.43 57.65 56.86 56.07 55.29 54.52 53.78 53.07 52.41 51.81 51.27 50.81 50.43 50.15 49.96 49.87 49.79 49.61 49.32 48.94 48.48 47.95 47.36 46.72 46.04 45.32 44.57 43.81 43.03 42.26 41.49 40.73 40.00 39.31 38.65 38.04 37.50 37.02 36.61 36.29 36.06 35.89 35.69 35.45 35.21 34.99 34.79 34.60 34.43 34.28 34.15 34.05 33.97 33.92 33.89 33.89 33.92 33.98 34.07 34.20 34.36 34.56 34.80 35.07 35.38 35.74 36.15 36.61 37.10 37.60
63.03 62.60 62.10 61.53 60.89 60.20 59.47 58.71 57.93 57.14 56.34 55.55 54.77 54.03 53.32 52.65 52.04 51.50 51.04 50.66 50.37 50.19 50.12 50.10 49.99 49.78 49.47 49.07 48.60 48.06 47.46 46.81 46.12 45.39 44.64 43.87 43.09 42.31 41.54 40.79 40.06 39.36 38.71 38.11 37.57 37.09 36.69 36.38 36.14 35.90 35.66 35.44 35.23 35.04 34.87 34.71 34.58 34.46 34.37 34.31 34.26 34.25 34.26 34.31 34.38 34.49 34.63 34.80 35.01 35.26 35.55 35.88 36.25 36.66 37.11 37.57 38.05
62.96 62.54 62.04 61.48 60.85 60.17 59.45 58.69 57.92 57.13 56.35 55.56 54.80 54.07 53.37 52.71 52.12 51.59 51.14 50.77 50.50 50.33 50.29 50.34 50.31 50.18 49.94 49.61 49.20 48.71 48.15 47.54 46.87 46.17 45.43 44.66 43.88 43.09 42.31 41.53 40.77 40.04 39.34 38.68 38.08 37.54 37.07 36.67 36.39 36.15 35.92 35.71 35.51 35.33 35.16 35.02 34.89 34.79 34.71 34.65 34.62 34.61 34.63 34.68 34.77 34.88 35.03 35.21 35.43 35.69 35.99 36.32 36.70 37.10 37.53 37.97 38.42
62.63 62.22 61.74 61.18 60.56 59.89 59.18 58.44 57.68 56.90 56.13 55.36 54.61 53.89 53.20 52.57 51.99 51.47 51.03 50.68 50.43 50.29 50.30 50.45 50.51 50.46 50.29 50.03 49.67 49.24 48.72 48.15 47.51 46.82 46.10 45.34 44.56 43.77 42.96 42.16 41.37 40.60 39.86 39.15 38.49 37.88 37.34 36.91 36.63 36.40 36.18 35.97 35.78 35.61 35.45 35.31 35.19 35.10 35.02 34.97 34.95 34.95 34.98 35.04 35.13 35.25 35.40 35.59 35.82 36.08 36.39 36.73 37.09 37.45 37.83 38.25 38.68
62.11 61.71 61.23 60.68 60.07 59.41 58.71 57.98 57.23 56.47 55.71 54.95 54.21 53.51 52.84 52.21 51.65 51.15 50.73 50.39 50.16 50.08 50.19 50.42 50.57 50.60 50.51 50.31 50.02 49.63 49.16 48.62 48.02 47.35 46.64 45.89 45.11 44.31 43.49 42.67 41.85 41.05 40.26 39.50 38.78 38.11 37.54 37.12 36.85 36.63 36.42 36.22 36.04 35.87 35.72 35.58 35.47 35.38 35.31 35.27 35.25 35.26 35.29 35.36 35.45 35.58 35.74 35.94 36.17 36.44 36.75 37.08 37.40 37.71 38.04 38.42 38.84
61.42 61.01 60.54 60.00 59.40 58.75 58.06 57.34 56.60 55.85 55.10 54.36 53.63 52.93 52.28 51.67 51.12 50.63 50.22 49.91 49.74 49.75 49.95 50.27 50.50 50.61 50.59 50.46 50.23 49.89 49.47 48.97 48.39 47.75 47.06 46.32 45.54 44.73 43.90 43.06 42.21 41.37 40.54 39.73 38.96 38.26 37.71 37.31 37.05 36.84 36.64 36.44 36.27 36.10 35.96 35.83 35.73 35.64 35.58 35.54 35.53 35.54 35.58 35.65 35.75 35.88 36.05 36.25 36.49 36.76 37.05 37.34 37.61 37.87 38.16 38.51 38.90
60.60 60.16 59.68 59.15 58.56 57.92 57.24 56.53 55.80 55.06 54.32 53.58 52.87 52.19 51.54 50.95 50.41 49.94 49.55 49.30 49.21 49.31 49.60 49.99 50.31 50.49 50.54 50.48 50.30 50.02 49.65 49.18 48.64 48.02 47.34 46.61 45.83 45.02 44.18 43.31 42.44 41.56 40.69 39.84 39.05 38.39 37.86 37.48 37.23 37.03 36.83 36.65 36.48 36.32 36.18 36.06 35.95 35.87 35.81 35.78 35.77 35.79 35.83 35.91 36.01 36.15 36.32 36.52 36.76 37.02 37.27 37.50 37.72 37.94 38.20 38.52 38.88
59.67 59.19 58.69 58.15 57.56 56.93 56.26 55.55 54.83 54.10 53.37 52.65 51.95 51.28 50.64 50.06 49.54 49.08 48.76 48.59 48.59 48.77 49.14 49.61 49.99 50.24 50.36 50.36 50.24 50.02 49.69 49.26 48.75 48.16 47.50 46.77 46.00 45.18 44.33 43.44 42.54 41.63 40.72 39.87 39.12 38.49 37.99 37.63 37.39 37.19 37.00 36.82 36.66 36.51 36.37 36.25 36.15 36.07 36.02 35.99 35.98 36.00 36.05 36.13 36.24 36.38 36.55 36.76 36.98 37.19 37.39 37.57 37.75 37.94 38.17 38.45 38.80
58.64 58.13 57.58 57.01 56.42 55.79 55.13 54.44 53.73 53.00 52.28 51.57 50.88 50.22 49.60 49.03 48.52 48.13 47.88 47.80 47.89 48.14 48.58 49.12 49.56 49.87 50.05 50.11 50.05 49.87 49.59 49.21 48.73 48.16 47.52 46.81 46.04 45.21 44.35 43.45 42.52 41.58 40.67 39.86 39.16 38.57 38.10 37.76 37.52 37.33 37.15 36.97 36.81 36.66 36.53 36.42 36.32 36.25 36.19 36.17 36.16 36.18 36.24 36.32 36.43 36.57 36.74 36.93 37.11 37.27 37.41 37.55 37.69 37.85 38.06 38.32 38.66
57.53 56.97 56.39 55.78 55.16 54.53 53.87 53.19 52.49 51.77 51.06 50.36 49.68 49.03 48.42 47.86 47.41 47.10 46.95 46.94 47.10 47.43 47.93 48.53 49.03 49.40 49.63 49.74 49.73 49.60 49.36 49.02 48.57 48.03 47.41 46.71 45.94 45.12 44.24 43.32 42.37 41.45 40.60 39.84 39.19 38.63 38.19 37.86 37.63 37.44 37.26 37.09 36.94 36.79 36.66 36.55 36.46 36.39 36.33 36.31 36.31 36.33 36.38 36.46 36.58 36.72 36.88 37.02 37.14 37.24 37.35 37.45 37.56 37.69 37.88 38.13 38.46
56.34 55.75 55.12 54.48 53.83 53.17 52.50 51.83 51.13 50.42 49.72 49.03 48.36 47.72 47.12 46.62 46.25 46.03 45.95 46.02 46.25 46.64 47.20 47.85 48.41 48.83 49.11 49.26 49.29 49.20 49.00 48.69 48.28 47.77 47.16 46.48 45.72 44.89 44.00 43.07 42.14 41.28 40.50 39.80 39.19 38.67 38.25 37.93 37.71 37.53 37.35 37.18 37.03 36.89 36.76 36.65 36.56 36.49 36.44 36.41 36.41 36.44 36.49 36.57 36.68 36.81 36.91 37.00 37.07 37.13 37.20 37.27 37.36 37.47 37.64 37.88 38.20
55.10 54.46 53.80 53.12 52.43 51.73 51.04 50.36 49.67 48.97 48.28 47.59 46.93 46.31 45.76 45.35 45.06 44.91 44.90 45.04 45.34 45.78 46.39 47.10 47.70 48.16 48.49 48.68 48.74 48.69 48.52 48.24 47.85 47.37 46.79 46.11 45.36 44.53 43.64 42.74 41.88 41.09 40.37 39.73 39.16 38.68 38.28 37.98 37.76 37.58 37.41 37.24 37.09 36.95 36.83 36.72 36.63 36.56 36.51 36.48 36.48 36.51 36.56 36.64 36.73 36.80 36.85 36.89 36.91 36.94 36.97 37.01 37.08 37.18 37.34 37.58 37.90
53.81 53.13 52.43 51.71 50.98 50.25 49.53 48.82 48.12 47.43 46.74 46.07 45.42 44.85 44.39 44.05 43.84 43.76 43.82 44.02 44.37 44.87 45.53 46.27 46.92 47.42 47.77 48.00 48.09 48.06 47.92 47.66 47.30 46.84 46.28 45.62 44.87 44.04 43.19 42.37 41.60 40.89 40.23 39.64 39.11 38.66 38.29 38.00 37.79 37.60 37.43 37.27 37.12 36.98 36.86 36.75 36.66 36.59 36.54 36.51 36.51 36.53 36.58 36.64 36.68 36.70 36.70 36.68 36.67 36.66 36.66 36.69 36.74 36.83 36.99 37.23 37.55
52.50 51.77 51.03 50.27 49.50 48.73 47.97 47.23 46.51 45.81 45.13 44.47 43.87 43.38 43.00 42.73 42.59 42.58 42.70 42.95 43.35 43.90 44.60 45.39 46.06 46.59 46.98 47.23 47.35 47.34 47.22 46.98 46.63 46.18 45.63 44.99 44.25 43.47 42.71 41.98 41.29 40.65 40.06 39.52 39.04 38.62 38.27 37.99 37.78 37.60 37.42 37.26 37.11 36.97 36.85 36.74 36.65 36.58 36.53 36.50 36.50 36.52 36.55 36.55 36.53 36.50 36.45 36.39 36.35 36.31 36.29 36.30 36.34 36.42 36.58 36.83 37.17
51.16 50.39 49.60 48.80 48.00 47.19 46.40 45.62 44.87 44.15 43.47 42.85 42.33 41.92 41.61 41.41 41.33 41.38 41.55 41.86 42.30 42.89 43.62 44.44 45.15 45.70 46.11 46.39 46.52 46.53 46.42 46.19 45.85 45.40 44.86 44.22 43.54 42.86 42.20 41.57 40.96 40.39 39.86 39.37 38.93 38.54 38.21 37.95 37.74 37.55 37.38 37.21 37.06 36.92 36.80 36.69 36.60 36.53 36.48 36.45 36.44 36.44 36.41 36.36 36.29 36.20 36.11 36.02 35.94 35.88 35.85 35.85 35.88 35.97 36.13 36.39 36.75
49.83 49.01 48.18 47.33 46.49 45.64 44.81 44.00 43.21 42.47 41.80 41.26 40.81 40.47 40.23 40.09 40.07 40.17 40.39 40.74 41.22 41.84 42.61 43.45 44.18 44.76 45.18 45.47 45.62 45.64 45.53 45.31 44.97 44.52 43.98 43.39 42.80 42.23 41.68 41.13 40.61 40.11 39.63 39.20 38.80 38.44 38.13 37.87 37.66 37.47 37.30 37.13 36.98 36.84 36.71 36.60 36.51 36.44 36.38 36.35 36.32 36.26 36.18 36.07 35.95 35.82 35.69 35.58 35.47 35.39 35.35 35.34 35.38 35.47 35.65 35.92 36.30
48.50 47.64 46.76 45.87 44.98 44.10 43.23 42.38 41.57 40.83 40.21 39.71 39.32 39.04 38.86 38.78 38.81 38.96 39.22 39.61 40.12 40.77 41.56 42.42 43.17 43.76 44.20 44.49 44.64 44.67 44.56 44.33 43.99 43.54 43.04 42.54 42.05 41.58 41.12 40.67 40.22 39.79 39.38 38.99 38.63 38.30 38.01 37.76 37.55 37.36 37.18 37.01 36.85 36.71 36.58 36.47 36.37 36.29 36.24 36.18 36.10 35.98 35.84 35.69 35.52 35.36 35.20 35.05 34.93 34.84 34.79 34.78 34.82 34.93 35.12 35.42 35.82
47.20 46.29 45.36 44.43 43.50 42.57 41.66 40.78 39.98 39.28 38.69 38.23 37.88 37.65 37.52 37.49 37.57 37.75 38.05 38.47 39.01 39.68 40.49 41.36 42.12 42.71 43.16 43.46 43.61 43.63 43.52 43.29 42.94 42.52 42.11 41.70 41.30 40.92 40.54 40.18 39.81 39.45 39.09 38.75 38.43 38.13 37.85 37.61 37.40 37.21 37.02 36.85 36.69 36.54 36.41 36.29 36.19 36.11 36.03 35.92 35.77 35.60 35.41 35.21 35.01 34.81 34.63 34.47 34.33 34.23 34.18 34.17 34.23 34.35 34.56 34.89 35.32
45.93 44.97 44.00 43.02 42.04 41.08 40.14 39.26 38.49 37.82 37.27 36.83 36.50 36.30 36.21 36.22 36.34 36.56 36.89 37.33 37.89 38.58 39.40 40.28 41.04 41.64 42.08 42.38 42.53 42.54 42.42 42.17 41.85 41.53 41.20 40.88 40.56 40.25 39.95 39.66 39.37 39.07 38.77 38.48 38.19 37.92 37.66 37.42 37.21 37.01 36.82 36.64 36.48 36.32 36.19 36.06 35.96 35.85 35.72 35.54 35.34 35.12 34.89 34.65 34.42 34.20 33.99 33.81 33.67 33.57 33.52 33.52 33.59 33.74 33.98 34.34 34.81
44.72 43.71 42.68 41.66 40.64 39.64 38.69 37.85 37.11 36.47 35.94 35.52 35.21 35.02 34.95 34.99 35.14 35.39 35.74 36.20 36.78 37.48 38.30 39.19 39.94 40.54 40.97 41.26 41.40 41.39 41.26 41.04 40.81 40.57 40.33 40.08 39.83 39.59 39.35 39.12 38.89 38.66 38.42 38.17 37.92 37.67 37.43 37.20 36.98 36.78 36.58 36.40 36.22 36.07 35.92 35.79 35.66 35.50 35.30 35.07 34.82 34.55 34.28 34.01 33.75 33.51 33.29 33.10 32.96 32.86 32.82 32.84 32.93 33.10 33.38 33.77 34.28
43.57 42.50 41.43 40.36 39.30 38.29 37.38 36.56 35.84 35.22 34.71 34.31 34.01 33.83 33.76 33.81 33.98 34.25 34.62 35.10 35.68 36.38 37.21 38.08 38.83 39.42 39.84 40.11 40.23 40.21 40.10 39.97 39.82 39.66 39.49 39.32 39.13 38.95 38.77 38.58 38.40 38.22 38.03 37.83 37.61 37.39 37.16 36.93 36.71 36.50 36.30 36.11 35.93 35.76 35.61 35.45 35.26 35.03 34.78 34.50 34.20 33.90 33.59 33.30 33.02 32.76 32.53 32.34 32.19 32.10 32.07 32.12 32.23 32.44 32.75 33.19 33.75
