data_processed/recharge/precip/Precip_1992_11.asc
ncols        168
nrows        136
xllcorner    455000
yllcorner    2107000
cellsize     500
NODATA_value     -99999
[rows 33 to 65 of 136, columns 0 to 74 of 168]
31.53 32.14 32.82 33.56 34.37 35.25 36.15 37.06 37.96 38.85 39.73 40.61 41.47 42.31 43.13 43.93 44.70 45.45 46.16 46.84 47.49 48.10 48.66 49.19 49.66 50.09 50.46 50.79 51.05 51.25 51.39 51.47 51.48 51.41 51.28 51.07 50.81 50.57 50.34 50.12 49.92 49.74 49.57 49.42 49.28 49.16 49.07 48.99 48.93 48.90 48.89 48.90 48.93 48.99 49.07 49.18 49.31 49.48 49.67 49.88 50.13 50.41 50.72 51.06 51.43 51.84 52.26 52.70 53.13 53.55 53.97 54.38 54.79 55.20 55.60
31.78 32.47 33.23 34.06 34.95 35.87 36.80 37.72 38.63 39.54 40.44 41.33 42.20 43.05 43.89 44.70 45.48 46.24 46.96 47.65 48.30 48.92 49.49 50.02 50.50 50.93 51.31 51.63 51.90 52.10 52.24 52.31 52.32 52.26 52.12 51.90 51.65 51.40 51.16 50.93 50.72 50.52 50.34 50.17 50.02 49.88 49.76 49.66 49.58 49.52 49.48 49.46 49.47 49.49 49.54 49.62 49.71 49.84 49.99 50.16 50.37 50.60 50.86 51.16 51.48 51.83 52.22 52.63 53.04 53.45 53.85 54.25 54.65 55.04 55.42
32.01 32.79 33.64 34.54 35.48 36.42 37.37 38.31 39.24 40.17 41.08 41.99 42.87 43.74 44.59 45.41 46.21 46.98 47.71 48.41 49.07 49.70 50.28 50.81 51.30 51.74 52.12 52.45 52.71 52.92 53.06 53.14 53.15 53.08 52.94 52.72 52.47 52.21 51.97 51.73 51.51 51.30 51.11 50.92 50.76 50.60 50.47 50.35 50.25 50.16 50.10 50.05 50.03 50.02 50.04 50.08 50.14 50.23 50.34 50.48 50.64 50.83 51.05 51.30 51.57 51.88 52.21 52.58 52.97 53.36 53.75 54.14 54.52 54.89 55.26
32.22 33.09 34.01 34.97 35.93 36.90 37.86 38.82 39.78 40.72 41.66 42.58 43.49 44.37 45.23 46.07 46.88 47.66 48.41 49.12 49.80 50.43 51.02 51.57 52.06 52.51 52.90 53.23 53.50 53.71 53.86 53.94 53.95 53.89 53.75 53.53 53.27 53.02 52.77 52.53 52.30 52.08 51.88 51.68 51.50 51.33 51.18 51.04 50.92 50.81 50.73 50.66 50.60 50.57 50.56 50.57 50.60 50.65 50.73 50.83 50.95 51.10 51.28 51.48 51.71 51.97 52.26 52.57 52.92 53.29 53.66 54.03 54.39 54.75 55.11
32.41 33.35 34.33 35.31 36.30 37.29 38.28 39.26 40.24 41.21 42.17 43.11 44.03 44.93 45.82 46.67 47.50 48.29 49.06 49.78 50.47 51.12 51.72 52.28 52.78 53.24 53.64 53.98 54.26 54.48 54.63 54.72 54.73 54.67 54.54 54.32 54.06 53.81 53.56 53.31 53.08 52.86 52.64 52.44 52.25 52.07 51.90 51.74 51.60 51.48 51.37 51.28 51.20 51.14 51.10 51.08 51.08 51.11 51.15 51.21 51.30 51.41 51.55 51.71 51.89 52.11 52.35 52.62 52.91 53.24 53.59 53.94 54.29 54.63 54.97
32.56 33.55 34.56 35.57 36.59 37.61 38.62 39.63 40.63 41.62 42.60 43.57 44.51 45.44 46.34 47.21 48.06 48.87 49.65 50.39 51.10 51.76 52.38 52.95 53.46 53.93 54.34 54.69 54.98 55.21 55.37 55.47 55.49 55.43 55.30 55.09 54.84 54.58 54.33 54.09 53.85 53.62 53.40 53.19 52.99 52.80 52.62 52.45 52.29 52.15 52.02 51.91 51.81 51.73 51.67 51.62 51.59 51.58 51.59 51.63 51.68 51.75 51.85 51.97 52.12 52.29 52.48 52.71 52.96 53.23 53.54 53.87 54.20 54.52 54.85
32.63 33.66 34.70 35.75 36.79 37.84 38.88 39.91 40.94 41.96 42.97 43.95 44.92 45.87 46.79 47.69 48.55 49.39 50.19 50.95 51.67 52.35 52.98 53.57 54.10 54.58 55.00 55.37 55.67 55.91 56.08 56.18 56.21 56.17 56.05 55.84 55.59 55.34 55.10 54.85 54.61 54.38 54.16 53.94 53.73 53.53 53.34 53.16 52.99 52.83 52.69 52.56 52.44 52.34 52.25 52.18 52.12 52.09 52.07 52.07 52.09 52.13 52.19 52.27 52.38 52.51 52.66 52.84 53.04 53.27 53.53 53.82 54.12 54.43 54.78
32.62 33.68 34.75 35.83 36.91 37.98 39.05 40.12 41.18 42.22 43.25 44.27 45.26 46.24 47.18 48.10 48.99 49.85 50.67 51.45 52.19 52.89 53.54 54.14 54.69 55.19 55.63 56.01 56.32 56.57 56.76 56.87 56.91 56.88 56.76 56.57 56.33 56.08 55.84 55.60 55.36 55.13 54.91 54.68 54.47 54.26 54.06 53.87 53.69 53.52 53.36 53.22 53.08 52.96 52.85 52.75 52.67 52.61 52.56 52.54 52.53 52.53 52.56 52.61 52.68 52.77 52.88 53.02 53.18 53.36 53.57 53.81 54.08 54.41 54.81
32.51 33.60 34.71 35.82 36.93 38.04 39.15 40.24 41.33 42.41 43.47 44.51 45.53 46.53 47.50 48.45 49.36 50.24 51.09 51.89 52.66 53.37 54.05 54.67 55.24 55.75 56.21 56.60 56.94 57.20 57.40 57.53 57.58 57.56 57.46 57.27 57.04 56.80 56.57 56.33 56.10 55.87 55.64 55.42 55.20 54.99 54.79 54.59 54.40 54.22 54.04 53.88 53.73 53.59 53.46 53.35 53.24 53.16 53.09 53.03 52.99 52.97 52.96 52.98 53.01 53.07 53.14 53.24 53.36 53.50 53.66 53.86 54.12 54.48 54.93
32.30 33.43 34.57 35.72 36.87 38.01 39.15 40.28 41.40 42.51 43.60 44.67 45.73 46.75 47.76 48.73 49.67 50.58 51.45 52.28 53.06 53.80 54.50 55.14 55.73 56.27 56.74 57.16 57.51 57.79 58.01 58.15 58.22 58.21 58.12 57.95 57.73 57.50 57.27 57.05 56.82 56.59 56.37 56.15 55.93 55.71 55.50 55.30 55.10 54.91 54.73 54.55 54.39 54.23 54.09 53.95 53.83 53.72 53.63 53.55 53.48 53.43 53.40 53.38 53.38 53.40 53.44 53.50 53.58 53.68 53.81 53.99 54.28 54.66 55.15
32.05 33.17 34.34 35.53 36.71 37.89 39.07 40.23 41.39 42.53 43.66 44.76 45.85 46.91 47.94 48.94 49.91 50.84 51.74 52.60 53.41 54.18 54.90 55.56 56.18 56.73 57.23 57.66 58.04 58.34 58.57 58.73 58.82 58.83 58.75 58.60 58.39 58.18 57.96 57.74 57.52 57.30 57.08 56.86 56.64 56.43 56.21 56.01 55.80 55.61 55.41 55.23 55.05 54.88 54.72 54.57 54.43 54.31 54.19 54.08 53.99 53.92 53.86 53.81 53.78 53.77 53.77 53.79 53.84 53.90 54.03 54.25 54.56 54.97 55.48
31.76 32.86 34.02 35.24 36.46 37.68 38.89 40.10 41.29 42.47 43.63 44.77 45.89 46.98 48.05 49.08 50.08 51.04 51.97 52.86 53.70 54.49 55.24 55.93 56.57 57.15 57.67 58.13 58.52 58.84 59.10 59.28 59.38 59.41 59.35 59.22 59.02 58.82 58.62 58.41 58.20 57.99 57.77 57.56 57.34 57.13 56.92 56.71 56.50 56.30 56.10 55.91 55.72 55.54 55.37 55.21 55.05 54.90 54.77 54.64 54.53 54.43 54.34 54.27 54.21 54.16 54.14 54.13 54.14 54.21 54.36 54.61 54.96 55.39 55.92
31.46 32.52 33.65 34.86 36.11 37.38 38.63 39.87 41.10 42.32 43.52 44.70 45.85 46.98 48.08 49.15 50.18 51.18 52.13 53.05 53.92 54.74 55.52 56.24 56.90 57.51 58.06 58.54 58.96 59.31 59.58 59.78 59.91 59.96 59.92 59.80 59.63 59.44 59.25 59.06 58.86 58.66 58.45 58.24 58.03 57.82 57.62 57.41 57.20 56.99 56.79 56.59 56.40 56.21 56.02 55.85 55.68 55.51 55.36 55.22 55.08 54.96 54.85 54.75 54.67 54.59 54.54 54.50 54.51 54.62 54.81 55.09 55.46 55.93 56.48
31.14 32.17 33.26 34.44 35.68 36.97 38.27 39.56 40.83 42.09 43.32 44.54 45.73 46.90 48.03 49.14 50.21 51.24 52.23 53.18 54.08 54.93 55.74 56.49 57.18 57.82 58.39 58.90 59.35 59.72 60.02 60.25 60.40 60.47 60.45 60.35 60.20 60.04 59.86 59.68 59.50 59.31 59.11 58.91 58.71 58.51 58.30 58.09 57.89 57.68 57.47 57.27 57.07 56.87 56.68 56.49 56.31 56.14 55.97 55.81 55.66 55.51 55.38 55.26 55.15 55.05 54.97 54.94 54.99 55.13 55.36 55.67 56.07 56.56 57.13
30.80 31.80 32.86 34.00 35.21 36.49 37.82 39.15 40.46 41.76 43.04 44.30 45.53 46.73 47.91 49.05 50.16 51.22 52.25 53.24 54.17 55.06 55.90 56.68 57.41 58.07 58.68 59.22 59.69 60.09 60.42 60.67 60.84 60.94 60.95 60.87 60.74 60.59 60.44 60.28 60.11 59.93 59.75 59.56 59.37 59.17 58.97 58.77 58.57 58.36 58.15 57.95 57.75 57.54 57.35 57.15 56.96 56.77 56.59 56.41 56.25 56.09 55.93 55.79 55.66 55.54 55.47 55.48 55.57 55.75 56.01 56.36 56.78 57.29 57.89
30.46 31.42 32.45 33.55 34.72 35.96 37.28 38.64 40.00 41.35 42.67 43.97 45.24 46.49 47.70 48.89 50.03 51.14 52.20 53.22 54.20 55.12 55.99 56.81 57.57 58.27 58.90 59.47 59.98 60.41 60.76 61.04 61.25 61.37 61.40 61.35 61.24 61.12 60.99 60.84 60.69 60.53 60.36 60.19 60.01 59.82 59.63 59.43 59.23 59.03 58.83 58.62 58.42 58.21 58.01 57.81 57.61 57.41 57.22 57.03 56.85 56.67 56.50 56.34 56.19 56.09 56.06 56.11 56.25 56.46 56.76 57.13 57.59 58.12 58.73
30.11 31.04 32.04 33.10 34.23 35.43 36.70 38.05 39.45 40.84 42.21 43.55 44.87 46.16 47.42 48.64 49.83 50.98 52.08 53.14 54.15 55.11 56.02 56.87 57.67 58.40 59.07 59.68 60.21 60.67 61.06 61.37 61.60 61.75 61.81 61.79 61.71 61.61 61.50 61.38 61.25 61.11 60.95 60.79 60.63 60.45 60.27 60.08 59.89 59.69 59.49 59.29 59.09 58.88 58.68 58.47 58.26 58.06 57.86 57.66 57.47 57.28 57.09 56.92 56.78 56.72 56.74 56.84 57.01 57.27 57.59 58.00 58.48 59.03 59.67
29.75 30.66 31.62 32.64 33.73 34.89 36.12 37.43 38.81 40.24 41.65 43.04 44.41 45.74 47.05 48.31 49.54 50.73 51.88 52.98 54.03 55.04 55.98 56.87 57.71 58.48 59.18 59.82 60.39 60.88 61.31 61.65 61.91 62.09 62.19 62.19 62.14 62.07 61.98 61.88 61.77 61.65 61.52 61.38 61.22 61.06 60.89 60.72 60.53 60.34 60.15 59.95 59.75 59.55 59.34 59.13 58.92 58.71 58.50 58.30 58.09 57.89 57.70 57.54 57.46 57.45 57.51 57.65 57.87 58.15 58.51 58.95 59.45 60.03 60.68
29.40 30.27 31.20 32.19 33.24 34.36 35.55 36.81 38.14 39.55 41.00 42.44 43.86 45.24 46.59 47.90 49.18 50.41 51.60 52.75 53.84 54.89 55.87 56.81 57.68 58.49 59.23 59.91 60.51 61.04 61.50 61.88 62.17 62.39 62.51 62.55 62.53 62.48 62.43 62.35 62.27 62.17 62.05 61.93 61.79 61.65 61.49 61.33 61.16 60.98 60.79 60.60 60.41 60.20 60.00 59.79 59.58 59.37 59.15 58.94 58.73 58.52 58.35 58.25 58.21 58.25 58.37 58.55 58.80 59.12 59.51 59.97 60.50 61.10 61.77
29.06 29.90 30.80 31.75 32.76 33.84 34.98 36.19 37.48 38.84 40.27 41.75 43.21 44.65 46.04 47.41 48.73 50.01 51.25 52.44 53.58 54.66 55.69 56.67 57.58 58.43 59.21 59.93 60.57 61.14 61.64 62.05 62.38 62.63 62.79 62.86 62.87 62.86 62.83 62.79 62.72 62.65 62.56 62.46 62.34 62.21 62.08 61.93 61.77 61.60 61.42 61.24 61.05 60.85 60.65 60.45 60.24 60.02 59.81 59.59 59.37 59.19 59.08 59.03 59.05 59.14 59.29 59.52 59.80 60.16 60.58 61.07 61.63 62.24 62.93
28.73 29.54 30.40 31.31 32.29 33.32 34.42 35.59 36.82 38.13 39.51 40.97 42.48 43.96 45.41 46.82 48.20 49.52 50.81 52.05 53.23 54.36 55.44 56.46 57.42 58.31 59.13 59.89 60.58 61.19 61.72 62.17 62.54 62.82 63.02 63.13 63.17 63.19 63.19 63.18 63.15 63.10 63.03 62.95 62.86 62.75 62.63 62.50 62.36 62.20 62.04 61.87 61.68 61.50 61.30 61.10 60.89 60.68 60.46 60.24 60.06 59.94 59.88 59.88 59.96 60.09 60.29 60.55 60.88 61.27 61.72 62.24 62.81 63.45 64.16
28.41 29.19 30.01 30.89 31.83 32.82 33.88 35.00 36.18 37.44 38.77 40.18 41.66 43.18 44.68 46.15 47.57 48.95 50.29 51.57 52.81 53.99 55.11 56.18 57.18 58.12 58.99 59.79 60.51 61.17 61.74 62.23 62.64 62.97 63.20 63.35 63.43 63.48 63.52 63.53 63.53 63.51 63.47 63.42 63.35 63.26 63.16 63.05 62.92 62.79 62.64 62.48 62.31 62.13 61.94 61.74 61.54 61.33 61.12 60.93 60.81 60.75 60.75 60.81 60.93 61.11 61.35 61.66 62.02 62.44 62.92 63.47 64.07 64.72 65.44
28.11 28.85 29.65 30.49 31.39 32.34 33.35 34.43 35.56 36.77 38.04 39.39 40.82 42.32 43.86 45.38 46.86 48.29 49.68 51.02 52.30 53.53 54.71 55.82 56.87 57.86 58.77 59.62 60.39 61.09 61.70 62.24 62.69 63.05 63.33 63.51 63.63 63.72 63.80 63.85 63.88 63.89 63.88 63.85 63.81 63.75 63.67 63.58 63.47 63.35 63.22 63.07 62.91 62.74 62.57 62.38 62.18 61.98 61.81 61.69 61.62 61.62 61.68 61.79 61.96 62.19 62.48 62.82 63.22 63.67 64.18 64.75 65.37 66.05 66.78
27.83 28.54 29.31 30.11 30.97 31.88 32.85 33.88 34.97 36.12 37.34 38.63 40.00 41.44 42.96 44.52 46.06 47.55 48.99 50.38 51.72 53.00 54.22 55.39 56.49 57.52 58.49 59.38 60.20 60.94 61.60 62.18 62.68 63.09 63.40 63.63 63.79 63.92 64.03 64.11 64.18 64.22 64.24 64.25 64.23 64.20 64.14 64.07 63.99 63.89 63.77 63.64 63.50 63.35 63.18 63.00 62.82 62.66 62.55 62.49 62.50 62.55 62.67 62.83 63.05 63.33 63.65 64.03 64.47 64.95 65.49 66.09 66.73 67.42 68.17
27.57 28.26 28.99 29.76 30.58 31.45 32.38 33.36 34.40 35.50 36.67 37.90 39.21 40.59 42.05 43.59 45.16 46.71 48.21 49.65 51.05 52.38 53.66 54.88 56.03 57.11 58.13 59.07 59.94 60.73 61.44 62.07 62.61 63.06 63.42 63.69 63.89 64.07 64.21 64.34 64.44 64.52 64.57 64.61 64.62 64.61 64.59 64.54 64.48 64.40 64.31 64.20 64.07 63.93 63.78 63.62 63.48 63.39 63.35 63.36 63.42 63.54 63.70 63.92 64.19 64.51 64.88 65.30 65.77 66.28 66.85 67.47 68.13 68.84 69.60
27.35 28.01 28.70 29.44 30.22 31.05 31.93 32.87 33.86 34.91 36.02 37.20 38.45 39.77 41.17 42.64 44.19 45.78 47.33 48.84 50.29 51.68 53.01 54.28 55.49 56.63 57.70 58.69 59.61 60.45 61.21 61.89 62.47 62.97 63.38 63.70 63.95 64.16 64.35 64.51 64.65 64.77 64.86 64.93 64.97 65.00 65.00 64.98 64.95 64.89 64.82 64.73 64.62 64.50 64.37 64.25 64.18 64.16 64.19 64.27 64.39 64.57 64.79 65.06 65.37 65.74 66.15 66.60 67.11 67.65 68.25 68.89 69.57 70.30 71.07
27.17 27.79 28.45 29.15 29.90 30.69 31.52 32.41 33.35 34.35 35.41 36.54 37.73 38.98 40.32 41.72 43.21 44.77 46.37 47.93 49.44 50.89 52.28 53.61 54.87 56.07 57.19 58.24 59.21 60.10 60.91 61.64 62.28 62.83 63.28 63.65 63.94 64.20 64.44 64.64 64.82 64.97 65.10 65.21 65.28 65.34 65.38 65.39 65.38 65.35 65.30 65.24 65.15 65.05 64.97 64.93 64.93 64.98 65.08 65.22 65.41 65.64 65.92 66.23 66.60 67.00 67.45 67.95 68.48 69.06 69.68 70.34 71.05 71.79 72.58
27.02 27.61 28.24 28.90 29.61 30.36 31.15 31.99 32.89 33.84 34.84 35.91 37.04 38.24 39.50 40.84 42.26 43.75 45.33 46.93 48.50 50.02 51.47 52.85 54.17 55.42 56.60 57.71 58.73 59.68 60.55 61.32 62.02 62.62 63.13 63.54 63.88 64.19 64.47 64.72 64.94 65.13 65.30 65.44 65.56 65.65 65.72 65.76 65.78 65.78 65.76 65.72 65.66 65.61 65.61 65.64 65.72 65.84 66.01 66.21 66.46 66.75 67.08 67.45 67.86 68.31 68.79 69.32 69.89 70.50 71.14 71.83 72.55 73.31 74.11
26.91 27.47 28.07 28.70 29.37 30.07 30.82 31.62 32.46 33.36 34.32 35.33 36.40 37.53 38.74 40.01 41.36 42.78 44.28 45.86 47.48 49.05 50.56 52.01 53.39 54.70 55.94 57.10 58.18 59.19 60.11 60.94 61.69 62.34 62.90 63.37 63.76 64.12 64.45 64.74 65.01 65.24 65.45 65.63 65.79 65.92 66.02 66.10 66.15 66.18 66.19 66.17 66.17 66.21 66.28 66.39 66.55 66.74 66.97 67.24 67.54 67.89 68.27 68.69 69.14 69.63 70.16 70.73 71.33 71.96 72.63 73.34 74.08 74.85 75.66
26.85 27.38 27.94 28.54 29.17 29.83 30.54 31.29 32.09 32.94 33.84 34.79 35.80 36.88 38.02 39.22 40.50 41.85 43.28 44.79 46.37 47.99 49.57 51.08 52.52 53.89 55.19 56.41 57.56 58.62 59.60 60.49 61.29 62.00 62.62 63.13 63.58 63.99 64.37 64.71 65.02 65.31 65.56 65.78 65.97 66.14 66.28 66.39 66.48 66.54 66.58 66.63 66.71 66.83 66.98 67.17 67.40 67.66 67.95 68.29 68.65 69.05 69.48 69.95 70.45 70.98 71.55 72.15 72.78 73.44 74.14 74.87 75.62 76.41 77.23
26.84 27.34 27.87 28.43 29.02 29.65 30.31 31.02 31.76 32.56 33.41 34.30 35.26 36.27 37.35 38.49 39.70 40.98 42.33 43.76 45.27 46.86 48.48 50.06 51.56 53.00 54.36 55.64 56.85 57.97 59.01 59.96 60.82 61.59 62.26 62.84 63.34 63.80 64.23 64.62 64.99 65.31 65.61 65.88 66.11 66.32 66.50 66.65 66.77 66.87 66.98 67.11 67.28 67.48 67.71 67.98 68.27 68.60 68.96 69.36 69.78 70.23 70.72 71.23 71.78 72.35 72.96 73.59 74.25 74.94 75.66 76.41 77.18 77.98 78.81
26.88 27.35 27.85 28.38 28.93 29.51 30.13 30.79 31.49 32.24 33.03 33.87 34.77 35.72 36.74 37.81 38.95 40.16 41.44 42.79 44.22 45.73 47.32 48.94 50.52 52.02 53.44 54.79 56.06 57.25 58.35 59.36 60.28 61.11 61.84 62.47 63.03 63.55 64.03 64.48 64.89 65.27 65.61 65.93 66.21 66.46 66.68 66.87 67.03 67.20 67.39 67.61 67.86 68.14 68.46 68.80 69.17 69.56 69.99 70.44 70.92 71.43 71.97 72.53 73.12 73.73 74.37 75.04 75.73 76.45 77.19 77.96 78.75 79.56 80.40
26.98 27.43 27.89 28.38 28.89 29.44 30.02 30.63 31.28 31.98 32.72 33.50 34.34 35.23 36.18 37.19 38.26 39.40 40.60 41.88 43.23 44.66 46.17 47.76 49.38 50.95 52.44 53.86 55.19 56.44 57.61 58.68 59.66 60.55 61.35 62.04 62.66 63.23 63.77 64.27 64.74 65.17 65.56 65.92 66.25 66.54 66.81 67.04 67.27 67.53 67.82 68.13 68.46 68.83 69.22 69.63 70.07 70.53 71.02 71.54 72.08 72.64 73.22 73.83 74.46 75.12 75.80 76.49 77.22 77.96 78.72 79.51 80.31 81.14 81.99
