data_processed/recharge/precip/Precip_1991_12.asc
ncols        168
nrows        136
xllcorner    455000
yllcorner    2107000
cellsize     500
NODATA_value     -99999
[rows 37 to 73 of 136, columns 0 to 83 of 168]
4.95 5.64 6.40 7.26 8.24 9.35 10.62 12.08 13.74 15.62 17.75 20.09 22.48 24.78 26.96 28.97 30.77 32.33 33.60 34.56 35.15 35.33 35.08 34.35 33.19 31.85 30.41 28.89 27.30 25.65 23.96 22.25 20.51 18.77 17.04 15.33 13.66 12.01 10.40 8.85 7.36 5.91 4.49 3.09 1.70 0.30 0.00 0.00 0.00 0.00 0.00 0.00 0.00 0.00 0.00 0.00 0.00 0.00 0.00 0.00 0.00 0.00 0.00 0.00 0.78 2.20 3.44 4.52 5.43 6.17 6.75 7.14 7.37 7.42 7.29 6.99 6.52 5.97 5.37 4.74 4.07 3.38 2.68 1.96
4.76 5.33 5.97 6.72 7.59 8.60 9.78 11.14 12.72 14.52 16.53 18.63 20.71 22.73 24.66 26.45 28.07 29.47 30.62 31.48 32.00 32.16 31.90 31.20 30.08 28.80 27.43 25.99 24.48 22.91 21.31 19.69 18.05 16.42 14.80 13.21 11.67 10.26 8.97 7.73 6.53 5.34 4.15 2.96 1.74 0.50 0.00 0.00 0.00 0.00 0.00 0.00 0.00 0.00 0.00 0.00 0.00 0.00 0.00 0.00 0.00 0.00 0.00 0.00 0.95 2.24 3.38 4.35 5.17 5.82 6.32 6.65 6.81 6.81 6.65 6.31 5.82 5.25 4.64 4.00 3.34 2.65 1.96 1.26
4.73 5.20 5.74 6.40 7.18 8.11 9.21 10.50 12.01 13.71 15.49 17.27 19.03 20.77 22.45 24.02 25.44 26.69 27.70 28.46 28.92 29.03 28.77 28.08 27.02 25.80 24.49 23.11 21.68 20.19 18.68 17.14 15.60 14.07 12.56 11.09 9.75 8.57 7.54 6.62 5.71 4.80 3.86 2.88 1.86 0.78 0.00 0.00 0.00 0.00 0.00 0.00 0.00 0.00 0.00 0.00 0.00 0.00 0.00 0.00 0.00 0.00 0.00 0.00 1.23 2.39 3.40 4.27 5.00 5.56 5.98 6.24 6.35 6.30 6.09 5.72 5.21 4.62 4.00 3.35 2.69 2.01 1.32 0.64
4.84 5.22 5.69 6.27 6.98 7.85 8.89 10.13 11.55 13.04 14.53 16.01 17.47 18.92 20.34 21.68 22.91 23.99 24.88 25.53 25.91 25.98 25.71 25.04 24.02 22.85 21.61 20.29 18.92 17.52 16.08 14.63 13.18 11.75 10.35 9.07 7.96 7.00 6.18 5.50 4.89 4.26 3.58 2.84 2.03 1.13 0.13 0.00 0.00 0.00 0.00 0.00 0.00 0.00 0.00 0.00 0.00 0.00 0.00 0.00 0.00 0.00 0.00 0.54 1.62 2.62 3.52 4.28 4.91 5.39 5.73 5.92 5.97 5.87 5.62 5.22 4.68 4.07 3.44 2.79 2.12 1.44 0.77 0.10
5.07 5.38 5.79 6.31 6.97 7.79 8.80 9.97 11.21 12.44 13.65 14.85 16.04 17.21 18.36 19.48 20.51 21.41 22.16 22.70 23.01 23.04 22.74 22.09 21.11 19.99 18.80 17.55 16.24 14.91 13.55 12.18 10.82 9.49 8.28 7.22 6.32 5.57 4.94 4.44 4.05 3.70 3.30 2.80 2.21 1.51 0.68 0.00 0.00 0.00 0.00 0.00 0.00 0.00 0.00 0.00 0.00 0.00 0.00 0.00 0.00 0.00 0.23 1.21 2.13 2.97 3.72 4.38 4.90 5.30 5.55 5.68 5.66 5.51 5.22 4.79 4.22 3.60 2.95 2.29 1.62 0.95 0.28 0.00
5.38 5.65 6.01 6.50 7.14 7.93 8.88 9.89 10.89 11.88 12.85 13.80 14.74 15.65 16.55 17.42 18.24 18.98 19.58 20.01 20.24 20.21 19.90 19.26 18.31 17.24 16.10 14.90 13.66 12.39 11.10 9.81 8.55 7.40 6.41 5.56 4.86 4.29 3.85 3.51 3.27 3.12 2.98 2.74 2.39 1.89 1.24 0.44 0.00 0.00 0.00 0.00 0.00 0.00 0.00 0.00 0.00 0.00 0.00 0.00 0.00 0.22 1.11 1.94 2.70 3.40 4.01 4.54 4.97 5.27 5.45 5.51 5.43 5.23 4.89 4.42 3.83 3.19 2.53 1.86 1.19 0.52 0.00 0.00
5.77 6.01 6.35 6.82 7.44 8.21 9.02 9.82 10.61 11.37 12.12 12.85 13.56 14.25 14.91 15.55 16.15 16.71 17.16 17.48 17.62 17.54 17.20 16.57 15.65 14.62 13.52 12.38 11.20 9.99 8.77 7.57 6.48 5.54 4.76 4.11 3.59 3.20 2.91 2.72 2.61 2.58 2.62 2.64 2.53 2.25 1.80 1.16 0.32 0.00 0.00 0.00 0.00 0.00 0.00 0.00 0.00 0.00 0.00 0.00 0.47 1.26 2.00 2.69 3.32 3.89 4.38 4.79 5.10 5.32 5.42 5.40 5.26 5.00 4.62 4.12 3.51 2.84 2.17 1.49 0.82 0.15 0.00 0.00
6.20 6.43 6.77 7.25 7.85 8.50 9.13 9.74 10.34 10.92 11.47 12.01 12.51 12.99 13.45 13.87 14.27 14.63 14.93 15.13 15.18 15.04 14.67 14.04 13.15 12.16 11.10 10.00 8.87 7.73 6.59 5.56 4.68 3.94 3.35 2.88 2.54 2.29 2.15 2.08 2.10 2.18 2.31 2.48 2.61 2.57 2.33 1.87 1.19 0.27 0.00 0.00 0.00 0.00 0.00 0.00 0.00 0.00 0.21 0.92 1.60 2.26 2.87 3.44 3.95 4.40 4.78 5.09 5.30 5.42 5.44 5.35 5.15 4.84 4.42 3.88 3.24 2.55 1.87 1.18 0.50 0.00 0.00 0.00
6.66 6.90 7.26 7.73 8.24 8.73 9.21 9.67 10.10 10.51 10.90 11.26 11.59 11.89 12.16 12.40 12.61 12.78 12.91 12.98 12.94 12.73 12.33 11.70 10.84 9.87 8.86 7.80 6.72 5.65 4.67 3.84 3.16 2.62 2.20 1.90 1.70 1.60 1.58 1.63 1.75 1.92 2.13 2.37 2.62 2.81 2.79 2.53 2.02 1.24 0.28 0.00 0.00 0.00 0.00 0.00 0.31 0.91 1.50 2.08 2.65 3.18 3.69 4.15 4.55 4.91 5.19 5.40 5.53 5.57 5.52 5.36 5.09 4.73 4.26 3.69 3.02 2.31 1.61 0.91 0.22 0.00 0.00 0.00
7.12 7.39 7.76 8.17 8.55 8.92 9.26 9.58 9.88 10.15 10.39 10.60 10.78 10.93 11.05 11.13 11.17 11.18 11.14 11.07 10.92 10.65 10.21 9.57 8.73 7.79 6.81 5.80 4.78 3.86 3.08 2.46 1.96 1.59 1.33 1.18 1.12 1.14 1.23 1.38 1.58 1.82 2.09 2.38 2.68 2.97 3.16 3.11 2.78 2.16 1.34 0.73 0.45 0.48 0.79 1.22 1.69 2.16 2.64 3.11 3.57 4.01 4.41 4.78 5.10 5.37 5.57 5.71 5.77 5.74 5.62 5.40 5.08 4.66 4.15 3.53 2.84 2.11 1.39 0.68 0.00 0.00 0.00 0.00
7.56 7.86 8.19 8.50 8.78 9.05 9.28 9.49 9.68 9.83 9.95 10.04 10.10 10.12 10.11 10.05 9.96 9.82 9.65 9.43 9.16 8.81 8.33 7.68 6.85 5.94 4.99 4.03 3.16 2.44 1.86 1.41 1.09 0.87 0.76 0.74 0.80 0.92 1.11 1.34 1.61 1.91 2.23 2.55 2.87 3.18 3.45 3.59 3.46 3.01 2.34 1.86 1.72 1.86 2.16 2.49 2.85 3.22 3.60 3.98 4.34 4.69 5.01 5.30 5.55 5.75 5.89 5.97 5.97 5.90 5.73 5.47 5.10 4.63 4.07 3.42 2.70 1.95 1.21 0.50 0.00 0.00 0.00 0.00
7.94 8.22 8.48 8.72 8.93 9.11 9.27 9.40 9.49 9.56 9.59 9.58 9.54 9.46 9.34 9.17 8.97 8.72 8.42 8.08 7.69 7.24 6.72 6.05 5.23 4.34 3.44 2.62 1.95 1.41 1.01 0.73 0.56 0.48 0.50 0.59 0.75 0.97 1.24 1.54 1.87 2.21 2.55 2.89 3.22 3.51 3.77 3.98 4.02 3.76 3.24 2.92 2.91 3.06 3.26 3.50 3.76 4.05 4.34 4.64 4.93 5.20 5.46 5.69 5.88 6.02 6.12 6.15 6.11 6.00 5.80 5.51 5.12 4.63 4.03 3.34 2.59 1.82 1.07 0.41 0.00 0.00 0.00 0.00
8.18 8.42 8.64 8.83 8.99 9.12 9.23 9.29 9.33 9.33 9.29 9.21 9.09 8.94 8.73 8.49 8.20 7.86 7.47 7.03 6.54 6.00 5.40 4.71 3.89 3.04 2.27 1.65 1.16 0.80 0.56 0.43 0.39 0.44 0.57 0.77 1.01 1.31 1.64 1.99 2.35 2.72 3.08 3.42 3.73 4.01 4.23 4.39 4.48 4.37 4.04 3.86 3.86 3.93 4.05 4.21 4.39 4.60 4.83 5.06 5.29 5.51 5.72 5.90 6.05 6.15 6.21 6.22 6.15 6.02 5.81 5.51 5.11 4.61 4.00 3.28 2.50 1.71 1.01 0.45 0.03 0.00 0.00 0.00
8.23 8.46 8.66 8.83 8.97 9.07 9.14 9.18 9.18 9.14 9.05 8.93 8.77 8.56 8.30 8.00 7.64 7.24 6.78 6.27 5.71 5.09 4.41 3.67 2.88 2.16 1.58 1.13 0.82 0.62 0.52 0.52 0.61 0.77 0.99 1.27 1.59 1.94 2.32 2.70 3.09 3.47 3.83 4.15 4.44 4.67 4.84 4.94 4.96 4.87 4.66 4.52 4.46 4.45 4.50 4.59 4.71 4.86 5.03 5.22 5.40 5.58 5.75 5.90 6.02 6.11 6.15 6.14 6.06 5.93 5.71 5.42 5.03 4.54 3.94 3.23 2.44 1.69 1.09 0.62 0.29 0.08 0.00 0.00
8.15 8.39 8.59 8.76 8.89 8.99 9.05 9.07 9.06 9.00 8.89 8.75 8.55 8.31 8.02 7.68 7.28 6.84 6.33 5.77 5.16 4.48 3.74 2.94 2.16 1.60 1.20 0.93 0.77 0.72 0.76 0.88 1.07 1.33 1.64 1.99 2.37 2.77 3.18 3.58 3.98 4.36 4.70 5.00 5.24 5.42 5.53 5.55 5.48 5.31 5.09 4.89 4.76 4.69 4.67 4.71 4.78 4.88 5.01 5.15 5.30 5.46 5.60 5.73 5.83 5.90 5.94 5.92 5.85 5.72 5.52 5.23 4.86 4.40 3.83 3.16 2.41 1.76 1.25 0.88 0.63 0.48 0.44 0.50
8.07 8.32 8.53 8.71 8.85 8.95 9.01 9.03 9.00 8.93 8.82 8.65 8.44 8.17 7.86 7.49 7.06 6.58 6.04 5.44 4.78 4.05 3.26 2.40 1.56 1.03 0.79 0.68 0.68 0.76 0.93 1.17 1.47 1.81 2.20 2.62 3.05 3.49 3.93 4.36 4.76 5.13 5.45 5.72 5.92 6.04 6.08 6.02 5.86 5.65 5.42 5.20 5.01 4.87 4.80 4.77 4.79 4.85 4.94 5.04 5.16 5.28 5.40 5.51 5.60 5.66 5.69 5.67 5.60 5.48 5.28 5.02 4.67 4.23 3.69 3.07 2.40 1.84 1.42 1.13 0.95 0.87 0.89 1.00
7.99 8.26 8.49 8.69 8.84 8.95 9.01 9.03 9.01 8.94 8.81 8.64 8.41 8.13 7.80 7.40 6.95 6.44 5.87 5.23 4.54 3.77 2.93 2.00 1.10 0.51 0.29 0.32 0.47 0.69 0.99 1.34 1.74 2.17 2.64 3.11 3.60 4.08 4.55 4.99 5.39 5.75 6.05 6.28 6.43 6.50 6.46 6.32 6.12 5.91 5.68 5.46 5.24 5.05 4.91 4.83 4.80 4.81 4.86 4.92 5.01 5.10 5.19 5.28 5.35 5.40 5.42 5.40 5.33 5.21 5.03 4.77 4.44 4.03 3.54 2.99 2.41 1.91 1.57 1.35 1.24 1.23 1.31 1.46
7.93 8.21 8.46 8.68 8.85 8.97 9.05 9.08 9.06 8.99 8.87 8.69 8.46 8.17 7.82 7.42 6.95 6.41 5.82 5.16 4.42 3.62 2.72 1.75 0.79 0.13 0.00 0.00 0.17 0.52 0.94 1.40 1.90 2.42 2.95 3.49 4.03 4.54 5.03 5.48 5.88 6.23 6.50 6.69 6.80 6.80 6.69 6.52 6.32 6.10 5.88 5.66 5.44 5.22 5.03 4.89 4.81 4.77 4.77 4.79 4.84 4.90 4.97 5.03 5.09 5.12 5.13 5.11 5.04 4.93 4.75 4.51 4.20 3.83 3.41 2.93 2.42 1.99 1.71 1.55 1.51 1.56 1.68 1.87
7.88 8.16 8.43 8.67 8.87 9.02 9.12 9.16 9.16 9.10 8.98 8.81 8.58 8.28 7.93 7.51 7.03 6.48 5.87 5.18 4.42 3.57 2.64 1.62 0.61 0.00 0.00 0.00 0.00 0.27 0.80 1.37 1.96 2.56 3.17 3.76 4.34 4.89 5.40 5.86 6.25 6.58 6.82 6.98 7.02 6.97 6.83 6.65 6.45 6.24 6.01 5.79 5.57 5.35 5.14 4.95 4.81 4.72 4.68 4.66 4.67 4.70 4.74 4.78 4.82 4.84 4.84 4.81 4.74 4.62 4.46 4.23 3.96 3.64 3.29 2.88 2.44 2.08 1.85 1.75 1.76 1.86 2.03 2.26
7.86 8.14 8.41 8.66 8.89 9.07 9.19 9.26 9.27 9.23 9.13 8.96 8.74 8.45 8.10 7.68 7.19 6.64 6.01 5.30 4.51 3.63 2.66 1.61 0.56 0.00 0.00 0.00 0.00 0.00 0.58 1.25 1.94 2.62 3.29 3.94 4.56 5.14 5.66 6.12 6.51 6.82 7.03 7.14 7.13 7.05 6.91 6.73 6.53 6.32 6.10 5.88 5.66 5.44 5.22 5.01 4.82 4.68 4.59 4.53 4.50 4.50 4.51 4.52 4.54 4.54 4.53 4.49 4.42 4.31 4.15 3.96 3.74 3.48 3.19 2.85 2.47 2.17 2.00 1.94 1.99 2.13 2.34 2.60
7.85 8.12 8.39 8.65 8.90 9.11 9.26 9.36 9.40 9.38 9.30 9.15 8.94 8.67 8.32 7.91 7.42 6.87 6.22 5.50 4.68 3.77 2.78 1.71 0.63 0.00 0.00 0.00 0.00 0.00 0.32 1.07 1.84 2.60 3.33 4.03 4.69 5.30 5.83 6.30 6.68 6.96 7.13 7.20 7.17 7.08 6.94 6.77 6.57 6.35 6.13 5.91 5.69 5.47 5.25 5.04 4.83 4.64 4.50 4.40 4.33 4.29 4.27 4.27 4.26 4.25 4.22 4.18 4.10 3.99 3.86 3.71 3.54 3.34 3.11 2.83 2.51 2.27 2.15 2.13 2.21 2.38 2.61 2.90
7.85 8.13 8.40 8.65 8.90 9.13 9.32 9.46 9.53 9.54 9.48 9.36 9.17 8.91 8.58 8.18 7.70 7.14 6.49 5.75 4.92 4.00 2.99 1.90 0.80 0.00 0.00 0.00 0.00 0.00 0.12 0.85 1.69 2.52 3.31 4.06 4.75 5.38 5.93 6.39 6.75 7.01 7.15 7.19 7.16 7.07 6.94 6.76 6.56 6.35 6.13 5.91 5.69 5.47 5.25 5.03 4.81 4.60 4.42 4.27 4.17 4.10 4.04 4.01 3.98 3.95 3.91 3.86 3.78 3.69 3.60 3.49 3.37 3.22 3.04 2.82 2.56 2.37 2.29 2.32 2.43 2.62 2.87 3.17
7.87 8.14 8.41 8.67 8.91 9.14 9.36 9.53 9.65 9.69 9.67 9.58 9.42 9.18 8.87 8.49 8.02 7.45 6.80 6.05 5.22 4.29 3.28 2.17 1.06 0.21 0.00 0.00 0.00 0.00 0.06 0.70 1.51 2.39 3.24 4.03 4.75 5.40 5.95 6.41 6.76 6.99 7.11 7.15 7.12 7.03 6.90 6.73 6.53 6.31 6.10 5.88 5.65 5.43 5.20 4.98 4.77 4.55 4.35 4.16 4.01 3.90 3.82 3.76 3.70 3.66 3.60 3.54 3.48 3.42 3.36 3.30 3.22 3.12 2.99 2.82 2.61 2.47 2.44 2.50 2.64 2.84 3.11 3.42
7.89 8.17 8.43 8.69 8.93 9.16 9.38 9.58 9.74 9.83 9.85 9.79 9.66 9.46 9.18 8.81 8.35 7.79 7.14 6.40 5.57 4.64 3.63 2.52 1.41 0.54 0.00 0.00 0.00 0.00 0.13 0.68 1.39 2.23 3.12 3.95 4.71 5.37 5.93 6.38 6.70 6.92 7.04 7.08 7.06 6.97 6.83 6.66 6.46 6.25 6.03 5.81 5.59 5.36 5.14 4.91 4.69 4.47 4.26 4.06 3.87 3.72 3.61 3.51 3.44 3.37 3.30 3.25 3.21 3.18 3.16 3.14 3.10 3.04 2.95 2.83 2.67 2.58 2.58 2.67 2.83 3.06 3.33 3.64
7.93 8.20 8.47 8.72 8.96 9.19 9.41 9.61 9.79 9.93 10.00 9.99 9.90 9.73 9.48 9.12 8.68 8.14 7.50 6.77 5.95 5.04 4.03 2.94 1.83 0.96 0.36 0.02 0.00 0.02 0.32 0.79 1.41 2.15 2.99 3.85 4.63 5.30 5.86 6.30 6.62 6.83 6.96 7.00 6.97 6.88 6.75 6.58 6.38 6.17 5.95 5.73 5.51 5.28 5.05 4.82 4.60 4.37 4.16 3.94 3.74 3.56 3.41 3.28 3.18 3.09 3.03 2.99 2.98 2.98 2.99 3.00 3.00 2.98 2.93 2.85 2.74 2.69 2.72 2.84 3.02 3.25 3.53 3.84
7.97 8.24 8.51 8.76 9.00 9.23 9.45 9.65 9.83 9.99 10.11 10.15 10.11 9.98 9.75 9.43 9.00 8.49 7.87 7.17 6.37 5.47 4.49 3.41 2.31 1.44 0.84 0.47 0.33 0.39 0.63 1.03 1.56 2.20 2.94 3.74 4.53 5.21 5.77 6.20 6.52 6.73 6.86 6.90 6.87 6.79 6.65 6.48 6.29 6.07 5.86 5.63 5.41 5.18 4.95 4.72 4.49 4.26 4.04 3.82 3.61 3.41 3.22 3.07 2.94 2.85 2.79 2.78 2.78 2.81 2.85 2.88 2.91 2.93 2.92 2.88 2.81 2.80 2.86 3.00 3.20 3.44 3.72 4.02
8.02 8.29 8.55 8.80 9.04 9.27 9.49 9.69 9.87 10.04 10.18 10.27 10.28 10.18 9.99 9.70 9.31 8.83 8.25 7.57 6.80 5.93 4.97 3.92 2.85 1.99 1.38 1.00 0.83 0.85 1.04 1.37 1.83 2.38 3.01 3.70 4.43 5.10 5.66 6.10 6.41 6.63 6.75 6.80 6.77 6.68 6.55 6.38 6.18 5.97 5.75 5.53 5.31 5.07 4.84 4.61 4.37 4.14 3.91 3.69 3.47 3.26 3.06 2.87 2.73 2.65 2.61 2.60 2.63 2.67 2.73 2.80 2.85 2.90 2.92 2.92 2.89 2.91 3.00 3.15 3.36 3.61 3.88 4.17
8.07 8.34 8.60 8.85 9.09 9.31 9.53 9.73 9.91 10.08 10.22 10.34 10.38 10.34 10.19 9.94 9.59 9.15 8.61 7.97 7.24 6.41 5.48 4.46 3.42 2.58 1.98 1.60 1.41 1.40 1.54 1.82 2.20 2.68 3.22 3.80 4.41 5.01 5.56 5.99 6.31 6.53 6.65 6.69 6.67 6.58 6.45 6.28 6.08 5.87 5.65 5.43 5.20 4.97 4.73 4.49 4.26 4.02 3.78 3.55 3.33 3.11 2.90 2.72 2.58 2.50 2.46 2.47 2.51 2.57 2.65 2.73 2.81 2.88 2.94 2.96 2.97 3.02 3.13 3.30 3.51 3.76 4.02 4.30
8.13 8.39 8.65 8.90 9.13 9.36 9.57 9.77 9.95 10.12 10.25 10.36 10.42 10.42 10.33 10.13 9.84 9.44 8.95 8.36 7.67 6.88 6.00 5.03 4.02 3.21 2.63 2.25 2.05 2.02 2.13 2.35 2.68 3.08 3.53 4.02 4.51 5.00 5.47 5.90 6.22 6.43 6.56 6.60 6.57 6.49 6.35 6.18 5.99 5.78 5.56 5.34 5.10 4.87 4.63 4.39 4.15 3.90 3.66 3.43 3.19 2.97 2.76 2.60 2.47 2.39 2.36 2.38 2.42 2.50 2.59 2.69 2.79 2.88 2.96 3.02 3.05 3.12 3.26 3.44 3.65 3.89 4.15 4.40
8.18 8.44 8.70 8.94 9.18 9.40 9.61 9.81 9.99 10.14 10.26 10.35 10.41 10.44 10.40 10.27 10.03 9.69 9.26 8.72 8.09 7.36 6.53 5.60 4.65 3.87 3.31 2.94 2.75 2.70 2.78 2.97 3.24 3.58 3.95 4.34 4.72 5.09 5.46 5.82 6.13 6.35 6.48 6.52 6.49 6.41 6.27 6.10 5.91 5.69 5.48 5.25 5.02 4.78 4.54 4.30 4.05 3.80 3.55 3.31 3.07 2.85 2.67 2.52 2.41 2.34 2.31 2.32 2.37 2.45 2.56 2.67 2.79 2.90 3.00 3.08 3.14 3.23 3.38 3.56 3.78 4.01 4.25 4.48
8.23 8.49 8.74 8.98 9.22 9.44 9.65 9.84 10.01 10.15 10.26 10.34 10.39 10.41 10.40 10.33 10.16 9.89 9.52 9.05 8.48 7.81 7.04 6.18 5.28 4.55 4.02 3.67 3.48 3.43 3.50 3.65 3.88 4.16 4.45 4.74 5.02 5.30 5.57 5.83 6.08 6.29 6.42 6.46 6.43 6.35 6.21 6.04 5.84 5.63 5.42 5.19 4.96 4.72 4.47 4.22 3.97 3.72 3.46 3.22 2.98 2.78 2.61 2.48 2.38 2.32 2.29 2.30 2.36 2.44 2.55 2.67 2.80 2.93 3.05 3.14 3.22 3.34 3.49 3.68 3.89 4.11 4.33 4.53
8.27 8.53 8.78 9.02 9.25 9.47 9.68 9.86 10.02 10.14 10.24 10.31 10.35 10.37 10.36 10.33 10.23 10.03 9.74 9.34 8.84 8.24 7.54 6.74 5.91 5.23 4.75 4.43 4.25 4.20 4.26 4.39 4.59 4.80 5.00 5.20 5.40 5.58 5.77 5.94 6.11 6.27 6.38 6.43 6.40 6.31 6.18 6.01 5.81 5.60 5.38 5.15 4.92 4.68 4.43 4.18 3.92 3.66 3.40 3.16 2.94 2.76 2.60 2.48 2.39 2.33 2.31 2.32 2.38 2.46 2.57 2.70 2.83 2.97 3.10 3.22 3.31 3.44 3.60 3.79 3.99 4.19 4.38 4.56
8.31 8.57 8.81 9.05 9.28 9.50 9.69 9.86 10.00 10.11 10.20 10.26 10.30 10.31 10.30 10.27 10.22 10.10 9.89 9.57 9.15 8.63 8.01 7.29 6.53 5.91 5.47 5.19 5.04 5.01 5.06 5.18 5.32 5.46 5.59 5.71 5.83 5.94 6.05 6.14 6.23 6.32 6.39 6.43 6.40 6.31 6.18 6.01 5.81 5.60 5.38 5.15 4.91 4.67 4.42 4.16 3.90 3.64 3.39 3.16 2.96 2.78 2.64 2.53 2.44 2.39 2.37 2.38 2.43 2.51 2.61 2.74 2.88 3.03 3.17 3.29 3.40 3.54 3.70 3.88 4.07 4.25 4.42 4.56
8.35 8.60 8.84 9.08 9.30 9.50 9.68 9.83 9.96 10.06 10.14 10.20 10.23 10.24 10.23 10.21 10.16 10.09 9.96 9.73 9.40 8.97 8.44 7.80 7.12 6.58 6.20 5.96 5.85 5.83 5.89 5.97 6.05 6.12 6.19 6.25 6.30 6.35 6.39 6.42 6.45 6.47 6.48 6.47 6.44 6.35 6.22 6.05 5.85 5.64 5.42 5.19 4.95 4.70 4.45 4.19 3.92 3.66 3.43 3.22 3.03 2.87 2.73 2.62 2.54 2.48 2.46 2.47 2.51 2.58 2.68 2.81 2.95 3.09 3.24 3.37 3.49 3.63 3.79 3.96 4.13 4.29 4.43 4.54
8.37 8.61 8.86 9.09 9.30 9.49 9.65 9.79 9.90 9.99 10.07 10.12 10.15 10.16 10.15 10.13 10.09 10.03 9.96 9.82 9.59 9.25 8.81 8.27 7.68 7.22 6.91 6.72 6.65 6.66 6.69 6.73 6.76 6.78 6.79 6.80 6.80 6.80 6.78 6.76 6.73 6.70 6.65 6.60 6.53 6.44 6.31 6.13 5.94 5.72 5.50 5.27 5.03 4.78 4.52 4.26 4.00 3.76 3.54 3.34 3.16 3.00 2.87 2.76 2.68 2.62 2.60 2.60 2.62 2.68 2.77 2.89 3.03 3.17 3.32 3.46 3.58 3.72 3.87 4.03 4.18 4.31 4.43 4.53
8.38 8.62 8.86 9.07 9.27 9.44 9.59 9.72 9.82 9.91 9.97 10.02 10.05 10.06 10.06 10.04 10.01 9.96 9.90 9.83 9.70 9.46 9.13 8.69 8.20 7.82 7.59 7.47 7.44 7.44 7.44 7.44 7.43 7.41 7.38 7.35 7.31 7.26 7.21 7.14 7.07 6.99 6.91 6.81 6.70 6.59 6.45 6.28 6.08 5.86 5.64 5.41 5.17 4.91 4.65 4.39 4.15 3.92 3.71 3.52 3.35 3.20 3.07 2.96 2.87 2.81 2.77 2.76 2.78 2.82 2.90 3.00 3.12 3.26 3.40 3.54 3.67 3.80 3.95 4.09 4.21 4.32 4.43 4.53
8.37 8.61 8.83 9.03 9.21 9.37 9.50 9.62 9.72 9.80 9.86 9.91 9.94 9.96 9.96 9.95 9.92 9.89 9.84 9.79 9.72 9.59 9.37 9.04 8.66 8.38 8.23 8.17 8.16 8.14 8.11 8.08 8.04 7.99 7.94 7.88 7.81 7.73 7.65 7.55 7.45 7.34 7.22 7.09 6.96 6.81 6.65 6.48 6.28 6.06 5.84 5.61 5.36 5.10 4.85 4.61 4.37 4.16 3.96 3.77 3.60 3.45 3.32 3.21 3.11 3.04 3.00 2.97 2.97 3.00 3.05 3.13 3.23 3.36 3.50 3.63 3.75 3.88 4.01 4.13 4.24 4.34 4.44 4.54
