data_processed/recharge/precip/Precip_1984_05.asc
ncols        168
nrows        136
xllcorner    455000
yllcorner    2107000
cellsize     500
NODATA_value     -99999
[rows 34 to 67 of 136, columns 0 to 75 of 168]
85.06 87.11 88.98 90.67 92.14 93.40 94.43 95.21 95.74 96.00 95.98 95.66 95.04 94.13 93.00 91.69 90.20 88.54 86.70 84.66 82.45 80.12 77.73 75.33 72.95 70.59 68.28 66.05 63.89 61.84 59.92 58.13 56.51 55.07 53.82 52.80 52.02 51.58 51.53 51.88 52.63 53.77 55.14 56.66 58.30 60.05 61.81 63.31 64.39 65.09 65.42 65.43 65.14 64.60 63.83 62.86 61.74 60.49 59.14 57.71 56.06 54.14 51.97 49.62 47.16 44.95 43.24 42.07 41.47 41.41 41.68 42.11 42.67 43.39 44.27 45.32
85.14 87.14 88.98 90.64 92.10 93.36 94.40 95.21 95.78 96.09 96.14 95.90 95.37 94.53 93.40 92.06 90.55 88.87 87.02 84.98 82.80 80.52 78.19 75.85 73.52 71.22 68.96 66.77 64.66 62.64 60.75 59.00 57.40 55.98 54.76 53.75 52.97 52.45 52.29 52.52 53.16 54.18 55.44 56.85 58.38 59.94 61.26 62.18 62.73 62.94 62.84 62.48 61.87 61.06 60.08 58.96 57.72 56.42 55.08 53.73 52.37 50.89 49.21 47.38 45.47 43.82 42.68 42.07 41.99 42.20 42.53 42.96 43.51 44.18 44.99 45.94
84.94 86.90 88.71 90.35 91.81 93.08 94.14 94.98 95.59 95.96 96.08 95.92 95.48 94.75 93.72 92.39 90.86 89.17 87.31 85.28 83.12 80.89 78.62 76.34 74.06 71.80 69.58 67.42 65.35 63.37 61.50 59.77 58.20 56.79 55.58 54.57 53.80 53.27 53.02 53.13 53.65 54.56 55.70 56.99 58.32 59.43 60.17 60.55 60.62 60.40 59.93 59.24 58.36 57.33 56.19 54.96 53.67 52.36 51.07 49.82 48.66 47.57 46.45 45.21 43.92 42.91 42.41 42.40 42.65 42.99 43.39 43.87 44.44 45.10 45.87 46.75
84.45 86.38 88.16 89.79 91.25 92.53 93.62 94.50 95.16 95.59 95.78 95.71 95.38 94.76 93.85 92.63 91.13 89.42 87.56 85.55 83.43 81.24 79.02 76.78 74.54 72.32 70.14 68.01 65.96 64.00 62.16 60.44 58.88 57.48 56.28 55.27 54.49 53.96 53.68 53.71 54.10 54.88 55.90 56.99 57.87 58.39 58.58 58.48 58.11 57.51 56.72 55.75 54.66 53.46 52.21 50.91 49.62 48.36 47.17 46.08 45.12 44.33 43.70 43.13 42.54 42.25 42.41 42.81 43.24 43.72 44.23 44.79 45.41 46.10 46.87 47.72
83.66 85.56 87.32 88.94 90.41 91.71 92.83 93.75 94.47 94.97 95.24 95.27 95.04 94.54 93.75 92.68 91.30 89.63 87.77 85.78 83.70 81.56 79.38 77.18 74.98 72.79 70.63 68.53 66.50 64.56 62.72 61.02 59.46 58.06 56.85 55.84 55.05 54.50 54.21 54.20 54.49 55.14 55.96 56.58 56.87 56.85 56.56 56.02 55.26 54.34 53.26 52.08 50.81 49.50 48.18 46.88 45.63 44.47 43.43 42.54 41.84 41.36 41.14 41.16 41.34 41.79 42.43 43.07 43.71 44.36 45.02 45.70 46.41 47.17 47.97 48.83
82.59 84.46 86.21 87.83 89.31 90.63 91.78 92.75 93.53 94.10 94.46 94.58 94.46 94.08 93.43 92.51 91.28 89.75 87.94 85.98 83.95 81.85 79.70 77.53 75.35 73.18 71.05 68.96 66.94 65.01 63.18 61.48 59.92 58.51 57.29 56.27 55.47 54.90 54.58 54.54 54.79 55.30 55.66 55.69 55.43 54.92 54.18 53.25 52.16 50.95 49.65 48.29 46.90 45.52 44.19 42.92 41.77 40.76 39.92 39.28 38.89 38.77 38.95 39.48 40.32 41.29 42.24 43.15 44.03 44.89 45.73 46.56 47.40 48.25 49.13 50.03
81.79 83.61 85.32 86.91 88.37 89.69 90.85 91.84 92.65 93.27 93.68 93.88 93.84 93.56 93.02 92.21 91.12 89.70 87.90 85.97 83.97 81.91 79.80 77.66 75.51 73.36 71.25 69.18 67.17 65.24 63.42 61.72 60.15 58.75 57.52 56.48 55.66 55.07 54.73 54.66 54.94 55.60 55.67 55.13 54.33 53.33 52.16 50.86 49.45 47.96 46.44 44.92 43.43 41.99 40.65 39.44 38.39 37.54 36.91 36.54 36.46 36.72 37.33 38.29 39.40 40.61 41.86 43.05 44.18 45.26 46.30 47.31 48.29 49.25 50.21 51.17
81.79 83.49 85.10 86.60 87.99 89.25 90.36 91.32 92.10 92.71 93.12 93.33 93.32 93.08 92.59 91.84 90.81 89.37 87.54 85.58 83.61 81.60 79.53 77.42 75.31 73.19 71.10 69.06 67.07 65.16 63.35 61.65 60.09 58.69 57.45 56.41 55.58 54.97 54.62 54.59 55.13 56.16 56.45 55.62 54.28 52.78 51.15 49.44 47.69 45.91 44.15 42.44 40.81 39.30 37.94 36.75 35.78 35.06 34.62 34.49 34.71 35.31 36.29 37.45 38.62 39.90 41.34 42.80 44.18 45.48 46.71 47.88 49.00 50.07 51.11 52.12
82.51 84.04 85.50 86.86 88.11 89.25 90.25 91.11 91.82 92.35 92.71 92.87 92.83 92.56 92.07 91.32 90.24 88.76 86.89 84.91 82.93 80.94 78.92 76.86 74.78 72.71 70.65 68.63 66.67 64.79 63.00 61.32 59.77 58.37 57.14 56.10 55.26 54.65 54.34 54.59 55.50 56.85 57.47 56.85 55.24 53.21 51.11 48.98 46.84 44.75 42.72 40.80 39.01 37.39 35.98 34.80 33.88 33.27 32.99 33.08 33.57 34.46 35.58 36.77 37.98 39.29 40.79 42.42 44.04 45.55 46.97 48.30 49.55 50.72 51.84 52.90
83.87 85.18 86.41 87.57 88.63 89.59 90.43 91.14 91.70 92.11 92.35 92.40 92.27 91.93 91.36 90.55 89.41 87.89 86.00 84.00 81.99 80.00 78.02 76.01 73.98 71.95 69.93 67.95 66.03 64.17 62.40 60.75 59.22 57.83 56.62 55.58 54.75 54.20 54.18 54.81 56.05 57.68 58.58 58.26 56.83 54.55 51.95 49.36 46.83 44.39 42.08 39.91 37.94 36.19 34.70 33.49 32.60 32.07 31.93 32.21 32.91 33.90 35.03 36.23 37.47 38.82 40.35 42.03 43.78 45.50 47.10 48.58 49.96 51.24 52.42 53.52
85.78 86.80 87.76 88.66 89.47 90.19 90.80 91.30 91.66 91.88 91.94 91.84 91.55 91.08 90.43 89.54 88.35 86.80 84.89 82.88 80.87 78.86 76.87 74.91 72.94 70.96 68.99 67.05 65.16 63.35 61.61 59.99 58.48 57.12 55.92 54.90 54.14 53.89 54.27 55.24 56.76 58.63 59.75 59.69 58.54 56.43 53.58 50.53 47.57 44.76 42.12 39.70 37.51 35.60 34.01 32.75 31.86 31.39 31.36 31.77 32.53 33.49 34.60 35.81 37.08 38.48 40.04 41.73 43.52 45.36 47.13 48.76 50.25 51.62 52.87 54.01
88.02 88.82 89.45 90.02 90.53 90.95 91.28 91.50 91.60 91.58 91.41 91.08 90.61 90.02 89.28 88.33 87.10 85.53 83.61 81.60 79.58 77.57 75.58 73.62 71.69 69.77 67.86 65.97 64.13 62.36 60.67 59.07 57.60 56.27 55.10 54.17 53.72 53.87 54.61 55.87 57.63 59.69 60.99 61.13 60.22 58.35 55.67 52.37 48.98 45.77 42.79 40.07 37.65 35.55 33.82 32.49 31.58 31.14 31.17 31.59 32.29 33.21 34.30 35.52 36.82 38.25 39.83 41.54 43.35 45.20 47.07 48.84 50.45 51.90 53.21 54.38
90.10 91.02 91.38 91.58 91.71 91.78 91.76 91.65 91.44 91.11 90.64 90.07 89.45 88.77 87.96 86.95 85.69 84.10 82.19 80.18 78.17 76.16 74.17 72.22 70.30 68.43 66.58 64.75 62.97 61.25 59.60 58.05 56.62 55.33 54.25 53.64 53.61 54.14 55.18 56.70 58.65 60.84 62.28 62.58 61.85 60.19 57.73 54.58 50.95 47.33 43.98 40.94 38.26 35.96 34.07 32.63 31.67 31.22 31.21 31.54 32.17 33.05 34.12 35.35 36.67 38.13 39.74 41.47 43.28 45.13 47.01 48.85 50.56 52.10 53.46 54.66
91.81 92.95 93.35 93.22 92.93 92.58 92.17 91.67 91.08 90.38 89.61 88.86 88.14 87.37 86.50 85.45 84.16 82.56 80.66 78.67 76.67 74.67 72.70 70.75 68.85 67.00 65.20 63.44 61.72 60.05 58.46 56.97 55.58 54.40 53.65 53.48 53.83 54.68 55.98 57.70 59.80 62.08 63.61 64.02 63.42 61.93 59.65 56.70 53.20 49.36 45.62 42.24 39.27 36.73 34.66 33.09 32.05 31.50 31.37 31.62 32.18 33.01 34.06 35.28 36.63 38.12 39.75 41.49 43.31 45.16 47.02 48.86 50.62 52.23 53.64 54.86
93.13 94.41 94.94 94.76 94.09 93.27 92.39 91.45 90.42 89.36 88.39 87.53 86.71 85.86 84.93 83.84 82.54 80.95 79.06 77.09 75.11 73.14 71.18 69.26 67.37 65.54 63.77 62.07 60.42 58.82 57.29 55.85 54.59 53.75 53.45 53.67 54.35 55.48 57.00 58.87 61.06 63.39 64.97 65.44 64.93 63.55 61.40 58.61 55.29 51.56 47.61 43.87 40.58 37.78 35.50 33.78 32.59 31.90 31.66 31.80 32.29 33.07 34.09 35.32 36.69 38.21 39.86 41.61 43.43 45.28 47.13 48.94 50.69 52.32 53.77 55.00
94.05 95.38 95.95 95.80 95.01 93.75 92.36 90.90 89.45 88.16 87.07 86.10 85.19 84.27 83.29 82.18 80.86 79.28 77.43 75.49 73.54 71.60 69.67 67.77 65.92 64.11 62.37 60.70 59.11 57.58 56.12 54.81 53.91 53.53 53.64 54.20 55.18 56.53 58.22 60.20 62.44 64.77 66.34 66.83 66.36 65.04 62.99 60.31 57.12 53.54 49.69 45.75 42.13 39.04 36.53 34.61 33.26 32.42 32.04 32.09 32.50 33.23 34.23 35.45 36.84 38.38 40.05 41.81 43.63 45.48 47.31 49.10 50.82 52.42 53.87 55.11
94.54 95.84 96.36 96.17 95.31 93.84 91.96 90.02 88.32 86.89 85.67 84.60 83.62 82.65 81.62 80.49 79.18 77.62 75.80 73.90 71.99 70.09 68.20 66.33 64.51 62.74 61.03 59.39 57.84 56.39 55.07 54.13 53.70 53.73 54.20 55.07 56.29 57.82 59.63 61.68 63.92 66.19 67.72 68.18 67.71 66.40 64.39 61.77 58.67 55.20 51.48 47.62 43.81 40.42 37.67 35.55 34.02 33.03 32.53 32.48 32.81 33.49 34.46 35.67 37.08 38.65 40.33 42.10 43.92 45.75 47.57 49.34 51.02 52.58 53.98 55.20
94.61 95.78 96.17 95.83 94.82 93.20 91.12 88.99 87.13 85.58 84.25 83.09 82.03 81.01 79.96 78.81 77.51 75.98 74.20 72.35 70.49 68.63 66.79 64.97 63.19 61.46 59.79 58.20 56.69 55.35 54.40 53.95 53.94 54.36 55.14 56.26 57.67 59.34 61.22 63.28 65.48 67.66 69.09 69.48 68.95 67.62 65.60 63.00 59.94 56.53 52.90 49.14 45.40 41.89 38.91 36.60 34.89 33.75 33.12 32.96 33.21 33.83 34.77 35.98 37.41 38.99 40.69 42.46 44.27 46.10 47.90 49.64 51.28 52.80 54.15 55.31
94.24 95.19 95.35 94.79 93.54 91.79 89.85 87.86 85.93 84.26 82.83 81.58 80.46 79.40 78.33 77.18 75.89 74.40 72.68 70.89 69.08 67.28 65.49 63.72 62.00 60.32 58.70 57.16 55.76 54.77 54.28 54.26 54.65 55.38 56.43 57.76 59.32 61.07 62.99 65.02 67.12 69.16 70.44 70.71 70.08 68.68 66.60 63.97 60.90 57.52 53.92 50.24 46.67 43.31 40.25 37.74 35.85 34.55 33.80 33.53 33.70 34.26 35.17 36.36 37.80 39.40 41.11 42.89 44.70 46.51 48.28 49.99 51.60 53.07 54.37 55.47
93.41 94.05 93.90 93.02 91.57 89.92 88.22 86.47 84.69 82.96 81.44 80.13 78.95 77.86 76.77 75.63 74.36 72.92 71.26 69.53 67.79 66.05 64.33 62.63 60.96 59.34 57.78 56.36 55.33 54.79 54.72 55.07 55.79 56.80 58.07 59.56 61.22 63.02 64.91 66.86 68.83 70.68 71.77 71.87 71.09 69.56 67.39 64.68 61.56 58.14 54.56 51.01 47.63 44.47 41.55 38.96 36.90 35.44 34.55 34.17 34.26 34.76 35.63 36.82 38.27 39.89 41.60 43.38 45.18 46.97 48.72 50.40 51.97 53.39 54.62 55.65
92.11 92.35 91.81 90.64 89.26 87.83 86.35 84.83 83.27 81.68 80.13 78.75 77.53 76.41 75.32 74.19 72.96 71.57 69.99 68.33 66.67 65.00 63.34 61.71 60.12 58.57 57.14 56.09 55.53 55.43 55.73 56.39 57.37 58.61 60.05 61.65 63.36 65.15 66.98 68.81 70.59 72.20 73.05 72.94 71.97 70.27 67.95 65.12 61.90 58.42 54.93 51.56 48.37 45.38 42.63 40.15 38.02 36.41 35.38 34.89 34.89 35.33 36.17 37.34 38.80 40.43 42.15 43.92 45.71 47.49 49.21 50.86 52.38 53.73 54.88 55.84
90.32 90.09 89.19 88.06 86.87 85.64 84.36 83.05 81.69 80.30 78.88 77.49 76.24 75.10 74.01 72.91 71.72 70.39 68.89 67.32 65.73 64.15 62.57 61.02 59.50 58.10 57.05 56.49 56.37 56.64 57.27 58.20 59.39 60.79 62.35 64.01 65.73 67.47 69.19 70.84 72.39 73.72 74.28 73.91 72.70 70.78 68.27 65.27 61.93 58.51 55.17 51.97 48.94 46.10 43.50 41.16 39.12 37.45 36.29 35.68 35.59 35.97 36.76 37.91 39.38 41.02 42.74 44.51 46.29 48.05 49.74 51.35 52.79 54.05 55.12 56.02
88.04 87.38 86.48 85.52 84.51 83.46 82.37 81.23 80.06 78.86 77.62 76.35 75.11 73.96 72.88 71.81 70.68 69.42 68.00 66.52 65.03 63.54 62.05 60.59 59.22 58.21 57.66 57.55 57.82 58.43 59.33 60.48 61.84 63.35 64.97 66.64 68.33 69.96 71.52 72.95 74.23 75.23 75.46 74.77 73.28 71.10 68.34 65.16 61.83 58.55 55.36 52.31 49.41 46.70 44.23 42.00 40.07 38.47 37.25 36.53 36.35 36.66 37.40 38.54 40.01 41.66 43.38 45.15 46.91 48.64 50.30 51.83 53.17 54.34 55.33 56.16
85.41 84.71 83.96 83.15 82.30 81.41 80.48 79.50 78.49 77.45 76.38 75.27 74.14 73.03 71.97 70.94 69.87 68.69 67.37 65.99 64.59 63.20 61.81 60.51 59.54 59.04 58.95 59.24 59.86 60.77 61.90 63.23 64.71 66.28 67.90 69.54 71.12 72.62 73.97 75.13 76.08 76.70 76.55 75.51 73.69 71.19 68.19 64.98 61.77 58.63 55.57 52.63 49.85 47.25 44.87 42.74 40.90 39.38 38.20 37.43 37.16 37.40 38.10 39.21 40.68 42.34 44.06 45.82 47.56 49.26 50.84 52.25 53.49 54.57 55.49 56.27
82.93 82.36 81.74 81.07 80.36 79.60 78.80 77.97 77.10 76.20 75.27 74.31 73.32 72.31 71.30 70.32 69.32 68.23 67.01 65.74 64.46 63.17 61.95 61.06 60.62 60.59 60.92 61.57 62.49 63.64 64.97 66.43 67.97 69.56 71.15 72.69 74.12 75.42 76.51 77.37 77.95 78.14 77.57 76.12 73.92 71.11 68.04 64.93 61.84 58.80 55.85 53.01 50.31 47.80 45.50 43.44 41.67 40.20 39.08 38.33 38.01 38.18 38.83 39.92 41.39 43.05 44.77 46.51 48.23 49.85 51.31 52.60 53.73 54.72 55.58 56.30
80.91 80.45 79.94 79.39 78.79 78.15 77.47 76.75 76.00 75.22 74.41 73.57 72.71 71.82 70.91 70.00 69.07 68.08 66.98 65.83 64.66 63.55 62.76 62.40 62.44 62.84 63.54 64.51 65.68 67.03 68.50 70.05 71.62 73.19 74.69 76.08 77.32 78.36 79.15 79.65 79.81 79.53 78.48 76.59 74.00 71.09 68.11 65.10 62.10 59.15 56.27 53.50 50.88 48.42 46.18 44.17 42.44 41.01 39.91 39.19 38.87 38.99 39.60 40.67 42.13 43.79 45.51 47.23 48.86 50.34 51.66 52.84 53.88 54.79 55.57 56.24
79.47 79.10 78.68 78.22 77.71 77.16 76.58 75.96 75.31 74.63 73.91 73.17 72.41 71.63 70.82 70.00 69.17 68.28 67.30 66.28 65.30 64.62 64.38 64.52 65.00 65.77 66.80 68.03 69.42 70.92 72.49 74.08 75.64 77.13 78.50 79.70 80.70 81.44 81.88 81.96 81.65 80.86 79.29 76.95 74.22 71.38 68.48 65.54 62.62 59.73 56.91 54.19 51.60 49.19 46.98 44.99 43.28 41.86 40.77 40.05 39.73 39.83 40.39 41.43 42.89 44.55 46.25 47.88 49.36 50.70 51.90 52.96 53.91 54.74 55.46 56.08
78.72 78.42 78.07 77.67 77.24 76.77 76.26 75.71 75.14 74.53 73.89 73.23 72.55 71.85 71.13 70.39 69.64 68.86 68.01 67.19 66.66 66.54 66.80 67.39 68.26 69.38 70.68 72.14 73.69 75.30 76.92 78.50 80.00 81.37 82.57 83.54 84.25 84.64 84.67 84.30 83.48 82.12 80.04 77.52 74.84 72.06 69.21 66.33 63.45 60.60 57.81 55.12 52.56 50.16 47.95 45.97 44.25 42.83 41.72 40.98 40.62 40.69 41.21 42.22 43.67 45.32 46.92 48.39 49.72 50.91 51.99 52.95 53.80 54.55 55.22 55.80
78.76 78.51 78.21 77.86 77.48 77.06 76.60 76.11 75.59 75.04 74.46 73.86 73.23 72.59 71.93 71.25 70.57 69.87 69.21 68.84 68.88 69.28 70.00 70.99 72.22 73.62 75.16 76.79 78.47 80.14 81.77 83.30 84.69 85.90 86.87 87.57 87.94 87.94 87.52 86.64 85.26 83.35 81.05 78.55 75.92 73.18 70.37 67.52 64.66 61.83 59.05 56.37 53.80 51.39 49.17 47.17 45.43 43.97 42.82 42.03 41.63 41.64 42.09 43.03 44.45 46.01 47.44 48.74 49.91 50.97 51.93 52.78 53.55 54.23 54.84 55.38
79.26 79.05 78.79 78.49 78.16 77.78 77.37 76.93 76.46 75.96 75.43 74.88 74.31 73.72 73.12 72.50 71.87 71.28 70.97 71.14 71.70 72.58 73.72 75.07 76.60 78.25 79.98 81.74 83.49 85.18 86.77 88.20 89.44 90.44 91.14 91.51 91.50 91.07 90.16 88.73 86.78 84.56 82.24 79.79 77.19 74.49 71.70 68.86 66.02 63.19 60.41 57.71 55.14 52.71 50.46 48.43 46.64 45.14 43.94 43.09 42.62 42.56 42.94 43.83 45.34 46.87 48.12 49.23 50.25 51.16 51.98 52.72 53.39 53.98 54.53 55.02
79.62 79.47 79.27 79.03 78.76 78.45 78.10 77.73 77.32 76.89 76.44 75.96 75.46 74.95 74.42 73.87 73.37 73.10 73.18 73.75 74.76 76.07 77.57 79.24 81.02 82.88 84.75 86.60 88.38 90.04 91.54 92.84 93.88 94.62 95.01 95.01 94.57 93.65 92.20 90.22 87.95 85.60 83.21 80.77 78.21 75.53 72.77 69.96 67.12 64.30 61.52 58.82 56.23 53.79 51.51 49.45 47.63 46.08 44.84 43.93 43.40 43.27 43.61 44.63 46.45 48.21 49.40 50.31 51.13 51.87 52.52 53.12 53.65 54.14 54.58 54.99
79.74 79.67 79.56 79.40 79.21 78.99 78.73 78.44 78.13 77.78 77.42 77.03 76.63 76.21 75.77 75.38 75.21 75.36 75.81 76.70 78.02 79.67 81.51 83.44 85.44 87.44 89.41 91.30 93.06 94.65 96.03 97.13 97.93 98.37 98.40 97.99 97.08 95.63 93.64 91.33 88.93 86.48 83.99 81.48 78.93 76.29 73.56 70.77 67.95 65.14 62.37 59.67 57.07 54.61 52.32 50.23 48.38 46.79 45.51 44.55 43.96 43.80 44.27 45.60 47.72 49.76 51.13 51.96 52.55 53.08 53.54 53.95 54.32 54.66 54.97 55.26
79.61 79.64 79.63 79.58 79.50 79.38 79.23 79.05 78.84 78.61 78.35 78.08 77.79 77.48 77.21 77.18 77.46 78.01 78.80 79.98 81.53 83.40 85.48 87.64 89.80 91.91 93.94 95.82 97.52 98.99 100.19 101.06 101.57 101.66 101.29 100.41 98.99 97.01 94.69 92.25 89.74 87.20 84.63 82.03 79.42 76.79 74.09 71.33 68.54 65.74 62.98 60.28 57.68 55.21 52.91 50.80 48.92 47.30 45.97 44.97 44.35 44.34 45.13 46.77 49.15 51.42 53.00 53.96 54.44 54.73 54.96 55.16 55.33 55.49 55.63 55.78
79.21 79.36 79.48 79.55 79.59 79.60 79.57 79.52 79.44 79.34 79.22 79.08 78.92 78.80 78.92 79.36 80.07 80.98 82.09 83.52 85.28 87.29 89.50 91.81 94.09 96.27 98.30 100.13 101.72 103.03 104.00 104.60 104.76 104.46 103.65 102.26 100.32 98.01 95.56 93.00 90.39 87.76 85.11 82.44 79.76 77.08 74.39 71.66 68.89 66.11 63.37 60.68 58.08 55.61 53.29 51.16 49.26 47.61 46.25 45.23 44.77 45.08 46.19 48.10 50.70 53.17 54.93 56.05 56.61 56.74 56.72 56.67 56.61 56.56 56.50 56.46
