data_processed/recharge/precip/Precip_2002_01.asc
ncols        168
nrows        136
xllcorner    455000
yllcorner    2107000
cellsize     500
NODATA_value     -99999
[rows 74 to 110 of 136, columns 83 to 165 of 168]
5.39 5.83 6.22 6.57 6.86 7.09 7.25 7.34 7.34 7.27 7.14 6.99 6.81 6.63 6.43 6.23 6.02 5.80 5.57 5.32 5.07 4.80 4.54 4.28 4.03 3.80 3.59 3.42 3.27 3.16 3.08 3.03 3.02 3.06 3.13 3.26 3.43 3.66 3.93 4.25 4.60 4.98 5.37 5.70 5.93 6.05 6.08 6.01 5.87 5.65 5.39 5.15 4.94 4.76 4.61 4.51 4.45 4.43 4.47 4.56 4.70 4.86 5.02 5.14 5.24 5.31 5.34 5.33 5.28 5.22 5.16 5.10 5.04 4.97 4.90 4.83 4.76 4.68 4.60 4.51 4.42 4.33 4.23
5.26 5.68 6.06 6.40 6.70 6.94 7.12 7.24 7.29 7.25 7.14 6.98 6.81 6.62 6.42 6.22 6.02 5.81 5.59 5.35 5.10 4.84 4.58 4.33 4.09 3.88 3.69 3.53 3.39 3.29 3.21 3.17 3.17 3.21 3.28 3.40 3.56 3.77 4.04 4.35 4.69 5.07 5.46 5.79 6.00 6.11 6.11 6.01 5.82 5.59 5.36 5.14 4.95 4.78 4.63 4.52 4.44 4.41 4.41 4.46 4.56 4.71 4.87 5.01 5.12 5.20 5.23 5.21 5.16 5.09 5.03 4.97 4.90 4.84 4.77 4.70 4.63 4.55 4.47 4.38 4.30 4.21 4.12
5.07 5.47 5.83 6.17 6.47 6.73 6.93 7.08 7.16 7.18 7.11 6.98 6.80 6.61 6.41 6.22 6.02 5.82 5.60 5.37 5.13 4.88 4.64 4.40 4.18 3.98 3.81 3.66 3.53 3.44 3.37 3.34 3.34 3.37 3.44 3.56 3.71 3.91 4.17 4.46 4.80 5.17 5.57 5.89 6.09 6.17 6.14 6.01 5.81 5.61 5.41 5.22 5.04 4.88 4.74 4.62 4.53 4.47 4.44 4.45 4.50 4.60 4.74 4.89 5.01 5.09 5.13 5.11 5.05 4.98 4.91 4.85 4.78 4.71 4.64 4.57 4.50 4.42 4.34 4.26 4.18 4.10 4.01
4.83 5.20 5.55 5.88 6.18 6.45 6.67 6.85 6.97 7.03 7.02 6.94 6.79 6.60 6.41 6.21 6.02 5.83 5.63 5.40 5.17 4.93 4.70 4.49 4.29 4.11 3.95 3.81 3.69 3.60 3.54 3.51 3.52 3.55 3.62 3.73 3.88 4.08 4.31 4.60 4.93 5.29 5.68 6.00 6.18 6.24 6.18 6.04 5.89 5.73 5.56 5.40 5.23 5.08 4.94 4.82 4.71 4.62 4.57 4.54 4.54 4.58 4.66 4.79 4.91 5.00 5.03 5.01 4.95 4.87 4.80 4.73 4.67 4.60 4.53 4.45 4.38 4.30 4.23 4.15 4.07 3.99 3.91
4.52 4.86 5.19 5.52 5.82 6.09 6.34 6.54 6.70 6.80 6.85 6.83 6.75 6.59 6.40 6.21 6.03 5.85 5.65 5.44 5.22 5.00 4.79 4.59 4.41 4.25 4.10 3.97 3.87 3.79 3.74 3.71 3.71 3.75 3.82 3.93 4.07 4.25 4.48 4.75 5.07 5.42 5.81 6.11 6.28 6.31 6.25 6.17 6.06 5.94 5.81 5.67 5.52 5.38 5.24 5.11 4.98 4.87 4.78 4.72 4.67 4.66 4.68 4.73 4.82 4.91 4.94 4.92 4.85 4.77 4.70 4.63 4.56 4.49 4.41 4.34 4.26 4.19 4.11 4.04 3.96 3.89 3.81
4.14 4.46 4.77 5.08 5.38 5.67 5.93 6.16 6.35 6.50 6.60 6.65 6.63 6.54 6.39 6.21 6.04 5.87 5.68 5.48 5.28 5.08 4.89 4.72 4.55 4.41 4.27 4.16 4.06 3.99 3.94 3.92 3.93 3.96 4.03 4.13 4.27 4.45 4.66 4.92 5.22 5.57 5.94 6.23 6.38 6.42 6.42 6.39 6.33 6.25 6.15 6.04 5.91 5.77 5.64 5.49 5.36 5.22 5.10 4.99 4.90 4.83 4.79 4.77 4.78 4.83 4.86 4.84 4.76 4.68 4.60 4.53 4.45 4.38 4.30 4.23 4.15 4.08 4.00 3.93 3.86 3.79 3.72
3.70 3.98 4.28 4.58 4.88 5.17 5.44 5.69 5.92 6.11 6.27 6.37 6.42 6.41 6.34 6.20 6.04 5.88 5.71 5.53 5.35 5.18 5.02 4.86 4.71 4.58 4.46 4.35 4.27 4.20 4.16 4.14 4.15 4.19 4.25 4.35 4.48 4.65 4.86 5.10 5.39 5.72 6.08 6.36 6.52 6.63 6.69 6.72 6.71 6.67 6.60 6.51 6.40 6.27 6.14 5.99 5.83 5.68 5.52 5.38 5.24 5.11 5.00 4.91 4.84 4.80 4.79 4.76 4.68 4.59 4.51 4.43 4.35 4.27 4.19 4.11 4.04 3.96 3.89 3.82 3.75 3.69 3.62
3.18 3.43 3.71 3.99 4.29 4.58 4.87 5.15 5.41 5.64 5.84 6.01 6.13 6.20 6.21 6.16 6.04 5.90 5.75 5.60 5.45 5.30 5.15 5.01 4.89 4.77 4.66 4.57 4.49 4.43 4.40 4.38 4.39 4.42 4.49 4.58 4.71 4.87 5.06 5.29 5.57 5.88 6.23 6.53 6.76 6.94 7.07 7.15 7.19 7.19 7.16 7.09 7.00 6.88 6.74 6.59 6.42 6.24 6.05 5.86 5.67 5.49 5.32 5.15 5.01 4.88 4.77 4.69 4.60 4.51 4.42 4.33 4.24 4.16 4.08 4.00 3.92 3.85 3.78 3.71 3.64 3.58 3.52
2.63 2.85 3.10 3.37 3.66 3.96 4.26 4.56 4.84 5.12 5.36 5.58 5.77 5.91 6.01 6.05 6.03 5.94 5.82 5.70 5.57 5.44 5.31 5.19 5.08 4.97 4.87 4.79 4.72 4.67 4.63 4.62 4.63 4.66 4.72 4.81 4.92 5.07 5.25 5.47 5.73 6.03 6.37 6.73 7.04 7.29 7.49 7.63 7.72 7.76 7.76 7.72 7.64 7.53 7.39 7.23 7.04 6.84 6.62 6.39 6.16 5.92 5.68 5.44 5.22 5.00 4.80 4.63 4.54 4.45 4.35 4.26 4.17 4.08 3.99 3.91 3.83 3.76 3.68 3.62 3.55 3.49 3.44
2.18 2.36 2.58 2.83 3.10 3.39 3.70 4.01 4.32 4.62 4.91 5.18 5.42 5.63 5.80 5.93 6.01 6.03 5.96 5.86 5.74 5.63 5.51 5.40 5.30 5.19 5.10 5.02 4.95 4.90 4.86 4.84 4.84 4.86 4.91 4.98 5.08 5.21 5.38 5.57 5.81 6.09 6.42 6.80 7.17 7.50 7.76 7.96 8.10 8.19 8.22 8.21 8.15 8.05 7.91 7.74 7.55 7.32 7.07 6.81 6.52 6.23 5.93 5.62 5.32 5.01 4.74 4.58 4.56 4.50 4.40 4.29 4.19 4.09 3.99 3.90 3.82 3.74 3.66 3.59 3.53 3.46 3.41
1.86 1.99 2.16 2.38 2.63 2.91 3.21 3.53 3.85 4.18 4.50 4.81 5.10 5.37 5.61 5.83 6.01 6.12 6.14 6.07 5.97 5.86 5.75 5.64 5.54 5.43 5.34 5.25 5.17 5.11 5.06 5.02 5.01 5.01 5.04 5.09 5.17 5.27 5.41 5.58 5.79 6.06 6.39 6.76 7.15 7.54 7.87 8.13 8.32 8.45 8.52 8.54 8.50 8.42 8.29 8.11 7.90 7.66 7.38 7.08 6.75 6.41 6.05 5.67 5.29 4.92 4.66 4.58 4.63 4.63 4.55 4.43 4.32 4.20 4.09 3.99 3.90 3.80 3.72 3.64 3.56 3.49 3.43
1.65 1.73 1.86 2.03 2.26 2.52 2.81 3.12 3.45 3.79 4.13 4.48 4.81 5.14 5.45 5.74 6.01 6.22 6.32 6.32 6.24 6.13 6.02 5.91 5.79 5.68 5.57 5.47 5.37 5.29 5.22 5.17 5.13 5.11 5.10 5.13 5.17 5.24 5.34 5.49 5.70 5.97 6.29 6.65 7.04 7.44 7.82 8.15 8.40 8.57 8.68 8.73 8.72 8.64 8.52 8.35 8.13 7.86 7.56 7.23 6.86 6.47 6.05 5.61 5.17 4.82 4.64 4.63 4.73 4.79 4.77 4.68 4.54 4.41 4.28 4.16 4.05 3.94 3.84 3.75 3.66 3.58 3.50
1.58 1.58 1.66 1.79 1.98 2.21 2.48 2.78 3.11 3.45 3.82 4.19 4.56 4.93 5.31 5.68 6.02 6.31 6.49 6.55 6.53 6.43 6.31 6.18 6.05 5.92 5.79 5.67 5.55 5.44 5.34 5.26 5.19 5.13 5.10 5.08 5.08 5.12 5.19 5.33 5.54 5.81 6.13 6.48 6.86 7.26 7.65 8.03 8.33 8.56 8.71 8.79 8.80 8.75 8.63 8.46 8.23 7.96 7.63 7.27 6.86 6.42 5.94 5.46 5.05 4.78 4.67 4.72 4.87 4.99 5.02 4.97 4.86 4.70 4.55 4.41 4.27 4.14 4.02 3.91 3.80 3.71 3.62
1.62 1.56 1.57 1.65 1.79 1.98 2.22 2.51 2.83 3.18 3.55 3.94 4.35 4.77 5.20 5.63 6.05 6.41 6.64 6.77 6.79 6.73 6.61 6.46 6.30 6.15 5.99 5.84 5.69 5.55 5.41 5.29 5.18 5.08 5.00 4.94 4.90 4.90 4.98 5.12 5.33 5.60 5.91 6.27 6.64 7.03 7.42 7.80 8.15 8.43 8.62 8.74 8.78 8.74 8.64 8.47 8.24 7.95 7.60 7.21 6.76 6.27 5.76 5.31 4.99 4.80 4.75 4.85 5.05 5.20 5.28 5.28 5.21 5.07 4.89 4.72 4.56 4.40 4.25 4.12 3.99 3.87 3.76
1.80 1.66 1.60 1.61 1.70 1.85 2.06 2.31 2.61 2.95 3.33 3.74 4.18 4.65 5.12 5.61 6.08 6.50 6.79 6.96 7.03 7.00 6.90 6.73 6.55 6.36 6.17 5.98 5.79 5.60 5.42 5.26 5.10 4.95 4.82 4.70 4.63 4.64 4.71 4.86 5.07 5.34 5.65 6.00 6.37 6.76 7.14 7.51 7.87 8.19 8.44 8.59 8.66 8.64 8.55 8.39 8.15 7.85 7.49 7.06 6.59 6.07 5.60 5.24 5.00 4.88 4.88 5.02 5.26 5.44 5.56 5.60 5.56 5.46 5.29 5.09 4.89 4.71 4.53 4.36 4.20 4.06 3.92
2.11 1.88 1.74 1.68 1.71 1.80 1.97 2.19 2.47 2.79 3.17 3.60 4.07 4.56 5.08 5.60 6.13 6.60 6.94 7.14 7.24 7.23 7.14 6.98 6.77 6.54 6.30 6.07 5.83 5.60 5.37 5.14 4.93 4.72 4.54 4.39 4.32 4.33 4.41 4.56 4.78 5.05 5.36 5.71 6.08 6.46 6.83 7.20 7.56 7.88 8.16 8.35 8.45 8.46 8.39 8.23 7.99 7.68 7.30 6.86 6.36 5.89 5.52 5.24 5.07 5.01 5.06 5.23 5.49 5.70 5.84 5.91 5.91 5.84 5.70 5.50 5.27 5.05 4.84 4.63 4.44 4.26 4.09
2.54 2.22 1.99 1.86 1.81 1.85 1.96 2.14 2.39 2.71 3.08 3.52 4.00 4.51 5.06 5.62 6.18 6.70 7.07 7.31 7.42 7.43 7.34 7.18 6.95 6.68 6.40 6.11 5.81 5.52 5.23 4.95 4.67 4.40 4.18 4.03 3.97 3.99 4.08 4.24 4.46 4.73 5.04 5.39 5.76 6.13 6.51 6.87 7.22 7.54 7.82 8.04 8.18 8.21 8.16 8.01 7.77 7.46 7.06 6.61 6.17 5.80 5.51 5.31 5.20 5.19 5.28 5.48 5.75 5.98 6.13 6.22 6.25 6.20 6.09 5.92 5.68 5.42 5.17 4.93 4.69 4.48 4.27
3.10 2.68 2.36 2.14 2.02 1.99 2.04 2.18 2.40 2.69 3.06 3.50 3.98 4.51 5.07 5.65 6.25 6.80 7.20 7.45 7.58 7.59 7.49 7.32 7.07 6.77 6.44 6.08 5.73 5.37 5.01 4.66 4.31 4.00 3.78 3.65 3.60 3.63 3.73 3.90 4.12 4.39 4.71 5.06 5.43 5.80 6.17 6.53 6.87 7.19 7.46 7.69 7.85 7.91 7.87 7.74 7.51 7.19 6.80 6.40 6.06 5.78 5.58 5.44 5.39 5.42 5.54 5.75 6.03 6.26 6.43 6.53 6.57 6.54 6.45 6.30 6.08 5.81 5.51 5.23 4.95 4.69 4.44
3.72 3.26 2.84 2.53 2.33 2.22 2.21 2.30 2.49 2.76 3.11 3.53 4.01 4.54 5.11 5.71 6.33 6.90 7.32 7.58 7.71 7.71 7.60 7.41 7.13 6.79 6.41 5.99 5.56 5.13 4.70 4.27 3.88 3.58 3.37 3.26 3.22 3.26 3.37 3.54 3.77 4.05 4.38 4.73 5.10 5.47 5.84 6.20 6.53 6.84 7.11 7.33 7.49 7.57 7.56 7.44 7.21 6.90 6.58 6.29 6.05 5.85 5.71 5.64 5.63 5.69 5.83 6.05 6.33 6.56 6.73 6.84 6.88 6.86 6.78 6.63 6.43 6.18 5.86 5.53 5.21 4.90 4.60
4.36 3.89 3.44 3.03 2.74 2.55 2.48 2.52 2.67 2.91 3.23 3.63 4.10 4.62 5.19 5.79 6.42 7.01 7.43 7.69 7.81 7.80 7.67 7.44 7.12 6.74 6.30 5.82 5.31 4.80 4.29 3.81 3.43 3.15 2.96 2.86 2.84 2.89 3.01 3.19 3.43 3.72 4.05 4.40 4.77 5.14 5.51 5.87 6.20 6.51 6.77 6.98 7.13 7.22 7.22 7.12 6.91 6.68 6.46 6.27 6.12 6.00 5.92 5.89 5.92 6.01 6.16 6.38 6.65 6.87 7.03 7.13 7.17 7.14 7.06 6.93 6.73 6.48 6.18 5.82 5.45 5.09 4.75
5.02 4.54 4.08 3.64 3.25 2.99 2.86 2.84 2.94 3.13 3.42 3.79 4.23 4.73 5.29 5.89 6.53 7.12 7.54 7.79 7.89 7.85 7.69 7.42 7.05 6.61 6.11 5.55 4.97 4.37 3.81 3.35 2.98 2.72 2.55 2.47 2.46 2.52 2.66 2.85 3.10 3.39 3.73 4.09 4.46 4.84 5.21 5.56 5.89 6.19 6.45 6.66 6.80 6.88 6.88 6.80 6.68 6.56 6.45 6.35 6.27 6.22 6.19 6.21 6.26 6.36 6.52 6.73 6.97 7.18 7.32 7.41 7.43 7.40 7.31 7.17 6.97 6.72 6.42 6.07 5.67 5.26 4.89
5.68 5.20 4.73 4.29 3.88 3.55 3.34 3.26 3.29 3.43 3.68 4.00 4.41 4.89 5.43 6.02 6.65 7.23 7.64 7.87 7.95 7.87 7.67 7.34 6.92 6.41 5.83 5.20 4.53 3.88 3.33 2.89 2.55 2.31 2.15 2.09 2.10 2.18 2.32 2.53 2.79 3.09 3.43 3.80 4.18 4.56 4.93 5.29 5.62 5.91 6.17 6.37 6.51 6.58 6.59 6.57 6.56 6.54 6.53 6.51 6.50 6.51 6.53 6.57 6.65 6.75 6.90 7.10 7.31 7.49 7.61 7.67 7.67 7.62 7.52 7.36 7.16 6.90 6.59 6.23 5.83 5.42 5.03
6.35 5.86 5.39 4.96 4.56 4.21 3.93 3.77 3.74 3.82 4.00 4.28 4.65 5.09 5.60 6.16 6.78 7.35 7.74 7.94 7.98 7.86 7.60 7.22 6.73 6.14 5.48 4.76 4.04 3.40 2.87 2.45 2.13 1.91 1.78 1.73 1.76 1.86 2.02 2.23 2.50 2.82 3.17 3.54 3.93 4.31 4.69 5.05 5.38 5.68 5.93 6.13 6.26 6.34 6.40 6.47 6.55 6.63 6.70 6.76 6.81 6.86 6.92 6.99 7.07 7.18 7.31 7.48 7.66 7.80 7.88 7.91 7.89 7.81 7.68 7.50 7.27 7.00 6.67 6.31 5.94 5.56 5.18
7.01 6.52 6.06 5.64 5.26 4.92 4.62 4.39 4.27 4.28 4.40 4.62 4.93 5.33 5.80 6.33 6.92 7.47 7.83 7.99 7.98 7.81 7.49 7.04 6.47 5.80 5.05 4.28 3.58 2.97 2.45 2.05 1.75 1.55 1.44 1.41 1.46 1.57 1.75 1.98 2.26 2.59 2.95 3.33 3.73 4.12 4.50 4.86 5.19 5.49 5.74 5.94 6.08 6.21 6.36 6.51 6.67 6.83 6.97 7.09 7.20 7.29 7.37 7.46 7.54 7.64 7.75 7.88 8.01 8.11 8.15 8.14 8.07 7.96 7.80 7.59 7.33 7.03 6.69 6.34 6.00 5.65 5.30
7.66 7.18 6.74 6.34 5.97 5.64 5.35 5.09 4.90 4.82 4.87 5.02 5.27 5.61 6.04 6.53 7.08 7.59 7.91 8.03 7.97 7.73 7.34 6.81 6.15 5.39 4.60 3.85 3.18 2.60 2.10 1.70 1.41 1.23 1.14 1.13 1.20 1.33 1.53 1.77 2.07 2.41 2.78 3.18 3.58 3.97 4.36 4.73 5.06 5.36 5.61 5.82 6.02 6.23 6.45 6.68 6.91 7.13 7.33 7.51 7.65 7.78 7.88 7.97 8.05 8.12 8.20 8.28 8.37 8.41 8.39 8.33 8.22 8.07 7.86 7.61 7.31 6.99 6.66 6.33 6.01 5.68 5.36
8.30 7.85 7.43 7.04 6.68 6.36 6.08 5.82 5.60 5.45 5.41 5.48 5.66 5.94 6.30 6.75 7.25 7.73 8.00 8.06 7.93 7.62 7.15 6.53 5.78 4.98 4.21 3.50 2.87 2.31 1.83 1.44 1.16 0.97 0.89 0.91 1.00 1.15 1.36 1.63 1.94 2.29 2.68 3.08 3.49 3.90 4.29 4.66 5.00 5.31 5.57 5.83 6.10 6.39 6.68 6.98 7.26 7.53 7.78 8.00 8.18 8.32 8.44 8.52 8.58 8.63 8.67 8.70 8.72 8.69 8.62 8.50 8.34 8.13 7.87 7.57 7.24 6.92 6.60 6.29 5.98 5.68 5.38
8.95 8.51 8.10 7.73 7.39 7.08 6.80 6.55 6.33 6.14 6.02 6.01 6.11 6.31 6.61 6.99 7.44 7.86 8.07 8.07 7.86 7.47 6.91 6.20 5.41 4.64 3.92 3.26 2.65 2.12 1.66 1.28 1.00 0.81 0.73 0.75 0.85 1.03 1.26 1.54 1.87 2.24 2.64 3.06 3.48 3.89 4.30 4.68 5.02 5.34 5.65 5.98 6.33 6.68 7.04 7.38 7.72 8.03 8.31 8.56 8.77 8.93 9.04 9.11 9.15 9.16 9.15 9.12 9.06 8.97 8.83 8.64 8.41 8.14 7.82 7.48 7.14 6.82 6.51 6.21 5.92 5.63 5.36
9.57 9.16 8.77 8.41 8.08 7.77 7.50 7.25 7.03 6.85 6.69 6.59 6.60 6.72 6.94 7.25 7.65 8.00 8.15 8.07 7.78 7.29 6.64 5.88 5.14 4.42 3.75 3.13 2.56 2.05 1.61 1.24 0.96 0.77 0.67 0.68 0.79 0.98 1.24 1.54 1.89 2.27 2.68 3.11 3.55 3.98 4.39 4.77 5.14 5.50 5.88 6.28 6.69 7.10 7.51 7.90 8.27 8.62 8.93 9.20 9.42 9.58 9.69 9.74 9.75 9.71 9.64 9.54 9.40 9.23 9.01 8.75 8.44 8.10 7.73 7.37 7.03 6.71 6.40 6.10 5.82 5.56 5.30
10.18 9.78 9.41 9.06 8.74 8.44 8.18 7.93 7.72 7.53 7.36 7.23 7.15 7.18 7.31 7.55 7.87 8.15 8.22 8.05 7.67 7.09 6.39 5.69 5.00 4.35 3.72 3.13 2.60 2.11 1.69 1.33 1.05 0.86 0.75 0.74 0.83 1.02 1.30 1.62 1.99 2.39 2.82 3.26 3.71 4.15 4.57 4.98 5.39 5.82 6.27 6.73 7.19 7.64 8.09 8.51 8.92 9.28 9.61 9.89 10.12 10.28 10.38 10.40 10.37 10.28 10.14 9.96 9.73 9.47 9.16 8.82 8.43 8.03 7.63 7.26 6.91 6.58 6.27 5.98 5.71 5.45 5.21
10.76 10.38 10.02 9.68 9.37 9.08 8.82 8.58 8.37 8.17 8.01 7.86 7.74 7.68 7.72 7.86 8.10 8.31 8.29 8.02 7.54 6.93 6.29 5.65 5.03 4.42 3.84 3.30 2.79 2.33 1.93 1.58 1.30 1.10 0.98 0.95 1.02 1.18 1.45 1.80 2.18 2.60 3.05 3.51 3.98 4.43 4.87 5.32 5.79 6.29 6.79 7.30 7.80 8.29 8.77 9.22 9.64 10.02 10.36 10.64 10.86 11.01 11.10 11.09 11.01 10.86 10.64 10.37 10.05 9.69 9.29 8.85 8.39 7.95 7.54 7.15 6.79 6.45 6.14 5.85 5.57 5.32 5.09
11.31 10.94 10.59 10.27 9.96 9.68 9.42 9.19 8.97 8.78 8.60 8.45 8.32 8.21 8.16 8.21 8.35 8.47 8.35 7.99 7.48 6.92 6.36 5.79 5.23 4.67 4.14 3.63 3.16 2.72 2.34 2.00 1.73 1.52 1.39 1.34 1.37 1.51 1.74 2.08 2.49 2.93 3.39 3.87 4.35 4.82 5.31 5.82 6.35 6.89 7.44 7.99 8.53 9.05 9.54 10.01 10.44 10.82 11.16 11.43 11.64 11.77 11.83 11.79 11.67 11.45 11.15 10.78 10.35 9.88 9.38 8.86 8.36 7.89 7.45 7.04 6.67 6.32 6.00 5.70 5.43 5.18 4.95
11.81 11.45 11.12 10.81 10.51 10.24 9.98 9.74 9.53 9.33 9.15 8.99 8.85 8.73 8.62 8.58 8.62 8.64 8.42 8.03 7.58 7.10 6.62 6.12 5.61 5.12 4.63 4.16 3.72 3.31 2.94 2.61 2.34 2.13 1.98 1.91 1.92 2.02 2.22 2.51 2.91 3.37 3.86 4.35 4.85 5.37 5.91 6.48 7.05 7.64 8.22 8.80 9.36 9.89 10.40 10.88 11.30 11.68 12.00 12.26 12.44 12.55 12.57 12.49 12.32 12.04 11.65 11.17 10.63 10.05 9.45 8.88 8.34 7.85 7.38 6.95 6.56 6.19 5.86 5.55 5.27 5.02 4.80
12.26 11.92 11.59 11.29 11.00 10.73 10.48 10.24 10.02 9.82 9.63 9.47 9.31 9.18 9.06 8.96 8.91 8.82 8.57 8.25 7.89 7.50 7.09 6.66 6.22 5.77 5.33 4.90 4.49 4.10 3.75 3.43 3.16 2.95 2.79 2.70 2.68 2.74 2.90 3.14 3.49 3.94 4.44 4.97 5.51 6.08 6.67 7.28 7.89 8.51 9.12 9.71 10.28 10.83 11.34 11.81 12.23 12.59 12.89 13.12 13.27 13.33 13.31 13.18 12.95 12.60 12.14 11.56 10.89 10.20 9.55 8.93 8.36 7.83 7.33 6.88 6.46 6.07 5.72 5.41 5.12 4.86 4.64
12.64 12.31 12.00 11.71 11.43 11.16 10.91 10.67 10.45 10.24 10.05 9.87 9.71 9.56 9.42 9.30 9.20 9.08 8.91 8.69 8.42 8.11 7.78 7.41 7.03 6.64 6.25 5.86 5.48 5.11 4.78 4.47 4.20 3.98 3.81 3.70 3.65 3.68 3.79 3.99 4.28 4.67 5.17 5.73 6.32 6.94 7.57 8.21 8.85 9.49 10.11 10.72 11.29 11.84 12.34 12.80 13.20 13.53 13.80 13.99 14.10 14.12 14.04 13.85 13.55 13.13 12.59 11.91 11.14 10.39 9.69 9.03 8.41 7.84 7.31 6.82 6.38 5.97 5.60 5.26 4.97 4.70 4.47
12.90 12.59 12.29 12.01 11.74 11.48 11.24 11.01 10.79 10.58 10.38 10.20 10.03 9.87 9.72 9.59 9.47 9.38 9.30 9.18 9.00 8.77 8.51 8.22 7.90 7.56 7.22 6.86 6.52 6.18 5.86 5.56 5.30 5.07 4.89 4.76 4.69 4.68 4.75 4.90 5.13 5.47 5.94 6.53 7.16 7.82 8.48 9.15 9.81 10.47 11.10 11.71 12.28 12.82 13.31 13.74 14.12 14.42 14.65 14.80 14.86 14.82 14.68 14.42 14.05 13.55 12.93 12.18 11.38 10.58 9.82 9.12 8.46 7.85 7.28 6.76 6.29 5.85 5.46 5.11 4.80 4.52 4.28
12.98 12.70 12.43 12.17 11.92 11.68 11.45 11.23 11.02 10.82 10.63 10.45 10.29 10.13 9.98 9.83 9.71 9.62 9.57 9.53 9.44 9.31 9.12 8.90 8.65 8.37 8.07 7.76 7.45 7.13 6.83 6.55 6.29 6.06 5.87 5.72 5.63 5.59 5.62 5.72 5.91 6.23 6.69 7.27 7.92 8.61 9.30 10.00 10.68 11.34 11.98 12.59 13.15 13.68 14.15 14.56 14.90 15.17 15.36 15.46 15.47 15.37 15.16 14.83 14.39 13.81 13.11 12.35 11.54 10.73 9.93 9.17 8.47 7.82 7.22 6.66 6.16 5.70 5.29 4.92 4.59 4.30 4.06
12.92 12.67 12.44 12.21 11.99 11.77 11.57 11.37 11.18 11.00 10.83 10.66 10.50 10.35 10.20 10.06 9.93 9.83 9.77 9.76 9.76 9.71 9.60 9.45 9.27 9.04 8.80 8.53 8.26 7.97 7.70 7.43 7.17 6.94 6.74 6.58 6.47 6.40 6.39 6.46 6.63 6.95 7.41 7.97 8.61 9.31 10.03 10.74 11.43 12.10 12.74 13.35 13.90 14.41 14.86 15.24 15.55 15.78 15.93 15.98 15.92 15.76 15.48 15.08 14.56 13.91 13.20 12.43 11.62 10.80 9.99 9.19 8.45 7.75 7.12 6.53 6.00 5.51 5.08 4.69 4.35 4.05 3.80
