data_processed/recharge/precip/Precip_1996_10.asc
ncols        168
nrows        136
xllcorner    455000
yllcorner    2107000
cellsize     500
NODATA_value     -99999
[rows 34 to 67 of 136, columns 78 to 155 of 168]
54.74 52.76 50.88 49.10 47.43 45.86 44.38 43.00 41.72 40.53 39.43 38.41 37.48 36.64 35.88 35.20 34.59 34.06 33.61 33.23 32.91 32.67 32.49 32.37 32.31 32.32 32.38 32.49 32.66 32.88 33.15 33.47 33.83 34.24 34.69 35.17 35.69 36.25 36.84 37.46 38.11 38.79 39.49 40.21 40.95 41.71 42.49 43.29 44.09 44.91 45.73 46.56 47.40 48.23 49.07 49.90 50.73 51.56 52.39 53.21 54.03 54.88 55.73 56.60 57.47 58.36 59.26 60.16 61.07 61.98 62.89 63.80 64.72 65.63 66.54 67.44 68.34 69.23
54.01 52.08 50.26 48.54 46.93 45.41 43.99 42.66 41.43 40.29 39.23 38.26 37.38 36.58 35.85 35.21 34.64 34.15 33.72 33.37 33.09 32.87 32.71 32.62 32.59 32.61 32.69 32.82 33.01 33.24 33.52 33.85 34.22 34.63 35.08 35.57 36.09 36.65 37.24 37.85 38.50 39.16 39.85 40.57 41.30 42.04 42.80 43.58 44.36 45.16 45.96 46.76 47.57 48.38 49.18 49.98 50.78 51.57 52.36 53.17 53.99 54.82 55.68 56.54 57.42 58.30 59.20 60.10 61.00 61.92 62.83 63.75 64.66 65.58 66.49 67.40 68.30 69.20
53.21 51.32 49.56 47.90 46.35 44.88 43.52 42.25 41.06 39.97 38.96 38.04 37.20 36.44 35.75 35.15 34.62 34.16 33.77 33.45 33.19 33.00 32.88 32.81 32.80 32.84 32.94 33.09 33.29 33.54 33.83 34.17 34.55 34.97 35.42 35.91 36.44 36.99 37.58 38.19 38.83 39.49 40.17 40.87 41.59 42.32 43.07 43.83 44.59 45.36 46.14 46.92 47.70 48.48 49.26 50.03 50.79 51.56 52.35 53.15 53.97 54.80 55.65 56.51 57.38 58.27 59.16 60.06 60.96 61.88 62.79 63.71 64.63 65.54 66.46 67.37 68.28 69.18
52.35 50.49 48.76 47.16 45.67 44.26 42.95 41.73 40.60 39.56 38.60 37.72 36.93 36.21 35.57 35.01 34.51 34.09 33.74 33.45 33.22 33.06 32.96 32.92 32.93 33.00 33.12 33.29 33.50 33.77 34.07 34.42 34.81 35.24 35.70 36.20 36.72 37.28 37.87 38.48 39.11 39.76 40.44 41.13 41.84 42.56 43.29 44.03 44.77 45.53 46.28 47.04 47.79 48.54 49.29 50.03 50.77 51.54 52.34 53.15 53.97 54.80 55.64 56.50 57.36 58.24 59.13 60.03 60.93 61.84 62.76 63.68 64.60 65.51 66.43 67.35 68.26 69.16
51.42 49.59 47.90 46.34 44.89 43.55 42.30 41.13 40.06 39.06 38.15 37.33 36.58 35.90 35.31 34.78 34.33 33.94 33.62 33.37 33.18 33.05 32.98 32.96 33.00 33.09 33.23 33.42 33.65 33.93 34.25 34.62 35.02 35.45 35.92 36.42 36.95 37.51 38.10 38.71 39.34 39.99 40.65 41.34 42.03 42.74 43.46 44.18 44.91 45.65 46.38 47.12 47.85 48.57 49.29 50.01 50.76 51.53 52.34 53.15 53.98 54.81 55.65 56.50 57.36 58.23 59.12 60.01 60.91 61.82 62.74 63.65 64.57 65.49 66.41 67.32 68.24 69.14
50.45 48.64 46.97 45.44 44.04 42.75 41.55 40.44 39.42 38.48 37.62 36.85 36.14 35.52 34.96 34.48 34.07 33.72 33.44 33.22 33.06 32.96 32.92 32.93 33.00 33.11 33.28 33.49 33.74 34.04 34.38 34.75 35.16 35.61 36.09 36.60 37.13 37.69 38.28 38.89 39.52 40.16 40.83 41.50 42.19 42.89 43.59 44.30 45.02 45.73 46.45 47.16 47.87 48.57 49.27 50.00 50.75 51.53 52.34 53.16 53.99 54.83 55.67 56.51 57.37 58.24 59.12 60.01 60.91 61.81 62.72 63.64 64.55 65.47 66.39 67.31 68.22 69.13
49.42 47.64 46.00 44.49 43.11 41.86 40.72 39.67 38.71 37.82 37.01 36.29 35.63 35.05 34.54 34.11 33.73 33.43 33.18 33.00 32.88 32.81 32.80 32.84 32.93 33.07 33.26 33.49 33.77 34.08 34.44 34.83 35.25 35.71 36.20 36.72 37.26 37.83 38.42 39.03 39.65 40.30 40.96 41.62 42.30 42.99 43.69 44.38 45.08 45.78 46.48 47.17 47.86 48.54 49.25 49.99 50.75 51.54 52.35 53.18 54.01 54.85 55.70 56.54 57.39 58.26 59.13 60.02 60.91 61.81 62.72 63.63 64.55 65.46 66.38 67.30 68.21 69.12
48.34 46.59 44.97 43.49 42.14 40.92 39.81 38.82 37.91 37.08 36.33 35.65 35.05 34.52 34.05 33.66 33.33 33.06 32.86 32.71 32.63 32.59 32.61 32.69 32.81 32.97 33.19 33.44 33.74 34.08 34.45 34.86 35.30 35.77 36.26 36.79 37.34 37.91 38.51 39.12 39.75 40.39 41.04 41.71 42.38 43.06 43.74 44.43 45.12 45.80 46.48 47.15 47.83 48.52 49.24 49.99 50.76 51.55 52.37 53.20 54.04 54.88 55.73 56.58 57.43 58.29 59.16 60.04 60.93 61.82 62.73 63.63 64.55 65.46 66.38 67.29 68.21 69.12
47.22 45.49 43.90 42.45 41.12 39.93 38.85 37.89 37.04 36.26 35.57 34.94 34.39 33.91 33.49 33.14 32.86 32.63 32.47 32.36 32.31 32.32 32.37 32.47 32.62 32.82 33.06 33.34 33.66 34.02 34.41 34.83 35.29 35.77 36.28 36.82 37.38 37.96 38.56 39.17 39.80 40.44 41.10 41.76 42.42 43.10 43.77 44.45 45.12 45.79 46.45 47.12 47.80 48.51 49.24 50.00 50.77 51.57 52.39 53.23 54.07 54.92 55.77 56.62 57.48 58.34 59.20 60.07 60.96 61.85 62.74 63.65 64.56 65.47 66.38 67.29 68.21 69.12
46.06 44.36 42.80 41.37 40.07 38.89 37.84 36.91 36.09 35.37 34.73 34.16 33.66 33.23 32.86 32.56 32.32 32.14 32.02 31.95 31.94 31.98 32.07 32.20 32.39 32.61 32.88 33.18 33.53 33.91 34.32 34.76 35.23 35.73 36.26 36.81 37.37 37.96 38.57 39.19 39.82 40.46 41.11 41.77 42.44 43.10 43.77 44.43 45.10 45.75 46.41 47.09 47.79 48.51 49.25 50.01 50.80 51.60 52.42 53.26 54.11 54.96 55.81 56.67 57.53 58.39 59.26 60.13 61.00 61.88 62.78 63.67 64.58 65.48 66.39 67.30 68.21 69.12
44.86 43.18 41.65 40.25 38.97 37.83 36.80 35.89 35.10 34.42 33.83 33.32 32.87 32.49 32.17 31.92 31.72 31.59 31.51 31.48 31.51 31.59 31.71 31.88 32.09 32.35 32.65 32.98 33.35 33.75 34.18 34.65 35.14 35.65 36.19 36.75 37.33 37.93 38.54 39.17 39.80 40.45 41.10 41.76 42.42 43.08 43.74 44.40 45.05 45.70 46.37 47.06 47.78 48.51 49.26 50.03 50.82 51.63 52.46 53.30 54.15 55.00 55.86 56.72 57.59 58.45 59.32 60.19 61.06 61.93 62.82 63.71 64.61 65.51 66.41 67.32 68.23 69.13
43.62 41.98 40.47 39.09 37.85 36.73 35.73 34.84 34.08 33.42 32.87 32.40 32.01 31.68 31.42 31.21 31.07 30.98 30.94 30.96 31.03 31.14 31.30 31.51 31.75 32.04 32.37 32.73 33.12 33.55 34.01 34.49 35.00 35.53 36.09 36.66 37.25 37.86 38.48 39.12 39.76 40.41 41.06 41.72 42.38 43.03 43.69 44.34 44.99 45.66 46.34 47.05 47.77 48.52 49.28 50.06 50.86 51.67 52.50 53.35 54.20 55.05 55.91 56.78 57.65 58.52 59.39 60.26 61.13 62.00 62.87 63.76 64.65 65.55 66.45 67.35 68.25 69.15
42.36 40.74 39.26 37.91 36.69 35.59 34.62 33.76 33.02 32.39 31.86 31.44 31.10 30.82 30.61 30.45 30.36 30.31 30.32 30.38 30.49 30.65 30.85 31.09 31.37 31.69 32.04 32.43 32.86 33.31 33.79 34.30 34.83 35.38 35.95 36.54 37.15 37.76 38.40 39.04 39.68 40.34 40.99 41.65 42.31 42.96 43.61 44.27 44.93 45.62 46.32 47.04 47.78 48.54 49.31 50.10 50.90 51.72 52.55 53.40 54.25 55.11 55.97 56.84 57.71 58.58 59.46 60.33 61.20 62.07 62.94 63.82 64.70 65.59 66.49 67.38 68.28 69.18
41.06 39.47 38.02 36.70 35.51 34.44 33.49 32.66 31.94 31.33 30.83 30.43 30.12 29.90 29.74 29.64 29.59 29.60 29.65 29.76 29.91 30.10 30.34 30.62 30.94 31.29 31.68 32.10 32.55 33.03 33.54 34.07 34.62 35.19 35.78 36.39 37.01 37.64 38.28 38.93 39.59 40.24 40.90 41.57 42.22 42.88 43.53 44.20 44.89 45.59 46.31 47.04 47.79 48.56 49.34 50.14 50.95 51.77 52.61 53.45 54.31 55.17 56.03 56.90 57.78 58.65 59.53 60.40 61.28 62.15 63.03 63.90 64.77 65.65 66.54 67.43 68.32 69.21
39.75 38.18 36.76 35.46 34.30 33.26 32.34 31.53 30.84 30.25 29.78 29.40 29.12 28.93 28.83 28.78 28.78 28.83 28.94 29.09 29.28 29.52 29.80 30.12 30.47 30.86 31.28 31.73 32.21 32.72 33.25 33.81 34.38 34.97 35.58 36.21 36.84 37.49 38.14 38.80 39.47 40.13 40.80 41.46 42.12 42.78 43.46 44.14 44.85 45.57 46.30 47.05 47.82 48.59 49.38 50.19 51.00 51.83 52.67 53.52 54.37 55.23 56.10 56.97 57.85 58.73 59.60 60.48 61.36 62.24 63.11 63.98 64.85 65.72 66.60 67.48 68.36 69.25
38.41 36.88 35.48 34.21 33.07 32.06 31.16 30.38 29.72 29.16 28.70 28.35 28.10 27.94 27.86 27.86 27.92 28.02 28.17 28.37 28.61 28.89 29.21 29.57 29.96 30.39 30.84 31.33 31.84 32.38 32.94 33.52 34.11 34.73 35.36 36.00 36.65 37.31 37.98 38.65 39.33 40.00 40.67 41.34 42.01 42.69 43.39 44.10 44.82 45.56 46.31 47.07 47.85 48.63 49.43 50.24 51.06 51.89 52.73 53.58 54.44 55.30 56.17 57.05 57.92 58.80 59.68 60.56 61.44 62.32 63.20 64.07 64.94 65.80 66.67 67.55 68.42 69.30
37.05 35.55 34.18 32.94 31.83 30.84 29.97 29.22 28.58 28.05 27.62 27.29 27.06 26.92 26.87 26.91 27.01 27.17 27.37 27.62 27.90 28.23 28.59 28.99 29.42 29.88 30.38 30.89 31.44 32.01 32.59 33.20 33.82 34.46 35.11 35.77 36.44 37.12 37.80 38.49 39.17 39.86 40.54 41.22 41.91 42.61 43.33 44.06 44.80 45.55 46.32 47.10 47.88 48.68 49.49 50.30 51.13 51.96 52.81 53.66 54.51 55.38 56.25 57.12 58.00 58.88 59.76 60.65 61.53 62.41 63.29 64.16 65.03 65.90 66.76 67.62 68.49 69.36
35.69 34.21 32.87 31.66 30.58 29.61 28.77 28.05 27.43 26.92 26.52 26.22 26.01 25.90 25.87 25.93 26.07 26.28 26.53 26.82 27.16 27.53 27.94 28.38 28.85 29.35 29.88 30.43 31.01 31.61 32.22 32.86 33.51 34.17 34.85 35.53 36.22 36.91 37.61 38.31 39.01 39.70 40.39 41.10 41.81 42.54 43.28 44.03 44.79 45.56 46.34 47.13 47.93 48.73 49.55 50.37 51.20 52.04 52.88 53.73 54.59 55.46 56.33 57.20 58.08 58.97 59.85 60.73 61.62 62.50 63.38 64.26 65.13 65.99 66.85 67.71 68.57 69.43
34.31 32.86 31.55 30.37 29.31 28.38 27.56 26.86 26.28 25.79 25.42 25.14 24.96 24.87 24.86 24.95 25.11 25.35 25.65 26.00 26.38 26.80 27.25 27.73 28.25 28.79 29.35 29.94 30.56 31.19 31.84 32.50 33.18 33.87 34.56 35.27 35.98 36.69 37.41 38.12 38.83 39.54 40.26 40.99 41.73 42.48 43.24 44.01 44.79 45.57 46.37 47.17 47.98 48.79 49.62 50.44 51.28 52.12 52.96 53.82 54.68 55.54 56.41 57.29 58.17 59.05 59.94 60.82 61.71 62.59 63.47 64.35 65.22 66.09 66.95 67.81 68.66 69.51
32.93 31.51 30.22 29.07 28.04 27.14 26.35 25.68 25.11 24.66 24.31 24.05 23.90 23.83 23.85 23.96 24.15 24.41 24.74 25.14 25.57 26.04 26.53 27.06 27.62 28.20 28.81 29.43 30.08 30.75 31.43 32.12 32.83 33.54 34.27 34.99 35.73 36.46 37.19 37.92 38.65 39.39 40.13 40.89 41.65 42.43 43.21 43.99 44.79 45.59 46.40 47.21 48.03 48.86 49.69 50.52 51.36 52.21 53.05 53.90 54.76 55.63 56.50 57.38 58.26 59.14 60.03 60.91 61.80 62.68 63.56 64.44 65.32 66.19 67.05 67.91 68.76 69.60
31.54 30.15 28.90 27.77 26.77 25.89 25.13 24.49 23.95 23.52 23.20 22.97 22.84 22.80 22.84 22.97 23.18 23.47 23.83 24.25 24.73 25.25 25.79 26.37 26.97 27.59 28.24 28.91 29.59 30.29 31.00 31.73 32.47 33.21 33.96 34.71 35.46 36.22 36.97 37.72 38.48 39.25 40.02 40.80 41.59 42.38 43.18 43.99 44.80 45.62 46.44 47.27 48.10 48.93 49.77 50.61 51.45 52.30 53.14 54.00 54.86 55.72 56.59 57.47 58.35 59.23 60.12 61.01 61.89 62.78 63.66 64.54 65.42 66.29 67.15 68.01 68.86 69.70
30.15 28.80 27.57 26.47 25.50 24.65 23.92 23.30 22.79 22.39 22.09 21.89 21.78 21.76 21.83 21.99 22.22 22.53 22.91 23.36 23.88 24.44 25.03 25.65 26.30 26.97 27.65 28.36 29.08 29.82 30.57 31.33 32.09 32.86 33.64 34.42 35.20 35.97 36.75 37.53 38.32 39.11 39.91 40.72 41.53 42.35 43.17 44.00 44.82 45.66 46.49 47.33 48.17 49.01 49.86 50.70 51.55 52.40 53.24 54.09 54.95 55.82 56.69 57.57 58.45 59.33 60.21 61.10 61.99 62.87 63.76 64.64 65.51 66.39 67.25 68.11 68.96 69.80
28.77 27.44 26.25 25.18 24.24 23.42 22.71 22.12 21.64 21.26 20.99 20.81 20.73 20.74 20.83 21.01 21.27 21.60 22.01 22.48 23.02 23.61 24.25 24.92 25.61 26.32 27.05 27.80 28.56 29.34 30.12 30.91 31.71 32.52 33.32 34.13 34.93 35.73 36.54 37.35 38.17 38.99 39.82 40.65 41.49 42.32 43.16 44.01 44.85 45.70 46.55 47.40 48.25 49.10 49.95 50.80 51.65 52.50 53.34 54.19 55.05 55.92 56.79 57.66 58.54 59.43 60.31 61.20 62.09 62.97 63.85 64.74 65.61 66.48 67.35 68.21 69.06 69.90
27.40 26.10 24.93 23.90 22.98 22.19 21.51 20.95 20.49 20.15 19.90 19.75 19.69 19.72 19.84 20.05 20.33 20.69 21.11 21.61 22.17 22.78 23.46 24.17 24.91 25.67 26.44 27.23 28.03 28.85 29.67 30.50 31.33 32.16 33.00 33.83 34.66 35.50 36.34 37.18 38.03 38.88 39.73 40.59 41.45 42.31 43.17 44.03 44.89 45.75 46.61 47.47 48.33 49.19 50.05 50.90 51.76 52.60 53.45 54.30 55.16 56.02 56.89 57.77 58.65 59.53 60.41 61.30 62.18 63.07 63.95 64.83 65.71 66.58 67.45 68.31 69.16 70.00
26.04 24.77 23.63 22.62 21.74 20.97 20.33 19.79 19.36 19.04 18.82 18.70 18.67 18.72 18.87 19.10 19.40 19.78 20.23 20.75 21.33 21.97 22.67 23.42 24.20 25.00 25.82 26.66 27.50 28.35 29.21 30.07 30.94 31.81 32.67 33.54 34.41 35.28 36.15 37.02 37.90 38.78 39.66 40.54 41.42 42.30 43.18 44.06 44.94 45.81 46.69 47.56 48.43 49.29 50.15 51.01 51.87 52.72 53.56 54.41 55.27 56.13 57.00 57.87 58.75 59.63 60.51 61.40 62.28 63.17 64.05 64.93 65.81 66.68 67.55 68.41 69.26 70.10
24.69 23.45 22.35 21.37 20.51 19.78 19.16 18.65 18.25 17.95 17.76 17.66 17.66 17.74 17.91 18.16 18.49 18.90 19.37 19.91 20.52 21.18 21.90 22.67 23.48 24.33 25.20 26.08 26.96 27.85 28.75 29.65 30.56 31.46 32.36 33.26 34.16 35.06 35.97 36.88 37.78 38.69 39.59 40.50 41.40 42.30 43.20 44.09 44.99 45.88 46.76 47.65 48.52 49.40 50.27 51.13 51.98 52.83 53.68 54.52 55.38 56.24 57.11 57.98 58.86 59.74 60.62 61.50 62.39 63.27 64.15 65.03 65.91 66.78 67.65 68.51 69.36 70.20
23.36 22.15 21.08 20.13 19.30 18.60 18.00 17.52 17.15 16.89 16.72 16.65 16.67 16.78 16.98 17.25 17.61 18.04 18.53 19.10 19.73 20.41 21.15 21.94 22.78 23.66 24.57 25.49 26.42 27.36 28.30 29.24 30.18 31.11 32.05 32.99 33.93 34.86 35.80 36.74 37.67 38.60 39.53 40.46 41.39 42.31 43.23 44.14 45.05 45.95 46.85 47.74 48.63 49.51 50.38 51.25 52.11 52.96 53.80 54.64 55.49 56.35 57.22 58.09 58.96 59.84 60.72 61.61 62.49 63.37 64.25 65.13 66.01 66.88 67.74 68.60 69.45 70.30
22.05 20.88 19.83 18.91 18.12 17.44 16.88 16.43 16.08 15.84 15.70 15.66 15.71 15.84 16.06 16.37 16.75 17.20 17.72 18.31 18.96 19.67 20.43 21.24 22.10 23.01 23.95 24.91 25.89 26.87 27.85 28.83 29.80 30.78 31.76 32.73 33.70 34.68 35.64 36.61 37.57 38.53 39.49 40.44 41.38 42.33 43.26 44.19 45.11 46.03 46.94 47.84 48.74 49.63 50.50 51.37 52.23 53.08 53.92 54.76 55.61 56.47 57.33 58.20 59.08 59.95 60.83 61.71 62.59 63.48 64.36 65.23 66.11 66.98 67.84 68.70 69.55 70.39
20.77 19.63 18.61 17.72 16.96 16.31 15.78 15.35 15.04 14.83 14.71 14.70 14.77 14.93 15.18 15.51 15.91 16.39 16.94 17.55 18.22 18.95 19.74 20.57 21.45 22.38 23.34 24.34 25.36 26.38 27.40 28.42 29.44 30.46 31.47 32.48 33.49 34.50 35.50 36.49 37.48 38.47 39.45 40.42 41.39 42.35 43.30 44.25 45.19 46.12 47.04 47.95 48.85 49.75 50.63 51.50 52.36 53.21 54.05 54.89 55.74 56.59 57.45 58.32 59.19 60.06 60.94 61.82 62.70 63.58 64.46 65.33 66.21 67.07 67.94 68.79 69.64 70.48
19.52 18.40 17.42 16.56 15.83 15.21 14.70 14.31 14.02 13.84 13.75 13.76 13.87 14.06 14.33 14.68 15.11 15.61 16.19 16.82 17.52 18.27 19.08 19.94 20.84 21.79 22.77 23.79 24.84 25.90 26.97 28.03 29.09 30.15 31.20 32.25 33.29 34.33 35.36 36.38 37.40 38.41 39.42 40.42 41.40 42.38 43.36 44.32 45.27 46.21 47.14 48.07 48.98 49.88 50.76 51.64 52.50 53.35 54.19 55.02 55.86 56.72 57.57 58.44 59.31 60.18 61.05 61.93 62.81 63.68 64.56 65.43 66.30 67.17 68.03 68.89 69.73 70.57
18.29 17.21 16.26 15.43 14.73 14.14 13.67 13.30 13.04 12.89 12.83 12.87 13.00 13.21 13.51 13.89 14.35 14.87 15.47 16.13 16.85 17.63 18.46 19.34 20.26 21.23 22.24 23.28 24.35 25.44 26.55 27.66 28.76 29.85 30.94 32.02 33.10 34.17 35.23 36.29 37.33 38.37 39.40 40.42 41.43 42.43 43.41 44.39 45.36 46.31 47.26 48.19 49.10 50.01 50.90 51.78 52.64 53.49 54.32 55.15 55.99 56.84 57.70 58.56 59.42 60.29 61.17 62.04 62.91 63.79 64.66 65.53 66.40 67.27 68.13 68.98 69.83 70.66
17.11 16.06 15.14 14.34 13.67 13.11 12.67 12.33 12.10 11.97 11.95 12.01 12.17 12.41 12.74 13.14 13.62 14.17 14.79 15.48 16.22 17.02 17.88 18.78 19.73 20.72 21.75 22.81 23.90 25.01 26.15 27.29 28.43 29.57 30.69 31.81 32.92 34.02 35.11 36.20 37.27 38.33 39.39 40.43 41.46 42.47 43.48 44.47 45.45 46.42 47.37 48.31 49.24 50.15 51.04 51.92 52.79 53.63 54.46 55.29 56.13 56.97 57.82 58.68 59.54 60.41 61.28 62.15 63.02 63.89 64.77 65.63 66.50 67.36 68.22 69.07 69.91 70.75
15.96 14.95 14.06 13.29 12.65 12.12 11.71 11.40 11.20 11.10 11.10 11.19 11.38 11.65 12.00 12.43 12.94 13.52 14.16 14.87 15.64 16.46 17.34 18.27 19.24 20.25 21.30 22.38 23.49 24.62 25.77 26.94 28.12 29.29 30.45 31.61 32.75 33.89 35.01 36.12 37.22 38.31 39.38 40.45 41.50 42.53 43.55 44.56 45.56 46.54 47.50 48.45 49.38 50.29 51.19 52.07 52.93 53.78 54.61 55.43 56.26 57.11 57.95 58.81 59.67 60.53 61.39 62.26 63.13 64.00 64.87 65.73 66.60 67.46 68.31 69.16 70.00 70.83
14.86 13.88 13.02 12.28 11.67 11.17 10.79 10.51 10.34 10.27 10.30 10.42 10.63 10.93 11.31 11.77 12.30 12.90 13.58 14.31 15.10 15.95 16.85 17.80 18.79 19.83 20.90 21.99 23.12 24.26 25.43 26.62 27.82 29.03 30.23 31.42 32.59 33.76 34.91 36.05 37.18 38.29 39.39 40.47 41.54 42.60 43.64 44.66 45.67 46.66 47.63 48.58 49.52 50.44 51.34 52.23 53.09 53.93 54.76 55.58 56.40 57.24 58.08 58.93 59.79 60.65 61.51 62.37 63.24 64.11 64.97 65.83 66.69 67.55 68.40 69.25 70.09 70.92
