data_processed/recharge/precip/Precip_1994_09.asc
ncols        168
nrows        136
xllcorner    455000
yllcorner    2107000
cellsize     500
NODATA_value     -99999
[rows 99 to 131 of 136, columns 74 to 147 of 168]
118.22 116.41 114.53 112.57 110.52 108.42 106.24 103.98 101.61 99.15 96.60 94.01 91.37 88.73 86.09 83.48 80.93 78.44 76.05 73.77 71.62 69.63 67.84 66.43 65.53 65.11 65.18 65.62 65.92 65.83 65.36 64.53 63.43 62.28 61.19 60.15 59.16 58.24 57.37 56.57 55.83 55.15 54.53 53.98 53.50 53.09 52.75 52.48 52.27 52.11 51.99 51.90 51.85 51.86 51.98 52.21 52.57 53.05 53.73 54.67 55.87 57.30 58.92 60.72 62.66 64.73 66.88 69.10 71.36 73.63 75.89 78.10 80.25 82.31
121.32 119.49 117.57 115.56 113.47 111.31 109.04 106.65 104.14 101.54 98.86 96.13 93.38 90.61 87.86 85.13 82.47 79.88 77.38 75.00 72.76 70.68 68.78 67.11 65.84 65.09 64.86 65.05 65.11 64.77 64.04 63.03 61.97 60.94 59.97 59.05 58.18 57.37 56.61 55.90 55.25 54.67 54.14 53.67 53.27 52.93 52.65 52.45 52.31 52.22 52.17 52.15 52.14 52.18 52.34 52.62 53.02 53.64 54.52 55.67 57.04 58.63 60.40 62.32 64.36 66.51 68.73 70.99 73.28 75.55 77.79 79.97 82.07 84.04
124.22 122.35 120.40 118.35 116.21 113.95 111.55 109.01 106.37 103.63 100.83 97.98 95.10 92.21 89.35 86.52 83.74 81.05 78.46 75.98 73.65 71.48 69.50 67.72 66.20 65.10 64.54 64.44 64.23 63.61 62.68 61.69 60.74 59.83 58.96 58.14 57.37 56.65 55.98 55.36 54.79 54.28 53.82 53.42 53.08 52.79 52.57 52.41 52.31 52.28 52.30 52.34 52.38 52.47 52.67 53.01 53.55 54.38 55.47 56.80 58.35 60.09 61.99 64.02 66.16 68.37 70.65 72.94 75.24 77.51 79.73 81.87 83.89 85.79
126.86 124.97 122.97 120.87 118.64 116.25 113.71 111.04 108.26 105.40 102.47 99.49 96.50 93.50 90.53 87.59 84.71 81.92 79.23 76.67 74.25 72.00 69.94 68.09 66.47 65.12 64.22 63.80 63.28 62.43 61.51 60.62 59.77 58.95 58.18 57.45 56.76 56.12 55.52 54.97 54.46 54.01 53.61 53.26 52.96 52.72 52.53 52.40 52.34 52.33 52.38 52.47 52.57 52.71 52.98 53.46 54.22 55.27 56.56 58.07 59.78 61.66 63.67 65.81 68.03 70.31 72.62 74.94 77.25 79.50 81.68 83.76 85.72 87.52
129.21 127.29 125.26 123.07 120.70 118.17 115.49 112.69 109.78 106.79 103.74 100.65 97.55 94.44 91.36 88.32 85.35 82.46 79.68 77.03 74.53 72.20 70.06 68.14 66.45 65.01 63.88 63.12 62.35 61.49 60.66 59.85 59.09 58.36 57.66 57.00 56.38 55.80 55.25 54.76 54.30 53.89 53.53 53.21 52.95 52.73 52.57 52.45 52.40 52.39 52.45 52.56 52.71 52.92 53.33 54.05 55.04 56.29 57.77 59.45 61.31 63.32 65.45 67.67 69.96 72.29 74.64 76.97 79.27 81.50 83.64 85.65 87.52 89.22
131.21 129.30 127.21 124.89 122.38 119.71 116.90 113.97 110.94 107.83 104.66 101.45 98.24 95.02 91.84 88.70 85.63 82.65 79.78 77.05 74.47 72.06 69.85 67.86 66.10 64.61 63.39 62.46 61.66 60.88 60.13 59.40 58.70 58.04 57.40 56.80 56.23 55.70 55.20 54.74 54.32 53.94 53.60 53.31 53.06 52.85 52.69 52.58 52.52 52.51 52.56 52.65 52.81 53.14 53.80 54.75 55.96 57.41 59.07 60.91 62.91 65.04 67.27 69.57 71.92 74.30 76.67 79.01 81.29 83.48 85.56 87.51 89.28 90.87
132.90 131.09 129.09 126.69 124.03 121.22 118.27 115.20 112.04 108.80 105.51 102.18 98.85 95.52 92.23 88.98 85.81 82.74 79.78 76.95 74.28 71.79 69.51 67.44 65.61 64.04 62.77 61.83 61.06 60.36 59.69 59.03 58.40 57.80 57.22 56.67 56.15 55.66 55.21 54.78 54.39 54.04 53.72 53.44 53.20 53.00 52.85 52.74 52.67 52.65 52.68 52.75 52.90 53.32 54.18 55.37 56.80 58.44 60.28 62.27 64.41 66.65 68.98 71.37 73.78 76.20 78.59 80.93 83.19 85.35 87.37 89.24 90.92 92.39
134.39 132.78 130.96 128.64 125.89 122.93 119.82 116.61 113.30 109.92 106.49 103.04 99.57 96.12 92.70 89.34 86.06 82.87 79.81 76.88 74.11 71.53 69.15 66.99 65.08 63.45 62.15 61.19 60.43 59.78 59.18 58.60 58.04 57.50 56.98 56.49 56.02 55.58 55.16 54.78 54.42 54.09 53.80 53.54 53.32 53.13 52.98 52.87 52.80 52.77 52.79 52.86 53.02 53.45 54.39 55.77 57.42 59.26 61.27 63.43 65.71 68.07 70.50 72.97 75.45 77.91 80.32 82.66 84.91 87.03 89.01 90.80 92.39 93.74
135.83 134.41 132.74 130.57 127.90 124.82 121.56 118.18 114.72 111.19 107.61 104.01 100.40 96.81 93.26 89.77 86.36 83.05 79.87 76.83 73.95 71.26 68.77 66.52 64.52 62.85 61.53 60.56 59.80 59.15 58.59 58.09 57.60 57.13 56.68 56.25 55.83 55.44 55.07 54.73 54.41 54.11 53.85 53.61 53.41 53.23 53.09 52.99 52.92 52.89 52.90 52.99 53.17 53.61 54.56 56.01 57.84 59.89 62.08 64.40 66.82 69.31 71.85 74.40 76.94 79.44 81.89 84.24 86.47 88.56 90.48 92.21 93.70 94.95
137.24 135.99 134.45 132.40 129.85 126.84 123.45 119.91 116.28 112.58 108.84 105.08 101.32 97.58 93.89 90.25 86.71 83.26 79.95 76.78 73.78 70.96 68.36 66.01 63.96 62.25 60.92 59.94 59.18 58.52 57.97 57.51 57.10 56.70 56.32 55.95 55.59 55.25 54.93 54.63 54.35 54.10 53.86 53.65 53.47 53.31 53.19 53.09 53.02 53.00 53.04 53.14 53.34 53.80 54.77 56.23 58.12 60.33 62.72 65.20 67.77 70.38 73.03 75.66 78.27 80.83 83.30 85.66 87.89 89.95 91.82 93.48 94.89 96.03
138.63 137.52 136.08 134.14 131.70 128.79 125.44 121.77 117.96 114.08 110.17 106.24 102.32 98.42 94.56 90.78 87.08 83.49 80.03 76.72 73.58 70.64 67.92 65.50 63.41 61.67 60.32 59.33 58.56 57.91 57.35 56.90 56.53 56.21 55.89 55.59 55.30 55.02 54.75 54.50 54.26 54.04 53.84 53.67 53.51 53.37 53.26 53.17 53.12 53.12 53.18 53.31 53.54 54.02 55.01 56.48 58.38 60.65 63.19 65.85 68.56 71.31 74.06 76.79 79.47 82.08 84.58 86.96 89.17 91.21 93.04 94.63 95.96 97.03
140.00 139.02 137.66 135.79 133.43 130.61 127.35 123.70 119.75 115.69 111.59 107.48 103.38 99.30 95.28 91.32 87.46 83.71 80.10 76.63 73.35 70.28 67.48 65.01 62.87 61.11 59.73 58.74 57.97 57.31 56.75 56.30 55.94 55.66 55.41 55.18 54.95 54.73 54.52 54.32 54.13 53.96 53.80 53.65 53.52 53.41 53.32 53.25 53.23 53.25 53.34 53.51 53.76 54.28 55.29 56.78 58.69 60.97 63.56 66.35 69.22 72.10 74.96 77.79 80.54 83.20 85.74 88.13 90.35 92.36 94.15 95.68 96.95 98.03
141.37 140.49 139.18 137.37 135.07 132.31 129.12 125.54 121.59 117.38 113.09 108.78 104.49 100.22 96.02 91.88 87.84 83.92 80.14 76.51 73.09 69.92 67.06 64.53 62.36 60.56 59.17 58.17 57.39 56.72 56.17 55.71 55.35 55.08 54.88 54.72 54.56 54.41 54.25 54.11 53.97 53.84 53.72 53.61 53.51 53.43 53.37 53.33 53.34 53.39 53.52 53.72 54.01 54.56 55.60 57.12 59.04 61.33 63.92 66.77 69.76 72.77 75.75 78.67 81.51 84.23 86.80 89.21 91.43 93.42 95.17 96.66 97.96 99.07
142.74 141.93 140.66 138.88 136.61 133.89 130.74 127.21 123.31 119.09 114.64 110.13 105.63 101.17 96.77 92.44 88.21 84.11 80.14 76.36 72.83 69.59 66.66 64.08 61.86 60.04 58.62 57.61 56.83 56.16 55.61 55.15 54.79 54.52 54.33 54.21 54.12 54.03 53.94 53.86 53.77 53.69 53.62 53.55 53.49 53.44 53.40 53.40 53.45 53.54 53.70 53.95 54.28 54.87 55.95 57.49 59.44 61.74 64.34 67.19 70.22 73.35 76.45 79.47 82.38 85.16 87.78 90.21 92.43 94.41 96.14 97.66 98.99 100.14
144.13 143.37 142.10 140.33 138.07 135.36 132.24 128.73 124.86 120.67 116.19 111.51 106.79 102.12 97.51 92.98 88.56 84.25 80.12 76.21 72.59 69.27 66.29 63.65 61.39 59.54 58.10 57.09 56.30 55.63 55.07 54.61 54.25 53.98 53.79 53.68 53.64 53.62 53.60 53.57 53.54 53.52 53.49 53.46 53.44 53.43 53.43 53.47 53.56 53.70 53.90 54.19 54.58 55.22 56.33 57.91 59.88 62.21 64.82 67.67 70.71 73.87 77.07 80.19 83.18 86.03 88.69 91.15 93.37 95.35 97.12 98.68 100.05 101.22
145.54 144.81 143.52 141.73 139.46 136.74 133.61 130.10 126.24 122.05 117.58 112.86 107.96 103.07 98.24 93.49 88.85 84.36 80.09 76.09 72.38 68.99 65.94 63.25 60.95 59.06 57.61 56.58 55.79 55.12 54.55 54.10 53.74 53.47 53.28 53.18 53.14 53.16 53.21 53.25 53.29 53.31 53.34 53.36 53.37 53.40 53.45 53.54 53.67 53.86 54.12 54.46 54.89 55.59 56.75 58.36 60.37 62.72 65.35 68.21 71.25 74.41 77.64 80.85 83.93 86.84 89.55 92.03 94.28 96.30 98.12 99.72 101.12 102.32
146.98 146.25 144.92 143.08 140.78 138.03 134.87 131.33 127.45 123.25 118.77 114.04 109.08 104.00 98.93 93.96 89.12 84.48 80.10 76.00 72.21 68.74 65.62 62.88 60.54 58.62 57.15 56.11 55.31 54.64 54.07 53.61 53.25 52.98 52.80 52.70 52.67 52.70 52.79 52.90 53.00 53.09 53.16 53.22 53.29 53.36 53.46 53.60 53.78 54.03 54.34 54.74 55.23 55.98 57.20 58.86 60.90 63.28 65.94 68.82 71.87 75.03 78.25 81.48 84.64 87.62 90.38 92.90 95.20 97.27 99.13 100.78 102.21 103.42
148.46 147.71 146.32 144.41 142.04 139.23 136.02 132.44 128.51 124.28 119.76 115.00 110.01 104.85 99.58 94.39 89.39 84.63 80.15 75.95 72.06 68.52 65.34 62.54 60.16 58.21 56.72 55.67 54.87 54.19 53.62 53.16 52.80 52.53 52.35 52.25 52.23 52.27 52.37 52.52 52.68 52.83 52.95 53.06 53.18 53.31 53.46 53.66 53.90 54.20 54.57 55.03 55.59 56.41 57.68 59.38 61.47 63.89 66.57 69.47 72.54 75.71 78.94 82.17 85.34 88.37 91.19 93.77 96.13 98.26 100.16 101.84 103.29 104.52
149.99 149.19 147.71 145.71 143.26 140.37 137.08 133.42 129.43 125.13 120.56 115.74 110.71 105.49 100.16 94.84 89.70 84.83 80.23 75.93 71.96 68.34 65.09 62.25 59.82 57.84 56.33 55.27 54.47 53.78 53.21 52.75 52.39 52.12 51.94 51.85 51.82 51.87 51.98 52.14 52.34 52.53 52.71 52.88 53.05 53.24 53.45 53.70 54.01 54.38 54.82 55.34 55.97 56.85 58.19 59.95 62.09 64.54 67.26 70.19 73.28 76.47 79.70 82.93 86.09 89.14 92.01 94.66 97.07 99.24 101.18 102.89 104.37 105.61
151.58 150.70 149.11 147.00 144.43 141.44 138.05 134.30 130.21 125.82 121.17 116.27 111.17 105.91 100.59 95.28 90.05 85.06 80.35 75.95 71.89 68.20 64.89 61.99 59.52 57.51 55.97 54.91 54.10 53.41 52.84 52.37 52.01 51.75 51.57 51.48 51.46 51.51 51.62 51.78 51.97 52.20 52.43 52.66 52.89 53.15 53.43 53.75 54.12 54.56 55.07 55.67 56.37 57.33 58.73 60.55 62.74 65.24 68.00 70.97 74.08 77.29 80.53 83.76 86.92 89.97 92.85 95.55 98.01 100.23 102.20 103.93 105.43 106.68
153.23 152.26 150.53 148.28 145.58 142.45 138.94 135.07 130.87 126.37 121.60 116.61 111.43 106.17 100.89 95.63 90.41 85.33 80.51 76.02 71.87 68.10 64.73 61.77 59.26 57.22 55.66 54.59 53.77 53.08 52.51 52.04 51.68 51.41 51.24 51.15 51.13 51.19 51.29 51.44 51.62 51.85 52.12 52.41 52.72 53.04 53.39 53.78 54.23 54.74 55.33 56.01 56.79 57.83 59.30 61.19 63.44 65.99 68.80 71.80 74.94 78.17 81.44 84.67 87.82 90.85 93.74 96.45 98.95 101.20 103.21 104.96 106.47 107.73
154.96 153.87 151.98 149.56 146.70 143.43 139.76 135.74 131.40 126.77 121.88 116.78 111.57 106.33 101.07 95.85 90.68 85.62 80.72 76.13 71.90 68.05 64.61 61.60 59.05 56.97 55.40 54.32 53.50 52.80 52.22 51.75 51.39 51.12 50.95 50.86 50.85 50.90 50.98 51.11 51.29 51.52 51.80 52.14 52.51 52.91 53.34 53.81 54.33 54.93 55.60 56.36 57.23 58.35 59.90 61.86 64.17 66.78 69.64 72.68 75.86 79.12 82.40 85.63 88.76 91.78 94.66 97.36 99.88 102.16 104.19 105.96 107.48 108.74
156.77 155.54 153.46 150.86 147.82 144.36 140.52 136.34 131.83 127.04 122.01 116.86 111.65 106.41 101.17 95.97 90.84 85.83 80.95 76.29 71.97 68.05 64.54 61.48 58.88 56.78 55.19 54.09 53.26 52.56 51.98 51.51 51.15 50.88 50.71 50.63 50.60 50.62 50.69 50.81 50.98 51.21 51.50 51.86 52.29 52.76 53.27 53.82 54.43 55.11 55.87 56.73 57.69 58.89 60.53 62.56 64.94 67.62 70.53 73.62 76.85 80.13 83.39 86.60 89.71 92.72 95.59 98.29 100.80 103.10 105.15 106.93 108.45 109.71
158.67 157.27 154.98 152.17 148.92 145.27 141.23 136.85 132.16 127.21 122.11 116.92 111.69 106.43 101.20 96.02 90.92 85.94 81.11 76.48 72.10 68.10 64.53 61.41 58.77 56.63 55.02 53.92 53.09 52.38 51.80 51.32 50.96 50.69 50.52 50.42 50.36 50.36 50.41 50.52 50.69 50.92 51.23 51.61 52.06 52.59 53.19 53.83 54.53 55.30 56.15 57.10 58.16 59.46 61.18 63.30 65.76 68.50 71.47 74.62 77.87 81.14 84.37 87.56 90.66 93.65 96.50 99.20 101.71 104.01 106.06 107.86 109.38 110.64
160.68 159.08 156.56 153.52 150.04 146.15 141.90 137.30 132.42 127.37 122.21 116.98 111.71 106.44 101.19 96.01 90.93 85.98 81.19 76.60 72.25 68.20 64.57 61.40 58.71 56.55 54.91 53.80 52.96 52.25 51.66 51.19 50.82 50.56 50.36 50.22 50.14 50.11 50.14 50.24 50.41 50.65 50.97 51.37 51.86 52.43 53.09 53.83 54.62 55.49 56.44 57.49 58.65 60.05 61.86 64.07 66.60 69.42 72.46 75.64 78.88 82.11 85.32 88.48 91.56 94.54 97.38 100.07 102.57 104.87 106.94 108.74 110.26 111.51
162.79 160.98 158.20 154.90 151.16 147.03 142.53 137.72 132.71 127.58 122.35 117.06 111.75 106.44 101.18 95.99 90.91 85.97 81.21 76.66 72.36 68.34 64.67 61.44 58.72 56.51 54.86 53.74 52.89 52.18 51.59 51.11 50.74 50.45 50.22 50.04 49.93 49.88 49.90 49.99 50.16 50.41 50.74 51.17 51.68 52.29 53.00 53.81 54.71 55.68 56.73 57.88 59.15 60.66 62.57 64.87 67.49 70.38 73.47 76.64 79.83 83.04 86.22 89.35 92.41 95.36 98.19 100.87 103.38 105.67 107.74 109.55 111.08 112.31
165.02 162.98 159.91 156.32 152.31 147.90 143.16 138.20 133.09 127.86 122.55 117.19 111.82 106.47 101.17 95.96 90.88 85.94 81.20 76.68 72.42 68.45 64.80 61.55 58.78 56.55 54.87 53.74 52.89 52.17 51.57 51.09 50.70 50.36 50.08 49.87 49.73 49.66 49.67 49.76 49.93 50.19 50.54 50.99 51.53 52.18 52.94 53.81 54.79 55.86 57.03 58.29 59.67 61.29 63.31 65.70 68.41 71.36 74.42 77.55 80.71 83.88 87.02 90.13 93.16 96.10 98.92 101.59 104.09 106.38 108.45 110.27 111.81 113.04
167.38 165.07 161.70 157.81 153.49 148.81 143.89 138.80 133.57 128.24 122.84 117.40 111.96 106.55 101.21 95.97 90.86 85.92 81.18 76.67 72.44 68.51 64.91 61.69 58.90 56.64 54.95 53.80 52.95 52.22 51.62 51.11 50.66 50.28 49.96 49.72 49.55 49.47 49.46 49.55 49.72 49.99 50.36 50.84 51.42 52.11 52.91 53.84 54.88 56.05 57.33 58.71 60.20 61.93 64.06 66.56 69.33 72.26 75.28 78.36 81.48 84.61 87.72 90.80 93.81 96.73 99.53 102.19 104.68 106.97 109.04 110.86 112.41 113.66
169.88 167.28 163.58 159.35 154.74 149.86 144.79 139.55 134.20 128.75 123.24 117.71 112.19 106.71 101.31 96.03 90.89 85.92 81.18 76.68 72.46 68.55 65.00 61.83 59.08 56.80 55.09 53.93 53.07 52.34 51.70 51.13 50.63 50.20 49.85 49.58 49.39 49.29 49.27 49.36 49.54 49.82 50.21 50.71 51.33 52.06 52.92 53.90 55.01 56.25 57.63 59.13 60.75 62.60 64.84 67.41 70.16 73.04 76.00 79.04 82.12 85.21 88.29 91.34 94.33 97.23 100.01 102.65 105.13 107.42 109.49 111.31 112.87 114.13
172.52 169.61 165.56 161.00 156.16 151.11 145.87 140.48 134.98 129.40 123.78 118.14 112.53 106.97 101.51 96.16 90.98 85.99 81.22 76.71 72.50 68.61 65.08 61.95 59.25 57.01 55.30 54.13 53.26 52.49 51.79 51.17 50.62 50.14 49.75 49.45 49.24 49.12 49.10 49.19 49.38 49.68 50.09 50.62 51.27 52.05 52.96 54.00 55.17 56.49 57.95 59.56 61.30 63.28 65.61 68.15 70.84 73.66 76.58 79.56 82.60 85.65 88.70 91.72 94.68 97.56 100.32 102.95 105.42 107.70 109.77 111.60 113.16 114.43
175.33 172.07 167.67 162.86 157.82 152.57 147.16 141.61 135.95 130.24 124.48 118.73 113.01 107.36 101.82 96.41 91.17 86.13 81.33 76.80 72.58 68.70 65.19 62.09 59.43 57.24 55.57 54.41 53.50 52.66 51.90 51.22 50.61 50.10 49.68 49.35 49.11 48.98 48.96 49.05 49.24 49.56 50.00 50.56 51.25 52.07 53.03 54.13 55.38 56.77 58.32 60.02 61.88 63.94 66.24 68.72 71.35 74.11 76.97 79.91 82.90 85.92 88.93 91.92 94.85 97.70 100.45 103.06 105.52 107.79 109.86 111.68 113.25 114.53
178.17 174.55 169.94 164.92 159.67 154.23 148.63 142.91 137.10 131.23 125.34 119.47 113.64 107.89 102.26 96.78 91.47 86.39 81.55 77.00 72.76 68.88 65.38 62.30 59.67 57.53 55.97 55.24 54.47 53.54 52.68 51.91 51.23 50.65 50.16 49.77 49.49 49.32 49.26 49.32 49.50 49.81 50.24 50.80 51.50 52.34 53.33 54.46 55.74 57.18 58.78 60.54 62.46 64.52 66.75 69.17 71.74 74.44 77.25 80.14 83.08 86.05 89.03 91.98 94.88 97.71 100.43 103.03 105.47 107.74 109.80 111.62 113.19 114.48
180.70 176.89 172.18 167.02 161.58 155.95 150.17 144.29 138.32 132.32 126.30 120.31 114.38 108.54 102.82 97.27 91.91 86.78 81.91 77.34 73.09 69.21 65.73 62.68 60.09 58.06 57.07 57.35 57.33 56.46 55.42 54.48 53.63 52.89 52.25 51.71 51.29 50.99 50.81 50.75 50.82 51.02 51.36 51.84 52.46 53.22 54.14 55.22 56.45 57.85 59.41 61.14 63.05 65.11 67.31 69.65 72.15 74.79 77.54 80.38 83.27 86.20 89.13 92.05 94.91 97.71 100.41 102.99 105.41 107.66 109.71 111.54 113.10 114.39
