data_processed/recharge/precip/Precip_1989_08.asc
ncols        168
nrows        136
xllcorner    455000
yllcorner    2107000
cellsize     500
NODATA_value     -99999
[rows 66 to 98 of 136, columns 73 to 145 of 168]
143.83 142.58 141.37 140.20 139.06 137.97 136.91 135.89 134.91 133.96 133.04 132.16 131.31 130.39 129.33 128.15 126.84 125.41 123.86 122.19 120.42 118.54 116.56 114.49 112.32 110.06 107.72 105.30 102.81 100.24 97.61 94.91 92.16 89.35 86.50 83.67 80.88 78.15 75.46 72.83 70.26 67.74 65.29 62.89 60.57 58.30 56.11 53.99 51.94 49.97 48.07 46.26 44.52 42.87 41.30 39.81 38.40 37.07 35.83 34.66 33.59 32.59 31.68 30.85 30.11 29.46 28.89 28.41 28.02 27.71 27.50 27.37 27.33
143.94 142.66 141.42 140.22 139.07 137.95 136.87 135.83 134.83 133.87 132.94 132.05 131.18 130.25 129.19 127.99 126.67 125.22 123.65 121.97 120.18 118.28 116.28 114.18 111.99 109.70 107.33 104.88 102.36 99.76 97.09 94.35 91.56 88.73 85.90 83.12 80.38 77.69 75.05 72.46 69.93 67.45 65.03 62.66 60.37 58.13 55.97 53.87 51.84 49.89 48.01 46.21 44.49 42.86 41.30 39.83 38.43 37.11 35.88 34.73 33.65 32.67 31.76 30.94 30.20 29.55 28.98 28.50 28.10 27.79 27.57 27.43 27.39
144.06 142.75 141.48 140.26 139.08 137.94 136.84 135.78 134.76 133.78 132.84 131.94 131.06 130.12 129.05 127.84 126.50 125.04 123.45 121.75 119.94 118.02 115.99 113.87 111.64 109.33 106.93 104.45 101.89 99.26 96.55 93.78 90.97 88.15 85.38 82.65 79.96 77.31 74.71 72.17 69.67 67.23 64.84 62.51 60.24 58.04 55.90 53.83 51.82 49.89 48.03 46.25 44.54 42.92 41.37 39.91 38.53 37.23 36.00 34.86 33.80 32.81 31.91 31.09 30.36 29.71 29.14 28.66 28.26 27.94 27.72 27.57 27.52
144.20 142.86 141.56 140.31 139.10 137.94 136.82 135.74 134.70 133.71 132.75 131.83 130.95 129.99 128.91 127.68 126.33 124.85 123.24 121.52 119.69 117.74 115.69 113.54 111.30 108.95 106.53 104.01 101.42 98.75 96.01 93.21 90.42 87.66 84.94 82.26 79.61 77.01 74.46 71.95 69.49 67.09 64.74 62.44 60.20 58.03 55.91 53.86 51.88 49.97 48.13 46.36 44.67 43.06 41.53 40.08 38.71 37.41 36.20 35.07 34.01 33.04 32.14 31.33 30.60 29.95 29.38 28.89 28.49 28.17 27.94 27.79 27.73
144.35 142.98 141.65 140.37 139.13 137.94 136.80 135.70 134.65 133.63 132.66 131.73 130.83 129.87 128.77 127.53 126.16 124.66 123.04 121.30 119.44 117.47 115.39 113.22 110.94 108.57 106.11 103.56 100.93 98.23 95.46 92.70 89.96 87.25 84.58 81.95 79.35 76.80 74.28 71.82 69.40 67.03 64.71 62.45 60.25 58.10 56.01 53.99 52.03 50.13 48.31 46.56 44.88 43.28 41.76 40.32 38.96 37.68 36.48 35.35 34.31 33.34 32.45 31.64 30.91 30.26 29.69 29.21 28.80 28.48 28.25 28.09 28.02
144.52 143.11 141.75 140.44 139.18 137.96 136.80 135.68 134.60 133.57 132.58 131.64 130.72 129.75 128.63 127.38 125.99 124.47 122.83 121.07 119.18 117.19 115.09 112.88 110.58 108.18 105.68 103.10 100.44 97.71 94.98 92.27 89.58 86.93 84.31 81.73 79.18 76.67 74.20 71.77 69.39 67.06 64.78 62.55 60.37 58.26 56.19 54.20 52.26 50.39 48.58 46.85 45.19 43.60 42.08 40.65 39.30 38.02 36.83 35.72 34.68 33.72 32.84 32.03 31.31 30.66 30.09 29.61 29.20 28.88 28.63 28.47 28.40
144.70 143.26 141.87 140.53 139.24 138.00 136.80 135.66 134.56 133.51 132.51 131.55 130.62 129.63 128.50 127.23 125.82 124.29 122.62 120.84 118.93 116.91 114.78 112.55 110.21 107.78 105.25 102.64 99.95 97.26 94.58 91.93 89.30 86.70 84.13 81.60 79.09 76.63 74.20 71.82 69.48 67.18 64.94 62.74 60.59 58.50 56.47 54.49 52.58 50.73 48.94 47.22 45.58 44.00 42.50 41.07 39.72 38.45 37.27 36.16 35.14 34.18 33.31 32.51 31.78 31.14 30.57 30.09 29.68 29.35 29.10 28.94 28.85
144.90 143.42 142.00 140.63 139.31 138.04 136.82 135.65 134.54 133.46 132.44 131.47 130.53 129.52 128.37 127.08 125.66 124.10 122.42 120.61 118.68 116.63 114.47 112.21 109.84 107.38 104.81 102.18 99.53 96.89 94.27 91.68 89.11 86.56 84.04 81.56 79.10 76.68 74.30 71.96 69.66 67.40 65.19 63.02 60.91 58.85 56.84 54.89 53.00 51.16 49.40 47.70 46.06 44.50 43.00 41.58 40.24 38.98 37.80 36.70 35.68 34.73 33.86 33.06 32.35 31.70 31.14 30.65 30.24 29.91 29.66 29.49 29.40
145.12 143.61 142.15 140.74 139.39 138.10 136.85 135.66 134.52 133.43 132.39 131.39 130.44 129.42 128.25 126.94 125.50 123.92 122.21 120.38 118.42 116.35 114.16 111.87 109.47 106.97 104.39 101.79 99.20 96.62 94.06 91.53 89.01 86.52 84.05 81.62 79.21 76.84 74.50 72.19 69.93 67.71 65.53 63.40 61.32 59.28 57.30 55.38 53.51 51.70 49.95 48.26 46.64 45.09 43.61 42.20 40.86 39.60 38.42 37.32 36.30 35.36 34.50 33.71 33.00 32.36 31.79 31.30 30.89 30.56 30.31 30.13 30.03
145.36 143.81 142.31 140.88 139.49 138.17 136.90 135.68 134.51 133.40 132.34 131.33 130.36 129.32 128.14 126.81 125.34 123.74 122.01 120.15 118.17 116.07 113.85 111.52 109.09 106.57 104.03 101.49 98.97 96.45 93.96 91.48 89.02 86.58 84.16 81.77 79.42 77.09 74.79 72.53 70.31 68.12 65.98 63.88 61.83 59.82 57.87 55.97 54.12 52.33 50.60 48.93 47.32 45.78 44.31 42.91 41.58 40.32 39.14 38.04 37.02 36.08 35.23 34.44 33.73 33.10 32.53 32.05 31.63 31.30 31.04 30.86 30.75
145.61 144.02 142.50 141.02 139.61 138.26 136.96 135.71 134.52 133.39 132.30 131.27 130.28 129.23 128.03 126.68 125.19 123.57 121.81 119.93 117.91 115.78 113.54 111.18 108.73 106.25 103.77 101.30 98.84 96.39 93.95 91.53 89.12 86.74 84.37 82.04 79.72 77.44 75.19 72.97 70.78 68.64 66.53 64.46 62.44 60.46 58.54 56.66 54.84 53.07 51.35 49.70 48.11 46.58 45.12 43.72 42.40 41.15 39.97 38.87 37.85 36.90 36.05 35.27 34.56 33.93 33.37 32.88 32.47 32.13 31.87 31.68 31.57
145.87 144.26 142.70 141.19 139.74 138.36 137.03 135.76 134.54 133.38 132.28 131.23 130.22 129.15 127.93 126.56 125.05 123.40 121.62 119.70 117.67 115.50 113.23 110.85 108.44 106.03 103.62 101.21 98.82 96.43 94.05 91.68 89.33 87.00 84.69 82.40 80.14 77.90 75.69 73.51 71.37 69.26 67.18 65.15 63.16 61.21 59.31 57.46 55.66 53.91 52.21 50.58 49.00 47.48 46.03 44.64 43.32 42.08 40.90 39.80 38.78 37.83 36.97 36.18 35.48 34.85 34.29 33.81 33.39 33.05 32.79 32.60 32.48
146.13 144.50 142.92 141.38 139.90 138.48 137.12 135.82 134.58 133.39 132.27 131.20 130.17 129.08 127.84 126.45 124.91 123.24 121.43 119.49 117.42 115.23 112.93 110.60 108.26 105.92 103.58 101.24 98.90 96.57 94.26 91.95 89.66 87.38 85.12 82.88 80.66 78.47 76.30 74.17 72.06 69.99 67.95 65.95 63.99 62.07 60.20 58.37 56.59 54.86 53.18 51.56 50.00 48.49 47.05 45.67 44.36 43.12 41.94 40.84 39.82 38.87 37.99 37.21 36.50 35.87 35.32 34.83 34.42 34.07 33.80 33.61 33.49
146.38 144.74 143.14 141.58 140.07 138.61 137.22 135.90 134.63 133.42 132.27 131.18 130.13 129.02 127.76 126.34 124.78 123.09 121.25 119.28 117.18 114.97 112.72 110.46 108.19 105.92 103.64 101.37 99.10 96.84 94.58 92.33 90.09 87.87 85.66 83.47 81.30 79.15 77.03 74.93 72.86 70.83 68.83 66.86 64.93 63.04 61.19 59.39 57.63 55.92 54.27 52.66 51.11 49.62 48.19 46.82 45.51 44.27 43.10 42.00 40.97 40.01 39.14 38.34 37.62 36.99 36.43 35.95 35.54 35.19 34.92 34.72 34.59
146.64 144.98 143.37 141.79 140.25 138.77 137.35 135.99 134.69 133.46 132.28 131.17 130.10 128.97 127.68 126.25 124.66 122.94 121.07 119.07 116.96 114.80 112.62 110.43 108.24 106.03 103.83 101.62 99.42 97.21 95.01 92.82 90.64 88.47 86.31 84.17 82.05 79.95 77.87 75.81 73.79 71.79 69.82 67.88 65.99 64.12 62.30 60.52 58.79 57.10 55.46 53.88 52.34 50.86 49.44 48.08 46.78 45.54 44.37 43.27 42.24 41.28 40.39 39.59 38.86 38.22 37.65 37.17 36.76 36.41 36.14 35.93 35.80
146.89 145.22 143.59 142.00 140.45 138.94 137.49 136.10 134.78 133.51 132.31 131.17 130.09 128.93 127.62 126.16 124.55 122.80 120.91 118.89 116.82 114.74 112.64 110.52 108.40 106.27 104.13 101.99 99.85 97.71 95.57 93.44 91.31 89.19 87.09 85.00 82.92 80.86 78.83 76.81 74.83 72.86 70.93 69.03 67.16 65.33 63.53 61.78 60.07 58.40 56.78 55.21 53.69 52.22 50.81 49.46 48.16 46.93 45.76 44.66 43.62 42.66 41.77 40.96 40.22 39.56 38.99 38.49 38.08 37.73 37.45 37.25 37.11
147.13 145.45 143.81 142.21 140.64 139.12 137.65 136.23 134.87 133.58 132.36 131.20 130.09 128.91 127.58 126.09 124.45 122.67 120.76 118.80 116.81 114.80 112.78 110.74 108.69 106.63 104.56 102.48 100.40 98.32 96.25 94.17 92.10 90.04 87.98 85.94 83.91 81.90 79.91 77.94 75.99 74.06 72.16 70.30 68.46 66.66 64.89 63.16 61.47 59.82 58.22 56.67 55.16 53.70 52.30 50.96 49.67 48.44 47.27 46.17 45.14 44.17 43.27 42.45 41.70 41.03 40.44 39.93 39.50 39.16 38.88 38.66 38.52
147.38 145.69 144.03 142.42 140.84 139.31 137.82 136.38 134.99 133.67 132.42 131.23 130.10 128.90 127.54 126.03 124.37 122.57 120.71 118.83 116.92 114.99 113.04 111.08 109.10 107.11 105.11 103.10 101.08 99.07 97.05 95.03 93.02 91.01 89.00 87.01 85.03 83.07 81.12 79.18 77.27 75.39 73.52 71.69 69.88 68.11 66.37 64.66 63.00 61.37 59.79 58.25 56.76 55.31 53.92 52.58 51.30 50.08 48.91 47.81 46.77 45.80 44.90 44.07 43.31 42.62 42.02 41.49 41.05 40.69 40.41 40.19 40.04
147.62 145.92 144.25 142.62 141.04 139.49 137.99 136.53 135.13 133.78 132.50 131.29 130.13 128.90 127.52 125.98 124.31 122.56 120.79 118.99 117.16 115.31 113.44 111.55 109.64 107.72 105.79 103.84 101.89 99.94 97.98 96.02 94.06 92.10 90.15 88.21 86.28 84.36 82.45 80.56 78.69 76.84 75.01 73.21 71.43 69.69 67.97 66.29 64.65 63.05 61.48 59.96 58.48 57.05 55.67 54.34 53.06 51.84 50.68 49.58 48.54 47.56 46.65 45.81 45.04 44.35 43.73 43.19 42.72 42.34 42.04 41.82 41.67
147.86 146.14 144.47 142.83 141.23 139.67 138.16 136.69 135.27 133.91 132.60 131.36 130.17 128.92 127.52 125.97 124.34 122.68 120.99 119.27 117.53 115.75 113.96 112.14 110.31 108.46 106.59 104.72 102.83 100.94 99.04 97.14 95.23 93.33 91.43 89.54 87.66 85.78 83.92 82.07 80.24 78.42 76.63 74.86 73.12 71.40 69.71 68.06 66.44 64.85 63.31 61.80 60.34 58.92 57.55 56.23 54.96 53.74 52.58 51.48 50.43 49.45 48.54 47.69 46.91 46.20 45.57 45.01 44.53 44.13 43.81 43.57 43.41
148.09 146.37 144.69 143.04 141.43 139.86 138.33 136.85 135.42 134.04 132.71 131.45 130.24 128.96 127.54 126.05 124.51 122.94 121.33 119.70 118.03 116.34 114.62 112.88 111.11 109.33 107.54 105.73 103.91 102.07 100.24 98.39 96.54 94.70 92.85 91.01 89.17 87.34 85.52 83.71 81.92 80.14 78.39 76.65 74.94 73.25 71.59 69.96 68.36 66.79 65.27 63.78 62.33 60.92 59.56 58.25 56.98 55.77 54.61 53.51 52.47 51.48 50.56 49.70 48.91 48.19 47.54 46.97 46.47 46.05 45.70 45.44 45.27
148.33 146.60 144.90 143.24 141.62 140.04 138.51 137.02 135.57 134.18 132.84 131.55 130.32 129.03 127.67 126.26 124.82 123.33 121.81 120.26 118.67 117.06 115.41 113.75 112.06 110.35 108.62 106.88 105.12 103.35 101.57 99.78 97.99 96.20 94.40 92.61 90.82 89.03 87.26 85.49 83.74 82.00 80.28 78.57 76.89 75.23 73.60 71.99 70.42 68.87 67.37 65.89 64.46 63.06 61.71 60.41 59.15 57.94 56.79 55.68 54.64 53.65 52.72 51.86 51.06 50.32 49.66 49.07 48.55 48.10 47.74 47.45 47.25
148.57 146.83 145.12 143.45 141.82 140.23 138.69 137.18 135.73 134.32 132.97 131.67 130.42 129.19 127.92 126.60 125.25 123.85 122.41 120.94 119.44 117.90 116.33 114.74 113.13 111.49 109.83 108.15 106.46 104.75 103.03 101.30 99.57 97.83 96.08 94.34 92.60 90.86 89.13 87.40 85.69 83.99 82.30 80.63 78.98 77.35 75.74 74.16 72.61 71.09 69.60 68.14 66.72 65.34 64.00 62.70 61.45 60.25 59.09 57.99 56.94 55.95 55.02 54.14 53.33 52.59 51.91 51.30 50.76 50.30 49.91 49.60 49.37
148.86 147.11 145.39 143.71 142.06 140.46 138.90 137.38 135.91 134.49 133.12 131.80 130.54 129.33 128.15 126.92 125.66 124.35 123.00 121.61 120.19 118.74 117.25 115.74 114.20 112.63 111.04 109.43 107.81 106.17 104.51 102.84 101.17 99.48 97.79 96.10 94.41 92.72 91.03 89.35 87.68 86.02 84.37 82.74 81.12 79.52 77.94 76.39 74.86 73.36 71.90 70.46 69.06 67.69 66.36 65.08 63.83 62.64 61.49 60.39 59.34 58.35 57.41 56.53 55.71 54.96 54.27 53.65 53.09 52.61 52.20 51.87 51.62
149.24 147.47 145.73 144.02 142.36 140.73 139.15 137.61 136.11 134.67 133.28 131.94 130.65 129.43 128.27 127.14 125.97 124.75 123.50 122.20 120.87 119.50 118.09 116.66 115.20 113.71 112.19 110.66 109.10 107.53 105.94 104.34 102.72 101.10 99.47 97.83 96.20 94.56 92.92 91.29 89.66 88.04 86.44 84.84 83.26 81.70 80.16 78.64 77.14 75.67 74.22 72.81 71.43 70.08 68.77 67.50 66.27 65.08 63.94 62.85 61.80 60.81 59.87 58.99 58.17 57.41 56.71 56.08 55.52 55.02 54.60 54.25 53.97
149.69 147.89 146.13 144.40 142.70 141.05 139.44 137.87 136.35 134.88 133.45 132.08 130.77 129.53 128.36 127.26 126.18 125.06 123.90 122.69 121.45 120.17 118.85 117.50 116.12 114.72 113.28 111.82 110.34 108.84 107.32 105.78 104.24 102.68 101.11 99.53 97.95 96.37 94.79 93.21 91.63 90.06 88.50 86.95 85.41 83.89 82.38 80.89 79.43 77.99 76.57 75.18 73.83 72.50 71.21 69.96 68.75 67.58 66.45 65.36 64.33 63.34 62.41 61.53 60.71 59.95 59.24 58.61 58.03 57.53 57.09 56.72 56.42
150.22 148.39 146.59 144.83 143.10 141.41 139.77 138.17 136.61 135.10 133.64 132.24 130.91 129.65 128.46 127.34 126.29 125.26 124.20 123.09 121.95 120.76 119.53 118.27 116.98 115.65 114.30 112.92 111.52 110.09 108.65 107.19 105.71 104.22 102.71 101.20 99.68 98.16 96.64 95.11 93.59 92.07 90.55 89.05 87.56 86.08 84.61 83.16 81.74 80.33 78.95 77.59 76.26 74.96 73.70 72.47 71.28 70.12 69.01 67.94 66.92 65.94 65.02 64.14 63.32 62.56 61.86 61.22 60.64 60.13 59.68 59.29 58.96
150.82 148.95 147.11 145.31 143.54 141.82 140.13 138.49 136.89 135.34 133.85 132.42 131.07 129.79 128.58 127.44 126.37 125.38 124.41 123.40 122.35 121.26 120.13 118.96 117.76 116.52 115.25 113.96 112.64 111.29 109.93 108.54 107.13 105.71 104.28 102.84 101.38 99.92 98.46 96.99 95.53 94.06 92.60 91.15 89.71 88.27 86.85 85.45 84.06 82.69 81.34 80.02 78.73 77.46 76.22 75.02 73.85 72.72 71.62 70.57 69.56 68.60 67.69 66.83 66.01 65.26 64.56 63.92 63.34 62.82 62.36 61.95 61.59
151.49 149.58 147.69 145.84 144.03 142.26 140.52 138.83 137.19 135.60 134.08 132.63 131.25 129.95 128.72 127.56 126.47 125.46 124.53 123.61 122.67 121.67 120.64 119.57 118.46 117.32 116.14 114.93 113.70 112.44 111.15 109.84 108.51 107.17 105.81 104.44 103.05 101.66 100.26 98.86 97.45 96.05 94.65 93.25 91.86 90.47 89.10 87.74 86.40 85.07 83.77 82.48 81.22 79.99 78.78 77.61 76.47 75.36 74.29 73.26 72.27 71.33 70.43 69.58 68.78 68.03 67.34 66.71 66.13 65.60 65.12 64.69 64.31
152.23 150.26 148.33 146.43 144.56 142.73 140.95 139.21 137.52 135.89 134.34 132.86 131.46 130.14 128.89 127.71 126.61 125.57 124.62 123.74 122.89 122.00 121.07 120.10 119.09 118.04 116.96 115.84 114.69 113.52 112.32 111.10 109.85 108.58 107.30 106.00 104.69 103.37 102.04 100.70 99.36 98.02 96.68 95.34 94.00 92.67 91.35 90.05 88.75 87.47 86.21 84.97 83.75 82.55 81.38 80.24 79.13 78.05 77.01 76.01 75.04 74.12 73.24 72.41 71.62 70.89 70.21 69.58 68.99 68.45 67.96 67.51 67.10
153.03 151.01 149.01 147.05 145.13 143.24 141.40 139.61 137.88 136.21 134.63 133.12 131.71 130.37 129.10 127.90 126.77 125.72 124.74 123.85 123.03 122.24 121.42 120.55 119.64 118.69 117.70 116.68 115.63 114.55 113.43 112.30 111.14 109.95 108.75 107.53 106.30 105.05 103.79 102.53 101.26 99.98 98.70 97.42 96.15 94.88 93.61 92.36 91.12 89.89 88.67 87.48 86.30 85.14 84.01 82.91 81.84 80.79 79.78 78.81 77.87 76.97 76.11 75.30 74.54 73.82 73.15 72.52 71.93 71.38 70.87 70.40 69.98
153.89 151.80 149.74 147.72 145.73 143.78 141.89 140.05 138.27 136.57 134.95 133.42 131.99 130.63 129.34 128.12 126.98 125.90 124.91 123.99 123.16 122.40 121.67 120.91 120.11 119.26 118.38 117.46 116.50 115.51 114.49 113.45 112.38 111.28 110.16 109.03 107.87 106.70 105.52 104.33 103.13 101.93 100.72 99.50 98.29 97.08 95.88 94.68 93.49 92.32 91.16 90.01 88.88 87.77 86.68 85.62 84.58 83.58 82.60 81.66 80.75 79.88 79.05 78.27 77.52 76.82 76.16 75.53 74.93 74.37 73.85 73.37 72.92
154.81 152.65 150.52 148.43 146.37 144.36 142.41 140.52 138.71 136.97 135.32 133.76 132.31 130.93 129.63 128.39 127.22 126.13 125.11 124.18 123.32 122.55 121.86 121.20 120.50 119.76 118.98 118.16 117.31 116.42 115.50 114.55 113.57 112.56 111.53 110.48 109.41 108.33 107.23 106.11 104.99 103.86 102.72 101.58 100.43 99.29 98.15 97.01 95.88 94.77 93.66 92.56 91.49 90.43 89.39 88.37 87.38 86.41 85.47 84.57 83.69 82.86 82.06 81.30 80.58 79.89 79.23 78.60 78.00 77.43 76.90 76.40 75.94
