data_processed/recharge/precip/Precip_1996_02.asc
ncols        168
nrows        136
xllcorner    455000
yllcorner    2107000
cellsize     500
NODATA_value     -99999
[rows 0 to 36 of 136, columns 0 to 83 of 168]
41.50 41.40 41.22 40.95 40.60 40.17 39.66 39.07 38.40 37.66 36.84 35.94 34.97 33.93 32.82 31.63 30.38 29.06 27.67 26.22 24.74 23.32 21.95 20.64 19.40 18.21 17.08 16.00 14.98 14.02 13.11 12.24 11.44 10.68 9.97 9.30 8.69 8.12 7.60 7.12 6.69 6.29 5.94 5.63 5.35 5.09 4.84 4.61 4.39 4.20 4.02 3.87 3.74 3.63 3.53 3.44 3.33 3.20 3.07 2.92 2.76 2.60 2.43 2.26 2.09 1.92 1.75 1.59 1.43 1.27 1.13 0.99 0.87 0.77 0.67 0.60 0.55 0.51 0.50 0.49 0.48 0.47 0.47 0.46
41.75 41.65 41.46 41.19 40.83 40.39 39.87 39.27 38.59 37.84 37.00 36.09 35.11 34.05 32.92 31.71 30.44 29.10 27.68 26.20 24.70 23.25 21.86 20.53 19.27 18.06 16.91 15.82 14.78 13.80 12.87 12.00 11.18 10.41 9.70 9.03 8.41 7.84 7.31 6.83 6.40 6.01 5.66 5.35 5.08 4.85 4.63 4.43 4.25 4.09 3.95 3.83 3.74 3.66 3.58 3.48 3.36 3.24 3.10 2.95 2.79 2.62 2.45 2.28 2.11 1.93 1.76 1.59 1.43 1.28 1.13 1.00 0.87 0.77 0.68 0.60 0.55 0.51 0.50 0.49 0.48 0.48 0.47 0.46
41.89 41.79 41.60 41.33 40.97 40.53 40.01 39.40 38.71 37.95 37.10 36.18 35.18 34.11 32.96 31.74 30.45 29.09 27.65 26.15 24.63 23.15 21.74 20.40 19.11 17.89 16.73 15.62 14.57 13.58 12.64 11.76 10.94 10.16 9.44 8.77 8.15 7.58 7.05 6.57 6.14 5.75 5.41 5.11 4.86 4.64 4.45 4.29 4.15 4.02 3.92 3.84 3.78 3.71 3.62 3.52 3.40 3.27 3.13 2.97 2.81 2.64 2.47 2.29 2.12 1.94 1.77 1.60 1.44 1.28 1.13 1.00 0.88 0.77 0.68 0.60 0.55 0.51 0.50 0.49 0.49 0.48 0.47 0.46
41.94 41.84 41.66 41.38 41.03 40.58 40.06 39.45 38.76 37.99 37.13 36.20 35.20 34.11 32.95 31.72 30.41 29.03 27.58 26.06 24.52 23.03 21.60 20.24 18.94 17.70 16.53 15.41 14.36 13.36 12.42 11.53 10.70 9.92 9.20 8.53 7.91 7.34 6.82 6.35 5.92 5.54 5.21 4.92 4.68 4.47 4.31 4.18 4.08 3.99 3.93 3.89 3.83 3.76 3.67 3.56 3.44 3.30 3.15 3.00 2.83 2.66 2.49 2.31 2.13 1.95 1.78 1.61 1.44 1.28 1.14 1.00 0.88 0.77 0.68 0.60 0.55 0.51 0.50 0.49 0.49 0.48 0.47 0.46
41.88 41.79 41.61 41.35 40.99 40.55 40.03 39.42 38.73 37.95 37.10 36.16 35.15 34.06 32.89 31.65 30.33 28.94 27.47 25.94 24.38 22.87 21.43 20.06 18.75 17.50 16.32 15.20 14.14 13.13 12.19 11.30 10.47 9.70 8.97 8.31 7.69 7.13 6.62 6.15 5.74 5.37 5.05 4.78 4.55 4.36 4.22 4.12 4.05 4.01 3.98 3.94 3.88 3.81 3.71 3.60 3.47 3.33 3.18 3.02 2.86 2.68 2.51 2.33 2.14 1.96 1.79 1.61 1.45 1.29 1.14 1.00 0.88 0.77 0.68 0.60 0.55 0.51 0.50 0.49 0.49 0.48 0.47 0.46
41.72 41.64 41.47 41.22 40.87 40.44 39.92 39.31 38.62 37.85 37.00 36.06 35.04 33.95 32.78 31.53 30.20 28.80 27.32 25.78 24.20 22.69 21.24 19.86 18.54 17.29 16.10 14.98 13.91 12.91 11.96 11.08 10.25 9.48 8.77 8.11 7.50 6.95 6.45 5.99 5.59 5.24 4.94 4.68 4.47 4.31 4.18 4.11 4.07 4.06 4.04 4.00 3.94 3.86 3.76 3.64 3.51 3.37 3.21 3.05 2.88 2.70 2.52 2.34 2.16 1.97 1.80 1.62 1.45 1.29 1.14 1.00 0.88 0.77 0.67 0.60 0.55 0.51 0.50 0.49 0.49 0.48 0.47 0.47
41.46 41.40 41.24 41.00 40.66 40.24 39.73 39.13 38.45 37.68 36.83 35.89 34.88 33.78 32.61 31.35 30.02 28.62 27.14 25.58 24.00 22.48 21.02 19.63 18.31 17.06 15.87 14.75 13.68 12.68 11.74 10.86 10.04 9.28 8.57 7.93 7.33 6.79 6.30 5.87 5.49 5.15 4.87 4.63 4.44 4.30 4.21 4.15 4.14 4.13 4.10 4.06 3.99 3.90 3.80 3.68 3.55 3.40 3.24 3.08 2.90 2.72 2.54 2.36 2.17 1.99 1.80 1.63 1.46 1.30 1.14 1.01 0.88 0.77 0.67 0.60 0.54 0.51 0.50 0.49 0.49 0.48 0.47 0.47
41.10 41.06 40.92 40.69 40.37 39.96 39.46 38.87 38.20 37.44 36.60 35.67 34.66 33.56 32.39 31.14 29.80 28.40 26.91 25.35 23.76 22.24 20.78 19.39 18.07 16.82 15.63 14.51 13.45 12.46 11.53 10.65 9.84 9.09 8.40 7.77 7.19 6.66 6.19 5.78 5.42 5.10 4.84 4.63 4.47 4.36 4.29 4.26 4.23 4.20 4.17 4.12 4.04 3.95 3.85 3.72 3.58 3.43 3.27 3.10 2.93 2.74 2.56 2.37 2.18 2.00 1.81 1.63 1.46 1.30 1.15 1.01 0.88 0.77 0.67 0.60 0.54 0.51 0.50 0.49 0.49 0.48 0.47 0.47
40.64 40.62 40.50 40.29 39.99 39.60 39.11 38.54 37.88 37.13 36.30 35.38 34.37 33.29 32.12 30.87 29.54 28.13 26.65 25.09 23.50 21.97 20.51 19.13 17.81 16.56 15.38 14.27 13.22 12.23 11.31 10.45 9.66 8.92 8.24 7.63 7.07 6.56 6.12 5.72 5.38 5.10 4.87 4.68 4.55 4.46 4.42 4.38 4.34 4.29 4.24 4.17 4.10 4.00 3.89 3.76 3.62 3.47 3.30 3.13 2.95 2.76 2.58 2.38 2.19 2.01 1.82 1.64 1.47 1.30 1.15 1.01 0.88 0.77 0.67 0.60 0.54 0.51 0.50 0.49 0.49 0.48 0.47 0.47
40.08 40.09 39.99 39.81 39.53 39.15 38.69 38.13 37.49 36.76 35.94 35.03 34.04 32.96 31.80 30.56 29.23 27.83 26.35 24.79 23.20 21.68 20.23 18.85 17.54 16.29 15.12 14.02 12.98 12.01 11.10 10.26 9.48 8.76 8.11 7.51 6.97 6.49 6.07 5.70 5.39 5.14 4.93 4.78 4.68 4.62 4.57 4.52 4.46 4.39 4.32 4.24 4.15 4.05 3.93 3.80 3.66 3.50 3.33 3.15 2.97 2.78 2.59 2.40 2.21 2.02 1.83 1.65 1.47 1.31 1.15 1.01 0.88 0.77 0.67 0.60 0.54 0.51 0.50 0.49 0.49 0.48 0.47 0.47
39.43 39.46 39.39 39.23 38.98 38.63 38.19 37.65 37.03 36.31 35.51 34.62 33.64 32.58 31.43 30.20 28.89 27.49 26.02 24.46 22.88 21.36 19.92 18.54 17.24 16.02 14.86 13.77 12.74 11.79 10.90 10.08 9.32 8.62 7.99 7.42 6.91 6.45 6.06 5.72 5.44 5.22 5.05 4.93 4.86 4.80 4.73 4.66 4.58 4.50 4.41 4.31 4.21 4.10 3.98 3.84 3.69 3.53 3.36 3.18 2.99 2.80 2.61 2.41 2.22 2.03 1.84 1.65 1.48 1.31 1.15 1.01 0.88 0.77 0.67 0.59 0.54 0.51 0.50 0.49 0.49 0.48 0.47 0.47
38.67 38.74 38.71 38.57 38.35 38.03 37.61 37.10 36.50 35.80 35.02 34.15 33.19 32.14 31.01 29.79 28.49 27.11 25.65 24.10 22.53 21.02 19.59 18.23 16.94 15.72 14.58 13.51 12.51 11.57 10.70 9.90 9.17 8.50 7.89 7.35 6.87 6.44 6.08 5.78 5.53 5.34 5.21 5.12 5.05 4.97 4.89 4.80 4.71 4.61 4.50 4.39 4.28 4.15 4.02 3.88 3.73 3.56 3.39 3.21 3.02 2.82 2.63 2.43 2.23 2.04 1.85 1.66 1.48 1.31 1.16 1.01 0.88 0.77 0.67 0.59 0.54 0.51 0.50 0.49 0.49 0.48 0.47 0.47
37.82 37.92 37.93 37.83 37.63 37.34 36.95 36.47 35.90 35.23 34.47 33.62 32.68 31.66 30.54 29.34 28.06 26.69 25.24 23.71 22.15 20.65 19.23 17.89 16.62 15.42 14.30 13.25 12.27 11.36 10.52 9.74 9.03 8.39 7.82 7.30 6.85 6.46 6.14 5.87 5.66 5.51 5.41 5.32 5.23 5.14 5.04 4.94 4.83 4.72 4.60 4.48 4.35 4.21 4.07 3.92 3.77 3.60 3.42 3.23 3.04 2.84 2.64 2.44 2.24 2.05 1.85 1.67 1.49 1.32 1.16 1.01 0.88 0.77 0.67 0.59 0.54 0.50 0.49 0.49 0.48 0.48 0.47 0.47
36.88 37.02 37.06 37.00 36.84 36.58 36.22 35.77 35.23 34.59 33.86 33.04 32.12 31.12 30.03 28.85 27.59 26.24 24.80 23.29 21.74 20.26 18.86 17.54 16.29 15.11 14.01 12.99 12.03 11.15 10.33 9.59 8.91 8.30 7.76 7.28 6.87 6.52 6.23 6.00 5.84 5.72 5.62 5.52 5.41 5.30 5.19 5.07 4.95 4.83 4.70 4.56 4.42 4.28 4.13 3.97 3.80 3.63 3.45 3.26 3.06 2.86 2.66 2.46 2.26 2.06 1.86 1.67 1.49 1.32 1.16 1.01 0.88 0.77 0.67 0.59 0.54 0.50 0.49 0.49 0.48 0.48 0.47 0.47
35.84 36.02 36.10 36.08 35.96 35.74 35.42 35.00 34.49 33.89 33.19 32.39 31.51 30.53 29.47 28.31 27.07 25.75 24.33 22.84 21.31 19.85 18.47 17.17 15.94 14.79 13.72 12.72 11.80 10.94 10.16 9.45 8.81 8.23 7.73 7.29 6.91 6.60 6.36 6.17 6.04 5.93 5.81 5.69 5.57 5.45 5.33 5.20 5.07 4.93 4.79 4.64 4.49 4.34 4.18 4.01 3.84 3.66 3.48 3.28 3.09 2.88 2.68 2.47 2.27 2.07 1.87 1.68 1.50 1.32 1.16 1.01 0.88 0.76 0.67 0.59 0.53 0.50 0.49 0.49 0.48 0.48 0.47 0.47
34.70 34.93 35.05 35.08 35.00 34.82 34.54 34.16 33.69 33.12 32.45 31.69 30.84 29.89 28.86 27.73 26.52 25.22 23.83 22.35 20.85 19.42 18.06 16.78 15.59 14.47 13.42 12.45 11.56 10.74 9.99 9.32 8.72 8.18 7.71 7.32 6.99 6.72 6.52 6.37 6.25 6.12 5.99 5.86 5.72 5.59 5.45 5.31 5.17 5.02 4.87 4.72 4.56 4.40 4.23 4.06 3.88 3.70 3.51 3.31 3.11 2.90 2.70 2.49 2.28 2.08 1.88 1.68 1.50 1.33 1.16 1.01 0.88 0.76 0.67 0.59 0.53 0.50 0.49 0.49 0.48 0.48 0.47 0.47
33.49 33.75 33.92 33.99 33.96 33.82 33.59 33.25 32.82 32.29 31.66 30.94 30.12 29.21 28.21 27.11 25.93 24.65 23.29 21.85 20.37 18.96 17.63 16.38 15.22 14.13 13.12 12.19 11.33 10.55 9.84 9.20 8.64 8.15 7.73 7.37 7.09 6.87 6.71 6.57 6.43 6.29 6.14 6.00 5.86 5.71 5.56 5.41 5.26 5.11 4.95 4.79 4.62 4.45 4.28 4.10 3.92 3.73 3.54 3.34 3.13 2.92 2.71 2.50 2.29 2.09 1.89 1.69 1.51 1.33 1.17 1.02 0.88 0.76 0.66 0.59 0.53 0.50 0.49 0.48 0.48 0.48 0.47 0.47
32.23 32.50 32.70 32.82 32.84 32.75 32.56 32.27 31.88 31.39 30.81 30.12 29.35 28.47 27.51 26.45 25.30 24.05 22.72 21.31 19.86 18.48 17.18 15.97 14.84 13.79 12.81 11.92 11.10 10.36 9.69 9.10 8.58 8.14 7.76 7.46 7.22 7.05 6.89 6.74 6.58 6.43 6.28 6.12 5.97 5.81 5.66 5.50 5.34 5.18 5.01 4.84 4.67 4.50 4.32 4.14 3.95 3.76 3.56 3.36 3.16 2.94 2.73 2.52 2.31 2.10 1.89 1.70 1.51 1.33 1.17 1.02 0.88 0.76 0.66 0.58 0.53 0.50 0.49 0.48 0.48 0.48 0.47 0.47
30.92 31.20 31.42 31.57 31.64 31.60 31.46 31.22 30.88 30.44 29.90 29.26 28.52 27.69 26.76 25.74 24.63 23.42 22.13 20.74 19.33 17.98 16.72 15.54 14.45 13.44 12.50 11.65 10.88 10.18 9.56 9.01 8.54 8.15 7.82 7.57 7.38 7.21 7.04 6.88 6.71 6.55 6.38 6.22 6.06 5.89 5.73 5.56 5.40 5.23 5.06 4.88 4.71 4.53 4.35 4.16 3.97 3.78 3.58 3.38 3.18 2.96 2.75 2.53 2.32 2.11 1.90 1.70 1.51 1.34 1.17 1.02 0.88 0.76 0.66 0.58 0.53 0.50 0.49 0.48 0.48 0.48 0.47 0.47
29.57 29.86 30.09 30.26 30.36 30.38 30.30 30.11 29.81 29.42 28.93 28.34 27.65 26.86 25.97 24.99 23.92 22.76 21.50 20.15 18.77 17.46 16.24 15.10 14.05 13.08 12.19 11.38 10.66 10.01 9.43 8.94 8.52 8.18 7.91 7.70 7.52 7.34 7.16 6.98 6.81 6.63 6.46 6.29 6.12 5.95 5.78 5.61 5.43 5.26 5.08 4.91 4.73 4.55 4.36 4.18 3.99 3.79 3.60 3.40 3.19 2.98 2.76 2.55 2.33 2.12 1.91 1.71 1.52 1.34 1.17 1.02 0.88 0.76 0.66 0.58 0.53 0.49 0.48 0.48 0.48 0.47 0.47 0.47
28.19 28.48 28.72 28.90 29.03 29.09 29.06 28.92 28.68 28.34 27.90 27.36 26.72 25.98 25.14 24.21 23.18 22.06 20.84 19.53 18.19 16.93 15.75 14.65 13.64 12.72 11.88 11.12 10.44 9.84 9.32 8.88 8.52 8.23 8.01 7.81 7.62 7.43 7.24 7.05 6.87 6.69 6.51 6.33 6.15 5.97 5.80 5.62 5.45 5.27 5.09 4.91 4.73 4.55 4.36 4.18 3.99 3.79 3.60 3.40 3.20 2.99 2.78 2.56 2.34 2.13 1.92 1.72 1.52 1.34 1.17 1.02 0.88 0.76 0.66 0.58 0.52 0.49 0.48 0.48 0.48 0.47 0.47 0.47
26.78 27.08 27.32 27.52 27.66 27.73 27.75 27.67 27.49 27.21 26.82 26.33 25.74 25.06 24.27 23.38 22.40 21.32 20.15 18.89 17.59 16.37 15.24 14.19 13.23 12.35 11.56 10.85 10.23 9.69 9.22 8.84 8.54 8.30 8.08 7.88 7.67 7.47 7.28 7.08 6.89 6.70 6.52 6.33 6.15 5.97 5.79 5.61 5.43 5.25 5.07 4.89 4.71 4.53 4.34 4.16 3.97 3.78 3.59 3.39 3.19 2.99 2.78 2.57 2.35 2.14 1.93 1.72 1.53 1.35 1.18 1.02 0.88 0.76 0.66 0.58 0.52 0.49 0.48 0.48 0.48 0.47 0.47 0.47
25.34 25.64 25.90 26.10 26.26 26.35 26.39 26.35 26.23 26.01 25.68 25.25 24.72 24.09 23.35 22.52 21.59 20.56 19.44 18.22 16.97 15.80 14.71 13.71 12.81 11.98 11.25 10.59 10.03 9.54 9.14 8.81 8.56 8.33 8.11 7.90 7.68 7.48 7.27 7.07 6.88 6.68 6.49 6.30 6.12 5.93 5.75 5.57 5.39 5.21 5.02 4.84 4.66 4.48 4.30 4.12 3.93 3.75 3.56 3.36 3.17 2.97 2.77 2.57 2.36 2.15 1.94 1.73 1.53 1.35 1.18 1.02 0.88 0.76 0.66 0.58 0.52 0.49 0.48 0.48 0.48 0.47 0.47 0.47
23.88 24.19 24.45 24.67 24.83 24.94 25.00 24.99 24.92 24.76 24.49 24.12 23.65 23.07 22.39 21.62 20.74 19.77 18.70 17.53 16.33 15.20 14.17 13.23 12.38 11.61 10.93 10.34 9.83 9.41 9.06 8.79 8.55 8.32 8.09 7.86 7.65 7.43 7.22 7.02 6.82 6.62 6.42 6.23 6.04 5.86 5.67 5.49 5.31 5.13 4.95 4.77 4.59 4.41 4.23 4.05 3.87 3.69 3.51 3.32 3.13 2.94 2.75 2.55 2.35 2.15 1.94 1.74 1.54 1.35 1.18 1.02 0.88 0.76 0.66 0.58 0.52 0.49 0.48 0.48 0.47 0.47 0.47 0.47
22.41 22.72 22.99 23.21 23.39 23.52 23.59 23.60 23.56 23.44 23.24 22.94 22.53 22.01 21.40 20.68 19.86 18.94 17.93 16.81 15.67 14.60 13.62 12.73 11.94 11.23 10.61 10.08 9.64 9.28 8.99 8.74 8.49 8.25 8.01 7.78 7.56 7.34 7.12 6.91 6.71 6.51 6.31 6.12 5.93 5.74 5.56 5.37 5.19 5.01 4.84 4.66 4.49 4.31 4.14 3.96 3.79 3.61 3.43 3.25 3.07 2.89 2.71 2.52 2.33 2.14 1.94 1.74 1.55 1.36 1.18 1.02 0.88 0.76 0.66 0.58 0.52 0.49 0.48 0.48 0.47 0.47 0.47 0.47
20.92 21.24 21.51 21.75 21.93 22.07 22.16 22.20 22.18 22.09 21.94 21.70 21.36 20.91 20.36 19.70 18.94 18.09 17.13 16.07 14.98 13.97 13.06 12.23 11.50 10.85 10.30 9.84 9.46 9.16 8.88 8.62 8.37 8.12 7.88 7.64 7.41 7.19 6.97 6.76 6.55 6.35 6.15 5.96 5.77 5.58 5.40 5.22 5.04 4.86 4.69 4.52 4.35 4.18 4.01 3.84 3.67 3.50 3.33 3.16 2.99 2.82 2.65 2.47 2.29 2.11 1.93 1.74 1.55 1.36 1.19 1.03 0.88 0.76 0.66 0.57 0.52 0.49 0.48 0.48 0.47 0.47 0.47 0.46
19.43 19.75 20.03 20.27 20.47 20.62 20.73 20.78 20.78 20.72 20.61 20.42 20.14 19.76 19.28 18.69 18.00 17.20 16.31 15.31 14.28 13.33 12.48 11.72 11.05 10.47 9.99 9.59 9.27 8.99 8.71 8.44 8.18 7.93 7.68 7.44 7.21 6.99 6.77 6.55 6.35 6.14 5.95 5.75 5.56 5.38 5.20 5.02 4.85 4.67 4.50 4.34 4.17 4.01 3.85 3.69 3.53 3.36 3.20 3.04 2.88 2.72 2.56 2.40 2.23 2.06 1.89 1.72 1.54 1.36 1.19 1.03 0.88 0.76 0.66 0.57 0.52 0.48 0.48 0.48 0.47 0.47 0.47 0.47
17.93 18.25 18.54 18.79 19.00 19.17 19.29 19.36 19.38 19.35 19.26 19.11 18.89 18.58 18.16 17.64 17.02 16.29 15.46 14.53 13.56 12.68 11.89 11.20 10.60 10.09 9.68 9.34 9.04 8.75 8.47 8.19 7.93 7.67 7.43 7.18 6.95 6.72 6.50 6.29 6.08 5.88 5.68 5.49 5.31 5.13 4.95 4.78 4.61 4.44 4.28 4.12 3.96 3.80 3.65 3.50 3.34 3.19 3.04 2.90 2.75 2.60 2.45 2.30 2.14 1.99 1.84 1.68 1.52 1.36 1.19 1.03 0.89 0.76 0.66 0.57 0.52 0.48 0.48 0.47 0.47 0.47 0.47 0.47
16.44 16.76 17.05 17.31 17.53 17.71 17.85 17.94 17.98 17.97 17.91 17.78 17.60 17.35 17.01 16.56 16.01 15.35 14.59 13.73 12.83 12.01 11.29 10.67 10.14 9.71 9.36 9.04 8.74 8.44 8.15 7.88 7.61 7.35 7.10 6.86 6.63 6.40 6.18 5.97 5.76 5.56 5.37 5.18 5.00 4.82 4.65 4.48 4.32 4.16 4.00 3.85 3.70 3.55 3.41 3.27 3.13 2.99 2.85 2.71 2.58 2.44 2.30 2.17 2.03 1.89 1.75 1.61 1.47 1.33 1.18 1.03 0.89 0.76 0.66 0.57 0.51 0.48 0.48 0.47 0.47 0.47 0.47 0.47
14.95 15.27 15.57 15.83 16.06 16.26 16.41 16.52 16.58 16.60 16.56 16.46 16.31 16.10 15.81 15.44 14.96 14.38 13.69 12.90 12.07 11.33 10.68 10.14 9.68 9.32 8.98 8.66 8.35 8.06 7.77 7.49 7.22 6.96 6.71 6.47 6.23 6.01 5.79 5.58 5.38 5.18 4.99 4.81 4.63 4.46 4.30 4.14 3.98 3.83 3.68 3.54 3.40 3.26 3.13 3.00 2.87 2.74 2.62 2.49 2.37 2.25 2.13 2.01 1.89 1.77 1.65 1.52 1.40 1.27 1.15 1.02 0.89 0.76 0.66 0.57 0.51 0.48 0.48 0.47 0.47 0.47 0.47 0.47
13.47 13.80 14.10 14.37 14.61 14.81 14.98 15.11 15.19 15.23 15.21 15.15 15.02 14.84 14.60 14.29 13.89 13.39 12.77 12.06 11.30 10.64 10.07 9.60 9.21 8.86 8.53 8.20 7.89 7.59 7.30 7.02 6.75 6.49 6.25 6.00 5.77 5.55 5.34 5.13 4.93 4.74 4.56 4.38 4.21 4.05 3.89 3.73 3.59 3.44 3.31 3.17 3.05 2.92 2.80 2.68 2.57 2.45 2.34 2.23 2.13 2.02 1.92 1.81 1.71 1.61 1.51 1.40 1.30 1.19 1.09 0.98 0.87 0.76 0.66 0.57 0.51 0.48 0.48 0.47 0.47 0.47 0.47 0.47
12.01 12.34 12.64 12.92 13.17 13.38 13.56 13.71 13.81 13.87 13.88 13.84 13.75 13.60 13.40 13.13 12.79 12.36 11.83 11.19 10.52 9.93 9.44 9.04 8.67 8.32 7.99 7.66 7.35 7.05 6.76 6.48 6.21 5.95 5.71 5.47 5.24 5.02 4.81 4.61 4.42 4.23 4.06 3.89 3.72 3.57 3.42 3.28 3.14 3.01 2.88 2.76 2.64 2.53 2.42 2.32 2.22 2.12 2.02 1.93 1.84 1.75 1.67 1.58 1.50 1.42 1.33 1.25 1.17 1.09 1.00 0.92 0.83 0.74 0.65 0.57 0.51 0.48 0.48 0.47 0.47 0.47 0.47 0.47
10.57 10.90 11.20 11.49 11.74 11.97 12.16 12.32 12.44 12.52 12.56 12.55 12.49 12.37 12.20 11.97 11.68 11.32 10.87 10.31 9.72 9.21 8.79 8.41 8.05 7.69 7.36 7.03 6.72 6.42 6.13 5.85 5.59 5.33 5.09 4.86 4.63 4.42 4.22 4.02 3.83 3.66 3.49 3.33 3.17 3.03 2.89 2.76 2.63 2.51 2.40 2.29 2.18 2.09 1.99 1.90 1.82 1.74 1.66 1.58 1.51 1.44 1.38 1.31 1.25 1.19 1.12 1.06 1.00 0.94 0.88 0.82 0.76 0.70 0.64 0.57 0.51 0.48 0.48 0.48 0.47 0.47 0.47 0.47
9.16 9.48 9.79 10.08 10.34 10.58 10.79 10.96 11.10 11.20 11.26 11.28 11.24 11.16 11.02 10.83 10.58 10.27 9.88 9.41 8.90 8.47 8.07 7.69 7.33 6.97 6.64 6.31 6.00 5.70 5.42 5.14 4.88 4.63 4.39 4.16 3.95 3.74 3.54 3.36 3.18 3.01 2.85 2.70 2.55 2.42 2.29 2.17 2.06 1.95 1.85 1.76 1.67 1.59 1.51 1.44 1.37 1.30 1.25 1.19 1.14 1.09 1.04 1.00 0.95 0.91 0.88 0.84 0.80 0.77 0.73 0.70 0.66 0.63 0.59 0.55 0.51 0.48 0.48 0.48 0.47 0.47 0.47 0.47
7.78 8.10 8.41 8.70 8.97 9.21 9.43 9.62 9.78 9.90 9.99 10.03 10.02 9.97 9.87 9.72 9.50 9.23 8.90 8.50 8.06 7.65 7.25 6.87 6.51 6.16 5.82 5.50 5.19 4.90 4.62 4.35 4.09 3.84 3.61 3.39 3.18 2.98 2.79 2.61 2.44 2.29 2.14 2.00 1.87 1.74 1.63 1.52 1.42 1.33 1.24 1.17 1.09 1.03 0.97 0.91 0.86 0.82 0.78 0.74 0.71 0.68 0.66 0.64 0.62 0.60 0.59 0.57 0.56 0.55 0.54 0.53 0.53 0.52 0.51 0.50 0.49 0.48 0.48 0.48 0.48 0.47 0.47 0.47
6.44 6.76 7.07 7.37 7.64 7.90 8.13 8.33 8.51 8.65 8.75 8.82 8.84 8.82 8.76 8.64 8.46 8.23 7.94 7.59 7.18 6.77 6.37 5.99 5.63 5.28 4.95 4.63 4.33 4.03 3.76 3.49 3.24 3.00 2.78 2.56 2.36 2.17 1.99 1.82 1.66 1.52 1.38 1.25 1.13 1.02 0.92 0.83 0.74 0.67 0.60 0.53 0.48 0.43 0.39 0.35 0.32 0.30 0.28 0.26 0.25 0.25 0.24 0.25 0.25 0.26 0.27 0.28 0.29 0.31 0.33 0.35 0.37 0.39 0.41 0.43 0.45 0.47 0.48 0.48 0.48 0.48 0.48 0.47
5.21 5.52 5.83 6.13 6.41 6.67 6.91 7.13 7.32 7.48 7.61 7.70 7.75 7.76 7.72 7.64 7.50 7.31 7.06 6.73 6.33 5.93 5.54 5.16 4.80 4.45 4.12 3.80 3.50 3.21 2.94 2.68 2.43 2.20 1.98 1.77 1.58 1.40 1.23 1.07 0.92 0.78 0.65 0.54 0.43 0.33 0.24 0.16 0.09 0.03 0.00 0.00 0.00 0.00 0.00 0.00 0.00 0.00 0.00 0.00 0.00 0.00 0.00 0.00 0.00 0.00 0.00 0.01 0.05 0.09 0.13 0.18 0.23 0.28 0.33 0.38 0.43 0.46 0.48 0.49 0.49 0.49 0.49 0.48
