data_processed/recharge/precip/Precip_1997_03.asc
ncols        168
nrows        136
xllcorner    455000
yllcorner    2107000
cellsize     500
NODATA_value     -99999
[rows 68 to 101 of 136, columns 77 to 153 of 168]
26.04 25.60 25.28 25.09 25.04 25.11 25.32 25.58 25.83 26.06 26.27 26.43 26.56 26.64 26.67 26.65 26.57 26.44 26.25 26.00 25.68 25.30 24.90 24.48 24.06 23.63 23.20 22.78 22.37 21.98 21.61 21.27 20.97 20.73 20.55 20.44 20.44 20.56 20.81 21.18 21.66 22.25 22.94 23.73 24.60 25.55 26.59 27.76 29.06 30.46 31.94 33.46 35.00 36.53 38.01 39.42 40.74 41.92 42.93 43.76 44.39 44.84 45.16 45.33 45.39 45.31 45.12 44.81 44.38 43.84 43.20 42.45 41.63 40.77 39.87 38.95 38.01
25.63 25.15 24.78 24.54 24.41 24.42 24.55 24.80 25.10 25.39 25.65 25.86 26.02 26.13 26.19 26.20 26.14 26.03 25.85 25.61 25.29 24.92 24.52 24.10 23.68 23.25 22.83 22.41 22.00 21.61 21.24 20.90 20.59 20.32 20.12 20.04 20.09 20.26 20.56 20.98 21.52 22.15 22.89 23.72 24.63 25.63 26.70 27.90 29.23 30.66 32.15 33.69 35.23 36.76 38.23 39.63 40.93 42.09 43.08 43.87 44.49 44.96 45.29 45.48 45.55 45.48 45.30 44.99 44.56 44.03 43.38 42.62 41.80 40.93 40.03 39.10 38.15
25.27 24.76 24.35 24.06 23.88 23.83 23.89 24.08 24.37 24.71 25.01 25.26 25.46 25.61 25.70 25.74 25.71 25.61 25.45 25.21 24.91 24.54 24.14 23.72 23.30 22.88 22.46 22.04 21.63 21.25 20.88 20.54 20.23 19.96 19.78 19.74 19.83 20.05 20.39 20.85 21.42 22.10 22.87 23.73 24.67 25.70 26.80 28.03 29.37 30.81 32.31 33.85 35.39 36.90 38.36 39.74 41.00 42.13 43.08 43.87 44.50 45.00 45.35 45.56 45.65 45.60 45.42 45.12 44.71 44.17 43.52 42.77 41.94 41.06 40.15 39.22 38.27
24.96 24.43 24.00 23.67 23.45 23.35 23.36 23.48 23.70 24.02 24.36 24.65 24.89 25.08 25.20 25.26 25.26 25.18 25.04 24.82 24.52 24.15 23.76 23.35 22.93 22.51 22.09 21.68 21.28 20.89 20.53 20.19 19.89 19.66 19.54 19.54 19.66 19.92 20.29 20.78 21.38 22.08 22.87 23.76 24.72 25.77 26.89 28.13 29.48 30.92 32.42 33.94 35.47 36.96 38.39 39.74 40.96 42.04 42.98 43.78 44.44 44.97 45.34 45.58 45.69 45.65 45.49 45.21 44.80 44.27 43.63 42.87 42.04 41.17 40.26 39.33 38.37
24.70 24.16 23.71 23.37 23.13 22.99 22.95 23.00 23.15 23.38 23.70 24.03 24.31 24.54 24.69 24.78 24.80 24.75 24.62 24.42 24.13 23.77 23.38 22.98 22.56 22.15 21.74 21.33 20.93 20.55 20.19 19.86 19.60 19.44 19.39 19.43 19.59 19.86 20.26 20.77 21.38 22.10 22.91 23.80 24.78 25.84 26.97 28.21 29.56 30.99 32.47 33.97 35.47 36.93 38.32 39.62 40.80 41.85 42.79 43.62 44.31 44.86 45.27 45.54 45.66 45.65 45.51 45.24 44.85 44.33 43.69 42.94 42.11 41.24 40.34 39.41 38.46
24.49 23.96 23.51 23.16 22.90 22.74 22.65 22.64 22.71 22.86 23.10 23.40 23.72 23.98 24.18 24.30 24.35 24.32 24.21 24.02 23.74 23.39 23.00 22.61 22.20 21.80 21.39 20.99 20.60 20.22 19.88 19.59 19.40 19.31 19.31 19.40 19.59 19.89 20.29 20.81 21.43 22.15 22.97 23.87 24.84 25.90 27.02 28.26 29.59 31.01 32.46 33.93 35.39 36.81 38.16 39.41 40.55 41.60 42.54 43.38 44.10 44.68 45.12 45.42 45.57 45.59 45.47 45.22 44.84 44.34 43.71 42.97 42.15 41.29 40.39 39.47 38.53
24.33 23.82 23.39 23.04 22.78 22.58 22.45 22.39 22.40 22.47 22.62 22.84 23.13 23.43 23.66 23.81 23.89 23.88 23.79 23.62 23.35 23.01 22.64 22.25 21.85 21.45 21.06 20.66 20.28 19.92 19.62 19.40 19.28 19.24 19.30 19.44 19.67 19.98 20.39 20.91 21.53 22.24 23.05 23.94 24.91 25.95 27.06 28.28 29.59 30.97 32.39 33.83 35.24 36.60 37.89 39.10 40.23 41.27 42.23 43.08 43.81 44.43 44.90 45.23 45.42 45.47 45.37 45.15 44.79 44.30 43.69 42.97 42.16 41.30 40.42 39.50 38.57
24.23 23.75 23.34 23.01 22.74 22.52 22.35 22.24 22.19 22.20 22.27 22.41 22.61 22.87 23.13 23.32 23.43 23.45 23.38 23.22 22.97 22.64 22.28 21.90 21.51 21.12 20.74 20.35 19.98 19.67 19.44 19.29 19.23 19.25 19.35 19.53 19.79 20.13 20.55 21.06 21.66 22.37 23.15 24.03 24.98 26.00 27.08 28.27 29.55 30.89 32.27 33.64 35.00 36.30 37.54 38.72 39.84 40.88 41.84 42.70 43.46 44.10 44.60 44.97 45.20 45.28 45.22 45.02 44.68 44.22 43.63 42.92 42.12 41.28 40.41 39.51 38.59
24.19 23.75 23.38 23.06 22.77 22.53 22.34 22.19 22.09 22.04 22.04 22.10 22.21 22.39 22.61 22.83 22.97 23.02 22.97 22.83 22.60 22.28 21.93 21.56 21.19 20.81 20.43 20.06 19.74 19.50 19.34 19.25 19.24 19.31 19.45 19.67 19.96 20.32 20.75 21.26 21.84 22.52 23.28 24.12 25.04 26.03 27.08 28.23 29.46 30.75 32.07 33.39 34.68 35.92 37.13 38.29 39.40 40.43 41.39 42.26 43.03 43.69 44.23 44.64 44.91 45.02 44.99 44.83 44.52 44.08 43.51 42.82 42.05 41.23 40.37 39.49 38.59
24.21 23.82 23.48 23.16 22.87 22.62 22.40 22.22 22.08 21.98 21.93 21.91 21.95 22.03 22.17 22.35 22.51 22.59 22.57 22.45 22.24 21.93 21.59 21.24 20.88 20.51 20.15 19.83 19.59 19.41 19.31 19.28 19.32 19.43 19.60 19.85 20.16 20.54 20.98 21.49 22.06 22.70 23.42 24.23 25.11 26.05 27.06 28.16 29.33 30.56 31.82 33.06 34.29 35.49 36.67 37.80 38.89 39.92 40.88 41.75 42.53 43.22 43.78 44.23 44.53 44.70 44.71 44.58 44.30 43.89 43.35 42.68 41.93 41.13 40.30 39.44 38.56
24.28 23.94 23.62 23.32 23.04 22.78 22.55 22.35 22.17 22.03 21.92 21.85 21.81 21.81 21.86 21.95 22.07 22.17 22.18 22.08 21.88 21.59 21.27 20.93 20.58 20.24 19.93 19.68 19.50 19.39 19.35 19.37 19.45 19.59 19.80 20.07 20.40 20.78 21.23 21.73 22.29 22.91 23.59 24.34 25.16 26.05 27.01 28.05 29.16 30.32 31.49 32.67 33.84 35.01 36.15 37.26 38.33 39.34 40.30 41.17 41.97 42.67 43.26 43.73 44.08 44.29 44.36 44.27 44.03 43.65 43.14 42.50 41.77 41.00 40.19 39.36 38.52
24.39 24.10 23.81 23.53 23.26 23.01 22.77 22.55 22.35 22.18 22.02 21.89 21.79 21.72 21.68 21.68 21.71 21.77 21.80 21.73 21.55 21.27 20.96 20.64 20.31 20.02 19.78 19.61 19.49 19.44 19.44 19.51 19.63 19.80 20.03 20.32 20.66 21.05 21.49 21.98 22.53 23.12 23.76 24.45 25.22 26.04 26.93 27.90 28.94 30.01 31.11 32.23 33.35 34.47 35.58 36.66 37.71 38.71 39.65 40.53 41.33 42.05 42.66 43.17 43.55 43.81 43.92 43.89 43.69 43.35 42.87 42.26 41.57 40.82 40.05 39.25 38.47
24.52 24.28 24.03 23.78 23.54 23.30 23.06 22.83 22.62 22.41 22.22 22.05 21.89 21.75 21.64 21.55 21.49 21.45 21.43 21.38 21.22 20.97 20.68 20.38 20.10 19.88 19.72 19.61 19.55 19.55 19.60 19.70 19.85 20.05 20.30 20.59 20.93 21.32 21.76 22.24 22.76 23.32 23.92 24.57 25.26 26.02 26.83 27.71 28.66 29.66 30.69 31.74 32.81 33.88 34.95 36.00 37.02 38.01 38.95 39.82 40.63 41.36 41.99 42.52 42.94 43.24 43.41 43.43 43.29 43.00 42.56 41.98 41.32 40.61 39.87 39.14 38.43
24.67 24.48 24.28 24.08 23.86 23.64 23.41 23.19 22.96 22.73 22.52 22.30 22.10 21.90 21.72 21.55 21.40 21.27 21.16 21.06 20.92 20.68 20.41 20.17 19.97 19.82 19.72 19.67 19.67 19.71 19.80 19.93 20.10 20.32 20.58 20.89 21.23 21.61 22.03 22.48 22.98 23.51 24.07 24.67 25.30 25.97 26.69 27.49 28.35 29.26 30.22 31.21 32.22 33.25 34.27 35.29 36.29 37.25 38.18 39.05 39.86 40.60 41.25 41.81 42.26 42.60 42.81 42.88 42.81 42.57 42.18 41.64 41.02 40.36 39.69 39.02 38.37
24.83 24.71 24.56 24.40 24.22 24.03 23.82 23.60 23.37 23.14 22.90 22.65 22.41 22.17 21.92 21.69 21.46 21.24 21.03 20.83 20.64 20.42 20.21 20.04 19.91 19.83 19.79 19.79 19.83 19.92 20.04 20.20 20.39 20.62 20.89 21.19 21.53 21.89 22.29 22.72 23.18 23.67 24.19 24.73 25.30 25.89 26.53 27.22 28.00 28.83 29.71 30.64 31.59 32.57 33.55 34.53 35.49 36.44 37.35 38.21 39.02 39.77 40.43 41.01 41.50 41.87 42.13 42.25 42.24 42.07 41.74 41.26 40.68 40.09 39.49 38.89 38.29
24.99 24.94 24.86 24.75 24.62 24.46 24.28 24.07 23.85 23.61 23.36 23.09 22.81 22.53 22.23 21.94 21.64 21.33 21.03 20.73 20.44 20.17 20.03 19.93 19.88 19.86 19.87 19.93 20.01 20.13 20.28 20.46 20.67 20.91 21.18 21.48 21.81 22.16 22.53 22.93 23.35 23.80 24.26 24.75 25.26 25.78 26.34 26.95 27.63 28.38 29.19 30.05 30.94 31.86 32.79 33.73 34.67 35.59 36.48 37.33 38.14 38.89 39.57 40.17 40.68 41.08 41.38 41.56 41.60 41.49 41.24 40.83 40.34 39.81 39.28 38.74 38.19
25.13 25.16 25.16 25.11 25.02 24.91 24.76 24.58 24.37 24.13 23.87 23.59 23.28 22.96 22.62 22.27 21.90 21.52 21.14 20.74 20.31 19.90 19.71 19.68 19.70 19.75 19.83 19.94 20.07 20.23 20.41 20.62 20.86 21.11 21.39 21.69 22.01 22.35 22.71 23.08 23.47 23.88 24.30 24.73 25.18 25.66 26.18 26.74 27.33 27.99 28.72 29.50 30.33 31.19 32.08 32.97 33.87 34.76 35.63 36.47 37.27 38.02 38.71 39.33 39.86 40.30 40.63 40.85 40.94 40.90 40.73 40.43 40.04 39.59 39.11 38.63 38.13
25.25 25.37 25.44 25.46 25.43 25.36 25.25 25.10 24.90 24.68 24.41 24.12 23.80 23.44 23.07 22.66 22.24 21.79 21.32 20.81 20.23 19.67 19.34 19.28 19.36 19.49 19.63 19.80 19.99 20.20 20.42 20.67 20.93 21.21 21.50 21.81 22.13 22.47 22.81 23.17 23.53 23.91 24.29 24.68 25.09 25.54 26.04 26.56 27.10 27.68 28.32 29.03 29.79 30.59 31.42 32.27 33.13 33.98 34.83 35.65 36.44 37.19 37.88 38.51 39.06 39.52 39.89 40.15 40.30 40.32 40.24 40.06 39.77 39.42 39.01 38.57 38.11
25.34 25.55 25.70 25.79 25.83 25.81 25.74 25.62 25.46 25.24 24.99 24.69 24.35 23.97 23.56 23.11 22.64 22.12 21.55 20.90 20.19 19.50 19.02 18.83 18.88 19.07 19.29 19.53 19.78 20.04 20.32 20.61 20.90 21.21 21.53 21.85 22.18 22.52 22.86 23.20 23.55 23.90 24.25 24.62 25.01 25.44 25.91 26.41 26.91 27.44 28.01 28.63 29.32 30.05 30.82 31.62 32.43 33.25 34.07 34.87 35.65 36.39 37.08 37.71 38.28 38.77 39.17 39.46 39.66 39.78 39.80 39.71 39.53 39.27 38.94 38.55 38.13
25.39 25.69 25.93 26.10 26.21 26.25 26.23 26.15 26.02 25.82 25.58 25.28 24.93 24.54 24.10 23.61 23.08 22.48 21.79 21.02 20.19 19.37 18.77 18.44 18.37 18.53 18.82 19.13 19.45 19.78 20.11 20.45 20.79 21.13 21.48 21.82 22.17 22.51 22.86 23.20 23.53 23.87 24.20 24.56 24.95 25.36 25.80 26.26 26.75 27.24 27.76 28.30 28.91 29.57 30.28 31.03 31.79 32.57 33.36 34.13 34.89 35.62 36.31 36.95 37.52 38.03 38.45 38.80 39.07 39.28 39.39 39.40 39.31 39.13 38.88 38.56 38.18
25.41 25.79 26.12 26.38 26.56 26.67 26.70 26.67 26.57 26.40 26.17 25.88 25.53 25.13 24.67 24.15 23.54 22.83 22.04 21.16 20.22 19.30 18.58 18.13 17.93 17.97 18.24 18.62 19.02 19.41 19.81 20.20 20.59 20.98 21.36 21.73 22.10 22.46 22.82 23.16 23.49 23.82 24.16 24.52 24.89 25.28 25.70 26.14 26.59 27.06 27.55 28.05 28.58 29.17 29.81 30.49 31.21 31.95 32.69 33.44 34.17 34.89 35.57 36.21 36.79 37.31 37.77 38.18 38.54 38.82 39.01 39.11 39.10 39.00 38.82 38.57 38.24
25.46 25.87 26.27 26.61 26.87 27.05 27.15 27.17 27.11 26.97 26.77 26.49 26.15 25.73 25.25 24.67 23.98 23.18 22.29 21.32 20.29 19.27 18.45 17.90 17.58 17.51 17.66 18.02 18.49 18.96 19.42 19.88 20.33 20.76 21.19 21.60 22.00 22.38 22.75 23.10 23.45 23.79 24.13 24.49 24.85 25.22 25.62 26.03 26.46 26.90 27.35 27.83 28.31 28.83 29.40 30.02 30.68 31.37 32.08 32.79 33.50 34.19 34.86 35.49 36.08 36.63 37.14 37.62 38.04 38.40 38.67 38.84 38.91 38.88 38.76 38.57 38.29
25.53 25.96 26.38 26.79 27.14 27.39 27.56 27.63 27.62 27.53 27.35 27.09 26.76 26.34 25.81 25.16 24.38 23.51 22.54 21.49 20.38 19.28 18.38 17.73 17.32 17.14 17.18 17.43 17.88 18.42 18.97 19.49 20.00 20.50 20.97 21.43 21.86 22.28 22.67 23.04 23.41 23.76 24.11 24.46 24.82 25.18 25.55 25.93 26.34 26.75 27.18 27.63 28.08 28.56 29.06 29.61 30.21 30.85 31.51 32.19 32.86 33.54 34.19 34.82 35.42 36.01 36.58 37.11 37.60 38.02 38.36 38.59 38.73 38.76 38.70 38.56 38.33
25.63 26.07 26.51 26.94 27.34 27.68 27.92 28.06 28.10 28.05 27.91 27.68 27.35 26.91 26.32 25.60 24.76 23.82 22.79 21.67 20.50 19.33 18.35 17.62 17.13 16.86 16.80 16.95 17.30 17.83 18.45 19.05 19.63 20.19 20.72 21.23 21.71 22.16 22.58 22.99 23.37 23.74 24.10 24.45 24.79 25.14 25.49 25.85 26.23 26.62 27.02 27.44 27.88 28.32 28.78 29.27 29.81 30.39 31.00 31.63 32.28 32.92 33.55 34.18 34.82 35.45 36.07 36.66 37.20 37.67 38.07 38.37 38.56 38.64 38.63 38.53 38.34
25.75 26.20 26.65 27.09 27.52 27.91 28.23 28.44 28.54 28.54 28.44 28.24 27.90 27.40 26.76 25.99 25.10 24.11 23.03 21.86 20.63 19.41 18.38 17.58 17.02 16.67 16.53 16.59 16.84 17.28 17.89 18.56 19.22 19.85 20.45 21.01 21.54 22.04 22.50 22.93 23.34 23.73 24.09 24.44 24.78 25.12 25.45 25.78 26.14 26.50 26.88 27.28 27.69 28.11 28.54 28.99 29.46 29.98 30.54 31.13 31.73 32.35 32.97 33.62 34.29 34.97 35.63 36.26 36.84 37.36 37.81 38.16 38.40 38.53 38.56 38.49 38.33
25.90 26.36 26.82 27.26 27.70 28.11 28.48 28.76 28.93 28.99 28.93 28.72 28.35 27.82 27.14 26.33 25.41 24.38 23.26 22.06 20.79 19.52 18.45 17.60 16.98 16.56 16.36 16.34 16.51 16.86 17.38 18.06 18.79 19.49 20.16 20.79 21.38 21.92 22.42 22.88 23.31 23.72 24.09 24.44 24.78 25.10 25.41 25.73 26.06 26.40 26.76 27.13 27.51 27.91 28.32 28.74 29.18 29.64 30.14 30.68 31.24 31.83 32.47 33.15 33.84 34.55 35.24 35.90 36.52 37.09 37.57 37.96 38.25 38.42 38.48 38.43 38.29
26.08 26.54 27.00 27.45 27.89 28.30 28.68 29.02 29.26 29.37 29.32 29.10 28.70 28.15 27.45 26.62 25.67 24.62 23.47 22.25 20.96 19.67 18.56 17.68 17.01 16.54 16.28 16.20 16.31 16.58 17.02 17.62 18.35 19.13 19.87 20.57 21.21 21.80 22.34 22.84 23.29 23.71 24.10 24.45 24.79 25.09 25.39 25.68 25.99 26.32 26.65 27.00 27.36 27.73 28.12 28.52 28.93 29.35 29.79 30.28 30.81 31.41 32.06 32.75 33.47 34.19 34.90 35.60 36.25 36.84 37.36 37.79 38.10 38.30 38.38 38.36 38.23
26.27 26.74 27.20 27.65 28.09 28.50 28.88 29.22 29.51 29.65 29.60 29.36 28.96 28.40 27.69 26.85 25.89 24.83 23.67 22.44 21.13 19.83 18.71 17.80 17.10 16.60 16.30 16.17 16.22 16.44 16.81 17.33 17.99 18.77 19.58 20.34 21.04 21.68 22.26 22.79 23.27 23.71 24.11 24.47 24.80 25.10 25.37 25.65 25.94 26.24 26.56 26.88 27.22 27.58 27.94 28.31 28.70 29.10 29.51 29.95 30.48 31.07 31.73 32.43 33.16 33.89 34.63 35.33 36.00 36.62 37.16 37.62 37.96 38.18 38.28 38.26 38.14
26.49 26.95 27.41 27.87 28.30 28.71 29.09 29.42 29.67 29.78 29.74 29.51 29.11 28.56 27.85 27.02 26.07 25.01 23.85 22.62 21.32 20.02 18.89 17.98 17.26 16.74 16.40 16.24 16.25 16.42 16.74 17.20 17.79 18.50 19.30 20.12 20.87 21.56 22.18 22.75 23.26 23.72 24.13 24.49 24.82 25.11 25.37 25.63 25.90 26.18 26.48 26.78 27.10 27.43 27.77 28.13 28.49 28.87 29.27 29.72 30.24 30.83 31.49 32.19 32.92 33.66 34.40 35.11 35.80 36.43 36.99 37.46 37.82 38.05 38.15 38.14 38.01
26.73 27.19 27.65 28.09 28.52 28.92 29.29 29.57 29.75 29.81 29.75 29.54 29.16 28.62 27.94 27.12 26.19 25.15 24.01 22.79 21.51 20.23 19.11 18.19 17.48 16.95 16.60 16.42 16.40 16.53 16.81 17.22 17.76 18.38 19.10 19.90 20.70 21.44 22.10 22.71 23.24 23.72 24.15 24.52 24.85 25.13 25.37 25.61 25.87 26.13 26.41 26.70 27.00 27.31 27.63 27.96 28.30 28.67 29.09 29.57 30.10 30.69 31.33 32.02 32.74 33.48 34.22 34.94 35.62 36.26 36.83 37.31 37.68 37.91 38.02 38.00 37.86
27.00 27.45 27.90 28.33 28.75 29.14 29.45 29.66 29.76 29.76 29.65 29.45 29.10 28.59 27.94 27.16 26.25 25.24 24.14 22.95 21.70 20.45 19.35 18.46 17.75 17.23 16.87 16.69 16.65 16.77 17.02 17.39 17.85 18.40 19.04 19.75 20.53 21.31 22.02 22.66 23.23 23.73 24.17 24.55 24.88 25.15 25.38 25.61 25.85 26.10 26.35 26.63 26.91 27.20 27.50 27.81 28.15 28.54 28.99 29.49 30.04 30.62 31.25 31.93 32.63 33.36 34.09 34.80 35.48 36.11 36.68 37.17 37.54 37.77 37.86 37.82 37.66
27.28 27.72 28.16 28.59 28.99 29.32 29.55 29.68 29.71 29.65 29.50 29.26 28.92 28.46 27.86 27.12 26.26 25.30 24.24 23.10 21.89 20.68 19.62 18.76 18.07 17.57 17.23 17.05 17.02 17.12 17.35 17.66 18.06 18.55 19.11 19.74 20.44 21.20 21.94 22.62 23.22 23.74 24.20 24.59 24.92 25.18 25.40 25.61 25.84 26.07 26.31 26.57 26.83 27.10 27.39 27.70 28.06 28.48 28.95 29.47 30.03 30.62 31.25 31.90 32.59 33.29 34.00 34.70 35.37 35.99 36.55 37.03 37.39 37.61 37.68 37.62 37.43
27.58 28.01 28.44 28.84 29.18 29.43 29.58 29.64 29.61 29.49 29.29 29.02 28.66 28.23 27.69 27.01 26.21 25.30 24.30 23.22 22.07 20.91 19.91 19.09 18.45 17.98 17.66 17.50 17.48 17.58 17.77 18.03 18.38 18.80 19.29 19.85 20.47 21.15 21.87 22.58 23.21 23.76 24.23 24.63 24.96 25.22 25.43 25.63 25.83 26.05 26.28 26.52 26.77 27.03 27.31 27.65 28.04 28.49 28.98 29.51 30.08 30.68 31.30 31.94 32.60 33.28 33.96 34.63 35.28 35.88 36.43 36.90 37.24 37.44 37.49 37.39 37.17
27.91 28.32 28.72 29.06 29.32 29.48 29.55 29.54 29.45 29.29 29.05 28.74 28.37 27.93 27.42 26.82 26.09 25.26 24.33 23.32 22.24 21.16 20.22 19.46 18.87 18.44 18.17 18.04 18.03 18.10 18.26 18.49 18.79 19.15 19.58 20.07 20.62 21.22 21.86 22.54 23.20 23.77 24.26 24.67 25.01 25.27 25.46 25.65 25.84 26.05 26.26 26.48 26.72 26.98 27.29 27.66 28.08 28.55 29.06 29.61 30.18 30.78 31.40 32.03 32.67 33.31 33.96 34.60 35.22 35.80 36.32 36.76 37.08 37.25 37.26 37.13 36.86
