data_processed/recharge/precip/Precip_1996_10.asc
ncols        168
nrows        136
xllcorner    455000
yllcorner    2107000
cellsize     500
NODATA_value     -99999
[rows 102 to 135 of 136, columns 78 to 155 of 168]
28.51 28.31 28.17 28.08 28.05 28.08 28.16 28.29 28.46 28.69 28.97 29.29 29.67 30.09 30.55 31.06 31.60 32.19 32.81 33.46 34.14 34.86 35.60 36.37 37.15 37.96 38.79 39.64 40.50 41.37 42.25 43.14 44.03 44.93 45.83 46.73 47.63 48.52 49.40 50.28 51.14 52.00 52.83 53.65 54.45 55.23 55.98 56.71 57.40 58.07 58.72 59.35 59.96 60.57 61.18 61.79 62.41 63.04 63.68 64.29 64.83 65.31 65.72 66.08 66.38 66.64 66.86 67.03 67.19 67.35 67.51 67.69 67.87 68.06 68.26 68.48 68.70 68.94
30.72 30.51 30.37 30.28 30.25 30.26 30.33 30.45 30.61 30.82 31.07 31.37 31.72 32.11 32.55 33.03 33.54 34.10 34.69 35.31 35.97 36.65 37.36 38.10 38.85 39.63 40.43 41.24 42.07 42.91 43.75 44.61 45.47 46.33 47.20 48.07 48.93 49.78 50.63 51.47 52.30 53.12 53.92 54.70 55.46 56.20 56.91 57.60 58.26 58.90 59.52 60.12 60.72 61.31 61.91 62.51 63.12 63.74 64.39 65.00 65.54 66.02 66.44 66.80 67.11 67.37 67.58 67.76 67.90 68.03 68.16 68.30 68.45 68.62 68.79 68.98 69.18 69.40
32.99 32.79 32.65 32.56 32.52 32.53 32.59 32.70 32.85 33.04 33.28 33.55 33.87 34.23 34.64 35.09 35.58 36.10 36.66 37.25 37.88 38.53 39.21 39.91 40.63 41.38 42.14 42.92 43.71 44.52 45.33 46.15 46.98 47.81 48.64 49.47 50.29 51.11 51.92 52.73 53.52 54.29 55.05 55.80 56.52 57.22 57.89 58.54 59.17 59.77 60.36 60.94 61.52 62.10 62.68 63.27 63.87 64.49 65.14 65.75 66.30 66.78 67.20 67.56 67.87 68.13 68.34 68.52 68.66 68.78 68.88 68.99 69.11 69.24 69.39 69.55 69.73 69.93
35.33 35.14 35.00 34.91 34.87 34.88 34.93 35.03 35.17 35.35 35.57 35.83 36.12 36.45 36.83 37.24 37.70 38.19 38.72 39.28 39.87 40.49 41.13 41.80 42.49 43.21 43.93 44.68 45.43 46.20 46.98 47.76 48.55 49.35 50.14 50.93 51.72 52.50 53.27 54.04 54.79 55.52 56.24 56.95 57.63 58.29 58.92 59.53 60.12 60.69 61.25 61.81 62.37 62.92 63.49 64.07 64.67 65.29 65.93 66.55 67.10 67.58 68.00 68.36 68.67 68.93 69.14 69.32 69.46 69.57 69.66 69.74 69.83 69.93 70.05 70.19 70.34 70.51
37.74 37.56 37.42 37.33 37.29 37.30 37.35 37.44 37.57 37.74 37.95 38.19 38.46 38.77 39.11 39.50 39.92 40.38 40.87 41.40 41.95 42.54 43.15 43.78 44.44 45.11 45.80 46.51 47.23 47.96 48.70 49.45 50.20 50.95 51.71 52.46 53.21 53.95 54.68 55.40 56.12 56.81 57.49 58.15 58.79 59.41 60.00 60.57 61.12 61.66 62.19 62.72 63.26 63.80 64.35 64.92 65.51 66.12 66.76 67.38 67.93 68.41 68.83 69.19 69.50 69.76 69.98 70.15 70.29 70.40 70.49 70.55 70.61 70.68 70.77 70.88 71.01 71.16
40.21 40.03 39.90 39.82 39.78 39.79 39.83 39.92 40.05 40.21 40.40 40.63 40.89 41.18 41.49 41.84 42.23 42.66 43.12 43.61 44.13 44.67 45.25 45.84 46.46 47.10 47.75 48.42 49.10 49.80 50.50 51.20 51.91 52.63 53.34 54.05 54.76 55.46 56.15 56.83 57.50 58.15 58.79 59.41 60.00 60.57 61.12 61.65 62.17 62.67 63.18 63.68 64.19 64.71 65.25 65.80 66.39 67.00 67.64 68.25 68.80 69.28 69.70 70.06 70.37 70.63 70.84 71.02 71.16 71.27 71.35 71.41 71.45 71.50 71.56 71.64 71.74 71.86
42.74 42.57 42.45 42.37 42.34 42.34 42.39 42.47 42.60 42.75 42.94 43.15 43.40 43.67 43.97 44.29 44.64 45.03 45.45 45.90 46.39 46.90 47.43 47.99 48.57 49.17 49.78 50.41 51.05 51.70 52.36 53.03 53.70 54.37 55.04 55.71 56.38 57.04 57.68 58.32 58.95 59.56 60.15 60.72 61.26 61.79 62.29 62.78 63.26 63.73 64.20 64.68 65.17 65.67 66.19 66.73 67.30 67.91 68.55 69.16 69.71 70.19 70.61 70.97 71.27 71.53 71.74 71.92 72.05 72.16 72.24 72.30 72.34 72.36 72.40 72.45 72.52 72.62
45.32 45.16 45.05 44.98 44.95 44.96 45.01 45.09 45.21 45.36 45.54 45.75 45.98 46.24 46.52 46.82 47.14 47.49 47.88 48.29 48.74 49.21 49.70 50.22 50.76 51.32 51.89 52.48 53.08 53.69 54.31 54.93 55.56 56.19 56.82 57.44 58.06 58.67 59.28 59.87 60.45 61.01 61.56 62.08 62.57 63.04 63.50 63.95 64.39 64.83 65.27 65.72 66.18 66.66 67.16 67.69 68.26 68.86 69.49 70.11 70.65 71.13 71.55 71.91 72.21 72.46 72.67 72.84 72.98 73.08 73.15 73.21 73.24 73.27 73.28 73.31 73.35 73.42
47.94 47.80 47.70 47.64 47.62 47.64 47.69 47.77 47.89 48.04 48.21 48.41 48.63 48.88 49.15 49.43 49.74 50.05 50.40 50.77 51.18 51.61 52.06 52.54 53.04 53.55 54.08 54.63 55.19 55.75 56.33 56.91 57.49 58.07 58.66 59.24 59.81 60.38 60.94 61.48 62.02 62.53 63.02 63.48 63.92 64.34 64.76 65.16 65.56 65.96 66.37 66.80 67.23 67.69 68.18 68.69 69.25 69.84 70.47 71.09 71.63 72.11 72.52 72.87 73.17 73.43 73.63 73.80 73.93 74.03 74.10 74.15 74.18 74.20 74.21 74.22 74.23 74.27
50.61 50.48 50.40 50.35 50.34 50.37 50.42 50.51 50.63 50.77 50.94 51.14 51.35 51.59 51.84 52.12 52.40 52.70 53.01 53.35 53.71 54.10 54.51 54.94 55.40 55.87 56.36 56.86 57.37 57.89 58.42 58.95 59.49 60.03 60.57 61.10 61.63 62.15 62.66 63.16 63.64 64.09 64.52 64.93 65.31 65.69 66.05 66.41 66.77 67.14 67.52 67.91 68.32 68.76 69.23 69.73 70.27 70.86 71.48 72.09 72.64 73.11 73.52 73.87 74.17 74.41 74.62 74.78 74.90 75.00 75.06 75.11 75.14 75.15 75.15 75.15 75.16 75.17
53.32 53.21 53.14 53.11 53.11 53.14 53.21 53.30 53.42 53.57 53.74 53.93 54.14 54.36 54.61 54.87 55.14 55.42 55.71 56.01 56.33 56.67 57.04 57.43 57.84 58.27 58.71 59.17 59.63 60.11 60.59 61.08 61.57 62.06 62.55 63.03 63.51 63.98 64.44 64.89 65.31 65.70 66.07 66.41 66.75 67.07 67.38 67.70 68.02 68.35 68.70 69.06 69.45 69.86 70.31 70.80 71.33 71.90 72.53 73.13 73.67 74.14 74.55 74.90 75.19 75.43 75.63 75.78 75.90 75.99 76.05 76.09 76.11 76.12 76.12 76.11 76.11 76.11
56.06 55.97 55.92 55.90 55.92 55.96 56.04 56.14 56.26 56.41 56.58 56.77 56.98 57.20 57.43 57.68 57.94 58.21 58.48 58.76 59.04 59.34 59.67 60.01 60.37 60.75 61.15 61.56 61.98 62.40 62.84 63.28 63.72 64.16 64.60 65.04 65.46 65.89 66.29 66.67 67.02 67.35 67.65 67.94 68.22 68.49 68.76 69.03 69.31 69.60 69.91 70.25 70.61 71.00 71.43 71.90 72.41 72.98 73.60 74.20 74.74 75.20 75.60 75.95 76.23 76.47 76.66 76.81 76.93 77.01 77.07 77.10 77.11 77.11 77.10 77.09 77.08 77.07
58.83 58.77 58.73 58.74 58.77 58.82 58.91 59.02 59.15 59.30 59.48 59.66 59.87 60.09 60.32 60.56 60.80 61.06 61.32 61.58 61.84 62.10 62.38 62.68 62.99 63.32 63.67 64.03 64.40 64.78 65.16 65.55 65.94 66.34 66.72 67.11 67.49 67.85 68.19 68.50 68.78 69.03 69.28 69.50 69.73 69.94 70.16 70.39 70.63 70.88 71.16 71.46 71.80 72.16 72.57 73.03 73.53 74.09 74.70 75.30 75.83 76.29 76.68 77.02 77.30 77.53 77.72 77.87 77.97 78.05 78.10 78.12 78.13 78.12 78.11 78.08 78.06 78.05
61.63 61.59 61.58 61.60 61.65 61.72 61.82 61.94 62.08 62.24 62.42 62.61 62.81 63.03 63.25 63.49 63.72 63.97 64.21 64.46 64.70 64.94 65.18 65.43 65.70 65.98 66.28 66.59 66.91 67.23 67.57 67.91 68.25 68.58 68.92 69.25 69.57 69.86 70.13 70.36 70.57 70.76 70.94 71.11 71.27 71.44 71.61 71.79 71.98 72.20 72.44 72.71 73.02 73.36 73.75 74.18 74.67 75.22 75.83 76.42 76.94 77.40 77.79 78.12 78.40 78.62 78.80 78.94 79.04 79.11 79.15 79.16 79.16 79.15 79.12 79.09 79.06 79.04
64.45 64.43 64.45 64.49 64.56 64.65 64.76 64.89 65.05 65.21 65.40 65.59 65.80 66.01 66.24 66.46 66.70 66.93 67.16 67.40 67.63 67.85 68.07 68.28 68.49 68.72 68.97 69.23 69.50 69.77 70.05 70.34 70.62 70.91 71.19 71.46 71.71 71.92 72.10 72.26 72.40 72.52 72.63 72.74 72.85 72.96 73.08 73.22 73.37 73.55 73.75 73.99 74.26 74.58 74.95 75.37 75.84 76.38 76.98 77.57 78.08 78.53 78.91 79.24 79.51 79.73 79.90 80.03 80.12 80.18 80.21 80.22 80.21 80.19 80.16 80.12 80.08 80.04
67.28 67.30 67.34 67.40 67.49 67.60 67.73 67.88 68.04 68.22 68.41 68.62 68.83 69.04 69.26 69.49 69.72 69.94 70.17 70.39 70.60 70.81 71.01 71.20 71.37 71.55 71.75 71.95 72.17 72.39 72.61 72.84 73.08 73.31 73.53 73.72 73.88 74.01 74.11 74.19 74.26 74.32 74.36 74.41 74.46 74.52 74.59 74.67 74.78 74.92 75.09 75.29 75.54 75.83 76.18 76.58 77.04 77.56 78.15 78.73 79.24 79.69 80.06 80.38 80.64 80.85 81.01 81.14 81.22 81.27 81.30 81.30 81.28 81.24 81.20 81.15 81.10 81.05
70.13 70.18 70.24 70.33 70.45 70.58 70.73 70.89 71.07 71.26 71.46 71.67 71.89 72.11 72.33 72.56 72.78 73.00 73.22 73.43 73.64 73.83 74.01 74.18 74.33 74.47 74.61 74.76 74.92 75.09 75.26 75.43 75.61 75.77 75.91 76.02 76.09 76.14 76.16 76.16 76.16 76.14 76.13 76.11 76.10 76.10 76.12 76.16 76.23 76.32 76.46 76.63 76.84 77.11 77.43 77.81 78.26 78.77 79.35 79.92 80.43 80.86 81.23 81.54 81.79 81.99 82.15 82.26 82.33 82.38 82.39 82.38 82.35 82.31 82.25 82.19 82.13 82.08
72.99 73.06 73.16 73.28 73.42 73.57 73.74 73.93 74.12 74.33 74.54 74.76 74.98 75.21 75.44 75.66 75.89 76.10 76.32 76.52 76.71 76.89 77.06 77.21 77.35 77.46 77.56 77.66 77.76 77.87 77.98 78.10 78.21 78.29 78.34 78.35 78.34 78.30 78.24 78.17 78.09 78.00 77.92 77.84 77.77 77.72 77.69 77.68 77.70 77.75 77.85 77.98 78.17 78.41 78.71 79.07 79.49 79.99 80.57 81.13 81.63 82.05 82.41 82.71 82.96 83.15 83.29 83.40 83.46 83.49 83.50 83.48 83.44 83.38 83.32 83.25 83.18 83.11
75.85 75.96 76.09 76.24 76.40 76.58 76.77 76.98 77.19 77.41 77.64 77.87 78.11 78.34 78.57 78.80 79.02 79.24 79.45 79.65 79.83 80.00 80.16 80.30 80.42 80.51 80.59 80.64 80.68 80.73 80.79 80.84 80.86 80.85 80.80 80.72 80.61 80.49 80.35 80.20 80.05 79.89 79.74 79.60 79.47 79.36 79.28 79.22 79.19 79.21 79.26 79.36 79.52 79.73 80.00 80.34 80.75 81.24 81.80 82.36 82.84 83.26 83.61 83.90 84.14 84.32 84.45 84.55 84.60 84.62 84.62 84.59 84.53 84.47 84.39 84.31 84.22 84.14
78.71 78.86 79.02 79.20 79.39 79.60 79.82 80.04 80.28 80.52 80.76 81.01 81.25 81.49 81.73 81.97 82.19 82.41 82.62 82.81 82.99 83.15 83.30 83.42 83.53 83.61 83.66 83.69 83.69 83.68 83.67 83.63 83.55 83.43 83.29 83.12 82.92 82.72 82.49 82.27 82.04 81.81 81.59 81.39 81.20 81.03 80.89 80.79 80.71 80.68 80.70 80.77 80.89 81.07 81.32 81.64 82.03 82.50 83.05 83.60 84.08 84.48 84.83 85.11 85.33 85.50 85.63 85.71 85.75 85.76 85.74 85.70 85.64 85.56 85.47 85.37 85.28 85.18
81.57 81.75 81.95 82.16 82.39 82.62 82.87 83.12 83.37 83.63 83.90 84.16 84.41 84.67 84.92 85.16 85.39 85.61 85.82 86.01 86.18 86.34 86.48 86.59 86.68 86.75 86.78 86.79 86.77 86.71 86.60 86.45 86.27 86.06 85.81 85.55 85.27 84.97 84.67 84.36 84.06 83.76 83.47 83.20 82.95 82.73 82.53 82.38 82.26 82.18 82.16 82.19 82.28 82.43 82.66 82.95 83.33 83.78 84.32 84.86 85.33 85.72 86.05 86.32 86.53 86.70 86.81 86.88 86.91 86.91 86.88 86.82 86.75 86.66 86.55 86.44 86.33 86.23
84.41 84.64 84.87 85.12 85.38 85.65 85.92 86.20 86.48 86.76 87.04 87.32 87.59 87.86 88.12 88.37 88.61 88.83 89.04 89.23 89.41 89.56 89.69 89.80 89.87 89.93 89.95 89.94 89.89 89.77 89.57 89.31 89.02 88.71 88.37 88.01 87.63 87.25 86.87 86.48 86.10 85.73 85.37 85.04 84.73 84.44 84.20 83.99 83.82 83.70 83.64 83.63 83.69 83.81 84.01 84.28 84.64 85.08 85.60 86.13 86.59 86.97 87.29 87.55 87.75 87.90 88.00 88.06 88.08 88.06 88.02 87.95 87.86 87.76 87.64 87.52 87.39 87.27
87.25 87.51 87.79 88.07 88.37 88.67 88.97 89.28 89.58 89.89 90.19 90.49 90.78 91.06 91.34 91.60 91.84 92.07 92.29 92.48 92.65 92.80 92.93 93.03 93.10 93.14 93.15 93.11 93.01 92.82 92.54 92.20 91.81 91.39 90.95 90.49 90.03 89.56 89.09 88.63 88.17 87.72 87.30 86.90 86.52 86.18 85.88 85.62 85.40 85.24 85.13 85.09 85.11 85.20 85.37 85.62 85.96 86.38 86.90 87.41 87.86 88.23 88.54 88.78 88.97 89.11 89.20 89.24 89.25 89.22 89.16 89.08 88.98 88.86 88.73 88.59 88.45 88.31
90.06 90.37 90.69 91.01 91.34 91.68 92.01 92.35 92.68 93.02 93.34 93.66 93.97 94.27 94.56 94.83 95.09 95.33 95.55 95.75 95.92 96.07 96.20 96.29 96.35 96.38 96.37 96.29 96.11 95.85 95.51 95.09 94.61 94.09 93.56 93.01 92.45 91.90 91.34 90.79 90.26 89.74 89.25 88.78 88.34 87.94 87.58 87.26 87.00 86.79 86.65 86.56 86.55 86.61 86.75 86.98 87.29 87.70 88.20 88.71 89.14 89.50 89.79 90.03 90.20 90.33 90.40 90.43 90.43 90.38 90.31 90.22 90.10 89.96 89.82 89.67 89.51 89.36
92.86 93.21 93.57 93.94 94.31 94.68 95.05 95.42 95.78 96.14 96.49 96.84 97.17 97.49 97.79 98.08 98.35 98.60 98.83 99.03 99.21 99.36 99.48 99.57 99.63 99.65 99.58 99.43 99.19 98.86 98.45 97.98 97.43 96.83 96.19 95.55 94.90 94.25 93.61 92.98 92.37 91.78 91.21 90.68 90.18 89.71 89.30 88.93 88.62 88.36 88.17 88.05 88.00 88.03 88.15 88.35 88.64 89.03 89.52 90.01 90.43 90.78 91.06 91.28 91.44 91.55 91.61 91.63 91.61 91.55 91.46 91.35 91.22 91.07 90.91 90.74 90.57 90.40
95.63 96.03 96.43 96.84 97.25 97.66 98.07 98.47 98.87 99.26 99.64 100.00 100.36 100.70 101.02 101.33 101.61 101.87 102.11 102.32 102.51 102.66 102.79 102.88 102.92 102.89 102.76 102.54 102.23 101.84 101.37 100.83 100.23 99.57 98.85 98.11 97.37 96.63 95.91 95.20 94.50 93.84 93.20 92.59 92.03 91.51 91.03 90.61 90.25 89.95 89.71 89.55 89.47 89.47 89.55 89.73 90.00 90.37 90.84 91.32 91.72 92.06 92.33 92.53 92.68 92.77 92.82 92.82 92.79 92.71 92.61 92.48 92.33 92.17 91.99 91.80 91.62 91.43
98.36 98.81 99.26 99.72 100.17 100.62 101.07 101.51 101.94 102.36 102.77 103.16 103.54 103.91 104.25 104.57 104.87 105.15 105.40 105.62 105.81 105.97 106.10 106.18 106.18 106.08 105.88 105.60 105.23 104.78 104.25 103.66 103.00 102.28 101.51 100.69 99.86 99.03 98.22 97.43 96.66 95.91 95.20 94.53 93.90 93.31 92.78 92.31 91.89 91.54 91.27 91.06 90.94 90.91 90.96 91.11 91.36 91.71 92.17 92.63 93.02 93.34 93.60 93.79 93.92 94.00 94.03 94.02 93.96 93.88 93.76 93.61 93.45 93.27 93.07 92.87 92.66 92.46
101.06 101.56 102.07 102.57 103.06 103.56 104.04 104.52 104.99 105.44 105.88 106.31 106.71 107.10 107.47 107.81 108.13 108.42 108.69 108.92 109.12 109.29 109.41 109.45 109.38 109.22 108.96 108.61 108.18 107.67 107.09 106.45 105.73 104.96 104.14 103.27 102.37 101.45 100.55 99.67 98.82 98.00 97.22 96.48 95.78 95.13 94.54 94.01 93.55 93.15 92.83 92.59 92.43 92.36 92.38 92.50 92.73 93.06 93.50 93.95 94.33 94.63 94.87 95.05 95.16 95.23 95.24 95.21 95.14 95.04 94.90 94.74 94.56 94.36 94.14 93.92 93.70 93.48
103.73 104.28 104.83 105.38 105.93 106.46 106.99 107.51 108.01 108.50 108.98 109.43 109.87 110.29 110.68 111.04 111.38 111.69 111.97 112.22 112.43 112.60 112.68 112.65 112.52 112.29 111.97 111.57 111.08 110.52 109.89 109.19 108.43 107.61 106.74 105.83 104.87 103.89 102.90 101.94 101.01 100.11 99.25 98.44 97.68 96.97 96.32 95.73 95.21 94.77 94.40 94.11 93.92 93.81 93.81 93.90 94.10 94.42 94.84 95.27 95.63 95.92 96.14 96.30 96.40 96.45 96.45 96.40 96.32 96.19 96.04 95.86 95.66 95.44 95.21 94.97 94.73 94.49
106.34 106.95 107.56 108.16 108.75 109.34 109.91 110.47 111.01 111.54 112.05 112.54 113.01 113.45 113.87 114.26 114.62 114.95 115.25 115.51 115.72 115.85 115.87 115.78 115.59 115.30 114.93 114.47 113.93 113.31 112.63 111.88 111.07 110.21 109.29 108.34 107.34 106.31 105.26 104.22 103.20 102.23 101.30 100.41 99.58 98.81 98.10 97.45 96.88 96.39 95.98 95.65 95.41 95.27 95.24 95.30 95.48 95.77 96.18 96.60 96.94 97.21 97.42 97.56 97.64 97.67 97.65 97.59 97.49 97.35 97.17 96.98 96.76 96.52 96.27 96.01 95.75 95.48
108.91 109.58 110.24 110.89 111.54 112.17 112.79 113.39 113.98 114.54 115.09 115.62 116.12 116.59 117.04 117.45 117.84 118.19 118.51 118.78 118.95 119.02 118.97 118.82 118.57 118.23 117.80 117.29 116.70 116.04 115.30 114.51 113.66 112.75 111.80 110.80 109.77 108.71 107.61 106.51 105.41 104.36 103.35 102.40 101.50 100.66 99.89 99.19 98.56 98.02 97.56 97.19 96.91 96.74 96.67 96.71 96.86 97.13 97.52 97.92 98.24 98.50 98.69 98.81 98.88 98.89 98.85 98.77 98.65 98.49 98.30 98.08 97.84 97.59 97.31 97.04 96.75 96.47
111.43 112.16 112.88 113.58 114.28 114.96 115.63 116.28 116.91 117.51 118.10 118.66 119.20 119.70 120.18 120.63 121.04 121.41 121.74 121.97 122.09 122.09 121.99 121.78 121.48 121.09 120.60 120.04 119.40 118.69 117.92 117.08 116.18 115.24 114.25 113.22 112.15 111.05 109.93 108.78 107.63 106.50 105.42 104.39 103.42 102.52 101.69 100.93 100.25 99.65 99.15 98.73 98.42 98.21 98.10 98.11 98.24 98.49 98.85 99.24 99.55 99.79 99.96 100.06 100.11 100.10 100.05 99.94 99.80 99.62 99.41 99.18 98.92 98.64 98.35 98.05 97.75 97.46
113.89 114.68 115.46 116.22 116.97 117.70 118.42 119.12 119.79 120.45 121.07 121.67 122.25 122.79 123.30 123.77 124.21 124.60 124.89 125.06 125.12 125.07 124.91 124.65 124.29 123.85 123.32 122.71 122.03 121.27 120.45 119.57 118.64 117.66 116.63 115.57 114.47 113.34 112.19 111.02 109.83 108.64 107.49 106.39 105.35 104.38 103.49 102.67 101.94 101.29 100.74 100.28 99.92 99.67 99.54 99.51 99.61 99.84 100.19 100.55 100.84 101.06 101.22 101.30 101.33 101.31 101.23 101.11 100.95 100.75 100.52 100.26 99.98 99.68 99.37 99.05 98.74 98.44
116.29 117.14 117.98 118.80 119.61 120.40 121.17 121.91 122.63 123.33 124.00 124.64 125.26 125.83 126.38 126.88 127.34 127.70 127.93 128.05 128.05 127.94 127.73 127.42 127.01 126.52 125.94 125.29 124.56 123.77 122.91 121.99 121.02 120.01 118.95 117.85 116.72 115.57 114.39 113.19 111.99 110.77 109.56 108.39 107.29 106.25 105.29 104.42 103.63 102.93 102.33 101.82 101.43 101.14 100.97 100.92 100.99 101.19 101.52 101.86 102.14 102.34 102.47 102.54 102.55 102.50 102.40 102.26 102.08 101.86 101.61 101.33 101.03 100.71 100.38 100.05 99.73 99.44
