data_processed/recharge/precip/Precip_2002_09.asc
ncols        168
nrows        136
xllcorner    455000
yllcorner    2107000
cellsize     500
NODATA_value     -99999
[rows 96 to 127 of 136, columns 0 to 70 of 168]
102.77 101.08 99.80 98.93 98.44 98.33 98.58 99.17 100.11 101.42 103.13 105.28 107.86 110.73 113.70 116.74 119.87 123.11 126.49 130.02 133.73 137.63 141.75 146.09 150.55 155.06 159.60 164.13 168.65 173.12 177.54 181.86 186.08 190.18 194.12 197.89 201.47 204.87 208.08 211.18 214.22 217.17 220.03 222.77 225.38 227.85 230.14 232.26 234.17 235.89 237.51 239.05 240.52 241.90 243.19 244.38 245.47 246.45 247.32 248.05 248.48 248.33 247.51 245.99 243.82 241.40 238.96 236.51 234.07 231.64 229.25
102.12 100.46 99.17 98.24 97.65 97.39 97.46 97.83 98.53 99.61 101.07 102.93 105.23 107.97 111.00 114.14 117.37 120.70 124.16 127.77 131.54 135.51 139.68 144.07 148.59 153.14 157.71 162.28 166.82 171.32 175.74 180.08 184.31 188.40 192.32 196.06 199.62 202.99 206.16 209.15 212.01 214.80 217.51 220.11 222.60 224.95 227.15 229.18 231.02 232.70 234.35 236.02 237.71 239.41 241.12 242.82 244.52 246.20 247.86 249.30 250.28 250.69 250.50 249.66 248.12 245.97 243.58 241.18 238.79 236.43 234.10
101.60 99.99 98.71 97.75 97.09 96.71 96.62 96.82 97.34 98.21 99.45 101.08 103.11 105.57 108.48 111.68 115.00 118.42 121.97 125.66 129.51 133.54 137.77 142.22 146.78 151.38 155.99 160.59 165.16 169.68 174.13 178.49 182.72 186.78 190.67 194.38 197.90 201.24 204.37 207.30 210.04 212.65 215.18 217.62 219.96 222.17 224.25 226.17 227.91 229.51 231.17 232.95 234.83 236.83 238.92 241.11 243.39 245.74 247.98 249.86 251.28 252.20 252.57 252.35 251.51 249.99 247.87 245.53 243.19 240.89 238.63
101.21 99.68 98.43 97.46 96.75 96.29 96.08 96.16 96.53 97.23 98.28 99.69 101.49 103.70 106.34 109.42 112.81 116.33 119.96 123.73 127.65 131.76 136.06 140.56 145.17 149.82 154.47 159.11 163.72 168.27 172.74 177.10 181.30 185.33 189.18 192.85 196.33 199.62 202.71 205.59 208.26 210.73 213.07 215.32 217.48 219.53 221.46 223.24 224.86 226.37 228.00 229.86 231.91 234.18 236.63 239.28 242.11 244.93 247.48 249.68 251.48 252.85 253.73 254.08 253.86 253.03 251.55 249.49 247.22 244.97 242.77
100.94 99.51 98.33 97.38 96.64 96.12 95.85 95.83 96.09 96.66 97.55 98.78 100.38 102.37 104.77 107.59 110.86 114.44 118.16 122.02 126.02 130.20 134.57 139.13 143.80 148.50 153.19 157.88 162.52 167.10 171.58 175.91 180.07 184.06 187.86 191.48 194.91 198.15 201.18 204.01 206.62 209.02 211.20 213.25 215.21 217.07 218.82 220.44 221.91 223.29 224.88 226.78 228.99 231.49 234.29 237.36 240.53 243.54 246.30 248.77 250.90 252.65 253.97 254.84 255.19 255.00 254.21 252.79 250.80 248.62 246.49
100.80 99.50 98.40 97.49 96.76 96.23 95.91 95.83 96.01 96.48 97.24 98.33 99.76 101.56 103.75 106.34 109.37 112.84 116.62 120.56 124.65 128.90 133.34 137.97 142.70 147.45 152.19 156.92 161.60 166.20 170.64 174.93 179.04 182.98 186.73 190.29 193.67 196.84 199.81 202.57 205.12 207.45 209.55 211.43 213.17 214.82 216.37 217.80 219.09 220.32 221.84 223.77 226.09 228.81 231.91 235.21 238.45 241.54 244.45 247.12 249.52 251.60 253.32 254.63 255.50 255.88 255.73 255.00 253.66 251.77 249.71
100.78 99.64 98.65 97.80 97.11 96.59 96.26 96.16 96.29 96.68 97.35 98.33 99.63 101.27 103.28 105.68 108.48 111.72 115.40 119.40 123.57 127.90 132.41 137.11 141.90 146.71 151.51 156.28 160.98 165.54 169.94 174.17 178.22 182.10 185.79 189.29 192.60 195.70 198.61 201.29 203.77 206.02 208.04 209.83 211.40 212.81 214.13 215.35 216.44 217.49 218.92 220.84 223.26 226.15 229.36 232.61 235.81 238.94 241.93 244.75 247.36 249.71 251.76 253.47 254.79 255.69 256.12 256.03 255.39 254.15 252.38
100.89 99.91 99.05 98.29 97.67 97.20 96.90 96.80 96.91 97.27 97.88 98.77 99.97 101.49 103.36 105.59 108.21 111.23 114.69 118.59 122.82 127.24 131.82 136.59 141.45 146.31 151.17 155.96 160.63 165.13 169.47 173.63 177.62 181.43 185.06 188.49 191.72 194.75 197.58 200.18 202.58 204.74 206.68 208.38 209.84 211.07 212.15 213.12 213.98 214.84 216.13 218.03 220.50 223.39 226.42 229.52 232.63 235.72 238.74 241.66 244.41 246.98 249.31 251.35 253.07 254.43 255.37 255.87 255.87 255.33 254.21
101.10 100.31 99.59 98.96 98.44 98.05 97.81 97.74 97.88 98.22 98.81 99.66 100.78 102.21 103.97 106.07 108.53 111.38 114.65 118.34 122.47 126.94 131.61 136.45 141.37 146.30 151.18 155.94 160.54 164.98 169.25 173.34 177.26 181.00 184.54 187.90 191.05 194.00 196.73 199.26 201.56 203.63 205.48 207.08 208.44 209.56 210.44 211.15 211.76 212.38 213.53 215.36 217.70 220.30 223.06 225.94 228.90 231.90 234.90 237.84 240.70 243.42 245.96 248.28 250.34 252.10 253.51 254.52 255.11 255.21 254.80
101.41 100.82 100.27 99.80 99.41 99.13 98.98 98.99 99.17 99.55 100.14 100.97 102.06 103.43 105.11 107.11 109.45 112.16 115.26 118.76 122.70 127.08 131.80 136.72 141.71 146.67 151.51 156.20 160.73 165.09 169.29 173.31 177.14 180.80 184.26 187.53 190.59 193.45 196.09 198.52 200.72 202.70 204.44 205.94 207.20 208.21 208.96 209.47 209.80 210.17 211.13 212.71 214.64 216.84 219.27 221.88 224.64 227.49 230.39 233.31 236.20 239.02 241.72 244.26 246.61 248.70 250.51 252.00 253.11 253.80 254.04
101.77 101.41 101.08 100.79 100.57 100.44 100.42 100.53 100.79 101.23 101.86 102.71 103.80 105.14 106.77 108.70 110.96 113.55 116.52 119.87 123.64 127.83 132.46 137.43 142.46 147.38 152.15 156.76 161.21 165.49 169.60 173.53 177.29 180.85 184.22 187.39 190.36 193.12 195.66 197.99 200.09 201.95 203.59 204.98 206.12 207.01 207.65 208.02 208.14 208.22 208.81 209.85 211.27 213.02 215.06 217.34 219.83 222.48 225.24 228.07 230.94 233.80 236.60 239.30 241.87 244.25 246.41 248.29 249.87 251.10 251.93
102.16 102.07 101.98 101.91 101.89 101.93 102.07 102.31 102.69 103.22 103.92 104.82 105.94 107.29 108.91 110.80 113.00 115.52 118.39 121.62 125.24 129.27 133.74 138.75 143.79 148.62 153.29 157.81 162.17 166.36 170.37 174.21 177.86 181.32 184.58 187.65 190.51 193.15 195.58 197.79 199.77 201.51 203.02 204.29 205.30 206.07 206.57 206.80 206.77 206.51 206.47 206.88 207.73 208.97 210.56 212.46 214.62 217.00 219.56 222.26 225.05 227.88 230.73 233.54 236.27 238.87 241.32 243.56 245.55 247.24 248.60
102.42 102.62 102.79 102.98 103.18 103.43 103.75 104.16 104.68 105.33 106.13 107.11 108.29 109.67 111.30 113.19 115.36 117.83 120.62 123.76 127.27 131.17 135.72 141.26 146.63 151.40 155.94 160.32 164.54 168.58 172.45 176.14 179.64 182.95 186.06 188.97 191.67 194.16 196.43 198.47 200.28 201.86 203.20 204.29 205.13 205.72 206.04 206.09 205.84 205.29 204.72 204.47 204.70 205.38 206.46 207.92 209.70 211.76 214.07 216.56 219.22 221.98 224.81 227.67 230.51 233.29 235.97 238.50 240.85 242.96 244.80
102.46 102.98 103.45 103.91 104.37 104.85 105.39 105.99 106.67 107.47 108.40 109.48 110.74 112.19 113.86 115.77 117.93 120.38 123.13 126.20 129.63 133.67 138.82 145.03 150.96 155.94 160.35 164.53 168.55 172.39 176.05 179.53 182.83 185.92 188.82 191.51 193.99 196.26 198.31 200.12 201.71 203.06 204.16 205.02 205.63 205.97 206.06 205.87 205.37 204.55 203.69 202.94 202.51 202.57 203.10 204.06 205.41 207.10 209.09 211.34 213.81 216.44 219.21 222.06 224.96 227.86 230.72 233.49 236.14 238.62 240.88
102.32 103.13 103.93 104.69 105.43 106.18 106.94 107.76 108.64 109.62 110.70 111.91 113.28 114.82 116.55 118.51 120.70 123.15 125.88 128.92 132.53 137.22 143.11 149.95 156.39 161.78 166.28 170.26 174.01 177.59 180.99 184.20 187.22 190.05 192.67 195.08 197.29 199.27 201.03 202.56 203.86 204.92 205.73 206.30 206.60 206.65 206.47 206.05 205.31 204.26 203.16 202.13 201.21 200.62 200.54 200.96 201.82 203.09 204.71 206.66 208.88 211.34 213.99 216.79 219.69 222.65 225.64 228.60 231.49 234.28 236.92
102.13 103.11 104.21 105.30 106.34 107.38 108.41 109.47 110.57 111.75 113.01 114.38 115.88 117.54 119.37 121.39 123.64 126.12 128.87 132.14 136.46 141.93 148.50 155.90 162.82 168.57 173.32 177.28 180.75 184.01 187.08 189.96 192.65 195.14 197.42 199.50 201.36 203.00 204.42 205.60 206.55 207.26 207.72 207.93 207.88 207.64 207.23 206.60 205.65 204.38 203.07 201.83 200.66 199.59 198.88 198.69 199.01 199.80 201.01 202.60 204.53 206.75 209.23 211.91 214.76 217.74 220.80 223.89 226.99 230.03 232.88
101.99 103.05 104.32 105.71 107.09 108.44 109.76 111.09 112.45 113.85 115.31 116.87 118.54 120.33 122.29 124.41 126.73 129.28 132.31 136.34 141.50 147.71 154.89 162.81 170.12 176.18 181.15 185.21 188.54 191.44 194.13 196.62 198.91 201.01 202.90 204.58 206.04 207.27 208.28 209.06 209.60 209.89 209.93 209.73 209.37 208.92 208.32 207.50 206.36 204.90 203.41 201.97 200.61 199.32 198.14 197.32 197.05 197.31 198.05 199.23 200.81 202.75 205.00 207.52 210.27 213.20 216.28 219.46 222.69 225.83 228.12
101.90 103.04 104.40 105.97 107.66 109.34 110.99 112.61 114.24 115.90 117.60 119.36 121.22 123.19 125.28 127.54 129.97 132.85 136.69 141.62 147.56 154.45 162.19 170.56 178.22 184.54 189.66 193.77 197.05 199.70 201.96 204.00 205.84 207.48 208.91 210.12 211.12 211.89 212.43 212.74 212.81 212.63 212.21 211.66 211.10 210.48 209.72 208.74 207.43 205.81 204.15 202.55 201.02 199.56 198.18 196.91 196.02 195.69 195.90 196.62 197.80 199.40 201.37 203.67 206.27 209.11 212.15 215.36 218.57 221.03 222.09
101.89 103.10 104.54 106.20 108.07 110.07 112.06 114.01 115.94 117.88 119.84 121.84 123.91 126.08 128.35 130.76 133.57 137.32 142.11 147.88 154.55 162.05 170.30 179.06 187.02 193.52 198.74 202.85 206.03 208.47 210.36 211.90 213.23 214.35 215.26 215.96 216.43 216.67 216.69 216.46 216.00 215.30 214.50 213.77 213.07 212.32 211.42 210.29 208.84 207.08 205.27 203.53 201.86 200.26 198.74 197.29 195.96 195.02 194.66 194.86 195.58 196.79 198.42 200.46 202.84 205.53 208.49 211.56 213.96 215.05 214.84
101.97 103.24 104.75 106.50 108.47 110.65 112.97 115.26 117.52 119.77 122.01 124.28 126.60 128.98 131.46 134.31 138.04 142.79 148.47 155.03 162.37 170.43 179.12 188.22 196.40 203.04 208.30 212.35 215.37 217.56 219.09 220.15 220.90 221.45 221.78 221.89 221.78 221.44 220.86 220.04 219.00 217.90 216.94 216.09 215.28 214.40 213.39 212.14 210.57 208.69 206.76 204.90 203.11 201.40 199.75 198.19 196.70 195.34 194.37 194.01 194.22 194.98 196.23 197.94 200.06 202.55 205.25 207.38 208.28 207.96 206.53
102.15 103.47 105.05 106.88 108.94 111.23 113.73 116.36 118.97 121.55 124.11 126.67 129.25 131.90 134.86 138.67 143.46 149.16 155.68 162.96 170.91 179.47 188.56 197.93 206.29 213.01 218.24 222.17 224.99 226.86 227.98 228.52 228.68 228.58 228.27 227.74 226.98 225.99 224.76 223.31 221.84 220.58 219.53 218.60 217.69 216.72 215.61 214.26 212.60 210.62 208.60 206.65 204.76 202.95 201.21 199.55 197.97 196.47 195.10 194.14 193.79 194.05 194.86 196.19 198.00 200.12 201.76 202.24 201.59 199.91 197.32
102.46 103.82 105.46 107.36 109.51 111.89 114.50 117.32 120.27 123.20 126.10 128.98 131.87 135.04 139.03 143.96 149.75 156.34 163.64 171.58 180.09 189.09 198.51 208.10 216.58 223.32 228.47 232.23 234.77 236.27 236.92 236.90 236.39 235.57 234.55 233.31 231.84 230.14 228.23 226.32 224.71 223.39 222.27 221.26 220.28 219.25 218.06 216.65 214.92 212.86 210.77 208.75 206.79 204.91 203.10 201.37 199.71 198.14 196.66 195.31 194.37 194.08 194.40 195.30 196.61 197.54 197.39 196.19 194.04 191.06 187.35
102.90 104.30 105.99 107.95 110.18 112.65 115.36 118.29 121.44 124.71 127.98 131.21 134.68 138.93 144.08 150.06 156.80 164.22 172.25 180.80 189.81 199.19 208.88 218.63 227.17 233.87 238.89 242.41 244.62 245.69 245.82 245.17 243.94 242.31 240.45 238.42 236.19 233.74 231.34 229.32 227.66 226.30 225.13 224.08 223.05 221.97 220.74 219.27 217.49 215.39 213.25 211.18 209.17 207.24 205.38 203.61 201.91 200.29 198.76 197.31 196.01 195.13 194.90 195.20 195.20 194.20 192.23 189.39 185.80 181.56 176.77
103.49 104.93 106.66 108.68 110.97 113.52 116.32 119.36 122.63 126.11 129.72 133.58 138.19 143.65 149.92 156.90 164.53 172.72 181.41 190.51 199.96 209.67 219.57 229.43 237.97 244.57 249.39 252.62 254.44 255.03 254.57 253.25 251.24 248.73 245.90 242.92 239.85 236.90 234.39 232.35 230.67 229.28 228.09 227.02 225.97 224.86 223.61 222.12 220.31 218.19 216.02 213.92 211.89 209.94 208.06 206.25 204.53 202.89 201.33 199.87 198.49 197.25 196.34 195.19 193.13 190.17 186.42 181.99 177.00 171.55 165.75
104.25 105.71 107.48 109.55 111.90 114.52 117.41 120.55 123.93 127.54 131.62 136.62 142.49 149.13 156.44 164.37 172.82 181.74 191.03 200.62 210.45 220.43 230.49 240.39 248.87 255.32 259.89 262.78 264.15 264.19 263.09 261.03 258.18 254.74 250.88 246.81 243.02 239.94 237.43 235.39 233.72 232.33 231.14 230.07 229.02 227.91 226.65 225.17 223.36 221.23 219.07 216.97 214.94 212.98 211.10 209.29 207.57 205.93 204.37 202.90 201.53 200.13 197.94 194.62 190.46 185.58 180.11 174.15 167.81 161.20 154.43
105.19 106.67 108.47 110.57 112.98 115.67 118.64 121.87 125.35 129.34 134.34 140.46 147.50 155.25 163.56 172.37 181.59 191.16 201.00 211.04 221.19 231.38 241.53 251.42 259.79 266.03 270.29 272.76 273.63 273.07 271.27 268.41 264.67 260.24 255.32 250.44 246.26 242.97 240.45 238.43 236.78 235.42 234.26 233.21 232.18 231.10 229.86 228.40 226.61 224.51 222.36 220.28 218.28 216.34 214.48 212.70 211.00 209.38 207.85 206.41 204.93 202.62 198.78 193.54 187.34 180.60 173.46 166.01 158.37 150.65 142.96
106.32 107.81 109.64 111.78 114.23 116.98 120.02 123.34 127.18 132.07 138.11 145.18 153.17 161.92 171.17 180.80 190.74 200.91 211.24 221.65 232.07 242.41 252.61 262.43 270.62 276.59 280.48 282.49 282.80 281.58 279.02 275.31 270.62 265.16 259.51 254.34 249.88 246.23 243.46 241.44 239.85 238.53 237.42 236.41 235.44 234.40 233.21 231.79 230.05 227.99 225.89 223.86 221.90 220.01 218.20 216.46 214.81 213.24 211.75 210.23 207.86 203.93 198.52 191.78 183.91 175.38 166.61 157.72 148.83 140.06 131.50
107.68 109.17 111.00 113.17 115.66 118.47 121.58 125.24 129.97 135.88 142.85 150.79 159.57 169.09 179.17 189.57 200.17 210.88 221.65 232.37 243.00 253.43 263.62 273.31 281.27 286.91 290.38 291.86 291.55 289.61 286.24 281.61 275.94 269.83 264.00 258.67 253.96 249.96 246.77 244.48 242.89 241.65 240.61 239.67 238.77 237.80 236.68 235.33 233.66 231.67 229.64 227.68 225.78 223.97 222.22 220.56 218.97 217.47 215.93 213.52 209.54 204.04 197.18 189.11 180.00 170.04 159.72 149.45 139.36 129.57 120.19
109.26 110.74 112.59 114.77 117.30 120.15 123.58 128.12 133.86 140.69 148.51 157.22 166.69 176.83 187.52 198.58 209.78 220.98 232.11 243.10 253.88 264.35 274.46 283.96 291.64 296.89 299.88 300.78 299.79 297.08 292.83 287.27 281.01 274.83 268.96 263.51 258.57 254.25 250.65 247.86 245.97 244.75 243.80 242.97 242.15 241.28 240.26 239.00 237.42 235.52 233.58 231.71 229.91 228.19 226.54 224.96 223.47 221.94 219.52 215.50 209.94 202.99 194.81 185.55 175.37 164.42 152.91 141.33 130.10 119.35 109.19
111.08 112.55 114.40 116.60 119.16 122.31 126.61 132.13 138.78 146.45 155.03 164.42 174.49 185.15 196.29 207.79 219.47 231.10 242.55 253.75 264.61 275.06 285.04 294.30 301.63 306.44 308.88 309.15 307.42 303.87 298.73 292.65 286.44 280.35 274.48 268.92 263.78 259.17 255.17 251.90 249.45 247.90 246.99 246.27 245.58 244.82 243.91 242.77 241.31 239.53 237.71 235.95 234.27 232.66 231.12 229.67 228.17 225.76 221.74 216.14 209.13 200.85 191.48 181.15 170.03 158.27 146.02 133.50 121.19 109.54 98.66
113.16 114.62 116.45 118.67 121.51 125.52 130.78 137.21 144.68 153.10 162.34 172.31 182.90 193.99 205.48 217.25 229.21 241.16 252.86 264.20 275.10 285.48 295.26 304.22 311.15 315.45 317.29 316.86 314.34 309.94 304.36 298.44 292.44 286.46 280.60 274.97 269.66 264.78 260.42 256.69 253.69 251.51 250.24 249.57 249.02 248.40 247.64 246.64 245.32 243.67 241.99 240.37 238.83 237.36 235.96 234.52 232.16 228.15 222.54 215.49 207.15 197.68 187.24 175.97 164.03 151.59 138.78 125.77 112.77 100.29 88.74
115.52 116.95 118.78 121.26 124.94 129.90 136.06 143.29 151.50 160.56 170.39 180.85 191.85 203.28 215.03 226.99 239.04 251.09 262.95 274.38 285.25 295.49 305.02 313.62 320.09 323.83 325.02 323.83 320.50 315.73 310.42 304.83 299.07 293.23 287.42 281.74 276.28 271.16 266.46 262.30 258.77 255.97 254.01 252.94 252.46 252.01 251.41 250.57 249.41 247.93 246.41 244.96 243.57 242.27 240.91 238.61 234.64 229.05 221.99 213.61 204.08 193.54 182.15 170.07 157.45 144.44 131.20 117.89 104.66 91.72 79.59
