data_processed/recharge/precip/Precip_1993_12.asc
ncols        168
nrows        136
xllcorner    455000
yllcorner    2107000
cellsize     500
NODATA_value     -99999
[rows 0 to 36 of 136, columns 0 to 83 of 168]
0.00 0.00 0.00 0.00 0.00 0.00 0.00 0.00 0.00 0.00 0.01 0.08 0.14 0.20 0.27 0.33 0.39 0.44 0.49 0.54 0.57 0.60 0.62 0.63 0.63 0.62 0.62 0.60 0.58 0.56 0.54 0.51 0.48 0.45 0.42 0.39 0.36 0.32 0.29 0.26 0.23 0.20 0.17 0.14 0.11 0.09 0.06 0.05 0.03 0.02 0.01 0.00 0.00 0.00 0.00 0.00 0.00 0.00 0.00 0.00 0.00 0.00 0.00 0.00 0.00 0.00 0.00 0.00 0.00 0.00 0.00 0.00 0.00 0.00 0.00 0.00 0.00 0.00 0.00 0.00 0.00 0.00 0.00 0.00
0.00 0.00 0.00 0.00 0.00 0.00 0.00 0.00 0.00 0.05 0.11 0.18 0.24 0.31 0.37 0.43 0.49 0.54 0.58 0.62 0.65 0.67 0.68 0.67 0.67 0.67 0.66 0.65 0.63 0.61 0.58 0.55 0.52 0.48 0.45 0.41 0.38 0.34 0.31 0.27 0.24 0.20 0.17 0.14 0.12 0.09 0.07 0.05 0.03 0.02 0.01 0.00 0.00 0.00 0.00 0.00 0.00 0.00 0.00 0.00 0.00 0.00 0.00 0.00 0.00 0.00 0.00 0.00 0.00 0.00 0.00 0.00 0.00 0.00 0.00 0.00 0.00 0.00 0.00 0.00 0.00 0.00 0.00 0.00
0.00 0.00 0.00 0.00 0.00 0.00 0.00 0.00 0.07 0.14 0.21 0.27 0.34 0.41 0.47 0.53 0.58 0.63 0.67 0.70 0.72 0.73 0.74 0.73 0.73 0.73 0.73 0.73 0.71 0.68 0.65 0.61 0.57 0.53 0.50 0.46 0.42 0.38 0.34 0.30 0.26 0.23 0.19 0.16 0.13 0.10 0.08 0.06 0.04 0.03 0.01 0.00 0.00 0.00 0.00 0.00 0.00 0.00 0.00 0.00 0.00 0.00 0.00 0.00 0.00 0.00 0.00 0.00 0.00 0.00 0.00 0.00 0.00 0.00 0.00 0.00 0.00 0.00 0.00 0.00 0.00 0.00 0.00 0.00
0.00 0.00 0.00 0.00 0.00 0.00 0.01 0.08 0.15 0.22 0.30 0.37 0.44 0.51 0.57 0.63 0.68 0.72 0.76 0.78 0.80 0.80 0.80 0.80 0.81 0.81 0.82 0.81 0.80 0.77 0.74 0.70 0.65 0.61 0.56 0.52 0.47 0.43 0.39 0.34 0.30 0.26 0.23 0.19 0.16 0.13 0.10 0.08 0.05 0.03 0.01 0.00 0.00 0.00 0.00 0.00 0.00 0.00 0.00 0.00 0.00 0.00 0.00 0.00 0.00 0.00 0.00 0.00 0.00 0.00 0.00 0.00 0.00 0.00 0.00 0.00 0.00 0.00 0.00 0.00 0.00 0.00 0.00 0.00
0.00 0.00 0.00 0.00 0.00 0.00 0.07 0.15 0.23 0.31 0.38 0.46 0.53 0.60 0.67 0.72 0.77 0.81 0.85 0.87 0.88 0.88 0.89 0.89 0.90 0.91 0.92 0.92 0.91 0.88 0.85 0.81 0.76 0.70 0.65 0.60 0.55 0.50 0.45 0.40 0.36 0.31 0.27 0.23 0.19 0.16 0.12 0.09 0.07 0.04 0.02 0.00 0.00 0.00 0.00 0.00 0.00 0.00 0.00 0.00 0.00 0.00 0.00 0.00 0.00 0.00 0.00 0.00 0.00 0.00 0.00 0.00 0.00 0.00 0.00 0.00 0.00 0.00 0.00 0.00 0.00 0.00 0.00 0.00
0.00 0.00 0.00 0.00 0.00 0.04 0.12 0.21 0.30 0.38 0.47 0.55 0.62 0.70 0.76 0.82 0.86 0.90 0.93 0.95 0.96 0.97 0.98 1.00 1.01 1.02 1.03 1.03 1.02 1.00 0.97 0.93 0.88 0.82 0.76 0.70 0.64 0.58 0.53 0.47 0.42 0.37 0.32 0.28 0.23 0.19 0.15 0.11 0.08 0.05 0.02 0.00 0.00 0.00 0.00 0.00 0.00 0.00 0.00 0.00 0.00 0.00 0.00 0.00 0.00 0.00 0.00 0.00 0.00 0.00 0.00 0.00 0.00 0.00 0.00 0.00 0.00 0.00 0.00 0.00 0.00 0.00 0.00 0.00
0.00 0.00 0.00 0.00 0.01 0.09 0.17 0.27 0.36 0.46 0.54 0.63 0.71 0.78 0.85 0.90 0.95 0.99 1.01 1.03 1.05 1.07 1.09 1.11 1.13 1.14 1.15 1.16 1.15 1.13 1.11 1.07 1.02 0.95 0.89 0.82 0.75 0.69 0.62 0.56 0.50 0.44 0.38 0.33 0.28 0.23 0.18 0.13 0.09 0.05 0.02 0.00 0.00 0.00 0.00 0.00 0.00 0.00 0.00 0.00 0.00 0.00 0.00 0.00 0.00 0.00 0.00 0.00 0.00 0.00 0.00 0.00 0.00 0.00 0.00 0.00 0.00 0.00 0.00 0.00 0.00 0.00 0.00 0.00
0.00 0.00 0.00 0.00 0.05 0.13 0.22 0.32 0.42 0.52 0.61 0.70 0.79 0.86 0.93 0.99 1.03 1.07 1.10 1.12 1.15 1.18 1.21 1.24 1.26 1.28 1.29 1.29 1.28 1.27 1.25 1.21 1.16 1.10 1.03 0.95 0.88 0.80 0.73 0.66 0.59 0.52 0.46 0.40 0.34 0.27 0.21 0.15 0.10 0.06 0.02 0.00 0.00 0.00 0.00 0.00 0.00 0.00 0.00 0.00 0.00 0.00 0.00 0.00 0.00 0.00 0.00 0.00 0.00 0.00 0.00 0.00 0.00 0.00 0.00 0.00 0.00 0.00 0.00 0.00 0.00 0.00 0.00 0.00
0.00 0.00 0.00 0.01 0.09 0.18 0.27 0.37 0.47 0.57 0.68 0.77 0.86 0.94 1.00 1.06 1.11 1.15 1.19 1.23 1.27 1.30 1.34 1.37 1.39 1.41 1.42 1.43 1.42 1.41 1.39 1.36 1.31 1.25 1.19 1.10 1.02 0.93 0.85 0.77 0.69 0.61 0.54 0.46 0.39 0.31 0.24 0.17 0.11 0.06 0.03 0.01 0.00 0.00 0.00 0.00 0.00 0.00 0.00 0.00 0.00 0.00 0.00 0.00 0.00 0.00 0.00 0.00 0.00 0.00 0.00 0.00 0.00 0.00 0.00 0.00 0.00 0.00 0.00 0.00 0.00 0.00 0.00 0.00
0.00 0.00 0.00 0.05 0.13 0.22 0.32 0.41 0.52 0.62 0.73 0.83 0.92 1.00 1.07 1.13 1.18 1.23 1.29 1.34 1.39 1.43 1.47 1.51 1.53 1.55 1.57 1.57 1.57 1.55 1.53 1.50 1.46 1.41 1.34 1.26 1.17 1.08 0.98 0.89 0.80 0.71 0.62 0.53 0.44 0.36 0.27 0.19 0.13 0.07 0.03 0.01 0.00 0.00 0.00 0.00 0.00 0.00 0.00 0.00 0.00 0.00 0.00 0.00 0.00 0.00 0.00 0.00 0.00 0.00 0.00 0.00 0.00 0.00 0.00 0.00 0.00 0.00 0.00 0.00 0.00 0.00 0.00 0.00
0.00 0.00 0.02 0.09 0.17 0.26 0.36 0.46 0.56 0.67 0.77 0.88 0.97 1.06 1.13 1.20 1.26 1.33 1.39 1.45 1.51 1.56 1.61 1.64 1.68 1.70 1.71 1.71 1.71 1.70 1.68 1.65 1.61 1.56 1.50 1.42 1.33 1.23 1.12 1.02 0.92 0.81 0.71 0.60 0.50 0.40 0.30 0.21 0.14 0.08 0.03 0.01 0.00 0.00 0.00 0.00 0.00 0.00 0.00 0.00 0.00 0.00 0.00 0.00 0.00 0.00 0.00 0.00 0.00 0.00 0.00 0.00 0.00 0.00 0.00 0.00 0.00 0.00 0.00 0.00 0.00 0.00 0.00 0.00
0.00 0.00 0.05 0.13 0.21 0.31 0.40 0.50 0.61 0.71 0.81 0.91 1.01 1.10 1.18 1.26 1.34 1.42 1.50 1.57 1.63 1.69 1.74 1.79 1.82 1.84 1.85 1.85 1.85 1.84 1.82 1.80 1.76 1.71 1.65 1.58 1.49 1.39 1.28 1.16 1.04 0.92 0.79 0.67 0.55 0.44 0.33 0.23 0.15 0.08 0.04 0.01 0.00 0.00 0.00 0.00 0.00 0.00 0.00 0.00 0.00 0.00 0.00 0.00 0.00 0.00 0.00 0.00 0.00 0.00 0.00 0.00 0.00 0.00 0.00 0.00 0.00 0.00 0.00 0.00 0.00 0.00 0.00 0.00
0.00 0.01 0.09 0.17 0.25 0.35 0.44 0.54 0.65 0.75 0.85 0.95 1.04 1.14 1.24 1.33 1.43 1.52 1.61 1.69 1.76 1.82 1.88 1.92 1.96 1.98 1.99 1.99 1.99 1.98 1.96 1.94 1.90 1.85 1.80 1.73 1.64 1.55 1.44 1.31 1.17 1.02 0.88 0.74 0.60 0.48 0.36 0.25 0.16 0.09 0.04 0.01 0.00 0.00 0.00 0.00 0.00 0.00 0.00 0.00 0.00 0.00 0.00 0.00 0.00 0.00 0.00 0.00 0.00 0.00 0.00 0.00 0.00 0.00 0.00 0.00 0.00 0.00 0.00 0.00 0.00 0.00 0.00 0.00
0.00 0.05 0.12 0.20 0.29 0.39 0.48 0.58 0.68 0.78 0.88 0.98 1.08 1.18 1.29 1.40 1.51 1.62 1.71 1.80 1.88 1.95 2.01 2.06 2.09 2.12 2.13 2.13 2.12 2.11 2.10 2.07 2.03 1.99 1.93 1.87 1.79 1.69 1.58 1.45 1.29 1.13 0.97 0.81 0.66 0.52 0.39 0.27 0.18 0.10 0.04 0.01 0.00 0.00 0.00 0.00 0.00 0.00 0.00 0.00 0.00 0.00 0.00 0.00 0.00 0.00 0.00 0.00 0.00 0.00 0.00 0.00 0.00 0.00 0.00 0.00 0.00 0.00 0.00 0.00 0.00 0.00 0.00 0.00
0.01 0.08 0.16 0.24 0.33 0.42 0.52 0.62 0.72 0.82 0.91 1.01 1.12 1.23 1.35 1.47 1.59 1.71 1.81 1.91 2.00 2.07 2.14 2.19 2.23 2.25 2.25 2.25 2.25 2.24 2.22 2.19 2.16 2.11 2.06 1.99 1.92 1.82 1.70 1.57 1.41 1.23 1.05 0.88 0.71 0.56 0.42 0.29 0.19 0.10 0.04 0.01 0.00 0.00 0.00 0.00 0.00 0.00 0.00 0.00 0.00 0.00 0.00 0.00 0.00 0.00 0.00 0.00 0.00 0.00 0.00 0.00 0.00 0.00 0.00 0.00 0.00 0.00 0.00 0.00 0.00 0.00 0.00 0.00
0.04 0.11 0.19 0.27 0.36 0.46 0.55 0.65 0.75 0.85 0.94 1.05 1.17 1.29 1.41 1.54 1.67 1.79 1.91 2.01 2.11 2.19 2.26 2.31 2.35 2.37 2.37 2.37 2.36 2.35 2.33 2.31 2.27 2.23 2.17 2.11 2.03 1.93 1.80 1.66 1.50 1.32 1.13 0.94 0.76 0.60 0.44 0.31 0.20 0.11 0.05 0.01 0.00 0.00 0.00 0.00 0.00 0.00 0.00 0.00 0.00 0.00 0.00 0.00 0.00 0.00 0.00 0.00 0.00 0.00 0.00 0.00 0.00 0.00 0.00 0.00 0.00 0.00 0.00 0.00 0.00 0.00 0.00 0.00
0.07 0.15 0.22 0.31 0.40 0.49 0.59 0.68 0.78 0.88 0.98 1.10 1.22 1.35 1.48 1.61 1.74 1.87 2.00 2.11 2.21 2.30 2.37 2.42 2.46 2.48 2.48 2.48 2.47 2.45 2.43 2.41 2.37 2.33 2.27 2.21 2.12 2.01 1.88 1.73 1.57 1.40 1.21 1.01 0.82 0.63 0.47 0.33 0.21 0.12 0.05 0.01 0.00 0.00 0.00 0.00 0.00 0.00 0.00 0.00 0.00 0.00 0.00 0.00 0.00 0.00 0.00 0.00 0.00 0.00 0.00 0.00 0.00 0.00 0.00 0.00 0.00 0.00 0.00 0.00 0.00 0.00 0.00 0.00
0.11 0.18 0.26 0.34 0.43 0.53 0.62 0.71 0.81 0.92 1.03 1.15 1.28 1.41 1.54 1.68 1.81 1.95 2.07 2.19 2.30 2.39 2.46 2.52 2.56 2.57 2.57 2.57 2.55 2.54 2.52 2.49 2.45 2.41 2.35 2.27 2.17 2.06 1.93 1.78 1.62 1.45 1.26 1.07 0.87 0.67 0.50 0.35 0.22 0.12 0.05 0.01 0.00 0.00 0.00 0.00 0.00 0.00 0.00 0.00 0.00 0.00 0.00 0.00 0.00 0.00 0.00 0.00 0.00 0.00 0.00 0.00 0.00 0.00 0.00 0.00 0.00 0.00 0.00 0.00 0.00 0.00 0.00 0.00
0.14 0.21 0.29 0.38 0.47 0.56 0.65 0.74 0.85 0.96 1.08 1.21 1.34 1.47 1.61 1.75 1.88 2.01 2.14 2.27 2.38 2.47 2.55 2.60 2.64 2.65 2.65 2.64 2.63 2.61 2.58 2.55 2.52 2.47 2.40 2.31 2.20 2.08 1.95 1.80 1.64 1.47 1.29 1.10 0.91 0.71 0.53 0.37 0.23 0.13 0.05 0.01 0.00 0.00 0.00 0.00 0.00 0.00 0.00 0.00 0.00 0.00 0.00 0.00 0.00 0.00 0.00 0.00 0.00 0.00 0.00 0.00 0.00 0.00 0.00 0.00 0.00 0.00 0.00 0.00 0.00 0.00 0.00 0.00
0.17 0.25 0.32 0.41 0.50 0.58 0.68 0.78 0.89 1.01 1.14 1.27 1.41 1.54 1.68 1.82 1.95 2.08 2.21 2.33 2.44 2.54 2.61 2.67 2.71 2.72 2.71 2.70 2.68 2.66 2.63 2.60 2.56 2.49 2.41 2.31 2.20 2.08 1.94 1.79 1.63 1.46 1.29 1.11 0.92 0.74 0.55 0.39 0.24 0.13 0.05 0.01 0.00 0.00 0.00 0.00 0.00 0.00 0.00 0.00 0.00 0.00 0.00 0.00 0.00 0.00 0.00 0.00 0.00 0.00 0.00 0.00 0.00 0.00 0.00 0.00 0.00 0.00 0.00 0.00 0.00 0.00 0.00 0.00
0.20 0.28 0.36 0.44 0.52 0.62 0.72 0.83 0.95 1.07 1.20 1.33 1.47 1.61 1.75 1.88 2.01 2.14 2.26 2.38 2.49 2.58 2.66 2.72 2.75 2.76 2.75 2.73 2.71 2.69 2.66 2.62 2.56 2.48 2.39 2.29 2.17 2.04 1.90 1.75 1.59 1.43 1.26 1.09 0.91 0.74 0.57 0.40 0.25 0.14 0.06 0.01 0.00 0.00 0.00 0.00 0.00 0.00 0.00 0.00 0.00 0.00 0.00 0.00 0.00 0.00 0.00 0.00 0.00 0.00 0.00 0.00 0.00 0.00 0.00 0.00 0.00 0.00 0.00 0.00 0.00 0.00 0.00 0.00
0.24 0.31 0.39 0.47 0.56 0.65 0.76 0.88 1.00 1.13 1.26 1.40 1.54 1.67 1.81 1.94 2.07 2.20 2.32 2.43 2.52 2.61 2.69 2.75 2.78 2.78 2.77 2.74 2.72 2.69 2.65 2.60 2.52 2.44 2.34 2.22 2.10 1.96 1.82 1.67 1.52 1.36 1.20 1.04 0.88 0.72 0.56 0.41 0.26 0.14 0.06 0.01 0.00 0.00 0.00 0.00 0.00 0.00 0.00 0.00 0.00 0.00 0.00 0.00 0.00 0.00 0.00 0.00 0.00 0.00 0.00 0.00 0.00 0.00 0.00 0.00 0.00 0.00 0.00 0.00 0.00 0.00 0.00 0.00
0.27 0.34 0.42 0.50 0.60 0.70 0.81 0.94 1.06 1.19 1.33 1.47 1.60 1.74 1.87 2.00 2.13 2.25 2.36 2.46 2.55 2.63 2.70 2.75 2.78 2.78 2.76 2.73 2.70 2.66 2.61 2.54 2.45 2.35 2.24 2.12 1.99 1.85 1.71 1.56 1.41 1.26 1.11 0.96 0.81 0.66 0.52 0.39 0.26 0.15 0.06 0.01 0.00 0.00 0.00 0.00 0.00 0.00 0.00 0.00 0.00 0.00 0.00 0.00 0.00 0.00 0.00 0.00 0.00 0.00 0.00 0.00 0.00 0.00 0.00 0.00 0.00 0.00 0.00 0.00 0.00 0.00 0.00 0.00
0.30 0.37 0.45 0.54 0.64 0.75 0.87 1.00 1.13 1.26 1.39 1.53 1.67 1.80 1.93 2.06 2.18 2.29 2.39 2.49 2.57 2.64 2.69 2.73 2.75 2.75 2.72 2.69 2.65 2.59 2.52 2.43 2.34 2.23 2.11 1.98 1.85 1.71 1.57 1.42 1.27 1.13 0.98 0.84 0.71 0.57 0.45 0.34 0.23 0.14 0.06 0.01 0.00 0.00 0.00 0.00 0.00 0.00 0.00 0.00 0.00 0.00 0.00 0.00 0.00 0.00 0.00 0.00 0.00 0.00 0.00 0.00 0.00 0.00 0.00 0.00 0.00 0.00 0.00 0.00 0.00 0.00 0.00 0.00
0.33 0.41 0.49 0.59 0.70 0.81 0.93 1.06 1.19 1.32 1.46 1.59 1.72 1.85 1.98 2.10 2.21 2.32 2.41 2.50 2.57 2.63 2.67 2.70 2.71 2.69 2.66 2.61 2.55 2.48 2.39 2.29 2.18 2.06 1.93 1.80 1.67 1.53 1.38 1.24 1.10 0.96 0.82 0.69 0.57 0.46 0.35 0.25 0.17 0.10 0.05 0.01 0.00 0.00 0.00 0.00 0.00 0.00 0.00 0.00 0.00 0.00 0.00 0.00 0.00 0.00 0.00 0.00 0.00 0.00 0.00 0.00 0.00 0.00 0.00 0.00 0.00 0.00 0.00 0.00 0.00 0.00 0.00 0.00
0.37 0.45 0.54 0.64 0.75 0.87 1.00 1.12 1.25 1.39 1.52 1.65 1.78 1.90 2.02 2.14 2.24 2.34 2.43 2.50 2.56 2.60 2.63 2.64 2.64 2.61 2.56 2.49 2.41 2.32 2.22 2.10 1.98 1.86 1.72 1.59 1.45 1.30 1.16 1.03 0.89 0.76 0.63 0.51 0.40 0.31 0.22 0.14 0.08 0.04 0.01 0.00 0.00 0.00 0.00 0.00 0.00 0.00 0.00 0.00 0.00 0.00 0.00 0.00 0.00 0.00 0.00 0.00 0.00 0.00 0.00 0.00 0.00 0.00 0.00 0.00 0.00 0.00 0.00 0.00 0.00 0.00 0.00 0.00
0.41 0.50 0.60 0.71 0.82 0.94 1.06 1.19 1.32 1.45 1.58 1.70 1.83 1.95 2.06 2.16 2.26 2.35 2.42 2.48 2.53 2.56 2.57 2.57 2.54 2.50 2.43 2.35 2.25 2.14 2.02 1.90 1.77 1.63 1.49 1.35 1.21 1.07 0.93 0.79 0.66 0.54 0.42 0.32 0.22 0.14 0.07 0.02 0.00 0.00 0.00 0.00 0.02 0.03 0.02 0.00 0.00 0.00 0.00 0.00 0.00 0.00 0.00 0.00 0.00 0.00 0.00 0.00 0.00 0.00 0.00 0.00 0.00 0.00 0.00 0.00 0.00 0.00 0.00 0.00 0.00 0.00 0.00 0.00
0.45 0.56 0.67 0.77 0.89 1.01 1.13 1.25 1.38 1.50 1.63 1.75 1.87 1.98 2.08 2.17 2.26 2.33 2.39 2.44 2.47 2.49 2.48 2.46 2.42 2.36 2.28 2.19 2.07 1.95 1.82 1.68 1.54 1.39 1.25 1.10 0.96 0.82 0.68 0.55 0.43 0.32 0.21 0.12 0.04 0.00 0.00 0.00 0.00 0.00 0.00 0.00 0.04 0.08 0.08 0.06 0.04 0.02 0.00 0.00 0.00 0.00 0.00 0.00 0.00 0.00 0.00 0.00 0.00 0.00 0.00 0.00 0.00 0.00 0.00 0.00 0.00 0.00 0.00 0.00 0.00 0.00 0.00 0.00
0.49 0.62 0.73 0.84 0.96 1.07 1.19 1.31 1.43 1.55 1.67 1.78 1.89 1.99 2.09 2.17 2.24 2.30 2.35 2.38 2.39 2.39 2.37 2.33 2.27 2.20 2.11 2.00 1.88 1.74 1.60 1.45 1.30 1.15 1.00 0.85 0.70 0.56 0.43 0.31 0.19 0.09 0.00 0.00 0.00 0.00 0.00 0.00 0.00 0.00 0.00 0.00 0.06 0.13 0.16 0.15 0.13 0.10 0.07 0.05 0.02 0.00 0.00 0.00 0.00 0.00 0.00 0.00 0.00 0.00 0.00 0.00 0.00 0.00 0.00 0.00 0.00 0.00 0.00 0.00 0.00 0.00 0.00 0.00
0.53 0.67 0.79 0.91 1.03 1.14 1.25 1.37 1.48 1.60 1.70 1.81 1.90 1.99 2.07 2.14 2.20 2.24 2.27 2.29 2.28 2.26 2.22 2.17 2.11 2.02 1.92 1.80 1.67 1.53 1.37 1.21 1.05 0.89 0.74 0.59 0.44 0.31 0.18 0.06 0.00 0.00 0.00 0.00 0.00 0.00 0.00 0.00 0.00 0.00 0.00 0.00 0.08 0.18 0.23 0.25 0.24 0.21 0.18 0.14 0.11 0.08 0.04 0.01 0.00 0.00 0.00 0.00 0.00 0.00 0.00 0.00 0.00 0.00 0.00 0.00 0.00 0.00 0.00 0.00 0.00 0.00 0.00 0.00
0.57 0.71 0.85 0.97 1.09 1.20 1.31 1.42 1.52 1.63 1.72 1.82 1.90 1.98 2.04 2.10 2.14 2.16 2.18 2.17 2.15 2.11 2.06 1.99 1.92 1.82 1.71 1.58 1.45 1.30 1.14 0.97 0.80 0.64 0.48 0.33 0.18 0.05 0.00 0.00 0.00 0.00 0.00 0.00 0.00 0.00 0.00 0.00 0.00 0.00 0.00 0.00 0.10 0.22 0.31 0.35 0.36 0.34 0.30 0.26 0.22 0.18 0.14 0.11 0.07 0.03 0.00 0.00 0.00 0.00 0.00 0.00 0.00 0.00 0.00 0.00 0.00 0.00 0.00 0.00 0.00 0.00 0.00 0.00
0.60 0.75 0.90 1.03 1.14 1.25 1.36 1.46 1.55 1.64 1.73 1.81 1.88 1.94 1.99 2.03 2.05 2.06 2.05 2.02 1.98 1.93 1.87 1.80 1.71 1.61 1.49 1.35 1.21 1.05 0.89 0.73 0.55 0.38 0.22 0.07 0.00 0.00 0.00 0.00 0.00 0.00 0.00 0.00 0.00 0.00 0.00 0.00 0.00 0.00 0.00 0.00 0.12 0.27 0.37 0.44 0.48 0.48 0.45 0.40 0.35 0.31 0.26 0.22 0.17 0.13 0.09 0.05 0.01 0.00 0.00 0.00 0.00 0.00 0.00 0.00 0.00 0.00 0.00 0.00 0.00 0.00 0.00 0.00
0.63 0.79 0.93 1.07 1.19 1.29 1.39 1.48 1.57 1.64 1.72 1.78 1.83 1.88 1.91 1.93 1.93 1.92 1.89 1.85 1.80 1.74 1.67 1.59 1.49 1.38 1.25 1.11 0.96 0.80 0.64 0.47 0.30 0.13 0.00 0.00 0.00 0.00 0.00 0.00 0.00 0.00 0.00 0.00 0.00 0.00 0.00 0.00 0.00 0.00 0.00 0.00 0.15 0.31 0.43 0.52 0.58 0.60 0.59 0.55 0.50 0.44 0.39 0.34 0.29 0.24 0.19 0.14 0.10 0.06 0.02 0.00 0.00 0.00 0.00 0.00 0.00 0.00 0.00 0.00 0.00 0.00 0.00 0.00
0.65 0.82 0.96 1.10 1.21 1.32 1.41 1.49 1.56 1.63 1.68 1.73 1.77 1.79 1.81 1.80 1.79 1.75 1.71 1.65 1.60 1.53 1.45 1.36 1.26 1.14 1.00 0.85 0.70 0.54 0.38 0.21 0.05 0.00 0.00 0.00 0.00 0.00 0.00 0.00 0.00 0.00 0.00 0.00 0.00 0.00 0.00 0.00 0.00 0.00 0.00 0.00 0.17 0.34 0.48 0.59 0.67 0.71 0.72 0.70 0.65 0.59 0.53 0.47 0.41 0.35 0.29 0.24 0.19 0.14 0.10 0.07 0.04 0.02 0.01 0.00 0.00 0.00 0.00 0.00 0.00 0.00 0.00 0.00
0.67 0.84 0.99 1.12 1.23 1.33 1.41 1.48 1.54 1.59 1.63 1.66 1.68 1.68 1.67 1.65 1.61 1.56 1.50 1.44 1.38 1.30 1.22 1.12 1.01 0.88 0.74 0.59 0.43 0.27 0.11 0.00 0.00 0.00 0.00 0.00 0.00 0.00 0.00 0.00 0.00 0.00 0.00 0.00 0.00 0.00 0.00 0.00 0.00 0.00 0.00 0.00 0.19 0.38 0.53 0.65 0.75 0.81 0.84 0.84 0.80 0.74 0.67 0.60 0.53 0.47 0.40 0.34 0.28 0.23 0.18 0.15 0.12 0.11 0.09 0.08 0.08 0.08 0.08 0.08 0.08 0.08 0.08 0.08
0.69 0.85 1.00 1.13 1.23 1.32 1.40 1.45 1.50 1.53 1.55 1.56 1.56 1.54 1.51 1.46 1.40 1.34 1.28 1.22 1.15 1.07 0.98 0.87 0.76 0.62 0.48 0.32 0.16 0.00 0.00 0.00 0.00 0.00 0.00 0.00 0.00 0.00 0.00 0.00 0.00 0.00 0.00 0.00 0.00 0.00 0.00 0.00 0.00 0.00 0.00 0.00 0.21 0.40 0.57 0.71 0.81 0.89 0.93 0.95 0.93 0.89 0.82 0.74 0.66 0.58 0.51 0.43 0.37 0.32 0.27 0.24 0.21 0.19 0.18 0.17 0.17 0.17 0.17 0.17 0.17 0.17 0.17 0.17
0.70 0.86 1.01 1.12 1.22 1.30 1.36 1.40 1.43 1.44 1.44 1.43 1.41 1.36 1.31 1.25 1.18 1.12 1.05 0.98 0.90 0.82 0.72 0.62 0.49 0.36 0.21 0.05 0.00 0.00 0.00 0.00 0.00 0.00 0.00 0.00 0.00 0.00 0.00 0.00 0.00 0.00 0.00 0.00 0.00 0.00 0.00 0.00 0.00 0.00 0.00 0.00 0.23 0.43 0.60 0.75 0.86 0.95 1.01 1.03 1.04 1.01 0.95 0.87 0.78 0.69 0.61 0.53 0.46 0.41 0.36 0.33 0.30 0.28 0.27 0.26 0.26 0.26 0.26 0.27 0.27 0.27 0.27 0.26
