data_processed/recharge/precip/Precip_1987_04.asc
ncols        168
nrows        136
xllcorner    455000
yllcorner    2107000
cellsize     500
NODATA_value     -99999
[rows 0 to 34 of 136, columns 78 to 155 of 168]
50.66 51.50 52.52 53.74 55.17 56.83 58.73 60.89 63.30 65.96 68.79 71.41 73.72 75.75 77.54 79.17 80.69 82.11 83.43 84.64 85.73 86.70 87.53 88.23 88.77 89.17 89.40 89.47 89.36 89.09 88.63 87.97 87.06 85.88 84.48 82.95 81.30 79.54 77.54 74.91 71.55 67.54 62.98 57.98 52.62 47.02 41.26 35.44 29.67 24.04 18.64 13.59 9.05 5.27 2.36 0.34 0.00 0.00 1.80 5.86 11.65 18.91 26.90 35.04 43.20 51.28 59.18 66.80 74.05 80.81 86.99 92.49 97.22 101.06 103.93 105.81 107.00 107.73
49.95 50.74 51.71 52.87 54.25 55.86 57.71 59.80 62.13 64.70 67.43 69.94 72.13 74.04 75.70 77.15 78.45 79.65 80.76 81.78 82.69 83.50 84.18 84.74 85.16 85.44 85.58 85.57 85.41 85.11 84.63 83.95 83.02 81.83 80.43 78.91 77.29 75.59 73.80 71.82 69.23 65.94 62.04 57.62 52.78 47.62 42.25 36.75 31.22 25.77 20.49 15.57 11.25 7.63 4.75 2.65 1.36 1.35 3.14 6.66 11.79 18.41 26.27 34.66 43.01 51.21 59.13 66.69 73.79 80.32 86.19 91.29 95.53 98.81 101.11 102.70 103.79 104.43
48.99 49.73 50.64 51.75 53.08 54.64 56.43 58.45 60.71 63.18 65.80 68.20 70.27 72.05 73.57 74.87 75.99 76.98 77.88 78.71 79.44 80.07 80.60 81.01 81.31 81.48 81.51 81.44 81.25 80.93 80.44 79.74 78.79 77.58 76.18 74.67 73.08 71.42 69.71 67.96 66.04 63.55 60.38 56.64 52.40 47.79 42.88 37.78 32.59 27.41 22.42 17.88 13.88 10.47 7.67 5.53 4.08 3.79 5.18 8.19 12.71 18.60 25.75 33.92 42.40 50.67 58.59 66.06 72.97 79.24 84.76 89.44 93.16 95.91 97.95 99.44 100.45 101.00
47.80 48.49 49.35 50.41 51.70 53.21 54.94 56.89 59.06 61.44 63.95 66.23 68.17 69.81 71.19 72.34 73.30 74.11 74.80 75.43 75.97 76.43 76.80 77.07 77.23 77.28 77.24 77.14 76.93 76.59 76.07 75.35 74.39 73.16 71.76 70.27 68.71 67.09 65.45 63.78 62.11 60.30 57.96 54.97 51.44 47.44 43.09 38.49 33.73 28.99 24.54 20.49 16.86 13.70 11.02 8.88 7.31 6.78 7.82 10.37 14.31 19.52 25.87 33.25 41.42 49.70 57.58 64.92 71.63 77.60 82.75 86.95 90.20 92.71 94.65 96.06 96.99 97.47
46.43 47.06 47.88 48.91 50.16 51.62 53.28 55.15 57.23 59.50 61.90 64.06 65.87 67.37 68.60 69.60 70.39 71.03 71.53 71.95 72.31 72.59 72.79 72.91 72.94 72.91 72.84 72.71 72.48 72.12 71.58 70.84 69.86 68.62 67.21 65.73 64.20 62.63 61.05 59.46 57.90 56.36 54.72 52.57 49.82 46.54 42.84 38.81 34.65 30.62 26.83 23.31 20.10 17.22 14.71 12.61 10.97 10.24 10.97 13.10 16.51 21.07 26.67 33.19 40.49 48.36 56.13 63.32 69.78 75.43 80.16 83.94 86.96 89.38 91.24 92.58 93.43 93.84
44.90 45.49 46.29 47.29 48.49 49.88 51.48 53.27 55.25 57.42 59.70 61.73 63.41 64.76 65.84 66.68 67.30 67.76 68.08 68.31 68.46 68.56 68.60 68.57 68.50 68.43 68.34 68.18 67.93 67.55 66.99 66.23 65.23 63.97 62.56 61.09 59.58 58.07 56.55 55.05 53.58 52.16 50.81 49.39 47.49 45.02 42.05 38.79 35.50 32.29 29.20 26.25 23.49 20.95 18.65 16.63 14.95 14.06 14.53 16.28 19.20 23.17 28.05 33.75 40.12 47.04 54.31 61.27 67.47 72.76 77.10 80.67 83.61 85.95 87.74 89.01 89.79 90.13
43.27 43.85 44.61 45.57 46.72 48.05 49.57 51.27 53.16 55.22 57.37 59.27 60.81 62.02 62.94 63.61 64.07 64.34 64.47 64.50 64.46 64.37 64.24 64.10 63.99 63.90 63.78 63.60 63.32 62.92 62.34 61.56 60.54 59.26 57.84 56.38 54.91 53.44 51.98 50.56 49.19 47.89 46.68 45.56 44.41 42.82 40.77 38.54 36.24 33.89 31.54 29.22 26.95 24.78 22.73 20.84 19.17 18.17 18.41 19.82 22.30 25.70 29.92 34.83 40.31 46.24 52.49 58.85 64.71 69.66 73.81 77.30 80.17 82.44 84.16 85.37 86.10 86.38
41.60 42.15 42.89 43.81 44.90 46.16 47.60 49.21 50.99 52.94 54.97 56.73 58.12 59.18 59.94 60.44 60.72 60.81 60.75 60.57 60.32 60.03 59.77 59.59 59.46 59.34 59.19 58.99 58.69 58.26 57.66 56.86 55.82 54.52 53.09 51.64 50.20 48.77 47.38 46.04 44.77 43.59 42.51 41.55 40.72 39.99 39.13 38.05 36.78 35.34 33.77 32.11 30.38 28.62 26.87 25.15 23.52 22.45 22.51 23.63 25.70 28.59 32.19 36.36 40.99 45.95 51.13 56.41 61.60 66.36 70.44 73.86 76.66 78.87 80.53 81.68 82.35 82.58
39.92 40.46 41.16 42.02 43.05 44.25 45.60 47.11 48.79 50.61 52.51 54.14 55.38 56.28 56.88 57.21 57.30 57.20 56.94 56.56 56.09 55.65 55.31 55.09 54.93 54.78 54.61 54.38 54.06 53.60 52.98 52.16 51.10 49.79 48.35 46.91 45.49 44.11 42.78 41.52 40.35 39.28 38.34 37.53 36.98 36.88 37.12 37.23 37.02 36.53 35.79 34.83 33.68 32.38 30.97 29.46 27.92 26.83 26.74 27.62 29.32 31.74 34.75 38.22 42.05 46.09 50.24 54.42 58.67 63.01 67.00 70.36 73.10 75.26 76.87 77.96 78.58 78.76
38.28 38.79 39.44 40.26 41.22 42.34 43.61 45.02 46.58 48.28 50.05 51.53 52.62 53.36 53.79 53.93 53.84 53.55 53.08 52.50 51.89 51.36 50.95 50.65 50.45 50.27 50.07 49.82 49.47 48.99 48.35 47.50 46.42 45.09 43.64 42.21 40.82 39.48 38.22 37.04 35.96 35.01 34.20 33.65 33.56 33.98 34.85 35.98 36.88 37.38 37.51 37.29 36.77 35.97 34.93 33.68 32.27 31.19 31.01 31.67 33.06 35.05 37.51 40.33 43.39 46.56 49.76 53.02 56.41 59.94 63.54 66.82 69.51 71.62 73.18 74.23 74.80 74.94
36.69 37.18 37.79 38.55 39.45 40.48 41.66 42.96 44.41 45.98 47.61 48.94 49.87 50.45 50.70 50.67 50.39 49.89 49.23 48.50 47.83 47.24 46.74 46.35 46.05 45.83 45.61 45.33 44.95 44.45 43.78 42.92 41.82 40.46 39.01 37.59 36.22 34.93 33.72 32.62 31.65 30.81 30.24 30.14 30.56 31.45 32.75 34.42 36.26 37.79 38.83 39.40 39.54 39.29 38.67 37.71 36.48 35.45 35.22 35.72 36.82 38.42 40.39 42.60 44.93 47.30 49.70 52.20 54.80 57.52 60.37 63.29 65.91 67.97 69.49 70.50 71.04 71.14
35.15 35.65 36.24 36.94 37.76 38.71 39.79 40.99 42.31 43.75 45.23 46.41 47.18 47.59 47.66 47.44 46.96 46.27 45.48 44.71 44.00 43.35 42.77 42.27 41.85 41.52 41.25 40.94 40.54 40.02 39.33 38.44 37.31 35.94 34.47 33.06 31.72 30.47 29.33 28.31 27.43 26.82 26.69 27.09 27.97 29.27 30.96 32.99 35.29 37.67 39.66 41.06 41.91 42.24 42.08 41.46 40.45 39.52 39.27 39.64 40.52 41.77 43.28 44.92 46.59 48.29 50.03 51.84 53.74 55.73 57.83 60.05 62.33 64.33 65.82 66.79 67.30 67.37
33.69 34.20 34.79 35.45 36.20 37.06 38.03 39.12 40.31 41.62 42.95 43.97 44.58 44.81 44.70 44.29 43.62 42.81 42.00 41.21 40.45 39.74 39.07 38.46 37.92 37.45 37.06 36.70 36.28 35.72 35.01 34.10 32.95 31.56 30.08 28.68 27.36 26.16 25.07 24.14 23.46 23.29 23.65 24.50 25.79 27.47 29.49 31.81 34.38 37.15 39.90 42.17 43.77 44.73 45.07 44.84 44.08 43.30 43.08 43.37 44.05 44.99 46.09 47.21 48.34 49.48 50.64 51.85 53.12 54.46 55.89 57.41 59.05 60.75 62.18 63.12 63.60 63.65
32.34 32.86 33.44 34.09 34.79 35.56 36.43 37.40 38.46 39.63 40.81 41.66 42.10 42.15 41.86 41.26 40.48 39.67 38.86 38.04 37.24 36.47 35.71 35.00 34.33 33.71 33.16 32.66 32.19 31.61 30.87 29.93 28.76 27.35 25.86 24.46 23.17 22.01 20.99 20.24 20.00 20.30 21.10 22.35 24.01 26.02 28.33 30.91 33.69 36.64 39.69 42.65 45.04 46.66 47.55 47.75 47.29 46.69 46.54 46.79 47.32 48.00 48.73 49.43 50.10 50.77 51.44 52.13 52.85 53.62 54.45 55.36 56.36 57.45 58.61 59.51 59.97 60.00
31.12 31.65 32.23 32.87 33.55 34.25 35.02 35.86 36.80 37.81 38.84 39.53 39.79 39.66 39.18 38.49 37.72 36.93 36.11 35.27 34.43 33.59 32.75 31.93 31.13 30.36 29.64 28.96 28.33 27.70 26.93 25.97 24.78 23.34 21.85 20.46 19.19 18.07 17.23 16.90 17.12 17.86 19.05 20.66 22.64 24.93 27.49 30.27 33.22 36.30 39.45 42.63 45.62 47.95 49.43 50.09 49.97 49.60 49.56 49.82 50.24 50.70 51.12 51.47 51.78 52.05 52.31 52.56 52.81 53.10 53.41 53.78 54.22 54.73 55.34 55.99 56.42 56.44
30.05 30.59 31.18 31.81 32.46 33.14 33.82 34.55 35.34 36.21 37.07 37.59 37.67 37.37 36.80 36.14 35.42 34.64 33.82 32.96 32.07 31.16 30.23 29.30 28.38 27.46 26.56 25.70 24.86 24.07 23.24 22.26 21.04 19.58 18.08 16.69 15.45 14.49 14.06 14.18 14.83 15.95 17.50 19.42 21.67 24.19 26.95 29.89 32.97 36.13 39.33 42.52 45.64 48.50 50.61 51.77 52.04 51.94 52.06 52.36 52.70 52.98 53.15 53.24 53.26 53.23 53.14 53.03 52.91 52.78 52.67 52.58 52.54 52.54 52.62 52.78 52.99 52.98
29.17 29.71 30.30 30.92 31.56 32.21 32.85 33.49 34.14 34.86 35.55 35.90 35.81 35.42 34.91 34.31 33.62 32.86 32.03 31.15 30.21 29.23 28.22 27.18 26.13 25.06 24.00 22.93 21.89 20.86 19.86 18.82 17.58 16.09 14.58 13.20 12.11 11.54 11.56 12.10 13.13 14.59 16.44 18.62 21.09 23.81 26.72 29.77 32.93 36.12 39.32 42.48 45.53 48.44 50.99 52.70 53.40 53.61 53.93 54.30 54.57 54.71 54.73 54.64 54.45 54.18 53.85 53.46 53.03 52.58 52.11 51.65 51.20 50.78 50.41 50.10 49.86 49.66
28.48 29.04 29.63 30.24 30.86 31.48 32.09 32.67 33.23 33.79 34.31 34.49 34.33 34.02 33.58 33.04 32.39 31.64 30.81 29.90 28.92 27.87 26.77 25.63 24.44 23.22 21.99 20.73 19.47 18.21 16.96 15.73 14.42 12.92 11.39 10.14 9.44 9.31 9.73 10.65 12.01 13.76 15.86 18.27 20.92 23.78 26.79 29.92 33.10 36.29 39.44 42.51 45.45 48.20 50.72 52.79 53.96 54.51 55.05 55.47 55.72 55.81 55.75 55.56 55.24 54.82 54.31 53.72 53.07 52.37 51.63 50.87 50.11 49.35 48.61 47.91 47.25 46.66
28.03 28.60 29.19 29.79 30.40 30.99 31.56 32.10 32.59 33.04 33.40 33.52 33.46 33.24 32.88 32.39 31.78 31.05 30.21 29.28 28.25 27.13 25.94 24.69 23.37 22.00 20.59 19.14 17.67 16.17 14.67 13.16 11.65 10.09 8.67 7.80 7.53 7.80 8.58 9.82 11.46 13.47 15.78 18.35 21.14 24.10 27.17 30.31 33.48 36.62 39.68 42.62 45.38 47.93 50.21 52.17 53.62 54.53 55.24 55.74 56.04 56.16 56.10 55.88 55.53 55.04 54.43 53.72 52.93 52.06 51.13 50.16 49.16 48.13 47.11 46.09 45.10 44.15
27.79 28.37 28.96 29.56 30.14 30.71 31.24 31.73 32.17 32.54 32.87 33.09 33.14 33.03 32.75 32.32 31.75 31.04 30.20 29.24 28.17 26.99 25.71 24.35 22.90 21.39 19.81 18.17 16.49 14.76 13.00 11.22 9.42 7.68 6.54 6.10 6.22 6.85 7.95 9.47 11.36 13.57 16.05 18.76 21.64 24.65 27.74 30.86 33.97 37.01 39.94 42.71 45.27 47.57 49.56 51.21 52.50 53.60 54.48 55.13 55.56 55.78 55.80 55.63 55.30 54.82 54.19 53.44 52.58 51.62 50.57 49.46 48.29 47.08 45.84 44.58 43.33 42.09
27.64 28.23 28.81 29.39 29.95 30.47 30.96 31.39 31.77 32.10 32.44 32.75 32.94 32.94 32.77 32.42 31.91 31.24 30.42 29.45 28.36 27.14 25.80 24.35 22.80 21.15 19.42 17.62 15.74 13.81 11.82 9.79 7.71 5.70 4.49 4.35 4.85 5.82 7.22 9.01 11.12 13.52 16.15 18.97 21.93 24.97 28.07 31.15 34.18 37.11 39.89 42.47 44.80 46.83 48.53 49.88 51.08 52.23 53.28 54.13 54.73 55.09 55.23 55.17 54.92 54.49 53.89 53.14 52.26 51.25 50.14 48.93 47.65 46.29 44.89 43.45 41.98 40.50
27.53 28.10 28.67 29.22 29.74 30.22 30.65 31.02 31.35 31.69 32.04 32.37 32.64 32.79 32.75 32.51 32.08 31.48 30.70 29.77 28.67 27.44 26.06 24.55 22.92 21.18 19.33 17.38 15.35 13.23 11.03 8.77 6.45 4.17 2.68 2.46 3.22 4.52 6.22 8.25 10.58 13.16 15.93 18.85 21.87 24.95 28.03 31.06 34.01 36.81 39.43 41.80 43.90 45.66 47.09 48.35 49.55 50.72 51.84 52.86 53.67 54.22 54.53 54.61 54.47 54.13 53.60 52.90 52.03 51.02 49.88 48.62 47.25 45.80 44.27 42.67 41.03 39.36
27.43 27.99 28.53 29.04 29.51 29.93 30.29 30.62 30.96 31.31 31.68 32.02 32.31 32.55 32.65 32.55 32.24 31.72 31.02 30.14 29.08 27.85 26.46 24.93 23.24 21.43 19.49 17.42 15.25 12.98 10.60 8.13 5.59 3.09 1.35 0.83 1.48 3.00 4.97 7.25 9.78 12.52 15.42 18.44 21.51 24.60 27.66 30.64 33.49 36.15 38.60 40.77 42.61 44.13 45.47 46.72 47.94 49.12 50.26 51.36 52.35 53.13 53.64 53.90 53.91 53.70 53.28 52.66 51.85 50.87 49.74 48.46 47.06 45.54 43.92 42.22 40.44 38.62
27.35 27.88 28.38 28.84 29.25 29.60 29.92 30.25 30.59 30.95 31.33 31.69 32.00 32.26 32.45 32.50 32.33 31.94 31.34 30.53 29.53 28.34 26.97 25.43 23.72 21.86 19.85 17.71 15.43 13.01 10.47 7.82 5.10 2.41 0.44 0.00 0.00 1.38 3.53 6.04 8.76 11.66 14.68 17.78 20.90 23.99 27.02 29.92 32.66 35.19 37.45 39.40 41.02 42.45 43.77 45.03 46.25 47.45 48.61 49.72 50.79 51.77 52.52 52.99 53.20 53.16 52.88 52.38 51.67 50.76 49.67 48.42 47.02 45.47 43.81 42.03 40.17 38.24
27.27 27.75 28.20 28.60 28.94 29.25 29.56 29.89 30.25 30.62 31.01 31.38 31.70 31.98 32.19 32.33 32.32 32.08 31.61 30.91 30.00 28.87 27.55 26.03 24.33 22.45 20.40 18.19 15.82 13.28 10.60 7.81 4.94 2.09 0.00 0.00 0.00 0.04 2.02 4.66 7.57 10.61 13.74 16.91 20.06 23.15 26.13 28.96 31.58 33.95 36.01 37.76 39.30 40.71 42.03 43.28 44.51 45.71 46.87 48.00 49.10 50.15 51.11 51.84 52.28 52.44 52.35 52.01 51.43 50.64 49.64 48.45 47.08 45.56 43.88 42.09 40.19 38.19
27.17 27.60 27.98 28.31 28.61 28.91 29.23 29.56 29.92 30.31 30.71 31.09 31.43 31.71 31.94 32.11 32.20 32.12 31.80 31.24 30.43 29.40 28.15 26.68 25.01 23.14 21.08 18.83 16.37 13.74 10.95 8.06 5.07 2.11 0.00 0.00 0.00 0.00 0.79 3.24 6.24 9.42 12.65 15.87 19.04 22.12 25.05 27.78 30.28 32.48 34.37 36.03 37.54 38.93 40.24 41.49 42.71 43.91 45.08 46.22 47.33 48.41 49.45 50.40 51.11 51.52 51.65 51.50 51.10 50.46 49.58 48.50 47.21 45.74 44.11 42.35 40.45 38.42
27.04 27.41 27.72 28.01 28.29 28.59 28.91 29.25 29.62 30.01 30.42 30.82 31.17 31.47 31.71 31.89 32.00 32.02 31.88 31.47 30.81 29.90 28.74 27.35 25.74 23.91 21.85 19.55 17.04 14.34 11.49 8.52 5.46 2.41 0.00 0.00 0.00 0.00 0.02 2.12 4.90 8.13 11.44 14.71 17.90 20.94 23.81 26.44 28.80 30.84 32.65 34.28 35.76 37.13 38.42 39.66 40.87 42.06 43.23 44.38 45.51 46.60 47.67 48.70 49.64 50.33 50.72 50.82 50.63 50.17 49.47 48.52 47.35 45.99 44.46 42.77 40.90 38.87
26.87 27.17 27.44 27.71 27.99 28.29 28.61 28.95 29.33 29.73 30.15 30.56 30.92 31.23 31.49 31.68 31.80 31.85 31.81 31.58 31.09 30.32 29.29 28.01 26.48 24.69 22.63 20.32 17.78 15.05 12.17 9.16 6.06 2.96 0.47 0.00 0.00 0.00 0.00 1.44 3.86 6.84 10.15 13.47 16.65 19.66 22.45 24.98 27.20 29.16 30.92 32.52 33.97 35.32 36.59 37.80 39.00 40.18 41.35 42.50 43.63 44.74 45.82 46.88 47.91 48.84 49.53 49.90 49.96 49.74 49.23 48.47 47.48 46.29 44.90 43.30 41.51 39.51
26.66 26.91 27.16 27.42 27.70 28.00 28.32 28.67 29.04 29.45 29.89 30.30 30.68 31.00 31.27 31.48 31.61 31.68 31.65 31.53 31.22 30.63 29.76 28.60 27.17 25.42 23.38 21.08 18.56 15.84 12.96 9.95 6.85 3.73 1.19 0.00 0.00 0.00 0.00 1.20 3.27 5.86 8.91 12.18 15.36 18.32 21.03 23.44 25.58 27.49 29.21 30.77 32.19 33.50 34.74 35.93 37.11 38.28 39.44 40.58 41.72 42.83 43.93 45.00 46.06 47.08 48.03 48.71 49.06 49.10 48.84 48.32 47.57 46.59 45.37 43.91 42.22 40.28
26.42 26.64 26.89 27.14 27.42 27.71 28.04 28.39 28.77 29.19 29.63 30.06 30.44 30.78 31.06 31.28 31.43 31.50 31.49 31.40 31.20 30.79 30.10 29.09 27.73 26.04 24.06 21.82 19.34 16.66 13.82 10.85 7.77 4.68 2.13 0.46 0.00 0.00 0.12 1.34 3.10 5.34 7.98 10.96 14.05 16.96 19.57 21.91 23.99 25.85 27.52 29.03 30.41 31.69 32.90 34.06 35.21 36.36 37.50 38.64 39.77 40.89 41.99 43.08 44.16 45.21 46.25 47.19 47.87 48.22 48.28 48.06 47.58 46.84 45.82 44.54 42.98 41.15
26.17 26.39 26.62 26.87 27.14 27.44 27.76 28.11 28.50 28.93 29.38 29.81 30.21 30.55 30.85 31.08 31.24 31.33 31.33 31.25 31.07 30.78 30.26 29.37 28.11 26.52 24.63 22.48 20.08 17.48 14.71 11.81 8.79 5.76 3.23 1.54 0.62 0.41 0.83 1.82 3.31 5.23 7.50 10.06 12.83 15.61 18.15 20.42 22.44 24.25 25.87 27.33 28.66 29.90 31.07 32.20 33.32 34.44 35.57 36.69 37.81 38.92 40.03 41.13 42.22 43.29 44.36 45.40 46.36 47.09 47.51 47.64 47.47 47.00 46.22 45.14 43.75 42.06
25.94 26.14 26.36 26.61 26.87 27.16 27.49 27.84 28.23 28.66 29.12 29.57 29.97 30.33 30.63 30.87 31.05 31.15 31.17 31.10 30.93 30.64 30.16 29.40 28.28 26.82 25.06 23.02 20.75 18.26 15.60 12.80 9.88 6.94 4.48 2.79 1.84 1.54 1.82 2.62 3.87 5.50 7.44 9.61 11.95 14.39 16.80 19.00 20.95 22.70 24.26 25.66 26.95 28.14 29.26 30.35 31.44 32.53 33.63 34.73 35.84 36.95 38.05 39.16 40.25 41.35 42.43 43.50 44.60 45.67 46.51 47.01 47.18 47.02 46.52 45.68 44.49 42.97
25.70 25.89 26.11 26.34 26.60 26.89 27.21 27.57 27.96 28.40 28.87 29.32 29.73 30.10 30.41 30.66 30.85 30.96 30.99 30.93 30.75 30.40 29.86 29.15 28.19 26.90 25.30 23.42 21.30 18.96 16.44 13.78 11.00 8.19 5.82 4.18 3.22 2.87 3.05 3.70 4.75 6.12 7.75 9.56 11.48 13.48 15.57 17.65 19.53 21.21 22.70 24.05 25.28 26.42 27.49 28.54 29.58 30.64 31.71 32.79 33.88 34.97 36.07 37.17 38.27 39.37 40.48 41.61 42.81 44.04 45.22 46.13 46.68 46.86 46.66 46.09 45.15 43.83
25.46 25.64 25.84 26.07 26.32 26.61 26.93 27.28 27.68 28.12 28.60 29.06 29.48 29.86 30.18 30.44 30.64 30.76 30.80 30.73 30.48 30.05 29.45 28.71 27.83 26.72 25.32 23.63 21.70 19.54 17.21 14.72 12.11 9.45 7.22 5.66 4.73 4.36 4.48 5.01 5.89 7.04 8.39 9.85 11.37 12.97 14.65 16.42 18.18 19.79 21.21 22.50 23.66 24.74 25.77 26.76 27.76 28.78 29.81 30.86 31.93 33.00 34.09 35.19 36.29 37.40 38.55 39.78 41.05 42.37 43.70 44.95 45.91 46.46 46.61 46.35 45.68 44.59
25.19 25.38 25.58 25.79 26.04 26.32 26.64 27.00 27.40 27.84 28.32 28.79 29.22 29.61 29.94 30.21 30.42 30.55 30.57 30.42 30.08 29.58 28.93 28.15 27.26 26.26 25.08 23.62 21.91 19.97 17.85 15.57 13.16 10.71 8.64 7.20 6.34 5.98 6.07 6.51 7.26 8.22 9.27 10.38 11.54 12.78 14.09 15.48 16.96 18.45 19.80 21.02 22.12 23.13 24.10 25.04 25.99 26.96 27.95 28.97 30.01 31.06 32.13 33.21 34.31 35.47 36.70 38.01 39.36 40.74 42.14 43.54 44.83 45.79 46.31 46.39 46.03 45.22
