data_processed/recharge/precip/Precip_1991_12.asc
ncols        168
nrows        136
xllcorner    455000
yllcorner    2107000
cellsize     500
NODATA_value     -99999
[rows 72 to 107 of 136, columns 0 to 81 of 168]
0.40 0.38 0.35 0.31 0.26 0.19 0.12 0.05 0.00 0.00 0.00 0.00 0.00 0.00 0.00 0.00 0.00 0.00 0.00 0.00 0.00 0.00 0.00 0.00 0.00 0.00 0.00 0.00 0.00 0.00 0.00 0.00 0.00 0.00 0.00 0.00 0.00 0.00 0.00 0.00 0.00 0.04 0.09 0.16 0.24 0.32 0.42 0.52 0.62 0.74 0.86 0.99 1.12 1.27 1.41 1.56 1.72 1.88 2.05 2.22 2.39 2.57 2.75 2.94 3.12 3.31 3.51 3.70 3.89 4.09 4.29 4.49 4.69 4.89 5.09 5.29 5.48 5.68 5.88 6.07 6.27 6.46
1.20 1.17 1.12 1.07 0.99 0.91 0.82 0.72 0.62 0.51 0.40 0.28 0.17 0.06 0.00 0.00 0.00 0.00 0.00 0.00 0.00 0.00 0.00 0.00 0.00 0.00 0.00 0.00 0.00 0.00 0.00 0.00 0.00 0.00 0.00 0.00 0.00 0.00 0.00 0.00 0.00 0.00 0.01 0.09 0.17 0.26 0.35 0.46 0.57 0.69 0.81 0.94 1.08 1.23 1.37 1.53 1.69 1.85 2.02 2.19 2.37 2.55 2.73 2.92 3.11 3.30 3.49 3.69 3.88 4.08 4.28 4.48 4.68 4.88 5.08 5.27 5.47 5.67 5.86 6.06 6.25 6.44
2.04 1.99 1.93 1.86 1.77 1.67 1.56 1.44 1.31 1.18 1.04 0.90 0.75 0.61 0.47 0.33 0.20 0.07 0.00 0.00 0.00 0.00 0.00 0.00 0.00 0.00 0.00 0.00 0.00 0.00 0.00 0.00 0.00 0.00 0.00 0.00 0.00 0.00 0.00 0.00 0.00 0.00 0.00 0.02 0.10 0.20 0.30 0.41 0.52 0.64 0.77 0.91 1.05 1.19 1.35 1.50 1.66 1.83 2.00 2.17 2.35 2.53 2.72 2.90 3.09 3.29 3.48 3.68 3.87 4.07 4.27 4.47 4.67 4.86 5.06 5.26 5.46 5.65 5.85 6.04 6.23 6.42
2.90 2.85 2.77 2.68 2.58 2.46 2.33 2.19 2.04 1.88 1.72 1.55 1.38 1.21 1.04 0.87 0.70 0.54 0.38 0.23 0.09 0.00 0.00 0.00 0.00 0.00 0.00 0.00 0.00 0.00 0.00 0.00 0.00 0.00 0.00 0.00 0.00 0.00 0.00 0.00 0.00 0.00 0.00 0.00 0.05 0.15 0.25 0.37 0.48 0.61 0.74 0.88 1.02 1.17 1.32 1.48 1.65 1.81 1.98 2.16 2.34 2.52 2.71 2.89 3.08 3.28 3.47 3.67 3.86 4.06 4.26 4.46 4.66 4.85 5.05 5.25 5.44 5.64 5.83 6.02 6.21 6.39
3.80 3.73 3.64 3.54 3.42 3.28 3.14 2.97 2.80 2.62 2.44 2.25 2.05 1.85 1.65 1.45 1.25 1.05 0.86 0.68 0.50 0.33 0.17 0.03 0.00 0.00 0.00 0.00 0.00 0.00 0.00 0.00 0.00 0.00 0.00 0.00 0.00 0.00 0.00 0.00 0.00 0.00 0.00 0.00 0.01 0.11 0.22 0.33 0.46 0.58 0.72 0.86 1.00 1.15 1.31 1.47 1.63 1.80 1.97 2.15 2.33 2.51 2.70 2.89 3.08 3.27 3.46 3.66 3.86 4.05 4.25 4.45 4.64 4.84 5.04 5.23 5.43 5.62 5.81 6.00 6.18 6.37
4.73 4.65 4.55 4.43 4.29 4.14 3.98 3.80 3.61 3.40 3.20 2.98 2.76 2.53 2.30 2.07 1.84 1.61 1.39 1.17 0.95 0.75 0.55 0.36 0.19 0.03 0.00 0.00 0.00 0.00 0.00 0.00 0.00 0.00 0.00 0.00 0.00 0.00 0.00 0.00 0.00 0.00 0.00 0.00 0.00 0.08 0.19 0.31 0.43 0.56 0.70 0.84 0.99 1.14 1.30 1.46 1.62 1.79 1.97 2.15 2.33 2.51 2.70 2.88 3.07 3.27 3.46 3.65 3.85 4.04 4.24 4.44 4.63 4.83 5.02 5.22 5.41 5.60 5.79 5.97 6.16 6.34
5.67 5.58 5.47 5.34 5.19 5.02 4.84 4.64 4.43 4.21 3.98 3.74 3.49 3.24 2.98 2.72 2.46 2.20 1.94 1.69 1.44 1.20 0.96 0.74 0.52 0.32 0.13 0.00 0.00 0.00 0.00 0.00 0.00 0.00 0.00 0.00 0.00 0.00 0.00 0.00 0.00 0.00 0.00 0.00 0.00 0.02 0.13 0.25 0.38 0.51 0.65 0.79 0.94 1.10 1.25 1.42 1.59 1.76 1.93 2.11 2.29 2.48 2.66 2.85 3.04 3.23 3.43 3.62 3.82 4.01 4.21 4.40 4.60 4.79 4.99 5.18 5.37 5.56 5.74 5.93 6.11 6.29
6.60 6.50 6.38 6.24 6.08 5.90 5.70 5.49 5.26 5.02 4.77 4.50 4.23 3.96 3.67 3.39 3.10 2.81 2.52 2.23 1.95 1.67 1.40 1.13 0.88 0.64 0.41 0.19 0.00 0.00 0.00 0.00 0.00 0.00 0.00 0.00 0.00 0.00 0.00 0.00 0.00 0.00 0.00 0.00 0.00 0.00 0.00 0.11 0.24 0.38 0.52 0.67 0.82 0.98 1.14 1.31 1.48 1.65 1.83 2.01 2.19 2.38 2.57 2.76 2.95 3.14 3.34 3.53 3.73 3.93 4.12 4.32 4.52 4.71 4.90 5.10 5.29 5.47 5.66 5.84 6.02 6.20
7.53 7.43 7.30 7.15 6.97 6.78 6.57 6.34 6.09 5.83 5.56 5.28 4.98 4.68 4.38 4.06 3.75 3.43 3.11 2.79 2.47 2.16 1.85 1.55 1.26 0.98 0.70 0.44 0.20 0.00 0.00 0.00 0.00 0.00 0.00 0.00 0.00 0.00 0.00 0.00 0.00 0.00 0.00 0.00 0.00 0.00 0.00 0.00 0.02 0.16 0.31 0.46 0.62 0.78 0.95 1.12 1.29 1.47 1.66 1.84 2.03 2.22 2.41 2.60 2.80 3.00 3.19 3.39 3.59 3.79 3.99 4.19 4.39 4.58 4.78 4.97 5.16 5.35 5.54 5.72 5.90 6.08
8.45 8.34 8.20 8.04 7.86 7.66 7.43 7.19 6.93 6.65 6.36 6.06 5.74 5.42 5.09 4.75 4.41 4.06 3.71 3.36 3.01 2.67 2.33 1.99 1.66 1.34 1.03 0.72 0.44 0.15 0.00 0.00 0.00 0.00 0.00 0.00 0.00 0.00 0.00 0.00 0.00 0.00 0.00 0.00 0.00 0.00 0.00 0.00 0.00 0.00 0.02 0.18 0.34 0.51 0.69 0.86 1.05 1.23 1.42 1.61 1.80 2.00 2.19 2.39 2.59 2.80 3.00 3.20 3.40 3.61 3.81 4.01 4.21 4.41 4.61 4.81 5.00 5.20 5.38 5.57 5.75 5.93
9.36 9.25 9.11 8.94 8.74 8.53 8.29 8.04 7.76 7.47 7.16 6.84 6.51 6.16 5.81 5.45 5.08 4.70 4.33 3.95 3.57 3.19 2.82 2.45 2.08 1.72 1.37 1.03 0.68 0.32 0.00 0.00 0.00 0.00 0.00 0.00 0.00 0.00 0.00 0.00 0.00 0.00 0.00 0.00 0.00 0.00 0.00 0.00 0.00 0.00 0.00 0.00 0.00 0.18 0.36 0.54 0.73 0.93 1.12 1.32 1.52 1.72 1.93 2.13 2.34 2.55 2.75 2.96 3.17 3.38 3.59 3.80 4.00 4.21 4.41 4.61 4.81 5.01 5.20 5.39 5.58 5.76
10.27 10.15 10.00 9.82 9.62 9.40 9.15 8.88 8.60 8.29 7.97 7.63 7.28 6.91 6.54 6.15 5.76 5.36 4.96 4.55 4.14 3.73 3.33 2.92 2.52 2.12 1.74 1.34 0.92 0.47 0.00 0.00 0.00 0.00 0.00 0.00 0.00 0.00 0.00 0.00 0.00 0.00 0.00 0.00 0.00 0.00 0.00 0.00 0.00 0.00 0.00 0.00 0.00 0.00 0.00 0.16 0.36 0.56 0.77 0.97 1.18 1.39 1.61 1.82 2.03 2.25 2.47 2.68 2.90 3.11 3.33 3.54 3.76 3.97 4.18 4.38 4.59 4.79 4.99 5.19 5.38 5.57
11.16 11.04 10.88 10.70 10.50 10.26 10.01 9.73 9.43 9.11 8.77 8.42 8.05 7.66 7.27 6.86 6.45 6.02 5.60 5.16 4.73 4.29 3.85 3.41 2.98 2.55 2.11 1.64 1.15 0.62 0.07 0.00 0.00 0.00 0.00 0.00 0.00 0.00 0.00 0.00 0.00 0.00 0.00 0.00 0.00 0.00 0.00 0.00 0.00 0.00 0.00 0.00 0.00 0.00 0.00 0.00 0.00 0.15 0.36 0.58 0.80 1.02 1.24 1.46 1.69 1.91 2.14 2.36 2.59 2.81 3.03 3.26 3.48 3.70 3.92 4.13 4.34 4.55 4.76 4.96 5.16 5.36
12.04 11.91 11.76 11.58 11.36 11.12 10.86 10.57 10.26 9.93 9.58 9.21 8.82 8.42 8.01 7.58 7.14 6.70 6.25 5.79 5.32 4.86 4.39 3.92 3.45 2.97 2.47 1.93 1.36 0.76 0.13 0.00 0.00 0.00 0.00 0.00 0.00 0.00 0.00 0.00 0.00 0.00 0.00 0.00 0.00 0.00 0.00 0.00 0.00 0.00 0.00 0.00 0.00 0.00 0.00 0.00 0.00 0.00 0.00 0.13 0.36 0.60 0.83 1.06 1.30 1.53 1.77 2.01 2.24 2.48 2.71 2.94 3.17 3.40 3.63 3.85 4.08 4.29 4.51 4.72 4.93 5.13
12.90 12.78 12.62 12.44 12.22 11.98 11.70 11.41 11.09 10.74 10.38 10.00 9.60 9.18 8.75 8.30 7.85 7.38 6.90 6.42 5.93 5.44 4.94 4.44 3.93 3.39 2.81 2.20 1.56 0.89 0.18 0.00 0.00 0.00 0.00 0.00 0.00 0.00 0.00 0.00 0.00 0.00 0.00 0.00 0.00 0.00 0.00 0.00 0.00 0.00 0.00 0.00 0.00 0.00 0.00 0.00 0.00 0.00 0.00 0.00 0.00 0.14 0.38 0.63 0.88 1.12 1.37 1.62 1.87 2.11 2.36 2.60 2.85 3.09 3.32 3.56 3.79 4.02 4.25 4.47 4.69 4.90
13.75 13.63 13.48 13.29 13.07 12.82 12.54 12.24 11.91 11.56 11.18 10.79 10.37 9.94 9.49 9.03 8.55 8.07 7.57 7.06 6.55 6.03 5.50 4.96 4.39 3.78 3.14 2.46 1.75 1.01 0.24 0.00 0.00 0.00 0.00 0.00 0.00 0.00 0.00 0.00 0.00 0.00 0.00 0.00 0.00 0.00 0.00 0.00 0.00 0.00 0.00 0.00 0.00 0.00 0.00 0.00 0.00 0.00 0.00 0.00 0.00 0.00 0.00 0.16 0.42 0.68 0.95 1.21 1.47 1.73 1.99 2.24 2.50 2.75 3.00 3.25 3.49 3.73 3.97 4.21 4.43 4.66
14.59 14.47 14.32 14.13 13.91 13.65 13.37 13.06 12.73 12.37 11.98 11.58 11.15 10.70 10.24 9.76 9.27 8.76 8.24 7.71 7.17 6.63 6.07 5.47 4.83 4.16 3.46 2.71 1.94 1.13 0.29 0.00 0.00 0.00 0.00 0.00 0.00 0.00 0.00 0.00 0.00 0.00 0.00 0.00 0.00 0.00 0.00 0.00 0.00 0.00 0.00 0.00 0.00 0.00 0.00 0.00 0.00 0.00 0.00 0.00 0.00 0.00 0.00 0.00 0.00 0.22 0.49 0.77 1.05 1.32 1.59 1.86 2.13 2.40 2.67 2.93 3.18 3.44 3.69 3.94 4.18 4.42
15.41 15.29 15.14 14.95 14.73 14.48 14.19 13.88 13.54 13.17 12.78 12.36 11.92 11.46 10.99 10.49 9.98 9.46 8.92 8.37 7.81 7.23 6.61 5.96 5.26 4.53 3.76 2.96 2.12 1.24 0.34 0.00 0.00 0.00 0.00 0.00 0.00 0.00 0.00 0.00 0.00 0.00 0.00 0.00 0.00 0.00 0.00 0.00 0.00 0.00 0.00 0.00 0.00 0.00 0.00 0.00 0.00 0.00 0.00 0.00 0.00 0.00 0.00 0.00 0.00 0.00 0.02 0.31 0.61 0.90 1.19 1.47 1.76 2.04 2.32 2.60 2.87 3.14 3.41 3.67 3.93 4.18
16.21 16.10 15.95 15.77 15.55 15.29 15.00 14.69 14.34 13.97 13.57 13.14 12.69 12.22 11.73 11.22 10.70 10.15 9.60 9.03 8.44 7.81 7.13 6.42 5.67 4.88 4.06 3.19 2.29 1.36 0.39 0.00 0.00 0.00 0.00 0.00 0.00 0.00 0.00 0.00 0.00 0.00 0.00 0.00 0.00 0.00 0.00 0.00 0.00 0.00 0.00 0.00 0.00 0.00 0.00 0.00 0.00 0.00 0.00 0.00 0.00 0.00 0.00 0.00 0.00 0.00 0.00 0.00 0.15 0.46 0.77 1.07 1.38 1.68 1.97 2.27 2.56 2.84 3.13 3.40 3.68 3.95
17.00 16.89 16.75 16.56 16.34 16.09 15.80 15.48 15.13 14.75 14.35 13.92 13.46 12.98 12.48 11.95 11.41 10.86 10.28 9.68 9.05 8.36 7.64 6.87 6.07 5.22 4.34 3.42 2.47 1.47 0.45 0.00 0.00 0.00 0.00 0.00 0.00 0.00 0.00 0.00 0.00 0.00 0.00 0.00 0.00 0.00 0.00 0.00 0.00 0.00 0.00 0.00 0.00 0.00 0.00 0.00 0.00 0.00 0.00 0.00 0.00 0.00 0.00 0.00 0.00 0.00 0.00 0.00 0.00 0.02 0.34 0.67 0.99 1.31 1.62 1.93 2.24 2.55 2.85 3.14 3.43 3.72
17.76 17.66 17.52 17.34 17.13 16.88 16.59 16.27 15.92 15.54 15.12 14.68 14.22 13.73 13.22 12.69 12.13 11.56 10.96 10.32 9.63 8.90 8.13 7.31 6.45 5.56 4.62 3.65 2.64 1.59 0.51 0.00 0.00 0.00 0.00 0.00 0.00 0.00 0.00 0.00 0.00 0.00 0.00 0.00 0.00 0.00 0.00 0.00 0.00 0.00 0.00 0.00 0.00 0.00 0.00 0.00 0.00 0.00 0.00 0.00 0.00 0.00 0.00 0.00 0.00 0.00 0.00 0.00 0.00 0.00 0.00 0.26 0.60 0.94 1.27 1.61 1.94 2.26 2.58 2.90 3.21 3.51
18.50 18.41 18.28 18.11 17.90 17.65 17.36 17.04 16.69 16.31 15.89 15.45 14.98 14.48 13.96 13.41 12.85 12.25 11.61 10.92 10.19 9.42 8.60 7.73 6.83 5.88 4.90 3.87 2.81 1.71 0.58 0.00 0.00 0.00 0.00 0.00 0.00 0.00 0.00 0.00 0.00 0.00 0.00 0.00 0.00 0.00 0.00 0.00 0.00 0.00 0.00 0.00 0.00 0.00 0.00 0.00 0.00 0.00 0.00 0.00 0.00 0.00 0.00 0.00 0.00 0.00 0.00 0.00 0.00 0.00 0.00 0.00 0.22 0.58 0.93 1.29 1.64 1.98 2.32 2.66 2.99 3.32
19.22 19.14 19.02 18.86 18.65 18.40 18.12 17.80 17.45 17.06 16.65 16.20 15.72 15.22 14.69 14.14 13.55 12.92 12.24 11.51 10.74 9.92 9.05 8.14 7.19 6.20 5.17 4.10 2.99 1.84 0.65 0.00 0.00 0.00 0.00 0.00 0.00 0.00 0.00 0.00 0.00 0.00 0.00 0.00 0.00 0.00 0.00 0.00 0.00 0.00 0.00 0.00 0.00 0.00 0.00 0.00 0.00 0.00 0.00 0.00 0.00 0.00 0.00 0.00 0.00 0.00 0.00 0.00 0.00 0.00 0.00 0.00 0.00 0.22 0.60 0.98 1.35 1.72 2.09 2.44 2.80 3.15
19.92 19.85 19.74 19.58 19.38 19.14 18.87 18.55 18.20 17.81 17.39 16.94 16.46 15.95 15.42 14.85 14.23 13.56 12.84 12.07 11.26 10.40 9.50 8.55 7.55 6.52 5.44 4.32 3.17 1.97 0.74 0.00 0.00 0.00 0.00 0.00 0.00 0.00 0.00 0.00 0.00 0.00 0.00 0.00 0.00 0.00 0.00 0.00 0.00 0.00 0.00 0.00 0.00 0.00 0.00 0.00 0.00 0.00 0.00 0.00 0.00 0.00 0.00 0.00 0.00 0.00 0.00 0.00 0.00 0.00 0.00 0.00 0.00 0.00 0.29 0.69 1.09 1.48 1.87 2.25 2.63 3.00
20.60 20.54 20.44 20.29 20.10 19.86 19.59 19.28 18.93 18.55 18.13 17.68 17.19 16.68 16.13 15.53 14.88 14.17 13.42 12.62 11.77 10.87 9.93 8.94 7.91 6.83 5.71 4.55 3.35 2.11 0.83 0.00 0.00 0.00 0.00 0.00 0.00 0.00 0.00 0.00 0.00 0.00 0.00 0.00 0.00 0.00 0.00 0.00 0.00 0.00 0.00 0.00 0.00 0.00 0.00 0.00 0.00 0.00 0.00 0.00 0.00 0.00 0.00 0.00 0.00 0.00 0.00 0.00 0.00 0.00 0.00 0.00 0.00 0.00 0.00 0.42 0.84 1.26 1.67 2.08 2.49 2.88
21.24 21.20 21.11 20.97 20.79 20.57 20.30 19.99 19.65 19.27 18.85 18.40 17.91 17.39 16.81 16.18 15.50 14.76 13.98 13.14 12.26 11.33 10.35 9.32 8.25 7.14 5.98 4.78 3.54 2.26 0.94 0.00 0.00 0.00 0.00 0.00 0.00 0.00 0.00 0.00 0.00 0.00 0.00 0.00 0.00 0.00 0.00 0.00 0.00 0.00 0.00 0.00 0.00 0.00 0.00 0.00 0.00 0.00 0.00 0.00 0.00 0.00 0.00 0.00 0.00 0.00 0.00 0.00 0.00 0.00 0.00 0.00 0.00 0.00 0.00 0.17 0.62 1.07 1.51 1.94 2.37 2.79
21.87 21.84 21.76 21.64 21.46 21.25 20.99 20.69 20.35 19.97 19.56 19.10 18.61 18.06 17.46 16.80 16.09 15.33 14.52 13.65 12.74 11.77 10.76 9.70 8.60 7.45 6.26 5.02 3.75 2.43 1.07 0.00 0.00 0.00 0.00 0.00 0.00 0.00 0.00 0.00 0.00 0.00 0.00 0.00 0.00 0.00 0.00 0.00 0.00 0.00 0.00 0.00 0.00 0.00 0.00 0.00 0.00 0.00 0.00 0.00 0.00 0.00 0.00 0.00 0.00 0.00 0.00 0.00 0.00 0.00 0.00 0.00 0.00 0.00 0.00 0.00 0.43 0.91 1.38 1.84 2.30 2.73
22.46 22.45 22.39 22.27 22.12 21.91 21.66 21.37 21.03 20.66 20.25 19.79 19.28 18.71 18.08 17.40 16.67 15.88 15.04 14.15 13.20 12.21 11.17 10.08 8.95 7.77 6.54 5.27 3.96 2.60 1.21 0.00 0.00 0.00 0.00 0.00 0.00 0.00 0.00 0.00 0.00 0.00 0.00 0.00 0.00 0.00 0.00 0.00 0.00 0.00 0.00 0.00 0.00 0.00 0.00 0.00 0.00 0.00 0.00 0.00 0.00 0.00 0.00 0.00 0.00 0.00 0.00 0.00 0.00 0.00 0.00 0.00 0.00 0.00 0.00 0.00 0.28 0.78 1.28 1.77 2.24 2.67
23.03 23.03 22.99 22.89 22.74 22.55 22.31 22.03 21.70 21.33 20.92 20.44 19.91 19.32 18.68 17.98 17.22 16.41 15.54 14.63 13.66 12.64 11.57 10.46 9.29 8.08 6.83 5.53 4.18 2.80 1.37 0.00 0.00 0.00 0.00 0.00 0.00 0.00 0.00 0.00 0.00 0.00 0.00 0.00 0.00 0.00 0.00 0.00 0.00 0.00 0.00 0.00 0.00 0.00 0.00 0.00 0.00 0.00 0.00 0.00 0.00 0.00 0.00 0.00 0.00 0.00 0.00 0.00 0.00 0.00 0.00 0.00 0.00 0.00 0.00 0.00 0.15 0.69 1.22 1.72 2.19 2.63
23.57 23.59 23.56 23.48 23.34 23.16 22.94 22.66 22.34 21.98 21.55 21.06 20.52 19.91 19.25 18.53 17.75 16.92 16.03 15.10 14.11 13.06 11.97 10.83 9.64 8.41 7.12 5.79 4.42 3.00 1.54 0.04 0.00 0.00 0.00 0.00 0.00 0.00 0.00 0.00 0.00 0.00 0.00 0.00 0.00 0.00 0.00 0.00 0.00 0.00 0.00 0.00 0.00 0.00 0.00 0.00 0.00 0.00 0.00 0.00 0.00 0.00 0.00 0.00 0.00 0.00 0.00 0.00 0.00 0.00 0.00 0.00 0.00 0.00 0.00 0.00 0.07 0.64 1.18 1.69 2.16 2.60
24.08 24.12 24.10 24.04 23.92 23.75 23.54 23.28 22.96 22.59 22.15 21.65 21.09 20.47 19.79 19.06 18.26 17.41 16.51 15.55 14.54 13.48 12.37 11.21 10.00 8.73 7.43 6.07 4.67 3.23 1.74 0.21 0.00 0.00 0.00 0.00 0.00 0.00 0.00 0.00 0.00 0.00 0.00 0.00 0.00 0.00 0.00 0.00 0.00 0.00 0.00 0.00 0.00 0.00 0.00 0.00 0.00 0.00 0.00 0.00 0.00 0.00 0.00 0.00 0.00 0.00 0.00 0.00 0.00 0.00 0.00 0.00 0.00 0.00 0.00 0.00 0.04 0.62 1.16 1.67 2.14 2.58
24.55 24.61 24.62 24.57 24.47 24.32 24.12 23.86 23.54 23.16 22.71 22.20 21.63 21.00 20.31 19.56 18.76 17.90 16.98 16.01 14.98 13.90 12.77 11.59 10.35 9.07 7.74 6.37 4.95 3.48 1.97 0.41 0.00 0.00 0.00 0.00 0.00 0.00 0.00 0.00 0.00 0.00 0.00 0.00 0.00 0.00 0.00 0.00 0.00 0.00 0.00 0.00 0.00 0.00 0.00 0.00 0.00 0.00 0.00 0.00 0.00 0.00 0.00 0.00 0.00 0.00 0.00 0.00 0.00 0.00 0.00 0.00 0.00 0.00 0.00 0.00 0.02 0.61 1.15 1.66 2.13 2.57
24.99 25.08 25.11 25.08 24.99 24.86 24.67 24.41 24.08 23.70 23.24 22.73 22.15 21.51 20.81 20.06 19.24 18.36 17.43 16.45 15.41 14.31 13.17 11.97 10.72 9.42 8.07 6.68 5.23 3.75 2.21 0.63 0.00 0.00 0.00 0.00 0.00 0.00 0.00 0.00 0.00 0.00 0.00 0.00 0.00 0.00 0.00 0.00 0.00 0.00 0.00 0.00 0.00 0.00 0.00 0.00 0.00 0.00 0.00 0.00 0.00 0.00 0.00 0.00 0.00 0.00 0.00 0.00 0.00 0.00 0.00 0.00 0.00 0.00 0.00 0.00 0.03 0.61 1.16 1.67 2.14 2.58
25.40 25.51 25.56 25.55 25.49 25.36 25.17 24.92 24.59 24.20 23.75 23.23 22.64 22.00 21.30 20.53 19.71 18.82 17.88 16.89 15.84 14.73 13.57 12.36 11.10 9.78 8.42 7.00 5.54 4.04 2.48 0.89 0.00 0.00 0.00 0.00 0.00 0.00 0.00 0.00 0.00 0.00 0.00 0.00 0.00 0.00 0.00 0.00 0.00 0.00 0.00 0.00 0.00 0.00 0.00 0.00 0.00 0.00 0.00 0.00 0.00 0.00 0.00 0.00 0.00 0.00 0.00 0.00 0.00 0.00 0.00 0.00 0.00 0.00 0.00 0.00 0.04 0.63 1.18 1.69 2.16 2.60
25.78 25.91 25.98 25.99 25.95 25.83 25.64 25.39 25.06 24.67 24.22 23.70 23.11 22.47 21.76 20.99 20.16 19.27 18.33 17.32 16.26 15.15 13.98 12.76 11.48 10.15 8.78 7.35 5.88 4.35 2.78 1.17 0.00 0.00 0.00 0.00 0.00 0.00 0.00 0.00 0.00 0.00 0.00 0.00 0.00 0.00 0.00 0.00 0.00 0.00 0.00 0.00 0.00 0.00 0.00 0.00 0.00 0.00 0.00 0.00 0.00 0.00 0.00 0.00 0.00 0.00 0.00 0.00 0.00 0.00 0.00 0.00 0.00 0.00 0.00 0.00 0.08 0.67 1.22 1.73 2.20 2.64
26.12 26.27 26.37 26.40 26.36 26.25 26.07 25.82 25.50 25.11 24.66 24.14 23.56 22.91 22.21 21.44 20.60 19.71 18.76 17.75 16.69 15.57 14.39 13.16 11.88 10.54 9.16 7.72 6.23 4.70 3.11 1.48 0.00 0.00 0.00 0.00 0.00 0.00 0.00 0.00 0.00 0.00 0.00 0.00 0.00 0.00 0.00 0.00 0.00 0.00 0.00 0.00 0.00 0.00 0.00 0.00 0.00 0.00 0.00 0.00 0.00 0.00 0.00 0.00 0.00 0.00 0.00 0.00 0.00 0.00 0.00 0.00 0.00 0.00 0.00 0.00 0.13 0.72 1.27 1.78 2.25 2.69
