data_processed/recharge/precip/Precip_1993_12.asc
ncols        168
nrows        136
xllcorner    455000
yllcorner    2107000
cellsize     500
NODATA_value     -99999
[rows 0 to 35 of 136, columns 80 to 159 of 168]
0.37 0.38 0.38 0.38 0.37 0.37 0.37 0.36 0.36 0.35 0.35 0.34 0.33 0.32 0.30 0.29 0.28 0.26 0.24 0.22 0.20 0.18 0.16 0.13 0.11 0.08 0.05 0.02 0.00 0.00 0.00 0.00 0.00 0.00 0.00 0.00 0.00 0.00 0.00 0.00 0.00 0.00 0.00 0.00 0.00 0.00 0.00 0.00 0.00 0.00 0.00 0.00 0.00 0.00 0.00 0.00 0.00 0.00 0.01 0.05 0.08 0.12 0.15 0.19 0.23 0.28 0.32 0.37 0.42 0.47 0.52 0.58 0.64 0.70 0.76 0.82 0.88 0.95 1.02 1.09
0.36 0.37 0.37 0.37 0.37 0.36 0.36 0.36 0.35 0.35 0.34 0.33 0.32 0.31 0.30 0.29 0.27 0.26 0.24 0.22 0.20 0.18 0.16 0.14 0.11 0.08 0.05 0.02 0.00 0.00 0.00 0.00 0.00 0.00 0.00 0.00 0.00 0.00 0.00 0.00 0.00 0.00 0.00 0.00 0.00 0.00 0.00 0.00 0.00 0.00 0.00 0.00 0.00 0.00 0.00 0.00 0.00 0.00 0.00 0.00 0.00 0.03 0.07 0.10 0.14 0.18 0.21 0.26 0.30 0.34 0.39 0.44 0.49 0.54 0.60 0.65 0.71 0.77 0.83 0.89
0.35 0.36 0.36 0.36 0.36 0.35 0.35 0.35 0.34 0.34 0.33 0.33 0.32 0.31 0.30 0.28 0.27 0.26 0.24 0.22 0.20 0.18 0.16 0.14 0.11 0.08 0.06 0.03 0.00 0.00 0.00 0.00 0.00 0.00 0.00 0.00 0.00 0.00 0.00 0.00 0.00 0.00 0.00 0.00 0.00 0.00 0.00 0.00 0.00 0.00 0.00 0.00 0.00 0.00 0.00 0.00 0.00 0.00 0.00 0.00 0.00 0.00 0.00 0.00 0.03 0.06 0.10 0.13 0.17 0.21 0.25 0.29 0.33 0.38 0.42 0.47 0.52 0.57 0.62 0.68
0.34 0.34 0.34 0.35 0.34 0.34 0.34 0.34 0.33 0.33 0.32 0.32 0.31 0.30 0.29 0.28 0.26 0.25 0.23 0.22 0.20 0.18 0.16 0.13 0.11 0.08 0.06 0.03 0.00 0.00 0.00 0.00 0.00 0.00 0.00 0.00 0.00 0.00 0.00 0.00 0.00 0.00 0.00 0.00 0.00 0.00 0.00 0.00 0.00 0.00 0.00 0.00 0.00 0.00 0.00 0.00 0.00 0.00 0.00 0.00 0.00 0.00 0.00 0.00 0.00 0.00 0.00 0.00 0.03 0.06 0.09 0.12 0.16 0.20 0.24 0.28 0.32 0.36 0.41 0.45
0.33 0.33 0.33 0.33 0.33 0.33 0.33 0.33 0.32 0.32 0.31 0.31 0.30 0.29 0.28 0.27 0.26 0.24 0.23 0.21 0.19 0.17 0.15 0.13 0.11 0.08 0.06 0.03 0.00 0.00 0.00 0.00 0.00 0.00 0.00 0.00 0.00 0.00 0.00 0.00 0.00 0.00 0.00 0.00 0.00 0.00 0.00 0.00 0.00 0.00 0.00 0.00 0.00 0.00 0.00 0.00 0.00 0.00 0.00 0.00 0.00 0.00 0.00 0.00 0.00 0.00 0.00 0.00 0.00 0.00 0.00 0.00 0.00 0.02 0.05 0.08 0.11 0.15 0.18 0.22
0.31 0.32 0.32 0.32 0.32 0.32 0.32 0.31 0.31 0.31 0.30 0.30 0.29 0.28 0.27 0.26 0.25 0.24 0.22 0.21 0.19 0.17 0.15 0.13 0.11 0.08 0.06 0.03 0.03 0.05 0.04 0.01 0.00 0.00 0.00 0.00 0.00 0.00 0.00 0.00 0.00 0.00 0.00 0.00 0.00 0.00 0.00 0.00 0.00 0.00 0.00 0.00 0.00 0.00 0.00 0.00 0.00 0.00 0.00 0.00 0.00 0.00 0.00 0.00 0.00 0.00 0.00 0.00 0.00 0.00 0.00 0.00 0.00 0.00 0.00 0.00 0.00 0.00 0.01 0.04
0.30 0.30 0.30 0.31 0.31 0.31 0.30 0.30 0.30 0.30 0.29 0.29 0.28 0.27 0.26 0.25 0.24 0.23 0.21 0.20 0.18 0.16 0.15 0.13 0.10 0.08 0.06 0.06 0.11 0.19 0.22 0.20 0.17 0.14 0.11 0.08 0.06 0.03 0.01 0.00 0.00 0.00 0.00 0.00 0.00 0.00 0.00 0.00 0.00 0.00 0.00 0.00 0.00 0.00 0.00 0.00 0.00 0.00 0.00 0.00 0.00 0.00 0.00 0.00 0.00 0.00 0.00 0.00 0.00 0.00 0.00 0.00 0.00 0.00 0.00 0.00 0.00 0.00 0.00 0.00
0.29 0.29 0.29 0.29 0.29 0.29 0.29 0.29 0.29 0.29 0.28 0.28 0.27 0.26 0.25 0.24 0.23 0.22 0.21 0.19 0.18 0.16 0.14 0.12 0.10 0.08 0.09 0.14 0.25 0.37 0.46 0.48 0.47 0.43 0.40 0.37 0.34 0.31 0.28 0.25 0.23 0.20 0.18 0.15 0.13 0.11 0.09 0.07 0.05 0.03 0.02 0.00 0.00 0.00 0.00 0.00 0.00 0.00 0.00 0.00 0.00 0.00 0.00 0.00 0.00 0.00 0.00 0.00 0.00 0.00 0.00 0.00 0.00 0.00 0.00 0.00 0.00 0.00 0.00 0.00
0.27 0.28 0.28 0.28 0.28 0.28 0.28 0.28 0.28 0.27 0.27 0.27 0.26 0.25 0.24 0.24 0.23 0.21 0.20 0.19 0.17 0.16 0.14 0.12 0.10 0.11 0.16 0.27 0.43 0.61 0.74 0.82 0.84 0.82 0.79 0.75 0.72 0.68 0.65 0.62 0.59 0.56 0.53 0.50 0.47 0.44 0.42 0.39 0.37 0.34 0.32 0.30 0.28 0.26 0.23 0.22 0.20 0.18 0.16 0.14 0.13 0.11 0.10 0.09 0.07 0.06 0.05 0.04 0.03 0.02 0.01 0.00 0.00 0.00 0.00 0.00 0.00 0.00 0.00 0.00
0.26 0.26 0.27 0.27 0.27 0.27 0.27 0.27 0.27 0.26 0.26 0.26 0.25 0.24 0.24 0.23 0.22 0.21 0.19 0.18 0.17 0.15 0.13 0.12 0.13 0.18 0.29 0.45 0.66 0.89 1.07 1.20 1.28 1.30 1.27 1.23 1.19 1.15 1.12 1.08 1.04 1.01 0.97 0.93 0.90 0.87 0.83 0.80 0.77 0.74 0.71 0.68 0.65 0.62 0.59 0.57 0.54 0.51 0.49 0.46 0.44 0.41 0.39 0.37 0.34 0.32 0.30 0.28 0.26 0.24 0.22 0.20 0.18 0.16 0.14 0.13 0.11 0.09 0.08 0.06
0.25 0.25 0.25 0.26 0.26 0.26 0.26 0.26 0.26 0.25 0.25 0.25 0.24 0.23 0.23 0.22 0.21 0.20 0.19 0.18 0.16 0.15 0.13 0.14 0.20 0.31 0.47 0.68 0.93 1.21 1.45 1.62 1.75 1.82 1.83 1.81 1.76 1.72 1.67 1.63 1.58 1.54 1.50 1.46 1.42 1.38 1.34 1.30 1.26 1.22 1.18 1.14 1.11 1.07 1.03 1.00 0.96 0.93 0.89 0.86 0.82 0.79 0.76 0.72 0.69 0.66 0.63 0.59 0.56 0.53 0.50 0.47 0.44 0.41 0.38 0.35 0.32 0.30 0.27 0.24
0.23 0.24 0.24 0.24 0.25 0.25 0.25 0.25 0.24 0.24 0.24 0.24 0.23 0.23 0.22 0.21 0.20 0.19 0.18 0.17 0.16 0.14 0.16 0.22 0.33 0.48 0.69 0.95 1.25 1.58 1.86 2.09 2.26 2.38 2.44 2.45 2.42 2.37 2.32 2.27 2.22 2.17 2.12 2.07 2.02 1.97 1.92 1.88 1.83 1.78 1.73 1.69 1.64 1.60 1.55 1.50 1.46 1.42 1.37 1.33 1.28 1.24 1.19 1.15 1.11 1.06 1.02 0.98 0.94 0.89 0.85 0.81 0.77 0.73 0.69 0.64 0.60 0.56 0.52 0.48
0.22 0.23 0.23 0.23 0.23 0.23 0.24 0.24 0.23 0.23 0.23 0.23 0.22 0.22 0.21 0.20 0.20 0.19 0.18 0.16 0.15 0.17 0.23 0.34 0.50 0.70 0.96 1.26 1.62 1.99 2.32 2.59 2.81 2.97 3.09 3.14 3.15 3.10 3.05 2.99 2.93 2.87 2.82 2.76 2.70 2.65 2.59 2.53 2.48 2.42 2.37 2.31 2.25 2.20 2.14 2.09 2.03 1.98 1.92 1.87 1.81 1.76 1.70 1.65 1.60 1.54 1.49 1.43 1.38 1.32 1.27 1.21 1.16 1.11 1.05 1.00 0.94 0.89 0.83 0.78
0.21 0.21 0.22 0.22 0.22 0.22 0.22 0.23 0.22 0.22 0.22 0.22 0.21 0.21 0.20 0.20 0.19 0.18 0.17 0.16 0.18 0.24 0.35 0.51 0.71 0.97 1.27 1.62 2.02 2.43 2.81 3.13 3.39 3.60 3.76 3.86 3.91 3.91 3.86 3.79 3.73 3.66 3.60 3.53 3.46 3.40 3.33 3.27 3.20 3.14 3.07 3.01 2.94 2.87 2.81 2.74 2.68 2.61 2.55 2.48 2.41 2.35 2.28 2.22 2.15 2.08 2.02 1.95 1.88 1.81 1.75 1.68 1.61 1.54 1.48 1.41 1.34 1.27 1.20 1.13
0.20 0.20 0.21 0.21 0.21 0.21 0.21 0.21 0.21 0.21 0.21 0.21 0.21 0.20 0.20 0.19 0.18 0.17 0.17 0.18 0.25 0.36 0.51 0.72 0.97 1.27 1.62 2.01 2.46 2.92 3.33 3.70 4.01 4.26 4.47 4.61 4.71 4.75 4.73 4.68 4.60 4.53 4.45 4.38 4.30 4.23 4.15 4.08 4.00 3.93 3.85 3.77 3.70 3.62 3.54 3.47 3.39 3.31 3.24 3.16 3.08 3.00 2.92 2.85 2.77 2.69 2.61 2.53 2.45 2.37 2.29 2.21 2.12 2.04 1.96 1.88 1.79 1.71 1.63 1.54
0.19 0.19 0.20 0.20 0.20 0.20 0.20 0.20 0.20 0.20 0.20 0.20 0.20 0.19 0.19 0.18 0.17 0.17 0.19 0.25 0.36 0.52 0.72 0.97 1.27 1.62 2.01 2.45 2.93 3.44 3.90 4.30 4.65 4.95 5.20 5.39 5.53 5.61 5.64 5.62 5.55 5.47 5.38 5.30 5.21 5.13 5.04 4.96 4.87 4.78 4.70 4.61 4.52 4.44 4.35 4.26 4.17 4.08 3.99 3.90 3.81 3.72 3.63 3.54 3.44 3.35 3.26 3.16 3.07 2.98 2.88 2.79 2.69 2.59 2.50 2.40 2.30 2.20 2.10 2.01
0.18 0.18 0.18 0.19 0.19 0.19 0.19 0.20 0.20 0.19 0.19 0.19 0.19 0.18 0.18 0.17 0.17 0.19 0.25 0.36 0.52 0.72 0.97 1.27 1.61 2.00 2.44 2.92 3.44 3.99 4.49 4.94 5.33 5.67 5.96 6.19 6.37 6.50 6.57 6.59 6.56 6.48 6.39 6.29 6.20 6.10 6.00 5.91 5.81 5.71 5.61 5.51 5.41 5.31 5.21 5.11 5.01 4.91 4.81 4.70 4.60 4.50 4.39 4.28 4.18 4.07 3.97 3.86 3.75 3.64 3.53 3.42 3.31 3.20 3.09 2.97 2.86 2.75 2.63 2.51
0.17 0.17 0.17 0.18 0.18 0.18 0.18 0.19 0.19 0.19 0.18 0.18 0.18 0.18 0.17 0.17 0.19 0.25 0.36 0.52 0.72 0.97 1.26 1.60 1.99 2.42 2.90 3.42 3.99 4.57 5.11 5.60 6.03 6.42 6.74 7.02 7.24 7.41 7.52 7.58 7.59 7.55 7.46 7.35 7.24 7.14 7.03 6.92 6.81 6.70 6.59 6.48 6.37 6.25 6.14 6.03 5.91 5.80 5.68 5.56 5.45 5.33 5.21 5.09 4.97 4.85 4.73 4.60 4.48 4.36 4.23 4.11 3.98 3.85 3.72 3.59 3.46 3.33 3.20 3.07
0.16 0.16 0.16 0.17 0.17 0.17 0.18 0.18 0.18 0.18 0.18 0.17 0.17 0.17 0.17 0.19 0.25 0.36 0.52 0.72 0.97 1.26 1.59 1.98 2.40 2.88 3.39 3.95 4.56 5.18 5.76 6.29 6.76 7.18 7.55 7.87 8.13 8.34 8.49 8.59 8.64 8.64 8.58 8.47 8.36 8.24 8.12 8.00 7.87 7.75 7.63 7.50 7.38 7.25 7.13 7.00 6.87 6.74 6.61 6.48 6.35 6.21 6.08 5.95 5.81 5.67 5.54 5.40 5.26 5.12 4.98 4.84 4.69 4.55 4.41 4.26 4.11 3.97 3.82 3.67
0.15 0.15 0.15 0.16 0.16 0.16 0.17 0.17 0.17 0.17 0.17 0.17 0.16 0.16 0.19 0.25 0.36 0.52 0.72 0.96 1.25 1.58 1.96 2.38 2.85 3.36 3.92 4.52 5.16 5.82 6.44 7.00 7.52 7.97 8.38 8.73 9.03 9.28 9.47 9.61 9.70 9.74 9.72 9.65 9.53 9.40 9.27 9.13 9.00 8.86 8.72 8.59 8.45 8.31 8.17 8.02 7.88 7.74 7.59 7.45 7.30 7.15 7.00 6.85 6.70 6.55 6.40 6.24 6.09 5.93 5.77 5.61 5.45 5.29 5.13 4.97 4.80 4.64 4.47 4.30
0.14 0.14 0.15 0.15 0.15 0.15 0.16 0.16 0.16 0.16 0.16 0.16 0.16 0.18 0.25 0.36 0.51 0.71 0.95 1.24 1.57 1.94 2.36 2.82 3.33 3.88 4.47 5.11 5.79 6.49 7.14 7.74 8.29 8.79 9.23 9.62 9.95 10.24 10.47 10.65 10.78 10.85 10.87 10.83 10.75 10.62 10.47 10.32 10.18 10.03 9.87 9.72 9.57 9.41 9.26 9.10 8.94 8.78 8.62 8.46 8.30 8.14 7.97 7.81 7.64 7.47 7.30 7.13 6.96 6.78 6.61 6.43 6.25 6.08 5.90 5.71 5.53 5.35 5.16 4.98
0.13 0.13 0.14 0.14 0.14 0.15 0.15 0.15 0.15 0.15 0.15 0.15 0.18 0.24 0.35 0.50 0.70 0.94 1.22 1.55 1.92 2.34 2.80 3.30 3.84 4.43 5.06 5.73 6.45 7.18 7.86 8.50 9.08 9.61 10.09 10.52 10.89 11.21 11.48 11.69 11.86 11.97 12.02 12.03 11.98 11.88 11.73 11.57 11.41 11.24 11.08 10.91 10.74 10.57 10.40 10.23 10.06 9.88 9.70 9.53 9.35 9.17 8.99 8.80 8.62 8.43 8.25 8.06 7.87 7.68 7.48 7.29 7.09 6.90 6.70 6.50 6.30 6.09 5.89 5.68
0.12 0.12 0.13 0.13 0.13 0.14 0.14 0.14 0.14 0.14 0.15 0.17 0.24 0.34 0.50 0.69 0.93 1.21 1.53 1.90 2.31 2.76 3.26 3.80 4.38 5.00 5.67 6.37 7.12 7.89 8.61 9.28 9.89 10.46 10.97 11.43 11.84 12.20 12.50 12.75 12.95 13.09 13.18 13.22 13.21 13.15 13.03 12.87 12.69 12.51 12.33 12.15 11.96 11.78 11.59 11.40 11.21 11.02 10.83 10.63 10.44 10.24 10.04 9.84 9.64 9.43 9.23 9.02 8.82 8.61 8.39 8.18 7.97 7.75 7.53 7.31 7.09 6.87 6.65 6.42
0.11 0.11 0.12 0.12 0.13 0.13 0.13 0.13 0.14 0.14 0.16 0.23 0.34 0.49 0.68 0.92 1.19 1.52 1.88 2.28 2.73 3.22 3.75 4.33 4.94 5.60 6.30 7.04 7.82 8.62 9.37 10.07 10.72 11.32 11.87 12.36 12.80 13.19 13.53 13.81 14.04 14.22 14.35 14.42 14.45 14.42 14.33 14.20 14.02 13.82 13.63 13.43 13.23 13.03 12.82 12.62 12.41 12.20 11.99 11.78 11.57 11.35 11.13 10.92 10.70 10.47 10.25 10.03 9.80 9.57 9.34 9.11 8.87 8.64 8.40 8.16 7.92 7.68 7.43 7.19
0.10 0.11 0.11 0.11 0.12 0.12 0.12 0.13 0.13 0.16 0.22 0.33 0.48 0.67 0.90 1.18 1.49 1.85 2.25 2.70 3.18 3.71 4.27 4.88 5.53 6.22 6.95 7.72 8.54 9.36 10.15 10.88 11.56 12.19 12.77 13.29 13.77 14.19 14.56 14.88 15.14 15.35 15.51 15.62 15.68 15.68 15.63 15.53 15.38 15.18 14.97 14.75 14.53 14.32 14.10 13.87 13.65 13.42 13.19 12.96 12.73 12.50 12.26 12.03 11.79 11.55 11.30 11.06 10.81 10.57 10.32 10.06 9.81 9.55 9.30 9.04 8.77 8.51 8.25 7.98
0.09 0.10 0.10 0.11 0.11 0.11 0.12 0.12 0.15 0.21 0.32 0.47 0.65 0.89 1.16 1.47 1.83 2.22 2.66 3.14 3.66 4.22 4.82 5.46 6.14 6.86 7.63 8.43 9.27 10.13 10.94 11.71 12.42 13.08 13.68 14.24 14.74 15.20 15.60 15.94 16.24 16.48 16.68 16.82 16.91 16.94 16.93 16.86 16.74 16.56 16.35 16.12 15.88 15.64 15.41 15.17 14.92 14.68 14.43 14.18 13.93 13.68 13.43 13.17 12.91 12.65 12.39 12.12 11.86 11.59 11.32 11.05 10.77 10.49 10.22 9.94 9.65 9.37 9.08 8.79
0.09 0.09 0.10 0.10 0.10 0.11 0.11 0.14 0.20 0.31 0.45 0.64 0.87 1.14 1.45 1.80 2.19 2.62 3.09 3.61 4.16 4.75 5.39 6.06 6.77 7.52 8.32 9.15 10.02 10.91 11.75 12.54 13.28 13.97 14.60 15.19 15.72 16.21 16.64 17.01 17.34 17.62 17.84 18.01 18.13 18.20 18.21 18.17 18.09 17.95 17.75 17.52 17.26 17.01 16.75 16.49 16.23 15.97 15.70 15.43 15.16 14.89 14.62 14.34 14.06 13.78 13.50 13.22 12.93 12.64 12.35 12.05 11.76 11.46 11.16 10.86 10.55 10.24 9.94 9.62
0.08 0.08 0.09 0.09 0.10 0.10 0.13 0.19 0.30 0.44 0.63 0.85 1.12 1.42 1.77 2.16 2.58 3.05 3.55 4.10 4.69 5.31 5.97 6.68 7.42 8.20 9.02 9.88 10.78 11.70 12.57 13.38 14.15 14.87 15.53 16.14 16.71 17.22 17.68 18.08 18.44 18.74 18.99 19.20 19.34 19.44 19.49 19.48 19.42 19.31 19.15 18.94 18.68 18.41 18.13 17.85 17.57 17.29 17.00 16.71 16.42 16.13 15.84 15.54 15.24 14.94 14.64 14.33 14.02 13.71 13.40 13.08 12.76 12.44 12.12 11.80 11.47 11.14 10.81 10.47
0.07 0.08 0.08 0.08 0.09 0.12 0.18 0.28 0.43 0.61 0.83 1.10 1.40 1.74 2.12 2.54 3.00 3.50 4.04 4.62 5.23 5.89 6.58 7.32 8.09 8.90 9.75 10.63 11.56 12.50 13.39 14.24 15.03 15.77 16.46 17.10 17.69 18.23 18.71 19.15 19.53 19.86 20.14 20.37 20.55 20.68 20.75 20.77 20.74 20.66 20.53 20.35 20.11 19.83 19.54 19.24 18.94 18.63 18.33 18.02 17.71 17.40 17.08 16.76 16.44 16.12 15.79 15.47 15.14 14.80 14.47 14.13 13.79 13.45 13.10 12.75 12.40 12.05 11.69 11.33
0.07 0.07 0.07 0.08 0.11 0.17 0.27 0.41 0.59 0.81 1.07 1.37 1.71 2.09 2.50 2.95 3.45 3.98 4.55 5.16 5.80 6.49 7.21 7.97 8.77 9.61 10.48 11.39 12.34 13.30 14.22 15.09 15.91 16.68 17.39 18.06 18.67 19.24 19.75 20.21 20.62 20.98 21.29 21.54 21.75 21.90 22.00 22.05 22.05 22.00 21.89 21.74 21.53 21.27 20.97 20.65 20.33 20.01 19.68 19.35 19.02 18.68 18.35 18.01 17.66 17.32 16.97 16.62 16.27 15.91 15.55 15.19 14.83 14.46 14.09 13.72 13.35 12.97 12.59 12.20
0.06 0.06 0.07 0.10 0.16 0.26 0.40 0.58 0.79 1.05 1.35 1.68 2.05 2.46 2.91 3.39 3.92 4.48 5.08 5.71 6.39 7.10 7.85 8.64 9.46 10.32 11.22 12.16 13.13 14.12 15.06 15.95 16.80 17.59 18.33 19.02 19.66 20.24 20.78 21.27 21.70 22.08 22.42 22.70 22.93 23.11 23.24 23.31 23.34 23.31 23.23 23.11 22.93 22.69 22.41 22.09 21.74 21.40 21.05 20.70 20.34 19.99 19.63 19.27 18.90 18.53 18.16 17.79 17.41 17.03 16.65 16.27 15.88 15.49 15.10 14.70 14.30 13.90 13.49 13.08
0.05 0.06 0.08 0.15 0.25 0.38 0.56 0.77 1.03 1.32 1.65 2.01 2.42 2.86 3.33 3.85 4.40 5.00 5.62 6.29 6.99 7.73 8.51 9.32 10.17 11.05 11.98 12.94 13.93 14.94 15.90 16.82 17.68 18.50 19.26 19.97 20.63 21.24 21.80 22.31 22.77 23.18 23.53 23.84 24.10 24.30 24.45 24.55 24.60 24.60 24.55 24.45 24.30 24.09 23.83 23.53 23.18 22.81 22.44 22.07 21.69 21.31 20.93 20.54 20.15 19.76 19.37 18.97 18.57 18.17 17.76 17.35 16.94 16.53 16.11 15.69 15.26 14.83 14.40 13.96
0.05 0.07 0.14 0.23 0.37 0.54 0.76 1.00 1.29 1.61 1.97 2.37 2.81 3.28 3.79 4.33 4.91 5.53 6.19 6.88 7.61 8.37 9.17 10.01 10.88 11.79 12.74 13.72 14.73 15.76 16.75 17.68 18.57 19.40 20.18 20.92 21.60 22.23 22.82 23.35 23.83 24.26 24.64 24.97 25.25 25.47 25.65 25.77 25.85 25.87 25.85 25.77 25.64 25.46 25.23 24.95 24.61 24.24 23.84 23.45 23.05 22.64 22.24 21.83 21.42 21.00 20.58 20.16 19.74 19.31 18.88 18.45 18.01 17.57 17.12 16.68 16.23 15.77 15.32 14.86
0.07 0.12 0.22 0.36 0.53 0.74 0.98 1.26 1.58 1.94 2.33 2.75 3.22 3.72 4.26 4.83 5.44 6.08 6.77 7.48 8.24 9.02 9.85 10.71 11.60 12.53 13.50 14.50 15.54 16.58 17.59 18.54 19.45 20.30 21.11 21.86 22.56 23.22 23.82 24.37 24.87 25.33 25.73 26.08 26.38 26.63 26.83 26.97 27.07 27.12 27.11 27.06 26.95 26.80 26.59 26.33 26.02 25.66 25.26 24.84 24.42 23.99 23.56 23.13 22.69 22.25 21.81 21.36 20.91 20.46 20.00 19.54 19.08 18.61 18.14 17.67 17.20 16.72 16.24 15.75
0.11 0.21 0.34 0.51 0.72 0.96 1.23 1.55 1.90 2.28 2.70 3.16 3.65 4.18 4.75 5.35 5.98 6.65 7.36 8.10 8.88 9.69 10.53 11.41 12.33 13.28 14.27 15.29 16.34 17.40 18.43 19.40 20.32 21.20 22.02 22.79 23.51 24.19 24.81 25.38 25.90 26.37 26.80 27.17 27.49 27.76 27.98 28.15 28.27 28.33 28.35 28.32 28.24 28.10 27.92 27.68 27.40 27.06 26.67 26.24 25.79 25.34 24.89 24.43 23.97 23.50 23.03 22.56 22.09 21.61 21.12 20.64 20.15 19.66 19.16 18.67 18.17 17.67 17.16 16.65
0.20 0.33 0.49 0.70 0.93 1.21 1.51 1.86 2.24 2.65 3.10 3.59 4.11 4.66 5.25 5.88 6.54 7.23 7.96 8.73 9.52 10.36 11.22 12.12 13.06 14.03 15.03 16.07 17.14 18.22 19.26 20.25 21.19 22.08 22.92 23.71 24.45 25.14 25.78 26.37 26.92 27.41 27.85 28.24 28.58 28.87 29.11 29.30 29.43 29.52 29.56 29.55 29.49 29.37 29.21 29.00 28.73 28.42 28.05 27.63 27.17 26.70 26.22 25.73 25.25 24.76 24.26 23.76 23.26 22.76 22.25 21.73 21.22 20.70 20.18 19.66 19.14 18.61 18.09 17.56
