data_processed/recharge/precip/Precip_2008_08.asc
ncols        168
nrows        136
xllcorner    455000
yllcorner    2107000
cellsize     500
NODATA_value     -99999
[rows 0 to 32 of 136, columns 74 to 147 of 168]
155.71 153.83 151.96 150.09 148.23 146.38 144.53 142.69 140.85 139.03 137.21 135.41 133.61 131.83 130.06 128.30 126.55 124.82 123.10 121.40 119.72 118.05 116.40 114.77 113.15 111.56 109.98 108.43 106.89 105.38 103.89 102.43 100.99 99.57 98.18 96.81 95.48 94.16 92.88 91.58 90.18 88.66 87.01 85.25 83.37 81.37 79.24 76.89 74.38 71.73 69.01 66.26 63.52 60.79 58.05 55.29 52.53 49.78 47.03 44.32 41.63 38.99 36.41 33.89 31.44 29.07 26.80 24.63 22.57 20.64 18.84 17.18 15.67 14.33
156.85 155.02 153.19 151.36 149.53 147.71 145.90 144.09 142.28 140.49 138.70 136.92 135.14 133.38 131.63 129.89 128.16 126.44 124.74 123.05 121.37 119.71 118.06 116.43 114.82 113.22 111.65 110.09 108.55 107.03 105.53 104.06 102.60 101.17 99.76 98.38 97.02 95.69 94.34 92.89 91.31 89.60 87.78 85.84 83.79 81.63 79.32 76.81 74.11 71.28 68.36 65.41 62.46 59.56 56.71 53.87 51.04 48.22 45.43 42.67 39.96 37.31 34.72 32.20 29.77 27.43 25.20 23.08 21.08 19.22 17.50 15.94 14.54 13.31
157.92 156.13 154.35 152.56 150.77 148.99 147.21 145.44 143.67 141.90 140.14 138.39 136.64 134.90 133.17 131.45 129.74 128.04 126.35 124.68 123.01 121.36 119.72 118.10 116.49 114.90 113.32 111.76 110.22 108.70 107.19 105.71 104.25 102.80 101.38 99.98 98.61 97.21 95.71 94.09 92.34 90.46 88.47 86.37 84.15 81.83 79.37 76.68 73.81 70.80 67.70 64.55 61.40 58.30 55.29 52.36 49.46 46.59 43.76 40.98 38.25 35.58 33.00 30.49 28.09 25.79 23.60 21.55 19.62 17.84 16.22 14.76 13.47 12.37
158.93 157.18 155.44 153.70 151.95 150.21 148.47 146.73 145.00 143.27 141.54 139.82 138.10 136.39 134.69 132.99 131.30 129.62 127.95 126.29 124.64 123.00 121.37 119.76 118.16 116.57 115.00 113.44 111.90 110.37 108.87 107.38 105.91 104.46 103.03 101.61 100.18 98.65 96.98 95.19 93.27 91.23 89.08 86.82 84.45 81.98 79.36 76.52 73.48 70.30 67.02 63.68 60.34 57.04 53.83 50.75 47.78 44.87 42.01 39.20 36.47 33.80 31.23 28.75 26.39 24.13 22.01 20.02 18.17 16.49 14.96 13.62 12.46 11.49
159.87 158.16 156.46 154.76 153.07 151.37 149.67 147.97 146.28 144.58 142.89 141.20 139.52 137.84 136.16 134.49 132.82 131.17 129.52 127.88 126.24 124.62 123.01 121.41 119.81 118.24 116.67 115.12 113.58 112.06 110.55 109.06 107.59 106.13 104.69 103.23 101.66 99.96 98.13 96.18 94.11 91.92 89.62 87.21 84.69 82.08 79.31 76.32 73.13 69.78 66.33 62.81 59.29 55.80 52.39 49.11 46.00 43.04 40.15 37.34 34.60 31.95 29.40 26.96 24.64 22.44 20.38 18.47 16.72 15.13 13.72 12.50 11.48 10.66
160.74 159.08 157.42 155.76 154.11 152.46 150.80 149.15 147.50 145.84 144.19 142.54 140.89 139.24 137.59 135.95 134.31 132.68 131.06 129.44 127.83 126.22 124.63 123.04 121.46 119.90 118.34 116.80 115.27 113.75 112.24 110.75 109.28 107.82 106.33 104.74 103.01 101.16 99.18 97.08 94.86 92.52 90.08 87.53 84.87 82.12 79.22 76.09 72.75 69.24 65.63 61.95 58.24 54.57 50.97 47.50 44.19 41.09 38.17 35.36 32.63 30.01 27.49 25.09 22.82 20.69 18.71 16.89 15.24 13.76 12.47 11.39 10.50 9.84
161.56 159.93 158.31 156.69 155.08 153.47 151.87 150.26 148.65 147.04 145.43 143.81 142.20 140.59 138.98 137.37 135.76 134.16 132.56 130.97 129.38 127.80 126.22 124.65 123.09 121.54 120.00 118.47 116.94 115.43 113.93 112.45 110.97 109.47 107.86 106.12 104.25 102.24 100.12 97.87 95.51 93.04 90.46 87.78 85.00 82.12 79.09 75.82 72.34 68.69 64.92 61.08 57.21 53.36 49.58 45.92 42.41 39.12 36.08 33.25 30.54 27.95 25.47 23.13 20.93 18.87 16.98 15.26 13.71 12.36 11.20 10.25 9.53 9.03
162.30 160.72 159.13 157.56 155.98 154.42 152.85 151.30 149.73 148.17 146.60 145.03 143.46 141.89 140.31 138.74 137.17 135.60 134.03 132.46 130.90 129.34 127.79 126.24 124.70 123.17 121.64 120.12 118.61 117.11 115.62 114.14 112.63 111.01 109.26 107.37 105.35 103.21 100.95 98.57 96.08 93.48 90.78 87.97 85.06 82.06 78.92 75.52 71.91 68.12 64.21 60.21 56.18 52.17 48.22 44.37 40.68 37.20 33.96 31.01 28.31 25.76 23.34 21.06 18.93 16.96 15.16 13.55 12.12 10.90 9.88 9.09 8.53 8.20
162.99 161.44 159.89 158.36 156.82 155.29 153.77 152.26 150.74 149.23 147.71 146.18 144.65 143.12 141.59 140.05 138.52 136.98 135.45 133.91 132.38 130.85 129.32 127.80 126.28 124.77 123.26 121.76 120.27 118.78 117.30 115.79 114.17 112.41 110.51 108.49 106.34 104.07 101.68 99.18 96.56 93.84 91.02 88.10 85.08 81.97 78.71 75.20 71.46 67.54 63.49 59.35 55.17 51.00 46.88 42.86 39.00 35.33 31.90 28.76 25.95 23.42 21.06 18.85 16.81 14.93 13.24 11.74 10.45 9.36 8.50 7.87 7.48 7.34
163.62 162.10 160.59 159.09 157.60 156.11 154.62 153.15 151.68 150.21 148.74 147.26 145.78 144.30 142.81 141.31 139.82 138.32 136.82 135.32 133.82 132.32 130.82 129.33 127.83 126.34 124.86 123.38 121.90 120.43 118.93 117.31 115.55 113.66 111.64 109.49 107.21 104.82 102.31 99.69 96.96 94.13 91.19 88.16 85.04 81.82 78.46 74.84 70.99 66.95 62.76 58.49 54.17 49.85 45.57 41.39 37.36 33.51 29.90 26.57 23.57 20.94 18.62 16.50 14.54 12.78 11.20 9.83 8.67 7.74 7.04 6.58 6.37 6.42
164.19 162.71 161.23 159.77 158.31 156.85 155.41 153.97 152.54 151.12 149.70 148.27 146.84 145.40 143.96 142.51 141.06 139.60 138.14 136.68 135.21 133.75 132.28 130.81 129.35 127.89 126.43 124.97 123.51 122.02 120.41 118.67 116.78 114.77 112.62 110.36 107.97 105.46 102.84 100.11 97.27 94.33 91.30 88.17 84.95 81.64 78.18 74.46 70.50 66.34 62.04 57.64 53.18 48.72 44.30 39.96 35.76 31.75 27.96 24.45 21.26 18.44 16.03 13.97 12.12 10.47 9.02 7.79 6.78 6.00 5.47 5.19 5.18 5.43
164.70 163.25 161.81 160.38 158.96 157.54 156.13 154.73 153.34 151.95 150.58 149.20 147.82 146.43 145.04 143.64 142.23 140.82 139.40 137.98 136.55 135.12 133.69 132.26 130.83 129.39 127.96 126.53 125.06 123.47 121.74 119.87 117.87 115.74 113.48 111.10 108.60 105.99 103.27 100.43 97.50 94.47 91.34 88.11 84.81 81.41 77.87 74.06 69.99 65.73 61.32 56.79 52.21 47.62 43.05 38.57 34.22 30.04 26.09 22.41 19.04 16.03 13.44 11.29 9.52 7.99 6.68 5.59 4.74 4.13 3.78 3.69 3.88 4.35
165.16 163.74 162.33 160.93 159.54 158.16 156.79 155.42 154.07 152.72 151.38 150.05 148.72 147.39 146.05 144.70 143.34 141.97 140.60 139.22 137.83 136.44 135.05 133.66 132.26 130.86 129.45 128.01 126.45 124.74 122.90 120.92 118.81 116.57 114.21 111.73 109.13 106.42 103.60 100.67 97.65 94.53 91.31 88.01 84.62 81.15 77.52 73.63 69.47 65.12 60.59 55.96 51.26 46.54 41.85 37.23 32.73 28.40 24.29 20.44 16.90 13.71 10.93 8.60 6.76 5.33 4.16 3.23 2.55 2.12 1.95 2.07 2.47 3.16
165.56 164.17 162.80 161.43 160.07 158.72 157.38 156.05 154.73 153.42 152.12 150.83 149.54 148.26 146.97 145.68 144.37 143.05 141.73 140.39 139.05 137.71 136.36 135.00 133.64 132.27 130.86 129.33 127.66 125.85 123.90 121.81 119.60 117.26 114.81 112.23 109.54 106.74 103.83 100.82 97.72 94.52 91.22 87.85 84.38 80.84 77.15 73.18 68.94 64.49 59.88 55.14 50.33 45.49 40.67 35.93 31.29 26.82 22.56 18.55 14.84 11.49 8.53 6.02 3.99 2.50 1.45 0.68 0.17 0.00 0.00 0.29 0.91 1.84
165.91 164.55 163.21 161.87 160.54 159.23 157.92 156.62 155.34 154.06 152.79 151.54 150.29 149.05 147.82 146.58 145.32 144.06 142.79 141.50 140.21 138.91 137.60 136.29 134.96 133.60 132.11 130.47 128.70 126.78 124.74 122.56 120.25 117.82 115.28 112.61 109.84 106.96 103.97 100.89 97.71 94.44 91.08 87.63 84.10 80.50 76.75 72.71 68.40 63.87 59.16 54.33 49.42 44.47 39.54 34.67 29.91 25.30 20.89 16.74 12.88 9.36 6.23 3.54 1.33 0.00 0.00 0.00 0.00 0.00 0.00 0.00 0.00 0.37
166.21 164.88 163.56 162.25 160.96 159.67 158.40 157.13 155.88 154.64 153.40 152.18 150.97 149.77 148.58 147.39 146.19 144.99 143.77 142.54 141.29 140.04 138.78 137.51 136.19 134.75 133.16 131.43 129.56 127.56 125.42 123.15 120.76 118.25 115.62 112.88 110.03 107.08 104.02 100.87 97.63 94.29 90.87 87.37 83.78 80.13 76.32 72.22 67.84 63.24 58.46 53.54 48.53 43.49 38.45 33.46 28.58 23.84 19.30 15.01 11.00 7.33 4.04 1.18 0.00 0.00 0.00 0.00 0.00 0.00 0.00 0.00 0.00 0.00
166.45 165.15 163.86 162.58 161.32 160.06 158.82 157.58 156.36 155.15 153.95 152.76 151.58 150.42 149.26 148.12 146.98 145.83 144.67 143.49 142.30 141.10 139.89 138.63 137.24 135.71 134.03 132.21 130.25 128.16 125.94 123.60 121.13 118.54 115.84 113.04 110.12 107.10 103.98 100.77 97.47 94.08 90.60 87.05 83.42 79.72 75.87 71.71 67.28 62.61 57.76 52.76 47.67 42.53 37.39 32.30 27.31 22.45 17.79 13.36 9.21 5.39 1.95 0.00 0.00 0.00 0.00 0.00 0.00 0.00 0.00 0.00 0.00 0.00
166.65 165.37 164.11 162.86 161.62 160.39 159.18 157.97 156.78 155.60 154.43 153.28 152.13 151.00 149.88 148.77 147.68 146.58 145.48 144.36 143.23 142.08 140.89 139.56 138.09 136.47 134.71 132.81 130.77 128.60 126.31 123.89 121.36 118.71 115.95 113.07 110.10 107.03 103.85 100.59 97.24 93.80 90.28 86.69 83.02 79.28 75.39 71.20 66.71 61.99 57.07 52.00 46.83 41.61 36.38 31.20 26.10 21.13 16.35 11.79 7.51 3.56 0.00 0.00 0.00 0.00 0.00 0.00 0.00 0.00 0.00 0.00 0.00 0.00
166.79 165.54 164.31 163.08 161.87 160.67 159.48 158.31 157.15 156.00 154.86 153.74 152.62 151.52 150.44 149.36 148.30 147.25 146.20 145.15 144.07 142.95 141.69 140.29 138.73 137.03 135.20 133.22 131.12 128.89 126.53 124.05 121.45 118.74 115.93 113.00 109.98 106.85 103.64 100.33 96.94 93.46 89.91 86.28 82.58 78.81 74.89 70.66 66.14 61.36 56.39 51.26 46.02 40.73 35.42 30.14 24.95 19.88 14.99 10.32 5.91 1.83 0.00 0.00 0.00 0.00 0.00 0.00 0.00 0.00 0.00 0.00 0.00 0.00
166.90 165.67 164.46 163.26 162.07 160.90 159.74 158.59 157.45 156.33 155.23 154.13 153.05 151.98 150.93 149.88 148.86 147.84 146.84 145.84 144.79 143.61 142.28 140.80 139.17 137.41 135.50 133.47 131.30 129.01 126.59 124.06 121.41 118.65 115.79 112.82 109.75 106.59 103.33 99.99 96.57 93.06 89.48 85.82 82.10 78.31 74.37 70.12 65.56 60.75 55.73 50.54 45.25 39.88 34.50 29.14 23.86 18.70 13.70 8.92 4.41 0.20 0.00 0.00 0.00 0.00 0.00 0.00 0.00 0.00 0.00 0.00 0.00 0.00
166.95 165.75 164.56 163.38 162.22 161.07 159.93 158.81 157.71 156.61 155.53 154.47 153.42 152.38 151.35 150.34 149.35 148.36 147.39 146.40 145.30 144.05 142.65 141.11 139.42 137.59 135.63 133.53 131.31 128.97 126.51 123.93 121.23 118.43 115.53 112.53 109.42 106.23 102.95 99.58 96.13 92.60 89.00 85.33 81.59 77.79 73.84 69.56 64.98 60.14 55.08 49.85 44.50 39.08 33.63 28.20 22.83 17.59 12.50 7.62 3.00 0.00 0.00 0.00 0.00 0.00 0.00 0.00 0.00 0.00 0.00 0.00 0.00 0.00
166.96 165.78 164.61 163.46 162.32 161.19 160.08 158.99 157.91 156.84 155.79 154.75 153.73 152.72 151.72 150.74 149.78 148.82 147.85 146.78 145.59 144.27 142.81 141.21 139.46 137.58 135.57 133.43 131.16 128.78 126.27 123.65 120.93 118.09 115.16 112.13 109.00 105.78 102.48 99.09 95.62 92.08 88.47 84.79 81.05 77.24 73.29 69.00 64.40 59.53 54.44 49.18 43.79 38.31 32.80 27.31 21.88 16.55 11.38 6.41 1.69 0.00 0.00 0.00 0.00 0.00 0.00 0.00 0.00 0.00 0.00 0.00 0.00 0.00
166.93 165.77 164.62 163.49 162.37 161.27 160.18 159.11 158.05 157.01 155.98 154.97 153.98 152.99 152.03 151.08 150.14 149.18 148.13 146.96 145.67 144.27 142.75 141.10 139.31 137.39 135.33 133.15 130.85 128.43 125.89 123.24 120.49 117.63 114.67 111.62 108.48 105.24 101.93 98.53 95.06 91.51 87.89 84.21 80.47 76.67 72.72 68.43 63.82 58.94 53.83 48.53 43.11 37.59 32.03 26.48 20.99 15.59 10.34 5.29 0.48 0.00 0.00 0.00 0.00 0.00 0.00 0.00 0.00 0.00 0.00 0.00 0.00 0.00
166.85 165.71 164.58 163.47 162.37 161.29 160.23 159.18 158.15 157.13 156.13 155.14 154.17 153.22 152.28 151.35 150.41 149.37 148.22 146.95 145.57 144.08 142.49 140.79 138.97 137.01 134.92 132.71 130.37 127.93 125.37 122.70 119.92 117.05 114.08 111.01 107.86 104.62 101.30 97.90 94.42 90.88 87.27 83.60 79.87 76.08 72.14 67.86 63.25 58.36 53.23 47.92 42.46 36.91 31.31 25.72 20.17 14.71 9.39 4.27 0.00 0.00 0.00 0.00 0.00 0.00 0.00 0.00 0.00 0.00 0.00 0.00 0.00 0.00
166.74 165.61 164.50 163.41 162.33 161.27 160.23 159.20 158.19 157.20 156.22 155.26 154.31 153.38 152.47 151.53 150.51 149.37 148.12 146.76 145.29 143.72 142.06 140.29 138.43 136.44 134.33 132.09 129.74 127.27 124.70 122.01 119.23 116.35 113.37 110.30 107.15 103.91 100.59 97.20 93.73 90.20 86.60 82.95 79.23 75.47 71.55 67.28 62.68 57.79 52.66 47.33 41.86 36.28 30.65 25.01 19.42 13.91 8.53 3.34 0.00 0.00 0.00 0.00 0.00 0.00 0.00 0.00 0.00 0.00 0.00 0.00 0.00 0.00
166.59 165.48 164.38 163.31 162.25 161.21 160.18 159.18 158.19 157.21 156.26 155.32 154.40 153.49 152.57 151.55 150.42 149.18 147.84 146.39 144.84 143.20 141.46 139.62 137.70 135.69 133.56 131.31 128.94 126.47 123.89 121.20 118.41 115.53 112.55 109.49 106.34 103.11 99.81 96.43 92.98 89.47 85.89 82.26 78.57 74.84 70.94 66.70 62.12 57.24 52.11 46.78 41.29 35.70 30.04 24.37 18.74 13.18 7.76 2.50 0.00 0.00 0.00 0.00 0.00 0.00 0.00 0.00 0.00 0.00 0.00 0.00 0.00 0.00
166.39 165.30 164.22 163.16 162.12 161.10 160.09 159.10 158.13 157.18 156.25 155.33 154.43 153.51 152.50 151.38 150.16 148.83 147.39 145.86 144.23 142.51 140.70 138.80 136.83 134.77 132.62 130.36 127.99 125.52 122.93 120.25 117.47 114.59 111.63 108.58 105.45 102.23 98.95 95.59 92.17 88.68 85.14 81.54 77.89 74.19 70.33 66.12 61.56 56.70 51.58 46.25 40.76 35.16 29.49 23.80 18.13 12.54 7.07 1.77 0.00 0.00 0.00 0.00 0.00 0.00 0.00 0.00 0.00 0.00 0.00 0.00 0.00 0.00
166.16 165.08 164.02 162.98 161.95 160.95 159.96 158.99 158.04 157.10 156.19 155.29 154.37 153.37 152.26 151.04 149.72 148.30 146.78 145.17 143.46 141.67 139.80 137.84 135.81 133.70 131.52 129.25 126.89 124.42 121.84 119.17 116.40 113.55 110.60 107.57 104.46 101.28 98.02 94.69 91.30 87.85 84.35 80.79 77.18 73.53 69.72 65.55 61.02 56.18 51.08 45.77 40.28 34.68 29.00 23.29 17.61 11.99 6.48 1.14 0.00 0.00 0.00 0.00 0.00 0.00 0.00 0.00 0.00 0.00 0.00 0.00 0.00 0.00
165.90 164.83 163.78 162.75 161.74 160.75 159.78 158.83 157.89 156.98 156.08 155.17 154.17 153.06 151.85 150.53 149.12 147.61 146.01 144.33 142.55 140.69 138.76 136.74 134.66 132.50 130.28 127.99 125.63 123.17 120.62 117.96 115.22 112.39 109.47 106.47 103.39 100.24 97.02 93.73 90.38 86.98 83.52 80.01 76.45 72.85 69.09 64.97 60.48 55.68 50.61 45.31 39.84 34.25 28.57 22.85 17.15 11.51 5.98 0.60 0.00 0.00 0.00 0.00 0.00 0.00 0.00 0.00 0.00 0.00 0.00 0.00 0.00 0.00
165.60 164.55 163.51 162.49 161.50 160.52 159.56 158.62 157.71 156.81 155.89 154.89 153.79 152.58 151.27 149.87 148.37 146.78 145.10 143.34 141.50 139.58 137.58 135.52 133.38 131.19 128.92 126.60 124.23 121.79 119.25 116.63 113.92 111.11 108.23 105.27 102.23 99.12 95.95 92.71 89.41 86.06 82.65 79.20 75.70 72.16 68.47 64.40 59.96 55.20 50.16 44.90 39.45 33.87 28.20 22.49 16.78 11.13 5.58 0.18 0.00 0.00 0.00 0.00 0.00 0.00 0.00 0.00 0.00 0.00 0.00 0.00 0.00 0.00
165.27 164.22 163.20 162.19 161.21 160.25 159.30 158.38 157.47 156.56 155.55 154.45 153.24 151.94 150.54 149.04 147.46 145.80 144.05 142.22 140.31 138.34 136.29 134.17 132.00 129.76 127.46 125.11 122.71 120.27 117.76 115.17 112.49 109.73 106.89 103.98 100.99 97.93 94.81 91.63 88.39 85.09 81.75 78.36 74.93 71.46 67.84 63.84 59.46 54.75 49.75 44.52 39.11 33.55 27.89 22.19 16.49 10.83 5.27 0.00 0.00 0.00 0.00 0.00 0.00 0.00 0.00 0.00 0.00 0.00 0.00 0.00 0.00 0.00
164.91 163.87 162.86 161.86 160.89 159.94 159.00 158.09 157.17 156.16 155.05 153.85 152.54 151.14 149.65 148.08 146.42 144.68 142.86 140.97 139.00 136.97 134.87 132.72 130.50 128.23 125.90 123.53 121.11 118.64 116.14 113.59 110.96 108.25 105.46 102.60 99.66 96.67 93.60 90.49 87.31 84.09 80.82 77.50 74.15 70.76 67.21 63.28 58.97 54.31 49.37 44.19 38.81 33.28 27.65 21.97 16.28 10.63 5.07 0.00 0.00 0.00 0.00 0.00 0.00 0.00 0.00 0.00 0.00 0.00 0.00 0.00 0.00 0.00
164.51 163.49 162.48 161.49 160.53 159.59 158.67 157.74 156.72 155.61 154.40 153.09 151.69 150.20 148.63 146.97 145.24 143.43 141.55 139.59 137.58 135.49 133.35 131.15 128.90 126.60 124.25 121.85 119.42 116.94 114.43 111.89 109.31 106.65 103.92 101.12 98.26 95.33 92.34 89.29 86.19 83.04 79.85 76.62 73.35 70.05 66.59 62.74 58.49 53.91 49.03 43.90 38.57 33.08 27.48 21.83 16.15 10.52 4.96 0.00 0.00 0.00 0.00 0.00 0.00 0.00 0.00 0.00 0.00 0.00 0.00 0.00 0.00 0.00
