data_processed/recharge/precip/Precip_2008_01.asc
ncols        168
nrows        136
xllcorner    455000
yllcorner    2107000
cellsize     500
NODATA_value     -99999
[rows 76 to 113 of 136, columns 84 to 167 of 168]
0.00 0.00 0.00 0.00 0.00 0.00 0.00 0.00 0.00 0.00 0.00 0.00 0.00 0.00 0.00 0.00 0.00 0.00 0.00 0.00 0.00 0.00 0.00 0.00 0.00 0.00 0.00 0.00 0.00 0.00 0.00 0.00 0.00 0.00 0.00 0.00 0.00 0.00 0.00 0.00 0.00 0.00 0.00 0.00 0.00 0.00 0.00 0.00 0.00 0.00 0.00 0.00 0.00 0.00 0.00 0.00 0.00 0.00 0.00 0.00 0.00 0.00 0.00 0.00 0.00 0.00 0.00 0.11 0.31 0.53 0.76 1.02 1.30 1.59 1.90 2.22 2.55 2.88 3.23 3.58 3.93 4.29 4.64 5.00
0.00 0.00 0.00 0.00 0.00 0.00 0.00 0.00 0.00 0.00 0.00 0.00 0.00 0.00 0.00 0.00 0.00 0.00 0.00 0.00 0.00 0.00 0.00 0.00 0.00 0.00 0.00 0.00 0.00 0.00 0.00 0.00 0.00 0.00 0.00 0.00 0.00 0.00 0.00 0.00 0.00 0.00 0.00 0.00 0.00 0.00 0.00 0.00 0.00 0.00 0.00 0.00 0.00 0.00 0.00 0.00 0.00 0.00 0.00 0.00 0.00 0.00 0.00 0.00 0.00 0.00 0.10 0.29 0.51 0.75 1.01 1.29 1.59 1.90 2.23 2.57 2.91 3.26 3.62 3.99 4.35 4.72 5.09 5.45
0.00 0.00 0.00 0.00 0.00 0.00 0.00 0.00 0.00 0.00 0.00 0.00 0.00 0.00 0.00 0.00 0.00 0.00 0.00 0.00 0.00 0.00 0.00 0.00 0.00 0.00 0.00 0.00 0.00 0.00 0.00 0.00 0.00 0.00 0.00 0.00 0.00 0.00 0.00 0.00 0.00 0.00 0.00 0.00 0.00 0.00 0.00 0.00 0.00 0.00 0.00 0.00 0.00 0.00 0.00 0.00 0.00 0.00 0.00 0.00 0.00 0.00 0.00 0.00 0.00 0.08 0.28 0.50 0.74 1.00 1.29 1.59 1.90 2.24 2.58 2.93 3.30 3.66 4.04 4.41 4.79 5.17 5.54 5.92
0.00 0.00 0.00 0.00 0.00 0.00 0.00 0.00 0.00 0.00 0.00 0.00 0.00 0.00 0.00 0.00 0.00 0.00 0.00 0.00 0.00 0.00 0.00 0.00 0.00 0.00 0.00 0.00 0.00 0.00 0.00 0.00 0.00 0.00 0.00 0.00 0.00 0.00 0.00 0.00 0.00 0.00 0.00 0.00 0.00 0.00 0.00 0.00 0.00 0.00 0.00 0.00 0.00 0.00 0.00 0.00 0.00 0.00 0.00 0.00 0.00 0.00 0.00 0.00 0.07 0.27 0.49 0.73 1.00 1.28 1.59 1.91 2.24 2.59 2.95 3.32 3.70 4.08 4.46 4.85 5.24 5.63 6.01 6.39
0.00 0.00 0.00 0.00 0.00 0.00 0.00 0.00 0.00 0.00 0.00 0.00 0.00 0.00 0.00 0.00 0.00 0.00 0.00 0.00 0.00 0.00 0.00 0.00 0.00 0.00 0.00 0.00 0.00 0.00 0.00 0.00 0.00 0.00 0.00 0.00 0.00 0.00 0.00 0.00 0.00 0.00 0.00 0.00 0.00 0.00 0.00 0.00 0.00 0.00 0.00 0.00 0.00 0.00 0.00 0.00 0.00 0.00 0.00 0.00 0.00 0.00 0.00 0.06 0.26 0.48 0.73 1.00 1.28 1.59 1.91 2.25 2.60 2.96 3.34 3.72 4.11 4.51 4.91 5.30 5.70 6.10 6.49 6.87
0.00 0.00 0.00 0.00 0.00 0.00 0.00 0.00 0.00 0.00 0.00 0.00 0.00 0.00 0.00 0.00 0.00 0.00 0.00 0.00 0.00 0.00 0.00 0.00 0.00 0.00 0.00 0.00 0.00 0.00 0.00 0.00 0.00 0.00 0.00 0.00 0.00 0.00 0.00 0.00 0.00 0.00 0.00 0.00 0.00 0.00 0.00 0.00 0.00 0.00 0.00 0.00 0.00 0.00 0.00 0.00 0.00 0.00 0.00 0.00 0.00 0.00 0.05 0.25 0.48 0.73 1.00 1.29 1.60 1.92 2.26 2.62 2.98 3.36 3.75 4.14 4.54 4.95 5.36 5.77 6.17 6.58 6.97 7.37
0.00 0.00 0.00 0.00 0.00 0.00 0.00 0.00 0.00 0.00 0.00 0.00 0.00 0.00 0.00 0.00 0.00 0.00 0.00 0.00 0.00 0.00 0.00 0.00 0.00 0.00 0.00 0.00 0.00 0.00 0.00 0.00 0.00 0.00 0.00 0.00 0.00 0.00 0.00 0.00 0.00 0.00 0.00 0.00 0.00 0.00 0.00 0.00 0.00 0.00 0.00 0.00 0.00 0.00 0.00 0.00 0.00 0.00 0.00 0.00 0.00 0.05 0.25 0.48 0.73 1.00 1.30 1.61 1.93 2.28 2.63 3.00 3.38 3.78 4.17 4.58 4.99 5.41 5.83 6.24 6.66 7.07 7.47 7.86
0.00 0.00 0.00 0.00 0.00 0.00 0.00 0.00 0.00 0.00 0.00 0.00 0.00 0.00 0.00 0.00 0.00 0.00 0.00 0.00 0.00 0.00 0.00 0.00 0.00 0.00 0.00 0.00 0.00 0.00 0.00 0.00 0.00 0.00 0.00 0.00 0.00 0.00 0.00 0.00 0.00 0.00 0.00 0.00 0.00 0.00 0.00 0.00 0.00 0.00 0.00 0.00 0.00 0.00 0.00 0.00 0.00 0.00 0.00 0.00 0.05 0.26 0.49 0.74 1.01 1.31 1.62 1.95 2.29 2.65 3.03 3.41 3.81 4.21 4.62 5.04 5.46 5.88 6.31 6.73 7.15 7.57 7.97 8.37
0.00 0.00 0.00 0.00 0.00 0.00 0.00 0.00 0.00 0.00 0.00 0.00 0.00 0.00 0.00 0.00 0.00 0.00 0.00 0.00 0.00 0.00 0.00 0.00 0.00 0.00 0.00 0.00 0.00 0.00 0.00 0.00 0.00 0.00 0.00 0.00 0.00 0.00 0.00 0.00 0.00 0.00 0.00 0.00 0.00 0.00 0.00 0.00 0.00 0.00 0.00 0.00 0.00 0.00 0.00 0.00 0.00 0.00 0.00 0.05 0.26 0.49 0.75 1.02 1.32 1.64 1.97 2.32 2.68 3.06 3.44 3.84 4.25 4.66 5.09 5.51 5.94 6.37 6.80 7.23 7.65 8.07 8.48 8.88
0.00 0.00 0.00 0.00 0.00 0.00 0.00 0.00 0.00 0.00 0.00 0.00 0.00 0.00 0.00 0.00 0.00 0.00 0.00 0.00 0.00 0.00 0.00 0.00 0.00 0.00 0.00 0.00 0.00 0.00 0.00 0.00 0.00 0.00 0.00 0.00 0.00 0.00 0.00 0.00 0.00 0.00 0.00 0.00 0.00 0.00 0.00 0.00 0.00 0.00 0.00 0.00 0.00 0.00 0.00 0.00 0.00 0.00 0.06 0.27 0.50 0.76 1.04 1.34 1.66 1.99 2.34 2.71 3.09 3.48 3.88 4.29 4.71 5.14 5.57 6.00 6.43 6.87 7.30 7.74 8.16 8.58 9.00 9.40
0.00 0.00 0.00 0.00 0.00 0.00 0.00 0.00 0.00 0.00 0.00 0.00 0.00 0.00 0.00 0.00 0.00 0.00 0.00 0.00 0.00 0.00 0.00 0.00 0.00 0.00 0.00 0.00 0.00 0.00 0.00 0.00 0.00 0.00 0.00 0.00 0.00 0.00 0.00 0.00 0.00 0.00 0.00 0.00 0.00 0.00 0.00 0.00 0.00 0.00 0.00 0.00 0.00 0.00 0.00 0.00 0.00 0.08 0.29 0.52 0.78 1.06 1.36 1.68 2.02 2.37 2.74 3.13 3.52 3.93 4.34 4.76 5.19 5.63 6.06 6.50 6.94 7.38 7.82 8.25 8.68 9.10 9.52 9.92
0.00 0.00 0.00 0.00 0.00 0.00 0.00 0.00 0.00 0.00 0.00 0.00 0.00 0.00 0.00 0.00 0.00 0.00 0.00 0.00 0.00 0.00 0.00 0.00 0.00 0.00 0.00 0.00 0.00 0.00 0.00 0.00 0.00 0.00 0.00 0.00 0.00 0.00 0.00 0.00 0.00 0.00 0.00 0.00 0.00 0.00 0.00 0.00 0.00 0.00 0.00 0.00 0.00 0.00 0.00 0.00 0.09 0.30 0.54 0.80 1.08 1.39 1.71 2.05 2.41 2.78 3.17 3.56 3.97 4.39 4.82 5.25 5.69 6.13 6.58 7.02 7.47 7.91 8.35 8.78 9.21 9.63 10.04 10.44
0.00 0.00 0.00 0.00 0.00 0.00 0.00 0.00 0.00 0.00 0.00 0.00 0.00 0.00 0.00 0.00 0.00 0.00 0.00 0.00 0.00 0.00 0.00 0.00 0.00 0.00 0.00 0.00 0.00 0.00 0.00 0.00 0.00 0.00 0.00 0.00 0.00 0.00 0.00 0.00 0.00 0.00 0.00 0.00 0.00 0.00 0.00 0.00 0.00 0.00 0.00 0.00 0.00 0.00 0.00 0.11 0.32 0.56 0.83 1.11 1.42 1.74 2.08 2.45 2.82 3.21 3.61 4.03 4.45 4.88 5.32 5.76 6.21 6.66 7.11 7.55 8.00 8.45 8.89 9.32 9.75 10.16 10.57 10.97
0.00 0.00 0.00 0.00 0.00 0.00 0.00 0.00 0.00 0.00 0.00 0.00 0.00 0.00 0.00 0.00 0.00 0.00 0.00 0.00 0.00 0.00 0.00 0.00 0.00 0.00 0.00 0.00 0.00 0.00 0.00 0.00 0.00 0.00 0.00 0.00 0.00 0.00 0.00 0.00 0.00 0.00 0.00 0.00 0.00 0.00 0.00 0.00 0.00 0.00 0.00 0.00 0.00 0.00 0.14 0.35 0.59 0.86 1.14 1.45 1.78 2.12 2.49 2.87 3.26 3.66 4.08 4.51 4.94 5.38 5.83 6.28 6.74 7.19 7.65 8.10 8.55 9.00 9.44 9.87 10.29 10.71 11.11 11.50
0.00 0.00 0.00 0.00 0.00 0.00 0.00 0.00 0.00 0.00 0.00 0.00 0.00 0.00 0.00 0.00 0.00 0.00 0.00 0.00 0.00 0.00 0.00 0.00 0.00 0.00 0.00 0.00 0.00 0.00 0.00 0.00 0.00 0.00 0.00 0.00 0.00 0.00 0.00 0.00 0.00 0.00 0.00 0.00 0.00 0.00 0.00 0.00 0.00 0.00 0.00 0.00 0.00 0.17 0.38 0.62 0.89 1.18 1.49 1.82 2.17 2.53 2.92 3.31 3.72 4.14 4.57 5.01 5.46 5.91 6.36 6.82 7.28 7.74 8.20 8.66 9.11 9.56 9.99 10.42 10.84 11.25 11.65 12.03
0.00 0.00 0.00 0.00 0.00 0.00 0.00 0.00 0.00 0.00 0.00 0.00 0.00 0.00 0.00 0.00 0.00 0.00 0.00 0.00 0.00 0.00 0.00 0.00 0.00 0.00 0.00 0.00 0.00 0.00 0.00 0.00 0.00 0.00 0.00 0.00 0.00 0.00 0.00 0.00 0.00 0.00 0.00 0.00 0.00 0.00 0.00 0.00 0.00 0.00 0.00 0.01 0.20 0.42 0.66 0.93 1.22 1.53 1.87 2.22 2.59 2.97 3.37 3.78 4.21 4.64 5.08 5.53 5.99 6.45 6.91 7.38 7.85 8.31 8.77 9.23 9.68 10.12 10.56 10.99 11.40 11.80 12.19 12.57
0.00 0.00 0.00 0.00 0.00 0.00 0.00 0.00 0.00 0.00 0.00 0.00 0.00 0.00 0.00 0.00 0.00 0.00 0.00 0.00 0.00 0.00 0.00 0.00 0.00 0.00 0.00 0.00 0.00 0.00 0.00 0.00 0.00 0.00 0.00 0.00 0.00 0.00 0.00 0.00 0.00 0.00 0.00 0.00 0.00 0.00 0.00 0.00 0.00 0.00 0.05 0.24 0.46 0.70 0.97 1.27 1.58 1.92 2.27 2.64 3.03 3.43 3.85 4.28 4.71 5.16 5.62 6.08 6.54 7.01 7.48 7.95 8.42 8.89 9.35 9.81 10.26 10.70 11.13 11.56 11.97 12.36 12.74 13.10
0.00 0.00 0.00 0.00 0.00 0.00 0.00 0.00 0.00 0.00 0.00 0.00 0.00 0.00 0.00 0.00 0.00 0.00 0.00 0.00 0.00 0.00 0.00 0.00 0.00 0.00 0.00 0.00 0.00 0.00 0.00 0.00 0.00 0.00 0.00 0.00 0.00 0.00 0.00 0.00 0.00 0.00 0.00 0.00 0.00 0.00 0.00 0.00 0.00 0.09 0.28 0.50 0.75 1.02 1.32 1.63 1.97 2.33 2.70 3.09 3.50 3.92 4.35 4.79 5.24 5.70 6.17 6.64 7.11 7.59 8.06 8.54 9.01 9.48 9.94 10.40 10.85 11.29 11.72 12.13 12.53 12.92 13.29 13.65
0.00 0.00 0.00 0.00 0.00 0.00 0.00 0.00 0.00 0.00 0.00 0.00 0.00 0.00 0.00 0.00 0.00 0.00 0.00 0.00 0.00 0.00 0.00 0.00 0.00 0.00 0.00 0.00 0.00 0.00 0.00 0.00 0.00 0.00 0.00 0.00 0.00 0.00 0.00 0.00 0.00 0.00 0.00 0.00 0.00 0.00 0.00 0.00 0.14 0.33 0.55 0.80 1.07 1.37 1.69 2.03 2.39 2.77 3.16 3.57 4.00 4.43 4.88 5.33 5.79 6.26 6.74 7.22 7.70 8.18 8.66 9.14 9.61 10.08 10.54 11.00 11.45 11.88 12.30 12.71 13.11 13.49 13.85 14.19
0.00 0.00 0.00 0.00 0.00 0.00 0.00 0.00 0.00 0.00 0.00 0.00 0.00 0.00 0.00 0.00 0.00 0.00 0.00 0.00 0.00 0.00 0.00 0.00 0.00 0.00 0.00 0.00 0.00 0.00 0.00 0.00 0.00 0.00 0.00 0.00 0.00 0.00 0.00 0.00 0.00 0.00 0.00 0.00 0.00 0.00 0.02 0.19 0.38 0.61 0.86 1.13 1.43 1.75 2.10 2.46 2.84 3.24 3.65 4.08 4.52 4.97 5.42 5.89 6.37 6.84 7.33 7.81 8.30 8.78 9.27 9.75 10.22 10.69 11.16 11.61 12.05 12.48 12.90 13.30 13.68 14.05 14.40 14.73
0.00 0.00 0.00 0.00 0.00 0.00 0.00 0.00 0.00 0.00 0.00 0.00 0.00 0.00 0.00 0.00 0.00 0.00 0.00 0.00 0.00 0.00 0.00 0.00 0.00 0.00 0.00 0.00 0.00 0.00 0.00 0.00 0.00 0.00 0.00 0.00 0.00 0.00 0.00 0.00 0.00 0.00 0.00 0.00 0.00 0.08 0.24 0.44 0.67 0.92 1.20 1.50 1.82 2.17 2.53 2.92 3.32 3.73 4.16 4.61 5.06 5.52 5.99 6.47 6.96 7.44 7.93 8.43 8.92 9.41 9.89 10.37 10.85 11.32 11.78 12.23 12.66 13.09 13.50 13.89 14.26 14.62 14.96 15.27
0.00 0.00 0.00 0.00 0.00 0.00 0.00 0.00 0.00 0.00 0.00 0.00 0.00 0.00 0.00 0.00 0.00 0.00 0.00 0.00 0.00 0.00 0.00 0.00 0.00 0.00 0.00 0.00 0.00 0.00 0.00 0.00 0.00 0.00 0.00 0.00 0.00 0.00 0.00 0.00 0.00 0.00 0.00 0.00 0.14 0.31 0.51 0.73 0.99 1.27 1.57 1.90 2.24 2.61 3.00 3.40 3.82 4.25 4.70 5.16 5.63 6.10 6.58 7.07 7.56 8.06 8.56 9.05 9.55 10.04 10.53 11.01 11.48 11.95 12.41 12.85 13.28 13.70 14.10 14.48 14.85 15.19 15.51 15.81
0.04 0.05 0.06 0.07 0.08 0.08 0.09 0.09 0.09 0.09 0.09 0.09 0.09 0.09 0.08 0.08 0.07 0.07 0.06 0.05 0.04 0.03 0.02 0.01 0.00 0.00 0.00 0.00 0.00 0.00 0.00 0.00 0.00 0.00 0.00 0.00 0.00 0.00 0.00 0.00 0.00 0.00 0.05 0.19 0.36 0.56 0.79 1.04 1.33 1.63 1.96 2.31 2.68 3.07 3.48 3.90 4.34 4.79 5.25 5.72 6.20 6.69 7.18 7.68 8.18 8.68 9.18 9.69 10.18 10.68 11.17 11.65 12.12 12.58 13.03 13.47 13.90 14.30 14.70 15.07 15.42 15.75 16.06 16.35
0.13 0.14 0.16 0.17 0.18 0.19 0.20 0.20 0.20 0.21 0.21 0.21 0.21 0.20 0.20 0.20 0.19 0.18 0.18 0.17 0.16 0.15 0.14 0.13 0.11 0.10 0.09 0.07 0.06 0.05 0.03 0.02 0.00 0.00 0.00 0.00 0.00 0.00 0.00 0.00 0.00 0.04 0.18 0.35 0.55 0.78 1.04 1.33 1.63 1.97 2.32 2.70 3.09 3.50 3.93 4.37 4.82 5.29 5.77 6.25 6.75 7.24 7.75 8.25 8.76 9.27 9.78 10.28 10.78 11.28 11.77 12.25 12.72 13.18 13.62 14.06 14.47 14.87 15.26 15.62 15.96 16.28 16.57 16.84
0.22 0.24 0.26 0.27 0.28 0.29 0.30 0.31 0.32 0.32 0.32 0.32 0.32 0.32 0.32 0.31 0.31 0.30 0.29 0.28 0.27 0.26 0.25 0.24 0.22 0.21 0.19 0.18 0.16 0.15 0.13 0.11 0.10 0.08 0.06 0.04 0.02 0.00 0.00 0.00 0.00 0.09 0.25 0.46 0.69 0.96 1.25 1.56 1.90 2.26 2.64 3.03 3.45 3.88 4.33 4.79 5.26 5.75 6.24 6.74 7.24 7.75 8.27 8.78 9.30 9.81 10.33 10.84 11.34 11.84 12.33 12.80 13.27 13.73 14.17 14.60 15.01 15.40 15.77 16.12 16.45 16.76 17.04 17.29
0.31 0.33 0.35 0.37 0.38 0.40 0.41 0.42 0.43 0.43 0.43 0.44 0.44 0.44 0.43 0.43 0.42 0.42 0.41 0.40 0.39 0.38 0.36 0.35 0.34 0.32 0.30 0.29 0.27 0.25 0.23 0.21 0.19 0.17 0.15 0.12 0.10 0.07 0.04 0.01 0.03 0.12 0.29 0.53 0.79 1.09 1.41 1.75 2.11 2.50 2.90 3.33 3.77 4.22 4.69 5.17 5.66 6.16 6.66 7.18 7.70 8.22 8.74 9.27 9.79 10.31 10.83 11.34 11.85 12.35 12.84 13.32 13.78 14.24 14.67 15.09 15.50 15.88 16.24 16.59 16.90 17.19 17.46 17.70
0.40 0.42 0.44 0.47 0.48 0.50 0.51 0.52 0.53 0.54 0.55 0.55 0.55 0.55 0.55 0.55 0.54 0.53 0.53 0.52 0.51 0.49 0.48 0.46 0.45 0.43 0.41 0.39 0.37 0.35 0.33 0.31 0.28 0.26 0.23 0.21 0.18 0.14 0.10 0.06 0.07 0.16 0.32 0.55 0.85 1.17 1.52 1.89 2.29 2.70 3.13 3.57 4.04 4.51 5.00 5.50 6.01 6.52 7.05 7.57 8.10 8.64 9.17 9.71 10.24 10.77 11.29 11.81 12.32 12.82 13.31 13.79 14.25 14.70 15.13 15.55 15.95 16.32 16.67 17.00 17.31 17.59 17.84 18.06
0.48 0.51 0.54 0.56 0.58 0.60 0.62 0.63 0.64 0.65 0.66 0.66 0.66 0.67 0.66 0.66 0.66 0.65 0.64 0.63 0.62 0.61 0.59 0.58 0.56 0.54 0.52 0.50 0.48 0.46 0.43 0.41 0.38 0.35 0.32 0.29 0.25 0.21 0.16 0.12 0.11 0.19 0.34 0.57 0.86 1.21 1.59 1.99 2.42 2.85 3.31 3.78 4.26 4.76 5.27 5.79 6.31 6.85 7.38 7.93 8.47 9.02 9.56 10.10 10.65 11.18 11.71 12.23 12.74 13.25 13.74 14.21 14.68 15.12 15.55 15.96 16.35 16.72 17.06 17.38 17.68 17.94 18.18 18.38
0.56 0.60 0.62 0.65 0.68 0.70 0.72 0.73 0.75 0.76 0.77 0.77 0.78 0.78 0.78 0.78 0.77 0.77 0.76 0.75 0.74 0.72 0.71 0.69 0.67 0.65 0.63 0.61 0.59 0.56 0.53 0.51 0.48 0.45 0.41 0.37 0.32 0.27 0.22 0.17 0.16 0.22 0.37 0.58 0.87 1.22 1.62 2.05 2.50 2.97 3.45 3.94 4.45 4.97 5.50 6.04 6.58 7.13 7.68 8.24 8.80 9.35 9.91 10.46 11.01 11.55 12.09 12.61 13.13 13.63 14.12 14.60 15.06 15.50 15.93 16.33 16.72 17.08 17.41 17.72 18.00 18.25 18.48 18.67
0.64 0.68 0.71 0.74 0.77 0.79 0.81 0.83 0.85 0.86 0.87 0.88 0.89 0.89 0.89 0.89 0.89 0.88 0.87 0.86 0.85 0.84 0.82 0.81 0.79 0.76 0.74 0.72 0.69 0.67 0.64 0.61 0.57 0.54 0.49 0.45 0.39 0.34 0.28 0.21 0.20 0.26 0.39 0.60 0.88 1.22 1.62 2.07 2.55 3.04 3.55 4.07 4.60 5.14 5.69 6.24 6.80 7.37 7.94 8.51 9.08 9.65 10.22 10.78 11.33 11.88 12.42 12.95 13.47 13.98 14.47 14.95 15.41 15.85 16.27 16.67 17.04 17.39 17.72 18.02 18.29 18.53 18.73 18.91
0.72 0.76 0.79 0.83 0.86 0.88 0.91 0.93 0.95 0.96 0.98 0.99 1.00 1.00 1.00 1.00 1.00 0.99 0.99 0.98 0.97 0.95 0.94 0.92 0.90 0.88 0.85 0.83 0.80 0.77 0.74 0.71 0.67 0.62 0.58 0.52 0.46 0.40 0.33 0.26 0.24 0.29 0.42 0.61 0.88 1.21 1.61 2.06 2.56 3.07 3.61 4.15 4.70 5.27 5.84 6.41 6.99 7.57 8.16 8.74 9.33 9.91 10.49 11.06 11.62 12.18 12.72 13.26 13.78 14.29 14.78 15.26 15.71 16.15 16.57 16.96 17.33 17.67 17.99 18.28 18.53 18.76 18.96 19.12
0.79 0.83 0.87 0.91 0.94 0.97 1.00 1.03 1.05 1.06 1.08 1.09 1.10 1.11 1.11 1.11 1.11 1.11 1.10 1.09 1.08 1.06 1.05 1.03 1.01 0.99 0.96 0.94 0.91 0.88 0.84 0.80 0.76 0.71 0.65 0.59 0.53 0.46 0.38 0.31 0.27 0.32 0.44 0.63 0.88 1.21 1.59 2.03 2.53 3.07 3.63 4.19 4.77 5.36 5.95 6.54 7.14 7.74 8.34 8.94 9.53 10.13 10.72 11.30 11.87 12.43 12.98 13.52 14.05 14.56 15.05 15.53 15.98 16.42 16.83 17.22 17.58 17.91 18.22 18.50 18.75 18.96 19.14 19.28
0.86 0.90 0.95 0.99 1.03 1.06 1.09 1.12 1.14 1.16 1.18 1.19 1.20 1.21 1.22 1.22 1.22 1.22 1.21 1.20 1.19 1.18 1.16 1.14 1.12 1.10 1.07 1.04 1.01 0.98 0.94 0.90 0.85 0.79 0.73 0.66 0.59 0.51 0.43 0.35 0.31 0.35 0.46 0.64 0.89 1.20 1.58 2.01 2.49 3.03 3.61 4.20 4.80 5.41 6.02 6.63 7.25 7.87 8.48 9.10 9.71 10.31 10.91 11.50 12.08 12.65 13.21 13.75 14.28 14.79 15.29 15.76 16.21 16.65 17.05 17.44 17.79 18.12 18.42 18.69 18.92 19.12 19.29 19.42
0.92 0.97 1.02 1.06 1.10 1.14 1.18 1.21 1.23 1.26 1.28 1.29 1.31 1.32 1.32 1.33 1.33 1.32 1.32 1.31 1.30 1.29 1.27 1.25 1.23 1.21 1.18 1.15 1.12 1.08 1.03 0.98 0.93 0.87 0.80 0.73 0.65 0.57 0.48 0.39 0.35 0.38 0.48 0.65 0.89 1.20 1.56 1.98 2.46 2.99 3.56 4.17 4.80 5.42 6.05 6.69 7.32 7.96 8.59 9.22 9.84 10.46 11.07 11.67 12.26 12.83 13.40 13.94 14.48 14.99 15.49 15.96 16.41 16.84 17.24 17.62 17.97 18.29 18.58 18.84 19.06 19.25 19.40 19.53
0.98 1.03 1.09 1.14 1.18 1.22 1.26 1.29 1.32 1.35 1.37 1.39 1.40 1.41 1.42 1.43 1.43 1.43 1.43 1.42 1.41 1.39 1.38 1.36 1.34 1.31 1.29 1.25 1.22 1.17 1.12 1.07 1.01 0.94 0.87 0.79 0.71 0.62 0.52 0.43 0.38 0.40 0.50 0.66 0.90 1.19 1.55 1.96 2.42 2.94 3.51 4.11 4.75 5.40 6.06 6.71 7.36 8.01 8.66 9.30 9.94 10.57 11.19 11.80 12.40 12.98 13.55 14.10 14.64 15.15 15.65 16.12 16.57 17.00 17.40 17.77 18.11 18.43 18.71 18.95 19.17 19.35 19.50 19.63
1.03 1.09 1.15 1.20 1.25 1.29 1.34 1.37 1.40 1.43 1.46 1.48 1.50 1.51 1.52 1.53 1.53 1.53 1.53 1.52 1.51 1.50 1.48 1.46 1.44 1.42 1.39 1.35 1.31 1.26 1.21 1.15 1.08 1.01 0.93 0.85 0.76 0.67 0.57 0.47 0.41 0.43 0.52 0.67 0.90 1.18 1.53 1.93 2.39 2.90 3.45 4.05 4.68 5.35 6.02 6.70 7.37 8.04 8.70 9.36 10.01 10.65 11.28 11.90 12.50 13.09 13.67 14.23 14.77 15.29 15.78 16.26 16.70 17.13 17.52 17.89 18.23 18.53 18.80 19.04 19.24 19.42 19.57 19.70
1.08 1.15 1.21 1.26 1.32 1.36 1.41 1.45 1.48 1.52 1.54 1.57 1.59 1.60 1.62 1.63 1.63 1.63 1.63 1.62 1.62 1.60 1.59 1.57 1.55 1.52 1.49 1.45 1.40 1.35 1.29 1.22 1.15 1.08 0.99 0.90 0.81 0.71 0.61 0.50 0.44 0.45 0.53 0.68 0.90 1.18 1.52 1.91 2.35 2.85 3.39 3.98 4.61 5.27 5.96 6.65 7.34 8.03 8.70 9.38 10.04 10.69 11.33 11.96 12.58 13.18 13.76 14.32 14.86 15.38 15.88 16.36 16.80 17.22 17.61 17.98 18.31 18.60 18.87 19.09 19.30 19.47 19.62 19.74
1.12 1.19 1.26 1.32 1.38 1.43 1.48 1.52 1.56 1.59 1.63 1.65 1.67 1.69 1.71 1.72 1.73 1.73 1.73 1.72 1.71 1.70 1.69 1.67 1.65 1.62 1.58 1.54 1.49 1.43 1.37 1.30 1.22 1.14 1.05 0.96 0.86 0.75 0.65 0.54 0.47 0.47 0.55 0.69 0.90 1.17 1.50 1.88 2.32 2.81 3.34 3.91 4.53 5.18 5.87 6.57 7.28 7.98 8.68 9.36 10.04 10.71 11.36 12.00 12.62 13.23 13.81 14.38 14.93 15.45 15.95 16.42 16.87 17.29 17.68 18.03 18.35 18.64 18.90 19.13 19.33 19.50 19.65 19.77
