data_processed/recharge/precip/Precip_2010_11.asc
ncols        168
nrows        136
xllcorner    455000
yllcorner    2107000
cellsize     500
NODATA_value     -99999
[rows 74 to 110 of 136, columns 0 to 82 of 168]
6.95 6.81 6.66 6.50 6.33 6.15 5.97 5.78 5.58 5.38 5.17 4.96 4.75 4.54 4.33 4.13 3.92 3.72 3.52 3.33 3.14 2.96 2.79 2.65 2.52 2.43 2.34 2.25 2.14 2.03 1.92 1.82 1.72 1.62 1.54 1.46 1.39 1.33 1.28 1.24 1.21 1.19 1.19 1.20 1.23 1.27 1.33 1.40 1.49 1.60 1.72 1.84 1.97 2.11 2.25 2.41 2.59 2.81 3.06 3.36 3.69 4.05 4.44 4.85 5.28 5.72 6.18 6.64 7.11 7.58 8.05 8.51 8.97 9.40 9.82 10.22 10.60 10.94 11.25 11.53 11.77 12.00 12.19
6.85 6.71 6.56 6.40 6.23 6.05 5.87 5.68 5.49 5.29 5.09 4.88 4.68 4.47 4.27 4.07 3.87 3.67 3.48 3.29 3.12 2.95 2.79 2.64 2.51 2.41 2.32 2.22 2.11 2.01 1.90 1.80 1.70 1.61 1.53 1.45 1.38 1.31 1.26 1.22 1.18 1.16 1.15 1.16 1.17 1.21 1.25 1.32 1.40 1.50 1.61 1.73 1.86 2.00 2.15 2.32 2.52 2.77 3.06 3.38 3.74 4.12 4.53 4.95 5.39 5.85 6.31 6.78 7.25 7.71 8.18 8.63 9.06 9.49 9.89 10.26 10.61 10.92 11.20 11.44 11.65 11.83 11.99
6.71 6.57 6.43 6.27 6.10 5.93 5.75 5.56 5.37 5.17 4.98 4.78 4.58 4.38 4.18 3.99 3.80 3.61 3.43 3.25 3.08 2.92 2.77 2.63 2.50 2.40 2.30 2.20 2.10 2.00 1.90 1.80 1.71 1.62 1.53 1.45 1.38 1.32 1.26 1.22 1.18 1.15 1.14 1.14 1.14 1.17 1.21 1.26 1.33 1.41 1.52 1.64 1.76 1.90 2.06 2.26 2.50 2.78 3.09 3.44 3.81 4.21 4.63 5.06 5.51 5.97 6.43 6.90 7.36 7.82 8.27 8.70 9.12 9.52 9.90 10.25 10.56 10.84 11.08 11.28 11.45 11.59 11.72
6.55 6.41 6.26 6.11 5.94 5.77 5.59 5.41 5.23 5.04 4.84 4.65 4.46 4.27 4.08 3.89 3.71 3.53 3.35 3.19 3.03 2.88 2.74 2.61 2.49 2.39 2.30 2.20 2.10 2.01 1.91 1.82 1.73 1.64 1.56 1.48 1.41 1.34 1.29 1.24 1.20 1.17 1.15 1.14 1.14 1.15 1.18 1.22 1.28 1.36 1.45 1.55 1.68 1.82 2.01 2.24 2.50 2.81 3.14 3.51 3.90 4.31 4.73 5.17 5.62 6.08 6.54 7.00 7.45 7.89 8.33 8.74 9.14 9.51 9.86 10.17 10.45 10.69 10.89 11.05 11.17 11.29 11.40
6.37 6.23 6.09 5.94 5.77 5.61 5.43 5.26 5.07 4.89 4.70 4.52 4.33 4.15 3.96 3.78 3.61 3.44 3.27 3.12 2.97 2.83 2.70 2.59 2.48 2.39 2.30 2.21 2.12 2.03 1.94 1.85 1.76 1.68 1.60 1.52 1.45 1.39 1.33 1.28 1.23 1.20 1.17 1.15 1.15 1.16 1.18 1.21 1.26 1.32 1.40 1.49 1.61 1.77 1.98 2.23 2.53 2.85 3.20 3.58 3.98 4.40 4.83 5.27 5.72 6.17 6.62 7.07 7.50 7.93 8.34 8.73 9.10 9.44 9.75 10.03 10.27 10.47 10.62 10.74 10.84 10.94 11.03
6.24 6.11 5.96 5.81 5.65 5.48 5.31 5.14 4.96 4.78 4.60 4.41 4.23 4.05 3.88 3.70 3.53 3.37 3.22 3.07 2.93 2.80 2.68 2.57 2.48 2.38 2.29 2.21 2.13 2.05 1.96 1.88 1.80 1.72 1.64 1.57 1.50 1.43 1.37 1.32 1.27 1.23 1.20 1.18 1.17 1.17 1.18 1.20 1.24 1.29 1.36 1.44 1.55 1.70 1.93 2.21 2.52 2.87 3.23 3.62 4.03 4.45 4.89 5.33 5.77 6.21 6.65 7.09 7.51 7.91 8.30 8.67 9.00 9.31 9.59 9.82 10.02 10.17 10.29 10.40 10.49 10.57 10.64
6.15 6.04 5.89 5.74 5.58 5.41 5.24 5.06 4.89 4.71 4.53 4.35 4.17 3.99 3.82 3.65 3.49 3.33 3.18 3.04 2.90 2.78 2.67 2.57 2.47 2.38 2.29 2.21 2.13 2.06 1.98 1.91 1.83 1.75 1.68 1.61 1.54 1.47 1.41 1.35 1.31 1.26 1.23 1.20 1.19 1.18 1.18 1.20 1.23 1.27 1.32 1.40 1.50 1.65 1.87 2.16 2.49 2.85 3.23 3.63 4.04 4.47 4.90 5.34 5.78 6.21 6.64 7.06 7.46 7.84 8.20 8.54 8.85 9.12 9.36 9.55 9.71 9.82 9.93 10.03 10.11 10.18 10.24
6.05 6.00 5.87 5.72 5.55 5.38 5.21 5.03 4.85 4.67 4.49 4.31 4.14 3.96 3.79 3.62 3.46 3.31 3.16 3.02 2.90 2.78 2.67 2.57 2.47 2.38 2.29 2.21 2.13 2.06 1.99 1.92 1.85 1.78 1.71 1.64 1.57 1.51 1.45 1.39 1.34 1.30 1.26 1.23 1.21 1.19 1.19 1.20 1.22 1.25 1.30 1.37 1.46 1.60 1.81 2.09 2.43 2.80 3.19 3.60 4.02 4.45 4.88 5.31 5.74 6.16 6.58 6.98 7.36 7.72 8.05 8.36 8.63 8.87 9.06 9.22 9.34 9.44 9.54 9.63 9.72 9.78 9.83
5.95 5.95 5.88 5.74 5.57 5.40 5.22 5.04 4.86 4.67 4.49 4.31 4.13 3.96 3.78 3.62 3.46 3.30 3.16 3.02 2.90 2.78 2.68 2.57 2.47 2.38 2.29 2.21 2.13 2.06 2.00 1.93 1.87 1.80 1.74 1.67 1.61 1.54 1.48 1.43 1.38 1.33 1.29 1.26 1.23 1.21 1.20 1.20 1.21 1.24 1.29 1.35 1.44 1.57 1.77 2.03 2.35 2.72 3.12 3.54 3.96 4.39 4.81 5.24 5.66 6.07 6.47 6.85 7.21 7.54 7.85 8.12 8.36 8.56 8.71 8.83 8.94 9.04 9.14 9.22 9.30 9.36 9.41
5.83 5.88 5.87 5.78 5.63 5.45 5.26 5.08 4.89 4.70 4.52 4.33 4.15 3.97 3.80 3.63 3.47 3.31 3.17 3.03 2.91 2.79 2.68 2.57 2.47 2.38 2.29 2.21 2.13 2.06 2.00 1.94 1.88 1.82 1.76 1.70 1.63 1.57 1.52 1.46 1.41 1.36 1.32 1.28 1.25 1.23 1.21 1.21 1.22 1.24 1.28 1.34 1.42 1.55 1.73 1.98 2.27 2.63 3.02 3.44 3.86 4.29 4.71 5.13 5.54 5.93 6.31 6.67 7.01 7.31 7.59 7.83 8.03 8.19 8.31 8.42 8.53 8.62 8.71 8.79 8.86 8.92 8.96
5.71 5.81 5.84 5.80 5.69 5.53 5.34 5.15 4.95 4.76 4.56 4.37 4.19 4.00 3.82 3.65 3.49 3.33 3.18 3.04 2.92 2.79 2.68 2.57 2.48 2.38 2.29 2.21 2.13 2.06 1.99 1.93 1.88 1.82 1.77 1.71 1.66 1.60 1.54 1.49 1.44 1.39 1.35 1.31 1.27 1.25 1.23 1.22 1.22 1.24 1.28 1.33 1.41 1.53 1.71 1.93 2.21 2.53 2.91 3.32 3.74 4.16 4.58 4.98 5.38 5.76 6.12 6.45 6.76 7.04 7.28 7.48 7.65 7.78 7.89 8.00 8.10 8.19 8.27 8.35 8.41 8.47 8.51
5.58 5.72 5.79 5.79 5.74 5.62 5.44 5.24 5.03 4.83 4.63 4.43 4.24 4.05 3.86 3.68 3.51 3.35 3.20 3.06 2.92 2.80 2.68 2.58 2.48 2.38 2.30 2.21 2.13 2.06 1.99 1.93 1.87 1.82 1.77 1.72 1.67 1.62 1.56 1.51 1.46 1.41 1.37 1.33 1.29 1.26 1.24 1.23 1.23 1.25 1.28 1.33 1.41 1.52 1.69 1.90 2.15 2.45 2.79 3.17 3.58 4.00 4.40 4.80 5.18 5.54 5.88 6.19 6.47 6.72 6.92 7.09 7.22 7.34 7.46 7.56 7.66 7.74 7.82 7.89 7.95 8.00 8.04
5.45 5.61 5.72 5.76 5.75 5.68 5.54 5.35 5.13 4.92 4.71 4.50 4.30 4.10 3.90 3.72 3.54 3.37 3.21 3.07 2.93 2.80 2.68 2.58 2.48 2.38 2.30 2.21 2.13 2.06 1.99 1.93 1.87 1.82 1.77 1.73 1.68 1.63 1.58 1.53 1.48 1.43 1.39 1.35 1.31 1.28 1.25 1.24 1.24 1.26 1.29 1.34 1.41 1.52 1.67 1.87 2.10 2.38 2.69 3.03 3.40 3.80 4.20 4.58 4.94 5.28 5.60 5.88 6.13 6.35 6.52 6.66 6.79 6.90 7.01 7.11 7.20 7.29 7.36 7.43 7.49 7.53 7.56
5.31 5.50 5.63 5.71 5.73 5.70 5.60 5.45 5.25 5.02 4.80 4.58 4.36 4.15 3.95 3.75 3.56 3.39 3.23 3.07 2.93 2.80 2.68 2.58 2.47 2.38 2.30 2.22 2.14 2.06 1.99 1.92 1.86 1.81 1.76 1.72 1.68 1.63 1.59 1.54 1.50 1.45 1.41 1.36 1.32 1.29 1.27 1.25 1.25 1.26 1.30 1.34 1.42 1.52 1.66 1.84 2.06 2.31 2.59 2.90 3.23 3.59 3.96 4.33 4.67 4.99 5.28 5.54 5.76 5.94 6.08 6.22 6.34 6.45 6.56 6.66 6.75 6.83 6.90 6.96 7.01 7.05 7.08
5.16 5.38 5.53 5.64 5.69 5.69 5.63 5.52 5.35 5.13 4.89 4.66 4.43 4.20 3.99 3.78 3.59 3.40 3.24 3.08 2.94 2.80 2.68 2.57 2.47 2.38 2.30 2.22 2.14 2.06 1.99 1.92 1.86 1.80 1.75 1.71 1.67 1.63 1.59 1.55 1.50 1.46 1.42 1.37 1.34 1.30 1.28 1.26 1.26 1.27 1.30 1.35 1.42 1.52 1.65 1.82 2.02 2.24 2.49 2.77 3.06 3.38 3.71 4.05 4.37 4.67 4.93 5.15 5.34 5.49 5.63 5.76 5.89 6.00 6.10 6.20 6.28 6.36 6.43 6.49 6.53 6.57 6.60
5.02 5.24 5.42 5.55 5.62 5.64 5.62 5.54 5.40 5.22 4.98 4.74 4.49 4.25 4.02 3.81 3.61 3.42 3.25 3.09 2.94 2.80 2.68 2.57 2.47 2.38 2.30 2.22 2.14 2.06 1.99 1.92 1.86 1.80 1.74 1.69 1.65 1.62 1.58 1.54 1.50 1.46 1.42 1.38 1.34 1.31 1.28 1.27 1.27 1.28 1.31 1.36 1.43 1.52 1.65 1.80 1.98 2.18 2.40 2.65 2.90 3.17 3.45 3.74 4.04 4.30 4.54 4.73 4.90 5.04 5.18 5.31 5.43 5.54 5.65 5.74 5.82 5.89 5.96 6.01 6.06 6.09 6.11
4.87 5.10 5.29 5.43 5.52 5.57 5.56 5.51 5.41 5.26 5.05 4.81 4.55 4.29 4.05 3.83 3.62 3.43 3.25 3.09 2.94 2.80 2.68 2.57 2.47 2.38 2.30 2.22 2.14 2.06 1.99 1.92 1.85 1.79 1.73 1.68 1.64 1.60 1.56 1.53 1.49 1.46 1.41 1.38 1.34 1.31 1.28 1.27 1.27 1.28 1.31 1.36 1.43 1.52 1.64 1.78 1.94 2.12 2.32 2.53 2.74 2.97 3.20 3.44 3.68 3.91 4.12 4.29 4.44 4.59 4.73 4.86 4.98 5.09 5.19 5.28 5.36 5.43 5.49 5.54 5.58 5.61 5.63
4.72 4.95 5.15 5.30 5.40 5.46 5.47 5.44 5.36 5.24 5.07 4.85 4.59 4.33 4.08 3.85 3.64 3.44 3.26 3.09 2.94 2.80 2.67 2.56 2.46 2.38 2.30 2.22 2.14 2.06 1.99 1.92 1.85 1.79 1.73 1.67 1.62 1.58 1.54 1.51 1.48 1.44 1.40 1.36 1.33 1.30 1.28 1.27 1.27 1.28 1.31 1.36 1.43 1.52 1.63 1.76 1.91 2.06 2.23 2.41 2.59 2.77 2.96 3.14 3.32 3.50 3.67 3.84 4.00 4.14 4.28 4.41 4.53 4.64 4.74 4.82 4.90 4.97 5.03 5.07 5.11 5.14 5.16
4.57 4.80 4.99 5.14 5.25 5.32 5.35 5.33 5.27 5.17 5.02 4.83 4.61 4.36 4.10 3.87 3.65 3.44 3.26 3.09 2.93 2.79 2.66 2.55 2.46 2.37 2.29 2.22 2.14 2.06 1.99 1.92 1.85 1.78 1.72 1.66 1.61 1.56 1.52 1.48 1.44 1.41 1.37 1.34 1.31 1.28 1.26 1.25 1.26 1.27 1.31 1.36 1.43 1.52 1.62 1.74 1.87 2.01 2.15 2.29 2.43 2.58 2.72 2.85 2.97 3.10 3.24 3.39 3.55 3.70 3.84 3.97 4.08 4.19 4.29 4.38 4.45 4.52 4.57 4.61 4.65 4.67 4.69
4.41 4.64 4.82 4.97 5.08 5.15 5.19 5.18 5.13 5.05 4.92 4.77 4.58 4.37 4.12 3.88 3.65 3.45 3.25 3.08 2.92 2.78 2.65 2.54 2.45 2.36 2.29 2.21 2.14 2.06 1.99 1.91 1.84 1.77 1.71 1.65 1.59 1.54 1.49 1.44 1.40 1.37 1.34 1.31 1.28 1.25 1.24 1.23 1.24 1.26 1.29 1.35 1.42 1.51 1.61 1.72 1.83 1.94 2.06 2.17 2.28 2.38 2.47 2.55 2.63 2.72 2.84 2.97 3.12 3.27 3.40 3.53 3.65 3.76 3.85 3.94 4.01 4.07 4.13 4.17 4.20 4.22 4.23
4.27 4.47 4.65 4.79 4.89 4.96 4.99 4.99 4.95 4.87 4.77 4.65 4.50 4.32 4.12 3.89 3.66 3.44 3.25 3.07 2.91 2.77 2.64 2.53 2.44 2.35 2.28 2.21 2.13 2.06 1.98 1.91 1.84 1.77 1.70 1.64 1.58 1.52 1.46 1.40 1.36 1.32 1.28 1.26 1.23 1.22 1.20 1.20 1.21 1.23 1.27 1.33 1.40 1.49 1.59 1.68 1.78 1.88 1.97 2.05 2.12 2.18 2.23 2.27 2.32 2.39 2.47 2.58 2.70 2.84 2.98 3.11 3.23 3.33 3.43 3.51 3.58 3.64 3.69 3.73 3.76 3.78 3.79
4.12 4.31 4.46 4.58 4.68 4.73 4.76 4.75 4.72 4.66 4.59 4.49 4.38 4.23 4.07 3.87 3.66 3.44 3.24 3.06 2.90 2.75 2.63 2.52 2.42 2.34 2.27 2.20 2.13 2.05 1.98 1.91 1.83 1.76 1.69 1.62 1.56 1.49 1.42 1.36 1.30 1.26 1.22 1.20 1.18 1.16 1.15 1.16 1.17 1.19 1.24 1.30 1.38 1.47 1.56 1.65 1.73 1.80 1.87 1.92 1.96 1.98 2.00 2.01 2.05 2.09 2.15 2.23 2.33 2.44 2.57 2.70 2.82 2.92 3.02 3.10 3.17 3.23 3.28 3.31 3.34 3.36 3.37
3.98 4.13 4.26 4.37 4.44 4.48 4.50 4.49 4.46 4.42 4.37 4.30 4.21 4.10 3.97 3.81 3.63 3.43 3.23 3.05 2.88 2.74 2.61 2.50 2.41 2.33 2.26 2.19 2.12 2.05 1.97 1.90 1.83 1.75 1.68 1.61 1.53 1.45 1.38 1.31 1.25 1.19 1.15 1.12 1.10 1.09 1.09 1.10 1.11 1.15 1.19 1.26 1.34 1.43 1.52 1.60 1.67 1.73 1.77 1.79 1.80 1.79 1.78 1.79 1.80 1.83 1.87 1.93 2.00 2.08 2.19 2.31 2.43 2.53 2.63 2.71 2.78 2.83 2.88 2.91 2.94 2.95 2.96
3.84 3.96 4.06 4.14 4.19 4.21 4.21 4.20 4.18 4.16 4.12 4.07 4.01 3.93 3.83 3.71 3.57 3.40 3.21 3.03 2.86 2.72 2.59 2.48 2.39 2.32 2.25 2.18 2.11 2.04 1.97 1.89 1.82 1.74 1.66 1.58 1.50 1.41 1.33 1.26 1.19 1.13 1.08 1.04 1.02 1.01 1.01 1.02 1.05 1.08 1.13 1.20 1.29 1.39 1.47 1.54 1.60 1.64 1.66 1.65 1.63 1.61 1.60 1.59 1.60 1.61 1.63 1.66 1.71 1.77 1.85 1.95 2.06 2.16 2.26 2.34 2.40 2.46 2.50 2.53 2.56 2.57 2.58
3.70 3.79 3.85 3.89 3.91 3.91 3.91 3.90 3.89 3.88 3.85 3.82 3.78 3.72 3.65 3.56 3.45 3.33 3.17 3.00 2.84 2.69 2.56 2.46 2.37 2.30 2.23 2.17 2.10 2.03 1.96 1.89 1.81 1.73 1.64 1.55 1.46 1.37 1.28 1.19 1.12 1.05 0.99 0.95 0.92 0.91 0.92 0.93 0.96 1.01 1.06 1.14 1.23 1.33 1.41 1.48 1.52 1.54 1.54 1.52 1.49 1.47 1.45 1.43 1.42 1.42 1.43 1.44 1.47 1.51 1.56 1.63 1.72 1.81 1.91 1.99 2.06 2.11 2.15 2.18 2.20 2.22 2.23
3.58 3.62 3.64 3.64 3.63 3.61 3.60 3.60 3.59 3.58 3.57 3.55 3.52 3.49 3.44 3.38 3.30 3.21 3.09 2.96 2.81 2.66 2.54 2.43 2.34 2.28 2.22 2.15 2.09 2.02 1.95 1.87 1.79 1.70 1.61 1.51 1.41 1.31 1.22 1.13 1.04 0.97 0.91 0.86 0.82 0.80 0.81 0.83 0.86 0.91 0.97 1.06 1.16 1.26 1.34 1.40 1.43 1.43 1.42 1.39 1.37 1.34 1.32 1.30 1.28 1.27 1.26 1.26 1.27 1.29 1.33 1.37 1.43 1.50 1.59 1.67 1.73 1.79 1.83 1.86 1.87 1.89 1.90
3.46 3.44 3.42 3.38 3.34 3.32 3.30 3.29 3.28 3.28 3.27 3.26 3.25 3.23 3.20 3.16 3.11 3.05 2.97 2.88 2.76 2.63 2.50 2.40 2.32 2.25 2.19 2.14 2.07 2.01 1.93 1.85 1.76 1.66 1.56 1.46 1.35 1.24 1.14 1.05 0.96 0.88 0.81 0.75 0.71 0.69 0.69 0.70 0.74 0.80 0.87 0.96 1.06 1.17 1.25 1.30 1.33 1.32 1.31 1.29 1.27 1.25 1.22 1.20 1.17 1.15 1.14 1.12 1.12 1.12 1.14 1.16 1.19 1.24 1.30 1.37 1.44 1.49 1.53 1.56 1.58 1.59 1.60
3.35 3.27 3.20 3.13 3.08 3.04 3.01 2.99 2.98 2.97 2.96 2.96 2.95 2.95 2.94 2.92 2.89 2.86 2.81 2.75 2.67 2.58 2.47 2.37 2.28 2.22 2.17 2.11 2.05 1.99 1.91 1.82 1.72 1.62 1.51 1.39 1.28 1.17 1.06 0.96 0.86 0.78 0.70 0.64 0.59 0.57 0.56 0.57 0.61 0.67 0.75 0.84 0.96 1.07 1.15 1.19 1.21 1.22 1.22 1.21 1.19 1.17 1.15 1.12 1.10 1.07 1.05 1.03 1.01 1.00 1.00 1.00 1.01 1.04 1.07 1.12 1.18 1.23 1.27 1.30 1.31 1.33 1.34
3.24 3.12 3.00 2.91 2.83 2.77 2.73 2.70 2.67 2.66 2.65 2.65 2.65 2.65 2.66 2.65 2.65 2.64 2.62 2.58 2.54 2.49 2.41 2.33 2.25 2.19 2.14 2.09 2.03 1.96 1.87 1.77 1.67 1.56 1.44 1.32 1.20 1.08 0.97 0.86 0.76 0.67 0.59 0.52 0.47 0.43 0.42 0.43 0.46 0.52 0.60 0.70 0.83 0.94 1.02 1.08 1.11 1.13 1.14 1.14 1.14 1.12 1.11 1.08 1.06 1.03 1.00 0.97 0.95 0.92 0.91 0.89 0.89 0.89 0.90 0.93 0.96 1.01 1.05 1.07 1.09 1.10 1.11
3.16 2.99 2.84 2.71 2.61 2.53 2.46 2.42 2.38 2.36 2.35 2.34 2.34 2.35 2.36 2.37 2.38 2.39 2.39 2.39 2.38 2.35 2.32 2.27 2.21 2.16 2.11 2.06 1.99 1.91 1.82 1.71 1.60 1.48 1.36 1.23 1.11 0.98 0.86 0.75 0.64 0.54 0.46 0.39 0.33 0.29 0.27 0.28 0.30 0.36 0.44 0.55 0.68 0.80 0.89 0.96 1.02 1.06 1.08 1.10 1.11 1.10 1.09 1.07 1.05 1.02 0.99 0.96 0.92 0.89 0.86 0.84 0.82 0.80 0.80 0.80 0.81 0.83 0.86 0.88 0.90 0.91 0.91
3.11 2.90 2.71 2.55 2.42 2.31 2.22 2.15 2.10 2.07 2.05 2.04 2.04 2.05 2.06 2.08 2.10 2.13 2.15 2.17 2.18 2.19 2.19 2.17 2.15 2.11 2.07 2.01 1.94 1.85 1.75 1.64 1.52 1.40 1.27 1.14 1.00 0.87 0.75 0.63 0.51 0.41 0.32 0.24 0.18 0.14 0.12 0.12 0.14 0.19 0.26 0.37 0.51 0.64 0.76 0.86 0.93 1.00 1.04 1.07 1.09 1.10 1.10 1.09 1.07 1.05 1.02 0.98 0.95 0.91 0.87 0.83 0.80 0.77 0.75 0.73 0.72 0.71 0.72 0.74 0.75 0.75 0.75
3.11 2.85 2.62 2.43 2.26 2.12 2.01 1.91 1.84 1.79 1.76 1.74 1.73 1.74 1.76 1.78 1.81 1.85 1.89 1.93 1.96 2.00 2.02 2.05 2.06 2.06 2.04 1.98 1.89 1.80 1.69 1.57 1.45 1.31 1.18 1.04 0.90 0.76 0.63 0.50 0.38 0.28 0.18 0.10 0.03 0.00 0.00 0.00 0.00 0.01 0.08 0.19 0.32 0.48 0.62 0.75 0.85 0.94 1.01 1.06 1.10 1.12 1.13 1.13 1.12 1.10 1.07 1.04 1.00 0.96 0.92 0.87 0.83 0.78 0.74 0.71 0.68 0.65 0.64 0.62 0.61 0.61 0.61
3.15 2.84 2.57 2.33 2.13 1.96 1.81 1.69 1.60 1.53 1.48 1.45 1.44 1.44 1.45 1.48 1.52 1.56 1.61 1.67 1.73 1.78 1.84 1.89 1.94 2.00 2.03 1.98 1.89 1.79 1.67 1.54 1.41 1.26 1.12 0.97 0.82 0.68 0.54 0.40 0.28 0.16 0.06 0.00 0.00 0.00 0.00 0.00 0.00 0.00 0.00 0.01 0.14 0.30 0.47 0.62 0.76 0.87 0.96 1.03 1.09 1.13 1.16 1.17 1.17 1.16 1.13 1.10 1.07 1.03 0.98 0.93 0.88 0.82 0.77 0.72 0.67 0.63 0.58 0.52 0.47 0.45 0.44
3.20 2.87 2.55 2.27 2.03 1.82 1.64 1.50 1.38 1.28 1.22 1.17 1.15 1.14 1.15 1.18 1.22 1.27 1.33 1.40 1.48 1.56 1.64 1.72 1.82 1.94 2.02 2.02 1.94 1.82 1.69 1.55 1.41 1.25 1.10 0.94 0.78 0.62 0.47 0.33 0.19 0.06 0.00 0.00 0.00 0.00 0.00 0.00 0.00 0.00 0.00 0.00 0.00 0.13 0.30 0.48 0.64 0.78 0.90 1.00 1.07 1.13 1.17 1.20 1.21 1.21 1.20 1.17 1.14 1.10 1.05 1.00 0.94 0.88 0.81 0.75 0.69 0.62 0.53 0.42 0.32 0.26 0.24
3.27 2.92 2.57 2.25 1.96 1.71 1.50 1.32 1.17 1.06 0.97 0.91 0.87 0.85 0.86 0.88 0.92 0.98 1.05 1.13 1.22 1.31 1.42 1.55 1.70 1.86 2.00 2.05 2.01 1.90 1.76 1.60 1.44 1.28 1.11 0.93 0.76 0.59 0.43 0.27 0.12 0.00 0.00 0.00 0.00 0.00 0.00 0.00 0.00 0.00 0.00 0.00 0.00 0.00 0.13 0.32 0.50 0.67 0.82 0.94 1.04 1.12 1.18 1.23 1.25 1.26 1.26 1.24 1.22 1.18 1.13 1.07 1.01 0.95 0.87 0.80 0.71 0.61 0.48 0.33 0.19 0.09 0.03
3.33 2.97 2.61 2.26 1.93 1.64 1.39 1.17 1.00 0.85 0.74 0.66 0.61 0.58 0.57 0.59 0.63 0.69 0.76 0.85 0.95 1.07 1.21 1.38 1.57 1.78 1.96 2.06 2.07 1.99 1.86 1.69 1.51 1.33 1.14 0.95 0.77 0.58 0.40 0.23 0.07 0.00 0.00 0.00 0.00 0.00 0.00 0.00 0.00 0.00 0.00 0.00 0.00 0.00 0.00 0.16 0.35 0.54 0.71 0.87 0.99 1.10 1.18 1.24 1.29 1.31 1.32 1.31 1.29 1.26 1.22 1.16 1.10 1.03 0.95 0.86 0.74 0.60 0.44 0.24 0.06 0.00 0.00
3.39 3.03 2.66 2.29 1.93 1.60 1.31 1.06 0.85 0.67 0.54 0.43 0.36 0.31 0.30 0.31 0.34 0.40 0.47 0.57 0.68 0.83 1.01 1.22 1.45 1.70 1.92 2.06 2.11 2.07 1.97 1.80 1.61 1.41 1.20 1.00 0.79 0.59 0.39 0.20 0.02 0.00 0.00 0.00 0.00 0.00 0.00 0.00 0.00 0.00 0.00 0.00 0.00 0.00 0.00 0.00 0.19 0.39 0.59 0.77 0.93 1.06 1.16 1.25 1.31 1.35 1.37 1.38 1.37 1.34 1.30 1.25 1.19 1.12 1.03 0.91 0.77 0.60 0.40 0.17 0.00 0.00 0.00
