data_processed/recharge/precip/Precip_1992_05.asc
ncols        168
nrows        136
xllcorner    455000
yllcorner    2107000
cellsize     500
NODATA_value     -99999
[rows 33 to 65 of 136, columns 0 to 73 of 168]
95.91 95.31 94.96 94.88 95.08 95.55 96.32 97.36 98.56 99.81 101.10 102.40 103.68 104.91 106.06 107.14 108.16 109.14 110.08 110.96 111.79 112.56 113.26 113.90 114.45 114.87 115.14 115.26 115.22 115.02 114.66 114.13 113.44 112.54 111.29 109.58 107.43 104.88 101.97 98.74 95.23 91.47 87.43 83.12 78.58 73.82 68.89 63.80 58.60 53.30 47.99 43.16 39.12 35.88 33.41 31.71 30.75 30.52 31.00 32.17 33.85 35.86 38.18 40.80 43.72 46.92 50.42 54.16 57.97 61.76 65.54 69.31 73.11 76.94
96.10 95.47 95.06 94.87 94.91 95.20 95.74 96.55 97.59 98.75 99.95 101.14 102.30 103.41 104.46 105.47 106.45 107.40 108.31 109.18 110.01 110.78 111.50 112.16 112.75 113.22 113.54 113.72 113.76 113.64 113.38 112.95 112.37 111.64 110.71 109.42 107.68 105.50 102.93 100.00 96.73 93.13 89.20 84.96 80.44 75.68 70.71 65.55 60.23 54.78 49.29 44.26 40.02 36.58 33.91 32.00 30.83 30.39 30.67 31.64 33.28 35.43 37.91 40.70 43.80 47.20 50.86 54.59 58.29 61.96 65.62 69.28 72.98 76.72
96.48 95.83 95.35 95.06 94.97 95.07 95.40 95.94 96.72 97.71 98.78 99.85 100.88 101.86 102.83 103.78 104.72 105.63 106.51 107.36 108.18 108.95 109.68 110.36 110.98 111.48 111.85 112.09 112.20 112.16 111.98 111.66 111.19 110.56 109.79 108.84 107.53 105.77 103.57 100.97 97.96 94.56 90.78 86.66 82.24 77.53 72.57 67.38 62.01 56.46 50.84 45.67 41.29 37.69 34.88 32.82 31.50 30.92 31.04 31.86 33.36 35.50 38.15 41.14 44.45 48.02 51.67 55.28 58.84 62.38 65.92 69.48 73.07 76.72
97.04 96.37 95.84 95.46 95.23 95.16 95.27 95.56 96.05 96.74 97.61 98.53 99.42 100.32 101.21 102.10 102.98 103.84 104.69 105.52 106.31 107.08 107.81 108.50 109.14 109.67 110.09 110.38 110.54 110.58 110.48 110.25 109.88 109.37 108.72 107.92 106.95 105.63 103.85 101.59 98.87 95.71 92.15 88.21 83.93 79.32 74.43 69.28 63.90 58.32 52.63 47.37 42.89 39.21 36.30 34.15 32.74 32.06 32.09 32.81 34.21 36.27 38.96 42.15 45.65 49.21 52.72 56.18 59.61 63.02 66.44 69.88 73.37 76.91
97.75 97.08 96.50 96.03 95.68 95.44 95.35 95.39 95.60 95.96 96.50 97.21 97.99 98.79 99.60 100.42 101.24 102.05 102.86 103.65 104.42 105.18 105.90 106.60 107.25 107.81 108.26 108.59 108.81 108.91 108.89 108.74 108.46 108.06 107.52 106.85 106.04 105.06 103.69 101.81 99.43 96.58 93.29 89.58 85.49 81.05 76.29 71.23 65.90 60.34 54.63 49.33 44.82 41.11 38.16 35.97 34.53 33.80 33.79 34.47 35.82 37.84 40.50 43.74 47.20 50.62 53.97 57.28 60.57 63.85 67.15 70.47 73.85 77.29
98.61 97.94 97.32 96.77 96.29 95.90 95.61 95.42 95.34 95.39 95.59 95.99 96.60 97.30 98.02 98.76 99.51 100.27 101.02 101.77 102.52 103.25 103.97 104.66 105.32 105.89 106.37 106.74 107.01 107.16 107.21 107.14 106.95 106.65 106.22 105.67 104.98 104.13 103.07 101.60 99.62 97.13 94.16 90.75 86.91 82.69 78.10 73.19 67.97 62.48 56.81 51.53 47.05 43.35 40.43 38.26 36.83 36.12 36.12 36.81 38.18 40.20 42.83 45.81 48.97 52.20 55.40 58.56 61.70 64.85 68.02 71.22 74.49 77.83
99.59 98.92 98.27 97.65 97.07 96.53 96.04 95.62 95.27 95.03 94.93 95.02 95.33 95.85 96.48 97.13 97.81 98.50 99.20 99.90 100.61 101.31 102.01 102.69 103.35 103.94 104.44 104.84 105.15 105.35 105.46 105.46 105.36 105.14 104.81 104.37 103.78 103.03 102.10 100.96 99.42 97.34 94.76 91.68 88.16 84.21 79.86 75.14 70.09 64.72 59.14 53.95 49.54 45.92 43.07 40.98 39.62 38.98 39.05 39.81 41.25 43.29 45.69 48.27 51.03 53.97 56.98 59.99 62.99 66.00 69.04 72.12 75.27 78.50
100.67 100.02 99.35 98.66 97.97 97.29 96.62 95.98 95.38 94.88 94.52 94.31 94.31 94.53 94.99 95.54 96.14 96.75 97.39 98.04 98.71 99.38 100.05 100.72 101.37 101.96 102.47 102.90 103.24 103.49 103.65 103.72 103.68 103.55 103.32 102.96 102.46 101.82 101.00 100.01 98.81 97.19 95.04 92.37 89.21 85.58 81.52 77.06 72.23 67.05 61.62 56.56 52.29 48.80 46.08 44.11 42.88 42.37 42.57 43.45 44.96 46.82 48.85 51.05 53.43 55.98 58.72 61.56 64.41 67.27 70.18 73.13 76.16 79.28
101.84 101.22 100.53 99.79 99.00 98.18 97.34 96.49 95.68 94.96 94.34 93.87 93.57 93.48 93.63 94.01 94.51 95.05 95.62 96.21 96.82 97.45 98.09 98.73 99.37 99.96 100.48 100.93 101.29 101.58 101.79 101.91 101.95 101.89 101.74 101.47 101.06 100.52 99.83 98.97 97.92 96.66 94.99 92.77 90.03 86.79 83.08 78.93 74.37 69.43 64.21 59.34 55.25 51.95 49.41 47.63 46.58 46.26 46.63 47.64 49.01 50.53 52.22 54.07 56.09 58.29 60.68 63.25 65.93 68.66 71.42 74.25 77.16 80.16
103.08 102.49 101.79 101.00 100.13 99.18 98.18 97.16 96.17 95.24 94.39 93.66 93.09 92.70 92.54 92.62 92.94 93.39 93.88 94.41 94.96 95.54 96.14 96.76 97.38 97.96 98.48 98.93 99.32 99.64 99.89 100.06 100.16 100.18 100.10 99.91 99.61 99.18 98.61 97.88 96.98 95.90 94.59 92.87 90.61 87.80 84.50 80.72 76.49 71.84 66.88 62.25 58.41 55.35 53.06 51.52 50.71 50.62 51.17 52.08 53.15 54.36 55.73 57.25 58.95 60.82 62.88 65.12 67.56 70.12 72.75 75.44 78.23 81.12
104.38 103.82 103.12 102.29 101.34 100.28 99.15 97.99 96.84 95.71 94.66 93.70 92.87 92.21 91.74 91.50 91.52 91.80 92.20 92.65 93.14 93.67 94.22 94.80 95.40 95.96 96.47 96.93 97.33 97.68 97.96 98.18 98.34 98.42 98.43 98.34 98.14 97.82 97.37 96.78 96.02 95.10 94.00 92.66 90.91 88.60 85.76 82.40 78.55 74.26 69.61 65.29 61.75 58.98 56.99 55.74 55.23 55.37 55.87 56.51 57.29 58.22 59.29 60.53 61.93 63.50 65.26 67.20 69.33 71.66 74.14 76.70 79.35 82.12
105.71 105.20 104.51 103.64 102.62 101.48 100.25 98.97 97.67 96.38 95.13 93.96 92.90 91.98 91.23 90.69 90.39 90.36 90.59 90.95 91.37 91.84 92.34 92.88 93.44 93.98 94.48 94.93 95.34 95.70 96.02 96.29 96.51 96.67 96.76 96.77 96.68 96.48 96.16 95.70 95.10 94.34 93.40 92.29 90.94 89.16 86.83 83.95 80.55 76.66 72.38 68.41 65.23 62.82 61.18 60.28 60.06 60.18 60.45 60.84 61.36 62.03 62.84 63.82 64.95 66.25 67.73 69.40 71.26 73.31 75.57 77.98 80.51 83.16
107.06 106.60 105.93 105.04 103.98 102.78 101.47 100.08 98.66 97.22 95.80 94.43 93.16 92.00 90.99 90.17 89.56 89.21 89.13 89.33 89.66 90.06 90.50 90.99 91.51 92.02 92.50 92.95 93.36 93.73 94.09 94.42 94.71 94.95 95.13 95.24 95.26 95.19 95.00 94.68 94.23 93.64 92.88 91.94 90.83 89.47 87.69 85.35 82.44 79.01 75.16 71.61 68.83 66.84 65.60 65.05 64.84 64.77 64.82 64.98 65.28 65.72 66.30 67.04 67.94 69.00 70.24 71.66 73.27 75.07 77.08 79.30 81.68 84.20
108.41 108.02 107.36 106.48 105.41 104.16 102.79 101.32 99.79 98.22 96.65 95.11 93.64 92.27 91.02 89.93 89.04 88.38 87.97 87.86 88.03 88.34 88.72 89.15 89.63 90.10 90.55 90.98 91.39 91.80 92.21 92.60 92.97 93.29 93.57 93.78 93.92 93.97 93.92 93.75 93.46 93.03 92.45 91.71 90.79 89.68 88.34 86.56 84.21 81.30 77.94 74.85 72.54 71.01 70.17 69.68 69.31 69.05 68.90 68.88 68.98 69.22 69.60 70.13 70.82 71.67 72.70 73.90 75.29 76.87 78.66 80.65 82.85 85.23
109.75 109.43 108.82 107.96 106.89 105.63 104.21 102.68 101.06 99.38 97.68 95.99 94.34 92.77 91.30 89.97 88.82 87.87 87.15 86.71 86.56 86.71 87.01 87.38 87.80 88.23 88.65 89.06 89.50 89.95 90.41 90.87 91.32 91.73 92.11 92.43 92.69 92.86 92.95 92.94 92.81 92.55 92.15 91.60 90.89 90.00 88.92 87.60 85.84 83.50 80.67 78.11 76.32 75.24 74.50 73.88 73.36 72.94 72.63 72.44 72.37 72.44 72.65 73.00 73.51 74.19 75.03 76.04 77.24 78.63 80.22 82.01 84.02 86.24
111.05 110.82 110.28 109.47 108.41 107.15 105.72 104.14 102.45 100.68 98.87 97.05 95.24 93.49 91.82 90.27 88.87 87.65 86.65 85.89 85.41 85.25 85.38 85.68 86.04 86.41 86.80 87.23 87.70 88.21 88.73 89.26 89.79 90.30 90.77 91.21 91.59 91.90 92.14 92.28 92.31 92.23 92.02 91.67 91.16 90.49 89.64 88.59 87.31 85.58 83.34 81.36 80.08 79.14 78.31 77.56 76.91 76.36 75.92 75.60 75.39 75.32 75.38 75.59 75.95 76.47 77.16 78.02 79.06 80.28 81.70 83.33 85.16 87.21
112.32 112.19 111.74 110.99 109.98 108.74 107.30 105.69 103.96 102.12 100.22 98.28 96.34 94.43 92.58 90.82 89.20 87.73 86.46 85.41 84.61 84.11 83.93 84.06 84.35 84.68 85.08 85.54 86.05 86.61 87.20 87.80 88.41 89.02 89.60 90.16 90.66 91.12 91.50 91.80 92.00 92.10 92.08 91.93 91.64 91.19 90.57 89.77 88.77 87.54 85.93 84.51 83.41 82.41 81.49 80.65 79.90 79.25 78.70 78.27 77.96 77.78 77.73 77.82 78.06 78.46 79.01 79.74 80.65 81.74 83.03 84.51 86.20 88.11
113.51 113.51 113.16 112.50 111.55 110.35 108.92 107.32 105.55 103.67 101.69 99.66 97.60 95.55 93.54 91.60 89.77 88.08 86.55 85.23 84.14 83.32 82.80 82.61 82.75 83.08 83.49 83.99 84.55 85.17 85.83 86.51 87.21 87.92 88.61 89.29 89.93 90.52 91.06 91.52 91.90 92.18 92.36 92.41 92.34 92.11 91.73 91.17 90.44 89.51 88.36 87.16 86.03 84.97 83.98 83.07 82.26 81.53 80.91 80.40 80.01 79.75 79.61 79.61 79.76 80.06 80.53 81.16 81.96 82.95 84.12 85.49 87.07 88.86
114.36 114.51 114.29 113.74 112.87 111.73 110.35 108.76 106.99 105.08 103.05 100.95 98.80 96.63 94.48 92.38 90.37 88.47 86.71 85.14 83.78 82.66 81.83 81.32 81.20 81.46 81.90 82.44 83.05 83.73 84.46 85.22 86.02 86.83 87.63 88.43 89.21 89.95 90.64 91.27 91.82 92.30 92.67 92.93 93.07 93.08 92.94 92.63 92.16 91.47 90.44 89.24 88.07 86.97 85.93 84.98 84.11 83.33 82.65 82.08 81.63 81.30 81.09 81.02 81.10 81.32 81.71 82.25 82.97 83.87 84.95 86.23 87.71 89.40
114.64 114.97 114.91 114.48 113.72 112.67 111.35 109.80 108.05 106.14 104.09 101.94 99.72 97.46 95.20 92.96 90.79 88.71 86.75 84.95 83.34 81.96 80.85 80.08 79.72 79.76 80.14 80.72 81.38 82.12 82.93 83.78 84.67 85.58 86.51 87.43 88.34 89.23 90.08 90.88 91.61 92.27 92.85 93.32 93.68 93.92 94.02 93.97 93.73 93.14 92.13 90.93 89.75 88.61 87.54 86.54 85.63 84.80 84.08 83.45 82.94 82.55 82.28 82.15 82.16 82.31 82.62 83.09 83.73 84.55 85.55 86.74 88.13 89.72
114.42 114.88 114.99 114.72 114.10 113.16 111.93 110.45 108.74 106.85 104.80 102.63 100.36 98.04 95.69 93.34 91.03 88.80 86.66 84.66 82.83 81.22 79.90 78.93 78.33 78.13 78.32 78.85 79.56 80.37 81.25 82.19 83.17 84.19 85.24 86.29 87.34 88.38 89.39 90.36 91.28 92.13 92.91 93.59 94.18 94.65 94.99 95.17 95.02 94.44 93.44 92.26 91.09 89.93 88.83 87.80 86.84 85.98 85.21 84.54 83.98 83.53 83.21 83.02 82.97 83.06 83.30 83.70 84.27 85.01 85.94 87.05 88.35 89.87
113.89 114.32 114.57 114.48 114.01 113.21 112.09 110.70 109.07 107.22 105.20 103.03 100.74 98.38 95.96 93.53 91.11 88.75 86.46 84.28 82.27 80.50 79.02 77.86 77.04 76.61 76.58 76.93 77.62 78.49 79.44 80.47 81.56 82.69 83.85 85.04 86.23 87.42 88.59 89.73 90.83 91.88 92.86 93.76 94.57 95.28 95.84 96.11 95.96 95.39 94.40 93.24 92.09 90.95 89.83 88.77 87.79 86.89 86.08 85.37 84.77 84.28 83.91 83.66 83.55 83.59 83.77 84.11 84.61 85.29 86.14 87.17 88.41 89.93
113.13 113.47 113.70 113.75 113.47 112.83 111.85 110.58 109.04 107.27 105.29 103.15 100.87 98.49 96.03 93.54 91.04 88.56 86.15 83.84 81.72 79.84 78.21 76.87 75.85 75.21 74.97 75.12 75.65 76.50 77.53 78.65 79.84 81.08 82.37 83.69 85.02 86.36 87.70 89.02 90.31 91.55 92.74 93.86 94.90 95.81 96.45 96.71 96.56 95.99 95.03 93.91 92.77 91.65 90.55 89.49 88.48 87.55 86.71 85.97 85.33 84.80 84.38 84.10 83.94 83.92 84.05 84.34 84.78 85.39 86.18 87.16 88.41 90.00
112.18 112.43 112.58 112.62 112.48 112.03 111.22 110.08 108.67 106.99 105.09 103.00 100.75 98.38 95.91 93.38 90.82 88.26 85.76 83.39 81.20 79.22 77.47 75.97 74.77 73.93 73.50 73.46 73.80 74.51 75.54 76.75 78.04 79.40 80.81 82.26 83.74 85.24 86.75 88.24 89.72 91.16 92.56 93.90 95.14 96.12 96.75 96.99 96.84 96.29 95.37 94.27 93.17 92.08 91.00 89.95 88.94 87.99 87.13 86.36 85.69 85.12 84.68 84.35 84.15 84.09 84.17 84.41 84.80 85.35 86.09 87.09 88.43 90.10
111.05 111.22 111.30 111.27 111.13 110.82 110.19 109.23 107.96 106.40 104.60 102.59 100.40 98.05 95.60 93.05 90.46 87.87 85.35 82.96 80.73 78.67 76.80 75.16 73.78 72.77 72.16 71.95 72.12 72.66 73.57 74.79 76.18 77.66 79.19 80.79 82.42 84.07 85.75 87.42 89.09 90.73 92.34 93.87 95.17 96.13 96.73 96.97 96.83 96.31 95.42 94.37 93.31 92.25 91.20 90.18 89.19 88.24 87.36 86.56 85.87 85.28 84.80 84.44 84.21 84.11 84.15 84.34 84.69 85.20 85.97 87.07 88.49 90.23
109.77 109.87 109.87 109.77 109.57 109.27 108.80 108.03 106.92 105.51 103.84 101.93 99.82 97.53 95.11 92.58 90.00 87.44 84.95 82.56 80.29 78.16 76.21 74.44 72.90 71.73 70.97 70.59 70.61 71.00 71.76 72.87 74.29 75.88 77.55 79.28 81.06 82.88 84.72 86.58 88.44 90.28 92.07 93.66 94.93 95.86 96.45 96.68 96.56 96.07 95.23 94.22 93.21 92.19 91.18 90.19 89.22 88.29 87.42 86.61 85.90 85.29 84.79 84.41 84.14 84.01 84.02 84.17 84.49 85.04 85.92 87.11 88.60 90.39
108.37 108.39 108.32 108.16 107.91 107.55 107.10 106.48 105.57 104.33 102.81 101.03 99.02 96.82 94.46 91.98 89.48 87.00 84.55 82.18 79.89 77.72 75.68 73.80 72.13 70.81 69.90 69.39 69.27 69.52 70.15 71.13 72.46 74.09 75.89 77.76 79.69 81.67 83.69 85.73 87.78 89.81 91.64 93.19 94.42 95.33 95.91 96.15 96.05 95.60 94.81 93.86 92.89 91.92 90.95 90.00 89.07 88.18 87.32 86.52 85.80 85.18 84.66 84.26 83.97 83.82 83.80 83.93 84.29 84.97 85.94 87.22 88.77 90.60
106.86 106.81 106.68 106.46 106.15 105.75 105.26 104.67 103.91 102.88 101.53 99.90 98.02 95.93 93.67 91.32 88.94 86.55 84.17 81.83 79.54 77.34 75.24 73.26 71.47 70.02 68.98 68.35 68.10 68.24 68.74 69.61 70.83 72.38 74.24 76.25 78.34 80.48 82.68 84.91 87.13 89.18 90.97 92.47 93.67 94.56 95.14 95.40 95.33 94.92 94.19 93.30 92.39 91.47 90.55 89.65 88.76 87.90 87.08 86.31 85.60 84.97 84.44 84.03 83.73 83.55 83.52 83.71 84.20 84.98 86.05 87.40 89.00 90.86
105.28 105.16 104.97 104.70 104.34 103.90 103.36 102.74 102.02 101.15 100.00 98.54 96.82 94.88 92.79 90.62 88.38 86.10 83.80 81.50 79.23 77.01 74.87 72.81 70.91 69.35 68.21 67.46 67.11 67.14 67.54 68.31 69.43 70.89 72.69 74.78 77.02 79.33 81.70 84.09 86.34 88.34 90.07 91.53 92.71 93.59 94.18 94.46 94.42 94.06 93.39 92.57 91.73 90.87 90.01 89.15 88.31 87.50 86.72 85.99 85.30 84.69 84.16 83.73 83.42 83.25 83.28 83.61 84.22 85.11 86.26 87.66 89.30 91.17
103.64 103.46 103.21 102.88 102.48 102.00 101.44 100.79 100.05 99.21 98.23 96.98 95.45 93.73 91.87 89.89 87.80 85.65 83.44 81.21 78.97 76.75 74.57 72.46 70.47 68.81 67.57 66.73 66.29 66.23 66.55 67.24 68.28 69.66 71.38 73.43 75.76 78.24 80.76 83.17 85.35 87.28 88.97 90.40 91.55 92.44 93.04 93.34 93.35 93.05 92.45 91.70 90.93 90.13 89.34 88.54 87.76 86.99 86.26 85.57 84.93 84.34 83.83 83.40 83.10 83.00 83.18 83.64 84.36 85.34 86.56 88.01 89.67 91.54
101.96 101.73 101.42 101.05 100.61 100.10 99.50 98.83 98.07 97.23 96.29 95.23 93.98 92.52 90.90 89.12 87.21 85.20 83.10 80.95 78.76 76.55 74.36 72.20 70.13 68.40 67.08 66.16 65.65 65.52 65.77 66.39 67.36 68.68 70.34 72.33 74.64 77.19 79.72 82.05 84.16 86.05 87.69 89.09 90.24 91.13 91.75 92.09 92.14 91.90 91.38 90.71 90.02 89.30 88.57 87.84 87.11 86.41 85.73 85.09 84.49 83.95 83.47 83.07 82.86 82.91 83.24 83.81 84.63 85.69 86.96 88.44 90.12 91.98
100.28 99.99 99.64 99.23 98.75 98.20 97.58 96.89 96.12 95.27 94.35 93.41 92.42 91.25 89.87 88.32 86.60 84.74 82.78 80.72 78.59 76.42 74.23 72.04 69.91 68.11 66.73 65.76 65.19 65.00 65.20 65.76 66.69 67.97 69.58 71.53 73.77 76.15 78.53 80.77 82.82 84.65 86.26 87.65 88.79 89.69 90.33 90.71 90.82 90.65 90.21 89.63 89.02 88.38 87.73 87.07 86.41 85.77 85.15 84.57 84.02 83.52 83.10 82.83 82.79 82.99 83.45 84.13 85.04 86.16 87.47 88.98 90.65 92.49
98.60 98.27 97.87 97.42 96.91 96.34 95.70 95.00 94.22 93.38 92.53 91.69 90.83 89.91 88.81 87.48 85.97 84.29 82.47 80.52 78.47 76.35 74.18 71.97 69.81 67.96 66.53 65.52 64.90 64.68 64.84 65.37 66.26 67.51 69.10 70.99 73.03 75.12 77.24 79.35 81.34 83.13 84.71 86.08 87.23 88.14 88.82 89.24 89.42 89.32 88.97 88.49 87.96 87.41 86.84 86.26 85.68 85.11 84.55 84.03 83.54 83.11 82.82 82.75 82.89 83.25 83.82 84.60 85.58 86.75 88.10 89.61 91.28 93.09
