data_processed/recharge/precip/Precip_2011_05.asc
ncols        168
nrows        136
xllcorner    455000
yllcorner    2107000
cellsize     500
NODATA_value     -99999
[rows 34 to 67 of 136, columns 77 to 153 of 168]
13.75 13.24 12.77 12.35 11.99 11.71 11.52 11.45 11.51 11.74 12.13 12.73 13.54 14.58 15.87 17.44 19.29 21.43 23.87 26.63 29.71 33.05 35.78 37.41 38.02 37.71 36.56 34.76 32.70 30.58 28.44 26.35 24.33 22.45 20.74 19.26 18.05 17.16 16.63 16.52 16.85 17.53 18.27 18.95 19.53 19.97 20.24 20.40 20.59 20.83 21.12 21.45 21.83 22.27 22.78 23.35 23.97 24.65 25.36 26.11 26.88 27.68 28.49 29.30 30.11 30.92 31.69 32.36 32.89 33.27 33.50 33.57 33.49 33.26 32.89 32.41 31.81
13.95 13.44 12.98 12.58 12.23 11.95 11.76 11.69 11.74 11.95 12.32 12.88 13.65 14.65 15.90 17.40 19.17 21.21 23.55 26.19 29.16 32.38 35.01 36.59 37.19 36.92 35.86 34.10 31.83 29.41 27.03 24.76 22.64 20.71 19.02 17.61 16.55 15.86 15.61 15.82 16.40 17.09 17.78 18.43 19.00 19.44 19.72 19.91 20.12 20.38 20.69 21.04 21.43 21.86 22.35 22.91 23.52 24.19 24.89 25.64 26.42 27.22 28.03 28.86 29.68 30.49 31.20 31.79 32.24 32.56 32.73 32.76 32.64 32.39 32.01 31.51 30.92
14.20 13.69 13.23 12.83 12.49 12.21 12.02 11.94 11.98 12.16 12.50 13.03 13.76 14.71 15.89 17.31 18.99 20.93 23.16 25.69 28.54 31.62 34.15 35.67 36.27 36.04 35.06 33.43 31.24 28.67 26.07 23.63 21.40 19.42 17.75 16.44 15.52 15.05 15.06 15.47 16.04 16.67 17.32 17.93 18.48 18.92 19.21 19.42 19.65 19.93 20.25 20.61 21.01 21.45 21.93 22.47 23.06 23.71 24.41 25.14 25.91 26.71 27.53 28.35 29.17 29.91 30.53 31.04 31.42 31.68 31.80 31.79 31.64 31.36 30.97 30.48 29.89
14.49 13.98 13.53 13.12 12.78 12.50 12.31 12.21 12.22 12.38 12.69 13.18 13.86 14.75 15.85 17.19 18.77 20.61 22.73 25.14 27.85 30.80 33.22 34.69 35.27 35.07 34.17 32.66 30.64 28.20 25.51 22.91 20.58 18.57 16.93 15.70 14.94 14.68 14.84 15.22 15.71 16.27 16.87 17.45 17.97 18.41 18.71 18.93 19.18 19.48 19.81 20.18 20.58 21.03 21.51 22.03 22.60 23.23 23.91 24.63 25.39 26.17 26.98 27.79 28.53 29.17 29.71 30.14 30.45 30.65 30.73 30.68 30.50 30.20 29.81 29.31 28.74
14.82 14.31 13.86 13.46 13.11 12.83 12.62 12.50 12.49 12.62 12.89 13.33 13.96 14.77 15.79 17.04 18.52 20.25 22.25 24.53 27.12 29.93 32.23 33.63 34.20 34.02 33.19 31.81 29.95 27.72 25.21 22.58 20.16 18.12 16.51 15.38 14.77 14.62 14.73 15.01 15.41 15.90 16.44 16.98 17.49 17.91 18.22 18.46 18.73 19.03 19.37 19.75 20.16 20.61 21.09 21.60 22.16 22.75 23.41 24.10 24.84 25.61 26.39 27.11 27.75 28.30 28.76 29.11 29.37 29.51 29.54 29.46 29.25 28.94 28.54 28.06 27.50
15.18 14.68 14.22 13.82 13.48 13.20 12.98 12.84 12.80 12.89 13.12 13.50 14.06 14.79 15.72 16.87 18.25 19.86 21.74 23.90 26.34 29.01 31.20 32.52 33.06 32.91 32.15 30.88 29.19 27.17 24.91 22.50 20.11 18.05 16.48 15.45 14.90 14.66 14.66 14.83 15.15 15.57 16.05 16.55 17.03 17.44 17.76 18.01 18.28 18.60 18.94 19.32 19.74 20.18 20.66 21.17 21.72 22.29 22.91 23.58 24.29 25.01 25.70 26.32 26.86 27.32 27.70 27.98 28.18 28.27 28.26 28.14 27.92 27.60 27.20 26.72 26.19
15.57 15.07 14.61 14.21 13.87 13.59 13.37 13.22 13.15 13.20 13.37 13.69 14.17 14.82 15.66 16.70 17.97 19.47 21.22 23.24 25.54 28.06 30.12 31.37 31.88 31.74 31.05 29.89 28.35 26.54 24.53 22.42 20.30 18.33 16.81 15.79 15.13 14.76 14.63 14.70 14.93 15.28 15.70 16.15 16.60 17.00 17.32 17.58 17.86 18.18 18.53 18.91 19.32 19.77 20.24 20.74 21.28 21.84 22.43 23.06 23.72 24.35 24.93 25.44 25.89 26.26 26.56 26.78 26.91 26.96 26.91 26.77 26.53 26.20 25.80 25.34 24.83
15.97 15.47 15.02 14.63 14.29 14.01 13.79 13.63 13.55 13.55 13.66 13.91 14.31 14.87 15.61 16.55 17.69 19.07 20.69 22.57 24.72 27.08 29.02 30.19 30.67 30.54 29.90 28.85 27.47 25.85 24.08 22.27 20.48 18.83 17.38 16.23 15.43 14.92 14.66 14.62 14.76 15.03 15.39 15.80 16.21 16.60 16.91 17.18 17.47 17.79 18.14 18.52 18.93 19.37 19.83 20.32 20.84 21.39 21.96 22.54 23.10 23.61 24.08 24.49 24.84 25.13 25.36 25.52 25.60 25.60 25.52 25.36 25.10 24.77 24.38 23.93 23.45
16.39 15.89 15.45 15.06 14.72 14.44 14.22 14.07 13.98 13.95 14.00 14.17 14.48 14.94 15.58 16.41 17.44 18.69 20.17 21.90 23.90 26.10 27.91 28.99 29.43 29.31 28.73 27.77 26.54 25.11 23.59 22.05 20.60 19.26 17.96 16.75 15.79 15.13 14.75 14.60 14.64 14.83 15.13 15.49 15.87 16.24 16.54 16.81 17.11 17.43 17.78 18.15 18.55 18.98 19.44 19.92 20.42 20.95 21.48 21.98 22.43 22.82 23.18 23.49 23.75 23.97 24.13 24.22 24.26 24.22 24.11 23.93 23.66 23.33 22.95 22.52 22.07
16.81 16.32 15.88 15.49 15.16 14.88 14.67 14.51 14.41 14.37 14.39 14.48 14.70 15.07 15.60 16.30 17.21 18.32 19.66 21.25 23.09 25.13 26.80 27.79 28.18 28.06 27.53 26.67 25.57 24.34 23.05 21.79 20.62 19.48 18.35 17.24 16.21 15.42 14.91 14.65 14.59 14.70 14.92 15.23 15.58 15.92 16.22 16.49 16.79 17.10 17.45 17.82 18.21 18.63 19.07 19.53 20.01 20.51 20.96 21.36 21.71 22.00 22.25 22.47 22.65 22.79 22.88 22.92 22.91 22.84 22.71 22.50 22.23 21.91 21.54 21.14 20.72
17.23 16.75 16.32 15.93 15.60 15.33 15.11 14.95 14.85 14.79 14.79 14.85 14.98 15.24 15.66 16.25 17.02 18.00 19.19 20.62 22.29 24.16 25.69 26.58 26.93 26.81 26.32 25.55 24.59 23.54 22.48 21.46 20.46 19.48 18.52 17.56 16.64 15.78 15.14 14.76 14.60 14.62 14.78 15.03 15.34 15.66 15.95 16.22 16.51 16.82 17.16 17.52 17.90 18.30 18.72 19.17 19.62 20.03 20.39 20.70 20.96 21.17 21.33 21.46 21.56 21.62 21.65 21.64 21.59 21.48 21.33 21.11 20.84 20.52 20.17 19.80 19.41
17.64 17.17 16.75 16.37 16.04 15.77 15.56 15.39 15.28 15.21 15.20 15.23 15.32 15.48 15.78 16.24 16.88 17.71 18.76 20.02 21.53 23.23 24.61 25.40 25.69 25.56 25.11 24.42 23.60 22.72 21.86 21.01 20.16 19.33 18.50 17.70 16.91 16.14 15.45 14.95 14.69 14.62 14.70 14.90 15.16 15.45 15.73 16.00 16.28 16.59 16.91 17.26 17.63 18.01 18.41 18.82 19.20 19.52 19.80 20.02 20.20 20.33 20.42 20.47 20.49 20.49 20.46 20.40 20.31 20.18 20.00 19.78 19.51 19.20 18.87 18.53 18.18
18.04 17.58 17.17 16.80 16.48 16.21 15.99 15.82 15.70 15.62 15.59 15.61 15.68 15.79 15.98 16.31 16.81 17.49 18.38 19.48 20.81 22.33 23.56 24.24 24.47 24.33 23.91 23.31 22.61 21.89 21.17 20.46 19.75 19.05 18.36 17.68 17.02 16.39 15.77 15.22 14.86 14.69 14.70 14.83 15.05 15.31 15.58 15.84 16.11 16.41 16.72 17.05 17.40 17.76 18.13 18.47 18.76 19.00 19.19 19.34 19.44 19.51 19.53 19.52 19.48 19.41 19.33 19.23 19.10 18.95 18.75 18.53 18.26 17.97 17.66 17.35 17.05
18.43 17.98 17.57 17.21 16.89 16.63 16.41 16.23 16.10 16.02 15.98 15.98 16.03 16.11 16.24 16.45 16.81 17.34 18.06 18.99 20.14 21.48 22.55 23.13 23.29 23.13 22.74 22.21 21.63 21.04 20.45 19.86 19.27 18.69 18.12 17.57 17.02 16.50 16.00 15.52 15.10 14.85 14.78 14.85 15.02 15.25 15.49 15.74 16.01 16.29 16.58 16.90 17.22 17.56 17.86 18.11 18.31 18.48 18.59 18.67 18.71 18.72 18.69 18.63 18.54 18.42 18.29 18.15 17.99 17.81 17.61 17.38 17.12 16.84 16.57 16.30 16.05
18.79 18.35 17.95 17.60 17.29 17.03 16.81 16.63 16.49 16.40 16.35 16.33 16.36 16.43 16.53 16.67 16.89 17.27 17.82 18.58 19.55 20.69 21.60 22.06 22.15 21.97 21.61 21.16 20.69 20.21 19.74 19.26 18.78 18.31 17.84 17.39 16.95 16.53 16.12 15.74 15.39 15.09 14.94 14.94 15.06 15.26 15.48 15.72 15.97 16.23 16.51 16.80 17.10 17.36 17.58 17.75 17.89 17.98 18.03 18.05 18.03 17.99 17.91 17.81 17.68 17.53 17.36 17.18 16.99 16.79 16.58 16.36 16.11 15.86 15.61 15.38 15.18
19.12 18.69 18.30 17.96 17.66 17.40 17.18 17.00 16.86 16.76 16.69 16.66 16.67 16.72 16.80 16.91 17.06 17.29 17.67 18.25 19.03 19.98 20.72 21.06 21.08 20.87 20.54 20.19 19.82 19.45 19.07 18.69 18.31 17.93 17.56 17.20 16.85 16.51 16.20 15.90 15.63 15.38 15.19 15.13 15.19 15.35 15.55 15.77 16.01 16.25 16.51 16.77 17.00 17.18 17.33 17.43 17.50 17.53 17.52 17.49 17.42 17.33 17.22 17.08 16.92 16.74 16.55 16.34 16.14 15.92 15.71 15.49 15.26 15.03 14.82 14.64 14.49
19.41 19.00 18.63 18.29 18.00 17.74 17.53 17.34 17.20 17.09 17.01 16.97 16.96 16.98 17.04 17.13 17.24 17.39 17.62 18.01 18.60 19.35 19.92 20.13 20.07 19.87 19.62 19.35 19.08 18.79 18.50 18.20 17.90 17.61 17.32 17.03 16.76 16.50 16.26 16.03 15.83 15.65 15.50 15.40 15.41 15.53 15.71 15.91 16.12 16.35 16.57 16.77 16.92 17.04 17.11 17.15 17.16 17.14 17.09 17.01 16.90 16.78 16.63 16.46 16.28 16.09 15.88 15.67 15.44 15.22 15.01 14.80 14.59 14.39 14.21 14.08 13.99
19.67 19.27 18.92 18.59 18.31 18.06 17.84 17.66 17.50 17.39 17.30 17.24 17.22 17.22 17.25 17.31 17.40 17.52 17.66 17.88 18.27 18.82 19.21 19.30 19.20 19.05 18.88 18.69 18.49 18.28 18.06 17.84 17.61 17.38 17.16 16.94 16.73 16.53 16.35 16.18 16.04 15.91 15.82 15.75 15.73 15.80 15.95 16.13 16.33 16.52 16.68 16.81 16.89 16.94 16.96 16.95 16.91 16.84 16.75 16.63 16.49 16.34 16.17 15.98 15.79 15.58 15.37 15.16 14.94 14.72 14.51 14.31 14.12 13.95 13.82 13.73 13.68
19.88 19.51 19.16 18.85 18.58 18.33 18.11 17.93 17.77 17.65 17.55 17.48 17.44 17.42 17.43 17.47 17.53 17.61 17.72 17.85 18.06 18.40 18.61 18.62 18.56 18.48 18.38 18.26 18.12 17.97 17.81 17.64 17.47 17.30 17.13 16.96 16.80 16.65 16.51 16.39 16.29 16.21 16.16 16.13 16.13 16.18 16.30 16.45 16.61 16.75 16.84 16.90 16.93 16.93 16.90 16.84 16.75 16.65 16.52 16.37 16.21 16.04 15.85 15.66 15.46 15.25 15.04 14.83 14.62 14.42 14.22 14.04 13.88 13.75 13.65 13.60 13.58
20.05 19.70 19.37 19.07 18.80 18.56 18.35 18.16 18.00 17.87 17.76 17.68 17.62 17.59 17.58 17.59 17.62 17.67 17.74 17.83 17.94 18.10 18.20 18.23 18.23 18.20 18.15 18.08 17.99 17.89 17.78 17.66 17.53 17.40 17.27 17.14 17.02 16.90 16.80 16.71 16.64 16.59 16.56 16.56 16.59 16.64 16.74 16.87 16.97 17.04 17.08 17.08 17.06 17.01 16.93 16.83 16.72 16.58 16.43 16.26 16.09 15.90 15.71 15.51 15.31 15.11 14.91 14.72 14.53 14.35 14.18 14.02 13.89 13.79 13.73 13.71 13.72
20.18 19.84 19.53 19.24 18.98 18.75 18.54 18.35 18.19 18.05 17.93 17.84 17.77 17.71 17.68 17.66 17.67 17.69 17.72 17.78 17.85 17.95 18.05 18.13 18.17 18.19 18.18 18.15 18.11 18.04 17.97 17.88 17.78 17.68 17.58 17.48 17.39 17.30 17.22 17.15 17.10 17.07 17.06 17.07 17.11 17.18 17.27 17.36 17.40 17.41 17.39 17.35 17.28 17.19 17.08 16.95 16.80 16.65 16.48 16.30 16.11 15.92 15.73 15.54 15.35 15.16 14.98 14.81 14.64 14.49 14.36 14.24 14.14 14.07 14.04 14.04 14.07
20.27 19.95 19.65 19.37 19.12 18.90 18.69 18.50 18.34 18.20 18.07 17.96 17.87 17.80 17.75 17.71 17.68 17.67 17.67 17.69 17.74 17.85 17.98 18.10 18.19 18.25 18.28 18.29 18.28 18.25 18.21 18.16 18.09 18.02 17.95 17.88 17.81 17.74 17.68 17.63 17.60 17.59 17.59 17.61 17.67 17.74 17.82 17.87 17.86 17.82 17.75 17.67 17.56 17.43 17.29 17.13 16.97 16.79 16.61 16.42 16.23 16.04 15.86 15.67 15.49 15.32 15.17 15.02 14.89 14.78 14.68 14.60 14.53 14.49 14.48 14.51 14.57
20.32 20.02 19.74 19.48 19.24 19.02 18.81 18.63 18.46 18.31 18.17 18.05 17.95 17.86 17.78 17.72 17.66 17.62 17.59 17.59 17.65 17.78 17.93 18.07 18.20 18.30 18.38 18.43 18.46 18.47 18.46 18.44 18.41 18.37 18.33 18.28 18.23 18.19 18.16 18.13 18.12 18.12 18.14 18.18 18.24 18.30 18.34 18.37 18.34 18.26 18.15 18.02 17.88 17.72 17.55 17.38 17.19 17.00 16.81 16.62 16.43 16.24 16.06 15.89 15.73 15.59 15.45 15.34 15.24 15.17 15.10 15.05 15.01 15.00 15.02 15.07 15.16
20.35 20.07 19.80 19.55 19.32 19.10 18.90 18.72 18.55 18.39 18.25 18.11 17.99 17.88 17.79 17.70 17.62 17.54 17.50 17.51 17.59 17.73 17.90 18.06 18.21 18.36 18.48 18.57 18.64 18.68 18.71 18.73 18.73 18.72 18.70 18.69 18.67 18.65 18.64 18.63 18.64 18.66 18.69 18.75 18.80 18.83 18.86 18.85 18.81 18.73 18.59 18.42 18.25 18.06 17.87 17.68 17.48 17.28 17.08 16.89 16.70 16.52 16.36 16.20 16.06 15.94 15.84 15.76 15.70 15.66 15.61 15.58 15.57 15.59 15.64 15.72 15.84
20.34 20.08 19.83 19.59 19.37 19.16 18.96 18.78 18.60 18.44 18.28 18.14 18.00 17.88 17.76 17.64 17.54 17.45 17.42 17.45 17.55 17.71 17.89 18.07 18.24 18.41 18.56 18.70 18.81 18.89 18.96 19.01 19.04 19.07 19.08 19.09 19.10 19.11 19.12 19.14 19.17 19.21 19.26 19.30 19.34 19.36 19.35 19.33 19.27 19.18 19.05 18.87 18.66 18.46 18.24 18.03 17.82 17.62 17.42 17.23 17.05 16.89 16.74 16.60 16.49 16.40 16.33 16.29 16.25 16.22 16.20 16.19 16.20 16.24 16.32 16.43 16.57
20.24 20.05 19.82 19.60 19.38 19.18 18.99 18.80 18.62 18.45 18.29 18.13 17.98 17.84 17.70 17.56 17.44 17.37 17.36 17.41 17.52 17.70 17.90 18.09 18.28 18.46 18.64 18.82 18.97 19.09 19.20 19.28 19.35 19.41 19.46 19.50 19.53 19.57 19.61 19.65 19.70 19.75 19.80 19.84 19.86 19.86 19.83 19.78 19.72 19.63 19.51 19.34 19.13 18.90 18.67 18.45 18.24 18.03 17.84 17.65 17.49 17.34 17.21 17.10 17.01 16.95 16.92 16.90 16.88 16.86 16.85 16.86 16.90 16.96 17.06 17.19 17.36
20.03 19.94 19.78 19.57 19.37 19.17 18.98 18.79 18.61 18.44 18.26 18.10 17.93 17.76 17.60 17.45 17.35 17.30 17.31 17.38 17.52 17.71 17.93 18.13 18.34 18.53 18.73 18.92 19.11 19.28 19.42 19.54 19.65 19.74 19.82 19.89 19.96 20.02 20.08 20.15 20.22 20.28 20.33 20.36 20.37 20.34 20.29 20.22 20.15 20.06 19.95 19.81 19.62 19.40 19.16 18.93 18.72 18.51 18.32 18.15 18.00 17.87 17.76 17.68 17.63 17.61 17.59 17.58 17.56 17.55 17.56 17.59 17.64 17.73 17.85 18.01 18.20
19.71 19.72 19.65 19.50 19.32 19.12 18.94 18.75 18.57 18.39 18.21 18.02 17.84 17.66 17.49 17.36 17.28 17.25 17.28 17.37 17.52 17.74 17.97 18.19 18.41 18.62 18.83 19.03 19.24 19.45 19.63 19.79 19.93 20.06 20.17 20.28 20.37 20.46 20.55 20.64 20.72 20.79 20.83 20.86 20.85 20.81 20.73 20.64 20.56 20.47 20.38 20.27 20.12 19.94 19.71 19.48 19.26 19.06 18.89 18.73 18.60 18.49 18.41 18.37 18.35 18.34 18.32 18.31 18.29 18.29 18.31 18.36 18.43 18.54 18.68 18.85 19.06
19.29 19.38 19.41 19.36 19.23 19.05 18.86 18.68 18.49 18.30 18.11 17.92 17.72 17.53 17.38 17.28 17.22 17.22 17.27 17.37 17.54 17.77 18.02 18.25 18.48 18.71 18.93 19.15 19.37 19.60 19.82 20.02 20.20 20.36 20.51 20.64 20.77 20.89 21.01 21.11 21.20 21.27 21.32 21.33 21.31 21.26 21.16 21.05 20.95 20.87 20.80 20.71 20.61 20.47 20.30 20.09 19.88 19.69 19.53 19.39 19.28 19.20 19.15 19.14 19.13 19.12 19.10 19.08 19.07 19.07 19.10 19.16 19.25 19.38 19.54 19.73 19.96
18.77 18.94 19.05 19.09 19.05 18.93 18.75 18.57 18.38 18.18 17.98 17.78 17.58 17.41 17.29 17.21 17.17 17.19 17.26 17.38 17.57 17.81 18.08 18.33 18.57 18.81 19.04 19.28 19.51 19.75 19.98 20.22 20.44 20.64 20.82 20.99 21.15 21.30 21.44 21.56 21.66 21.73 21.78 21.79 21.76 21.68 21.57 21.43 21.33 21.26 21.20 21.14 21.08 21.00 20.89 20.74 20.57 20.39 20.25 20.13 20.05 20.00 19.99 19.98 19.96 19.93 19.91 19.88 19.87 19.88 19.92 19.99 20.10 20.24 20.41 20.62 20.86
18.17 18.41 18.59 18.71 18.76 18.73 18.60 18.43 18.23 18.03 17.82 17.62 17.44 17.30 17.20 17.14 17.13 17.17 17.26 17.40 17.60 17.86 18.14 18.40 18.66 18.91 19.16 19.40 19.65 19.89 20.14 20.40 20.65 20.89 21.11 21.31 21.50 21.68 21.84 21.98 22.09 22.17 22.21 22.22 22.18 22.09 21.95 21.80 21.70 21.63 21.58 21.56 21.54 21.51 21.47 21.40 21.30 21.17 21.04 20.96 20.90 20.89 20.88 20.85 20.82 20.78 20.74 20.71 20.70 20.71 20.75 20.83 20.95 21.11 21.29 21.51 21.77
17.51 17.79 18.04 18.23 18.36 18.41 18.37 18.24 18.05 17.85 17.64 17.46 17.31 17.19 17.12 17.08 17.09 17.15 17.26 17.42 17.64 17.92 18.20 18.48 18.75 19.02 19.28 19.53 19.79 20.04 20.30 20.57 20.84 21.11 21.37 21.61 21.83 22.03 22.22 22.37 22.49 22.58 22.63 22.63 22.58 22.48 22.32 22.15 22.04 21.98 21.95 21.96 21.98 22.01 22.04 22.05 22.04 22.00 21.92 21.87 21.85 21.83 21.80 21.75 21.69 21.64 21.59 21.55 21.54 21.55 21.60 21.68 21.81 21.98 22.18 22.41 22.68
16.79 17.11 17.40 17.65 17.85 17.98 18.02 17.98 17.83 17.64 17.45 17.30 17.18 17.09 17.04 17.03 17.06 17.14 17.26 17.44 17.68 17.97 18.27 18.56 18.84 19.12 19.39 19.66 19.92 20.19 20.46 20.73 21.01 21.30 21.59 21.87 22.13 22.36 22.56 22.74 22.87 22.97 23.02 23.01 22.96 22.84 22.67 22.49 22.37 22.31 22.31 22.34 22.41 22.50 22.59 22.69 22.77 22.83 22.86 22.86 22.84 22.79 22.73 22.66 22.58 22.51 22.44 22.40 22.38 22.39 22.43 22.53 22.67 22.84 23.05 23.29 23.56
16.02 16.37 16.70 17.00 17.25 17.44 17.56 17.59 17.54 17.42 17.27 17.15 17.05 16.99 16.96 16.97 17.02 17.12 17.27 17.46 17.71 18.02 18.33 18.64 18.93 19.22 19.50 19.78 20.05 20.33 20.61 20.89 21.18 21.48 21.79 22.10 22.39 22.65 22.88 23.08 23.23 23.33 23.38 23.38 23.31 23.19 23.00 22.80 22.68 22.63 22.65 22.72 22.83 22.97 23.14 23.31 23.49 23.66 23.80 23.87 23.84 23.76 23.67 23.57 23.47 23.37 23.29 23.24 23.21 23.21 23.26 23.36 23.50 23.68 23.90 24.14 24.43
