data_processed/recharge/precip/Precip_2003_06.asc
ncols        168
nrows        136
xllcorner    455000
yllcorner    2107000
cellsize     500
NODATA_value     -99999
[rows 64 to 95 of 136, columns 71 to 141 of 168]
219.94 212.64 205.46 198.85 193.13 188.22 184.04 180.50 177.51 174.99 172.84 170.99 169.41 168.12 167.10 166.35 165.88 165.67 165.74 166.07 166.62 167.13 167.40 167.45 167.28 166.93 166.40 165.72 164.91 163.99 162.98 161.90 160.77 159.60 158.41 157.23 156.07 154.94 153.85 152.83 151.90 151.08 150.38 149.83 149.44 149.23 149.21 149.38 149.74 150.33 151.18 152.30 153.73 155.46 157.33 159.25 161.23 163.29 165.45 167.73 170.14 172.65 175.19 177.71 180.18 182.60 184.93 187.16 189.28 191.25 193.07
220.13 212.52 205.08 198.25 192.37 187.36 183.13 179.61 176.69 174.30 172.35 170.75 169.45 168.44 167.72 167.29 167.15 167.30 167.73 168.39 169.01 169.38 169.50 169.40 169.10 168.60 167.95 167.14 166.21 165.18 164.06 162.87 161.64 160.38 159.11 157.85 156.61 155.42 154.28 153.22 152.25 151.40 150.68 150.11 149.71 149.49 149.43 149.56 149.91 150.49 151.33 152.47 153.91 155.68 157.57 159.50 161.46 163.49 165.59 167.79 170.10 172.55 175.10 177.65 180.16 182.61 184.98 187.25 189.40 191.41 193.25
219.95 212.07 204.41 197.41 191.42 186.35 182.13 178.67 175.88 173.67 171.95 170.64 169.66 168.99 168.63 168.57 168.81 169.35 170.14 170.88 171.36 171.58 171.57 171.33 170.89 170.27 169.49 168.56 167.52 166.38 165.15 163.87 162.54 161.19 159.84 158.50 157.20 155.95 154.76 153.66 152.65 151.77 151.03 150.45 150.02 149.76 149.66 149.76 150.09 150.67 151.52 152.66 154.14 155.93 157.86 159.79 161.74 163.73 165.78 167.91 170.13 172.47 174.94 177.50 180.05 182.54 184.95 187.26 189.45 191.49 193.37
219.40 211.32 203.48 196.36 190.30 185.23 181.06 177.71 175.09 173.10 171.67 170.71 170.12 169.85 169.88 170.24 170.91 171.84 172.72 173.33 173.67 173.75 173.59 173.22 172.65 171.91 171.01 169.97 168.82 167.57 166.25 164.88 163.46 162.03 160.61 159.20 157.83 156.52 155.28 154.14 153.10 152.20 151.43 150.82 150.35 150.04 149.90 149.98 150.30 150.87 151.72 152.89 154.39 156.23 158.19 160.13 162.07 164.03 166.03 168.09 170.22 172.45 174.80 177.27 179.84 182.37 184.82 187.17 189.40 191.49 193.40
218.53 210.27 202.31 195.12 189.04 184.01 179.95 176.75 174.35 172.64 171.54 170.97 170.83 171.05 171.55 172.37 173.46 174.50 175.25 175.72 175.91 175.85 175.57 175.07 174.38 173.52 172.51 171.37 170.11 168.77 167.35 165.89 164.40 162.89 161.40 159.92 158.49 157.13 155.85 154.66 153.60 152.67 151.87 151.20 150.68 150.32 150.16 150.22 150.52 151.09 151.96 153.15 154.69 156.56 158.55 160.51 162.44 164.38 166.34 168.33 170.38 172.51 174.73 177.06 179.52 182.07 184.56 186.96 189.25 191.39 193.34
217.34 208.97 200.93 193.71 187.67 182.73 178.81 175.83 173.69 172.30 171.58 171.45 171.81 172.58 173.67 174.97 176.18 177.10 177.71 178.03 178.09 177.90 177.49 176.87 176.07 175.10 173.98 172.74 171.38 169.95 168.45 166.91 165.34 163.77 162.20 160.67 159.19 157.78 156.45 155.23 154.14 153.17 152.31 151.58 151.00 150.61 150.42 150.46 150.75 151.33 152.22 153.43 155.01 156.93 158.96 160.93 162.86 164.78 166.69 168.63 170.59 172.62 174.72 176.91 179.22 181.66 184.17 186.64 188.99 191.19 193.20
215.88 207.44 199.37 192.17 186.21 181.41 177.69 174.95 173.12 172.11 171.83 172.18 173.09 174.46 176.15 177.70 178.83 179.60 180.07 180.26 180.19 179.88 179.35 178.62 177.71 176.63 175.41 174.07 172.63 171.11 169.53 167.92 166.28 164.64 163.02 161.44 159.91 158.46 157.10 155.84 154.70 153.66 152.74 151.95 151.33 150.90 150.68 150.71 151.00 151.59 152.49 153.74 155.35 157.33 159.39 161.39 163.33 165.22 167.10 168.98 170.87 172.80 174.78 176.84 178.99 181.26 183.68 186.19 188.63 190.89 192.96
214.15 205.69 197.64 190.52 184.68 180.07 176.59 174.16 172.69 172.10 172.29 173.18 174.68 176.64 178.59 180.18 181.32 182.01 182.35 182.41 182.22 181.79 181.15 180.31 179.29 178.12 176.80 175.37 173.85 172.25 170.60 168.91 167.21 165.52 163.85 162.22 160.65 159.16 157.76 156.47 155.25 154.14 153.15 152.31 151.65 151.19 150.95 150.97 151.26 151.86 152.79 154.07 155.73 157.75 159.87 161.89 163.83 165.71 167.55 169.38 171.20 173.03 174.90 176.83 178.83 180.97 183.25 185.67 188.15 190.49 192.62
212.20 203.76 195.78 188.77 183.11 178.73 175.55 173.47 172.41 172.28 173.00 174.47 176.54 178.74 180.69 182.30 183.51 184.25 184.52 184.47 184.16 183.62 182.87 181.92 180.81 179.54 178.14 176.63 175.02 173.35 171.63 169.89 168.13 166.38 164.67 163.00 161.39 159.87 158.43 157.06 155.77 154.59 153.55 152.66 151.96 151.47 151.22 151.23 151.53 152.14 153.10 154.41 156.12 158.21 160.37 162.42 164.37 166.24 168.06 169.83 171.58 173.32 175.09 176.89 178.80 180.82 182.97 185.23 187.60 189.98 192.18
210.04 201.67 193.81 186.97 181.53 177.43 174.58 172.90 172.30 172.69 173.98 176.01 178.29 180.44 182.37 184.01 185.29 186.15 186.52 186.42 186.00 185.36 184.50 183.46 182.26 180.90 179.42 177.83 176.15 174.42 172.64 170.83 169.03 167.23 165.48 163.77 162.14 160.57 159.05 157.61 156.25 155.02 153.92 153.00 152.26 151.75 151.49 151.50 151.80 152.44 153.42 154.78 156.54 158.68 160.90 162.98 164.95 166.81 168.60 170.33 172.01 173.67 175.34 177.08 178.91 180.84 182.85 184.96 187.14 189.40 191.64
207.69 199.45 191.75 185.12 179.95 176.18 173.73 172.49 172.40 173.35 175.18 177.39 179.59 181.68 183.59 185.26 186.62 187.60 188.15 188.19 187.74 187.00 186.05 184.92 183.63 182.20 180.64 178.98 177.23 175.43 173.60 171.74 169.89 168.06 166.27 164.53 162.85 161.21 159.62 158.10 156.69 155.40 154.27 153.31 152.55 152.02 151.75 151.76 152.08 152.74 153.75 155.16 156.97 159.18 161.45 163.57 165.56 167.42 169.18 170.87 172.49 174.08 175.72 177.42 179.19 181.03 182.92 184.88 186.89 188.95 191.05
205.18 197.12 189.63 183.26 178.41 175.02 173.00 172.26 172.72 174.20 176.18 178.27 180.36 182.39 184.29 185.99 187.44 188.55 189.28 189.54 189.29 188.54 187.50 186.29 184.92 183.41 181.78 180.05 178.25 176.39 174.51 172.61 170.72 168.86 167.04 165.26 163.50 161.77 160.11 158.53 157.07 155.74 154.57 153.59 152.81 152.28 152.00 152.02 152.36 153.04 154.10 155.55 157.42 159.70 162.03 164.19 166.20 168.06 169.81 171.45 173.03 174.62 176.26 177.93 179.65 181.40 183.19 185.01 186.84 188.71 190.58
202.55 194.70 187.47 181.41 176.93 173.97 172.43 172.23 173.20 174.81 176.63 178.56 180.55 182.53 184.42 186.17 187.70 188.96 189.87 190.37 190.39 189.87 188.85 187.56 186.12 184.54 182.85 181.06 179.20 177.30 175.37 173.43 171.51 169.62 167.75 165.89 164.05 162.25 160.52 158.89 157.38 156.02 154.82 153.82 153.04 152.51 152.25 152.28 152.64 153.35 154.45 155.95 157.89 160.24 162.63 164.84 166.87 168.74 170.47 172.10 173.70 175.33 176.98 178.64 180.31 181.99 183.67 185.36 187.03 188.70 190.36
199.80 192.22 185.29 179.59 175.53 173.04 172.04 172.34 173.41 174.80 176.43 178.23 180.12 182.05 183.94 185.74 187.36 188.76 189.87 190.60 190.91 190.73 189.98 188.72 187.22 185.57 183.82 181.98 180.08 178.13 176.16 174.20 172.25 170.31 168.36 166.41 164.50 162.64 160.85 159.18 157.63 156.24 155.02 154.01 153.23 152.71 152.46 152.52 152.91 153.66 154.80 156.36 158.37 160.79 163.25 165.51 167.56 169.44 171.18 172.87 174.55 176.23 177.90 179.55 181.19 182.80 184.39 185.94 187.47 188.96 190.41
196.97 189.70 183.13 177.84 174.24 172.27 171.76 172.13 172.95 174.11 175.55 177.21 179.01 180.90 182.79 184.64 186.37 187.92 189.22 190.20 190.81 190.96 190.60 189.66 188.21 186.51 184.71 182.82 180.87 178.89 176.89 174.90 172.90 170.87 168.84 166.82 164.84 162.92 161.09 159.37 157.80 156.38 155.16 154.15 153.37 152.87 152.64 152.74 153.17 153.96 155.16 156.78 158.85 161.36 163.89 166.20 168.28 170.20 172.03 173.83 175.60 177.34 179.03 180.68 182.29 183.85 185.35 186.79 188.17 189.48 190.73
194.08 187.18 181.01 176.17 173.08 171.59 171.11 171.20 171.74 172.67 173.93 175.46 177.18 179.03 180.94 182.84 184.68 186.38 187.89 189.12 190.02 190.52 190.55 190.05 188.96 187.34 185.49 183.57 181.58 179.57 177.54 175.50 173.42 171.31 169.19 167.10 165.06 163.10 161.23 159.48 157.88 156.45 155.22 154.22 153.46 152.97 152.79 152.92 153.40 154.26 155.51 157.20 159.35 161.94 164.54 166.90 169.05 171.09 173.07 175.00 176.86 178.66 180.40 182.06 183.64 185.15 186.57 187.90 189.15 190.30 191.35
191.16 184.66 178.95 174.61 171.99 170.50 169.69 169.46 169.73 170.44 171.53 172.93 174.57 176.39 178.31 180.29 182.24 184.10 185.81 187.30 188.50 189.35 189.79 189.74 189.13 187.92 186.17 184.21 182.19 180.15 178.08 175.95 173.78 171.59 169.41 167.26 165.17 163.16 161.25 159.48 157.87 156.43 155.21 154.21 153.48 153.02 152.88 153.06 153.60 154.52 155.85 157.61 159.84 162.52 165.21 167.65 169.96 172.18 174.33 176.38 178.35 180.23 182.00 183.68 185.25 186.71 188.07 189.30 190.42 191.41 192.28
188.18 182.19 176.98 173.09 170.44 168.59 167.42 166.87 166.88 167.38 168.29 169.57 171.14 172.93 174.88 176.92 178.99 181.02 182.95 184.70 186.21 187.42 188.26 188.66 188.56 187.89 186.59 184.74 182.70 180.62 178.45 176.24 173.98 171.72 169.48 167.27 165.14 163.09 161.16 159.37 157.75 156.32 155.11 154.13 153.43 153.01 152.91 153.15 153.76 154.75 156.17 158.02 160.34 163.11 165.91 168.55 171.08 173.50 175.81 178.01 180.08 182.04 183.87 185.57 187.14 188.57 189.86 191.00 192.00 192.84 193.53
185.19 179.77 175.08 171.17 168.11 165.85 164.32 163.46 163.21 163.50 164.25 165.41 166.91 168.68 170.65 172.77 174.96 177.16 179.30 181.31 183.14 184.71 185.96 186.81 187.22 187.10 186.39 185.04 183.09 180.92 178.67 176.36 174.04 171.71 169.41 167.16 164.98 162.91 160.96 159.16 157.54 156.12 154.92 153.98 153.30 152.93 152.89 153.19 153.87 154.95 156.46 158.41 160.84 163.72 166.73 169.63 172.39 175.02 177.51 179.86 182.05 184.10 185.99 187.73 189.30 190.70 191.94 193.00 193.88 194.59 195.11
182.72 177.84 173.45 169.40 165.91 163.22 161.31 160.12 159.58 159.63 160.20 161.21 162.62 164.34 166.32 168.49 170.77 173.12 175.45 177.71 179.82 181.73 183.36 184.65 185.53 185.94 185.81 185.01 183.42 181.27 178.93 176.54 174.14 171.75 169.40 167.10 164.89 162.79 160.83 159.02 157.40 155.98 154.81 153.89 153.25 152.93 152.94 153.31 154.06 155.23 156.82 158.88 161.40 164.33 167.49 170.65 173.66 176.51 179.18 181.68 184.01 186.16 188.12 189.90 191.49 192.88 194.07 195.06 195.84 196.41 196.77
181.10 176.47 172.20 168.23 164.57 161.45 159.12 157.55 156.69 156.45 156.78 157.61 158.88 160.51 162.44 164.62 166.96 169.40 171.88 174.34 176.69 178.89 180.86 182.54 183.86 184.75 185.09 184.70 183.54 181.70 179.38 176.92 174.44 171.98 169.57 167.22 164.97 162.84 160.85 159.04 157.41 156.00 154.84 153.95 153.35 153.07 153.13 153.56 154.38 155.63 157.31 159.46 162.02 164.94 168.11 171.41 174.67 177.74 180.62 183.29 185.76 188.02 190.07 191.90 193.51 194.90 196.06 196.99 197.68 198.14 198.35
180.01 175.45 171.26 167.41 163.82 160.53 157.78 155.79 154.54 153.98 154.03 154.63 155.71 157.20 159.05 161.18 163.53 166.03 168.61 171.21 173.77 176.21 178.48 180.50 182.20 183.47 184.14 184.12 183.35 181.91 179.88 177.43 174.88 172.35 169.87 167.48 165.18 163.02 161.00 159.17 157.54 156.13 154.98 154.11 153.54 153.30 153.41 153.90 154.79 156.11 157.87 160.07 162.65 165.57 168.72 172.03 175.42 178.72 181.81 184.66 187.29 189.67 191.82 193.72 195.37 196.76 197.90 198.78 199.40 199.75 199.83
179.23 174.72 170.62 166.87 163.39 160.17 157.23 154.82 153.15 152.21 151.94 152.26 153.11 154.42 156.14 158.18 160.49 162.99 165.64 168.34 171.05 173.69 176.21 178.52 180.51 182.04 182.98 183.28 182.86 181.79 180.12 177.94 175.40 172.80 170.26 167.81 165.47 163.26 161.22 159.37 157.72 156.32 155.18 154.32 153.78 153.57 153.73 154.27 155.23 156.62 158.44 160.67 163.27 166.19 169.34 172.64 176.03 179.46 182.76 185.81 188.60 191.12 193.37 195.35 197.05 198.47 199.60 200.45 201.00 201.25 201.21
178.72 174.24 170.23 166.59 163.21 160.08 157.20 154.61 152.52 151.16 150.51 150.51 151.09 152.17 153.70 155.61 157.84 160.31 162.96 165.72 168.54 171.34 174.05 176.56 178.72 180.44 181.62 182.19 182.10 181.35 180.02 178.17 175.87 173.28 170.68 168.16 165.77 163.53 161.45 159.58 157.92 156.51 155.37 154.53 154.01 153.84 154.04 154.63 155.65 157.11 158.99 161.26 163.88 166.81 169.95 173.24 176.63 180.07 183.48 186.73 189.70 192.37 194.74 196.81 198.57 200.02 201.16 201.98 202.48 202.65 202.49
178.43 174.00 170.07 166.53 163.24 160.21 157.42 154.87 152.60 150.82 149.76 149.38 149.63 150.45 151.75 153.48 155.57 157.96 160.58 163.36 166.23 169.14 171.96 174.55 176.83 178.69 180.08 180.89 181.08 180.62 179.58 178.03 176.04 173.67 171.07 168.49 166.05 163.76 161.65 159.75 158.07 156.66 155.52 154.69 154.19 154.04 154.28 154.93 156.03 157.57 159.52 161.83 164.47 167.41 170.55 173.84 177.22 180.65 184.08 187.43 190.58 193.41 195.91 198.09 199.92 201.42 202.57 203.38 203.84 203.94 203.69
178.33 173.94 170.09 166.65 163.46 160.52 157.81 155.34 153.11 151.15 149.66 148.87 148.76 149.25 150.28 151.79 153.70 155.96 158.50 161.24 164.13 167.06 169.88 172.50 174.84 176.83 178.37 179.39 179.82 179.61 178.83 177.54 175.82 173.72 171.31 168.75 166.25 163.91 161.76 159.83 158.13 156.70 155.56 154.74 154.25 154.13 154.42 155.16 156.36 157.99 160.00 162.36 165.03 167.98 171.13 174.42 177.80 181.23 184.65 188.01 191.26 194.25 196.90 199.19 201.11 202.66 203.85 204.65 205.08 205.13 204.78
178.40 174.05 170.28 166.93 163.84 160.98 158.35 155.96 153.80 151.87 150.19 148.98 148.45 148.58 149.29 150.53 152.22 154.31 156.72 159.38 162.20 165.04 167.80 170.42 172.79 174.85 176.52 177.72 178.34 178.35 177.79 176.73 175.23 173.37 171.20 168.81 166.31 163.92 161.73 159.76 158.04 156.60 155.45 154.63 154.16 154.08 154.46 155.33 156.64 158.35 160.43 162.85 165.55 168.52 171.67 174.97 178.36 181.78 185.20 188.56 191.82 194.90 197.70 200.11 202.13 203.76 204.98 205.80 206.21 206.21 205.79
178.60 174.28 170.59 167.34 164.33 161.56 159.01 156.69 154.60 152.73 151.08 149.67 148.72 148.44 148.79 149.71 151.13 153.00 155.23 157.74 160.39 163.09 165.76 168.32 170.70 172.80 174.55 175.88 176.68 176.86 176.48 175.61 174.30 172.63 170.67 168.48 166.13 163.74 161.51 159.50 157.75 156.29 155.14 154.31 153.87 153.91 154.44 155.43 156.85 158.65 160.81 163.28 166.03 169.01 172.18 175.49 178.88 182.31 185.73 189.09 192.34 195.44 198.32 200.86 203.00 204.70 205.98 206.82 207.22 207.19 206.72
178.90 174.61 170.99 167.84 164.92 162.22 159.75 157.50 155.47 153.66 152.06 150.68 149.53 148.82 148.77 149.32 150.44 152.03 154.02 156.27 158.70 161.22 163.76 166.24 168.57 170.68 172.48 173.90 174.83 175.15 174.92 174.19 173.04 171.54 169.74 167.72 165.54 163.27 161.04 158.99 157.21 155.73 154.56 153.76 153.45 153.64 154.33 155.45 156.98 158.89 161.12 163.65 166.44 169.45 172.63 175.95 179.36 182.80 186.22 189.59 192.84 195.94 198.83 201.45 203.69 205.49 206.83 207.71 208.12 208.06 207.56
179.27 175.00 171.45 168.39 165.56 162.94 160.55 158.36 156.39 154.63 153.09 151.74 150.61 149.70 149.23 149.38 150.13 151.39 153.03 154.98 157.15 159.46 161.84 164.19 166.44 168.52 170.33 171.81 172.83 173.25 173.13 172.51 171.48 170.09 168.42 166.53 164.49 162.37 160.23 158.18 156.37 154.86 153.71 153.04 152.92 153.29 154.12 155.39 157.04 159.04 161.36 163.95 166.79 169.82 173.03 176.37 179.79 183.24 186.68 190.05 193.31 196.41 199.30 201.93 204.24 206.14 207.55 208.48 208.90 208.82 208.30
179.66 175.42 171.95 168.97 166.22 163.69 161.36 159.24 157.33 155.62 154.12 152.82 151.72 150.82 150.13 149.87 150.19 151.03 152.29 153.90 155.77 157.83 160.00 162.19 164.33 166.33 168.12 169.62 170.69 171.18 171.12 170.58 169.63 168.33 166.75 164.95 163.01 161.00 158.97 156.99 155.17 153.67 152.66 152.21 152.27 152.82 153.82 155.22 157.00 159.10 161.51 164.17 167.05 170.12 173.36 176.72 180.16 183.62 187.08 190.46 193.73 196.84 199.73 202.36 204.68 206.64 208.14 209.10 209.52 209.44 208.92
180.06 175.84 172.43 169.54 166.88 164.41 162.16 160.10 158.25 156.59 155.13 153.87 152.80 151.92 151.24 150.74 150.60 150.96 151.80 153.03 154.57 156.34 158.27 160.26 162.24 164.14 165.87 167.34 168.43 168.95 168.93 168.43 167.51 166.26 164.73 163.00 161.12 159.17 157.21 155.31 153.59 152.26 151.49 151.25 151.52 152.25 153.40 154.95 156.85 159.07 161.56 164.30 167.24 170.34 173.61 176.99 180.45 183.94 187.41 190.81 194.10 197.21 200.12 202.76 205.08 207.04 208.56 209.54 209.98 209.91 209.40
