data_processed/recharge/precip/Precip_2005_05.asc
ncols        168
nrows        136
xllcorner    455000
yllcorner    2107000
cellsize     500
NODATA_value     -99999
[rows 0 to 33 of 136, columns 0 to 76 of 168]
40.03 42.46 44.43 45.79 46.55 47.05 47.44 47.73 47.91 47.98 47.92 47.75 47.44 46.99 46.41 45.66 44.75 43.73 42.68 41.69 40.82 40.16 39.74 39.36 38.93 38.45 37.94 37.38 36.79 36.16 35.47 34.73 33.96 33.19 32.42 31.68 31.00 30.39 29.87 29.47 29.28 29.62 30.70 32.60 35.38 39.11 43.85 49.48 54.53 58.16 60.44 61.46 61.29 60.04 57.86 55.26 52.63 50.02 47.44 44.91 42.45 40.07 37.79 35.62 33.59 31.72 30.12 28.84 27.82 27.00 26.34 25.76 25.22 24.70 24.20 23.74 23.32
39.91 42.04 43.64 44.72 45.55 46.30 46.94 47.49 47.93 48.26 48.47 48.56 48.52 48.35 48.04 47.59 46.98 46.22 45.38 44.53 43.76 43.15 42.72 42.32 41.87 41.37 40.83 40.25 39.63 38.94 38.18 37.37 36.54 35.69 34.86 34.07 33.33 32.67 32.10 31.66 31.35 31.29 31.82 33.17 35.43 38.66 42.92 48.08 52.68 55.85 57.67 58.22 57.59 55.95 53.83 51.65 49.44 47.23 45.03 42.87 40.75 38.69 36.72 34.83 33.06 31.42 29.93 28.68 27.68 26.88 26.22 25.64 25.09 24.56 24.05 23.58 23.15
39.74 41.55 42.89 44.03 45.09 46.05 46.93 47.70 48.38 48.94 49.39 49.72 49.92 50.00 49.93 49.73 49.38 48.88 48.24 47.55 46.88 46.31 45.87 45.45 44.98 44.47 43.91 43.30 42.61 41.84 41.00 40.11 39.19 38.28 37.38 36.52 35.71 34.99 34.37 33.87 33.52 33.33 33.41 34.15 35.80 38.43 42.12 46.73 50.79 53.42 54.69 54.70 53.60 51.97 50.23 48.43 46.60 44.74 42.88 41.03 39.20 37.42 35.70 34.05 32.49 31.05 29.72 28.54 27.56 26.77 26.12 25.54 24.98 24.43 23.92 23.44 22.99
39.52 41.10 42.50 43.83 45.07 46.24 47.31 48.28 49.16 49.93 50.59 51.13 51.55 51.84 51.99 52.01 51.89 51.61 51.19 50.65 50.08 49.55 49.12 48.68 48.19 47.66 47.07 46.39 45.61 44.74 43.80 42.83 41.83 40.83 39.85 38.92 38.04 37.25 36.56 36.00 35.59 35.34 35.28 35.53 36.50 38.46 41.49 45.47 48.90 50.90 51.54 50.99 49.85 48.56 47.18 45.73 44.22 42.67 41.09 39.50 37.92 36.37 34.85 33.39 32.00 30.69 29.50 28.42 27.48 26.70 26.04 25.46 24.89 24.33 23.80 23.30 22.85
39.35 40.97 42.53 44.02 45.43 46.76 48.00 49.15 50.20 51.15 51.98 52.71 53.31 53.79 54.14 54.35 54.42 54.35 54.12 53.74 53.27 52.79 52.36 51.91 51.41 50.85 50.18 49.39 48.50 47.52 46.49 45.42 44.33 43.24 42.17 41.15 40.20 39.33 38.57 37.94 37.45 37.14 37.02 37.11 37.55 38.76 41.06 44.31 47.02 48.31 48.32 47.68 46.85 45.89 44.83 43.67 42.43 41.13 39.79 38.42 37.04 35.65 34.29 32.97 31.69 30.48 29.36 28.34 27.44 26.66 26.01 25.42 24.83 24.26 23.71 23.21 22.77
39.46 41.21 42.90 44.52 46.07 47.54 48.92 50.21 51.41 52.51 53.50 54.38 55.14 55.78 56.29 56.67 56.90 57.00 56.94 56.73 56.38 55.95 55.52 55.06 54.53 53.88 53.09 52.18 51.18 50.09 48.95 47.77 46.58 45.39 44.23 43.12 42.07 41.12 40.28 39.56 39.01 38.62 38.43 38.45 38.72 39.35 40.84 43.28 45.19 45.77 45.63 45.27 44.74 44.07 43.27 42.36 41.35 40.25 39.10 37.89 36.65 35.40 34.14 32.90 31.69 30.53 29.44 28.42 27.51 26.70 26.02 25.42 24.82 24.22 23.67 23.18 22.79
39.89 41.74 43.53 45.26 46.91 48.49 49.99 51.40 52.71 53.93 55.05 56.05 56.94 57.71 58.36 58.87 59.25 59.49 59.58 59.51 59.29 58.93 58.51 58.02 57.39 56.61 55.69 54.66 53.53 52.32 51.06 49.77 48.47 47.17 45.91 44.70 43.56 42.51 41.57 40.77 40.13 39.66 39.39 39.34 39.53 39.99 40.84 42.41 43.54 43.91 44.02 43.93 43.66 43.22 42.64 41.92 41.08 40.15 39.12 38.03 36.89 35.71 34.51 33.31 32.12 30.96 29.84 28.78 27.80 26.92 26.14 25.47 24.86 24.25 23.70 23.26 22.92
40.54 42.47 44.33 46.14 47.87 49.53 51.11 52.61 54.02 55.33 56.54 57.64 58.64 59.51 60.26 60.89 61.38 61.73 61.94 61.99 61.89 61.64 61.22 60.62 59.86 58.94 57.88 56.71 55.45 54.12 52.73 51.32 49.90 48.49 47.11 45.79 44.54 43.39 42.36 41.46 40.72 40.17 39.81 39.68 39.79 40.16 40.82 41.80 42.67 43.26 43.61 43.75 43.68 43.43 43.01 42.44 41.73 40.90 39.97 38.95 37.85 36.70 35.51 34.29 33.07 31.86 30.67 29.52 28.43 27.42 26.49 25.67 24.96 24.36 23.87 23.48 23.19
41.26 43.24 45.16 47.02 48.81 50.54 52.19 53.75 55.23 56.61 57.90 59.08 60.15 61.11 61.95 62.66 63.25 63.69 64.00 64.15 64.16 63.98 63.55 62.83 61.92 60.86 59.66 58.36 56.96 55.50 53.99 52.45 50.91 49.38 47.89 46.46 45.10 43.85 42.71 41.72 40.89 40.24 39.80 39.58 39.61 39.91 40.49 41.39 42.39 43.22 43.80 44.14 44.25 44.17 43.89 43.44 42.84 42.09 41.22 40.24 39.17 38.02 36.82 35.57 34.29 33.00 31.72 30.46 29.23 28.06 26.96 25.95 25.08 24.46 24.02 23.69 23.46
41.92 43.93 45.90 47.81 49.65 51.43 53.13 54.75 56.29 57.73 59.08 60.33 61.48 62.51 63.42 64.22 64.88 65.41 65.80 66.04 66.12 65.94 65.47 64.70 63.67 62.47 61.14 59.71 58.19 56.60 54.97 53.32 51.66 50.03 48.43 46.89 45.44 44.09 42.86 41.77 40.86 40.12 39.60 39.30 39.26 39.49 40.04 40.92 41.94 42.93 43.73 44.28 44.58 44.67 44.54 44.22 43.73 43.07 42.27 41.35 40.31 39.17 37.96 36.68 35.36 34.00 32.63 31.26 29.91 28.59 27.33 26.17 25.18 24.44 23.99 23.72 23.54
42.50 44.55 46.55 48.50 50.38 52.20 53.94 55.61 57.20 58.70 60.11 61.41 62.62 63.71 64.69 65.55 66.29 66.89 67.36 67.66 67.72 67.50 66.99 66.19 65.11 63.80 62.35 60.80 59.16 57.45 55.71 53.95 52.19 50.45 48.75 47.12 45.57 44.13 42.82 41.65 40.65 39.85 39.25 38.88 38.78 38.98 39.51 40.38 41.38 42.38 43.34 44.10 44.61 44.87 44.91 44.73 44.35 43.80 43.08 42.22 41.22 40.11 38.89 37.60 36.24 34.82 33.38 31.91 30.44 28.99 27.60 26.34 25.24 24.40 23.85 23.57 23.44
43.04 45.10 47.13 49.10 51.01 52.86 54.64 56.35 57.98 59.52 60.97 62.33 63.59 64.73 65.77 66.69 67.49 68.15 68.67 68.94 68.95 68.68 68.14 67.31 66.20 64.85 63.30 61.63 59.88 58.07 56.22 54.36 52.50 50.67 48.88 47.16 45.53 44.01 42.61 41.37 40.30 39.43 38.76 38.34 38.21 38.40 38.93 39.77 40.75 41.74 42.71 43.62 44.34 44.79 44.99 44.97 44.72 44.28 43.65 42.86 41.91 40.83 39.63 38.33 36.94 35.48 33.96 32.41 30.84 29.29 27.82 26.47 25.28 24.33 23.68 23.31 23.19
43.53 45.60 47.64 49.63 51.56 53.43 55.24 56.97 58.63 60.21 61.70 63.09 64.39 65.58 66.66 67.63 68.48 69.18 69.66 69.86 69.81 69.50 68.94 68.08 66.95 65.57 63.98 62.23 60.37 58.47 56.52 54.57 52.62 50.70 48.83 47.03 45.32 43.72 42.26 40.95 39.82 38.88 38.17 37.72 37.59 37.78 38.29 39.11 40.06 41.03 41.99 42.92 43.77 44.42 44.81 44.94 44.84 44.52 43.99 43.28 42.39 41.35 40.18 38.88 37.47 35.97 34.40 32.77 31.13 29.52 27.99 26.57 25.30 24.26 23.52 23.05 22.85
43.98 46.05 48.09 50.09 52.03 53.92 55.74 57.49 59.17 60.77 62.29 63.71 65.04 66.26 67.38 68.39 69.26 69.91 70.30 70.44 70.33 69.99 69.41 68.54 67.39 65.99 64.38 62.59 60.66 58.66 56.62 54.58 52.55 50.55 48.61 46.74 44.96 43.29 41.77 40.40 39.21 38.23 37.50 37.07 36.94 37.11 37.61 38.39 39.32 40.26 41.20 42.12 43.00 43.78 44.35 44.66 44.71 44.52 44.10 43.48 42.67 41.68 40.53 39.25 37.83 36.31 34.69 33.02 31.34 29.69 28.11 26.63 25.28 24.17 23.35 22.81 22.52
44.40 46.47 48.50 50.50 52.44 54.33 56.16 57.92 59.61 61.22 62.75 64.19 65.54 66.79 67.94 68.96 69.76 70.32 70.63 70.71 70.55 70.18 69.58 68.70 67.53 66.12 64.50 62.68 60.72 58.65 56.54 54.42 52.32 50.25 48.24 46.30 44.46 42.74 41.16 39.74 38.51 37.51 36.80 36.38 36.25 36.41 36.88 37.64 38.53 39.45 40.37 41.27 42.14 42.94 43.65 44.13 44.34 44.29 43.99 43.47 42.74 41.82 40.71 39.45 38.04 36.50 34.86 33.18 31.48 29.80 28.18 26.65 25.25 24.07 23.19 22.58 22.21
44.78 46.83 48.86 50.85 52.79 54.67 56.50 58.26 59.95 61.57 63.10 64.56 65.92 67.18 68.33 69.27 69.97 70.43 70.66 70.68 70.48 70.08 69.48 68.59 67.42 66.00 64.36 62.53 60.56 58.47 56.29 54.11 51.94 49.80 47.73 45.73 43.84 42.07 40.44 38.98 37.75 36.78 36.09 35.67 35.53 35.68 36.13 36.85 37.71 38.60 39.50 40.38 41.23 42.02 42.75 43.35 43.73 43.83 43.67 43.26 42.62 41.77 40.72 39.49 38.09 36.55 34.93 33.24 31.54 29.84 28.20 26.63 25.19 23.96 23.03 22.36 21.94
45.12 47.16 49.17 51.15 53.09 54.96 56.77 58.52 60.21 61.82 63.35 64.80 66.17 67.42 68.47 69.30 69.89 70.26 70.43 70.39 70.16 69.74 69.12 68.23 67.06 65.63 63.99 62.16 60.18 58.07 55.88 53.64 51.41 49.23 47.10 45.06 43.12 41.30 39.64 38.19 36.99 36.04 35.36 34.94 34.80 34.93 35.35 36.04 36.86 37.72 38.59 39.45 40.28 41.06 41.78 42.41 42.90 43.16 43.14 42.85 42.32 41.54 40.56 39.37 38.00 36.50 34.90 33.23 31.53 29.83 28.17 26.58 25.10 23.84 22.86 22.15 21.69
45.41 47.43 49.43 51.40 53.32 55.19 56.99 58.73 60.39 61.99 63.51 64.95 66.28 67.43 68.36 69.06 69.56 69.85 69.95 69.86 69.59 69.16 68.54 67.66 66.49 65.06 63.42 61.59 59.60 57.49 55.30 53.04 50.77 48.53 46.36 44.28 42.30 40.46 38.81 37.40 36.22 35.30 34.62 34.21 34.06 34.17 34.56 35.21 35.99 36.81 37.65 38.49 39.30 40.06 40.77 41.39 41.91 42.28 42.41 42.25 41.83 41.15 40.23 39.10 37.79 36.33 34.77 33.12 31.44 29.75 28.09 26.49 25.00 23.71 22.70 21.96 21.46
45.66 47.66 49.64 51.59 53.50 55.36 57.15 58.87 60.51 62.08 63.58 64.98 66.20 67.21 68.01 68.60 69.00 69.21 69.25 69.12 68.82 68.38 67.77 66.89 65.72 64.30 62.67 60.84 58.85 56.75 54.55 52.30 50.01 47.75 45.54 43.42 41.42 39.60 37.99 36.61 35.47 34.56 33.89 33.47 33.31 33.40 33.76 34.37 35.11 35.89 36.70 37.50 38.29 39.04 39.73 40.34 40.85 41.25 41.48 41.47 41.16 40.59 39.76 38.70 37.46 36.06 34.54 32.94 31.28 29.61 27.96 26.37 24.87 23.57 22.55 21.79 21.27
45.86 47.83 49.79 51.72 53.61 55.46 57.24 58.95 60.57 62.11 63.56 64.83 65.90 66.77 67.44 67.93 68.24 68.38 68.36 68.18 67.87 67.42 66.82 65.95 64.80 63.39 61.76 59.94 57.96 55.86 53.67 51.42 49.14 46.87 44.64 42.50 40.53 38.75 37.19 35.85 34.73 33.83 33.17 32.75 32.57 32.63 32.95 33.52 34.21 34.96 35.73 36.50 37.27 37.99 38.67 39.27 39.77 40.16 40.42 40.50 40.33 39.87 39.13 38.17 37.00 35.67 34.22 32.66 31.05 29.42 27.79 26.21 24.72 23.42 22.39 21.63 21.10
46.01 47.96 49.89 51.80 53.67 55.49 57.26 58.95 60.56 62.06 63.38 64.49 65.41 66.13 66.69 67.07 67.29 67.37 67.29 67.09 66.76 66.31 65.72 64.87 63.73 62.34 60.73 58.92 56.96 54.87 52.68 50.44 48.17 45.90 43.68 41.58 39.66 37.94 36.42 35.11 34.01 33.13 32.47 32.03 31.83 31.87 32.16 32.67 33.32 34.02 34.76 35.50 36.23 36.93 37.59 38.17 38.67 39.05 39.31 39.42 39.33 38.99 38.36 37.50 36.43 35.18 33.80 32.31 30.75 29.16 27.57 26.02 24.54 23.26 22.24 21.49 20.96
46.12 48.03 49.93 51.81 53.65 55.45 57.20 58.88 60.45 61.85 63.02 63.97 64.73 65.33 65.77 66.06 66.20 66.21 66.09 65.86 65.51 65.07 64.50 63.67 62.56 61.18 59.59 57.80 55.85 53.78 51.61 49.38 47.12 44.88 42.71 40.69 38.84 37.16 35.68 34.40 33.32 32.45 31.79 31.34 31.12 31.13 31.37 31.84 32.44 33.09 33.78 34.49 35.19 35.87 36.50 37.07 37.55 37.93 38.18 38.28 38.21 37.95 37.45 36.70 35.73 34.58 33.28 31.87 30.38 28.85 27.31 25.80 24.35 23.09 22.10 21.36 20.86
46.17 48.04 49.91 51.76 53.57 55.35 57.07 58.70 60.17 61.42 62.46 63.29 63.92 64.39 64.72 64.91 64.98 64.93 64.77 64.51 64.16 63.72 63.18 62.38 61.29 59.94 58.37 56.61 54.68 52.63 50.48 48.27 46.04 43.86 41.79 39.85 38.06 36.44 34.99 33.73 32.67 31.80 31.14 30.68 30.44 30.41 30.61 31.02 31.57 32.18 32.82 33.49 34.16 34.80 35.41 35.96 36.42 36.79 37.02 37.10 37.03 36.80 36.39 35.76 34.91 33.87 32.67 31.35 29.94 28.48 27.00 25.54 24.14 22.92 21.96 21.25 20.78
46.17 48.00 49.83 51.64 53.42 55.17 56.84 58.36 59.68 60.79 61.71 62.44 62.97 63.33 63.55 63.66 63.65 63.55 63.36 63.08 62.72 62.30 61.79 61.02 59.96 58.65 57.10 55.37 53.47 51.44 49.32 47.14 44.98 42.90 40.93 39.06 37.34 35.76 34.35 33.11 32.06 31.20 30.53 30.05 29.78 29.72 29.87 30.23 30.72 31.28 31.88 32.50 33.13 33.75 34.32 34.85 35.29 35.63 35.83 35.89 35.81 35.59 35.22 34.70 33.98 33.05 31.97 30.75 29.43 28.05 26.65 25.26 23.91 22.74 21.83 21.17 20.73
46.11 47.90 49.69 51.46 53.20 54.89 56.44 57.81 58.98 59.98 60.79 61.42 61.88 62.16 62.30 62.32 62.25 62.10 61.87 61.58 61.23 60.83 60.35 59.62 58.60 57.32 55.81 54.10 52.24 50.24 48.16 46.06 44.01 42.03 40.14 38.35 36.68 35.15 33.76 32.55 31.51 30.65 29.97 29.47 29.17 29.07 29.18 29.48 29.91 30.41 30.96 31.54 32.13 32.71 33.25 33.75 34.16 34.44 34.61 34.65 34.56 34.35 34.01 33.54 32.92 32.13 31.17 30.06 28.85 27.57 26.26 24.94 23.66 22.55 21.70 21.10 20.72
46.00 47.74 49.48 51.21 52.89 54.45 55.84 57.06 58.10 58.98 59.70 60.25 60.65 60.89 60.97 60.93 60.80 60.61 60.35 60.05 59.71 59.33 58.89 58.20 57.22 55.98 54.51 52.84 51.01 49.06 47.07 45.09 43.15 41.27 39.45 37.73 36.11 34.61 33.25 32.05 31.01 30.15 29.46 28.94 28.61 28.47 28.52 28.76 29.13 29.57 30.07 30.60 31.15 31.69 32.20 32.65 32.99 33.23 33.35 33.37 33.28 33.08 32.76 32.33 31.78 31.11 30.28 29.30 28.21 27.03 25.82 24.59 23.39 22.36 21.58 21.05 20.74
45.83 47.52 49.21 50.87 52.42 53.81 55.04 56.12 57.05 57.83 58.46 58.94 59.29 59.49 59.56 59.50 59.32 59.09 58.81 58.51 58.17 57.83 57.43 56.79 55.86 54.66 53.23 51.61 49.83 47.98 46.11 44.25 42.41 40.62 38.88 37.22 35.64 34.18 32.84 31.64 30.59 29.72 29.01 28.47 28.10 27.92 27.91 28.09 28.40 28.78 29.22 29.71 30.21 30.70 31.15 31.52 31.79 31.98 32.07 32.07 31.97 31.77 31.48 31.09 30.59 30.00 29.29 28.46 27.49 26.44 25.34 24.21 23.11 22.17 21.47 21.02 20.79
45.60 47.23 48.85 50.37 51.74 52.97 54.07 55.02 55.84 56.52 57.08 57.51 57.81 57.99 58.05 58.00 57.83 57.57 57.28 56.98 56.66 56.35 56.00 55.41 54.53 53.38 52.01 50.44 48.77 47.05 45.31 43.56 41.82 40.11 38.44 36.83 35.30 33.86 32.53 31.32 30.26 29.36 28.63 28.06 27.66 27.43 27.36 27.48 27.71 28.04 28.42 28.85 29.30 29.72 30.08 30.36 30.57 30.70 30.75 30.73 30.62 30.44 30.17 29.82 29.38 28.85 28.24 27.53 26.71 25.80 24.81 23.81 22.81 21.96 21.37 21.01 20.87
45.30 46.86 48.32 49.66 50.87 51.96 52.92 53.76 54.48 55.08 55.58 55.96 56.23 56.40 56.47 56.43 56.30 56.08 55.79 55.48 55.19 54.92 54.62 54.09 53.27 52.18 50.86 49.41 47.88 46.30 44.68 43.03 41.39 39.75 38.15 36.59 35.09 33.67 32.35 31.13 30.05 29.11 28.34 27.73 27.29 27.00 26.88 26.92 27.09 27.35 27.67 28.04 28.41 28.72 28.98 29.18 29.32 29.40 29.41 29.37 29.26 29.08 28.83 28.52 28.13 27.68 27.15 26.55 25.87 25.09 24.25 23.37 22.49 21.76 21.28 21.03 20.99
44.93 46.33 47.61 48.78 49.83 50.78 51.62 52.35 52.99 53.52 53.96 54.31 54.56 54.73 54.81 54.81 54.73 54.57 54.33 54.06 53.79 53.56 53.33 52.86 52.09 51.07 49.88 48.58 47.19 45.74 44.23 42.69 41.13 39.57 38.02 36.50 35.04 33.63 32.31 31.08 29.97 28.99 28.16 27.49 26.99 26.66 26.47 26.44 26.54 26.73 26.98 27.26 27.50 27.70 27.86 27.97 28.04 28.07 28.05 27.98 27.86 27.69 27.47 27.19 26.86 26.48 26.03 25.53 24.97 24.34 23.65 22.91 22.16 21.55 21.19 21.06 21.10
44.40 45.60 46.71 47.71 48.63 49.45 50.18 50.82 51.38 51.86 52.25 52.57 52.82 53.00 53.10 53.14 53.12 53.04 52.90 52.70 52.49 52.31 52.14 51.73 51.04 50.15 49.12 47.97 46.72 45.39 44.00 42.55 41.07 39.57 38.08 36.60 35.15 33.76 32.43 31.19 30.04 29.01 28.12 27.37 26.80 26.39 26.14 26.04 26.06 26.17 26.32 26.46 26.57 26.65 26.71 26.75 26.75 26.72 26.66 26.57 26.44 26.28 26.08 25.84 25.57 25.25 24.89 24.49 24.04 23.55 23.00 22.42 21.81 21.35 21.12 21.08 21.15
43.67 44.70 45.63 46.49 47.27 47.98 48.61 49.17 49.66 50.09 50.46 50.76 51.01 51.21 51.35 51.45 51.50 51.50 51.47 51.39 51.29 51.18 51.07 50.75 50.20 49.48 48.60 47.60 46.49 45.28 43.98 42.63 41.22 39.79 38.34 36.89 35.46 34.07 32.73 31.46 30.28 29.20 28.23 27.41 26.73 26.23 25.90 25.71 25.65 25.65 25.65 25.64 25.62 25.59 25.55 25.50 25.43 25.35 25.25 25.14 25.00 24.85 24.67 24.47 24.25 24.00 23.72 23.42 23.09 22.72 22.33 21.90 21.45 21.13 21.01 21.01 21.11
42.77 43.62 44.41 45.12 45.78 46.38 46.92 47.41 47.85 48.25 48.59 48.90 49.16 49.39 49.58 49.74 49.87 49.97 50.05 50.11 50.15 50.18 50.17 50.00 49.62 49.07 48.35 47.49 46.50 45.40 44.21 42.94 41.60 40.22 38.81 37.39 35.98 34.58 33.23 31.93 30.70 29.56 28.52 27.61 26.83 26.21 25.76 25.48 25.29 25.12 24.95 24.80 24.65 24.51 24.37 24.23 24.10 23.96 23.82 23.69 23.54 23.40 23.24 23.08 22.91 22.73 22.54 22.33 22.11 21.88 21.63 21.36 21.08 20.87 20.80 20.83 20.97
41.78 42.46 43.10 43.69 44.23 44.73 45.19 45.62 46.01 46.38 46.71 47.02 47.31 47.57 47.82 48.05 48.27 48.48 48.68 48.88 49.08 49.27 49.39 49.39 49.20 48.81 48.25 47.53 46.67 45.68 44.59 43.40 42.13 40.81 39.44 38.05 36.64 35.25 33.88 32.54 31.27 30.07 28.96 27.96 27.08 26.34 25.76 25.33 24.96 24.61 24.29 23.99 23.71 23.45 23.21 22.99 22.79 22.60 22.42 22.26 22.11 21.97 21.84 21.72 21.60 21.49 21.38 21.27 21.17 21.06 20.96 20.84 20.70 20.56 20.53 20.60 20.77
