data_processed/recharge/precip/Precip_2013_12.asc
ncols        168
nrows        136
xllcorner    455000
yllcorner    2107000
cellsize     500
NODATA_value     -99999
[rows 99 to 131 of 136, columns 0 to 72 of 168]
55.38 54.06 53.66 54.20 55.65 57.85 60.44 63.28 66.33 69.55 72.91 76.37 79.88 83.42 86.94 90.41 93.80 97.23 100.91 104.91 109.25 113.95 119.03 124.52 130.32 136.20 142.09 147.96 153.78 159.52 165.15 170.50 175.24 179.27 182.60 185.23 187.17 188.43 189.02 188.96 188.24 186.87 184.87 182.23 178.92 174.96 170.37 165.17 159.38 153.02 146.49 140.63 135.57 131.23 127.55 124.45 121.88 119.70 117.69 115.79 114.00 112.33 110.77 109.33 108.02 106.84 105.79 104.87 104.09 103.23 101.99 100.32 98.24
53.15 52.09 52.06 53.04 54.85 57.15 59.77 62.70 65.87 69.27 72.85 76.57 80.39 84.29 88.21 92.12 95.99 99.79 103.63 107.75 112.20 117.02 122.21 127.81 133.71 139.70 145.69 151.66 157.58 163.41 168.99 174.00 178.33 181.99 184.99 187.33 189.04 190.11 190.55 190.38 189.59 188.21 186.24 183.68 180.53 176.77 172.42 167.49 162.00 155.97 149.79 144.24 139.43 135.28 131.74 128.73 126.12 123.65 121.27 118.97 116.76 114.63 112.61 110.68 108.85 107.13 105.51 104.01 102.63 101.36 100.00 98.28 96.15
51.34 50.57 50.91 52.18 54.01 56.26 58.88 61.85 65.12 68.65 72.41 76.35 80.45 84.66 88.95 93.27 97.59 101.87 106.09 110.37 114.94 119.87 125.17 130.87 136.88 142.97 149.06 155.13 161.14 166.93 172.17 176.78 180.75 184.09 186.82 188.94 190.46 191.39 191.73 191.51 190.71 189.37 187.47 185.04 182.08 178.57 174.51 169.91 164.79 159.16 153.38 148.20 143.70 139.81 136.47 133.52 130.71 127.94 125.24 122.59 120.01 117.50 115.05 112.68 110.39 108.18 106.06 104.02 102.08 100.24 98.49 96.65 94.46
49.99 49.52 50.08 51.28 52.99 55.16 57.74 60.72 64.04 67.67 71.57 75.71 80.04 84.53 89.14 93.83 98.57 103.31 108.02 112.68 117.41 122.45 127.86 133.67 139.79 145.97 152.17 158.33 164.29 169.75 174.61 178.86 182.53 185.61 188.11 190.06 191.45 192.29 192.59 192.36 191.62 190.36 188.59 186.34 183.59 180.37 176.67 172.46 167.76 162.59 157.28 152.53 148.40 144.83 141.65 138.58 135.55 132.54 129.57 126.63 123.73 120.87 118.07 115.31 112.61 109.96 107.38 104.87 102.43 100.06 97.76 95.54 93.23
49.16 48.84 49.25 50.24 51.78 53.83 56.34 59.28 62.62 66.31 70.32 74.60 79.13 83.87 88.76 93.79 98.91 104.07 109.26 114.42 119.53 124.73 130.25 136.16 142.38 148.67 154.96 161.08 166.72 171.80 176.31 180.27 183.68 186.55 188.89 190.71 192.02 192.83 193.14 192.97 192.32 191.20 189.62 187.59 185.12 182.22 178.89 175.13 170.92 166.27 161.49 157.23 153.53 150.23 147.02 143.81 140.61 137.41 134.21 131.04 127.87 124.73 121.61 118.52 115.46 112.44 109.45 106.51 103.62 100.77 97.98 95.25 92.57
48.71 48.16 48.28 49.03 50.36 52.25 54.65 57.53 60.84 64.55 68.63 73.03 77.72 82.66 87.81 93.13 98.59 104.14 109.76 115.40 121.02 126.60 132.28 138.30 144.62 151.01 157.26 163.06 168.34 173.08 177.31 181.02 184.23 186.94 189.17 190.92 192.20 193.03 193.40 193.34 192.84 191.91 190.57 188.82 186.68 184.15 181.23 177.94 174.27 170.21 166.03 162.31 158.98 155.74 152.46 149.16 145.84 142.50 139.14 135.78 132.40 129.03 125.65 122.28 118.92 115.57 112.23 108.91 105.62 102.36 99.12 95.92 92.76
48.30 47.38 47.16 47.62 48.72 50.41 52.66 55.43 58.69 62.39 66.49 70.97 75.78 80.89 86.25 91.83 97.60 103.50 109.51 115.59 121.70 127.80 133.86 140.04 146.46 152.81 158.76 164.20 169.15 173.62 177.60 181.12 184.18 186.79 188.96 190.70 192.01 192.91 193.40 193.49 193.19 192.51 191.46 190.05 188.28 186.17 183.72 180.95 177.85 174.43 170.90 167.65 164.47 161.23 157.94 154.60 151.21 147.79 144.32 140.82 137.29 133.73 130.15 126.55 122.94 119.31 115.68 112.04 108.40 104.77 101.14 97.53 93.93
47.81 46.47 45.89 46.02 46.84 48.30 50.36 52.99 56.15 59.80 63.90 68.42 73.32 78.55 84.09 89.89 95.92 102.14 108.51 114.99 121.55 128.14 134.73 141.30 147.76 153.82 159.40 164.53 169.21 173.45 177.25 180.63 183.60 186.15 188.31 190.08 191.47 192.49 193.15 193.45 193.41 193.03 192.32 191.29 189.96 188.32 186.39 184.17 181.68 178.92 175.96 172.94 169.84 166.66 163.41 160.08 156.68 153.22 149.69 146.11 142.48 138.79 135.06 131.28 127.47 123.62 119.74 115.84 111.91 107.96 103.99 100.01 96.03
47.62 45.83 44.84 44.61 45.11 46.30 48.14 50.59 53.61 57.17 61.23 65.75 70.69 76.02 81.69 87.68 93.94 100.43 107.12 113.96 120.93 127.98 135.07 142.22 148.99 154.79 160.02 164.85 169.27 173.28 176.91 180.16 183.04 185.56 187.72 189.54 191.02 192.17 193.00 193.52 193.75 193.68 193.32 192.69 191.79 190.64 189.24 187.59 185.71 183.47 180.73 177.85 174.88 171.81 168.64 165.36 162.00 158.55 155.01 151.40 147.70 143.93 140.09 136.19 132.22 128.20 124.12 119.99 115.81 111.59 107.34 103.04 98.71
48.26 45.98 44.54 43.91 44.05 44.93 46.50 48.72 51.57 55.00 58.98 63.46 68.41 73.79 79.56 85.69 92.13 98.85 105.82 112.99 120.33 127.79 135.40 143.17 150.60 156.68 161.65 166.13 170.24 174.00 177.41 180.49 183.24 185.67 187.79 189.61 191.14 192.38 193.35 194.05 194.49 194.69 194.64 194.36 193.86 193.15 192.23 191.11 189.67 187.58 184.92 182.15 179.33 176.40 173.34 170.17 166.87 163.47 159.96 156.34 152.62 148.81 144.90 140.90 136.82 132.66 128.41 124.10 119.71 115.26 110.74 106.17 101.54
49.71 46.96 45.04 43.96 43.71 44.23 45.49 47.46 50.09 53.35 57.20 61.60 66.52 71.91 77.73 83.96 90.56 97.47 104.68 112.13 119.80 127.69 135.85 144.21 152.24 158.95 164.20 168.40 172.16 175.61 178.76 181.62 184.19 186.49 188.52 190.29 191.82 193.10 194.16 194.99 195.60 196.02 196.23 196.26 196.11 195.79 195.31 194.54 193.20 191.15 188.56 185.86 183.15 180.38 177.47 174.43 171.24 167.92 164.47 160.89 157.18 153.36 149.41 145.36 141.20 136.93 132.56 128.09 123.53 118.88 114.14 109.32 104.42
51.65 48.73 46.34 44.79 44.09 44.22 45.14 46.80 49.18 52.23 55.91 60.19 65.03 70.39 76.23 82.52 89.22 96.29 103.69 111.39 119.40 127.78 136.45 145.32 153.87 161.15 167.00 171.47 174.96 178.05 180.89 183.47 185.82 187.94 189.83 191.51 192.99 194.27 195.36 196.27 197.01 197.59 198.02 198.31 198.46 198.48 198.27 197.55 196.19 194.18 191.66 189.04 186.39 183.73 180.99 178.11 175.07 171.87 168.51 165.00 161.34 157.54 153.60 149.53 145.32 140.98 136.52 131.93 127.23 122.42 117.50 112.47 107.34
53.82 50.96 48.40 46.39 45.21 44.91 45.44 46.76 48.84 51.63 55.11 59.23 63.95 69.24 75.06 81.37 88.14 95.32 102.88 110.84 119.26 128.07 137.19 146.48 155.46 163.23 169.64 174.69 178.43 181.24 183.72 185.99 188.06 189.95 191.66 193.20 194.57 195.80 196.88 197.83 198.65 199.35 199.95 200.44 200.84 201.06 200.83 200.04 198.68 196.70 194.26 191.70 189.12 186.52 183.89 181.19 178.33 175.28 172.05 168.65 165.08 161.34 157.43 153.37 149.15 144.78 140.26 135.60 130.79 125.85 120.78 115.58 110.28
56.16 53.40 50.89 48.71 47.08 46.30 46.40 47.34 49.08 51.58 54.81 58.73 63.30 68.48 74.23 80.52 87.31 94.57 102.31 110.60 119.39 128.57 138.03 147.66 156.99 165.17 172.05 177.64 181.94 184.99 187.18 189.09 190.84 192.45 193.93 195.28 196.51 197.63 198.65 199.59 200.44 201.22 201.93 202.58 203.09 203.23 202.89 202.04 200.66 198.72 196.35 193.88 191.36 188.82 186.25 183.66 180.98 178.12 175.06 171.80 168.35 164.70 160.87 156.86 152.67 148.30 143.76 139.05 134.18 129.15 123.96 118.64 113.20
58.65 55.99 53.57 51.43 49.63 48.40 48.03 48.54 49.91 52.08 55.02 58.69 63.07 68.09 73.74 79.97 86.75 94.10 102.10 110.69 119.77 129.23 138.96 148.85 158.45 166.95 174.22 180.26 185.08 188.68 191.09 192.70 194.09 195.37 196.57 197.68 198.72 199.69 200.61 201.48 202.31 203.12 203.90 204.58 204.95 204.93 204.47 203.56 202.17 200.28 197.98 195.58 193.13 190.65 188.13 185.59 183.02 180.36 177.50 174.42 171.13 167.61 163.89 159.96 155.83 151.50 146.97 142.26 137.35 132.27 127.01 121.61 116.09
61.28 58.71 56.38 54.32 52.57 51.16 50.34 50.39 51.33 53.13 55.74 59.14 63.27 68.11 73.61 79.74 86.53 94.07 102.29 111.10 120.39 130.04 139.96 150.02 159.81 168.55 176.12 182.53 187.79 191.88 194.83 196.65 197.73 198.65 199.51 200.34 201.13 201.91 202.68 203.44 204.20 204.98 205.71 206.19 206.36 206.17 205.60 204.63 203.23 201.37 199.15 196.82 194.45 192.03 189.57 187.07 184.55 182.00 179.35 176.48 173.37 170.03 166.45 162.64 158.61 154.35 149.87 145.18 140.28 135.19 129.91 124.47 118.89
64.00 61.54 59.31 57.33 55.64 54.27 53.28 52.88 53.36 54.75 56.99 60.06 63.92 68.52 73.84 79.90 86.80 94.49 102.86 111.81 121.22 130.99 141.00 151.16 161.04 169.94 177.74 184.44 190.04 194.55 197.97 200.31 201.59 202.20 202.69 203.18 203.69 204.22 204.78 205.38 206.03 206.68 207.15 207.37 207.32 206.97 206.29 205.26 203.85 202.03 199.89 197.64 195.33 192.97 190.57 188.12 185.64 183.13 180.59 177.94 175.06 171.92 168.52 164.87 160.96 156.82 152.42 147.80 142.94 137.88 132.62 127.18 121.59
66.80 64.46 62.32 60.43 58.82 57.51 56.54 55.97 56.01 56.94 58.77 61.48 65.02 69.35 74.52 80.61 87.60 95.36 103.79 112.79 122.24 132.04 142.08 152.24 162.14 171.11 179.05 185.95 191.82 196.66 200.48 203.28 205.05 205.84 206.02 206.13 206.30 206.54 206.85 207.25 207.68 208.01 208.17 208.13 207.87 207.36 206.57 205.47 204.05 202.28 200.22 198.04 195.81 193.51 191.16 188.77 186.33 183.85 181.35 178.81 176.16 173.25 170.07 166.61 162.87 158.87 154.60 150.07 145.30 140.31 135.10 129.72 124.16
69.65 67.42 65.39 63.60 62.06 60.82 59.91 59.36 59.21 59.71 61.09 63.39 66.58 70.68 75.80 81.91 88.90 96.65 105.06 114.03 123.44 133.18 143.15 153.24 163.08 172.04 180.03 187.06 193.11 198.20 202.33 205.50 207.72 208.99 209.33 209.13 208.91 208.81 208.82 208.92 208.98 208.95 208.80 208.49 208.02 207.34 206.44 205.29 203.87 202.14 200.15 198.06 195.89 193.66 191.37 189.02 186.63 184.19 181.71 179.20 176.66 173.99 171.06 167.82 164.29 160.47 156.35 151.97 147.32 142.44 137.34 132.03 126.54
72.51 70.41 68.50 66.80 65.35 64.18 63.33 62.83 62.70 63.01 63.96 65.82 68.68 72.67 77.73 83.77 90.68 98.34 106.65 115.50 124.78 134.39 144.21 154.14 163.83 172.71 180.67 187.73 193.88 199.14 203.50 206.97 209.54 211.23 212.03 211.99 211.45 210.95 210.59 210.25 209.90 209.51 209.04 208.48 207.79 206.95 205.95 204.74 203.30 201.62 199.71 197.70 195.60 193.44 191.20 188.91 186.56 184.16 181.71 179.22 176.70 174.15 171.46 168.49 165.20 161.58 157.66 153.46 148.98 144.25 139.29 134.11 128.73
75.38 73.41 71.61 70.01 68.66 67.57 66.78 66.33 66.25 66.56 67.33 68.85 71.52 75.37 80.30 86.18 92.92 100.41 108.53 117.18 126.26 135.65 145.24 154.93 164.38 173.08 180.94 187.95 194.12 199.46 203.97 207.64 210.49 212.52 213.73 214.12 213.72 212.88 212.02 211.23 210.46 209.70 208.92 208.10 207.20 206.21 205.09 203.82 202.38 200.74 198.92 196.98 194.96 192.86 190.69 188.45 186.14 183.78 181.36 178.90 176.40 173.86 171.29 168.57 165.54 162.18 158.49 154.51 150.24 145.70 140.92 135.90 130.68
78.21 76.37 74.70 73.22 71.96 70.95 70.24 69.85 69.81 70.16 71.02 72.61 75.13 78.77 83.46 89.11 95.60 102.83 110.69 119.06 127.84 136.93 146.21 155.57 164.71 173.15 180.81 187.69 193.80 199.14 203.71 207.51 210.56 212.84 214.37 215.14 215.15 214.38 213.11 211.85 210.68 209.55 208.46 207.38 206.27 205.12 203.90 202.58 201.13 199.54 197.79 195.94 193.99 191.96 189.85 187.66 185.40 183.07 180.69 178.25 175.77 173.24 170.68 168.06 165.29 162.22 158.81 155.08 151.06 146.76 142.20 137.39 132.36
80.98 79.29 77.74 76.38 75.22 74.31 73.67 73.34 73.36 73.84 75.00 76.87 79.44 82.83 87.22 92.55 98.71 105.60 113.10 121.11 129.51 138.21 147.10 156.05 164.80 172.90 180.28 186.95 192.91 198.16 202.71 206.56 209.71 212.17 213.93 215.00 215.35 214.95 213.78 212.16 210.57 209.09 207.69 206.34 205.03 203.72 202.39 201.01 199.56 198.01 196.35 194.58 192.71 190.75 188.69 186.56 184.35 182.06 179.71 177.30 174.84 172.32 169.74 167.12 164.46 161.67 158.58 155.16 151.42 147.40 143.09 138.53 133.73
83.67 82.13 80.72 79.47 78.42 77.61 77.05 76.80 76.97 77.78 79.28 81.42 84.16 87.49 91.54 96.47 102.22 108.68 115.74 123.30 131.25 139.48 147.89 156.35 164.62 172.29 179.31 185.69 191.42 196.50 200.95 204.76 207.94 210.48 212.41 213.70 214.34 214.30 213.54 212.06 210.16 208.32 206.61 205.00 203.48 202.02 200.58 199.15 197.70 196.20 194.62 192.93 191.14 189.24 187.25 185.17 183.01 180.76 178.45 176.06 173.61 171.09 168.50 165.87 163.22 160.56 157.77 154.69 151.29 147.58 143.58 139.31 134.78
86.25 84.86 83.59 82.47 81.54 80.82 80.36 80.29 80.82 81.99 83.79 86.16 89.07 92.47 96.36 100.85 106.10 112.05 118.60 125.63 133.04 140.72 148.56 156.45 164.15 171.32 177.90 183.89 189.31 194.14 198.40 202.09 205.21 207.78 209.81 211.30 212.20 212.48 212.12 211.08 209.36 207.27 205.25 203.39 201.66 200.04 198.50 197.01 195.56 194.11 192.61 191.01 189.29 187.47 185.54 183.52 181.40 179.20 176.92 174.56 172.10 169.57 166.98 164.35 161.70 159.05 156.41 153.66 150.63 147.27 143.62 139.67 135.46
88.69 87.46 86.34 85.35 84.54 83.94 83.68 83.99 84.91 86.43 88.48 91.05 94.08 97.54 101.40 105.63 110.35 115.71 121.65 128.07 134.85 141.90 149.09 156.32 163.38 169.95 176.01 181.54 186.56 191.06 195.05 198.53 201.54 204.10 206.22 207.85 208.98 209.56 209.57 208.97 207.73 205.85 203.63 201.51 199.58 197.80 196.16 194.62 193.17 191.76 190.36 188.84 187.20 185.44 183.58 181.61 179.55 177.39 175.13 172.77 170.32 167.79 165.20 162.57 159.93 157.29 154.67 152.08 149.41 146.45 143.17 139.60 135.74
90.97 89.91 88.93 88.09 87.41 87.02 87.18 87.92 89.22 91.02 93.31 96.03 99.14 102.63 106.43 110.52 114.88 119.61 124.87 130.59 136.67 143.00 149.46 155.95 162.28 168.18 173.62 178.61 183.15 187.23 190.87 194.10 196.99 199.53 201.69 203.45 204.76 205.60 205.94 205.75 204.99 203.63 201.67 199.39 197.26 195.33 193.58 191.99 190.54 189.19 187.86 186.43 184.87 183.19 181.39 179.48 177.47 175.34 173.10 170.74 168.28 165.76 163.18 160.56 157.93 155.31 152.71 150.15 147.65 145.07 142.22 139.06 135.60
93.06 92.17 91.35 90.66 90.22 90.28 90.90 92.04 93.66 95.73 98.20 101.04 104.21 107.67 111.39 115.33 119.44 123.71 128.24 133.19 138.47 144.00 149.65 155.32 160.83 165.97 170.73 175.08 179.06 182.64 185.89 188.89 191.65 194.13 196.30 198.14 199.61 200.68 201.32 201.49 201.17 200.33 198.93 196.96 194.72 192.64 190.79 189.15 187.69 186.40 185.16 183.81 182.33 180.72 178.99 177.14 175.17 173.05 170.81 168.46 166.02 163.50 160.93 158.34 155.73 153.12 150.55 148.02 145.56 143.17 140.73 138.01 134.99
94.94 94.22 93.57 93.14 93.18 93.74 94.79 96.29 98.20 100.49 103.12 106.04 109.22 112.63 116.22 119.96 123.81 127.73 131.70 135.83 140.24 144.88 149.63 154.39 159.01 163.32 167.29 170.94 174.27 177.32 180.23 182.99 185.58 187.97 190.12 192.01 193.60 194.86 195.77 196.28 196.36 196.00 195.15 193.78 191.88 189.75 187.80 186.11 184.66 183.41 182.26 181.00 179.60 178.07 176.40 174.60 172.64 170.54 168.31 165.97 163.54 161.04 158.49 155.92 153.33 150.76 148.21 145.72 143.29 140.95 138.71 136.43 133.89
96.57 96.03 95.68 95.75 96.32 97.35 98.79 100.61 102.78 105.25 107.99 110.96 114.12 117.44 120.87 124.37 127.92 131.47 134.99 138.45 141.95 145.62 149.39 153.17 156.80 160.19 163.30 166.16 168.82 171.42 173.98 176.47 178.86 181.12 183.22 185.13 186.80 188.22 189.36 190.17 190.63 190.71 190.37 189.59 188.33 186.58 184.63 182.89 181.44 180.25 179.19 178.02 176.70 175.24 173.63 171.85 169.90 167.81 165.60 163.28 160.87 158.40 155.88 153.33 150.78 148.24 145.73 143.27 140.89 138.59 136.41 134.35 132.26
97.93 97.71 97.89 98.53 99.59 101.04 102.84 104.95 107.34 109.96 112.78 115.75 118.86 122.04 125.27 128.51 131.72 134.87 137.91 140.80 143.53 146.20 148.91 151.61 154.18 156.56 158.74 160.79 162.88 165.03 167.21 169.40 171.56 173.66 175.67 177.55 179.28 180.83 182.16 183.24 184.04 184.52 184.67 184.44 183.80 182.73 181.21 179.52 178.07 176.94 175.97 174.89 173.65 172.25 170.67 168.90 166.97 164.90 162.71 160.41 158.03 155.59 153.10 150.59 148.07 145.57 143.11 140.70 138.36 136.11 133.99 131.99 130.13
99.13 99.48 100.25 101.42 102.94 104.78 106.90 109.26 111.82 114.55 117.41 120.36 123.37 126.39 129.38 132.32 135.15 137.86 140.38 142.70 144.76 146.55 148.16 149.71 151.13 152.43 153.66 155.03 156.56 158.23 160.00 161.85 163.74 165.65 167.53 169.36 171.11 172.75 174.24 175.55 176.66 177.52 178.11 178.40 178.36 177.94 177.14 175.92 174.57 173.49 172.61 171.62 170.45 169.09 167.52 165.77 163.87 161.82 159.66 157.39 155.04 152.64 150.19 147.72 145.24 142.79 140.37 138.01 135.73 133.54 131.47 129.54 127.76
100.40 101.37 102.70 104.36 106.30 108.49 110.89 113.47 116.18 118.98 121.85 124.73 127.60 130.42 133.14 135.74 138.16 140.38 142.36 144.05 145.43 146.45 147.09 147.43 147.64 147.85 148.28 148.99 149.93 151.09 152.42 153.89 155.48 157.16 158.88 160.63 162.36 164.05 165.67 167.18 168.56 169.76 170.77 171.54 172.05 172.27 172.16 171.69 170.86 169.93 169.14 168.23 167.09 165.75 164.20 162.48 160.61 158.59 156.46 154.23 151.93 149.56 147.16 144.73 142.31 139.91 137.55 135.24 133.02 130.90 128.89 127.02 125.31
