data_processed/recharge/precip/Precip_1991_01.asc
ncols        168
nrows        136
xllcorner    455000
yllcorner    2107000
cellsize     500
NODATA_value     -99999
[rows 0 to 36 of 136, columns 82 to 163 of 168]
3.80 3.91 4.03 4.17 4.32 4.47 4.63 4.80 4.97 5.15 5.32 5.50 5.68 5.86 6.04 6.22 6.40 6.57 6.75 6.92 7.10 7.27 7.44 7.60 7.76 7.92 8.08 8.24 8.40 8.55 8.71 8.86 9.00 9.15 9.29 9.42 9.55 9.67 9.78 9.89 9.98 10.07 10.15 10.21 10.26 10.31 10.34 10.35 10.35 10.34 10.31 10.26 10.21 10.19 10.31 10.59 11.04 11.65 12.41 13.32 14.38 15.59 16.93 18.40 20.01 21.75 23.60 25.58 27.68 29.88 32.19 34.46 36.35 37.83 38.93 39.68 40.11 40.25 40.14 39.80 39.27 38.58
3.62 3.73 3.86 4.00 4.15 4.30 4.47 4.64 4.81 4.99 5.16 5.34 5.52 5.70 5.88 6.06 6.24 6.42 6.60 6.78 6.95 7.13 7.30 7.46 7.63 7.79 7.96 8.12 8.29 8.45 8.61 8.77 8.93 9.08 9.22 9.36 9.50 9.62 9.74 9.86 9.96 10.05 10.13 10.21 10.27 10.31 10.35 10.37 10.38 10.37 10.35 10.31 10.25 10.18 10.15 10.26 10.53 10.96 11.56 12.30 13.20 14.24 15.43 16.75 18.21 19.80 21.51 23.35 25.31 27.38 29.56 31.71 33.49 34.88 35.91 36.60 37.00 37.12 37.01 36.69 36.20 35.57
3.44 3.56 3.69 3.83 3.98 4.14 4.30 4.47 4.65 4.82 5.00 5.18 5.36 5.54 5.72 5.91 6.09 6.27 6.45 6.63 6.81 6.98 7.15 7.32 7.50 7.67 7.84 8.01 8.19 8.36 8.53 8.69 8.85 9.01 9.16 9.31 9.45 9.58 9.71 9.83 9.94 10.04 10.13 10.20 10.27 10.33 10.37 10.40 10.41 10.41 10.39 10.36 10.31 10.24 10.15 10.11 10.20 10.46 10.88 11.46 12.19 13.07 14.09 15.26 16.56 18.00 19.57 21.26 23.08 25.01 27.06 29.08 30.75 32.05 33.00 33.64 34.00 34.11 33.99 33.69 33.23 32.65
3.26 3.38 3.51 3.66 3.81 3.97 4.14 4.31 4.48 4.66 4.84 5.02 5.20 5.38 5.57 5.75 5.93 6.12 6.30 6.48 6.66 6.84 7.01 7.19 7.37 7.55 7.73 7.91 8.09 8.27 8.44 8.61 8.78 8.95 9.11 9.26 9.41 9.55 9.68 9.81 9.92 10.03 10.12 10.21 10.28 10.34 10.39 10.42 10.44 10.45 10.43 10.41 10.36 10.30 10.22 10.12 10.06 10.14 10.38 10.79 11.35 12.06 12.92 13.93 15.07 16.36 17.78 19.32 21.00 22.79 24.70 26.59 28.15 29.35 30.23 30.81 31.12 31.20 31.08 30.79 30.37 29.83
3.08 3.21 3.34 3.49 3.64 3.81 3.97 4.15 4.32 4.50 4.68 4.86 5.04 5.23 5.41 5.60 5.78 5.97 6.15 6.33 6.51 6.70 6.88 7.06 7.25 7.44 7.62 7.81 8.00 8.18 8.36 8.54 8.72 8.89 9.06 9.22 9.37 9.52 9.66 9.79 9.91 10.02 10.12 10.21 10.29 10.36 10.41 10.45 10.48 10.49 10.48 10.46 10.42 10.36 10.29 10.19 10.08 10.01 10.07 10.30 10.68 11.23 11.92 12.76 13.75 14.88 16.14 17.54 19.06 20.71 22.49 24.24 25.68 26.78 27.58 28.09 28.36 28.42 28.29 28.01 27.61 27.12
2.91 3.03 3.17 3.32 3.48 3.64 3.81 3.98 4.16 4.34 4.52 4.70 4.89 5.07 5.26 5.44 5.63 5.82 6.00 6.19 6.37 6.56 6.75 6.94 7.13 7.33 7.52 7.72 7.91 8.10 8.29 8.48 8.66 8.84 9.01 9.18 9.34 9.49 9.64 9.78 9.90 10.02 10.13 10.23 10.31 10.38 10.44 10.49 10.52 10.54 10.54 10.52 10.49 10.43 10.36 10.28 10.17 10.04 9.95 9.99 10.20 10.57 11.10 11.77 12.60 13.56 14.67 15.91 17.29 18.79 20.41 22.03 23.35 24.35 25.06 25.51 25.73 25.76 25.61 25.34 24.96 24.51
2.73 2.86 3.00 3.15 3.31 3.48 3.65 3.82 4.00 4.18 4.36 4.54 4.73 4.92 5.10 5.29 5.48 5.67 5.86 6.04 6.23 6.43 6.62 6.82 7.02 7.23 7.43 7.63 7.83 8.03 8.22 8.42 8.61 8.79 8.97 9.14 9.31 9.47 9.62 9.77 9.90 10.03 10.14 10.24 10.33 10.41 10.48 10.53 10.57 10.59 10.59 10.58 10.55 10.51 10.44 10.36 10.26 10.13 9.99 9.88 9.91 10.10 10.45 10.96 11.61 12.41 13.36 14.44 15.66 17.02 18.49 19.97 21.17 22.06 22.68 23.06 23.23 23.22 23.06 22.79 22.43 22.02
2.56 2.69 2.84 2.99 3.15 3.32 3.49 3.66 3.84 4.02 4.20 4.39 4.57 4.76 4.95 5.14 5.33 5.52 5.71 5.90 6.10 6.30 6.51 6.71 6.92 7.13 7.34 7.55 7.76 7.96 8.16 8.36 8.56 8.75 8.94 9.12 9.29 9.46 9.62 9.77 9.91 10.04 10.16 10.27 10.36 10.45 10.52 10.58 10.62 10.65 10.66 10.65 10.63 10.59 10.53 10.45 10.35 10.23 10.09 9.93 9.81 9.82 9.99 10.32 10.80 11.44 12.22 13.14 14.21 15.40 16.73 18.06 19.13 19.91 20.44 20.75 20.86 20.81 20.64 20.36 20.02 19.64
2.39 2.53 2.67 2.83 2.99 3.16 3.33 3.51 3.68 3.87 4.05 4.23 4.42 4.61 4.80 4.99 5.18 5.38 5.57 5.77 5.98 6.19 6.40 6.61 6.83 7.04 7.26 7.48 7.69 7.90 8.11 8.32 8.52 8.72 8.91 9.10 9.28 9.45 9.61 9.77 9.92 10.05 10.18 10.30 10.40 10.49 10.57 10.63 10.68 10.71 10.73 10.73 10.71 10.67 10.62 10.54 10.45 10.34 10.20 10.04 9.86 9.72 9.71 9.87 10.18 10.64 11.25 12.01 12.91 13.95 15.12 16.31 17.25 17.92 18.35 18.58 18.63 18.54 18.34 18.06 17.73 17.38
2.22 2.36 2.51 2.67 2.84 3.00 3.18 3.35 3.53 3.71 3.90 4.08 4.27 4.46 4.65 4.85 5.04 5.24 5.44 5.65 5.86 6.08 6.30 6.52 6.74 6.96 7.19 7.41 7.63 7.85 8.07 8.28 8.49 8.69 8.89 9.08 9.27 9.45 9.62 9.78 9.94 10.08 10.21 10.33 10.44 10.54 10.62 10.69 10.74 10.78 10.80 10.80 10.79 10.76 10.71 10.65 10.56 10.45 10.32 10.16 9.99 9.79 9.63 9.60 9.73 10.02 10.46 11.05 11.79 12.67 13.68 14.71 15.52 16.07 16.40 16.55 16.54 16.41 16.18 15.89 15.57 15.26
2.06 2.20 2.36 2.51 2.68 2.85 3.03 3.20 3.38 3.56 3.75 3.94 4.12 4.32 4.51 4.70 4.90 5.11 5.32 5.54 5.76 5.98 6.21 6.43 6.66 6.89 7.12 7.35 7.58 7.80 8.03 8.25 8.46 8.67 8.88 9.08 9.27 9.46 9.63 9.80 9.96 10.11 10.25 10.37 10.49 10.59 10.68 10.75 10.81 10.85 10.88 10.89 10.88 10.86 10.82 10.75 10.67 10.56 10.44 10.29 10.12 9.92 9.71 9.52 9.47 9.58 9.85 10.27 10.84 11.55 12.40 13.28 13.95 14.38 14.61 14.67 14.60 14.41 14.16 13.86 13.57 13.29
1.90 2.05 2.20 2.36 2.53 2.70 2.88 3.05 3.23 3.42 3.60 3.79 3.98 4.17 4.37 4.57 4.78 4.99 5.21 5.43 5.66 5.89 6.12 6.36 6.59 6.83 7.07 7.30 7.54 7.77 8.00 8.22 8.45 8.66 8.87 9.08 9.28 9.47 9.65 9.83 9.99 10.15 10.29 10.42 10.54 10.65 10.74 10.82 10.89 10.94 10.97 10.98 10.98 10.96 10.92 10.86 10.79 10.69 10.57 10.42 10.26 10.06 9.85 9.61 9.41 9.34 9.43 9.67 10.07 10.61 11.29 12.02 12.54 12.85 12.97 12.95 12.80 12.57 12.29 12.01 11.74 11.48
1.74 1.89 2.05 2.21 2.38 2.56 2.73 2.91 3.09 3.27 3.46 3.65 3.84 4.03 4.23 4.44 4.66 4.88 5.10 5.33 5.57 5.81 6.05 6.29 6.53 6.77 7.02 7.26 7.50 7.74 7.98 8.21 8.44 8.66 8.88 9.09 9.29 9.49 9.68 9.86 10.03 10.19 10.34 10.48 10.60 10.72 10.82 10.90 10.97 11.03 11.06 11.08 11.09 11.07 11.04 10.98 10.91 10.82 10.70 10.56 10.40 10.21 10.00 9.77 9.51 9.28 9.19 9.25 9.47 9.85 10.36 10.92 11.30 11.48 11.50 11.38 11.16 10.89 10.62 10.36 10.10 9.86
1.60 1.74 1.90 2.07 2.24 2.41 2.59 2.77 2.95 3.13 3.32 3.51 3.70 3.90 4.11 4.33 4.55 4.78 5.01 5.25 5.49 5.73 5.98 6.23 6.48 6.73 6.98 7.23 7.48 7.72 7.96 8.20 8.44 8.67 8.89 9.11 9.32 9.52 9.72 9.90 10.08 10.25 10.40 10.54 10.68 10.79 10.90 10.99 11.06 11.12 11.17 11.19 11.20 11.19 11.16 11.11 11.04 10.95 10.84 10.71 10.55 10.37 10.16 9.93 9.68 9.40 9.15 9.03 9.07 9.26 9.61 10.00 10.23 10.28 10.19 9.97 9.70 9.43 9.16 8.91 8.67 8.44
1.46 1.61 1.76 1.93 2.10 2.28 2.45 2.63 2.81 3.00 3.18 3.38 3.58 3.78 4.00 4.22 4.45 4.69 4.93 5.17 5.42 5.67 5.92 6.18 6.44 6.69 6.95 7.21 7.46 7.71 7.96 8.21 8.45 8.68 8.91 9.14 9.35 9.56 9.76 9.95 10.14 10.31 10.47 10.62 10.75 10.88 10.99 11.08 11.16 11.23 11.28 11.31 11.32 11.32 11.29 11.25 11.18 11.10 10.99 10.86 10.71 10.53 10.33 10.10 9.85 9.57 9.27 9.00 8.85 8.87 9.04 9.26 9.34 9.26 9.04 8.76 8.48 8.20 7.94 7.69 7.45 7.23
1.34 1.48 1.63 1.79 1.97 2.14 2.32 2.50 2.68 2.87 3.05 3.25 3.46 3.67 3.90 4.13 4.36 4.61 4.85 5.10 5.36 5.62 5.88 6.14 6.40 6.67 6.93 7.19 7.45 7.71 7.97 8.22 8.46 8.71 8.94 9.17 9.40 9.61 9.82 10.01 10.20 10.38 10.55 10.70 10.84 10.97 11.09 11.19 11.27 11.34 11.40 11.43 11.45 11.45 11.43 11.39 11.33 11.25 11.15 11.02 10.87 10.70 10.50 10.28 10.03 9.76 9.46 9.13 8.83 8.67 8.66 8.71 8.63 8.41 8.11 7.80 7.51 7.23 6.97 6.72 6.48 6.25
1.25 1.38 1.52 1.67 1.84 2.01 2.19 2.37 2.55 2.74 2.94 3.14 3.35 3.58 3.81 4.04 4.29 4.54 4.79 5.05 5.31 5.58 5.84 6.11 6.38 6.65 6.92 7.19 7.46 7.72 7.98 8.24 8.49 8.74 8.98 9.22 9.45 9.67 9.88 10.08 10.28 10.46 10.63 10.79 10.94 11.07 11.19 11.30 11.39 11.47 11.52 11.56 11.59 11.59 11.58 11.54 11.49 11.41 11.31 11.19 11.05 10.88 10.69 10.47 10.22 9.95 9.66 9.33 8.98 8.66 8.46 8.34 8.10 7.77 7.44 7.12 6.82 6.53 6.26 6.00 5.75 5.52
1.18 1.30 1.43 1.57 1.73 1.89 2.07 2.25 2.43 2.62 2.83 3.04 3.26 3.49 3.73 3.97 4.22 4.48 4.74 5.01 5.27 5.55 5.82 6.10 6.37 6.65 6.92 7.20 7.47 7.74 8.01 8.27 8.53 8.79 9.04 9.28 9.51 9.74 9.96 10.16 10.36 10.55 10.73 10.89 11.05 11.19 11.31 11.42 11.52 11.60 11.66 11.71 11.73 11.74 11.73 11.70 11.65 11.58 11.49 11.37 11.23 11.07 10.88 10.66 10.42 10.16 9.86 9.54 9.19 8.81 8.46 8.16 7.80 7.43 7.08 6.75 6.43 6.12 5.83 5.56 5.30 5.05
1.14 1.25 1.36 1.49 1.64 1.79 1.96 2.13 2.32 2.52 2.73 2.95 3.18 3.42 3.66 3.91 4.17 4.43 4.70 4.97 5.25 5.53 5.81 6.09 6.37 6.66 6.94 7.22 7.50 7.78 8.05 8.32 8.58 8.84 9.10 9.34 9.58 9.82 10.04 10.25 10.46 10.65 10.84 11.01 11.16 11.31 11.44 11.55 11.66 11.74 11.81 11.86 11.89 11.90 11.90 11.87 11.83 11.76 11.67 11.56 11.42 11.26 11.08 10.87 10.63 10.37 10.08 9.76 9.41 9.04 8.63 8.22 7.81 7.41 7.03 6.67 6.33 6.00 5.69 5.40 5.12 4.85
1.12 1.22 1.32 1.44 1.57 1.71 1.86 2.02 2.21 2.42 2.63 2.86 3.10 3.34 3.59 3.85 4.12 4.39 4.66 4.94 5.22 5.51 5.79 6.08 6.37 6.66 6.95 7.24 7.53 7.81 8.09 8.36 8.64 8.90 9.16 9.41 9.66 9.90 10.13 10.35 10.56 10.76 10.94 11.12 11.28 11.43 11.57 11.69 11.80 11.89 11.96 12.01 12.05 12.07 12.07 12.05 12.01 11.94 11.86 11.75 11.62 11.46 11.28 11.08 10.85 10.59 10.30 9.99 9.64 9.27 8.87 8.43 7.99 7.57 7.16 6.78 6.41 6.05 5.72 5.40 5.10 4.81
1.12 1.21 1.30 1.40 1.52 1.64 1.77 1.91 2.09 2.29 2.52 2.75 3.00 3.25 3.51 3.78 4.05 4.33 4.61 4.89 5.18 5.48 5.77 6.07 6.36 6.66 6.96 7.25 7.54 7.83 8.12 8.40 8.68 8.95 9.22 9.48 9.73 9.97 10.21 10.44 10.65 10.86 11.05 11.23 11.40 11.56 11.70 11.82 11.94 12.03 12.11 12.17 12.21 12.24 12.24 12.23 12.19 12.13 12.05 11.95 11.82 11.67 11.49 11.29 11.07 10.81 10.53 10.22 9.88 9.51 9.10 8.65 8.20 7.75 7.32 6.90 6.51 6.13 5.77 5.43 5.10 4.79
1.14 1.21 1.30 1.39 1.49 1.59 1.70 1.82 1.97 2.16 2.39 2.63 2.88 3.14 3.41 3.69 3.97 4.25 4.54 4.84 5.13 5.43 5.74 6.04 6.34 6.65 6.95 7.25 7.55 7.85 8.14 8.43 8.72 8.99 9.27 9.53 9.79 10.04 10.29 10.52 10.74 10.95 11.15 11.34 11.52 11.68 11.82 11.96 12.07 12.17 12.26 12.33 12.37 12.40 12.41 12.40 12.37 12.32 12.24 12.15 12.02 11.88 11.71 11.51 11.29 11.04 10.76 10.46 10.12 9.74 9.32 8.87 8.41 7.95 7.49 7.05 6.63 6.22 5.84 5.47 5.12 4.79
1.18 1.24 1.31 1.39 1.47 1.55 1.64 1.73 1.87 2.04 2.25 2.50 2.76 3.02 3.30 3.58 3.87 4.17 4.46 4.77 5.07 5.38 5.69 6.00 6.31 6.62 6.93 7.24 7.55 7.85 8.16 8.45 8.74 9.03 9.31 9.58 9.85 10.11 10.36 10.60 10.83 11.04 11.25 11.44 11.63 11.79 11.95 12.09 12.21 12.32 12.41 12.48 12.53 12.57 12.59 12.58 12.56 12.51 12.44 12.35 12.23 12.09 11.93 11.73 11.52 11.27 11.00 10.70 10.35 9.97 9.55 9.09 8.62 8.15 7.68 7.21 6.76 6.33 5.92 5.53 5.16 4.81
1.23 1.28 1.34 1.39 1.46 1.52 1.58 1.66 1.77 1.93 2.12 2.35 2.61 2.89 3.18 3.47 3.76 4.07 4.37 4.68 5.00 5.31 5.63 5.95 6.27 6.59 6.91 7.23 7.54 7.85 8.16 8.47 8.77 9.06 9.35 9.63 9.90 10.17 10.42 10.67 10.91 11.13 11.35 11.55 11.74 11.91 12.07 12.22 12.35 12.46 12.56 12.64 12.70 12.74 12.76 12.76 12.74 12.70 12.64 12.55 12.44 12.31 12.15 11.96 11.75 11.51 11.24 10.93 10.58 10.19 9.76 9.30 8.83 8.35 7.87 7.39 6.92 6.46 6.02 5.61 5.21 4.84
1.30 1.33 1.37 1.41 1.45 1.50 1.54 1.60 1.69 1.83 2.00 2.21 2.46 2.74 3.04 3.34 3.64 3.95 4.27 4.59 4.91 5.24 5.56 5.89 6.22 6.55 6.88 7.20 7.52 7.84 8.16 8.47 8.78 9.08 9.38 9.67 9.95 10.22 10.49 10.74 10.98 11.22 11.44 11.65 11.84 12.02 12.19 12.34 12.48 12.60 12.71 12.79 12.86 12.91 12.94 12.94 12.93 12.90 12.84 12.76 12.66 12.53 12.38 12.20 11.99 11.75 11.48 11.16 10.81 10.41 9.97 9.51 9.03 8.55 8.06 7.57 7.09 6.61 6.14 5.70 5.28 4.89
1.38 1.40 1.42 1.44 1.46 1.48 1.51 1.55 1.62 1.74 1.89 2.09 2.32 2.59 2.88 3.19 3.51 3.83 4.16 4.48 4.82 5.15 5.49 5.82 6.16 6.50 6.83 7.17 7.50 7.83 8.15 8.48 8.79 9.10 9.41 9.70 9.99 10.27 10.54 10.81 11.06 11.30 11.53 11.74 11.95 12.14 12.31 12.47 12.62 12.75 12.86 12.95 13.02 13.08 13.12 13.13 13.12 13.10 13.05 12.97 12.88 12.75 12.61 12.43 12.23 11.99 11.71 11.39 11.03 10.62 10.18 9.71 9.22 8.73 8.24 7.75 7.26 6.76 6.28 5.82 5.37 4.95
1.47 1.47 1.47 1.47 1.47 1.48 1.49 1.51 1.56 1.66 1.80 1.98 2.19 2.44 2.73 3.04 3.37 3.70 4.03 4.37 4.71 5.05 5.40 5.75 6.09 6.44 6.78 7.13 7.47 7.81 8.14 8.47 8.79 9.11 9.43 9.73 10.03 10.32 10.60 10.87 11.13 11.38 11.62 11.84 12.05 12.25 12.43 12.60 12.75 12.89 13.01 13.11 13.19 13.25 13.30 13.32 13.32 13.30 13.26 13.19 13.10 12.99 12.85 12.68 12.47 12.22 11.93 11.61 11.24 10.83 10.38 9.90 9.41 8.92 8.42 7.92 7.42 6.93 6.43 5.94 5.48 5.03
1.56 1.54 1.53 1.51 1.49 1.48 1.47 1.48 1.52 1.60 1.72 1.88 2.07 2.31 2.58 2.88 3.21 3.55 3.89 4.24 4.59 4.95 5.30 5.66 6.01 6.37 6.73 7.08 7.43 7.78 8.12 8.46 8.79 9.12 9.44 9.76 10.06 10.36 10.65 10.93 11.20 11.46 11.70 11.94 12.16 12.36 12.55 12.73 12.89 13.03 13.16 13.27 13.36 13.43 13.48 13.51 13.52 13.51 13.47 13.41 13.33 13.22 13.09 12.91 12.70 12.45 12.15 11.82 11.45 11.03 10.58 10.09 9.60 9.10 8.60 8.09 7.59 7.08 6.58 6.08 5.59 5.13
1.66 1.62 1.59 1.56 1.52 1.49 1.47 1.45 1.48 1.54 1.64 1.79 1.97 2.19 2.44 2.73 3.05 3.39 3.75 4.11 4.47 4.83 5.20 5.56 5.93 6.30 6.66 7.02 7.38 7.74 8.09 8.44 8.79 9.12 9.45 9.78 10.09 10.40 10.70 10.99 11.27 11.53 11.79 12.03 12.26 12.47 12.67 12.86 13.03 13.18 13.31 13.43 13.53 13.61 13.67 13.71 13.72 13.72 13.69 13.64 13.56 13.46 13.32 13.14 12.92 12.66 12.37 12.03 11.65 11.23 10.77 10.28 9.78 9.28 8.77 8.26 7.75 7.24 6.73 6.23 5.73 5.24
1.76 1.71 1.66 1.61 1.56 1.51 1.47 1.44 1.45 1.49 1.58 1.71 1.88 2.08 2.32 2.59 2.90 3.23 3.59 3.96 4.33 4.71 5.08 5.46 5.84 6.21 6.59 6.96 7.33 7.70 8.06 8.42 8.77 9.12 9.46 9.80 10.12 10.44 10.75 11.04 11.33 11.61 11.87 12.12 12.36 12.58 12.79 12.99 13.17 13.33 13.47 13.60 13.70 13.79 13.86 13.91 13.93 13.93 13.92 13.87 13.80 13.69 13.55 13.36 13.14 12.87 12.57 12.23 11.84 11.42 10.96 10.46 9.96 9.45 8.93 8.42 7.90 7.39 6.88 6.37 5.86 5.36
1.86 1.80 1.73 1.67 1.60 1.54 1.48 1.44 1.43 1.46 1.53 1.64 1.80 1.98 2.21 2.47 2.76 3.08 3.43 3.81 4.19 4.57 4.96 5.35 5.74 6.12 6.51 6.89 7.27 7.65 8.03 8.39 8.76 9.12 9.47 9.81 10.15 10.47 10.79 11.10 11.40 11.68 11.96 12.22 12.46 12.70 12.92 13.12 13.31 13.48 13.63 13.76 13.88 13.98 14.05 14.11 14.14 14.16 14.15 14.11 14.03 13.92 13.77 13.58 13.35 13.08 12.77 12.42 12.03 11.61 11.14 10.64 10.13 9.61 9.10 8.58 8.06 7.54 7.02 6.50 5.99 5.49
1.97 1.89 1.81 1.73 1.65 1.57 1.50 1.44 1.41 1.43 1.49 1.59 1.73 1.90 2.11 2.36 2.63 2.94 3.28 3.65 4.04 4.43 4.83 5.23 5.63 6.03 6.42 6.82 7.21 7.60 7.98 8.36 8.74 9.11 9.47 9.82 10.17 10.51 10.83 11.15 11.46 11.76 12.04 12.31 12.57 12.81 13.04 13.25 13.45 13.63 13.79 13.94 14.06 14.17 14.25 14.32 14.36 14.38 14.38 14.34 14.26 14.14 13.98 13.79 13.55 13.28 12.96 12.61 12.22 11.79 11.31 10.81 10.29 9.78 9.25 8.73 8.20 7.68 7.16 6.64 6.12 5.61
2.08 1.99 1.89 1.80 1.70 1.61 1.53 1.45 1.41 1.41 1.46 1.54 1.67 1.83 2.03 2.26 2.52 2.82 3.14 3.50 3.88 4.28 4.69 5.10 5.51 5.92 6.33 6.74 7.14 7.54 7.94 8.33 8.71 9.09 9.47 9.83 10.19 10.54 10.88 11.21 11.52 11.83 12.12 12.40 12.67 12.93 13.16 13.39 13.59 13.78 13.96 14.11 14.25 14.36 14.46 14.53 14.59 14.61 14.60 14.56 14.47 14.35 14.19 13.99 13.75 13.47 13.15 12.79 12.40 11.96 11.48 10.97 10.45 9.93 9.41 8.88 8.35 7.82 7.29 6.76 6.24 5.73
2.20 2.09 1.98 1.87 1.76 1.66 1.56 1.47 1.41 1.40 1.44 1.51 1.62 1.77 1.95 2.17 2.42 2.71 3.02 3.37 3.74 4.13 4.55 4.97 5.39 5.82 6.24 6.65 7.07 7.48 7.89 8.29 8.69 9.08 9.46 9.84 10.21 10.57 10.92 11.26 11.59 11.90 12.21 12.50 12.78 13.04 13.29 13.53 13.74 13.94 14.13 14.29 14.44 14.56 14.67 14.75 14.81 14.83 14.82 14.77 14.68 14.55 14.39 14.18 13.94 13.65 13.33 12.97 12.57 12.13 11.65 11.13 10.61 10.08 9.55 9.02 8.49 7.95 7.42 6.89 6.37 5.85
2.32 2.19 2.07 1.95 1.83 1.71 1.59 1.49 1.43 1.40 1.42 1.48 1.58 1.72 1.89 2.10 2.34 2.61 2.92 3.25 3.61 3.99 4.40 4.83 5.27 5.70 6.14 6.57 6.99 7.42 7.84 8.25 8.66 9.06 9.46 9.85 10.23 10.60 10.96 11.31 11.65 11.98 12.29 12.60 12.89 13.16 13.42 13.67 13.90 14.11 14.30 14.48 14.63 14.77 14.88 14.97 15.03 15.05 15.03 14.97 14.88 14.75 14.58 14.37 14.12 13.83 13.50 13.14 12.73 12.29 11.80 11.29 10.76 10.23 9.70 9.16 8.62 8.08 7.55 7.01 6.48 5.96
2.43 2.30 2.16 2.03 1.89 1.76 1.64 1.52 1.44 1.41 1.42 1.46 1.55 1.68 1.84 2.04 2.27 2.53 2.82 3.14 3.49 3.87 4.27 4.70 5.14 5.58 6.03 6.47 6.91 7.35 7.78 8.21 8.63 9.04 9.45 9.85 10.24 10.63 11.00 11.36 11.71 12.05 12.38 12.70 13.00 13.28 13.56 13.81 14.05 14.27 14.48 14.66 14.83 14.98 15.10 15.19 15.24 15.25 15.23 15.17 15.07 14.93 14.76 14.55 14.29 14.00 13.67 13.30 12.89 12.44 11.96 11.44 10.91 10.37 9.83 9.29 8.75 8.21 7.67 7.13 6.60 6.07
2.55 2.41 2.26 2.11 1.97 1.82 1.69 1.56 1.47 1.42 1.42 1.46 1.53 1.65 1.80 1.98 2.20 2.46 2.74 3.05 3.39 3.76 4.15 4.57 5.01 5.46 5.92 6.37 6.83 7.28 7.72 8.16 8.59 9.02 9.44 9.85 10.26 10.65 11.04 11.41 11.78 12.13 12.47 12.80 13.11 13.41 13.69 13.96 14.21 14.44 14.66 14.86 15.04 15.19 15.31 15.39 15.44 15.45 15.42 15.36 15.25 15.11 14.93 14.72 14.46 14.17 13.83 13.46 13.05 12.59 12.10 11.58 11.05 10.51 9.97 9.42 8.88 8.33 7.79 7.25 6.71 6.18
