data_processed/recharge/precip/Precip_1987_09.asc
ncols        168
nrows        136
xllcorner    455000
yllcorner    2107000
cellsize     500
NODATA_value     -99999
[rows 66 to 98 of 136, columns 75 to 149 of 168]
73.48 73.38 73.35 73.39 73.49 73.65 73.86 74.11 74.39 74.71 75.04 75.39 75.75 76.12 76.49 76.93 77.45 77.99 78.52 79.21 80.23 81.55 83.14 84.93 86.89 88.96 91.09 93.24 95.35 97.39 99.29 101.01 102.51 103.73 104.62 105.14 105.23 104.87 104.08 102.89 101.23 99.11 96.62 94.00 91.33 88.65 85.96 83.28 80.62 78.00 75.43 72.92 70.50 68.17 65.95 63.86 61.90 60.10 58.46 57.01 55.75 54.82 54.44 54.65 55.14 55.75 56.47 57.28 58.16 59.12 60.13 61.20 62.30 63.43 64.57
74.39 74.35 74.38 74.45 74.57 74.73 74.91 75.12 75.35 75.59 75.84 76.08 76.32 76.55 76.83 77.19 77.65 78.14 78.61 79.06 79.68 80.62 81.87 83.37 85.09 86.96 88.94 90.98 93.04 95.07 97.00 98.81 100.43 101.83 102.94 103.72 104.15 104.24 104.02 103.42 102.37 100.82 98.80 96.42 93.90 91.31 88.70 86.06 83.42 80.78 78.16 75.58 73.06 70.59 68.21 65.92 63.74 61.69 59.77 58.01 56.52 55.57 55.23 55.47 55.98 56.61 57.34 58.16 59.06 60.02 61.03 62.09 63.19 64.31 65.43
75.65 75.66 75.71 75.80 75.91 76.04 76.19 76.34 76.49 76.64 76.77 76.89 76.99 77.12 77.31 77.60 78.00 78.43 78.85 79.25 79.64 80.20 81.08 82.26 83.69 85.34 87.14 89.04 91.01 92.99 94.93 96.79 98.51 100.04 101.35 102.38 103.18 103.76 104.06 103.99 103.47 102.44 100.92 98.93 96.58 94.07 91.49 88.86 86.19 83.50 80.80 78.11 75.44 72.81 70.22 67.70 65.26 62.92 60.68 58.69 57.20 56.29 55.99 56.25 56.78 57.43 58.18 59.01 59.91 60.88 61.89 62.95 64.03 65.13 66.24
77.25 77.28 77.34 77.41 77.50 77.58 77.67 77.74 77.79 77.82 77.82 77.80 77.79 77.82 77.92 78.14 78.48 78.86 79.23 79.58 79.92 80.26 80.77 81.60 82.73 84.11 85.69 87.43 89.28 91.18 93.10 94.97 96.75 98.40 99.87 101.21 102.42 103.43 104.18 104.59 104.54 103.97 102.88 101.30 99.26 96.85 94.27 91.61 88.88 86.10 83.29 80.45 77.60 74.76 71.93 69.15 66.41 63.74 61.27 59.28 57.85 56.99 56.73 57.01 57.56 58.22 58.98 59.82 60.73 61.69 62.70 63.75 64.82 65.91 67.00
79.14 79.18 79.23 79.27 79.30 79.32 79.32 79.29 79.23 79.12 78.98 78.83 78.70 78.64 78.66 78.80 79.07 79.40 79.72 80.04 80.34 80.64 80.94 81.42 82.20 83.29 84.63 86.17 87.86 89.66 91.51 93.37 95.18 96.92 98.61 100.27 101.84 103.23 104.37 105.19 105.56 105.38 104.66 103.43 101.71 99.54 96.99 94.26 91.44 88.53 85.56 82.53 79.47 76.38 73.28 70.19 67.12 64.22 61.76 59.84 58.47 57.66 57.43 57.74 58.31 58.98 59.75 60.59 61.50 62.47 63.48 64.51 65.57 66.64 67.71
81.32 81.34 81.35 81.34 81.30 81.24 81.13 80.97 80.77 80.52 80.24 79.96 79.73 79.57 79.50 79.57 79.78 80.05 80.33 80.60 80.88 81.15 81.41 81.69 82.13 82.90 83.95 85.26 86.77 88.42 90.18 91.99 93.82 95.70 97.64 99.57 101.43 103.13 104.61 105.78 106.50 106.66 106.25 105.31 103.85 101.92 99.52 96.76 93.80 90.73 87.56 84.31 80.99 77.62 74.21 70.79 67.48 64.59 62.22 60.37 59.06 58.30 58.11 58.43 59.01 59.70 60.47 61.33 62.24 63.21 64.21 65.23 66.27 67.32 68.37
83.70 83.74 83.69 83.61 83.48 83.30 83.07 82.77 82.41 82.01 81.59 81.20 80.86 80.60 80.45 80.44 80.59 80.81 81.03 81.27 81.51 81.75 82.00 82.24 82.51 82.94 83.68 84.73 86.01 87.50 89.13 90.87 92.76 94.81 96.94 99.09 101.18 103.14 104.88 106.34 107.37 107.80 107.64 106.92 105.67 103.91 101.66 98.97 95.90 92.63 89.24 85.73 82.12 78.43 74.68 71.01 67.73 64.94 62.65 60.87 59.62 58.91 58.74 59.09 59.68 60.38 61.16 62.02 62.93 63.90 64.89 65.91 66.93 67.95 68.97
86.13 86.29 86.23 86.05 85.80 85.50 85.11 84.65 84.14 83.59 83.04 82.53 82.08 81.72 81.48 81.40 81.49 81.65 81.83 82.02 82.23 82.45 82.67 82.91 83.14 83.40 83.83 84.58 85.62 86.90 88.38 90.11 92.09 94.25 96.52 98.82 101.08 103.23 105.18 106.87 108.13 108.77 108.80 108.25 107.14 105.49 103.34 100.72 97.64 94.19 90.53 86.72 82.79 78.74 74.75 71.11 67.94 65.25 63.04 61.34 60.15 59.48 59.34 59.71 60.32 61.02 61.81 62.67 63.58 64.54 65.53 66.53 67.54 68.54 69.53
88.53 88.83 88.86 88.63 88.26 87.80 87.25 86.62 85.95 85.25 84.58 83.94 83.38 82.92 82.60 82.44 82.46 82.57 82.70 82.86 83.03 83.22 83.43 83.65 83.88 84.12 84.39 84.83 85.59 86.64 88.03 89.77 91.78 93.99 96.33 98.73 101.10 103.38 105.48 107.34 108.77 109.56 109.72 109.28 108.24 106.66 104.54 101.92 98.83 95.29 91.37 87.23 82.94 78.66 74.70 71.19 68.13 65.53 63.41 61.77 60.64 60.01 59.91 60.29 60.90 61.62 62.41 63.27 64.18 65.13 66.11 67.11 68.10 69.08 70.03
90.89 91.29 91.43 91.27 90.81 90.18 89.45 88.66 87.83 86.99 86.18 85.42 84.75 84.20 83.79 83.55 83.51 83.56 83.65 83.76 83.90 84.06 84.25 84.46 84.68 84.93 85.19 85.48 85.95 86.83 88.15 89.84 91.83 94.03 96.39 98.81 101.24 103.58 105.77 107.74 109.28 110.17 110.39 109.99 108.98 107.39 105.24 102.57 99.40 95.76 91.67 87.22 82.68 78.44 74.62 71.23 68.28 65.78 63.74 62.17 61.09 60.51 60.43 60.82 61.45 62.17 62.96 63.82 64.73 65.68 66.65 67.63 68.60 69.56 70.49
93.17 93.63 93.85 93.78 93.36 92.62 91.72 90.75 89.77 88.79 87.84 86.96 86.18 85.53 85.03 84.72 84.62 84.62 84.65 84.72 84.83 84.96 85.13 85.32 85.54 85.79 86.06 86.36 86.78 87.54 88.73 90.31 92.21 94.35 96.66 99.05 101.47 103.82 106.04 108.05 109.64 110.56 110.79 110.37 109.32 107.66 105.43 102.65 99.34 95.54 91.27 86.72 82.29 78.20 74.51 71.24 68.39 65.99 64.03 62.53 61.50 60.96 60.90 61.32 61.95 62.67 63.46 64.32 65.23 66.17 67.12 68.09 69.05 69.98 70.87
95.34 95.84 96.11 96.09 95.74 95.03 94.03 92.90 91.76 90.63 89.55 88.55 87.66 86.91 86.33 85.95 85.78 85.72 85.71 85.74 85.81 85.91 86.06 86.24 86.45 86.70 86.99 87.39 87.97 88.72 89.75 91.17 92.92 94.93 97.13 99.43 101.78 104.08 106.27 108.26 109.84 110.73 110.91 110.41 109.25 107.47 105.09 102.13 98.63 94.61 90.26 85.95 81.82 77.92 74.36 71.21 68.47 66.16 64.28 62.84 61.87 61.36 61.33 61.76 62.40 63.12 63.92 64.77 65.67 66.60 67.54 68.49 69.43 70.33 71.09
97.37 97.87 98.15 98.15 97.85 97.24 96.30 95.09 93.79 92.52 91.31 90.19 89.18 88.33 87.66 87.21 86.97 86.86 86.80 86.79 86.82 86.90 87.03 87.20 87.40 87.66 88.05 88.61 89.34 90.20 91.18 92.40 93.94 95.76 97.79 99.94 102.15 104.34 106.43 108.35 109.86 110.66 110.73 110.09 108.77 106.80 104.20 101.01 97.26 93.13 89.00 85.01 81.19 77.56 74.18 71.15 68.51 66.29 64.49 63.12 62.19 61.72 61.72 62.15 62.79 63.52 64.31 65.16 66.05 66.97 67.90 68.83 69.74 70.51 71.07
99.23 99.70 99.95 99.95 99.69 99.16 98.34 97.22 95.85 94.44 93.09 91.85 90.73 89.79 89.03 88.49 88.20 88.03 87.92 87.86 87.87 87.92 88.02 88.18 88.39 88.74 89.28 89.98 90.83 91.79 92.83 93.95 95.25 96.82 98.61 100.56 102.57 104.59 106.53 108.31 109.69 110.34 110.22 109.38 107.84 105.63 102.76 99.28 95.38 91.45 87.63 83.94 80.41 77.07 73.92 71.04 68.51 66.37 64.65 63.34 62.46 62.03 62.05 62.49 63.14 63.86 64.65 65.50 66.38 67.28 68.20 69.10 69.87 70.44 70.83
100.89 101.29 101.49 101.48 101.25 100.78 100.06 99.09 97.84 96.37 94.89 93.53 92.31 91.26 90.41 89.80 89.44 89.22 89.06 88.96 88.93 88.95 89.04 89.19 89.49 89.98 90.65 91.46 92.40 93.43 94.52 95.66 96.81 98.10 99.60 101.27 103.03 104.81 106.53 108.12 109.31 109.74 109.39 108.29 106.46 103.94 100.75 97.09 93.37 89.73 86.19 82.78 79.51 76.42 73.53 70.86 68.46 66.42 64.76 63.52 62.69 62.29 62.32 62.78 63.42 64.15 64.93 65.77 66.64 67.53 68.41 69.18 69.76 70.16 70.38
102.29 102.60 102.74 102.71 102.50 102.09 101.46 100.62 99.54 98.22 96.70 95.22 93.88 92.74 91.81 91.12 90.69 90.41 90.21 90.07 90.00 90.00 90.07 90.30 90.73 91.34 92.11 93.01 94.01 95.08 96.20 97.33 98.45 99.55 100.72 102.06 103.51 104.99 106.44 107.77 108.70 108.86 108.21 106.79 104.62 101.73 98.33 94.83 91.38 88.00 84.72 81.56 78.53 75.68 73.01 70.56 68.34 66.41 64.83 63.64 62.86 62.49 62.55 63.00 63.65 64.37 65.15 65.98 66.84 67.70 68.45 69.03 69.43 69.66 69.74
103.42 103.62 103.69 103.63 103.43 103.06 102.52 101.80 100.89 99.76 98.41 96.90 95.46 94.22 93.20 92.44 91.94 91.61 91.35 91.17 91.07 91.05 91.19 91.54 92.09 92.80 93.64 94.59 95.62 96.71 97.82 98.92 99.99 101.01 101.95 102.91 103.98 105.11 106.22 107.23 107.85 107.67 106.67 104.86 102.29 99.17 95.90 92.66 89.45 86.31 83.26 80.32 77.52 74.87 72.40 70.14 68.11 66.33 64.84 63.71 62.97 62.64 62.71 63.17 63.82 64.54 65.31 66.13 66.95 67.68 68.25 68.64 68.88 68.97 68.92
104.26 104.34 104.33 104.23 104.02 103.69 103.23 102.62 101.85 100.91 99.79 98.47 97.03 95.69 94.58 93.74 93.18 92.79 92.48 92.26 92.14 92.18 92.44 92.90 93.52 94.30 95.19 96.16 97.20 98.27 99.34 100.38 101.38 102.29 103.10 103.79 104.45 105.16 105.87 106.50 106.74 106.17 104.75 102.51 99.66 96.65 93.63 90.61 87.63 84.70 81.85 79.11 76.50 74.03 71.74 69.65 67.77 66.15 64.78 63.73 63.03 62.73 62.82 63.28 63.93 64.64 65.40 66.19 66.89 67.43 67.81 68.04 68.13 68.10 67.95
104.79 104.74 104.64 104.48 104.26 103.95 103.55 103.05 102.42 101.66 100.75 99.69 98.46 97.13 95.94 95.02 94.40 93.95 93.60 93.34 93.27 93.42 93.78 94.31 95.00 95.81 96.71 97.68 98.69 99.72 100.72 101.68 102.57 103.36 104.02 104.52 104.86 105.11 105.36 105.56 105.36 104.33 102.44 99.90 97.15 94.35 91.54 88.73 85.94 83.20 80.54 77.97 75.52 73.21 71.07 69.12 67.38 65.88 64.63 63.67 63.03 62.75 62.86 63.33 63.97 64.67 65.40 66.06 66.57 66.93 67.15 67.24 67.21 67.07 66.83
104.99 104.80 104.60 104.38 104.13 103.84 103.49 103.08 102.58 101.99 101.29 100.47 99.52 98.43 97.26 96.27 95.59 95.08 94.69 94.48 94.50 94.74 95.17 95.75 96.47 97.28 98.17 99.11 100.07 101.02 101.93 102.78 103.53 104.16 104.65 104.95 105.06 104.94 104.69 104.38 103.70 102.16 99.93 97.46 94.91 92.31 89.68 87.05 84.43 81.86 79.35 76.93 74.62 72.44 70.43 68.59 66.96 65.56 64.41 63.54 62.96 62.72 62.83 63.30 63.94 64.61 65.23 65.69 66.02 66.21 66.29 66.25 66.12 65.90 65.59
104.85 104.51 104.20 103.91 103.62 103.33 103.03 102.69 102.31 101.87 101.37 100.79 100.11 99.32 98.42 97.48 96.73 96.18 95.82 95.71 95.81 96.11 96.57 97.18 97.89 98.69 99.54 100.41 101.29 102.13 102.92 103.62 104.21 104.66 104.94 105.02 104.88 104.48 103.82 102.97 101.73 99.83 97.65 95.36 92.99 90.56 88.09 85.61 83.14 80.71 78.33 76.03 73.83 71.77 69.85 68.11 66.56 65.24 64.16 63.34 62.82 62.61 62.74 63.21 63.82 64.37 64.79 65.08 65.24 65.30 65.25 65.11 64.89 64.60 64.25
104.36 103.86 103.42 103.05 102.71 102.42 102.14 101.87 101.60 101.31 100.99 100.63 100.21 99.73 99.16 98.51 97.83 97.31 97.04 96.99 97.15 97.48 97.95 98.55 99.23 99.98 100.76 101.54 102.30 103.02 103.65 104.18 104.58 104.82 104.86 104.69 104.27 103.58 102.59 101.29 99.66 97.79 95.78 93.65 91.43 89.14 86.81 84.46 82.11 79.79 77.51 75.31 73.21 71.22 69.38 67.70 66.21 64.94 63.90 63.13 62.63 62.44 62.59 63.04 63.52 63.88 64.12 64.24 64.26 64.19 64.04 63.81 63.53 63.19 62.81
103.59 102.90 102.32 101.84 101.44 101.12 100.85 100.63 100.45 100.28 100.12 99.97 99.79 99.58 99.34 99.06 98.82 98.53 98.33 98.32 98.50 98.83 99.29 99.84 100.46 101.13 101.81 102.47 103.09 103.64 104.10 104.42 104.60 104.59 104.37 103.91 103.19 102.18 100.84 99.28 97.65 95.93 94.07 92.09 90.01 87.85 85.65 83.41 81.17 78.95 76.77 74.65 72.63 70.71 68.93 67.31 65.87 64.64 63.63 62.88 62.40 62.22 62.37 62.81 63.15 63.32 63.39 63.37 63.26 63.07 62.83 62.53 62.19 61.82 61.42
102.69 101.79 101.03 100.41 99.91 99.52 99.23 99.03 98.89 98.82 98.79 98.80 98.83 98.87 98.93 99.12 99.49 99.72 99.68 99.70 99.86 100.16 100.56 101.05 101.57 102.13 102.67 103.18 103.63 103.98 104.22 104.31 104.23 103.94 103.43 102.65 101.60 100.23 98.64 97.04 95.45 93.84 92.13 90.31 88.38 86.36 84.29 82.18 80.06 77.95 75.87 73.85 71.91 70.07 68.36 66.80 65.42 64.23 63.27 62.54 62.09 61.93 62.12 62.59 62.92 62.96 62.87 62.69 62.46 62.17 61.83 61.46 61.07 60.67 60.26
101.75 100.60 99.62 98.83 98.19 97.71 97.36 97.13 97.01 96.99 97.06 97.20 97.40 97.67 98.12 98.84 99.77 100.55 100.95 101.08 101.20 101.44 101.75 102.13 102.53 102.94 103.31 103.64 103.87 104.00 103.99 103.81 103.44 102.85 102.00 100.88 99.45 97.82 96.20 94.64 93.10 91.54 89.94 88.28 86.51 84.65 82.72 80.74 78.75 76.76 74.79 72.87 71.03 69.28 67.66 66.17 64.85 63.72 62.81 62.13 61.72 61.62 61.86 62.36 62.72 62.77 62.56 62.25 61.89 61.49 61.07 60.63 60.19 59.76 59.34
100.85 99.40 98.18 97.17 96.36 95.74 95.30 95.01 94.87 94.88 95.00 95.24 95.59 96.17 97.06 98.26 99.69 100.95 101.82 102.30 102.48 102.62 102.82 103.06 103.30 103.53 103.70 103.81 103.80 103.67 103.38 102.90 102.20 101.27 100.06 98.56 96.86 95.20 93.63 92.12 90.62 89.11 87.57 86.02 84.41 82.71 80.94 79.11 77.25 75.39 73.55 71.75 70.01 68.36 66.83 65.43 64.19 63.13 62.27 61.66 61.33 61.31 61.60 62.13 62.52 62.61 62.42 62.02 61.53 61.03 60.53 60.03 59.54 59.08 58.66
100.04 98.27 96.77 95.51 94.49 93.70 93.12 92.74 92.55 92.54 92.68 93.00 93.58 94.51 95.80 97.41 99.27 100.96 102.23 103.10 103.55 103.68 103.74 103.80 103.85 103.86 103.81 103.66 103.38 102.95 102.35 101.53 100.48 99.17 97.57 95.79 94.07 92.47 90.95 89.48 88.03 86.56 85.08 83.60 82.11 80.57 78.96 77.29 75.59 73.87 72.16 70.48 68.86 67.33 65.90 64.59 63.44 62.46 61.68 61.17 60.95 61.01 61.36 61.91 62.32 62.45 62.32 61.94 61.39 60.79 60.20 59.64 59.11 58.62 58.19
99.41 97.28 95.45 93.92 92.65 91.65 90.91 90.40 90.12 90.05 90.20 90.66 91.51 92.75 94.36 96.32 98.55 100.59 102.21 103.39 104.15 104.47 104.46 104.32 104.14 103.91 103.59 103.15 102.57 101.81 100.86 99.68 98.24 96.52 94.63 92.84 91.18 89.64 88.18 86.75 85.34 83.92 82.50 81.08 79.66 78.25 76.81 75.31 73.76 72.19 70.63 69.09 67.60 66.19 64.87 63.67 62.61 61.73 61.08 60.71 60.60 60.74 61.13 61.69 62.13 62.29 62.21 61.90 61.39 60.74 60.07 59.45 58.88 58.37 57.94
99.03 96.50 94.32 92.46 90.91 89.67 88.72 88.05 87.64 87.50 87.71 88.36 89.43 90.92 92.78 95.02 97.55 99.89 101.78 103.22 104.21 104.75 104.85 104.58 104.15 103.64 103.01 102.26 101.33 100.22 98.88 97.30 95.45 93.44 91.53 89.81 88.22 86.74 85.33 83.95 82.58 81.21 79.84 78.48 77.14 75.81 74.49 73.16 71.79 70.38 68.97 67.58 66.23 64.95 63.75 62.67 61.73 61.00 60.52 60.28 60.28 60.49 60.92 61.50 61.95 62.14 62.11 61.86 61.43 60.83 60.13 59.45 58.84 58.31 57.88
98.93 96.00 93.42 91.21 89.35 87.83 86.64 85.76 85.21 85.05 85.37 86.15 87.37 89.03 91.09 93.55 96.31 98.88 100.98 102.60 103.76 104.45 104.68 104.45 103.83 103.01 102.05 100.94 99.65 98.14 96.39 94.38 92.22 90.20 88.38 86.73 85.21 83.78 82.42 81.09 79.76 78.44 77.13 75.83 74.56 73.30 72.08 70.88 69.68 68.45 67.21 65.97 64.77 63.63 62.57 61.63 60.86 60.33 60.01 59.90 59.99 60.27 60.74 61.32 61.78 62.01 62.01 61.82 61.47 60.96 60.33 59.64 58.99 58.45 58.02
99.01 95.82 92.84 90.24 88.03 86.19 84.73 83.63 82.97 82.83 83.20 84.04 85.36 87.12 89.32 91.92 94.85 97.58 99.83 101.58 102.84 103.62 103.91 103.72 103.06 101.98 100.66 99.17 97.47 95.53 93.34 91.02 88.86 86.92 85.19 83.61 82.16 80.79 79.48 78.20 76.91 75.63 74.38 73.14 71.94 70.76 69.62 68.52 67.46 66.41 65.34 64.27 63.24 62.25 61.34 60.60 60.05 59.71 59.55 59.57 59.75 60.10 60.59 61.18 61.65 61.89 61.93 61.80 61.51 61.09 60.57 59.96 59.32 58.76 58.33
99.16 95.85 92.62 89.62 87.02 84.84 83.07 81.80 81.07 80.89 81.24 82.09 83.42 85.23 87.49 90.18 93.21 96.04 98.36 100.17 101.47 102.27 102.56 102.35 101.65 100.45 98.82 96.90 94.76 92.38 89.87 87.55 85.48 83.63 81.98 80.47 79.09 77.79 76.53 75.28 74.04 72.81 71.61 70.44 69.30 68.21 67.15 66.14 65.18 64.27 63.39 62.50 61.63 60.82 60.14 59.64 59.31 59.15 59.15 59.29 59.56 59.97 60.48 61.07 61.54 61.80 61.88 61.79 61.57 61.24 60.81 60.31 59.77 59.23 58.81
99.35 95.96 92.63 89.40 86.40 83.84 81.82 80.39 79.54 79.25 79.51 80.30 81.60 83.38 85.64 88.35 91.42 94.28 96.61 98.41 99.69 100.43 100.66 100.37 99.56 98.24 96.41 94.11 91.51 88.80 86.29 84.07 82.10 80.35 78.77 77.34 76.02 74.78 73.57 72.37 71.17 69.99 68.84 67.73 66.67 65.65 64.68 63.76 62.90 62.10 61.36 60.66 59.99 59.42 59.01 58.76 58.64 58.67 58.81 59.07 59.43 59.89 60.43 61.01 61.47 61.74 61.85 61.81 61.65 61.39 61.06 60.67 60.25 59.83 59.45
