data_processed/recharge/precip/Precip_2013_07.asc
ncols        168
nrows        136
xllcorner    455000
yllcorner    2107000
cellsize     500
NODATA_value     -99999
[rows 32 to 63 of 136, columns 71 to 141 of 168]
149.72 152.23 155.17 158.50 161.98 165.26 168.08 170.41 172.29 173.74 174.78 175.46 175.80 175.82 175.56 175.04 174.30 173.36 172.24 170.99 169.63 168.19 166.69 165.16 163.64 162.15 160.72 159.34 157.99 157.03 156.69 156.60 156.57 156.61 156.69 156.83 157.02 157.25 157.52 157.83 158.17 158.54 158.94 159.36 159.80 160.25 160.72 161.20 161.68 162.16 162.64 163.12 163.58 163.99 164.36 164.69 165.13 165.87 166.93 168.27 169.86 171.66 173.64 175.77 178.01 180.33 182.70 185.08 187.45 189.76 191.98
149.93 152.55 155.61 159.04 162.65 166.32 169.76 172.69 175.12 177.06 178.54 179.59 180.24 180.52 180.46 180.09 179.43 178.52 177.37 176.03 174.52 172.87 171.11 169.27 167.36 165.44 163.47 161.42 159.35 157.67 156.73 156.39 156.30 156.27 156.30 156.39 156.53 156.72 156.95 157.22 157.53 157.88 158.25 158.66 159.08 159.53 159.99 160.47 160.95 161.44 161.93 162.42 162.84 163.19 163.51 163.78 164.02 164.36 165.02 166.01 167.27 168.79 170.54 172.47 174.55 176.75 179.04 181.39 183.75 186.10 188.41
150.13 152.88 156.04 159.57 163.26 167.04 170.84 174.38 177.38 179.84 181.79 183.25 184.25 184.82 184.99 184.79 184.25 183.39 182.25 180.85 179.23 177.40 175.41 173.27 171.02 168.64 166.09 163.40 160.67 158.33 156.74 155.88 155.59 155.53 155.53 155.60 155.72 155.90 156.12 156.39 156.70 157.05 157.44 157.85 158.30 158.76 159.25 159.76 160.27 160.80 161.33 161.78 162.12 162.41 162.68 162.91 163.09 163.24 163.51 164.10 165.02 166.23 167.70 169.40 171.29 173.35 175.53 177.80 180.13 182.49 184.84
150.36 153.22 156.48 160.08 163.85 167.70 171.60 175.47 179.04 182.06 184.50 186.39 187.78 188.67 189.10 189.11 188.71 187.95 186.84 185.41 183.70 181.73 179.54 177.14 174.53 171.65 168.54 165.27 161.96 159.02 156.85 155.42 154.67 154.46 154.46 154.54 154.68 154.87 155.12 155.41 155.75 156.14 156.56 157.02 157.51 158.03 158.57 159.14 159.72 160.31 160.80 161.15 161.41 161.63 161.86 162.05 162.20 162.31 162.39 162.60 163.13 164.00 165.17 166.61 168.27 170.14 172.18 174.35 176.62 178.95 181.32
150.62 153.58 156.92 160.58 164.40 168.31 172.26 176.22 180.11 183.67 186.64 189.01 190.80 192.04 192.77 193.01 192.80 192.15 191.10 189.68 187.92 185.84 183.47 180.80 177.77 174.41 170.81 167.04 163.20 159.74 157.05 155.11 153.87 153.27 153.17 153.28 153.46 153.70 154.00 154.35 154.75 155.20 155.70 156.23 156.80 157.40 158.03 158.69 159.35 159.90 160.29 160.54 160.72 160.87 161.06 161.22 161.34 161.42 161.46 161.49 161.65 162.14 162.97 164.11 165.53 167.18 169.04 171.07 173.24 175.52 177.88
150.91 153.96 157.36 161.06 164.93 168.88 172.88 176.88 180.84 184.69 188.18 191.05 193.28 194.91 195.96 196.47 196.47 195.97 195.02 193.63 191.85 189.69 187.13 184.12 180.70 176.93 172.90 168.69 164.39 160.47 157.34 154.96 153.28 152.26 151.84 151.90 152.15 152.47 152.85 153.29 153.78 154.33 154.92 155.56 156.23 156.95 157.70 158.45 159.09 159.52 159.78 159.93 160.03 160.13 160.27 160.40 160.49 160.55 160.58 160.57 160.56 160.68 161.15 161.96 163.09 164.49 166.14 168.01 170.05 172.24 174.54
151.24 154.35 157.80 161.54 165.43 169.41 173.44 177.46 181.45 185.36 189.13 192.48 195.19 197.24 198.65 199.46 199.69 199.38 198.55 197.23 195.45 193.19 190.38 187.06 183.31 179.20 174.81 170.22 165.53 161.22 157.70 154.95 152.91 151.54 150.78 150.58 150.82 151.24 151.74 152.30 152.91 153.58 154.31 155.08 155.89 156.75 157.62 158.36 158.86 159.15 159.29 159.34 159.36 159.40 159.50 159.60 159.67 159.71 159.72 159.70 159.67 159.62 159.73 160.18 160.99 162.11 163.52 165.19 167.07 169.14 171.36
151.59 154.76 158.25 162.00 165.91 169.90 173.94 177.98 181.99 185.91 189.71 193.33 196.50 198.99 200.79 201.93 202.44 202.34 201.67 200.45 198.65 196.22 193.18 189.62 185.60 181.21 176.53 171.63 166.62 161.98 158.14 155.08 152.75 151.09 150.05 149.59 149.64 150.10 150.74 151.44 152.21 153.04 153.92 154.86 155.84 156.85 157.71 158.29 158.62 158.78 158.80 158.76 158.70 158.69 158.76 158.83 158.87 158.89 158.89 158.86 158.82 158.77 158.71 158.81 159.27 160.08 161.22 162.65 164.34 166.25 168.36
151.99 155.20 158.70 162.46 166.37 170.36 174.40 178.44 182.44 186.36 190.16 193.80 197.21 200.14 202.36 203.86 204.67 204.82 204.33 203.19 201.31 198.73 195.53 191.78 187.57 182.97 178.06 172.92 167.65 162.75 158.65 155.35 152.79 150.91 149.66 149.00 148.86 149.21 149.93 150.81 151.76 152.77 153.85 154.98 156.14 157.13 157.81 158.21 158.40 158.41 158.33 158.19 158.06 158.00 158.03 158.08 158.10 158.10 158.09 158.06 158.02 157.96 157.90 157.85 157.96 158.42 159.26 160.42 161.89 163.62 165.59
152.42 155.66 159.17 162.91 166.80 170.78 174.80 178.83 182.81 186.72 190.50 194.13 197.54 200.69 203.33 205.22 206.37 206.79 206.46 205.31 203.37 200.71 197.41 193.55 189.20 184.46 179.39 174.07 168.61 163.51 159.23 155.76 153.03 150.99 149.60 148.80 148.55 148.78 149.45 150.46 151.62 152.86 154.15 155.48 156.63 157.43 157.92 158.15 158.17 158.06 157.86 157.63 157.44 157.32 157.32 157.35 157.35 157.34 157.32 157.29 157.24 157.20 157.14 157.09 157.05 157.18 157.68 158.55 159.75 161.28 163.12
152.88 156.14 159.64 163.36 167.22 171.17 175.16 179.15 183.11 186.99 190.74 194.33 197.72 200.86 203.69 205.97 207.48 208.16 207.91 206.78 204.83 202.15 198.82 194.91 190.51 185.68 180.52 175.09 169.50 164.27 159.88 156.29 153.46 151.34 149.87 149.01 148.69 148.88 149.52 150.55 151.89 153.36 154.88 156.20 157.14 157.73 158.02 158.08 157.96 157.72 157.41 157.09 156.83 156.67 156.64 156.64 156.63 156.61 156.58 156.55 156.51 156.47 156.43 156.39 156.36 156.35 156.52 157.06 157.99 159.30 160.98
153.39 156.64 160.12 163.80 167.62 171.52 175.47 179.42 183.33 187.16 190.87 194.42 197.76 200.86 203.67 206.12 207.93 208.77 208.62 207.57 205.69 203.06 199.76 195.87 191.47 186.63 181.44 175.96 170.32 165.03 160.58 156.95 154.09 151.94 150.46 149.60 149.29 149.50 150.17 151.24 152.67 154.33 155.84 156.94 157.65 158.03 158.13 158.02 157.75 157.38 156.97 156.56 156.23 156.03 155.98 155.96 155.94 155.91 155.88 155.84 155.81 155.78 155.76 155.74 155.73 155.74 155.77 156.00 156.65 157.73 159.20
153.94 157.18 160.62 164.24 168.00 171.85 175.73 179.62 183.48 187.25 190.90 194.39 197.67 200.71 203.45 205.81 207.59 208.58 208.59 207.69 205.94 203.43 200.23 196.43 192.09 187.31 182.15 176.70 171.06 165.77 161.34 157.73 154.90 152.80 151.37 150.57 150.34 150.64 151.40 152.58 154.09 155.60 156.83 157.68 158.16 158.33 158.25 157.97 157.56 157.06 156.54 156.05 155.66 155.42 155.34 155.31 155.27 155.24 155.20 155.17 155.15 155.13 155.12 155.13 155.15 155.19 155.26 155.40 155.78 156.59 157.82
154.53 157.74 161.13 164.68 168.37 172.14 175.95 179.77 183.55 187.25 190.82 194.24 197.45 200.41 203.02 205.11 206.65 207.61 207.82 207.13 205.58 203.25 200.22 196.57 192.37 187.70 182.65 177.28 171.71 166.50 162.14 158.62 155.89 153.90 152.60 151.93 151.84 152.29 153.21 154.52 155.88 157.00 157.85 158.41 158.67 158.63 158.37 157.92 157.37 156.75 156.13 155.56 155.11 154.82 154.72 154.68 154.64 154.60 154.56 154.54 154.53 154.52 154.54 154.57 154.62 154.70 154.85 155.06 155.36 155.90 156.84
155.17 158.33 161.65 165.12 168.72 172.40 176.13 179.86 183.55 187.16 190.65 193.98 197.09 199.90 202.23 204.03 205.31 206.08 206.33 205.89 204.60 202.52 199.73 196.29 192.29 187.81 182.92 177.71 172.28 167.20 162.99 159.63 157.07 155.25 154.13 153.66 153.78 154.44 155.55 156.75 157.72 158.45 158.92 159.17 159.18 158.94 158.49 157.89 157.19 156.45 155.73 155.08 154.57 154.25 154.13 154.08 154.03 153.99 153.96 153.94 153.94 153.96 153.99 154.05 154.14 154.30 154.53 154.84 155.20 155.64 156.31
155.85 158.95 162.19 165.57 169.06 172.64 176.27 179.89 183.48 186.99 190.38 193.60 196.54 199.05 201.06 202.59 203.64 204.22 204.34 203.99 203.01 201.24 198.74 195.59 191.86 187.63 182.98 177.99 172.76 167.89 163.88 160.74 158.41 156.84 155.98 155.77 156.16 157.06 158.09 158.91 159.50 159.86 160.01 159.95 159.70 159.25 158.62 157.86 157.02 156.16 155.34 154.62 154.06 153.70 153.57 153.50 153.45 153.41 153.39 153.38 153.40 153.43 153.50 153.59 153.76 154.00 154.31 154.69 155.13 155.63 156.20
156.58 159.61 162.75 166.01 169.39 172.86 176.36 179.87 183.35 186.74 190.00 193.04 195.66 197.83 199.54 200.82 201.66 202.07 202.07 201.65 200.82 199.40 197.27 194.46 191.06 187.15 182.80 178.10 173.15 168.54 164.81 161.96 159.93 158.66 158.12 158.24 158.92 159.77 160.44 160.89 161.14 161.18 161.04 160.71 160.22 159.56 158.75 157.84 156.86 155.89 154.98 154.18 153.56 153.18 153.03 152.96 152.91 152.87 152.86 152.86 152.90 152.96 153.05 153.22 153.47 153.79 154.17 154.63 155.13 155.70 156.31
157.36 160.29 163.33 166.46 169.71 173.05 176.42 179.80 183.14 186.40 189.46 192.15 194.42 196.27 197.71 198.75 199.40 199.66 199.55 199.07 198.23 197.03 195.29 192.90 189.91 186.38 182.40 178.05 173.43 169.15 165.77 163.27 161.61 160.72 160.56 161.02 161.69 162.20 162.50 162.62 162.55 162.32 161.92 161.36 160.67 159.84 158.88 157.82 156.72 155.63 154.63 153.76 153.09 152.68 152.52 152.45 152.39 152.37 152.36 152.38 152.44 152.53 152.70 152.94 153.26 153.65 154.11 154.62 155.20 155.82 156.49
158.18 161.02 163.93 166.92 170.02 173.21 176.44 179.68 182.87 185.91 188.61 190.92 192.84 194.40 195.58 196.41 196.89 197.03 196.83 196.31 195.47 194.32 192.85 190.91 188.38 185.30 181.75 177.82 173.61 169.73 166.76 164.68 163.45 163.00 163.23 163.72 164.05 164.21 164.19 164.01 163.68 163.20 162.58 161.84 160.98 160.01 158.95 157.80 156.58 155.39 154.30 153.36 152.65 152.20 152.03 151.96 151.91 151.89 151.90 151.94 152.03 152.19 152.43 152.75 153.13 153.59 154.11 154.68 155.31 155.98 156.70
159.06 161.78 164.55 167.39 170.33 173.36 176.43 179.50 182.46 185.11 187.41 189.36 190.97 192.24 193.19 193.83 194.16 194.19 193.92 193.38 192.56 191.47 190.12 188.50 186.48 183.91 180.87 177.42 173.68 170.27 167.77 166.18 165.44 165.44 165.73 165.89 165.89 165.74 165.43 164.99 164.43 163.74 162.95 162.05 161.07 160.01 158.87 157.68 156.43 155.16 153.99 152.98 152.22 151.75 151.58 151.51 151.47 151.46 151.48 151.55 151.70 151.93 152.24 152.62 153.07 153.59 154.16 154.79 155.47 156.19 156.95
159.99 162.58 165.20 167.86 170.63 173.48 176.38 179.20 181.75 183.98 185.89 187.50 188.81 189.84 190.57 191.04 191.24 191.18 190.87 190.32 189.54 188.53 187.31 185.87 184.22 182.22 179.74 176.84 173.63 170.76 168.80 167.76 167.53 167.61 167.60 167.43 167.13 166.70 166.15 165.49 164.73 163.87 162.94 161.93 160.87 159.74 158.58 157.38 156.15 154.91 153.69 152.63 151.82 151.33 151.15 151.09 151.05 151.06 151.11 151.24 151.46 151.75 152.13 152.57 153.07 153.64 154.27 154.94 155.66 156.42 157.22
160.98 163.42 165.87 168.35 170.93 173.59 176.22 178.61 180.72 182.54 184.10 185.39 186.42 187.20 187.75 188.06 188.15 188.03 187.70 187.16 186.44 185.54 184.45 183.21 181.80 180.23 178.36 176.08 173.47 171.19 169.85 169.36 169.24 169.04 168.71 168.25 167.69 167.02 166.26 165.42 164.50 163.52 162.49 161.40 160.29 159.14 157.98 156.81 155.65 154.49 153.36 152.29 151.45 150.94 150.76 150.70 150.68 150.71 150.82 151.01 151.29 151.65 152.07 152.57 153.13 153.74 154.41 155.12 155.88 156.68 157.51
162.11 164.30 166.56 168.85 171.22 173.60 175.78 177.71 179.39 180.83 182.04 183.03 183.81 184.38 184.75 184.94 184.94 184.76 184.43 183.93 183.29 182.51 181.59 180.55 179.39 178.13 176.75 175.12 173.19 171.57 170.84 170.50 170.11 169.60 168.99 168.28 167.49 166.63 165.69 164.71 163.67 162.60 161.50 160.39 159.26 158.13 157.02 155.92 154.85 153.82 152.83 151.91 151.10 150.57 150.39 150.34 150.34 150.43 150.60 150.86 151.19 151.60 152.08 152.62 153.22 153.88 154.58 155.33 156.12 156.95 157.80
163.59 165.31 167.29 169.35 171.43 173.34 175.03 176.51 177.79 178.87 179.76 180.47 181.01 181.39 181.61 181.68 181.61 181.42 181.10 180.66 180.12 179.48 178.75 177.93 177.05 176.09 175.08 174.00 172.77 171.82 171.27 170.68 169.99 169.21 168.36 167.44 166.46 165.44 164.37 163.28 162.17 161.04 159.92 158.80 157.70 156.63 155.60 154.61 153.68 152.81 152.02 151.31 150.69 150.23 150.06 150.03 150.08 150.23 150.46 150.77 151.15 151.61 152.13 152.71 153.35 154.04 154.78 155.56 156.37 157.22 158.09
165.50 166.67 168.14 169.80 171.38 172.79 174.01 175.07 175.96 176.70 177.29 177.74 178.06 178.27 178.36 178.34 178.23 178.02 177.74 177.38 176.96 176.49 175.96 175.39 174.80 174.18 173.54 172.89 172.22 171.48 170.68 169.80 168.85 167.84 166.78 165.69 164.56 163.41 162.25 161.09 159.93 158.79 157.68 156.60 155.57 154.59 153.67 152.83 152.07 151.40 150.83 150.37 150.03 149.83 149.78 149.80 149.91 150.11 150.39 150.75 151.17 151.67 152.23 152.85 153.52 154.24 155.00 155.80 156.63 157.49 158.38
167.76 168.39 169.19 170.09 171.07 171.99 172.78 173.43 173.97 174.39 174.72 174.94 175.08 175.13 175.12 175.04 174.91 174.73 174.51 174.27 174.00 173.71 173.42 173.13 172.85 172.59 172.36 172.12 171.62 170.73 169.63 168.47 167.27 166.04 164.79 163.52 162.25 160.98 159.73 158.50 157.31 156.16 155.06 154.03 153.07 152.18 151.39 150.70 150.12 149.65 149.32 149.12 149.07 149.24 149.67 149.91 150.06 150.30 150.61 151.00 151.46 151.98 152.56 153.20 153.88 154.61 155.38 156.19 157.02 157.89 158.77
170.29 170.32 170.33 170.38 170.62 171.02 171.40 171.70 171.91 172.06 172.14 172.18 172.16 172.11 172.03 171.93 171.81 171.69 171.58 171.47 171.39 171.33 171.31 171.33 171.41 171.55 171.71 171.64 171.06 170.06 168.78 167.34 165.86 164.38 162.91 161.45 160.01 158.60 157.24 155.93 154.68 153.50 152.40 151.39 150.47 149.67 148.98 148.42 147.99 147.71 147.58 147.63 147.90 148.60 149.64 150.37 150.71 150.96 151.29 151.68 152.15 152.67 153.25 153.88 154.56 155.28 156.04 156.82 157.64 158.48 159.33
172.95 172.26 171.48 170.74 170.23 169.98 169.93 169.89 169.83 169.73 169.62 169.49 169.36 169.24 169.12 169.03 168.97 168.95 168.97 169.05 169.18 169.39 169.68 170.05 170.51 171.04 171.36 171.19 170.52 169.44 168.06 166.43 164.68 162.93 161.22 159.54 157.91 156.35 154.85 153.43 152.10 150.86 149.74 148.72 147.84 147.08 146.48 146.02 145.73 145.61 145.68 145.99 146.74 147.99 149.59 150.88 151.66 152.05 152.37 152.75 153.20 153.70 154.25 154.86 155.50 156.19 156.91 157.66 158.43 159.22 160.02
175.55 174.14 172.63 171.17 169.97 169.07 168.45 168.07 167.75 167.45 167.17 166.93 166.72 166.56 166.45 166.41 166.43 166.54 166.74 167.03 167.42 167.93 168.56 169.32 170.17 170.84 171.05 170.76 169.99 168.83 167.39 165.68 163.76 161.74 159.75 157.84 156.00 154.25 152.60 151.05 149.61 148.30 147.12 146.09 145.20 144.48 143.93 143.56 143.38 143.40 143.69 144.43 145.67 147.42 149.52 151.31 152.59 153.39 153.81 154.16 154.56 155.01 155.52 156.07 156.66 157.29 157.95 158.63 159.33 160.05 160.78
178.02 175.94 173.77 171.66 169.83 168.33 167.16 166.32 165.73 165.26 164.85 164.52 164.27 164.11 164.04 164.08 164.24 164.51 164.92 165.46 166.15 166.99 168.00 169.14 170.12 170.66 170.73 170.34 169.49 168.26 166.75 164.99 163.00 160.81 158.56 156.38 154.31 152.35 150.52 148.82 147.25 145.84 144.59 143.51 142.61 141.89 141.38 141.07 140.98 141.18 141.83 143.00 144.68 146.89 149.44 151.68 153.41 154.64 155.42 155.83 156.17 156.56 156.99 157.47 157.98 158.53 159.10 159.69 160.31 160.93 161.56
180.35 177.67 174.90 172.20 169.80 167.78 166.11 164.81 163.85 163.20 162.70 162.32 162.06 161.93 161.94 162.10 162.42 162.90 163.55 164.38 165.40 166.62 168.00 169.25 170.09 170.48 170.43 169.93 169.00 167.71 166.15 164.34 162.30 160.06 157.66 155.22 152.89 150.70 148.66 146.78 145.07 143.53 142.19 141.04 140.09 139.37 138.86 138.59 138.63 139.13 140.16 141.72 143.80 146.39 149.35 151.99 154.11 155.74 156.89 157.61 157.98 158.28 158.62 159.00 159.41 159.85 160.31 160.79 161.29 161.79 162.31
182.52 179.31 176.01 172.78 169.88 167.39 165.30 163.60 162.28 161.35 160.75 160.35 160.12 160.07 160.19 160.51 161.02 161.74 162.68 163.83 165.22 166.80 168.28 169.38 170.05 170.30 170.12 169.54 168.54 167.19 165.58 163.73 161.66 159.39 156.94 154.35 151.77 149.32 147.06 144.98 143.10 141.42 139.95 138.71 137.70 136.94 136.42 136.23 136.51 137.33 138.69 140.59 143.01 145.95 149.25 152.24 154.71 156.67 158.16 159.20 159.82 160.12 160.35 160.60 160.88 161.19 161.52 161.87 162.23 162.59 162.96
