data_processed/recharge/precip/Precip_2009_04.asc
ncols        168
nrows        136
xllcorner    455000
yllcorner    2107000
cellsize     500
NODATA_value     -99999
[rows 0 to 35 of 136, columns 0 to 78 of 168]
27.57 26.66 25.74 24.81 23.88 22.96 22.03 21.10 20.19 19.28 18.38 17.50 16.63 15.78 14.95 14.14 13.36 12.61 11.88 11.20 10.55 9.94 9.37 8.84 8.34 7.86 7.42 7.01 6.63 6.26 5.93 5.61 5.31 5.03 4.77 4.52 4.29 4.06 3.84 3.62 3.41 3.20 2.99 2.79 2.59 2.40 2.21 2.03 1.85 1.69 1.53 1.37 1.23 1.09 0.97 0.85 0.74 0.62 0.50 0.37 0.24 0.11 0.00 0.00 0.00 0.00 0.00 0.00 0.00 0.00 0.00 0.00 0.00 0.00 0.00 0.00 0.00 0.00 0.00
27.69 26.76 25.82 24.88 23.94 22.99 22.04 21.10 20.17 19.24 18.33 17.42 16.53 15.66 14.81 13.99 13.18 12.41 11.66 10.96 10.29 9.67 9.08 8.53 8.01 7.53 7.08 6.66 6.26 5.90 5.55 5.23 4.93 4.66 4.39 4.15 3.92 3.70 3.49 3.28 3.08 2.88 2.69 2.50 2.32 2.15 1.97 1.81 1.65 1.50 1.36 1.23 1.10 0.99 0.88 0.78 0.67 0.56 0.44 0.32 0.19 0.06 0.00 0.00 0.00 0.00 0.00 0.00 0.00 0.00 0.00 0.00 0.00 0.00 0.00 0.00 0.00 0.00 0.00
27.80 26.85 25.90 24.94 23.98 23.02 22.06 21.10 20.15 19.21 18.27 17.35 16.44 15.56 14.69 13.84 13.02 12.22 11.45 10.73 10.05 9.40 8.80 8.24 7.71 7.22 6.75 6.32 5.92 5.55 5.20 4.88 4.58 4.30 4.04 3.80 3.57 3.36 3.15 2.96 2.78 2.59 2.42 2.25 2.08 1.92 1.77 1.62 1.48 1.35 1.23 1.11 1.01 0.91 0.82 0.73 0.62 0.51 0.39 0.27 0.15 0.02 0.00 0.00 0.00 0.00 0.00 0.00 0.00 0.00 0.00 0.00 0.00 0.00 0.00 0.00 0.00 0.00 0.00
27.90 26.94 25.98 25.01 24.03 23.05 22.08 21.10 20.13 19.17 18.22 17.28 16.36 15.45 14.56 13.70 12.86 12.04 11.26 10.51 9.81 9.15 8.54 7.96 7.42 6.92 6.45 6.01 5.60 5.23 4.87 4.55 4.25 3.97 3.71 3.47 3.25 3.04 2.85 2.67 2.50 2.33 2.17 2.02 1.87 1.73 1.59 1.46 1.34 1.23 1.13 1.03 0.95 0.87 0.79 0.69 0.59 0.48 0.36 0.24 0.12 0.00 0.00 0.00 0.00 0.00 0.00 0.00 0.00 0.00 0.00 0.00 0.00 0.00 0.00 0.00 0.00 0.00 0.00
28.00 27.03 26.05 25.07 24.08 23.09 22.09 21.10 20.12 19.14 18.18 17.22 16.28 15.36 14.45 13.57 12.71 11.88 11.07 10.31 9.59 8.92 8.29 7.70 7.15 6.64 6.16 5.72 5.30 4.92 4.57 4.24 3.94 3.67 3.41 3.18 2.96 2.76 2.58 2.41 2.25 2.10 1.95 1.82 1.69 1.56 1.45 1.34 1.24 1.15 1.06 0.99 0.92 0.85 0.76 0.67 0.57 0.46 0.34 0.22 0.10 0.00 0.00 0.00 0.00 0.00 0.00 0.00 0.00 0.00 0.00 0.00 0.00 0.00 0.00 0.00 0.00 0.00 0.00
28.10 27.12 26.13 25.13 24.12 23.12 22.11 21.11 20.11 19.12 18.14 17.17 16.21 15.27 14.35 13.45 12.57 11.72 10.90 10.12 9.39 8.70 8.06 7.46 6.90 6.38 5.89 5.44 5.03 4.64 4.29 3.96 3.66 3.39 3.14 2.91 2.70 2.51 2.34 2.18 2.03 1.90 1.77 1.65 1.54 1.43 1.34 1.25 1.17 1.10 1.04 0.98 0.92 0.84 0.76 0.67 0.56 0.45 0.34 0.22 0.10 0.00 0.00 0.00 0.00 0.00 0.00 0.00 0.00 0.00 0.00 0.00 0.00 0.00 0.00 0.00 0.00 0.00 0.00
28.20 27.20 26.20 25.19 24.17 23.16 22.14 21.12 20.11 19.10 18.11 17.12 16.15 15.20 14.26 13.34 12.45 11.58 10.74 9.95 9.20 8.50 7.85 7.24 6.67 6.14 5.65 5.19 4.77 4.39 4.03 3.71 3.41 3.14 2.90 2.67 2.47 2.29 2.13 1.98 1.85 1.73 1.62 1.52 1.43 1.34 1.27 1.20 1.14 1.09 1.05 0.99 0.93 0.86 0.77 0.67 0.57 0.46 0.35 0.23 0.11 0.00 0.00 0.00 0.00 0.00 0.00 0.00 0.00 0.00 0.00 0.00 0.00 0.00 0.00 0.00 0.00 0.00 0.00
28.29 27.29 26.27 25.25 24.23 23.20 22.17 21.14 20.11 19.09 18.08 17.09 16.10 15.13 14.18 13.25 12.34 11.45 10.60 9.79 9.03 8.32 7.65 7.03 6.46 5.92 5.43 4.97 4.55 4.16 3.80 3.48 3.19 2.92 2.68 2.47 2.28 2.10 1.95 1.82 1.70 1.60 1.50 1.42 1.35 1.29 1.23 1.19 1.15 1.12 1.08 1.03 0.96 0.88 0.80 0.70 0.60 0.49 0.37 0.26 0.14 0.02 0.00 0.00 0.00 0.00 0.00 0.00 0.00 0.00 0.00 0.00 0.00 0.00 0.00 0.00 0.00 0.00 0.00
28.39 27.37 26.35 25.32 24.28 23.24 22.20 21.16 20.12 19.09 18.07 17.06 16.06 15.08 14.11 13.17 12.24 11.34 10.48 9.65 8.88 8.16 7.48 6.85 6.27 5.73 5.23 4.77 4.34 3.96 3.60 3.28 2.99 2.73 2.50 2.29 2.11 1.95 1.81 1.69 1.59 1.50 1.43 1.37 1.31 1.27 1.24 1.22 1.20 1.17 1.13 1.07 1.00 0.93 0.84 0.74 0.64 0.53 0.41 0.30 0.18 0.06 0.00 0.00 0.00 0.00 0.00 0.00 0.00 0.00 0.00 0.00 0.00 0.00 0.00 0.00 0.00 0.00 0.00
28.48 27.46 26.43 25.39 24.34 23.29 22.24 21.19 20.14 19.10 18.07 17.04 16.03 15.04 14.06 13.10 12.16 11.25 10.37 9.53 8.75 8.01 7.33 6.69 6.10 5.56 5.05 4.59 4.17 3.78 3.43 3.11 2.83 2.58 2.35 2.15 1.98 1.83 1.71 1.60 1.51 1.44 1.39 1.35 1.32 1.30 1.29 1.28 1.27 1.24 1.19 1.14 1.07 0.98 0.89 0.80 0.69 0.58 0.47 0.35 0.23 0.11 0.00 0.00 0.00 0.00 0.00 0.00 0.00 0.00 0.00 0.00 0.00 0.00 0.00 0.00 0.00 0.00 0.00
28.58 27.55 26.51 25.46 24.41 23.35 22.29 21.23 20.17 19.12 18.07 17.04 16.02 15.01 14.02 13.05 12.10 11.17 10.28 9.43 8.63 7.89 7.20 6.56 5.96 5.41 4.90 4.44 4.02 3.63 3.28 2.97 2.69 2.45 2.23 2.05 1.89 1.75 1.64 1.55 1.48 1.43 1.39 1.37 1.37 1.37 1.38 1.38 1.36 1.33 1.28 1.22 1.14 1.06 0.97 0.87 0.76 0.65 0.53 0.42 0.30 0.18 0.07 0.00 0.00 0.00 0.00 0.00 0.00 0.00 0.00 0.00 0.00 0.00 0.00 0.00 0.00 0.00 0.00
28.68 27.64 26.60 25.54 24.48 23.41 22.34 21.27 20.21 19.15 18.09 17.05 16.02 15.00 14.00 13.01 12.05 11.11 10.21 9.35 8.54 7.79 7.09 6.44 5.84 5.29 4.78 4.32 3.90 3.51 3.17 2.86 2.59 2.35 2.15 1.97 1.82 1.70 1.61 1.53 1.48 1.45 1.44 1.44 1.46 1.48 1.50 1.49 1.47 1.43 1.38 1.31 1.24 1.15 1.06 0.95 0.85 0.73 0.62 0.50 0.38 0.26 0.15 0.04 0.00 0.00 0.00 0.00 0.00 0.00 0.00 0.00 0.00 0.00 0.00 0.00 0.00 0.00 0.00
28.78 27.74 26.69 25.63 24.56 23.48 22.41 21.33 20.26 19.19 18.12 17.07 16.03 15.00 13.99 13.00 12.02 11.08 10.16 9.28 8.47 7.71 7.01 6.35 5.75 5.19 4.69 4.22 3.80 3.43 3.09 2.79 2.52 2.30 2.10 1.94 1.80 1.69 1.61 1.56 1.53 1.51 1.52 1.55 1.58 1.61 1.63 1.62 1.60 1.56 1.50 1.43 1.35 1.26 1.16 1.06 0.95 0.83 0.71 0.60 0.48 0.36 0.24 0.13 0.02 0.00 0.00 0.00 0.00 0.00 0.00 0.00 0.00 0.00 0.00 0.00 0.00 0.00 0.00
28.89 27.85 26.79 25.72 24.64 23.56 22.48 21.40 20.32 19.24 18.17 17.11 16.06 15.02 14.00 13.00 12.02 11.06 10.13 9.25 8.42 7.66 6.95 6.29 5.68 5.13 4.62 4.16 3.74 3.37 3.04 2.74 2.49 2.27 2.09 1.93 1.81 1.72 1.66 1.62 1.61 1.62 1.65 1.70 1.73 1.76 1.77 1.76 1.74 1.69 1.63 1.56 1.48 1.38 1.28 1.18 1.06 0.95 0.83 0.71 0.59 0.47 0.35 0.24 0.13 0.04 0.00 0.00 0.00 0.00 0.00 0.00 0.00 0.00 0.00 0.00 0.00 0.00 0.00
29.01 27.96 26.89 25.82 24.74 23.66 22.57 21.48 20.39 19.31 18.23 17.16 16.10 15.06 14.03 13.02 12.03 11.06 10.12 9.23 8.40 7.63 6.91 6.25 5.65 5.09 4.58 4.12 3.71 3.34 3.02 2.73 2.49 2.28 2.11 1.97 1.87 1.79 1.75 1.73 1.74 1.77 1.82 1.86 1.90 1.92 1.92 1.91 1.89 1.85 1.79 1.71 1.62 1.53 1.42 1.31 1.19 1.08 0.95 0.83 0.71 0.59 0.47 0.36 0.26 0.16 0.07 0.00 0.00 0.00 0.00 0.00 0.00 0.00 0.00 0.00 0.00 0.00 0.04
29.13 28.07 27.01 25.93 24.85 23.76 22.67 21.57 20.48 19.39 18.30 17.23 16.17 15.11 14.08 13.06 12.06 11.08 10.13 9.24 8.40 7.63 6.91 6.24 5.64 5.08 4.58 4.12 3.71 3.35 3.03 2.76 2.52 2.33 2.17 2.05 1.96 1.90 1.88 1.88 1.91 1.96 2.01 2.04 2.07 2.09 2.09 2.08 2.05 2.01 1.95 1.88 1.78 1.68 1.58 1.46 1.34 1.22 1.10 0.97 0.85 0.73 0.61 0.50 0.39 0.29 0.20 0.13 0.06 0.00 0.00 0.00 0.00 0.00 0.00 0.02 0.08 0.14 0.20
29.26 28.20 27.13 26.05 24.97 23.87 22.78 21.68 20.58 19.49 18.40 17.32 16.25 15.19 14.15 13.12 12.11 11.13 10.17 9.27 8.43 7.65 6.93 6.26 5.66 5.10 4.60 4.15 3.75 3.39 3.08 2.82 2.60 2.41 2.27 2.16 2.09 2.05 2.05 2.07 2.12 2.16 2.20 2.24 2.26 2.27 2.26 2.25 2.22 2.18 2.12 2.05 1.96 1.86 1.75 1.63 1.51 1.38 1.26 1.13 1.00 0.88 0.76 0.65 0.54 0.44 0.35 0.27 0.21 0.15 0.12 0.09 0.09 0.10 0.13 0.19 0.24 0.31 0.37
29.39 28.34 27.27 26.19 25.10 24.00 22.90 21.80 20.70 19.60 18.51 17.42 16.35 15.28 14.24 13.20 12.19 11.20 10.24 9.33 8.48 7.70 6.98 6.31 5.71 5.16 4.66 4.21 3.82 3.47 3.17 2.92 2.71 2.54 2.41 2.32 2.26 2.24 2.26 2.30 2.34 2.38 2.41 2.43 2.45 2.45 2.45 2.43 2.40 2.36 2.30 2.23 2.15 2.05 1.93 1.81 1.69 1.56 1.43 1.30 1.17 1.05 0.93 0.81 0.70 0.61 0.52 0.44 0.37 0.32 0.28 0.26 0.26 0.27 0.31 0.36 0.42 0.49 0.56
29.54 28.48 27.41 26.33 25.24 24.14 23.04 21.94 20.83 19.73 18.64 17.55 16.47 15.40 14.35 13.31 12.29 11.30 10.33 9.41 8.57 7.78 7.06 6.39 5.79 5.24 4.75 4.31 3.92 3.58 3.29 3.05 2.85 2.70 2.59 2.51 2.48 2.48 2.51 2.55 2.58 2.61 2.63 2.64 2.65 2.65 2.64 2.62 2.59 2.54 2.49 2.42 2.34 2.25 2.14 2.01 1.88 1.75 1.62 1.49 1.36 1.23 1.11 0.99 0.88 0.78 0.69 0.61 0.55 0.49 0.46 0.44 0.43 0.45 0.49 0.55 0.61 0.68 0.75
29.70 28.64 27.57 26.49 25.40 24.30 23.20 22.09 20.99 19.88 18.79 17.69 16.61 15.54 14.48 13.44 12.42 11.42 10.45 9.53 8.68 7.89 7.17 6.50 5.90 5.36 4.87 4.44 4.06 3.73 3.46 3.23 3.04 2.90 2.81 2.75 2.74 2.75 2.78 2.80 2.82 2.84 2.85 2.86 2.86 2.85 2.83 2.81 2.78 2.73 2.68 2.62 2.54 2.45 2.34 2.23 2.10 1.96 1.82 1.69 1.55 1.43 1.30 1.18 1.07 0.97 0.88 0.80 0.73 0.68 0.65 0.63 0.63 0.64 0.68 0.74 0.81 0.88 0.95
29.87 28.81 27.74 26.66 25.57 24.47 23.37 22.27 21.16 20.05 18.95 17.86 16.78 15.70 14.64 13.60 12.57 11.57 10.59 9.67 8.82 8.03 7.31 6.65 6.05 5.51 5.03 4.61 4.24 3.92 3.66 3.44 3.27 3.15 3.07 3.03 3.03 3.04 3.05 3.06 3.07 3.08 3.08 3.08 3.07 3.05 3.04 3.01 2.97 2.93 2.88 2.81 2.74 2.66 2.56 2.45 2.32 2.18 2.04 1.91 1.77 1.64 1.51 1.39 1.28 1.17 1.08 1.00 0.93 0.88 0.85 0.83 0.83 0.85 0.89 0.95 1.02 1.09 1.16
30.04 28.99 27.93 26.85 25.76 24.66 23.56 22.46 21.35 20.25 19.15 18.05 16.97 15.89 14.83 13.78 12.75 11.75 10.77 9.84 8.99 8.20 7.48 6.83 6.23 5.70 5.23 4.81 4.45 4.15 3.90 3.69 3.54 3.44 3.38 3.35 3.35 3.34 3.34 3.33 3.33 3.32 3.31 3.30 3.28 3.27 3.24 3.21 3.17 3.13 3.08 3.02 2.95 2.86 2.77 2.67 2.55 2.42 2.28 2.14 2.00 1.86 1.73 1.61 1.49 1.39 1.30 1.21 1.15 1.09 1.06 1.04 1.04 1.06 1.11 1.17 1.24 1.31 1.38
30.21 29.19 28.13 27.05 25.97 24.87 23.77 22.67 21.56 20.46 19.36 18.26 17.18 16.10 15.04 13.99 12.96 11.95 10.97 10.04 9.19 8.41 7.69 7.04 6.45 5.92 5.46 5.05 4.71 4.41 4.18 3.99 3.85 3.77 3.72 3.69 3.66 3.64 3.62 3.60 3.58 3.57 3.55 3.53 3.50 3.48 3.45 3.42 3.38 3.33 3.28 3.22 3.15 3.08 2.99 2.89 2.78 2.66 2.53 2.39 2.24 2.10 1.97 1.84 1.73 1.62 1.52 1.44 1.37 1.32 1.28 1.26 1.27 1.29 1.33 1.40 1.47 1.54 1.61
30.38 29.38 28.34 27.27 26.19 25.10 24.00 22.90 21.80 20.69 19.60 18.50 17.42 16.34 15.28 14.23 13.20 12.19 11.20 10.28 9.43 8.64 7.93 7.28 6.70 6.18 5.73 5.34 5.00 4.72 4.50 4.33 4.21 4.14 4.08 4.03 3.99 3.95 3.91 3.88 3.84 3.81 3.79 3.76 3.73 3.69 3.66 3.62 3.58 3.53 3.48 3.42 3.36 3.29 3.20 3.11 3.01 2.90 2.78 2.65 2.50 2.36 2.22 2.09 1.97 1.86 1.77 1.68 1.61 1.56 1.52 1.50 1.50 1.52 1.57 1.63 1.70 1.78 1.85
30.55 29.57 28.55 27.51 26.43 25.35 24.25 23.15 22.05 20.95 19.86 18.76 17.68 16.61 15.54 14.50 13.47 12.45 11.47 10.55 9.69 8.91 8.21 7.57 6.99 6.48 6.04 5.66 5.33 5.07 4.86 4.71 4.60 4.52 4.44 4.37 4.31 4.25 4.20 4.15 4.11 4.06 4.02 3.99 3.95 3.91 3.87 3.83 3.78 3.74 3.68 3.63 3.56 3.50 3.42 3.34 3.24 3.14 3.03 2.91 2.77 2.63 2.49 2.36 2.24 2.12 2.02 1.94 1.86 1.81 1.77 1.75 1.75 1.77 1.82 1.88 1.95 2.03 2.10
30.71 29.76 28.77 27.74 26.69 25.61 24.52 23.43 22.33 21.24 20.14 19.05 17.97 16.90 15.84 14.79 13.76 12.75 11.77 10.85 10.00 9.22 8.52 7.89 7.32 6.82 6.39 6.02 5.71 5.46 5.27 5.13 5.01 4.90 4.81 4.72 4.63 4.56 4.49 4.43 4.37 4.32 4.26 4.22 4.17 4.12 4.08 4.03 3.99 3.94 3.88 3.83 3.77 3.70 3.63 3.56 3.47 3.38 3.28 3.17 3.05 2.91 2.77 2.64 2.51 2.40 2.29 2.20 2.13 2.07 2.03 2.01 2.01 2.03 2.08 2.14 2.22 2.29 2.36
30.88 29.96 28.99 27.99 26.96 25.90 24.82 23.73 22.64 21.55 20.46 19.37 18.29 17.22 16.16 15.12 14.09 13.08 12.10 11.18 10.34 9.57 8.87 8.24 7.69 7.20 6.78 6.42 6.13 5.90 5.72 5.56 5.42 5.29 5.17 5.06 4.96 4.87 4.78 4.70 4.63 4.56 4.50 4.44 4.39 4.34 4.29 4.24 4.19 4.13 4.08 4.03 3.97 3.91 3.84 3.77 3.70 3.61 3.52 3.42 3.31 3.20 3.07 2.93 2.80 2.68 2.58 2.48 2.41 2.35 2.31 2.29 2.28 2.31 2.35 2.42 2.49 2.56 2.63
31.06 30.16 29.21 28.24 27.23 26.19 25.13 24.05 22.97 21.88 20.80 19.71 18.64 17.57 16.52 15.48 14.46 13.45 12.47 11.55 10.71 9.95 9.26 8.64 8.09 7.62 7.21 6.87 6.59 6.37 6.17 5.99 5.83 5.67 5.53 5.40 5.28 5.17 5.07 4.98 4.89 4.81 4.74 4.67 4.61 4.55 4.49 4.44 4.38 4.33 4.28 4.22 4.17 4.11 4.05 3.98 3.91 3.84 3.76 3.67 3.58 3.47 3.36 3.23 3.11 2.98 2.87 2.78 2.70 2.64 2.59 2.57 2.57 2.59 2.63 2.70 2.77 2.84 2.91
31.24 30.36 29.45 28.50 27.51 26.50 25.46 24.40 23.32 22.24 21.16 20.09 19.02 17.96 16.91 15.87 14.85 13.85 12.87 11.96 11.12 10.37 9.68 9.08 8.54 8.08 7.69 7.36 7.09 6.85 6.63 6.42 6.23 6.06 5.89 5.74 5.60 5.47 5.36 5.25 5.15 5.06 4.97 4.89 4.82 4.75 4.69 4.63 4.57 4.52 4.47 4.41 4.36 4.31 4.25 4.19 4.13 4.06 3.99 3.91 3.83 3.74 3.64 3.54 3.42 3.30 3.19 3.09 3.01 2.94 2.90 2.87 2.87 2.89 2.93 2.99 3.06 3.13 3.21
31.42 30.58 29.69 28.76 27.80 26.81 25.80 24.76 23.70 22.63 21.56 20.49 19.43 18.37 17.33 16.30 15.28 14.28 13.31 12.40 11.57 10.82 10.15 9.56 9.03 8.58 8.20 7.89 7.60 7.33 7.08 6.85 6.64 6.44 6.25 6.08 5.92 5.77 5.64 5.51 5.40 5.30 5.20 5.11 5.03 4.96 4.89 4.82 4.76 4.70 4.65 4.60 4.55 4.49 4.44 4.39 4.33 4.28 4.21 4.15 4.08 4.00 3.92 3.83 3.73 3.62 3.51 3.41 3.33 3.26 3.21 3.18 3.18 3.19 3.24 3.30 3.37 3.44 3.51
31.61 30.80 29.94 29.04 28.11 27.14 26.15 25.13 24.10 23.05 21.99 20.93 19.87 18.82 17.78 16.76 15.75 14.75 13.79 12.88 12.06 11.32 10.66 10.08 9.57 9.13 8.76 8.42 8.11 7.81 7.53 7.28 7.04 6.81 6.60 6.41 6.23 6.07 5.91 5.77 5.65 5.53 5.42 5.32 5.23 5.15 5.07 5.01 4.94 4.88 4.83 4.77 4.72 4.67 4.63 4.58 4.53 4.48 4.43 4.38 4.32 4.25 4.19 4.11 4.03 3.94 3.85 3.75 3.66 3.59 3.54 3.51 3.50 3.51 3.55 3.62 3.68 3.75 3.82
31.82 31.03 30.21 29.34 28.43 27.49 26.52 25.53 24.52 23.49 22.44 21.39 20.34 19.30 18.27 17.25 16.25 15.26 14.30 13.40 12.59 11.86 11.21 10.64 10.14 9.71 9.32 8.96 8.61 8.29 7.98 7.70 7.43 7.18 6.95 6.74 6.54 6.35 6.19 6.03 5.89 5.76 5.64 5.53 5.43 5.34 5.26 5.18 5.11 5.05 4.99 4.94 4.89 4.85 4.80 4.76 4.72 4.68 4.64 4.59 4.55 4.50 4.44 4.39 4.32 4.25 4.18 4.09 4.01 3.93 3.88 3.84 3.83 3.85 3.89 3.95 4.01 4.08 4.14
32.03 31.28 30.48 29.64 28.77 27.85 26.91 25.94 24.95 23.94 22.92 21.89 20.85 19.82 18.80 17.79 16.79 15.81 14.85 13.97 13.16 12.44 11.80 11.25 10.76 10.31 9.88 9.48 9.11 8.75 8.42 8.11 7.82 7.55 7.29 7.06 6.84 6.64 6.45 6.28 6.12 5.98 5.84 5.72 5.62 5.52 5.43 5.35 5.28 5.21 5.15 5.10 5.05 5.01 4.97 4.93 4.90 4.86 4.83 4.80 4.76 4.73 4.69 4.65 4.60 4.55 4.49 4.43 4.36 4.29 4.23 4.19 4.18 4.19 4.23 4.29 4.35 4.41 4.48
32.26 31.54 30.78 29.97 29.12 28.24 27.32 26.38 25.41 24.42 23.42 22.41 21.39 20.37 19.36 18.36 17.37 16.40 15.45 14.57 13.78 13.07 12.44 11.89 11.38 10.89 10.44 10.01 9.60 9.21 8.85 8.52 8.20 7.90 7.63 7.37 7.13 6.91 6.70 6.52 6.34 6.19 6.04 5.91 5.79 5.69 5.59 5.50 5.43 5.36 5.30 5.25 5.20 5.16 5.12 5.09 5.06 5.04 5.01 4.99 4.97 4.95 4.92 4.89 4.87 4.83 4.80 4.75 4.71 4.65 4.60 4.56 4.54 4.55 4.58 4.64 4.70 4.76 4.82
32.51 31.82 31.09 30.31 29.49 28.64 27.75 26.83 25.89 24.93 23.95 22.96 21.96 20.96 19.96 18.97 17.99 17.02 16.08 15.21 14.43 13.74 13.12 12.54 11.99 11.47 10.98 10.52 10.08 9.67 9.28 8.91 8.57 8.25 7.95 7.67 7.41 7.17 6.95 6.75 6.56 6.39 6.23 6.09 5.96 5.84 5.74 5.65 5.57 5.50 5.44 5.38 5.34 5.30 5.27 5.24 5.22 5.20 5.18 5.17 5.16 5.15 5.14 5.13 5.12 5.10 5.09 5.06 5.04 5.01 4.97 4.94 4.92 4.92 4.95 5.01 5.06 5.12 5.18
32.77 32.12 31.42 30.68 29.89 29.06 28.20 27.31 26.40 25.46 24.51 23.54 22.56 21.58 20.59 19.61 18.64 17.69 16.76 15.90 15.13 14.44 13.80 13.18 12.60 12.05 11.52 11.02 10.55 10.11 9.69 9.30 8.93 8.59 8.26 7.96 7.68 7.42 7.18 6.96 6.76 6.57 6.41 6.25 6.11 5.99 5.88 5.78 5.70 5.62 5.56 5.51 5.46 5.43 5.40 5.37 5.36 5.35 5.34 5.34 5.34 5.34 5.34 5.35 5.35 5.36 5.36 5.36 5.35 5.35 5.34 5.32 5.30 5.30 5.33 5.38 5.44 5.49 5.55
