data_processed/recharge/precip/Precip_2008_06.asc
ncols        168
nrows        136
xllcorner    455000
yllcorner    2107000
cellsize     500
NODATA_value     -99999
[rows 96 to 127 of 136, columns 0 to 71 of 168]
193.72 184.06 176.60 171.23 167.85 166.35 166.63 168.53 171.59 175.16 179.08 183.34 187.90 192.75 197.85 202.99 207.78 212.15 216.17 219.90 223.40 226.74 229.98 233.18 236.41 239.69 242.99 246.30 249.59 252.84 256.03 259.14 262.15 265.00 267.68 270.18 272.51 274.70 276.75 278.67 280.34 281.52 282.17 282.31 281.96 281.15 279.90 278.23 276.17 273.65 270.53 266.84 262.63 257.97 252.89 247.46 241.72 235.73 229.52 223.11 216.56 209.90 203.20 196.49 189.85 183.43 177.50 172.13 167.34 163.15 159.59 156.67
192.92 184.03 177.33 172.73 170.12 169.40 170.41 172.64 175.41 178.54 182.01 185.80 189.88 194.23 198.82 203.63 208.46 212.97 217.11 220.94 224.53 227.93 231.22 234.45 237.69 240.97 244.27 247.56 250.83 254.04 257.19 260.25 263.16 265.88 268.40 270.75 272.94 274.98 276.88 278.65 280.30 281.70 282.62 283.00 282.85 282.22 281.11 279.55 277.57 275.10 272.03 268.38 264.21 259.58 254.53 249.11 243.39 237.39 231.16 224.74 218.19 211.54 204.86 198.19 191.59 185.10 178.91 173.28 168.27 163.92 160.25 157.27
192.16 184.20 178.46 174.81 173.14 173.33 174.81 176.85 179.25 182.01 185.09 188.47 192.14 196.05 200.19 204.54 209.07 213.60 217.85 221.76 225.42 228.87 232.19 235.43 238.67 241.93 245.20 248.46 251.69 254.86 257.94 260.88 263.62 266.16 268.50 270.67 272.67 274.52 276.23 277.81 279.28 280.64 281.76 282.38 282.46 282.01 281.05 279.62 277.73 275.33 272.32 268.73 264.61 260.02 255.00 249.62 243.92 237.95 231.74 225.36 218.86 212.28 205.67 199.08 192.58 186.19 179.99 174.15 168.93 164.42 160.64 157.60
191.45 184.62 180.00 177.48 176.91 177.71 179.08 180.83 182.94 185.39 188.14 191.18 194.49 198.03 201.79 205.74 209.85 214.11 218.35 222.34 226.04 229.53 232.86 236.09 239.31 242.54 245.77 248.99 252.15 255.25 258.20 260.94 263.47 265.78 267.91 269.86 271.64 273.27 274.75 276.11 277.35 278.49 279.52 280.33 280.64 280.38 279.60 278.30 276.52 274.20 271.26 267.74 263.69 259.15 254.19 248.86 243.22 237.31 231.18 224.89 218.49 212.02 205.54 199.09 192.73 186.50 180.46 174.67 169.30 164.63 160.74 157.64
190.83 185.31 181.99 180.74 180.93 181.70 182.87 184.41 186.29 188.49 190.98 193.74 196.75 199.99 203.42 207.03 210.80 214.69 218.68 222.64 226.38 229.88 233.21 236.42 239.60 242.79 245.96 249.11 252.19 255.14 257.86 260.35 262.62 264.68 266.56 268.25 269.77 271.14 272.37 273.46 274.44 275.31 276.10 276.79 277.25 277.21 276.61 275.47 273.80 271.58 268.73 265.29 261.31 256.85 251.97 246.73 241.19 235.40 229.40 223.25 217.00 210.70 204.39 198.13 191.96 185.95 180.13 174.56 169.30 164.53 160.53 157.37
190.33 186.29 184.43 184.07 184.33 184.98 186.01 187.39 189.10 191.12 193.41 195.96 198.74 201.73 204.91 208.24 211.72 215.30 218.98 222.72 226.41 229.91 233.22 236.40 239.52 242.64 245.74 248.80 251.72 254.40 256.83 259.03 261.02 262.79 264.38 265.78 267.01 268.08 269.01 269.81 270.49 271.06 271.54 271.94 272.26 272.36 271.95 270.97 269.44 267.32 264.58 261.23 257.35 252.99 248.24 243.15 237.77 232.14 226.33 220.37 214.32 208.23 202.14 196.12 190.21 184.45 178.91 173.62 168.65 164.04 159.99 156.78
189.99 187.57 186.74 186.55 186.76 187.35 188.31 189.60 191.20 193.10 195.26 197.66 200.27 203.08 206.06 209.19 212.43 215.78 219.20 222.67 226.17 229.60 232.87 235.99 239.04 242.08 245.09 247.96 250.58 252.94 255.05 256.93 258.59 260.04 261.30 262.37 263.27 264.02 264.62 265.08 265.43 265.67 265.81 265.87 265.86 265.78 265.49 264.68 263.30 261.31 258.67 255.44 251.69 247.50 242.94 238.04 232.86 227.46 221.87 216.15 210.36 204.53 198.73 192.99 187.38 181.93 176.71 171.76 167.13 162.87 159.05 155.85
189.78 188.55 187.97 187.80 188.03 188.63 189.58 190.84 192.41 194.24 196.33 198.64 201.16 203.85 206.70 209.67 212.76 215.93 219.16 222.42 225.69 228.95 232.14 235.19 238.15 241.09 243.88 246.42 248.69 250.69 252.45 253.98 255.28 256.37 257.26 257.97 258.51 258.89 259.12 259.21 259.19 259.05 258.82 258.51 258.13 257.68 257.18 256.47 255.24 253.39 250.89 247.82 244.27 240.31 235.98 231.32 226.41 221.27 215.96 210.54 205.04 199.53 194.05 188.66 183.39 178.31 173.47 168.90 164.67 160.82 157.40 154.48
189.08 188.19 187.72 187.66 187.97 188.64 189.63 190.94 192.52 194.37 196.44 198.73 201.21 203.85 206.63 209.52 212.51 215.56 218.66 221.78 224.90 227.99 231.02 233.97 236.82 239.53 241.96 244.11 245.99 247.60 248.97 250.10 251.00 251.70 252.19 252.50 252.64 252.62 252.44 252.14 251.70 251.16 250.52 249.80 249.00 248.15 247.24 246.29 245.14 243.44 241.13 238.30 235.02 231.33 227.28 222.92 218.31 213.49 208.52 203.43 198.30 193.15 188.05 183.05 178.18 173.51 169.09 164.96 161.18 157.79 154.84 152.40
186.94 186.24 185.95 186.04 186.49 187.29 188.39 189.79 191.46 193.37 195.50 197.83 200.32 202.97 205.74 208.61 211.56 214.56 217.59 220.63 223.64 226.62 229.53 232.35 234.99 237.31 239.32 241.05 242.50 243.69 244.62 245.32 245.80 246.06 246.12 246.00 245.70 245.24 244.63 243.88 243.01 242.02 240.94 239.77 238.52 237.22 235.86 234.47 233.07 231.52 229.48 226.95 223.98 220.61 216.89 212.88 208.62 204.17 199.57 194.88 190.15 185.42 180.74 176.17 171.76 167.55 163.60 159.95 156.66 153.78 151.36 149.44
184.29 183.79 183.69 183.96 184.58 185.53 186.77 188.29 190.06 192.06 194.26 196.65 199.19 201.87 204.65 207.52 210.45 213.42 216.41 219.38 222.32 225.20 228.01 230.79 233.34 235.29 236.85 238.12 239.11 239.85 240.32 240.56 240.58 240.38 239.98 239.39 238.62 237.69 236.61 235.39 234.05 232.59 231.03 229.38 227.66 225.88 224.04 222.19 220.57 219.14 217.38 215.16 212.51 209.47 206.10 202.45 198.56 194.49 190.28 185.99 181.67 177.37 173.13 169.01 165.06 161.33 157.86 154.71 151.93 149.57 147.68 146.30
182.01 181.74 181.83 182.27 183.05 184.14 185.51 187.15 189.02 191.10 193.37 195.81 198.39 201.09 203.88 206.75 209.66 212.59 215.52 218.43 221.29 224.08 226.85 229.67 232.24 234.05 235.21 236.00 236.51 236.76 236.75 236.50 236.03 235.34 234.45 233.36 232.10 230.68 229.10 227.38 225.54 223.58 221.52 219.37 217.15 214.86 212.54 210.45 208.87 207.54 205.94 204.00 201.65 198.94 195.90 192.59 189.06 185.35 181.53 177.63 173.71 169.82 166.01 162.33 158.83 155.56 152.56 149.90 147.61 145.76 144.38 143.53
180.09 180.07 180.36 180.98 181.91 183.14 184.63 186.37 188.33 190.49 192.83 195.32 197.93 200.64 203.44 206.29 209.17 212.06 214.93 217.77 220.54 223.30 226.12 228.98 231.58 233.35 234.31 234.66 234.66 234.40 233.88 233.12 232.13 230.92 229.51 227.91 226.13 224.18 222.08 219.84 217.47 214.98 212.39 209.71 206.95 204.16 201.58 199.53 198.03 196.76 195.28 193.51 191.44 189.04 186.32 183.34 180.15 176.80 173.34 169.82 166.29 162.80 159.40 156.14 153.08 150.25 147.72 145.52 143.72 142.36 141.48 141.02
178.48 178.74 179.27 180.06 181.14 182.49 184.10 185.94 187.99 190.22 192.61 195.14 197.78 200.50 203.29 206.13 208.97 211.81 214.62 217.38 220.13 222.94 225.80 228.71 231.32 233.05 233.90 233.99 233.52 232.71 231.65 230.35 228.82 227.07 225.11 222.97 220.64 218.14 215.49 212.70 209.77 206.73 203.59 200.35 197.06 193.99 191.45 189.47 188.02 186.81 185.40 183.76 181.88 179.75 177.34 174.67 171.81 168.80 165.70 162.54 159.39 156.29 153.29 150.44 147.80 145.40 143.32 141.58 140.25 139.36 138.88 138.69
177.18 177.69 178.47 179.48 180.71 182.19 183.91 185.85 187.97 190.27 192.71 195.27 197.93 200.65 203.43 206.24 209.04 211.83 214.57 217.31 220.11 222.97 225.88 228.82 231.44 233.12 233.85 233.76 232.96 231.65 230.03 228.16 226.05 223.73 221.21 218.48 215.58 212.51 209.28 205.91 202.40 198.78 195.05 191.26 187.69 184.65 182.18 180.25 178.82 177.64 176.30 174.76 173.02 171.09 168.95 166.59 164.05 161.37 158.60 155.79 153.00 150.27 147.66 145.21 142.97 141.00 139.35 138.05 137.17 136.68 136.49 136.53
176.16 176.92 177.94 179.17 180.60 182.21 184.04 186.06 188.26 190.61 193.09 195.68 198.35 201.07 203.83 206.60 209.36 212.09 214.81 217.61 220.47 223.38 226.33 229.29 231.91 233.52 234.13 233.85 232.81 231.11 228.94 226.48 223.78 220.86 217.73 214.41 210.91 207.23 203.40 199.42 195.31 191.08 186.77 182.68 179.13 176.16 173.73 171.83 170.42 169.25 167.95 166.49 164.86 163.09 161.16 159.08 156.84 154.47 152.03 149.56 147.12 144.75 142.51 140.44 138.60 137.04 135.80 134.93 134.44 134.27 134.33 134.56
175.41 176.41 177.65 179.10 180.73 182.52 184.45 186.56 188.82 191.23 193.74 196.35 199.02 201.74 204.48 207.21 209.91 212.63 215.42 218.27 221.18 224.13 227.11 230.09 232.70 234.24 234.72 234.25 232.94 230.92 228.31 225.26 221.94 218.40 214.64 210.70 206.56 202.26 197.79 193.18 188.44 183.60 178.98 174.91 171.42 168.50 166.10 164.21 162.78 161.60 160.33 158.92 157.40 155.75 154.00 152.14 150.17 148.11 145.97 143.83 141.72 139.70 137.82 136.12 134.66 133.49 132.66 132.19 132.04 132.14 132.42 132.81
174.91 176.14 177.59 179.25 181.07 183.04 185.13 187.32 189.65 192.10 194.64 197.26 199.94 202.64 205.34 208.03 210.73 213.51 216.36 219.27 222.23 225.21 228.21 231.20 233.79 235.25 235.59 234.91 233.33 230.98 227.97 224.43 220.49 216.29 211.89 207.28 202.50 197.53 192.41 187.14 181.77 176.60 172.00 167.99 164.55 161.65 159.26 157.35 155.89 154.68 153.41 152.05 150.59 149.06 147.45 145.78 144.05 142.26 140.43 138.60 136.81 135.12 133.58 132.24 131.15 130.36 129.92 129.81 129.97 130.31 130.78 131.31
174.64 176.09 177.75 179.60 181.61 183.75 186.00 188.32 190.72 193.20 195.77 198.40 201.06 203.74 206.41 209.10 211.87 214.72 217.63 220.58 223.57 226.58 229.59 232.58 235.14 236.52 236.70 235.81 233.96 231.27 227.86 223.84 219.34 214.49 209.41 204.13 198.65 193.01 187.20 181.28 175.56 170.41 165.86 161.89 158.48 155.58 153.18 151.24 149.73 148.47 147.18 145.83 144.44 142.99 141.52 140.01 138.48 136.93 135.38 133.84 132.37 131.00 129.79 128.79 128.06 127.67 127.61 127.83 128.25 128.82 129.44 130.06
174.60 176.25 178.11 180.14 182.33 184.63 187.03 189.49 191.99 194.52 197.11 199.73 202.38 205.04 207.72 210.48 213.32 216.23 219.18 222.18 225.19 228.21 231.22 234.20 236.73 238.01 238.04 236.93 234.80 231.76 227.94 223.44 218.40 212.93 207.16 201.17 194.99 188.63 182.14 175.86 170.15 165.06 160.55 156.61 153.19 150.28 147.84 145.85 144.27 142.94 141.61 140.26 138.90 137.53 136.16 134.79 133.44 132.12 130.82 129.56 128.38 127.32 126.43 125.77 125.43 125.44 125.74 126.25 126.92 127.66 128.42 129.11
174.75 176.61 178.65 180.86 183.20 185.66 188.19 190.78 193.40 196.02 198.63 201.25 203.89 206.55 209.31 212.14 215.05 218.01 221.00 224.02 227.06 230.08 233.09 236.05 238.53 239.72 239.58 238.24 235.81 232.42 228.17 223.20 217.61 211.53 205.07 198.35 191.44 184.38 177.51 171.24 165.58 160.53 156.05 152.10 148.67 145.72 143.23 141.16 139.49 138.07 136.68 135.31 133.96 132.64 131.36 130.12 128.93 127.80 126.73 125.74 124.84 124.07 123.50 123.23 123.32 123.71 124.33 125.11 125.99 126.88 127.73 128.45
175.10 177.14 179.35 181.73 184.22 186.82 189.49 192.19 194.92 197.63 200.30 202.94 205.59 208.34 211.17 214.07 217.03 220.03 223.06 226.10 229.14 232.16 235.16 238.10 240.52 241.60 241.28 239.70 236.97 233.22 228.54 223.08 216.94 210.24 203.10 195.64 187.99 180.54 173.68 167.46 161.84 156.81 152.32 148.36 144.89 141.88 139.31 137.15 135.37 133.84 132.37 130.96 129.60 128.31 127.09 125.96 124.91 123.95 123.10 122.36 121.74 121.26 121.08 121.26 121.75 122.50 123.41 124.43 125.48 126.49 127.40 128.13
175.61 177.82 180.21 182.73 185.37 188.10 190.88 193.70 196.52 199.32 202.07 204.79 207.54 210.37 213.27 216.23 219.23 222.27 225.32 228.38 231.42 234.43 237.40 240.30 242.67 243.62 243.13 241.30 238.26 234.13 229.02 223.06 216.35 209.03 201.20 193.02 184.96 177.50 170.69 164.50 158.90 153.86 149.36 145.35 141.83 138.74 136.08 133.81 131.89 130.22 128.66 127.18 125.80 124.52 123.35 122.29 121.36 120.56 119.90 119.39 119.04 118.98 119.28 119.89 120.76 121.82 123.00 124.22 125.42 126.52 127.46 128.16
176.28 178.66 181.20 183.86 186.63 189.48 192.37 195.29 198.20 201.07 203.93 206.82 209.71 212.63 215.59 218.60 221.64 224.70 227.77 230.82 233.86 236.85 239.79 242.65 244.95 245.77 245.09 243.01 239.65 235.14 229.58 223.11 215.84 207.87 199.38 190.84 182.76 175.31 168.52 162.35 156.74 151.68 147.13 143.07 139.46 136.28 133.50 131.09 129.02 127.21 125.52 123.96 122.53 121.24 120.09 119.10 118.27 117.60 117.12 116.83 116.87 117.34 118.12 119.15 120.37 121.71 123.12 124.51 125.82 126.98 127.92 128.56
177.08 179.62 182.30 185.10 187.99 190.95 193.94 196.94 199.93 202.91 205.93 208.97 212.02 215.06 218.09 221.14 224.21 227.29 230.37 233.42 236.43 239.40 242.30 245.11 247.33 248.02 247.13 244.79 241.11 236.20 230.20 223.21 215.35 206.78 197.99 189.51 181.49 174.02 167.17 160.97 155.34 150.23 145.62 141.48 137.77 134.47 131.56 128.99 126.75 124.76 122.93 121.27 119.77 118.45 117.31 116.36 115.60 115.05 114.74 114.81 115.37 116.34 117.60 119.05 120.59 122.19 123.79 125.32 126.72 127.90 128.80 129.35
178.01 180.69 183.50 186.43 189.43 192.48 195.56 198.65 201.74 204.88 208.05 211.24 214.43 217.60 220.74 223.84 226.93 230.02 233.09 236.13 239.12 242.05 244.90 247.66 249.79 250.33 249.24 246.62 242.61 237.30 230.84 223.32 214.92 206.11 197.46 189.12 181.16 173.67 166.71 160.38 154.67 149.50 144.81 140.56 136.73 133.30 130.23 127.49 125.05 122.87 120.88 119.09 117.50 116.13 114.97 114.04 113.35 112.91 112.92 113.50 114.57 116.00 117.70 119.55 121.43 123.27 125.04 126.68 128.12 129.30 130.14 130.57
179.04 181.85 184.79 187.82 190.93 194.07 197.23 200.42 203.66 206.95 210.27 213.60 216.92 220.21 223.46 226.64 229.76 232.85 235.92 238.93 241.89 244.78 247.57 250.26 252.30 252.69 251.38 248.48 244.12 238.41 231.47 223.46 214.89 206.30 197.87 189.66 181.76 174.24 167.18 160.66 154.75 149.46 144.66 140.30 136.33 132.73 129.48 126.55 123.90 121.50 119.33 117.39 115.70 114.25 113.06 112.13 111.50 111.36 111.87 112.94 114.47 116.34 118.44 120.65 122.86 124.96 126.88 128.60 130.06 131.20 131.94 132.22
180.15 183.09 186.14 189.28 192.47 195.70 198.97 202.30 205.69 209.12 212.57 216.02 219.46 222.86 226.21 229.48 232.67 235.77 238.81 241.80 244.72 247.55 250.28 252.89 254.83 255.06 253.52 250.33 245.62 239.50 232.12 224.01 215.72 207.43 199.22 191.15 183.30 175.76 168.59 161.88 155.71 150.14 145.17 140.66 136.53 132.76 129.31 126.16 123.27 120.64 118.27 116.17 114.34 112.81 111.56 110.64 110.27 110.62 111.61 113.15 115.10 117.36 119.81 122.35 124.86 127.22 129.33 131.11 132.56 133.63 134.24 134.33
181.34 184.40 187.55 190.78 194.05 197.38 200.79 204.27 207.79 211.35 214.92 218.48 222.02 225.52 228.96 232.32 235.58 238.72 241.75 244.70 247.57 250.34 253.00 255.53 257.35 257.41 255.64 252.16 247.09 240.58 233.16 225.42 217.51 209.52 201.51 193.57 185.78 178.21 170.94 164.04 157.59 151.67 146.36 141.63 137.32 133.35 129.68 126.29 123.15 120.27 117.67 115.39 113.41 111.76 110.47 109.78 109.88 110.72 112.17 114.12 116.46 119.07 121.85 124.67 127.44 130.02 132.31 134.21 135.64 136.60 137.06 136.93
182.59 185.75 188.99 192.30 195.68 199.15 202.69 206.30 209.95 213.62 217.30 220.96 224.59 228.18 231.69 235.12 238.44 241.64 244.70 247.62 250.42 253.13 255.70 258.14 259.84 259.72 257.71 253.92 248.52 242.04 235.07 227.78 220.25 212.55 204.76 196.95 189.21 181.60 174.22 167.13 160.41 154.14 148.40 143.26 138.68 134.49 130.58 126.93 123.52 120.36 117.52 115.03 112.88 111.13 110.03 109.81 110.40 111.68 113.54 115.87 118.56 121.49 124.55 127.62 130.60 133.37 135.81 137.82 139.29 140.14 140.41 140.03
183.87 187.12 190.45 193.86 197.38 200.98 204.65 208.38 212.14 215.91 219.68 223.43 227.15 230.80 234.38 237.86 241.24 244.48 247.57 250.49 253.25 255.87 258.36 260.70 262.27 261.96 259.70 255.65 250.34 244.38 237.95 231.11 223.94 216.53 208.95 201.27 193.58 185.95 178.45 171.17 164.17 157.55 151.37 145.72 140.65 136.15 131.98 128.06 124.34 120.89 117.79 115.07 112.77 111.18 110.54 110.79 111.82 113.51 115.74 118.42 121.41 124.62 127.92 131.21 134.36 137.28 139.84 141.93 143.43 144.25 144.32 143.66
185.18 188.52 191.95 195.49 199.13 202.85 206.64 210.47 214.33 218.19 222.05 225.88 229.66 233.37 237.00 240.53 243.94 247.21 250.33 253.26 256.01 258.56 260.95 263.18 264.62 264.11 261.64 257.73 253.03 247.68 241.78 235.39 228.60 221.47 214.10 206.55 198.90 191.24 183.62 176.15 168.88 161.90 155.28 149.11 143.45 138.39 133.86 129.64 125.61 121.84 118.45 115.52 113.36 112.22 112.05 112.73 114.16 116.22 118.79 121.77 125.03 128.48 131.99 135.44 138.74 141.76 144.39 146.52 148.04 148.83 148.78 147.84
