data_processed/recharge/precip/Precip_1990_04.asc
ncols        168
nrows        136
xllcorner    455000
yllcorner    2107000
cellsize     500
NODATA_value     -99999
[rows 102 to 135 of 136, columns 0 to 76 of 168]
40.22 40.20 40.15 40.08 39.98 39.87 39.74 39.60 39.45 39.29 39.13 38.96 38.80 38.65 38.50 38.36 38.24 38.13 38.04 37.97 37.93 37.92 37.94 37.99 38.02 38.01 37.98 37.93 37.86 37.77 37.66 37.54 37.40 37.25 37.09 36.91 36.73 36.54 36.34 36.14 35.94 35.73 35.52 35.31 35.10 34.89 34.68 34.48 34.25 33.92 33.79 33.81 33.86 33.93 34.01 34.10 34.21 34.32 34.45 34.59 34.74 34.90 35.06 35.24 35.42 35.61 35.80 36.00 36.20 36.40 36.61 36.82 37.03 37.25 37.44 37.60 37.77
41.88 41.72 41.54 41.35 41.13 40.91 40.67 40.43 40.18 39.93 39.68 39.43 39.20 38.97 38.75 38.56 38.38 38.22 38.08 37.98 37.90 37.86 37.86 37.89 37.92 37.93 37.92 37.89 37.84 37.77 37.70 37.61 37.50 37.39 37.27 37.13 37.00 36.85 36.70 36.55 36.40 36.24 36.09 35.94 35.79 35.65 35.51 35.38 35.26 35.14 35.06 35.01 34.98 34.96 34.97 34.98 35.02 35.07 35.13 35.21 35.29 35.40 35.51 35.63 35.76 35.90 36.05 36.21 36.37 36.54 36.72 36.90 37.08 37.27 37.46 37.65 37.89
43.60 43.31 43.00 42.67 42.34 42.00 41.65 41.30 40.96 40.61 40.27 39.94 39.63 39.33 39.04 38.78 38.54 38.33 38.15 38.00 37.89 37.81 37.79 37.89 38.00 38.03 38.03 38.03 38.01 37.97 37.92 37.86 37.80 37.72 37.64 37.55 37.45 37.35 37.26 37.16 37.06 36.96 36.86 36.77 36.69 36.61 36.55 36.49 36.43 36.34 36.21 36.08 35.97 35.88 35.81 35.77 35.73 35.72 35.72 35.74 35.78 35.83 35.89 35.96 36.05 36.15 36.26 36.39 36.52 36.66 36.81 36.96 37.12 37.29 37.45 37.59 37.89
45.35 44.92 44.48 44.03 43.57 43.11 42.66 42.20 41.75 41.31 40.88 40.47 40.07 39.69 39.34 39.01 38.71 38.44 38.21 38.02 37.87 37.77 37.82 38.09 38.35 38.45 38.48 38.49 38.48 38.47 38.45 38.41 38.37 38.33 38.28 38.22 38.17 38.11 38.05 38.00 37.94 37.90 37.85 37.82 37.79 37.77 37.76 37.76 37.73 37.63 37.48 37.28 37.10 36.94 36.80 36.68 36.58 36.50 36.44 36.40 36.38 36.37 36.39 36.41 36.46 36.51 36.59 36.67 36.77 36.88 37.00 37.13 37.26 37.39 37.43 37.45 37.68
47.12 46.56 45.98 45.41 44.83 44.25 43.68 43.11 42.56 42.02 41.50 41.00 40.52 40.06 39.64 39.24 38.88 38.56 38.28 38.04 37.86 37.82 38.03 38.47 38.90 39.14 39.23 39.25 39.26 39.26 39.25 39.23 39.21 39.19 39.17 39.14 39.11 39.09 39.06 39.05 39.03 39.03 39.03 39.04 39.06 39.09 39.13 39.15 39.11 39.01 38.85 38.63 38.38 38.14 37.93 37.73 37.57 37.42 37.30 37.19 37.11 37.05 37.01 36.99 36.98 36.99 37.02 37.07 37.13 37.20 37.29 37.39 37.48 37.49 37.40 37.29 37.41
48.92 48.23 47.52 46.81 46.11 45.41 44.72 44.05 43.39 42.75 42.14 41.55 40.98 40.45 39.95 39.49 39.07 38.68 38.35 38.07 37.94 38.06 38.42 39.01 39.58 39.98 40.21 40.28 40.30 40.30 40.30 40.29 40.29 40.28 40.27 40.26 40.26 40.26 40.26 40.27 40.29 40.32 40.35 40.40 40.46 40.54 40.59 40.61 40.56 40.45 40.29 40.07 39.80 39.49 39.20 38.93 38.69 38.47 38.28 38.11 37.97 37.85 37.75 37.67 37.62 37.58 37.56 37.57 37.59 37.62 37.68 37.72 37.69 37.56 37.34 37.11 37.13
50.70 49.91 49.08 48.24 47.41 46.60 45.79 45.01 44.25 43.51 42.80 42.11 41.47 40.85 40.28 39.75 39.26 38.82 38.44 38.21 38.21 38.47 38.96 39.68 40.39 40.93 41.30 41.50 41.56 41.56 41.56 41.56 41.56 41.56 41.56 41.56 41.57 41.59 41.61 41.64 41.68 41.73 41.80 41.88 41.97 42.06 42.11 42.12 42.07 41.96 41.78 41.56 41.28 40.95 40.60 40.25 39.93 39.64 39.38 39.15 38.94 38.76 38.60 38.46 38.35 38.27 38.20 38.16 38.13 38.13 38.12 38.04 37.86 37.60 37.26 36.94 36.85
52.45 51.58 50.66 49.71 48.75 47.81 46.89 46.00 45.13 44.29 43.48 42.70 41.97 41.27 40.62 40.02 39.47 38.97 38.63 38.52 38.66 39.04 39.65 40.48 41.31 41.97 42.46 42.79 42.97 43.01 43.01 43.00 42.99 42.99 42.99 43.00 43.02 43.04 43.07 43.12 43.18 43.25 43.33 43.43 43.54 43.62 43.67 43.67 43.62 43.50 43.32 43.09 42.80 42.47 42.09 41.68 41.29 40.92 40.59 40.28 40.01 39.76 39.54 39.35 39.18 39.04 38.92 38.83 38.76 38.69 38.55 38.31 38.00 37.61 37.17 36.75 36.58
54.18 53.23 52.23 51.19 50.13 49.07 48.03 47.02 46.04 45.09 44.19 43.32 42.49 41.72 40.99 40.31 39.70 39.24 39.00 39.01 39.26 39.74 40.46 41.39 42.32 43.08 43.68 44.13 44.42 44.57 44.59 44.57 44.56 44.55 44.54 44.55 44.56 44.59 44.62 44.67 44.74 44.82 44.92 45.03 45.13 45.21 45.25 45.26 45.20 45.07 44.88 44.65 44.36 44.02 43.64 43.21 42.75 42.30 41.89 41.52 41.17 40.85 40.57 40.31 40.09 39.89 39.72 39.57 39.43 39.22 38.92 38.54 38.09 37.60 37.06 36.57 36.33
55.87 54.84 53.77 52.66 51.52 50.35 49.20 48.07 46.98 45.93 44.92 43.96 43.05 42.19 41.38 40.64 40.04 39.68 39.55 39.66 40.00 40.58 41.38 42.39 43.39 44.24 44.94 45.48 45.88 46.13 46.25 46.25 46.22 46.19 46.18 46.17 46.17 46.19 46.22 46.27 46.34 46.42 46.52 46.63 46.73 46.81 46.85 46.85 46.79 46.65 46.46 46.22 45.92 45.58 45.19 44.76 44.28 43.77 43.28 42.83 42.41 42.02 41.67 41.35 41.06 40.80 40.57 40.35 40.07 39.69 39.24 38.72 38.16 37.56 36.95 36.38 36.08
57.50 56.41 55.28 54.11 52.90 51.66 50.40 49.16 47.96 46.81 45.70 44.64 43.63 42.69 41.81 41.07 40.57 40.30 40.26 40.45 40.87 41.52 42.39 43.46 44.53 45.45 46.21 46.84 47.32 47.66 47.88 47.96 47.95 47.90 47.86 47.83 47.82 47.82 47.84 47.88 47.94 48.03 48.13 48.23 48.33 48.41 48.45 48.44 48.37 48.24 48.04 47.79 47.49 47.14 46.75 46.31 45.83 45.30 44.75 44.22 43.72 43.26 42.84 42.45 42.09 41.77 41.46 41.09 40.63 40.10 39.51 38.87 38.20 37.51 36.83 36.21 35.85
59.07 57.93 56.74 55.51 54.25 52.95 51.63 50.30 48.98 47.72 46.51 45.35 44.25 43.23 42.35 41.69 41.27 41.07 41.10 41.36 41.84 42.54 43.46 44.58 45.70 46.67 47.49 48.18 48.73 49.15 49.44 49.61 49.66 49.62 49.56 49.50 49.47 49.45 49.45 49.47 49.53 49.61 49.71 49.82 49.92 49.99 50.03 50.02 49.95 49.80 49.60 49.35 49.04 48.69 48.30 47.85 47.37 46.83 46.26 45.67 45.09 44.55 44.06 43.60 43.17 42.76 42.30 41.75 41.12 40.45 39.73 38.98 38.21 37.45 36.70 36.04 35.65
60.56 59.38 58.15 56.87 55.56 54.21 52.84 51.45 50.05 48.68 47.36 46.10 44.92 43.89 43.07 42.48 42.12 41.98 42.07 42.37 42.90 43.64 44.59 45.74 46.89 47.89 48.76 49.49 50.09 50.56 50.92 51.16 51.28 51.30 51.24 51.15 51.08 51.03 51.01 51.02 51.08 51.17 51.27 51.38 51.48 51.55 51.58 51.57 51.49 51.34 51.13 50.87 50.57 50.21 49.81 49.36 48.87 48.34 47.76 47.15 46.51 45.89 45.32 44.79 44.27 43.70 43.04 42.32 41.55 40.74 39.90 39.05 38.21 37.38 36.58 35.89 35.46
61.98 60.76 59.49 58.18 56.82 55.43 54.02 52.58 51.13 49.67 48.26 46.91 45.71 44.72 43.96 43.43 43.11 43.02 43.14 43.48 44.03 44.79 45.76 46.92 48.08 49.10 49.99 50.75 51.38 51.90 52.30 52.58 52.77 52.85 52.83 52.74 52.63 52.55 52.51 52.53 52.59 52.68 52.79 52.89 52.99 53.06 53.09 53.08 52.99 52.84 52.62 52.36 52.05 51.69 51.28 50.83 50.34 49.80 49.22 48.61 47.95 47.27 46.62 45.98 45.30 44.53 43.71 42.83 41.92 40.98 40.04 39.10 38.18 37.30 36.47 35.75 35.31
63.30 62.06 60.76 59.42 58.03 56.61 55.16 53.68 52.19 50.69 49.20 47.83 46.67 45.73 45.01 44.51 44.23 44.16 44.30 44.65 45.21 45.98 46.95 48.10 49.25 50.28 51.17 51.94 52.60 53.13 53.56 53.88 54.10 54.22 54.25 54.20 54.08 53.99 53.96 53.98 54.04 54.14 54.24 54.35 54.45 54.51 54.55 54.52 54.44 54.28 54.06 53.79 53.47 53.11 52.70 52.25 51.75 51.21 50.63 50.01 49.35 48.65 47.91 47.10 46.22 45.28 44.29 43.26 42.22 41.17 40.13 39.12 38.14 37.22 36.36 35.63 35.18
64.52 63.26 61.95 60.58 59.17 57.72 56.24 54.74 53.22 51.70 50.24 48.93 47.81 46.90 46.20 45.72 45.45 45.38 45.53 45.88 46.43 47.18 48.13 49.27 50.40 51.41 52.29 53.05 53.71 54.25 54.68 55.02 55.26 55.41 55.47 55.46 55.41 55.35 55.33 55.36 55.43 55.52 55.63 55.74 55.83 55.90 55.93 55.90 55.81 55.64 55.42 55.15 54.83 54.46 54.05 53.59 53.09 52.55 51.96 51.34 50.68 49.96 49.10 48.11 47.05 45.93 44.79 43.63 42.47 41.32 40.20 39.12 38.09 37.13 36.26 35.53 35.09
65.62 64.36 63.03 61.66 60.23 58.77 57.27 55.75 54.22 52.74 51.39 50.17 49.10 48.20 47.51 47.03 46.75 46.68 46.81 47.14 47.67 48.39 49.31 50.40 51.49 52.46 53.32 54.06 54.70 55.22 55.65 55.99 56.23 56.39 56.48 56.53 56.58 56.60 56.61 56.65 56.72 56.82 56.93 57.03 57.13 57.20 57.22 57.19 57.10 56.93 56.70 56.42 56.09 55.72 55.31 54.85 54.34 53.80 53.22 52.59 51.90 51.09 50.11 48.99 47.77 46.50 45.21 43.93 42.66 41.42 40.23 39.09 38.03 37.05 36.18 35.46 35.03
66.61 65.34 64.01 62.63 61.21 59.74 58.23 56.71 55.23 53.86 52.61 51.49 50.49 49.62 48.92 48.42 48.13 48.03 48.12 48.42 48.90 49.58 50.44 51.48 52.52 53.44 54.25 54.95 55.55 56.05 56.45 56.77 57.00 57.16 57.30 57.43 57.57 57.68 57.77 57.84 57.91 58.01 58.12 58.23 58.33 58.39 58.42 58.39 58.29 58.11 57.88 57.60 57.27 56.89 56.47 56.01 55.50 54.96 54.37 53.72 52.94 52.00 50.91 49.70 48.38 46.98 45.57 44.17 42.81 41.49 40.24 39.06 37.97 36.98 36.11 35.41 35.02
67.45 66.20 64.88 63.51 62.08 60.61 59.12 57.65 56.29 55.03 53.88 52.84 51.92 51.10 50.42 49.89 49.55 49.41 49.46 49.70 50.12 50.73 51.53 52.49 53.45 54.31 55.06 55.70 56.25 56.70 57.07 57.35 57.56 57.75 57.96 58.17 58.38 58.58 58.75 58.89 58.99 59.10 59.21 59.32 59.41 59.48 59.50 59.47 59.36 59.18 58.94 58.66 58.32 57.95 57.52 57.06 56.55 56.00 55.39 54.64 53.73 52.68 51.51 50.22 48.83 47.36 45.85 44.35 42.91 41.52 40.22 39.01 37.90 36.92 36.07 35.40 35.05
68.16 66.92 65.62 64.26 62.85 61.40 59.97 58.63 57.38 56.22 55.17 54.21 53.35 52.59 51.94 51.40 51.01 50.81 50.79 50.96 51.31 51.84 52.55 53.42 54.29 55.06 55.73 56.30 56.78 57.17 57.48 57.71 57.94 58.20 58.47 58.75 59.03 59.29 59.54 59.75 59.92 60.05 60.17 60.28 60.37 60.44 60.46 60.42 60.31 60.13 59.88 59.59 59.26 58.87 58.45 57.98 57.47 56.89 56.18 55.31 54.30 53.15 51.90 50.54 49.10 47.60 46.05 44.48 42.96 41.52 40.18 38.95 37.84 36.87 36.05 35.43 35.13
68.71 67.50 66.23 64.89 63.51 62.13 60.83 59.61 58.47 57.41 56.44 55.55 54.75 54.04 53.43 52.90 52.48 52.21 52.11 52.18 52.44 52.87 53.48 54.24 55.01 55.68 56.25 56.73 57.12 57.43 57.67 57.91 58.19 58.50 58.83 59.16 59.50 59.83 60.13 60.41 60.65 60.84 60.98 61.09 61.19 61.25 61.27 61.23 61.12 60.93 60.68 60.39 60.05 59.66 59.23 58.76 58.22 57.55 56.72 55.74 54.63 53.40 52.08 50.67 49.20 47.67 46.11 44.54 42.98 41.49 40.12 38.88 37.78 36.83 36.06 35.50 35.25
69.10 67.93 66.69 65.39 64.09 62.85 61.67 60.57 59.53 58.56 57.66 56.84 56.10 55.43 54.84 54.34 53.91 53.58 53.38 53.36 53.50 53.82 54.31 54.94 55.58 56.14 56.59 56.97 57.25 57.48 57.71 57.99 58.31 58.66 59.03 59.42 59.80 60.18 60.55 60.88 61.18 61.43 61.62 61.75 61.85 61.91 61.93 61.89 61.77 61.58 61.33 61.03 60.68 60.29 59.86 59.36 58.73 57.93 56.99 55.91 54.72 53.43 52.05 50.61 49.11 47.58 46.03 44.48 42.93 41.44 40.05 38.81 37.73 36.82 36.10 35.60 35.43
69.32 68.19 67.00 65.79 64.63 63.52 62.47 61.46 60.52 59.64 58.81 58.05 57.35 56.72 56.15 55.66 55.23 54.88 54.61 54.46 54.48 54.67 55.01 55.51 56.01 56.42 56.75 57.00 57.18 57.38 57.63 57.94 58.29 58.68 59.09 59.51 59.94 60.37 60.77 61.15 61.50 61.80 62.05 62.23 62.34 62.40 62.42 62.38 62.26 62.06 61.80 61.50 61.15 60.76 60.30 59.70 58.94 58.03 56.99 55.83 54.58 53.23 51.82 50.35 48.85 47.33 45.80 44.28 42.79 41.34 39.97 38.75 37.69 36.83 36.17 35.76 35.67
69.35 68.28 67.19 66.13 65.11 64.12 63.18 62.28 61.42 60.61 59.85 59.14 58.48 57.88 57.33 56.83 56.40 56.03 55.72 55.48 55.35 55.39 55.58 55.91 56.26 56.52 56.70 56.82 56.96 57.17 57.44 57.78 58.15 58.56 59.00 59.46 59.92 60.37 60.81 61.23 61.62 61.96 62.25 62.48 62.63 62.71 62.73 62.68 62.56 62.36 62.10 61.79 61.44 61.02 60.46 59.74 58.86 57.86 56.73 55.51 54.20 52.81 51.38 49.90 48.41 46.91 45.41 43.95 42.52 41.16 39.87 38.68 37.67 36.87 36.28 35.96 35.97
69.20 68.24 67.29 66.37 65.48 64.61 63.78 62.97 62.20 61.46 60.75 60.09 59.46 58.88 58.34 57.84 57.39 56.99 56.64 56.34 56.10 55.97 55.99 56.15 56.32 56.41 56.44 56.50 56.64 56.86 57.15 57.49 57.88 58.31 58.77 59.24 59.73 60.21 60.68 61.12 61.54 61.91 62.24 62.50 62.69 62.81 62.83 62.79 62.66 62.46 62.19 61.88 61.50 60.98 60.30 59.46 58.49 57.40 56.21 54.93 53.58 52.18 50.73 49.26 47.79 46.32 44.88 43.48 42.14 40.87 39.68 38.61 37.67 36.93 36.44 36.22 36.33
68.89 68.08 67.28 66.50 65.73 64.97 64.23 63.51 62.81 62.14 61.48 60.86 60.26 59.69 59.15 58.64 58.17 57.73 57.34 56.98 56.66 56.39 56.23 56.19 56.17 56.09 56.05 56.10 56.24 56.46 56.74 57.09 57.49 57.92 58.39 58.88 59.37 59.87 60.36 60.82 61.26 61.66 62.01 62.30 62.52 62.66 62.72 62.68 62.55 62.34 62.07 61.74 61.26 60.61 59.81 58.88 57.83 56.67 55.42 54.10 52.73 51.31 49.88 48.43 46.99 45.57 44.20 42.87 41.63 40.46 39.41 38.47 37.67 37.03 36.64 36.53 36.76
68.43 67.78 67.12 66.47 65.81 65.16 64.52 63.88 63.24 62.62 62.01 61.42 60.84 60.28 59.73 59.21 58.71 58.23 57.78 57.35 56.96 56.59 56.27 56.03 55.81 55.65 55.58 55.62 55.75 55.96 56.24 56.58 56.97 57.41 57.87 58.36 58.86 59.36 59.86 60.34 60.79 61.20 61.56 61.87 62.11 62.28 62.36 62.34 62.22 62.01 61.71 61.27 60.66 59.90 59.01 57.99 56.87 55.65 54.37 53.02 51.64 50.23 48.81 47.40 46.01 44.66 43.36 42.13 40.99 39.96 39.04 38.25 37.62 37.15 36.88 36.90 37.19
67.81 67.30 66.78 66.24 65.70 65.15 64.59 64.02 63.45 62.88 62.31 61.74 61.17 60.61 60.05 59.50 58.97 58.44 57.93 57.43 56.95 56.49 56.05 55.66 55.34 55.14 55.05 55.07 55.17 55.36 55.63 55.95 56.33 56.76 57.22 57.70 58.19 58.69 59.19 59.66 60.12 60.54 60.91 61.23 61.48 61.66 61.75 61.75 61.65 61.42 61.02 60.46 59.73 58.87 57.89 56.80 55.63 54.37 53.06 51.71 50.33 48.94 47.55 46.19 44.86 43.59 42.38 41.26 40.25 39.35 38.58 37.96 37.51 37.24 37.17 37.26 37.48
66.86 66.50 66.11 65.70 65.26 64.81 64.33 63.84 63.33 62.81 62.27 61.73 61.17 60.61 60.04 59.47 58.90 58.32 57.75 57.18 56.62 56.06 55.53 55.12 54.82 54.59 54.47 54.46 54.54 54.70 54.94 55.25 55.61 56.02 56.46 56.93 57.41 57.90 58.39 58.86 59.31 59.73 60.10 60.42 60.68 60.87 60.97 60.98 60.88 60.64 60.16 59.48 58.65 57.71 56.65 55.50 54.28 53.00 51.67 50.32 48.95 47.59 46.25 44.94 43.69 42.51 41.41 40.41 39.53 38.78 38.17 37.73 37.48 37.41 37.49 37.60 37.71
65.49 65.28 65.03 64.74 64.42 64.07 63.68 63.27 62.82 62.35 61.86 61.34 60.80 60.25 59.67 59.08 58.47 57.85 57.23 56.59 55.94 55.31 54.80 54.47 54.23 54.01 53.86 53.82 53.87 54.00 54.22 54.50 54.84 55.22 55.64 56.10 56.57 57.04 57.52 57.98 58.43 58.84 59.21 59.53 59.79 59.97 60.08 60.10 59.99 59.75 59.26 58.51 57.59 56.56 55.44 54.24 52.98 51.68 50.35 49.00 47.66 46.33 45.05 43.81 42.64 41.55 40.57 39.69 38.95 38.36 37.93 37.68 37.62 37.71 37.82 37.90 37.97
63.73 63.67 63.56 63.40 63.20 62.95 62.66 62.33 61.95 61.54 61.09 60.61 60.09 59.54 58.96 58.36 57.72 57.06 56.38 55.68 54.98 54.38 53.96 53.71 53.54 53.38 53.24 53.16 53.18 53.28 53.46 53.72 54.03 54.39 54.79 55.22 55.67 56.13 56.59 57.04 57.48 57.88 58.24 58.56 58.81 59.00 59.10 59.10 58.99 58.75 58.27 57.52 56.55 55.45 54.27 53.03 51.74 50.42 49.09 47.76 46.45 45.17 43.95 42.79 41.71 40.73 39.86 39.12 38.53 38.10 37.85 37.79 37.88 38.00 38.09 38.16 38.21
61.66 61.69 61.73 61.71 61.63 61.49 61.30 61.05 60.75 60.40 60.00 59.55 59.06 58.53 57.95 57.33 56.67 55.98 55.25 54.51 53.86 53.36 53.03 52.85 52.75 52.66 52.58 52.51 52.49 52.55 52.70 52.92 53.20 53.53 53.91 54.31 54.74 55.18 55.63 56.06 56.48 56.87 57.22 57.53 57.78 57.95 58.03 58.01 57.89 57.64 57.17 56.45 55.50 54.37 53.14 51.86 50.55 49.23 47.91 46.60 45.33 44.11 42.95 41.87 40.89 40.02 39.28 38.69 38.26 38.00 37.93 38.02 38.14 38.25 38.32 38.37 38.40
59.38 59.45 59.57 59.68 59.72 59.70 59.61 59.46 59.24 58.95 58.61 58.20 57.74 57.23 56.65 56.03 55.36 54.63 53.88 53.20 52.66 52.27 52.02 51.91 51.88 51.85 51.83 51.82 51.80 51.83 51.94 52.12 52.37 52.67 53.02 53.39 53.79 54.21 54.63 55.04 55.44 55.82 56.16 56.45 56.68 56.83 56.88 56.83 56.70 56.45 55.99 55.29 54.38 53.28 52.04 50.74 49.42 48.10 46.79 45.52 44.29 43.13 42.05 41.06 40.19 39.44 38.84 38.40 38.13 38.05 38.13 38.24 38.35 38.45 38.51 38.54 38.55
56.92 57.03 57.18 57.36 57.52 57.62 57.64 57.58 57.44 57.23 56.95 56.59 56.16 55.67 55.11 54.48 53.79 53.06 52.39 51.84 51.41 51.12 50.96 50.92 50.95 50.98 51.02 51.06 51.10 51.13 51.20 51.34 51.55 51.82 52.13 52.47 52.84 53.23 53.62 54.01 54.39 54.74 55.06 55.33 55.53 55.63 55.65 55.58 55.43 55.19 54.74 54.06 53.19 52.14 50.95 49.65 48.33 47.02 45.74 44.50 43.33 42.24 41.24 40.36 39.60 38.98 38.52 38.24 38.14 38.20 38.31 38.42 38.52 38.60 38.64 38.65 38.65
