data_processed/recharge/precip/Precip_1989_07.asc
ncols        168
nrows        136
xllcorner    455000
yllcorner    2107000
cellsize     500
NODATA_value     -99999
[rows 66 to 98 of 136, columns 0 to 74 of 168]
132.16 129.97 127.74 125.52 123.34 121.21 119.19 117.29 115.56 114.03 112.85 112.30 112.54 113.53 115.22 117.56 120.50 123.97 127.94 132.33 137.11 142.22 147.61 152.91 157.59 161.56 164.83 167.42 169.34 170.60 171.21 171.18 170.52 169.24 167.36 165.01 162.57 160.26 158.11 156.12 154.26 152.53 150.92 149.41 148.00 146.67 145.41 144.21 143.05 141.90 140.71 139.50 138.26 136.98 135.66 134.30 132.89 131.44 129.93 128.36 126.71 124.78 122.59 120.30 117.96 115.57 113.15 110.72 108.28 105.84 103.43 101.06 98.73 96.46 94.27
131.33 129.12 126.87 124.62 122.39 120.22 118.13 116.17 114.37 112.86 111.76 111.13 111.13 111.89 113.38 115.55 118.35 121.73 125.62 129.98 134.76 139.89 145.33 150.72 155.45 159.47 162.77 165.37 167.28 168.51 169.08 168.99 168.25 166.88 165.01 163.00 160.98 158.99 157.10 155.35 153.71 152.17 150.74 149.38 148.10 146.87 145.70 144.56 143.45 142.33 141.17 139.98 138.75 137.49 136.18 134.82 133.40 131.94 130.42 128.80 126.90 124.50 121.66 118.61 115.55 112.52 109.52 106.58 103.71 100.92 98.21 95.62 93.14 90.79 88.58
130.68 128.46 126.19 123.90 121.64 119.42 117.28 115.26 113.49 112.09 111.09 110.50 110.38 110.87 112.10 114.04 116.65 119.86 123.62 127.88 132.59 137.70 143.13 148.53 153.27 157.27 160.53 163.08 164.93 166.07 166.53 166.32 165.44 164.05 162.49 160.91 159.31 157.70 156.10 154.58 153.15 151.81 150.54 149.33 148.17 147.05 145.95 144.88 143.80 142.70 141.57 140.39 139.18 137.92 136.61 135.24 133.82 132.34 130.77 128.90 126.54 123.71 120.45 116.84 113.11 109.44 105.89 102.47 99.18 96.04 93.06 90.26 87.65 85.24 83.04
130.24 128.01 125.72 123.40 121.10 118.83 116.65 114.67 113.02 111.73 110.80 110.27 110.15 110.48 111.41 113.07 115.42 118.40 121.97 126.08 130.66 135.67 141.04 146.39 151.07 154.99 158.16 160.60 162.31 163.30 163.60 163.20 162.27 161.15 159.99 158.81 157.60 156.35 155.09 153.82 152.60 151.44 150.33 149.26 148.22 147.20 146.18 145.15 144.11 143.03 141.91 140.75 139.54 138.28 136.96 135.59 134.16 132.63 130.80 128.47 125.67 122.43 118.81 114.87 110.66 106.41 102.32 98.43 94.74 91.28 88.05 85.06 82.34 79.89 77.70
130.04 127.79 125.48 123.14 120.80 118.50 116.37 114.51 112.97 111.76 110.90 110.41 110.30 110.60 111.33 112.66 114.69 117.39 120.71 124.59 128.98 133.83 139.08 144.32 148.88 152.66 155.67 157.94 159.46 160.24 160.32 159.82 159.12 158.38 157.59 156.77 155.90 154.99 154.04 153.06 152.06 151.08 150.13 149.20 148.27 147.34 146.39 145.41 144.39 143.32 142.22 141.06 139.85 138.58 137.26 135.87 134.39 132.60 130.31 127.53 124.32 120.72 116.78 112.55 108.09 103.45 98.87 94.52 90.46 86.69 83.22 80.07 77.25 74.78 72.63
130.09 127.83 125.51 123.14 120.78 118.53 116.53 114.80 113.35 112.21 111.39 110.92 110.81 111.07 111.73 112.82 114.49 116.85 119.85 123.45 127.59 132.22 137.29 142.36 146.73 150.31 153.11 155.14 156.40 156.92 156.85 156.57 156.22 155.82 155.36 154.85 154.28 153.67 153.01 152.29 151.53 150.74 149.95 149.14 148.32 147.47 146.59 145.65 144.65 143.59 142.49 141.33 140.12 138.84 137.50 136.07 134.32 132.06 129.32 126.13 122.54 118.62 114.39 109.93 105.26 100.45 95.57 90.82 86.39 82.33 78.65 75.35 72.46 69.97 67.89
130.41 128.15 125.81 123.43 121.14 119.03 117.16 115.52 114.15 113.06 112.27 111.80 111.66 111.88 112.46 113.44 114.84 116.80 119.43 122.69 126.52 130.87 135.69 140.53 144.66 147.98 150.50 152.23 153.18 153.52 153.63 153.66 153.63 153.52 153.36 153.12 152.83 152.47 152.04 151.56 151.02 150.43 149.78 149.10 148.39 147.62 146.79 145.88 144.90 143.85 142.75 141.58 140.36 139.07 137.68 135.97 133.75 131.04 127.87 124.31 120.39 116.18 111.71 107.04 102.22 97.29 92.31 87.34 82.60 78.27 74.39 70.96 68.01 65.54 63.53
131.04 128.78 126.44 124.13 121.98 120.01 118.24 116.69 115.38 114.33 113.55 113.06 112.88 113.02 113.52 114.38 115.62 117.28 119.49 122.34 125.80 129.81 134.32 138.87 142.69 145.69 147.87 149.24 149.97 150.46 150.86 151.18 151.41 151.57 151.65 151.66 151.59 151.44 151.22 150.94 150.58 150.15 149.65 149.10 148.47 147.78 147.00 146.13 145.16 144.11 142.99 141.82 140.58 139.24 137.58 135.40 132.71 129.57 126.03 122.12 117.92 113.45 108.77 103.94 99.00 93.99 88.97 83.99 79.12 74.56 70.49 66.96 63.97 61.53 59.61
132.00 129.74 127.48 125.33 123.32 121.47 119.79 118.31 117.04 116.00 115.21 114.68 114.45 114.51 114.89 115.62 116.70 118.16 120.03 122.43 125.45 129.07 133.21 137.40 140.86 143.47 145.25 146.36 147.21 147.96 148.62 149.18 149.65 150.03 150.32 150.52 150.64 150.67 150.62 150.48 150.26 149.96 149.59 149.13 148.60 147.97 147.24 146.39 145.42 144.37 143.24 142.05 140.76 139.14 137.00 134.35 131.24 127.71 123.83 119.63 115.16 110.48 105.64 100.68 95.65 90.60 85.59 80.65 75.85 71.24 67.03 63.41 60.40 58.01 56.21
133.31 131.15 129.05 127.05 125.16 123.40 121.80 120.37 119.12 118.08 117.26 116.69 116.37 116.33 116.59 117.16 118.07 119.32 120.95 122.97 125.52 128.67 132.38 136.16 139.19 141.36 142.83 144.03 145.12 146.09 146.96 147.73 148.40 148.96 149.42 149.78 150.04 150.21 150.28 150.26 150.14 149.94 149.64 149.25 148.78 148.21 147.52 146.69 145.71 144.65 143.51 142.26 140.69 138.59 135.97 132.89 129.38 125.51 121.32 116.86 112.18 107.32 102.35 97.30 92.22 87.17 82.20 77.35 72.67 68.21 64.05 60.37 57.36 55.04 53.37
135.09 133.09 131.15 129.28 127.50 125.82 124.27 122.87 121.63 120.57 119.71 119.06 118.65 118.50 118.61 119.01 119.72 120.76 122.14 123.88 126.01 128.65 131.87 135.18 137.72 139.54 141.07 142.48 143.76 144.93 145.98 146.91 147.73 148.43 149.02 149.50 149.88 150.14 150.30 150.35 150.29 150.14 149.88 149.52 149.06 148.50 147.83 147.02 146.04 144.95 143.76 142.24 140.18 137.59 134.54 131.06 127.20 123.02 118.56 113.88 109.02 104.02 98.95 93.85 88.77 83.76 78.86 74.13 69.62 65.37 61.43 57.88 54.90 52.67 51.15
137.42 135.59 133.79 132.03 130.33 128.72 127.21 125.82 124.57 123.47 122.55 121.82 121.29 121.00 120.95 121.17 121.66 122.46 123.58 125.03 126.84 129.03 131.71 134.48 136.64 138.49 140.20 141.77 143.22 144.53 145.72 146.78 147.71 148.51 149.20 149.76 150.20 150.52 150.72 150.81 150.78 150.63 150.37 150.00 149.52 148.93 148.23 147.40 146.41 145.27 143.79 141.77 139.23 136.20 132.74 128.90 124.73 120.28 115.60 110.73 105.72 100.63 95.51 90.39 85.34 80.40 75.62 71.05 66.73 62.73 59.08 55.84 53.08 50.97 49.62
140.33 138.64 136.96 135.30 133.67 132.11 130.62 129.22 127.94 126.79 125.78 124.95 124.29 123.84 123.62 123.62 123.89 124.43 125.27 126.42 127.89 129.72 131.91 134.27 136.42 138.41 140.27 141.97 143.54 144.96 146.25 147.39 148.40 149.27 150.01 150.61 151.08 151.42 151.63 151.71 151.66 151.49 151.19 150.77 150.22 149.56 148.77 147.86 146.80 145.38 143.40 140.89 137.89 134.46 130.64 126.48 122.04 117.35 112.48 107.46 102.35 97.20 92.05 86.97 81.98 77.15 72.52 68.15 64.08 60.36 57.04 54.16 51.79 49.98 48.77
143.95 142.38 140.79 139.19 137.61 136.06 134.57 133.14 131.80 130.56 129.45 128.48 127.67 127.03 126.59 126.37 126.38 126.64 127.16 127.98 129.09 130.53 132.38 134.62 136.89 139.02 140.99 142.80 144.46 145.97 147.33 148.53 149.59 150.50 151.26 151.88 152.35 152.68 152.87 152.92 152.83 152.60 152.24 151.74 151.11 150.34 149.44 148.40 147.05 145.14 142.67 139.70 136.30 132.50 128.36 123.92 119.23 114.35 109.33 104.20 99.03 93.85 88.73 83.70 78.82 74.14 69.71 65.57 61.78 58.38 55.42 52.96 51.03 49.60 48.45
148.49 146.98 145.43 143.86 142.27 140.69 139.14 137.63 136.18 134.81 133.54 132.39 131.37 130.51 129.81 129.30 129.01 128.93 129.10 129.53 130.24 131.33 132.99 135.11 137.39 139.63 141.71 143.63 145.39 146.98 148.41 149.67 150.78 151.72 152.51 153.14 153.62 153.94 154.11 154.12 153.99 153.71 153.28 152.70 151.97 151.11 150.08 148.75 146.99 144.66 141.76 138.39 134.61 130.48 126.06 121.38 116.50 111.46 106.32 101.13 95.93 90.77 85.71 80.79 76.06 71.56 67.36 63.50 60.03 56.99 54.44 52.42 50.88 49.60 48.50
153.83 152.35 150.79 149.18 147.54 145.88 144.22 142.57 140.97 139.42 137.94 136.56 135.28 134.13 133.13 132.29 131.63 131.18 130.94 130.94 131.29 132.22 133.77 135.75 137.90 140.14 142.34 144.36 146.22 147.89 149.39 150.72 151.88 152.86 153.68 154.32 154.80 155.12 155.27 155.26 155.08 154.74 154.25 153.60 152.79 151.80 150.50 148.77 146.60 143.93 140.70 136.98 132.87 128.46 123.79 118.91 113.87 108.72 103.51 98.29 93.10 88.01 83.04 78.27 73.72 69.46 65.53 61.99 58.87 56.23 54.13 52.49 51.10 49.87 48.82
159.61 158.34 156.73 155.04 153.29 151.49 149.67 147.85 146.03 144.25 142.51 140.84 139.26 137.78 136.42 135.19 134.13 133.24 132.54 132.17 132.38 133.24 134.67 136.52 138.54 140.67 142.86 144.99 146.94 148.70 150.28 151.67 152.88 153.91 154.75 155.42 155.91 156.22 156.35 156.31 156.10 155.71 155.15 154.43 153.51 152.27 150.58 148.45 145.92 142.92 139.43 135.47 131.11 126.45 121.58 116.54 111.38 106.16 100.92 95.71 90.58 85.58 80.75 76.16 71.84 67.85 64.24 61.05 58.33 56.14 54.41 52.92 51.58 50.40 49.40
165.15 164.60 163.10 161.28 159.37 157.39 155.36 153.30 151.23 149.16 147.12 145.11 143.17 141.30 139.53 137.87 136.35 134.98 133.90 133.41 133.59 134.38 135.70 137.41 139.30 141.30 143.39 145.51 147.55 149.40 151.06 152.52 153.78 154.85 155.73 156.42 156.91 157.22 157.34 157.28 157.03 156.59 155.98 155.16 154.00 152.38 150.30 147.81 144.94 141.66 137.94 133.81 129.31 124.47 119.44 114.28 109.05 103.79 98.56 93.40 88.36 83.50 78.86 74.49 70.44 66.76 63.50 60.71 58.43 56.61 55.02 53.57 52.28 51.15 50.20
170.18 170.48 169.57 167.77 165.65 163.44 161.15 158.81 156.42 154.02 151.62 149.23 146.87 144.57 142.34 140.20 138.16 136.39 135.23 134.75 134.90 135.61 136.82 138.40 140.15 142.02 143.99 146.01 148.05 149.98 151.72 153.25 154.57 155.69 156.60 157.31 157.82 158.13 158.24 158.15 157.87 157.39 156.70 155.65 154.12 152.12 149.69 146.87 143.70 140.16 136.25 131.99 127.41 122.52 117.40 112.16 106.89 101.64 96.46 91.39 86.49 81.81 77.39 73.28 69.54 66.21 63.35 60.99 59.08 57.40 55.85 54.44 53.19 52.11 51.22
174.67 175.73 175.53 174.19 172.00 169.50 166.90 164.22 161.48 158.69 155.87 153.05 150.23 147.44 144.70 142.02 139.58 137.75 136.63 136.16 136.28 136.92 138.02 139.46 141.07 142.82 144.67 146.58 148.52 150.45 152.26 153.86 155.24 156.41 157.36 158.09 158.62 158.93 159.03 158.92 158.61 158.07 157.16 155.74 153.85 151.51 148.76 145.65 142.22 138.45 134.38 130.02 125.39 120.52 115.44 110.20 104.93 99.73 94.63 89.70 84.98 80.51 76.36 72.56 69.16 66.23 63.79 61.80 60.03 58.37 56.86 55.49 54.29 53.27 52.43
178.59 180.33 180.75 179.96 178.09 175.43 172.48 169.41 166.25 163.03 159.75 156.44 153.11 149.78 146.48 143.39 140.91 139.17 138.10 137.64 137.72 138.29 139.28 140.57 142.05 143.67 145.40 147.19 149.03 150.87 152.67 154.34 155.78 157.00 157.99 158.76 159.30 159.62 159.71 159.59 159.22 158.47 157.21 155.44 153.22 150.57 147.54 144.17 140.50 136.55 132.35 127.92 123.29 118.47 113.49 108.38 103.19 98.08 93.12 88.36 83.85 79.64 75.79 72.33 69.33 66.82 64.75 62.89 61.14 59.52 58.04 56.71 55.56 54.59 53.82
181.92 184.25 185.19 184.87 183.42 180.95 177.74 174.23 170.61 166.90 163.11 159.26 155.37 151.46 147.72 144.62 142.27 140.62 139.60 139.15 139.20 139.70 140.57 141.72 143.07 144.56 146.16 147.84 149.57 151.31 153.03 154.69 156.19 157.46 158.50 159.29 159.85 160.18 160.27 160.11 159.55 158.46 156.85 154.76 152.24 149.32 146.04 142.45 138.58 134.48 130.18 125.72 121.10 116.37 111.53 106.62 101.66 96.71 91.92 87.37 83.12 79.22 75.71 72.64 70.06 67.91 65.96 64.12 62.40 60.81 59.36 58.08 56.98 56.07 55.35
184.64 187.46 188.84 188.90 187.76 185.56 182.40 178.55 174.42 170.17 165.81 161.37 156.87 152.52 148.80 145.86 143.64 142.08 141.11 140.67 140.69 141.11 141.87 142.89 144.09 145.45 146.93 148.50 150.12 151.76 153.39 154.97 156.46 157.78 158.86 159.69 160.27 160.61 160.68 160.34 159.44 158.02 156.10 153.73 150.95 147.79 144.29 140.50 136.46 132.24 127.89 123.42 118.87 114.25 109.59 104.92 100.25 95.61 91.07 86.78 82.82 79.26 76.13 73.48 71.27 69.24 67.30 65.48 63.78 62.22 60.82 59.58 58.53 57.68 57.02
186.73 189.94 191.66 192.01 191.11 189.07 186.03 182.11 177.54 172.70 167.73 162.65 157.70 153.38 149.87 147.10 145.02 143.54 142.62 142.19 142.18 142.52 143.17 144.04 145.11 146.34 147.70 149.15 150.66 152.20 153.73 155.22 156.65 157.96 159.08 159.94 160.55 160.88 160.78 160.11 158.90 157.18 154.98 152.36 149.34 145.98 142.30 138.35 134.18 129.88 125.49 121.06 116.60 112.13 107.68 103.27 98.93 94.68 90.54 86.59 82.97 79.79 77.08 74.79 72.68 70.67 68.75 66.94 65.27 63.75 62.38 61.19 60.19 59.40 58.80
188.15 191.67 193.64 194.18 193.42 191.47 188.45 184.49 179.72 174.34 168.72 163.18 158.29 154.22 150.92 148.32 146.37 144.98 144.11 143.68 143.64 143.91 144.43 145.17 146.10 147.20 148.43 149.77 151.17 152.60 154.04 155.45 156.79 158.04 159.14 160.04 160.66 160.83 160.41 159.44 157.93 155.95 153.51 150.67 147.46 143.92 140.09 136.02 131.75 127.39 123.01 118.65 114.31 110.02 105.82 101.71 97.74 93.91 90.25 86.79 83.59 80.83 78.47 76.29 74.19 72.18 70.28 68.49 66.85 65.36 64.03 62.89 61.95 61.21 60.68
188.90 192.63 194.76 195.40 194.68 192.72 189.63 185.55 180.59 174.89 168.88 163.43 158.82 155.01 151.92 149.50 147.67 146.37 145.55 145.13 145.05 145.24 145.65 146.25 147.04 148.01 149.12 150.33 151.62 152.96 154.30 155.62 156.88 158.05 159.10 159.97 160.43 160.30 159.58 158.33 156.57 154.35 151.71 148.68 145.31 141.63 137.69 133.52 129.18 124.81 120.47 116.20 112.02 107.96 104.03 100.26 96.68 93.30 90.16 87.27 84.65 82.29 80.03 77.85 75.75 73.75 71.87 70.11 68.49 67.04 65.76 64.66 63.77 63.10 62.62
188.94 192.80 194.99 195.63 194.87 192.80 189.56 185.26 180.04 174.25 168.65 163.61 159.30 155.74 152.86 150.61 148.91 147.70 146.92 146.51 146.39 146.51 146.80 147.26 147.91 148.74 149.73 150.83 152.01 153.24 154.49 155.72 156.90 157.99 158.95 159.59 159.71 159.29 158.31 156.81 154.83 152.41 149.59 146.41 142.91 139.13 135.10 130.88 126.51 122.14 117.88 113.74 109.76 105.94 102.32 98.93 95.77 92.88 90.29 88.00 85.94 83.85 81.64 79.46 77.36 75.37 73.50 71.77 70.19 68.77 67.53 66.48 65.65 65.04 64.62
188.26 192.14 194.30 194.86 193.95 191.69 188.20 183.60 178.28 173.01 168.12 163.65 159.69 156.38 153.72 151.63 150.06 148.94 148.21 147.80 147.65 147.69 147.86 148.17 148.69 149.39 150.25 151.23 152.30 153.43 154.58 155.72 156.82 157.82 158.53 158.78 158.54 157.82 156.60 154.89 152.72 150.14 147.18 143.88 140.28 136.43 132.36 128.11 123.74 119.42 115.27 111.30 107.53 104.00 100.73 97.74 95.04 92.68 90.66 88.90 87.14 85.25 83.21 81.08 78.99 77.02 75.17 73.46 71.90 70.52 69.33 68.33 67.55 67.01 66.66
186.82 190.63 192.68 193.06 191.92 189.37 185.54 180.82 176.03 171.50 167.28 163.41 159.93 156.92 154.46 152.55 151.10 150.07 149.38 148.98 148.79 148.76 148.81 148.98 149.35 149.92 150.65 151.52 152.48 153.50 154.55 155.60 156.60 157.34 157.66 157.52 156.95 155.93 154.48 152.59 150.27 147.56 144.49 141.11 137.45 133.56 129.47 125.23 120.89 116.66 112.64 108.87 105.37 102.16 99.26 96.71 94.51 92.70 91.18 89.69 88.10 86.41 84.60 82.65 80.63 78.67 76.83 75.15 73.63 72.29 71.14 70.19 69.47 68.99 68.71
184.61 188.27 190.09 190.21 188.74 185.82 181.84 177.67 173.64 169.82 166.23 162.93 159.93 157.30 155.08 153.34 152.02 151.07 150.43 150.03 149.81 149.69 149.63 149.65 149.89 150.32 150.93 151.67 152.52 153.44 154.39 155.33 156.06 156.39 156.32 155.84 154.95 153.67 152.00 149.94 147.50 144.69 141.54 138.11 134.43 130.53 126.46 122.26 117.99 113.87 110.03 106.50 103.29 100.43 97.94 95.86 94.19 92.85 91.57 90.23 88.82 87.32 85.72 84.01 82.19 80.30 78.49 76.83 75.34 74.04 72.94 72.05 71.38 70.97 70.75
181.60 185.01 186.53 186.28 184.40 181.31 177.90 174.52 171.23 168.07 165.07 162.28 159.74 157.48 155.54 153.98 152.79 151.93 151.33 150.93 150.67 150.48 150.30 150.18 150.27 150.57 151.05 151.67 152.40 153.22 154.05 154.72 155.02 154.96 154.52 153.72 152.56 151.04 149.18 146.97 144.43 141.55 138.37 134.91 131.23 127.37 123.35 119.22 115.06 111.09 107.46 104.19 101.30 98.83 96.79 95.20 93.98 92.86 91.70 90.51 89.26 87.94 86.55 85.08 83.51 81.83 80.10 78.48 77.02 75.76 74.71 73.87 73.27 72.92 72.77
177.77 180.83 181.96 181.27 179.20 176.68 174.09 171.48 168.88 166.34 163.89 161.58 159.44 157.51 155.84 154.45 153.39 152.61 152.06 151.66 151.36 151.09 150.79 150.52 150.47 150.64 150.99 151.49 152.11 152.80 153.35 153.58 153.47 153.03 152.27 151.18 149.77 148.05 146.02 143.70 141.07 138.16 134.97 131.53 127.89 124.09 120.16 116.14 112.11 108.32 104.93 101.96 99.44 97.38 95.82 94.66 93.62 92.59 91.55 90.49 89.39 88.26 87.08 85.83 84.51 83.10 81.61 80.07 78.65 77.43 76.43 75.64 75.11 74.82 74.75
173.10 175.72 176.36 175.47 173.99 172.32 170.53 168.64 166.69 164.73 162.79 160.91 159.13 157.49 156.03 154.80 153.81 153.10 152.59 152.20 151.86 151.51 151.09 150.68 150.48 150.52 150.74 151.12 151.61 151.99 152.10 151.91 151.42 150.64 149.57 148.22 146.60 144.70 142.55 140.13 137.46 134.54 131.37 127.99 124.42 120.71 116.90 113.02 109.16 105.59 102.47 99.84 97.71 96.10 94.94 93.93 92.96 92.01 91.08 90.15 89.21 88.25 87.27 86.24 85.16 84.03 82.82 81.53 80.21 79.04 78.08 77.35 76.88 76.66 76.65
