data_processed/recharge/precip/Precip_1997_01.asc
ncols        168
nrows        136
xllcorner    455000
yllcorner    2107000
cellsize     500
NODATA_value     -99999
[rows 76 to 113 of 136, columns 84 to 167 of 168]
4.97 4.78 4.57 4.35 4.12 3.87 3.62 3.35 3.09 2.85 2.64 2.45 2.29 2.16 2.06 1.96 1.86 1.75 1.64 1.53 1.42 1.31 1.19 1.08 0.96 0.85 0.74 0.65 0.56 0.49 0.43 0.38 0.36 0.36 0.41 0.50 0.64 0.81 1.03 1.28 1.54 1.78 2.00 2.20 2.38 2.53 2.67 2.80 2.92 3.04 3.15 3.26 3.36 3.45 3.52 3.59 3.65 3.69 3.71 3.71 3.68 3.63 3.54 3.43 3.29 3.13 2.96 2.78 2.60 2.41 2.22 2.03 1.85 1.67 1.50 1.33 1.18 1.03 0.89 0.76 0.64 0.53 0.43 0.34
4.86 4.68 4.49 4.30 4.09 3.88 3.65 3.42 3.18 2.95 2.74 2.56 2.41 2.29 2.20 2.10 2.01 1.91 1.80 1.70 1.59 1.47 1.36 1.24 1.12 1.01 0.90 0.80 0.71 0.63 0.57 0.52 0.49 0.48 0.51 0.57 0.69 0.85 1.05 1.29 1.53 1.75 1.96 2.14 2.30 2.44 2.57 2.70 2.83 2.95 3.07 3.18 3.28 3.37 3.45 3.51 3.57 3.61 3.64 3.65 3.63 3.58 3.50 3.40 3.26 3.10 2.94 2.77 2.59 2.41 2.22 2.04 1.86 1.69 1.53 1.37 1.22 1.08 0.94 0.82 0.70 0.59 0.49 0.40
4.71 4.55 4.38 4.21 4.03 3.84 3.65 3.45 3.25 3.04 2.84 2.66 2.52 2.41 2.32 2.24 2.15 2.06 1.96 1.86 1.75 1.63 1.51 1.39 1.27 1.16 1.05 0.95 0.85 0.77 0.70 0.65 0.62 0.61 0.62 0.66 0.75 0.89 1.07 1.30 1.52 1.73 1.91 2.07 2.22 2.36 2.49 2.63 2.76 2.88 3.00 3.10 3.20 3.29 3.37 3.44 3.50 3.54 3.56 3.57 3.56 3.53 3.46 3.36 3.22 3.07 2.91 2.74 2.57 2.39 2.22 2.05 1.88 1.72 1.56 1.41 1.26 1.13 1.00 0.87 0.76 0.65 0.55 0.46
4.53 4.38 4.24 4.08 3.93 3.77 3.61 3.44 3.27 3.09 2.92 2.76 2.62 2.52 2.45 2.37 2.29 2.21 2.11 2.01 1.90 1.78 1.66 1.54 1.42 1.30 1.19 1.08 0.99 0.90 0.83 0.78 0.74 0.72 0.73 0.76 0.83 0.94 1.10 1.31 1.52 1.70 1.86 2.01 2.15 2.29 2.43 2.57 2.70 2.82 2.93 3.04 3.14 3.23 3.31 3.38 3.43 3.47 3.49 3.50 3.49 3.46 3.40 3.30 3.18 3.03 2.88 2.71 2.54 2.38 2.21 2.05 1.89 1.74 1.59 1.45 1.31 1.17 1.05 0.92 0.81 0.71 0.61 0.52
4.32 4.19 4.06 3.93 3.79 3.66 3.52 3.39 3.25 3.11 2.97 2.83 2.71 2.62 2.56 2.49 2.42 2.34 2.25 2.14 2.03 1.91 1.79 1.67 1.55 1.43 1.32 1.21 1.11 1.02 0.95 0.89 0.85 0.83 0.83 0.86 0.91 1.00 1.14 1.33 1.51 1.67 1.82 1.97 2.11 2.25 2.39 2.52 2.65 2.77 2.89 3.00 3.09 3.18 3.26 3.32 3.37 3.40 3.43 3.43 3.42 3.38 3.33 3.24 3.12 2.98 2.83 2.67 2.52 2.36 2.21 2.06 1.91 1.76 1.62 1.48 1.35 1.22 1.09 0.97 0.86 0.76 0.66 0.57
4.09 3.97 3.85 3.74 3.63 3.51 3.40 3.30 3.19 3.09 2.98 2.89 2.79 2.71 2.66 2.61 2.54 2.46 2.37 2.26 2.15 2.03 1.91 1.79 1.67 1.54 1.43 1.32 1.22 1.13 1.05 0.99 0.95 0.93 0.93 0.95 1.00 1.07 1.19 1.35 1.51 1.66 1.80 1.95 2.09 2.23 2.37 2.50 2.62 2.75 2.86 2.96 3.06 3.14 3.21 3.27 3.32 3.35 3.37 3.36 3.35 3.31 3.25 3.17 3.06 2.92 2.78 2.63 2.49 2.34 2.20 2.06 1.92 1.78 1.64 1.51 1.38 1.25 1.13 1.02 0.90 0.80 0.70 0.61
3.83 3.72 3.62 3.52 3.43 3.34 3.25 3.17 3.10 3.02 2.96 2.90 2.84 2.79 2.75 2.70 2.64 2.56 2.47 2.36 2.25 2.13 2.01 1.89 1.76 1.64 1.52 1.41 1.31 1.22 1.14 1.08 1.03 1.01 1.00 1.02 1.06 1.14 1.24 1.38 1.52 1.67 1.81 1.95 2.09 2.23 2.37 2.49 2.62 2.74 2.84 2.94 3.04 3.11 3.18 3.24 3.28 3.30 3.31 3.31 3.28 3.24 3.17 3.09 2.98 2.85 2.72 2.59 2.46 2.32 2.19 2.05 1.92 1.79 1.66 1.53 1.41 1.29 1.17 1.05 0.94 0.83 0.73 0.64
3.55 3.46 3.36 3.28 3.20 3.13 3.07 3.02 2.97 2.93 2.89 2.87 2.85 2.84 2.83 2.79 2.73 2.65 2.56 2.45 2.34 2.23 2.10 1.98 1.85 1.73 1.61 1.50 1.39 1.30 1.22 1.15 1.10 1.07 1.07 1.08 1.12 1.19 1.29 1.42 1.56 1.70 1.84 1.98 2.12 2.25 2.38 2.51 2.63 2.74 2.85 2.94 3.03 3.10 3.16 3.21 3.25 3.26 3.27 3.25 3.22 3.17 3.10 3.00 2.90 2.78 2.66 2.54 2.42 2.30 2.17 2.05 1.92 1.80 1.68 1.55 1.43 1.31 1.19 1.08 0.97 0.86 0.76 0.66
3.26 3.17 3.09 3.02 2.96 2.91 2.87 2.83 2.81 2.80 2.80 2.81 2.83 2.87 2.93 2.91 2.85 2.77 2.68 2.58 2.46 2.34 2.22 2.09 1.96 1.84 1.72 1.60 1.49 1.39 1.31 1.24 1.18 1.15 1.13 1.14 1.18 1.24 1.33 1.46 1.59 1.73 1.87 2.01 2.14 2.27 2.40 2.52 2.64 2.75 2.85 2.94 3.02 3.08 3.14 3.18 3.21 3.22 3.22 3.20 3.16 3.10 3.02 2.92 2.82 2.72 2.62 2.51 2.40 2.28 2.17 2.05 1.93 1.81 1.69 1.57 1.45 1.34 1.22 1.11 1.00 0.89 0.78 0.68
2.96 2.88 2.81 2.75 2.70 2.67 2.64 2.63 2.64 2.65 2.68 2.73 2.80 2.90 3.01 3.05 3.02 2.94 2.85 2.74 2.62 2.50 2.37 2.24 2.10 1.97 1.84 1.72 1.61 1.50 1.41 1.33 1.27 1.23 1.21 1.21 1.24 1.29 1.38 1.50 1.64 1.77 1.91 2.04 2.17 2.30 2.42 2.54 2.65 2.75 2.84 2.93 3.00 3.06 3.11 3.15 3.17 3.17 3.16 3.13 3.08 3.02 2.93 2.85 2.77 2.68 2.59 2.49 2.39 2.28 2.17 2.06 1.95 1.83 1.72 1.60 1.48 1.36 1.25 1.13 1.02 0.91 0.80 0.69
2.65 2.57 2.51 2.46 2.43 2.41 2.41 2.42 2.45 2.49 2.55 2.64 2.76 2.92 3.08 3.18 3.20 3.14 3.05 2.93 2.81 2.68 2.54 2.40 2.26 2.12 1.99 1.86 1.74 1.62 1.52 1.44 1.37 1.31 1.28 1.27 1.29 1.35 1.43 1.55 1.68 1.81 1.94 2.07 2.20 2.32 2.44 2.55 2.66 2.75 2.84 2.92 2.99 3.04 3.08 3.11 3.12 3.12 3.10 3.06 3.01 2.93 2.86 2.79 2.72 2.65 2.57 2.48 2.39 2.29 2.18 2.08 1.97 1.86 1.74 1.63 1.51 1.39 1.27 1.16 1.04 0.92 0.81 0.70
2.34 2.27 2.21 2.17 2.15 2.14 2.16 2.19 2.24 2.31 2.41 2.55 2.73 2.93 3.14 3.29 3.36 3.35 3.27 3.15 3.02 2.88 2.74 2.59 2.44 2.29 2.15 2.01 1.88 1.75 1.64 1.54 1.46 1.40 1.36 1.34 1.36 1.41 1.49 1.60 1.73 1.86 1.98 2.11 2.23 2.35 2.46 2.57 2.67 2.76 2.84 2.91 2.97 3.02 3.05 3.07 3.08 3.07 3.04 2.99 2.93 2.87 2.81 2.75 2.69 2.63 2.56 2.48 2.39 2.30 2.20 2.10 1.99 1.88 1.77 1.65 1.54 1.42 1.30 1.18 1.06 0.93 0.81 0.69
2.03 1.96 1.91 1.88 1.87 1.87 1.90 1.95 2.03 2.14 2.29 2.47 2.69 2.94 3.20 3.39 3.50 3.53 3.50 3.40 3.26 3.11 2.95 2.79 2.63 2.47 2.32 2.16 2.02 1.88 1.76 1.65 1.55 1.48 1.43 1.41 1.42 1.47 1.55 1.66 1.78 1.90 2.03 2.15 2.26 2.38 2.48 2.58 2.68 2.76 2.84 2.90 2.95 2.99 3.02 3.03 3.03 3.01 2.97 2.92 2.87 2.82 2.77 2.72 2.67 2.62 2.56 2.49 2.41 2.32 2.23 2.13 2.02 1.91 1.80 1.68 1.56 1.44 1.32 1.19 1.07 0.94 0.81 0.68
1.73 1.66 1.61 1.58 1.58 1.60 1.65 1.72 1.82 1.98 2.17 2.40 2.66 2.95 3.24 3.47 3.62 3.69 3.70 3.64 3.51 3.35 3.18 3.01 2.84 2.66 2.49 2.33 2.17 2.01 1.88 1.75 1.64 1.55 1.50 1.48 1.49 1.53 1.61 1.72 1.84 1.96 2.08 2.19 2.30 2.41 2.51 2.61 2.69 2.77 2.84 2.90 2.94 2.97 2.99 2.99 2.98 2.95 2.91 2.87 2.83 2.79 2.75 2.71 2.67 2.62 2.56 2.50 2.43 2.35 2.26 2.16 2.05 1.94 1.83 1.71 1.59 1.46 1.33 1.20 1.07 0.93 0.80 0.66
1.44 1.36 1.32 1.30 1.30 1.33 1.39 1.49 1.64 1.83 2.06 2.33 2.63 2.95 3.27 3.53 3.72 3.83 3.87 3.84 3.75 3.60 3.42 3.23 3.04 2.85 2.67 2.48 2.31 2.14 1.98 1.84 1.72 1.63 1.57 1.55 1.56 1.60 1.68 1.78 1.90 2.02 2.13 2.24 2.35 2.45 2.55 2.63 2.71 2.78 2.84 2.89 2.93 2.95 2.96 2.96 2.94 2.90 2.87 2.83 2.80 2.77 2.74 2.71 2.67 2.63 2.58 2.52 2.45 2.37 2.29 2.19 2.09 1.98 1.86 1.74 1.61 1.48 1.34 1.20 1.06 0.92 0.77 0.64
1.15 1.08 1.03 1.02 1.03 1.07 1.16 1.29 1.48 1.71 1.97 2.27 2.60 2.95 3.30 3.59 3.80 3.94 4.01 4.01 3.96 3.84 3.66 3.46 3.25 3.05 2.84 2.64 2.44 2.26 2.08 1.93 1.80 1.71 1.65 1.63 1.63 1.67 1.75 1.85 1.97 2.08 2.19 2.30 2.40 2.50 2.59 2.67 2.74 2.80 2.85 2.90 2.92 2.94 2.94 2.92 2.90 2.87 2.84 2.82 2.80 2.77 2.74 2.72 2.68 2.65 2.60 2.54 2.48 2.40 2.32 2.22 2.12 2.01 1.89 1.76 1.63 1.49 1.35 1.20 1.05 0.90 0.75 0.61
0.89 0.81 0.76 0.75 0.77 0.83 0.95 1.12 1.34 1.60 1.89 2.22 2.57 2.95 3.32 3.63 3.86 4.03 4.12 4.15 4.12 4.03 3.88 3.68 3.46 3.23 3.00 2.78 2.57 2.36 2.17 2.01 1.89 1.79 1.73 1.71 1.71 1.75 1.82 1.92 2.04 2.15 2.25 2.36 2.46 2.55 2.63 2.71 2.77 2.83 2.87 2.90 2.92 2.93 2.92 2.90 2.88 2.86 2.84 2.82 2.80 2.78 2.76 2.74 2.71 2.67 2.63 2.57 2.51 2.43 2.35 2.26 2.15 2.04 1.91 1.78 1.64 1.49 1.34 1.18 1.03 0.87 0.72 0.59
0.64 0.56 0.51 0.50 0.54 0.63 0.78 0.98 1.23 1.51 1.83 2.18 2.55 2.94 3.33 3.66 3.91 4.09 4.21 4.26 4.25 4.18 4.06 3.88 3.65 3.41 3.16 2.91 2.67 2.45 2.26 2.10 1.98 1.88 1.82 1.79 1.80 1.83 1.90 2.00 2.11 2.22 2.32 2.42 2.52 2.61 2.69 2.76 2.81 2.86 2.90 2.92 2.93 2.93 2.91 2.90 2.88 2.87 2.86 2.84 2.83 2.81 2.79 2.77 2.74 2.71 2.66 2.61 2.54 2.47 2.38 2.28 2.18 2.06 1.93 1.79 1.64 1.49 1.33 1.16 1.00 0.84 0.70 0.56
0.42 0.33 0.28 0.29 0.35 0.47 0.65 0.87 1.14 1.44 1.78 2.14 2.53 2.93 3.34 3.68 3.94 4.14 4.27 4.34 4.34 4.29 4.18 4.02 3.82 3.57 3.30 3.03 2.77 2.55 2.36 2.20 2.07 1.97 1.91 1.88 1.89 1.92 1.99 2.09 2.19 2.30 2.40 2.50 2.59 2.67 2.75 2.81 2.86 2.90 2.93 2.95 2.95 2.94 2.93 2.92 2.91 2.90 2.89 2.88 2.87 2.85 2.84 2.81 2.78 2.75 2.70 2.65 2.58 2.50 2.41 2.31 2.20 2.07 1.94 1.79 1.64 1.47 1.30 1.14 0.97 0.82 0.67 0.54
0.22 0.13 0.10 0.12 0.21 0.36 0.55 0.79 1.07 1.39 1.74 2.12 2.51 2.93 3.34 3.68 3.96 4.16 4.30 4.38 4.40 4.36 4.26 4.12 3.92 3.69 3.41 3.13 2.87 2.65 2.46 2.30 2.17 2.07 2.01 1.98 1.98 2.01 2.08 2.18 2.28 2.38 2.48 2.58 2.66 2.74 2.81 2.87 2.92 2.95 2.98 2.98 2.98 2.97 2.96 2.96 2.95 2.95 2.94 2.93 2.92 2.91 2.89 2.86 2.83 2.80 2.75 2.69 2.61 2.53 2.43 2.33 2.21 2.08 1.94 1.79 1.63 1.45 1.28 1.11 0.95 0.80 0.65 0.52
0.03 0.00 0.00 0.01 0.12 0.28 0.49 0.74 1.04 1.36 1.72 2.10 2.50 2.92 3.33 3.68 3.96 4.17 4.31 4.39 4.42 4.38 4.30 4.16 3.98 3.75 3.49 3.23 2.98 2.75 2.56 2.40 2.27 2.17 2.11 2.08 2.08 2.11 2.18 2.27 2.38 2.48 2.57 2.66 2.75 2.82 2.89 2.94 2.98 3.01 3.03 3.03 3.03 3.03 3.03 3.02 3.02 3.02 3.01 3.00 2.99 2.97 2.95 2.92 2.89 2.85 2.79 2.73 2.65 2.56 2.46 2.34 2.22 2.08 1.93 1.77 1.60 1.43 1.25 1.09 0.93 0.77 0.63 0.49
0.00 0.00 0.00 0.00 0.07 0.24 0.46 0.72 1.02 1.36 1.72 2.10 2.50 2.91 3.32 3.67 3.94 4.15 4.30 4.38 4.40 4.37 4.28 4.15 3.97 3.76 3.54 3.31 3.08 2.86 2.67 2.50 2.38 2.28 2.21 2.18 2.18 2.21 2.28 2.37 2.48 2.57 2.67 2.76 2.84 2.91 2.97 3.02 3.05 3.08 3.09 3.10 3.11 3.11 3.11 3.11 3.11 3.10 3.10 3.09 3.07 3.05 3.02 2.99 2.95 2.90 2.84 2.77 2.68 2.59 2.48 2.36 2.22 2.07 1.91 1.75 1.57 1.40 1.23 1.06 0.90 0.75 0.61 0.47
0.00 0.00 0.00 0.00 0.07 0.25 0.47 0.74 1.04 1.37 1.73 2.11 2.50 2.91 3.31 3.65 3.92 4.12 4.25 4.33 4.35 4.32 4.23 4.09 3.93 3.75 3.56 3.37 3.17 2.97 2.78 2.62 2.49 2.39 2.33 2.29 2.29 2.32 2.39 2.48 2.58 2.68 2.77 2.86 2.93 3.00 3.06 3.10 3.13 3.16 3.17 3.19 3.20 3.21 3.22 3.22 3.21 3.21 3.20 3.18 3.16 3.14 3.11 3.07 3.02 2.96 2.90 2.81 2.72 2.61 2.49 2.36 2.21 2.06 1.89 1.72 1.54 1.37 1.21 1.04 0.88 0.73 0.59 0.45
0.00 0.00 0.00 0.00 0.11 0.30 0.52 0.78 1.08 1.41 1.76 2.13 2.51 2.91 3.29 3.62 3.87 4.06 4.19 4.26 4.27 4.22 4.13 4.00 3.87 3.72 3.56 3.40 3.23 3.06 2.89 2.73 2.60 2.51 2.44 2.41 2.41 2.44 2.50 2.60 2.70 2.79 2.88 2.96 3.04 3.10 3.15 3.20 3.23 3.25 3.28 3.30 3.32 3.33 3.34 3.34 3.34 3.33 3.31 3.29 3.27 3.24 3.20 3.15 3.09 3.03 2.95 2.86 2.75 2.63 2.50 2.36 2.20 2.03 1.86 1.69 1.51 1.35 1.18 1.02 0.86 0.71 0.57 0.44
0.00 0.00 0.00 0.02 0.19 0.38 0.61 0.86 1.15 1.47 1.81 2.16 2.53 2.91 3.27 3.58 3.82 3.99 4.10 4.16 4.15 4.09 4.00 3.90 3.79 3.67 3.54 3.41 3.28 3.14 2.99 2.85 2.73 2.63 2.57 2.53 2.53 2.56 2.63 2.72 2.82 2.91 3.00 3.08 3.15 3.21 3.26 3.30 3.34 3.37 3.40 3.43 3.45 3.47 3.48 3.48 3.48 3.46 3.44 3.42 3.38 3.34 3.29 3.24 3.17 3.09 3.00 2.90 2.78 2.65 2.51 2.35 2.18 2.00 1.83 1.66 1.49 1.32 1.15 0.99 0.84 0.69 0.55 0.42
0.00 0.00 0.00 0.11 0.29 0.50 0.73 0.98 1.25 1.55 1.87 2.21 2.56 2.91 3.25 3.54 3.75 3.90 3.99 4.03 4.00 3.94 3.87 3.79 3.71 3.61 3.51 3.41 3.30 3.19 3.08 2.96 2.85 2.76 2.69 2.66 2.66 2.69 2.76 2.85 2.95 3.04 3.12 3.20 3.27 3.33 3.38 3.42 3.47 3.51 3.55 3.58 3.60 3.62 3.63 3.64 3.63 3.61 3.58 3.55 3.51 3.46 3.40 3.33 3.25 3.16 3.06 2.94 2.81 2.66 2.50 2.33 2.16 1.98 1.80 1.63 1.46 1.29 1.13 0.97 0.82 0.67 0.53 0.40
0.00 0.00 0.07 0.24 0.43 0.64 0.88 1.12 1.38 1.66 1.96 2.27 2.59 2.92 3.23 3.49 3.68 3.80 3.86 3.87 3.84 3.80 3.75 3.69 3.62 3.55 3.47 3.39 3.31 3.22 3.14 3.05 2.97 2.89 2.83 2.80 2.80 2.83 2.89 2.98 3.08 3.17 3.26 3.33 3.40 3.46 3.51 3.57 3.62 3.66 3.70 3.74 3.77 3.79 3.80 3.80 3.79 3.77 3.74 3.70 3.64 3.58 3.51 3.43 3.34 3.23 3.11 2.98 2.83 2.67 2.50 2.32 2.14 1.96 1.78 1.61 1.44 1.27 1.11 0.95 0.80 0.65 0.52 0.39
0.00 0.06 0.22 0.40 0.60 0.81 1.04 1.29 1.54 1.80 2.07 2.35 2.64 2.93 3.21 3.43 3.59 3.68 3.71 3.71 3.69 3.66 3.63 3.59 3.54 3.49 3.43 3.37 3.31 3.25 3.19 3.13 3.07 3.02 2.97 2.94 2.94 2.97 3.04 3.13 3.22 3.32 3.40 3.47 3.54 3.61 3.67 3.73 3.78 3.83 3.88 3.91 3.94 3.96 3.97 3.97 3.96 3.94 3.90 3.85 3.79 3.71 3.63 3.53 3.42 3.30 3.17 3.01 2.85 2.67 2.49 2.31 2.12 1.94 1.76 1.59 1.41 1.25 1.08 0.93 0.78 0.63 0.50 0.38
0.08 0.23 0.40 0.59 0.79 1.01 1.23 1.47 1.71 1.95 2.19 2.44 2.70 2.95 3.19 3.37 3.49 3.55 3.56 3.56 3.56 3.54 3.52 3.50 3.46 3.43 3.39 3.35 3.31 3.27 3.23 3.19 3.16 3.13 3.11 3.09 3.09 3.12 3.19 3.28 3.38 3.47 3.55 3.63 3.70 3.77 3.84 3.90 3.96 4.01 4.06 4.10 4.13 4.15 4.16 4.15 4.14 4.11 4.07 4.01 3.94 3.85 3.75 3.63 3.51 3.37 3.22 3.05 2.87 2.68 2.49 2.30 2.12 1.93 1.75 1.57 1.40 1.23 1.06 0.91 0.76 0.62 0.48 0.36
0.28 0.44 0.62 0.81 1.01 1.23 1.45 1.67 1.89 2.12 2.33 2.55 2.76 2.97 3.17 3.31 3.38 3.42 3.44 3.45 3.45 3.45 3.44 3.42 3.40 3.38 3.36 3.34 3.31 3.29 3.27 3.25 3.24 3.23 3.23 3.23 3.25 3.28 3.35 3.44 3.54 3.63 3.71 3.79 3.87 3.95 4.02 4.09 4.15 4.21 4.25 4.29 4.32 4.34 4.35 4.34 4.32 4.29 4.24 4.17 4.09 3.99 3.87 3.74 3.60 3.44 3.26 3.08 2.88 2.69 2.50 2.30 2.11 1.92 1.74 1.56 1.38 1.21 1.05 0.89 0.74 0.60 0.47 0.35
0.52 0.68 0.87 1.06 1.26 1.47 1.68 1.88 2.09 2.29 2.49 2.67 2.84 3.00 3.15 3.24 3.29 3.32 3.35 3.36 3.37 3.38 3.38 3.37 3.36 3.35 3.34 3.33 3.32 3.31 3.31 3.31 3.31 3.32 3.34 3.37 3.40 3.45 3.51 3.61 3.71 3.80 3.89 3.98 4.06 4.14 4.22 4.29 4.35 4.41 4.46 4.49 4.52 4.54 4.54 4.53 4.50 4.46 4.41 4.33 4.24 4.13 4.00 3.85 3.68 3.51 3.31 3.11 2.91 2.71 2.51 2.31 2.12 1.92 1.74 1.55 1.37 1.20 1.03 0.87 0.72 0.58 0.46 0.34
0.79 0.97 1.15 1.34 1.53 1.73 1.92 2.12 2.30 2.48 2.64 2.79 2.93 3.04 3.14 3.19 3.24 3.27 3.30 3.32 3.33 3.34 3.34 3.35 3.35 3.34 3.34 3.34 3.34 3.35 3.36 3.37 3.39 3.42 3.45 3.49 3.55 3.61 3.69 3.79 3.89 3.98 4.08 4.17 4.26 4.35 4.43 4.50 4.57 4.62 4.67 4.70 4.73 4.74 4.74 4.72 4.69 4.64 4.58 4.49 4.39 4.27 4.12 3.96 3.77 3.57 3.37 3.16 2.95 2.74 2.54 2.33 2.13 1.93 1.74 1.55 1.37 1.19 1.02 0.86 0.71 0.57 0.44 0.33
1.10 1.27 1.45 1.64 1.83 2.01 2.19 2.36 2.52 2.66 2.80 2.91 3.01 3.08 3.14 3.19 3.23 3.26 3.29 3.31 3.32 3.33 3.34 3.35 3.35 3.36 3.36 3.37 3.38 3.39 3.41 3.44 3.47 3.51 3.56 3.62 3.69 3.77 3.86 3.97 4.07 4.18 4.28 4.38 4.47 4.56 4.64 4.71 4.78 4.83 4.88 4.91 4.93 4.94 4.93 4.91 4.87 4.81 4.74 4.64 4.53 4.39 4.24 4.06 3.86 3.64 3.43 3.21 2.99 2.78 2.56 2.35 2.15 1.94 1.74 1.55 1.37 1.19 1.02 0.85 0.70 0.56 0.43 0.32
1.39 1.57 1.75 1.92 2.10 2.26 2.42 2.57 2.70 2.82 2.92 2.99 3.05 3.09 3.15 3.19 3.23 3.26 3.28 3.30 3.31 3.33 3.33 3.34 3.35 3.36 3.37 3.38 3.40 3.42 3.45 3.48 3.53 3.58 3.64 3.71 3.79 3.89 4.00 4.11 4.22 4.33 4.44 4.55 4.64 4.73 4.82 4.89 4.95 5.01 5.05 5.08 5.10 5.10 5.09 5.06 5.01 4.95 4.86 4.76 4.63 4.49 4.32 4.12 3.91 3.69 3.47 3.24 3.02 2.80 2.58 2.36 2.15 1.94 1.73 1.54 1.35 1.17 0.99 0.83 0.68 0.54 0.41 0.29
1.66 1.84 2.01 2.17 2.33 2.48 2.62 2.74 2.84 2.92 2.98 3.02 3.05 3.09 3.14 3.19 3.22 3.24 3.26 3.28 3.29 3.30 3.31 3.32 3.33 3.34 3.35 3.37 3.39 3.42 3.46 3.50 3.55 3.61 3.68 3.77 3.86 3.97 4.08 4.20 4.32 4.44 4.55 4.66 4.76 4.85 4.94 5.02 5.08 5.13 5.18 5.20 5.22 5.22 5.20 5.16 5.11 5.04 4.94 4.83 4.69 4.54 4.35 4.16 3.94 3.72 3.48 3.25 3.02 2.79 2.56 2.34 2.12 1.91 1.70 1.50 1.31 1.12 0.95 0.78 0.63 0.49 0.36 0.24
1.90 2.07 2.23 2.39 2.53 2.66 2.77 2.86 2.93 2.98 3.00 3.01 3.04 3.08 3.13 3.17 3.20 3.22 3.24 3.25 3.26 3.26 3.27 3.28 3.29 3.30 3.32 3.34 3.36 3.40 3.44 3.49 3.55 3.62 3.70 3.79 3.90 4.01 4.12 4.24 4.36 4.49 4.61 4.72 4.83 4.93 5.01 5.09 5.16 5.21 5.25 5.28 5.29 5.28 5.26 5.22 5.16 5.08 4.98 4.86 4.71 4.54 4.36 4.15 3.94 3.71 3.47 3.23 3.00 2.76 2.53 2.30 2.07 1.85 1.64 1.44 1.24 1.06 0.88 0.72 0.56 0.42 0.29 0.18
2.11 2.27 2.42 2.56 2.68 2.79 2.87 2.94 2.97 2.98 2.98 2.99 3.01 3.05 3.10 3.14 3.17 3.19 3.20 3.21 3.21 3.21 3.22 3.22 3.23 3.24 3.26 3.28 3.31 3.35 3.39 3.45 3.51 3.59 3.68 3.78 3.89 4.00 4.11 4.24 4.36 4.49 4.61 4.73 4.85 4.95 5.04 5.12 5.19 5.24 5.28 5.31 5.32 5.31 5.28 5.24 5.17 5.09 4.98 4.85 4.69 4.52 4.33 4.13 3.90 3.67 3.43 3.19 2.95 2.71 2.47 2.23 2.00 1.78 1.57 1.36 1.16 0.97 0.80 0.63 0.48 0.34 0.21 0.10
2.29 2.44 2.58 2.70 2.80 2.88 2.94 2.97 2.97 2.96 2.95 2.96 2.98 3.02 3.06 3.10 3.13 3.15 3.16 3.16 3.16 3.16 3.16 3.16 3.16 3.17 3.19 3.21 3.24 3.28 3.33 3.39 3.46 3.54 3.63 3.73 3.84 3.95 4.06 4.19 4.32 4.45 4.58 4.70 4.82 4.92 5.02 5.10 5.18 5.23 5.27 5.30 5.31 5.29 5.27 5.22 5.15 5.05 4.94 4.80 4.64 4.47 4.28 4.07 3.84 3.61 3.37 3.12 2.88 2.63 2.39 2.15 1.92 1.69 1.47 1.26 1.06 0.87 0.70 0.53 0.38 0.24 0.11 0.00
