data_processed/recharge/precip/Precip_1993_02.asc
ncols        168
nrows        136
xllcorner    455000
yllcorner    2107000
cellsize     500
NODATA_value     -99999
[rows 0 to 35 of 136, columns 0 to 81 of 168]
12.79 12.97 13.15 13.31 13.48 13.63 13.77 13.91 14.04 14.16 14.27 14.37 14.46 14.54 14.61 14.67 14.72 14.75 14.77 14.79 14.79 14.77 14.74 14.69 14.62 14.52 14.40 14.26 14.10 13.93 13.73 13.51 13.30 13.12 12.99 12.90 12.86 12.86 12.90 12.98 13.10 13.25 13.43 13.62 13.81 14.01 14.21 14.42 14.63 14.84 15.05 15.26 15.48 15.69 15.91 16.12 16.33 16.54 16.75 16.96 17.16 17.36 17.55 17.74 17.93 18.11 18.28 18.45 18.61 18.76 18.90 19.04 19.16 19.28 19.39 19.48 19.57 19.64 19.70 19.75 19.79 19.81
12.94 13.13 13.31 13.48 13.65 13.81 13.96 14.10 14.23 14.35 14.46 14.57 14.66 14.74 14.81 14.87 14.92 14.96 14.98 15.00 15.00 14.98 14.96 14.92 14.85 14.76 14.65 14.52 14.37 14.19 14.00 13.79 13.58 13.40 13.27 13.18 13.14 13.14 13.18 13.26 13.37 13.52 13.67 13.83 14.00 14.17 14.34 14.52 14.70 14.88 15.06 15.25 15.44 15.63 15.81 16.00 16.19 16.37 16.56 16.74 16.92 17.09 17.27 17.43 17.60 17.75 17.90 18.05 18.19 18.32 18.44 18.56 18.67 18.76 18.85 18.93 19.00 19.05 19.10 19.13 19.15 19.16
13.12 13.31 13.49 13.67 13.84 14.00 14.15 14.30 14.43 14.56 14.67 14.78 14.87 14.96 15.03 15.09 15.14 15.18 15.21 15.22 15.22 15.21 15.19 15.14 15.09 15.01 14.91 14.78 14.64 14.47 14.28 14.07 13.86 13.68 13.56 13.47 13.43 13.43 13.47 13.55 13.65 13.77 13.89 14.03 14.16 14.30 14.45 14.60 14.75 14.91 15.06 15.22 15.39 15.55 15.71 15.87 16.04 16.20 16.36 16.52 16.67 16.83 16.97 17.12 17.26 17.40 17.53 17.65 17.77 17.88 17.99 18.08 18.17 18.25 18.32 18.38 18.43 18.47 18.50 18.52 18.52 18.51
13.31 13.50 13.69 13.87 14.05 14.21 14.37 14.51 14.65 14.78 14.90 15.01 15.10 15.19 15.27 15.33 15.38 15.42 15.45 15.46 15.46 15.45 15.43 15.39 15.33 15.26 15.17 15.05 14.91 14.75 14.56 14.36 14.15 13.98 13.85 13.77 13.73 13.72 13.76 13.83 13.91 14.00 14.10 14.20 14.31 14.42 14.54 14.66 14.79 14.92 15.05 15.19 15.32 15.46 15.60 15.74 15.88 16.02 16.15 16.29 16.42 16.55 16.68 16.81 16.93 17.04 17.15 17.26 17.36 17.45 17.54 17.61 17.68 17.75 17.80 17.84 17.88 17.90 17.91 17.91 17.90 17.88
13.51 13.71 13.91 14.09 14.27 14.44 14.60 14.75 14.89 15.02 15.14 15.25 15.35 15.44 15.52 15.58 15.63 15.68 15.70 15.72 15.72 15.71 15.68 15.64 15.59 15.52 15.43 15.32 15.19 15.03 14.85 14.65 14.45 14.27 14.15 14.07 14.03 14.03 14.06 14.10 14.16 14.22 14.29 14.36 14.44 14.53 14.62 14.72 14.82 14.92 15.03 15.14 15.25 15.36 15.48 15.59 15.71 15.83 15.94 16.06 16.17 16.28 16.38 16.49 16.59 16.69 16.78 16.86 16.94 17.02 17.09 17.15 17.20 17.25 17.28 17.31 17.33 17.34 17.33 17.32 17.30 17.26
13.73 13.94 14.14 14.33 14.51 14.68 14.84 14.99 15.14 15.27 15.40 15.51 15.61 15.70 15.78 15.85 15.90 15.94 15.97 15.99 15.99 15.98 15.95 15.91 15.86 15.79 15.70 15.60 15.47 15.32 15.15 14.95 14.75 14.58 14.46 14.38 14.34 14.33 14.34 14.35 14.38 14.41 14.45 14.50 14.56 14.62 14.68 14.75 14.83 14.91 14.99 15.08 15.17 15.26 15.35 15.44 15.54 15.63 15.73 15.82 15.91 16.00 16.09 16.17 16.25 16.33 16.40 16.47 16.53 16.59 16.64 16.69 16.72 16.75 16.77 16.79 16.79 16.78 16.77 16.74 16.70 16.65
13.97 14.18 14.38 14.58 14.76 14.94 15.10 15.26 15.41 15.54 15.67 15.78 15.89 15.98 16.06 16.13 16.18 16.23 16.26 16.27 16.28 16.26 16.24 16.20 16.14 16.07 15.98 15.88 15.76 15.62 15.45 15.26 15.06 14.89 14.77 14.69 14.64 14.62 14.60 14.59 14.58 14.59 14.61 14.63 14.66 14.69 14.73 14.78 14.83 14.89 14.95 15.01 15.07 15.14 15.21 15.28 15.36 15.43 15.50 15.58 15.65 15.72 15.79 15.85 15.91 15.97 16.03 16.08 16.13 16.17 16.20 16.23 16.25 16.27 16.27 16.27 16.26 16.24 16.21 16.17 16.12 16.06
14.23 14.44 14.65 14.84 15.03 15.21 15.38 15.54 15.69 15.83 15.96 16.07 16.18 16.27 16.36 16.43 16.48 16.53 16.56 16.57 16.58 16.56 16.54 16.50 16.44 16.37 16.28 16.18 16.06 15.92 15.75 15.57 15.37 15.21 15.09 15.00 14.94 14.88 14.83 14.80 14.77 14.75 14.74 14.74 14.74 14.75 14.77 14.79 14.82 14.85 14.89 14.93 14.97 15.02 15.07 15.12 15.17 15.22 15.28 15.33 15.38 15.43 15.48 15.53 15.58 15.62 15.66 15.69 15.72 15.75 15.77 15.78 15.79 15.79 15.78 15.76 15.74 15.71 15.66 15.61 15.55 15.47
14.50 14.72 14.93 15.13 15.32 15.50 15.67 15.84 15.99 16.13 16.26 16.38 16.49 16.58 16.67 16.74 16.80 16.84 16.87 16.89 16.89 16.88 16.85 16.81 16.75 16.68 16.59 16.49 16.36 16.22 16.07 15.88 15.69 15.53 15.41 15.30 15.21 15.12 15.05 14.99 14.94 14.89 14.86 14.83 14.81 14.79 14.79 14.79 14.79 14.80 14.82 14.84 14.86 14.89 14.91 14.95 14.98 15.01 15.05 15.08 15.11 15.15 15.18 15.21 15.24 15.27 15.29 15.31 15.32 15.33 15.34 15.33 15.33 15.31 15.29 15.26 15.23 15.18 15.13 15.06 14.99 14.91
14.79 15.01 15.22 15.43 15.62 15.81 15.98 16.15 16.30 16.45 16.58 16.70 16.81 16.91 16.99 17.06 17.12 17.17 17.20 17.22 17.22 17.21 17.18 17.14 17.08 17.01 16.92 16.81 16.69 16.54 16.39 16.21 16.02 15.85 15.71 15.58 15.46 15.35 15.25 15.16 15.08 15.01 14.96 14.90 14.86 14.82 14.80 14.77 14.76 14.74 14.74 14.74 14.74 14.75 14.75 14.77 14.78 14.79 14.81 14.83 14.84 14.86 14.88 14.89 14.90 14.91 14.92 14.92 14.92 14.92 14.91 14.90 14.88 14.85 14.82 14.78 14.73 14.67 14.61 14.53 14.45 14.35
15.09 15.32 15.54 15.74 15.94 16.13 16.31 16.48 16.63 16.78 16.91 17.04 17.15 17.25 17.33 17.41 17.47 17.51 17.54 17.56 17.56 17.55 17.52 17.48 17.42 17.35 17.26 17.15 17.02 16.88 16.72 16.54 16.35 16.16 15.99 15.83 15.69 15.55 15.43 15.32 15.21 15.12 15.04 14.97 14.90 14.84 14.79 14.75 14.71 14.68 14.65 14.63 14.61 14.60 14.59 14.58 14.58 14.57 14.57 14.57 14.57 14.57 14.57 14.57 14.57 14.56 14.56 14.54 14.53 14.51 14.49 14.46 14.43 14.39 14.35 14.30 14.24 14.17 14.09 14.01 13.92 13.81
15.39 15.62 15.84 16.06 16.26 16.45 16.63 16.80 16.96 17.11 17.25 17.37 17.48 17.58 17.67 17.74 17.80 17.85 17.88 17.90 17.90 17.89 17.86 17.82 17.76 17.68 17.59 17.48 17.35 17.21 17.05 16.86 16.66 16.46 16.26 16.08 15.91 15.75 15.60 15.47 15.34 15.23 15.12 15.02 14.94 14.86 14.78 14.72 14.66 14.61 14.56 14.52 14.49 14.45 14.43 14.40 14.38 14.36 14.34 14.32 14.31 14.29 14.28 14.26 14.24 14.22 14.20 14.18 14.15 14.12 14.08 14.04 14.00 13.95 13.89 13.83 13.76 13.69 13.60 13.51 13.40 13.29
15.67 15.91 16.13 16.35 16.55 16.75 16.93 17.11 17.27 17.42 17.56 17.68 17.80 17.90 17.99 18.06 18.13 18.17 18.21 18.22 18.23 18.22 18.19 18.14 18.08 18.01 17.91 17.80 17.67 17.52 17.36 17.17 16.97 16.76 16.54 16.33 16.14 15.95 15.78 15.62 15.48 15.34 15.21 15.09 14.98 14.88 14.79 14.70 14.62 14.55 14.49 14.43 14.37 14.32 14.27 14.23 14.19 14.16 14.12 14.09 14.06 14.02 13.99 13.96 13.93 13.90 13.86 13.82 13.78 13.74 13.69 13.64 13.59 13.53 13.46 13.39 13.31 13.22 13.13 13.02 12.91 12.79
15.93 16.17 16.40 16.62 16.83 17.03 17.21 17.39 17.56 17.71 17.85 17.98 18.10 18.20 18.29 18.37 18.43 18.48 18.51 18.53 18.53 18.52 18.49 18.45 18.39 18.31 18.22 18.10 17.97 17.82 17.66 17.47 17.26 17.04 16.82 16.59 16.37 16.17 15.97 15.79 15.62 15.46 15.31 15.17 15.04 14.91 14.80 14.70 14.60 14.51 14.42 14.34 14.27 14.20 14.14 14.08 14.02 13.97 13.92 13.87 13.82 13.77 13.73 13.68 13.64 13.59 13.54 13.49 13.44 13.38 13.32 13.26 13.19 13.12 13.04 12.96 12.87 12.78 12.67 12.56 12.44 12.31
16.17 16.41 16.65 16.87 17.08 17.28 17.48 17.66 17.82 17.98 18.13 18.26 18.38 18.48 18.57 18.65 18.72 18.77 18.80 18.82 18.82 18.81 18.78 18.74 18.68 18.60 18.50 18.39 18.26 18.11 17.94 17.74 17.53 17.32 17.09 16.85 16.61 16.38 16.17 15.96 15.77 15.58 15.41 15.25 15.10 14.96 14.82 14.70 14.58 14.47 14.37 14.27 14.18 14.09 14.01 13.93 13.86 13.79 13.72 13.66 13.60 13.53 13.47 13.41 13.35 13.29 13.23 13.17 13.11 13.04 12.97 12.89 12.82 12.73 12.65 12.55 12.45 12.35 12.24 12.12 11.99 11.86
16.39 16.64 16.87 17.10 17.32 17.52 17.72 17.90 18.08 18.23 18.38 18.52 18.64 18.75 18.84 18.92 18.99 19.04 19.07 19.09 19.10 19.09 19.06 19.02 18.95 18.88 18.78 18.67 18.53 18.37 18.20 18.00 17.79 17.57 17.34 17.10 16.85 16.60 16.36 16.14 15.92 15.72 15.52 15.34 15.17 15.01 14.85 14.71 14.57 14.44 14.32 14.20 14.09 13.99 13.89 13.80 13.71 13.62 13.54 13.46 13.38 13.31 13.23 13.16 13.09 13.01 12.94 12.87 12.79 12.71 12.63 12.54 12.46 12.36 12.27 12.16 12.06 11.94 11.82 11.69 11.56 11.42
16.59 16.84 17.08 17.32 17.54 17.75 17.95 18.13 18.31 18.47 18.62 18.76 18.88 18.99 19.09 19.17 19.24 19.29 19.33 19.35 19.36 19.35 19.32 19.28 19.22 19.14 19.04 18.92 18.78 18.63 18.45 18.25 18.03 17.81 17.57 17.33 17.08 16.83 16.57 16.32 16.08 15.86 15.64 15.44 15.25 15.06 14.89 14.73 14.57 14.42 14.28 14.15 14.02 13.90 13.79 13.68 13.57 13.47 13.37 13.28 13.19 13.10 13.01 12.92 12.84 12.75 12.66 12.58 12.49 12.40 12.30 12.21 12.11 12.01 11.90 11.79 11.67 11.55 11.42 11.29 11.15 11.00
16.77 17.03 17.28 17.51 17.74 17.95 18.16 18.35 18.53 18.69 18.85 18.99 19.11 19.23 19.33 19.41 19.48 19.53 19.57 19.60 19.60 19.59 19.57 19.52 19.46 19.38 19.29 19.16 19.02 18.86 18.68 18.48 18.26 18.03 17.79 17.55 17.30 17.04 16.77 16.51 16.25 16.00 15.77 15.54 15.33 15.13 14.93 14.75 14.58 14.41 14.25 14.10 13.96 13.82 13.69 13.56 13.44 13.33 13.21 13.11 13.00 12.90 12.79 12.69 12.60 12.50 12.40 12.30 12.20 12.10 12.00 11.89 11.78 11.67 11.56 11.44 11.31 11.18 11.04 10.90 10.75 10.60
16.94 17.20 17.45 17.69 17.92 18.14 18.35 18.55 18.73 18.90 19.06 19.20 19.33 19.45 19.55 19.63 19.71 19.76 19.80 19.83 19.84 19.83 19.80 19.76 19.70 19.62 19.51 19.39 19.25 19.08 18.90 18.69 18.47 18.24 18.00 17.75 17.50 17.23 16.97 16.69 16.42 16.15 15.89 15.65 15.42 15.20 14.99 14.78 14.59 14.41 14.23 14.06 13.90 13.75 13.60 13.46 13.33 13.19 13.07 12.94 12.82 12.71 12.59 12.48 12.37 12.26 12.15 12.04 11.93 11.82 11.70 11.59 11.47 11.35 11.22 11.10 10.96 10.83 10.68 10.53 10.38 10.22
17.08 17.35 17.61 17.86 18.09 18.32 18.53 18.73 18.92 19.09 19.25 19.40 19.53 19.65 19.75 19.84 19.92 19.98 20.02 20.05 20.06 20.05 20.03 19.98 19.92 19.83 19.73 19.60 19.45 19.29 19.10 18.89 18.66 18.43 18.19 17.94 17.68 17.42 17.14 16.87 16.59 16.30 16.03 15.76 15.51 15.27 15.04 14.82 14.61 14.41 14.22 14.03 13.86 13.69 13.52 13.37 13.22 13.07 12.93 12.79 12.66 12.53 12.40 12.28 12.15 12.03 11.91 11.79 11.67 11.55 11.42 11.30 11.17 11.04 10.91 10.77 10.63 10.49 10.34 10.18 10.02 9.85
17.22 17.49 17.75 18.01 18.25 18.48 18.69 18.90 19.09 19.27 19.43 19.58 19.72 19.84 19.95 20.04 20.12 20.18 20.23 20.25 20.27 20.26 20.24 20.19 20.12 20.04 19.93 19.80 19.65 19.47 19.28 19.07 18.84 18.61 18.36 18.11 17.85 17.58 17.31 17.03 16.75 16.46 16.16 15.88 15.61 15.35 15.10 14.87 14.64 14.42 14.21 14.01 13.82 13.63 13.45 13.28 13.12 12.96 12.80 12.65 12.50 12.36 12.22 12.08 11.95 11.82 11.68 11.55 11.42 11.29 11.16 11.02 10.89 10.75 10.61 10.46 10.31 10.16 10.01 9.84 9.68 9.50
17.33 17.62 17.88 18.14 18.39 18.62 18.85 19.05 19.25 19.43 19.60 19.76 19.90 20.02 20.13 20.23 20.31 20.37 20.42 20.45 20.46 20.46 20.43 20.38 20.31 20.22 20.11 19.98 19.82 19.65 19.45 19.24 19.01 18.77 18.52 18.27 18.00 17.73 17.46 17.18 16.89 16.60 16.30 16.00 15.72 15.44 15.17 14.92 14.67 14.44 14.21 13.99 13.78 13.58 13.39 13.20 13.02 12.85 12.68 12.52 12.36 12.20 12.05 11.90 11.76 11.61 11.47 11.33 11.18 11.04 10.90 10.76 10.61 10.47 10.32 10.17 10.01 9.85 9.69 9.52 9.35 9.17
17.44 17.73 18.00 18.27 18.52 18.76 18.98 19.20 19.40 19.59 19.76 19.92 20.06 20.19 20.30 20.40 20.49 20.55 20.60 20.64 20.65 20.64 20.61 20.56 20.49 20.40 20.28 20.14 19.99 19.81 19.61 19.40 19.16 18.92 18.67 18.41 18.14 17.87 17.59 17.31 17.02 16.73 16.43 16.13 15.82 15.53 15.24 14.97 14.71 14.46 14.21 13.98 13.76 13.54 13.33 13.13 12.94 12.75 12.57 12.39 12.22 12.05 11.89 11.73 11.57 11.42 11.26 11.11 10.96 10.81 10.66 10.51 10.36 10.20 10.05 9.89 9.73 9.56 9.39 9.22 9.04 8.85
17.53 17.82 18.11 18.38 18.63 18.88 19.11 19.33 19.53 19.73 19.90 20.07 20.22 20.35 20.47 20.57 20.65 20.72 20.78 20.81 20.82 20.81 20.78 20.73 20.65 20.55 20.43 20.29 20.13 19.95 19.75 19.54 19.30 19.05 18.80 18.54 18.27 18.00 17.72 17.43 17.14 16.84 16.54 16.24 15.93 15.62 15.32 15.03 14.75 14.48 14.22 13.98 13.74 13.51 13.28 13.07 12.86 12.66 12.47 12.28 12.09 11.91 11.74 11.57 11.40 11.23 11.07 10.91 10.75 10.59 10.43 10.27 10.11 9.95 9.78 9.62 9.45 9.28 9.11 8.93 8.74 8.55
17.61 17.91 18.20 18.47 18.74 18.99 19.23 19.45 19.66 19.86 20.04 20.21 20.36 20.50 20.62 20.72 20.81 20.89 20.94 20.97 20.98 20.97 20.93 20.88 20.80 20.70 20.57 20.43 20.27 20.09 19.88 19.66 19.42 19.17 18.92 18.65 18.38 18.11 17.82 17.54 17.24 16.94 16.64 16.33 16.02 15.71 15.40 15.09 14.79 14.51 14.24 13.97 13.72 13.48 13.24 13.01 12.79 12.58 12.37 12.17 11.97 11.78 11.59 11.41 11.23 11.06 10.88 10.71 10.54 10.38 10.21 10.04 9.87 9.71 9.54 9.36 9.19 9.01 8.83 8.65 8.46 8.27
17.68 17.98 18.28 18.56 18.83 19.09 19.33 19.56 19.78 19.98 20.17 20.34 20.50 20.64 20.76 20.87 20.97 21.04 21.09 21.12 21.13 21.11 21.07 21.01 20.93 20.83 20.70 20.56 20.39 20.20 20.00 19.77 19.53 19.28 19.02 18.76 18.48 18.20 17.92 17.63 17.33 17.03 16.73 16.42 16.11 15.79 15.47 15.15 14.84 14.54 14.26 13.98 13.71 13.45 13.20 12.96 12.72 12.50 12.28 12.06 11.86 11.66 11.46 11.27 11.08 10.89 10.71 10.53 10.35 10.18 10.00 9.82 9.65 9.47 9.30 9.12 8.94 8.76 8.57 8.39 8.19 8.00
17.73 18.05 18.35 18.64 18.91 19.18 19.43 19.66 19.88 20.09 20.28 20.46 20.62 20.77 20.90 21.01 21.11 21.18 21.23 21.25 21.26 21.24 21.20 21.13 21.05 20.94 20.81 20.67 20.50 20.31 20.10 19.87 19.63 19.37 19.11 18.84 18.57 18.29 18.00 17.71 17.41 17.11 16.80 16.49 16.18 15.86 15.54 15.22 14.89 14.58 14.28 13.98 13.70 13.43 13.16 12.91 12.66 12.42 12.19 11.97 11.75 11.54 11.33 11.13 10.93 10.73 10.54 10.35 10.17 9.98 9.80 9.62 9.44 9.25 9.07 8.89 8.70 8.52 8.33 8.13 7.94 7.74
17.78 18.10 18.41 18.71 18.99 19.26 19.51 19.76 19.98 20.20 20.39 20.58 20.74 20.89 21.03 21.14 21.24 21.31 21.35 21.38 21.38 21.35 21.31 21.24 21.15 21.04 20.91 20.76 20.59 20.40 20.19 19.96 19.71 19.45 19.19 18.92 18.64 18.36 18.07 17.78 17.48 17.17 16.86 16.55 16.24 15.92 15.59 15.27 14.94 14.62 14.30 13.99 13.70 13.41 13.13 12.87 12.61 12.36 12.11 11.88 11.65 11.42 11.21 10.99 10.79 10.58 10.38 10.19 9.99 9.80 9.61 9.42 9.23 9.05 8.86 8.67 8.48 8.29 8.09 7.90 7.70 7.49
17.82 18.15 18.46 18.77 19.06 19.33 19.59 19.84 20.07 20.29 20.50 20.68 20.85 21.01 21.15 21.26 21.35 21.42 21.46 21.48 21.48 21.45 21.41 21.34 21.25 21.13 21.00 20.85 20.67 20.48 20.26 20.03 19.78 19.52 19.26 18.98 18.70 18.42 18.13 17.83 17.53 17.22 16.91 16.60 16.28 15.96 15.64 15.31 14.98 14.65 14.32 14.00 13.69 13.40 13.11 12.83 12.56 12.29 12.04 11.79 11.55 11.32 11.09 10.87 10.65 10.44 10.23 10.03 9.83 9.63 9.43 9.23 9.04 8.85 8.65 8.46 8.26 8.07 7.87 7.67 7.47 7.26
17.85 18.19 18.51 18.82 19.11 19.40 19.67 19.92 20.16 20.38 20.59 20.78 20.96 21.12 21.26 21.37 21.45 21.52 21.56 21.58 21.57 21.54 21.49 21.42 21.32 21.21 21.07 20.92 20.74 20.54 20.33 20.09 19.84 19.58 19.31 19.03 18.75 18.47 18.17 17.87 17.57 17.26 16.95 16.64 16.32 15.99 15.67 15.34 15.01 14.68 14.35 14.02 13.69 13.38 13.08 12.79 12.51 12.23 11.97 11.71 11.46 11.22 10.98 10.75 10.52 10.30 10.09 9.87 9.67 9.46 9.26 9.05 8.85 8.65 8.46 8.26 8.06 7.86 7.66 7.45 7.25 7.04
17.87 18.22 18.55 18.86 19.17 19.46 19.73 19.99 20.24 20.47 20.68 20.88 21.06 21.22 21.35 21.46 21.54 21.60 21.64 21.66 21.65 21.62 21.56 21.49 21.39 21.27 21.14 20.98 20.80 20.60 20.38 20.14 19.89 19.62 19.35 19.07 18.79 18.50 18.20 17.90 17.60 17.29 16.98 16.66 16.34 16.01 15.69 15.36 15.03 14.70 14.36 14.03 13.70 13.37 13.06 12.75 12.46 12.18 11.90 11.63 11.37 11.12 10.87 10.63 10.40 10.17 9.95 9.73 9.51 9.30 9.09 8.88 8.68 8.47 8.27 8.07 7.86 7.66 7.45 7.25 7.04 6.83
17.89 18.24 18.58 18.90 19.21 19.51 19.79 20.06 20.31 20.55 20.77 20.97 21.15 21.30 21.43 21.54 21.62 21.68 21.71 21.72 21.71 21.68 21.62 21.54 21.45 21.32 21.18 21.02 20.84 20.64 20.42 20.18 19.92 19.65 19.38 19.10 18.81 18.52 18.23 17.92 17.62 17.31 16.99 16.67 16.35 16.02 15.70 15.37 15.03 14.70 14.37 14.03 13.70 13.36 13.04 12.72 12.42 12.12 11.84 11.56 11.29 11.03 10.77 10.52 10.28 10.05 9.81 9.59 9.37 9.15 8.93 8.72 8.51 8.30 8.09 7.88 7.68 7.47 7.26 7.05 6.84 6.63
17.90 18.26 18.60 18.94 19.25 19.56 19.85 20.12 20.38 20.62 20.85 21.05 21.23 21.38 21.50 21.61 21.68 21.74 21.77 21.78 21.76 21.73 21.67 21.59 21.49 21.36 21.22 21.06 20.87 20.67 20.44 20.20 19.94 19.67 19.40 19.12 18.83 18.53 18.23 17.93 17.62 17.31 16.99 16.67 16.35 16.02 15.69 15.36 15.03 14.70 14.36 14.02 13.69 13.35 13.02 12.69 12.38 12.07 11.77 11.49 11.21 10.94 10.67 10.42 10.17 9.92 9.69 9.45 9.22 9.00 8.78 8.56 8.34 8.13 7.92 7.71 7.50 7.29 7.08 6.86 6.65 6.44
17.90 18.27 18.62 18.97 19.29 19.60 19.90 20.18 20.45 20.69 20.92 21.12 21.29 21.44 21.56 21.66 21.74 21.79 21.82 21.82 21.81 21.77 21.70 21.62 21.52 21.39 21.25 21.08 20.89 20.69 20.46 20.21 19.95 19.68 19.40 19.12 18.83 18.53 18.23 17.93 17.62 17.30 16.98 16.66 16.34 16.01 15.68 15.35 15.01 14.68 14.34 14.01 13.67 13.33 12.99 12.66 12.33 12.02 11.71 11.42 11.13 10.85 10.58 10.32 10.06 9.81 9.56 9.32 9.09 8.86 8.63 8.41 8.19 7.97 7.75 7.54 7.33 7.11 6.90 6.69 6.48 6.27
17.90 18.28 18.64 18.99 19.33 19.64 19.95 20.24 20.51 20.75 20.97 21.17 21.34 21.49 21.61 21.70 21.78 21.82 21.85 21.85 21.83 21.79 21.73 21.64 21.54 21.41 21.26 21.09 20.90 20.69 20.46 20.22 19.95 19.68 19.40 19.11 18.82 18.52 18.22 17.91 17.60 17.29 16.97 16.64 16.32 15.99 15.66 15.32 14.99 14.65 14.31 13.98 13.64 13.30 12.96 12.63 12.29 11.97 11.65 11.35 11.05 10.77 10.49 10.22 9.95 9.69 9.44 9.20 8.96 8.72 8.49 8.26 8.04 7.82 7.60 7.38 7.16 6.95 6.73 6.52 6.31 6.11
17.90 18.29 18.66 19.01 19.36 19.68 20.00 20.29 20.56 20.80 21.02 21.21 21.38 21.52 21.64 21.73 21.80 21.85 21.87 21.87 21.85 21.81 21.74 21.65 21.54 21.41 21.26 21.09 20.90 20.69 20.46 20.21 19.94 19.66 19.38 19.09 18.80 18.50 18.20 17.89 17.57 17.26 16.94 16.61 16.28 15.95 15.62 15.29 14.95 14.62 14.28 13.94 13.60 13.26 12.92 12.59 12.25 11.92 11.60 11.28 10.98 10.68 10.40 10.12 9.85 9.58 9.33 9.07 8.83 8.59 8.35 8.12 7.89 7.67 7.44 7.22 7.01 6.79 6.57 6.37 6.16 5.96
