data_processed/recharge/precip/Precip_2001_12.asc
ncols        168
nrows        136
xllcorner    455000
yllcorner    2107000
cellsize     500
NODATA_value     -99999
[rows 0 to 37 of 136, columns 84 to 167 of 168]
2.28 2.55 2.82 3.09 3.37 3.64 3.92 4.20 4.48 4.77 5.05 5.33 5.61 5.89 6.17 6.45 6.73 7.00 7.28 7.55 7.81 8.07 8.33 8.59 8.84 9.08 9.32 9.55 9.76 9.94 10.10 10.22 10.32 10.38 10.40 10.40 10.36 10.29 10.19 10.06 9.90 9.72 9.50 9.26 8.99 8.70 8.38 8.04 7.67 7.28 6.87 6.43 5.98 5.50 5.00 4.49 3.96 3.40 2.84 2.26 1.70 1.20 0.74 0.33 0.00 0.00 0.00 0.00 0.00 0.00 0.00 0.00 0.00 0.00 0.00 0.00 0.00 0.00 0.00 0.00 0.00 0.00 0.00 0.30
2.33 2.60 2.87 3.15 3.43 3.71 3.99 4.27 4.55 4.84 5.12 5.41 5.69 5.98 6.26 6.54 6.82 7.10 7.37 7.64 7.91 8.18 8.44 8.69 8.94 9.19 9.43 9.65 9.84 10.00 10.14 10.26 10.34 10.40 10.42 10.41 10.36 10.29 10.19 10.05 9.89 9.70 9.49 9.24 8.97 8.68 8.36 8.01 7.64 7.25 6.84 6.41 5.95 5.48 4.98 4.47 3.94 3.39 2.83 2.25 1.70 1.20 0.75 0.34 0.00 0.00 0.00 0.00 0.00 0.00 0.00 0.00 0.00 0.00 0.00 0.00 0.00 0.00 0.00 0.00 0.00 0.00 0.14 0.44
2.38 2.65 2.93 3.21 3.49 3.77 4.05 4.34 4.62 4.91 5.20 5.48 5.77 6.06 6.34 6.63 6.91 7.19 7.46 7.74 8.01 8.27 8.53 8.79 9.05 9.29 9.52 9.72 9.89 10.04 10.16 10.26 10.34 10.39 10.40 10.39 10.34 10.27 10.16 10.03 9.86 9.67 9.45 9.21 8.94 8.64 8.32 7.98 7.61 7.22 6.81 6.38 5.93 5.45 4.96 4.45 3.93 3.38 2.82 2.25 1.71 1.21 0.77 0.37 0.02 0.00 0.00 0.00 0.00 0.00 0.00 0.00 0.00 0.00 0.00 0.00 0.00 0.00 0.00 0.00 0.00 0.02 0.31 0.63
2.43 2.71 2.98 3.26 3.54 3.83 4.11 4.40 4.69 4.98 5.27 5.56 5.85 6.13 6.42 6.71 6.99 7.27 7.55 7.82 8.10 8.37 8.63 8.89 9.14 9.37 9.58 9.76 9.92 10.06 10.17 10.25 10.31 10.35 10.36 10.35 10.30 10.22 10.11 9.98 9.81 9.62 9.40 9.16 8.89 8.59 8.28 7.93 7.57 7.18 6.78 6.35 5.90 5.43 4.95 4.44 3.92 3.38 2.83 2.26 1.72 1.24 0.80 0.41 0.06 0.00 0.00 0.00 0.00 0.00 0.00 0.00 0.00 0.00 0.00 0.00 0.00 0.00 0.00 0.00 0.00 0.23 0.53 0.85
2.48 2.76 3.03 3.32 3.60 3.89 4.17 4.46 4.75 5.05 5.34 5.63 5.92 6.21 6.50 6.78 7.07 7.35 7.63 7.91 8.18 8.45 8.72 8.98 9.22 9.43 9.62 9.79 9.93 10.05 10.15 10.22 10.27 10.30 10.30 10.28 10.23 10.15 10.05 9.91 9.75 9.56 9.34 9.10 8.83 8.54 8.22 7.88 7.52 7.14 6.74 6.32 5.87 5.41 4.93 4.43 3.92 3.39 2.84 2.28 1.75 1.27 0.84 0.46 0.12 0.00 0.00 0.00 0.00 0.00 0.00 0.00 0.00 0.00 0.00 0.00 0.00 0.00 0.00 0.00 0.19 0.47 0.78 1.12
2.53 2.80 3.09 3.37 3.66 3.94 4.23 4.52 4.82 5.11 5.40 5.70 5.99 6.28 6.57 6.86 7.15 7.43 7.71 7.99 8.27 8.54 8.80 9.05 9.27 9.47 9.64 9.79 9.92 10.03 10.11 10.17 10.21 10.22 10.22 10.19 10.14 10.07 9.96 9.83 9.67 9.48 9.26 9.02 8.76 8.47 8.16 7.83 7.47 7.10 6.70 6.28 5.84 5.39 4.92 4.43 3.92 3.40 2.86 2.31 1.79 1.32 0.90 0.53 0.20 0.00 0.00 0.00 0.00 0.00 0.00 0.00 0.00 0.00 0.00 0.00 0.00 0.00 0.00 0.18 0.45 0.75 1.08 1.42
2.57 2.85 3.13 3.42 3.71 4.00 4.29 4.58 4.88 5.17 5.47 5.76 6.06 6.35 6.64 6.93 7.22 7.51 7.79 8.07 8.35 8.62 8.87 9.10 9.30 9.48 9.64 9.78 9.89 9.98 10.05 10.10 10.13 10.14 10.12 10.09 10.03 9.96 9.86 9.72 9.57 9.38 9.17 8.94 8.68 8.40 8.09 7.76 7.42 7.05 6.66 6.25 5.82 5.37 4.91 4.42 3.93 3.41 2.89 2.35 1.84 1.38 0.97 0.61 0.30 0.03 0.00 0.00 0.00 0.00 0.00 0.00 0.00 0.00 0.00 0.00 0.00 0.00 0.22 0.48 0.76 1.08 1.40 1.72
2.62 2.90 3.18 3.47 3.76 4.05 4.35 4.64 4.94 5.23 5.53 5.82 6.12 6.41 6.71 7.00 7.29 7.58 7.86 8.14 8.42 8.68 8.91 9.12 9.31 9.48 9.62 9.74 9.84 9.92 9.98 10.02 10.04 10.03 10.01 9.97 9.91 9.83 9.73 9.61 9.45 9.27 9.07 8.84 8.59 8.31 8.02 7.70 7.35 6.99 6.61 6.21 5.79 5.35 4.90 4.43 3.94 3.44 2.92 2.40 1.90 1.45 1.06 0.71 0.41 0.15 0.00 0.00 0.00 0.00 0.00 0.00 0.00 0.00 0.00 0.00 0.08 0.29 0.53 0.81 1.11 1.43 1.74 2.04
2.66 2.94 3.23 3.52 3.81 4.10 4.40 4.69 4.99 5.29 5.59 5.88 6.18 6.48 6.77 7.06 7.36 7.64 7.93 8.21 8.47 8.71 8.93 9.13 9.30 9.45 9.58 9.69 9.78 9.85 9.89 9.92 9.93 9.92 9.89 9.84 9.78 9.69 9.59 9.47 9.32 9.15 8.95 8.73 8.49 8.22 7.93 7.62 7.29 6.94 6.57 6.17 5.77 5.34 4.90 4.44 3.96 3.47 2.97 2.46 1.98 1.54 1.16 0.82 0.54 0.30 0.10 0.00 0.00 0.00 0.00 0.00 0.00 0.00 0.04 0.20 0.40 0.63 0.89 1.18 1.48 1.78 2.07 2.35
2.70 2.99 3.28 3.57 3.86 4.15 4.45 4.75 5.05 5.34 5.64 5.94 6.24 6.54 6.83 7.13 7.42 7.71 7.99 8.26 8.51 8.73 8.93 9.11 9.27 9.41 9.52 9.62 9.70 9.75 9.79 9.81 9.81 9.79 9.76 9.70 9.63 9.54 9.44 9.32 9.18 9.02 8.83 8.61 8.38 8.12 7.84 7.54 7.22 6.88 6.52 6.14 5.74 5.33 4.90 4.45 3.99 3.52 3.03 2.53 2.06 1.64 1.28 0.96 0.69 0.46 0.28 0.15 0.06 0.01 0.00 0.03 0.10 0.21 0.36 0.54 0.75 1.00 1.28 1.57 1.86 2.14 2.41 2.67
2.75 3.03 3.32 3.61 3.91 4.20 4.50 4.80 5.10 5.40 5.70 6.00 6.30 6.59 6.89 7.19 7.48 7.77 8.04 8.29 8.52 8.72 8.91 9.07 9.22 9.34 9.45 9.53 9.60 9.65 9.68 9.69 9.68 9.65 9.61 9.55 9.48 9.39 9.28 9.16 9.02 8.87 8.69 8.49 8.26 8.01 7.75 7.46 7.15 6.82 6.47 6.11 5.72 5.32 4.91 4.48 4.03 3.57 3.10 2.62 2.16 1.76 1.41 1.11 0.85 0.65 0.49 0.37 0.30 0.27 0.28 0.33 0.42 0.54 0.71 0.91 1.14 1.41 1.69 1.97 2.24 2.50 2.75 2.98
2.79 3.08 3.37 3.66 3.95 4.25 4.55 4.85 5.15 5.45 5.75 6.05 6.35 6.65 6.95 7.24 7.53 7.81 8.06 8.30 8.51 8.70 8.87 9.02 9.15 9.26 9.36 9.43 9.49 9.53 9.55 9.55 9.54 9.51 9.46 9.40 9.32 9.23 9.12 9.00 8.86 8.71 8.54 8.35 8.13 7.90 7.64 7.37 7.07 6.76 6.42 6.07 5.71 5.32 4.92 4.51 4.08 3.63 3.18 2.71 2.28 1.89 1.56 1.28 1.04 0.85 0.71 0.61 0.56 0.55 0.58 0.65 0.76 0.91 1.09 1.31 1.56 1.84 2.11 2.37 2.61 2.85 3.08 3.30
2.83 3.12 3.41 3.70 4.00 4.29 4.59 4.89 5.20 5.50 5.80 6.10 6.40 6.70 7.00 7.29 7.57 7.83 8.07 8.28 8.48 8.66 8.81 8.95 9.07 9.17 9.25 9.32 9.37 9.40 9.41 9.41 9.39 9.35 9.30 9.24 9.16 9.06 8.95 8.83 8.69 8.54 8.38 8.20 8.00 7.78 7.54 7.28 7.00 6.70 6.38 6.04 5.69 5.32 4.94 4.54 4.13 3.71 3.27 2.82 2.41 2.04 1.73 1.46 1.25 1.08 0.96 0.88 0.85 0.86 0.91 1.00 1.13 1.30 1.51 1.75 2.01 2.27 2.52 2.76 2.98 3.20 3.41 3.61
2.87 3.16 3.45 3.74 4.04 4.34 4.64 4.94 5.24 5.54 5.85 6.15 6.45 6.75 7.05 7.33 7.59 7.83 8.05 8.25 8.43 8.60 8.74 8.87 8.97 9.06 9.14 9.19 9.23 9.26 9.26 9.25 9.23 9.19 9.14 9.07 8.99 8.89 8.78 8.66 8.52 8.38 8.22 8.05 7.86 7.65 7.43 7.18 6.92 6.63 6.33 6.01 5.68 5.33 4.97 4.59 4.19 3.79 3.37 2.95 2.55 2.21 1.91 1.67 1.48 1.33 1.23 1.17 1.16 1.20 1.27 1.38 1.54 1.73 1.96 2.21 2.46 2.69 2.92 3.14 3.35 3.55 3.73 3.92
2.91 3.20 3.49 3.78 4.08 4.38 4.68 4.98 5.29 5.59 5.89 6.19 6.50 6.79 7.08 7.34 7.58 7.81 8.01 8.20 8.37 8.52 8.65 8.77 8.86 8.94 9.01 9.06 9.09 9.10 9.11 9.09 9.06 9.02 8.97 8.90 8.81 8.72 8.61 8.49 8.36 8.21 8.06 7.89 7.71 7.52 7.31 7.08 6.84 6.57 6.29 5.99 5.67 5.34 5.00 4.64 4.27 3.88 3.49 3.08 2.71 2.39 2.12 1.90 1.73 1.60 1.52 1.49 1.50 1.56 1.66 1.80 1.97 2.19 2.43 2.67 2.89 3.11 3.32 3.51 3.70 3.88 4.05 4.22
2.95 3.24 3.53 3.82 4.12 4.42 4.72 5.02 5.33 5.63 5.93 6.24 6.54 6.82 7.09 7.33 7.56 7.77 7.96 8.13 8.29 8.43 8.55 8.65 8.74 8.81 8.87 8.91 8.93 8.95 8.94 8.92 8.89 8.85 8.79 8.72 8.64 8.54 8.44 8.32 8.19 8.05 7.90 7.74 7.57 7.39 7.19 6.98 6.76 6.51 6.25 5.97 5.67 5.36 5.04 4.70 4.35 3.99 3.62 3.24 2.88 2.59 2.34 2.14 2.00 1.90 1.84 1.84 1.87 1.95 2.08 2.24 2.44 2.67 2.89 3.11 3.32 3.51 3.70 3.88 4.05 4.21 4.36 4.51
2.98 3.27 3.57 3.86 4.16 4.46 4.76 5.07 5.37 5.67 5.97 6.27 6.56 6.83 7.08 7.31 7.52 7.72 7.89 8.05 8.20 8.32 8.43 8.53 8.61 8.67 8.72 8.75 8.77 8.78 8.77 8.75 8.72 8.67 8.61 8.54 8.46 8.37 8.26 8.15 8.02 7.89 7.74 7.59 7.43 7.26 7.08 6.88 6.68 6.45 6.21 5.95 5.68 5.39 5.09 4.77 4.45 4.11 3.76 3.40 3.08 2.80 2.58 2.41 2.29 2.21 2.19 2.21 2.27 2.38 2.53 2.72 2.93 3.14 3.35 3.54 3.73 3.90 4.07 4.23 4.39 4.53 4.67 4.79
3.02 3.31 3.61 3.90 4.20 4.50 4.80 5.10 5.41 5.71 6.01 6.30 6.57 6.82 7.05 7.27 7.46 7.65 7.81 7.96 8.09 8.21 8.31 8.39 8.46 8.52 8.56 8.59 8.61 8.61 8.60 8.57 8.54 8.49 8.43 8.36 8.28 8.19 8.09 7.98 7.86 7.73 7.59 7.45 7.29 7.13 6.96 6.78 6.60 6.39 6.17 5.94 5.69 5.42 5.15 4.86 4.55 4.24 3.92 3.59 3.29 3.04 2.84 2.70 2.60 2.56 2.56 2.60 2.69 2.83 3.00 3.21 3.41 3.60 3.78 3.96 4.12 4.28 4.43 4.58 4.71 4.84 4.96 5.07
3.06 3.35 3.64 3.94 4.24 4.54 4.84 5.14 5.44 5.74 6.03 6.30 6.55 6.79 7.01 7.21 7.39 7.56 7.71 7.85 7.97 8.08 8.17 8.25 8.31 8.36 8.40 8.42 8.43 8.43 8.42 8.39 8.36 8.31 8.25 8.19 8.11 8.02 7.92 7.82 7.70 7.58 7.45 7.31 7.17 7.01 6.86 6.69 6.52 6.34 6.14 5.93 5.70 5.47 5.21 4.95 4.67 4.39 4.09 3.78 3.51 3.29 3.12 3.01 2.94 2.92 2.95 3.03 3.15 3.31 3.50 3.69 3.87 4.04 4.20 4.36 4.51 4.65 4.78 4.90 5.02 5.13 5.24 5.33
3.09 3.39 3.68 3.97 4.27 4.57 4.87 5.18 5.48 5.76 6.03 6.29 6.52 6.74 6.95 7.13 7.31 7.46 7.60 7.73 7.84 7.94 8.02 8.09 8.15 8.19 8.23 8.25 8.25 8.25 8.24 8.21 8.18 8.13 8.07 8.01 7.94 7.85 7.76 7.66 7.55 7.44 7.32 7.19 7.05 6.91 6.76 6.61 6.45 6.28 6.11 5.93 5.73 5.52 5.29 5.05 4.80 4.54 4.27 4.00 3.76 3.57 3.43 3.34 3.30 3.31 3.37 3.48 3.63 3.80 3.98 4.15 4.31 4.46 4.61 4.74 4.87 5.00 5.11 5.22 5.32 5.41 5.50 5.58
3.13 3.42 3.71 4.01 4.31 4.61 4.91 5.21 5.49 5.77 6.02 6.26 6.48 6.68 6.87 7.05 7.21 7.35 7.48 7.60 7.70 7.79 7.87 7.93 7.98 8.02 8.05 8.07 8.07 8.07 8.05 8.03 7.99 7.95 7.90 7.84 7.77 7.69 7.60 7.51 7.41 7.30 7.19 7.07 6.94 6.81 6.68 6.54 6.39 6.24 6.09 5.93 5.76 5.57 5.38 5.17 4.95 4.72 4.48 4.23 4.02 3.86 3.75 3.69 3.69 3.73 3.82 3.95 4.12 4.28 4.44 4.59 4.73 4.86 4.99 5.11 5.22 5.33 5.42 5.52 5.60 5.68 5.75 5.82
3.16 3.46 3.75 4.04 4.34 4.64 4.94 5.22 5.49 5.75 5.99 6.21 6.41 6.61 6.78 6.94 7.09 7.23 7.35 7.46 7.55 7.63 7.70 7.76 7.81 7.85 7.87 7.89 7.89 7.88 7.87 7.85 7.81 7.77 7.72 7.66 7.60 7.53 7.45 7.36 7.27 7.17 7.07 6.96 6.85 6.73 6.61 6.48 6.35 6.22 6.08 5.94 5.80 5.64 5.47 5.30 5.11 4.91 4.70 4.48 4.30 4.17 4.10 4.07 4.10 4.17 4.29 4.44 4.60 4.74 4.88 5.01 5.13 5.24 5.35 5.45 5.55 5.64 5.72 5.80 5.87 5.93 5.99 6.04
3.20 3.49 3.78 4.08 4.37 4.67 4.95 5.22 5.48 5.71 5.94 6.14 6.34 6.52 6.68 6.83 6.97 7.09 7.21 7.31 7.39 7.47 7.54 7.59 7.63 7.67 7.69 7.70 7.71 7.70 7.69 7.66 7.63 7.60 7.55 7.50 7.44 7.37 7.30 7.23 7.14 7.06 6.96 6.87 6.76 6.66 6.55 6.44 6.33 6.21 6.09 5.97 5.85 5.72 5.58 5.44 5.28 5.11 4.93 4.75 4.60 4.51 4.46 4.47 4.53 4.64 4.78 4.92 5.05 5.17 5.29 5.40 5.51 5.60 5.69 5.78 5.86 5.93 6.00 6.06 6.11 6.16 6.21 6.25
3.23 3.52 3.81 4.11 4.40 4.69 4.95 5.21 5.44 5.67 5.87 6.07 6.25 6.41 6.57 6.71 6.84 6.95 7.06 7.15 7.23 7.30 7.36 7.41 7.45 7.48 7.51 7.52 7.52 7.52 7.51 7.49 7.46 7.43 7.39 7.34 7.29 7.23 7.17 7.10 7.03 6.95 6.87 6.78 6.70 6.60 6.51 6.42 6.32 6.22 6.12 6.02 5.91 5.81 5.70 5.59 5.46 5.33 5.18 5.04 4.92 4.86 4.85 4.90 4.99 5.12 5.24 5.36 5.47 5.58 5.68 5.77 5.86 5.94 6.01 6.08 6.14 6.20 6.25 6.30 6.34 6.38 6.41 6.43
3.27 3.56 3.85 4.14 4.42 4.68 4.94 5.17 5.39 5.60 5.80 5.98 6.15 6.30 6.44 6.58 6.69 6.80 6.90 6.99 7.06 7.13 7.19 7.23 7.27 7.30 7.32 7.33 7.34 7.34 7.33 7.31 7.29 7.26 7.23 7.19 7.14 7.09 7.04 6.98 6.92 6.85 6.79 6.71 6.64 6.56 6.49 6.41 6.33 6.25 6.16 6.08 6.00 5.92 5.84 5.76 5.66 5.56 5.46 5.34 5.26 5.24 5.27 5.35 5.46 5.57 5.68 5.78 5.87 5.96 6.04 6.11 6.18 6.25 6.30 6.36 6.40 6.45 6.48 6.52 6.54 6.57 6.59 6.60
3.30 3.59 3.88 4.15 4.42 4.67 4.90 5.12 5.33 5.52 5.71 5.88 6.03 6.18 6.31 6.43 6.55 6.65 6.74 6.82 6.89 6.95 7.01 7.05 7.09 7.12 7.14 7.15 7.16 7.16 7.15 7.14 7.13 7.10 7.08 7.04 7.01 6.97 6.92 6.88 6.83 6.77 6.72 6.66 6.60 6.54 6.48 6.42 6.36 6.29 6.23 6.17 6.11 6.05 5.99 5.94 5.88 5.82 5.74 5.67 5.63 5.64 5.70 5.80 5.90 6.00 6.08 6.16 6.24 6.31 6.37 6.43 6.48 6.53 6.57 6.61 6.64 6.67 6.69 6.71 6.73 6.74 6.74 6.75
3.33 3.62 3.89 4.15 4.40 4.63 4.85 5.06 5.25 5.44 5.61 5.76 5.91 6.05 6.17 6.29 6.39 6.49 6.57 6.65 6.72 6.77 6.83 6.87 6.91 6.93 6.96 6.97 6.98 6.99 6.99 6.98 6.97 6.95 6.93 6.91 6.88 6.85 6.82 6.78 6.75 6.71 6.66 6.62 6.58 6.54 6.49 6.45 6.40 6.36 6.32 6.28 6.24 6.21 6.17 6.14 6.11 6.09 6.05 6.02 6.01 6.06 6.15 6.23 6.31 6.39 6.46 6.52 6.58 6.63 6.68 6.72 6.75 6.79 6.81 6.83 6.85 6.87 6.88 6.88 6.88 6.88 6.88 6.87
3.36 3.63 3.89 4.14 4.37 4.58 4.79 4.98 5.17 5.34 5.49 5.64 5.78 5.91 6.02 6.13 6.23 6.32 6.40 6.47 6.54 6.60 6.65 6.69 6.72 6.76 6.78 6.80 6.81 6.82 6.82 6.82 6.82 6.81 6.80 6.79 6.77 6.75 6.73 6.70 6.68 6.65 6.63 6.60 6.58 6.55 6.52 6.50 6.48 6.45 6.43 6.42 6.40 6.39 6.38 6.37 6.37 6.38 6.38 6.38 6.42 6.49 6.56 6.63 6.69 6.75 6.80 6.84 6.88 6.92 6.95 6.97 6.99 7.01 7.02 7.03 7.04 7.04 7.03 7.03 7.02 7.00 6.99 6.97
3.38 3.64 3.88 4.10 4.32 4.52 4.72 4.90 5.07 5.23 5.37 5.51 5.64 5.76 5.87 5.97 6.06 6.15 6.23 6.30 6.36 6.42 6.47 6.51 6.55 6.58 6.61 6.63 6.65 6.66 6.67 6.68 6.68 6.68 6.68 6.67 6.67 6.66 6.65 6.64 6.63 6.62 6.61 6.60 6.59 6.58 6.58 6.57 6.57 6.57 6.57 6.58 6.58 6.60 6.61 6.64 6.66 6.69 6.73 6.77 6.83 6.89 6.94 6.99 7.03 7.07 7.10 7.13 7.15 7.17 7.19 7.20 7.20 7.21 7.20 7.20 7.19 7.18 7.16 7.14 7.12 7.10 7.07 7.04
3.39 3.62 3.85 4.06 4.26 4.45 4.63 4.80 4.96 5.11 5.25 5.38 5.50 5.61 5.71 5.81 5.90 5.98 6.05 6.12 6.18 6.24 6.29 6.33 6.37 6.41 6.44 6.46 6.49 6.51 6.52 6.54 6.55 6.56 6.57 6.57 6.58 6.58 6.59 6.59 6.60 6.60 6.61 6.61 6.62 6.63 6.65 6.66 6.68 6.70 6.73 6.76 6.79 6.83 6.87 6.92 6.98 7.03 7.10 7.16 7.20 7.25 7.28 7.31 7.34 7.36 7.37 7.38 7.39 7.39 7.39 7.39 7.38 7.37 7.35 7.34 7.31 7.29 7.26 7.23 7.20 7.17 7.13 7.09
3.39 3.61 3.82 4.01 4.20 4.38 4.54 4.70 4.85 4.99 5.12 5.24 5.35 5.46 5.56 5.65 5.73 5.81 5.88 5.95 6.01 6.06 6.11 6.16 6.20 6.24 6.27 6.30 6.33 6.36 6.38 6.40 6.42 6.44 6.46 6.48 6.50 6.51 6.53 6.55 6.57 6.59 6.61 6.64 6.67 6.70 6.73 6.77 6.81 6.85 6.90 6.95 7.01 7.08 7.15 7.22 7.30 7.39 7.47 7.52 7.55 7.57 7.59 7.60 7.61 7.61 7.61 7.61 7.60 7.59 7.57 7.55 7.53 7.50 7.48 7.44 7.41 7.38 7.34 7.30 7.25 7.21 7.16 7.12
3.38 3.59 3.78 3.96 4.14 4.30 4.46 4.60 4.74 4.87 4.99 5.10 5.21 5.31 5.40 5.48 5.56 5.64 5.71 5.77 5.83 5.89 5.94 5.99 6.03 6.07 6.11 6.15 6.18 6.21 6.24 6.27 6.30 6.33 6.36 6.39 6.42 6.45 6.48 6.51 6.55 6.59 6.63 6.67 6.72 6.77 6.82 6.88 6.94 7.01 7.08 7.16 7.24 7.33 7.43 7.53 7.64 7.74 7.81 7.85 7.86 7.87 7.86 7.86 7.85 7.84 7.82 7.80 7.78 7.75 7.72 7.69 7.65 7.61 7.57 7.53 7.48 7.43 7.38 7.33 7.28 7.23 7.17 7.12
3.38 3.56 3.74 3.91 4.07 4.22 4.36 4.50 4.63 4.75 4.86 4.96 5.06 5.15 5.24 5.32 5.40 5.47 5.54 5.60 5.66 5.71 5.77 5.82 5.86 5.91 5.95 5.99 6.03 6.07 6.11 6.15 6.19 6.23 6.26 6.31 6.35 6.39 6.44 6.49 6.54 6.59 6.65 6.71 6.77 6.84 6.92 7.00 7.08 7.17 7.27 7.37 7.48 7.60 7.72 7.85 7.97 8.07 8.12 8.14 8.14 8.13 8.11 8.09 8.06 8.03 8.00 7.96 7.93 7.88 7.84 7.79 7.74 7.69 7.64 7.58 7.53 7.47 7.41 7.35 7.29 7.22 7.16 7.09
3.37 3.54 3.70 3.86 4.00 4.14 4.27 4.40 4.51 4.62 4.73 4.82 4.92 5.00 5.08 5.16 5.23 5.30 5.37 5.43 5.49 5.54 5.60 5.65 5.70 5.75 5.79 5.84 5.89 5.93 5.98 6.03 6.07 6.12 6.17 6.23 6.28 6.34 6.40 6.46 6.53 6.60 6.67 6.75 6.84 6.93 7.02 7.12 7.23 7.34 7.46 7.59 7.73 7.87 8.02 8.16 8.28 8.35 8.39 8.40 8.38 8.36 8.33 8.29 8.25 8.20 8.15 8.10 8.05 7.99 7.94 7.88 7.81 7.75 7.68 7.62 7.55 7.48 7.41 7.34 7.27 7.20 7.12 7.05
3.35 3.51 3.66 3.80 3.93 4.06 4.18 4.29 4.40 4.50 4.59 4.68 4.77 4.85 4.93 5.00 5.07 5.14 5.20 5.26 5.32 5.37 5.43 5.48 5.54 5.59 5.64 5.69 5.74 5.80 5.85 5.91 5.97 6.03 6.09 6.15 6.22 6.29 6.36 6.44 6.53 6.61 6.71 6.80 6.91 7.02 7.13 7.26 7.39 7.52 7.67 7.82 7.98 8.15 8.31 8.45 8.55 8.61 8.63 8.62 8.59 8.56 8.51 8.46 8.41 8.34 8.28 8.22 8.15 8.08 8.01 7.93 7.86 7.78 7.71 7.63 7.55 7.47 7.39 7.31 7.23 7.15 7.07 6.99
3.34 3.48 3.62 3.74 3.86 3.97 4.08 4.18 4.28 4.37 4.46 4.54 4.62 4.70 4.77 4.84 4.90 4.97 5.03 5.09 5.15 5.21 5.26 5.32 5.38 5.43 5.49 5.55 5.61 5.67 5.73 5.79 5.86 5.93 6.00 6.08 6.16 6.25 6.34 6.43 6.53 6.63 6.75 6.86 6.99 7.12 7.25 7.40 7.55 7.71 7.88 8.06 8.24 8.42 8.58 8.70 8.78 8.83 8.84 8.82 8.77 8.72 8.67 8.60 8.54 8.46 8.38 8.30 8.22 8.14 8.06 7.97 7.88 7.80 7.71 7.62 7.53 7.44 7.35 7.26 7.17 7.08 6.99 6.91
3.32 3.45 3.57 3.68 3.79 3.89 3.98 4.08 4.16 4.25 4.33 4.40 4.48 4.55 4.61 4.68 4.74 4.80 4.86 4.92 4.98 5.04 5.10 5.16 5.22 5.28 5.34 5.40 5.47 5.54 5.61 5.68 5.76 5.84 5.93 6.02 6.11 6.21 6.31 6.42 6.54 6.66 6.79 6.93 7.07 7.22 7.38 7.55 7.72 7.91 8.10 8.30 8.50 8.67 8.81 8.92 8.99 9.02 9.02 8.98 8.93 8.86 8.79 8.72 8.64 8.55 8.46 8.37 8.28 8.18 8.08 7.98 7.89 7.79 7.69 7.59 7.49 7.39 7.29 7.19 7.10 7.00 6.90 6.81
3.30 3.42 3.52 3.62 3.71 3.80 3.88 3.97 4.04 4.12 4.19 4.26 4.33 4.39 4.45 4.52 4.58 4.64 4.70 4.76 4.81 4.87 4.94 5.00 5.06 5.13 5.19 5.26 5.34 5.41 5.49 5.58 5.66 5.76 5.85 5.96 6.06 6.18 6.30 6.42 6.55 6.69 6.84 7.00 7.16 7.33 7.51 7.70 7.90 8.11 8.33 8.54 8.73 8.89 9.02 9.11 9.16 9.18 9.17 9.12 9.05 8.98 8.90 8.81 8.72 8.62 8.52 8.42 8.31 8.20 8.09 7.98 7.87 7.76 7.65 7.54 7.43 7.32 7.22 7.11 7.00 6.90 6.80 6.69
