data_processed/recharge/precip/Precip_1988_05.asc
ncols        168
nrows        136
xllcorner    455000
yllcorner    2107000
cellsize     500
NODATA_value     -99999
[rows 68 to 101 of 136, columns 77 to 153 of 168]
39.99 41.04 42.14 43.24 44.32 45.36 46.36 47.30 48.10 48.72 49.18 49.48 49.67 49.75 49.75 49.69 49.59 49.47 49.34 49.20 49.06 48.91 48.76 48.60 48.45 48.26 47.97 47.60 47.16 46.66 46.11 45.53 44.96 44.44 43.97 43.56 43.22 42.95 42.76 42.66 42.69 42.92 43.36 43.98 44.75 45.66 46.69 47.81 48.99 50.16 51.28 52.31 53.23 54.02 54.66 55.14 55.52 55.79 55.98 56.07 56.06 55.95 55.73 55.41 54.99 54.50 53.93 53.29 52.57 51.77 50.90 49.95 48.91 47.75 46.45 45.03 43.51
39.10 40.16 41.37 42.60 43.81 44.98 46.10 47.07 47.84 48.43 48.85 49.13 49.29 49.34 49.31 49.23 49.11 48.97 48.82 48.67 48.51 48.35 48.19 48.04 47.89 47.74 47.56 47.30 46.95 46.54 46.08 45.61 45.17 44.76 44.39 44.07 43.80 43.60 43.46 43.39 43.44 43.68 44.11 44.70 45.43 46.29 47.25 48.28 49.36 50.48 51.55 52.53 53.38 54.09 54.66 55.11 55.48 55.75 55.93 56.01 56.00 55.88 55.66 55.34 54.92 54.42 53.85 53.20 52.47 51.67 50.79 49.83 48.79 47.66 46.41 45.03 43.53
38.62 39.64 40.88 42.24 43.60 44.90 46.06 47.00 47.73 48.28 48.67 48.91 49.03 49.05 48.99 48.87 48.72 48.56 48.39 48.21 48.03 47.86 47.69 47.52 47.37 47.22 47.09 46.93 46.68 46.37 46.03 45.70 45.38 45.08 44.81 44.58 44.38 44.23 44.14 44.11 44.18 44.42 44.84 45.40 46.10 46.90 47.78 48.72 49.70 50.70 51.69 52.61 53.39 54.03 54.57 55.01 55.37 55.64 55.82 55.90 55.88 55.77 55.54 55.22 54.79 54.29 53.72 53.07 52.34 51.53 50.64 49.68 48.63 47.50 46.28 44.94 43.48
38.54 39.57 40.82 42.24 43.72 45.08 46.20 47.09 47.78 48.28 48.62 48.82 48.89 48.87 48.78 48.62 48.44 48.24 48.04 47.84 47.64 47.44 47.25 47.07 46.90 46.75 46.61 46.49 46.35 46.17 45.98 45.78 45.59 45.39 45.22 45.07 44.94 44.85 44.80 44.80 44.89 45.13 45.54 46.07 46.72 47.47 48.27 49.13 50.00 50.88 51.74 52.55 53.26 53.88 54.41 54.85 55.21 55.48 55.65 55.73 55.72 55.60 55.38 55.05 54.63 54.13 53.55 52.89 52.16 51.35 50.46 49.49 48.44 47.30 46.08 44.77 43.34
38.87 39.93 41.23 42.69 44.15 45.44 46.51 47.34 47.98 48.43 48.72 48.87 48.90 48.83 48.69 48.49 48.26 48.03 47.79 47.55 47.32 47.10 46.89 46.68 46.50 46.33 46.18 46.05 45.99 45.96 45.91 45.85 45.77 45.68 45.60 45.53 45.47 45.44 45.43 45.46 45.56 45.81 46.20 46.71 47.31 47.99 48.72 49.48 50.25 51.01 51.73 52.40 53.05 53.66 54.19 54.64 54.99 55.26 55.44 55.52 55.50 55.38 55.16 54.84 54.42 53.92 53.34 52.69 51.96 51.14 50.25 49.27 48.22 47.08 45.85 44.54 43.11
39.61 40.75 42.11 43.53 44.83 46.00 46.99 47.77 48.34 48.74 48.97 49.06 49.04 48.92 48.73 48.48 48.20 47.92 47.64 47.37 47.10 46.84 46.60 46.37 46.15 45.96 45.80 45.69 45.67 45.73 45.82 45.88 45.92 45.94 45.95 45.96 45.97 45.98 46.02 46.08 46.19 46.44 46.81 47.29 47.84 48.46 49.11 49.78 50.44 51.07 51.66 52.24 52.82 53.39 53.92 54.37 54.73 55.00 55.17 55.26 55.24 55.13 54.91 54.59 54.17 53.68 53.10 52.45 51.72 50.91 50.01 49.04 47.98 46.83 45.60 44.26 42.82
40.75 42.00 43.34 44.60 45.76 46.79 47.67 48.37 48.88 49.21 49.38 49.41 49.32 49.15 48.90 48.59 48.26 47.93 47.60 47.28 46.97 46.67 46.39 46.12 45.88 45.66 45.51 45.44 45.45 45.54 45.70 45.88 46.04 46.16 46.26 46.34 46.41 46.48 46.55 46.64 46.77 47.01 47.36 47.80 48.31 48.86 49.44 50.01 50.56 51.07 51.58 52.09 52.60 53.11 53.61 54.05 54.41 54.69 54.87 54.96 54.95 54.84 54.63 54.31 53.90 53.41 52.84 52.19 51.46 50.65 49.76 48.78 47.72 46.57 45.31 43.95 42.50
42.29 43.53 44.73 45.85 46.87 47.78 48.54 49.15 49.59 49.84 49.94 49.91 49.76 49.52 49.20 48.84 48.45 48.05 47.67 47.30 46.94 46.59 46.27 45.96 45.69 45.47 45.34 45.29 45.32 45.42 45.60 45.84 46.10 46.32 46.51 46.67 46.80 46.92 47.03 47.13 47.27 47.51 47.84 48.25 48.71 49.19 49.68 50.16 50.60 51.04 51.49 51.94 52.39 52.84 53.28 53.70 54.06 54.34 54.53 54.62 54.62 54.51 54.31 54.00 53.60 53.11 52.55 51.91 51.18 50.37 49.48 48.51 47.44 46.27 44.98 43.61 42.15
44.05 45.17 46.23 47.22 48.13 48.92 49.59 50.12 50.47 50.66 50.68 50.57 50.35 50.04 49.65 49.22 48.76 48.30 47.86 47.43 47.01 46.61 46.24 45.89 45.61 45.41 45.29 45.25 45.28 45.39 45.57 45.81 46.11 46.42 46.70 46.93 47.12 47.29 47.43 47.56 47.70 47.94 48.25 48.61 49.02 49.43 49.84 50.22 50.61 51.00 51.40 51.80 52.20 52.59 52.97 53.33 53.67 53.96 54.15 54.25 54.26 54.16 53.97 53.67 53.28 52.80 52.24 51.61 50.89 50.09 49.20 48.22 47.13 45.93 44.63 43.24 41.78
45.86 46.84 47.78 48.67 49.47 50.18 50.77 51.22 51.52 51.64 51.59 51.40 51.10 50.71 50.25 49.74 49.21 48.68 48.17 47.67 47.20 46.74 46.31 45.95 45.67 45.47 45.35 45.31 45.34 45.44 45.60 45.83 46.12 46.46 46.81 47.11 47.36 47.57 47.75 47.90 48.05 48.27 48.56 48.88 49.23 49.58 49.91 50.24 50.58 50.93 51.29 51.65 52.00 52.34 52.67 52.99 53.28 53.55 53.75 53.86 53.87 53.79 53.61 53.32 52.94 52.47 51.92 51.30 50.58 49.79 48.90 47.90 46.78 45.56 44.25 42.86 41.41
47.64 48.51 49.35 50.14 50.86 51.49 52.02 52.42 52.67 52.76 52.67 52.40 52.02 51.54 51.00 50.41 49.80 49.20 48.61 48.04 47.50 46.98 46.53 46.16 45.87 45.67 45.54 45.48 45.49 45.57 45.71 45.91 46.17 46.48 46.84 47.21 47.51 47.77 47.97 48.14 48.29 48.51 48.76 49.05 49.34 49.62 49.91 50.21 50.52 50.84 51.16 51.48 51.80 52.10 52.40 52.67 52.92 53.14 53.32 53.44 53.47 53.40 53.23 52.95 52.58 52.13 51.59 50.98 50.28 49.48 48.56 47.53 46.39 45.16 43.85 42.47 41.03
49.34 50.12 50.87 51.58 52.24 52.81 53.29 53.66 53.89 53.96 53.86 53.57 53.11 52.54 51.91 51.23 50.54 49.85 49.18 48.54 47.92 47.37 46.91 46.52 46.22 45.99 45.83 45.75 45.73 45.78 45.88 46.05 46.27 46.54 46.85 47.21 47.56 47.86 48.09 48.27 48.43 48.63 48.86 49.10 49.34 49.59 49.86 50.14 50.43 50.72 51.02 51.31 51.59 51.87 52.12 52.36 52.57 52.76 52.90 53.01 53.05 52.99 52.84 52.58 52.22 51.78 51.26 50.65 49.95 49.13 48.19 47.13 45.98 44.75 43.44 42.07 40.65
50.92 51.61 52.30 52.95 53.56 54.09 54.55 54.89 55.11 55.18 55.10 54.82 54.35 53.71 52.98 52.21 51.42 50.65 49.90 49.17 48.51 47.94 47.45 47.04 46.70 46.44 46.25 46.13 46.07 46.07 46.13 46.24 46.41 46.62 46.88 47.18 47.52 47.84 48.10 48.29 48.45 48.64 48.84 49.04 49.26 49.49 49.75 50.01 50.29 50.56 50.84 51.11 51.37 51.62 51.86 52.06 52.25 52.40 52.52 52.59 52.62 52.58 52.44 52.20 51.86 51.43 50.93 50.32 49.59 48.74 47.77 46.71 45.55 44.32 43.02 41.66 40.27
52.32 52.95 53.58 54.19 54.77 55.28 55.72 56.06 56.29 56.39 56.32 56.09 55.66 55.03 54.22 53.36 52.47 51.60 50.76 49.98 49.29 48.68 48.15 47.70 47.33 47.02 46.78 46.60 46.49 46.44 46.44 46.49 46.59 46.73 46.92 47.15 47.41 47.71 47.98 48.19 48.34 48.51 48.69 48.88 49.09 49.33 49.58 49.83 50.10 50.37 50.63 50.89 51.14 51.37 51.58 51.77 51.93 52.06 52.16 52.21 52.21 52.16 52.04 51.81 51.49 51.09 50.58 49.95 49.19 48.31 47.33 46.26 45.10 43.88 42.59 41.27 39.91
53.49 54.08 54.67 55.26 55.82 56.33 56.77 57.13 57.38 57.51 57.50 57.32 56.96 56.39 55.61 54.67 53.68 52.71 51.81 50.99 50.25 49.60 49.02 48.52 48.09 47.72 47.43 47.19 47.01 46.88 46.81 46.79 46.81 46.88 46.99 47.13 47.30 47.51 47.74 47.94 48.10 48.25 48.42 48.62 48.85 49.08 49.34 49.60 49.86 50.13 50.39 50.64 50.88 51.11 51.31 51.48 51.63 51.74 51.82 51.85 51.83 51.77 51.64 51.44 51.13 50.73 50.20 49.54 48.75 47.86 46.87 45.79 44.64 43.43 42.17 40.88 39.56
54.39 54.95 55.52 56.10 56.66 57.19 57.65 58.04 58.34 58.52 58.56 58.46 58.18 57.71 57.03 56.12 55.05 54.02 53.06 52.19 51.40 50.69 50.05 49.49 48.99 48.56 48.18 47.87 47.62 47.41 47.26 47.15 47.08 47.06 47.07 47.11 47.19 47.29 47.42 47.56 47.71 47.87 48.06 48.27 48.51 48.76 49.02 49.29 49.57 49.84 50.10 50.36 50.60 50.82 51.02 51.19 51.33 51.44 51.50 51.52 51.49 51.41 51.27 51.07 50.77 50.34 49.77 49.08 48.28 47.37 46.38 45.31 44.18 42.99 41.76 40.51 39.23
55.15 55.69 56.26 56.84 57.41 57.95 58.45 58.88 59.23 59.47 59.59 59.56 59.38 59.01 58.44 57.61 56.45 55.34 54.33 53.41 52.56 51.79 51.09 50.45 49.89 49.38 48.94 48.55 48.21 47.92 47.68 47.49 47.33 47.21 47.12 47.07 47.04 47.04 47.06 47.11 47.23 47.42 47.63 47.87 48.12 48.39 48.67 48.96 49.24 49.52 49.80 50.06 50.31 50.53 50.74 50.91 51.05 51.15 51.21 51.23 51.19 51.10 50.95 50.71 50.36 49.89 49.30 48.59 47.77 46.87 45.88 44.83 43.71 42.56 41.37 40.16 38.94
56.10 56.61 57.16 57.74 58.31 58.87 59.40 59.86 60.26 60.55 60.74 60.79 60.69 60.42 59.92 58.98 57.61 56.33 55.26 54.30 53.41 52.59 51.84 51.16 50.54 49.98 49.48 49.03 48.62 48.27 47.96 47.69 47.45 47.26 47.09 46.95 46.83 46.74 46.68 46.69 46.79 46.98 47.22 47.48 47.75 48.04 48.34 48.64 48.95 49.24 49.53 49.80 50.06 50.29 50.50 50.67 50.82 50.92 50.98 50.99 50.95 50.85 50.67 50.35 49.90 49.37 48.76 48.04 47.23 46.33 45.36 44.33 43.26 42.14 41.00 39.85 38.70
57.25 57.73 58.27 58.83 59.40 59.97 60.51 61.01 61.44 61.79 62.03 62.15 62.13 61.91 61.29 60.12 58.54 57.06 55.86 54.85 53.94 53.10 52.32 51.60 50.95 50.35 49.80 49.31 48.86 48.45 48.09 47.77 47.47 47.21 46.98 46.78 46.59 46.44 46.34 46.33 46.42 46.59 46.82 47.11 47.41 47.72 48.04 48.36 48.68 48.99 49.29 49.58 49.85 50.09 50.30 50.49 50.63 50.74 50.80 50.81 50.76 50.64 50.37 49.95 49.41 48.81 48.17 47.45 46.65 45.78 44.84 43.84 42.81 41.75 40.68 39.60 38.53
58.61 59.05 59.55 60.09 60.66 61.23 61.78 62.29 62.76 63.14 63.44 63.62 63.63 63.28 62.42 61.04 59.27 57.62 56.25 55.12 54.18 53.33 52.54 51.81 51.14 50.52 49.95 49.43 48.95 48.52 48.12 47.76 47.42 47.12 46.84 46.59 46.36 46.18 46.07 46.04 46.10 46.25 46.47 46.76 47.08 47.42 47.76 48.11 48.44 48.77 49.09 49.39 49.67 49.93 50.15 50.34 50.49 50.60 50.66 50.67 50.61 50.40 50.04 49.54 48.92 48.25 47.55 46.82 46.04 45.20 44.30 43.36 42.38 41.39 40.39 39.39 38.41
60.14 60.53 60.99 61.51 62.06 62.62 63.17 63.70 64.19 64.61 64.94 65.14 65.01 64.41 63.33 61.76 59.82 58.01 56.49 55.23 54.20 53.34 52.55 51.83 51.16 50.53 49.96 49.43 48.94 48.49 48.08 47.70 47.34 47.02 46.71 46.43 46.18 45.99 45.86 45.81 45.85 45.97 46.17 46.44 46.77 47.13 47.50 47.86 48.22 48.58 48.91 49.23 49.52 49.79 50.03 50.23 50.39 50.50 50.57 50.56 50.42 50.12 49.69 49.11 48.42 47.70 46.94 46.18 45.41 44.60 43.76 42.88 41.98 41.06 40.15 39.24 38.37
61.82 62.16 62.58 63.06 63.58 64.13 64.68 65.21 65.71 66.16 66.50 66.54 66.15 65.32 64.03 62.29 60.21 58.27 56.62 55.24 54.10 53.17 52.39 51.69 51.03 50.43 49.87 49.35 48.87 48.42 48.01 47.63 47.27 46.93 46.62 46.33 46.07 45.86 45.71 45.64 45.65 45.75 45.92 46.17 46.49 46.85 47.24 47.63 48.02 48.39 48.75 49.08 49.40 49.68 49.93 50.14 50.31 50.43 50.48 50.40 50.18 49.81 49.30 48.66 47.93 47.15 46.37 45.57 44.78 44.01 43.22 42.42 41.59 40.77 39.95 39.16 38.39
63.64 63.91 64.28 64.72 65.21 65.73 66.27 66.80 67.31 67.74 67.91 67.69 67.06 66.01 64.54 62.65 60.45 58.40 56.65 55.17 53.94 52.93 52.11 51.43 50.81 50.24 49.71 49.22 48.76 48.34 47.95 47.58 47.24 46.91 46.60 46.30 46.03 45.80 45.63 45.53 45.51 45.58 45.73 45.96 46.25 46.60 46.99 47.41 47.82 48.22 48.59 48.95 49.28 49.58 49.85 50.07 50.26 50.37 50.35 50.19 49.89 49.46 48.90 48.21 47.43 46.63 45.81 45.00 44.20 43.43 42.70 41.97 41.24 40.52 39.81 39.14 38.50
65.57 65.78 66.09 66.47 66.92 67.42 67.94 68.46 68.93 69.18 69.08 68.60 67.74 66.51 64.88 62.87 60.57 58.44 56.61 55.05 53.75 52.67 51.80 51.10 50.53 50.00 49.52 49.08 48.67 48.29 47.93 47.60 47.28 46.96 46.64 46.33 46.05 45.80 45.61 45.47 45.42 45.46 45.58 45.78 46.05 46.38 46.76 47.18 47.62 48.04 48.44 48.82 49.18 49.50 49.78 50.02 50.20 50.25 50.16 49.93 49.57 49.08 48.47 47.75 46.94 46.12 45.29 44.48 43.68 42.93 42.21 41.55 40.93 40.32 39.73 39.19 38.69
67.59 67.73 67.97 68.30 68.70 69.16 69.65 70.12 70.41 70.37 70.00 69.29 68.24 66.83 65.08 62.96 60.58 58.39 56.50 54.89 53.54 52.43 51.52 50.79 50.22 49.76 49.35 48.97 48.62 48.29 47.99 47.70 47.40 47.08 46.76 46.44 46.14 45.87 45.64 45.48 45.39 45.39 45.48 45.66 45.90 46.21 46.57 46.98 47.41 47.86 48.29 48.70 49.07 49.41 49.72 49.95 50.07 50.05 49.90 49.61 49.20 48.68 48.04 47.29 46.46 45.63 44.81 44.00 43.22 42.49 41.81 41.20 40.66 40.17 39.72 39.31 38.97
69.64 69.74 69.92 70.18 70.53 70.94 71.37 71.63 71.62 71.31 70.70 69.78 68.55 67.00 65.13 62.94 60.51 58.27 56.35 54.72 53.34 52.21 51.29 50.56 49.99 49.56 49.22 48.92 48.65 48.40 48.16 47.90 47.60 47.27 46.94 46.60 46.28 45.99 45.73 45.53 45.40 45.37 45.43 45.57 45.79 46.07 46.41 46.80 47.22 47.68 48.13 48.56 48.96 49.33 49.63 49.82 49.87 49.78 49.58 49.25 48.81 48.25 47.59 46.83 46.00 45.17 44.36 43.57 42.83 42.13 41.50 40.94 40.46 40.08 39.77 39.52 39.34
71.69 71.76 71.90 72.10 72.38 72.71 72.91 72.88 72.58 72.02 71.19 70.09 68.70 67.04 65.08 62.82 60.37 58.12 56.18 54.54 53.17 52.04 51.13 50.41 49.86 49.46 49.18 48.97 48.80 48.63 48.42 48.16 47.86 47.53 47.18 46.83 46.49 46.17 45.88 45.64 45.47 45.39 45.42 45.53 45.71 45.97 46.28 46.65 47.06 47.50 47.96 48.42 48.84 49.21 49.46 49.59 49.58 49.45 49.21 48.85 48.38 47.81 47.14 46.38 45.56 44.75 43.96 43.20 42.50 41.85 41.27 40.78 40.38 40.08 39.90 39.82 39.80
73.72 73.76 73.86 74.02 74.21 74.31 74.20 73.87 73.31 72.52 71.50 70.23 68.72 66.95 64.93 62.64 60.18 57.93 56.01 54.39 53.04 51.93 51.06 50.38 49.88 49.52 49.30 49.17 49.09 48.96 48.76 48.50 48.20 47.86 47.49 47.12 46.75 46.40 46.08 45.80 45.58 45.47 45.45 45.52 45.68 45.90 46.19 46.53 46.92 47.34 47.79 48.25 48.68 49.01 49.20 49.27 49.22 49.06 48.79 48.41 47.93 47.35 46.69 45.94 45.14 44.36 43.60 42.89 42.24 41.66 41.15 40.73 40.42 40.22 40.14 40.20 40.33
75.71 75.72 75.79 75.88 75.85 75.63 75.22 74.62 73.83 72.84 71.64 70.24 68.61 66.77 64.71 62.41 59.96 57.75 55.86 54.27 52.97 51.91 51.09 50.48 50.04 49.76 49.61 49.55 49.49 49.36 49.17 48.91 48.60 48.24 47.86 47.47 47.07 46.69 46.33 46.00 45.74 45.58 45.52 45.56 45.67 45.87 46.13 46.44 46.80 47.20 47.63 48.06 48.43 48.69 48.84 48.87 48.79 48.61 48.32 47.93 47.46 46.89 46.24 45.52 44.75 44.01 43.30 42.65 42.06 41.55 41.12 40.80 40.58 40.49 40.53 40.67 40.85
77.64 77.63 77.63 77.51 77.20 76.69 76.00 75.16 74.15 72.98 71.63 70.11 68.41 66.51 64.43 62.14 59.74 57.57 55.74 54.21 52.98 52.00 51.26 50.73 50.38 50.20 50.13 50.07 49.98 49.85 49.65 49.38 49.06 48.70 48.30 47.88 47.45 47.03 46.63 46.25 45.94 45.73 45.63 45.62 45.70 45.86 46.09 46.37 46.71 47.09 47.48 47.82 48.09 48.28 48.39 48.40 48.30 48.10 47.81 47.43 46.97 46.42 45.80 45.11 44.39 43.70 43.06 42.47 41.96 41.54 41.21 40.98 40.88 40.90 41.02 41.19 41.37
79.51 79.43 79.23 78.84 78.25 77.49 76.56 75.50 74.30 72.97 71.50 69.88 68.12 66.19 64.11 61.86 59.52 57.42 55.67 54.23 53.09 52.21 51.57 51.14 50.91 50.82 50.76 50.68 50.57 50.41 50.20 49.93 49.59 49.21 48.78 48.34 47.88 47.42 46.97 46.55 46.19 45.93 45.78 45.73 45.77 45.89 46.08 46.33 46.64 46.97 47.26 47.50 47.68 47.80 47.86 47.85 47.74 47.55 47.27 46.90 46.46 45.95 45.37 44.73 44.07 43.44 42.87 42.37 41.95 41.62 41.40 41.29 41.30 41.41 41.56 41.73 41.90
81.25 80.99 80.52 79.86 79.03 78.05 76.92 75.66 74.30 72.83 71.26 69.57 67.76 65.83 63.77 61.58 59.33 57.33 55.68 54.35 53.32 52.56 52.04 51.75 51.62 51.55 51.47 51.36 51.22 51.04 50.82 50.53 50.18 49.78 49.33 48.85 48.36 47.86 47.36 46.89 46.47 46.16 45.96 45.86 45.86 45.94 46.09 46.31 46.56 46.79 46.98 47.12 47.22 47.27 47.27 47.23 47.13 46.95 46.69 46.35 45.95 45.48 44.96 44.38 43.78 43.23 42.75 42.34 42.02 41.81 41.70 41.71 41.82 41.96 42.12 42.28 42.46
82.74 82.21 81.50 80.61 79.57 78.38 77.08 75.66 74.16 72.58 70.92 69.19 67.37 65.45 63.44 61.33 59.18 57.31 55.78 54.58 53.69 53.07 52.70 52.53 52.43 52.32 52.21 52.08 51.92 51.73 51.49 51.19 50.83 50.40 49.93 49.42 48.88 48.34 47.80 47.27 46.79 46.43 46.18 46.03 45.98 46.01 46.13 46.29 46.44 46.55 46.64 46.69 46.71 46.70 46.65 46.58 46.47 46.31 46.08 45.79 45.43 45.02 44.56 44.06 43.54 43.08 42.70 42.40 42.19 42.10 42.12 42.23 42.37 42.53 42.69 42.85 43.03
83.89 83.13 82.19 81.10 79.87 78.52 77.06 75.52 73.90 72.23 70.52 68.76 66.94 65.07 63.13 61.12 59.10 57.37 55.99 54.95 54.21 53.76 53.53 53.38 53.25 53.12 52.99 52.83 52.66 52.45 52.19 51.89 51.52 51.08 50.58 50.03 49.46 48.87 48.28 47.69 47.15 46.73 46.42 46.22 46.12 46.11 46.16 46.21 46.24 46.25 46.24 46.22 46.17 46.10 46.01 45.91 45.78 45.63 45.45 45.21 44.92 44.58 44.19 43.77 43.35 43.00 42.72 42.54 42.46 42.50 42.62 42.77 42.93 43.09 43.26 43.43 43.60
