data_processed/recharge/precip/Precip_1998_05.asc
ncols        168
nrows        136
xllcorner    455000
yllcorner    2107000
cellsize     500
NODATA_value     -99999
[rows 38 to 75 of 136, columns 0 to 83 of 168]
2.25 2.17 2.14 2.14 2.17 2.21 2.25 2.26 2.24 2.20 2.12 2.02 1.88 1.71 1.50 1.27 1.03 0.80 0.58 0.39 0.23 0.09 0.00 0.00 0.00 0.00 0.00 0.00 0.00 0.00 0.00 0.00 0.00 0.00 0.00 0.00 0.00 0.00 0.03 0.25 0.50 0.79 1.10 1.43 1.78 2.15 2.52 2.89 3.25 3.58 3.83 4.03 4.16 4.23 4.25 4.23 4.17 4.08 3.99 3.90 3.80 3.71 3.62 3.52 3.42 3.33 3.23 3.15 3.10 3.06 3.04 3.04 3.05 3.08 3.12 3.16 3.20 3.25 3.29 3.33 3.37 3.40 3.42 3.41
2.15 2.06 2.01 2.00 2.01 2.04 2.08 2.10 2.09 2.05 1.98 1.87 1.73 1.55 1.34 1.12 0.90 0.69 0.50 0.32 0.17 0.05 0.00 0.00 0.00 0.00 0.00 0.00 0.00 0.00 0.00 0.00 0.00 0.00 0.00 0.00 0.00 0.00 0.02 0.24 0.49 0.78 1.10 1.45 1.81 2.18 2.57 2.95 3.32 3.66 3.93 4.13 4.27 4.35 4.38 4.36 4.29 4.19 4.08 3.95 3.83 3.70 3.58 3.45 3.33 3.20 3.10 3.01 2.95 2.91 2.89 2.89 2.90 2.93 2.97 3.01 3.06 3.10 3.14 3.18 3.22 3.26 3.29 3.31
2.07 1.97 1.90 1.88 1.87 1.89 1.91 1.93 1.94 1.90 1.84 1.73 1.59 1.41 1.21 1.01 0.81 0.62 0.45 0.29 0.15 0.05 0.00 0.00 0.00 0.00 0.00 0.00 0.00 0.00 0.00 0.00 0.00 0.00 0.00 0.00 0.00 0.00 0.04 0.25 0.51 0.81 1.14 1.49 1.86 2.24 2.63 3.02 3.40 3.74 4.01 4.22 4.36 4.45 4.47 4.45 4.39 4.29 4.15 3.99 3.84 3.68 3.52 3.36 3.21 3.07 2.95 2.87 2.80 2.76 2.74 2.73 2.74 2.77 2.81 2.85 2.90 2.94 2.99 3.03 3.07 3.11 3.14 3.17
2.00 1.89 1.81 1.77 1.76 1.76 1.77 1.78 1.79 1.76 1.70 1.60 1.46 1.29 1.12 0.94 0.76 0.59 0.43 0.29 0.17 0.08 0.02 0.00 0.00 0.00 0.00 0.00 0.00 0.00 0.00 0.00 0.00 0.00 0.00 0.00 0.00 0.00 0.10 0.32 0.58 0.87 1.20 1.55 1.92 2.31 2.70 3.09 3.47 3.82 4.09 4.30 4.44 4.52 4.55 4.52 4.45 4.34 4.19 4.02 3.82 3.63 3.43 3.24 3.07 2.93 2.81 2.72 2.65 2.60 2.58 2.57 2.58 2.61 2.65 2.69 2.74 2.78 2.83 2.87 2.91 2.95 2.99 3.01
1.94 1.82 1.74 1.69 1.67 1.66 1.66 1.66 1.66 1.63 1.58 1.48 1.36 1.22 1.07 0.91 0.75 0.60 0.45 0.32 0.22 0.13 0.09 0.07 0.05 0.03 0.00 0.00 0.00 0.00 0.00 0.00 0.00 0.00 0.00 0.00 0.00 0.04 0.21 0.42 0.68 0.97 1.30 1.65 2.01 2.40 2.78 3.17 3.55 3.90 4.17 4.37 4.50 4.58 4.59 4.56 4.48 4.36 4.20 4.00 3.78 3.55 3.32 3.11 2.93 2.78 2.66 2.56 2.49 2.44 2.41 2.41 2.42 2.44 2.48 2.53 2.57 2.62 2.67 2.71 2.75 2.79 2.83 2.86
1.89 1.77 1.68 1.63 1.60 1.58 1.58 1.57 1.56 1.53 1.48 1.40 1.30 1.18 1.05 0.91 0.77 0.63 0.50 0.38 0.29 0.22 0.18 0.17 0.16 0.15 0.13 0.11 0.09 0.07 0.06 0.05 0.04 0.04 0.05 0.07 0.11 0.21 0.37 0.57 0.82 1.11 1.42 1.77 2.13 2.50 2.88 3.26 3.64 3.97 4.23 4.43 4.55 4.61 4.62 4.57 4.47 4.33 4.15 3.94 3.70 3.44 3.19 2.98 2.79 2.63 2.51 2.41 2.33 2.28 2.25 2.24 2.25 2.27 2.31 2.36 2.40 2.45 2.50 2.54 2.59 2.63 2.66 2.69
1.85 1.73 1.65 1.59 1.56 1.54 1.53 1.52 1.50 1.46 1.41 1.35 1.28 1.18 1.06 0.94 0.82 0.69 0.58 0.47 0.39 0.33 0.30 0.29 0.29 0.28 0.27 0.26 0.25 0.24 0.23 0.23 0.23 0.24 0.25 0.29 0.35 0.44 0.58 0.77 1.01 1.28 1.58 1.91 2.26 2.62 2.99 3.36 3.72 4.05 4.30 4.47 4.58 4.63 4.61 4.55 4.43 4.27 4.07 3.84 3.58 3.31 3.06 2.84 2.65 2.49 2.35 2.25 2.17 2.11 2.08 2.07 2.08 2.10 2.14 2.19 2.23 2.28 2.33 2.37 2.42 2.46 2.50 2.53
1.83 1.71 1.63 1.58 1.54 1.52 1.51 1.49 1.47 1.44 1.40 1.35 1.28 1.20 1.11 1.00 0.89 0.78 0.68 0.59 0.51 0.46 0.44 0.44 0.44 0.44 0.43 0.43 0.42 0.42 0.42 0.42 0.43 0.44 0.47 0.53 0.61 0.71 0.84 1.02 1.23 1.49 1.78 2.09 2.42 2.77 3.12 3.47 3.82 4.12 4.36 4.51 4.60 4.63 4.59 4.50 4.36 4.17 3.95 3.69 3.42 3.17 2.93 2.70 2.50 2.34 2.20 2.09 2.01 1.95 1.91 1.90 1.90 1.93 1.97 2.01 2.06 2.11 2.16 2.20 2.25 2.29 2.33 2.36
1.83 1.71 1.63 1.58 1.55 1.54 1.52 1.51 1.49 1.46 1.42 1.38 1.33 1.26 1.18 1.09 0.99 0.90 0.80 0.72 0.66 0.61 0.59 0.60 0.61 0.61 0.61 0.61 0.61 0.61 0.61 0.62 0.63 0.66 0.72 0.80 0.90 1.02 1.15 1.31 1.50 1.74 2.00 2.29 2.60 2.93 3.26 3.59 3.92 4.20 4.41 4.54 4.61 4.61 4.54 4.43 4.26 4.04 3.79 3.52 3.26 3.02 2.78 2.56 2.36 2.19 2.05 1.93 1.85 1.78 1.75 1.73 1.73 1.76 1.80 1.84 1.89 1.94 1.99 2.03 2.08 2.12 2.16 2.20
1.84 1.73 1.66 1.62 1.59 1.58 1.57 1.56 1.54 1.52 1.49 1.45 1.40 1.35 1.28 1.20 1.12 1.03 0.95 0.88 0.82 0.78 0.77 0.78 0.79 0.79 0.80 0.80 0.80 0.81 0.82 0.83 0.85 0.91 0.98 1.08 1.20 1.34 1.49 1.64 1.82 2.03 2.26 2.53 2.81 3.11 3.41 3.72 4.02 4.28 4.46 4.57 4.60 4.57 4.48 4.33 4.12 3.88 3.61 3.35 3.10 2.86 2.63 2.42 2.22 2.05 1.90 1.78 1.69 1.62 1.58 1.56 1.56 1.59 1.63 1.67 1.72 1.77 1.81 1.86 1.91 1.95 1.99 2.03
1.86 1.77 1.71 1.67 1.66 1.65 1.64 1.63 1.62 1.60 1.57 1.54 1.50 1.46 1.40 1.34 1.27 1.19 1.12 1.05 1.00 0.96 0.95 0.97 0.98 0.99 0.99 1.00 1.01 1.01 1.02 1.05 1.10 1.17 1.27 1.39 1.53 1.68 1.83 2.00 2.17 2.35 2.56 2.79 3.05 3.31 3.59 3.86 4.13 4.36 4.51 4.58 4.59 4.52 4.39 4.20 3.96 3.71 3.45 3.19 2.95 2.71 2.48 2.27 2.08 1.90 1.75 1.63 1.53 1.46 1.42 1.40 1.40 1.42 1.46 1.50 1.55 1.60 1.65 1.69 1.74 1.79 1.83 1.85
1.91 1.83 1.78 1.76 1.75 1.75 1.74 1.73 1.72 1.70 1.68 1.66 1.63 1.59 1.54 1.49 1.43 1.36 1.30 1.24 1.19 1.16 1.15 1.17 1.18 1.19 1.20 1.21 1.21 1.22 1.24 1.29 1.37 1.47 1.58 1.72 1.87 2.03 2.20 2.37 2.54 2.71 2.89 3.09 3.31 3.54 3.78 4.02 4.25 4.45 4.56 4.60 4.56 4.45 4.28 4.05 3.80 3.55 3.30 3.05 2.80 2.57 2.34 2.13 1.94 1.76 1.61 1.48 1.38 1.31 1.26 1.24 1.24 1.26 1.29 1.34 1.38 1.43 1.48 1.53 1.58 1.62 1.65 1.68
1.97 1.90 1.87 1.86 1.86 1.85 1.85 1.84 1.83 1.82 1.81 1.79 1.76 1.74 1.70 1.66 1.61 1.55 1.49 1.44 1.39 1.37 1.36 1.37 1.39 1.40 1.41 1.41 1.42 1.44 1.49 1.56 1.66 1.78 1.91 2.06 2.22 2.39 2.57 2.74 2.92 3.09 3.25 3.42 3.59 3.78 3.98 4.18 4.38 4.53 4.61 4.60 4.52 4.37 4.16 3.92 3.67 3.42 3.17 2.92 2.67 2.44 2.21 2.00 1.80 1.63 1.47 1.34 1.24 1.16 1.11 1.08 1.08 1.10 1.13 1.18 1.22 1.27 1.32 1.37 1.42 1.45 1.48 1.50
2.05 2.00 1.99 1.98 1.97 1.97 1.96 1.96 1.95 1.95 1.94 1.92 1.91 1.89 1.86 1.83 1.79 1.75 1.70 1.65 1.61 1.58 1.58 1.59 1.60 1.61 1.62 1.63 1.64 1.69 1.76 1.86 1.98 2.11 2.26 2.42 2.59 2.77 2.95 3.13 3.30 3.47 3.62 3.77 3.91 4.05 4.21 4.37 4.52 4.63 4.65 4.60 4.47 4.28 4.05 3.81 3.56 3.31 3.06 2.81 2.57 2.33 2.10 1.89 1.69 1.51 1.35 1.21 1.10 1.02 0.96 0.93 0.93 0.94 0.98 1.02 1.07 1.12 1.17 1.21 1.25 1.28 1.31 1.32
2.14 2.12 2.10 2.09 2.09 2.08 2.08 2.08 2.07 2.07 2.07 2.06 2.05 2.04 2.02 2.00 1.98 1.95 1.91 1.87 1.83 1.80 1.80 1.81 1.82 1.83 1.83 1.85 1.89 1.96 2.06 2.18 2.31 2.46 2.63 2.80 2.97 3.16 3.34 3.51 3.68 3.85 4.00 4.13 4.25 4.35 4.45 4.56 4.66 4.72 4.70 4.60 4.42 4.21 3.98 3.74 3.49 3.24 2.99 2.74 2.49 2.25 2.02 1.80 1.60 1.41 1.24 1.09 0.97 0.88 0.82 0.79 0.78 0.80 0.83 0.88 0.92 0.97 1.02 1.06 1.09 1.11 1.13 1.14
2.25 2.23 2.21 2.20 2.19 2.19 2.18 2.18 2.18 2.18 2.19 2.19 2.19 2.18 2.18 2.17 2.16 2.14 2.12 2.09 2.06 2.03 2.02 2.03 2.03 2.04 2.05 2.10 2.17 2.26 2.38 2.51 2.67 2.83 3.00 3.18 3.37 3.55 3.73 3.91 4.07 4.23 4.36 4.49 4.58 4.66 4.72 4.77 4.82 4.83 4.75 4.59 4.40 4.18 3.95 3.71 3.47 3.21 2.96 2.70 2.45 2.21 1.97 1.74 1.53 1.33 1.16 1.00 0.87 0.77 0.70 0.66 0.65 0.66 0.69 0.74 0.78 0.83 0.87 0.90 0.93 0.95 0.96 0.97
2.36 2.33 2.31 2.29 2.28 2.28 2.28 2.28 2.28 2.29 2.29 2.30 2.31 2.31 2.32 2.32 2.32 2.31 2.31 2.29 2.28 2.25 2.24 2.24 2.25 2.26 2.30 2.37 2.47 2.58 2.72 2.87 3.04 3.21 3.39 3.58 3.77 3.95 4.13 4.30 4.46 4.60 4.73 4.83 4.92 4.97 5.00 5.00 4.99 4.94 4.81 4.63 4.43 4.21 3.98 3.74 3.49 3.23 2.97 2.71 2.45 2.20 1.95 1.72 1.50 1.29 1.10 0.94 0.80 0.68 0.59 0.54 0.52 0.53 0.57 0.61 0.65 0.69 0.72 0.74 0.77 0.78 0.79 0.80
2.44 2.41 2.38 2.37 2.35 2.35 2.34 2.35 2.35 2.36 2.37 2.39 2.40 2.42 2.43 2.45 2.46 2.47 2.47 2.48 2.48 2.47 2.46 2.46 2.47 2.51 2.58 2.67 2.79 2.93 3.08 3.25 3.42 3.61 3.80 3.99 4.17 4.36 4.53 4.69 4.84 4.98 5.09 5.18 5.24 5.27 5.27 5.24 5.17 5.06 4.90 4.72 4.52 4.30 4.07 3.82 3.56 3.30 3.03 2.77 2.50 2.24 1.98 1.74 1.50 1.29 1.09 0.91 0.75 0.62 0.52 0.45 0.42 0.42 0.45 0.48 0.52 0.55 0.57 0.59 0.61 0.62 0.63 0.64
2.50 2.46 2.43 2.41 2.40 2.39 2.39 2.39 2.40 2.41 2.43 2.45 2.47 2.50 2.52 2.54 2.57 2.59 2.61 2.63 2.65 2.66 2.67 2.68 2.72 2.78 2.88 3.00 3.13 3.29 3.46 3.63 3.82 4.01 4.20 4.40 4.58 4.76 4.93 5.09 5.22 5.34 5.44 5.51 5.55 5.55 5.53 5.46 5.36 5.22 5.06 4.88 4.67 4.45 4.21 3.95 3.69 3.42 3.15 2.87 2.59 2.32 2.05 1.80 1.55 1.32 1.11 0.91 0.74 0.59 0.48 0.39 0.34 0.32 0.34 0.37 0.39 0.41 0.43 0.45 0.46 0.47 0.48 0.48
2.55 2.51 2.47 2.45 2.43 2.42 2.42 2.42 2.44 2.45 2.47 2.50 2.53 2.56 2.59 2.62 2.66 2.69 2.73 2.76 2.79 2.82 2.85 2.88 2.94 3.04 3.16 3.30 3.46 3.63 3.81 4.00 4.20 4.39 4.59 4.78 4.97 5.15 5.31 5.45 5.58 5.68 5.76 5.81 5.83 5.81 5.76 5.67 5.55 5.41 5.24 5.05 4.84 4.61 4.37 4.11 3.84 3.56 3.28 2.99 2.71 2.42 2.15 1.88 1.62 1.37 1.15 0.94 0.75 0.59 0.45 0.35 0.28 0.24 0.23 0.24 0.26 0.28 0.29 0.30 0.31 0.32 0.32 0.33
2.61 2.56 2.52 2.49 2.47 2.45 2.45 2.45 2.47 2.48 2.51 2.53 2.57 2.61 2.65 2.69 2.73 2.78 2.82 2.87 2.92 2.96 3.00 3.05 3.14 3.26 3.40 3.57 3.74 3.93 4.13 4.33 4.54 4.74 4.94 5.14 5.32 5.50 5.65 5.79 5.90 5.99 6.06 6.09 6.08 6.04 5.96 5.86 5.73 5.59 5.42 5.23 5.01 4.78 4.53 4.27 3.99 3.71 3.41 3.12 2.83 2.53 2.24 1.96 1.69 1.44 1.20 0.97 0.77 0.60 0.44 0.32 0.23 0.17 0.13 0.12 0.13 0.13 0.14 0.15 0.16 0.17 0.18 0.18
2.68 2.62 2.57 2.53 2.51 2.49 2.48 2.48 2.49 2.51 2.54 2.57 2.60 2.64 2.69 2.74 2.79 2.85 2.90 2.96 3.02 3.08 3.14 3.20 3.31 3.45 3.61 3.80 4.00 4.20 4.42 4.63 4.85 5.06 5.27 5.46 5.65 5.82 5.97 6.09 6.20 6.27 6.32 6.33 6.31 6.24 6.15 6.04 5.91 5.76 5.59 5.39 5.18 4.94 4.69 4.42 4.14 3.85 3.55 3.25 2.95 2.65 2.35 2.06 1.78 1.51 1.25 1.02 0.80 0.61 0.45 0.31 0.19 0.11 0.05 0.01 0.00 0.00 0.00 0.01 0.01 0.02 0.03 0.04
2.76 2.69 2.63 2.59 2.55 2.53 2.52 2.51 2.52 2.54 2.56 2.59 2.63 2.68 2.72 2.78 2.84 2.90 2.97 3.03 3.10 3.18 3.25 3.33 3.45 3.61 3.79 4.00 4.22 4.44 4.67 4.90 5.13 5.35 5.56 5.76 5.94 6.11 6.25 6.37 6.46 6.53 6.55 6.55 6.50 6.43 6.34 6.22 6.09 5.94 5.76 5.56 5.34 5.10 4.84 4.57 4.29 3.99 3.69 3.38 3.07 2.76 2.45 2.15 1.86 1.58 1.32 1.07 0.84 0.64 0.46 0.30 0.16 0.05 0.00 0.00 0.00 0.00 0.00 0.00 0.00 0.00 0.00 0.00
2.83 2.77 2.71 2.65 2.61 2.57 2.56 2.55 2.55 2.56 2.58 2.61 2.65 2.70 2.75 2.81 2.87 2.94 3.02 3.09 3.17 3.26 3.34 3.44 3.57 3.75 3.95 4.17 4.41 4.65 4.90 5.14 5.37 5.60 5.82 6.02 6.20 6.37 6.51 6.62 6.70 6.75 6.76 6.74 6.69 6.61 6.51 6.40 6.26 6.10 5.92 5.72 5.49 5.25 4.99 4.72 4.43 4.13 3.82 3.51 3.19 2.88 2.56 2.25 1.95 1.67 1.39 1.13 0.89 0.67 0.47 0.29 0.13 0.00 0.00 0.00 0.00 0.00 0.00 0.00 0.00 0.00 0.00 0.00
2.91 2.84 2.78 2.72 2.67 2.63 2.60 2.58 2.58 2.59 2.61 2.64 2.67 2.72 2.77 2.83 2.90 2.97 3.05 3.14 3.23 3.32 3.42 3.53 3.67 3.86 4.08 4.32 4.57 4.83 5.09 5.35 5.59 5.83 6.05 6.25 6.44 6.60 6.73 6.84 6.91 6.95 6.95 6.92 6.86 6.79 6.69 6.57 6.43 6.27 6.08 5.88 5.65 5.40 5.14 4.86 4.57 4.27 3.95 3.64 3.32 2.99 2.67 2.36 2.05 1.75 1.47 1.20 0.94 0.71 0.48 0.28 0.10 0.00 0.00 0.00 0.00 0.00 0.00 0.00 0.00 0.00 0.00 0.00
2.98 2.92 2.86 2.80 2.74 2.69 2.65 2.63 2.62 2.62 2.63 2.66 2.69 2.73 2.79 2.85 2.92 2.99 3.08 3.17 3.27 3.37 3.47 3.59 3.75 3.95 4.18 4.44 4.71 4.98 5.26 5.53 5.78 6.03 6.26 6.46 6.65 6.81 6.94 7.03 7.10 7.12 7.12 7.09 7.03 6.95 6.85 6.73 6.59 6.43 6.24 6.03 5.80 5.54 5.28 5.00 4.70 4.40 4.08 3.76 3.44 3.11 2.78 2.46 2.14 1.84 1.54 1.26 0.99 0.74 0.50 0.28 0.08 0.00 0.00 0.00 0.00 0.00 0.00 0.00 0.00 0.00 0.00 0.00
3.05 2.99 2.93 2.87 2.81 2.76 2.71 2.68 2.66 2.65 2.66 2.68 2.71 2.75 2.80 2.86 2.93 3.01 3.10 3.19 3.29 3.40 3.52 3.65 3.82 4.02 4.27 4.53 4.82 5.11 5.40 5.68 5.95 6.20 6.44 6.65 6.83 6.99 7.12 7.21 7.26 7.28 7.28 7.25 7.19 7.12 7.01 6.89 6.75 6.58 6.39 6.17 5.94 5.68 5.41 5.13 4.83 4.52 4.21 3.88 3.55 3.22 2.89 2.56 2.24 1.93 1.62 1.33 1.04 0.77 0.52 0.28 0.07 0.00 0.00 0.00 0.00 0.00 0.00 0.00 0.00 0.00 0.00 0.00
3.12 3.06 3.00 2.94 2.89 2.83 2.78 2.74 2.71 2.69 2.69 2.70 2.72 2.76 2.81 2.87 2.94 3.02 3.10 3.20 3.31 3.42 3.55 3.68 3.86 4.08 4.33 4.61 4.90 5.21 5.51 5.81 6.09 6.35 6.59 6.81 7.00 7.15 7.27 7.36 7.41 7.43 7.43 7.40 7.35 7.27 7.17 7.04 6.90 6.73 6.53 6.31 6.08 5.82 5.54 5.26 4.96 4.64 4.33 4.00 3.67 3.33 3.00 2.66 2.34 2.01 1.70 1.39 1.09 0.80 0.53 0.28 0.06 0.00 0.00 0.00 0.00 0.00 0.00 0.00 0.00 0.00 0.00 0.00
3.19 3.13 3.07 3.02 2.96 2.90 2.85 2.80 2.76 2.74 2.72 2.73 2.74 2.77 2.82 2.87 2.94 3.02 3.11 3.21 3.32 3.44 3.56 3.71 3.89 4.12 4.38 4.67 4.97 5.29 5.60 5.91 6.21 6.48 6.73 6.95 7.13 7.29 7.41 7.49 7.55 7.57 7.57 7.55 7.49 7.41 7.31 7.18 7.04 6.86 6.67 6.45 6.21 5.95 5.67 5.38 5.07 4.76 4.44 4.11 3.77 3.44 3.10 2.76 2.43 2.09 1.77 1.44 1.13 0.83 0.55 0.29 0.05 0.00 0.00 0.00 0.00 0.00 0.00 0.00 0.00 0.00 0.00 0.00
3.26 3.20 3.14 3.08 3.03 2.98 2.92 2.87 2.83 2.79 2.77 2.76 2.77 2.79 2.83 2.88 2.94 3.02 3.11 3.21 3.32 3.44 3.57 3.72 3.91 4.14 4.41 4.70 5.02 5.34 5.67 5.99 6.30 6.58 6.84 7.06 7.25 7.41 7.53 7.62 7.67 7.70 7.71 7.68 7.63 7.55 7.45 7.32 7.17 7.00 6.80 6.57 6.33 6.07 5.79 5.49 5.19 4.87 4.54 4.21 3.88 3.54 3.19 2.85 2.51 2.17 1.83 1.49 1.17 0.86 0.57 0.29 0.04 0.00 0.00 0.00 0.00 0.00 0.00 0.00 0.00 0.00 0.00 0.00
3.33 3.27 3.21 3.15 3.10 3.04 2.99 2.94 2.90 2.85 2.82 2.80 2.80 2.81 2.84 2.89 2.94 3.02 3.10 3.20 3.31 3.43 3.56 3.72 3.91 4.15 4.42 4.73 5.05 5.38 5.72 6.05 6.36 6.66 6.93 7.16 7.35 7.51 7.63 7.73 7.79 7.82 7.83 7.80 7.75 7.67 7.57 7.44 7.29 7.12 6.92 6.69 6.45 6.18 5.90 5.60 5.29 4.97 4.64 4.31 3.97 3.63 3.28 2.93 2.58 2.23 1.88 1.54 1.21 0.89 0.59 0.30 0.04 0.00 0.00 0.00 0.00 0.00 0.00 0.00 0.00 0.00 0.00 0.00
3.39 3.33 3.28 3.22 3.16 3.11 3.06 3.01 2.96 2.92 2.88 2.85 2.84 2.84 2.86 2.90 2.95 3.02 3.10 3.19 3.30 3.42 3.55 3.71 3.90 4.15 4.43 4.73 5.06 5.40 5.74 6.08 6.41 6.71 6.99 7.23 7.43 7.60 7.73 7.83 7.89 7.93 7.94 7.92 7.87 7.79 7.69 7.56 7.41 7.23 7.03 6.80 6.55 6.29 6.00 5.70 5.39 5.07 4.74 4.40 4.06 3.71 3.36 3.00 2.64 2.29 1.93 1.58 1.24 0.91 0.60 0.31 0.04 0.00 0.00 0.00 0.00 0.00 0.00 0.00 0.00 0.00 0.00 0.00
3.46 3.40 3.34 3.28 3.23 3.17 3.12 3.07 3.03 2.99 2.95 2.91 2.88 2.88 2.89 2.91 2.96 3.02 3.09 3.18 3.29 3.40 3.54 3.69 3.89 4.13 4.41 4.73 5.06 5.40 5.75 6.10 6.43 6.75 7.03 7.29 7.50 7.67 7.81 7.91 7.99 8.03 8.04 8.02 7.97 7.89 7.79 7.66 7.51 7.33 7.13 6.90 6.65 6.38 6.10 5.80 5.48 5.16 4.82 4.48 4.14 3.78 3.42 3.06 2.70 2.33 1.97 1.62 1.27 0.94 0.62 0.32 0.05 0.00 0.00 0.00 0.00 0.00 0.00 0.00 0.00 0.00 0.00 0.00
3.52 3.46 3.40 3.34 3.29 3.23 3.18 3.13 3.09 3.05 3.01 2.97 2.94 2.92 2.92 2.93 2.97 3.02 3.09 3.17 3.27 3.39 3.52 3.67 3.87 4.11 4.39 4.71 5.04 5.39 5.74 6.09 6.43 6.75 7.05 7.31 7.54 7.73 7.88 7.99 8.06 8.11 8.12 8.10 8.06 7.99 7.88 7.76 7.61 7.43 7.22 6.99 6.74 6.47 6.18 5.88 5.56 5.24 4.90 4.56 4.20 3.84 3.48 3.11 2.74 2.37 2.01 1.65 1.30 0.96 0.64 0.33 0.05 0.00 0.00 0.00 0.00 0.00 0.00 0.00 0.00 0.00 0.00 0.00
3.57 3.51 3.45 3.40 3.34 3.29 3.24 3.19 3.15 3.10 3.07 3.03 3.00 2.97 2.96 2.96 2.98 3.03 3.08 3.16 3.25 3.36 3.49 3.64 3.84 4.08 4.36 4.68 5.01 5.36 5.72 6.07 6.42 6.74 7.05 7.32 7.56 7.76 7.93 8.05 8.13 8.18 8.19 8.18 8.14 8.07 7.97 7.84 7.69 7.51 7.30 7.07 6.82 6.55 6.26 5.96 5.64 5.31 4.97 4.62 4.26 3.89 3.52 3.14 2.77 2.40 2.03 1.67 1.32 0.98 0.65 0.35 0.06 0.00 0.00 0.00 0.00 0.00 0.00 0.00 0.00 0.00 0.00 0.00
3.63 3.57 3.51 3.45 3.40 3.34 3.29 3.25 3.20 3.16 3.12 3.09 3.06 3.03 3.01 3.00 3.01 3.04 3.09 3.16 3.24 3.34 3.47 3.61 3.80 4.04 4.32 4.64 4.97 5.32 5.68 6.04 6.38 6.71 7.02 7.30 7.55 7.77 7.95 8.08 8.18 8.23 8.25 8.24 8.20 8.13 8.03 7.91 7.76 7.58 7.37 7.14 6.89 6.62 6.33 6.02 5.70 5.37 5.03 4.67 4.30 3.93 3.55 3.17 2.79 2.42 2.05 1.69 1.34 1.00 0.67 0.36 0.08 0.00 0.00 0.00 0.00 0.00 0.00 0.00 0.00 0.00 0.00 0.00
3.68 3.62 3.56 3.50 3.45 3.39 3.34 3.30 3.25 3.21 3.17 3.14 3.11 3.08 3.06 3.05 3.04 3.06 3.10 3.15 3.23 3.33 3.44 3.58 3.77 4.00 4.28 4.59 4.92 5.27 5.63 5.99 6.33 6.66 6.97 7.26 7.52 7.75 7.94 8.09 8.20 8.27 8.30 8.29 8.25 8.19 8.09 7.97 7.81 7.64 7.43 7.20 6.95 6.68 6.38 6.08 5.76 5.42 5.07 4.71 4.33 3.96 3.57 3.19 2.81 2.43 2.06 1.70 1.35 1.01 0.68 0.38 0.09 0.00 0.00 0.00 0.00 0.00 0.00 0.00 0.00 0.00 0.00 0.00
3.72 3.66 3.61 3.55 3.49 3.44 3.39 3.34 3.30 3.26 3.22 3.19 3.16 3.13 3.11 3.10 3.09 3.09 3.11 3.16 3.22 3.31 3.41 3.55 3.73 3.96 4.23 4.54 4.87 5.21 5.57 5.91 6.25 6.58 6.89 7.19 7.46 7.69 7.90 8.07 8.20 8.29 8.32 8.32 8.29 8.23 8.13 8.01 7.86 7.68 7.48 7.25 6.99 6.72 6.43 6.12 5.80 5.45 5.10 4.73 4.35 3.97 3.59 3.20 2.82 2.44 2.07 1.71 1.36 1.02 0.70 0.39 0.11 0.00 0.00 0.00 0.00 0.00 0.00 0.00 0.00 0.00 0.00 0.00
