data_processed/recharge/precip/Precip_2005_11.asc
ncols        168
nrows        136
xllcorner    455000
yllcorner    2107000
cellsize     500
NODATA_value     -99999
[rows 72 to 107 of 136, columns 0 to 79 of 168]
11.15 11.12 11.08 11.04 11.00 10.95 10.91 10.87 10.85 10.84 10.86 10.88 10.92 10.98 11.08 11.25 11.48 11.78 12.12 12.52 12.96 13.44 13.96 14.46 14.78 14.91 14.88 14.69 14.37 13.92 13.37 12.73 12.03 11.30 10.58 9.88 9.20 8.54 7.92 7.34 6.83 6.40 6.03 5.73 5.49 5.31 5.17 5.07 5.01 4.97 4.94 4.93 4.92 4.93 4.94 4.96 4.98 5.01 5.03 5.01 4.95 4.85 4.72 4.55 4.37 4.18 4.01 3.86 3.73 3.61 3.51 3.42 3.35 3.29 3.25 3.29 3.39 3.56 3.77 4.01
11.01 10.98 10.95 10.92 10.89 10.85 10.83 10.81 10.82 10.84 10.88 10.93 11.00 11.07 11.16 11.29 11.49 11.75 12.07 12.44 12.85 13.32 13.82 14.30 14.60 14.73 14.69 14.49 14.16 13.72 13.16 12.53 11.87 11.21 10.55 9.92 9.29 8.69 8.12 7.58 7.08 6.64 6.28 5.98 5.74 5.54 5.40 5.29 5.22 5.18 5.14 5.12 5.11 5.11 5.12 5.13 5.14 5.15 5.13 5.06 4.96 4.82 4.66 4.46 4.25 4.02 3.80 3.60 3.43 3.29 3.17 3.07 3.00 2.94 2.92 2.97 3.09 3.26 3.48 3.73
10.86 10.84 10.81 10.79 10.77 10.75 10.75 10.77 10.80 10.85 10.92 10.99 11.08 11.17 11.28 11.39 11.55 11.77 12.06 12.39 12.78 13.22 13.70 14.15 14.44 14.55 14.49 14.28 13.94 13.49 12.93 12.34 11.74 11.15 10.55 9.97 9.41 8.86 8.33 7.83 7.36 6.93 6.56 6.26 6.01 5.81 5.66 5.55 5.47 5.42 5.37 5.34 5.33 5.32 5.31 5.32 5.32 5.28 5.21 5.10 4.95 4.78 4.59 4.37 4.13 3.89 3.63 3.39 3.18 3.01 2.87 2.76 2.69 2.64 2.63 2.69 2.82 3.00 3.23 3.48
10.69 10.68 10.67 10.65 10.65 10.66 10.69 10.73 10.79 10.87 10.96 11.06 11.16 11.28 11.41 11.53 11.67 11.85 12.09 12.39 12.75 13.15 13.60 14.02 14.29 14.37 14.29 14.07 13.71 13.25 12.73 12.20 11.66 11.13 10.59 10.06 9.54 9.04 8.55 8.09 7.65 7.24 6.88 6.57 6.32 6.12 5.96 5.84 5.75 5.68 5.63 5.59 5.57 5.55 5.54 5.52 5.48 5.39 5.27 5.12 4.94 4.74 4.51 4.27 4.02 3.76 3.49 3.22 2.98 2.78 2.62 2.50 2.42 2.38 2.39 2.46 2.60 2.79 3.02 3.27
10.51 10.51 10.51 10.51 10.54 10.58 10.63 10.71 10.79 10.89 11.01 11.13 11.26 11.39 11.54 11.68 11.83 11.99 12.18 12.44 12.75 13.11 13.53 13.92 14.15 14.21 14.10 13.85 13.48 13.04 12.59 12.12 11.64 11.16 10.67 10.19 9.71 9.25 8.80 8.36 7.96 7.57 7.23 6.92 6.66 6.45 6.28 6.15 6.06 5.98 5.92 5.87 5.83 5.81 5.77 5.71 5.61 5.48 5.32 5.13 4.91 4.68 4.43 4.17 3.91 3.64 3.36 3.09 2.83 2.60 2.42 2.29 2.21 2.17 2.19 2.28 2.43 2.62 2.85 3.11
10.32 10.33 10.35 10.38 10.43 10.50 10.59 10.69 10.80 10.92 11.06 11.20 11.35 11.51 11.67 11.83 11.99 12.16 12.33 12.54 12.80 13.12 13.49 13.84 14.04 14.06 13.92 13.65 13.30 12.92 12.53 12.11 11.69 11.25 10.81 10.37 9.93 9.50 9.08 8.67 8.29 7.93 7.59 7.29 7.03 6.81 6.64 6.50 6.39 6.30 6.23 6.17 6.13 6.07 5.99 5.88 5.73 5.55 5.35 5.12 4.88 4.62 4.36 4.08 3.80 3.52 3.25 2.98 2.72 2.48 2.28 2.14 2.05 2.02 2.05 2.15 2.31 2.51 2.74 3.00
10.12 10.15 10.19 10.26 10.34 10.43 10.55 10.67 10.81 10.96 11.11 11.27 11.44 11.62 11.80 11.97 12.15 12.33 12.51 12.69 12.90 13.17 13.49 13.80 13.95 13.93 13.76 13.51 13.22 12.90 12.56 12.19 11.81 11.42 11.02 10.61 10.20 9.80 9.41 9.02 8.66 8.31 7.99 7.69 7.43 7.21 7.02 6.87 6.75 6.65 6.57 6.50 6.43 6.33 6.19 6.03 5.83 5.61 5.37 5.11 4.84 4.56 4.28 3.99 3.70 3.42 3.14 2.88 2.63 2.41 2.20 2.05 1.96 1.94 1.98 2.09 2.25 2.46 2.70 2.96
9.91 9.97 10.04 10.14 10.25 10.37 10.51 10.66 10.82 10.99 11.17 11.35 11.54 11.73 11.92 12.12 12.31 12.50 12.69 12.87 13.05 13.27 13.53 13.79 13.89 13.83 13.68 13.48 13.25 12.98 12.69 12.37 12.03 11.67 11.30 10.93 10.55 10.17 9.79 9.43 9.07 8.73 8.42 8.12 7.86 7.63 7.43 7.27 7.14 7.03 6.93 6.84 6.71 6.56 6.37 6.16 5.92 5.66 5.39 5.10 4.81 4.51 4.20 3.91 3.61 3.33 3.06 2.80 2.57 2.36 2.18 2.03 1.94 1.92 1.97 2.09 2.26 2.47 2.71 2.97
9.71 9.80 9.90 10.02 10.16 10.31 10.48 10.65 10.83 11.02 11.22 11.42 11.63 11.83 12.04 12.25 12.46 12.66 12.86 13.05 13.23 13.41 13.62 13.82 13.88 13.83 13.73 13.59 13.40 13.18 12.93 12.65 12.35 12.02 11.68 11.33 10.97 10.61 10.25 9.89 9.54 9.21 8.89 8.60 8.32 8.08 7.87 7.70 7.56 7.43 7.31 7.16 6.98 6.77 6.53 6.27 5.99 5.70 5.40 5.08 4.77 4.45 4.14 3.83 3.54 3.25 2.99 2.75 2.53 2.34 2.19 2.07 1.99 1.97 2.03 2.16 2.33 2.54 2.77 3.04
9.51 9.63 9.76 9.91 10.08 10.25 10.44 10.64 10.84 11.05 11.27 11.49 11.71 11.94 12.16 12.38 12.60 12.81 13.02 13.22 13.41 13.59 13.76 13.91 13.98 13.98 13.93 13.83 13.69 13.51 13.30 13.05 12.78 12.48 12.16 11.83 11.49 11.14 10.78 10.43 10.09 9.75 9.43 9.12 8.84 8.58 8.35 8.16 8.00 7.84 7.67 7.46 7.22 6.96 6.67 6.37 6.06 5.73 5.40 5.07 4.73 4.40 4.08 3.77 3.48 3.20 2.95 2.72 2.52 2.36 2.23 2.14 2.10 2.11 2.18 2.30 2.47 2.66 2.89 3.16
9.30 9.45 9.61 9.79 9.98 10.18 10.40 10.62 10.84 11.07 11.31 11.55 11.79 12.03 12.26 12.50 12.73 12.95 13.17 13.37 13.57 13.76 13.93 14.09 14.20 14.26 14.25 14.20 14.10 13.96 13.78 13.56 13.31 13.04 12.74 12.42 12.09 11.75 11.40 11.05 10.70 10.36 10.03 9.71 9.41 9.13 8.88 8.65 8.45 8.23 7.99 7.73 7.44 7.13 6.80 6.46 6.11 5.76 5.41 5.05 4.70 4.37 4.04 3.73 3.44 3.17 2.93 2.72 2.55 2.41 2.32 2.27 2.27 2.31 2.40 2.51 2.66 2.85 3.07 3.32
9.04 9.22 9.42 9.63 9.85 10.07 10.31 10.56 10.81 11.06 11.32 11.58 11.84 12.10 12.35 12.60 12.84 13.08 13.31 13.53 13.73 13.93 14.12 14.30 14.46 14.56 14.61 14.60 14.54 14.44 14.29 14.10 13.88 13.63 13.35 13.05 12.73 12.40 12.06 11.71 11.36 11.01 10.67 10.34 10.02 9.72 9.45 9.18 8.88 8.56 8.26 7.95 7.61 7.26 6.90 6.53 6.16 5.78 5.41 5.05 4.69 4.35 4.02 3.72 3.44 3.19 2.97 2.79 2.64 2.54 2.49 2.48 2.53 2.61 2.70 2.81 2.95 3.12 3.33 3.57
8.71 8.93 9.16 9.40 9.65 9.92 10.18 10.46 10.74 11.02 11.30 11.58 11.87 12.14 12.42 12.69 12.95 13.20 13.45 13.68 13.90 14.12 14.33 14.53 14.71 14.86 14.95 14.99 14.98 14.91 14.80 14.65 14.46 14.23 13.97 13.69 13.39 13.07 12.73 12.39 12.04 11.69 11.34 11.00 10.67 10.36 10.04 9.68 9.28 8.87 8.48 8.12 7.74 7.36 6.97 6.58 6.19 5.80 5.42 5.05 4.69 4.36 4.04 3.75 3.49 3.26 3.07 2.92 2.82 2.76 2.75 2.79 2.87 2.96 3.07 3.20 3.33 3.49 3.68 3.91
8.33 8.58 8.85 9.13 9.41 9.71 10.01 10.32 10.63 10.94 11.25 11.56 11.87 12.18 12.48 12.77 13.05 13.33 13.59 13.84 14.08 14.32 14.56 14.78 14.98 15.14 15.28 15.37 15.40 15.38 15.30 15.19 15.03 14.83 14.60 14.34 14.05 13.75 13.42 13.09 12.74 12.39 12.04 11.69 11.35 11.00 10.60 10.14 9.64 9.15 8.68 8.24 7.84 7.43 7.02 6.61 6.21 5.81 5.43 5.06 4.71 4.39 4.09 3.82 3.59 3.40 3.24 3.13 3.07 3.06 3.10 3.18 3.27 3.38 3.50 3.64 3.78 3.94 4.11 4.33
7.93 8.18 8.48 8.80 9.13 9.46 9.80 10.15 10.49 10.84 11.18 11.52 11.86 12.20 12.52 12.84 13.15 13.45 13.73 14.01 14.28 14.54 14.80 15.04 15.25 15.44 15.59 15.72 15.80 15.82 15.79 15.71 15.58 15.42 15.22 14.98 14.71 14.43 14.11 13.79 13.45 13.10 12.75 12.40 12.03 11.60 11.11 10.56 9.98 9.40 8.86 8.36 7.89 7.46 7.04 6.62 6.22 5.82 5.45 5.09 4.76 4.45 4.18 3.94 3.75 3.59 3.48 3.42 3.41 3.45 3.53 3.62 3.73 3.85 3.98 4.13 4.28 4.45 4.62 4.82
7.54 7.77 8.07 8.43 8.80 9.18 9.56 9.94 10.33 10.71 11.09 11.47 11.84 12.20 12.56 12.91 13.25 13.57 13.89 14.19 14.49 14.77 15.05 15.30 15.53 15.73 15.90 16.05 16.16 16.23 16.25 16.21 16.12 15.99 15.81 15.61 15.36 15.09 14.80 14.48 14.15 13.81 13.46 13.08 12.64 12.13 11.56 10.94 10.28 9.63 9.03 8.46 7.95 7.47 7.04 6.62 6.22 5.84 5.47 5.14 4.83 4.55 4.31 4.11 3.96 3.85 3.79 3.78 3.83 3.91 4.00 4.11 4.22 4.35 4.50 4.66 4.83 5.01 5.19 5.38
7.17 7.38 7.66 8.02 8.43 8.86 9.28 9.71 10.13 10.56 10.98 11.39 11.80 12.21 12.60 12.98 13.35 13.71 14.05 14.39 14.70 15.01 15.29 15.56 15.81 16.02 16.21 16.37 16.50 16.61 16.67 16.67 16.62 16.53 16.39 16.21 15.99 15.74 15.47 15.17 14.85 14.51 14.14 13.70 13.19 12.60 11.96 11.27 10.55 9.84 9.18 8.56 8.00 7.49 7.03 6.61 6.22 5.86 5.51 5.20 4.93 4.69 4.49 4.33 4.22 4.17 4.17 4.22 4.31 4.41 4.51 4.62 4.75 4.89 5.05 5.23 5.41 5.60 5.80 6.00
6.81 7.01 7.28 7.62 8.04 8.50 8.98 9.45 9.92 10.39 10.85 11.31 11.76 12.20 12.63 13.05 13.46 13.85 14.22 14.58 14.92 15.24 15.54 15.82 16.08 16.30 16.50 16.68 16.83 16.95 17.04 17.09 17.08 17.03 16.92 16.77 16.58 16.36 16.11 15.82 15.52 15.17 14.75 14.24 13.65 13.00 12.30 11.55 10.77 10.01 9.31 8.65 8.05 7.51 7.03 6.60 6.22 5.88 5.57 5.29 5.05 4.86 4.71 4.60 4.55 4.56 4.62 4.72 4.82 4.92 5.04 5.16 5.30 5.46 5.63 5.82 6.01 6.22 6.43 6.64
6.47 6.65 6.91 7.25 7.66 8.13 8.64 9.17 9.69 10.21 10.72 11.22 11.71 12.20 12.67 13.13 13.57 13.99 14.39 14.77 15.13 15.47 15.78 16.07 16.34 16.57 16.79 16.97 17.13 17.27 17.37 17.46 17.49 17.48 17.41 17.30 17.14 16.94 16.71 16.45 16.14 15.74 15.25 14.68 14.04 13.33 12.58 11.78 10.96 10.16 9.42 8.73 8.11 7.55 7.04 6.61 6.23 5.92 5.64 5.41 5.21 5.07 4.97 4.93 4.95 5.02 5.12 5.23 5.34 5.46 5.58 5.72 5.87 6.04 6.23 6.43 6.63 6.85 7.08 7.31
6.15 6.32 6.58 6.91 7.30 7.77 8.30 8.87 9.44 10.01 10.57 11.12 11.67 12.20 12.71 13.20 13.67 14.12 14.55 14.95 15.33 15.68 16.01 16.31 16.58 16.83 17.05 17.24 17.41 17.56 17.68 17.77 17.84 17.87 17.84 17.77 17.64 17.47 17.27 17.01 16.65 16.20 15.65 15.03 14.34 13.59 12.80 11.96 11.11 10.28 9.51 8.80 8.16 7.59 7.08 6.64 6.27 5.97 5.74 5.55 5.41 5.32 5.29 5.32 5.40 5.52 5.63 5.75 5.87 6.00 6.14 6.29 6.45 6.63 6.83 7.04 7.27 7.50 7.73 7.98
5.84 6.02 6.27 6.59 6.99 7.45 7.98 8.56 9.18 9.81 10.42 11.03 11.62 12.19 12.74 13.27 13.77 14.25 14.70 15.12 15.52 15.88 16.22 16.52 16.80 17.06 17.28 17.49 17.67 17.82 17.95 18.06 18.14 18.20 18.21 18.17 18.08 17.95 17.75 17.45 17.04 16.54 15.95 15.29 14.56 13.78 12.95 12.09 11.21 10.36 9.57 8.85 8.21 7.63 7.13 6.70 6.34 6.06 5.86 5.72 5.65 5.63 5.67 5.76 5.89 6.02 6.14 6.27 6.40 6.54 6.69 6.86 7.03 7.22 7.44 7.66 7.90 8.14 8.39 8.65
5.56 5.74 5.99 6.32 6.71 7.17 7.70 8.28 8.92 9.60 10.27 10.93 11.57 12.18 12.77 13.33 13.86 14.36 14.84 15.28 15.68 16.06 16.40 16.71 17.00 17.26 17.49 17.70 17.89 18.05 18.18 18.30 18.39 18.46 18.50 18.51 18.45 18.33 18.10 17.76 17.31 16.77 16.15 15.46 14.70 13.89 13.04 12.16 11.26 10.40 9.61 8.89 8.25 7.68 7.19 6.78 6.45 6.20 6.02 5.94 5.92 5.98 6.09 6.23 6.37 6.51 6.65 6.78 6.93 7.08 7.24 7.41 7.60 7.81 8.03 8.27 8.52 8.78 9.04 9.31
5.30 5.49 5.74 6.07 6.47 6.94 7.47 8.06 8.70 9.39 10.12 10.83 11.51 12.16 12.78 13.37 13.93 14.46 14.95 15.41 15.83 16.21 16.56 16.88 17.16 17.43 17.66 17.88 18.07 18.23 18.38 18.50 18.60 18.67 18.73 18.76 18.73 18.58 18.31 17.93 17.46 16.89 16.24 15.52 14.75 13.93 13.06 12.18 11.27 10.41 9.62 8.91 8.28 7.73 7.27 6.88 6.58 6.37 6.24 6.20 6.25 6.37 6.53 6.69 6.84 6.98 7.13 7.28 7.44 7.60 7.77 7.96 8.16 8.38 8.62 8.87 9.13 9.40 9.68 9.97
5.07 5.26 5.53 5.87 6.28 6.75 7.29 7.88 8.53 9.23 9.97 10.71 11.43 12.12 12.78 13.40 13.98 14.53 15.04 15.51 15.94 16.34 16.69 17.00 17.29 17.56 17.80 18.01 18.21 18.38 18.53 18.65 18.75 18.84 18.90 18.92 18.85 18.67 18.38 17.97 17.47 16.89 16.22 15.50 14.71 13.88 13.02 12.13 11.23 10.38 9.60 8.91 8.31 7.79 7.35 7.01 6.75 6.58 6.51 6.53 6.63 6.79 6.95 7.12 7.28 7.44 7.59 7.75 7.92 8.09 8.28 8.48 8.69 8.92 9.17 9.44 9.72 10.00 10.29 10.59
4.86 5.07 5.35 5.70 6.12 6.61 7.15 7.76 8.42 9.11 9.84 10.59 11.34 12.06 12.75 13.39 14.00 14.57 15.10 15.58 16.02 16.42 16.78 17.09 17.38 17.64 17.89 18.10 18.30 18.47 18.62 18.75 18.86 18.94 18.99 18.95 18.82 18.60 18.29 17.87 17.36 16.77 16.10 15.37 14.58 13.76 12.90 12.03 11.14 10.31 9.56 8.89 8.32 7.84 7.45 7.15 6.94 6.84 6.82 6.90 7.03 7.18 7.35 7.52 7.69 7.85 8.02 8.19 8.37 8.56 8.75 8.96 9.19 9.44 9.70 9.98 10.27 10.57 10.88 11.19
4.68 4.91 5.21 5.58 6.01 6.51 7.07 7.69 8.35 9.04 9.75 10.48 11.23 11.97 12.69 13.36 13.99 14.58 15.12 15.61 16.06 16.47 16.82 17.14 17.42 17.68 17.92 18.14 18.34 18.51 18.66 18.79 18.90 18.96 18.95 18.85 18.66 18.39 18.05 17.63 17.12 16.52 15.86 15.14 14.37 13.56 12.72 11.86 11.00 10.19 9.48 8.85 8.32 7.88 7.55 7.31 7.16 7.12 7.18 7.29 7.41 7.56 7.71 7.88 8.05 8.23 8.41 8.59 8.78 8.98 9.19 9.41 9.65 9.91 10.19 10.48 10.78 11.10 11.42 11.75
4.54 4.78 5.10 5.49 5.95 6.47 7.05 7.67 8.31 8.99 9.68 10.39 11.12 11.86 12.60 13.29 13.94 14.54 15.10 15.60 16.06 16.47 16.82 17.13 17.41 17.67 17.91 18.12 18.32 18.49 18.64 18.77 18.85 18.86 18.78 18.61 18.37 18.06 17.68 17.25 16.74 16.16 15.51 14.80 14.05 13.27 12.46 11.63 10.81 10.03 9.36 8.78 8.30 7.93 7.65 7.48 7.41 7.44 7.53 7.63 7.75 7.89 8.04 8.20 8.37 8.56 8.75 8.94 9.14 9.35 9.57 9.81 10.06 10.33 10.63 10.93 11.25 11.58 11.91 12.25
4.42 4.69 5.03 5.45 5.93 6.47 7.06 7.67 8.30 8.96 9.64 10.33 11.03 11.75 12.47 13.18 13.85 14.47 15.03 15.55 16.01 16.41 16.76 17.07 17.35 17.60 17.83 18.04 18.23 18.40 18.55 18.65 18.68 18.62 18.47 18.25 17.96 17.60 17.19 16.74 16.23 15.67 15.04 14.37 13.65 12.89 12.12 11.34 10.55 9.83 9.21 8.69 8.27 7.96 7.76 7.66 7.67 7.74 7.82 7.92 8.04 8.17 8.31 8.47 8.64 8.83 9.03 9.23 9.44 9.67 9.90 10.15 10.41 10.70 11.01 11.33 11.66 12.00 12.35 12.71
4.34 4.64 5.01 5.45 5.96 6.51 7.09 7.69 8.31 8.95 9.61 10.28 10.96 11.65 12.34 13.04 13.71 14.34 14.92 15.44 15.90 16.31 16.65 16.95 17.22 17.47 17.69 17.90 18.08 18.24 18.37 18.41 18.36 18.24 18.03 17.76 17.43 17.04 16.60 16.12 15.60 15.05 14.46 13.82 13.14 12.43 11.71 10.97 10.24 9.58 9.02 8.56 8.22 7.99 7.87 7.85 7.90 7.97 8.05 8.15 8.26 8.39 8.53 8.68 8.86 9.04 9.25 9.46 9.68 9.92 10.16 10.43 10.70 11.00 11.32 11.66 12.01 12.36 12.73 13.10
4.29 4.62 5.03 5.50 6.02 6.56 7.13 7.72 8.33 8.95 9.59 10.24 10.89 11.55 12.21 12.87 13.53 14.16 14.75 15.27 15.73 16.14 16.48 16.77 17.03 17.27 17.48 17.68 17.86 17.99 18.05 18.02 17.91 17.72 17.46 17.15 16.77 16.35 15.89 15.40 14.87 14.33 13.76 13.17 12.54 11.88 11.21 10.54 9.87 9.27 8.79 8.41 8.15 8.01 7.97 8.00 8.05 8.11 8.19 8.29 8.40 8.53 8.67 8.83 9.00 9.19 9.39 9.61 9.85 10.09 10.35 10.63 10.92 11.23 11.57 11.92 12.28 12.65 13.03 13.41
4.28 4.65 5.09 5.58 6.09 6.63 7.18 7.76 8.35 8.96 9.57 10.19 10.82 11.45 12.08 12.70 13.32 13.93 14.52 15.04 15.50 15.90 16.23 16.51 16.76 16.99 17.20 17.39 17.53 17.60 17.59 17.49 17.31 17.07 16.77 16.41 16.01 15.56 15.08 14.58 14.05 13.51 12.96 12.40 11.83 11.24 10.64 10.03 9.44 8.92 8.51 8.23 8.06 8.00 8.01 8.05 8.10 8.16 8.24 8.34 8.45 8.58 8.72 8.89 9.06 9.26 9.47 9.69 9.93 10.19 10.46 10.75 11.06 11.38 11.73 12.10 12.47 12.86 13.25 13.64
4.30 4.71 5.17 5.65 6.16 6.69 7.24 7.80 8.37 8.96 9.55 10.15 10.74 11.34 11.94 12.52 13.10 13.67 14.22 14.75 15.20 15.60 15.92 16.18 16.42 16.64 16.84 16.99 17.07 17.06 16.97 16.81 16.58 16.29 15.95 15.56 15.13 14.67 14.17 13.66 13.14 12.60 12.07 11.55 11.03 10.51 9.98 9.46 8.95 8.51 8.20 8.01 7.93 7.93 7.95 7.98 8.03 8.10 8.18 8.28 8.40 8.53 8.68 8.85 9.03 9.23 9.45 9.68 9.93 10.20 10.48 10.78 11.10 11.44 11.81 12.19 12.58 12.98 13.38 13.77
4.36 4.79 5.25 5.73 6.23 6.75 7.29 7.83 8.39 8.95 9.52 10.09 10.66 11.22 11.78 12.33 12.87 13.39 13.90 14.38 14.83 15.21 15.53 15.78 16.00 16.20 16.37 16.45 16.45 16.37 16.22 16.00 15.72 15.39 15.01 14.59 14.14 13.66 13.17 12.65 12.14 11.62 11.11 10.61 10.14 9.68 9.24 8.80 8.39 8.05 7.84 7.75 7.73 7.73 7.75 7.79 7.84 7.91 8.00 8.10 8.23 8.37 8.52 8.70 8.89 9.10 9.32 9.57 9.83 10.11 10.40 10.72 11.05 11.41 11.78 12.18 12.58 12.99 13.40 13.79
4.44 4.87 5.33 5.80 6.29 6.80 7.32 7.85 8.39 8.93 9.47 10.01 10.55 11.08 11.60 12.11 12.60 13.08 13.54 13.97 14.38 14.75 15.05 15.28 15.49 15.66 15.75 15.76 15.68 15.54 15.33 15.06 14.73 14.36 13.95 13.51 13.05 12.56 12.06 11.56 11.05 10.55 10.07 9.61 9.18 8.78 8.41 8.08 7.76 7.53 7.42 7.39 7.38 7.39 7.41 7.45 7.51 7.59 7.68 7.80 7.93 8.07 8.24 8.43 8.63 8.85 9.09 9.34 9.62 9.91 10.22 10.55 10.89 11.26 11.66 12.06 12.48 12.89 13.29 13.68
4.51 4.94 5.39 5.86 6.34 6.83 7.34 7.85 8.36 8.88 9.39 9.90 10.41 10.90 11.39 11.85 12.31 12.74 13.15 13.53 13.89 14.21 14.49 14.70 14.87 14.97 14.98 14.91 14.77 14.56 14.30 13.98 13.62 13.21 12.78 12.32 11.85 11.36 10.86 10.37 9.88 9.41 8.96 8.54 8.16 7.81 7.52 7.27 7.07 6.95 6.90 6.88 6.87 6.88 6.91 6.96 7.03 7.12 7.22 7.34 7.49 7.64 7.82 8.02 8.23 8.47 8.72 8.99 9.28 9.59 9.91 10.26 10.62 11.01 11.41 11.83 12.25 12.66 13.06 13.45
4.56 4.99 5.43 5.89 6.36 6.84 7.33 7.82 8.31 8.80 9.29 9.77 10.24 10.70 11.14 11.57 11.98 12.36 12.72 13.05 13.35 13.61 13.84 14.01 14.11 14.12 14.05 13.91 13.71 13.45 13.13 12.78 12.38 11.95 11.50 11.03 10.55 10.06 9.58 9.10 8.64 8.20 7.79 7.42 7.09 6.80 6.57 6.41 6.30 6.24 6.21 6.19 6.20 6.22 6.26 6.32 6.40 6.49 6.61 6.74 6.90 7.07 7.26 7.47 7.70 7.95 8.22 8.50 8.81 9.14 9.48 9.85 10.23 10.63 11.05 11.47 11.89 12.29 12.70 13.09
