data_processed/recharge/precip/Precip_1999_07.asc
ncols        168
nrows        136
xllcorner    455000
yllcorner    2107000
cellsize     500
NODATA_value     -99999
[rows 0 to 31 of 136, columns 0 to 70 of 168]
314.45 311.41 308.02 304.31 300.28 295.97 291.39 286.56 281.49 276.22 270.76 265.13 259.35 253.43 247.41 241.29 235.10 228.86 222.59 216.30 210.03 203.78 197.68 191.84 186.28 180.98 175.95 171.18 166.66 162.39 158.36 154.57 151.01 147.68 144.57 141.68 139.00 136.52 134.25 132.18 130.29 128.60 127.08 125.74 124.57 123.57 122.72 122.03 121.50 121.10 120.85 120.70 120.56 120.36 120.10 119.77 119.37 118.91 118.39 117.83 117.22 116.57 115.88 115.16 114.42 113.66 112.88 112.10 111.30 110.51 109.72
312.23 309.33 306.07 302.47 298.56 294.35 289.86 285.12 280.14 274.95 269.56 263.99 258.26 252.39 246.41 240.33 234.17 227.95 221.69 215.41 209.13 202.88 196.76 190.92 185.35 180.06 175.03 170.26 165.75 161.48 157.47 153.69 150.15 146.84 143.76 140.89 138.24 135.80 133.57 131.53 129.69 128.04 126.57 125.28 124.16 123.21 122.43 121.80 121.33 121.00 120.78 120.58 120.37 120.14 119.86 119.52 119.11 118.64 118.12 117.55 116.94 116.29 115.60 114.88 114.14 113.38 112.61 111.83 111.04 110.26 109.48
309.78 307.01 303.89 300.42 296.62 292.53 288.15 283.51 278.63 273.52 268.20 262.71 257.04 251.24 245.30 239.27 233.14 226.95 220.72 214.46 208.19 201.94 195.82 189.98 184.42 179.13 174.11 169.36 164.86 160.62 156.63 152.88 149.37 146.09 143.04 140.21 137.60 135.20 133.01 131.03 129.24 127.64 126.23 125.00 123.94 123.06 122.34 121.79 121.39 121.11 120.84 120.57 120.29 119.99 119.67 119.31 118.90 118.42 117.89 117.31 116.69 116.04 115.35 114.63 113.89 113.13 112.36 111.58 110.80 110.02 109.25
307.08 304.47 301.48 298.15 294.49 290.52 286.26 281.73 276.95 271.93 266.71 261.30 255.71 249.97 244.10 238.12 232.04 225.89 219.69 213.45 207.21 200.97 194.86 189.03 183.49 178.22 173.22 168.49 164.02 159.81 155.85 152.14 148.66 145.42 142.42 139.64 137.08 134.73 132.60 130.67 128.94 127.41 126.06 124.90 123.92 123.12 122.48 122.01 121.65 121.33 120.99 120.65 120.29 119.93 119.55 119.16 118.72 118.24 117.70 117.11 116.48 115.82 115.13 114.41 113.66 112.91 112.13 111.36 110.58 109.81 109.04
304.15 301.70 298.87 295.69 292.17 288.33 284.20 279.78 275.12 270.21 265.08 259.76 254.26 248.60 242.80 236.88 230.86 224.76 218.61 212.41 206.19 199.97 193.89 188.08 182.56 177.32 172.35 167.66 163.23 159.05 155.14 151.47 148.04 144.86 141.90 139.18 136.68 134.40 132.33 130.47 128.81 127.35 126.09 125.01 124.11 123.39 122.84 122.42 122.03 121.63 121.23 120.82 120.39 119.96 119.52 119.07 118.60 118.10 117.55 116.95 116.32 115.65 114.95 114.22 113.47 112.71 111.94 111.16 110.39 109.62 108.85
300.99 298.71 296.05 293.02 289.65 285.96 281.96 277.68 273.14 268.35 263.33 258.11 252.70 247.13 241.41 235.57 229.62 223.58 217.48 211.32 205.14 198.96 192.91 187.13 181.65 176.45 171.52 166.87 162.48 158.36 154.50 150.88 147.52 144.39 141.50 138.85 136.42 134.21 132.22 130.44 128.86 127.48 126.30 125.31 124.51 123.89 123.39 122.94 122.48 122.01 121.54 121.06 120.58 120.08 119.58 119.07 118.55 118.01 117.45 116.84 116.20 115.52 114.81 114.07 113.32 112.56 111.78 111.00 110.23 109.46 108.70
297.61 295.51 293.03 290.17 286.96 283.42 279.57 275.43 271.02 266.36 261.46 256.35 251.05 245.58 239.95 234.19 228.31 222.35 216.31 210.21 204.08 197.94 191.93 186.20 180.76 175.60 170.73 166.13 161.80 157.74 153.94 150.39 147.09 144.04 141.22 138.64 136.29 134.17 132.26 130.57 129.08 127.80 126.72 125.83 125.13 124.57 124.05 123.52 122.99 122.46 121.92 121.38 120.84 120.29 119.73 119.16 118.58 118.00 117.41 116.78 116.12 115.43 114.71 113.97 113.21 112.44 111.66 110.88 110.10 109.33 108.57
294.02 292.12 289.81 287.13 284.10 280.72 277.03 273.04 268.77 264.24 259.47 254.49 249.30 243.94 238.41 232.74 226.96 221.07 215.10 209.08 203.00 196.92 190.95 185.28 179.89 174.79 169.98 165.45 161.19 157.19 153.46 149.99 146.77 143.80 141.07 138.58 136.32 134.29 132.47 130.88 129.50 128.32 127.35 126.56 125.93 125.34 124.75 124.16 123.57 122.97 122.38 121.78 121.17 120.56 119.95 119.33 118.71 118.07 117.43 116.78 116.11 115.40 114.67 113.92 113.15 112.38 111.59 110.80 110.02 109.25 108.49
290.23 288.52 286.42 283.92 281.07 277.87 274.34 270.51 266.39 262.01 257.38 252.53 247.47 242.22 236.81 231.25 225.56 219.76 213.88 207.92 201.92 195.90 190.00 184.38 179.06 174.03 169.29 164.83 160.65 156.73 153.08 149.70 146.57 143.69 141.05 138.66 136.50 134.57 132.86 131.37 130.10 129.04 128.18 127.48 126.82 126.16 125.51 124.85 124.20 123.54 122.89 122.23 121.58 120.91 120.25 119.58 118.91 118.23 117.54 116.85 116.15 115.43 114.69 113.93 113.15 112.36 111.56 110.77 109.98 109.20 108.44
286.32 284.75 282.84 280.54 277.88 274.86 271.51 267.85 263.90 259.67 255.19 250.48 245.56 240.44 235.14 229.70 224.12 218.42 212.63 206.76 200.84 194.89 189.06 183.51 178.27 173.32 168.66 164.28 160.19 156.36 152.81 149.52 146.48 143.70 141.17 138.88 136.83 135.02 133.43 132.06 130.91 129.97 129.19 128.46 127.74 127.02 126.30 125.59 124.88 124.17 123.46 122.75 122.04 121.33 120.62 119.90 119.18 118.46 117.74 117.00 116.27 115.52 114.76 113.99 113.20 112.40 111.59 110.79 110.00 109.21 108.44
282.41 280.86 279.09 277.00 274.54 271.72 268.56 265.07 261.29 257.23 252.91 248.35 243.57 238.59 233.43 228.11 222.64 217.06 211.37 205.60 199.77 193.90 188.15 182.69 177.53 172.67 168.10 163.81 159.81 156.09 152.64 149.45 146.53 143.86 141.44 139.27 137.34 135.65 134.18 132.94 131.92 131.07 130.27 129.48 128.69 127.91 127.14 126.37 125.60 124.84 124.08 123.32 122.56 121.80 121.05 120.29 119.53 118.77 118.00 117.23 116.46 115.69 114.91 114.11 113.31 112.49 111.68 110.87 110.06 109.27 108.50
278.55 277.00 275.26 273.31 271.06 268.44 265.47 262.18 258.58 254.70 250.55 246.15 241.53 236.69 231.67 226.48 221.15 215.68 210.11 204.45 198.71 192.94 187.27 181.91 176.84 172.08 167.61 163.43 159.54 155.92 152.58 149.51 146.71 144.16 141.87 139.82 138.02 136.46 135.13 134.03 133.10 132.23 131.37 130.52 129.68 128.84 128.01 127.18 126.37 125.55 124.74 123.94 123.13 122.33 121.53 120.73 119.94 119.14 118.34 117.54 116.73 115.93 115.12 114.30 113.48 112.66 111.83 111.00 110.19 109.39 108.60
274.74 273.19 271.45 269.55 267.44 265.03 262.27 259.18 255.78 252.08 248.11 243.88 239.42 234.75 229.88 224.83 219.63 214.30 208.85 203.30 197.68 192.01 186.44 181.18 176.22 171.56 167.20 163.14 159.36 155.87 152.65 149.71 147.03 144.61 142.46 140.55 138.89 137.47 136.28 135.28 134.34 133.41 132.49 131.58 130.68 129.79 128.90 128.03 127.16 126.30 125.44 124.60 123.75 122.91 122.07 121.24 120.40 119.57 118.74 117.91 117.08 116.24 115.41 114.57 113.73 112.89 112.04 111.20 110.38 109.56 108.77
270.98 269.43 267.71 265.82 263.76 261.51 258.96 256.08 252.88 249.38 245.59 241.55 237.27 232.76 228.05 223.16 218.11 212.91 207.60 202.18 196.67 191.11 185.66 180.51 175.66 171.13 166.89 162.95 159.30 155.93 152.85 150.04 147.50 145.23 143.21 141.45 139.94 138.67 137.59 136.58 135.57 134.58 133.61 132.65 131.69 130.75 129.82 128.90 127.98 127.08 126.18 125.29 124.41 123.53 122.65 121.78 120.92 120.06 119.20 118.34 117.48 116.62 115.77 114.91 114.05 113.19 112.33 111.48 110.63 109.81 109.00
267.28 265.75 264.04 262.17 260.14 257.94 255.55 252.88 249.90 246.60 243.02 239.17 235.07 230.74 226.20 221.48 216.58 211.54 206.36 201.08 195.71 190.27 184.93 179.90 175.18 170.77 166.67 162.86 159.35 156.12 153.18 150.52 148.13 146.00 144.14 142.54 141.19 140.03 138.94 137.87 136.81 135.76 134.73 133.72 132.72 131.73 130.75 129.78 128.83 127.88 126.95 126.02 125.10 124.18 123.28 122.38 121.48 120.59 119.71 118.83 117.95 117.07 116.19 115.32 114.44 113.57 112.69 111.82 110.96 110.12 109.30
263.65 262.13 260.45 258.60 256.60 254.43 252.11 249.61 246.84 243.76 240.38 236.73 232.83 228.69 224.33 219.78 215.06 210.17 205.15 200.01 194.78 189.47 184.27 179.37 174.79 170.52 166.55 162.89 159.52 156.45 153.66 151.15 148.92 146.96 145.26 143.82 142.59 141.42 140.27 139.14 138.03 136.94 135.86 134.80 133.75 132.71 131.69 130.68 129.69 128.71 127.73 126.77 125.82 124.87 123.94 123.01 122.09 121.17 120.27 119.36 118.46 117.57 116.68 115.79 114.90 114.01 113.13 112.24 111.37 110.51 109.68
260.09 258.59 256.94 255.12 253.15 251.02 248.74 246.31 243.71 240.86 237.70 234.26 230.56 226.62 222.46 218.09 213.54 208.83 203.97 198.99 193.90 188.74 183.68 178.92 174.48 170.36 166.55 163.04 159.83 156.91 154.29 151.94 149.88 148.09 146.56 145.25 144.00 142.78 141.58 140.40 139.24 138.10 136.97 135.87 134.77 133.70 132.64 131.59 130.56 129.54 128.54 127.54 126.56 125.59 124.63 123.67 122.73 121.79 120.87 119.94 119.03 118.12 117.21 116.31 115.42 114.52 113.63 112.74 111.86 110.98 110.13
256.61 255.14 253.52 251.74 249.81 247.72 245.49 243.11 240.59 237.91 234.98 231.76 228.28 224.54 220.58 216.41 212.04 207.51 202.83 198.01 193.09 188.08 183.16 178.56 174.28 170.31 166.66 163.31 160.27 157.52 155.07 152.90 151.02 149.40 148.01 146.69 145.39 144.12 142.87 141.64 140.43 139.24 138.08 136.93 135.79 134.68 133.58 132.50 131.44 130.39 129.35 128.33 127.32 126.32 125.34 124.36 123.40 122.45 121.50 120.56 119.64 118.72 117.80 116.89 115.99 115.09 114.20 113.31 112.42 111.53 110.67
253.21 251.78 250.19 248.45 246.56 244.53 242.35 240.03 237.57 234.97 232.22 229.23 225.97 222.46 218.71 214.74 210.57 206.23 201.73 197.09 192.33 187.49 182.73 178.29 174.17 170.38 166.89 163.72 160.86 158.29 156.02 154.03 152.34 150.86 149.46 148.09 146.74 145.42 144.12 142.85 141.60 140.37 139.16 137.97 136.80 135.65 134.52 133.41 132.31 131.23 130.17 129.12 128.09 127.07 126.07 125.07 124.09 123.12 122.17 121.22 120.28 119.35 118.43 117.52 116.61 115.71 114.82 113.93 113.04 112.16 111.29
249.90 248.51 246.97 245.27 243.43 241.45 239.33 237.07 234.67 232.15 229.49 226.69 223.66 220.37 216.84 213.09 209.13 204.99 200.68 196.23 191.65 186.98 182.39 178.12 174.18 170.56 167.26 164.27 161.59 159.22 157.14 155.35 153.79 152.31 150.86 149.44 148.05 146.68 145.34 144.03 142.73 141.46 140.22 138.99 137.79 136.61 135.45 134.31 133.18 132.08 130.99 129.92 128.87 127.83 126.81 125.80 124.81 123.83 122.86 121.90 120.96 120.02 119.10 118.18 117.27 116.38 115.49 114.60 113.72 112.85 111.98
246.70 245.35 243.85 242.20 240.42 238.49 236.43 234.24 231.92 229.46 226.89 224.19 221.35 218.30 215.00 211.47 207.73 203.79 199.69 195.44 191.05 186.56 182.15 178.06 174.31 170.87 167.77 164.97 162.49 160.31 158.43 156.79 155.23 153.71 152.21 150.75 149.31 147.90 146.52 145.16 143.83 142.53 141.24 139.99 138.75 137.54 136.35 135.19 134.04 132.91 131.81 130.72 129.65 128.59 127.56 126.54 125.53 124.54 123.57 122.60 121.66 120.72 119.79 118.88 117.98 117.08 116.20 115.32 114.45 113.59 112.74
243.59 242.29 240.84 239.25 237.53 235.67 233.67 231.55 229.30 226.93 224.44 221.83 219.10 216.24 213.18 209.88 206.37 202.66 198.77 194.72 190.53 186.23 182.02 178.12 174.56 171.32 168.42 165.83 163.55 161.58 159.85 158.21 156.61 155.04 153.50 151.99 150.51 149.06 147.64 146.25 144.89 143.55 142.24 140.95 139.69 138.45 137.24 136.05 134.88 133.73 132.61 131.50 130.42 129.35 128.31 127.28 126.27 125.27 124.29 123.33 122.38 121.44 120.52 119.61 118.71 117.82 116.95 116.08 115.23 114.38 113.54
240.60 239.35 237.96 236.43 234.77 232.97 231.05 229.01 226.84 224.55 222.14 219.63 217.00 214.26 211.40 208.34 205.06 201.58 197.91 194.08 190.10 186.01 181.99 178.30 174.94 171.92 169.22 166.84 164.78 162.97 161.25 159.57 157.92 156.30 154.72 153.17 151.66 150.17 148.72 147.29 145.89 144.53 143.19 141.87 140.59 139.33 138.09 136.88 135.70 134.54 133.40 132.28 131.18 130.11 129.05 128.02 127.00 126.00 125.02 124.06 123.11 122.18 121.26 120.36 119.47 118.60 117.73 116.88 116.04 115.21 114.39
237.72 236.52 235.19 233.73 232.14 230.42 228.58 226.61 224.53 222.33 220.02 217.60 215.07 212.43 209.70 206.85 203.82 200.58 197.14 193.54 189.78 185.89 182.09 178.61 175.46 172.66 170.18 168.02 166.13 164.32 162.56 160.84 159.15 157.49 155.87 154.29 152.73 151.22 149.73 148.27 146.85 145.45 144.09 142.75 141.45 140.17 138.91 137.69 136.49 135.31 134.16 133.03 131.93 130.85 129.79 128.75 127.73 126.73 125.76 124.80 123.85 122.93 122.02 121.13 120.25 119.39 118.54 117.71 116.89 116.08 115.28
234.96 233.83 232.56 231.17 229.66 228.01 226.25 224.37 222.38 220.28 218.06 215.74 213.32 210.80 208.18 205.46 202.64 199.65 196.46 193.09 189.56 185.89 182.31 179.05 176.13 173.55 171.31 169.32 167.43 165.59 163.79 162.02 160.29 158.60 156.94 155.33 153.74 152.19 150.68 149.19 147.74 146.33 144.94 143.58 142.26 140.96 139.69 138.45 137.24 136.06 134.90 133.76 132.65 131.57 130.51 129.47 128.45 127.46 126.49 125.53 124.60 123.69 122.79 121.91 121.05 120.21 119.38 118.56 117.77 116.98 116.21
232.33 231.26 230.07 228.76 227.32 225.76 224.09 222.30 220.40 218.39 216.28 214.07 211.76 209.35 206.85 204.26 201.58 198.80 195.86 192.74 189.45 186.02 182.66 179.64 176.95 174.61 172.54 170.57 168.64 166.76 164.91 163.11 161.35 159.62 157.93 156.28 154.67 153.10 151.55 150.05 148.58 147.14 145.73 144.36 143.02 141.71 140.43 139.18 137.96 136.76 135.60 134.46 133.35 132.27 131.21 130.17 129.16 128.17 127.21 126.26 125.34 124.44 123.56 122.70 121.86 121.03 120.23 119.44 118.66 117.91 117.16
229.83 228.84 227.72 226.49 225.13 223.66 222.08 220.39 218.59 216.69 214.69 212.59 210.39 208.11 205.73 203.27 200.72 198.09 195.37 192.50 189.46 186.27 183.16 180.37 177.94 175.77 173.72 171.71 169.74 167.82 165.94 164.10 162.31 160.55 158.84 157.16 155.52 153.92 152.36 150.83 149.34 147.88 146.46 145.07 143.72 142.40 141.11 139.85 138.63 137.43 136.26 135.13 134.02 132.93 131.88 130.85 129.85 128.87 127.92 126.99 126.08 125.19 124.33 123.49 122.67 121.87 121.09 120.32 119.58 118.85 118.14
227.47 226.55 225.52 224.37 223.11 221.73 220.25 218.66 216.97 215.17 213.28 211.30 209.23 207.06 204.82 202.49 200.08 197.59 195.03 192.39 189.60 186.67 183.80 181.27 179.01 176.87 174.78 172.73 170.73 168.78 166.86 164.99 163.17 161.38 159.64 157.94 156.28 154.66 153.07 151.53 150.02 148.55 147.12 145.72 144.36 143.03 141.74 140.47 139.25 138.05 136.88 135.75 134.64 133.57 132.52 131.50 130.51 129.54 128.60 127.69 126.80 125.94 125.09 124.28 123.48 122.70 121.95 121.22 120.50 119.81 119.13
225.25 224.42 223.48 222.42 221.25 219.97 218.59 217.11 215.52 213.85 212.07 210.21 208.27 206.23 204.12 201.93 199.66 197.32 194.91 192.43 189.88 187.21 184.60 182.25 180.02 177.85 175.72 173.64 171.60 169.61 167.67 165.78 163.92 162.11 160.35 158.63 156.95 155.31 153.71 152.15 150.63 149.15 147.70 146.30 144.93 143.60 142.30 141.04 139.81 138.61 137.45 136.32 135.22 134.16 133.12 132.11 131.14 130.19 129.27 128.37 127.50 126.66 125.84 125.05 124.28 123.54 122.81 122.11 121.43 120.77 120.14
223.19 222.45 221.59 220.63 219.56 218.39 217.11 215.74 214.27 212.71 211.07 209.33 207.51 205.62 203.64 201.59 199.47 197.28 195.03 192.71 190.34 187.89 185.48 183.16 180.90 178.69 176.53 174.41 172.35 170.33 168.36 166.44 164.57 162.74 160.95 159.21 157.51 155.86 154.25 152.68 151.15 149.66 148.21 146.80 145.43 144.09 142.79 141.53 140.31 139.12 137.97 136.84 135.76 134.70 133.68 132.69 131.73 130.80 129.90 129.02 128.18 127.36 126.57 125.81 125.07 124.36 123.67 123.01 122.36 121.74 121.15
221.22 220.58 219.82 218.96 218.00 216.93 215.77 214.52 213.18 211.75 210.23 208.63 206.95 205.20 203.37 201.47 199.51 197.48 195.38 193.23 191.03 188.74 186.37 184.02 181.72 179.48 177.28 175.14 173.05 171.00 169.01 167.06 165.16 163.31 161.51 159.75 158.04 156.37 154.74 153.16 151.62 150.13 148.67 147.26 145.88 144.55 143.25 142.00 140.78 139.59 138.45 137.34 136.26 135.22 134.21 133.24 132.29 131.38 130.50 129.65 128.83 128.04 127.28 126.55 125.84 125.16 124.51 123.88 123.28 122.70 122.14
219.21 218.67 218.03 217.28 216.44 215.51 214.48 213.36 212.15 210.86 209.49 208.04 206.52 204.92 203.26 201.52 199.73 197.87 195.96 193.99 191.93 189.73 187.41 185.05 182.71 180.43 178.19 176.01 173.89 171.81 169.79 167.81 165.89 164.01 162.18 160.40 158.67 156.98 155.34 153.74 152.19 150.68 149.22 147.79 146.41 145.07 143.77 142.52 141.30 140.11 138.97 137.86 136.80 135.76 134.76 133.80 132.87 131.98 131.11 130.28 129.48 128.72 127.98 127.27 126.59 125.94 125.32 124.72 124.15 123.61 123.09
