data_processed/recharge/precip/Precip_2011_08.asc
ncols        168
nrows        136
xllcorner    455000
yllcorner    2107000
cellsize     500
NODATA_value     -99999
[rows 66 to 98 of 136, columns 74 to 147 of 168]
115.57 111.01 107.23 104.15 101.69 99.76 98.29 97.19 96.39 95.80 95.34 94.93 94.45 93.81 93.02 92.08 91.01 89.83 88.57 87.23 85.83 84.40 82.94 81.48 80.04 78.62 77.25 75.95 74.76 73.71 72.81 72.10 71.61 71.36 71.38 71.71 72.35 73.36 74.71 76.35 78.21 80.20 82.24 84.26 86.18 87.93 89.41 90.57 91.31 91.57 91.49 91.61 92.00 92.61 93.41 94.35 95.39 96.49 97.60 98.68 99.69 100.58 101.31 101.84 102.16 102.32 102.34 102.26 102.12 101.95 101.80 101.69 101.66 101.76
111.85 107.28 103.49 100.38 97.88 95.90 94.38 93.22 92.34 91.67 91.12 90.65 90.27 89.88 89.35 88.66 87.82 86.85 85.77 84.59 83.33 82.01 80.65 79.26 77.86 76.48 75.15 73.88 72.72 71.69 70.81 70.12 69.64 69.40 69.43 69.76 70.42 71.47 72.90 74.63 76.57 78.64 80.75 82.83 84.81 86.60 88.12 89.31 90.08 90.35 90.28 90.41 90.80 91.42 92.22 93.16 94.20 95.30 96.40 97.48 98.48 99.36 100.13 100.77 101.27 101.58 101.73 101.78 101.74 101.66 101.56 101.50 101.50 101.60
108.20 103.65 99.86 96.74 94.23 92.23 90.67 89.47 88.54 87.81 87.22 86.77 86.42 86.15 85.85 85.40 84.78 84.00 83.10 82.07 80.94 79.73 78.45 77.13 75.77 74.42 73.11 71.87 70.73 69.71 68.85 68.17 67.69 67.46 67.49 67.82 68.54 69.64 71.12 72.92 74.94 77.08 79.26 81.41 83.44 85.28 86.85 88.06 88.85 89.14 89.09 89.22 89.62 90.25 91.05 92.00 93.04 94.13 95.23 96.30 97.30 98.20 99.01 99.73 100.33 100.79 101.09 101.25 101.31 101.30 101.27 101.25 101.28 101.39
104.68 100.16 96.39 93.29 90.79 88.79 87.22 86.00 85.05 84.30 83.73 83.30 82.99 82.76 82.56 82.31 81.90 81.32 80.58 79.70 78.69 77.58 76.38 75.11 73.79 72.46 71.17 69.94 68.81 67.80 66.95 66.27 65.79 65.55 65.59 66.00 66.79 67.95 69.45 71.25 73.33 75.55 77.80 80.01 82.10 83.99 85.60 86.85 87.66 87.97 87.93 88.07 88.48 89.12 89.93 90.87 91.92 93.01 94.11 95.18 96.18 97.11 97.96 98.73 99.40 99.96 100.38 100.65 100.81 100.88 100.91 100.93 100.98 101.09
101.32 96.86 93.14 90.08 87.61 85.64 84.08 82.87 81.92 81.19 80.64 80.25 79.97 79.77 79.61 79.46 79.23 78.82 78.24 77.50 76.61 75.59 74.46 73.24 71.95 70.63 69.35 68.13 67.00 65.99 65.13 64.45 63.96 63.73 63.86 64.36 65.23 66.44 67.95 69.75 71.80 74.06 76.38 78.66 80.81 82.74 84.40 85.68 86.53 86.86 86.83 86.98 87.40 88.04 88.86 89.82 90.86 91.96 93.06 94.13 95.14 96.09 96.96 97.76 98.47 99.09 99.60 99.98 100.23 100.38 100.47 100.53 100.59 100.70
98.17 93.79 90.15 87.16 84.74 82.81 81.29 80.10 79.18 78.47 77.96 77.60 77.35 77.18 77.06 76.94 76.79 76.54 76.11 75.49 74.71 73.78 72.72 71.54 70.27 68.95 67.67 66.45 65.32 64.31 63.44 62.74 62.26 62.13 62.38 62.99 63.93 65.17 66.70 68.48 70.48 72.69 75.03 77.37 79.58 81.57 83.27 84.59 85.47 85.81 85.80 85.97 86.40 87.06 87.88 88.84 89.89 90.99 92.09 93.14 94.15 95.10 95.99 96.81 97.55 98.21 98.77 99.23 99.57 99.79 99.93 100.02 100.10 100.21
95.29 91.02 87.47 84.56 82.22 80.36 78.89 77.73 76.83 76.15 75.66 75.33 75.11 74.98 74.89 74.80 74.69 74.52 74.21 73.72 73.04 72.18 71.18 70.03 68.77 67.46 66.17 64.94 63.80 62.77 61.88 61.19 60.83 60.84 61.22 61.92 62.92 64.21 65.74 67.49 69.44 71.57 73.83 76.17 78.44 80.48 82.23 83.59 84.50 84.87 84.87 85.06 85.50 86.17 87.00 87.97 89.03 90.11 91.17 92.20 93.19 94.14 95.03 95.85 96.61 97.29 97.89 98.39 98.79 99.08 99.27 99.40 99.50 99.60
92.72 88.58 85.15 82.35 80.11 78.32 76.88 75.74 74.86 74.21 73.75 73.44 73.25 73.15 73.09 73.04 72.96 72.83 72.59 72.20 71.61 70.82 69.86 68.74 67.49 66.17 64.87 63.62 62.46 61.41 60.53 59.96 59.77 59.94 60.43 61.22 62.28 63.59 65.13 66.85 68.74 70.78 72.92 75.15 77.41 79.50 81.30 82.70 83.64 84.04 84.06 84.26 84.72 85.40 86.25 87.22 88.25 89.28 90.30 91.29 92.25 93.17 94.05 94.87 95.63 96.33 96.94 97.48 97.92 98.26 98.50 98.65 98.76 98.85
90.51 86.52 83.23 80.57 78.42 76.66 75.24 74.12 73.27 72.64 72.20 71.92 71.76 71.69 71.66 71.64 71.60 71.50 71.30 70.96 70.45 69.73 68.81 67.70 66.44 65.11 63.79 62.52 61.33 60.29 59.55 59.18 59.16 59.46 60.07 60.94 62.06 63.39 64.92 66.61 68.44 70.38 72.40 74.48 76.59 78.66 80.49 81.94 82.91 83.34 83.38 83.60 84.08 84.77 85.63 86.57 87.53 88.49 89.44 90.38 91.30 92.19 93.04 93.84 94.60 95.29 95.91 96.46 96.93 97.30 97.58 97.76 97.88 97.96
88.71 84.89 81.77 79.22 77.10 75.36 73.96 72.86 72.03 71.43 71.02 70.76 70.63 70.58 70.58 70.60 70.59 70.52 70.35 70.05 69.59 68.92 68.03 66.94 65.67 64.31 62.96 61.66 60.48 59.59 59.07 58.89 59.04 59.48 60.19 61.14 62.31 63.66 65.18 66.82 68.58 70.42 72.31 74.23 76.15 78.05 79.85 81.33 82.34 82.79 82.86 83.10 83.59 84.30 85.11 85.96 86.83 87.71 88.59 89.46 90.32 91.16 91.98 92.75 93.48 94.16 94.78 95.33 95.81 96.20 96.51 96.71 96.84 96.91
87.37 83.74 80.75 78.24 76.15 74.42 73.04 71.96 71.15 70.56 70.18 69.95 69.84 69.82 69.85 69.89 69.91 69.88 69.75 69.48 69.05 68.42 67.56 66.47 65.18 63.79 62.41 61.12 60.10 59.45 59.15 59.17 59.47 60.04 60.86 61.88 63.09 64.45 65.95 67.55 69.23 70.97 72.72 74.48 76.21 77.88 79.47 80.90 81.94 82.42 82.51 82.77 83.28 83.93 84.64 85.38 86.14 86.92 87.72 88.51 89.30 90.08 90.84 91.57 92.26 92.92 93.52 94.06 94.53 94.93 95.25 95.49 95.62 95.68
86.53 83.06 80.11 77.62 75.53 73.83 72.46 71.40 70.60 70.04 69.68 69.47 69.39 69.39 69.45 69.52 69.57 69.57 69.47 69.24 68.85 68.25 67.42 66.34 65.02 63.59 62.21 61.10 60.35 59.95 59.86 60.05 60.52 61.21 62.12 63.21 64.45 65.82 67.30 68.85 70.45 72.07 73.69 75.27 76.80 78.24 79.57 80.76 81.73 82.24 82.36 82.64 83.09 83.61 84.18 84.79 85.44 86.11 86.80 87.51 88.22 88.92 89.61 90.28 90.93 91.54 92.11 92.63 93.09 93.48 93.81 94.05 94.20 94.26
86.17 82.75 79.81 77.33 75.25 73.56 72.21 71.16 70.39 69.85 69.50 69.32 69.26 69.29 69.37 69.47 69.55 69.58 69.51 69.32 68.96 68.40 67.61 66.54 65.20 63.77 62.59 61.77 61.29 61.12 61.24 61.62 62.23 63.04 64.04 65.19 66.46 67.83 69.28 70.77 72.29 73.79 75.26 76.67 77.99 79.20 80.26 81.16 81.86 82.28 82.41 82.62 82.92 83.29 83.71 84.18 84.70 85.25 85.83 86.43 87.04 87.66 88.27 88.87 89.46 90.01 90.54 91.02 91.45 91.83 92.14 92.38 92.54 92.61
86.18 82.77 79.84 77.36 75.30 73.62 72.28 71.25 70.49 69.97 69.64 69.48 69.44 69.49 69.60 69.72 69.83 69.88 69.84 69.68 69.35 68.83 68.07 67.04 65.72 64.47 63.60 63.07 62.85 62.92 63.24 63.79 64.55 65.48 66.56 67.77 69.07 70.44 71.85 73.28 74.70 76.09 77.41 78.64 79.75 80.72 81.51 82.11 82.49 82.63 82.64 82.68 82.81 83.00 83.27 83.59 83.96 84.38 84.83 85.31 85.82 86.33 86.85 87.37 87.88 88.37 88.84 89.27 89.66 90.01 90.29 90.52 90.67 90.74
86.59 83.17 80.24 77.75 75.69 74.01 72.67 71.64 70.88 70.36 70.04 69.88 69.85 69.91 70.03 70.16 70.28 70.35 70.33 70.18 69.87 69.37 68.63 67.61 66.28 65.13 64.55 64.32 64.37 64.68 65.22 65.95 66.86 67.92 69.10 70.37 71.71 73.09 74.48 75.86 77.19 78.47 79.65 80.70 81.62 82.35 82.89 83.20 83.28 83.22 83.16 83.06 83.00 83.02 83.11 83.27 83.50 83.77 84.09 84.44 84.83 85.23 85.65 86.08 86.50 86.92 87.32 87.69 88.04 88.34 88.59 88.79 88.93 89.00
87.37 83.97 81.02 78.51 76.43 74.72 73.36 72.32 71.54 71.01 70.67 70.50 70.46 70.51 70.62 70.75 70.86 70.93 70.90 70.75 70.44 69.94 69.19 68.12 66.77 65.62 65.13 65.17 65.52 66.09 66.85 67.79 68.87 70.07 71.36 72.71 74.10 75.50 76.89 78.23 79.50 80.68 81.73 82.64 83.37 83.89 84.19 84.24 84.15 84.07 83.98 83.82 83.62 83.46 83.37 83.37 83.43 83.55 83.73 83.95 84.21 84.50 84.81 85.14 85.47 85.80 86.13 86.44 86.72 86.97 87.19 87.36 87.48 87.62
88.46 85.12 82.18 79.64 77.51 75.77 74.37 73.29 72.48 71.91 71.54 71.34 71.27 71.29 71.38 71.48 71.57 71.61 71.56 71.39 71.07 70.53 69.70 68.56 67.18 66.04 65.56 65.70 66.30 67.14 68.15 69.30 70.57 71.93 73.34 74.80 76.26 77.70 79.09 80.41 81.64 82.74 83.68 84.45 85.01 85.34 85.42 85.35 85.25 85.16 85.05 84.86 84.60 84.30 84.03 83.85 83.75 83.71 83.74 83.82 83.94 84.11 84.30 84.52 84.76 85.00 85.24 85.48 85.70 85.90 86.06 86.20 86.37 86.76
89.83 86.56 83.67 81.12 78.94 77.14 75.69 74.55 73.69 73.07 72.65 72.40 72.28 72.26 72.29 72.35 72.40 72.40 72.31 72.11 71.72 71.06 70.11 68.90 67.52 66.39 65.92 66.07 66.76 67.85 69.13 70.51 71.98 73.51 75.07 76.64 78.18 79.68 81.10 82.42 83.61 84.65 85.50 86.15 86.56 86.72 86.71 86.65 86.57 86.47 86.34 86.13 85.84 85.47 85.07 84.71 84.43 84.22 84.09 84.02 84.01 84.04 84.11 84.22 84.35 84.49 84.65 84.80 84.95 85.08 85.20 85.37 85.77 86.45
91.44 88.25 85.42 82.92 80.72 78.85 77.32 76.11 75.18 74.48 74.00 73.68 73.49 73.40 73.38 73.37 73.36 73.30 73.16 72.87 72.32 71.50 70.43 69.17 67.78 66.67 66.22 66.38 67.10 68.28 69.79 71.43 73.12 74.84 76.56 78.25 79.90 81.47 82.93 84.26 85.44 86.43 87.20 87.74 88.03 88.13 88.16 88.14 88.08 87.98 87.83 87.60 87.28 86.88 86.41 85.91 85.45 85.07 84.78 84.55 84.39 84.28 84.22 84.21 84.22 84.26 84.32 84.39 84.45 84.52 84.66 85.04 85.70 86.62
93.27 90.15 87.39 84.94 82.78 80.88 79.27 77.96 76.94 76.16 75.58 75.18 74.91 74.73 74.62 74.54 74.45 74.31 74.06 73.57 72.82 71.83 70.66 69.35 67.96 66.89 66.46 66.66 67.39 68.59 70.20 72.06 73.98 75.91 77.80 79.65 81.41 83.07 84.59 85.95 87.12 88.08 88.80 89.26 89.52 89.69 89.78 89.80 89.76 89.66 89.50 89.24 88.89 88.46 87.96 87.39 86.79 86.24 85.77 85.38 85.06 84.81 84.61 84.47 84.36 84.29 84.24 84.21 84.20 84.27 84.59 85.21 86.09 87.22
95.28 92.24 89.54 87.16 85.04 83.17 81.52 80.11 78.98 78.09 77.40 76.89 76.52 76.25 76.04 75.85 75.66 75.39 74.91 74.17 73.21 72.07 70.80 69.45 68.08 67.04 66.66 66.88 67.64 68.87 70.50 72.45 74.59 76.74 78.83 80.84 82.73 84.49 86.09 87.50 88.68 89.63 90.31 90.79 91.14 91.39 91.54 91.61 91.59 91.49 91.31 91.04 90.66 90.20 89.67 89.06 88.40 87.70 87.05 86.49 86.01 85.61 85.26 84.98 84.74 84.55 84.39 84.27 84.24 84.47 85.01 85.83 86.90 88.20
97.43 94.48 91.86 89.53 87.47 85.64 84.00 82.54 81.29 80.27 79.47 78.83 78.34 77.94 77.61 77.31 76.97 76.43 75.64 74.65 73.49 72.21 70.86 69.47 68.12 67.13 66.79 67.06 67.86 69.12 70.78 72.76 75.00 77.35 79.64 81.83 83.88 85.76 87.44 88.91 90.13 91.08 91.82 92.40 92.86 93.20 93.41 93.52 93.53 93.44 93.25 92.96 92.56 92.07 91.51 90.86 90.16 89.39 88.61 87.87 87.22 86.65 86.16 85.73 85.36 85.04 84.76 84.60 84.72 85.15 85.86 86.84 88.07 89.51
99.71 96.84 94.30 92.04 90.03 88.24 86.64 85.19 83.87 82.72 81.77 80.99 80.35 79.82 79.35 78.88 78.22 77.34 76.25 75.01 73.66 72.25 70.82 69.41 68.09 67.16 66.88 67.20 68.04 69.35 71.05 73.06 75.33 77.77 80.26 82.64 84.85 86.87 88.66 90.21 91.48 92.52 93.39 94.10 94.67 95.09 95.38 95.53 95.57 95.48 95.29 94.97 94.56 94.05 93.45 92.77 92.03 91.22 90.36 89.49 88.66 87.92 87.27 86.69 86.17 85.72 85.40 85.36 85.65 86.23 87.09 88.21 89.54 91.09
102.06 99.29 96.83 94.64 92.69 90.95 89.38 87.96 86.64 85.41 84.31 83.37 82.58 81.88 81.22 80.39 79.35 78.11 76.74 75.26 73.73 72.20 70.70 69.28 68.00 67.13 66.92 67.29 68.19 69.55 71.29 73.35 75.65 78.13 80.72 83.28 85.67 87.84 89.76 91.40 92.79 93.99 95.01 95.85 96.53 97.04 97.40 97.61 97.67 97.59 97.39 97.07 96.63 96.10 95.47 94.77 93.98 93.14 92.23 91.29 90.32 89.41 88.58 87.84 87.18 86.66 86.44 86.55 86.98 87.68 88.65 89.86 91.27 92.88
104.48 101.80 99.42 97.31 95.42 93.73 92.20 90.81 89.51 88.27 87.08 85.97 85.00 84.08 83.03 81.77 80.33 78.76 77.10 75.40 73.70 72.05 70.49 69.06 67.83 67.04 66.90 67.35 68.31 69.73 71.53 73.64 75.99 78.51 81.13 83.79 86.35 88.69 90.75 92.54 94.12 95.49 96.66 97.64 98.43 99.03 99.46 99.72 99.81 99.75 99.54 99.21 98.76 98.20 97.55 96.82 96.00 95.11 94.17 93.17 92.13 91.08 90.08 89.18 88.43 87.99 87.90 88.12 88.65 89.44 90.48 91.74 93.20 94.84
106.91 104.33 102.04 100.00 98.19 96.55 95.07 93.71 92.43 91.20 90.00 88.79 87.58 86.24 84.70 83.00 81.18 79.28 77.35 75.43 73.57 71.81 70.20 68.78 67.60 66.90 66.84 67.36 68.40 69.89 71.75 73.92 76.32 78.90 81.57 84.27 86.92 89.42 91.67 93.68 95.45 96.99 98.32 99.43 100.33 101.03 101.53 101.84 101.97 101.92 101.71 101.37 100.91 100.34 99.66 98.90 98.05 97.13 96.14 95.10 94.01 92.88 91.74 90.74 90.05 89.72 89.72 90.02 90.60 91.45 92.52 93.81 95.28 96.91
109.33 106.86 104.66 102.71 100.96 99.38 97.95 96.62 95.37 94.16 92.95 91.67 90.10 88.24 86.22 84.09 81.89 79.67 77.47 75.35 73.33 71.47 69.82 68.41 67.31 66.70 66.72 67.33 68.46 70.02 71.96 74.19 76.67 79.30 82.03 84.78 87.48 90.09 92.55 94.78 96.74 98.47 99.95 101.19 102.21 103.01 103.59 103.96 104.12 104.09 103.88 103.53 103.06 102.47 101.78 100.99 100.11 99.15 98.13 97.04 95.90 94.72 93.58 92.66 92.06 91.79 91.84 92.19 92.80 93.65 94.73 96.00 97.45 99.04
111.71 109.35 107.25 105.38 103.70 102.19 100.81 99.52 98.30 97.10 95.85 94.30 92.36 90.07 87.58 85.03 82.46 79.93 77.48 75.15 73.00 71.05 69.36 67.98 66.94 66.44 66.57 67.27 68.48 70.14 72.15 74.47 77.01 79.72 82.51 85.32 88.10 90.80 93.40 95.82 97.99 99.89 101.53 102.91 104.05 104.95 105.60 106.03 106.24 106.22 106.02 105.66 105.18 104.58 103.87 103.06 102.15 101.16 100.10 98.97 97.79 96.63 95.65 94.90 94.38 94.15 94.22 94.57 95.17 96.01 97.05 98.27 99.65 101.16
114.02 111.76 109.76 107.98 106.39 104.94 103.61 102.37 101.18 99.95 98.43 96.51 94.22 91.63 88.78 85.82 82.90 80.07 77.37 74.85 72.56 70.54 68.82 67.47 66.52 66.13 66.36 67.17 68.49 70.23 72.34 74.74 77.37 80.15 83.02 85.90 88.76 91.55 94.25 96.80 99.15 101.24 103.04 104.56 105.82 106.82 107.56 108.05 108.29 108.30 108.10 107.74 107.25 106.64 105.91 105.08 104.15 103.13 102.03 100.87 99.71 98.71 97.92 97.33 96.94 96.74 96.80 97.12 97.68 98.45 99.42 100.56 101.84 103.24
116.22 114.08 112.18 110.50 108.98 107.61 106.34 105.14 103.93 102.43 100.52 98.25 95.66 92.80 89.71 86.47 83.21 80.08 77.15 74.45 72.03 69.93 68.20 66.89 66.04 65.76 66.11 67.04 68.46 70.31 72.52 75.02 77.74 80.60 83.54 86.50 89.44 92.32 95.10 97.75 100.23 102.48 104.45 106.11 107.50 108.60 109.42 109.97 110.26 110.29 110.10 109.74 109.25 108.63 107.89 107.03 106.08 105.03 103.91 102.77 101.78 100.97 100.35 99.90 99.61 99.48 99.52 99.78 100.25 100.94 101.80 102.81 103.95 105.21
118.28 116.26 114.47 112.88 111.45 110.15 108.95 107.74 106.25 104.35 102.08 99.49 96.63 93.53 90.26 86.85 83.37 79.97 76.81 73.94 71.40 69.24 67.51 66.24 65.49 65.34 65.82 66.87 68.41 70.37 72.69 75.29 78.11 81.05 84.06 87.09 90.10 93.05 95.92 98.66 101.24 103.61 105.73 107.54 109.05 110.25 111.16 111.78 112.12 112.17 111.99 111.64 111.14 110.51 109.76 108.89 107.92 106.85 105.76 104.79 103.99 103.35 102.86 102.52 102.32 102.24 102.30 102.49 102.85 103.40 104.12 104.97 105.95 107.01
120.17 118.28 116.60 115.11 113.77 112.55 111.34 109.86 107.96 105.69 103.09 100.21 97.10 93.80 90.37 86.85 83.28 79.73 76.36 73.32 70.68 68.46 66.73 65.52 64.88 64.87 65.49 66.67 68.33 70.42 72.85 75.57 78.47 81.47 84.53 87.62 90.70 93.73 96.68 99.50 102.16 104.63 106.87 108.82 110.46 111.77 112.77 113.45 113.84 113.92 113.75 113.40 112.90 112.27 111.51 110.63 109.64 108.61 107.69 106.91 106.28 105.77 105.40 105.14 105.00 104.96 105.02 105.16 105.41 105.80 106.33 107.00 107.76 108.61
121.86 120.10 118.54 117.15 115.90 114.69 113.20 111.30 109.02 106.41 103.51 100.37 97.05 93.58 90.02 86.41 82.80 79.24 75.78 72.60 69.86 67.60 65.88 64.73 64.22 64.35 65.11 66.43 68.23 70.45 73.01 75.81 78.75 81.80 84.92 88.07 91.21 94.31 97.33 100.23 102.98 105.54 107.87 109.93 111.69 113.12 114.20 114.96 115.39 115.51 115.35 115.01 114.52 113.88 113.11 112.22 111.28 110.42 109.69 109.08 108.58 108.20 107.91 107.71 107.59 107.56 107.59 107.69 107.85 108.07 108.39 108.82 109.34 109.93
