data_processed/recharge/precip/Precip_2003_02.asc
ncols        168
nrows        136
xllcorner    455000
yllcorner    2107000
cellsize     500
NODATA_value     -99999
[rows 0 to 37 of 136, columns 0 to 83 of 168]
0.00 0.00 0.00 0.00 0.00 0.00 0.00 0.00 0.00 0.00 0.00 0.00 0.00 0.00 0.00 0.00 0.00 0.00 0.00 0.00 0.04 0.14 0.18 0.19 0.20 0.21 0.22 0.23 0.23 0.24 0.24 0.25 0.25 0.26 0.26 0.26 0.27 0.27 0.27 0.26 0.26 0.25 0.25 0.23 0.22 0.19 0.16 0.12 0.06 0.01 0.00 0.00 0.00 0.00 0.00 0.00 0.00 0.00 0.00 0.00 0.00 0.00 0.00 0.00 0.00 0.00 0.00 0.00 0.00 0.00 0.00 0.00 0.00 0.00 0.00 0.00 0.00 0.00 0.00 0.00 0.01 0.01 0.01 0.02
0.55 0.30 0.12 0.00 0.00 0.00 0.00 0.00 0.00 0.00 0.00 0.00 0.00 0.00 0.00 0.00 0.00 0.00 0.00 0.00 0.04 0.14 0.19 0.20 0.21 0.22 0.23 0.24 0.24 0.25 0.26 0.27 0.27 0.28 0.29 0.29 0.29 0.30 0.30 0.30 0.30 0.29 0.29 0.28 0.27 0.25 0.22 0.18 0.14 0.10 0.06 0.02 0.00 0.00 0.00 0.00 0.00 0.00 0.00 0.00 0.00 0.00 0.00 0.00 0.00 0.00 0.00 0.00 0.00 0.00 0.00 0.00 0.00 0.00 0.00 0.00 0.00 0.00 0.00 0.00 0.01 0.01 0.01 0.02
1.27 1.08 0.89 0.70 0.51 0.34 0.16 0.01 0.00 0.00 0.00 0.00 0.00 0.00 0.00 0.00 0.00 0.00 0.00 0.00 0.04 0.14 0.19 0.21 0.22 0.23 0.24 0.25 0.26 0.27 0.28 0.29 0.30 0.31 0.32 0.32 0.33 0.33 0.34 0.34 0.34 0.34 0.34 0.33 0.32 0.31 0.29 0.26 0.23 0.19 0.16 0.14 0.11 0.09 0.06 0.04 0.01 0.00 0.00 0.00 0.00 0.00 0.00 0.00 0.00 0.00 0.00 0.00 0.00 0.00 0.00 0.00 0.00 0.00 0.00 0.00 0.00 0.00 0.00 0.00 0.01 0.01 0.01 0.02
2.10 1.91 1.71 1.51 1.31 1.11 0.92 0.73 0.55 0.39 0.23 0.10 0.00 0.00 0.00 0.00 0.00 0.00 0.00 0.00 0.04 0.14 0.20 0.22 0.23 0.24 0.25 0.27 0.28 0.29 0.31 0.32 0.33 0.34 0.35 0.37 0.37 0.38 0.39 0.40 0.40 0.40 0.40 0.40 0.40 0.39 0.38 0.36 0.33 0.30 0.28 0.26 0.24 0.21 0.19 0.16 0.13 0.11 0.08 0.05 0.03 0.00 0.00 0.00 0.00 0.00 0.00 0.00 0.00 0.00 0.00 0.00 0.00 0.00 0.00 0.00 0.00 0.00 0.00 0.00 0.01 0.01 0.01 0.02
2.97 2.78 2.58 2.38 2.16 1.95 1.73 1.52 1.31 1.11 0.91 0.73 0.57 0.42 0.29 0.18 0.10 0.05 0.02 0.03 0.08 0.15 0.20 0.22 0.24 0.25 0.27 0.29 0.30 0.32 0.34 0.35 0.37 0.39 0.40 0.42 0.43 0.44 0.45 0.46 0.47 0.48 0.48 0.48 0.48 0.48 0.48 0.47 0.45 0.43 0.42 0.40 0.37 0.35 0.32 0.29 0.26 0.23 0.20 0.17 0.14 0.11 0.08 0.06 0.03 0.01 0.00 0.00 0.00 0.00 0.00 0.00 0.00 0.00 0.00 0.00 0.00 0.00 0.00 0.00 0.01 0.01 0.02 0.02
3.88 3.70 3.50 3.29 3.07 2.84 2.60 2.37 2.13 1.89 1.66 1.44 1.23 1.03 0.84 0.68 0.53 0.41 0.31 0.24 0.20 0.19 0.21 0.23 0.25 0.27 0.29 0.31 0.33 0.35 0.38 0.40 0.42 0.44 0.46 0.48 0.50 0.52 0.53 0.55 0.56 0.57 0.58 0.59 0.59 0.59 0.59 0.59 0.58 0.57 0.56 0.54 0.52 0.49 0.46 0.43 0.40 0.37 0.33 0.30 0.26 0.23 0.19 0.16 0.13 0.10 0.07 0.05 0.03 0.01 0.00 0.00 0.00 0.00 0.00 0.00 0.00 0.00 0.00 0.01 0.01 0.02 0.02 0.03
4.85 4.67 4.47 4.26 4.03 3.79 3.54 3.28 3.02 2.75 2.49 2.23 1.97 1.72 1.48 1.26 1.05 0.86 0.69 0.54 0.42 0.33 0.25 0.21 0.23 0.26 0.28 0.31 0.34 0.37 0.40 0.43 0.46 0.48 0.51 0.54 0.56 0.59 0.61 0.63 0.65 0.67 0.69 0.70 0.71 0.72 0.73 0.73 0.73 0.72 0.71 0.69 0.67 0.65 0.62 0.59 0.55 0.52 0.48 0.44 0.40 0.36 0.32 0.28 0.24 0.20 0.16 0.13 0.10 0.07 0.04 0.02 0.01 0.00 0.00 0.00 0.00 0.00 0.00 0.01 0.01 0.02 0.03 0.03
5.87 5.71 5.52 5.30 5.07 4.82 4.56 4.28 3.99 3.70 3.40 3.10 2.81 2.51 2.22 1.94 1.67 1.42 1.18 0.96 0.76 0.56 0.33 0.14 0.10 0.14 0.18 0.22 0.26 0.30 0.34 0.38 0.42 0.46 0.50 0.54 0.58 0.62 0.65 0.69 0.72 0.75 0.78 0.80 0.83 0.85 0.87 0.88 0.89 0.88 0.87 0.86 0.84 0.82 0.79 0.75 0.72 0.68 0.64 0.60 0.55 0.51 0.46 0.41 0.37 0.32 0.28 0.23 0.19 0.15 0.12 0.08 0.05 0.02 0.00 0.00 0.00 0.01 0.01 0.02 0.02 0.03 0.04 0.04
6.95 6.80 6.62 6.41 6.17 5.92 5.64 5.35 5.04 4.73 4.40 4.07 3.73 3.39 3.05 2.72 2.39 2.08 1.77 1.48 1.18 0.85 0.46 0.10 0.00 0.00 0.00 0.01 0.07 0.13 0.19 0.25 0.31 0.37 0.43 0.49 0.55 0.60 0.66 0.71 0.76 0.81 0.86 0.90 0.95 0.99 1.02 1.04 1.05 1.05 1.05 1.03 1.02 0.99 0.97 0.93 0.90 0.86 0.82 0.77 0.72 0.67 0.62 0.57 0.52 0.47 0.41 0.36 0.31 0.26 0.22 0.17 0.12 0.08 0.04 0.02 0.01 0.02 0.03 0.03 0.04 0.04 0.05 0.06
8.08 7.94 7.77 7.56 7.33 7.07 6.78 6.48 6.16 5.82 5.46 5.10 4.72 4.35 3.96 3.58 3.20 2.82 2.45 2.07 1.65 1.16 0.62 0.11 0.00 0.00 0.00 0.00 0.00 0.00 0.00 0.05 0.14 0.22 0.30 0.39 0.47 0.55 0.63 0.71 0.78 0.86 0.93 1.00 1.07 1.13 1.18 1.21 1.22 1.23 1.22 1.22 1.20 1.18 1.16 1.13 1.09 1.05 1.01 0.96 0.91 0.86 0.80 0.74 0.69 0.63 0.57 0.51 0.45 0.39 0.34 0.28 0.21 0.15 0.09 0.06 0.04 0.04 0.05 0.05 0.06 0.07 0.07 0.08
9.24 9.11 8.95 8.75 8.52 8.26 7.97 7.66 7.32 6.96 6.58 6.19 5.78 5.36 4.94 4.51 4.07 3.64 3.19 2.69 2.13 1.50 0.81 0.15 0.00 0.00 0.00 0.00 0.00 0.00 0.00 0.00 0.00 0.01 0.13 0.24 0.35 0.46 0.58 0.69 0.79 0.90 1.00 1.11 1.20 1.28 1.34 1.38 1.40 1.41 1.41 1.40 1.39 1.37 1.35 1.32 1.29 1.25 1.21 1.16 1.11 1.05 0.99 0.93 0.87 0.81 0.74 0.67 0.61 0.54 0.47 0.40 0.32 0.24 0.17 0.12 0.09 0.07 0.07 0.08 0.09 0.09 0.10 0.11
10.42 10.30 10.15 9.97 9.74 9.48 9.19 8.87 8.52 8.14 7.74 7.32 6.89 6.43 5.97 5.49 5.01 4.50 3.95 3.32 2.62 1.85 1.03 0.23 0.00 0.00 0.00 0.00 0.00 0.00 0.00 0.00 0.00 0.00 0.00 0.05 0.21 0.36 0.50 0.65 0.80 0.94 1.08 1.22 1.34 1.44 1.51 1.56 1.58 1.59 1.60 1.59 1.59 1.57 1.55 1.53 1.49 1.46 1.41 1.37 1.31 1.26 1.20 1.13 1.07 1.00 0.93 0.86 0.78 0.71 0.62 0.54 0.45 0.35 0.27 0.20 0.16 0.13 0.12 0.12 0.12 0.13 0.14 0.14
11.61 11.51 11.37 11.20 10.98 10.73 10.43 10.10 9.74 9.35 8.93 8.49 8.03 7.54 7.04 6.52 5.97 5.37 4.69 3.94 3.11 2.22 1.27 0.35 0.00 0.00 0.00 0.00 0.00 0.00 0.00 0.00 0.00 0.00 0.00 0.00 0.03 0.23 0.42 0.61 0.80 0.99 1.17 1.33 1.47 1.59 1.68 1.74 1.77 1.78 1.79 1.79 1.78 1.77 1.76 1.73 1.70 1.67 1.63 1.58 1.53 1.47 1.41 1.34 1.27 1.20 1.13 1.05 0.97 0.88 0.79 0.69 0.59 0.48 0.38 0.30 0.24 0.20 0.18 0.17 0.17 0.18 0.18 0.19
12.82 12.73 12.60 12.43 12.22 11.97 11.68 11.35 10.98 10.58 10.14 9.68 9.19 8.67 8.13 7.56 6.93 6.21 5.42 4.55 3.62 2.61 1.54 0.51 0.00 0.00 0.00 0.00 0.00 0.00 0.00 0.00 0.00 0.00 0.00 0.00 0.00 0.08 0.33 0.57 0.81 1.04 1.25 1.44 1.61 1.75 1.86 1.92 1.96 1.97 1.98 1.98 1.98 1.97 1.96 1.94 1.91 1.88 1.84 1.80 1.74 1.69 1.62 1.56 1.49 1.41 1.33 1.25 1.16 1.06 0.96 0.85 0.74 0.62 0.51 0.42 0.35 0.30 0.26 0.24 0.23 0.23 0.24 0.25
14.02 13.95 13.83 13.66 13.46 13.21 12.92 12.59 12.22 11.81 11.36 10.88 10.36 9.82 9.23 8.58 7.85 7.03 6.13 5.16 4.12 3.01 1.83 0.69 0.00 0.00 0.00 0.00 0.00 0.00 0.00 0.00 0.00 0.00 0.00 0.00 0.00 0.00 0.23 0.53 0.82 1.09 1.34 1.56 1.75 1.91 2.03 2.11 2.14 2.16 2.17 2.18 2.18 2.17 2.16 2.14 2.12 2.09 2.06 2.01 1.96 1.91 1.85 1.78 1.71 1.63 1.55 1.45 1.36 1.25 1.14 1.03 0.90 0.77 0.65 0.55 0.47 0.41 0.36 0.33 0.31 0.31 0.31 0.31
15.21 15.15 15.04 14.88 14.68 14.43 14.15 13.82 13.44 13.02 12.56 12.07 11.53 10.95 10.29 9.55 8.73 7.82 6.83 5.76 4.63 3.41 2.14 0.90 0.00 0.00 0.00 0.00 0.00 0.00 0.00 0.00 0.00 0.00 0.00 0.00 0.00 0.00 0.14 0.50 0.83 1.14 1.42 1.67 1.89 2.07 2.20 2.29 2.33 2.35 2.36 2.37 2.38 2.37 2.36 2.35 2.33 2.30 2.27 2.23 2.18 2.13 2.07 2.00 1.93 1.85 1.76 1.66 1.56 1.45 1.33 1.21 1.08 0.94 0.80 0.69 0.60 0.53 0.48 0.44 0.41 0.40 0.39 0.39
16.39 16.34 16.24 16.08 15.88 15.64 15.35 15.02 14.64 14.22 13.75 13.24 12.68 12.03 11.30 10.47 9.57 8.57 7.50 6.35 5.13 3.83 2.46 1.13 0.00 0.00 0.00 0.00 0.00 0.00 0.00 0.00 0.00 0.00 0.00 0.00 0.00 0.00 0.06 0.46 0.84 1.19 1.50 1.78 2.02 2.22 2.37 2.46 2.51 2.53 2.55 2.56 2.57 2.57 2.56 2.55 2.53 2.51 2.48 2.44 2.40 2.35 2.29 2.22 2.15 2.06 1.97 1.87 1.77 1.65 1.53 1.40 1.26 1.11 0.97 0.85 0.75 0.67 0.61 0.56 0.53 0.50 0.49 0.49
17.53 17.49 17.40 17.26 17.06 16.82 16.52 16.18 15.80 15.38 14.90 14.37 13.75 13.04 12.24 11.34 10.36 9.30 8.15 6.92 5.62 4.24 2.80 1.39 0.17 0.00 0.00 0.00 0.00 0.00 0.00 0.00 0.00 0.00 0.00 0.00 0.00 0.00 0.00 0.42 0.84 1.23 1.58 1.89 2.15 2.37 2.53 2.64 2.69 2.71 2.74 2.75 2.76 2.76 2.76 2.75 2.73 2.71 2.68 2.65 2.61 2.56 2.50 2.44 2.36 2.28 2.19 2.08 1.97 1.85 1.72 1.59 1.44 1.29 1.14 1.01 0.90 0.82 0.75 0.70 0.66 0.63 0.61 0.60
18.64 18.61 18.53 18.39 18.20 17.95 17.66 17.31 16.93 16.49 16.00 15.43 14.75 13.98 13.12 12.16 11.12 9.99 8.77 7.48 6.11 4.66 3.15 1.67 0.38 0.00 0.00 0.00 0.00 0.00 0.00 0.00 0.00 0.00 0.00 0.00 0.00 0.00 0.00 0.37 0.84 1.26 1.65 1.99 2.28 2.51 2.69 2.80 2.86 2.89 2.92 2.93 2.95 2.95 2.95 2.94 2.93 2.91 2.88 2.85 2.81 2.77 2.71 2.65 2.57 2.49 2.40 2.29 2.18 2.06 1.92 1.78 1.63 1.47 1.31 1.18 1.07 0.98 0.90 0.84 0.80 0.77 0.74 0.73
19.70 19.68 19.61 19.48 19.29 19.05 18.75 18.40 18.00 17.54 17.01 16.39 15.66 14.84 13.93 12.92 11.82 10.64 9.37 8.02 6.59 5.08 3.50 1.96 0.62 0.00 0.00 0.00 0.00 0.00 0.00 0.00 0.00 0.00 0.00 0.00 0.00 0.00 0.00 0.32 0.83 1.29 1.71 2.08 2.39 2.65 2.84 2.96 3.02 3.06 3.09 3.11 3.12 3.13 3.13 3.13 3.11 3.10 3.07 3.04 3.01 2.96 2.91 2.85 2.78 2.69 2.60 2.50 2.38 2.26 2.12 1.98 1.82 1.66 1.49 1.36 1.24 1.14 1.06 1.00 0.95 0.92 0.89 0.87
20.70 20.70 20.64 20.51 20.33 20.08 19.78 19.43 19.01 18.51 17.93 17.25 16.49 15.62 14.67 13.61 12.47 11.24 9.93 8.53 7.05 5.49 3.86 2.27 0.88 0.00 0.00 0.00 0.00 0.00 0.00 0.00 0.00 0.00 0.00 0.00 0.00 0.00 0.00 0.25 0.81 1.31 1.77 2.16 2.50 2.77 2.98 3.11 3.18 3.22 3.25 3.27 3.29 3.30 3.31 3.30 3.29 3.28 3.25 3.23 3.19 3.15 3.10 3.04 2.97 2.89 2.80 2.69 2.58 2.45 2.32 2.17 2.01 1.84 1.68 1.53 1.41 1.31 1.23 1.17 1.12 1.08 1.05 1.03
21.64 21.65 21.60 21.48 21.30 21.05 20.75 20.38 19.93 19.38 18.75 18.03 17.22 16.32 15.33 14.25 13.07 11.81 10.45 9.01 7.49 5.90 4.22 2.59 1.16 0.00 0.00 0.00 0.00 0.00 0.00 0.00 0.00 0.00 0.00 0.00 0.00 0.00 0.00 0.18 0.78 1.32 1.81 2.24 2.60 2.89 3.11 3.25 3.32 3.37 3.40 3.43 3.45 3.46 3.47 3.47 3.46 3.45 3.43 3.40 3.37 3.32 3.28 3.22 3.15 3.08 2.99 2.88 2.77 2.65 2.51 2.36 2.20 2.03 1.86 1.72 1.59 1.49 1.41 1.34 1.29 1.25 1.22 1.20
22.51 22.53 22.49 22.38 22.20 21.95 21.64 21.24 20.74 20.16 19.48 18.72 17.88 16.94 15.93 14.82 13.62 12.32 10.94 9.47 7.92 6.29 4.58 2.92 1.45 0.21 0.00 0.00 0.00 0.00 0.00 0.00 0.00 0.00 0.00 0.00 0.00 0.00 0.00 0.10 0.74 1.32 1.84 2.30 2.68 3.00 3.23 3.38 3.46 3.50 3.54 3.57 3.60 3.61 3.62 3.62 3.62 3.61 3.59 3.56 3.53 3.49 3.44 3.39 3.32 3.25 3.16 3.06 2.95 2.83 2.69 2.55 2.38 2.21 2.04 1.90 1.77 1.67 1.58 1.52 1.46 1.42 1.39 1.36
23.29 23.33 23.30 23.19 23.01 22.76 22.42 21.99 21.46 20.84 20.13 19.34 18.45 17.49 16.45 15.32 14.10 12.79 11.39 9.90 8.33 6.67 4.94 3.25 1.77 0.51 0.00 0.00 0.00 0.00 0.00 0.00 0.00 0.00 0.00 0.00 0.00 0.00 0.00 0.04 0.68 1.31 1.86 2.35 2.76 3.09 3.34 3.50 3.58 3.63 3.67 3.70 3.73 3.75 3.76 3.77 3.76 3.75 3.74 3.71 3.68 3.64 3.60 3.54 3.48 3.41 3.33 3.23 3.13 3.01 2.87 2.72 2.56 2.39 2.22 2.07 1.95 1.85 1.76 1.69 1.64 1.60 1.56 1.51
23.99 24.04 24.01 23.91 23.73 23.46 23.09 22.63 22.07 21.43 20.69 19.87 18.96 17.97 16.90 15.75 14.52 13.20 11.79 10.29 8.71 7.04 5.30 3.59 2.09 0.83 0.00 0.00 0.00 0.00 0.00 0.00 0.00 0.00 0.00 0.00 0.00 0.00 0.00 0.04 0.65 1.28 1.87 2.38 2.82 3.17 3.43 3.60 3.69 3.74 3.78 3.82 3.85 3.87 3.89 3.89 3.89 3.89 3.87 3.85 3.82 3.79 3.74 3.69 3.63 3.56 3.48 3.39 3.29 3.17 3.04 2.89 2.74 2.56 2.39 2.25 2.13 2.02 1.94 1.87 1.82 1.77 1.71 1.64
24.58 24.65 24.63 24.53 24.34 24.04 23.65 23.17 22.59 21.92 21.16 20.32 19.39 18.38 17.30 16.13 14.89 13.56 12.15 10.65 9.06 7.39 5.64 3.93 2.43 1.16 0.11 0.00 0.00 0.00 0.00 0.00 0.00 0.00 0.00 0.00 0.00 0.00 0.00 0.10 0.68 1.27 1.86 2.40 2.86 3.23 3.51 3.69 3.78 3.83 3.88 3.92 3.96 3.98 4.00 4.01 4.01 4.01 4.00 3.98 3.95 3.92 3.88 3.82 3.77 3.70 3.62 3.53 3.43 3.32 3.20 3.05 2.90 2.73 2.56 2.42 2.30 2.20 2.12 2.05 1.99 1.92 1.84 1.75
25.07 25.15 25.13 25.02 24.81 24.51 24.10 23.60 23.01 22.32 21.55 20.70 19.76 18.73 17.63 16.45 15.20 13.87 12.46 10.97 9.39 7.72 5.98 4.27 2.78 1.52 0.48 0.00 0.00 0.00 0.00 0.00 0.00 0.00 0.00 0.00 0.00 0.00 0.00 0.22 0.75 1.31 1.86 2.40 2.88 3.27 3.57 3.76 3.85 3.91 3.96 4.01 4.04 4.07 4.09 4.11 4.11 4.11 4.10 4.09 4.07 4.03 3.99 3.95 3.89 3.82 3.75 3.66 3.57 3.46 3.34 3.20 3.05 2.88 2.72 2.58 2.46 2.36 2.29 2.21 2.13 2.04 1.94 1.84
25.44 25.52 25.51 25.39 25.17 24.85 24.44 23.93 23.33 22.64 21.86 20.99 20.05 19.02 17.91 16.72 15.46 14.13 12.73 11.25 9.68 8.03 6.30 4.60 3.13 1.88 0.87 0.05 0.00 0.00 0.00 0.00 0.00 0.00 0.00 0.00 0.00 0.00 0.00 0.38 0.88 1.39 1.91 2.41 2.89 3.30 3.61 3.81 3.91 3.97 4.03 4.07 4.11 4.14 4.17 4.19 4.20 4.20 4.20 4.19 4.17 4.14 4.10 4.05 4.00 3.94 3.86 3.78 3.69 3.58 3.47 3.34 3.19 3.03 2.87 2.73 2.62 2.52 2.44 2.34 2.24 2.13 2.02 1.90
25.68 25.76 25.74 25.62 25.40 25.08 24.66 24.15 23.55 22.86 22.08 21.22 20.27 19.24 18.13 16.95 15.69 14.36 12.95 11.48 9.94 8.31 6.60 4.93 3.48 2.26 1.26 0.44 0.00 0.00 0.00 0.00 0.00 0.00 0.00 0.00 0.00 0.00 0.13 0.57 1.04 1.51 1.99 2.46 2.91 3.31 3.63 3.84 3.94 4.01 4.07 4.12 4.16 4.20 4.23 4.25 4.27 4.27 4.27 4.27 4.25 4.22 4.19 4.15 4.10 4.03 3.96 3.88 3.79 3.69 3.58 3.45 3.31 3.16 3.00 2.87 2.76 2.66 2.55 2.44 2.32 2.19 2.06 1.93
25.78 25.86 25.85 25.73 25.51 25.20 24.78 24.28 23.68 23.00 22.22 21.36 20.42 19.40 18.30 17.12 15.87 14.55 13.15 11.69 10.16 8.56 6.89 5.25 3.83 2.63 1.63 0.82 0.17 0.00 0.00 0.00 0.00 0.00 0.00 0.00 0.00 0.00 0.36 0.78 1.22 1.67 2.11 2.54 2.95 3.32 3.63 3.84 3.96 4.03 4.09 4.14 4.19 4.24 4.27 4.30 4.32 4.33 4.33 4.33 4.32 4.30 4.27 4.23 4.18 4.12 4.05 3.97 3.88 3.79 3.68 3.56 3.42 3.27 3.12 3.00 2.88 2.76 2.63 2.49 2.36 2.21 2.07 1.93
25.73 25.82 25.82 25.71 25.50 25.20 24.80 24.30 23.72 23.04 22.28 21.44 20.51 19.50 18.41 17.25 16.01 14.71 13.33 11.88 10.37 8.79 7.15 5.55 4.16 2.97 1.98 1.17 0.52 0.04 0.00 0.00 0.00 0.00 0.00 0.00 0.00 0.25 0.61 1.00 1.41 1.83 2.25 2.65 3.02 3.35 3.62 3.83 3.95 4.02 4.09 4.15 4.21 4.25 4.29 4.33 4.35 4.37 4.38 4.38 4.37 4.35 4.33 4.29 4.24 4.19 4.12 4.05 3.96 3.87 3.76 3.64 3.51 3.37 3.23 3.09 2.95 2.81 2.66 2.51 2.35 2.20 2.05 1.89
25.54 25.65 25.66 25.57 25.38 25.09 24.71 24.23 23.66 23.01 22.26 21.44 20.53 19.54 18.47 17.33 16.11 14.83 13.47 12.04 10.55 9.00 7.39 5.82 4.44 3.27 2.29 1.48 0.85 0.36 0.01 0.00 0.00 0.00 0.00 0.00 0.21 0.51 0.85 1.22 1.61 2.00 2.39 2.76 3.10 3.40 3.64 3.81 3.91 3.99 4.07 4.14 4.20 4.25 4.30 4.33 4.36 4.39 4.40 4.41 4.40 4.39 4.37 4.34 4.29 4.24 4.18 4.11 4.03 3.94 3.83 3.72 3.59 3.45 3.30 3.14 2.98 2.82 2.65 2.48 2.31 2.15 1.98 1.82
25.25 25.38 25.41 25.34 25.16 24.89 24.53 24.07 23.52 22.89 22.16 21.36 20.47 19.50 18.45 17.33 16.14 14.87 13.53 12.13 10.66 9.13 7.56 6.04 4.69 3.53 2.55 1.76 1.12 0.64 0.29 0.08 0.00 0.00 0.06 0.22 0.45 0.73 1.06 1.41 1.77 2.14 2.50 2.84 3.15 3.41 3.62 3.76 3.85 3.93 4.01 4.09 4.16 4.22 4.27 4.32 4.35 4.38 4.40 4.41 4.41 4.41 4.39 4.36 4.33 4.28 4.22 4.16 4.08 3.99 3.89 3.78 3.65 3.51 3.35 3.17 2.99 2.81 2.62 2.44 2.26 2.08 1.90 1.73
24.91 25.05 25.09 25.03 24.87 24.62 24.27 23.83 23.30 22.68 21.97 21.18 20.31 19.36 18.33 17.23 16.05 14.80 13.49 12.10 10.66 9.17 7.66 6.19 4.88 3.73 2.77 1.98 1.35 0.87 0.53 0.31 0.20 0.19 0.27 0.42 0.64 0.91 1.21 1.54 1.88 2.23 2.56 2.87 3.15 3.38 3.55 3.68 3.76 3.84 3.93 4.01 4.09 4.15 4.22 4.27 4.31 4.35 4.38 4.39 4.40 4.40 4.39 4.37 4.34 4.30 4.25 4.19 4.12 4.03 3.94 3.83 3.71 3.56 3.39 3.20 3.00 2.80 2.60 2.40 2.20 2.01 1.82 1.64
24.48 24.64 24.70 24.65 24.50 24.26 23.92 23.50 22.98 22.37 21.68 20.91 20.05 19.11 18.10 17.02 15.86 14.62 13.33 11.96 10.56 9.13 7.68 6.27 5.01 3.90 2.95 2.17 1.54 1.07 0.72 0.50 0.39 0.37 0.44 0.58 0.78 1.03 1.32 1.63 1.95 2.27 2.57 2.85 3.09 3.29 3.45 3.57 3.65 3.72 3.81 3.90 3.98 4.06 4.13 4.19 4.25 4.29 4.33 4.35 4.37 4.38 4.38 4.36 4.34 4.31 4.27 4.21 4.15 4.07 3.98 3.87 3.74 3.59 3.42 3.22 3.01 2.79 2.57 2.35 2.14 1.94 1.74 1.54
23.94 24.15 24.22 24.18 24.04 23.81 23.49 23.07 22.56 21.97 21.29 20.53 19.68 18.76 17.76 16.69 15.54 14.32 13.04 11.72 10.38 9.03 7.64 6.29 5.07 4.01 3.09 2.32 1.70 1.22 0.87 0.65 0.53 0.51 0.57 0.70 0.88 1.11 1.38 1.67 1.96 2.26 2.53 2.78 3.00 3.18 3.33 3.45 3.52 3.59 3.67 3.76 3.85 3.94 4.02 4.09 4.16 4.21 4.26 4.29 4.32 4.34 4.35 4.34 4.33 4.31 4.27 4.22 4.17 4.10 4.01 3.90 3.77 3.61 3.43 3.23 3.02 2.78 2.55 2.31 2.09 1.87 1.66 1.45
23.24 23.54 23.65 23.62 23.49 23.27 22.95 22.54 22.04 21.46 20.79 20.03 19.20 18.29 17.30 16.23 15.10 13.90 12.66 11.41 10.14 8.85 7.53 6.24 5.08 4.06 3.18 2.43 1.82 1.34 0.99 0.76 0.64 0.61 0.66 0.77 0.94 1.16 1.40 1.67 1.94 2.21 2.45 2.68 2.88 3.05 3.20 3.30 3.37 3.43 3.51 3.60 3.70 3.79 3.89 3.97 4.05 4.11 4.17 4.22 4.26 4.28 4.30 4.31 4.31 4.29 4.27 4.23 4.18 4.12 4.02 3.91 3.77 3.61 3.43 3.23 3.01 2.77 2.53 2.28 2.03 1.80 1.58 1.36
22.39 22.77 22.95 22.96 22.84 22.62 22.31 21.90 21.41 20.83 20.17 19.42 18.59 17.69 16.71 15.65 14.53 13.37 12.21 11.03 9.84 8.62 7.36 6.13 5.03 4.05 3.21 2.50 1.90 1.43 1.08 0.85 0.72 0.67 0.71 0.81 0.97 1.17 1.39 1.63 1.88 2.12 2.34 2.55 2.74 2.91 3.04 3.14 3.20 3.27 3.34 3.43 3.53 3.63 3.73 3.83 3.92 4.00 4.07 4.13 4.18 4.22 4.25 4.27 4.27 4.27 4.26 4.23 4.19 4.12 4.02 3.91 3.77 3.60 3.42 3.21 2.99 2.75 2.50 2.24 1.99 1.74 1.50 1.28
