data_processed/recharge/precip/Precip_1992_04.asc
ncols        168
nrows        136
xllcorner    455000
yllcorner    2107000
cellsize     500
NODATA_value     -99999
[rows 0 to 33 of 136, columns 0 to 76 of 168]
39.60 39.22 38.73 38.14 37.47 36.72 35.91 35.03 34.10 33.12 32.11 31.06 30.00 28.92 27.84 26.76 25.69 24.65 23.62 22.64 21.70 20.80 19.99 19.28 18.72 18.30 18.01 17.82 17.72 17.69 17.73 17.83 17.98 18.19 18.43 18.70 19.00 19.32 19.65 19.98 20.30 20.61 20.91 21.17 21.40 21.59 21.74 21.82 21.85 21.85 21.82 21.81 21.82 21.85 21.91 21.98 22.09 22.20 22.34 22.49 22.65 22.82 23.00 23.19 23.38 23.57 23.75 23.94 24.12 24.29 24.45 24.60 24.73 24.85 24.94 24.99 24.97
37.89 37.54 37.09 36.54 35.91 35.20 34.43 33.58 32.69 31.75 30.77 29.77 28.74 27.70 26.65 25.61 24.57 23.56 22.57 21.61 20.70 19.86 19.12 18.51 18.03 17.68 17.46 17.36 17.35 17.40 17.52 17.69 17.90 18.16 18.45 18.76 19.09 19.43 19.77 20.11 20.44 20.74 21.02 21.27 21.47 21.63 21.72 21.77 21.77 21.76 21.73 21.72 21.71 21.73 21.78 21.85 21.95 22.06 22.20 22.35 22.52 22.70 22.90 23.10 23.31 23.52 23.73 23.94 24.15 24.36 24.56 24.74 24.92 25.08 25.20 25.26 25.26
36.22 35.88 35.47 34.97 34.38 33.71 32.98 32.18 31.32 30.43 29.49 28.52 27.53 26.53 25.52 24.51 23.52 22.54 21.59 20.67 19.81 19.05 18.41 17.89 17.48 17.19 17.03 16.98 17.04 17.17 17.35 17.58 17.85 18.15 18.47 18.81 19.16 19.52 19.87 20.20 20.52 20.81 21.07 21.28 21.45 21.55 21.61 21.63 21.63 21.61 21.57 21.55 21.54 21.55 21.59 21.65 21.73 21.85 21.98 22.14 22.31 22.50 22.71 22.92 23.14 23.38 23.61 23.85 24.09 24.33 24.56 24.78 25.00 25.18 25.31 25.39 25.40
34.61 34.27 33.87 33.41 32.87 32.25 31.56 30.81 30.00 29.14 28.25 27.33 26.38 25.42 24.45 23.49 22.53 21.59 20.68 19.82 19.05 18.40 17.85 17.41 17.07 16.84 16.72 16.71 16.80 16.98 17.22 17.50 17.81 18.14 18.49 18.85 19.22 19.57 19.92 20.25 20.54 20.81 21.03 21.20 21.32 21.38 21.41 21.42 21.41 21.38 21.34 21.31 21.29 21.30 21.33 21.38 21.46 21.56 21.69 21.85 22.03 22.22 22.43 22.66 22.90 23.15 23.40 23.66 23.93 24.19 24.46 24.72 24.95 25.14 25.28 25.38 25.41
33.06 32.72 32.32 31.88 31.39 30.82 30.18 29.47 28.71 27.90 27.06 26.18 25.28 24.37 23.44 22.52 21.61 20.72 19.87 19.10 18.44 17.89 17.43 17.06 16.78 16.60 16.52 16.54 16.65 16.85 17.12 17.44 17.78 18.14 18.51 18.88 19.24 19.59 19.93 20.23 20.50 20.73 20.91 21.03 21.10 21.14 21.15 21.16 21.14 21.10 21.05 21.00 20.98 20.98 21.01 21.05 21.12 21.21 21.34 21.49 21.67 21.87 22.08 22.32 22.57 22.83 23.11 23.39 23.68 23.97 24.26 24.54 24.77 24.97 25.13 25.24 25.29
31.58 31.24 30.84 30.41 29.94 29.41 28.82 28.17 27.46 26.71 25.91 25.08 24.23 23.37 22.50 21.63 20.76 19.93 19.18 18.53 17.98 17.51 17.13 16.84 16.62 16.48 16.43 16.47 16.59 16.79 17.06 17.40 17.76 18.14 18.51 18.88 19.24 19.57 19.88 20.16 20.39 20.58 20.70 20.77 20.81 20.84 20.85 20.84 20.81 20.76 20.69 20.64 20.61 20.60 20.62 20.66 20.72 20.81 20.93 21.07 21.25 21.44 21.66 21.91 22.17 22.44 22.73 23.03 23.34 23.66 23.96 24.24 24.48 24.69 24.85 24.98 25.05
30.17 29.82 29.43 29.00 28.54 28.04 27.50 26.90 26.25 25.55 24.81 24.04 23.24 22.43 21.61 20.79 19.99 19.27 18.64 18.10 17.64 17.27 16.96 16.73 16.56 16.47 16.45 16.50 16.62 16.80 17.06 17.38 17.75 18.12 18.50 18.86 19.20 19.51 19.78 20.02 20.20 20.33 20.41 20.45 20.48 20.49 20.49 20.47 20.43 20.36 20.29 20.23 20.19 20.17 20.18 20.21 20.27 20.35 20.46 20.59 20.76 20.96 21.18 21.43 21.69 21.98 22.28 22.60 22.93 23.25 23.55 23.83 24.08 24.29 24.47 24.61 24.71
28.83 28.48 28.09 27.67 27.21 26.72 26.21 25.67 25.08 24.43 23.75 23.04 22.30 21.54 20.78 20.03 19.35 18.75 18.24 17.80 17.44 17.14 16.90 16.73 16.61 16.55 16.55 16.61 16.72 16.90 17.12 17.40 17.74 18.10 18.46 18.80 19.11 19.39 19.62 19.81 19.94 20.01 20.05 20.08 20.10 20.10 20.08 20.05 20.00 19.92 19.83 19.76 19.71 19.68 19.68 19.71 19.76 19.83 19.93 20.06 20.22 20.42 20.64 20.89 21.16 21.45 21.77 22.09 22.42 22.74 23.04 23.32 23.58 23.81 24.00 24.15 24.27
27.57 27.22 26.83 26.41 25.96 25.48 24.99 24.48 23.94 23.36 22.74 22.08 21.41 20.71 20.02 19.39 18.84 18.37 17.96 17.62 17.34 17.12 16.95 16.83 16.75 16.72 16.73 16.80 16.90 17.05 17.25 17.48 17.76 18.07 18.40 18.71 18.98 19.21 19.40 19.52 19.59 19.64 19.67 19.68 19.68 19.67 19.64 19.59 19.53 19.44 19.34 19.25 19.18 19.15 19.14 19.15 19.19 19.26 19.36 19.48 19.64 19.82 20.04 20.29 20.56 20.86 21.18 21.51 21.83 22.15 22.45 22.73 22.99 23.23 23.44 23.61 23.74
26.38 26.03 25.64 25.22 24.78 24.32 23.84 23.35 22.85 22.32 21.77 21.18 20.56 19.95 19.39 18.89 18.47 18.11 17.81 17.56 17.36 17.21 17.10 17.02 16.97 16.97 16.99 17.05 17.15 17.27 17.42 17.61 17.82 18.05 18.31 18.57 18.80 18.98 19.10 19.17 19.20 19.23 19.25 19.25 19.24 19.21 19.17 19.10 19.02 18.92 18.80 18.69 18.62 18.57 18.55 18.55 18.59 18.65 18.74 18.86 19.01 19.18 19.40 19.64 19.91 20.21 20.53 20.85 21.16 21.47 21.77 22.06 22.33 22.58 22.80 22.99 23.14
25.27 24.92 24.53 24.12 23.69 23.24 22.77 22.30 21.82 21.33 20.84 20.32 19.79 19.30 18.88 18.52 18.22 17.97 17.77 17.60 17.48 17.39 17.33 17.30 17.28 17.29 17.32 17.37 17.44 17.53 17.64 17.77 17.91 18.06 18.22 18.40 18.56 18.67 18.73 18.77 18.79 18.80 18.80 18.79 18.76 18.72 18.66 18.58 18.48 18.36 18.23 18.11 18.02 17.95 17.92 17.91 17.94 17.99 18.07 18.19 18.33 18.50 18.71 18.95 19.22 19.51 19.81 20.12 20.43 20.73 21.04 21.33 21.60 21.86 22.10 22.31 22.48
24.25 23.89 23.51 23.10 22.68 22.24 21.79 21.33 20.87 20.41 19.96 19.52 19.13 18.79 18.51 18.27 18.09 17.94 17.83 17.75 17.69 17.66 17.65 17.65 17.65 17.67 17.70 17.74 17.79 17.84 17.90 17.96 18.02 18.09 18.15 18.21 18.27 18.31 18.33 18.35 18.36 18.35 18.34 18.31 18.26 18.20 18.13 18.03 17.91 17.78 17.62 17.49 17.38 17.30 17.26 17.24 17.25 17.30 17.37 17.48 17.61 17.78 17.98 18.21 18.47 18.74 19.03 19.33 19.63 19.94 20.24 20.54 20.82 21.09 21.34 21.57 21.77
23.31 22.95 22.57 22.17 21.75 21.32 20.89 20.45 20.01 19.57 19.17 18.84 18.59 18.40 18.25 18.14 18.06 18.01 17.98 17.98 17.99 18.01 18.04 18.06 18.09 18.11 18.14 18.16 18.17 18.18 18.18 18.17 18.15 18.12 18.08 18.02 17.96 17.92 17.92 17.92 17.91 17.89 17.85 17.81 17.75 17.67 17.57 17.46 17.32 17.17 17.00 16.84 16.72 16.63 16.57 16.54 16.54 16.57 16.63 16.73 16.86 17.02 17.21 17.43 17.67 17.93 18.20 18.49 18.79 19.10 19.40 19.70 20.00 20.28 20.55 20.79 21.01
22.46 22.10 21.72 21.32 20.92 20.50 20.08 19.65 19.24 18.84 18.53 18.32 18.19 18.13 18.10 18.11 18.13 18.17 18.23 18.29 18.36 18.43 18.49 18.54 18.58 18.60 18.61 18.61 18.58 18.54 18.48 18.40 18.29 18.16 18.01 17.84 17.68 17.57 17.51 17.48 17.45 17.41 17.36 17.30 17.22 17.12 17.00 16.87 16.72 16.54 16.35 16.18 16.03 15.93 15.85 15.80 15.79 15.81 15.87 15.95 16.07 16.23 16.41 16.61 16.83 17.08 17.34 17.63 17.92 18.22 18.53 18.84 19.14 19.43 19.72 19.98 20.23
21.69 21.34 20.96 20.57 20.17 19.76 19.36 18.95 18.57 18.27 18.07 17.96 17.93 17.97 18.06 18.17 18.30 18.42 18.56 18.68 18.80 18.91 19.00 19.07 19.11 19.13 19.12 19.09 19.02 18.92 18.79 18.63 18.43 18.20 17.93 17.68 17.46 17.28 17.14 17.05 16.99 16.93 16.86 16.78 16.68 16.56 16.42 16.27 16.09 15.90 15.68 15.49 15.33 15.21 15.11 15.05 15.02 15.03 15.07 15.15 15.26 15.40 15.56 15.76 15.97 16.20 16.46 16.73 17.02 17.32 17.63 17.94 18.26 18.56 18.86 19.15 19.42
21.03 20.67 20.29 19.91 19.52 19.12 18.73 18.36 18.07 17.88 17.78 17.76 17.82 17.94 18.12 18.33 18.54 18.75 18.95 19.14 19.30 19.45 19.56 19.64 19.69 19.69 19.66 19.59 19.47 19.31 19.11 18.86 18.56 18.22 17.89 17.57 17.29 17.04 16.83 16.66 16.54 16.45 16.36 16.25 16.13 15.99 15.84 15.66 15.46 15.24 15.01 14.80 14.62 14.47 14.36 14.28 14.24 14.23 14.26 14.32 14.42 14.55 14.70 14.88 15.08 15.31 15.55 15.82 16.11 16.41 16.72 17.04 17.36 17.68 18.00 18.31 18.60
20.45 20.09 19.72 19.35 18.96 18.58 18.22 17.94 17.76 17.67 17.66 17.73 17.86 18.05 18.29 18.57 18.86 19.15 19.41 19.65 19.86 20.03 20.16 20.25 20.29 20.28 20.21 20.10 19.93 19.70 19.42 19.08 18.68 18.28 17.89 17.52 17.18 16.87 16.58 16.34 16.14 15.98 15.86 15.73 15.59 15.43 15.25 15.05 14.83 14.59 14.33 14.09 13.89 13.73 13.59 13.50 13.44 13.42 13.43 13.48 13.56 13.68 13.82 13.99 14.18 14.40 14.65 14.91 15.19 15.49 15.81 16.14 16.47 16.80 17.14 17.47 17.78
19.98 19.62 19.25 18.88 18.51 18.15 17.88 17.71 17.63 17.63 17.70 17.84 18.04 18.29 18.58 18.91 19.26 19.61 19.93 20.21 20.45 20.65 20.79 20.88 20.91 20.87 20.78 20.61 20.38 20.08 19.71 19.28 18.83 18.39 17.95 17.53 17.13 16.75 16.40 16.09 15.81 15.57 15.38 15.22 15.05 14.87 14.66 14.44 14.20 13.93 13.65 13.39 13.16 12.98 12.83 12.71 12.64 12.60 12.59 12.63 12.70 12.80 12.93 13.09 13.28 13.50 13.74 14.00 14.28 14.58 14.90 15.24 15.58 15.93 16.28 16.63 16.97
19.61 19.25 18.88 18.52 18.17 17.90 17.74 17.66 17.67 17.75 17.90 18.11 18.37 18.67 19.00 19.36 19.74 20.12 20.49 20.81 21.09 21.30 21.45 21.53 21.54 21.48 21.34 21.12 20.82 20.45 20.00 19.52 19.03 18.55 18.07 17.60 17.14 16.70 16.29 15.90 15.55 15.23 14.96 14.72 14.52 14.31 14.09 13.84 13.57 13.27 12.97 12.68 12.44 12.23 12.05 11.92 11.83 11.77 11.75 11.78 11.83 11.93 12.05 12.21 12.39 12.60 12.84 13.10 13.39 13.69 14.02 14.36 14.72 15.08 15.45 15.82 16.19
19.34 18.98 18.62 18.28 18.01 17.85 17.78 17.79 17.88 18.04 18.25 18.52 18.83 19.17 19.54 19.92 20.31 20.71 21.10 21.45 21.74 21.97 22.12 22.19 22.18 22.08 21.90 21.62 21.25 20.80 20.31 19.80 19.28 18.76 18.24 17.72 17.21 16.72 16.24 15.79 15.36 14.97 14.61 14.29 14.02 13.77 13.52 13.25 12.95 12.63 12.29 11.98 11.71 11.48 11.29 11.13 11.02 10.95 10.92 10.93 10.98 11.07 11.18 11.34 11.52 11.73 11.97 12.23 12.52 12.83 13.16 13.51 13.88 14.26 14.65 15.04 15.44
19.17 18.82 18.48 18.22 18.06 17.99 18.01 18.10 18.26 18.48 18.75 19.07 19.41 19.79 20.18 20.58 20.99 21.38 21.76 22.12 22.42 22.65 22.80 22.86 22.82 22.68 22.44 22.09 21.66 21.17 20.66 20.13 19.58 19.03 18.47 17.91 17.35 16.80 16.27 15.75 15.26 14.79 14.35 13.95 13.58 13.26 12.97 12.67 12.35 12.00 11.64 11.30 11.00 10.74 10.53 10.35 10.23 10.15 10.11 10.11 10.15 10.23 10.34 10.49 10.67 10.88 11.13 11.39 11.69 12.01 12.35 12.71 13.09 13.48 13.89 14.31 14.73
19.12 18.78 18.52 18.36 18.30 18.32 18.41 18.58 18.80 19.08 19.39 19.75 20.13 20.53 20.93 21.34 21.74 22.13 22.50 22.83 23.12 23.34 23.48 23.51 23.44 23.25 22.96 22.55 22.09 21.59 21.06 20.51 19.94 19.36 18.76 18.16 17.56 16.96 16.37 15.79 15.22 14.68 14.17 13.68 13.23 12.82 12.46 12.11 11.76 11.39 10.99 10.63 10.30 10.02 9.79 9.60 9.46 9.37 9.32 9.31 9.35 9.42 9.54 9.68 9.87 10.08 10.33 10.60 10.90 11.23 11.58 11.95 12.35 12.76 13.19 13.63 14.07
19.20 18.94 18.78 18.71 18.73 18.83 18.99 19.22 19.50 19.82 20.18 20.56 20.96 21.37 21.79 22.19 22.59 22.96 23.29 23.59 23.84 24.04 24.15 24.15 24.04 23.80 23.45 23.03 22.56 22.06 21.52 20.95 20.36 19.74 19.11 18.48 17.83 17.18 16.54 15.90 15.27 14.66 14.07 13.51 12.98 12.48 12.01 11.60 11.20 10.79 10.37 9.98 9.63 9.33 9.08 8.88 8.73 8.63 8.57 8.56 8.59 8.66 8.77 8.92 9.11 9.33 9.58 9.86 10.17 10.51 10.87 11.26 11.67 12.09 12.54 13.01 13.48
19.47 19.31 19.24 19.26 19.36 19.52 19.75 20.02 20.35 20.70 21.09 21.49 21.91 22.32 22.74 23.13 23.51 23.85 24.15 24.41 24.61 24.75 24.81 24.77 24.62 24.33 23.97 23.55 23.08 22.57 22.02 21.44 20.83 20.19 19.53 18.86 18.17 17.48 16.78 16.09 15.40 14.73 14.07 13.43 12.81 12.22 11.67 11.15 10.68 10.23 9.78 9.36 8.99 8.67 8.41 8.20 8.04 7.93 7.87 7.86 7.88 7.96 8.07 8.22 8.41 8.63 8.89 9.18 9.50 9.85 10.23 10.63 11.06 11.51 11.97 12.46 12.96
19.96 19.89 19.90 20.00 20.16 20.38 20.66 20.98 21.34 21.72 22.13 22.55 22.96 23.38 23.78 24.15 24.50 24.81 25.07 25.27 25.41 25.48 25.47 25.37 25.16 24.88 24.52 24.11 23.65 23.14 22.58 21.99 21.36 20.70 20.02 19.31 18.59 17.85 17.11 16.36 15.61 14.88 14.15 13.43 12.74 12.07 11.43 10.82 10.24 9.71 9.22 8.77 8.39 8.06 7.79 7.57 7.41 7.29 7.23 7.21 7.24 7.31 7.42 7.58 7.77 8.01 8.27 8.57 8.91 9.27 9.66 10.08 10.53 11.00 11.49 12.00 12.53
20.56 20.58 20.67 20.83 21.05 21.33 21.65 22.01 22.39 22.80 23.22 23.64 24.05 24.45 24.83 25.18 25.50 25.76 25.97 26.12 26.19 26.18 26.09 25.91 25.70 25.43 25.10 24.70 24.25 23.74 23.18 22.58 21.94 21.26 20.55 19.82 19.06 18.29 17.50 16.71 15.91 15.11 14.32 13.54 12.77 12.02 11.29 10.59 9.93 9.29 8.69 8.21 7.81 7.48 7.20 6.97 6.80 6.69 6.62 6.60 6.64 6.71 6.83 6.99 7.20 7.44 7.72 8.03 8.38 8.76 9.18 9.62 10.08 10.58 11.09 11.63 12.17
21.13 21.22 21.38 21.61 21.89 22.21 22.57 22.96 23.37 23.79 24.22 24.64 25.05 25.44 25.79 26.11 26.38 26.60 26.76 26.84 26.84 26.76 26.59 26.40 26.20 25.96 25.65 25.27 24.83 24.33 23.78 23.18 22.53 21.85 21.12 20.37 19.59 18.78 17.96 17.12 16.28 15.43 14.58 13.73 12.90 12.08 11.27 10.49 9.73 8.97 8.22 7.63 7.21 6.86 6.58 6.36 6.19 6.07 6.01 6.00 6.04 6.12 6.26 6.43 6.65 6.90 7.20 7.54 7.90 8.31 8.74 9.21 9.70 10.22 10.77 11.32 11.88
21.64 21.80 22.03 22.32 22.65 23.02 23.42 23.83 24.26 24.70 25.13 25.55 25.94 26.31 26.64 26.93 27.16 27.32 27.42 27.44 27.37 27.21 27.03 26.85 26.66 26.44 26.15 25.80 25.38 24.90 24.37 23.77 23.13 22.44 21.71 20.94 20.14 19.31 18.46 17.59 16.71 15.81 14.92 14.02 13.12 12.24 11.36 10.50 9.63 8.73 7.85 7.11 6.58 6.22 5.94 5.72 5.56 5.45 5.40 5.40 5.45 5.55 5.69 5.89 6.12 6.40 6.72 7.08 7.47 7.90 8.37 8.86 9.39 9.94 10.51 11.08 11.63
22.15 22.33 22.62 22.96 23.34 23.75 24.18 24.63 25.08 25.52 25.95 26.36 26.75 27.09 27.39 27.64 27.82 27.93 27.97 27.92 27.78 27.61 27.43 27.26 27.09 26.88 26.61 26.28 25.89 25.44 24.92 24.34 23.71 23.02 22.29 21.52 20.71 19.87 19.00 18.10 17.19 16.26 15.32 14.37 13.43 12.48 11.54 10.58 9.59 8.57 7.57 6.70 6.04 5.57 5.28 5.07 4.92 4.82 4.78 4.80 4.87 4.99 5.15 5.37 5.63 5.93 6.28 6.67 7.09 7.56 8.06 8.59 9.15 9.73 10.30 10.88 11.45
22.70 22.87 23.17 23.56 23.98 24.43 24.89 25.35 25.82 26.26 26.69 27.10 27.46 27.78 28.05 28.25 28.38 28.44 28.41 28.29 28.14 27.97 27.80 27.64 27.48 27.28 27.02 26.71 26.35 25.92 25.43 24.88 24.26 23.59 22.87 22.10 21.29 20.44 19.55 18.64 17.70 16.74 15.77 14.78 13.79 12.80 11.77 10.71 9.61 8.49 7.37 6.40 5.61 5.01 4.62 4.40 4.27 4.19 4.17 4.21 4.30 4.45 4.64 4.88 5.17 5.51 5.89 6.31 6.77 7.27 7.81 8.38 8.97 9.56 10.15 10.73 11.31
23.28 23.43 23.72 24.11 24.57 25.05 25.54 26.02 26.49 26.94 27.37 27.75 28.10 28.39 28.61 28.77 28.85 28.85 28.76 28.62 28.46 28.30 28.13 27.98 27.83 27.64 27.40 27.10 26.75 26.35 25.89 25.37 24.78 24.13 23.42 22.66 21.85 21.00 20.11 19.19 18.24 17.26 16.26 15.24 14.21 13.14 12.03 10.87 9.68 8.47 7.27 6.19 5.29 4.58 4.06 3.76 3.62 3.57 3.57 3.64 3.76 3.93 4.16 4.43 4.76 5.13 5.55 6.01 6.51 7.06 7.64 8.24 8.84 9.45 10.05 10.64 11.21
23.88 24.03 24.29 24.66 25.12 25.62 26.13 26.63 27.11 27.56 27.97 28.34 28.66 28.92 29.10 29.21 29.24 29.18 29.06 28.92 28.76 28.60 28.43 28.29 28.15 27.97 27.73 27.45 27.11 26.73 26.29 25.80 25.25 24.62 23.94 23.20 22.40 21.56 20.67 19.74 18.78 17.79 16.78 15.73 14.64 13.50 12.31 11.07 9.81 8.52 7.24 6.08 5.09 4.27 3.65 3.22 3.00 2.95 2.99 3.08 3.24 3.45 3.71 4.02 4.39 4.80 5.26 5.77 6.32 6.91 7.52 8.14 8.76 9.38 9.99 10.58 11.16
24.51 24.64 24.89 25.24 25.67 26.17 26.69 27.20 27.68 28.12 28.52 28.87 29.16 29.38 29.52 29.58 29.55 29.47 29.34 29.19 29.03 28.87 28.71 28.56 28.43 28.25 28.03 27.75 27.43 27.05 26.63 26.17 25.65 25.06 24.41 23.69 22.92 22.09 21.21 20.29 19.33 18.33 17.30 16.21 15.06 13.86 12.60 11.31 9.98 8.64 7.30 6.07 5.00 4.09 3.37 2.83 2.50 2.37 2.42 2.55 2.75 3.00 3.30 3.66 4.07 4.53 5.04 5.60 6.20 6.82 7.46 8.09 8.72 9.35 9.97 10.57 11.16
25.16 25.29 25.52 25.84 26.24 26.71 27.21 27.72 28.20 28.64 29.02 29.35 29.61 29.79 29.88 29.89 29.83 29.73 29.60 29.44 29.28 29.11 28.95 28.81 28.67 28.51 28.29 28.02 27.70 27.33 26.93 26.47 25.98 25.43 24.82 24.13 23.39 22.58 21.72 20.81 19.86 18.86 17.80 16.66 15.47 14.21 12.91 11.57 10.20 8.81 7.43 6.15 5.01 4.04 3.23 2.60 2.16 1.93 1.90 2.05 2.29 2.59 2.94 3.35 3.81 4.32 4.88 5.49 6.13 6.78 7.43 8.08 8.73 9.37 9.99 10.60 11.19
