data_processed/recharge/precip/Precip_1990_03.asc
ncols        168
nrows        136
xllcorner    455000
yllcorner    2107000
cellsize     500
NODATA_value     -99999
[rows 0 to 35 of 136, columns 82 to 163 of 168]
34.37 32.11 29.92 27.80 25.75 23.77 21.87 20.05 18.31 16.65 15.08 13.60 12.21 10.91 9.71 8.60 7.59 6.69 5.89 5.20 4.63 4.12 3.62 3.14 2.69 2.27 1.88 1.53 1.22 0.95 0.72 0.53 0.39 0.29 0.25 0.26 0.32 0.43 0.61 0.85 1.14 1.51 1.93 2.43 3.00 3.64 4.35 5.21 6.30 7.64 9.19 10.93 12.84 14.90 17.08 19.37 21.74 24.16 26.62 29.09 31.55 33.98 36.36 38.66 40.86 42.94 44.87 46.64 48.22 49.58 50.72 51.59 52.18 52.49 52.55 52.39 52.02 51.46 50.72 49.81 48.75 47.55
36.75 34.40 32.12 29.90 27.76 25.69 23.70 21.78 19.95 18.19 16.53 14.95 13.46 12.06 10.76 9.56 8.45 7.45 6.55 5.76 5.11 4.62 4.21 3.81 3.44 3.09 2.77 2.47 2.20 1.96 1.75 1.58 1.44 1.34 1.29 1.27 1.30 1.38 1.51 1.69 1.92 2.21 2.55 2.95 3.42 3.95 4.55 5.44 6.68 8.15 9.82 11.66 13.67 15.80 18.04 20.37 22.77 25.21 27.66 30.12 32.55 34.93 37.24 39.47 41.57 43.54 45.35 46.98 48.40 49.60 50.55 51.24 51.74 52.07 52.19 52.08 51.77 51.26 50.57 49.72 48.72 47.58
38.29 35.89 33.55 31.29 29.09 26.96 24.91 22.94 21.05 19.24 17.52 15.88 14.33 12.88 11.52 10.25 9.09 8.03 7.07 6.24 5.60 5.14 4.78 4.47 4.19 3.91 3.65 3.41 3.19 2.99 2.81 2.66 2.54 2.44 2.38 2.35 2.36 2.41 2.49 2.62 2.79 3.01 3.28 3.59 3.96 4.38 4.85 5.64 6.91 8.51 10.30 12.26 14.35 16.56 18.87 21.24 23.67 26.12 28.58 31.02 33.42 35.76 38.01 40.16 42.17 44.04 45.73 47.22 48.49 49.52 50.30 50.89 51.36 51.69 51.85 51.79 51.54 51.09 50.45 49.66 48.71 47.62
38.99 36.58 34.23 31.95 29.74 27.61 25.55 23.56 21.65 19.83 18.09 16.44 14.88 13.40 12.03 10.74 9.56 8.48 7.51 6.71 6.10 5.67 5.33 5.09 4.89 4.69 4.51 4.33 4.17 4.01 3.87 3.75 3.65 3.56 3.50 3.47 3.46 3.48 3.53 3.62 3.74 3.90 4.09 4.33 4.60 4.90 5.26 5.92 7.09 8.73 10.64 12.70 14.89 17.18 19.55 21.98 24.44 26.91 29.37 31.80 34.17 36.47 38.66 40.74 42.66 44.42 45.99 47.35 48.47 49.35 50.04 50.61 51.07 51.38 51.54 51.52 51.32 50.92 50.34 49.60 48.71 47.67
38.93 36.55 34.23 31.99 29.81 27.70 25.66 23.71 21.83 20.03 18.32 16.70 15.16 13.71 12.36 11.10 9.94 8.89 7.96 7.19 6.61 6.21 5.90 5.68 5.53 5.42 5.32 5.22 5.11 5.02 4.92 4.84 4.76 4.70 4.65 4.61 4.60 4.60 4.63 4.68 4.75 4.86 4.99 5.15 5.32 5.51 5.76 6.31 7.37 8.90 10.84 13.01 15.29 17.67 20.11 22.59 25.08 27.58 30.05 32.47 34.82 37.07 39.21 41.22 43.06 44.72 46.17 47.40 48.38 49.18 49.84 50.40 50.84 51.14 51.28 51.27 51.11 50.76 50.24 49.55 48.71 47.73
38.18 35.87 33.63 31.45 29.34 27.30 25.34 23.46 21.65 19.92 18.28 16.72 15.25 13.87 12.59 11.39 10.29 9.29 8.41 7.68 7.14 6.76 6.47 6.27 6.15 6.10 6.08 6.05 6.02 5.99 5.95 5.91 5.86 5.83 5.79 5.77 5.75 5.75 5.75 5.78 5.82 5.87 5.94 6.01 6.09 6.19 6.35 6.80 7.75 9.17 11.01 13.20 15.58 18.04 20.55 23.09 25.62 28.14 30.62 33.04 35.37 37.59 39.68 41.61 43.37 44.94 46.28 47.38 48.30 49.07 49.72 50.25 50.68 50.96 51.10 51.08 50.92 50.61 50.14 49.51 48.72 47.80
36.87 34.61 32.48 30.42 28.42 26.50 24.65 22.88 21.18 19.57 18.03 16.59 15.23 13.96 12.78 11.68 10.65 9.70 8.86 8.17 7.66 7.31 7.05 6.87 6.77 6.74 6.77 6.83 6.88 6.91 6.93 6.95 6.95 6.94 6.94 6.93 6.92 6.91 6.91 6.91 6.92 6.92 6.92 6.91 6.90 6.93 7.00 7.37 8.23 9.55 11.28 13.38 15.78 18.32 20.90 23.49 26.08 28.62 31.12 33.53 35.84 38.03 40.07 41.94 43.62 45.09 46.33 47.37 48.26 49.02 49.65 50.16 50.57 50.85 50.96 50.94 50.77 50.48 50.05 49.47 48.73 47.86
35.31 32.90 30.87 28.96 27.12 25.36 23.66 22.04 20.50 19.04 17.66 16.36 15.16 14.04 12.98 11.96 10.99 10.10 9.31 8.67 8.19 7.86 7.63 7.47 7.39 7.38 7.43 7.54 7.67 7.78 7.87 7.94 8.00 8.03 8.06 8.07 8.08 8.08 8.07 8.06 8.03 7.98 7.90 7.83 7.76 7.72 7.73 8.02 8.80 10.03 11.67 13.66 15.97 18.52 21.17 23.83 26.46 29.03 31.54 33.96 36.25 38.41 40.41 42.22 43.82 45.21 46.39 47.41 48.28 49.02 49.63 50.13 50.52 50.78 50.89 50.85 50.68 50.38 49.96 49.42 48.74 47.92
33.70 31.05 28.92 27.15 25.51 23.94 22.45 21.02 19.68 18.41 17.23 16.13 15.11 14.15 13.19 12.24 11.33 10.49 9.76 9.15 8.70 8.40 8.20 8.07 8.01 8.02 8.09 8.21 8.39 8.58 8.75 8.89 9.00 9.09 9.15 9.20 9.22 9.24 9.23 9.20 9.13 9.02 8.89 8.76 8.64 8.55 8.50 8.74 9.45 10.60 12.15 14.06 16.26 18.73 21.38 24.10 26.78 29.39 31.92 34.33 36.62 38.75 40.70 42.46 44.00 45.33 46.49 47.49 48.35 49.07 49.66 50.14 50.52 50.76 50.85 50.81 50.63 50.33 49.91 49.38 48.74 47.98
32.07 29.23 26.93 25.12 23.67 22.33 21.08 19.89 18.78 17.76 16.81 15.94 15.12 14.27 13.38 12.51 11.66 10.88 10.19 9.62 9.21 8.94 8.76 8.65 8.61 8.64 8.73 8.87 9.07 9.31 9.55 9.77 9.94 10.09 10.20 10.29 10.34 10.37 10.36 10.30 10.19 10.04 9.88 9.71 9.54 9.41 9.32 9.51 10.16 11.25 12.74 14.56 16.68 19.05 21.62 24.33 27.06 29.71 32.26 34.68 36.96 39.06 40.98 42.68 44.18 45.49 46.64 47.62 48.46 49.16 49.73 50.20 50.55 50.78 50.86 50.80 50.62 50.31 49.89 49.37 48.74 48.02
30.43 27.47 25.05 23.14 21.70 20.60 19.62 18.72 17.89 17.14 16.47 15.83 15.13 14.36 13.56 12.75 11.97 11.24 10.60 10.08 9.70 9.46 9.30 9.22 9.20 9.25 9.36 9.52 9.73 9.99 10.28 10.57 10.82 11.03 11.20 11.33 11.42 11.46 11.43 11.34 11.20 11.03 10.84 10.64 10.45 10.28 10.16 10.32 10.93 11.98 13.40 15.15 17.20 19.49 21.97 24.60 27.31 30.00 32.58 35.01 37.28 39.37 41.25 42.92 44.40 45.69 46.82 47.78 48.60 49.28 49.84 50.28 50.62 50.83 50.90 50.83 50.64 50.33 49.91 49.39 48.77 48.06
28.83 25.80 23.32 21.36 19.89 18.87 18.16 17.58 17.07 16.64 16.23 15.73 15.12 14.44 13.71 12.98 12.26 11.59 10.99 10.51 10.17 9.96 9.83 9.77 9.78 9.85 9.97 10.15 10.38 10.64 10.95 11.28 11.61 11.89 12.12 12.31 12.43 12.46 12.42 12.31 12.16 11.98 11.77 11.56 11.35 11.17 11.03 11.17 11.75 12.76 14.13 15.84 17.82 20.03 22.44 24.98 27.62 30.29 32.89 35.34 37.61 39.68 41.53 43.18 44.64 45.92 47.02 47.97 48.77 49.43 49.97 50.40 50.71 50.91 50.96 50.88 50.69 50.37 49.95 49.43 48.82 48.12
27.28 24.25 21.78 19.82 18.36 17.37 16.81 16.54 16.40 16.26 16.00 15.59 15.08 14.48 13.84 13.17 12.52 11.90 11.36 10.92 10.61 10.43 10.33 10.30 10.33 10.42 10.56 10.76 11.00 11.28 11.60 11.94 12.31 12.67 12.97 13.19 13.32 13.35 13.31 13.21 13.06 12.87 12.66 12.45 12.24 12.05 11.91 12.04 12.60 13.58 14.93 16.59 18.52 20.68 23.02 25.49 28.05 30.64 33.22 35.68 37.95 40.00 41.84 43.47 44.91 46.17 47.26 48.18 48.96 49.61 50.13 50.53 50.83 51.00 51.04 50.96 50.75 50.43 50.01 49.49 48.88 48.19
25.81 22.84 20.44 18.55 17.17 16.26 15.79 15.72 15.86 15.88 15.73 15.42 15.00 14.50 13.93 13.34 12.75 12.19 11.70 11.30 11.03 10.87 10.80 10.79 10.85 10.96 11.13 11.34 11.59 11.89 12.22 12.57 12.96 13.35 13.70 13.95 14.09 14.13 14.11 14.02 13.87 13.70 13.50 13.30 13.10 12.92 12.79 12.92 13.48 14.45 15.77 17.41 19.30 21.42 23.70 26.11 28.60 31.12 33.63 36.06 38.32 40.35 42.17 43.78 45.20 46.44 47.51 48.41 49.17 49.80 50.29 50.68 50.96 51.12 51.14 51.04 50.83 50.51 50.08 49.57 48.96 48.28
24.45 21.61 19.33 17.58 16.33 15.56 15.24 15.24 15.36 15.46 15.42 15.22 14.89 14.47 13.98 13.46 12.94 12.44 12.00 11.64 11.41 11.29 11.24 11.26 11.34 11.47 11.66 11.89 12.16 12.47 12.81 13.17 13.56 13.94 14.28 14.55 14.72 14.79 14.79 14.72 14.61 14.45 14.28 14.10 13.92 13.77 13.66 13.80 14.38 15.34 16.66 18.28 20.15 22.23 24.48 26.84 29.27 31.72 34.15 36.49 38.70 40.71 42.51 44.10 45.50 46.72 47.76 48.65 49.39 49.99 50.47 50.84 51.10 51.24 51.25 51.14 50.92 50.59 50.16 49.64 49.05 48.37
23.23 20.57 18.48 16.92 15.88 15.31 15.09 15.01 14.99 15.04 15.07 14.97 14.74 14.40 14.00 13.55 13.09 12.65 12.26 11.95 11.75 11.66 11.64 11.68 11.79 11.94 12.15 12.40 12.69 13.01 13.36 13.74 14.11 14.44 14.74 15.00 15.20 15.31 15.35 15.32 15.24 15.13 14.99 14.84 14.70 14.58 14.50 14.68 15.27 16.25 17.57 19.19 21.05 23.11 25.33 27.66 30.04 32.44 34.78 37.01 39.11 41.07 42.85 44.42 45.80 47.00 48.03 48.89 49.61 50.20 50.65 51.00 51.24 51.36 51.35 51.23 51.00 50.67 50.24 49.72 49.13 48.46
22.17 19.76 17.92 16.62 15.83 15.42 15.14 14.94 14.80 14.72 14.70 14.67 14.54 14.29 13.96 13.59 13.20 12.81 12.48 12.21 12.04 11.98 12.00 12.07 12.20 12.37 12.60 12.87 13.17 13.51 13.88 14.23 14.56 14.84 15.09 15.32 15.52 15.68 15.77 15.79 15.77 15.70 15.61 15.51 15.42 15.35 15.32 15.53 16.16 17.17 18.51 20.13 22.00 24.05 26.25 28.56 30.91 33.22 35.45 37.58 39.59 41.46 43.20 44.75 46.11 47.28 48.29 49.13 49.83 50.39 50.83 51.15 51.37 51.48 51.46 51.32 51.08 50.74 50.31 49.80 49.20 48.54
21.31 19.20 17.67 16.68 16.09 15.65 15.28 14.97 14.72 14.54 14.42 14.35 14.28 14.12 13.88 13.58 13.25 12.93 12.64 12.42 12.29 12.26 12.30 12.40 12.56 12.76 13.01 13.29 13.62 13.97 14.32 14.63 14.90 15.13 15.35 15.54 15.73 15.91 16.05 16.14 16.17 16.17 16.14 16.11 16.07 16.06 16.09 16.36 17.04 18.08 19.45 21.10 22.97 25.04 27.24 29.52 31.80 34.01 36.14 38.17 40.09 41.89 43.55 45.06 46.40 47.55 48.54 49.36 50.04 50.58 51.00 51.30 51.50 51.58 51.55 51.40 51.15 50.80 50.37 49.85 49.27 48.61
20.65 18.91 17.75 17.01 16.43 15.91 15.45 15.06 14.73 14.46 14.25 14.09 14.00 13.90 13.74 13.51 13.25 12.99 12.75 12.58 12.49 12.49 12.56 12.69 12.87 13.09 13.36 13.67 14.01 14.34 14.64 14.90 15.12 15.32 15.51 15.68 15.84 16.01 16.19 16.34 16.45 16.52 16.57 16.61 16.65 16.71 16.81 17.15 17.88 18.98 20.39 22.07 23.98 26.06 28.26 30.48 32.66 34.77 36.81 38.75 40.59 42.32 43.92 45.38 46.68 47.81 48.78 49.58 50.24 50.75 51.15 51.43 51.61 51.67 51.62 51.46 51.20 50.85 50.41 49.89 49.31 48.67
20.24 18.93 18.06 17.35 16.71 16.13 15.61 15.15 14.76 14.42 14.14 13.92 13.75 13.64 13.54 13.39 13.19 12.99 12.81 12.68 12.62 12.66 12.76 12.92 13.12 13.37 13.66 13.99 14.31 14.60 14.84 15.05 15.24 15.40 15.56 15.71 15.86 16.02 16.20 16.40 16.59 16.75 16.89 17.01 17.13 17.28 17.46 17.88 18.69 19.85 21.32 23.05 24.99 27.09 29.25 31.37 33.45 35.47 37.42 39.29 41.06 42.72 44.27 45.68 46.94 48.05 48.99 49.77 50.41 50.91 51.28 51.54 51.69 51.74 51.67 51.49 51.22 50.86 50.42 49.91 49.33 48.70
20.10 19.13 18.31 17.57 16.89 16.26 15.70 15.20 14.76 14.38 14.05 13.78 13.56 13.40 13.29 13.20 13.07 12.93 12.80 12.71 12.70 12.77 12.90 13.08 13.31 13.59 13.90 14.21 14.48 14.71 14.91 15.08 15.23 15.37 15.51 15.64 15.79 15.95 16.13 16.34 16.59 16.84 17.07 17.30 17.52 17.76 18.04 18.56 19.45 20.69 22.22 24.01 26.00 28.06 30.12 32.15 34.14 36.08 37.95 39.75 41.46 43.07 44.57 45.94 47.18 48.26 49.18 49.94 50.55 51.03 51.38 51.61 51.75 51.77 51.69 51.50 51.22 50.85 50.41 49.89 49.32 48.70
20.09 19.20 18.38 17.61 16.91 16.27 15.68 15.16 14.69 14.28 13.92 13.62 13.38 13.18 13.04 12.95 12.88 12.80 12.72 12.68 12.70 12.81 12.97 13.18 13.44 13.74 14.04 14.30 14.51 14.70 14.85 14.99 15.11 15.23 15.35 15.47 15.61 15.77 15.97 16.20 16.47 16.79 17.13 17.46 17.80 18.15 18.54 19.16 20.15 21.47 23.09 24.94 26.90 28.87 30.83 32.78 34.69 36.55 38.37 40.11 41.77 43.33 44.79 46.14 47.35 48.41 49.32 50.07 50.66 51.11 51.44 51.66 51.77 51.77 51.67 51.47 51.17 50.80 50.35 49.85 49.28 48.67
19.90 19.02 18.20 17.43 16.73 16.09 15.50 14.97 14.50 14.08 13.72 13.41 13.15 12.94 12.79 12.68 12.62 12.59 12.57 12.57 12.64 12.78 12.97 13.21 13.49 13.78 14.03 14.23 14.40 14.54 14.66 14.77 14.86 14.96 15.07 15.19 15.33 15.51 15.71 15.96 16.27 16.62 17.04 17.49 17.95 18.43 18.94 19.68 20.78 22.21 23.90 25.74 27.60 29.48 31.36 33.23 35.07 36.87 38.63 40.32 41.94 43.47 44.90 46.22 47.42 48.48 49.39 50.15 50.73 51.16 51.46 51.66 51.74 51.73 51.61 51.39 51.09 50.71 50.26 49.75 49.19 48.58
19.38 18.52 17.72 16.98 16.30 15.67 15.10 14.59 14.13 13.73 13.38 13.08 12.83 12.63 12.48 12.38 12.32 12.31 12.34 12.39 12.50 12.67 12.89 13.16 13.43 13.67 13.86 14.01 14.14 14.24 14.33 14.41 14.49 14.58 14.68 14.80 14.95 15.14 15.37 15.65 15.98 16.38 16.85 17.39 17.98 18.59 19.24 20.10 21.33 22.85 24.55 26.29 28.07 29.87 31.67 33.47 35.25 37.00 38.71 40.36 41.95 43.45 44.87 46.18 47.37 48.43 49.36 50.12 50.73 51.16 51.44 51.61 51.67 51.63 51.49 51.27 50.95 50.57 50.12 49.61 49.05 48.45
18.48 17.66 16.91 16.21 15.56 14.98 14.44 13.97 13.54 13.17 12.85 12.58 12.36 12.19 12.07 11.99 11.96 11.97 12.03 12.13 12.27 12.48 12.73 12.99 13.21 13.39 13.52 13.63 13.72 13.79 13.86 13.92 13.99 14.07 14.17 14.30 14.46 14.67 14.92 15.23 15.61 16.05 16.57 17.18 17.87 18.62 19.42 20.43 21.77 23.30 24.91 26.57 28.26 29.99 31.73 33.47 35.19 36.90 38.57 40.19 41.76 43.25 44.65 45.96 47.16 48.23 49.18 49.97 50.61 51.07 51.36 51.50 51.54 51.48 51.33 51.09 50.77 50.38 49.92 49.41 48.85 48.25
17.14 16.39 15.70 15.06 14.48 13.95 13.47 13.05 12.68 12.36 12.10 11.88 11.70 11.58 11.50 11.47 11.48 11.54 11.64 11.78 11.96 12.20 12.45 12.65 12.81 12.93 13.03 13.10 13.15 13.20 13.24 13.29 13.35 13.43 13.54 13.68 13.86 14.10 14.38 14.73 15.15 15.64 16.22 16.89 17.65 18.52 19.47 20.62 21.98 23.43 24.95 26.53 28.16 29.82 31.50 33.19 34.87 36.54 38.19 39.79 41.34 42.82 44.23 45.54 46.75 47.85 48.82 49.65 50.33 50.84 51.18 51.34 51.36 51.28 51.10 50.85 50.52 50.12 49.65 49.14 48.58 47.97
15.36 14.69 14.08 13.52 13.02 12.57 12.17 11.82 11.53 11.28 11.08 10.93 10.83 10.77 10.76 10.79 10.86 10.98 11.13 11.33 11.57 11.80 11.99 12.14 12.24 12.32 12.37 12.41 12.43 12.46 12.49 12.53 12.59 12.67 12.79 12.95 13.16 13.42 13.74 14.13 14.60 15.15 15.79 16.53 17.37 18.32 19.39 20.56 21.84 23.21 24.65 26.16 27.73 29.33 30.96 32.61 34.27 35.91 37.53 39.12 40.67 42.15 43.56 44.90 46.13 47.26 48.27 49.14 49.87 50.44 50.84 51.06 51.10 51.00 50.81 50.54 50.19 49.78 49.31 48.79 48.22 47.62
13.52 12.94 12.41 11.94 11.52 11.15 10.83 10.57 10.35 10.18 10.05 9.98 9.95 9.96 10.02 10.11 10.26 10.44 10.66 10.92 11.16 11.34 11.47 11.56 11.61 11.65 11.66 11.67 11.67 11.68 11.69 11.73 11.79 11.88 12.02 12.20 12.43 12.73 13.09 13.53 14.05 14.66 15.36 16.17 17.09 18.12 19.22 20.36 21.55 22.83 24.20 25.64 27.15 28.70 30.28 31.89 33.51 35.12 36.73 38.30 39.84 41.33 42.75 44.10 45.35 46.51 47.55 48.47 49.25 49.88 50.35 50.63 50.69 50.59 50.38 50.09 49.74 49.32 48.84 48.31 47.74 47.14
11.97 11.47 11.02 10.62 10.28 9.99 9.74 9.55 9.40 9.30 9.24 9.23 9.27 9.34 9.46 9.62 9.82 10.06 10.34 10.60 10.79 10.91 10.98 11.02 11.02 11.01 10.99 10.97 10.95 10.94 10.95 10.98 11.04 11.15 11.30 11.50 11.76 12.09 12.50 12.98 13.56 14.23 15.00 15.88 16.88 17.94 19.04 20.16 21.30 22.50 23.79 25.15 26.58 28.07 29.60 31.15 32.73 34.31 35.89 37.44 38.97 40.45 41.87 43.22 44.50 45.67 46.75 47.70 48.52 49.21 49.72 50.02 50.09 49.99 49.78 49.49 49.12 48.69 48.21 47.68 47.11 46.51
10.71 10.28 9.90 9.58 9.30 9.08 8.90 8.77 8.68 8.64 8.65 8.70 8.79 8.92 9.09 9.30 9.56 9.84 10.12 10.32 10.45 10.51 10.53 10.52 10.48 10.43 10.38 10.33 10.28 10.26 10.26 10.29 10.36 10.47 10.64 10.86 11.16 11.52 11.97 12.50 13.14 13.87 14.71 15.66 16.69 17.74 18.83 19.94 21.07 22.22 23.42 24.69 26.05 27.46 28.93 30.43 31.95 33.49 35.03 36.55 38.06 39.52 40.94 42.29 43.57 44.76 45.85 46.83 47.69 48.40 48.92 49.22 49.29 49.21 49.02 48.72 48.35 47.92 47.44 46.91 46.34 45.75
9.72 9.36 9.05 8.78 8.57 8.40 8.28 8.21 8.18 8.19 8.25 8.35 8.49 8.67 8.89 9.14 9.44 9.72 9.93 10.06 10.13 10.15 10.12 10.06 9.98 9.90 9.81 9.73 9.67 9.63 9.62 9.65 9.73 9.86 10.04 10.29 10.62 11.02 11.51 12.10 12.79 13.58 14.49 15.47 16.48 17.53 18.61 19.71 20.82 21.95 23.09 24.28 25.55 26.88 28.27 29.71 31.18 32.66 34.16 35.65 37.12 38.56 39.96 41.30 42.58 43.77 44.88 45.88 46.75 47.46 47.96 48.24 48.32 48.25 48.08 47.80 47.44 47.01 46.52 46.00 45.44 44.85
9.00 8.69 8.43 8.22 8.06 7.95 7.88 7.85 7.87 7.93 8.03 8.17 8.35 8.57 8.83 9.12 9.40 9.61 9.75 9.83 9.85 9.81 9.74 9.65 9.53 9.41 9.30 9.19 9.11 9.06 9.05 9.08 9.16 9.30 9.51 9.79 10.14 10.59 11.13 11.77 12.51 13.37 14.30 15.26 16.27 17.30 18.36 19.45 20.55 21.66 22.79 23.92 25.09 26.34 27.65 29.01 30.41 31.84 33.28 34.72 36.15 37.56 38.94 40.26 41.53 42.72 43.83 44.83 45.68 46.35 46.83 47.11 47.20 47.14 46.98 46.73 46.38 45.96 45.49 44.97 44.41 43.84
8.51 8.26 8.05 7.89 7.77 7.70 7.67 7.68 7.74 7.84 7.97 8.15 8.37 8.62 8.90 9.18 9.39 9.52 9.60 9.62 9.58 9.51 9.40 9.27 9.13 8.98 8.84 8.71 8.62 8.56 8.54 8.57 8.66 8.82 9.05 9.35 9.74 10.23 10.82 11.51 12.31 13.18 14.10 15.05 16.04 17.05 18.10 19.17 20.26 21.35 22.46 23.57 24.69 25.84 27.06 28.34 29.66 31.02 32.40 33.79 35.17 36.54 37.88 39.18 40.43 41.61 42.71 43.67 44.47 45.11 45.57 45.84 45.93 45.88 45.74 45.51 45.19 44.79 44.33 43.82 43.28 42.72
8.22 8.04 7.88 7.76 7.68 7.64 7.64 7.69 7.78 7.91 8.07 8.28 8.52 8.79 9.05 9.25 9.38 9.45 9.46 9.42 9.35 9.24 9.10 8.94 8.77 8.60 8.44 8.29 8.18 8.11 8.09 8.13 8.23 8.40 8.65 8.99 9.42 9.95 10.58 11.32 12.14 13.00 13.90 14.83 15.79 16.79 17.83 18.88 19.95 21.02 22.11 23.20 24.29 25.38 26.51 27.70 28.94 30.22 31.53 32.85 34.18 35.50 36.80 38.07 39.29 40.44 41.49 42.39 43.14 43.74 44.18 44.44 44.53 44.50 44.37 44.16 43.87 43.50 43.07 42.58 42.05 41.50
8.11 8.00 7.90 7.81 7.76 7.75 7.79 7.86 7.97 8.12 8.30 8.53 8.78 9.03 9.21 9.32 9.38 9.38 9.33 9.25 9.13 8.99 8.82 8.64 8.45 8.26 8.08 7.93 7.81 7.74 7.71 7.76 7.87 8.06 8.34 8.70 9.17 9.74 10.42 11.17 11.97 12.81 13.69 14.60 15.55 16.53 17.54 18.57 19.62 20.68 21.74 22.80 23.87 24.94 26.00 27.10 28.24 29.44 30.67 31.93 33.19 34.46 35.71 36.93 38.11 39.19 40.16 41.00 41.70 42.27 42.68 42.93 43.03 43.01 42.90 42.70 42.43 42.09 41.69 41.23 40.73 40.21
8.15 8.11 8.07 8.04 8.02 8.03 8.08 8.17 8.29 8.46 8.65 8.88 9.11 9.27 9.36 9.40 9.38 9.32 9.22 9.09 8.94 8.77 8.58 8.37 8.17 7.96 7.78 7.62 7.50 7.42 7.41 7.45 7.58 7.79 8.09 8.49 9.00 9.61 10.30 11.03 11.81 12.62 13.47 14.36 15.29 16.25 17.24 18.26 19.28 20.31 21.35 22.39 23.43 24.47 25.50 26.53 27.59 28.69 29.83 31.01 32.20 33.40 34.59 35.76 36.85 37.85 38.74 39.52 40.17 40.70 41.09 41.33 41.43 41.42 41.32 41.15 40.90 40.59 40.22 39.80 39.33 38.83
