data_processed/recharge/precip/Precip_1986_11.asc
ncols        168
nrows        136
xllcorner    455000
yllcorner    2107000
cellsize     500
NODATA_value     -99999
[rows 35 to 69 of 136, columns 80 to 159 of 168]
10.28 10.26 10.24 10.22 10.20 10.19 10.18 10.18 10.17 10.17 10.17 10.18 10.18 10.19 10.20 10.21 10.22 10.24 10.25 10.27 10.29 10.31 10.33 10.35 10.38 10.40 10.43 10.45 10.48 10.51 10.53 10.56 10.59 10.61 10.64 10.67 10.70 10.72 10.72 10.70 10.67 10.62 10.56 10.48 10.40 10.33 10.27 10.23 10.19 10.15 10.12 10.09 10.05 10.01 9.96 9.92 9.87 9.81 9.76 9.70 9.63 9.57 9.50 9.43 9.35 9.28 9.20 9.12 9.03 8.94 8.85 8.76 8.67 8.57 8.47 8.37 8.27 8.17 8.06 7.95
10.11 10.10 10.09 10.08 10.07 10.07 10.07 10.07 10.07 10.08 10.08 10.09 10.11 10.12 10.13 10.15 10.17 10.19 10.21 10.23 10.25 10.28 10.30 10.33 10.35 10.38 10.41 10.44 10.46 10.49 10.52 10.55 10.58 10.61 10.63 10.66 10.69 10.72 10.74 10.74 10.72 10.69 10.63 10.57 10.50 10.44 10.40 10.36 10.33 10.30 10.27 10.24 10.21 10.17 10.13 10.08 10.03 9.98 9.93 9.87 9.81 9.75 9.69 9.62 9.55 9.48 9.40 9.32 9.24 9.16 9.08 8.99 8.90 8.81 8.72 8.63 8.53 8.43 8.33 8.23
9.97 9.96 9.96 9.96 9.96 9.96 9.97 9.98 9.99 10.00 10.01 10.03 10.04 10.06 10.08 10.10 10.13 10.15 10.18 10.20 10.23 10.26 10.28 10.31 10.34 10.37 10.40 10.43 10.46 10.49 10.52 10.55 10.58 10.61 10.64 10.67 10.70 10.72 10.75 10.76 10.76 10.75 10.71 10.65 10.60 10.56 10.52 10.49 10.47 10.45 10.42 10.39 10.36 10.32 10.29 10.24 10.20 10.15 10.10 10.05 9.99 9.94 9.88 9.81 9.75 9.68 9.61 9.54 9.46 9.39 9.31 9.23 9.15 9.06 8.98 8.89 8.80 8.71 8.62 8.53
9.84 9.85 9.85 9.86 9.86 9.88 9.89 9.90 9.92 9.94 9.96 9.98 10.00 10.02 10.05 10.08 10.10 10.13 10.16 10.19 10.22 10.25 10.28 10.31 10.35 10.38 10.41 10.44 10.48 10.51 10.54 10.57 10.60 10.63 10.66 10.69 10.71 10.74 10.77 10.79 10.80 10.80 10.78 10.74 10.70 10.67 10.64 10.63 10.61 10.59 10.57 10.54 10.51 10.48 10.44 10.40 10.36 10.32 10.27 10.23 10.18 10.12 10.07 10.01 9.95 9.89 9.82 9.76 9.69 9.62 9.55 9.47 9.40 9.32 9.24 9.16 9.08 9.00 8.92 8.83
9.74 9.75 9.76 9.77 9.79 9.81 9.83 9.85 9.87 9.89 9.92 9.95 9.97 10.00 10.03 10.06 10.10 10.13 10.16 10.20 10.23 10.26 10.30 10.33 10.37 10.40 10.44 10.47 10.50 10.54 10.57 10.60 10.63 10.66 10.69 10.72 10.75 10.77 10.80 10.82 10.84 10.85 10.85 10.82 10.80 10.78 10.77 10.75 10.74 10.72 10.70 10.68 10.65 10.63 10.59 10.56 10.53 10.49 10.45 10.40 10.36 10.31 10.26 10.21 10.15 10.10 10.04 9.98 9.92 9.86 9.79 9.73 9.66 9.59 9.52 9.45 9.37 9.30 9.22 9.15
9.65 9.67 9.69 9.71 9.73 9.76 9.78 9.81 9.84 9.87 9.90 9.93 9.97 10.00 10.04 10.07 10.11 10.14 10.18 10.22 10.26 10.29 10.33 10.37 10.40 10.44 10.48 10.51 10.55 10.58 10.62 10.65 10.68 10.71 10.74 10.77 10.79 10.82 10.84 10.87 10.89 10.90 10.91 10.90 10.89 10.88 10.88 10.87 10.86 10.85 10.83 10.81 10.79 10.77 10.74 10.71 10.68 10.65 10.61 10.58 10.54 10.49 10.45 10.41 10.36 10.31 10.26 10.21 10.15 10.10 10.04 9.98 9.92 9.86 9.80 9.73 9.67 9.60 9.54 9.47
9.58 9.61 9.64 9.67 9.70 9.73 9.76 9.79 9.83 9.86 9.90 9.94 9.98 10.02 10.06 10.10 10.14 10.18 10.22 10.26 10.30 10.34 10.38 10.42 10.46 10.50 10.53 10.57 10.61 10.64 10.68 10.71 10.74 10.77 10.80 10.83 10.86 10.88 10.90 10.92 10.94 10.96 10.97 10.98 10.98 10.98 10.98 10.98 10.97 10.96 10.95 10.94 10.92 10.90 10.88 10.86 10.83 10.80 10.77 10.74 10.71 10.68 10.64 10.60 10.56 10.52 10.48 10.43 10.38 10.34 10.29 10.24 10.19 10.14 10.08 10.03 9.97 9.92 9.86 9.80
9.54 9.57 9.61 9.64 9.68 9.72 9.76 9.80 9.84 9.88 9.92 9.96 10.01 10.05 10.09 10.14 10.18 10.23 10.27 10.31 10.36 10.40 10.44 10.49 10.53 10.57 10.61 10.65 10.68 10.72 10.75 10.79 10.82 10.85 10.88 10.91 10.93 10.96 10.98 11.00 11.01 11.03 11.04 11.05 11.06 11.06 11.07 11.07 11.07 11.06 11.06 11.05 11.04 11.02 11.01 10.99 10.97 10.95 10.93 10.90 10.88 10.85 10.82 10.79 10.76 10.72 10.69 10.65 10.62 10.58 10.54 10.50 10.45 10.41 10.37 10.32 10.28 10.23 10.19 10.14
9.51 9.55 9.59 9.63 9.67 9.72 9.76 9.81 9.85 9.90 9.95 10.00 10.04 10.09 10.14 10.19 10.24 10.28 10.33 10.38 10.42 10.47 10.52 10.56 10.60 10.64 10.69 10.73 10.76 10.80 10.84 10.87 10.90 10.93 10.96 10.99 11.01 11.03 11.05 11.07 11.09 11.10 11.11 11.12 11.13 11.14 11.15 11.15 11.16 11.16 11.16 11.15 11.15 11.14 11.13 11.12 11.11 11.09 11.08 11.06 11.04 11.02 11.00 10.97 10.95 10.92 10.89 10.87 10.84 10.81 10.77 10.74 10.71 10.68 10.64 10.61 10.57 10.54 10.50 10.46
9.48 9.53 9.58 9.63 9.68 9.73 9.78 9.83 9.88 9.93 9.98 10.04 10.09 10.14 10.19 10.24 10.30 10.35 10.40 10.45 10.49 10.54 10.59 10.63 10.68 10.72 10.76 10.81 10.84 10.88 10.92 10.95 10.98 11.01 11.04 11.06 11.09 11.11 11.13 11.14 11.15 11.16 11.18 11.19 11.20 11.21 11.22 11.23 11.24 11.25 11.25 11.25 11.25 11.25 11.24 11.24 11.23 11.22 11.21 11.20 11.19 11.17 11.16 11.14 11.12 11.10 11.08 11.06 11.04 11.02 11.00 10.97 10.95 10.92 10.90 10.87 10.85 10.82 10.80 10.77
9.47 9.52 9.57 9.63 9.69 9.74 9.80 9.85 9.91 9.97 10.02 10.08 10.14 10.19 10.25 10.30 10.36 10.41 10.46 10.51 10.57 10.62 10.66 10.71 10.76 10.80 10.84 10.88 10.92 10.96 11.00 11.03 11.06 11.09 11.11 11.14 11.16 11.18 11.19 11.21 11.22 11.23 11.24 11.26 11.27 11.28 11.30 11.31 11.32 11.33 11.34 11.34 11.35 11.35 11.35 11.35 11.35 11.34 11.34 11.33 11.33 11.32 11.31 11.30 11.29 11.28 11.26 11.25 11.24 11.22 11.21 11.19 11.17 11.16 11.14 11.12 11.11 11.09 11.07 11.05
9.46 9.52 9.58 9.64 9.70 9.76 9.82 9.88 9.95 10.01 10.07 10.13 10.19 10.25 10.31 10.36 10.42 10.48 10.53 10.58 10.64 10.69 10.74 10.79 10.83 10.88 10.92 10.96 11.00 11.04 11.07 11.10 11.13 11.16 11.19 11.21 11.23 11.24 11.26 11.27 11.28 11.29 11.31 11.32 11.34 11.36 11.37 11.39 11.40 11.41 11.42 11.43 11.44 11.45 11.45 11.46 11.46 11.46 11.46 11.46 11.46 11.45 11.45 11.45 11.44 11.44 11.43 11.42 11.42 11.41 11.40 11.39 11.38 11.37 11.37 11.36 11.35 11.34 11.33 11.32
9.46 9.52 9.59 9.66 9.72 9.79 9.85 9.92 9.98 10.05 10.11 10.18 10.24 10.30 10.37 10.43 10.49 10.54 10.60 10.66 10.71 10.76 10.81 10.86 10.91 10.95 11.00 11.04 11.08 11.11 11.15 11.18 11.20 11.23 11.25 11.27 11.29 11.30 11.31 11.33 11.34 11.36 11.38 11.39 11.41 11.43 11.44 11.46 11.48 11.49 11.51 11.52 11.53 11.54 11.55 11.56 11.56 11.57 11.57 11.58 11.58 11.58 11.58 11.59 11.59 11.59 11.59 11.59 11.58 11.58 11.58 11.58 11.58 11.58 11.58 11.57 11.57 11.57 11.57 11.57
9.46 9.53 9.60 9.68 9.75 9.82 9.89 9.96 10.03 10.10 10.16 10.23 10.30 10.36 10.43 10.49 10.55 10.61 10.67 10.73 10.78 10.83 10.89 10.93 10.98 11.03 11.07 11.11 11.15 11.18 11.21 11.24 11.27 11.29 11.31 11.33 11.35 11.36 11.37 11.39 11.40 11.42 11.44 11.46 11.48 11.50 11.52 11.54 11.55 11.57 11.59 11.60 11.62 11.63 11.64 11.65 11.66 11.67 11.68 11.69 11.70 11.70 11.71 11.72 11.72 11.73 11.73 11.74 11.74 11.75 11.75 11.76 11.76 11.77 11.77 11.78 11.78 11.79 11.80 11.80
9.47 9.55 9.62 9.70 9.78 9.85 9.93 10.00 10.07 10.14 10.22 10.29 10.35 10.42 10.49 10.55 10.62 10.68 10.74 10.79 10.85 10.90 10.96 11.01 11.05 11.10 11.14 11.18 11.21 11.25 11.28 11.31 11.33 11.35 11.37 11.39 11.40 11.41 11.43 11.45 11.47 11.49 11.51 11.53 11.55 11.57 11.59 11.61 11.63 11.65 11.67 11.68 11.70 11.72 11.73 11.74 11.76 11.77 11.78 11.79 11.81 11.82 11.83 11.84 11.85 11.86 11.87 11.88 11.89 11.90 11.91 11.92 11.93 11.94 11.95 11.97 11.98 11.99 12.01 12.02
9.49 9.57 9.65 9.73 9.81 9.89 9.97 10.04 10.12 10.19 10.27 10.34 10.41 10.48 10.55 10.62 10.68 10.74 10.80 10.86 10.92 10.97 11.02 11.07 11.12 11.16 11.20 11.24 11.28 11.31 11.34 11.36 11.39 11.40 11.42 11.43 11.45 11.46 11.48 11.51 11.53 11.55 11.58 11.60 11.62 11.64 11.66 11.68 11.70 11.73 11.74 11.76 11.78 11.80 11.82 11.83 11.85 11.86 11.88 11.89 11.91 11.92 11.94 11.95 11.97 11.98 12.00 12.01 12.03 12.04 12.06 12.07 12.09 12.11 12.12 12.14 12.16 12.18 12.20 12.22
9.50 9.59 9.68 9.76 9.84 9.93 10.01 10.09 10.17 10.25 10.32 10.40 10.47 10.54 10.61 10.68 10.74 10.81 10.87 10.93 10.98 11.04 11.09 11.14 11.18 11.23 11.26 11.30 11.33 11.36 11.39 11.41 11.43 11.45 11.46 11.48 11.50 11.52 11.54 11.56 11.59 11.62 11.64 11.67 11.69 11.71 11.74 11.76 11.78 11.80 11.82 11.84 11.86 11.88 11.90 11.92 11.94 11.96 11.97 11.99 12.01 12.03 12.04 12.06 12.08 12.10 12.12 12.13 12.15 12.17 12.19 12.22 12.24 12.26 12.28 12.31 12.33 12.36 12.38 12.41
9.53 9.62 9.71 9.79 9.88 9.97 10.05 10.14 10.22 10.30 10.38 10.45 10.53 10.60 10.67 10.74 10.81 10.87 10.93 10.99 11.05 11.10 11.15 11.20 11.24 11.28 11.32 11.35 11.39 11.41 11.44 11.46 11.47 11.49 11.50 11.52 11.54 11.57 11.60 11.62 11.65 11.68 11.71 11.73 11.76 11.78 11.81 11.83 11.86 11.88 11.90 11.92 11.94 11.97 11.99 12.01 12.03 12.04 12.06 12.08 12.10 12.12 12.14 12.16 12.19 12.21 12.23 12.25 12.27 12.30 12.32 12.35 12.37 12.40 12.43 12.46 12.49 12.52 12.55 12.59
9.55 9.64 9.74 9.83 9.92 10.01 10.10 10.18 10.27 10.35 10.43 10.51 10.58 10.66 10.73 10.80 10.86 10.93 10.99 11.05 11.10 11.16 11.20 11.25 11.29 11.33 11.37 11.40 11.43 11.46 11.48 11.49 11.51 11.52 11.54 11.57 11.59 11.62 11.65 11.68 11.72 11.75 11.78 11.80 11.83 11.86 11.88 11.91 11.93 11.96 11.98 12.00 12.03 12.05 12.07 12.09 12.11 12.13 12.15 12.17 12.20 12.22 12.24 12.26 12.29 12.31 12.34 12.36 12.39 12.42 12.44 12.47 12.50 12.53 12.57 12.60 12.64 12.67 12.71 12.75
9.56 9.67 9.77 9.86 9.96 10.05 10.14 10.23 10.31 10.40 10.48 10.56 10.64 10.71 10.78 10.85 10.92 10.98 11.04 11.10 11.16 11.21 11.26 11.30 11.34 11.38 11.41 11.44 11.47 11.49 11.51 11.52 11.54 11.56 11.59 11.61 11.64 11.68 11.71 11.75 11.78 11.81 11.84 11.87 11.90 11.93 11.95 11.98 12.01 12.03 12.06 12.08 12.11 12.13 12.15 12.18 12.20 12.22 12.24 12.26 12.29 12.31 12.33 12.36 12.38 12.41 12.44 12.47 12.50 12.53 12.56 12.59 12.62 12.66 12.70 12.73 12.77 12.81 12.86 12.90
9.55 9.69 9.80 9.90 10.00 10.09 10.18 10.27 10.36 10.45 10.53 10.61 10.69 10.76 10.83 10.90 10.97 11.03 11.09 11.15 11.20 11.25 11.30 11.34 11.38 11.42 11.45 11.47 11.50 11.51 11.53 11.55 11.57 11.60 11.63 11.66 11.70 11.73 11.77 11.81 11.84 11.88 11.91 11.94 11.97 12.00 12.03 12.06 12.08 12.11 12.14 12.16 12.19 12.21 12.24 12.26 12.28 12.31 12.33 12.35 12.37 12.40 12.42 12.45 12.48 12.51 12.54 12.57 12.60 12.63 12.66 12.70 12.74 12.78 12.81 12.86 12.90 12.94 12.99 13.04
9.53 9.69 9.82 9.93 10.03 10.13 10.22 10.31 10.40 10.49 10.57 10.65 10.73 10.81 10.88 10.95 11.01 11.08 11.14 11.19 11.24 11.29 11.34 11.38 11.41 11.45 11.47 11.50 11.52 11.53 11.55 11.58 11.60 11.64 11.67 11.71 11.75 11.79 11.83 11.87 11.91 11.94 11.98 12.01 12.04 12.07 12.10 12.13 12.16 12.19 12.22 12.24 12.27 12.30 12.32 12.35 12.37 12.39 12.42 12.44 12.46 12.49 12.51 12.54 12.57 12.60 12.63 12.66 12.69 12.73 12.77 12.80 12.84 12.88 12.93 12.97 13.02 13.07 13.12 13.17
9.50 9.67 9.82 9.95 10.07 10.17 10.26 10.35 10.44 10.53 10.62 10.70 10.78 10.85 10.92 10.99 11.06 11.12 11.17 11.23 11.28 11.32 11.37 11.40 11.44 11.47 11.49 11.51 11.53 11.55 11.57 11.60 11.64 11.67 11.71 11.76 11.80 11.84 11.89 11.93 11.97 12.01 12.05 12.08 12.11 12.14 12.17 12.20 12.24 12.26 12.29 12.32 12.35 12.38 12.40 12.43 12.46 12.48 12.50 12.53 12.55 12.58 12.60 12.63 12.66 12.69 12.72 12.75 12.79 12.82 12.86 12.90 12.94 12.99 13.03 13.08 13.13 13.18 13.23 13.29
9.45 9.64 9.81 9.96 10.09 10.20 10.30 10.39 10.48 10.57 10.65 10.73 10.81 10.89 10.96 11.03 11.09 11.15 11.20 11.26 11.30 11.35 11.39 11.42 11.45 11.48 11.50 11.52 11.54 11.56 11.60 11.63 11.67 11.71 11.76 11.80 11.85 11.90 11.95 11.99 12.04 12.08 12.12 12.15 12.18 12.22 12.25 12.28 12.31 12.34 12.37 12.40 12.43 12.46 12.49 12.52 12.54 12.57 12.59 12.62 12.64 12.66 12.69 12.72 12.75 12.78 12.81 12.84 12.88 12.92 12.95 13.00 13.04 13.08 13.13 13.18 13.23 13.28 13.34 13.40
9.39 9.59 9.77 9.94 10.09 10.22 10.33 10.42 10.51 10.60 10.69 10.77 10.84 10.92 10.99 11.05 11.12 11.17 11.23 11.28 11.32 11.36 11.40 11.43 11.46 11.48 11.50 11.52 11.55 11.58 11.62 11.66 11.70 11.75 11.80 11.85 11.90 11.95 12.01 12.05 12.10 12.14 12.18 12.22 12.25 12.29 12.32 12.36 12.39 12.42 12.45 12.48 12.51 12.54 12.57 12.60 12.63 12.66 12.68 12.71 12.73 12.75 12.78 12.81 12.83 12.86 12.90 12.93 12.97 13.00 13.04 13.09 13.13 13.18 13.22 13.27 13.33 13.38 13.44 13.50
9.31 9.53 9.73 9.91 10.07 10.22 10.34 10.45 10.54 10.63 10.71 10.79 10.87 10.94 11.01 11.07 11.13 11.19 11.24 11.29 11.33 11.37 11.40 11.43 11.45 11.47 11.49 11.52 11.56 11.60 11.64 11.69 11.74 11.79 11.85 11.90 11.96 12.01 12.07 12.12 12.17 12.21 12.25 12.29 12.33 12.36 12.40 12.43 12.46 12.50 12.53 12.56 12.59 12.63 12.66 12.69 12.71 12.74 12.77 12.80 12.82 12.85 12.87 12.90 12.92 12.95 12.98 13.02 13.05 13.09 13.13 13.17 13.22 13.26 13.31 13.36 13.42 13.48 13.54 13.61
9.23 9.46 9.67 9.86 10.04 10.20 10.34 10.46 10.56 10.65 10.73 10.81 10.89 10.96 11.02 11.09 11.14 11.20 11.25 11.29 11.33 11.36 11.39 11.42 11.44 11.46 11.49 11.53 11.57 11.62 11.67 11.72 11.78 11.83 11.89 11.95 12.01 12.07 12.13 12.18 12.23 12.28 12.32 12.36 12.40 12.44 12.47 12.51 12.54 12.58 12.61 12.64 12.68 12.71 12.74 12.77 12.80 12.83 12.86 12.89 12.91 12.94 12.96 12.99 13.01 13.04 13.07 13.10 13.14 13.18 13.21 13.26 13.30 13.35 13.40 13.45 13.51 13.56 13.63 13.74
9.14 9.38 9.59 9.80 9.99 10.16 10.31 10.45 10.57 10.66 10.75 10.82 10.90 10.97 11.03 11.09 11.15 11.20 11.24 11.28 11.32 11.35 11.37 11.40 11.42 11.45 11.49 11.53 11.58 11.64 11.69 11.75 11.81 11.88 11.94 12.00 12.07 12.13 12.19 12.25 12.30 12.35 12.39 12.43 12.47 12.51 12.55 12.58 12.62 12.65 12.69 12.72 12.76 12.79 12.82 12.86 12.89 12.92 12.95 12.98 13.00 13.03 13.06 13.08 13.10 13.13 13.16 13.19 13.22 13.26 13.30 13.34 13.38 13.43 13.48 13.53 13.59 13.65 13.76 13.91
9.05 9.29 9.51 9.72 9.92 10.10 10.27 10.42 10.55 10.66 10.75 10.83 10.90 10.97 11.03 11.09 11.14 11.18 11.23 11.26 11.30 11.32 11.34 11.37 11.40 11.44 11.49 11.54 11.60 11.66 11.72 11.78 11.85 11.92 11.99 12.06 12.12 12.19 12.25 12.31 12.37 12.42 12.47 12.51 12.55 12.58 12.62 12.66 12.70 12.73 12.77 12.81 12.84 12.88 12.91 12.94 12.97 13.01 13.04 13.07 13.09 13.12 13.15 13.17 13.20 13.22 13.25 13.28 13.31 13.35 13.38 13.42 13.47 13.51 13.56 13.61 13.68 13.77 13.92 14.12
8.95 9.19 9.42 9.64 9.84 10.03 10.21 10.37 10.51 10.63 10.74 10.82 10.89 10.96 11.02 11.07 11.12 11.16 11.20 11.23 11.26 11.28 11.31 11.35 11.39 11.44 11.49 11.55 11.61 11.68 11.75 11.82 11.89 11.96 12.04 12.11 12.18 12.25 12.31 12.38 12.44 12.49 12.54 12.58 12.62 12.66 12.70 12.74 12.77 12.81 12.85 12.89 12.92 12.96 12.99 13.03 13.06 13.09 13.13 13.16 13.19 13.21 13.24 13.27 13.29 13.32 13.34 13.37 13.40 13.43 13.47 13.51 13.55 13.59 13.64 13.70 13.79 13.94 14.13 14.38
8.84 9.09 9.32 9.54 9.75 9.95 10.13 10.30 10.45 10.58 10.70 10.80 10.87 10.94 10.99 11.04 11.09 11.13 11.16 11.19 11.22 11.24 11.28 11.33 11.38 11.43 11.49 11.56 11.63 11.70 11.78 11.85 11.93 12.01 12.08 12.16 12.24 12.31 12.38 12.44 12.50 12.56 12.61 12.65 12.69 12.73 12.77 12.81 12.85 12.89 12.93 12.97 13.01 13.04 13.08 13.11 13.15 13.18 13.21 13.25 13.28 13.31 13.34 13.36 13.39 13.42 13.44 13.46 13.49 13.52 13.55 13.59 13.63 13.67 13.73 13.81 13.95 14.14 14.38 14.66
8.73 8.98 9.21 9.44 9.65 9.86 10.04 10.22 10.37 10.52 10.64 10.75 10.83 10.90 10.96 11.00 11.05 11.08 11.11 11.14 11.17 11.21 11.25 11.30 11.36 11.43 11.50 11.57 11.65 11.72 11.81 11.89 11.97 12.05 12.14 12.22 12.29 12.37 12.44 12.51 12.57 12.63 12.68 12.73 12.77 12.81 12.85 12.89 12.93 12.97 13.01 13.05 13.09 13.13 13.16 13.20 13.24 13.27 13.30 13.34 13.37 13.40 13.43 13.46 13.49 13.51 13.54 13.56 13.59 13.61 13.64 13.68 13.71 13.76 13.84 13.97 14.15 14.38 14.66 14.98
8.62 8.87 9.10 9.33 9.54 9.75 9.94 10.12 10.28 10.43 10.56 10.67 10.77 10.85 10.91 10.95 10.99 11.02 11.05 11.08 11.12 11.17 11.22 11.28 11.35 11.42 11.50 11.58 11.66 11.75 11.84 11.92 12.01 12.10 12.19 12.27 12.35 12.43 12.51 12.58 12.64 12.70 12.76 12.80 12.85 12.89 12.93 12.97 13.01 13.05 13.09 13.13 13.17 13.21 13.25 13.29 13.32 13.36 13.39 13.43 13.46 13.49 13.52 13.55 13.58 13.61 13.64 13.66 13.68 13.71 13.73 13.76 13.81 13.88 14.00 14.18 14.39 14.66 14.97 15.33
8.51 8.76 8.99 9.21 9.43 9.63 9.82 10.00 10.17 10.32 10.46 10.58 10.69 10.77 10.84 10.89 10.92 10.95 10.98 11.03 11.08 11.13 11.20 11.27 11.34 11.42 11.51 11.59 11.68 11.77 11.87 11.96 12.05 12.15 12.24 12.33 12.41 12.50 12.57 12.65 12.72 12.78 12.83 12.88 12.92 12.97 13.01 13.05 13.09 13.13 13.18 13.22 13.26 13.30 13.34 13.37 13.41 13.45 13.48 13.52 13.55 13.59 13.62 13.65 13.68 13.71 13.73 13.76 13.78 13.81 13.83 13.86 13.93 14.05 14.21 14.42 14.67 14.97 15.32 15.71
8.41 8.64 8.87 9.09 9.30 9.51 9.70 9.88 10.05 10.20 10.34 10.47 10.58 10.67 10.74 10.80 10.84 10.88 10.92 10.97 11.03 11.10 11.17 11.25 11.33 11.42 11.51 11.61 11.70 11.80 11.90 12.00 12.10 12.20 12.29 12.39 12.48 12.56 12.64 12.72 12.79 12.85 12.91 12.96 13.00 13.04 13.09 13.13 13.17 13.22 13.26 13.30 13.34 13.38 13.42 13.46 13.50 13.54 13.57 13.61 13.64 13.68 13.71 13.74 13.77 13.80 13.83 13.86 13.88 13.91 13.94 14.00 14.10 14.25 14.45 14.69 14.98 15.32 15.69 16.11
