data_processed/recharge/precip/Precip_1997_11.asc
ncols        168
nrows        136
xllcorner    455000
yllcorner    2107000
cellsize     500
NODATA_value     -99999
[rows 0 to 35 of 136, columns 0 to 81 of 168]
18.76 18.44 18.10 17.73 17.34 16.92 16.47 15.97 15.43 14.85 14.24 13.59 12.91 12.20 11.47 10.73 10.05 9.44 8.90 8.43 8.03 7.70 7.42 7.21 7.06 6.94 6.84 6.74 6.64 6.54 6.44 6.35 6.26 6.16 6.07 5.98 5.89 5.80 5.71 5.62 5.53 5.44 5.35 5.26 5.16 5.07 4.97 4.87 4.77 4.67 4.57 4.46 4.35 4.24 4.13 4.01 3.89 3.76 3.64 3.51 3.38 3.25 3.14 3.03 2.92 2.83 2.74 2.67 2.61 2.55 2.50 2.45 2.40 2.35 2.30 2.25 2.20 2.16 2.12 2.07 2.03 1.98
19.03 18.70 18.35 17.98 17.57 17.13 16.64 16.10 15.53 14.92 14.27 13.59 12.88 12.14 11.38 10.61 9.90 9.26 8.69 8.19 7.76 7.40 7.10 6.85 6.67 6.54 6.45 6.37 6.29 6.22 6.14 6.06 5.99 5.91 5.84 5.76 5.69 5.61 5.53 5.46 5.38 5.30 5.22 5.14 5.05 4.97 4.88 4.79 4.69 4.60 4.50 4.40 4.29 4.18 4.07 3.95 3.83 3.71 3.58 3.45 3.33 3.21 3.10 2.99 2.89 2.79 2.71 2.63 2.57 2.51 2.46 2.40 2.35 2.30 2.25 2.20 2.15 2.10 2.06 2.01 1.97 1.92
19.29 18.96 18.60 18.21 17.78 17.30 16.77 16.21 15.60 14.96 14.28 13.57 12.83 12.07 11.27 10.48 9.74 9.07 8.47 7.95 7.49 7.10 6.77 6.50 6.29 6.14 6.03 5.97 5.91 5.85 5.80 5.74 5.68 5.63 5.57 5.51 5.45 5.39 5.33 5.27 5.20 5.14 5.07 5.00 4.92 4.84 4.77 4.68 4.60 4.51 4.41 4.32 4.22 4.11 4.00 3.89 3.77 3.65 3.53 3.40 3.28 3.17 3.06 2.95 2.85 2.76 2.67 2.60 2.53 2.47 2.42 2.36 2.31 2.25 2.20 2.15 2.10 2.05 2.00 1.96 1.91 1.87
19.54 19.20 18.83 18.41 17.95 17.44 16.89 16.29 15.65 14.98 14.27 13.54 12.77 11.97 11.16 10.33 9.57 8.87 8.25 7.70 7.22 6.80 6.45 6.15 5.92 5.74 5.61 5.53 5.49 5.46 5.42 5.39 5.35 5.31 5.27 5.23 5.19 5.15 5.10 5.05 5.00 4.95 4.89 4.84 4.77 4.71 4.64 4.57 4.49 4.41 4.32 4.23 4.14 4.04 3.93 3.82 3.71 3.59 3.47 3.36 3.24 3.13 3.02 2.92 2.82 2.73 2.64 2.57 2.50 2.44 2.38 2.32 2.27 2.21 2.16 2.10 2.05 2.00 1.95 1.90 1.86 1.81
19.78 19.43 19.03 18.59 18.09 17.55 16.97 16.34 15.68 14.98 14.25 13.48 12.69 11.87 11.03 10.18 9.39 8.67 8.03 7.46 6.95 6.51 6.13 5.81 5.55 5.35 5.20 5.10 5.04 5.03 5.01 5.00 4.99 4.97 4.95 4.93 4.91 4.88 4.85 4.82 4.79 4.75 4.71 4.66 4.61 4.56 4.50 4.44 4.37 4.30 4.22 4.14 4.05 3.96 3.86 3.75 3.65 3.54 3.42 3.31 3.20 3.09 2.99 2.89 2.79 2.70 2.62 2.54 2.47 2.41 2.35 2.29 2.23 2.17 2.12 2.06 2.01 1.96 1.90 1.86 1.81 1.76
20.00 19.63 19.21 18.73 18.21 17.64 17.03 16.38 15.69 14.96 14.20 13.41 12.59 11.75 10.89 10.02 9.20 8.47 7.80 7.20 6.68 6.21 5.81 5.47 5.19 4.96 4.79 4.67 4.60 4.57 4.58 4.59 4.59 4.60 4.60 4.60 4.60 4.59 4.58 4.57 4.55 4.53 4.50 4.47 4.44 4.40 4.35 4.30 4.24 4.18 4.12 4.04 3.96 3.88 3.78 3.69 3.59 3.48 3.38 3.27 3.17 3.06 2.96 2.86 2.77 2.68 2.59 2.51 2.45 2.38 2.32 2.26 2.20 2.14 2.08 2.03 1.97 1.92 1.86 1.81 1.76 1.72
20.19 19.79 19.34 18.84 18.29 17.70 17.06 16.38 15.67 14.92 14.14 13.32 12.48 11.62 10.73 9.84 9.01 8.25 7.57 6.95 6.40 5.92 5.50 5.14 4.84 4.59 4.40 4.26 4.17 4.12 4.12 4.15 4.18 4.21 4.23 4.25 4.27 4.28 4.29 4.30 4.30 4.29 4.28 4.27 4.25 4.22 4.19 4.16 4.11 4.06 4.01 3.94 3.87 3.80 3.71 3.62 3.53 3.43 3.33 3.23 3.13 3.03 2.93 2.84 2.74 2.65 2.57 2.49 2.42 2.36 2.30 2.23 2.17 2.11 2.05 1.99 1.94 1.88 1.82 1.77 1.72 1.67
20.35 19.93 19.45 18.92 18.35 17.73 17.06 16.36 15.63 14.85 14.05 13.22 12.36 11.48 10.57 9.66 8.81 8.03 7.33 6.70 6.13 5.63 5.19 4.81 4.49 4.23 4.02 3.86 3.75 3.68 3.67 3.69 3.74 3.79 3.84 3.88 3.92 3.96 3.99 4.01 4.03 4.05 4.06 4.06 4.06 4.05 4.03 4.01 3.98 3.94 3.90 3.84 3.78 3.72 3.64 3.56 3.48 3.39 3.29 3.20 3.10 3.01 2.91 2.82 2.72 2.64 2.55 2.48 2.41 2.34 2.28 2.21 2.15 2.09 2.02 1.96 1.91 1.85 1.79 1.74 1.68 1.63
20.47 20.02 19.52 18.97 18.37 17.73 17.04 16.32 15.56 14.77 13.95 13.10 12.22 11.32 10.40 9.47 8.60 7.81 7.09 6.44 5.85 5.34 4.88 4.49 4.15 3.87 3.65 3.47 3.34 3.27 3.23 3.24 3.28 3.36 3.43 3.50 3.56 3.62 3.67 3.72 3.76 3.79 3.82 3.84 3.85 3.86 3.86 3.85 3.84 3.82 3.79 3.75 3.70 3.64 3.58 3.50 3.42 3.34 3.25 3.16 3.07 2.98 2.89 2.80 2.71 2.62 2.54 2.46 2.39 2.32 2.26 2.19 2.13 2.06 2.00 1.94 1.88 1.82 1.76 1.71 1.65 1.60
20.56 20.08 19.56 18.98 18.36 17.70 17.00 16.26 15.48 14.67 13.83 12.96 12.06 11.15 10.21 9.27 8.39 7.58 6.84 6.18 5.58 5.05 4.58 4.17 3.82 3.53 3.29 3.10 2.96 2.86 2.81 2.81 2.84 2.91 3.00 3.10 3.18 3.27 3.34 3.41 3.47 3.53 3.58 3.62 3.65 3.68 3.69 3.70 3.70 3.70 3.68 3.65 3.61 3.57 3.51 3.45 3.38 3.30 3.22 3.13 3.05 2.96 2.87 2.78 2.69 2.61 2.53 2.45 2.38 2.31 2.24 2.18 2.11 2.05 1.98 1.92 1.86 1.80 1.74 1.68 1.62 1.57
20.60 20.11 19.56 18.97 18.33 17.65 16.93 16.17 15.37 14.54 13.69 12.80 11.89 10.96 10.01 9.06 8.16 7.34 6.60 5.92 5.31 4.76 4.28 3.86 3.50 3.19 2.94 2.74 2.58 2.48 2.42 2.40 2.42 2.48 2.57 2.68 2.80 2.90 3.00 3.10 3.18 3.26 3.33 3.39 3.44 3.49 3.53 3.55 3.57 3.58 3.58 3.56 3.53 3.49 3.45 3.39 3.33 3.26 3.18 3.11 3.02 2.94 2.85 2.77 2.68 2.60 2.52 2.44 2.37 2.30 2.23 2.16 2.10 2.03 1.97 1.90 1.84 1.78 1.72 1.66 1.60 1.54
20.61 20.10 19.53 18.92 18.27 17.57 16.83 16.05 15.24 14.40 13.53 12.63 11.71 10.77 9.81 8.84 7.94 7.10 6.35 5.66 5.04 4.48 3.99 3.56 3.18 2.87 2.60 2.39 2.23 2.11 2.04 2.01 2.02 2.07 2.15 2.27 2.40 2.53 2.66 2.78 2.89 2.99 3.08 3.16 3.24 3.30 3.36 3.41 3.44 3.46 3.47 3.47 3.45 3.42 3.38 3.34 3.28 3.22 3.15 3.08 3.00 2.92 2.84 2.76 2.68 2.59 2.51 2.44 2.36 2.29 2.22 2.16 2.09 2.02 1.95 1.89 1.82 1.76 1.70 1.64 1.58 1.52
20.59 20.06 19.47 18.85 18.17 17.46 16.71 15.92 15.09 14.24 13.36 12.45 11.51 10.56 9.59 8.62 7.70 6.86 6.09 5.39 4.76 4.20 3.70 3.26 2.88 2.55 2.28 2.06 1.89 1.76 1.68 1.64 1.64 1.68 1.76 1.87 2.00 2.16 2.31 2.45 2.59 2.72 2.83 2.94 3.04 3.12 3.20 3.27 3.32 3.35 3.37 3.38 3.37 3.35 3.32 3.29 3.24 3.18 3.12 3.06 2.98 2.91 2.83 2.75 2.67 2.59 2.51 2.44 2.36 2.29 2.22 2.15 2.08 2.01 1.95 1.88 1.81 1.75 1.69 1.62 1.56 1.51
20.53 19.98 19.38 18.74 18.05 17.32 16.56 15.76 14.92 14.06 13.16 12.25 11.30 10.34 9.36 8.38 7.46 6.61 5.84 5.13 4.49 3.92 3.41 2.97 2.58 2.25 1.97 1.74 1.56 1.43 1.34 1.30 1.29 1.33 1.39 1.49 1.63 1.78 1.96 2.13 2.29 2.44 2.59 2.72 2.84 2.95 3.05 3.13 3.19 3.24 3.27 3.29 3.29 3.29 3.27 3.24 3.20 3.15 3.10 3.03 2.97 2.90 2.82 2.75 2.67 2.59 2.51 2.44 2.36 2.29 2.22 2.15 2.08 2.01 1.94 1.87 1.81 1.74 1.68 1.61 1.55 1.49
20.43 19.87 19.26 18.60 17.90 17.16 16.39 15.58 14.73 13.86 12.95 12.03 11.08 10.11 9.12 8.14 7.21 6.36 5.58 4.87 4.23 3.65 3.14 2.68 2.29 1.95 1.67 1.43 1.25 1.12 1.02 0.97 0.96 0.99 1.06 1.15 1.28 1.43 1.61 1.81 2.00 2.18 2.35 2.50 2.65 2.78 2.90 2.99 3.07 3.13 3.17 3.20 3.22 3.22 3.21 3.19 3.16 3.12 3.07 3.02 2.95 2.89 2.82 2.74 2.67 2.59 2.52 2.44 2.37 2.29 2.22 2.15 2.08 2.01 1.94 1.87 1.80 1.74 1.67 1.61 1.55 1.48
20.30 19.72 19.10 18.44 17.73 16.98 16.19 15.37 14.52 13.64 12.73 11.80 10.84 9.87 8.88 7.89 6.96 6.10 5.32 4.60 3.96 3.38 2.86 2.41 2.01 1.67 1.38 1.15 0.96 0.82 0.73 0.67 0.66 0.69 0.75 0.84 0.96 1.12 1.29 1.50 1.71 1.92 2.11 2.30 2.47 2.62 2.75 2.86 2.95 3.02 3.08 3.12 3.14 3.16 3.16 3.14 3.12 3.09 3.05 3.00 2.94 2.88 2.81 2.74 2.67 2.60 2.52 2.45 2.37 2.30 2.23 2.16 2.08 2.01 1.94 1.87 1.80 1.74 1.67 1.61 1.54 1.48
20.13 19.55 18.91 18.24 17.52 16.76 15.97 15.14 14.29 13.40 12.49 11.55 10.59 9.61 8.62 7.63 6.70 5.84 5.05 4.34 3.69 3.11 2.59 2.14 1.74 1.40 1.11 0.87 0.68 0.54 0.45 0.39 0.38 0.40 0.46 0.56 0.68 0.83 1.01 1.21 1.43 1.66 1.89 2.10 2.29 2.45 2.60 2.72 2.83 2.91 2.98 3.03 3.07 3.09 3.10 3.10 3.09 3.06 3.03 2.98 2.93 2.88 2.81 2.75 2.68 2.61 2.53 2.46 2.38 2.31 2.24 2.16 2.09 2.02 1.95 1.88 1.81 1.74 1.67 1.61 1.54 1.48
19.93 19.34 18.70 18.01 17.29 16.53 15.73 14.90 14.03 13.14 12.23 11.29 10.33 9.35 8.36 7.37 6.43 5.58 4.79 4.08 3.43 2.85 2.33 1.87 1.48 1.13 0.85 0.61 0.42 0.28 0.19 0.14 0.12 0.15 0.21 0.30 0.43 0.58 0.76 0.96 1.18 1.43 1.67 1.90 2.11 2.29 2.45 2.59 2.70 2.80 2.89 2.95 3.00 3.03 3.05 3.06 3.05 3.03 3.01 2.97 2.93 2.87 2.82 2.75 2.69 2.62 2.54 2.47 2.39 2.32 2.25 2.17 2.10 2.03 1.96 1.89 1.82 1.75 1.68 1.61 1.55 1.48
19.69 19.09 18.45 17.76 17.03 16.26 15.46 14.63 13.76 12.87 11.95 11.01 10.05 9.08 8.08 7.09 6.16 5.31 4.53 3.81 3.17 2.59 2.07 1.62 1.22 0.89 0.60 0.37 0.18 0.05 0.00 0.00 0.00 0.00 0.00 0.08 0.21 0.36 0.54 0.75 0.98 1.22 1.46 1.71 1.93 2.12 2.30 2.45 2.59 2.70 2.79 2.87 2.93 2.97 3.00 3.02 3.02 3.01 2.99 2.96 2.92 2.87 2.82 2.76 2.70 2.63 2.56 2.48 2.41 2.34 2.26 2.19 2.11 2.04 1.97 1.90 1.83 1.76 1.69 1.62 1.55 1.49
19.42 18.81 18.17 17.47 16.74 15.97 15.17 14.33 13.47 12.58 11.66 10.72 9.76 8.79 7.80 6.82 5.89 5.04 4.26 3.55 2.91 2.34 1.82 1.37 0.98 0.65 0.37 0.14 0.00 0.00 0.00 0.00 0.00 0.00 0.00 0.00 0.02 0.18 0.37 0.58 0.80 1.04 1.27 1.51 1.75 1.96 2.15 2.32 2.47 2.59 2.70 2.79 2.86 2.91 2.95 2.98 2.99 2.99 2.97 2.95 2.92 2.88 2.83 2.77 2.71 2.64 2.57 2.50 2.43 2.35 2.28 2.20 2.13 2.06 1.98 1.91 1.84 1.77 1.70 1.63 1.57 1.50
19.11 18.51 17.85 17.16 16.43 15.66 14.86 14.02 13.16 12.27 11.35 10.42 9.46 8.49 7.51 6.53 5.61 4.76 3.99 3.29 2.65 2.09 1.58 1.14 0.75 0.42 0.15 0.00 0.00 0.00 0.00 0.00 0.00 0.00 0.00 0.00 0.00 0.03 0.22 0.44 0.66 0.88 1.11 1.34 1.57 1.80 2.01 2.19 2.35 2.49 2.61 2.71 2.79 2.86 2.91 2.94 2.96 2.97 2.96 2.94 2.92 2.88 2.84 2.78 2.73 2.66 2.59 2.52 2.45 2.37 2.30 2.22 2.15 2.08 2.00 1.93 1.86 1.79 1.72 1.65 1.58 1.52
18.77 18.16 17.51 16.82 16.09 15.32 14.52 13.69 12.83 11.94 11.03 10.10 9.15 8.19 7.21 6.24 5.33 4.49 3.72 3.03 2.40 1.84 1.34 0.91 0.53 0.21 0.00 0.00 0.00 0.00 0.00 0.00 0.00 0.00 0.00 0.00 0.00 0.00 0.11 0.32 0.53 0.75 0.97 1.19 1.42 1.64 1.86 2.06 2.23 2.39 2.52 2.63 2.73 2.80 2.86 2.91 2.93 2.95 2.95 2.94 2.92 2.89 2.85 2.80 2.74 2.68 2.62 2.55 2.47 2.40 2.32 2.25 2.17 2.10 2.03 1.95 1.88 1.81 1.74 1.67 1.60 1.54
18.40 17.79 17.14 16.45 15.72 14.96 14.16 13.33 12.48 11.60 10.69 9.77 8.83 7.87 6.91 5.94 5.04 4.21 3.46 2.77 2.15 1.60 1.11 0.69 0.32 0.01 0.00 0.00 0.00 0.00 0.00 0.00 0.00 0.00 0.00 0.00 0.00 0.00 0.02 0.22 0.43 0.64 0.85 1.07 1.28 1.50 1.72 1.93 2.12 2.29 2.43 2.56 2.66 2.75 2.82 2.87 2.91 2.93 2.94 2.94 2.92 2.89 2.86 2.81 2.76 2.70 2.64 2.57 2.50 2.42 2.35 2.27 2.20 2.13 2.05 1.98 1.91 1.83 1.76 1.69 1.63 1.56
17.99 17.39 16.74 16.05 15.33 14.57 13.78 12.96 12.11 11.23 10.34 9.43 8.49 7.55 6.59 5.64 4.75 3.93 3.19 2.51 1.91 1.37 0.89 0.48 0.12 0.00 0.00 0.00 0.00 0.00 0.00 0.00 0.00 0.00 0.00 0.00 0.00 0.00 0.00 0.14 0.34 0.54 0.75 0.96 1.17 1.38 1.60 1.81 2.01 2.19 2.34 2.48 2.60 2.70 2.78 2.84 2.88 2.92 2.93 2.94 2.93 2.91 2.87 2.83 2.79 2.73 2.67 2.60 2.53 2.45 2.38 2.30 2.23 2.15 2.08 2.01 1.93 1.86 1.79 1.72 1.65 1.59
17.55 16.95 16.31 15.63 14.91 14.16 13.37 12.56 11.72 10.86 9.97 9.07 8.15 7.22 6.27 5.33 4.45 3.65 2.92 2.26 1.67 1.14 0.68 0.28 0.00 0.00 0.00 0.00 0.00 0.00 0.00 0.00 0.00 0.00 0.00 0.00 0.00 0.00 0.00 0.08 0.27 0.47 0.67 0.87 1.08 1.28 1.49 1.69 1.90 2.09 2.26 2.41 2.54 2.65 2.74 2.81 2.86 2.90 2.93 2.94 2.93 2.92 2.89 2.86 2.81 2.76 2.70 2.63 2.56 2.48 2.41 2.33 2.26 2.19 2.11 2.04 1.97 1.89 1.82 1.75 1.68 1.62
17.08 16.48 15.85 15.17 14.46 13.72 12.95 12.14 11.31 10.46 9.59 8.70 7.79 6.87 5.94 5.02 4.16 3.37 2.65 2.01 1.43 0.92 0.47 0.08 0.00 0.00 0.00 0.00 0.00 0.00 0.00 0.00 0.00 0.00 0.00 0.00 0.00 0.00 0.00 0.03 0.21 0.40 0.60 0.80 1.00 1.20 1.40 1.60 1.80 1.99 2.17 2.34 2.48 2.60 2.70 2.78 2.84 2.89 2.92 2.94 2.94 2.93 2.91 2.88 2.84 2.79 2.73 2.66 2.59 2.52 2.44 2.37 2.29 2.22 2.15 2.07 2.00 1.93 1.86 1.79 1.72 1.65
16.57 15.98 15.36 14.69 13.99 13.26 12.50 11.71 10.89 10.05 9.19 8.32 7.43 6.52 5.61 4.70 3.85 3.08 2.38 1.75 1.19 0.70 0.27 0.00 0.00 0.00 0.00 0.00 0.00 0.00 0.00 0.00 0.00 0.00 0.00 0.00 0.00 0.00 0.00 0.00 0.17 0.36 0.55 0.74 0.94 1.14 1.33 1.53 1.72 1.91 2.09 2.26 2.42 2.55 2.66 2.75 2.82 2.88 2.92 2.94 2.95 2.95 2.93 2.90 2.87 2.82 2.76 2.70 2.63 2.55 2.48 2.41 2.33 2.26 2.18 2.11 2.04 1.97 1.89 1.82 1.76 1.69
16.03 15.46 14.84 14.19 13.50 12.78 12.03 11.25 10.45 9.63 8.78 7.92 7.05 6.16 5.27 4.38 3.55 2.80 2.12 1.51 0.97 0.49 0.08 0.00 0.00 0.00 0.00 0.00 0.00 0.00 0.00 0.00 0.00 0.00 0.00 0.00 0.00 0.00 0.00 0.00 0.13 0.32 0.50 0.70 0.89 1.08 1.28 1.47 1.66 1.84 2.02 2.19 2.36 2.50 2.62 2.72 2.80 2.87 2.92 2.95 2.96 2.97 2.95 2.93 2.90 2.85 2.80 2.74 2.67 2.59 2.52 2.45 2.37 2.30 2.22 2.15 2.08 2.01 1.94 1.87 1.80 1.73
15.46 14.90 14.29 13.65 12.98 12.27 11.54 10.78 9.99 9.18 8.36 7.52 6.66 5.79 4.92 4.05 3.24 2.51 1.85 1.26 0.74 0.29 0.00 0.00 0.00 0.00 0.00 0.00 0.00 0.00 0.00 0.00 0.00 0.00 0.00 0.00 0.00 0.00 0.00 0.00 0.11 0.29 0.47 0.66 0.85 1.04 1.23 1.42 1.61 1.79 1.97 2.14 2.30 2.45 2.58 2.70 2.79 2.86 2.92 2.95 2.98 2.98 2.98 2.96 2.93 2.89 2.84 2.78 2.71 2.63 2.56 2.49 2.41 2.34 2.27 2.19 2.12 2.05 1.98 1.91 1.84 1.77
14.86 14.31 13.72 13.09 12.43 11.74 11.03 10.28 9.52 8.73 7.92 7.10 6.26 5.42 4.56 3.72 2.93 2.22 1.59 1.02 0.52 0.09 0.00 0.00 0.00 0.00 0.00 0.00 0.00 0.00 0.00 0.00 0.00 0.00 0.00 0.00 0.00 0.00 0.00 0.00 0.08 0.26 0.44 0.63 0.82 1.01 1.20 1.38 1.57 1.75 1.92 2.09 2.26 2.41 2.55 2.67 2.77 2.85 2.92 2.96 2.99 3.01 3.01 2.99 2.96 2.93 2.88 2.82 2.75 2.68 2.61 2.53 2.46 2.39 2.31 2.24 2.17 2.10 2.03 1.96 1.89 1.82
14.23 13.69 13.11 12.51 11.86 11.19 10.49 9.77 9.02 8.25 7.47 6.67 5.86 5.03 4.20 3.38 2.62 1.93 1.32 0.78 0.31 0.00 0.00 0.00 0.00 0.00 0.00 0.00 0.00 0.00 0.00 0.00 0.00 0.00 0.00 0.00 0.00 0.00 0.00 0.00 0.07 0.24 0.42 0.61 0.79 0.98 1.17 1.35 1.54 1.72 1.89 2.06 2.22 2.37 2.52 2.65 2.76 2.85 2.92 2.97 3.01 3.03 3.03 3.02 3.00 2.97 2.92 2.86 2.80 2.72 2.65 2.58 2.51 2.43 2.36 2.29 2.22 2.15 2.08 2.01 1.94 1.87
13.58 13.04 12.48 11.89 11.27 10.62 9.94 9.24 8.51 7.77 7.00 6.23 5.44 4.64 3.84 3.04 2.31 1.65 1.06 0.55 0.10 0.00 0.00 0.00 0.00 0.00 0.00 0.00 0.00 0.00 0.00 0.00 0.00 0.00 0.00 0.00 0.00 0.00 0.00 0.00 0.05 0.22 0.41 0.59 0.77 0.96 1.15 1.33 1.51 1.69 1.87 2.04 2.20 2.35 2.49 2.63 2.75 2.84 2.92 2.98 3.03 3.05 3.06 3.06 3.04 3.01 2.96 2.91 2.84 2.77 2.70 2.63 2.56 2.49 2.41 2.34 2.27 2.20 2.13 2.06 1.99 1.93
12.92 12.38 11.83 11.25 10.65 10.02 9.37 8.69 7.99 7.26 6.53 5.78 5.01 4.24 3.47 2.70 1.99 1.36 0.80 0.31 0.00 0.00 0.00 0.00 0.00 0.00 0.00 0.00 0.00 0.00 0.00 0.00 0.00 0.00 0.00 0.00 0.00 0.00 0.00 0.00 0.03 0.21 0.39 0.57 0.76 0.94 1.13 1.31 1.50 1.68 1.85 2.02 2.18 2.34 2.48 2.61 2.73 2.84 2.93 3.00 3.05 3.08 3.09 3.09 3.08 3.05 3.01 2.96 2.89 2.82 2.75 2.68 2.61 2.54 2.47 2.40 2.33 2.26 2.19 2.12 2.05 1.98
12.24 11.71 11.16 10.59 10.01 9.41 8.77 8.12 7.44 6.75 6.04 5.31 4.58 3.84 3.09 2.35 1.67 1.07 0.54 0.09 0.00 0.00 0.00 0.00 0.00 0.00 0.00 0.00 0.00 0.00 0.00 0.00 0.00 0.00 0.00 0.00 0.00 0.00 0.00 0.00 0.01 0.19 0.37 0.55 0.74 0.93 1.11 1.30 1.48 1.66 1.84 2.01 2.17 2.33 2.47 2.61 2.73 2.84 2.94 3.01 3.07 3.11 3.13 3.13 3.12 3.10 3.06 3.01 2.95 2.88 2.81 2.74 2.67 2.60 2.53 2.46 2.39 2.32 2.25 2.18 2.11 2.03
11.56 11.03 10.48 9.93 9.35 8.77 8.16 7.53 6.88 6.22 5.53 4.84 4.14 3.42 2.71 2.00 1.36 0.79 0.29 0.00 0.00 0.00 0.00 0.00 0.00 0.00 0.00 0.00 0.00 0.00 0.00 0.00 0.00 0.00 0.00 0.00 0.00 0.00 0.00 0.00 0.00 0.16 0.35 0.53 0.72 0.91 1.10 1.29 1.47 1.65 1.83 2.00 2.17 2.32 2.47 2.61 2.73 2.85 2.94 3.03 3.09 3.14 3.16 3.17 3.17 3.14 3.11 3.06 3.00 2.93 2.86 2.79 2.72 2.65 2.59 2.52 2.45 2.38 2.31 2.24 2.16 2.08
10.86 10.34 9.80 9.25 8.68 8.11 7.53 6.93 6.31 5.67 5.02 4.36 3.68 3.00 2.32 1.65 1.04 0.50 0.04 0.00 0.00 0.00 0.00 0.00 0.00 0.00 0.00 0.00 0.00 0.00 0.00 0.00 0.00 0.00 0.00 0.00 0.00 0.00 0.00 0.00 0.00 0.14 0.32 0.51 0.70 0.89 1.08 1.27 1.46 1.64 1.82 1.99 2.16 2.32 2.47 2.61 2.74 2.86 2.96 3.04 3.11 3.17 3.20 3.21 3.21 3.19 3.16 3.11 3.06 2.99 2.92 2.85 2.78 2.72 2.65 2.58 2.51 2.44 2.37 2.29 2.21 2.12
