data_processed/recharge/precip/Precip_1985_10.asc
ncols        168
nrows        136
xllcorner    455000
yllcorner    2107000
cellsize     500
NODATA_value     -99999
[rows 70 to 104 of 136, columns 79 to 157 of 168]
19.33 19.13 18.89 18.64 18.36 18.06 17.74 17.41 17.07 16.71 16.35 16.00 15.70 15.49 15.37 15.33 15.38 15.46 15.58 15.71 15.87 16.04 16.24 16.45 16.68 16.93 17.18 17.45 17.73 18.02 18.32 18.63 18.94 19.25 19.57 19.88 20.20 20.51 20.82 21.13 21.43 21.75 22.08 22.43 22.79 23.17 23.56 23.97 24.40 24.84 25.30 25.78 26.28 26.79 27.32 27.88 28.44 29.03 29.64 30.27 30.92 31.59 32.28 32.98 33.59 33.96 34.05 33.90 33.51 32.93 32.22 31.39 30.45 29.41 28.27 27.06 25.77 24.41 23.01
19.72 19.57 19.40 19.21 19.01 18.78 18.55 18.30 18.05 17.79 17.53 17.27 17.02 16.84 16.74 16.72 16.75 16.80 16.88 16.99 17.12 17.27 17.44 17.63 17.83 18.06 18.29 18.54 18.81 19.08 19.36 19.66 19.95 20.25 20.56 20.87 21.18 21.49 21.79 22.10 22.40 22.71 23.04 23.38 23.74 24.11 24.49 24.89 25.31 25.74 26.18 26.65 27.13 27.62 28.13 28.66 29.21 29.78 30.36 30.96 31.58 32.22 32.88 33.56 34.26 34.86 35.21 35.30 35.18 34.90 34.47 33.90 33.20 32.38 31.45 30.42 29.29 28.09 26.81
20.10 20.01 19.90 19.78 19.64 19.49 19.34 19.18 19.01 18.85 18.69 18.53 18.38 18.25 18.17 18.13 18.12 18.14 18.19 18.27 18.37 18.49 18.64 18.81 18.99 19.19 19.41 19.64 19.89 20.15 20.42 20.70 20.98 21.27 21.57 21.87 22.17 22.48 22.78 23.08 23.38 23.70 24.02 24.36 24.71 25.07 25.45 25.84 26.24 26.66 27.09 27.54 28.00 28.48 28.97 29.48 30.01 30.55 31.11 31.69 32.29 32.90 33.53 34.18 34.85 35.53 36.12 36.51 36.71 36.73 36.59 36.29 35.83 35.24 34.52 33.69 32.74 31.69 30.55
20.46 20.43 20.38 20.33 20.26 20.19 20.11 20.03 19.96 19.89 19.82 19.76 19.72 19.67 19.60 19.53 19.49 19.48 19.50 19.55 19.62 19.72 19.84 19.99 20.15 20.33 20.53 20.75 20.98 21.22 21.48 21.74 22.02 22.30 22.59 22.89 23.18 23.48 23.78 24.08 24.39 24.70 25.02 25.35 25.70 26.05 26.42 26.80 27.19 27.60 28.02 28.46 28.90 29.36 29.84 30.33 30.84 31.36 31.90 32.45 33.02 33.61 34.21 34.83 35.47 36.13 36.85 37.55 38.08 38.41 38.56 38.53 38.34 37.99 37.49 36.85 36.09 35.21 34.22
20.82 20.85 20.86 20.87 20.87 20.87 20.87 20.87 20.88 20.90 20.93 20.97 21.02 21.03 20.99 20.92 20.85 20.82 20.81 20.83 20.88 20.95 21.05 21.17 21.31 21.48 21.66 21.86 22.07 22.30 22.55 22.80 23.07 23.34 23.62 23.91 24.21 24.50 24.80 25.10 25.40 25.71 26.03 26.36 26.70 27.05 27.41 27.79 28.17 28.57 28.98 29.40 29.83 30.28 30.74 31.21 31.69 32.20 32.71 33.24 33.79 34.35 34.92 35.52 36.13 36.81 37.57 38.43 39.26 39.92 40.37 40.63 40.70 40.59 40.32 39.90 39.33 38.62 37.78
21.17 21.25 21.32 21.39 21.46 21.53 21.61 21.69 21.79 21.90 22.02 22.15 22.25 22.30 22.31 22.28 22.21 22.14 22.11 22.10 22.12 22.17 22.25 22.35 22.47 22.62 22.78 22.97 23.17 23.39 23.62 23.86 24.12 24.39 24.66 24.95 25.24 25.53 25.83 26.13 26.43 26.74 27.06 27.39 27.72 28.07 28.43 28.79 29.17 29.55 29.95 30.36 30.78 31.21 31.65 32.11 32.58 33.06 33.55 34.06 34.58 35.12 35.67 36.24 36.87 37.59 38.40 39.31 40.29 41.24 42.00 42.55 42.89 43.05 43.01 42.81 42.44 41.91 41.24
21.52 21.65 21.77 21.91 22.04 22.18 22.34 22.50 22.68 22.88 23.08 23.25 23.39 23.49 23.54 23.56 23.53 23.46 23.40 23.37 23.37 23.39 23.45 23.53 23.63 23.76 23.91 24.08 24.26 24.47 24.69 24.93 25.17 25.44 25.71 25.99 26.27 26.57 26.86 27.17 27.47 27.78 28.10 28.43 28.76 29.10 29.45 29.81 30.18 30.56 30.94 31.34 31.75 32.16 32.59 33.03 33.48 33.94 34.42 34.90 35.40 35.92 36.45 37.03 37.71 38.48 39.34 40.28 41.30 42.39 43.43 44.28 44.91 45.33 45.54 45.56 45.40 45.07 44.57
21.85 22.03 22.22 22.41 22.61 22.82 23.05 23.29 23.55 23.82 24.07 24.28 24.45 24.59 24.69 24.75 24.76 24.74 24.68 24.62 24.60 24.60 24.64 24.70 24.78 24.89 25.03 25.18 25.36 25.55 25.76 25.99 26.23 26.49 26.75 27.03 27.31 27.61 27.91 28.21 28.52 28.83 29.15 29.47 29.81 30.15 30.49 30.84 31.21 31.57 31.95 32.34 32.73 33.14 33.55 33.97 34.41 34.85 35.31 35.77 36.25 36.74 37.29 37.93 38.66 39.48 40.38 41.35 42.40 43.52 44.69 45.82 46.73 47.42 47.89 48.15 48.21 48.07 47.75
22.18 22.41 22.65 22.90 23.16 23.44 23.74 24.06 24.39 24.70 24.98 25.23 25.44 25.61 25.75 25.85 25.91 25.94 25.92 25.87 25.82 25.80 25.82 25.86 25.93 26.02 26.14 26.28 26.45 26.63 26.83 27.05 27.29 27.54 27.80 28.07 28.36 28.65 28.95 29.26 29.57 29.88 30.21 30.53 30.86 31.20 31.54 31.89 32.24 32.61 32.97 33.35 33.73 34.13 34.53 34.93 35.35 35.78 36.21 36.66 37.12 37.64 38.24 38.94 39.72 40.58 41.51 42.52 43.59 44.73 45.92 47.16 48.35 49.32 50.05 50.55 50.83 50.91 50.78
22.50 22.78 23.07 23.38 23.71 24.05 24.42 24.81 25.17 25.51 25.82 26.09 26.34 26.55 26.73 26.87 26.98 27.05 27.08 27.07 27.03 26.99 26.99 27.01 27.06 27.14 27.25 27.38 27.53 27.70 27.90 28.11 28.34 28.58 28.84 29.12 29.40 29.69 30.00 30.31 30.62 30.94 31.27 31.59 31.92 32.26 32.60 32.94 33.29 33.65 34.01 34.37 34.75 35.13 35.52 35.91 36.31 36.72 37.14 37.57 38.06 38.63 39.29 40.04 40.86 41.76 42.73 43.76 44.86 46.02 47.22 48.48 49.77 50.99 52.00 52.75 53.27 53.56 53.62
22.82 23.15 23.49 23.85 24.24 24.65 25.08 25.49 25.88 26.24 26.58 26.89 27.16 27.41 27.63 27.81 27.96 28.07 28.15 28.19 28.19 28.16 28.14 28.15 28.19 28.25 28.34 28.46 28.60 28.77 28.95 29.16 29.39 29.63 29.88 30.16 30.44 30.74 31.04 31.36 31.68 32.00 32.33 32.66 32.99 33.32 33.66 34.00 34.35 34.70 35.05 35.41 35.77 36.14 36.52 36.90 37.29 37.68 38.09 38.55 39.09 39.72 40.44 41.23 42.10 43.03 44.03 45.09 46.21 47.38 48.59 49.85 51.15 52.47 53.72 54.73 55.49 56.00 56.28
23.13 23.50 23.90 24.32 24.76 25.22 25.68 26.11 26.52 26.91 27.27 27.61 27.91 28.19 28.45 28.67 28.86 29.01 29.14 29.22 29.28 29.29 29.28 29.27 29.29 29.34 29.43 29.53 29.67 29.82 30.00 30.20 30.42 30.66 30.92 31.19 31.48 31.78 32.09 32.41 32.73 33.06 33.39 33.72 34.06 34.39 34.73 35.07 35.41 35.75 36.10 36.45 36.81 37.17 37.53 37.90 38.27 38.66 39.09 39.61 40.22 40.91 41.67 42.51 43.41 44.38 45.41 46.49 47.62 48.80 50.02 51.28 52.57 53.89 55.23 56.48 57.49 58.24 58.73
23.43 23.85 24.30 24.77 25.26 25.75 26.22 26.67 27.09 27.50 27.89 28.25 28.59 28.90 29.19 29.44 29.67 29.87 30.04 30.17 30.27 30.34 30.37 30.37 30.38 30.42 30.49 30.59 30.71 30.86 31.04 31.23 31.45 31.69 31.94 32.22 32.50 32.81 33.12 33.45 33.78 34.12 34.45 34.79 35.12 35.46 35.79 36.13 36.47 36.81 37.15 37.50 37.85 38.20 38.55 38.91 39.27 39.69 40.19 40.77 41.44 42.18 42.99 43.87 44.81 45.80 46.86 47.96 49.10 50.29 51.51 52.77 54.05 55.36 56.68 58.01 59.25 60.23 60.95
23.73 24.20 24.69 25.20 25.71 26.21 26.69 27.15 27.60 28.03 28.44 28.83 29.19 29.53 29.85 30.14 30.41 30.65 30.86 31.04 31.18 31.30 31.38 31.43 31.45 31.48 31.54 31.63 31.75 31.89 32.06 32.25 32.47 32.70 32.96 33.23 33.52 33.83 34.15 34.49 34.83 35.17 35.51 35.85 36.19 36.52 36.86 37.20 37.53 37.87 38.21 38.55 38.89 39.23 39.58 39.93 40.33 40.81 41.38 42.02 42.74 43.53 44.38 45.30 46.27 47.30 48.37 49.49 50.64 51.83 53.06 54.30 55.57 56.86 58.16 59.47 60.78 61.98 62.93
24.03 24.53 25.06 25.59 26.10 26.61 27.10 27.58 28.04 28.49 28.92 29.33 29.72 30.09 30.44 30.77 31.07 31.34 31.59 31.82 32.01 32.17 32.31 32.41 32.48 32.52 32.57 32.65 32.76 32.90 33.06 33.25 33.47 33.70 33.96 34.24 34.53 34.84 35.17 35.51 35.86 36.21 36.56 36.90 37.24 37.58 37.92 38.26 38.60 38.93 39.26 39.60 39.93 40.27 40.61 41.00 41.47 42.02 42.65 43.35 44.12 44.95 45.85 46.80 47.80 48.85 49.94 51.07 52.23 53.43 54.64 55.88 57.14 58.40 59.68 60.96 62.24 63.50 64.65
24.32 24.85 25.39 25.92 26.44 26.95 27.46 27.95 28.42 28.89 29.34 29.77 30.18 30.58 30.96 31.32 31.65 31.96 32.25 32.52 32.75 32.96 33.15 33.30 33.42 33.51 33.57 33.65 33.75 33.89 34.05 34.23 34.45 34.68 34.94 35.22 35.52 35.84 36.18 36.53 36.89 37.25 37.60 37.95 38.30 38.64 38.98 39.32 39.65 39.99 40.32 40.65 40.98 41.31 41.69 42.15 42.69 43.31 43.99 44.75 45.57 46.45 47.38 48.36 49.39 50.46 51.56 52.70 53.87 55.06 56.27 57.50 58.73 59.98 61.22 62.47 63.70 64.93 66.13
24.60 25.13 25.67 26.20 26.72 27.24 27.75 28.25 28.74 29.22 29.69 30.14 30.58 31.00 31.40 31.79 32.16 32.51 32.83 33.14 33.42 33.67 33.90 34.10 34.27 34.42 34.53 34.62 34.72 34.85 35.01 35.20 35.41 35.65 35.91 36.20 36.50 36.83 37.17 37.53 37.90 38.27 38.63 38.99 39.34 39.68 40.03 40.37 40.70 41.04 41.37 41.69 42.02 42.40 42.85 43.38 43.99 44.67 45.41 46.22 47.08 48.00 48.97 49.98 51.03 52.12 53.23 54.38 55.55 56.73 57.93 59.14 60.36 61.58 62.79 63.99 65.19 66.36 67.52
24.84 25.37 25.90 26.43 26.95 27.48 27.99 28.50 29.00 29.49 29.98 30.45 30.90 31.35 31.78 32.20 32.59 32.97 33.34 33.68 34.00 34.29 34.57 34.82 35.04 35.24 35.41 35.55 35.67 35.79 35.95 36.14 36.35 36.59 36.86 37.15 37.46 37.79 38.14 38.52 38.90 39.27 39.64 40.01 40.37 40.72 41.07 41.41 41.75 42.08 42.41 42.74 43.11 43.56 44.09 44.69 45.36 46.10 46.90 47.75 48.66 49.61 50.61 51.65 52.72 53.82 54.95 56.09 57.26 58.44 59.63 60.82 62.01 63.19 64.37 65.53 66.68 67.80 68.90
25.03 25.56 26.08 26.61 27.13 27.66 28.18 28.69 29.20 29.71 30.20 30.69 31.17 31.63 32.09 32.53 32.96 33.37 33.76 34.14 34.50 34.84 35.16 35.45 35.73 35.97 36.20 36.39 36.56 36.71 36.87 37.05 37.27 37.51 37.78 38.08 38.40 38.74 39.10 39.48 39.88 40.26 40.64 41.02 41.38 41.74 42.09 42.44 42.78 43.11 43.44 43.82 44.27 44.80 45.40 46.07 46.80 47.60 48.44 49.34 50.29 51.28 52.30 53.36 54.45 55.56 56.69 57.84 59.00 60.17 61.34 62.51 63.67 64.82 65.96 67.08 68.18 69.24 70.28
25.18 25.70 26.22 26.74 27.26 27.79 28.31 28.83 29.35 29.86 30.37 30.87 31.37 31.85 32.33 32.80 33.25 33.69 34.12 34.53 34.93 35.31 35.67 36.01 36.33 36.62 36.90 37.15 37.37 37.57 37.75 37.94 38.16 38.41 38.68 38.98 39.31 39.66 40.03 40.43 40.83 41.23 41.63 42.01 42.38 42.75 43.10 43.45 43.80 44.14 44.52 44.97 45.51 46.11 46.78 47.51 48.30 49.15 50.04 50.98 51.97 52.98 54.03 55.11 56.21 57.33 58.47 59.61 60.76 61.92 63.07 64.21 65.34 66.46 67.56 68.63 69.67 70.68 71.65
25.30 25.80 26.31 26.82 27.34 27.86 28.39 28.91 29.44 29.96 30.48 30.99 31.50 32.01 32.51 33.00 33.48 33.95 34.40 34.85 35.28 35.70 36.10 36.48 36.84 37.19 37.51 37.82 38.10 38.35 38.58 38.80 39.02 39.27 39.55 39.86 40.20 40.56 40.95 41.35 41.77 42.18 42.59 42.98 43.36 43.73 44.10 44.45 44.80 45.19 45.66 46.20 46.81 47.48 48.22 49.01 49.86 50.75 51.69 52.67 53.68 54.73 55.80 56.89 58.01 59.13 60.27 61.40 62.54 63.68 64.81 65.92 67.02 68.10 69.15 70.17 71.16 72.10 73.01
25.37 25.86 26.36 26.86 27.38 27.90 28.42 28.94 29.47 30.00 30.53 31.06 31.58 32.10 32.62 33.13 33.64 34.13 34.62 35.09 35.56 36.01 36.45 36.87 37.28 37.67 38.05 38.40 38.73 39.05 39.33 39.60 39.85 40.11 40.40 40.71 41.06 41.43 41.83 42.25 42.68 43.11 43.52 43.93 44.32 44.70 45.07 45.44 45.84 46.32 46.87 47.49 48.17 48.91 49.71 50.56 51.46 52.40 53.38 54.40 55.44 56.51 57.60 58.70 59.82 60.95 62.08 63.21 64.34 65.45 66.55 67.64 68.70 69.73 70.73 71.70 72.63 73.51 74.34
25.40 25.88 26.36 26.86 27.37 27.88 28.40 28.93 29.46 29.99 30.53 31.07 31.60 32.14 32.67 33.20 33.73 34.25 34.76 35.27 35.77 36.25 36.73 37.19 37.64 38.08 38.50 38.90 39.29 39.65 40.00 40.32 40.62 40.91 41.21 41.54 41.89 42.28 42.69 43.12 43.57 44.01 44.44 44.85 45.25 45.64 46.03 46.45 46.94 47.50 48.14 48.83 49.59 50.40 51.25 52.16 53.11 54.09 55.11 56.15 57.22 58.31 59.42 60.54 61.66 62.78 63.91 65.03 66.13 67.22 68.30 69.34 70.37 71.35 72.30 73.21 74.08 74.89 75.65
25.40 25.86 26.33 26.82 27.31 27.82 28.34 28.86 29.39 29.93 30.47 31.02 31.57 32.11 32.66 33.21 33.76 34.30 34.84 35.38 35.90 36.42 36.93 37.44 37.93 38.40 38.87 39.32 39.75 40.17 40.57 40.96 41.32 41.66 41.98 42.32 42.69 43.09 43.51 43.96 44.43 44.88 45.32 45.75 46.16 46.57 47.01 47.52 48.10 48.75 49.46 50.23 51.05 51.92 52.84 53.80 54.79 55.81 56.87 57.94 59.03 60.14 61.26 62.38 63.51 64.63 65.74 66.84 67.93 68.99 70.03 71.04 72.02 72.96 73.86 74.71 75.50 76.25 76.93
25.36 25.80 26.26 26.73 27.22 27.72 28.23 28.75 29.28 29.82 30.36 30.92 31.47 32.03 32.60 33.16 33.73 34.29 34.86 35.42 35.97 36.52 37.07 37.60 38.13 38.65 39.16 39.66 40.14 40.61 41.06 41.50 41.92 42.32 42.70 43.07 43.45 43.86 44.30 44.77 45.25 45.72 46.18 46.62 47.05 47.51 48.05 48.65 49.32 50.05 50.84 51.68 52.56 53.49 54.46 55.47 56.50 57.56 58.65 59.75 60.86 61.98 63.11 64.24 65.36 66.47 67.57 68.65 69.72 70.75 71.76 72.72 73.66 74.54 75.38 76.17 76.90 77.57 78.17
25.29 25.71 26.15 26.61 27.08 27.57 28.08 28.59 29.12 29.66 30.21 30.76 31.33 31.90 32.47 33.05 33.64 34.22 34.81 35.39 35.97 36.55 37.13 37.70 38.27 38.83 39.38 39.92 40.45 40.96 41.47 41.96 42.44 42.90 43.34 43.77 44.18 44.60 45.06 45.54 46.04 46.53 47.00 47.46 47.95 48.51 49.14 49.84 50.59 51.40 52.26 53.16 54.11 55.10 56.12 57.17 58.24 59.34 60.45 61.57 62.70 63.83 64.97 66.09 67.21 68.31 69.40 70.46 71.49 72.49 73.46 74.38 75.27 76.10 76.88 77.60 78.25 78.84 79.37
25.19 25.59 26.01 26.45 26.91 27.39 27.88 28.39 28.91 29.45 30.00 30.56 31.13 31.71 32.30 32.89 33.49 34.09 34.69 35.30 35.91 36.52 37.12 37.73 38.33 38.92 39.51 40.10 40.67 41.24 41.79 42.34 42.87 43.39 43.89 44.38 44.85 45.31 45.78 46.28 46.80 47.30 47.80 48.32 48.91 49.57 50.29 51.07 51.90 52.78 53.71 54.68 55.69 56.73 57.80 58.89 60.00 61.12 62.26 63.40 64.55 65.69 66.82 67.95 69.06 70.14 71.21 72.25 73.25 74.21 75.14 76.02 76.84 77.62 78.33 78.98 79.57 80.08 80.51
25.05 25.43 25.83 26.25 26.70 27.16 27.65 28.15 28.67 29.20 29.75 30.31 30.88 31.47 32.06 32.67 33.28 33.90 34.52 35.15 35.78 36.42 37.05 37.69 38.32 38.95 39.58 40.20 40.82 41.43 42.04 42.63 43.22 43.79 44.35 44.90 45.43 45.95 46.46 46.98 47.51 48.04 48.60 49.23 49.92 50.67 51.48 52.34 53.25 54.21 55.20 56.23 57.29 58.38 59.49 60.62 61.77 62.92 64.08 65.24 66.39 67.54 68.67 69.79 70.89 71.96 73.00 74.01 74.98 75.91 76.79 77.61 78.39 79.10 79.74 80.32 80.83 81.25 81.60
24.89 25.25 25.62 26.03 26.45 26.90 27.37 27.86 28.37 28.90 29.45 30.01 30.59 31.18 31.78 32.39 33.02 33.65 34.29 34.94 35.59 36.25 36.91 37.58 38.24 38.91 39.57 40.24 40.90 41.55 42.20 42.85 43.48 44.11 44.73 45.33 45.93 46.51 47.07 47.63 48.20 48.79 49.45 50.18 50.97 51.81 52.71 53.65 54.63 55.66 56.72 57.80 58.92 60.05 61.21 62.37 63.55 64.72 65.90 67.07 68.23 69.38 70.51 71.62 72.71 73.76 74.77 75.75 76.68 77.57 78.40 79.17 79.88 80.53 81.11 81.61 82.03 82.37 82.63
24.71 25.04 25.39 25.77 26.18 26.61 27.07 27.55 28.05 28.57 29.11 29.67 30.25 30.84 31.45 32.07 32.70 33.35 34.00 34.67 35.34 36.03 36.71 37.40 38.10 38.80 39.50 40.20 40.90 41.60 42.29 42.98 43.67 44.35 45.02 45.68 46.34 46.98 47.61 48.23 48.86 49.57 50.33 51.16 52.04 52.97 53.95 54.97 56.02 57.11 58.23 59.38 60.54 61.72 62.91 64.11 65.31 66.50 67.70 68.88 70.05 71.20 72.32 73.42 74.48 75.51 76.50 77.44 78.33 79.17 79.95 80.67 81.32 81.90 82.40 82.83 83.16 83.41 83.57
24.54 24.84 25.16 25.52 25.91 26.32 26.76 27.22 27.71 28.23 28.76 29.31 29.89 30.48 31.09 31.72 32.36 33.02 33.68 34.37 35.06 35.76 36.47 37.18 37.91 38.64 39.37 40.10 40.84 41.58 42.31 43.05 43.78 44.51 45.24 45.95 46.66 47.37 48.06 48.75 49.47 50.27 51.14 52.06 53.03 54.05 55.11 56.20 57.33 58.48 59.66 60.85 62.06 63.29 64.51 65.74 66.96 68.18 69.39 70.58 71.75 72.89 74.01 75.09 76.14 77.14 78.10 79.00 79.86 80.65 81.37 82.03 82.62 83.13 83.56 83.90 84.15 84.31 84.37
24.39 24.66 24.96 25.29 25.65 26.04 26.46 26.90 27.38 27.88 28.40 28.95 29.52 30.11 30.72 31.35 32.00 32.66 33.34 34.03 34.74 35.45 36.18 36.92 37.67 38.43 39.19 39.95 40.73 41.50 42.28 43.05 43.83 44.61 45.38 46.15 46.91 47.67 48.43 49.20 50.00 50.87 51.83 52.85 53.91 55.02 56.15 57.32 58.51 59.73 60.96 62.21 63.47 64.73 65.99 67.24 68.49 69.73 70.95 72.14 73.31 74.45 75.56 76.63 77.65 78.63 79.55 80.42 81.23 81.97 82.64 83.24 83.76 84.20 84.55 84.81 84.97 85.04 85.00
24.27 24.50 24.77 25.07 25.40 25.76 26.16 26.59 27.05 27.53 28.04 28.58 29.14 29.72 30.33 30.96 31.61 32.28 32.96 33.67 34.38 35.12 35.86 36.62 37.39 38.17 38.96 39.75 40.56 41.36 42.18 42.99 43.81 44.63 45.45 46.27 47.08 47.91 48.74 49.58 50.45 51.40 52.44 53.54 54.69 55.87 57.09 58.32 59.58 60.86 62.15 63.44 64.74 66.04 67.34 68.62 69.89 71.14 72.37 73.57 74.74 75.87 76.97 78.02 79.02 79.97 80.86 81.68 82.44 83.14 83.75 84.29 84.74 85.11 85.38 85.55 85.63 85.60 85.46
24.17 24.36 24.59 24.86 25.16 25.50 25.87 26.28 26.71 27.18 27.68 28.20 28.75 29.33 29.93 30.56 31.20 31.87 32.56 33.27 34.00 34.74 35.50 36.28 37.06 37.86 38.68 39.50 40.33 41.17 42.02 42.87 43.72 44.58 45.45 46.31 47.19 48.08 48.98 49.89 50.83 51.85 52.96 54.13 55.36 56.62 57.91 59.22 60.54 61.88 63.22 64.56 65.90 67.24 68.56 69.87 71.16 72.42 73.66 74.87 76.03 77.16 78.24 79.27 80.25 81.16 82.02 82.80 83.52 84.15 84.71 85.18 85.57 85.86 86.05 86.14 86.12 85.99 85.75
24.10 24.25 24.44 24.68 24.95 25.25 25.60 25.97 26.39 26.83 27.31 27.82 28.35 28.92 29.51 30.13 30.78 31.44 32.14 32.85 33.58 34.33 35.10 35.89 36.70 37.52 38.35 39.19 40.05 40.92 41.80 42.68 43.57 44.47 45.38 46.30 47.24 48.19 49.16 50.14 51.14 52.23 53.40 54.64 55.93 57.27 58.63 60.00 61.39 62.78 64.17 65.56 66.95 68.31 69.67 71.00 72.31 73.58 74.83 76.03 77.20 78.31 79.38 80.39 81.34 82.22 83.04 83.78 84.44 85.03 85.53 85.93 86.24 86.46 86.57 86.57 86.46 86.23 85.88
