data_processed/recharge/precip/Precip_2011_04.asc
ncols        168
nrows        136
xllcorner    455000
yllcorner    2107000
cellsize     500
NODATA_value     -99999
[rows 0 to 33 of 136, columns 0 to 76 of 168]
44.42 45.64 46.81 47.98 49.15 50.31 51.46 52.62 53.78 54.94 56.11 57.29 58.48 59.69 60.91 62.16 63.42 64.71 66.00 67.02 67.47 67.72 68.23 68.87 69.48 70.06 70.63 71.23 71.87 72.54 73.22 73.90 74.58 75.26 75.91 76.53 77.11 77.65 78.13 78.54 78.88 79.14 79.30 79.37 79.30 79.07 78.69 78.18 77.46 76.41 75.06 73.51 71.91 70.32 68.74 67.18 65.64 64.12 62.64 61.19 59.79 58.45 57.15 55.92 54.76 53.67 52.66 51.73 50.90 50.17 49.63 49.32 49.23 49.32 49.49 49.73 49.97
49.72 50.66 51.59 52.51 53.40 54.29 55.17 56.04 56.90 57.76 58.63 59.49 60.36 61.24 62.12 63.02 63.94 64.86 65.81 66.77 67.54 68.01 68.54 69.14 69.71 70.28 70.89 71.53 72.20 72.88 73.57 74.26 74.94 75.60 76.23 76.82 77.36 77.86 78.28 78.64 78.91 79.09 79.17 79.14 78.99 78.71 78.26 77.65 76.82 75.66 74.29 72.86 71.43 70.01 68.58 67.17 65.78 64.42 63.08 61.78 60.52 59.31 58.16 57.06 56.02 55.06 54.17 53.37 52.65 52.03 51.52 51.19 51.08 51.14 51.29 51.45 51.45
53.75 54.56 55.35 56.11 56.84 57.56 58.27 58.95 59.63 60.30 60.96 61.61 62.27 62.92 63.57 64.23 64.90 65.58 66.26 66.97 67.68 68.29 68.85 69.41 69.97 70.58 71.22 71.88 72.56 73.26 73.95 74.63 75.29 75.92 76.52 77.07 77.57 78.00 78.37 78.65 78.84 78.93 78.91 78.78 78.52 78.13 77.58 76.87 75.91 74.72 73.47 72.20 70.92 69.65 68.38 67.12 65.87 64.64 63.45 62.28 61.16 60.08 59.05 58.07 57.16 56.31 55.54 54.85 54.24 53.72 53.30 53.00 52.87 52.91 52.97 52.88 52.57
56.11 56.89 57.63 58.34 59.03 59.69 60.32 60.93 61.53 62.10 62.67 63.22 63.76 64.29 64.82 65.34 65.87 66.40 66.93 67.47 68.02 68.58 69.12 69.68 70.28 70.91 71.57 72.25 72.93 73.62 74.30 74.96 75.59 76.19 76.74 77.24 77.68 78.05 78.33 78.53 78.63 78.62 78.50 78.25 77.87 77.34 76.66 75.82 74.81 73.73 72.63 71.52 70.39 69.26 68.13 67.01 65.90 64.80 63.74 62.70 61.70 60.74 59.83 58.97 58.17 57.43 56.77 56.18 55.67 55.25 54.93 54.70 54.59 54.54 54.35 53.94 53.34
56.90 57.73 58.51 59.26 59.97 60.65 61.29 61.91 62.50 63.07 63.61 64.14 64.65 65.14 65.63 66.10 66.56 67.03 67.48 67.94 68.40 68.87 69.37 69.94 70.56 71.21 71.88 72.55 73.23 73.90 74.56 75.19 75.78 76.33 76.83 77.27 77.64 77.92 78.12 78.22 78.22 78.10 77.86 77.48 76.96 76.29 75.47 74.56 73.65 72.72 71.77 70.79 69.80 68.81 67.81 66.82 65.84 64.88 63.93 63.01 62.13 61.28 60.48 59.73 59.04 58.41 57.84 57.35 56.94 56.61 56.37 56.23 56.16 55.95 55.44 54.73 53.85
57.30 58.19 59.03 59.83 60.58 61.29 61.97 62.60 63.21 63.78 64.33 64.85 65.34 65.81 66.27 66.70 67.12 67.53 67.93 68.32 68.71 69.12 69.57 70.11 70.73 71.38 72.05 72.72 73.38 74.02 74.64 75.23 75.77 76.27 76.70 77.06 77.35 77.54 77.64 77.64 77.52 77.28 76.90 76.39 75.72 74.91 74.01 73.18 72.39 71.60 70.78 69.95 69.10 68.24 67.37 66.50 65.65 64.80 63.98 63.17 62.40 61.67 60.97 60.32 59.73 59.20 58.73 58.33 58.00 57.76 57.61 57.53 57.47 57.20 56.49 55.50 54.35
57.59 58.54 59.44 60.29 61.09 61.84 62.54 63.20 63.82 64.41 64.95 65.46 65.95 66.40 66.82 67.22 67.60 67.96 68.31 68.64 68.97 69.34 69.74 70.22 70.79 71.42 72.07 72.72 73.35 73.96 74.54 75.07 75.55 75.98 76.33 76.61 76.80 76.90 76.89 76.77 76.52 76.15 75.63 74.97 74.15 73.25 72.42 71.71 71.04 70.36 69.67 68.97 68.25 67.52 66.78 66.04 65.30 64.57 63.86 63.17 62.51 61.88 61.29 60.74 60.24 59.80 59.42 59.11 58.87 58.71 58.62 58.55 58.47 58.19 57.46 56.30 54.90
57.77 58.79 59.75 60.65 61.49 62.28 63.02 63.71 64.34 64.94 65.49 66.00 66.47 66.90 67.30 67.67 68.01 68.32 68.61 68.90 69.20 69.52 69.89 70.31 70.79 71.34 71.96 72.57 73.17 73.73 74.24 74.71 75.12 75.47 75.73 75.92 76.00 75.99 75.86 75.61 75.23 74.71 74.04 73.22 72.32 71.49 70.77 70.18 69.62 69.04 68.45 67.87 67.28 66.67 66.05 65.43 64.81 64.19 63.59 63.01 62.45 61.92 61.43 60.98 60.57 60.22 59.93 59.70 59.55 59.45 59.38 59.30 59.20 58.91 58.19 57.03 55.50
57.87 58.93 59.95 60.91 61.80 62.63 63.40 64.12 64.78 65.38 65.94 66.44 66.91 67.32 67.70 68.04 68.34 68.61 68.87 69.12 69.39 69.68 70.01 70.36 70.76 71.21 71.72 72.28 72.82 73.32 73.77 74.17 74.49 74.75 74.91 74.99 74.96 74.82 74.56 74.17 73.64 72.97 72.14 71.24 70.40 69.67 69.06 68.58 68.13 67.65 67.15 66.66 66.17 65.69 65.19 64.68 64.17 63.67 63.17 62.69 62.23 61.80 61.40 61.04 60.73 60.46 60.26 60.11 60.02 59.95 59.87 59.79 59.67 59.37 58.66 57.55 56.06
57.92 58.99 60.05 61.06 62.01 62.88 63.69 64.44 65.12 65.74 66.30 66.81 67.27 67.67 68.03 68.34 68.61 68.85 69.07 69.30 69.54 69.80 70.09 70.39 70.70 71.04 71.42 71.86 72.32 72.75 73.13 73.43 73.67 73.82 73.88 73.83 73.68 73.41 73.00 72.46 71.78 70.94 70.02 69.17 68.43 67.80 67.30 66.93 66.58 66.20 65.79 65.37 64.96 64.58 64.19 63.79 63.39 62.99 62.60 62.22 61.86 61.52 61.21 60.94 60.71 60.53 60.40 60.32 60.26 60.20 60.13 60.04 59.90 59.59 58.90 57.84 56.42
57.93 59.01 60.08 61.13 62.12 63.05 63.89 64.67 65.37 66.01 66.59 67.10 67.55 67.94 68.28 68.57 68.81 69.03 69.24 69.45 69.66 69.89 70.14 70.38 70.62 70.85 71.10 71.37 71.69 72.03 72.31 72.52 72.65 72.69 72.63 72.45 72.16 71.74 71.19 70.49 69.64 68.71 67.84 67.07 66.42 65.90 65.50 65.23 64.99 64.70 64.37 64.02 63.68 63.36 63.07 62.78 62.48 62.18 61.89 61.60 61.33 61.09 60.87 60.68 60.53 60.43 60.36 60.32 60.28 60.24 60.17 60.07 59.92 59.60 58.93 57.92 56.57
57.89 58.98 60.06 61.12 62.15 63.11 64.00 64.81 65.55 66.21 66.79 67.31 67.76 68.14 68.47 68.74 68.97 69.18 69.37 69.55 69.74 69.94 70.15 70.34 70.49 70.62 70.74 70.86 71.00 71.16 71.33 71.44 71.45 71.36 71.17 70.86 70.42 69.84 69.12 68.26 67.31 66.41 65.63 64.95 64.39 63.96 63.67 63.50 63.37 63.16 62.91 62.63 62.35 62.08 61.83 61.63 61.43 61.23 61.03 60.84 60.66 60.50 60.36 60.25 60.18 60.15 60.13 60.12 60.10 60.07 60.00 59.90 59.74 59.42 58.77 57.80 56.53
57.81 58.91 60.00 61.07 62.11 63.10 64.03 64.88 65.64 66.32 66.92 67.44 67.89 68.27 68.59 68.85 69.08 69.27 69.45 69.61 69.77 69.94 70.12 70.26 70.34 70.36 70.35 70.32 70.27 70.24 70.21 70.18 70.07 69.85 69.51 69.04 68.45 67.71 66.82 65.84 64.93 64.11 63.40 62.81 62.34 62.01 61.81 61.75 61.71 61.59 61.42 61.21 60.98 60.75 60.54 60.38 60.26 60.15 60.04 59.94 59.84 59.76 59.70 59.67 59.67 59.69 59.72 59.74 59.74 59.72 59.66 59.56 59.39 59.06 58.44 57.52 56.33
57.70 58.81 59.90 60.97 62.02 63.02 63.97 64.86 65.65 66.35 66.97 67.51 67.96 68.34 68.65 68.91 69.13 69.32 69.47 69.62 69.76 69.91 70.06 70.14 70.14 70.06 69.92 69.74 69.52 69.27 69.03 68.78 68.51 68.14 67.65 67.03 66.26 65.34 64.35 63.40 62.55 61.81 61.18 60.67 60.29 60.04 59.94 59.98 60.03 60.00 59.91 59.76 59.58 59.39 59.22 59.07 58.98 58.94 58.92 58.90 58.88 58.88 58.90 58.94 59.00 59.07 59.13 59.19 59.22 59.22 59.17 59.06 58.89 58.55 57.95 57.09 55.98
57.55 58.66 59.76 60.84 61.89 62.90 63.86 64.76 65.58 66.32 66.95 67.50 67.96 68.34 68.66 68.92 69.13 69.31 69.45 69.58 69.70 69.82 69.94 69.98 69.90 69.73 69.46 69.12 68.73 68.28 67.80 67.31 66.80 66.26 65.60 64.81 63.86 62.84 61.86 60.97 60.19 59.52 58.96 58.53 58.23 58.08 58.07 58.20 58.35 58.40 58.37 58.29 58.16 58.01 57.86 57.74 57.65 57.63 57.66 57.72 57.79 57.86 57.95 58.06 58.18 58.30 58.41 58.50 58.56 58.57 58.53 58.43 58.25 57.91 57.34 56.52 55.50
57.38 58.49 59.59 60.66 61.72 62.73 63.70 64.60 65.45 66.21 66.87 67.43 67.90 68.29 68.61 68.87 69.08 69.25 69.38 69.49 69.60 69.69 69.78 69.77 69.62 69.35 68.96 68.47 67.90 67.25 66.55 65.80 65.02 64.22 63.37 62.39 61.33 60.32 59.40 58.57 57.85 57.25 56.76 56.41 56.19 56.12 56.20 56.43 56.66 56.80 56.84 56.81 56.73 56.62 56.49 56.38 56.30 56.27 56.31 56.42 56.56 56.70 56.87 57.05 57.23 57.40 57.56 57.69 57.77 57.81 57.78 57.68 57.49 57.16 56.61 55.86 54.91
57.18 58.28 59.38 60.46 61.51 62.53 63.49 64.41 65.25 66.03 66.71 67.29 67.77 68.17 68.50 68.76 68.97 69.13 69.25 69.35 69.44 69.51 69.58 69.52 69.30 68.93 68.41 67.78 67.03 66.19 65.26 64.26 63.21 62.11 60.98 59.86 58.81 57.84 56.97 56.20 55.54 55.00 54.59 54.31 54.17 54.18 54.35 54.66 54.99 55.20 55.30 55.33 55.29 55.21 55.12 55.02 54.94 54.90 54.92 55.02 55.20 55.43 55.68 55.93 56.18 56.41 56.61 56.77 56.89 56.95 56.93 56.84 56.65 56.32 55.80 55.10 54.24
56.95 58.05 59.15 60.22 61.27 62.29 63.25 64.17 65.02 65.79 66.48 67.08 67.58 67.99 68.32 68.59 68.79 68.95 69.07 69.15 69.22 69.28 69.32 69.22 68.93 68.46 67.83 67.05 66.13 65.09 63.94 62.69 61.36 59.97 58.59 57.37 56.34 55.41 54.59 53.88 53.28 52.80 52.45 52.24 52.18 52.26 52.52 52.92 53.33 53.61 53.78 53.86 53.86 53.82 53.74 53.65 53.57 53.52 53.52 53.59 53.78 54.07 54.40 54.72 55.04 55.32 55.57 55.78 55.93 56.01 56.01 55.92 55.73 55.41 54.92 54.28 53.51
56.71 57.80 58.89 59.96 61.01 62.02 62.98 63.89 64.74 65.51 66.19 66.80 67.31 67.74 68.08 68.35 68.55 68.71 68.82 68.90 68.95 68.99 69.01 68.86 68.50 67.94 67.19 66.27 65.18 63.94 62.57 61.08 59.48 57.86 56.36 55.05 53.95 53.04 52.27 51.60 51.06 50.64 50.35 50.21 50.22 50.39 50.72 51.21 51.70 52.05 52.28 52.41 52.45 52.44 52.38 52.29 52.21 52.14 52.13 52.20 52.38 52.67 53.05 53.45 53.83 54.18 54.48 54.73 54.91 55.02 55.03 54.95 54.77 54.45 53.99 53.41 52.73
56.45 57.53 58.61 59.68 60.72 61.72 62.68 63.58 64.41 65.17 65.85 66.45 66.98 67.41 67.77 68.04 68.25 68.41 68.51 68.58 68.62 68.65 68.64 68.46 68.03 67.38 66.51 65.44 64.18 62.75 61.16 59.43 57.63 55.91 54.33 52.93 51.73 50.77 50.01 49.39 48.90 48.54 48.31 48.24 48.31 48.55 48.97 49.54 50.11 50.53 50.82 50.99 51.07 51.08 51.03 50.95 50.86 50.79 50.79 50.87 51.05 51.32 51.69 52.13 52.58 52.99 53.34 53.63 53.85 53.99 54.02 53.95 53.77 53.46 53.03 52.52 51.93
56.17 57.25 58.32 59.37 60.40 61.40 62.34 63.22 64.04 64.78 65.45 66.05 66.57 67.02 67.38 67.67 67.88 68.04 68.14 68.20 68.23 68.24 68.22 67.99 67.50 66.76 65.78 64.57 63.14 61.52 59.71 57.80 55.93 54.16 52.52 51.03 49.74 48.67 47.85 47.25 46.81 46.50 46.33 46.32 46.46 46.78 47.26 47.92 48.56 49.05 49.39 49.61 49.72 49.75 49.71 49.64 49.55 49.51 49.54 49.64 49.81 50.07 50.40 50.83 51.31 51.78 52.19 52.52 52.78 52.94 53.00 52.94 52.76 52.46 52.07 51.62 51.12
55.89 56.95 58.01 59.05 60.07 61.04 61.96 62.82 63.61 64.34 65.00 65.59 66.11 66.56 66.93 67.22 67.44 67.60 67.70 67.76 67.78 67.78 67.73 67.47 66.92 66.09 64.99 63.64 62.05 60.24 58.29 56.33 54.42 52.60 50.91 49.35 47.98 46.81 45.88 45.22 44.79 44.54 44.43 44.47 44.68 45.06 45.62 46.35 47.07 47.62 48.01 48.27 48.41 48.46 48.44 48.37 48.34 48.34 48.40 48.52 48.70 48.94 49.24 49.62 50.07 50.57 51.03 51.41 51.71 51.90 51.98 51.94 51.76 51.47 51.12 50.73 50.33
55.60 56.64 57.68 58.71 59.70 60.65 61.53 62.36 63.13 63.84 64.49 65.07 65.58 66.03 66.40 66.70 66.93 67.09 67.20 67.25 67.26 67.25 67.19 66.89 66.27 65.36 64.15 62.66 60.91 58.98 56.99 55.03 53.10 51.25 49.50 47.89 46.44 45.19 44.16 43.39 42.89 42.66 42.60 42.70 42.97 43.42 44.05 44.85 45.64 46.25 46.69 46.99 47.16 47.23 47.23 47.23 47.26 47.32 47.41 47.55 47.73 47.96 48.24 48.57 48.96 49.41 49.89 50.33 50.66 50.89 50.99 50.96 50.79 50.52 50.21 49.89 49.58
55.30 56.33 57.35 58.35 59.30 60.21 61.06 61.86 62.60 63.29 63.92 64.48 64.99 65.43 65.80 66.11 66.35 66.51 66.62 66.67 66.68 66.66 66.58 66.24 65.57 64.57 63.25 61.62 59.78 57.84 55.88 53.91 51.97 50.10 48.31 46.65 45.14 43.81 42.69 41.81 41.21 40.90 40.87 41.02 41.35 41.86 42.56 43.43 44.29 44.95 45.44 45.77 45.97 46.07 46.15 46.24 46.34 46.46 46.59 46.75 46.94 47.16 47.41 47.70 48.04 48.41 48.84 49.28 49.66 49.92 50.05 50.04 49.88 49.62 49.35 49.10 48.89
55.01 56.01 57.00 57.95 58.86 59.72 60.54 61.30 62.02 62.68 63.29 63.84 64.33 64.76 65.14 65.44 65.68 65.86 65.97 66.02 66.02 65.99 65.90 65.53 64.80 63.72 62.29 60.60 58.77 56.87 54.93 52.98 51.04 49.15 47.34 45.63 44.07 42.67 41.47 40.50 39.79 39.36 39.26 39.44 39.82 40.39 41.15 42.10 43.01 43.73 44.27 44.63 44.88 45.07 45.26 45.44 45.61 45.79 45.97 46.15 46.35 46.56 46.79 47.05 47.32 47.63 47.97 48.34 48.73 49.02 49.18 49.18 49.03 48.79 48.56 48.39 48.28
54.72 55.68 56.62 57.51 58.37 59.19 59.96 60.69 61.37 62.01 62.59 63.13 63.61 64.03 64.39 64.70 64.94 65.12 65.24 65.29 65.30 65.26 65.15 64.76 63.97 62.80 61.33 59.68 57.92 56.07 54.16 52.23 50.30 48.40 46.57 44.84 43.23 41.77 40.50 39.45 38.64 38.11 37.88 37.99 38.40 39.02 39.85 40.86 41.84 42.61 43.18 43.60 43.96 44.28 44.57 44.85 45.10 45.34 45.56 45.78 45.99 46.20 46.41 46.63 46.85 47.09 47.35 47.62 47.92 48.21 48.39 48.42 48.28 48.06 47.88 47.77 47.75
54.41 55.32 56.19 57.03 57.84 58.61 59.34 60.03 60.68 61.28 61.84 62.35 62.81 63.22 63.58 63.88 64.12 64.31 64.43 64.49 64.49 64.45 64.34 63.91 63.07 61.89 60.48 58.92 57.22 55.43 53.57 51.66 49.75 47.86 46.03 44.27 42.63 41.12 39.79 38.66 37.77 37.14 36.80 36.78 37.11 37.77 38.65 39.72 40.76 41.58 42.22 42.77 43.27 43.72 44.13 44.49 44.83 45.13 45.40 45.65 45.88 46.09 46.28 46.47 46.64 46.82 46.99 47.17 47.35 47.55 47.72 47.77 47.65 47.44 47.31 47.26 47.25
54.08 54.91 55.72 56.50 57.26 57.97 58.66 59.31 59.92 60.49 61.02 61.51 61.95 62.34 62.69 62.98 63.22 63.40 63.53 63.60 63.61 63.57 63.45 63.00 62.16 61.07 59.77 58.30 56.68 54.96 53.15 51.29 49.41 47.53 45.70 43.93 42.26 40.72 39.34 38.15 37.17 36.45 36.01 35.88 36.08 36.66 37.57 38.70 39.79 40.69 41.47 42.18 42.83 43.41 43.94 44.41 44.82 45.19 45.52 45.80 46.05 46.26 46.44 46.59 46.72 46.84 46.93 47.01 47.09 47.16 47.22 47.25 47.15 46.96 46.86 46.79 46.73
53.70 54.47 55.21 55.93 56.63 57.29 57.93 58.53 59.10 59.64 60.14 60.60 61.01 61.39 61.72 62.00 62.23 62.42 62.55 62.63 62.65 62.61 62.48 62.07 61.35 60.38 59.20 57.83 56.31 54.66 52.91 51.10 49.26 47.41 45.58 43.82 42.13 40.56 39.14 37.90 36.86 36.05 35.52 35.28 35.37 35.81 36.64 37.80 38.98 40.04 41.00 41.88 42.68 43.40 44.04 44.61 45.11 45.55 45.93 46.25 46.52 46.74 46.91 47.03 47.12 47.17 47.19 47.19 47.15 47.10 47.02 46.93 46.80 46.62 46.48 46.34 46.21
53.28 53.98 54.65 55.31 55.94 56.55 57.14 57.70 58.23 58.72 59.19 59.62 60.01 60.36 60.68 60.95 61.17 61.35 61.49 61.57 61.60 61.57 61.46 61.16 60.60 59.77 58.72 57.46 56.04 54.48 52.81 51.06 49.26 47.45 45.64 43.88 42.20 40.61 39.16 37.87 36.77 35.90 35.28 34.94 34.92 35.24 35.94 37.05 38.37 39.62 40.77 41.82 42.78 43.63 44.40 45.07 45.67 46.18 46.61 46.97 47.27 47.49 47.65 47.76 47.81 47.80 47.75 47.65 47.51 47.34 47.12 46.88 46.63 46.39 46.15 45.92 45.71
52.78 53.41 54.02 54.61 55.19 55.75 56.29 56.80 57.29 57.75 58.19 58.59 58.96 59.30 59.60 59.86 60.08 60.26 60.40 60.48 60.53 60.49 60.34 60.08 59.66 58.99 58.07 56.95 55.63 54.17 52.59 50.91 49.18 47.41 45.64 43.90 42.22 40.63 39.16 37.84 36.70 35.77 35.08 34.66 34.54 34.75 35.35 36.40 37.77 39.20 40.54 41.76 42.87 43.87 44.75 45.54 46.22 46.81 47.31 47.71 48.03 48.27 48.43 48.51 48.52 48.46 48.34 48.16 47.91 47.62 47.27 46.90 46.58 46.31 45.98 45.65 45.34
52.19 52.75 53.30 53.84 54.37 54.88 55.37 55.85 56.31 56.74 57.15 57.53 57.88 58.21 58.50 58.76 58.98 59.16 59.30 59.41 59.44 59.35 59.13 58.83 58.46 57.93 57.17 56.18 55.00 53.65 52.16 50.57 48.91 47.20 45.48 43.78 42.12 40.53 39.06 37.72 36.54 35.57 34.82 34.33 34.13 34.27 34.84 35.88 37.22 38.69 40.19 41.59 42.85 43.99 45.01 45.91 46.69 47.35 47.91 48.36 48.71 48.96 49.12 49.18 49.16 49.05 48.86 48.59 48.25 47.84 47.38 46.96 46.63 46.34 45.98 45.57 45.16
51.52 52.02 52.51 53.00 53.48 53.95 54.41 54.85 55.28 55.69 56.08 56.44 56.78 57.10 57.39 57.65 57.87 58.07 58.22 58.31 58.29 58.14 57.87 57.51 57.10 56.63 56.01 55.17 54.13 52.90 51.53 50.04 48.47 46.83 45.17 43.51 41.89 40.33 38.86 37.51 36.32 35.31 34.52 33.97 33.72 33.86 34.44 35.46 36.77 38.22 39.76 41.30 42.73 44.02 45.17 46.18 47.06 47.81 48.43 48.93 49.31 49.58 49.74 49.78 49.73 49.57 49.32 48.97 48.54 48.03 47.53 47.10 46.77 46.48 46.11 45.66 45.16
50.82 51.22 51.66 52.11 52.55 52.98 53.40 53.82 54.22 54.61 54.98 55.34 55.67 55.98 56.27 56.54 56.78 56.98 57.13 57.17 57.08 56.87 56.55 56.14 55.68 55.18 54.62 53.93 53.04 51.95 50.70 49.33 47.85 46.30 44.71 43.12 41.54 40.01 38.56 37.23 36.03 35.00 34.18 33.61 33.39 33.57 34.15 35.15 36.42 37.84 39.36 40.95 42.51 43.95 45.23 46.36 47.34 48.17 48.86 49.41 49.83 50.12 50.28 50.32 50.23 50.03 49.72 49.29 48.78 48.24 47.74 47.32 46.99 46.69 46.32 45.87 45.35
