data_processed/recharge/precip/Precip_2005_07.asc
ncols        168
nrows        136
xllcorner    455000
yllcorner    2107000
cellsize     500
NODATA_value     -99999
[rows 64 to 95 of 136, columns 0 to 72 of 168]
138.28 130.07 122.96 116.84 111.65 107.31 103.72 100.81 98.49 96.69 95.31 94.29 93.53 92.95 92.48 92.06 91.71 91.42 91.20 91.04 90.95 90.93 90.97 91.08 91.26 91.50 91.81 92.19 92.63 93.14 93.71 94.35 95.06 95.84 96.69 97.62 98.65 99.77 100.98 102.29 103.69 105.18 106.77 108.46 110.24 112.12 114.09 116.17 118.35 120.66 123.13 125.74 128.45 131.24 134.09 136.96 139.84 142.70 145.50 148.23 150.86 153.36 155.71 157.87 159.83 161.56 163.03 164.21 165.13 165.88 166.48 166.92 167.20
134.78 126.29 118.91 112.55 107.14 102.60 98.83 95.76 93.31 91.39 89.93 88.83 88.02 87.41 86.93 86.52 86.18 85.91 85.71 85.58 85.52 85.54 85.62 85.78 86.01 86.31 86.68 87.12 87.64 88.23 88.88 89.61 90.42 91.29 92.24 93.26 94.38 95.59 96.90 98.31 99.82 101.43 103.15 104.96 106.87 108.89 111.01 113.24 115.61 118.15 120.84 123.65 126.55 129.52 132.54 135.57 138.58 141.56 144.48 147.31 150.03 152.60 155.01 157.22 159.21 160.96 162.43 163.61 164.52 165.26 165.86 166.31 166.61
131.25 122.47 114.83 108.23 102.61 97.86 93.92 90.70 88.11 86.08 84.52 83.36 82.50 81.87 81.38 80.98 80.65 80.40 80.23 80.13 80.11 80.16 80.29 80.50 80.79 81.15 81.58 82.10 82.69 83.36 84.10 84.92 85.82 86.79 87.85 88.97 90.19 91.50 92.91 94.43 96.05 97.78 99.62 101.56 103.61 105.76 108.03 110.46 113.06 115.83 118.72 121.73 124.81 127.95 131.12 134.29 137.44 140.54 143.56 146.48 149.27 151.91 154.37 156.62 158.63 160.39 161.87 163.03 163.91 164.64 165.23 165.68 166.00
127.68 118.63 110.73 103.89 98.05 93.11 89.00 85.62 82.91 80.77 79.12 77.89 76.99 76.33 75.84 75.45 75.14 74.91 74.77 74.70 74.72 74.82 75.00 75.26 75.60 76.02 76.53 77.12 77.78 78.54 79.37 80.28 81.28 82.36 83.52 84.76 86.09 87.50 89.02 90.64 92.38 94.23 96.19 98.26 100.44 102.75 105.22 107.87 110.71 113.68 116.78 119.97 123.23 126.53 129.85 133.16 136.42 139.63 142.75 145.75 148.61 151.30 153.80 156.08 158.11 159.87 161.33 162.47 163.32 164.03 164.60 165.05 165.37
124.10 114.77 106.61 99.54 93.48 88.35 84.07 80.55 77.70 75.46 73.73 72.43 71.49 70.81 70.32 69.94 69.65 69.45 69.34 69.31 69.36 69.51 69.74 70.05 70.46 70.95 71.52 72.19 72.94 73.77 74.70 75.71 76.81 77.99 79.27 80.62 82.07 83.61 85.23 86.97 88.82 90.79 92.88 95.08 97.41 99.91 102.61 105.50 108.55 111.74 115.03 118.40 121.82 125.27 128.73 132.16 135.54 138.85 142.05 145.12 148.04 150.78 153.31 155.61 157.65 159.41 160.85 161.95 162.77 163.43 163.99 164.42 164.73
120.50 110.89 102.48 95.19 88.92 83.60 79.15 75.48 72.51 70.16 68.35 66.99 66.01 65.31 64.82 64.47 64.20 64.03 63.94 63.95 64.05 64.25 64.53 64.90 65.37 65.93 66.58 67.32 68.16 69.08 70.10 71.21 72.41 73.71 75.09 76.57 78.14 79.81 81.56 83.42 85.39 87.48 89.69 92.04 94.56 97.30 100.25 103.36 106.62 109.99 113.47 117.01 120.59 124.18 127.77 131.32 134.80 138.20 141.48 144.62 147.59 150.36 152.92 155.23 157.26 159.00 160.42 161.48 162.24 162.87 163.39 163.80 164.10
116.90 107.02 98.36 90.84 84.36 78.86 74.24 70.43 67.34 64.89 62.99 61.58 60.56 59.85 59.37 59.03 58.79 58.64 58.60 58.65 58.80 59.04 59.38 59.82 60.35 60.98 61.71 62.53 63.45 64.47 65.58 66.80 68.11 69.51 71.02 72.62 74.31 76.11 78.00 79.99 82.09 84.30 86.66 89.20 91.97 94.95 98.12 101.44 104.90 108.47 112.11 115.81 119.54 123.27 126.98 130.63 134.21 137.69 141.04 144.23 147.24 150.05 152.62 154.93 156.96 158.67 160.05 161.06 161.77 162.34 162.82 163.20 163.47
113.31 103.16 94.25 86.50 79.82 74.13 69.35 65.40 62.19 59.64 57.67 56.20 55.15 54.43 53.95 53.64 53.43 53.32 53.31 53.40 53.60 53.90 54.30 54.80 55.40 56.11 56.91 57.82 58.83 59.94 61.16 62.47 63.89 65.41 67.04 68.76 70.59 72.52 74.55 76.69 78.93 81.28 83.83 86.62 89.64 92.85 96.24 99.77 103.42 107.16 110.97 114.82 118.69 122.55 126.37 130.12 133.79 137.34 140.74 143.98 147.03 149.85 152.43 154.74 156.74 158.42 159.75 160.71 161.35 161.86 162.29 162.62 162.87
109.73 99.32 90.17 82.19 75.31 69.44 64.50 60.41 57.08 54.44 52.40 50.88 49.79 49.06 48.59 48.30 48.13 48.05 48.09 48.23 48.48 48.83 49.29 49.86 50.53 51.32 52.20 53.20 54.30 55.51 56.83 58.25 59.78 61.42 63.17 65.02 66.98 69.05 71.23 73.51 75.91 78.49 81.30 84.34 87.59 91.02 94.62 98.34 102.17 106.09 110.06 114.05 118.05 122.02 125.94 129.79 133.53 137.14 140.60 143.88 146.95 149.78 152.36 154.65 156.62 158.26 159.54 160.42 160.99 161.43 161.80 162.09 162.29
106.18 95.50 86.11 77.91 70.83 64.79 59.69 55.47 52.03 49.29 47.18 45.60 44.49 43.75 43.30 43.04 42.89 42.86 42.94 43.13 43.43 43.85 44.37 45.01 45.76 46.62 47.59 48.68 49.88 51.19 52.61 54.14 55.79 57.55 59.42 61.40 63.50 65.71 68.03 70.47 73.10 75.97 79.05 82.34 85.82 89.47 93.26 97.17 101.18 105.26 109.37 113.50 117.62 121.70 125.71 129.64 133.45 137.12 140.62 143.92 147.01 149.85 152.41 154.68 156.62 158.20 159.41 160.22 160.70 161.07 161.37 161.60 161.75
102.66 91.73 82.09 73.68 66.40 60.18 54.93 50.57 47.02 44.20 42.02 40.40 39.26 38.51 38.08 37.85 37.74 37.75 37.88 38.12 38.48 38.96 39.55 40.26 41.09 42.03 43.09 44.27 45.56 46.98 48.51 50.15 51.92 53.80 55.80 57.92 60.15 62.50 64.98 67.66 70.58 73.74 77.10 80.64 84.34 88.20 92.18 96.27 100.45 104.67 108.93 113.18 117.41 121.59 125.69 129.69 133.56 137.28 140.81 144.13 147.22 150.05 152.60 154.83 156.72 158.25 159.39 160.11 160.50 160.78 161.00 161.16 161.26
99.19 88.00 78.13 69.50 62.03 55.63 50.23 45.75 42.09 39.17 36.93 35.26 34.10 33.35 32.94 32.74 32.68 32.73 32.91 33.20 33.62 34.17 34.83 35.61 36.52 37.55 38.70 39.98 41.37 42.89 44.53 46.29 48.18 50.19 52.32 54.57 56.95 59.45 62.17 65.14 68.36 71.80 75.43 79.23 83.17 87.22 91.39 95.65 99.98 104.35 108.73 113.10 117.44 121.70 125.88 129.95 133.87 137.62 141.17 144.51 147.60 150.41 152.93 155.12 156.96 158.42 159.47 160.10 160.38 160.57 160.71 160.79 160.82
95.77 84.32 74.22 65.38 57.72 51.15 45.60 40.99 37.23 34.23 31.92 30.21 29.03 28.28 27.89 27.73 27.71 27.81 28.04 28.40 28.88 29.49 30.22 31.09 32.08 33.19 34.44 35.81 37.31 38.94 40.69 42.57 44.58 46.72 48.98 51.37 53.90 56.65 59.66 62.94 66.45 70.16 74.06 78.10 82.27 86.54 90.89 95.31 99.79 104.29 108.79 113.27 117.70 122.05 126.30 130.42 134.38 138.16 141.73 145.07 148.14 150.93 153.41 155.55 157.32 158.71 159.67 160.19 160.37 160.45 160.49 160.49 160.44
92.41 80.71 70.38 61.33 53.48 46.75 41.05 36.32 32.45 29.37 27.00 25.26 24.05 23.31 22.95 22.83 22.85 23.00 23.28 23.70 24.25 24.93 25.74 26.68 27.76 28.97 30.31 31.78 33.39 35.13 37.00 39.00 41.13 43.40 45.80 48.34 51.11 54.17 57.49 61.06 64.85 68.84 72.98 77.27 81.66 86.15 90.69 95.27 99.88 104.51 109.13 113.70 118.22 122.64 126.95 131.11 135.10 138.90 142.48 145.81 148.87 151.63 154.06 156.14 157.84 159.13 160.00 160.41 160.46 160.43 160.37 160.27 160.14
89.12 77.17 66.61 57.36 49.32 42.43 36.59 31.73 27.76 24.61 22.18 20.40 19.18 18.45 18.11 18.03 18.10 18.31 18.65 19.13 19.75 20.50 21.39 22.42 23.58 24.88 26.32 27.90 29.61 31.47 33.45 35.58 37.85 40.25 42.80 45.58 48.66 52.03 55.66 59.52 63.58 67.82 72.21 76.73 81.35 86.04 90.77 95.52 100.27 105.01 109.73 114.40 118.99 123.48 127.83 132.03 136.05 139.86 143.44 146.75 149.78 152.50 154.87 156.88 158.50 159.70 160.46 160.75 160.67 160.52 160.35 160.15 159.92
85.91 73.72 62.93 53.47 45.26 38.20 32.23 27.25 23.18 19.95 17.47 15.65 14.42 13.70 13.39 13.36 13.48 13.74 14.15 14.69 15.38 16.21 17.18 18.29 19.55 20.95 22.49 24.17 26.00 27.97 30.08 32.33 34.73 37.28 40.07 43.17 46.58 50.25 54.17 58.31 62.63 67.13 71.76 76.50 81.33 86.22 91.13 96.05 100.95 105.81 110.63 115.37 120.03 124.57 128.97 133.20 137.23 141.05 144.61 147.90 150.89 153.55 155.87 157.80 159.33 160.42 161.06 161.22 161.01 160.73 160.43 160.12 159.79
82.80 70.36 59.35 49.69 41.29 34.08 27.97 22.87 18.71 15.41 12.87 11.03 9.79 9.08 8.80 8.82 8.99 9.31 9.78 10.39 11.16 12.06 13.12 14.32 15.67 17.17 18.82 20.61 22.55 24.64 26.87 29.25 31.80 34.59 37.71 41.14 44.85 48.83 53.03 57.44 62.03 66.76 71.63 76.59 81.62 86.69 91.79 96.87 101.92 106.91 111.81 116.63 121.35 125.94 130.37 134.62 138.66 142.46 146.01 149.26 152.21 154.81 157.05 158.89 160.32 161.31 161.82 161.84 161.48 161.06 160.64 160.20 159.76
79.78 67.10 55.87 46.01 37.44 30.07 23.82 18.61 14.36 10.99 8.40 6.53 5.29 4.59 4.35 4.42 4.65 5.03 5.56 6.25 7.09 8.08 9.22 10.51 11.96 13.56 15.31 17.22 19.28 21.48 23.85 26.38 29.16 32.29 35.74 39.49 43.51 47.77 52.25 56.92 61.76 66.73 71.82 76.99 82.22 87.48 92.74 97.98 103.17 108.28 113.30 118.19 122.96 127.58 132.03 136.29 140.33 144.12 147.63 150.85 153.74 156.27 158.43 160.18 161.50 162.36 162.74 162.61 162.10 161.53 160.97 160.40 159.84
76.87 63.95 52.50 42.45 33.70 26.18 19.80 14.48 10.14 6.70 4.07 2.17 0.93 0.25 0.05 0.17 0.45 0.90 1.50 2.26 3.18 4.26 5.49 6.88 8.42 10.13 11.99 14.01 16.19 18.52 21.03 23.80 26.93 30.39 34.16 38.22 42.54 47.08 51.84 56.76 61.84 67.05 72.35 77.72 83.14 88.57 93.99 99.38 104.71 109.94 115.06 120.04 124.85 129.51 133.98 138.24 142.26 146.03 149.50 152.67 155.49 157.95 160.01 161.66 162.86 163.60 163.83 163.55 162.87 162.14 161.43 160.73 160.04
74.07 60.92 49.26 39.01 30.09 22.42 15.91 10.49 6.06 2.56 0.00 0.00 0.00 0.00 0.00 0.00 0.00 0.00 0.00 0.00 0.00 0.61 1.93 3.42 5.07 6.88 8.86 10.99 13.29 15.77 18.52 21.64 25.11 28.90 32.99 37.35 41.96 46.78 51.79 56.97 62.28 67.71 73.22 78.78 84.38 89.98 95.56 101.09 106.54 111.89 117.11 122.17 127.05 131.73 136.20 140.46 144.46 148.19 151.62 154.73 157.48 159.85 161.81 163.35 164.43 165.02 165.10 164.65 163.80 162.91 162.04 161.19 160.36
71.32 58.02 46.15 35.71 26.62 18.80 12.17 6.64 2.13 0.00 0.00 0.00 0.00 0.00 0.00 0.00 0.00 0.00 0.00 0.00 0.00 0.00 0.00 0.16 1.91 3.83 5.92 8.18 10.62 13.34 16.45 19.91 23.72 27.83 32.23 36.89 41.77 46.86 52.13 57.55 63.09 68.73 74.44 80.19 85.96 91.72 97.44 103.10 108.67 114.13 119.44 124.58 129.52 134.25 138.73 142.96 146.94 150.63 154.00 157.04 159.70 161.98 163.84 165.25 166.19 166.64 166.56 165.93 164.90 163.84 162.80 161.80 160.82
68.27 55.18 43.18 32.55 23.30 15.34 8.58 2.95 0.00 0.00 0.00 0.00 0.00 0.00 0.00 0.00 0.00 0.00 0.00 0.00 0.00 0.00 0.00 0.00 0.00 0.99 3.19 5.59 8.28 11.36 14.82 18.62 22.76 27.18 31.88 36.83 41.99 47.34 52.85 58.50 64.26 70.11 76.01 81.94 87.88 93.79 99.65 105.44 111.12 116.67 122.07 127.28 132.28 137.04 141.54 145.77 149.70 153.34 156.65 159.61 162.18 164.36 166.10 167.38 168.18 168.46 168.22 167.41 166.19 164.94 163.73 162.55 161.42
64.77 52.09 40.29 29.55 20.13 12.03 5.15 0.00 0.00 0.00 0.00 0.00 0.00 0.00 0.00 0.00 0.00 0.00 0.00 0.00 0.00 0.00 0.00 0.00 0.00 0.00 0.70 3.34 6.40 9.84 13.64 17.78 22.23 26.97 31.96 37.18 42.61 48.21 53.97 59.84 65.82 71.86 77.95 84.05 90.14 96.20 102.19 108.09 113.88 119.52 124.99 130.27 135.32 140.12 144.64 148.86 152.76 156.34 159.57 162.45 164.92 166.98 168.60 169.74 170.38 170.51 170.08 169.08 167.66 166.21 164.82 163.48 162.18
60.90 48.62 37.20 26.64 17.13 8.88 1.89 0.00 0.00 0.00 0.00 0.00 0.00 0.00 0.00 0.00 0.00 0.00 0.00 0.00 0.00 0.00 0.00 0.00 0.00 0.00 0.00 1.57 4.99 8.78 12.93 17.39 22.16 27.19 32.47 37.96 43.65 49.50 55.48 61.57 67.75 73.99 80.25 86.52 92.76 98.95 105.07 111.08 116.96 122.69 128.23 133.56 138.65 143.48 148.02 152.24 156.11 159.63 162.79 165.56 167.93 169.87 171.35 172.34 172.82 172.77 172.16 170.95 169.33 167.68 166.10 164.57 163.10
56.75 44.86 33.80 23.59 14.24 5.92 0.00 0.00 0.00 0.00 0.00 0.00 0.00 0.00 0.00 0.00 0.00 0.00 0.00 0.00 0.00 0.00 0.00 0.00 0.00 0.00 0.00 0.29 4.06 8.20 12.68 17.46 22.53 27.86 33.41 39.17 45.11 51.19 57.40 63.71 70.08 76.50 82.93 89.35 95.74 102.06 108.29 114.41 120.37 126.17 131.78 137.15 142.28 147.13 151.68 155.89 159.75 163.22 166.29 168.96 171.21 173.02 174.36 175.19 175.51 175.27 174.46 173.05 171.20 169.35 167.56 165.84 164.19
52.41 40.88 30.17 20.29 11.26 3.09 0.00 0.00 0.00 0.00 0.00 0.00 0.00 0.00 0.00 0.00 0.00 0.00 0.00 0.00 0.00 0.00 0.00 0.00 0.00 0.00 0.00 0.00 3.63 8.11 12.91 18.00 23.37 28.98 34.80 40.82 47.00 53.31 59.74 66.24 72.81 79.40 85.99 92.56 99.08 105.53 111.87 118.07 124.12 129.99 135.65 141.06 146.22 151.08 155.62 159.83 163.65 167.09 170.09 172.66 174.79 176.45 177.63 178.31 178.44 178.01 177.00 175.36 173.29 171.22 169.22 167.30 165.46
47.99 36.80 26.41 16.84 8.11 0.21 0.00 0.00 0.00 0.00 0.00 0.00 0.00 0.00 0.00 0.00 0.00 0.00 0.00 0.00 0.00 0.00 0.00 0.00 0.00 0.00 0.00 0.00 3.69 8.50 13.62 19.02 24.67 30.56 36.65 42.91 49.32 55.86 62.49 69.19 75.94 82.70 89.45 96.16 102.81 109.36 115.80 122.10 128.22 134.14 139.85 145.30 150.47 155.34 159.87 164.05 167.84 171.23 174.17 176.65 178.65 180.17 181.19 181.69 181.63 181.01 179.77 177.91 175.61 173.31 171.09 168.96 166.92
43.57 32.69 22.61 13.33 4.87 0.00 0.00 0.00 0.00 0.00 0.00 0.00 0.00 0.00 0.00 0.00 0.00 0.00 0.00 0.00 0.00 0.00 0.00 0.00 0.00 0.00 0.00 0.00 4.26 9.39 14.81 20.51 26.45 32.60 38.94 45.45 52.09 58.84 65.67 72.56 79.48 86.40 93.30 100.14 106.91 113.57 120.10 126.47 132.66 138.64 144.38 149.85 155.04 159.90 164.42 168.57 172.32 175.65 178.52 180.92 182.81 184.18 185.03 185.35 185.10 184.26 182.80 180.71 178.16 175.62 173.18 170.83 168.57
39.25 28.66 18.85 9.84 1.64 0.00 0.00 0.00 0.00 0.00 0.00 0.00 0.00 0.00 0.00 0.00 0.00 0.00 0.00 0.00 0.00 0.00 0.00 0.00 0.00 0.00 0.00 0.20 5.34 10.78 16.51 22.49 28.70 35.12 41.71 48.45 55.31 62.26 69.29 76.36 83.44 90.51 97.55 104.52 111.40 118.16 124.77 131.22 137.47 143.49 149.26 154.75 159.94 164.79 169.29 173.40 177.10 180.36 183.16 185.46 187.25 188.49 189.17 189.29 188.84 187.78 186.09 183.75 180.95 178.17 175.49 172.91 170.44
35.12 24.80 15.25 6.48 0.00 0.00 0.00 0.00 0.00 0.00 0.00 0.00 0.00 0.00 0.00 0.00 0.00 0.00 0.00 0.00 0.00 0.00 0.00 0.00 0.00 0.00 0.00 1.48 6.93 12.68 18.70 24.97 31.45 38.11 44.94 51.91 58.98 66.14 73.35 80.59 87.83 95.05 102.21 109.30 116.28 123.13 129.83 136.34 142.63 148.69 154.48 159.98 165.17 170.00 174.47 178.54 182.18 185.37 188.08 190.29 191.96 193.07 193.60 193.53 192.86 191.58 189.65 187.06 183.99 180.95 178.03 175.22 172.52
31.27 21.20 11.88 3.34 0.00 0.00 0.00 0.00 0.00 0.00 0.00 0.00 0.00 0.00 0.00 0.00 0.00 0.00 0.00 0.00 0.00 0.00 0.00 0.00 0.00 0.00 0.00 3.28 9.05 15.10 21.41 27.95 34.68 41.60 48.66 55.84 63.12 70.47 77.85 85.26 92.65 100.00 107.29 114.49 121.57 128.50 135.27 141.83 148.17 154.26 160.06 165.57 170.74 175.55 179.98 183.99 187.57 190.68 193.30 195.40 196.95 197.93 198.31 198.07 197.19 195.66 193.49 190.63 187.30 183.99 180.82 177.76 174.81
27.80 17.95 8.85 0.50 0.00 0.00 0.00 0.00 0.00 0.00 0.00 0.00 0.00 0.00 0.00 0.00 0.00 0.00 0.00 0.00 0.00 0.00 0.00 0.00 0.00 0.00 0.00 5.63 11.70 18.05 24.63 31.43 38.42 45.57 52.86 60.25 67.73 75.26 82.81 90.38 97.91 105.39 112.80 120.10 127.27 134.28 141.10 147.71 154.09 160.19 166.01 171.51 176.66 181.44 185.82 189.77 193.27 196.30 198.81 200.80 202.22 203.07 203.29 202.88 201.80 200.05 197.61 194.48 190.87 187.29 183.85 180.53 177.31
