data_processed/recharge/precip/Precip_1996_07.asc
ncols        168
nrows        136
xllcorner    455000
yllcorner    2107000
cellsize     500
NODATA_value     -99999
[rows 0 to 32 of 136, columns 0 to 74 of 168]
230.51 230.16 229.17 227.84 226.23 224.38 222.32 220.08 217.68 215.17 212.57 209.91 207.22 204.55 201.90 199.33 196.86 194.52 192.34 190.32 188.36 186.40 184.44 182.51 180.71 179.09 177.66 176.41 175.36 174.50 173.84 173.37 173.08 172.98 173.05 173.30 173.72 174.31 175.06 175.97 177.04 178.26 179.63 181.14 182.80 184.56 186.38 188.28 190.28 192.36 194.37 196.24 197.94 199.47 200.88 202.17 203.35 204.38 205.27 206.00 206.57 206.95 207.15 207.14 206.93 206.49 205.81 204.90 203.72 202.28 200.57 198.56 196.25 193.66 190.77
228.19 227.75 226.92 225.77 224.32 222.60 220.65 218.49 216.16 213.70 211.12 208.47 205.77 203.06 200.36 197.71 195.14 192.68 190.36 188.22 186.24 184.33 182.42 180.53 178.77 177.19 175.80 174.60 173.59 172.78 172.17 171.73 171.48 171.41 171.51 171.78 172.22 172.83 173.59 174.51 175.58 176.80 178.16 179.67 181.31 183.09 184.96 186.91 188.92 190.99 192.95 194.76 196.40 197.93 199.36 200.67 201.85 202.89 203.78 204.52 205.08 205.45 205.64 205.62 205.38 204.92 204.23 203.28 202.08 200.60 198.85 196.80 194.45 191.80 188.86
226.26 225.99 225.34 224.34 223.03 221.43 219.57 217.49 215.22 212.79 210.23 207.57 204.84 202.08 199.31 196.57 193.89 191.30 188.83 186.51 184.38 182.42 180.53 178.66 176.93 175.37 174.01 172.84 171.87 171.09 170.49 170.08 169.84 169.78 169.89 170.16 170.60 171.20 171.95 172.86 173.92 175.11 176.45 177.93 179.54 181.28 183.15 185.11 187.14 189.18 191.10 192.87 194.54 196.11 197.56 198.90 200.11 201.17 202.08 202.83 203.40 203.78 203.97 203.95 203.72 203.25 202.54 201.58 200.36 198.87 197.09 195.01 192.63 189.94 186.95
225.00 224.92 224.43 223.58 222.39 220.89 219.12 217.10 214.87 212.46 209.90 207.22 204.45 201.62 198.77 195.93 193.12 190.39 187.75 185.25 182.91 180.76 178.80 176.93 175.19 173.65 172.31 171.16 170.20 169.42 168.82 168.41 168.17 168.09 168.19 168.45 168.87 169.44 170.17 171.04 172.06 173.22 174.51 175.94 177.50 179.18 180.99 182.91 184.93 186.95 188.86 190.67 192.39 194.01 195.51 196.89 198.14 199.24 200.18 200.95 201.55 201.96 202.17 202.16 201.94 201.48 200.78 199.82 198.60 197.10 195.31 193.22 190.83 188.11 185.08
224.42 224.51 224.18 223.46 222.38 220.97 219.26 217.30 215.09 212.69 210.11 207.40 204.58 201.68 198.73 195.77 192.83 189.93 187.12 184.41 181.85 179.46 177.28 175.33 173.60 172.06 170.71 169.56 168.58 167.79 167.18 166.74 166.48 166.37 166.44 166.66 167.03 167.56 168.24 169.06 170.02 171.12 172.35 173.71 175.19 176.80 178.53 180.37 182.32 184.33 186.30 188.18 189.97 191.65 193.22 194.65 195.96 197.11 198.10 198.92 199.55 200.00 200.24 200.27 200.07 199.63 198.95 198.01 196.80 195.31 193.53 191.44 189.05 186.33 183.27
224.04 224.30 224.12 223.53 222.56 221.25 219.61 217.69 215.52 213.12 210.53 207.78 204.90 201.93 198.89 195.81 192.73 189.67 186.68 183.78 180.99 178.37 175.98 174.02 172.30 170.73 169.36 168.17 167.17 166.34 165.68 165.20 164.88 164.73 164.73 164.89 165.20 165.66 166.26 167.00 167.88 168.90 170.04 171.30 172.69 174.20 175.82 177.55 179.43 181.45 183.49 185.46 187.33 189.09 190.73 192.24 193.60 194.82 195.87 196.75 197.44 197.93 198.22 198.29 198.13 197.73 197.08 196.17 194.99 193.52 191.75 189.69 187.30 184.58 181.44
223.40 223.85 223.84 223.39 222.54 221.33 219.77 217.91 215.78 213.40 210.81 208.04 205.12 202.08 198.95 195.77 192.56 189.36 186.20 183.11 180.12 177.32 174.94 173.06 171.38 169.79 168.36 167.11 166.05 165.15 164.42 163.87 163.47 163.23 163.15 163.22 163.44 163.80 164.30 164.94 165.71 166.60 167.63 168.77 170.04 171.41 172.90 174.54 176.39 178.42 180.49 182.54 184.50 186.34 188.07 189.66 191.10 192.39 193.52 194.46 195.22 195.77 196.12 196.24 196.13 195.78 195.17 194.30 193.15 191.72 189.99 187.94 185.57 182.78 179.49
222.51 223.14 223.30 223.01 222.29 221.19 219.73 217.95 215.86 213.52 210.94 208.16 205.20 202.11 198.91 195.64 192.32 188.98 185.67 182.40 179.27 176.50 174.22 172.42 170.78 169.19 167.70 166.37 165.21 164.22 163.39 162.73 162.23 161.88 161.68 161.64 161.73 161.96 162.34 162.84 163.47 164.23 165.11 166.10 167.21 168.43 169.81 171.41 173.25 175.27 177.35 179.42 181.47 183.42 185.24 186.92 188.46 189.83 191.04 192.06 192.89 193.52 193.93 194.12 194.07 193.78 193.23 192.40 191.30 189.91 188.22 186.21 183.78 180.85 177.41
221.53 222.18 222.51 222.38 221.82 220.84 219.49 217.79 215.77 213.47 210.91 208.13 205.16 202.03 198.77 195.42 191.99 188.54 185.08 181.70 178.62 175.97 173.80 172.08 170.48 168.88 167.34 165.91 164.63 163.52 162.57 161.77 161.14 160.65 160.31 160.11 160.06 160.14 160.35 160.69 161.16 161.74 162.45 163.27 164.20 165.28 166.61 168.18 170.01 172.03 174.10 176.18 178.27 180.31 182.23 184.02 185.65 187.13 188.42 189.53 190.45 191.16 191.65 191.92 191.94 191.72 191.23 190.47 189.43 188.09 186.44 184.39 181.84 178.78 175.22
220.64 221.14 221.48 221.52 221.12 220.28 219.05 217.44 215.50 213.25 210.73 207.97 204.99 201.84 198.53 195.11 191.60 188.03 184.49 181.19 178.25 175.72 173.65 172.00 170.44 168.83 167.24 165.71 164.29 163.03 161.92 160.97 160.17 159.52 159.01 158.64 158.40 158.30 158.32 158.47 158.75 159.13 159.64 160.25 161.03 162.05 163.34 164.89 166.70 168.70 170.77 172.85 174.94 177.02 179.05 180.95 182.69 184.27 185.67 186.89 187.90 188.70 189.28 189.64 189.74 189.60 189.19 188.50 187.53 186.24 184.57 182.42 179.76 176.59 172.93
219.84 220.18 220.39 220.44 220.19 219.51 218.40 216.91 215.06 212.88 210.41 207.67 204.70 201.53 198.19 194.71 191.12 187.51 184.07 180.92 178.12 175.71 173.73 172.15 170.62 169.01 167.36 165.73 164.17 162.73 161.44 160.30 159.31 158.46 157.75 157.18 156.74 156.42 156.23 156.17 156.21 156.38 156.65 157.09 157.78 158.76 160.01 161.54 163.32 165.32 167.37 169.45 171.55 173.63 175.70 177.71 179.57 181.27 182.78 184.11 185.23 186.14 186.82 187.27 187.47 187.41 187.09 186.48 185.58 184.29 182.54 180.29 177.54 174.30 170.56
219.12 219.31 219.37 219.30 219.06 218.53 217.56 216.19 214.44 212.35 209.93 207.24 204.29 201.11 197.75 194.23 190.63 187.13 183.86 180.87 178.21 175.91 174.02 172.51 171.01 169.38 167.67 165.94 164.23 162.61 161.10 159.75 158.54 157.46 156.53 155.72 155.04 154.49 154.06 153.74 153.54 153.45 153.53 153.87 154.51 155.44 156.65 158.14 159.91 161.88 163.92 166.00 168.09 170.18 172.26 174.31 176.29 178.11 179.75 181.20 182.44 183.46 184.25 184.81 185.11 185.16 184.93 184.41 183.52 182.16 180.33 178.01 175.21 171.90 168.11
218.47 218.52 218.44 218.23 217.87 217.35 216.53 215.29 213.66 211.66 209.32 206.67 203.75 200.59 197.22 193.71 190.25 186.94 183.85 181.01 178.48 176.29 174.49 173.04 171.57 169.92 168.15 166.31 164.45 162.63 160.89 159.29 157.83 156.50 155.31 154.24 153.30 152.48 151.78 151.19 150.71 150.40 150.37 150.65 151.23 152.11 153.27 154.73 156.46 158.41 160.44 162.50 164.58 166.68 168.76 170.83 172.85 174.79 176.57 178.15 179.52 180.66 181.58 182.25 182.68 182.83 182.70 182.21 181.27 179.86 177.97 175.61 172.76 169.42 165.59
217.87 217.79 217.58 217.24 216.75 216.12 215.32 214.22 212.71 210.81 208.56 205.98 203.10 199.96 196.63 193.29 190.04 186.93 184.00 181.32 178.91 176.82 175.10 173.72 172.26 170.59 168.75 166.80 164.79 162.77 160.79 158.91 157.16 155.55 154.08 152.72 151.49 150.37 149.37 148.48 147.76 147.34 147.23 147.44 147.95 148.77 149.89 151.30 153.00 154.93 156.93 158.98 161.06 163.14 165.23 167.30 169.34 171.34 173.24 174.96 176.47 177.75 178.80 179.60 180.15 180.42 180.34 179.81 178.83 177.39 175.47 173.09 170.22 166.86 163.03
217.32 217.12 216.79 216.32 215.72 214.96 214.06 212.97 211.59 209.81 207.65 205.15 202.33 199.27 196.12 193.01 189.97 187.04 184.29 181.75 179.46 177.48 175.84 174.51 173.07 171.37 169.46 167.40 165.23 163.00 160.78 158.60 156.53 154.60 152.81 151.14 149.59 148.15 146.82 145.67 144.82 144.31 144.12 144.25 144.70 145.46 146.52 147.89 149.55 151.44 153.43 155.46 157.52 159.60 161.68 163.76 165.81 167.82 169.78 171.63 173.29 174.72 175.91 176.85 177.53 177.86 177.76 177.21 176.21 174.76 172.84 170.45 167.59 164.24 160.42
216.80 216.49 216.04 215.47 214.75 213.88 212.86 211.68 210.32 208.66 206.61 204.20 201.49 198.63 195.73 192.84 190.01 187.27 184.68 182.28 180.11 178.22 176.66 175.38 173.95 172.22 170.24 168.06 165.73 163.30 160.82 158.35 155.94 153.64 151.49 149.48 147.57 145.78 144.18 142.88 141.93 141.32 141.05 141.10 141.48 142.17 143.18 144.50 146.12 147.98 149.93 151.94 153.99 156.05 158.13 160.21 162.26 164.29 166.26 168.17 169.97 171.55 172.90 173.99 174.74 175.07 174.97 174.42 173.43 171.99 170.09 167.72 164.88 161.57 157.78
216.30 215.88 215.34 214.66 213.83 212.87 211.75 210.46 209.01 207.37 205.43 203.16 200.67 198.08 195.43 192.77 190.13 187.58 185.15 182.88 180.83 179.04 177.55 176.31 174.89 173.13 171.07 168.76 166.26 163.62 160.89 158.12 155.37 152.69 150.12 147.71 145.43 143.34 141.58 140.17 139.11 138.40 138.04 138.01 138.31 138.94 139.89 141.15 142.73 144.55 146.47 148.45 150.47 152.53 154.60 156.67 158.73 160.75 162.74 164.67 166.53 168.26 169.77 170.94 171.71 172.06 171.98 171.46 170.50 169.09 167.23 164.91 162.12 158.86 155.13
215.81 215.30 214.65 213.88 212.96 211.90 210.69 209.31 207.77 206.05 204.16 202.12 199.92 197.60 195.19 192.75 190.31 187.93 185.66 183.53 181.58 179.88 178.46 177.27 175.85 174.05 171.90 169.47 166.80 163.95 160.96 157.89 154.79 151.72 148.72 145.85 143.22 140.96 139.07 137.54 136.38 135.57 135.11 134.99 135.21 135.77 136.65 137.86 139.39 141.17 143.05 145.00 147.00 149.04 151.09 153.16 155.21 157.24 159.24 161.18 163.06 164.85 166.44 167.65 168.45 168.84 168.80 168.33 167.42 166.07 164.27 162.02 159.30 156.12 152.48
215.31 214.71 213.98 213.12 212.13 210.98 209.68 208.22 206.59 204.81 202.98 201.14 199.21 197.15 194.98 192.75 190.51 188.31 186.18 184.18 182.35 180.73 179.37 178.22 176.80 174.96 172.72 170.16 167.32 164.24 160.99 157.62 154.17 150.70 147.27 144.01 141.12 138.69 136.67 135.02 133.74 132.83 132.27 132.06 132.20 132.68 133.50 134.65 136.12 137.86 139.70 141.62 143.59 145.60 147.64 149.69 151.74 153.77 155.77 157.72 159.61 161.36 162.88 164.12 164.97 165.42 165.45 165.05 164.22 162.95 161.23 159.07 156.45 153.36 149.83
214.79 214.12 213.31 212.38 211.30 210.08 208.71 207.17 205.49 203.76 202.01 200.27 198.52 196.70 194.77 192.76 190.71 188.67 186.69 184.82 183.09 181.55 180.25 179.13 177.72 175.82 173.50 170.80 167.78 164.48 160.97 157.28 153.48 149.62 145.84 142.35 139.25 136.59 134.40 132.62 131.23 130.20 129.54 129.24 129.29 129.69 130.44 131.52 132.94 134.63 136.43 138.30 140.24 142.23 144.24 146.28 148.32 150.34 152.35 154.30 156.13 157.77 159.19 160.38 161.29 161.82 161.93 161.62 160.89 159.73 158.12 156.07 153.57 150.61 147.20
214.24 213.50 212.63 211.63 210.49 209.20 207.76 206.18 204.54 202.89 201.22 199.56 197.90 196.24 194.53 192.73 190.87 189.00 187.16 185.41 183.77 182.31 181.07 179.98 178.56 176.62 174.20 171.36 168.16 164.64 160.85 156.85 152.70 148.53 144.57 140.92 137.63 134.74 132.31 130.36 128.84 127.70 126.94 126.54 126.50 126.82 127.49 128.50 129.86 131.49 133.25 135.08 136.99 138.94 140.93 142.95 144.97 146.99 148.98 150.87 152.59 154.12 155.44 156.55 157.43 158.04 158.26 158.07 157.46 156.42 154.95 153.03 150.67 147.85 144.60
213.65 212.85 211.92 210.86 209.67 208.32 206.84 205.30 203.74 202.16 200.57 198.97 197.39 195.81 194.25 192.64 190.96 189.25 187.55 185.92 184.38 182.99 181.80 180.74 179.31 177.31 174.79 171.81 168.42 164.67 160.61 156.30 151.88 147.59 143.52 139.73 136.26 133.17 130.50 128.31 126.62 125.36 124.48 123.98 123.84 124.08 124.67 125.61 126.90 128.48 130.18 131.97 133.83 135.75 137.72 139.71 141.71 143.71 145.63 147.41 149.01 150.43 151.66 152.69 153.52 154.13 154.45 154.40 153.94 153.05 151.73 149.97 147.77 145.12 142.04
213.00 212.15 211.18 210.07 208.82 207.45 206.01 204.53 203.04 201.52 200.00 198.47 196.95 195.44 193.94 192.46 190.96 189.41 187.84 186.32 184.87 183.56 182.41 181.37 179.93 177.87 175.25 172.12 168.54 164.56 160.22 155.70 151.21 146.86 142.70 138.79 135.17 131.89 129.00 126.56 124.61 123.17 122.18 121.57 121.34 121.48 121.99 122.86 124.08 125.60 127.24 128.99 130.80 132.68 134.61 136.58 138.56 140.48 142.27 143.92 145.41 146.74 147.89 148.86 149.63 150.20 150.55 150.63 150.33 149.61 148.47 146.89 144.88 142.42 139.53
212.28 211.39 210.38 209.24 207.97 206.63 205.25 203.83 202.40 200.94 199.48 198.01 196.54 195.09 193.65 192.23 190.84 189.43 188.00 186.58 185.23 183.97 182.87 181.86 180.39 178.27 175.54 172.27 168.49 164.27 159.77 155.22 150.72 146.34 142.11 138.10 134.34 130.90 127.81 125.14 122.93 121.23 120.06 119.34 119.00 119.05 119.47 120.26 121.41 122.86 124.45 126.14 127.91 129.75 131.64 133.57 135.46 137.25 138.91 140.45 141.84 143.08 144.16 145.06 145.79 146.33 146.67 146.80 146.65 146.13 145.18 143.81 142.01 139.77 137.10
211.48 210.56 209.52 208.36 207.12 205.84 204.51 203.16 201.78 200.37 198.96 197.54 196.12 194.72 193.32 191.95 190.61 189.30 187.99 186.68 185.41 184.22 183.15 182.15 180.66 178.48 175.64 172.21 168.24 163.89 159.42 154.91 150.44 146.04 141.77 137.67 133.80 130.21 126.95 124.07 121.61 119.64 118.19 117.29 116.85 116.80 117.13 117.83 118.91 120.29 121.82 123.45 125.17 126.96 128.81 130.64 132.39 134.05 135.59 137.02 138.32 139.48 140.49 141.35 142.04 142.56 142.89 143.02 142.95 142.61 141.88 140.74 139.17 137.16 134.74
210.59 209.65 208.60 207.47 206.28 205.05 203.77 202.46 201.13 199.77 198.40 197.03 195.65 194.28 192.93 191.60 190.30 189.03 187.80 186.58 185.39 184.26 183.23 182.24 180.72 178.46 175.51 171.93 167.88 163.61 159.23 154.80 150.36 145.97 141.67 137.51 133.55 129.84 126.42 123.34 120.67 118.44 116.71 115.52 114.90 114.74 114.98 115.60 116.60 117.90 119.36 120.93 122.60 124.33 126.08 127.77 129.38 130.91 132.34 133.67 134.88 135.97 136.93 137.75 138.41 138.91 139.24 139.39 139.34 139.10 138.58 137.69 136.37 134.63 132.46
209.59 208.65 207.62 206.54 205.39 204.20 202.97 201.70 200.40 199.09 197.75 196.42 195.08 193.74 192.42 191.12 189.85 188.61 187.41 186.26 185.14 184.06 183.06 182.08 180.53 178.20 175.14 171.51 167.59 163.48 159.22 154.88 150.50 146.13 141.82 137.63 133.60 129.78 126.22 122.98 120.10 117.64 115.64 114.16 113.25 112.91 113.04 113.57 114.48 115.71 117.10 118.61 120.20 121.83 123.43 124.97 126.45 127.86 129.19 130.43 131.57 132.60 133.51 134.29 134.93 135.42 135.76 135.93 135.92 135.73 135.33 134.67 133.63 132.17 130.29
208.48 207.56 206.58 205.53 204.42 203.26 202.07 200.83 199.57 198.28 196.98 195.67 194.36 193.05 191.76 190.48 189.23 188.02 186.84 185.71 184.63 183.60 182.63 181.65 180.07 177.66 174.60 171.16 167.44 163.51 159.40 155.16 150.86 146.54 142.24 138.03 133.95 130.04 126.37 122.98 119.92 117.25 115.01 113.25 112.02 111.38 111.33 111.76 112.59 113.74 115.05 116.48 117.96 119.43 120.88 122.28 123.64 124.94 126.17 127.33 128.40 129.37 130.24 131.00 131.63 132.13 132.48 132.68 132.71 132.57 132.25 131.74 130.96 129.80 128.24
207.25 206.37 205.41 204.39 203.32 202.19 201.02 199.81 198.57 197.31 196.03 194.74 193.45 192.16 190.89 189.63 188.40 187.20 186.03 184.92 183.85 182.84 181.90 180.92 179.30 176.95 174.12 170.94 167.45 163.70 159.76 155.66 151.45 147.19 142.93 138.72 134.61 130.64 126.87 123.36 120.14 117.27 114.80 112.79 111.27 110.31 109.95 110.19 110.92 111.99 113.22 114.53 115.85 117.16 118.46 119.73 120.97 122.17 123.32 124.40 125.41 126.34 127.18 127.92 128.55 129.05 129.43 129.66 129.75 129.68 129.44 129.02 128.41 127.54 126.31
205.87 205.02 204.09 203.09 202.04 200.93 199.78 198.59 197.37 196.12 194.86 193.59 192.31 191.03 189.77 188.52 187.30 186.11 184.95 183.84 182.78 181.78 180.84 179.86 178.34 176.26 173.75 170.85 167.61 164.08 160.32 156.37 152.28 148.11 143.90 139.71 135.59 131.58 127.74 124.11 120.76 117.72 115.04 112.79 111.01 109.74 109.05 108.97 109.52 110.49 111.59 112.72 113.88 115.04 116.20 117.36 118.49 119.60 120.66 121.68 122.64 123.53 124.35 125.08 125.71 126.23 126.64 126.92 127.07 127.07 126.92 126.60 126.10 125.43 124.51
204.33 203.49 202.58 201.60 200.56 199.47 198.33 197.16 195.95 194.71 193.46 192.20 190.93 189.66 188.40 187.16 185.93 184.74 183.59 182.48 181.42 180.41 179.47 178.55 177.34 175.63 173.45 170.85 167.89 164.60 161.04 157.26 153.32 149.26 145.13 140.98 136.87 132.84 128.94 125.23 121.75 118.56 115.71 113.24 111.21 109.66 108.65 108.23 108.45 109.19 110.11 111.08 112.08 113.10 114.14 115.18 116.21 117.24 118.23 119.19 120.11 120.97 121.77 122.50 123.14 123.69 124.14 124.48 124.69 124.78 124.72 124.51 124.15 123.61 122.88
202.69 201.87 200.98 200.02 199.00 197.92 196.80 195.63 194.44 193.21 191.97 190.71 189.45 188.19 186.94 185.70 184.48 183.29 182.14 181.03 179.97 178.96 178.02 177.14 176.14 174.80 172.99 170.72 168.05 165.02 161.70 158.12 154.35 150.42 146.39 142.32 138.24 134.22 130.30 126.53 122.96 119.65 116.64 113.98 111.73 109.93 108.64 107.90 107.73 108.07 108.73 109.54 110.40 111.30 112.22 113.16 114.11 115.06 116.00 116.92 117.81 118.65 119.45 120.19 120.86 121.45 121.95 122.36 122.65 122.83 122.88 122.80 122.57 122.17 121.52
200.98 200.19 199.32 198.38 197.38 196.32 195.22 194.07 192.89 191.68 190.45 189.21 187.96 186.71 185.46 184.23 183.02 181.84 180.69 179.58 178.52 177.53 176.61 175.73 174.78 173.66 172.22 170.31 167.96 165.24 162.18 158.83 155.25 151.49 147.60 143.63 139.62 135.64 131.72 127.92 124.30 120.89 117.76 114.94 112.50 110.48 108.93 107.85 107.29 107.23 107.52 108.10 108.82 109.61 110.43 111.29 112.17 113.06 113.96 114.85 115.72 116.56 117.37 118.14 118.85 119.49 120.06 120.55 120.94 121.23 121.41 121.46 121.37 121.05 120.45
