data_processed/recharge/precip/Precip_1992_07.asc
ncols        168
nrows        136
xllcorner    455000
yllcorner    2107000
cellsize     500
NODATA_value     -99999
[rows 0 to 31 of 136, columns 0 to 70 of 168]
231.53 229.25 226.91 224.52 222.07 219.57 217.02 214.41 211.75 209.05 206.29 203.48 200.63 197.72 194.77 191.78 188.74 185.65 182.52 179.34 176.13 172.87 169.57 166.23 162.85 159.43 155.97 152.48 148.94 145.38 141.77 138.13 134.46 130.75 126.96 123.07 119.11 115.07 111.10 107.33 103.79 100.45 97.28 94.19 91.16 88.20 85.29 82.44 79.66 76.93 74.28 71.68 69.16 66.69 64.30 61.97 59.71 57.52 55.41 53.36 51.38 49.47 47.64 45.89 44.20 42.59 41.06 39.61 38.23 36.93 35.71
230.30 228.06 225.76 223.41 221.01 218.55 216.04 213.48 210.87 208.22 205.51 202.75 199.95 197.10 194.21 191.27 188.28 185.25 182.18 179.07 175.91 172.72 169.48 166.20 162.89 159.54 156.15 152.72 149.26 145.76 142.23 138.67 135.07 131.44 127.77 124.03 120.20 116.30 112.46 108.83 105.41 102.15 98.98 95.86 92.81 89.81 86.87 84.00 81.18 78.43 75.75 73.13 70.57 68.08 65.66 63.30 61.01 58.79 56.64 54.57 52.56 50.62 48.76 46.97 45.26 43.62 42.06 40.57 39.17 37.84 36.59
229.18 226.98 224.73 222.42 220.06 217.65 215.19 212.68 210.12 207.51 204.86 202.15 199.41 196.61 193.77 190.89 187.96 184.99 181.98 178.93 175.84 172.71 169.54 166.33 163.08 159.80 156.48 153.12 149.73 146.31 142.85 139.36 135.84 132.29 128.71 125.09 121.40 117.64 113.93 110.43 107.10 103.84 100.64 97.50 94.42 91.39 88.43 85.53 82.69 79.91 77.20 74.55 71.97 69.45 67.00 64.62 62.30 60.06 57.88 55.78 53.74 51.78 49.89 48.07 46.33 44.66 43.07 41.56 40.12 38.76 37.48
228.18 226.02 223.81 221.55 219.24 216.88 214.46 212.00 209.49 206.94 204.34 201.69 199.00 196.26 193.48 190.65 187.79 184.88 181.93 178.94 175.91 172.85 169.74 166.60 163.43 160.21 156.96 153.68 150.36 147.02 143.63 140.22 136.78 133.30 129.80 126.27 122.71 119.08 115.52 112.10 108.76 105.48 102.26 99.10 95.99 92.95 89.96 87.04 84.17 81.37 78.64 75.96 73.36 70.81 68.34 65.93 63.59 61.32 59.12 56.99 54.93 52.94 51.02 49.18 47.41 45.72 44.10 42.56 41.10 39.71 38.41
227.29 225.18 223.02 220.80 218.54 216.23 213.86 211.45 209.00 206.50 203.95 201.36 198.72 196.04 193.32 190.56 187.75 184.91 182.02 179.10 176.14 173.14 170.10 167.03 163.92 160.78 157.61 154.40 151.16 147.88 144.58 141.24 137.88 134.49 131.07 127.62 124.14 120.64 117.16 113.75 110.39 107.09 103.85 100.66 97.54 94.47 91.46 88.52 85.63 82.81 80.05 77.36 74.73 72.16 69.66 67.23 64.87 62.58 60.35 58.20 56.12 54.10 52.16 50.30 48.51 46.79 45.15 43.58 42.10 40.68 39.35
226.55 224.48 222.37 220.20 217.99 215.72 213.41 211.06 208.65 206.21 203.72 201.18 198.60 195.98 193.32 190.62 187.88 185.10 182.28 179.42 176.53 173.60 170.63 167.63 164.59 161.52 158.42 155.29 152.12 148.93 145.70 142.45 139.16 135.85 132.52 129.15 125.76 122.32 118.85 115.42 112.05 108.73 105.47 102.26 99.11 96.03 93.00 90.03 87.13 84.29 81.51 78.79 76.14 73.56 71.04 68.59 66.20 63.89 61.64 59.47 57.36 55.33 53.37 51.48 49.66 47.92 46.26 44.67 43.16 41.73 40.37
225.98 223.96 221.89 219.77 217.61 215.40 213.14 210.84 208.49 206.10 203.67 201.19 198.67 196.11 193.51 190.87 188.19 185.48 182.72 179.93 177.11 174.25 171.35 168.42 165.46 162.46 159.43 156.38 153.29 150.17 147.03 143.85 140.65 137.42 134.17 130.89 127.56 124.14 120.68 117.25 113.85 110.51 107.23 104.01 100.84 97.73 94.69 91.70 88.78 85.92 83.12 80.38 77.71 75.10 72.57 70.09 67.69 65.35 63.08 60.89 58.76 56.70 54.72 52.81 50.97 49.21 47.53 45.91 44.38 42.92 41.55
225.59 223.61 221.59 219.53 217.41 215.25 213.05 210.80 208.51 206.17 203.80 201.38 198.92 196.42 193.88 191.31 188.70 186.04 183.36 180.64 177.88 175.09 172.26 169.40 166.51 163.59 160.64 157.66 154.65 151.61 148.55 145.45 142.33 139.19 136.02 132.80 129.49 126.09 122.64 119.22 115.81 112.46 109.16 105.91 102.73 99.60 96.54 93.53 90.59 87.70 84.88 82.13 79.44 76.81 74.25 71.76 69.33 66.97 64.68 62.46 60.32 58.24 56.23 54.30 52.44 50.66 48.95 47.32 45.76 44.28 42.88
225.36 223.44 221.47 219.45 217.39 215.28 213.13 210.94 208.70 206.43 204.11 201.75 199.35 196.91 194.44 191.93 189.38 186.80 184.18 181.52 178.83 176.11 173.36 170.58 167.76 164.92 162.04 159.14 156.21 153.25 150.26 147.25 144.21 141.15 138.04 134.85 131.55 128.16 124.73 121.31 117.92 114.56 111.24 107.97 104.77 101.62 98.54 95.51 92.55 89.65 86.81 84.03 81.32 78.67 76.09 73.58 71.13 68.75 66.44 64.20 62.03 59.93 57.90 55.95 54.07 52.26 50.53 48.87 47.29 45.79 44.37
225.30 223.43 221.51 219.54 217.53 215.48 213.38 211.25 209.07 206.85 204.59 202.29 199.96 197.58 195.17 192.72 190.24 187.72 185.17 182.59 179.97 177.32 174.64 171.93 169.19 166.42 163.62 160.80 157.95 155.07 152.17 149.24 146.28 143.28 140.20 137.01 133.73 130.36 126.94 123.53 120.15 116.79 113.47 110.18 106.96 103.80 100.69 97.64 94.66 91.74 88.88 86.08 83.35 80.68 78.08 75.54 73.08 70.68 68.34 66.08 63.89 61.77 59.72 57.74 55.84 54.01 52.26 50.58 48.98 47.45 46.00
225.40 223.58 221.71 219.80 217.84 215.84 213.80 211.72 209.60 207.44 205.24 203.01 200.73 198.42 196.07 193.69 191.28 188.83 186.35 183.83 181.29 178.71 176.10 173.47 170.80 168.11 165.39 162.64 159.87 157.07 154.25 151.41 148.51 145.54 142.46 139.29 136.03 132.67 129.26 125.87 122.50 119.15 115.83 112.54 109.30 106.11 102.99 99.92 96.92 93.97 91.09 88.28 85.52 82.84 80.21 77.66 75.17 72.75 70.39 68.11 65.90 63.75 61.68 59.68 57.76 55.91 54.13 52.43 50.80 49.26 47.79
225.66 223.89 222.07 220.21 218.31 216.36 214.38 212.36 210.30 208.19 206.06 203.88 201.67 199.42 197.14 194.83 192.48 190.10 187.69 185.24 182.77 180.27 177.73 175.17 172.58 169.97 167.33 164.66 161.97 159.26 156.52 153.73 150.86 147.90 144.84 141.68 138.43 135.09 131.69 128.31 124.95 121.62 118.30 115.02 111.77 108.57 105.42 102.34 99.31 96.35 93.45 90.61 87.84 85.13 82.49 79.91 77.40 74.95 72.58 70.28 68.04 65.88 63.78 61.76 59.81 57.94 56.14 54.42 52.77 51.20 49.71
226.07 224.35 222.58 220.77 218.93 217.04 215.11 213.15 211.15 209.11 207.03 204.92 202.77 200.59 198.37 196.13 193.85 191.54 189.19 186.82 184.42 181.99 179.53 177.05 174.54 172.00 169.44 166.85 164.25 161.61 158.93 156.17 153.32 150.37 147.32 144.18 140.94 137.61 134.23 130.86 127.52 124.19 120.89 117.61 114.37 111.15 107.99 104.89 101.84 98.86 95.94 93.08 90.29 87.56 84.89 82.29 79.76 77.30 74.90 72.58 70.32 68.13 66.02 63.97 62.01 60.11 58.29 56.54 54.87 53.28 51.76
226.62 224.95 223.24 221.49 219.70 217.87 216.00 214.09 212.15 210.17 208.16 206.11 204.03 201.91 199.76 197.58 195.37 193.13 190.86 188.56 186.23 183.88 181.50 179.09 176.66 174.20 171.72 169.21 166.69 164.11 161.46 158.71 155.87 152.93 149.90 146.78 143.55 140.24 136.87 133.52 130.18 126.87 123.58 120.31 117.07 113.86 110.69 107.56 104.50 101.50 98.56 95.68 92.86 90.11 87.43 84.81 82.26 79.77 77.35 75.00 72.73 70.52 68.38 66.32 64.32 62.41 60.56 58.79 57.10 55.48 53.94
227.32 225.70 224.04 222.35 220.61 218.84 217.03 215.18 213.30 211.38 209.43 207.45 205.43 203.38 201.30 199.19 197.05 194.88 192.68 190.46 188.20 185.92 183.62 181.29 178.93 176.56 174.16 171.73 169.27 166.72 164.08 161.34 158.52 155.60 152.58 149.47 146.26 142.96 139.61 136.27 132.95 129.64 126.36 123.10 119.87 116.67 113.50 110.36 107.28 104.26 101.30 98.40 95.56 92.79 90.09 87.45 84.87 82.37 79.93 77.56 75.26 73.03 70.87 68.78 66.77 64.83 62.96 61.17 59.45 57.81 56.25
228.15 226.58 224.98 223.34 221.66 219.95 218.20 216.41 214.59 212.74 210.85 208.93 206.98 205.00 202.99 200.95 198.88 196.78 194.65 192.50 190.32 188.12 185.89 183.64 181.37 179.07 176.75 174.39 171.94 169.41 166.78 164.06 161.25 158.35 155.35 152.25 149.06 145.77 142.44 139.11 135.80 132.51 129.24 125.99 122.77 119.57 116.41 113.27 110.18 107.14 104.16 101.24 98.38 95.59 92.86 90.20 87.61 85.08 82.62 80.23 77.91 75.66 73.48 71.37 69.33 67.37 65.48 63.66 61.92 60.26 58.68
229.11 227.60 226.05 224.47 222.85 221.20 219.51 217.78 216.02 214.23 212.41 210.56 208.67 206.76 204.82 202.85 200.85 198.82 196.77 194.69 192.59 190.47 188.32 186.14 183.95 181.73 179.47 177.13 174.71 172.19 169.57 166.87 164.08 161.19 158.20 155.12 151.94 148.67 145.35 142.04 138.75 135.46 132.20 128.96 125.75 122.56 119.40 116.28 113.18 110.13 107.13 104.19 101.32 98.50 95.76 93.07 90.46 87.91 85.43 83.01 80.67 78.40 76.19 74.06 72.00 70.02 68.11 66.27 64.51 62.82 61.21
230.20 228.75 227.26 225.73 224.17 222.57 220.94 219.28 217.59 215.86 214.11 212.32 210.50 208.66 206.78 204.88 202.96 201.01 199.03 197.03 195.00 192.95 190.88 188.79 186.68 184.52 182.28 179.96 177.55 175.04 172.45 169.76 166.98 164.10 161.13 158.07 154.91 151.66 148.35 145.06 141.77 138.50 135.25 132.02 128.82 125.64 122.49 119.36 116.28 113.22 110.21 107.25 104.36 101.52 98.75 96.05 93.41 90.84 88.34 85.91 83.54 81.25 79.02 76.87 74.79 72.78 70.85 68.99 67.20 65.49 63.86
231.41 230.01 228.58 227.11 225.61 224.08 222.51 220.91 219.28 217.62 215.93 214.21 212.46 210.69 208.88 207.06 205.20 203.32 201.42 199.50 197.55 195.58 193.59 191.58 189.52 187.39 185.17 182.86 180.46 177.97 175.39 172.72 169.96 167.10 164.14 161.10 157.95 154.71 151.43 148.15 144.88 141.62 138.38 135.16 131.97 128.79 125.65 122.53 119.45 116.40 113.39 110.42 107.50 104.65 101.86 99.13 96.48 93.88 91.36 88.90 86.52 84.20 81.95 79.78 77.68 75.64 73.69 71.81 70.00 68.27 66.61
232.74 231.40 230.02 228.61 227.17 225.70 224.19 222.66 221.09 219.50 217.88 216.22 214.55 212.84 211.11 209.36 207.58 205.77 203.95 202.10 200.23 198.34 196.43 194.47 192.44 190.33 188.12 185.83 183.45 180.97 178.41 175.75 173.00 170.16 167.23 164.20 161.07 157.85 154.58 151.31 148.05 144.81 141.58 138.38 135.19 132.02 128.89 125.78 122.70 119.65 116.64 113.67 110.74 107.87 105.06 102.31 99.63 97.02 94.48 92.00 89.59 87.25 84.98 82.79 80.66 78.61 76.63 74.72 72.89 71.14 69.46
234.18 232.89 231.58 230.23 228.85 227.44 226.00 224.53 223.03 221.50 219.94 218.36 216.75 215.12 213.46 211.78 210.07 208.35 206.60 204.83 203.04 201.22 199.37 197.44 195.43 193.33 191.14 188.86 186.49 184.04 181.49 178.85 176.12 173.29 170.37 167.36 164.25 161.05 157.79 154.54 151.30 148.07 144.86 141.66 138.48 135.33 132.19 129.09 126.02 122.98 119.97 117.00 114.07 111.18 108.35 105.59 102.89 100.25 97.68 95.19 92.76 90.39 88.10 85.88 83.74 81.66 79.66 77.73 75.88 74.10 72.40
235.72 234.50 233.24 231.96 230.64 229.29 227.91 226.51 225.07 223.61 222.13 220.61 219.08 217.51 215.93 214.32 212.69 211.04 209.37 207.68 205.97 204.21 202.39 200.47 198.47 196.39 194.22 191.95 189.60 187.16 184.63 182.01 179.30 176.49 173.59 170.59 167.50 164.31 161.07 157.84 154.61 151.39 148.19 145.01 141.84 138.69 135.57 132.47 129.40 126.37 123.36 120.39 117.46 114.58 111.73 108.95 106.22 103.57 100.98 98.46 96.01 93.63 91.31 89.07 86.90 84.81 82.78 80.83 78.95 77.15 75.43
237.37 236.21 235.01 233.79 232.53 231.25 229.93 228.59 227.23 225.84 224.42 222.98 221.51 220.02 218.51 216.98 215.42 213.85 212.26 210.64 208.99 207.26 205.45 203.55 201.57 199.50 197.35 195.10 192.77 190.35 187.83 185.23 182.53 179.74 176.85 173.87 170.80 167.63 164.41 161.19 157.98 154.78 151.59 148.41 145.26 142.12 139.00 135.91 132.85 129.82 126.82 123.85 120.92 118.03 115.19 112.39 109.65 106.97 104.36 101.82 99.34 96.94 94.61 92.34 90.15 88.03 85.98 84.01 82.11 80.29 78.54
239.12 238.01 236.88 235.72 234.52 233.30 232.06 230.79 229.49 228.16 226.82 225.45 224.05 222.64 221.20 219.74 218.27 216.77 215.26 213.70 212.07 210.36 208.57 206.69 204.72 202.67 200.53 198.30 195.98 193.58 191.08 188.49 185.81 183.04 180.17 177.21 174.15 171.00 167.80 164.60 161.40 158.22 155.04 151.88 148.73 145.60 142.50 139.41 136.36 133.33 130.33 127.37 124.44 121.55 118.70 115.90 113.14 110.45 107.82 105.25 102.76 100.33 97.98 95.69 93.48 91.33 89.26 87.27 85.35 83.50 81.73
240.96 239.91 238.84 237.74 236.61 235.46 234.28 233.07 231.84 230.59 229.32 228.02 226.70 225.36 223.99 222.61 221.22 219.80 218.34 216.81 215.20 213.50 211.72 209.86 207.91 205.88 203.75 201.54 199.24 196.86 194.38 191.81 189.14 186.39 183.54 180.60 177.56 174.43 171.24 168.06 164.88 161.70 158.54 155.39 152.25 149.14 146.04 142.96 139.91 136.89 133.90 130.94 128.01 125.12 122.28 119.47 116.71 114.00 111.35 108.76 106.24 103.80 101.42 99.11 96.87 94.71 92.62 90.60 88.65 86.79 84.99
242.88 241.90 240.89 239.86 238.79 237.71 236.59 235.46 234.30 233.11 231.91 230.68 229.44 228.17 226.89 225.58 224.26 222.90 221.47 219.96 218.36 216.68 214.92 213.08 211.14 209.13 207.02 204.83 202.55 200.18 197.71 195.16 192.52 189.78 186.95 184.03 181.01 177.89 174.73 171.56 168.40 165.24 162.09 158.95 155.83 152.72 149.63 146.56 143.52 140.50 137.51 134.55 131.63 128.74 125.90 123.09 120.32 117.61 114.94 112.34 109.80 107.33 104.93 102.60 100.34 98.15 96.04 94.00 92.03 90.14 88.32
244.89 243.97 243.03 242.06 241.06 240.04 238.99 237.93 236.84 235.73 234.59 233.44 232.27 231.08 229.87 228.65 227.38 226.05 224.63 223.14 221.56 219.90 218.15 216.32 214.41 212.41 210.32 208.15 205.88 203.53 201.09 198.56 195.93 193.21 190.40 187.49 184.49 181.40 178.25 175.10 171.95 168.81 165.68 162.55 159.44 156.34 153.26 150.20 147.16 144.15 141.17 138.22 135.29 132.41 129.56 126.75 123.99 121.27 118.59 115.97 113.41 110.92 108.50 106.15 103.87 101.66 99.52 97.46 95.47 93.55 91.71
246.98 246.13 245.24 244.34 243.41 242.46 241.48 240.48 239.46 238.42 237.37 236.29 235.19 234.08 232.95 231.78 230.54 229.22 227.83 226.35 224.79 223.14 221.42 219.60 217.71 215.72 213.66 211.50 209.25 206.92 204.50 201.98 199.37 196.67 193.88 191.00 188.01 184.94 181.81 178.68 175.55 172.42 169.30 166.19 163.09 160.00 156.93 153.88 150.85 147.84 144.87 141.92 139.00 136.11 133.26 130.46 127.69 124.96 122.29 119.66 117.08 114.57 112.13 109.75 107.45 105.22 103.06 100.97 98.96 97.02 95.16
249.14 248.35 247.54 246.70 245.83 244.95 244.04 243.11 242.17 241.20 240.22 239.22 238.20 237.16 236.09 234.94 233.72 232.42 231.04 229.58 228.04 226.41 224.70 222.91 221.03 219.07 217.01 214.88 212.65 210.33 207.93 205.43 202.85 200.17 197.39 194.53 191.56 188.51 185.40 182.29 179.17 176.06 172.95 169.86 166.77 163.69 160.63 157.59 154.57 151.57 148.60 145.65 142.73 139.85 137.00 134.19 131.43 128.70 126.02 123.38 120.80 118.27 115.81 113.41 111.09 108.83 106.65 104.54 102.50 100.54 98.66
251.37 250.65 249.90 249.12 248.33 247.51 246.68 245.82 244.95 244.06 243.15 242.22 241.28 240.30 239.25 238.12 236.92 235.64 234.27 232.83 231.31 229.70 228.01 226.23 224.37 222.43 220.40 218.28 216.07 213.77 211.39 208.91 206.34 203.68 200.93 198.08 195.14 192.10 189.01 185.92 182.82 179.73 176.64 173.55 170.48 167.41 164.36 161.33 158.32 155.32 152.35 149.41 146.50 143.62 140.77 137.96 135.19 132.46 129.78 127.14 124.55 122.02 119.53 117.12 114.77 112.49 110.29 108.16 106.10 104.11 102.20
253.67 253.01 252.32 251.62 250.89 250.15 249.38 248.60 247.80 246.98 246.15 245.30 244.41 243.46 242.43 241.32 240.13 238.87 237.52 236.10 234.59 233.00 231.33 229.57 227.73 225.80 223.79 221.69 219.50 217.23 214.86 212.40 209.86 207.21 204.48 201.65 198.73 195.72 192.65 189.57 186.49 183.41 180.34 177.27 174.21 171.15 168.11 165.09 162.09 159.10 156.14 153.20 150.29 147.41 144.57 141.76 138.99 136.26 133.57 130.93 128.33 125.79 123.30 120.86 118.49 116.19 113.97 111.81 109.73 107.72 105.79
256.02 255.43 254.81 254.17 253.52 252.84 252.15 251.44 250.71 249.97 249.21 248.42 247.56 246.62 245.61 244.52 243.35 242.11 240.78 239.37 237.88 236.31 234.66 232.92 231.10 229.19 227.20 225.12 222.95 220.69 218.35 215.91 213.38 210.76 208.05 205.24 202.34 199.35 196.30 193.24 190.18 187.12 184.06 181.00 177.95 174.91 171.89 168.87 165.88 162.90 159.94 157.01 154.11 151.23 148.39 145.58 142.80 140.07 137.38 134.73 132.13 129.58 127.08 124.64 122.25 119.93 117.68 115.50 113.40 111.37 109.42
