data_processed/recharge/precip/Precip_2009_07.asc
ncols        168
nrows        136
xllcorner    455000
yllcorner    2107000
cellsize     500
NODATA_value     -99999
[rows 33 to 65 of 136, columns 0 to 73 of 168]
170.79 173.20 175.44 177.51 179.39 181.07 182.54 183.79 184.82 185.61 186.15 186.44 186.46 186.20 185.65 184.81 183.66 182.19 180.43 178.40 176.30 174.40 172.65 170.96 169.32 167.71 166.14 164.60 163.10 161.63 160.19 158.78 157.40 156.04 154.71 153.40 152.11 150.84 149.59 148.36 147.14 145.93 144.74 143.55 142.38 141.21 140.05 138.89 137.74 136.58 135.43 134.27 133.11 131.95 130.78 129.59 128.40 127.20 125.99 124.76 123.51 122.25 120.97 119.66 118.34 116.99 115.61 114.21 112.78 111.32 109.83 108.30 106.74 105.14
173.24 175.64 177.88 179.93 181.79 183.45 184.89 186.11 187.10 187.84 188.33 188.56 188.52 188.19 187.57 186.65 185.41 183.85 181.96 179.77 177.50 175.38 173.33 171.34 169.40 167.51 165.67 163.88 162.13 160.43 158.77 157.16 155.58 154.04 152.54 151.07 149.64 148.24 146.87 145.53 144.22 142.93 141.67 140.43 139.21 138.01 136.83 135.66 134.51 133.38 132.26 131.14 130.04 128.94 127.85 126.76 125.68 124.59 123.51 122.42 121.33 120.24 119.14 118.03 116.91 115.78 114.63 113.47 112.30 111.11 109.89 108.66 107.41 106.13
175.57 177.98 180.21 182.24 184.08 185.71 187.13 188.31 189.25 189.95 190.39 190.56 190.45 190.05 189.35 188.35 187.02 185.37 183.38 181.05 178.56 176.12 173.76 171.45 169.22 167.05 164.93 162.88 160.89 158.96 157.08 155.25 153.48 151.76 150.08 148.46 146.88 145.35 143.86 142.41 141.00 139.63 138.29 136.99 135.73 134.50 133.29 132.12 130.98 129.86 128.76 127.69 126.64 125.61 124.60 123.60 122.62 121.65 120.70 119.75 118.82 117.89 116.96 116.04 115.13 114.21 113.30 112.38 111.46 110.53 109.60 108.66 107.71 106.75
177.78 180.18 182.40 184.43 186.25 187.85 189.24 190.38 191.29 191.94 192.32 192.43 192.26 191.79 191.02 189.94 188.53 186.78 184.69 182.25 179.54 176.79 174.09 171.48 168.94 166.48 164.09 161.78 159.54 157.36 155.26 153.22 151.24 149.33 147.48 145.70 143.97 142.29 140.68 139.11 137.60 136.14 134.73 133.37 132.06 130.79 129.56 128.37 127.22 126.12 125.05 124.01 123.01 122.04 121.10 120.19 119.31 118.45 117.62 116.81 116.02 115.26 114.51 113.78 113.06 112.35 111.66 110.98 110.31 109.64 108.99 108.33 107.68 107.03
179.83 182.23 184.45 186.47 188.27 189.86 191.22 192.34 193.21 193.81 194.15 194.21 193.98 193.45 192.61 191.44 189.95 188.12 185.94 183.39 180.57 177.59 174.57 171.64 168.79 166.03 163.36 160.78 158.27 155.85 153.51 151.25 149.07 146.96 144.93 142.97 141.08 139.26 137.51 135.82 134.20 132.65 131.15 129.72 128.34 127.02 125.76 124.55 123.40 122.29 121.24 120.23 119.27 118.35 117.48 116.65 115.86 115.10 114.39 113.71 113.06 112.44 111.86 111.31 110.78 110.28 109.80 109.35 108.92 108.50 108.11 107.73 107.37 107.02
181.73 184.15 186.36 188.38 190.18 191.75 193.09 194.18 195.02 195.59 195.89 195.90 195.61 195.02 194.12 192.89 191.32 189.40 187.11 184.46 181.54 178.45 175.22 171.97 168.80 165.74 162.77 159.91 157.14 154.46 151.88 149.39 146.98 144.67 142.45 140.30 138.25 136.27 134.38 132.56 130.82 129.16 127.57 126.06 124.62 123.24 121.94 120.70 119.52 118.41 117.36 116.38 115.45 114.57 113.76 112.99 112.28 111.63 111.02 110.45 109.94 109.47 109.04 108.66 108.31 108.00 107.74 107.50 107.30 107.13 107.00 106.89 106.81 106.75
183.50 185.93 188.16 190.17 191.97 193.53 194.86 195.93 196.74 197.28 197.54 197.51 197.18 196.54 195.57 194.27 192.62 190.61 188.22 185.47 182.45 179.27 175.93 172.46 168.99 165.61 162.34 159.19 156.14 153.20 150.37 147.63 145.01 142.48 140.05 137.72 135.49 133.35 131.30 129.35 127.48 125.70 124.01 122.41 120.89 119.45 118.09 116.82 115.61 114.49 113.44 112.46 111.55 110.72 109.95 109.25 108.61 108.04 107.52 107.07 106.68 106.35 106.07 105.84 105.67 105.55 105.48 105.45 105.48 105.54 105.65 105.81 106.00 106.23
185.14 187.59 189.83 191.86 193.66 195.22 196.54 197.59 198.39 198.90 199.13 199.06 198.69 198.00 196.98 195.60 193.86 191.74 189.26 186.42 183.31 180.03 176.60 173.03 169.35 165.66 162.09 158.63 155.30 152.09 148.99 146.01 143.15 140.40 137.76 135.23 132.81 130.50 128.29 126.19 124.19 122.29 120.49 118.79 117.18 115.67 114.25 112.92 111.69 110.54 109.48 108.50 107.61 106.80 106.07 105.42 104.85 104.35 103.93 103.58 103.30 103.09 102.95 102.88 102.87 102.93 103.04 103.22 103.46 103.75 104.10 104.51 104.96 105.53
186.68 189.15 191.41 193.45 195.26 196.82 198.13 199.18 199.96 200.46 200.66 200.56 200.15 199.41 198.33 196.86 195.03 192.82 190.24 187.31 184.10 180.74 177.22 173.57 169.79 165.90 162.02 158.26 154.63 151.13 147.77 144.53 141.43 138.44 135.58 132.85 130.24 127.74 125.36 123.10 120.96 118.93 117.01 115.20 113.50 111.90 110.42 109.03 107.75 106.57 105.49 104.51 103.62 102.83 102.13 101.52 101.01 100.58 100.24 99.98 99.81 99.72 99.71 99.78 99.92 100.15 100.45 100.82 101.26 101.77 102.35 103.00 103.77 104.75
188.11 190.62 192.90 194.96 196.78 198.35 199.67 200.71 201.48 201.96 202.14 202.02 201.57 200.78 199.61 198.05 196.12 193.82 191.16 188.14 184.85 181.39 177.79 174.06 170.20 166.21 162.13 158.07 154.14 150.36 146.71 143.21 139.85 136.63 133.54 130.59 127.77 125.09 122.53 120.11 117.81 115.64 113.59 111.67 109.86 108.18 106.61 105.16 103.83 102.61 101.50 100.50 99.61 98.83 98.15 97.58 97.11 96.74 96.47 96.29 96.22 96.24 96.35 96.55 96.85 97.23 97.70 98.26 98.90 99.62 100.42 101.36 102.53 103.95
189.46 192.00 194.32 196.40 198.24 199.82 201.14 202.19 202.96 203.43 203.60 203.45 202.95 202.07 200.81 199.16 197.15 194.76 192.01 188.90 185.53 182.00 178.32 174.50 170.56 166.51 162.34 158.08 153.85 149.77 145.84 142.06 138.44 134.97 131.65 128.47 125.44 122.56 119.82 117.22 114.76 112.43 110.25 108.20 106.28 104.50 102.85 101.32 99.93 98.66 97.51 96.49 95.59 94.80 94.14 93.59 93.16 92.84 92.63 92.54 92.55 92.67 92.90 93.22 93.66 94.19 94.82 95.55 96.38 97.30 98.37 99.69 101.29 103.13
190.73 193.31 195.67 197.78 199.64 201.25 202.58 203.64 204.40 204.87 205.02 204.83 204.26 203.29 201.94 200.21 198.10 195.63 192.80 189.61 186.16 182.55 178.79 174.90 170.89 166.76 162.52 158.18 153.76 149.39 145.16 141.10 137.21 133.48 129.91 126.50 123.25 120.16 117.22 114.44 111.81 109.33 107.00 104.82 102.78 100.89 99.14 97.53 96.07 94.74 93.55 92.49 91.57 90.78 90.12 89.59 89.18 88.91 88.75 88.72 88.82 89.03 89.36 89.80 90.36 91.04 91.83 92.72 93.73 94.90 96.33 98.05 100.05 102.30
191.94 194.57 196.96 199.11 201.00 202.63 203.98 205.05 205.83 206.29 206.41 206.14 205.48 204.43 202.99 201.18 198.99 196.44 193.53 190.27 186.74 183.05 179.22 175.26 171.18 166.98 162.67 158.26 153.77 149.21 144.69 140.34 136.17 132.17 128.35 124.70 121.22 117.91 114.77 111.79 108.98 106.34 103.85 101.53 99.36 97.35 95.50 93.80 92.26 90.86 89.61 88.52 87.56 86.76 86.09 85.57 85.19 84.94 84.84 84.87 85.03 85.32 85.75 86.30 86.98 87.79 88.72 89.78 91.01 92.53 94.34 96.44 98.82 101.45
193.10 195.78 198.22 200.41 202.34 203.99 205.37 206.46 207.24 207.68 207.72 207.37 206.62 205.49 203.97 202.08 199.82 197.19 194.20 190.87 187.27 183.51 179.61 175.58 171.43 167.16 162.79 158.32 153.76 149.13 144.43 139.80 135.33 131.06 126.98 123.08 119.36 115.82 112.47 109.29 106.30 103.47 100.83 98.35 96.05 93.91 91.95 90.15 88.51 87.04 85.73 84.58 83.59 82.76 82.08 81.56 81.19 80.97 80.90 80.98 81.20 81.57 82.08 82.74 83.53 84.46 85.53 86.79 88.35 90.22 92.40 94.86 97.60 100.59
194.22 196.96 199.45 201.68 203.65 205.34 206.75 207.85 208.62 208.98 208.95 208.51 207.69 206.47 204.88 202.91 200.58 197.88 194.82 191.41 187.74 183.91 179.95 175.85 171.64 167.31 162.88 158.35 153.74 149.04 144.28 139.47 134.72 130.17 125.81 121.65 117.68 113.92 110.34 106.95 103.76 100.75 97.93 95.30 92.85 90.58 88.49 86.58 84.85 83.30 81.92 80.71 79.67 78.80 78.11 77.57 77.21 77.00 76.96 77.08 77.35 77.79 78.38 79.12 80.02 81.07 82.32 83.89 85.78 88.00 90.51 93.32 96.40 99.73
195.31 198.11 200.66 202.95 204.96 206.69 208.13 209.22 209.92 210.20 210.09 209.58 208.68 207.39 205.72 203.68 201.28 198.51 195.38 191.90 188.17 184.27 180.25 176.09 171.82 167.43 162.94 158.36 153.69 148.94 144.12 139.25 134.33 129.50 124.86 120.43 116.21 112.20 108.39 104.79 101.39 98.19 95.19 92.39 89.78 87.37 85.15 83.13 81.29 79.64 78.18 76.90 75.81 74.90 74.17 73.62 73.25 73.05 73.03 73.18 73.50 73.99 74.65 75.47 76.47 77.68 79.21 81.10 83.31 85.85 88.69 91.82 95.22 98.87
196.39 199.26 201.87 204.21 206.27 208.05 209.48 210.51 211.13 211.34 211.15 210.56 209.59 208.23 206.49 204.39 201.91 199.07 195.88 192.34 188.54 184.59 180.50 176.29 171.96 167.52 162.97 158.34 153.62 148.82 143.96 139.03 134.06 129.05 124.14 119.44 114.95 110.69 106.64 102.81 99.20 95.80 92.61 89.63 86.86 84.30 81.94 79.79 77.83 76.08 74.53 73.18 72.02 71.06 70.29 69.71 69.33 69.13 69.12 69.29 69.65 70.19 70.91 71.81 72.94 74.41 76.25 78.43 80.95 83.79 86.93 90.36 94.06 98.02
197.46 200.40 203.08 205.48 207.60 209.38 210.75 211.70 212.25 212.38 212.12 211.47 210.42 209.00 207.20 205.02 202.48 199.58 196.33 192.73 188.87 184.86 180.72 176.45 172.07 167.57 162.98 158.29 153.53 148.68 143.77 138.81 133.79 128.73 123.66 118.68 113.93 109.40 105.11 101.04 97.21 93.59 90.21 87.04 84.10 81.37 78.87 76.58 74.51 72.64 71.00 69.56 68.33 67.30 66.49 65.87 65.46 65.25 65.24 65.43 65.82 66.39 67.17 68.19 69.56 71.32 73.43 75.90 78.70 81.82 85.24 88.95 92.93 97.17
198.55 201.56 204.31 206.78 208.91 210.63 211.93 212.81 213.28 213.35 213.02 212.30 211.19 209.70 207.83 205.60 203.00 200.04 196.73 193.07 189.16 185.09 180.90 176.58 172.14 167.60 162.96 158.23 153.42 148.53 143.58 138.57 133.52 128.43 123.30 118.16 113.14 108.35 103.80 99.49 95.42 91.59 87.99 84.64 81.51 78.62 75.96 73.52 71.32 69.34 67.58 66.05 64.74 63.64 62.77 62.11 61.67 61.44 61.42 61.62 62.02 62.63 63.50 64.74 66.38 68.39 70.77 73.50 76.56 79.94 83.63 87.60 91.84 96.34
199.65 202.75 205.57 208.06 210.13 211.78 213.01 213.82 214.23 214.23 213.84 213.05 211.88 210.33 208.40 206.11 203.45 200.44 197.07 193.36 189.40 185.28 181.04 176.67 172.19 167.60 162.92 158.14 153.29 148.37 143.38 138.33 133.24 128.12 122.96 117.78 112.60 107.55 102.73 98.17 93.86 89.80 85.99 82.43 79.11 76.04 73.21 70.63 68.28 66.17 64.30 62.66 61.26 60.09 59.15 58.44 57.96 57.70 57.67 57.86 58.27 58.96 60.04 61.52 63.40 65.65 68.27 71.24 74.54 78.16 82.09 86.30 90.78 95.53
200.78 203.97 206.82 209.25 211.26 212.84 214.00 214.75 215.09 215.03 214.57 213.73 212.50 210.89 208.91 206.56 203.85 200.78 197.37 193.61 189.59 185.43 181.14 176.73 172.20 167.57 162.85 158.04 153.15 148.19 143.16 138.09 132.97 127.81 122.62 117.42 112.20 106.99 101.92 97.09 92.53 88.24 84.21 80.43 76.92 73.66 70.66 67.91 65.41 63.17 61.17 59.42 57.92 56.67 55.65 54.88 54.35 54.05 54.00 54.18 54.65 55.52 56.81 58.51 60.61 63.09 65.93 69.12 72.64 76.49 80.63 85.06 89.77 94.73
201.95 205.18 207.98 210.34 212.28 213.80 214.90 215.59 215.87 215.75 215.24 214.34 213.05 211.39 209.35 206.95 204.19 201.08 197.61 193.81 189.74 185.54 181.20 176.75 172.19 167.52 162.76 157.91 152.99 148.00 142.94 137.84 132.69 127.51 122.29 117.06 111.82 106.58 101.36 96.28 91.46 86.92 82.66 78.66 74.94 71.49 68.30 65.38 62.73 60.34 58.21 56.34 54.73 53.38 52.28 51.44 50.85 50.51 50.42 50.64 51.27 52.34 53.83 55.74 58.04 60.71 63.76 67.15 70.87 74.92 79.26 83.90 88.80 93.97
203.12 206.29 209.03 211.34 213.21 214.67 215.71 216.34 216.56 216.39 215.82 214.87 213.53 211.82 209.74 207.29 204.48 201.32 197.81 193.96 189.86 185.61 181.24 176.75 172.15 167.44 162.65 157.77 152.82 147.80 142.72 137.58 132.41 127.20 121.97 116.72 111.46 106.20 100.95 95.73 90.66 85.87 81.36 77.13 73.19 69.54 66.16 63.06 60.24 57.70 55.43 53.43 51.70 50.25 49.06 48.14 47.48 47.09 47.01 47.37 48.18 49.43 51.11 53.19 55.67 58.53 61.75 65.33 69.23 73.45 77.98 82.80 87.89 93.23
204.19 207.31 209.98 212.23 214.05 215.45 216.43 217.01 217.18 216.95 216.33 215.33 213.94 212.18 210.06 207.56 204.71 201.51 197.96 194.07 189.93 185.64 181.24 176.71 172.08 167.34 162.52 157.61 152.63 147.59 142.48 137.33 132.13 126.91 121.65 116.39 111.11 105.84 100.57 95.33 90.12 85.08 80.32 75.86 71.70 67.82 64.25 60.96 57.97 55.26 52.84 50.70 48.85 47.28 45.99 44.98 44.25 43.85 43.90 44.42 45.39 46.80 48.64 50.88 53.52 56.54 59.93 63.66 67.72 72.11 76.80 81.77 87.02 92.53
205.16 208.22 210.83 213.02 214.79 216.13 217.06 217.59 217.71 217.44 216.77 215.72 214.29 212.49 210.32 207.78 204.89 201.65 198.06 194.14 189.96 185.64 181.20 176.65 171.98 167.22 162.37 157.44 152.44 147.37 142.24 137.07 131.86 126.61 121.35 116.07 110.78 105.50 100.22 94.97 89.74 84.57 79.56 74.86 70.46 66.37 62.58 59.10 55.92 53.04 50.46 48.18 46.19 44.50 43.10 42.00 41.24 40.94 41.13 41.78 42.90 44.45 46.43 48.81 51.59 54.75 58.28 62.15 66.36 70.88 75.71 80.83 86.22 91.86
206.02 209.02 211.59 213.72 215.43 216.73 217.61 218.09 218.17 217.85 217.14 216.04 214.57 212.73 210.52 207.95 205.02 201.74 198.12 194.16 189.95 185.61 181.14 176.55 171.87 167.08 162.21 157.26 152.23 147.14 142.00 136.81 131.59 126.33 121.05 115.76 110.47 105.18 99.90 94.64 89.41 84.22 79.08 74.14 69.50 65.17 61.17 57.48 54.11 51.05 48.30 45.86 43.73 41.91 40.40 39.25 38.57 38.39 38.70 39.47 40.71 42.38 44.48 46.99 49.89 53.17 56.81 60.81 65.13 69.78 74.73 79.97 85.48 91.24
206.77 209.72 212.24 214.33 215.99 217.24 218.08 218.51 218.54 218.18 217.43 216.30 214.79 212.91 210.66 208.06 205.10 201.79 198.13 194.15 189.91 185.54 181.04 176.44 171.73 166.92 162.03 157.06 152.02 146.91 141.76 136.56 131.32 126.05 120.77 115.47 110.17 104.88 99.59 94.34 89.11 83.92 78.77 73.70 68.82 64.26 60.03 56.13 52.55 49.31 46.38 43.78 41.50 39.54 37.96 36.86 36.29 36.21 36.62 37.49 38.83 40.60 42.80 45.41 48.41 51.79 55.54 59.63 64.06 68.80 73.85 79.19 84.80 90.67
207.42 210.32 212.79 214.83 216.46 217.66 218.46 218.85 218.84 218.44 217.66 216.49 214.94 213.03 210.75 208.11 205.12 201.79 198.11 194.09 189.83 185.44 180.92 176.29 171.56 166.74 161.83 156.85 151.79 146.68 141.51 136.30 131.06 125.79 120.50 115.20 109.89 104.60 99.32 94.06 88.84 83.65 78.52 73.44 68.44 63.65 59.18 55.06 51.27 47.82 44.71 41.94 39.50 37.45 35.91 34.89 34.40 34.40 34.89 35.85 37.26 39.11 41.39 44.08 47.16 50.62 54.45 58.63 63.13 67.96 73.09 78.51 84.20 90.15
207.97 210.83 213.25 215.25 216.83 218.00 218.75 219.11 219.07 218.63 217.81 216.61 215.04 213.09 210.78 208.12 205.10 201.74 198.04 194.00 189.72 185.30 180.77 176.12 171.38 166.54 161.62 156.63 151.56 146.44 141.27 136.05 130.80 125.53 120.24 114.94 109.64 104.35 99.07 93.82 88.60 83.43 78.30 73.24 68.24 63.33 58.63 54.28 50.27 46.62 43.31 40.36 37.81 35.78 34.29 33.34 32.90 32.97 33.52 34.53 36.01 37.92 40.26 43.01 46.15 49.68 53.56 57.80 62.37 67.25 72.44 77.92 83.67 89.68
208.42 211.23 213.62 215.58 217.12 218.25 218.97 219.29 219.21 218.75 217.90 216.67 215.07 213.10 210.76 208.08 205.04 201.65 197.93 193.87 189.57 185.14 180.59 175.93 171.18 166.33 161.40 156.40 151.33 146.20 141.02 135.81 130.56 125.28 119.99 114.70 109.40 104.12 98.85 93.61 88.40 83.24 78.13 73.08 68.09 63.19 58.38 53.80 49.57 45.70 42.20 39.11 36.56 34.57 33.12 32.21 31.81 31.92 32.51 33.56 35.08 37.03 39.41 42.20 45.39 48.95 52.87 57.15 61.76 66.69 71.92 77.43 83.23 89.28
208.76 211.54 213.88 215.81 217.32 218.41 219.10 219.39 219.29 218.80 217.92 216.66 215.04 213.04 210.69 207.98 204.92 201.52 197.78 193.71 189.40 184.95 180.39 175.72 170.96 166.10 161.17 156.16 151.09 145.96 140.78 135.56 130.32 125.05 119.77 114.48 109.19 103.92 98.66 93.43 88.24 83.09 78.00 72.97 68.01 63.12 58.32 53.63 49.18 45.09 41.43 38.33 35.79 33.82 32.40 31.50 31.13 31.25 31.86 32.94 34.47 36.45 38.85 41.66 44.86 48.44 52.39 56.69 61.32 66.26 71.51 77.05 82.86 88.93
209.00 211.75 214.06 215.95 217.43 218.50 219.16 219.42 219.29 218.78 217.88 216.60 214.95 212.94 210.57 207.84 204.76 201.35 197.59 193.51 189.19 184.73 180.16 175.49 170.72 165.86 160.92 155.91 150.84 145.71 140.54 135.33 130.09 124.83 119.56 114.28 109.00 103.74 98.50 93.29 88.12 82.99 77.92 72.91 67.97 63.11 58.33 53.66 49.11 44.86 41.16 38.05 35.52 33.55 32.12 31.23 30.85 30.98 31.59 32.67 34.20 36.17 38.57 41.38 44.59 48.17 52.12 56.41 61.04 65.99 71.24 76.78 82.59 88.66
209.15 211.86 214.15 216.01 217.46 218.50 219.14 219.38 219.23 218.69 217.77 216.47 214.81 212.78 210.39 207.65 204.56 201.13 197.37 193.28 188.95 184.49 179.91 175.24 170.46 165.61 160.67 155.66 150.59 145.47 140.31 135.11 129.88 124.63 119.36 114.10 108.84 103.60 98.38 93.18 88.03 82.93 77.88 72.89 67.98 63.15 58.41 53.77 49.29 45.12 41.42 38.29 35.74 33.75 32.30 31.39 30.99 31.10 31.68 32.74 34.26 36.21 38.59 41.38 44.57 48.13 52.06 56.33 60.94 65.87 71.10 76.62 82.41 88.46
