data_processed/recharge/precip/Precip_1997_08.asc
ncols        168
nrows        136
xllcorner    455000
yllcorner    2107000
cellsize     500
NODATA_value     -99999
[rows 64 to 95 of 136, columns 73 to 145 of 168]
94.14 92.54 90.95 89.38 87.81 86.27 84.73 83.22 81.73 80.26 78.81 77.39 76.00 74.64 73.32 72.02 70.77 69.55 68.38 67.30 66.35 65.53 64.83 64.28 63.86 63.59 63.46 63.48 63.65 63.98 64.45 65.01 65.67 66.43 67.27 68.21 69.24 70.37 71.58 72.89 74.29 75.78 77.36 79.03 80.79 82.65 84.59 86.62 88.75 90.96 93.26 95.64 98.06 100.48 102.92 105.35 107.78 110.20 112.60 114.99 117.35 119.68 121.98 124.24 126.45 128.62 130.73 132.78 134.77 136.68 138.53 140.29 141.96
95.22 93.59 91.97 90.37 88.79 87.23 85.69 84.18 82.69 81.23 79.81 78.41 77.05 75.73 74.44 73.20 72.00 70.84 69.73 68.68 67.72 66.90 66.22 65.67 65.27 65.02 64.91 64.96 65.17 65.51 65.96 66.50 67.14 67.87 68.70 69.62 70.63 71.74 72.95 74.24 75.63 77.12 78.70 80.37 82.13 83.98 85.93 87.97 90.10 92.32 94.63 97.02 99.45 101.89 104.33 106.78 109.22 111.65 114.06 116.46 118.83 121.18 123.49 125.76 127.98 130.16 132.28 134.34 136.33 138.26 140.11 141.89 143.57
96.32 94.65 93.00 91.38 89.78 88.20 86.66 85.14 83.66 82.22 80.81 79.44 78.11 76.82 75.58 74.38 73.24 72.14 71.09 70.10 69.18 68.36 67.68 67.15 66.77 66.53 66.46 66.53 66.75 67.07 67.49 68.01 68.62 69.33 70.14 71.04 72.04 73.14 74.33 75.62 77.00 78.48 80.05 81.72 83.48 85.33 87.28 89.32 91.46 93.69 96.01 98.42 100.85 103.30 105.76 108.22 110.67 113.11 115.54 117.94 120.33 122.68 125.00 127.28 129.51 131.70 133.83 135.90 137.90 139.84 141.70 143.48 145.18
97.44 95.74 94.05 92.40 90.78 89.19 87.64 86.13 84.65 83.21 81.82 80.47 79.17 77.92 76.72 75.57 74.48 73.44 72.46 71.54 70.69 69.90 69.24 68.72 68.35 68.14 68.08 68.17 68.36 68.65 69.05 69.54 70.13 70.82 71.61 72.49 73.47 74.56 75.73 77.01 78.38 79.85 81.42 83.08 84.84 86.70 88.65 90.69 92.84 95.07 97.40 99.82 102.27 104.73 107.20 109.66 112.13 114.58 117.02 119.43 121.83 124.19 126.52 128.81 131.05 133.25 135.38 137.46 139.48 141.42 143.29 145.08 146.79
98.59 96.84 95.12 93.45 91.80 90.20 88.64 87.12 85.65 84.22 82.85 81.52 80.25 79.03 77.87 76.77 75.72 74.74 73.83 72.98 72.20 71.49 70.86 70.36 70.01 69.82 69.77 69.83 69.99 70.26 70.62 71.09 71.65 72.32 73.09 73.95 74.92 75.99 77.15 78.42 79.78 81.24 82.80 84.46 86.22 88.07 90.03 92.08 94.22 96.47 98.81 101.23 103.69 106.17 108.64 111.12 113.59 116.05 118.50 120.93 123.33 125.70 128.04 130.34 132.59 134.79 136.94 139.03 141.05 143.00 144.88 146.68 148.39
99.75 97.96 96.21 94.51 92.84 91.22 89.65 88.13 86.66 85.24 83.88 82.58 81.33 80.15 79.02 77.97 76.97 76.05 75.20 74.42 73.72 73.09 72.54 72.08 71.75 71.57 71.49 71.51 71.64 71.88 72.21 72.65 73.19 73.84 74.58 75.43 76.38 77.43 78.58 79.84 81.19 82.64 84.20 85.85 87.61 89.46 91.41 93.47 95.62 97.87 100.22 102.65 105.12 107.61 110.09 112.58 115.06 117.53 119.99 122.43 124.84 127.22 129.57 131.87 134.13 136.34 138.50 140.59 142.62 144.58 146.47 148.27 149.99
100.93 99.10 97.32 95.59 93.90 92.26 90.68 89.16 87.69 86.28 84.93 83.64 82.42 81.27 80.19 79.17 78.23 77.37 76.58 75.87 75.24 74.69 74.23 73.85 73.55 73.33 73.22 73.21 73.31 73.51 73.82 74.23 74.75 75.37 76.09 76.92 77.85 78.89 80.02 81.26 82.61 84.05 85.60 87.25 89.00 90.85 92.81 94.86 97.02 99.27 101.63 104.08 106.56 109.05 111.55 114.04 116.53 119.01 121.48 123.92 126.34 128.73 131.09 133.40 135.67 137.89 140.05 142.16 144.19 146.16 148.05 149.86 151.59
102.14 100.27 98.45 96.68 94.97 93.32 91.73 90.19 88.73 87.32 85.99 84.72 83.52 82.40 81.36 80.39 79.49 78.68 77.96 77.32 76.76 76.29 75.92 75.61 75.34 75.11 74.97 74.92 74.99 75.16 75.44 75.82 76.31 76.91 77.61 78.42 79.33 80.35 81.47 82.70 84.03 85.47 87.01 88.65 90.40 92.25 94.21 96.26 98.42 100.68 103.05 105.50 107.99 110.49 113.00 115.50 118.00 120.49 122.97 125.42 127.85 130.25 132.61 134.93 137.21 139.43 141.60 143.71 145.76 147.73 149.63 151.44 153.18
103.37 101.45 99.59 97.80 96.06 94.39 92.78 91.25 89.78 88.38 87.06 85.81 84.64 83.54 82.53 81.61 80.76 80.01 79.34 78.77 78.28 77.89 77.58 77.31 77.08 76.88 76.72 76.65 76.68 76.82 77.07 77.42 77.89 78.46 79.14 79.93 80.82 81.82 82.93 84.14 85.47 86.89 88.42 90.06 91.81 93.65 95.61 97.67 99.83 102.10 104.47 106.93 109.43 111.94 114.45 116.97 119.47 121.97 124.45 126.91 129.35 131.75 134.12 136.45 138.74 140.97 143.14 145.26 147.31 149.29 151.19 153.02 154.75
104.61 102.66 100.76 98.93 97.17 95.48 93.86 92.31 90.84 89.45 88.14 86.91 85.76 84.70 83.72 82.83 82.04 81.34 80.73 80.22 79.81 79.48 79.19 78.95 78.75 78.59 78.46 78.38 78.38 78.48 78.70 79.03 79.47 80.02 80.67 81.44 82.31 83.30 84.39 85.59 86.90 88.32 89.84 91.47 93.21 95.06 97.01 99.07 101.23 103.50 105.88 108.35 110.86 113.38 115.90 118.42 120.94 123.44 125.93 128.40 130.84 133.25 135.63 137.97 140.26 142.49 144.68 146.80 148.85 150.84 152.75 154.58 156.32
105.88 103.88 101.95 100.08 98.30 96.58 94.95 93.40 91.92 90.53 89.23 88.02 86.89 85.86 84.91 84.07 83.32 82.67 82.12 81.68 81.31 81.01 80.75 80.53 80.36 80.23 80.14 80.09 80.08 80.16 80.35 80.64 81.06 81.58 82.21 82.96 83.81 84.78 85.85 87.04 88.34 89.74 91.26 92.88 94.62 96.46 98.41 100.47 102.64 104.91 107.29 109.77 112.29 114.81 117.34 119.87 122.40 124.91 127.40 129.88 132.33 134.75 137.13 139.47 141.76 144.01 146.20 148.32 150.39 152.38 154.29 156.12 157.87
107.17 105.13 103.15 101.26 99.44 97.71 96.06 94.49 93.02 91.63 90.34 89.14 88.03 87.02 86.12 85.31 84.61 84.01 83.52 83.11 82.77 82.48 82.24 82.05 81.91 81.81 81.75 81.74 81.76 81.83 81.99 82.26 82.64 83.14 83.75 84.47 85.31 86.26 87.32 88.49 89.77 91.17 92.67 94.29 96.02 97.86 99.81 101.86 104.03 106.31 108.70 111.19 113.71 116.24 118.78 121.31 123.84 126.36 128.87 131.35 133.80 136.23 138.61 140.96 143.26 145.51 147.70 149.84 151.90 153.90 155.82 157.65 159.40
108.49 106.39 104.38 102.45 100.60 98.85 97.18 95.61 94.13 92.74 91.46 90.27 89.18 88.20 87.33 86.56 85.90 85.35 84.90 84.51 84.18 83.90 83.68 83.51 83.39 83.32 83.29 83.31 83.38 83.48 83.64 83.88 84.24 84.71 85.29 85.99 86.80 87.73 88.78 89.93 91.20 92.59 94.08 95.69 97.41 99.25 101.20 103.25 105.42 107.71 110.10 112.59 115.12 117.66 120.20 122.75 125.28 127.81 130.31 132.80 135.26 137.69 140.09 142.44 144.74 147.00 149.20 151.33 153.40 155.40 157.32 159.16 160.91
109.82 107.68 105.62 103.66 101.78 100.00 98.32 96.73 95.25 93.87 92.59 91.41 90.35 89.39 88.55 87.82 87.20 86.68 86.24 85.85 85.53 85.26 85.06 84.90 84.81 84.76 84.77 84.82 84.92 85.07 85.26 85.50 85.82 86.27 86.83 87.50 88.30 89.21 90.23 91.37 92.63 94.00 95.49 97.09 98.80 100.63 102.58 104.63 106.81 109.09 111.49 113.99 116.52 119.07 121.62 124.17 126.71 129.24 131.75 134.24 136.71 139.14 141.54 143.90 146.21 148.47 150.67 152.81 154.88 156.89 158.81 160.65 162.37
111.18 108.99 106.89 104.89 102.98 101.18 99.48 97.88 96.39 95.00 93.73 92.57 91.52 90.59 89.78 89.08 88.49 87.97 87.52 87.14 86.82 86.57 86.37 86.24 86.16 86.14 86.17 86.26 86.39 86.57 86.80 87.08 87.41 87.83 88.36 89.01 89.78 90.67 91.68 92.81 94.05 95.41 96.88 98.47 100.18 102.01 103.95 106.00 108.17 110.46 112.86 115.37 117.91 120.46 123.02 125.57 128.12 130.65 133.17 135.67 138.14 140.58 142.98 145.34 147.65 149.92 152.12 154.27 156.34 158.35 160.27 162.08 163.77
112.56 110.32 108.18 106.14 104.20 102.37 100.65 99.04 97.54 96.16 94.89 93.74 92.71 91.80 91.01 90.33 89.74 89.21 88.76 88.38 88.06 87.82 87.63 87.51 87.45 87.45 87.51 87.62 87.79 88.00 88.27 88.59 88.96 89.37 89.89 90.51 91.26 92.13 93.12 94.23 95.46 96.80 98.27 99.85 101.55 103.37 105.31 107.36 109.53 111.82 114.22 116.73 119.28 121.84 124.40 126.96 129.51 132.05 134.57 137.07 139.55 141.99 144.40 146.76 149.08 151.34 153.55 155.70 157.78 159.78 161.67 163.45 165.11
113.97 111.67 109.48 107.41 105.44 103.58 101.84 100.21 98.71 97.32 96.06 94.92 93.90 93.02 92.24 91.55 90.94 90.41 89.95 89.57 89.25 89.01 88.83 88.72 88.68 88.70 88.77 88.91 89.11 89.36 89.66 90.02 90.43 90.89 91.40 92.01 92.73 93.58 94.55 95.64 96.85 98.19 99.64 101.21 102.90 104.72 106.65 108.70 110.87 113.16 115.57 118.08 120.64 123.20 125.76 128.32 130.88 133.42 135.95 138.46 140.93 143.38 145.79 148.16 150.48 152.75 154.96 157.11 159.18 161.15 163.01 164.76 166.39
115.39 113.05 110.81 108.69 106.69 104.81 103.05 101.41 99.89 98.50 97.24 96.11 95.11 94.23 93.44 92.73 92.10 91.56 91.09 90.70 90.38 90.14 89.97 89.87 89.84 89.87 89.97 90.13 90.36 90.64 90.98 91.37 91.82 92.32 92.88 93.49 94.19 95.02 95.97 97.04 98.24 99.55 100.99 102.56 104.24 106.05 107.98 110.02 112.19 114.48 116.89 119.41 121.97 124.53 127.10 129.67 132.23 134.78 137.31 139.82 142.30 144.75 147.16 149.53 151.85 154.12 156.34 158.48 160.52 162.46 164.29 166.01 167.62
116.84 114.44 112.16 110.00 107.97 106.06 104.27 102.62 101.09 99.70 98.44 97.31 96.31 95.41 94.59 93.86 93.22 92.66 92.18 91.78 91.46 91.22 91.05 90.96 90.94 90.98 91.10 91.28 91.53 91.84 92.21 92.64 93.13 93.67 94.27 94.92 95.63 96.44 97.37 98.42 99.60 100.91 102.33 103.89 105.56 107.36 109.28 111.33 113.50 115.79 118.20 120.72 123.28 125.85 128.42 130.99 133.56 136.11 138.64 141.15 143.63 146.09 148.50 150.87 153.20 155.47 157.68 159.79 161.80 163.70 165.51 167.20 168.79
118.32 115.86 113.54 111.34 109.26 107.32 105.51 103.84 102.30 100.91 99.65 98.51 97.48 96.55 95.70 94.95 94.28 93.71 93.22 92.81 92.48 92.24 92.07 91.98 91.97 92.03 92.16 92.36 92.63 92.97 93.37 93.83 94.35 94.94 95.58 96.28 97.03 97.84 98.75 99.79 100.95 102.24 103.65 105.19 106.86 108.65 110.57 112.61 114.78 117.07 119.48 122.00 124.57 127.14 129.72 132.29 134.86 137.41 139.94 142.46 144.94 147.40 149.81 152.19 154.51 156.78 158.95 161.03 163.01 164.88 166.66 168.34 169.91
119.81 117.31 114.93 112.69 110.58 108.61 106.77 105.08 103.53 102.13 100.85 99.69 98.62 97.65 96.77 95.99 95.31 94.71 94.20 93.78 93.45 93.20 93.03 92.95 92.94 93.01 93.15 93.37 93.66 94.02 94.44 94.94 95.50 96.12 96.80 97.54 98.34 99.20 100.11 101.13 102.28 103.55 104.95 106.48 108.14 109.92 111.83 113.87 116.03 118.32 120.73 123.26 125.83 128.41 130.98 133.56 136.13 138.68 141.22 143.74 146.22 148.68 151.10 153.47 155.79 158.02 160.16 162.20 164.15 166.00 167.76 169.41 170.97
121.33 118.77 116.34 114.06 111.91 109.91 108.05 106.34 104.78 103.35 102.04 100.83 99.72 98.71 97.80 97.00 96.28 95.67 95.14 94.71 94.36 94.11 93.94 93.85 93.84 93.92 94.07 94.30 94.61 94.99 95.44 95.96 96.55 97.21 97.93 98.71 99.56 100.46 101.43 102.45 103.58 104.84 106.23 107.74 109.39 111.16 113.07 115.10 117.26 119.55 121.96 124.49 127.06 129.64 132.22 134.80 137.37 139.92 142.46 144.98 147.47 149.93 152.34 154.71 157.00 159.19 161.30 163.31 165.23 167.06 168.79 170.43 171.98
122.88 120.26 117.78 115.45 113.27 111.23 109.35 107.62 106.03 104.55 103.19 101.93 100.78 99.74 98.80 97.96 97.22 96.57 96.03 95.58 95.22 94.95 94.78 94.69 94.68 94.76 94.92 95.17 95.49 95.89 96.36 96.91 97.53 98.22 98.97 99.80 100.69 101.64 102.65 103.72 104.86 106.10 107.48 108.98 110.61 112.38 114.28 116.30 118.46 120.74 123.16 125.69 128.26 130.84 133.43 136.00 138.58 141.13 143.67 146.19 148.68 151.14 153.55 155.88 158.13 160.29 162.36 164.34 166.24 168.05 169.77 171.39 172.93
124.45 121.77 119.24 116.87 114.64 112.58 110.66 108.90 107.25 105.72 104.31 103.00 101.81 100.72 99.75 98.87 98.10 97.44 96.87 96.40 96.02 95.74 95.56 95.46 95.46 95.54 95.71 95.96 96.29 96.71 97.20 97.77 98.42 99.14 99.93 100.79 101.72 102.71 103.78 104.90 106.09 107.34 108.70 110.19 111.81 113.57 115.45 117.48 119.63 121.91 124.33 126.86 129.43 132.01 134.60 137.18 139.75 142.31 144.85 147.37 149.86 152.30 154.68 156.97 159.18 161.31 163.35 165.31 167.19 168.98 170.68 172.30 173.83
126.04 123.30 120.72 118.30 116.04 113.94 111.98 110.15 108.45 106.86 105.39 104.04 102.80 101.67 100.65 99.75 98.94 98.25 97.65 97.16 96.77 96.48 96.28 96.18 96.17 96.25 96.42 96.68 97.02 97.45 97.96 98.55 99.22 99.97 100.79 101.69 102.66 103.70 104.80 105.98 107.21 108.52 109.89 111.36 112.98 114.72 116.60 118.62 120.76 123.04 125.46 127.99 130.57 133.15 135.73 138.31 140.89 143.44 145.99 148.50 150.98 153.39 155.73 157.98 160.16 162.26 164.28 166.21 168.07 169.85 171.54 173.15 174.67
127.66 124.86 122.23 119.76 117.45 115.30 113.28 111.39 109.62 107.97 106.45 105.04 103.75 102.58 101.52 100.57 99.74 99.01 98.39 97.87 97.46 97.15 96.94 96.83 96.81 96.89 97.06 97.32 97.68 98.12 98.64 99.25 99.94 100.72 101.57 102.50 103.50 104.58 105.73 106.95 108.24 109.60 111.02 112.51 114.11 115.84 117.71 119.72 121.86 124.14 126.55 129.09 131.66 134.25 136.83 139.41 141.98 144.54 147.08 149.59 152.03 154.40 156.70 158.92 161.07 163.14 165.13 167.05 168.89 170.65 172.33 173.94 175.46
129.30 126.44 123.76 121.24 118.88 116.65 114.56 112.60 110.76 109.06 107.47 106.01 104.67 103.45 102.35 101.36 100.49 99.73 99.08 98.53 98.10 97.77 97.54 97.42 97.39 97.47 97.64 97.90 98.26 98.71 99.24 99.87 100.58 101.38 102.26 103.22 104.26 105.37 106.56 107.83 109.16 110.57 112.04 113.59 115.20 116.93 118.79 120.79 122.93 125.20 127.61 130.14 132.72 135.30 137.89 140.47 143.04 145.60 148.12 150.60 153.00 155.33 157.59 159.78 161.90 163.94 165.92 167.82 169.64 171.40 173.07 174.68 176.20
130.97 128.05 125.31 122.73 120.29 117.98 115.82 113.78 111.88 110.11 108.47 106.95 105.55 104.28 103.13 102.10 101.19 100.39 99.71 99.14 98.68 98.33 98.08 97.94 97.91 97.97 98.14 98.40 98.76 99.22 99.77 100.41 101.14 101.95 102.86 103.84 104.91 106.06 107.29 108.60 109.98 111.44 112.97 114.56 116.23 117.97 119.83 121.82 123.95 126.22 128.63 131.16 133.74 136.32 138.90 141.48 144.05 146.60 149.09 151.51 153.88 156.17 158.40 160.56 162.65 164.68 166.63 168.52 170.34 172.08 173.75 175.36 176.89
132.66 129.68 126.87 124.20 121.68 119.30 117.05 114.94 112.97 111.13 109.43 107.85 106.40 105.08 103.88 102.80 101.85 101.01 100.29 99.69 99.20 98.83 98.56 98.41 98.36 98.41 98.57 98.83 99.20 99.65 100.21 100.86 101.61 102.44 103.37 104.38 105.48 106.66 107.93 109.27 110.70 112.20 113.78 115.43 117.16 118.95 120.82 122.81 124.93 127.20 129.60 132.13 134.71 137.29 139.87 142.45 145.00 147.51 149.96 152.35 154.67 156.93 159.13 161.27 163.34 165.34 167.28 169.16 170.96 172.70 174.38 175.98 177.52
134.38 131.32 128.42 125.66 123.05 120.59 118.26 116.08 114.04 112.13 110.35 108.72 107.21 105.83 104.58 103.46 102.46 101.58 100.83 100.19 99.67 99.27 98.98 98.81 98.74 98.79 98.94 99.19 99.55 100.01 100.58 101.24 101.99 102.84 103.79 104.82 105.95 107.16 108.46 109.85 111.31 112.86 114.48 116.19 117.97 119.82 121.75 123.75 125.87 128.13 130.53 133.06 135.63 138.21 140.79 143.36 145.88 148.34 150.74 153.09 155.38 157.61 159.78 161.89 163.94 165.93 167.86 169.73 171.53 173.27 174.94 176.55 178.10
136.11 132.96 129.96 127.11 124.41 121.86 119.45 117.19 115.07 113.09 111.25 109.55 107.98 106.54 105.24 104.07 103.02 102.10 101.31 100.64 100.09 99.65 99.34 99.14 99.06 99.09 99.23 99.48 99.83 100.29 100.86 101.53 102.29 103.16 104.12 105.18 106.33 107.57 108.90 110.32 111.82 113.41 115.08 116.83 118.67 120.58 122.56 124.62 126.76 129.01 131.41 133.94 136.51 139.09 141.65 144.18 146.65 149.07 151.44 153.75 156.01 158.21 160.36 162.45 164.48 166.46 168.37 170.23 172.03 173.77 175.45 177.07 178.63
137.83 134.58 131.48 128.54 125.75 123.11 120.62 118.28 116.08 114.03 112.12 110.35 108.71 107.22 105.86 104.63 103.54 102.57 101.74 101.03 100.44 99.98 99.64 99.42 99.31 99.33 99.45 99.69 100.04 100.50 101.06 101.73 102.51 103.39 104.36 105.44 106.61 107.88 109.23 110.69 112.23 113.86 115.57 117.37 119.25 121.21 123.26 125.38 127.57 129.85 132.25 134.77 137.34 139.90 142.43 144.90 147.33 149.71 152.04 154.32 156.55 158.73 160.85 162.92 164.94 166.91 168.82 170.67 172.47 174.22 175.90 177.53 179.11
