data_processed/recharge/precip/Precip_1990_04.asc
ncols        168
nrows        136
xllcorner    455000
yllcorner    2107000
cellsize     500
NODATA_value     -99999
[rows 102 to 135 of 136, columns 0 to 77 of 168]
68.25 68.86 69.48 70.10 70.73 71.35 71.98 72.61 73.24 73.87 74.52 75.20 75.90 76.63 77.39 78.18 79.01 79.87 80.78 81.72 82.71 83.74 84.83 85.95 87.14 88.31 89.36 90.27 91.05 91.70 92.24 92.67 92.99 93.22 93.35 93.41 93.39 93.30 93.14 92.94 92.68 92.41 92.12 91.83 91.52 91.21 90.89 90.56 90.23 89.88 89.52 89.15 88.77 88.38 87.98 87.56 87.14 86.70 86.25 85.79 85.31 84.82 84.32 83.80 83.27 82.72 82.16 81.58 80.99 80.38 79.76 79.12 78.46 77.82 77.20 76.62 76.05 75.51
67.82 68.46 69.09 69.73 70.38 71.03 71.68 72.33 72.99 73.66 74.36 75.09 75.84 76.62 77.44 78.29 79.18 80.11 81.07 82.08 83.14 84.24 85.39 86.59 87.84 89.09 90.21 91.19 92.04 92.76 93.36 93.85 94.23 94.52 94.71 94.82 94.85 94.80 94.70 94.54 94.32 94.07 93.80 93.51 93.22 92.92 92.60 92.28 91.95 91.61 91.26 90.90 90.52 90.14 89.74 89.33 88.91 88.48 88.03 87.57 87.10 86.61 86.11 85.59 85.06 84.52 83.96 83.38 82.79 82.18 81.56 80.92 80.29 79.69 79.13 78.59 78.07 77.57
67.36 68.00 68.66 69.31 69.98 70.64 71.32 71.99 72.69 73.41 74.15 74.92 75.73 76.56 77.43 78.34 79.28 80.26 81.29 82.36 83.48 84.64 85.86 87.13 88.45 89.77 90.96 92.01 92.92 93.70 94.36 94.91 95.34 95.68 95.93 96.08 96.16 96.16 96.10 95.98 95.81 95.59 95.34 95.06 94.78 94.49 94.18 93.87 93.55 93.21 92.87 92.51 92.14 91.76 91.37 90.97 90.55 90.12 89.68 89.22 88.75 88.27 87.77 87.26 86.73 86.19 85.63 85.05 84.46 83.85 83.23 82.62 82.04 81.50 80.99 80.50 80.02 79.55
66.85 67.51 68.17 68.85 69.53 70.21 70.90 71.61 72.35 73.11 73.89 74.71 75.56 76.44 77.36 78.31 79.31 80.35 81.43 82.56 83.73 84.96 86.24 87.57 88.96 90.34 91.60 92.70 93.68 94.52 95.23 95.84 96.33 96.71 97.01 97.21 97.33 97.38 97.35 97.27 97.13 96.95 96.73 96.47 96.20 95.91 95.62 95.31 95.00 94.67 94.33 93.98 93.62 93.25 92.86 92.46 92.05 91.63 91.19 90.74 90.27 89.79 89.30 88.79 88.26 87.72 87.16 86.59 85.99 85.39 84.80 84.24 83.72 83.23 82.77 82.32 81.88 81.45
66.30 66.97 67.65 68.33 69.03 69.73 70.45 71.19 71.96 72.76 73.58 74.44 75.33 76.25 77.22 78.22 79.26 80.35 81.49 82.67 83.90 85.18 86.52 87.91 89.36 90.81 92.12 93.29 94.32 95.22 95.99 96.64 97.18 97.61 97.95 98.19 98.35 98.44 98.45 98.40 98.30 98.14 97.95 97.72 97.46 97.18 96.90 96.60 96.29 95.97 95.64 95.30 94.95 94.58 94.20 93.81 93.40 92.98 92.55 92.10 91.64 91.16 90.67 90.16 89.64 89.10 88.54 87.97 87.38 86.81 86.27 85.78 85.31 84.88 84.46 84.06 83.66 83.27
65.72 66.40 67.08 67.78 68.49 69.21 69.96 70.73 71.53 72.36 73.22 74.12 75.04 76.01 77.01 78.06 79.15 80.28 81.46 82.70 83.98 85.31 86.71 88.16 89.66 91.17 92.54 93.76 94.85 95.79 96.61 97.31 97.89 98.37 98.75 99.03 99.23 99.35 99.39 99.38 99.30 99.17 99.00 98.79 98.55 98.29 98.01 97.73 97.43 97.12 96.79 96.46 96.11 95.75 95.38 94.99 94.59 94.18 93.75 93.30 92.84 92.37 91.88 91.38 90.85 90.32 89.76 89.19 88.64 88.13 87.66 87.22 86.81 86.42 86.05 85.69 85.34 84.98
65.10 65.79 66.48 67.19 67.92 68.66 69.44 70.23 71.06 71.92 72.81 73.74 74.70 75.70 76.74 77.83 78.96 80.14 81.36 82.64 83.97 85.36 86.80 88.30 89.86 91.42 92.85 94.12 95.25 96.25 97.11 97.85 98.48 98.99 99.41 99.73 99.96 100.11 100.18 100.19 100.14 100.04 99.88 99.69 99.47 99.22 98.96 98.68 98.39 98.08 97.77 97.44 97.10 96.75 96.38 96.00 95.61 95.20 94.77 94.33 93.88 93.41 92.92 92.42 91.90 91.37 90.82 90.28 89.79 89.35 88.94 88.56 88.20 87.87 87.54 87.23 86.91 86.59
64.46 65.15 65.85 66.57 67.31 68.08 68.87 69.69 70.54 71.43 72.35 73.30 74.29 75.33 76.40 77.53 78.69 79.91 81.18 82.50 83.87 85.30 86.79 88.35 89.96 91.57 93.05 94.37 95.54 96.58 97.49 98.27 98.93 99.48 99.93 100.28 100.54 100.72 100.82 100.85 100.82 100.73 100.60 100.42 100.21 99.98 99.72 99.45 99.16 98.87 98.56 98.24 97.91 97.56 97.20 96.83 96.44 96.04 95.62 95.18 94.73 94.27 93.78 93.29 92.77 92.24 91.73 91.26 90.84 90.46 90.11 89.79 89.48 89.20 88.92 88.64 88.36 88.07
63.79 64.48 65.19 65.92 66.68 67.46 68.27 69.11 69.98 70.89 71.83 72.81 73.83 74.89 76.00 77.15 78.35 79.61 80.91 82.27 83.68 85.16 86.69 88.29 89.95 91.61 93.13 94.50 95.72 96.79 97.74 98.55 99.25 99.83 100.31 100.69 100.97 101.17 101.29 101.35 101.33 101.26 101.14 100.98 100.78 100.55 100.29 100.02 99.75 99.46 99.16 98.85 98.52 98.19 97.83 97.46 97.08 96.68 96.27 95.84 95.39 94.93 94.45 93.96 93.45 92.96 92.51 92.12 91.76 91.45 91.16 90.89 90.64 90.41 90.17 89.94 89.69 89.44
63.09 63.79 64.51 65.25 66.01 66.81 67.63 68.48 69.37 70.30 71.26 72.26 73.30 74.39 75.52 76.71 77.94 79.22 80.56 81.95 83.41 84.92 86.49 88.13 89.84 91.54 93.10 94.51 95.77 96.88 97.86 98.71 99.43 100.04 100.55 100.95 101.26 101.48 101.62 101.68 101.68 101.62 101.51 101.35 101.16 100.93 100.68 100.41 100.13 99.85 99.56 99.25 98.94 98.60 98.26 97.90 97.52 97.13 96.72 96.29 95.85 95.40 94.92 94.44 93.97 93.55 93.18 92.85 92.57 92.31 92.08 91.87 91.67 91.48 91.29 91.10 90.89 90.66
62.38 63.08 63.80 64.54 65.31 66.11 66.95 67.81 68.72 69.65 70.63 71.65 72.72 73.82 74.98 76.19 77.45 78.76 80.13 81.55 83.04 84.58 86.19 87.87 89.61 91.36 92.96 94.40 95.70 96.84 97.85 98.73 99.48 100.12 100.64 101.06 101.39 101.62 101.78 101.86 101.87 101.82 101.71 101.56 101.36 101.14 100.88 100.61 100.32 100.03 99.74 99.44 99.13 98.81 98.47 98.12 97.75 97.36 96.96 96.54 96.10 95.65 95.18 94.74 94.34 94.00 93.71 93.45 93.23 93.04 92.87 92.71 92.56 92.42 92.27 92.12 91.94 91.75
61.65 62.34 63.06 63.81 64.58 65.39 66.23 67.10 68.01 68.96 69.95 70.99 72.07 73.19 74.37 75.60 76.88 78.21 79.61 81.06 82.57 84.15 85.80 87.51 89.29 91.07 92.71 94.18 95.50 96.68 97.71 98.62 99.39 100.05 100.59 101.03 101.37 101.62 101.78 101.87 101.89 101.84 101.74 101.58 101.39 101.16 100.90 100.62 100.32 100.02 99.71 99.41 99.11 98.79 98.46 98.11 97.75 97.37 96.97 96.56 96.13 95.69 95.26 94.89 94.58 94.31 94.09 93.91 93.75 93.62 93.51 93.40 93.31 93.21 93.10 92.98 92.85 92.68
60.90 61.58 62.30 63.04 63.82 64.62 65.46 66.34 67.26 68.22 69.22 70.26 71.35 72.49 73.68 74.93 76.23 77.59 79.00 80.48 82.02 83.62 85.30 87.04 88.85 90.67 92.34 93.84 95.19 96.39 97.45 98.37 99.17 99.84 100.40 100.85 101.20 101.46 101.63 101.72 101.74 101.69 101.59 101.43 101.23 100.99 100.72 100.43 100.12 99.80 99.48 99.16 98.85 98.54 98.22 97.88 97.52 97.15 96.76 96.35 95.93 95.53 95.18 94.90 94.67 94.48 94.33 94.21 94.12 94.05 93.99 93.94 93.89 93.84 93.78 93.69 93.59 93.45
60.13 60.80 61.51 62.25 63.02 63.82 64.66 65.54 66.46 67.42 68.42 69.47 70.57 71.73 72.93 74.19 75.50 76.88 78.31 79.81 81.37 83.00 84.70 86.47 88.31 90.15 91.85 93.38 94.75 95.98 97.05 97.99 98.80 99.49 100.06 100.52 100.88 101.14 101.32 101.41 101.43 101.38 101.27 101.10 100.89 100.64 100.36 100.05 99.72 99.38 99.04 98.70 98.37 98.05 97.73 97.40 97.05 96.68 96.30 95.90 95.52 95.21 94.95 94.75 94.59 94.48 94.40 94.35 94.32 94.31 94.31 94.31 94.31 94.30 94.28 94.23 94.16 94.05
59.33 60.00 60.69 61.42 62.18 62.98 63.81 64.69 65.60 66.57 67.57 68.63 69.73 70.89 72.10 73.37 74.70 76.09 77.53 79.05 80.63 82.28 84.00 85.79 87.66 89.53 91.25 92.80 94.19 95.43 96.53 97.48 98.30 99.00 99.58 100.04 100.40 100.67 100.84 100.93 100.94 100.89 100.77 100.59 100.37 100.11 99.81 99.48 99.13 98.77 98.40 98.03 97.67 97.32 96.99 96.66 96.32 95.96 95.59 95.24 94.95 94.72 94.55 94.43 94.36 94.32 94.31 94.32 94.36 94.41 94.46 94.51 94.56 94.59 94.61 94.59 94.55 94.47
58.52 59.17 59.85 60.56 61.31 62.10 62.92 63.79 64.70 65.66 66.66 67.72 68.83 69.99 71.20 72.48 73.81 75.21 76.67 78.20 79.79 81.46 83.20 85.01 86.90 88.79 90.53 92.10 93.51 94.76 95.87 96.83 97.66 98.36 98.95 99.41 99.78 100.04 100.21 100.29 100.29 100.23 100.10 99.91 99.67 99.38 99.06 98.71 98.34 97.95 97.55 97.15 96.76 96.37 96.01 95.67 95.33 94.98 94.66 94.40 94.20 94.06 93.98 93.94 93.94 93.97 94.04 94.12 94.21 94.32 94.43 94.53 94.62 94.70 94.75 94.77 94.76 94.70
57.69 58.31 58.98 59.67 60.40 61.18 61.99 62.85 63.75 64.70 65.70 66.75 67.85 69.01 70.23 71.51 72.85 74.25 75.72 77.25 78.86 80.54 82.29 84.12 86.03 87.93 89.69 91.28 92.70 93.96 95.08 96.05 96.88 97.59 98.17 98.63 98.99 99.25 99.41 99.48 99.47 99.39 99.25 99.04 98.78 98.47 98.13 97.75 97.35 96.93 96.50 96.06 95.63 95.21 94.81 94.42 94.08 93.77 93.54 93.38 93.27 93.22 93.22 93.26 93.34 93.45 93.58 93.72 93.88 94.04 94.20 94.35 94.49 94.61 94.69 94.75 94.77 94.74
56.83 57.43 58.07 58.75 59.46 60.21 61.01 61.85 62.74 63.68 64.67 65.71 66.81 67.97 69.18 70.46 71.80 73.20 74.68 76.22 77.83 79.52 81.28 83.12 85.04 86.97 88.74 90.33 91.77 93.04 94.15 95.13 95.96 96.67 97.24 97.70 98.05 98.30 98.45 98.51 98.49 98.39 98.22 97.99 97.70 97.37 97.00 96.59 96.16 95.70 95.24 94.76 94.29 93.83 93.38 92.96 92.61 92.37 92.24 92.17 92.15 92.19 92.27 92.39 92.55 92.72 92.92 93.13 93.35 93.56 93.78 93.98 94.16 94.31 94.44 94.53 94.57 94.57
55.95 56.53 57.14 57.79 58.48 59.21 59.99 60.81 61.68 62.61 63.58 64.62 65.70 66.85 68.06 69.33 70.67 72.07 73.54 75.09 76.71 78.40 80.17 82.02 83.95 85.88 87.66 89.27 90.70 91.98 93.10 94.07 94.90 95.60 96.17 96.62 96.96 97.19 97.33 97.37 97.33 97.21 97.01 96.76 96.45 96.08 95.68 95.24 94.77 94.28 93.77 93.25 92.74 92.23 91.74 91.31 90.99 90.81 90.74 90.76 90.84 90.96 91.12 91.32 91.55 91.80 92.06 92.33 92.61 92.88 93.14 93.39 93.61 93.81 93.97 94.09 94.16 94.18
55.05 55.59 56.17 56.79 57.45 58.16 58.92 59.72 60.57 61.48 62.44 63.45 64.53 65.66 66.86 68.13 69.46 70.85 72.32 73.87 75.48 77.18 78.95 80.81 82.74 84.68 86.47 88.08 89.52 90.79 91.91 92.87 93.70 94.39 94.95 95.38 95.71 95.92 96.04 96.06 95.99 95.85 95.63 95.35 95.00 94.61 94.17 93.69 93.18 92.64 92.09 91.53 90.97 90.41 89.91 89.52 89.25 89.10 89.07 89.15 89.31 89.52 89.76 90.04 90.34 90.66 90.99 91.32 91.66 91.98 92.29 92.59 92.85 93.09 93.28 93.43 93.53 93.57
54.12 54.62 55.17 55.76 56.39 57.07 57.80 58.58 59.40 60.29 61.23 62.22 63.28 64.40 65.59 66.84 68.16 69.55 71.01 72.55 74.16 75.85 77.63 79.48 81.42 83.37 85.16 86.76 88.20 89.47 90.58 91.54 92.35 93.03 93.57 94.00 94.30 94.50 94.59 94.58 94.49 94.32 94.07 93.75 93.37 92.94 92.46 91.94 91.39 90.81 90.21 89.60 88.99 88.43 87.97 87.62 87.38 87.26 87.25 87.35 87.57 87.86 88.19 88.54 88.91 89.30 89.69 90.09 90.48 90.86 91.22 91.56 91.86 92.13 92.36 92.54 92.67 92.73
53.16 53.63 54.14 54.69 55.29 55.94 56.63 57.38 58.18 59.04 59.96 60.93 61.97 63.07 64.24 65.47 66.78 68.15 69.61 71.13 72.74 74.43 76.20 78.05 79.99 81.94 83.72 85.32 86.75 88.01 89.12 90.06 90.86 91.52 92.05 92.45 92.73 92.90 92.97 92.94 92.82 92.61 92.32 91.97 91.55 91.08 90.56 89.99 89.39 88.76 88.11 87.46 86.84 86.32 85.90 85.59 85.38 85.28 85.29 85.41 85.64 85.98 86.38 86.81 87.25 87.71 88.16 88.62 89.06 89.50 89.91 90.29 90.64 90.94 91.20 91.41 91.56 91.65
52.18 52.61 53.08 53.59 54.15 54.76 55.42 56.14 56.91 57.73 58.62 59.57 60.58 61.66 62.81 64.02 65.31 66.67 68.11 69.63 71.22 72.90 74.66 76.51 78.44 80.38 82.16 83.76 85.18 86.43 87.52 88.45 89.23 89.87 90.37 90.75 91.01 91.15 91.19 91.12 90.97 90.72 90.40 90.01 89.55 89.03 88.46 87.85 87.19 86.51 85.81 85.15 84.57 84.09 83.71 83.43 83.25 83.17 83.20 83.33 83.56 83.90 84.34 84.84 85.35 85.87 86.40 86.91 87.41 87.89 88.35 88.78 89.16 89.51 89.80 90.04 90.21 90.31
51.17 51.55 51.98 52.45 52.97 53.54 54.16 54.84 55.57 56.37 57.22 58.14 59.13 60.18 61.30 62.49 63.76 65.10 66.52 68.02 69.60 71.26 73.01 74.85 76.78 78.71 80.48 82.07 83.47 84.71 85.78 86.69 87.45 88.07 88.55 88.90 89.12 89.24 89.24 89.14 88.94 88.66 88.29 87.86 87.35 86.78 86.16 85.50 84.79 84.06 83.35 82.73 82.20 81.75 81.41 81.15 80.99 80.93 80.96 81.10 81.33 81.66 82.10 82.63 83.21 83.80 84.38 84.95 85.51 86.04 86.54 87.01 87.44 87.81 88.14 88.40 88.60 88.72
50.13 50.47 50.84 51.27 51.74 52.27 52.85 53.48 54.18 54.94 55.76 56.65 57.60 58.62 59.71 60.88 62.12 63.44 64.84 66.32 67.88 69.52 71.26 73.08 75.00 76.92 78.68 80.25 81.64 82.86 83.90 84.79 85.53 86.12 86.57 86.89 87.08 87.16 87.12 86.98 86.74 86.42 86.01 85.52 84.96 84.35 83.67 82.95 82.19 81.45 80.79 80.21 79.71 79.30 78.98 78.75 78.61 78.56 78.60 78.73 78.95 79.28 79.69 80.21 80.81 81.46 82.10 82.73 83.34 83.92 84.47 84.98 85.44 85.86 86.21 86.50 86.72 86.86
49.01 49.34 49.67 50.04 50.47 50.95 51.48 52.08 52.73 53.45 54.23 55.08 56.00 56.99 58.05 59.18 60.39 61.69 63.06 64.51 66.05 67.68 69.40 71.20 73.10 75.01 76.75 78.30 79.67 80.87 81.89 82.75 83.46 84.02 84.43 84.72 84.87 84.91 84.83 84.65 84.37 83.99 83.54 83.00 82.39 81.71 80.98 80.21 79.44 78.74 78.12 77.58 77.12 76.74 76.44 76.23 76.09 76.05 76.09 76.22 76.43 76.74 77.13 77.62 78.20 78.86 79.56 80.25 80.91 81.54 82.13 82.68 83.18 83.63 84.01 84.32 84.56 84.72
47.81 48.13 48.45 48.78 49.16 49.59 50.07 50.62 51.23 51.90 52.64 53.45 54.32 55.28 56.30 57.40 58.58 59.84 61.18 62.61 64.13 65.73 67.42 69.21 71.09 72.98 74.70 76.23 77.57 78.74 79.74 80.57 81.24 81.77 82.15 82.39 82.51 82.50 82.38 82.15 81.82 81.39 80.88 80.29 79.62 78.89 78.10 77.32 76.59 75.94 75.36 74.85 74.42 74.06 73.78 73.58 73.46 73.41 73.45 73.57 73.77 74.05 74.42 74.87 75.41 76.04 76.75 77.48 78.20 78.87 79.51 80.10 80.64 81.11 81.52 81.86 82.12 82.29
46.52 46.84 47.15 47.47 47.80 48.17 48.61 49.10 49.66 50.29 50.98 51.74 52.58 53.49 54.47 55.54 56.68 57.90 59.21 60.61 62.10 63.67 65.34 67.10 68.96 70.83 72.52 74.03 75.34 76.48 77.44 78.24 78.88 79.36 79.70 79.91 79.98 79.93 79.76 79.47 79.09 78.61 78.04 77.39 76.66 75.87 75.08 74.33 73.66 73.04 72.50 72.02 71.61 71.28 71.01 70.81 70.69 70.64 70.67 70.77 70.95 71.21 71.55 71.96 72.46 73.04 73.70 74.44 75.20 75.92 76.60 77.23 77.80 78.31 78.74 79.11 79.38 79.57
45.15 45.46 45.76 46.07 46.38 46.71 47.09 47.53 48.04 48.61 49.25 49.97 50.76 51.62 52.56 53.58 54.69 55.87 57.15 58.51 59.96 61.51 63.14 64.88 66.71 68.55 70.22 71.69 72.98 74.08 75.01 75.77 76.37 76.81 77.11 77.26 77.29 77.18 76.96 76.63 76.19 75.65 75.02 74.30 73.52 72.72 71.96 71.27 70.63 70.06 69.54 69.09 68.70 68.38 68.12 67.93 67.80 67.75 67.76 67.84 68.00 68.22 68.52 68.90 69.35 69.87 70.47 71.16 71.91 72.67 73.39 74.06 74.67 75.20 75.67 76.05 76.35 76.55
43.67 43.97 44.27 44.57 44.88 45.19 45.52 45.90 46.35 46.87 47.46 48.12 48.86 49.67 50.57 51.54 52.61 53.75 54.98 56.31 57.72 59.23 60.83 62.54 64.34 66.15 67.79 69.23 70.48 71.54 72.43 73.15 73.70 74.10 74.35 74.46 74.43 74.27 73.99 73.60 73.10 72.50 71.81 71.03 70.24 69.48 68.77 68.12 67.52 66.98 66.49 66.06 65.69 65.37 65.12 64.92 64.79 64.72 64.71 64.77 64.89 65.09 65.34 65.67 66.07 66.54 67.08 67.69 68.37 69.13 69.88 70.58 71.22 71.79 72.28 72.68 73.00 73.21
42.10 42.39 42.68 42.97 43.27 43.57 43.88 44.21 44.60 45.06 45.59 46.20 46.88 47.65 48.49 49.42 50.43 51.53 52.72 54.00 55.38 56.85 58.41 60.08 61.85 63.63 65.23 66.63 67.84 68.87 69.71 70.39 70.89 71.24 71.44 71.49 71.41 71.20 70.86 70.40 69.84 69.17 68.42 67.63 66.88 66.17 65.51 64.90 64.33 63.81 63.35 62.93 62.57 62.25 62.00 61.80 61.65 61.56 61.53 61.56 61.65 61.80 62.01 62.29 62.63 63.03 63.50 64.04 64.65 65.32 66.06 66.79 67.46 68.06 68.57 68.99 69.32 69.55
40.43 40.71 40.99 41.27 41.55 41.84 42.14 42.45 42.79 43.19 43.66 44.21 44.83 45.54 46.33 47.21 48.17 49.22 50.36 51.60 52.93 54.35 55.88 57.51 59.24 60.98 62.54 63.91 65.07 66.05 66.85 67.48 67.93 68.23 68.37 68.37 68.22 67.95 67.55 67.03 66.40 65.67 64.90 64.16 63.46 62.79 62.17 61.59 61.05 60.55 60.10 59.70 59.34 59.03 58.77 58.55 58.39 58.28 58.22 58.21 58.26 58.37 58.53 58.75 59.03 59.36 59.76 60.22 60.74 61.33 61.98 62.68 63.38 64.00 64.53 64.98 65.32 65.56
38.66 38.92 39.19 39.45 39.72 40.00 40.29 40.59 40.90 41.25 41.66 42.14 42.71 43.35 44.09 44.90 45.81 46.81 47.90 49.09 50.37 51.75 53.23 54.82 56.50 58.20 59.73 61.05 62.17 63.10 63.85 64.42 64.82 65.06 65.14 65.08 64.87 64.53 64.06 63.48 62.78 62.04 61.31 60.62 59.97 59.34 58.75 58.20 57.69 57.21 56.77 56.37 56.01 55.69 55.42 55.19 55.01 54.87 54.77 54.73 54.73 54.79 54.89 55.05 55.26 55.53 55.85 56.22 56.65 57.14 57.69 58.30 58.96 59.60 60.16 60.62 60.98 61.24
36.77 37.02 37.27 37.52 37.78 38.04 38.32 38.60 38.91 39.23 39.58 40.00 40.50 41.08 41.75 42.51 43.36 44.30 45.34 46.47 47.70 49.03 50.47 52.01 53.65 55.31 56.78 58.05 59.12 60.00 60.70 61.21 61.55 61.73 61.76 61.63 61.35 60.94 60.41 59.75 59.04 58.35 57.68 57.03 56.41 55.83 55.27 54.74 54.24 53.77 53.34 52.94 52.58 52.25 51.96 51.71 51.50 51.33 51.20 51.11 51.06 51.06 51.11 51.20 51.34 51.53 51.76 52.05 52.39 52.78 53.22 53.72 54.27 54.87 55.44 55.92 56.30 56.56
