data_processed/recharge/precip/Precip_1992_10.asc
ncols        168
nrows        136
xllcorner    455000
yllcorner    2107000
cellsize     500
NODATA_value     -99999
[rows 68 to 101 of 136, columns 75 to 149 of 168]
97.73 94.44 91.77 89.55 87.49 85.59 83.90 82.44 81.25 80.37 79.78 79.35 79.03 78.80 78.65 78.56 78.53 78.55 78.59 78.66 78.74 78.81 78.85 78.79 78.63 78.36 77.98 77.47 76.83 76.09 75.44 74.93 74.55 74.28 74.11 74.00 73.94 73.86 73.69 73.43 73.08 72.63 72.09 71.46 70.74 69.92 69.01 68.00 66.89 65.61 64.15 62.52 60.76 58.89 56.93 54.92 53.01 51.40 50.09 49.07 48.32 47.82 47.56 47.48 47.47 47.47 47.50 47.54 47.59 47.66 47.73 47.80 47.88 47.95 48.02
93.05 89.71 87.05 84.89 82.93 81.18 79.66 78.43 77.50 76.88 76.42 76.08 75.85 75.71 75.64 75.64 75.70 75.80 75.94 76.09 76.25 76.41 76.56 76.65 76.64 76.50 76.23 75.83 75.28 74.63 74.05 73.61 73.31 73.11 73.01 72.97 72.92 72.79 72.58 72.29 71.92 71.46 70.92 70.30 69.59 68.80 67.92 66.95 65.90 64.75 63.46 61.99 60.39 58.66 56.83 54.95 53.16 51.68 50.49 49.60 48.98 48.61 48.44 48.33 48.26 48.22 48.19 48.19 48.20 48.23 48.27 48.31 48.36 48.40 48.45
88.61 85.24 82.61 80.53 78.69 77.11 75.80 74.81 74.11 73.61 73.23 72.97 72.80 72.73 72.74 72.82 72.95 73.12 73.33 73.56 73.80 74.03 74.25 74.44 74.57 74.57 74.43 74.14 73.69 73.12 72.63 72.28 72.05 71.94 71.91 71.88 71.78 71.62 71.38 71.06 70.68 70.22 69.69 69.08 68.39 67.63 66.80 65.89 64.90 63.83 62.67 61.39 59.95 58.38 56.71 54.97 53.33 51.98 50.94 50.19 49.71 49.45 49.26 49.11 48.99 48.90 48.83 48.79 48.77 48.77 48.78 48.80 48.83 48.86 48.89
84.49 81.10 78.52 76.53 74.84 73.44 72.35 71.57 70.99 70.55 70.23 70.02 69.92 69.91 69.98 70.12 70.31 70.54 70.81 71.10 71.40 71.69 71.97 72.22 72.44 72.57 72.57 72.40 72.06 71.58 71.18 70.92 70.78 70.75 70.73 70.66 70.53 70.33 70.07 69.74 69.35 68.90 68.38 67.80 67.15 66.43 65.65 64.80 63.88 62.89 61.83 60.70 59.44 58.06 56.56 54.98 53.49 52.31 51.43 50.84 50.47 50.20 49.97 49.77 49.61 49.49 49.39 49.32 49.28 49.25 49.24 49.25 49.27 49.29 49.32
80.72 77.34 74.82 72.96 71.43 70.23 69.34 68.65 68.12 67.72 67.45 67.29 67.24 67.27 67.39 67.57 67.81 68.09 68.41 68.74 69.09 69.43 69.76 70.06 70.32 70.53 70.65 70.61 70.38 70.01 69.70 69.54 69.50 69.48 69.42 69.31 69.14 68.92 68.65 68.32 67.94 67.50 67.01 66.45 65.85 65.18 64.46 63.68 62.84 61.94 60.98 59.96 58.87 57.68 56.37 54.97 53.66 52.65 51.95 51.48 51.12 50.80 50.53 50.31 50.12 49.97 49.85 49.76 49.69 49.66 49.64 49.64 49.65 49.67 49.71
77.36 74.02 71.59 69.87 68.52 67.49 66.68 66.02 65.52 65.16 64.92 64.80 64.78 64.85 65.00 65.21 65.49 65.80 66.15 66.52 66.90 67.28 67.64 67.97 68.27 68.51 68.69 68.77 68.67 68.41 68.21 68.14 68.12 68.06 67.96 67.82 67.63 67.40 67.12 66.80 66.43 66.01 65.55 65.04 64.48 63.88 63.23 62.52 61.77 60.97 60.11 59.21 58.26 57.24 56.14 54.94 53.82 53.00 52.44 51.98 51.58 51.24 50.94 50.68 50.47 50.30 50.17 50.07 50.00 49.95 49.93 49.93 49.95 49.99 50.03
74.33 71.18 68.87 67.30 66.11 65.15 64.35 63.72 63.24 62.90 62.68 62.58 62.58 62.67 62.84 63.07 63.37 63.71 64.07 64.47 64.86 65.26 65.64 66.00 66.31 66.58 66.78 66.91 66.92 66.78 66.68 66.64 66.58 66.48 66.35 66.18 65.98 65.74 65.47 65.16 64.82 64.43 64.01 63.56 63.06 62.52 61.95 61.33 60.68 59.98 59.24 58.46 57.64 56.78 55.86 54.88 53.97 53.30 52.75 52.27 51.84 51.47 51.15 50.88 50.66 50.48 50.33 50.23 50.16 50.12 50.11 50.12 50.15 50.21 50.27
71.52 68.75 66.70 65.29 64.14 63.18 62.40 61.77 61.30 60.96 60.75 60.66 60.66 60.76 60.94 61.18 61.49 61.83 62.21 62.61 63.01 63.41 63.80 64.17 64.49 64.76 64.98 65.12 65.17 65.12 65.05 64.97 64.86 64.73 64.58 64.40 64.19 63.96 63.70 63.42 63.10 62.76 62.39 61.99 61.56 61.11 60.62 60.10 59.55 58.97 58.35 57.71 57.03 56.31 55.57 54.78 54.04 53.40 52.82 52.32 51.87 51.48 51.15 50.87 50.64 50.46 50.32 50.22 50.16 50.13 50.14 50.17 50.23 50.30 50.40
69.10 66.78 65.08 63.74 62.60 61.63 60.85 60.22 59.74 59.40 59.19 59.09 59.09 59.19 59.36 59.60 59.90 60.24 60.62 61.01 61.41 61.81 62.20 62.56 62.88 63.15 63.36 63.50 63.55 63.54 63.45 63.32 63.17 63.01 62.84 62.65 62.44 62.21 61.97 61.71 61.43 61.13 60.81 60.48 60.12 59.74 59.34 58.92 58.48 58.02 57.53 57.02 56.48 55.92 55.34 54.69 53.98 53.32 52.73 52.21 51.75 51.35 51.01 50.73 50.50 50.33 50.19 50.11 50.06 50.05 50.08 50.13 50.22 50.33 50.46
67.45 65.50 63.93 62.62 61.47 60.50 59.71 59.07 58.59 58.24 58.02 57.91 57.91 57.99 58.16 58.39 58.68 59.02 59.38 59.77 60.17 60.56 60.94 61.29 61.60 61.87 62.07 62.20 62.29 62.34 62.28 62.12 61.92 61.72 61.51 61.29 61.07 60.84 60.60 60.35 60.10 59.83 59.56 59.27 58.97 58.66 58.34 58.01 57.66 57.30 56.93 56.54 56.14 55.72 55.25 54.65 53.96 53.29 52.68 52.14 51.67 51.27 50.93 50.65 50.42 50.25 50.13 50.05 50.02 50.03 50.08 50.17 50.28 50.43 50.60
66.52 64.70 63.16 61.87 60.74 59.78 58.97 58.32 57.82 57.46 57.23 57.11 57.10 57.17 57.33 57.55 57.83 58.15 58.50 58.88 59.26 59.64 60.01 60.35 60.65 60.90 61.10 61.26 61.41 61.53 61.53 61.38 61.14 60.89 60.63 60.38 60.13 59.88 59.63 59.38 59.13 58.89 58.64 58.38 58.13 57.88 57.62 57.36 57.09 56.83 56.55 56.28 55.99 55.67 55.23 54.64 53.97 53.32 52.71 52.16 51.68 51.27 50.93 50.65 50.42 50.26 50.15 50.09 50.08 50.11 50.18 50.30 50.44 50.62 50.83
66.04 64.25 62.75 61.48 60.37 59.41 58.60 57.94 57.43 57.05 56.80 56.67 56.64 56.70 56.84 57.04 57.31 57.61 57.95 58.31 58.68 59.05 59.40 59.72 60.01 60.25 60.47 60.68 60.89 61.06 61.12 61.02 60.80 60.49 60.18 59.87 59.58 59.30 59.02 58.76 58.51 58.26 58.03 57.80 57.58 57.36 57.15 56.95 56.75 56.56 56.38 56.19 55.98 55.68 55.24 54.66 54.02 53.39 52.81 52.26 51.77 51.36 51.01 50.73 50.51 50.36 50.26 50.21 50.22 50.27 50.37 50.51 50.69 50.91 51.16
65.89 64.14 62.66 61.41 60.33 59.38 58.58 57.91 57.37 56.98 56.71 56.56 56.51 56.55 56.67 56.86 57.10 57.39 57.71 58.05 58.40 58.75 59.08 59.39 59.66 59.92 60.18 60.44 60.69 60.91 61.01 60.96 60.78 60.48 60.11 59.74 59.39 59.06 58.75 58.46 58.19 57.93 57.69 57.47 57.27 57.08 56.91 56.75 56.61 56.48 56.36 56.24 56.03 55.71 55.28 54.72 54.10 53.50 52.94 52.42 51.94 51.52 51.17 50.89 50.68 50.53 50.45 50.42 50.45 50.52 50.65 50.82 51.03 51.29 51.58
66.06 64.34 62.89 61.66 60.59 59.65 58.86 58.19 57.65 57.23 56.94 56.76 56.69 56.71 56.80 56.97 57.19 57.45 57.75 58.07 58.40 58.72 59.03 59.32 59.60 59.90 60.20 60.50 60.79 61.05 61.19 61.17 61.03 60.76 60.39 59.96 59.54 59.15 58.79 58.45 58.15 57.87 57.61 57.38 57.18 57.01 56.86 56.73 56.63 56.55 56.46 56.32 56.09 55.77 55.34 54.80 54.20 53.64 53.11 52.62 52.17 51.76 51.41 51.14 50.93 50.79 50.72 50.71 50.76 50.86 51.01 51.21 51.46 51.75 52.08
66.50 64.82 63.39 62.19 61.13 60.21 59.42 58.75 58.21 57.77 57.46 57.25 57.15 57.15 57.22 57.36 57.55 57.79 58.06 58.35 58.65 58.95 59.24 59.53 59.84 60.17 60.50 60.83 61.16 61.44 61.61 61.62 61.50 61.26 60.92 60.48 59.99 59.53 59.10 58.70 58.35 58.03 57.75 57.50 57.29 57.11 56.97 56.86 56.78 56.71 56.60 56.43 56.18 55.84 55.42 54.90 54.34 53.80 53.31 52.85 52.43 52.06 51.73 51.46 51.26 51.13 51.07 51.08 51.15 51.27 51.45 51.69 51.97 52.30 52.67
67.21 65.56 64.16 62.97 61.93 61.02 60.24 59.58 59.03 58.59 58.25 58.02 57.88 57.85 57.89 57.99 58.16 58.37 58.61 58.87 59.14 59.41 59.70 60.01 60.35 60.70 61.06 61.41 61.75 62.06 62.24 62.28 62.18 61.96 61.63 61.20 60.70 60.16 59.65 59.19 58.77 58.40 58.07 57.79 57.55 57.36 57.21 57.10 57.01 56.91 56.75 56.55 56.28 55.94 55.53 55.03 54.50 54.00 53.54 53.11 52.73 52.40 52.10 51.85 51.66 51.54 51.50 51.53 51.62 51.77 51.98 52.24 52.56 52.93 53.36
68.16 66.54 65.16 63.99 62.97 62.07 61.29 60.63 60.08 59.63 59.28 59.02 58.86 58.78 58.79 58.86 58.99 59.17 59.38 59.60 59.84 60.11 60.41 60.74 61.09 61.46 61.83 62.20 62.55 62.87 63.07 63.11 63.02 62.81 62.48 62.07 61.57 61.01 60.42 59.87 59.38 58.94 58.56 58.23 57.95 57.72 57.55 57.42 57.28 57.11 56.91 56.68 56.39 56.05 55.65 55.18 54.68 54.22 53.79 53.41 53.06 52.77 52.51 52.30 52.13 52.03 52.00 52.05 52.16 52.34 52.58 52.88 53.24 53.65 54.20
69.32 67.73 66.38 65.23 64.21 63.32 62.55 61.89 61.34 60.88 60.52 60.24 60.05 59.94 59.91 59.94 60.04 60.17 60.34 60.53 60.76 61.03 61.34 61.68 62.04 62.42 62.79 63.17 63.53 63.85 64.04 64.09 64.00 63.78 63.46 63.04 62.54 61.98 61.36 60.73 60.14 59.62 59.17 58.77 58.44 58.18 57.96 57.75 57.54 57.32 57.08 56.82 56.52 56.18 55.79 55.35 54.88 54.46 54.07 53.72 53.42 53.17 52.95 52.78 52.66 52.59 52.58 52.64 52.78 52.98 53.26 53.59 53.99 54.53 55.24
70.68 69.11 67.78 66.65 65.65 64.77 64.00 63.34 62.78 62.31 61.94 61.65 61.43 61.29 61.21 61.21 61.26 61.35 61.49 61.66 61.89 62.16 62.47 62.81 63.17 63.54 63.92 64.28 64.64 64.95 65.14 65.18 65.08 64.86 64.53 64.10 63.59 63.01 62.38 61.71 61.03 60.42 59.88 59.41 59.01 58.67 58.37 58.08 57.81 57.54 57.26 56.97 56.66 56.32 55.94 55.53 55.10 54.72 54.37 54.07 53.81 53.59 53.43 53.30 53.23 53.20 53.22 53.31 53.47 53.70 54.01 54.38 54.90 55.60 56.47
72.20 70.66 69.35 68.24 67.25 66.37 65.61 64.94 64.38 63.91 63.52 63.21 62.97 62.80 62.69 62.64 62.64 62.70 62.80 62.97 63.19 63.46 63.76 64.09 64.44 64.80 65.16 65.52 65.86 66.16 66.33 66.36 66.24 66.00 65.65 65.20 64.67 64.07 63.42 62.73 62.01 61.30 60.66 60.10 59.61 59.17 58.78 58.41 58.07 57.75 57.43 57.12 56.80 56.46 56.11 55.73 55.34 54.99 54.69 54.43 54.22 54.05 53.93 53.85 53.83 53.85 53.92 54.04 54.23 54.49 54.83 55.33 56.01 56.87 57.89
73.86 72.35 71.06 69.96 68.98 68.11 67.35 66.69 66.12 65.64 65.23 64.90 64.64 64.45 64.30 64.21 64.17 64.19 64.28 64.43 64.64 64.89 65.18 65.49 65.82 66.16 66.51 66.84 67.16 67.44 67.59 67.58 67.44 67.18 66.80 66.33 65.77 65.14 64.46 63.73 62.98 62.21 61.47 60.80 60.20 59.66 59.18 58.74 58.33 57.96 57.61 57.27 56.95 56.62 56.28 55.93 55.59 55.28 55.03 54.81 54.65 54.53 54.45 54.43 54.45 54.53 54.65 54.82 55.05 55.35 55.81 56.46 57.30 58.31 59.46
75.64 74.16 72.89 71.80 70.84 69.97 69.21 68.55 67.97 67.48 67.06 66.71 66.43 66.20 66.03 65.90 65.83 65.83 65.90 66.03 66.21 66.43 66.70 66.98 67.29 67.60 67.91 68.22 68.51 68.75 68.87 68.83 68.66 68.36 67.94 67.43 66.84 66.17 65.45 64.69 63.89 63.09 62.28 61.50 60.78 60.14 59.57 59.05 58.59 58.17 57.78 57.43 57.09 56.77 56.46 56.15 55.85 55.59 55.38 55.21 55.09 55.02 55.00 55.03 55.11 55.23 55.41 55.64 55.93 56.36 56.98 57.79 58.78 59.92 61.19
77.52 76.06 74.81 73.74 72.78 71.92 71.16 70.50 69.91 69.41 68.97 68.60 68.30 68.04 67.83 67.68 67.60 67.57 67.61 67.71 67.86 68.06 68.28 68.54 68.80 69.08 69.36 69.62 69.87 70.07 70.15 70.07 69.85 69.51 69.05 68.50 67.86 67.14 66.38 65.56 64.72 63.87 63.01 62.16 61.35 60.61 59.95 59.36 58.84 58.37 57.95 57.58 57.24 56.93 56.64 56.37 56.11 55.90 55.74 55.62 55.56 55.54 55.57 55.65 55.79 55.97 56.21 56.50 56.93 57.54 58.33 59.29 60.41 61.67 63.04
79.46 78.04 76.81 75.75 74.79 73.94 73.18 72.51 71.92 71.40 70.95 70.56 70.23 69.94 69.72 69.55 69.45 69.40 69.40 69.46 69.57 69.72 69.91 70.12 70.34 70.57 70.80 71.02 71.22 71.37 71.40 71.27 71.00 70.60 70.09 69.49 68.79 68.02 67.20 66.33 65.44 64.54 63.64 62.75 61.88 61.05 60.31 59.65 59.07 58.56 58.12 57.73 57.39 57.09 56.83 56.59 56.38 56.22 56.11 56.05 56.04 56.07 56.16 56.30 56.49 56.73 57.03 57.47 58.09 58.89 59.85 60.94 62.18 63.55 65.02
81.46 80.06 78.85 77.80 76.85 76.00 75.24 74.57 73.97 73.43 72.97 72.56 72.20 71.89 71.65 71.47 71.34 71.26 71.23 71.24 71.30 71.40 71.54 71.69 71.87 72.04 72.22 72.38 72.52 72.62 72.58 72.40 72.07 71.61 71.04 70.37 69.61 68.78 67.89 66.96 66.02 65.09 64.15 63.24 62.34 61.47 60.65 59.93 59.29 58.74 58.27 57.87 57.53 57.25 57.01 56.81 56.66 56.55 56.49 56.48 56.52 56.62 56.76 56.96 57.21 57.52 57.97 58.60 59.41 60.38 61.49 62.73 64.08 65.54 67.09
83.48 82.10 80.91 79.87 78.93 78.09 77.33 76.64 76.03 75.49 75.00 74.57 74.19 73.87 73.61 73.40 73.24 73.12 73.05 73.02 73.03 73.07 73.14 73.24 73.35 73.46 73.57 73.67 73.74 73.78 73.68 73.42 73.02 72.49 71.85 71.11 70.28 69.38 68.43 67.46 66.48 65.51 64.55 63.61 62.70 61.81 60.97 60.19 59.50 58.91 58.42 58.00 57.67 57.40 57.19 57.04 56.93 56.88 56.88 56.92 57.02 57.17 57.38 57.63 57.96 58.41 59.06 59.88 60.87 62.00 63.26 64.63 66.09 67.63 69.25
85.50 84.15 82.97 81.94 81.01 80.17 79.40 78.71 78.09 77.53 77.03 76.58 76.18 75.84 75.56 75.32 75.12 74.96 74.85 74.76 74.71 74.69 74.69 74.72 74.76 74.80 74.84 74.86 74.86 74.82 74.64 74.31 73.83 73.23 72.51 71.68 70.78 69.80 68.81 67.81 66.81 65.82 64.84 63.88 62.96 62.06 61.22 60.42 59.69 59.06 58.54 58.12 57.79 57.54 57.36 57.26 57.21 57.21 57.26 57.37 57.53 57.74 58.01 58.34 58.80 59.46 60.30 61.30 62.44 63.72 65.12 66.60 68.17 69.80 71.48
87.50 86.17 85.00 83.99 83.06 82.22 81.45 80.76 80.12 79.55 79.03 78.56 78.15 77.78 77.46 77.18 76.94 76.74 76.57 76.43 76.32 76.23 76.16 76.11 76.06 76.03 75.98 75.92 75.84 75.71 75.45 75.03 74.47 73.78 72.97 72.06 71.08 70.06 69.04 68.02 67.00 65.99 65.00 64.04 63.11 62.22 61.37 60.58 59.85 59.20 58.66 58.23 57.90 57.67 57.53 57.47 57.48 57.54 57.65 57.82 58.04 58.31 58.65 59.13 59.80 60.65 61.67 62.83 64.13 65.55 67.06 68.66 70.31 72.02 73.76
89.45 88.14 86.99 85.98 85.06 84.22 83.45 82.74 82.10 81.51 80.97 80.48 80.04 79.65 79.29 78.97 78.68 78.43 78.20 78.00 77.81 77.65 77.50 77.36 77.23 77.11 76.97 76.82 76.65 76.43 76.08 75.56 74.91 74.12 73.21 72.22 71.20 70.16 69.12 68.08 67.05 66.04 65.04 64.08 63.15 62.27 61.43 60.66 59.94 59.30 58.75 58.32 58.00 57.79 57.69 57.68 57.74 57.86 58.04 58.27 58.55 58.90 59.39 60.07 60.94 61.97 63.16 64.48 65.91 67.45 69.07 70.76 72.50 74.27 76.06
91.33 90.04 88.90 87.90 86.99 86.15 85.37 84.66 84.00 83.39 82.83 82.32 81.84 81.41 81.01 80.64 80.30 79.99 79.70 79.42 79.17 78.92 78.69 78.46 78.24 78.01 77.78 77.53 77.26 76.94 76.48 75.86 75.10 74.21 73.22 72.19 71.15 70.10 69.04 68.00 66.96 65.95 64.96 64.00 63.08 62.21 61.40 60.64 59.96 59.34 58.81 58.38 58.08 57.90 57.83 57.87 58.00 58.18 58.42 58.71 59.07 59.57 60.27 61.15 62.20 63.41 64.75 66.21 67.77 69.42 71.14 72.91 74.71 76.54 78.36
93.12 91.84 90.72 89.73 88.82 87.97 87.19 86.47 85.79 85.16 84.57 84.03 83.51 83.04 82.59 82.17 81.77 81.39 81.03 80.68 80.35 80.02 79.69 79.37 79.05 78.72 78.38 78.02 77.63 77.20 76.63 75.91 75.03 74.05 73.03 71.98 70.93 69.87 68.81 67.76 66.73 65.72 64.74 63.80 62.90 62.05 61.26 60.54 59.88 59.31 58.82 58.43 58.14 57.98 57.96 58.05 58.24 58.49 58.79 59.16 59.68 60.39 61.28 62.35 63.58 64.94 66.43 68.02 69.69 71.44 73.24 75.08 76.94 78.80 80.65
94.78 93.53 92.42 91.44 90.53 89.68 88.89 88.15 87.45 86.79 86.17 85.58 85.02 84.50 83.99 83.51 83.05 82.60 82.16 81.74 81.31 80.90 80.48 80.05 79.62 79.18 78.72 78.25 77.75 77.20 76.51 75.66 74.70 73.68 72.64 71.58 70.52 69.46 68.41 67.36 66.34 65.35 64.39 63.47 62.60 61.78 61.02 60.34 59.72 59.20 58.76 58.41 58.17 58.05 58.07 58.22 58.47 58.79 59.17 59.69 60.42 61.33 62.42 63.67 65.05 66.56 68.18 69.88 71.66 73.50 75.37 77.27 79.17 81.06 82.92
96.27 95.07 93.98 93.00 92.09 91.23 90.42 89.66 88.93 88.23 87.57 86.94 86.34 85.75 85.19 84.64 84.11 83.59 83.07 82.56 82.04 81.53 81.01 80.47 79.93 79.37 78.79 78.19 77.57 76.89 76.07 75.13 74.12 73.10 72.05 71.00 69.94 68.88 67.84 66.81 65.81 64.83 63.90 63.01 62.17 61.39 60.68 60.03 59.47 59.00 58.61 58.33 58.15 58.09 58.16 58.37 58.69 59.08 59.62 60.36 61.29 62.40 63.67 65.07 66.61 68.25 69.99 71.80 73.66 75.57 77.50 79.44 81.37 83.28 85.14
97.44 96.42 95.37 94.39 93.47 92.60 91.77 90.97 90.21 89.47 88.77 88.08 87.42 86.78 86.15 85.53 84.92 84.32 83.71 83.11 82.50 81.88 81.25 80.61 79.95 79.26 78.56 77.82 77.06 76.25 75.33 74.35 73.34 72.31 71.27 70.22 69.17 68.13 67.10 66.09 65.12 64.17 63.27 62.42 61.62 60.89 60.22 59.63 59.12 58.71 58.39 58.17 58.07 58.08 58.22 58.50 58.90 59.45 60.20 61.15 62.28 63.57 65.00 66.56 68.23 70.00 71.84 73.74 75.68 77.65 79.63 81.60 83.55 85.45 87.30
