data_processed/recharge/precip/Precip_1991_02.asc
ncols        168
nrows        136
xllcorner    455000
yllcorner    2107000
cellsize     500
NODATA_value     -99999
[rows 74 to 110 of 136, columns 83 to 165 of 168]
14.27 13.41 12.55 11.69 10.85 10.02 9.22 8.46 7.74 7.08 6.48 5.94 5.49 5.09 4.72 4.35 3.95 3.53 3.12 2.73 2.36 2.01 1.71 1.45 1.23 1.05 0.90 0.79 0.70 0.65 0.63 0.63 0.65 0.70 0.76 0.84 0.94 1.05 1.17 1.27 1.35 1.39 1.40 1.40 1.40 1.40 1.40 1.40 1.40 1.40 1.39 1.39 1.39 1.38 1.38 1.37 1.36 1.34 1.33 1.31 1.29 1.27 1.24 1.20 1.17 1.13 1.08 1.03 0.98 0.93 0.88 0.84 0.75 0.56 0.26 0.00 0.00 0.00 0.00 0.00 0.00 0.00 0.00
14.75 13.99 13.22 12.43 11.65 10.87 10.11 9.36 8.65 7.98 7.36 6.79 6.28 5.84 5.45 5.05 4.61 4.15 3.69 3.25 2.85 2.48 2.16 1.88 1.64 1.44 1.27 1.14 1.03 0.96 0.91 0.89 0.89 0.91 0.95 1.00 1.07 1.16 1.25 1.35 1.43 1.48 1.50 1.50 1.51 1.51 1.51 1.52 1.52 1.52 1.52 1.52 1.52 1.52 1.52 1.51 1.50 1.49 1.48 1.46 1.44 1.42 1.39 1.35 1.32 1.27 1.23 1.17 1.12 1.06 1.01 0.91 0.71 0.39 0.00 0.00 0.00 0.00 0.00 0.00 0.00 0.00 0.00
15.75 15.07 14.36 13.62 12.87 12.10 11.34 10.59 9.86 9.14 8.47 7.83 7.24 6.71 6.24 5.80 5.32 4.81 4.31 3.83 3.41 3.02 2.68 2.38 2.12 1.89 1.70 1.55 1.42 1.32 1.25 1.20 1.18 1.17 1.18 1.21 1.26 1.31 1.38 1.45 1.52 1.58 1.60 1.61 1.62 1.63 1.63 1.64 1.65 1.66 1.66 1.67 1.67 1.67 1.67 1.66 1.66 1.65 1.63 1.62 1.60 1.57 1.54 1.51 1.47 1.42 1.37 1.32 1.26 1.20 1.09 0.88 0.54 0.10 0.00 0.00 0.00 0.00 0.00 0.00 0.00 0.00 0.00
17.35 16.72 16.03 15.31 14.56 13.78 12.99 12.20 11.41 10.63 9.87 9.13 8.44 7.78 7.18 6.63 6.09 5.53 4.98 4.49 4.04 3.63 3.27 2.95 2.66 2.42 2.20 2.02 1.87 1.74 1.65 1.57 1.52 1.49 1.47 1.47 1.49 1.51 1.55 1.59 1.64 1.69 1.71 1.72 1.74 1.75 1.76 1.78 1.79 1.80 1.81 1.81 1.82 1.82 1.82 1.82 1.82 1.81 1.79 1.78 1.76 1.73 1.70 1.66 1.62 1.58 1.52 1.46 1.40 1.29 1.06 0.70 0.24 0.00 0.00 0.00 0.00 0.00 0.00 0.00 0.00 0.00 0.00
19.58 18.96 18.27 17.54 16.76 15.94 15.10 14.23 13.36 12.48 11.61 10.75 9.91 9.10 8.33 7.60 6.92 6.30 5.73 5.21 4.74 4.31 3.93 3.58 3.27 3.00 2.76 2.55 2.38 2.23 2.10 2.00 1.92 1.86 1.81 1.79 1.77 1.76 1.77 1.78 1.79 1.81 1.83 1.85 1.87 1.89 1.90 1.92 1.93 1.95 1.96 1.97 1.98 1.98 1.99 1.98 1.98 1.97 1.96 1.94 1.92 1.89 1.86 1.83 1.78 1.73 1.68 1.62 1.51 1.26 0.89 0.40 0.00 0.00 0.00 0.00 0.00 0.00 0.00 0.00 0.00 0.00 0.00
22.10 21.48 20.78 20.02 19.20 18.34 17.43 16.48 15.51 14.53 13.53 12.54 11.55 10.57 9.62 8.70 7.79 6.97 6.36 5.83 5.34 4.89 4.49 4.13 3.80 3.51 3.25 3.02 2.82 2.65 2.50 2.38 2.28 2.19 2.12 2.07 2.03 2.00 1.98 1.96 1.95 1.94 1.96 1.98 2.00 2.03 2.05 2.07 2.09 2.11 2.12 2.14 2.15 2.16 2.16 2.16 2.16 2.15 2.14 2.12 2.10 2.07 2.04 2.00 1.96 1.91 1.85 1.78 1.63 1.25 0.74 0.12 0.00 0.00 0.00 0.00 0.00 0.00 0.00 0.00 0.00 0.00 0.00
24.52 23.91 23.21 22.44 21.59 20.68 19.71 18.70 17.64 16.56 15.45 14.33 13.20 12.07 10.95 9.80 8.61 7.51 6.72 6.16 5.66 5.21 4.80 4.43 4.10 3.80 3.54 3.30 3.09 2.91 2.75 2.62 2.51 2.41 2.33 2.26 2.21 2.16 2.13 2.10 2.07 2.07 2.09 2.11 2.14 2.17 2.20 2.23 2.25 2.28 2.30 2.31 2.33 2.34 2.35 2.35 2.35 2.34 2.33 2.32 2.30 2.27 2.24 2.20 2.15 2.10 2.04 1.97 1.81 1.39 0.75 0.01 0.00 0.00 0.00 0.00 0.00 0.00 0.00 0.00 0.00 0.00 0.00
26.80 26.22 25.53 24.75 23.88 22.94 21.92 20.85 19.72 18.55 17.33 16.09 14.83 13.56 12.23 10.84 9.38 8.02 6.97 6.24 5.73 5.28 4.88 4.52 4.19 3.90 3.63 3.40 3.20 3.02 2.86 2.73 2.62 2.52 2.44 2.38 2.32 2.27 2.24 2.21 2.19 2.19 2.22 2.25 2.29 2.32 2.36 2.39 2.42 2.45 2.48 2.50 2.52 2.54 2.55 2.55 2.56 2.55 2.55 2.53 2.51 2.49 2.46 2.42 2.38 2.32 2.26 2.19 2.02 1.60 0.92 0.06 0.00 0.00 0.00 0.00 0.00 0.00 0.00 0.00 0.00 0.00 0.00
28.93 28.38 27.72 26.94 26.07 25.10 24.05 22.92 21.73 20.48 19.17 17.82 16.44 14.99 13.43 11.79 10.09 8.49 7.20 6.23 5.58 5.13 4.74 4.40 4.08 3.81 3.56 3.35 3.16 2.99 2.85 2.73 2.63 2.55 2.48 2.43 2.39 2.35 2.32 2.31 2.31 2.32 2.35 2.39 2.43 2.47 2.51 2.56 2.59 2.63 2.66 2.69 2.72 2.74 2.75 2.77 2.77 2.77 2.77 2.76 2.75 2.72 2.69 2.66 2.62 2.57 2.50 2.43 2.25 1.82 1.14 0.25 0.00 0.00 0.00 0.00 0.00 0.00 0.00 0.00 0.00 0.00 0.00
30.91 30.40 29.76 29.00 28.13 27.15 26.07 24.90 23.66 22.33 20.95 19.50 17.96 16.30 14.52 12.66 10.75 8.94 7.43 6.24 5.36 4.78 4.40 4.09 3.81 3.56 3.34 3.15 2.99 2.86 2.74 2.65 2.58 2.52 2.47 2.44 2.42 2.41 2.41 2.41 2.42 2.45 2.49 2.53 2.57 2.62 2.67 2.72 2.76 2.81 2.85 2.88 2.92 2.94 2.97 2.99 3.00 3.01 3.01 3.00 2.99 2.97 2.95 2.91 2.87 2.82 2.76 2.68 2.50 2.07 1.39 0.49 0.00 0.00 0.00 0.00 0.00 0.00 0.00 0.00 0.00 0.00 0.00
32.70 32.25 31.65 30.92 30.05 29.07 27.98 26.78 25.49 24.11 22.64 21.07 19.34 17.48 15.51 13.45 11.35 9.35 7.64 6.26 5.18 4.40 3.91 3.61 3.37 3.17 2.99 2.84 2.72 2.63 2.55 2.50 2.46 2.44 2.43 2.44 2.45 2.47 2.49 2.52 2.55 2.58 2.62 2.67 2.72 2.77 2.82 2.88 2.93 2.98 3.03 3.08 3.12 3.15 3.18 3.21 3.23 3.24 3.25 3.25 3.24 3.23 3.21 3.18 3.15 3.10 3.04 2.95 2.77 2.33 1.65 0.75 0.00 0.00 0.00 0.00 0.00 0.00 0.00 0.00 0.00 0.00 0.00
34.31 33.92 33.37 32.67 31.83 30.86 29.75 28.54 27.21 25.78 24.21 22.46 20.56 18.52 16.38 14.16 11.89 9.72 7.85 6.29 5.03 4.08 3.41 3.02 2.81 2.66 2.53 2.44 2.37 2.32 2.30 2.30 2.31 2.34 2.38 2.43 2.49 2.53 2.58 2.62 2.67 2.71 2.76 2.81 2.86 2.92 2.97 3.03 3.09 3.15 3.21 3.27 3.32 3.36 3.40 3.43 3.46 3.48 3.49 3.50 3.50 3.49 3.48 3.46 3.43 3.39 3.32 3.23 3.05 2.61 1.92 1.03 0.00 0.00 0.00 0.00 0.00 0.00 0.00 0.00 0.00 0.00 0.00
35.71 35.39 34.90 34.25 33.44 32.48 31.39 30.16 28.80 27.29 25.57 23.68 21.62 19.43 17.15 14.78 12.37 10.06 8.05 6.34 4.93 3.82 2.99 2.44 2.15 2.04 1.99 1.96 1.95 1.97 2.01 2.07 2.14 2.23 2.33 2.43 2.52 2.60 2.67 2.73 2.79 2.85 2.90 2.95 3.01 3.06 3.12 3.19 3.25 3.32 3.38 3.45 3.51 3.56 3.61 3.65 3.69 3.72 3.74 3.76 3.77 3.77 3.77 3.76 3.73 3.69 3.62 3.53 3.33 2.89 2.20 1.31 0.26 0.00 0.00 0.00 0.00 0.00 0.00 0.00 0.00 0.00 0.00
36.89 36.66 36.24 35.64 34.87 33.94 32.86 31.63 30.21 28.58 26.73 24.70 22.52 20.21 17.80 15.32 12.79 10.37 8.23 6.40 4.86 3.62 2.65 1.96 1.54 1.37 1.37 1.42 1.49 1.58 1.70 1.83 1.98 2.14 2.30 2.43 2.56 2.66 2.76 2.84 2.91 2.98 3.03 3.09 3.15 3.21 3.27 3.34 3.41 3.48 3.55 3.62 3.69 3.76 3.82 3.87 3.92 3.96 3.99 4.01 4.04 4.05 4.06 4.06 4.03 3.99 3.92 3.83 3.63 3.18 2.49 1.60 0.55 0.00 0.00 0.00 0.00 0.00 0.00 0.00 0.00 0.00 0.00
37.87 37.70 37.36 36.83 36.11 35.22 34.16 32.89 31.38 29.63 27.67 25.54 23.25 20.84 18.34 15.76 13.15 10.63 8.40 6.47 4.83 3.48 2.40 1.59 1.05 0.77 0.72 0.84 1.00 1.18 1.38 1.60 1.84 2.06 2.26 2.44 2.59 2.73 2.85 2.95 3.04 3.11 3.17 3.22 3.29 3.35 3.42 3.48 3.56 3.63 3.71 3.79 3.87 3.95 4.02 4.08 4.14 4.19 4.23 4.27 4.31 4.34 4.36 4.36 4.34 4.30 4.23 4.13 3.93 3.47 2.78 1.89 0.84 0.00 0.00 0.00 0.00 0.00 0.00 0.00 0.00 0.00 0.00
38.71 38.54 38.26 37.80 37.15 36.30 35.23 33.88 32.27 30.44 28.40 26.19 23.82 21.34 18.76 16.12 13.43 10.85 8.55 6.55 4.83 3.39 2.23 1.34 0.70 0.31 0.17 0.26 0.50 0.79 1.09 1.40 1.71 1.98 2.22 2.44 2.63 2.80 2.94 3.06 3.16 3.24 3.30 3.36 3.42 3.49 3.56 3.63 3.70 3.78 3.86 3.95 4.03 4.12 4.20 4.28 4.35 4.41 4.48 4.53 4.59 4.63 4.65 4.66 4.65 4.61 4.54 4.43 4.23 3.77 3.08 2.19 1.14 0.00 0.00 0.00 0.00 0.00 0.00 0.00 0.00 0.00 0.00
39.43 39.24 38.95 38.54 37.96 37.12 35.99 34.58 32.91 31.01 28.91 26.64 24.23 21.69 19.07 16.38 13.66 11.03 8.69 6.63 4.86 3.37 2.15 1.18 0.48 0.02 0.00 0.00 0.05 0.42 0.83 1.22 1.58 1.90 2.19 2.44 2.67 2.86 3.03 3.16 3.28 3.36 3.43 3.49 3.55 3.62 3.69 3.77 3.85 3.93 4.01 4.10 4.19 4.28 4.37 4.46 4.55 4.63 4.72 4.79 4.86 4.91 4.95 4.97 4.96 4.92 4.85 4.74 4.52 4.06 3.37 2.48 1.44 0.29 0.00 0.00 0.00 0.00 0.00 0.00 0.00 0.00 0.00
40.02 39.81 39.49 39.07 38.49 37.62 36.44 34.98 33.27 31.34 29.21 26.91 24.47 21.91 19.26 16.55 13.81 11.17 8.80 6.73 4.93 3.40 2.14 1.14 0.38 0.00 0.00 0.00 0.00 0.11 0.59 1.04 1.45 1.82 2.15 2.44 2.70 2.92 3.11 3.27 3.39 3.49 3.55 3.62 3.68 3.75 3.82 3.90 3.98 4.07 4.15 4.24 4.34 4.43 4.53 4.64 4.75 4.85 4.96 5.05 5.13 5.20 5.24 5.26 5.26 5.22 5.15 5.04 4.82 4.35 3.65 2.77 1.73 0.58 0.00 0.00 0.00 0.00 0.00 0.00 0.00 0.00 0.00
40.50 40.26 39.91 39.40 38.70 37.77 36.57 35.09 33.37 31.43 29.29 26.98 24.53 21.97 19.33 16.62 13.89 11.26 8.90 6.82 5.02 3.49 2.21 1.19 0.42 0.00 0.00 0.00 0.00 0.00 0.36 0.86 1.32 1.74 2.11 2.44 2.73 2.98 3.20 3.37 3.51 3.61 3.68 3.74 3.80 3.87 3.95 4.03 4.11 4.20 4.29 4.38 4.48 4.58 4.69 4.80 4.93 5.06 5.19 5.30 5.40 5.47 5.53 5.56 5.55 5.52 5.44 5.33 5.10 4.63 3.94 3.05 2.01 0.87 0.00 0.00 0.00 0.00 0.00 0.00 0.00 0.00 0.00
40.86 40.58 40.15 39.50 38.65 37.61 36.38 34.91 33.20 31.27 29.14 26.85 24.43 21.89 19.28 16.60 13.90 11.31 8.97 6.92 5.14 3.62 2.36 1.35 0.58 0.05 0.00 0.00 0.00 0.00 0.24 0.69 1.19 1.66 2.07 2.44 2.77 3.04 3.28 3.47 3.61 3.72 3.79 3.86 3.92 3.99 4.07 4.15 4.23 4.32 4.41 4.51 4.61 4.72 4.84 4.97 5.12 5.27 5.41 5.54 5.65 5.74 5.80 5.84 5.84 5.80 5.73 5.61 5.38 4.91 4.21 3.32 2.28 1.15 0.00 0.00 0.00 0.00 0.00 0.00 0.00 0.00 0.00
41.10 40.73 40.15 39.36 38.38 37.22 35.91 34.43 32.75 30.86 28.78 26.53 24.15 21.67 19.10 16.48 13.84 11.30 9.02 7.02 5.29 3.81 2.59 1.61 0.87 0.36 0.06 0.00 0.00 0.04 0.27 0.62 1.08 1.57 2.03 2.44 2.79 3.10 3.35 3.56 3.72 3.83 3.91 3.97 4.03 4.11 4.18 4.26 4.35 4.44 4.53 4.63 4.74 4.86 5.00 5.15 5.30 5.46 5.62 5.76 5.89 5.99 6.07 6.11 6.11 6.08 6.00 5.88 5.64 5.17 4.46 3.57 2.54 1.41 0.22 0.00 0.00 0.00 0.00 0.00 0.00 0.00 0.00
41.17 40.66 39.93 39.00 37.90 36.63 35.23 33.70 32.04 30.21 28.19 26.01 23.70 21.29 18.80 16.26 13.70 11.25 9.05 7.12 5.46 4.05 2.89 1.97 1.28 0.81 0.50 0.31 0.24 0.28 0.44 0.69 1.05 1.50 1.99 2.43 2.82 3.15 3.42 3.65 3.82 3.94 4.01 4.07 4.14 4.21 4.29 4.37 4.46 4.55 4.64 4.75 4.87 5.01 5.16 5.32 5.49 5.65 5.82 5.98 6.12 6.23 6.31 6.36 6.37 6.34 6.26 6.13 5.89 5.41 4.70 3.82 2.79 1.66 0.48 0.00 0.00 0.00 0.00 0.00 0.00 0.00 0.00
41.02 40.36 39.49 38.44 37.22 35.86 34.37 32.77 31.09 29.30 27.37 25.29 23.08 20.76 18.38 15.94 13.49 11.14 9.05 7.22 5.65 4.33 3.26 2.42 1.80 1.34 1.00 0.76 0.64 0.62 0.71 0.89 1.16 1.52 1.96 2.42 2.84 3.20 3.49 3.73 3.91 4.04 4.11 4.17 4.24 4.31 4.38 4.47 4.55 4.65 4.75 4.87 5.01 5.16 5.32 5.49 5.67 5.84 6.01 6.17 6.32 6.45 6.54 6.59 6.61 6.58 6.50 6.36 6.12 5.63 4.93 4.04 3.01 1.89 0.72 0.00 0.00 0.00 0.00 0.00 0.00 0.00 0.00
40.64 39.84 38.85 37.68 36.37 34.92 33.36 31.71 29.98 28.19 26.33 24.37 22.28 20.09 17.82 15.52 13.20 10.98 9.02 7.31 5.87 4.66 3.70 2.96 2.37 1.90 1.53 1.27 1.11 1.04 1.07 1.18 1.37 1.65 2.00 2.42 2.86 3.24 3.55 3.81 4.00 4.13 4.20 4.26 4.33 4.40 4.47 4.55 4.64 4.74 4.86 5.00 5.15 5.32 5.49 5.67 5.85 6.03 6.20 6.37 6.52 6.65 6.75 6.81 6.83 6.80 6.71 6.58 6.32 5.84 5.13 4.24 3.22 2.10 0.93 0.00 0.00 0.00 0.00 0.00 0.00 0.00 0.00
40.04 39.12 38.01 36.75 35.35 33.83 32.21 30.51 28.75 26.94 25.11 23.24 21.30 19.25 17.14 14.99 12.83 10.77 8.96 7.40 6.10 5.04 4.20 3.51 2.94 2.46 2.09 1.81 1.62 1.51 1.49 1.55 1.68 1.89 2.16 2.49 2.88 3.27 3.61 3.88 4.08 4.21 4.29 4.34 4.41 4.48 4.55 4.63 4.73 4.84 4.98 5.13 5.30 5.47 5.66 5.85 6.03 6.21 6.39 6.55 6.70 6.83 6.93 7.00 7.02 6.99 6.91 6.76 6.51 6.01 5.30 4.42 3.40 2.29 1.16 0.06 0.00 0.00 0.00 0.00 0.00 0.00 0.00
39.25 38.21 37.00 35.65 34.18 32.60 30.93 29.19 27.41 25.60 23.77 21.95 20.14 18.27 16.33 14.36 12.38 10.50 8.87 7.49 6.35 5.44 4.68 4.03 3.47 3.01 2.64 2.35 2.14 2.01 1.96 1.98 2.06 2.20 2.40 2.66 2.97 3.31 3.66 3.94 4.15 4.29 4.36 4.42 4.48 4.55 4.62 4.71 4.82 4.95 5.10 5.27 5.45 5.64 5.83 6.02 6.21 6.40 6.57 6.73 6.87 7.00 7.09 7.16 7.19 7.16 7.07 6.93 6.66 6.17 5.45 4.57 3.55 2.48 1.42 0.37 0.00 0.00 0.00 0.00 0.00 0.00 0.00
38.27 37.12 35.83 34.40 32.86 31.23 29.53 27.77 25.98 24.17 22.37 20.58 18.83 17.12 15.39 13.62 11.85 10.17 8.74 7.56 6.61 5.80 5.09 4.48 3.96 3.52 3.16 2.88 2.67 2.53 2.45 2.44 2.48 2.58 2.72 2.91 3.14 3.41 3.71 4.00 4.22 4.36 4.43 4.48 4.54 4.61 4.69 4.79 4.92 5.07 5.23 5.41 5.60 5.80 6.00 6.20 6.39 6.57 6.75 6.90 7.04 7.16 7.24 7.30 7.32 7.30 7.21 7.06 6.79 6.29 5.57 4.69 3.72 2.73 1.72 0.74 0.00 0.00 0.00 0.00 0.00 0.00 0.00
37.12 35.88 34.51 33.01 31.43 29.76 28.03 26.26 24.47 22.68 20.91 19.16 17.48 15.86 14.31 12.77 11.23 9.79 8.59 7.61 6.78 6.05 5.41 4.85 4.37 3.96 3.63 3.37 3.17 3.03 2.94 2.91 2.93 2.99 3.09 3.23 3.39 3.59 3.81 4.05 4.27 4.42 4.49 4.54 4.59 4.66 4.76 4.88 5.03 5.19 5.37 5.56 5.76 5.96 6.17 6.37 6.56 6.75 6.92 7.07 7.20 7.30 7.38 7.43 7.43 7.40 7.31 7.16 6.88 6.38 5.67 4.84 3.95 3.02 2.09 1.16 0.25 0.00 0.00 0.00 0.00 0.00 0.00
35.82 34.49 33.05 31.51 29.88 28.18 26.44 24.68 22.90 21.14 19.41 17.72 16.10 14.57 13.14 11.81 10.53 9.34 8.37 7.55 6.82 6.17 5.60 5.11 4.68 4.33 4.03 3.80 3.62 3.49 3.41 3.37 3.37 3.41 3.48 3.58 3.70 3.84 3.99 4.16 4.33 4.47 4.54 4.58 4.64 4.73 4.85 4.99 5.15 5.32 5.51 5.72 5.92 6.13 6.34 6.54 6.73 6.91 7.08 7.23 7.35 7.44 7.51 7.54 7.53 7.48 7.38 7.22 6.94 6.44 5.78 5.04 4.24 3.39 2.52 1.65 0.79 0.00 0.00 0.00 0.00 0.00 0.00
34.36 32.97 31.48 29.89 28.23 26.52 24.78 23.03 21.28 19.56 17.88 16.26 14.72 13.29 11.97 10.79 9.74 8.81 8.02 7.32 6.69 6.14 5.65 5.23 4.88 4.58 4.34 4.15 4.00 3.90 3.83 3.80 3.80 3.83 3.88 3.94 4.03 4.12 4.22 4.32 4.42 4.51 4.57 4.62 4.70 4.81 4.94 5.10 5.27 5.46 5.66 5.87 6.08 6.30 6.51 6.71 6.90 7.08 7.24 7.37 7.49 7.57 7.62 7.63 7.61 7.54 7.42 7.25 6.97 6.52 5.97 5.32 4.60 3.83 3.03 2.21 1.40 0.61 0.00 0.00 0.00 0.00 0.00
32.79 31.35 29.80 28.19 26.51 24.80 23.07 21.34 19.63 17.96 16.34 14.80 13.35 12.02 10.82 9.78 8.89 8.14 7.49 6.90 6.39 5.94 5.56 5.23 4.95 4.73 4.55 4.41 4.31 4.24 4.20 4.18 4.19 4.22 4.26 4.31 4.36 4.42 4.47 4.52 4.56 4.58 4.59 4.65 4.75 4.88 5.03 5.20 5.39 5.59 5.80 6.01 6.23 6.45 6.66 6.86 7.05 7.22 7.37 7.50 7.60 7.67 7.71 7.71 7.66 7.57 7.43 7.24 6.99 6.66 6.20 5.65 5.02 4.33 3.59 2.83 2.07 1.32 0.60 0.00 0.00 0.00 0.00
31.16 29.66 28.08 26.44 24.76 23.05 21.34 19.64 17.97 16.36 14.82 13.36 12.02 10.80 9.72 8.81 8.03 7.38 6.85 6.40 6.00 5.67 5.38 5.15 4.96 4.81 4.69 4.61 4.56 4.53 4.52 4.53 4.55 4.58 4.62 4.65 4.69 4.71 4.73 4.73 4.71 4.66 4.57 4.58 4.69 4.84 5.01 5.20 5.40 5.62 5.84 6.07 6.30 6.52 6.73 6.94 7.13 7.30 7.45 7.57 7.66 7.72 7.75 7.73 7.67 7.56 7.40 7.20 6.98 6.71 6.37 5.92 5.37 4.76 4.10 3.40 2.69 1.98 1.30 0.66 0.08 0.00 0.00
29.48 27.94 26.33 24.67 22.99 21.29 19.60 17.94 16.33 14.78 13.31 11.95 10.71 9.61 8.67 7.86 7.17 6.61 6.17 5.83 5.56 5.33 5.15 5.01 4.91 4.84 4.79 4.77 4.77 4.79 4.81 4.85 4.88 4.92 4.96 4.98 5.00 4.99 4.97 4.92 4.84 4.70 4.52 4.44 4.50 4.67 4.86 5.08 5.30 5.54 5.78 6.02 6.26 6.49 6.72 6.93 7.12 7.30 7.45 7.57 7.66 7.72 7.73 7.71 7.64 7.51 7.35 7.15 6.93 6.68 6.41 6.06 5.61 5.09 4.50 3.87 3.22 2.56 1.91 1.30 0.74 0.26 0.00
27.76 26.18 24.55 22.88 21.20 19.52 17.86 16.25 14.69 13.22 11.84 10.57 9.45 8.47 7.63 6.91 6.31 5.83 5.46 5.21 5.05 4.94 4.87 4.83 4.81 4.82 4.85 4.89 4.95 5.01 5.07 5.13 5.19 5.24 5.27 5.29 5.29 5.26 5.20 5.10 4.94 4.71 4.45 4.28 4.26 4.39 4.60 4.85 5.10 5.36 5.62 5.88 6.14 6.39 6.62 6.85 7.05 7.23 7.39 7.51 7.61 7.66 7.68 7.65 7.57 7.45 7.28 7.09 6.87 6.63 6.37 6.09 5.74 5.31 4.80 4.24 3.65 3.04 2.44 1.87 1.33 0.86 0.47
26.01 24.40 22.75 21.08 19.41 17.75 16.13 14.57 13.08 11.68 10.39 9.23 8.22 7.35 6.60 5.97 5.45 5.04 4.76 4.58 4.49 4.49 4.53 4.59 4.67 4.76 4.86 4.97 5.08 5.19 5.29 5.38 5.46 5.52 5.56 5.57 5.56 5.50 5.40 5.24 5.00 4.70 4.36 4.11 4.02 4.07 4.25 4.52 4.80 5.08 5.37 5.66 5.94 6.21 6.46 6.70 6.92 7.12 7.28 7.42 7.51 7.57 7.59 7.56 7.48 7.36 7.21 7.02 6.80 6.56 6.31 6.04 5.76 5.42 5.00 4.51 3.99 3.44 2.89 2.35 1.85 1.39 1.01
24.23 22.59 20.93 19.27 17.61 15.99 14.41 12.90 11.48 10.17 8.98 7.93 7.02 6.24 5.58 5.03 4.59 4.26 4.05 3.94 3.92 3.99 4.13 4.29 4.46 4.64 4.82 5.00 5.17 5.33 5.47 5.60 5.70 5.78 5.82 5.83 5.80 5.72 5.56 5.33 5.03 4.66 4.25 3.94 3.78 3.76 3.88 4.11 4.42 4.74 5.06 5.37 5.68 5.97 6.25 6.51 6.75 6.96 7.14 7.29 7.40 7.47 7.49 7.46 7.39 7.27 7.12 6.93 6.72 6.49 6.24 5.97 5.71 5.43 5.09 4.69 4.24 3.75 3.25 2.76 2.29 1.86 1.49
22.42 20.77 19.10 17.45 15.81 14.23 12.70 11.26 9.92 8.69 7.61 6.66 5.84 5.15 4.57 4.10 3.74 3.49 3.34 3.30 3.35 3.48 3.68 3.94 4.21 4.48 4.73 4.98 5.21 5.43 5.62 5.78 5.91 6.00 6.06 6.07 6.02 5.88 5.67 5.38 5.02 4.59 4.13 3.76 3.54 3.46 3.52 3.70 3.98 4.33 4.68 5.03 5.37 5.69 6.00 6.29 6.55 6.78 6.98 7.14 7.27 7.35 7.38 7.36 7.29 7.17 7.02 6.84 6.63 6.40 6.15 5.89 5.63 5.37 5.09 4.78 4.40 3.98 3.54 3.09 2.66 2.26 1.91
