data_processed/recharge/precip/Precip_2012_10.asc
ncols        168
nrows        136
xllcorner    455000
yllcorner    2107000
cellsize     500
NODATA_value     -99999
[rows 36 to 71 of 136, columns 81 to 161 of 168]
11.84 11.36 10.91 10.47 10.06 9.67 9.32 9.01 8.74 8.51 8.34 8.23 8.18 8.19 8.26 8.40 8.59 8.84 9.14 9.50 9.92 10.36 10.79 11.18 11.54 11.85 12.10 12.30 12.43 12.53 12.65 12.80 12.97 13.16 13.38 13.63 13.91 14.22 14.57 14.93 15.27 15.57 15.83 16.05 16.24 16.39 16.50 16.57 16.61 16.62 16.60 16.57 16.52 16.46 16.40 16.41 16.53 16.76 17.09 17.51 18.02 18.61 19.26 19.97 20.74 21.56 22.44 23.38 24.37 25.39 26.43 27.49 28.54 29.53 30.38 31.07 31.62 32.02 32.27 32.37 32.32
11.18 10.73 10.30 9.89 9.51 9.16 8.84 8.56 8.32 8.13 7.99 7.91 7.88 7.92 8.01 8.16 8.36 8.61 8.92 9.28 9.69 10.14 10.57 10.99 11.37 11.73 12.04 12.30 12.50 12.64 12.77 12.91 13.08 13.29 13.52 13.79 14.09 14.43 14.79 15.12 15.43 15.69 15.92 16.12 16.28 16.41 16.49 16.55 16.56 16.55 16.52 16.46 16.39 16.31 16.23 16.15 16.14 16.25 16.47 16.80 17.22 17.73 18.32 18.99 19.73 20.55 21.45 22.42 23.44 24.50 25.59 26.71 27.83 28.89 29.82 30.60 31.24 31.74 32.09 32.29 32.35
10.56 10.14 9.73 9.35 9.00 8.68 8.39 8.14 7.93 7.77 7.67 7.61 7.62 7.67 7.78 7.93 8.14 8.40 8.71 9.06 9.47 9.91 10.35 10.78 11.20 11.59 11.96 12.28 12.56 12.78 12.95 13.10 13.29 13.50 13.75 14.04 14.37 14.72 15.05 15.35 15.62 15.85 16.05 16.22 16.36 16.46 16.53 16.56 16.56 16.53 16.47 16.40 16.31 16.21 16.11 16.00 15.91 15.89 15.99 16.21 16.54 16.97 17.49 18.11 18.83 19.64 20.55 21.52 22.56 23.65 24.78 25.94 27.12 28.24 29.23 30.09 30.80 31.38 31.82 32.12 32.27
10.00 9.59 9.21 8.86 8.54 8.25 7.99 7.77 7.59 7.46 7.38 7.35 7.37 7.44 7.56 7.72 7.93 8.19 8.50 8.85 9.25 9.68 10.12 10.57 11.01 11.45 11.86 12.25 12.60 12.91 13.16 13.37 13.57 13.80 14.07 14.39 14.72 15.04 15.34 15.60 15.83 16.04 16.21 16.35 16.46 16.54 16.59 16.60 16.59 16.54 16.47 16.37 16.27 16.15 16.03 15.91 15.79 15.69 15.67 15.77 15.99 16.32 16.77 17.35 18.04 18.84 19.73 20.70 21.75 22.85 24.01 25.19 26.41 27.58 28.62 29.53 30.31 30.96 31.47 31.84 32.09
9.48 9.10 8.74 8.41 8.11 7.85 7.62 7.43 7.28 7.18 7.12 7.11 7.15 7.23 7.36 7.53 7.74 8.00 8.30 8.64 9.03 9.45 9.89 10.35 10.82 11.29 11.75 12.19 12.62 13.01 13.36 13.67 13.93 14.18 14.47 14.79 15.10 15.38 15.64 15.87 16.07 16.24 16.39 16.51 16.59 16.65 16.68 16.68 16.65 16.58 16.49 16.38 16.26 16.13 15.99 15.85 15.72 15.59 15.49 15.47 15.57 15.81 16.20 16.72 17.37 18.13 19.00 19.96 20.99 22.10 23.26 24.46 25.70 26.90 27.99 28.94 29.77 30.47 31.04 31.48 31.79
9.01 8.65 8.31 8.01 7.73 7.49 7.29 7.13 7.01 6.93 6.89 6.90 6.95 7.04 7.17 7.35 7.56 7.81 8.10 8.44 8.81 9.21 9.66 10.13 10.62 11.12 11.62 12.12 12.61 13.09 13.53 13.94 14.31 14.63 14.94 15.23 15.49 15.74 15.96 16.15 16.32 16.47 16.59 16.68 16.75 16.79 16.80 16.78 16.73 16.65 16.55 16.42 16.28 16.14 15.98 15.83 15.68 15.54 15.41 15.31 15.30 15.46 15.77 16.23 16.82 17.53 18.36 19.29 20.30 21.39 22.55 23.75 25.00 26.22 27.33 28.31 29.18 29.91 30.53 31.02 31.39
8.59 8.24 7.93 7.64 7.39 7.18 7.00 6.86 6.77 6.71 6.69 6.71 6.77 6.87 7.01 7.18 7.39 7.64 7.92 8.24 8.59 8.98 9.42 9.89 10.40 10.93 11.48 12.04 12.59 13.14 13.68 14.19 14.66 15.09 15.41 15.66 15.89 16.10 16.28 16.45 16.59 16.70 16.80 16.87 16.91 16.93 16.93 16.90 16.83 16.74 16.62 16.48 16.33 16.17 16.00 15.83 15.67 15.51 15.37 15.26 15.20 15.26 15.49 15.87 16.39 17.04 17.81 18.70 19.67 20.73 21.87 23.07 24.31 25.54 26.65 27.65 28.53 29.30 29.94 30.47 30.88
8.21 7.88 7.58 7.32 7.09 6.90 6.75 6.63 6.56 6.52 6.52 6.56 6.62 6.73 6.86 7.03 7.24 7.47 7.74 8.04 8.37 8.75 9.18 9.66 10.18 10.74 11.33 11.94 12.55 13.18 13.80 14.40 14.97 15.46 15.83 16.09 16.29 16.46 16.61 16.74 16.85 16.94 17.01 17.06 17.09 17.10 17.08 17.03 16.95 16.85 16.72 16.57 16.40 16.22 16.04 15.86 15.68 15.52 15.37 15.27 15.22 15.23 15.36 15.64 16.08 16.66 17.36 18.19 19.11 20.13 21.23 22.40 23.63 24.85 25.96 26.96 27.85 28.62 29.28 29.83 30.27
7.87 7.56 7.28 7.03 6.83 6.66 6.53 6.44 6.39 6.37 6.38 6.42 6.50 6.60 6.74 6.90 7.10 7.32 7.57 7.85 8.16 8.51 8.93 9.42 9.95 10.54 11.16 11.82 12.50 13.19 13.89 14.58 15.19 15.72 16.15 16.47 16.68 16.82 16.94 17.04 17.12 17.19 17.24 17.26 17.27 17.26 17.23 17.17 17.08 16.97 16.82 16.66 16.48 16.29 16.10 15.91 15.72 15.55 15.42 15.33 15.29 15.31 15.38 15.56 15.90 16.39 17.01 17.76 18.62 19.58 20.64 21.77 22.96 24.15 25.25 26.23 27.11 27.89 28.55 29.11 29.56
7.57 7.28 7.01 6.79 6.60 6.45 6.35 6.28 6.25 6.24 6.27 6.32 6.40 6.50 6.63 6.79 6.97 7.18 7.41 7.67 7.95 8.28 8.69 9.17 9.72 10.33 10.98 11.68 12.42 13.18 13.95 14.66 15.31 15.88 16.36 16.73 17.00 17.16 17.26 17.33 17.39 17.43 17.45 17.46 17.46 17.43 17.39 17.32 17.22 17.09 16.94 16.76 16.57 16.38 16.17 15.97 15.78 15.62 15.51 15.44 15.41 15.43 15.49 15.61 15.85 16.23 16.75 17.42 18.20 19.09 20.08 21.16 22.31 23.46 24.52 25.48 26.34 27.09 27.75 28.30 28.75
7.32 7.04 6.79 6.58 6.41 6.29 6.20 6.15 6.13 6.14 6.18 6.24 6.32 6.42 6.54 6.69 6.86 7.05 7.26 7.49 7.75 8.05 8.44 8.92 9.48 10.10 10.79 11.53 12.32 13.14 13.92 14.65 15.32 15.93 16.45 16.88 17.22 17.44 17.56 17.61 17.64 17.66 17.67 17.66 17.63 17.59 17.54 17.46 17.35 17.21 17.05 16.87 16.67 16.46 16.25 16.05 15.87 15.73 15.64 15.58 15.56 15.58 15.64 15.75 15.91 16.18 16.60 17.16 17.85 18.65 19.57 20.58 21.67 22.77 23.78 24.70 25.52 26.25 26.88 27.41 27.84
7.10 6.83 6.60 6.41 6.26 6.16 6.09 6.05 6.05 6.07 6.12 6.18 6.26 6.36 6.47 6.61 6.76 6.93 7.12 7.32 7.55 7.82 8.19 8.66 9.23 9.87 10.59 11.37 12.19 13.01 13.79 14.54 15.23 15.86 16.43 16.91 17.31 17.60 17.79 17.87 17.88 17.88 17.86 17.84 17.80 17.75 17.69 17.60 17.48 17.33 17.16 16.97 16.77 16.55 16.34 16.15 16.00 15.88 15.79 15.74 15.72 15.75 15.81 15.91 16.05 16.25 16.55 16.99 17.57 18.28 19.10 20.03 21.05 22.08 23.03 23.89 24.67 25.35 25.94 26.43 26.86
6.92 6.66 6.45 6.28 6.16 6.07 6.01 5.99 5.99 6.02 6.07 6.14 6.23 6.32 6.43 6.54 6.68 6.82 6.98 7.16 7.35 7.59 7.94 8.41 8.97 9.63 10.37 11.17 11.99 12.79 13.57 14.32 15.03 15.69 16.29 16.82 17.27 17.63 17.90 18.05 18.10 18.08 18.05 18.00 17.95 17.89 17.82 17.73 17.60 17.45 17.27 17.07 16.86 16.64 16.45 16.28 16.15 16.04 15.96 15.92 15.90 15.93 15.98 16.08 16.21 16.38 16.59 16.91 17.37 17.97 18.68 19.52 20.44 21.40 22.27 23.07 23.77 24.39 24.93 25.40 25.83
6.78 6.54 6.35 6.20 6.09 6.01 5.97 5.95 5.97 6.00 6.05 6.12 6.20 6.30 6.40 6.50 6.61 6.73 6.86 7.00 7.16 7.37 7.69 8.14 8.71 9.38 10.12 10.90 11.69 12.47 13.25 14.00 14.72 15.40 16.03 16.61 17.11 17.53 17.87 18.10 18.23 18.25 18.20 18.15 18.08 18.01 17.93 17.83 17.70 17.54 17.36 17.16 16.95 16.75 16.58 16.43 16.31 16.21 16.14 16.10 16.09 16.11 16.16 16.24 16.35 16.50 16.69 16.92 17.25 17.72 18.32 19.04 19.86 20.72 21.51 22.22 22.85 23.39 23.88 24.35 24.79
6.69 6.47 6.29 6.16 6.06 5.99 5.96 5.95 5.96 6.00 6.05 6.12 6.20 6.28 6.37 6.47 6.56 6.65 6.75 6.86 6.97 7.14 7.44 7.88 8.44 9.10 9.81 10.54 11.30 12.06 12.82 13.57 14.30 15.00 15.66 16.27 16.82 17.30 17.70 18.01 18.23 18.33 18.33 18.27 18.19 18.11 18.02 17.92 17.79 17.62 17.43 17.23 17.05 16.87 16.72 16.59 16.48 16.39 16.32 16.28 16.27 16.28 16.32 16.38 16.48 16.61 16.77 16.96 17.20 17.53 18.00 18.59 19.30 20.05 20.74 21.35 21.89 22.37 22.84 23.30 23.74
6.64 6.44 6.28 6.15 6.06 6.01 5.98 5.97 5.99 6.02 6.07 6.14 6.21 6.28 6.36 6.44 6.52 6.58 6.65 6.72 6.79 6.92 7.19 7.61 8.15 8.75 9.40 10.09 10.81 11.55 12.30 13.04 13.77 14.48 15.17 15.81 16.40 16.93 17.40 17.78 18.08 18.28 18.37 18.35 18.27 18.18 18.09 17.98 17.84 17.68 17.49 17.31 17.15 17.00 16.86 16.75 16.64 16.56 16.50 16.45 16.43 16.43 16.46 16.51 16.59 16.69 16.82 16.99 17.18 17.41 17.74 18.19 18.77 19.40 19.96 20.46 20.92 21.37 21.83 22.28 22.72
6.64 6.45 6.30 6.19 6.11 6.05 6.03 6.02 6.04 6.07 6.11 6.17 6.23 6.29 6.36 6.42 6.48 6.52 6.56 6.59 6.61 6.70 6.94 7.32 7.79 8.32 8.92 9.56 10.24 10.94 11.67 12.40 13.13 13.85 14.55 15.22 15.85 16.43 16.96 17.41 17.78 18.07 18.25 18.33 18.30 18.21 18.12 18.01 17.87 17.71 17.55 17.40 17.25 17.12 17.00 16.89 16.80 16.72 16.65 16.60 16.57 16.56 16.57 16.60 16.66 16.74 16.84 16.96 17.12 17.30 17.52 17.83 18.27 18.75 19.19 19.59 20.00 20.43 20.86 21.30 21.73
6.69 6.51 6.37 6.26 6.18 6.13 6.11 6.10 6.11 6.14 6.17 6.22 6.27 6.32 6.36 6.41 6.44 6.46 6.47 6.46 6.44 6.49 6.67 6.97 7.36 7.82 8.34 8.93 9.56 10.23 10.93 11.65 12.37 13.10 13.81 14.51 15.17 15.80 16.37 16.89 17.33 17.70 17.98 18.16 18.24 18.20 18.11 18.00 17.87 17.73 17.60 17.47 17.34 17.23 17.12 17.02 16.93 16.85 16.78 16.72 16.68 16.66 16.65 16.66 16.69 16.73 16.80 16.89 17.01 17.15 17.31 17.51 17.79 18.13 18.45 18.79 19.16 19.55 19.96 20.38 20.79
6.78 6.61 6.48 6.37 6.30 6.24 6.22 6.20 6.21 6.22 6.25 6.28 6.31 6.34 6.37 6.39 6.40 6.40 6.38 6.34 6.28 6.26 6.35 6.55 6.84 7.22 7.68 8.21 8.79 9.42 10.09 10.79 11.50 12.23 12.95 13.67 14.36 15.02 15.65 16.22 16.74 17.19 17.55 17.83 18.02 18.09 18.06 17.96 17.85 17.74 17.63 17.52 17.42 17.31 17.21 17.11 17.03 16.94 16.87 16.81 16.75 16.71 16.68 16.66 16.66 16.68 16.71 16.76 16.83 16.92 17.04 17.17 17.34 17.54 17.79 18.08 18.41 18.77 19.14 19.53 19.91
6.85 6.69 6.56 6.46 6.39 6.34 6.31 6.29 6.29 6.30 6.31 6.33 6.35 6.37 6.38 6.38 6.36 6.33 6.29 6.22 6.13 6.04 6.02 6.11 6.31 6.61 6.99 7.45 7.98 8.56 9.19 9.86 10.56 11.28 12.01 12.74 13.45 14.15 14.82 15.44 16.02 16.54 16.99 17.36 17.65 17.83 17.91 17.88 17.81 17.72 17.63 17.54 17.45 17.36 17.26 17.17 17.08 16.99 16.91 16.84 16.77 16.71 16.65 16.61 16.58 16.56 16.56 16.57 16.59 16.63 16.69 16.77 16.89 17.04 17.23 17.47 17.75 18.06 18.40 18.75 19.11
6.79 6.65 6.54 6.45 6.39 6.35 6.32 6.31 6.31 6.32 6.33 6.34 6.35 6.36 6.36 6.34 6.32 6.27 6.20 6.11 6.00 5.88 5.79 5.77 5.86 6.06 6.36 6.75 7.21 7.74 8.32 8.96 9.63 10.34 11.06 11.79 12.52 13.24 13.94 14.61 15.24 15.82 16.34 16.79 17.17 17.46 17.64 17.71 17.70 17.65 17.58 17.51 17.43 17.35 17.26 17.17 17.08 16.99 16.90 16.81 16.72 16.64 16.57 16.50 16.43 16.38 16.34 16.30 16.28 16.27 16.28 16.32 16.42 16.57 16.73 16.91 17.14 17.41 17.70 18.01 18.34
6.61 6.49 6.40 6.33 6.29 6.26 6.25 6.25 6.26 6.28 6.30 6.31 6.33 6.33 6.33 6.31 6.28 6.22 6.14 6.03 5.89 5.75 5.63 5.54 5.53 5.62 5.83 6.12 6.51 6.97 7.51 8.09 8.73 9.41 10.11 10.84 11.57 12.30 13.03 13.73 14.40 15.04 15.62 16.15 16.60 16.97 17.25 17.43 17.51 17.52 17.48 17.42 17.35 17.28 17.20 17.11 17.02 16.92 16.82 16.72 16.62 16.51 16.41 16.32 16.22 16.13 16.05 15.97 15.91 15.85 15.82 15.85 15.95 16.09 16.24 16.39 16.57 16.79 17.04 17.32 17.61
6.31 6.23 6.17 6.13 6.11 6.11 6.12 6.14 6.17 6.20 6.23 6.26 6.29 6.30 6.30 6.29 6.25 6.19 6.10 5.97 5.81 5.65 5.51 5.40 5.31 5.29 5.39 5.59 5.89 6.28 6.75 7.28 7.87 8.51 9.19 9.90 10.62 11.36 12.10 12.82 13.53 14.21 14.84 15.43 15.95 16.40 16.75 17.02 17.20 17.30 17.31 17.27 17.22 17.15 17.08 16.99 16.89 16.79 16.68 16.57 16.45 16.32 16.20 16.07 15.94 15.82 15.70 15.58 15.46 15.37 15.33 15.37 15.46 15.60 15.75 15.89 16.04 16.22 16.43 16.67 16.93
5.91 5.86 5.84 5.84 5.86 5.89 5.94 5.99 6.04 6.10 6.15 6.20 6.24 6.27 6.29 6.28 6.25 6.18 6.07 5.93 5.75 5.58 5.42 5.28 5.16 5.08 5.06 5.16 5.37 5.67 6.06 6.53 7.06 7.66 8.30 8.98 9.69 10.42 11.16 11.90 12.63 13.34 14.01 14.65 15.22 15.73 16.16 16.52 16.78 16.96 17.06 17.07 17.03 16.97 16.90 16.81 16.71 16.60 16.48 16.35 16.21 16.07 15.92 15.76 15.60 15.44 15.28 15.11 14.97 14.87 14.84 14.88 14.97 15.11 15.25 15.39 15.53 15.68 15.85 16.05 16.27
5.43 5.42 5.45 5.50 5.56 5.63 5.71 5.80 5.89 5.98 6.07 6.14 6.21 6.27 6.30 6.31 6.27 6.19 6.06 5.90 5.72 5.52 5.34 5.19 5.05 4.94 4.85 4.84 4.94 5.15 5.45 5.85 6.32 6.85 7.45 8.09 8.78 9.49 10.22 10.96 11.71 12.44 13.14 13.81 14.43 14.99 15.49 15.92 16.26 16.51 16.69 16.77 16.77 16.73 16.66 16.57 16.47 16.35 16.22 16.07 15.92 15.75 15.57 15.39 15.19 14.99 14.79 14.60 14.46 14.37 14.35 14.38 14.48 14.61 14.75 14.88 15.02 15.16 15.30 15.46 15.66
4.94 4.92 5.00 5.10 5.21 5.33 5.46 5.60 5.73 5.86 5.99 6.10 6.20 6.29 6.35 6.35 6.30 6.21 6.07 5.90 5.69 5.48 5.29 5.12 4.97 4.84 4.72 4.64 4.63 4.73 4.94 5.25 5.64 6.11 6.65 7.25 7.90 8.58 9.30 10.03 10.77 11.51 12.23 12.92 13.58 14.19 14.74 15.23 15.64 15.97 16.21 16.36 16.43 16.42 16.36 16.27 16.16 16.04 15.89 15.73 15.56 15.37 15.16 14.95 14.72 14.48 14.25 14.07 13.94 13.86 13.85 13.89 13.98 14.11 14.24 14.37 14.50 14.64 14.77 14.91 15.07
4.53 4.44 4.51 4.66 4.84 5.02 5.20 5.39 5.58 5.76 5.93 6.09 6.23 6.35 6.41 6.40 6.34 6.24 6.09 5.90 5.69 5.47 5.26 5.07 4.90 4.75 4.63 4.52 4.43 4.43 4.53 4.74 5.05 5.44 5.91 6.46 7.06 7.71 8.39 9.11 9.84 10.57 11.29 12.00 12.69 13.33 13.94 14.48 14.95 15.33 15.63 15.85 15.98 16.03 16.00 15.91 15.80 15.66 15.51 15.33 15.13 14.92 14.69 14.44 14.18 13.92 13.70 13.53 13.42 13.35 13.34 13.38 13.48 13.60 13.73 13.86 13.99 14.11 14.24 14.38 14.51
4.19 4.04 4.05 4.21 4.44 4.69 4.94 5.19 5.44 5.68 5.90 6.12 6.30 6.42 6.47 6.46 6.39 6.28 6.12 5.92 5.70 5.46 5.24 5.04 4.86 4.69 4.55 4.42 4.32 4.24 4.23 4.33 4.54 4.85 5.25 5.73 6.27 6.87 7.52 8.20 8.91 9.63 10.35 11.06 11.76 12.44 13.08 13.67 14.18 14.62 14.97 15.24 15.43 15.53 15.55 15.49 15.37 15.23 15.06 14.86 14.65 14.41 14.15 13.87 13.59 13.34 13.15 13.00 12.90 12.84 12.84 12.88 12.97 13.09 13.22 13.34 13.46 13.59 13.72 13.84 13.97
3.94 3.73 3.69 3.81 4.06 4.37 4.69 5.02 5.33 5.63 5.93 6.19 6.38 6.49 6.54 6.52 6.45 6.33 6.16 5.95 5.72 5.47 5.24 5.03 4.83 4.65 4.49 4.35 4.23 4.13 4.05 4.04 4.15 4.36 4.67 5.07 5.55 6.09 6.69 7.32 8.00 8.69 9.40 10.11 10.82 11.52 12.19 12.81 13.36 13.84 14.23 14.54 14.78 14.93 14.99 14.98 14.88 14.73 14.54 14.33 14.09 13.83 13.54 13.25 12.98 12.77 12.59 12.46 12.37 12.33 12.33 12.38 12.47 12.58 12.70 12.82 12.94 13.06 13.19 13.31 13.43
3.77 3.52 3.44 3.52 3.74 4.08 4.47 4.87 5.27 5.64 5.99 6.26 6.45 6.56 6.61 6.59 6.51 6.38 6.21 5.99 5.75 5.50 5.25 5.03 4.82 4.63 4.46 4.30 4.17 4.05 3.94 3.87 3.86 3.97 4.18 4.50 4.89 5.37 5.90 6.48 7.11 7.77 8.46 9.16 9.87 10.57 11.27 11.92 12.50 13.00 13.43 13.78 14.04 14.23 14.34 14.36 14.30 14.16 13.97 13.74 13.48 13.19 12.89 12.61 12.38 12.19 12.04 11.92 11.85 11.82 11.82 11.87 11.96 12.08 12.19 12.31 12.42 12.54 12.66 12.78 12.90
3.67 3.40 3.30 3.35 3.55 3.87 4.30 4.78 5.26 5.70 6.06 6.33 6.52 6.63 6.67 6.65 6.57 6.44 6.26 6.04 5.79 5.53 5.28 5.04 4.83 4.63 4.44 4.27 4.12 3.99 3.87 3.77 3.69 3.69 3.80 4.01 4.32 4.71 5.17 5.69 6.27 6.89 7.54 8.22 8.92 9.63 10.33 11.00 11.60 12.13 12.58 12.95 13.24 13.46 13.59 13.65 13.62 13.51 13.32 13.08 12.79 12.50 12.22 11.98 11.78 11.61 11.48 11.39 11.33 11.31 11.32 11.37 11.46 11.57 11.68 11.80 11.91 12.02 12.13 12.25 12.36
3.65 3.38 3.27 3.31 3.49 3.80 4.23 4.76 5.30 5.76 6.12 6.39 6.58 6.70 6.74 6.71 6.63 6.50 6.31 6.09 5.84 5.57 5.31 5.07 4.84 4.63 4.44 4.26 4.10 3.95 3.82 3.70 3.61 3.53 3.53 3.63 3.83 4.13 4.51 4.96 5.47 6.04 6.66 7.31 7.99 8.68 9.39 10.07 10.68 11.22 11.68 12.07 12.38 12.62 12.77 12.85 12.85 12.76 12.59 12.35 12.06 11.79 11.56 11.35 11.18 11.04 10.93 10.85 10.81 10.80 10.82 10.87 10.96 11.07 11.18 11.29 11.39 11.50 11.61 11.72 11.83
3.70 3.44 3.34 3.39 3.57 3.89 4.32 4.83 5.34 5.80 6.17 6.45 6.64 6.76 6.80 6.78 6.69 6.56 6.37 6.15 5.89 5.61 5.35 5.10 4.87 4.65 4.45 4.26 4.09 3.93 3.79 3.66 3.55 3.45 3.37 3.36 3.45 3.64 3.93 4.29 4.74 5.25 5.81 6.43 7.08 7.76 8.46 9.13 9.75 10.29 10.76 11.15 11.47 11.72 11.88 11.97 11.98 11.92 11.77 11.56 11.32 11.10 10.90 10.73 10.58 10.47 10.38 10.32 10.29 10.29 10.32 10.38 10.47 10.57 10.68 10.78 10.89 10.99 11.10 11.20 11.31
3.83 3.59 3.51 3.58 3.79 4.12 4.54 4.98 5.42 5.84 6.21 6.49 6.69 6.81 6.86 6.83 6.75 6.61 6.43 6.20 5.94 5.66 5.40 5.15 4.91 4.68 4.47 4.28 4.09 3.93 3.77 3.63 3.51 3.39 3.29 3.19 3.17 3.25 3.44 3.72 4.08 4.52 5.03 5.59 6.21 6.86 7.54 8.21 8.82 9.35 9.82 10.21 10.53 10.77 10.94 11.03 11.05 10.99 10.87 10.73 10.57 10.40 10.24 10.11 9.99 9.90 9.84 9.80 9.78 9.79 9.83 9.89 9.98 10.08 10.18 10.28 10.38 10.48 10.58 10.69 10.79
4.03 3.83 3.79 3.89 4.14 4.47 4.83 5.19 5.55 5.90 6.24 6.53 6.73 6.85 6.90 6.88 6.80 6.67 6.49 6.26 6.00 5.72 5.45 5.19 4.95 4.72 4.51 4.30 4.11 3.94 3.78 3.63 3.48 3.35 3.22 3.11 3.01 2.98 3.05 3.23 3.51 3.87 4.31 4.82 5.38 6.00 6.66 7.31 7.90 8.42 8.87 9.25 9.56 9.79 9.95 10.04 10.06 10.01 9.95 9.88 9.79 9.70 9.59 9.49 9.41 9.34 9.30 9.28 9.28 9.30 9.34 9.41 9.49 9.59 9.69 9.79 9.89 9.98 10.08 10.18 10.28
4.30 4.15 4.16 4.32 4.58 4.87 5.16 5.45 5.74 6.02 6.29 6.55 6.75 6.88 6.94 6.93 6.85 6.72 6.54 6.31 6.05 5.77 5.50 5.24 5.00 4.77 4.55 4.34 4.14 3.96 3.79 3.63 3.47 3.32 3.18 3.05 2.92 2.82 2.78 2.85 3.03 3.31 3.67 4.11 4.62 5.19 5.81 6.44 7.00 7.50 7.92 8.28 8.57 8.79 8.94 9.01 9.03 9.03 9.03 9.02 9.00 8.98 8.93 8.88 8.83 8.79 8.77 8.77 8.78 8.82 8.87 8.93 9.02 9.12 9.21 9.31 9.40 9.49 9.59 9.68 9.78
