data_processed/recharge/precip/Precip_2002_12.asc
ncols        168
nrows        136
xllcorner    455000
yllcorner    2107000
cellsize     500
NODATA_value     -99999
[rows 72 to 107 of 136, columns 82 to 163 of 168]
1.47 2.01 2.50 2.95 3.34 3.69 3.99 4.25 4.47 4.64 4.77 4.86 4.91 4.92 4.89 4.82 4.71 4.57 4.41 4.24 4.08 3.91 3.74 3.57 3.40 3.23 3.06 2.89 2.72 2.55 2.38 2.20 2.03 1.86 1.68 1.51 1.33 1.16 0.99 0.85 0.71 0.59 0.49 0.40 0.32 0.25 0.19 0.14 0.10 0.07 0.05 0.03 0.01 0.00 0.00 0.00 0.00 0.00 0.00 0.00 0.00 0.00 0.00 0.00 0.00 0.00 0.00 0.00 0.00 0.00 0.00 0.00 0.00 0.00 0.00 0.00 0.00 0.00 0.00 0.00 0.00 0.00
1.42 1.95 2.42 2.84 3.22 3.55 3.83 4.07 4.27 4.42 4.53 4.60 4.64 4.63 4.58 4.49 4.37 4.22 4.07 3.92 3.77 3.62 3.47 3.32 3.17 3.02 2.86 2.71 2.56 2.40 2.25 2.09 1.94 1.78 1.63 1.47 1.31 1.15 1.00 0.85 0.72 0.60 0.49 0.40 0.32 0.26 0.20 0.15 0.11 0.08 0.05 0.03 0.02 0.01 0.00 0.00 0.00 0.00 0.00 0.00 0.00 0.00 0.00 0.00 0.00 0.00 0.00 0.00 0.00 0.00 0.00 0.00 0.00 0.00 0.00 0.00 0.00 0.00 0.00 0.00 0.00 0.00
1.37 1.87 2.32 2.73 3.08 3.39 3.66 3.88 4.05 4.19 4.28 4.33 4.34 4.31 4.24 4.14 4.01 3.87 3.74 3.61 3.47 3.34 3.20 3.07 2.93 2.80 2.66 2.52 2.39 2.25 2.11 1.97 1.84 1.70 1.56 1.42 1.28 1.13 0.99 0.85 0.72 0.60 0.50 0.41 0.33 0.26 0.20 0.15 0.11 0.08 0.06 0.04 0.03 0.02 0.01 0.00 0.00 0.00 0.00 0.00 0.00 0.00 0.00 0.00 0.00 0.00 0.00 0.00 0.00 0.00 0.00 0.00 0.00 0.00 0.00 0.00 0.00 0.00 0.00 0.00 0.00 0.00
1.31 1.79 2.22 2.60 2.93 3.22 3.46 3.66 3.82 3.93 4.00 4.03 4.02 3.96 3.87 3.76 3.64 3.52 3.41 3.29 3.17 3.05 2.93 2.81 2.69 2.57 2.45 2.33 2.21 2.09 1.97 1.84 1.72 1.60 1.47 1.35 1.22 1.10 0.97 0.85 0.72 0.60 0.50 0.41 0.33 0.26 0.21 0.16 0.12 0.09 0.06 0.04 0.03 0.02 0.01 0.01 0.01 0.01 0.01 0.00 0.00 0.00 0.00 0.00 0.00 0.00 0.00 0.00 0.00 0.00 0.00 0.00 0.00 0.00 0.00 0.00 0.00 0.00 0.00 0.00 0.00 0.00
1.25 1.70 2.11 2.47 2.78 3.04 3.26 3.43 3.56 3.65 3.70 3.70 3.67 3.59 3.49 3.39 3.28 3.18 3.08 2.97 2.87 2.76 2.66 2.55 2.45 2.34 2.24 2.13 2.03 1.92 1.81 1.70 1.60 1.49 1.38 1.27 1.16 1.05 0.94 0.83 0.72 0.61 0.50 0.41 0.33 0.27 0.21 0.16 0.12 0.09 0.07 0.05 0.04 0.03 0.02 0.02 0.02 0.01 0.01 0.01 0.01 0.01 0.01 0.01 0.01 0.01 0.01 0.01 0.01 0.01 0.01 0.01 0.01 0.01 0.01 0.02 0.02 0.02 0.01 0.01 0.01 0.01
1.18 1.61 1.99 2.32 2.61 2.84 3.04 3.19 3.29 3.35 3.37 3.35 3.29 3.21 3.12 3.03 2.93 2.84 2.75 2.66 2.57 2.48 2.39 2.30 2.21 2.12 2.02 1.93 1.84 1.75 1.65 1.56 1.47 1.37 1.28 1.18 1.09 0.99 0.90 0.80 0.70 0.60 0.51 0.42 0.34 0.27 0.21 0.17 0.13 0.10 0.07 0.05 0.04 0.03 0.03 0.02 0.02 0.02 0.02 0.02 0.02 0.02 0.02 0.02 0.02 0.02 0.02 0.02 0.02 0.02 0.02 0.02 0.02 0.03 0.03 0.03 0.03 0.03 0.03 0.02 0.02 0.02
1.11 1.51 1.86 2.17 2.42 2.63 2.80 2.92 3.00 3.03 3.03 2.98 2.91 2.83 2.75 2.67 2.59 2.52 2.44 2.36 2.28 2.20 2.12 2.05 1.97 1.89 1.81 1.73 1.65 1.57 1.49 1.41 1.33 1.25 1.17 1.09 1.01 0.92 0.84 0.76 0.67 0.59 0.50 0.42 0.34 0.27 0.22 0.17 0.13 0.10 0.08 0.06 0.05 0.04 0.03 0.03 0.03 0.03 0.03 0.03 0.03 0.03 0.03 0.03 0.03 0.03 0.03 0.03 0.03 0.03 0.03 0.04 0.04 0.04 0.04 0.04 0.04 0.04 0.04 0.04 0.03 0.03
1.03 1.41 1.73 2.00 2.23 2.41 2.55 2.64 2.69 2.69 2.66 2.60 2.53 2.46 2.40 2.33 2.26 2.20 2.13 2.06 2.00 1.93 1.87 1.80 1.73 1.67 1.60 1.53 1.46 1.40 1.33 1.26 1.19 1.12 1.06 0.99 0.92 0.85 0.78 0.71 0.63 0.56 0.49 0.42 0.34 0.28 0.22 0.17 0.14 0.11 0.08 0.07 0.05 0.04 0.04 0.04 0.04 0.04 0.04 0.04 0.04 0.04 0.04 0.04 0.04 0.04 0.04 0.04 0.04 0.04 0.05 0.05 0.05 0.05 0.05 0.05 0.05 0.05 0.05 0.05 0.04 0.04
0.95 1.29 1.59 1.83 2.03 2.18 2.28 2.34 2.36 2.34 2.28 2.23 2.17 2.11 2.06 2.00 1.95 1.89 1.84 1.78 1.73 1.67 1.61 1.56 1.50 1.45 1.39 1.34 1.28 1.22 1.17 1.11 1.05 1.00 0.94 0.88 0.82 0.76 0.71 0.65 0.59 0.53 0.46 0.40 0.34 0.28 0.23 0.18 0.14 0.11 0.09 0.07 0.06 0.05 0.05 0.04 0.04 0.04 0.04 0.04 0.04 0.04 0.04 0.05 0.05 0.05 0.05 0.05 0.05 0.05 0.06 0.06 0.06 0.06 0.06 0.06 0.06 0.06 0.06 0.06 0.05 0.05
0.87 1.18 1.43 1.65 1.81 1.93 2.00 2.03 2.01 1.97 1.92 1.88 1.83 1.78 1.74 1.69 1.65 1.60 1.55 1.51 1.46 1.42 1.37 1.33 1.28 1.24 1.19 1.14 1.10 1.05 1.01 0.96 0.91 0.87 0.82 0.77 0.73 0.68 0.63 0.58 0.53 0.48 0.43 0.38 0.33 0.28 0.23 0.18 0.14 0.11 0.09 0.07 0.06 0.06 0.05 0.05 0.05 0.05 0.05 0.05 0.05 0.05 0.05 0.05 0.06 0.06 0.06 0.06 0.06 0.07 0.07 0.07 0.07 0.07 0.07 0.07 0.07 0.07 0.07 0.06 0.06 0.06
0.78 1.05 1.28 1.45 1.58 1.66 1.70 1.70 1.66 1.62 1.59 1.55 1.51 1.47 1.43 1.40 1.36 1.32 1.29 1.25 1.21 1.18 1.14 1.10 1.07 1.03 1.00 0.96 0.92 0.89 0.85 0.81 0.78 0.74 0.70 0.66 0.63 0.59 0.55 0.51 0.47 0.43 0.39 0.35 0.31 0.27 0.23 0.18 0.15 0.12 0.10 0.08 0.07 0.06 0.06 0.06 0.06 0.06 0.06 0.06 0.06 0.06 0.06 0.06 0.07 0.07 0.07 0.07 0.07 0.08 0.08 0.08 0.08 0.08 0.08 0.08 0.08 0.08 0.07 0.07 0.07 0.07
0.69 0.92 1.11 1.25 1.34 1.39 1.39 1.36 1.33 1.30 1.27 1.24 1.21 1.18 1.15 1.12 1.09 1.06 1.04 1.01 0.98 0.95 0.92 0.90 0.87 0.84 0.81 0.78 0.76 0.73 0.70 0.67 0.64 0.61 0.59 0.56 0.53 0.50 0.47 0.44 0.41 0.38 0.35 0.31 0.28 0.25 0.22 0.18 0.15 0.12 0.10 0.08 0.07 0.07 0.06 0.06 0.06 0.06 0.06 0.07 0.07 0.07 0.07 0.07 0.08 0.08 0.08 0.08 0.08 0.09 0.09 0.09 0.09 0.09 0.09 0.09 0.09 0.08 0.08 0.08 0.08 0.08
0.59 0.79 0.94 1.04 1.09 1.10 1.08 1.06 1.03 1.01 0.98 0.96 0.94 0.91 0.89 0.87 0.85 0.83 0.80 0.78 0.76 0.74 0.72 0.70 0.68 0.66 0.64 0.62 0.60 0.58 0.56 0.54 0.51 0.49 0.47 0.45 0.43 0.41 0.39 0.36 0.34 0.32 0.30 0.27 0.25 0.23 0.20 0.18 0.15 0.13 0.10 0.09 0.08 0.07 0.07 0.07 0.07 0.07 0.07 0.07 0.07 0.08 0.08 0.08 0.08 0.09 0.09 0.09 0.09 0.10 0.10 0.10 0.10 0.10 0.10 0.09 0.09 0.09 0.09 0.09 0.09 0.08
0.49 0.65 0.75 0.82 0.83 0.82 0.80 0.78 0.76 0.74 0.72 0.70 0.69 0.67 0.65 0.64 0.62 0.61 0.59 0.58 0.56 0.55 0.53 0.52 0.50 0.49 0.48 0.46 0.45 0.44 0.42 0.41 0.39 0.38 0.37 0.35 0.34 0.32 0.31 0.29 0.28 0.26 0.25 0.23 0.21 0.20 0.18 0.16 0.14 0.13 0.11 0.09 0.08 0.07 0.07 0.07 0.07 0.08 0.08 0.08 0.08 0.09 0.09 0.09 0.09 0.10 0.10 0.10 0.10 0.10 0.10 0.10 0.10 0.10 0.10 0.10 0.10 0.10 0.10 0.10 0.09 0.09
0.38 0.50 0.56 0.58 0.57 0.56 0.54 0.53 0.52 0.50 0.49 0.48 0.47 0.45 0.44 0.43 0.42 0.41 0.40 0.39 0.38 0.37 0.36 0.36 0.35 0.34 0.33 0.32 0.31 0.31 0.30 0.29 0.28 0.27 0.27 0.26 0.25 0.24 0.23 0.22 0.21 0.21 0.20 0.19 0.18 0.17 0.15 0.14 0.13 0.12 0.11 0.09 0.09 0.08 0.08 0.08 0.08 0.08 0.08 0.09 0.09 0.09 0.10 0.10 0.10 0.11 0.11 0.11 0.11 0.11 0.11 0.11 0.11 0.11 0.11 0.11 0.11 0.11 0.10 0.10 0.10 0.10
0.27 0.34 0.37 0.36 0.35 0.34 0.33 0.32 0.31 0.30 0.29 0.28 0.27 0.27 0.26 0.25 0.25 0.24 0.23 0.23 0.23 0.22 0.22 0.21 0.21 0.21 0.20 0.20 0.19 0.19 0.19 0.19 0.18 0.18 0.18 0.17 0.17 0.17 0.16 0.16 0.16 0.15 0.15 0.14 0.14 0.13 0.13 0.12 0.12 0.11 0.10 0.10 0.09 0.08 0.08 0.08 0.08 0.09 0.09 0.09 0.10 0.10 0.10 0.11 0.11 0.11 0.11 0.12 0.12 0.12 0.12 0.12 0.12 0.12 0.12 0.12 0.11 0.11 0.11 0.11 0.10 0.10
0.16 0.19 0.18 0.17 0.16 0.15 0.15 0.14 0.13 0.13 0.12 0.12 0.11 0.11 0.10 0.10 0.10 0.10 0.09 0.09 0.09 0.09 0.09 0.09 0.09 0.09 0.09 0.09 0.09 0.09 0.09 0.09 0.10 0.10 0.10 0.10 0.10 0.10 0.10 0.10 0.10 0.10 0.10 0.10 0.10 0.10 0.10 0.10 0.10 0.10 0.10 0.09 0.09 0.09 0.09 0.09 0.09 0.09 0.10 0.10 0.10 0.11 0.11 0.11 0.12 0.12 0.12 0.12 0.12 0.12 0.12 0.12 0.12 0.12 0.12 0.12 0.12 0.12 0.11 0.11 0.11 0.11
0.04 0.04 0.03 0.02 0.01 0.01 0.00 0.00 0.00 0.00 0.00 0.00 0.00 0.00 0.00 0.00 0.00 0.00 0.00 0.00 0.00 0.00 0.00 0.00 0.00 0.00 0.00 0.00 0.01 0.01 0.01 0.02 0.02 0.03 0.03 0.04 0.04 0.04 0.05 0.05 0.06 0.06 0.06 0.07 0.07 0.07 0.08 0.08 0.08 0.08 0.09 0.09 0.09 0.09 0.09 0.09 0.09 0.10 0.10 0.11 0.11 0.11 0.12 0.12 0.12 0.13 0.13 0.13 0.13 0.13 0.13 0.13 0.13 0.13 0.13 0.12 0.12 0.12 0.12 0.12 0.11 0.11
0.00 0.00 0.00 0.00 0.00 0.00 0.00 0.00 0.00 0.00 0.00 0.00 0.00 0.00 0.00 0.00 0.00 0.00 0.00 0.00 0.00 0.00 0.00 0.00 0.00 0.00 0.00 0.00 0.00 0.00 0.00 0.00 0.00 0.00 0.00 0.00 0.00 0.00 0.01 0.01 0.02 0.03 0.03 0.04 0.04 0.05 0.06 0.06 0.07 0.07 0.08 0.08 0.09 0.09 0.09 0.10 0.10 0.10 0.11 0.11 0.12 0.12 0.12 0.13 0.13 0.13 0.13 0.13 0.13 0.13 0.13 0.13 0.13 0.13 0.13 0.13 0.13 0.12 0.12 0.12 0.12 0.11
0.00 0.00 0.00 0.00 0.00 0.00 0.00 0.00 0.00 0.00 0.00 0.00 0.00 0.00 0.00 0.00 0.00 0.00 0.00 0.00 0.00 0.00 0.00 0.00 0.00 0.00 0.00 0.00 0.00 0.00 0.00 0.00 0.00 0.00 0.00 0.00 0.00 0.00 0.00 0.00 0.00 0.00 0.01 0.02 0.03 0.03 0.04 0.05 0.06 0.06 0.07 0.08 0.08 0.09 0.09 0.10 0.10 0.11 0.11 0.12 0.12 0.13 0.13 0.13 0.13 0.13 0.14 0.14 0.14 0.14 0.14 0.14 0.14 0.13 0.13 0.13 0.13 0.13 0.12 0.12 0.12 0.11
0.00 0.00 0.00 0.00 0.00 0.00 0.00 0.00 0.00 0.00 0.00 0.00 0.00 0.00 0.00 0.00 0.00 0.00 0.00 0.00 0.00 0.00 0.00 0.00 0.00 0.00 0.00 0.00 0.00 0.00 0.00 0.00 0.00 0.00 0.00 0.00 0.00 0.00 0.00 0.00 0.00 0.00 0.00 0.01 0.02 0.02 0.03 0.04 0.05 0.06 0.07 0.07 0.08 0.09 0.09 0.10 0.11 0.11 0.12 0.12 0.13 0.13 0.13 0.13 0.14 0.14 0.14 0.14 0.14 0.14 0.14 0.14 0.14 0.14 0.13 0.13 0.13 0.13 0.12 0.12 0.12 0.12
0.00 0.00 0.00 0.00 0.00 0.00 0.00 0.00 0.00 0.00 0.00 0.00 0.00 0.00 0.00 0.00 0.00 0.00 0.00 0.00 0.00 0.00 0.00 0.00 0.00 0.00 0.00 0.00 0.00 0.00 0.00 0.00 0.00 0.00 0.00 0.00 0.00 0.00 0.00 0.00 0.00 0.00 0.00 0.00 0.01 0.02 0.03 0.04 0.05 0.06 0.07 0.07 0.08 0.09 0.10 0.11 0.11 0.12 0.12 0.12 0.13 0.13 0.13 0.14 0.14 0.14 0.14 0.14 0.14 0.14 0.14 0.14 0.14 0.14 0.13 0.13 0.13 0.13 0.12 0.12 0.12 0.11
0.00 0.00 0.00 0.00 0.00 0.00 0.00 0.00 0.00 0.00 0.00 0.00 0.00 0.00 0.00 0.00 0.00 0.00 0.00 0.00 0.00 0.00 0.00 0.00 0.00 0.00 0.00 0.00 0.00 0.00 0.00 0.00 0.00 0.00 0.00 0.00 0.00 0.00 0.00 0.00 0.00 0.00 0.00 0.00 0.01 0.02 0.03 0.04 0.05 0.06 0.07 0.08 0.09 0.10 0.10 0.11 0.12 0.12 0.12 0.12 0.13 0.13 0.13 0.13 0.14 0.14 0.14 0.14 0.14 0.14 0.14 0.14 0.14 0.13 0.13 0.13 0.13 0.12 0.12 0.12 0.12 0.11
0.00 0.00 0.00 0.00 0.00 0.00 0.00 0.00 0.00 0.00 0.00 0.00 0.00 0.00 0.00 0.00 0.00 0.00 0.00 0.00 0.00 0.00 0.00 0.00 0.00 0.00 0.00 0.00 0.00 0.00 0.00 0.00 0.00 0.00 0.00 0.00 0.00 0.00 0.00 0.00 0.00 0.00 0.00 0.00 0.01 0.02 0.03 0.04 0.06 0.07 0.08 0.09 0.10 0.11 0.11 0.12 0.12 0.12 0.12 0.12 0.12 0.12 0.13 0.13 0.13 0.13 0.13 0.13 0.13 0.13 0.13 0.13 0.13 0.13 0.13 0.13 0.12 0.12 0.12 0.12 0.11 0.11
0.00 0.00 0.00 0.00 0.00 0.00 0.00 0.00 0.00 0.00 0.00 0.00 0.00 0.00 0.00 0.00 0.00 0.00 0.00 0.00 0.00 0.00 0.00 0.00 0.00 0.00 0.00 0.00 0.00 0.00 0.00 0.00 0.00 0.00 0.00 0.00 0.00 0.00 0.00 0.00 0.00 0.00 0.00 0.01 0.02 0.03 0.04 0.05 0.06 0.07 0.09 0.10 0.11 0.12 0.12 0.13 0.13 0.12 0.12 0.12 0.12 0.12 0.12 0.12 0.12 0.13 0.13 0.13 0.13 0.13 0.13 0.13 0.13 0.12 0.12 0.12 0.12 0.12 0.11 0.11 0.11 0.10
0.00 0.00 0.00 0.00 0.00 0.00 0.00 0.00 0.00 0.00 0.00 0.00 0.00 0.00 0.00 0.00 0.00 0.00 0.00 0.00 0.00 0.00 0.00 0.00 0.00 0.00 0.00 0.00 0.00 0.00 0.00 0.00 0.00 0.00 0.00 0.00 0.00 0.00 0.00 0.00 0.00 0.00 0.00 0.02 0.03 0.04 0.05 0.06 0.07 0.09 0.10 0.11 0.12 0.13 0.13 0.13 0.13 0.12 0.12 0.11 0.11 0.11 0.11 0.11 0.12 0.12 0.12 0.12 0.12 0.12 0.12 0.12 0.12 0.12 0.11 0.11 0.11 0.11 0.11 0.10 0.10 0.10
0.00 0.00 0.00 0.00 0.00 0.00 0.00 0.00 0.00 0.00 0.00 0.00 0.00 0.00 0.00 0.00 0.00 0.00 0.00 0.00 0.00 0.00 0.00 0.00 0.00 0.00 0.00 0.00 0.00 0.00 0.00 0.00 0.00 0.00 0.00 0.00 0.00 0.00 0.00 0.00 0.00 0.00 0.01 0.03 0.04 0.05 0.06 0.08 0.09 0.10 0.11 0.12 0.13 0.14 0.14 0.14 0.13 0.12 0.12 0.11 0.10 0.10 0.10 0.10 0.10 0.11 0.11 0.11 0.11 0.11 0.11 0.11 0.11 0.11 0.10 0.10 0.10 0.10 0.10 0.09 0.09 0.09
0.00 0.00 0.00 0.00 0.00 0.00 0.00 0.00 0.00 0.00 0.00 0.00 0.00 0.00 0.00 0.00 0.00 0.00 0.00 0.00 0.00 0.00 0.00 0.00 0.00 0.00 0.00 0.00 0.00 0.00 0.00 0.00 0.00 0.00 0.00 0.00 0.00 0.00 0.00 0.00 0.00 0.01 0.03 0.04 0.05 0.06 0.08 0.09 0.10 0.12 0.13 0.14 0.15 0.15 0.15 0.14 0.14 0.12 0.11 0.10 0.10 0.09 0.09 0.09 0.09 0.09 0.09 0.10 0.10 0.10 0.10 0.10 0.10 0.09 0.09 0.09 0.09 0.09 0.09 0.08 0.08 0.08
0.00 0.00 0.00 0.00 0.00 0.00 0.00 0.00 0.00 0.00 0.00 0.00 0.00 0.00 0.00 0.00 0.00 0.00 0.00 0.00 0.00 0.00 0.00 0.00 0.00 0.00 0.00 0.00 0.00 0.00 0.00 0.00 0.00 0.00 0.00 0.00 0.00 0.00 0.00 0.01 0.02 0.03 0.04 0.05 0.07 0.08 0.09 0.11 0.12 0.13 0.14 0.15 0.16 0.16 0.15 0.15 0.14 0.12 0.11 0.10 0.09 0.08 0.08 0.08 0.08 0.08 0.08 0.08 0.08 0.08 0.08 0.08 0.08 0.08 0.08 0.08 0.08 0.08 0.07 0.07 0.07 0.07
0.03 0.01 0.00 0.00 0.00 0.00 0.00 0.00 0.00 0.00 0.00 0.00 0.00 0.00 0.00 0.00 0.00 0.00 0.00 0.00 0.00 0.00 0.00 0.00 0.00 0.00 0.00 0.00 0.00 0.00 0.00 0.00 0.00 0.00 0.00 0.00 0.00 0.00 0.01 0.02 0.03 0.05 0.06 0.07 0.09 0.10 0.11 0.13 0.14 0.15 0.16 0.17 0.17 0.17 0.16 0.15 0.14 0.12 0.11 0.10 0.09 0.08 0.07 0.07 0.06 0.06 0.06 0.06 0.07 0.07 0.07 0.07 0.07 0.07 0.07 0.07 0.06 0.06 0.06 0.06 0.06 0.06
0.05 0.04 0.03 0.02 0.01 0.00 0.00 0.00 0.00 0.00 0.00 0.00 0.00 0.00 0.00 0.00 0.00 0.00 0.00 0.00 0.00 0.00 0.00 0.00 0.00 0.00 0.00 0.00 0.00 0.00 0.00 0.00 0.00 0.00 0.00 0.00 0.00 0.02 0.03 0.04 0.05 0.06 0.08 0.09 0.10 0.12 0.13 0.15 0.16 0.17 0.17 0.18 0.18 0.17 0.17 0.16 0.14 0.12 0.11 0.09 0.08 0.07 0.06 0.05 0.05 0.05 0.05 0.05 0.05 0.05 0.05 0.05 0.05 0.05 0.05 0.05 0.05 0.05 0.05 0.05 0.05 0.04
0.09 0.07 0.06 0.05 0.04 0.03 0.02 0.01 0.00 0.00 0.00 0.00 0.00 0.00 0.00 0.00 0.00 0.00 0.00 0.00 0.00 0.00 0.00 0.00 0.00 0.00 0.00 0.00 0.00 0.00 0.00 0.00 0.00 0.00 0.00 0.01 0.02 0.04 0.05 0.06 0.07 0.08 0.10 0.11 0.13 0.14 0.15 0.17 0.18 0.18 0.19 0.19 0.19 0.18 0.17 0.16 0.14 0.12 0.10 0.09 0.07 0.06 0.05 0.04 0.04 0.03 0.03 0.03 0.03 0.03 0.03 0.03 0.03 0.03 0.03 0.03 0.03 0.03 0.03 0.03 0.03 0.03
0.12 0.11 0.10 0.08 0.07 0.06 0.05 0.04 0.03 0.02 0.01 0.00 0.00 0.00 0.00 0.00 0.00 0.00 0.00 0.00 0.00 0.00 0.00 0.00 0.00 0.00 0.00 0.00 0.00 0.00 0.00 0.00 0.00 0.01 0.02 0.03 0.04 0.06 0.07 0.08 0.09 0.11 0.12 0.13 0.15 0.16 0.18 0.19 0.19 0.20 0.20 0.20 0.19 0.19 0.18 0.16 0.14 0.12 0.10 0.08 0.07 0.05 0.04 0.03 0.02 0.02 0.01 0.01 0.01 0.01 0.01 0.01 0.02 0.02 0.02 0.02 0.02 0.02 0.02 0.02 0.02 0.02
0.15 0.14 0.13 0.12 0.11 0.10 0.08 0.07 0.06 0.05 0.04 0.03 0.02 0.01 0.00 0.00 0.00 0.00 0.00 0.00 0.00 0.00 0.00 0.00 0.00 0.00 0.00 0.00 0.00 0.00 0.01 0.02 0.03 0.04 0.05 0.06 0.07 0.08 0.09 0.10 0.12 0.13 0.14 0.16 0.17 0.18 0.19 0.20 0.21 0.21 0.21 0.21 0.20 0.19 0.18 0.16 0.14 0.12 0.10 0.08 0.06 0.04 0.03 0.02 0.01 0.00 0.00 0.00 0.00 0.00 0.00 0.00 0.00 0.00 0.00 0.00 0.00 0.00 0.00 0.00 0.00 0.00
0.18 0.17 0.16 0.15 0.14 0.13 0.12 0.11 0.10 0.08 0.07 0.06 0.05 0.04 0.03 0.03 0.02 0.01 0.01 0.01 0.00 0.00 0.00 0.00 0.01 0.01 0.01 0.02 0.02 0.03 0.03 0.04 0.05 0.06 0.07 0.08 0.09 0.10 0.11 0.13 0.14 0.15 0.17 0.18 0.19 0.20 0.21 0.22 0.22 0.22 0.22 0.22 0.21 0.20 0.18 0.17 0.14 0.12 0.10 0.07 0.05 0.04 0.02 0.01 0.00 0.00 0.00 0.00 0.00 0.00 0.00 0.00 0.00 0.00 0.00 0.00 0.00 0.00 0.00 0.00 0.00 0.00
0.22 0.21 0.20 0.18 0.17 0.16 0.15 0.14 0.13 0.12 0.11 0.10 0.09 0.08 0.07 0.06 0.05 0.04 0.04 0.04 0.03 0.03 0.03 0.03 0.03 0.03 0.04 0.04 0.05 0.05 0.06 0.07 0.07 0.08 0.09 0.10 0.11 0.12 0.14 0.15 0.16 0.18 0.19 0.20 0.21 0.22 0.23 0.23 0.24 0.23 0.23 0.22 0.22 0.20 0.19 0.17 0.14 0.12 0.09 0.07 0.05 0.03 0.01 0.00 0.00 0.00 0.00 0.00 0.00 0.00 0.00 0.00 0.00 0.00 0.00 0.00 0.00 0.00 0.00 0.00 0.00 0.00
