data_processed/recharge/precip/Precip_2004_09.asc
ncols        168
nrows        136
xllcorner    455000
yllcorner    2107000
cellsize     500
NODATA_value     -99999
[rows 32 to 63 of 136, columns 71 to 141 of 168]
141.47 141.83 142.43 143.00 143.73 144.75 146.06 147.63 149.43 151.41 153.55 155.80 158.12 160.49 162.85 165.17 167.43 169.56 171.55 173.35 174.92 176.23 177.23 177.90 178.19 178.06 177.48 176.41 174.82 172.75 170.47 168.09 165.64 163.14 160.62 158.09 155.57 153.08 150.63 148.23 145.91 143.69 141.57 139.59 137.74 136.05 134.55 133.23 132.12 131.25 130.61 130.24 130.14 130.28 130.64 131.19 131.84 132.65 133.87 135.56 137.69 140.21 143.08 146.25 149.69 153.35 157.18 161.15 165.22 169.33 173.45
138.31 139.01 139.73 140.44 141.31 142.48 143.91 145.57 147.45 149.50 151.71 154.02 156.39 158.80 161.20 163.56 165.83 167.99 169.98 171.78 173.35 174.64 175.63 176.27 176.52 176.36 175.72 174.59 172.95 170.88 168.60 166.23 163.77 161.26 158.73 156.19 153.67 151.17 148.72 146.34 144.04 141.83 139.74 137.78 135.97 134.32 132.85 131.58 130.53 129.70 129.13 128.82 128.73 128.83 129.15 129.67 130.29 130.98 131.85 133.10 134.83 136.99 139.54 142.43 145.63 149.08 152.76 156.61 160.58 164.65 168.77
135.94 136.73 137.56 138.39 139.39 140.69 142.25 144.01 145.96 148.07 150.33 152.68 155.09 157.53 159.95 162.32 164.60 166.76 168.75 170.53 172.08 173.34 174.29 174.89 175.09 174.86 174.14 172.95 171.28 169.21 166.94 164.59 162.16 159.65 157.11 154.57 152.05 149.56 147.12 144.75 142.47 140.29 138.22 136.29 134.52 132.91 131.49 130.27 129.27 128.51 128.00 127.69 127.55 127.61 127.89 128.39 128.97 129.63 130.37 131.26 132.55 134.31 136.49 139.06 141.97 145.18 148.65 152.33 156.19 160.17 164.23
134.10 134.97 135.88 136.83 137.95 139.36 141.03 142.91 144.94 147.11 149.39 151.77 154.20 156.65 159.08 161.45 163.72 165.86 167.82 169.58 171.09 172.31 173.21 173.74 173.87 173.53 172.73 171.48 169.80 167.73 165.48 163.16 160.76 158.30 155.78 153.24 150.72 148.24 145.82 143.47 141.21 139.06 137.02 135.13 133.40 131.84 130.47 129.31 128.37 127.66 127.15 126.79 126.59 126.60 126.85 127.32 127.87 128.50 129.19 129.96 130.88 132.20 133.98 136.18 138.76 141.69 144.90 148.38 152.06 155.91 159.88
132.75 133.68 134.67 135.72 136.94 138.46 140.24 142.21 144.34 146.57 148.88 151.27 153.71 156.15 158.57 160.92 163.17 165.27 167.20 168.91 170.36 171.52 172.35 172.80 172.80 172.36 171.49 170.19 168.49 166.43 164.22 161.93 159.58 157.17 154.71 152.21 149.70 147.23 144.83 142.50 140.27 138.15 136.15 134.30 132.62 131.11 129.79 128.69 127.81 127.10 126.52 126.09 125.83 125.80 126.02 126.45 126.98 127.57 128.23 128.95 129.75 130.69 132.02 133.82 136.03 138.62 141.55 144.77 148.23 151.91 155.75
131.87 132.84 133.90 135.03 136.35 137.96 139.83 141.89 144.10 146.41 148.77 151.17 153.59 156.02 158.41 160.72 162.93 164.98 166.85 168.50 169.88 170.97 171.69 172.00 171.87 171.33 170.39 169.06 167.36 165.32 163.14 160.90 158.61 156.26 153.87 151.44 148.98 146.53 144.15 141.85 139.65 137.57 135.62 133.81 132.18 130.72 129.47 128.42 127.53 126.75 126.09 125.58 125.27 125.19 125.38 125.79 126.29 126.85 127.47 128.16 128.90 129.71 130.67 132.01 133.81 136.03 138.62 141.54 144.75 148.21 151.87
131.41 132.41 133.53 134.74 136.14 137.83 139.77 141.91 144.20 146.58 149.00 151.43 153.83 156.22 158.57 160.83 162.98 164.97 166.77 168.34 169.63 170.60 171.16 171.32 171.08 170.45 169.45 168.10 166.39 164.39 162.25 160.07 157.83 155.56 153.24 150.90 148.53 146.14 143.79 141.53 139.36 137.32 135.42 133.66 132.08 130.69 129.49 128.43 127.45 126.58 125.83 125.26 124.90 124.77 124.93 125.32 125.80 126.33 126.91 127.55 128.25 129.01 129.83 130.79 132.14 133.94 136.15 138.73 141.65 144.84 148.28
131.35 132.38 133.54 134.81 136.28 138.04 140.05 142.25 144.59 147.03 149.51 151.98 154.40 156.75 159.04 161.24 163.31 165.22 166.93 168.40 169.57 170.36 170.75 170.76 170.41 169.70 168.65 167.28 165.59 163.62 161.54 159.42 157.25 155.06 152.83 150.58 148.32 146.04 143.76 141.53 139.41 137.41 135.56 133.86 132.34 131.00 129.79 128.63 127.55 126.58 125.76 125.12 124.70 124.54 124.66 125.03 125.48 125.98 126.53 127.13 127.79 128.50 129.26 130.08 131.05 132.39 134.18 136.38 138.95 141.85 145.02
131.66 132.70 133.89 135.21 136.74 138.56 140.62 142.87 145.26 147.75 150.27 152.78 155.23 157.58 159.80 161.92 163.90 165.71 167.32 168.65 169.61 170.21 170.44 170.32 169.86 169.08 168.00 166.61 164.94 163.02 161.00 158.95 156.86 154.75 152.62 150.48 148.32 146.17 144.01 141.87 139.80 137.85 136.05 134.41 132.95 131.59 130.26 128.99 127.81 126.75 125.85 125.14 124.67 124.47 124.56 124.91 125.34 125.81 126.33 126.89 127.51 128.17 128.88 129.64 130.46 131.42 132.75 134.52 136.70 139.25 142.14
132.31 133.35 134.56 135.92 137.50 139.36 141.46 143.75 146.18 148.69 151.25 153.78 156.26 158.62 160.82 162.85 164.73 166.43 167.88 168.99 169.74 170.15 170.23 169.98 169.43 168.59 167.47 166.08 164.43 162.57 160.62 158.65 156.65 154.64 152.61 150.58 148.55 146.52 144.50 142.50 140.52 138.63 136.89 135.31 133.82 132.34 130.89 129.50 128.22 127.07 126.09 125.33 124.80 124.56 124.63 124.96 125.36 125.81 126.30 126.82 127.39 128.01 128.67 129.38 130.13 130.94 131.88 133.19 134.94 137.12 139.78
133.28 134.30 135.51 136.90 138.51 140.41 142.54 144.85 147.31 149.84 152.41 154.96 157.45 159.82 162.03 164.01 165.78 167.32 168.53 169.40 169.95 170.18 170.11 169.75 169.11 168.21 167.07 165.68 164.07 162.28 160.41 158.52 156.62 154.71 152.80 150.89 148.98 147.09 145.22 143.37 141.55 139.77 138.09 136.48 134.85 133.24 131.66 130.16 128.78 127.54 126.49 125.66 125.08 124.80 124.85 125.16 125.54 125.96 126.42 126.91 127.44 128.01 128.62 129.27 129.97 130.71 131.49 132.41 133.72 135.59 138.04
134.52 135.51 136.72 138.12 139.76 141.67 143.82 146.15 148.61 151.16 153.73 156.29 158.78 161.15 163.34 165.32 166.99 168.28 169.23 169.87 170.22 170.28 170.07 169.60 168.89 167.95 166.78 165.41 163.85 162.13 160.34 158.55 156.75 154.96 153.16 151.38 149.62 147.88 146.16 144.47 142.82 141.21 139.54 137.79 136.02 134.27 132.57 130.96 129.47 128.15 127.02 126.13 125.51 125.19 125.21 125.50 125.87 126.26 126.69 127.15 127.64 128.16 128.73 129.32 129.96 130.64 131.35 132.14 133.18 134.77 136.96
136.01 136.97 138.16 139.56 141.21 143.13 145.28 147.62 150.08 152.62 155.19 157.73 160.21 162.56 164.74 166.65 168.17 169.26 169.98 170.40 170.55 170.45 170.12 169.55 168.77 167.79 166.61 165.27 163.76 162.11 160.43 158.74 157.05 155.38 153.72 152.07 150.45 148.87 147.31 145.80 144.32 142.78 141.08 139.22 137.31 135.42 133.60 131.88 130.29 128.89 127.69 126.73 126.06 125.71 125.70 125.98 126.33 126.70 127.10 127.52 127.98 128.46 128.97 129.52 130.10 130.71 131.39 132.24 133.32 134.70 136.58
137.72 138.63 139.79 141.18 142.83 144.74 146.89 149.21 151.66 154.19 156.74 159.26 161.71 164.04 166.14 167.88 169.23 170.19 170.75 170.97 170.95 170.70 170.23 169.58 168.74 167.72 166.55 165.24 163.79 162.23 160.65 159.07 157.51 155.96 154.44 152.94 151.48 150.05 148.67 147.33 145.92 144.35 142.60 140.71 138.71 136.69 134.74 132.91 131.24 129.74 128.47 127.46 126.74 126.35 126.33 126.59 126.92 127.27 127.64 128.03 128.45 128.89 129.36 129.85 130.38 130.96 131.71 132.70 133.90 135.29 136.91
139.62 140.47 141.59 142.96 144.59 146.49 148.62 150.92 153.34 155.84 158.36 160.85 163.26 165.50 167.41 168.96 170.16 170.99 171.46 171.57 171.39 171.00 170.42 169.68 168.79 167.75 166.59 165.32 163.94 162.48 161.01 159.55 158.12 156.71 155.33 153.99 152.69 151.44 150.22 148.95 147.50 145.86 144.08 142.16 140.14 138.06 136.00 134.06 132.29 130.71 129.37 128.30 127.53 127.11 127.07 127.32 127.63 127.96 128.30 128.67 129.05 129.45 129.87 130.32 130.81 131.48 132.39 133.51 134.82 136.29 137.89
141.69 142.45 143.52 144.85 146.46 148.33 150.43 152.70 155.08 157.54 160.02 162.46 164.77 166.80 168.50 169.87 170.92 171.64 172.04 172.11 171.86 171.35 170.67 169.86 168.92 167.87 166.73 165.50 164.20 162.85 161.50 160.17 158.87 157.61 156.39 155.21 154.08 153.00 151.85 150.51 148.99 147.31 145.49 143.56 141.54 139.46 137.34 135.31 133.44 131.78 130.37 129.24 128.43 127.98 127.91 128.15 128.45 128.76 129.08 129.41 129.76 130.12 130.50 130.93 131.52 132.36 133.42 134.66 136.07 137.61 139.26
143.88 144.56 145.56 146.85 148.41 150.25 152.30 154.52 156.86 159.26 161.68 164.01 166.10 167.89 169.39 170.60 171.51 172.14 172.47 172.51 172.26 171.73 170.97 170.09 169.12 168.07 166.95 165.78 164.56 163.33 162.11 160.92 159.77 158.66 157.60 156.59 155.63 154.61 153.39 151.98 150.40 148.67 146.82 144.88 142.86 140.80 138.71 136.63 134.68 132.94 131.46 130.28 129.43 128.94 128.86 129.09 129.37 129.66 129.96 130.26 130.58 130.90 131.27 131.81 132.59 133.59 134.78 136.15 137.64 139.25 140.93
146.17 146.75 147.68 148.90 150.42 152.20 154.20 156.36 158.64 160.97 163.27 165.35 167.18 168.75 170.06 171.11 171.90 172.44 172.73 172.75 172.52 172.04 171.31 170.39 169.39 168.34 167.26 166.15 165.03 163.92 162.83 161.79 160.79 159.85 158.96 158.12 157.22 156.11 154.80 153.32 151.68 149.92 148.05 146.10 144.09 142.05 140.00 137.97 136.00 134.19 132.64 131.40 130.51 129.99 129.89 130.11 130.38 130.66 130.93 131.21 131.49 131.81 132.30 133.04 134.00 135.15 136.48 137.94 139.52 141.18 142.89
148.54 149.01 149.84 150.99 152.45 154.16 156.09 158.18 160.39 162.58 164.61 166.41 167.99 169.35 170.48 171.39 172.08 172.55 172.79 172.82 172.62 172.20 171.57 170.72 169.72 168.68 167.64 166.60 165.59 164.61 163.67 162.78 161.95 161.18 160.45 159.66 158.67 157.46 156.07 154.52 152.83 151.03 149.14 147.19 145.20 143.19 141.19 139.22 137.31 135.50 133.89 132.60 131.67 131.12 131.01 131.22 131.48 131.74 131.99 132.24 132.53 132.98 133.68 134.62 135.75 137.05 138.49 140.05 141.69 143.40 145.13
150.94 151.29 152.01 153.09 154.47 156.11 157.96 159.96 162.01 163.92 165.65 167.18 168.53 169.69 170.66 171.44 172.03 172.44 172.66 172.69 172.54 172.20 171.68 170.97 170.08 169.09 168.09 167.14 166.24 165.40 164.61 163.89 163.22 162.62 161.94 161.05 159.94 158.64 157.17 155.56 153.83 152.00 150.09 148.14 146.17 144.20 142.25 140.35 138.53 136.80 135.21 133.87 132.90 132.33 132.19 132.40 132.65 132.89 133.13 133.39 133.82 134.50 135.41 136.53 137.82 139.26 140.81 142.45 144.15 145.89 147.62
153.35 153.56 154.18 155.16 156.45 158.00 159.75 161.59 163.34 164.93 166.36 167.64 168.76 169.73 170.55 171.21 171.73 172.08 172.29 172.35 172.25 172.00 171.61 171.06 170.36 169.52 168.61 167.75 166.97 166.27 165.65 165.10 164.60 164.03 163.25 162.23 161.02 159.63 158.09 156.42 154.64 152.79 150.88 148.93 146.99 145.05 143.16 141.34 139.60 137.98 136.50 135.19 134.18 133.59 133.44 133.64 133.89 134.11 134.36 134.78 135.46 136.37 137.48 138.77 140.21 141.77 143.42 145.14 146.88 148.64 150.37
155.74 155.81 156.30 157.17 158.36 159.81 161.38 162.90 164.30 165.57 166.73 167.76 168.68 169.47 170.15 170.71 171.15 171.48 171.68 171.77 171.74 171.60 171.34 170.97 170.48 169.88 169.17 168.42 167.77 167.23 166.78 166.39 165.93 165.24 164.32 163.19 161.88 160.40 158.79 157.07 155.26 153.38 151.47 149.54 147.62 145.74 143.91 142.16 140.52 139.01 137.65 136.47 135.52 134.90 134.75 134.94 135.18 135.43 135.85 136.53 137.44 138.56 139.87 141.32 142.90 144.57 146.31 148.09 149.88 151.64 153.36
158.08 158.00 158.34 159.09 160.17 161.43 162.66 163.81 164.87 165.84 166.73 167.54 168.25 168.89 169.44 169.91 170.29 170.59 170.81 170.95 171.00 170.97 170.87 170.68 170.41 170.06 169.64 169.14 168.64 168.27 167.99 167.63 167.03 166.20 165.15 163.91 162.50 160.94 159.27 157.50 155.66 153.77 151.85 149.94 148.06 146.22 144.46 142.80 141.26 139.86 138.64 137.61 136.80 136.25 136.09 136.29 136.55 136.98 137.68 138.61 139.76 141.08 142.57 144.18 145.88 147.66 149.48 151.31 153.12 154.89 156.58
160.35 160.12 160.29 160.90 161.78 162.67 163.51 164.30 165.03 165.72 166.36 166.94 167.48 167.96 168.40 168.78 169.12 169.41 169.66 169.85 170.00 170.10 170.16 170.17 170.13 170.05 169.93 169.76 169.55 169.37 169.11 168.61 167.86 166.88 165.71 164.36 162.86 161.23 159.49 157.68 155.81 153.91 152.01 150.12 148.28 146.50 144.81 143.23 141.80 140.53 139.44 138.56 137.93 137.55 137.47 137.70 138.16 138.88 139.85 141.03 142.39 143.92 145.57 147.32 149.15 151.02 152.90 154.77 156.60 158.36 160.02
162.51 162.12 162.12 162.44 162.90 163.39 163.85 164.30 164.74 165.15 165.56 165.94 166.31 166.67 167.01 167.33 167.65 167.94 168.23 168.51 168.77 169.02 169.26 169.49 169.70 169.91 170.11 170.30 170.45 170.38 169.97 169.30 168.40 167.29 165.99 164.54 162.94 161.24 159.45 157.60 155.71 153.80 151.91 150.05 148.24 146.52 144.91 143.42 142.10 140.95 140.00 139.28 138.82 138.62 138.78 139.34 140.11 141.12 142.34 143.75 145.32 147.02 148.83 150.71 152.64 154.59 156.53 158.42 160.26 161.99 163.60
164.47 163.93 163.64 163.43 163.34 163.41 163.55 163.70 163.87 164.06 164.26 164.49 164.73 165.00 165.29 165.59 165.92 166.27 166.64 167.03 167.45 167.89 168.35 168.84 169.35 169.88 170.44 171.00 171.34 171.18 170.63 169.79 168.73 167.47 166.05 164.48 162.79 161.01 159.16 157.26 155.34 153.42 151.53 149.69 147.92 146.25 144.71 143.31 142.08 141.05 140.23 139.67 139.37 139.41 140.04 141.19 142.38 143.65 145.10 146.71 148.46 150.32 152.25 154.23 156.24 158.23 160.20 162.09 163.90 165.58 167.12
166.21 165.40 164.60 163.81 163.18 162.79 162.60 162.50 162.45 162.45 162.51 162.62 162.79 163.01 163.29 163.62 164.01 164.45 164.96 165.51 166.13 166.80 167.53 168.32 169.17 170.08 171.03 171.78 172.03 171.75 171.08 170.11 168.88 167.47 165.91 164.23 162.44 160.57 158.65 156.69 154.74 152.80 150.90 149.07 147.33 145.70 144.21 142.89 141.76 140.83 140.15 139.72 139.63 140.11 141.33 143.07 144.79 146.42 148.08 149.86 151.75 153.73 155.76 157.81 159.86 161.87 163.83 165.70 167.44 169.04 170.47
167.62 166.32 164.97 163.64 162.50 161.67 161.10 160.76 160.54 160.40 160.36 160.41 160.54 160.76 161.08 161.48 161.97 162.56 163.24 164.01 164.87 165.82 166.87 168.01 169.24 170.54 171.68 172.36 172.49 172.09 171.31 170.23 168.89 167.33 165.62 163.81 161.91 159.94 157.94 155.93 153.92 151.95 150.04 148.21 146.49 144.90 143.46 142.21 141.16 140.33 139.76 139.52 139.84 140.89 142.66 144.93 147.17 149.26 151.21 153.15 155.16 157.22 159.31 161.40 163.46 165.46 167.38 169.18 170.84 172.33 173.61
168.49 166.66 164.79 162.96 161.37 160.12 159.20 158.57 158.19 157.97 157.87 157.89 158.04 158.31 158.70 159.22 159.87 160.64 161.54 162.57 163.72 165.00 166.41 167.94 169.58 171.09 172.16 172.71 172.73 172.22 171.33 170.16 168.72 167.05 165.21 163.25 161.23 159.16 157.07 154.99 152.93 150.92 148.98 147.15 145.44 143.87 142.48 141.29 140.31 139.58 139.17 139.31 140.17 141.73 144.01 146.76 149.46 151.99 154.34 156.51 158.61 160.74 162.86 164.96 167.00 168.96 170.80 172.51 174.05 175.39 176.50
168.79 166.46 164.11 161.83 159.82 158.21 156.96 156.07 155.50 155.20 155.09 155.13 155.34 155.70 156.23 156.91 157.76 158.76 159.93 161.26 162.75 164.40 166.21 168.16 170.01 171.45 172.41 172.85 172.76 172.14 171.16 169.89 168.37 166.62 164.68 162.59 160.44 158.26 156.08 153.91 151.79 149.73 147.77 145.92 144.21 142.66 141.30 140.16 139.25 138.65 138.60 139.24 140.59 142.63 145.36 148.54 151.65 154.58 157.30 159.80 162.07 164.23 166.35 168.43 170.42 172.30 174.04 175.62 177.01 178.17 179.08
168.55 165.77 162.99 160.30 157.92 155.98 154.46 153.34 152.59 152.19 152.08 152.20 152.51 153.01 153.71 154.61 155.69 156.98 158.46 160.13 162.00 164.07 166.31 168.48 170.27 171.60 172.45 172.78 172.59 171.87 170.79 169.44 167.84 166.02 164.02 161.84 159.57 157.27 154.98 152.72 150.53 148.42 146.41 144.54 142.82 141.29 139.96 138.86 138.06 137.79 138.21 139.31 141.10 143.56 146.69 150.25 153.72 157.00 160.05 162.85 165.38 167.65 169.75 171.76 173.67 175.45 177.06 178.48 179.68 180.64 181.31
167.83 164.64 161.47 158.42 155.70 153.48 151.72 150.42 149.54 149.05 148.93 149.14 149.60 150.29 151.21 152.36 153.74 155.34 157.18 159.25 161.55 164.06 166.53 168.64 170.32 171.54 172.28 172.52 172.23 171.41 170.24 168.81 167.14 165.26 163.20 160.98 158.63 156.21 153.81 151.46 149.18 147.01 144.95 143.05 141.32 139.79 138.48 137.45 136.96 137.13 137.98 139.50 141.67 144.51 147.99 151.88 155.67 159.23 162.56 165.61 168.38 170.84 172.99 174.92 176.72 178.35 179.80 181.03 182.02 182.73 183.14
