data_processed/recharge/precip/Precip_1987_09.asc
ncols        168
nrows        136
xllcorner    455000
yllcorner    2107000
cellsize     500
NODATA_value     -99999
[rows 0 to 32 of 136, columns 75 to 149 of 168]
131.16 129.94 129.06 128.52 128.27 128.30 128.58 129.07 129.76 130.61 131.59 132.68 133.84 135.07 136.34 137.63 138.88 139.92 140.63 141.02 141.11 140.90 140.42 139.70 138.85 137.89 136.82 135.64 134.33 132.91 131.35 129.66 127.84 125.95 124.19 122.63 121.28 120.12 119.15 118.37 117.67 116.90 116.03 115.09 114.06 112.95 111.72 110.07 107.77 104.86 101.39 97.45 93.09 88.40 83.43 78.25 72.95 67.78 62.95 58.53 54.57 51.11 48.19 46.01 45.38 46.61 49.56 54.10 60.10 67.39 75.55 83.84 91.94 99.74 107.15
129.56 128.11 127.03 126.29 125.87 125.75 125.90 126.29 126.89 127.68 128.61 129.68 130.85 132.11 133.44 134.82 136.19 137.34 138.15 138.63 138.80 138.67 138.24 137.53 136.58 135.48 134.25 132.90 131.40 129.76 127.98 126.06 124.05 122.16 120.47 118.97 117.66 116.53 115.57 114.78 114.07 113.30 112.44 111.50 110.50 109.42 108.28 107.03 105.36 103.05 100.11 96.62 92.66 88.28 83.55 78.57 73.57 68.77 64.23 60.00 56.12 52.65 49.62 47.21 46.27 47.08 49.51 53.43 58.70 65.18 72.73 80.93 89.07 96.86 104.18
127.95 126.41 125.09 124.13 123.52 123.22 123.21 123.46 123.95 124.63 125.49 126.51 127.66 128.93 130.30 131.73 133.19 134.43 135.32 135.87 136.09 136.00 135.60 134.91 133.94 132.72 131.34 129.80 128.12 126.27 124.27 122.18 120.19 118.39 116.78 115.34 114.07 112.97 112.03 111.24 110.52 109.75 108.90 107.98 107.00 105.96 104.86 103.71 102.47 100.81 98.50 95.57 92.09 88.12 83.77 79.24 74.77 70.42 66.23 62.24 58.52 55.09 52.00 49.44 48.23 48.68 50.65 54.00 58.61 64.33 71.02 78.54 86.50 94.21 101.40
126.21 124.71 123.29 122.09 121.25 120.74 120.54 120.62 120.95 121.50 122.26 123.21 124.32 125.57 126.94 128.42 129.94 131.24 132.18 132.77 133.02 132.95 132.55 131.85 130.86 129.59 128.07 126.36 124.48 122.43 120.28 118.22 116.35 114.64 113.11 111.74 110.52 109.45 108.53 107.74 107.02 106.25 105.41 104.52 103.57 102.57 101.52 100.43 99.30 98.08 96.46 94.18 91.28 87.85 84.11 80.28 76.42 72.57 68.79 65.12 61.59 58.26 55.18 52.51 51.11 51.25 52.82 55.67 59.67 64.68 70.56 77.19 84.40 91.83 98.83
124.36 122.90 121.50 120.19 119.09 118.34 117.92 117.80 117.94 118.34 118.98 119.82 120.86 122.07 123.43 124.91 126.47 127.80 128.77 129.37 129.63 129.54 129.13 128.40 127.36 126.03 124.42 122.55 120.48 118.30 116.21 114.28 112.52 110.92 109.47 108.16 107.00 105.97 105.07 104.29 103.57 102.81 101.99 101.12 100.20 99.25 98.25 97.22 96.16 95.07 93.91 92.35 90.15 87.50 84.62 81.56 78.36 75.09 71.77 68.46 65.20 62.03 59.00 56.30 54.74 54.64 55.86 58.27 61.72 66.08 71.22 76.99 83.26 89.88 96.50
122.39 120.98 119.61 118.31 117.08 116.07 115.39 115.03 114.97 115.19 115.67 116.39 117.33 118.47 119.78 121.25 122.82 124.16 125.13 125.72 125.95 125.83 125.37 124.58 123.48 122.06 120.36 118.37 116.20 114.09 112.15 110.36 108.71 107.21 105.85 104.62 103.51 102.53 101.65 100.89 100.17 99.42 98.62 97.78 96.91 95.99 95.05 94.09 93.10 92.10 91.08 90.02 88.74 87.10 85.14 82.91 80.45 77.79 75.00 72.11 69.17 66.22 63.31 60.63 58.99 58.70 59.64 61.65 64.61 68.38 72.82 77.80 83.18 88.82 94.57
120.34 118.96 117.62 116.34 115.10 113.94 112.98 112.36 112.07 112.08 112.39 112.96 113.77 114.81 116.06 117.49 119.03 120.36 121.30 121.85 122.03 121.85 121.32 120.45 119.25 117.73 115.90 113.86 111.82 109.89 108.10 106.45 104.93 103.54 102.27 101.11 100.07 99.13 98.28 97.53 96.83 96.09 95.32 94.51 93.68 92.82 91.94 91.04 90.13 89.22 88.31 87.58 87.09 86.51 85.54 84.19 82.51 80.55 78.34 75.93 73.37 70.70 67.96 65.35 63.68 63.27 63.97 65.66 68.19 71.43 75.23 79.48 84.02 88.72 93.42
118.22 116.87 115.55 114.27 113.03 111.83 110.72 109.83 109.28 109.06 109.16 109.56 110.22 111.14 112.29 113.65 115.15 116.44 117.33 117.82 117.92 117.65 117.02 116.04 114.71 113.06 111.17 109.27 107.44 105.70 104.07 102.56 101.17 99.88 98.71 97.64 96.66 95.77 94.96 94.23 93.54 92.82 92.08 91.31 90.52 89.72 88.90 88.08 87.25 86.44 85.80 85.46 85.42 85.61 85.65 85.25 84.41 83.19 81.62 79.75 77.62 75.29 72.79 70.31 68.67 68.19 68.72 70.14 72.29 75.06 78.29 81.86 85.62 89.41 93.06
116.05 114.72 113.40 112.12 110.86 109.66 108.52 107.47 106.65 106.17 106.04 106.23 106.72 107.49 108.52 109.79 111.22 112.44 113.25 113.65 113.65 113.27 112.51 111.39 109.92 108.19 106.42 104.72 103.08 101.52 100.06 98.69 97.43 96.26 95.19 94.20 93.29 92.45 91.69 90.98 90.30 89.61 88.90 88.17 87.43 86.69 85.94 85.20 84.48 83.92 83.66 83.70 84.02 84.59 85.35 85.92 85.98 85.56 84.69 83.42 81.79 79.85 77.64 75.35 73.81 73.31 73.73 74.93 76.77 79.12 81.84 84.78 87.78 90.64 93.31
113.85 112.52 111.20 109.90 108.63 107.42 106.26 105.18 104.20 103.46 103.07 103.03 103.32 103.91 104.79 105.94 107.28 108.41 109.11 109.39 109.27 108.74 107.83 106.55 104.99 103.37 101.79 100.26 98.79 97.39 96.07 94.85 93.71 92.67 91.70 90.80 89.96 89.19 88.46 87.78 87.13 86.46 85.79 85.11 84.42 83.74 83.07 82.42 81.94 81.76 81.87 82.25 82.89 83.77 84.86 86.09 87.08 87.51 87.40 86.78 85.71 84.22 82.36 80.32 78.93 78.48 78.84 79.89 81.47 83.46 85.72 88.05 90.24 92.23 94.03
111.63 110.29 108.95 107.64 106.36 105.13 103.95 102.85 101.84 100.93 100.28 99.98 100.04 100.44 101.15 102.15 103.37 104.37 104.94 105.08 104.80 104.12 103.03 101.65 100.18 98.73 97.32 95.95 94.62 93.36 92.17 91.06 90.04 89.11 88.24 87.44 86.68 85.96 85.29 84.64 84.01 83.38 82.74 82.11 81.49 80.87 80.29 79.88 79.76 79.93 80.37 81.06 81.99 83.13 84.46 85.97 87.57 88.89 89.59 89.69 89.22 88.25 86.80 85.06 83.87 83.53 83.90 84.85 86.23 87.92 89.71 91.35 92.79 94.02 95.06
109.39 108.04 106.69 105.37 104.07 102.82 101.62 100.50 99.46 98.52 97.70 97.14 96.95 97.12 97.63 98.46 99.53 100.39 100.80 100.77 100.31 99.43 98.23 96.93 95.62 94.33 93.06 91.82 90.63 89.48 88.39 87.38 86.44 85.59 84.83 84.12 83.44 82.79 82.17 81.56 80.95 80.36 79.77 79.19 78.63 78.11 77.75 77.68 77.90 78.39 79.13 80.09 81.27 82.64 84.18 85.87 87.69 89.57 91.10 91.97 92.18 91.77 90.79 89.43 88.50 88.32 88.75 89.66 90.90 92.27 93.50 94.50 95.29 95.87 96.25
107.17 105.80 104.44 103.09 101.78 100.50 99.29 98.14 97.08 96.11 95.25 94.52 94.07 93.98 94.27 94.90 95.80 96.49 96.71 96.49 95.83 94.81 93.68 92.53 91.37 90.21 89.07 87.94 86.84 85.79 84.79 83.84 82.97 82.17 81.47 80.84 80.25 79.67 79.10 78.53 77.96 77.40 76.86 76.35 75.87 75.56 75.54 75.80 76.32 77.09 78.09 79.29 80.69 82.25 83.95 85.79 87.74 89.78 91.83 93.49 94.43 94.65 94.19 93.25 92.65 92.69 93.24 94.17 95.24 96.16 96.86 97.33 97.58 97.62 97.45
104.97 103.59 102.21 100.84 99.51 98.21 96.97 95.80 94.71 93.71 92.82 92.05 91.43 91.08 91.12 91.52 92.22 92.71 92.73 92.29 91.48 90.52 89.53 88.51 87.47 86.42 85.38 84.34 83.33 82.35 81.40 80.51 79.68 78.91 78.23 77.63 77.11 76.60 76.09 75.56 75.03 74.52 74.03 73.59 73.32 73.33 73.62 74.18 74.97 75.99 77.21 78.62 80.19 81.91 83.75 85.70 87.74 89.85 92.00 94.13 95.81 96.71 96.84 96.38 96.16 96.48 97.21 98.11 98.86 99.37 99.65 99.69 99.51 99.11 98.51
102.83 101.43 100.03 98.64 97.28 95.96 94.70 93.50 92.38 91.35 90.43 89.62 88.95 88.44 88.21 88.37 88.84 89.11 88.89 88.29 87.52 86.70 85.82 84.91 83.97 83.01 82.05 81.08 80.13 79.19 78.29 77.42 76.61 75.85 75.17 74.56 74.04 73.59 73.14 72.66 72.17 71.71 71.29 71.05 71.08 71.40 71.97 72.78 73.81 75.04 76.45 78.02 79.74 81.58 83.52 85.55 87.64 89.78 91.94 94.11 96.21 97.82 98.59 98.67 98.89 99.54 100.39 101.10 101.55 101.75 101.70 101.43 100.92 100.20 99.26
100.77 99.35 97.93 96.52 95.13 93.78 92.49 91.26 90.11 89.04 88.09 87.25 86.54 85.97 85.58 85.47 85.69 85.71 85.32 84.75 84.10 83.38 82.61 81.78 80.92 80.03 79.12 78.20 77.29 76.38 75.49 74.64 73.82 73.05 72.34 71.70 71.14 70.66 70.25 69.82 69.37 68.98 68.75 68.80 69.13 69.71 70.52 71.56 72.78 74.19 75.75 77.46 79.28 81.21 83.21 85.28 87.39 89.52 91.66 93.78 95.87 97.84 99.27 99.95 100.66 101.59 102.37 102.88 103.13 103.13 102.88 102.39 101.67 100.73 99.57
98.81 97.36 95.92 94.48 93.07 91.69 90.36 89.10 87.92 86.82 85.82 84.95 84.20 83.59 83.14 82.87 82.83 82.65 82.29 81.82 81.27 80.63 79.93 79.18 78.37 77.52 76.65 75.76 74.86 73.95 73.06 72.19 71.35 70.54 69.79 69.09 68.46 67.91 67.45 67.05 66.66 66.45 66.50 66.83 67.41 68.22 69.24 70.46 71.85 73.40 75.08 76.88 78.78 80.75 82.78 84.86 86.95 89.04 91.12 93.16 95.14 97.04 98.79 100.07 101.20 102.18 102.88 103.30 103.47 103.37 103.02 102.43 101.61 100.55 99.28
96.97 95.50 94.02 92.56 91.11 89.71 88.35 87.05 85.83 84.69 83.66 82.74 81.95 81.30 80.80 80.47 80.31 80.14 79.87 79.49 79.01 78.45 77.80 77.09 76.32 75.51 74.65 73.76 72.86 71.94 71.02 70.12 69.23 68.37 67.56 66.78 66.07 65.43 64.86 64.38 64.11 64.16 64.48 65.05 65.85 66.86 68.06 69.43 70.95 72.60 74.37 76.23 78.16 80.16 82.18 84.23 86.27 88.29 90.27 92.19 94.03 95.77 97.39 98.89 100.18 101.18 101.90 102.34 102.51 102.42 102.08 101.49 100.66 99.60 98.31
95.27 93.77 92.26 90.76 89.28 87.83 86.43 85.10 83.83 82.65 81.57 80.60 79.76 79.06 78.51 78.14 77.98 77.87 77.69 77.40 77.00 76.51 75.92 75.26 74.53 73.74 72.91 72.03 71.12 70.19 69.26 68.32 67.39 66.48 65.60 64.76 63.96 63.23 62.56 61.95 61.62 61.85 62.42 63.21 64.22 65.40 66.76 68.27 69.90 71.64 73.48 75.39 77.34 79.34 81.34 83.34 85.31 87.24 89.11 90.89 92.58 94.14 95.60 97.06 98.38 99.45 100.24 100.75 100.99 100.96 100.67 100.13 99.34 98.32 97.07
93.72 92.18 90.63 89.08 87.55 86.06 84.61 83.22 81.90 80.67 79.54 78.51 77.61 76.85 76.26 75.88 75.73 75.64 75.53 75.34 75.03 74.62 74.11 73.51 72.84 72.09 71.29 70.43 69.54 68.62 67.67 66.72 65.76 64.82 63.89 62.99 62.13 61.31 60.54 59.80 59.31 59.48 60.20 61.21 62.41 63.77 65.28 66.91 68.65 70.48 72.37 74.32 76.29 78.27 80.25 82.20 84.10 85.93 87.67 89.32 90.83 92.25 93.65 95.07 96.39 97.51 98.39 98.99 99.31 99.37 99.16 98.69 97.98 97.03 95.84
92.30 90.71 89.10 87.50 85.92 84.37 82.86 81.41 80.04 78.74 77.54 76.45 75.49 74.67 74.07 73.71 73.56 73.50 73.41 73.29 73.09 72.78 72.36 71.84 71.23 70.55 69.79 68.97 68.11 67.20 66.27 65.31 64.34 63.37 62.41 61.47 60.56 59.67 58.79 57.92 57.28 57.28 57.93 59.07 60.46 61.99 63.64 65.39 67.23 69.13 71.08 73.05 75.04 77.00 78.94 80.83 82.65 84.37 85.99 87.48 88.86 90.20 91.57 92.97 94.27 95.39 96.33 97.05 97.48 97.64 97.53 97.17 96.55 95.68 94.58
91.00 89.34 87.67 86.01 84.37 82.75 81.18 79.66 78.21 76.84 75.57 74.41 73.38 72.56 71.97 71.62 71.49 71.44 71.38 71.30 71.18 70.98 70.66 70.24 69.71 69.10 68.41 67.64 66.82 65.95 65.04 64.09 63.13 62.15 61.17 60.20 59.24 58.29 57.31 56.31 55.52 55.36 55.85 56.91 58.40 60.08 61.87 63.74 65.67 67.64 69.63 71.63 73.61 75.56 77.45 79.27 81.00 82.61 84.10 85.46 86.76 88.06 89.38 90.76 92.04 93.15 94.11 94.90 95.46 95.75 95.77 95.52 95.02 94.27 93.28
89.79 88.07 86.33 84.60 82.88 81.19 79.54 77.94 76.41 74.96 73.61 72.38 71.35 70.55 69.97 69.63 69.51 69.48 69.45 69.41 69.34 69.22 69.02 68.70 68.27 67.75 67.13 66.44 65.67 64.85 63.97 63.06 62.11 61.14 60.16 59.18 58.18 57.16 56.09 54.96 54.02 53.71 54.04 54.93 56.33 58.09 60.01 61.98 63.99 66.03 68.06 70.07 72.05 73.97 75.81 77.55 79.18 80.68 82.04 83.32 84.57 85.82 87.10 88.44 89.70 90.81 91.77 92.58 93.23 93.67 93.84 93.74 93.38 92.76 91.90
88.67 86.87 85.06 83.24 81.44 79.67 77.93 76.25 74.63 73.09 71.67 70.44 69.42 68.63 68.06 67.74 67.63 67.62 67.62 67.61 67.59 67.53 67.42 67.22 66.91 66.49 65.97 65.35 64.66 63.90 63.08 62.20 61.29 60.34 59.38 58.39 57.36 56.27 55.11 53.86 52.79 52.33 52.49 53.22 54.45 56.11 58.09 60.16 62.25 64.33 66.40 68.42 70.38 72.26 74.04 75.71 77.23 78.62 79.90 81.11 82.30 83.49 84.74 86.04 87.28 88.37 89.33 90.16 90.84 91.39 91.72 91.79 91.59 91.13 90.43
87.63 85.74 83.84 81.93 80.04 78.17 76.34 74.56 72.85 71.24 69.81 68.59 67.59 66.81 66.26 65.95 65.85 65.86 65.89 65.92 65.95 65.94 65.90 65.81 65.62 65.31 64.90 64.38 63.78 63.09 62.34 61.52 60.66 59.75 58.82 57.83 56.77 55.63 54.38 53.02 51.80 51.20 51.21 51.78 52.84 54.33 56.19 58.30 60.45 62.59 64.67 66.70 68.64 70.48 72.19 73.77 75.19 76.48 77.68 78.83 79.95 81.10 82.30 83.57 84.77 85.86 86.81 87.64 88.35 88.94 89.39 89.64 89.63 89.36 88.83
86.67 84.66 82.66 80.66 78.67 76.70 74.76 72.88 71.09 69.46 68.05 66.84 65.86 65.10 64.56 64.26 64.19 64.22 64.28 64.35 64.42 64.47 64.50 64.48 64.40 64.22 63.93 63.53 63.02 62.43 61.76 61.02 60.22 59.38 58.48 57.50 56.42 55.22 53.89 52.41 51.07 50.32 50.18 50.60 51.49 52.82 54.50 56.49 58.65 60.82 62.93 64.94 66.86 68.64 70.29 71.77 73.09 74.30 75.42 76.49 77.55 78.64 79.79 81.02 82.20 83.27 84.22 85.06 85.78 86.40 86.90 87.29 87.48 87.42 87.09
85.82 83.64 81.51 79.40 77.30 75.22 73.17 71.20 69.40 67.79 66.40 65.21 64.24 63.50 62.98 62.70 62.64 62.69 62.78 62.89 63.00 63.12 63.21 63.26 63.27 63.21 63.05 62.78 62.39 61.91 61.33 60.69 59.99 59.22 58.36 57.38 56.28 55.04 53.63 52.05 50.57 49.69 49.41 49.67 50.41 51.56 53.07 54.88 56.92 59.07 61.18 63.19 65.07 66.79 68.35 69.73 70.96 72.08 73.11 74.11 75.11 76.14 77.24 78.42 79.57 80.62 81.56 82.40 83.14 83.78 84.33 84.78 85.12 85.28 85.18
85.09 82.72 80.40 78.15 75.93 73.73 71.59 69.61 67.82 66.24 64.86 63.69 62.74 62.01 61.51 61.24 61.20 61.28 61.40 61.55 61.71 61.88 62.04 62.17 62.26 62.30 62.26 62.13 61.88 61.51 61.07 60.56 59.96 59.26 58.44 57.48 56.37 55.08 53.59 51.91 50.31 49.29 48.87 48.98 49.57 50.56 51.91 53.54 55.39 57.41 59.48 61.46 63.30 64.95 66.40 67.67 68.80 69.82 70.78 71.70 72.62 73.59 74.64 75.78 76.89 77.91 78.85 79.69 80.44 81.11 81.69 82.19 82.61 82.93 83.07
84.48 81.91 79.38 76.92 74.54 72.24 70.09 68.13 66.37 64.80 63.44 62.29 61.36 60.65 60.17 59.92 59.89 59.99 60.14 60.33 60.55 60.78 61.00 61.21 61.39 61.52 61.59 61.58 61.48 61.28 60.99 60.62 60.12 59.50 58.73 57.79 56.66 55.33 53.78 51.99 50.27 49.13 48.57 48.54 48.97 49.81 50.99 52.45 54.12 55.96 57.88 59.80 61.57 63.11 64.44 65.60 66.63 67.55 68.42 69.26 70.12 71.02 72.01 73.10 74.18 75.17 76.09 76.93 77.70 78.39 79.01 79.55 80.02 80.43 80.75
83.97 81.20 78.45 75.75 73.18 70.84 68.71 66.77 65.03 63.48 62.14 61.01 60.10 59.41 58.95 58.71 58.71 58.83 59.01 59.25 59.52 59.80 60.10 60.38 60.64 60.87 61.04 61.16 61.22 61.21 61.09 60.86 60.47 59.93 59.21 58.29 57.15 55.79 54.17 52.29 50.46 49.19 48.50 48.33 48.62 49.30 50.32 51.61 53.11 54.77 56.50 58.24 59.86 61.27 62.48 63.53 64.45 65.28 66.05 66.81 67.59 68.43 69.36 70.40 71.44 72.41 73.31 74.15 74.92 75.63 76.28 76.86 77.39 77.86 78.28
83.56 80.58 77.61 74.71 72.02 69.60 67.46 65.54 63.82 62.29 60.97 59.87 58.97 58.30 57.86 57.64 57.66 57.80 58.02 58.30 58.62 58.97 59.33 59.69 60.04 60.36 60.64 60.90 61.14 61.31 61.37 61.27 61.00 60.54 59.88 58.98 57.85 56.45 54.77 52.80 50.85 49.46 48.65 48.34 48.49 49.03 49.89 51.02 52.35 53.83 55.35 56.82 58.20 59.45 60.54 61.47 62.28 63.00 63.69 64.36 65.06 65.83 66.70 67.69 68.68 69.62 70.51 71.34 72.11 72.84 73.52 74.14 74.72 75.27 75.82
83.22 80.04 76.88 73.88 71.10 68.59 66.37 64.44 62.74 61.24 59.94 58.85 57.98 57.33 56.90 56.71 56.74 56.92 57.17 57.49 57.86 58.27 58.70 59.14 59.58 60.00 60.43 60.86 61.26 61.59 61.80 61.85 61.70 61.33 60.73 59.87 58.73 57.30 55.57 53.52 51.46 49.95 49.01 48.58 48.59 48.98 49.69 50.66 51.83 53.10 54.34 55.52 56.63 57.67 58.61 59.42 60.12 60.75 61.33 61.92 62.54 63.24 64.05 64.98 65.93 66.83 67.69 68.51 69.29 70.03 70.74 71.40 72.04 72.70 73.43
82.97 79.61 76.37 73.30 70.46 67.85 65.53 63.51 61.79 60.31 59.04 57.97 57.12 56.49 56.09 55.92 55.97 56.17 56.46 56.82 57.25 57.72 58.22 58.74 59.27 59.83 60.43 61.03 61.59 62.07 62.42 62.60 62.57 62.30 61.75 60.93 59.80 58.35 56.56 54.43 52.27 50.65 49.59 49.03 48.91 49.16 49.73 50.54 51.50 52.48 53.42 54.32 55.18 55.99 56.74 57.41 58.00 58.52 59.01 59.50 60.04 60.66 61.40 62.28 63.18 64.04 64.88 65.69 66.47 67.22 67.95 68.66 69.40 70.23 71.12
