data_processed/recharge/precip/Precip_1995_10.asc
ncols        168
nrows        136
xllcorner    455000
yllcorner    2107000
cellsize     500
NODATA_value     -99999
[rows 34 to 67 of 136, columns 0 to 76 of 168]
59.39 57.81 56.55 55.61 54.96 54.60 54.50 54.64 54.91 55.16 55.37 55.54 55.67 55.76 55.82 55.84 55.79 55.59 55.23 54.72 54.09 53.34 52.49 51.56 50.57 49.52 48.42 47.26 46.06 44.82 43.55 42.24 40.91 39.57 38.24 37.13 36.35 35.87 35.66 35.68 35.90 36.28 36.78 37.41 38.15 38.98 39.84 40.69 41.48 42.18 42.72 43.08 43.30 43.56 43.89 44.26 44.66 45.07 45.49 45.89 46.27 46.60 46.86 47.03 47.12 47.09 46.93 46.65 46.21 45.64 45.09 44.65 44.34 44.16 44.10 44.19 44.42
58.38 56.67 55.29 54.23 53.47 52.99 52.78 52.83 53.11 53.52 53.91 54.26 54.58 54.87 55.12 55.29 55.31 55.15 54.83 54.36 53.77 53.06 52.25 51.36 50.40 49.39 48.33 47.22 46.06 44.87 43.64 42.38 41.10 39.80 38.49 37.21 36.14 35.40 34.95 34.77 34.81 35.04 35.46 36.07 36.83 37.70 38.62 39.55 40.45 41.28 41.97 42.50 42.91 43.33 43.80 44.29 44.79 45.28 45.75 46.18 46.56 46.87 47.10 47.23 47.22 47.08 46.79 46.34 45.74 45.15 44.65 44.26 43.99 43.83 43.79 43.88 44.10
57.41 55.61 54.14 52.99 52.15 51.60 51.32 51.30 51.53 51.98 52.55 53.10 53.63 54.13 54.55 54.79 54.84 54.72 54.43 54.00 53.45 52.77 52.00 51.15 50.23 49.26 48.23 47.16 46.04 44.89 43.70 42.49 41.25 40.00 38.74 37.48 36.25 35.23 34.52 34.11 33.96 34.06 34.43 35.01 35.76 36.63 37.59 38.58 39.57 40.49 41.31 41.99 42.55 43.12 43.70 44.28 44.85 45.39 45.89 46.33 46.69 46.96 47.13 47.18 47.08 46.81 46.37 45.77 45.15 44.62 44.18 43.84 43.60 43.47 43.44 43.54 43.75
56.50 54.63 53.11 51.91 51.03 50.43 50.12 50.07 50.27 50.71 51.35 52.11 52.87 53.54 54.02 54.30 54.39 54.30 54.05 53.65 53.13 52.49 51.75 50.94 50.05 49.11 48.12 47.09 46.01 44.89 43.75 42.57 41.38 40.18 38.96 37.74 36.52 35.35 34.38 33.73 33.40 33.40 33.68 34.20 34.92 35.78 36.75 37.78 38.82 39.82 40.74 41.54 42.24 42.92 43.59 44.24 44.86 45.43 45.92 46.34 46.66 46.87 46.95 46.89 46.67 46.26 45.68 45.07 44.53 44.07 43.69 43.39 43.19 43.08 43.07 43.17 43.37
55.65 53.76 52.22 51.01 50.11 49.51 49.19 49.15 49.36 49.80 50.48 51.35 52.26 53.00 53.52 53.83 53.95 53.89 53.67 53.31 52.82 52.21 51.50 50.72 49.86 48.96 48.00 47.00 45.95 44.88 43.77 42.63 41.48 40.32 39.14 37.97 36.80 35.64 34.52 33.66 33.18 33.04 33.22 33.66 34.32 35.15 36.10 37.14 38.20 39.26 40.26 41.16 41.96 42.73 43.47 44.17 44.81 45.37 45.85 46.22 46.47 46.59 46.55 46.36 45.98 45.45 44.87 44.35 43.88 43.49 43.16 42.92 42.75 42.66 42.67 42.77 42.96
54.88 53.00 51.47 50.28 49.40 48.83 48.55 48.55 48.80 49.29 50.01 50.88 51.74 52.49 53.04 53.38 53.53 53.50 53.31 52.97 52.51 51.93 51.26 50.50 49.67 48.80 47.87 46.90 45.89 44.84 43.77 42.67 41.56 40.43 39.30 38.17 37.04 35.92 34.87 33.94 33.29 33.01 33.05 33.39 33.96 34.73 35.64 36.66 37.73 38.82 39.87 40.84 41.72 42.56 43.34 44.06 44.69 45.23 45.66 45.96 46.12 46.12 45.95 45.59 45.07 44.52 44.03 43.60 43.21 42.89 42.62 42.42 42.28 42.22 42.24 42.34 42.53
54.20 52.36 50.88 49.74 48.93 48.42 48.21 48.27 48.60 49.18 49.91 50.66 51.37 52.03 52.59 52.95 53.12 53.12 52.96 52.65 52.21 51.66 51.01 50.28 49.48 48.63 47.73 46.79 45.81 44.80 43.75 42.69 41.61 40.52 39.43 38.33 37.25 36.22 35.28 34.44 33.73 33.28 33.18 33.38 33.84 34.52 35.37 36.34 37.40 38.49 39.56 40.58 41.52 42.40 43.20 43.91 44.52 45.00 45.36 45.56 45.60 45.46 45.13 44.62 44.08 43.60 43.18 42.83 42.52 42.26 42.05 41.89 41.80 41.76 41.79 41.89 42.07
53.61 51.86 50.46 49.41 48.69 48.28 48.17 48.34 48.78 49.40 50.02 50.62 51.18 51.70 52.18 52.55 52.75 52.77 52.63 52.34 51.93 51.40 50.78 50.07 49.30 48.47 47.59 46.68 45.72 44.74 43.73 42.69 41.65 40.59 39.53 38.48 37.47 36.56 35.74 35.02 34.38 33.86 33.58 33.63 33.96 34.52 35.28 36.19 37.20 38.27 39.35 40.39 41.36 42.25 43.04 43.72 44.28 44.69 44.94 45.03 44.92 44.62 44.13 43.61 43.13 42.70 42.34 42.05 41.81 41.62 41.46 41.35 41.29 41.27 41.32 41.42 41.59
53.14 51.50 50.22 49.29 48.70 48.42 48.45 48.76 49.27 49.79 50.28 50.74 51.16 51.54 51.89 52.19 52.39 52.43 52.32 52.05 51.66 51.16 50.55 49.86 49.11 48.30 47.45 46.56 45.63 44.67 43.68 42.68 41.66 40.64 39.62 38.64 37.75 36.95 36.25 35.63 35.09 34.63 34.27 34.14 34.31 34.74 35.39 36.20 37.15 38.17 39.22 40.26 41.24 42.12 42.88 43.50 43.98 44.29 44.42 44.36 44.09 43.63 43.11 42.64 42.22 41.85 41.54 41.29 41.09 40.96 40.86 40.79 40.76 40.77 40.82 40.93 41.09
52.78 51.29 50.17 49.40 48.97 48.86 49.06 49.46 49.89 50.28 50.65 50.98 51.27 51.53 51.75 51.94 52.08 52.13 52.03 51.78 51.41 50.92 50.34 49.67 48.93 48.14 47.31 46.44 45.53 44.59 43.63 42.66 41.67 40.68 39.73 38.86 38.09 37.40 36.79 36.26 35.81 35.44 35.13 34.91 34.90 35.17 35.68 36.38 37.23 38.17 39.18 40.19 41.15 42.00 42.70 43.24 43.61 43.80 43.78 43.55 43.12 42.63 42.17 41.76 41.39 41.06 40.79 40.57 40.40 40.29 40.24 40.21 40.22 40.25 40.31 40.42 40.57
52.56 51.25 50.32 49.74 49.51 49.60 49.91 50.25 50.57 50.85 51.10 51.32 51.50 51.65 51.76 51.83 51.87 51.86 51.76 51.53 51.18 50.70 50.13 49.48 48.76 47.99 47.17 46.32 45.43 44.52 43.58 42.62 41.66 40.74 39.90 39.15 38.48 37.89 37.37 36.93 36.56 36.25 36.01 35.83 35.72 35.81 36.16 36.71 37.44 38.29 39.22 40.19 41.10 41.89 42.50 42.94 43.18 43.22 43.03 42.64 42.17 41.74 41.33 40.96 40.63 40.34 40.10 39.90 39.75 39.65 39.61 39.62 39.66 39.71 39.79 39.89 40.03
52.48 51.39 50.68 50.33 50.33 50.56 50.82 51.06 51.27 51.45 51.60 51.72 51.80 51.85 51.87 51.84 51.78 51.68 51.54 51.31 50.97 50.51 49.95 49.31 48.60 47.84 47.04 46.20 45.33 44.43 43.52 42.59 41.69 40.88 40.15 39.49 38.92 38.42 37.99 37.62 37.32 37.08 36.89 36.76 36.67 36.66 36.82 37.21 37.79 38.52 39.35 40.24 41.09 41.79 42.30 42.60 42.69 42.55 42.20 41.77 41.36 40.97 40.60 40.27 39.97 39.71 39.48 39.30 39.16 39.06 39.02 39.03 39.08 39.16 39.25 39.35 39.48
52.55 51.72 51.27 51.18 51.34 51.54 51.71 51.86 51.98 52.07 52.14 52.16 52.16 52.12 52.05 51.94 51.80 51.61 51.39 51.12 50.78 50.33 49.78 49.15 48.46 47.71 46.92 46.09 45.24 44.35 43.46 42.59 41.80 41.09 40.46 39.90 39.41 38.99 38.63 38.33 38.09 37.90 37.76 37.67 37.62 37.62 37.66 37.87 38.28 38.87 39.57 40.36 41.12 41.70 42.08 42.23 42.14 41.83 41.44 41.06 40.69 40.34 40.01 39.70 39.42 39.17 38.96 38.78 38.64 38.53 38.48 38.47 38.51 38.59 38.69 38.79 38.91
52.79 52.25 52.08 52.18 52.33 52.45 52.55 52.62 52.66 52.68 52.66 52.62 52.54 52.43 52.28 52.10 51.89 51.63 51.34 51.00 50.62 50.18 49.64 49.02 48.33 47.59 46.81 45.99 45.14 44.28 43.44 42.68 41.99 41.38 40.83 40.36 39.95 39.60 39.30 39.06 38.87 38.73 38.63 38.57 38.55 38.56 38.60 38.68 38.91 39.32 39.88 40.53 41.17 41.62 41.84 41.81 41.56 41.21 40.86 40.51 40.18 39.86 39.55 39.26 39.00 38.75 38.54 38.35 38.20 38.09 38.01 37.97 37.98 38.03 38.13 38.23 38.33
53.21 52.98 53.03 53.13 53.21 53.26 53.30 53.30 53.28 53.24 53.16 53.05 52.91 52.74 52.54 52.30 52.02 51.71 51.35 50.96 50.53 50.05 49.52 48.90 48.22 47.48 46.71 45.90 45.07 44.26 43.52 42.85 42.26 41.73 41.27 40.87 40.53 40.24 40.00 39.81 39.66 39.55 39.48 39.45 39.44 39.46 39.50 39.56 39.66 39.88 40.27 40.77 41.27 41.56 41.59 41.39 41.09 40.78 40.46 40.15 39.84 39.54 39.25 38.97 38.71 38.46 38.24 38.04 37.87 37.73 37.62 37.55 37.51 37.52 37.57 37.65 37.74
53.80 53.81 53.88 53.93 53.95 53.96 53.93 53.89 53.82 53.72 53.59 53.44 53.25 53.03 52.78 52.49 52.17 51.81 51.41 50.98 50.50 49.98 49.42 48.81 48.13 47.39 46.62 45.82 45.04 44.33 43.69 43.12 42.61 42.16 41.77 41.43 41.15 40.91 40.72 40.57 40.45 40.37 40.32 40.30 40.30 40.32 40.35 40.41 40.47 40.55 40.74 41.07 41.40 41.50 41.36 41.11 40.85 40.57 40.28 39.99 39.70 39.41 39.12 38.84 38.57 38.32 38.08 37.85 37.65 37.48 37.33 37.21 37.12 37.07 37.06 37.09 37.15
54.48 54.52 54.54 54.55 54.53 54.49 54.43 54.35 54.24 54.10 53.94 53.74 53.52 53.26 52.98 52.66 52.30 51.91 51.48 51.01 50.51 49.96 49.37 48.74 48.06 47.33 46.56 45.81 45.12 44.51 43.95 43.46 43.03 42.65 42.32 42.04 41.81 41.61 41.46 41.34 41.24 41.18 41.14 41.12 41.12 41.13 41.15 41.18 41.22 41.25 41.29 41.43 41.56 41.49 41.30 41.08 40.84 40.59 40.32 40.04 39.76 39.47 39.18 38.89 38.61 38.33 38.06 37.81 37.57 37.35 37.15 36.97 36.82 36.71 36.62 36.57 36.56
54.97 54.99 54.98 54.96 54.91 54.85 54.76 54.65 54.51 54.35 54.16 53.94 53.69 53.42 53.11 52.77 52.39 51.98 51.53 51.05 50.52 49.96 49.35 48.71 48.02 47.29 46.57 45.91 45.31 44.78 44.31 43.89 43.52 43.20 42.93 42.69 42.50 42.34 42.21 42.11 42.03 41.98 41.94 41.92 41.90 41.90 41.89 41.89 41.89 41.88 41.86 41.84 41.80 41.67 41.50 41.31 41.09 40.86 40.60 40.33 40.04 39.74 39.44 39.13 38.82 38.51 38.21 37.91 37.62 37.35 37.09 36.85 36.63 36.44 36.27 36.14 36.03
55.26 55.25 55.23 55.18 55.12 55.04 54.93 54.80 54.65 54.47 54.27 54.04 53.78 53.48 53.16 52.81 52.42 52.00 51.54 51.05 50.52 49.95 49.33 48.68 47.99 47.30 46.66 46.09 45.58 45.13 44.72 44.37 44.06 43.79 43.56 43.37 43.20 43.07 42.96 42.87 42.80 42.74 42.70 42.66 42.63 42.60 42.56 42.52 42.47 42.41 42.33 42.24 42.15 42.05 41.91 41.74 41.53 41.30 41.05 40.77 40.48 40.17 39.85 39.51 39.17 38.83 38.48 38.14 37.79 37.46 37.14 36.83 36.53 36.25 36.00 35.77 35.57
55.53 55.49 55.45 55.38 55.30 55.20 55.07 54.93 54.76 54.56 54.34 54.10 53.82 53.52 53.19 52.82 52.42 51.99 51.52 51.02 50.48 49.90 49.28 48.62 47.96 47.34 46.78 46.29 45.86 45.47 45.13 44.84 44.58 44.35 44.16 44.00 43.86 43.74 43.64 43.56 43.49 43.42 43.37 43.31 43.25 43.18 43.11 43.02 42.92 42.79 42.66 42.54 42.45 42.36 42.25 42.10 41.92 41.70 41.45 41.18 40.88 40.56 40.22 39.86 39.50 39.12 38.73 38.34 37.95 37.56 37.17 36.79 36.43 36.07 35.73 35.41 35.11
55.81 55.76 55.69 55.60 55.49 55.37 55.22 55.06 54.87 54.66 54.42 54.15 53.86 53.54 53.19 52.81 52.40 51.96 51.48 50.96 50.41 49.82 49.19 48.56 47.96 47.40 46.91 46.50 46.13 45.81 45.52 45.28 45.06 44.87 44.71 44.57 44.45 44.35 44.25 44.17 44.09 44.01 43.93 43.84 43.75 43.64 43.52 43.38 43.22 43.04 42.87 42.74 42.65 42.56 42.47 42.35 42.19 41.99 41.75 41.49 41.19 40.86 40.51 40.14 39.75 39.34 38.92 38.49 38.06 37.62 37.17 36.73 36.30 35.87 35.45 35.04 34.64
56.10 56.04 55.95 55.84 55.71 55.56 55.39 55.20 54.99 54.75 54.49 54.21 53.90 53.56 53.19 52.79 52.36 51.90 51.41 50.88 50.31 49.71 49.10 48.53 47.99 47.49 47.06 46.70 46.40 46.13 45.90 45.69 45.51 45.36 45.22 45.10 44.99 44.89 44.79 44.70 44.60 44.50 44.40 44.28 44.14 43.99 43.81 43.61 43.39 43.18 43.00 42.87 42.77 42.68 42.58 42.48 42.35 42.17 41.95 41.69 41.40 41.08 40.72 40.34 39.93 39.50 39.06 38.59 38.12 37.63 37.14 36.64 36.14 35.64 35.15 34.66 34.16
56.41 56.34 56.24 56.10 55.94 55.76 55.57 55.35 55.12 54.86 54.58 54.27 53.93 53.57 53.18 52.77 52.32 51.84 51.32 50.77 50.19 49.61 49.06 48.54 48.05 47.60 47.23 46.92 46.66 46.44 46.25 46.08 45.94 45.80 45.68 45.57 45.47 45.36 45.26 45.15 45.03 44.91 44.76 44.60 44.42 44.21 43.98 43.72 43.46 43.23 43.05 42.91 42.81 42.72 42.61 42.51 42.39 42.24 42.05 41.81 41.53 41.21 40.85 40.46 40.05 39.60 39.13 38.64 38.13 37.60 37.07 36.52 35.96 35.40 34.83 34.25 33.64
56.72 56.65 56.54 56.39 56.20 56.00 55.77 55.53 55.26 54.98 54.67 54.33 53.97 53.59 53.18 52.73 52.26 51.76 51.22 50.66 50.09 49.55 49.05 48.58 48.14 47.74 47.40 47.13 46.92 46.74 46.59 46.46 46.33 46.22 46.11 46.00 45.89 45.78 45.66 45.53 45.38 45.22 45.04 44.83 44.59 44.32 44.03 43.73 43.46 43.22 43.03 42.89 42.79 42.69 42.58 42.46 42.34 42.21 42.04 41.82 41.56 41.25 40.90 40.52 40.09 39.63 39.15 38.63 38.10 37.54 36.96 36.37 35.76 35.13 34.48 33.80 33.11
57.04 56.96 56.85 56.69 56.49 56.26 56.00 55.73 55.43 55.11 54.77 54.41 54.02 53.61 53.17 52.70 52.20 51.68 51.12 50.56 50.04 49.55 49.09 48.66 48.25 47.88 47.58 47.35 47.17 47.03 46.92 46.81 46.70 46.60 46.49 46.38 46.26 46.14 45.99 45.83 45.65 45.45 45.22 44.96 44.66 44.33 43.99 43.68 43.39 43.14 42.94 42.80 42.70 42.59 42.48 42.36 42.23 42.09 41.93 41.74 41.50 41.21 40.88 40.49 40.07 39.61 39.11 38.58 38.02 37.43 36.82 36.19 35.53 34.83 34.09 33.34 32.57
57.36 57.29 57.17 57.00 56.80 56.55 56.26 55.95 55.62 55.27 54.90 54.50 54.09 53.64 53.17 52.68 52.15 51.60 51.05 50.53 50.04 49.59 49.16 48.76 48.39 48.05 47.77 47.57 47.42 47.30 47.22 47.14 47.05 46.95 46.84 46.72 46.59 46.44 46.27 46.07 45.85 45.60 45.31 44.98 44.63 44.26 43.90 43.56 43.26 43.00 42.80 42.65 42.55 42.44 42.33 42.20 42.06 41.91 41.75 41.57 41.36 41.09 40.77 40.40 39.98 39.52 39.02 38.48 37.90 37.29 36.65 35.97 35.25 34.48 33.68 32.85 32.01
57.70 57.62 57.50 57.33 57.11 56.85 56.55 56.21 55.84 55.46 55.05 54.62 54.17 53.69 53.19 52.66 52.11 51.55 51.03 50.55 50.09 49.67 49.27 48.90 48.54 48.22 47.96 47.78 47.65 47.56 47.49 47.43 47.36 47.27 47.16 47.02 46.86 46.68 46.48 46.24 45.97 45.66 45.31 44.93 44.52 44.13 43.75 43.40 43.08 42.82 42.60 42.45 42.35 42.24 42.12 41.99 41.84 41.68 41.51 41.33 41.13 40.89 40.59 40.24 39.83 39.37 38.87 38.32 37.73 37.11 36.43 35.70 34.92 34.09 33.23 32.34 31.45
58.04 57.96 57.84 57.66 57.44 57.17 56.86 56.50 56.10 55.67 55.23 54.76 54.27 53.76 53.22 52.66 52.10 51.58 51.09 50.63 50.20 49.79 49.41 49.05 48.72 48.41 48.16 47.99 47.87 47.79 47.73 47.69 47.63 47.55 47.44 47.28 47.10 46.88 46.63 46.34 46.02 45.65 45.24 44.81 44.37 43.96 43.56 43.19 42.86 42.58 42.36 42.21 42.11 42.01 41.88 41.74 41.59 41.42 41.24 41.04 40.83 40.60 40.33 40.00 39.61 39.17 38.67 38.12 37.53 36.88 36.16 35.38 34.55 33.67 32.76 31.83 30.88
58.39 58.31 58.18 58.01 57.78 57.50 57.18 56.80 56.38 55.92 55.44 54.93 54.40 53.85 53.28 52.71 52.17 51.67 51.20 50.76 50.34 49.95 49.59 49.24 48.91 48.60 48.36 48.19 48.07 48.00 47.95 47.91 47.86 47.78 47.67 47.50 47.29 47.03 46.73 46.39 46.00 45.56 45.11 44.64 44.18 43.74 43.32 42.94 42.60 42.31 42.09 41.94 41.84 41.73 41.61 41.46 41.30 41.13 40.93 40.73 40.50 40.26 40.00 39.70 39.33 38.90 38.42 37.88 37.27 36.59 35.83 35.01 34.14 33.22 32.27 31.30 30.32
58.75 58.67 58.54 58.36 58.13 57.84 57.51 57.12 56.69 56.21 55.69 55.14 54.57 53.98 53.39 52.84 52.32 51.83 51.38 50.94 50.54 50.15 49.79 49.44 49.11 48.80 48.55 48.38 48.26 48.18 48.13 48.08 48.03 47.95 47.84 47.67 47.43 47.13 46.77 46.37 45.92 45.43 44.94 44.45 43.96 43.50 43.06 42.66 42.31 42.02 41.79 41.64 41.54 41.43 41.30 41.16 40.99 40.81 40.60 40.38 40.15 39.89 39.62 39.33 38.99 38.58 38.11 37.57 36.94 36.23 35.45 34.60 33.70 32.75 31.77 30.77 29.76
59.12 59.04 58.91 58.72 58.49 58.20 57.85 57.46 57.01 56.52 55.97 55.38 54.77 54.16 53.59 53.05 52.54 52.06 51.61 51.18 50.78 50.39 50.02 49.67 49.32 49.00 48.74 48.56 48.43 48.34 48.27 48.22 48.15 48.07 47.94 47.76 47.51 47.18 46.77 46.30 45.79 45.27 44.75 44.22 43.71 43.23 42.77 42.36 41.99 41.69 41.46 41.31 41.22 41.11 40.98 40.83 40.66 40.47 40.26 40.03 39.78 39.51 39.22 38.91 38.59 38.21 37.75 37.19 36.55 35.81 35.01 34.14 33.22 32.26 31.26 30.24 29.21
59.50 59.42 59.29 59.10 58.86 58.56 58.21 57.81 57.35 56.84 56.28 55.67 55.04 54.44 53.87 53.34 52.83 52.35 51.90 51.46 51.05 50.66 50.27 49.91 49.55 49.20 48.93 48.72 48.57 48.46 48.38 48.31 48.22 48.12 47.98 47.78 47.51 47.16 46.71 46.19 45.65 45.09 44.53 43.98 43.45 42.94 42.46 42.04 41.66 41.36 41.12 40.97 40.88 40.77 40.64 40.49 40.32 40.12 39.90 39.66 39.40 39.12 38.81 38.49 38.14 37.76 37.30 36.74 36.08 35.34 34.52 33.65 32.72 31.75 30.74 29.72 28.68
59.88 59.81 59.67 59.49 59.24 58.94 58.58 58.17 57.70 57.18 56.60 56.00 55.40 54.81 54.24 53.70 53.19 52.70 52.24 51.79 51.37 50.95 50.55 50.16 49.78 49.41 49.10 48.87 48.69 48.56 48.45 48.35 48.24 48.11 47.94 47.72 47.42 47.05 46.60 46.07 45.49 44.90 44.31 43.73 43.17 42.64 42.15 41.71 41.32 41.01 40.77 40.63 40.54 40.43 40.30 40.15 39.97 39.77 39.54 39.29 39.02 38.72 38.40 38.06 37.69 37.26 36.77 36.21 35.55 34.81 34.00 33.12 32.19 31.22 30.22 29.20 28.17
60.27 60.20 60.07 59.88 59.63 59.33 58.96 58.54 58.06 57.53 56.97 56.40 55.83 55.26 54.69 54.14 53.62 53.12 52.63 52.17 51.72 51.28 50.85 50.43 50.01 49.61 49.27 49.00 48.79 48.62 48.47 48.34 48.20 48.03 47.83 47.57 47.25 46.86 46.41 45.90 45.32 44.70 44.07 43.47 42.88 42.33 41.83 41.37 40.98 40.66 40.42 40.28 40.19 40.09 39.96 39.81 39.63 39.42 39.19 38.93 38.64 38.34 38.00 37.63 37.21 36.72 36.19 35.61 34.96 34.23 33.43 32.57 31.65 30.69 29.71 28.70 27.68
