data_processed/recharge/precip/Precip_2002_01.asc
ncols        168
nrows        136
xllcorner    455000
yllcorner    2107000
cellsize     500
NODATA_value     -99999
[rows 72 to 107 of 136, columns 0 to 81 of 168]
34.92 33.86 32.83 31.83 30.86 29.94 29.05 28.20 27.40 26.64 25.93 25.28 24.67 24.13 23.64 23.21 22.85 22.55 22.29 22.03 21.75 21.46 21.16 20.84 20.52 20.19 19.85 19.50 19.14 18.78 18.40 18.03 17.64 17.26 16.86 16.47 16.07 15.67 15.27 14.86 14.45 14.03 13.57 13.07 12.54 11.97 11.38 10.76 10.11 9.44 8.74 8.03 7.31 6.60 5.89 5.18 4.48 3.78 3.09 2.41 1.73 1.06 0.40 0.00 0.00 0.00 0.00 0.00 0.00 0.00 0.00 0.00 0.00 0.00 0.00 0.00 0.00 0.00 0.00 0.00 0.00 0.00
35.14 34.10 33.08 32.10 31.16 30.25 29.38 28.55 27.77 27.03 26.34 25.70 25.11 24.58 24.11 23.70 23.35 23.07 22.83 22.58 22.31 22.03 21.74 21.44 21.13 20.81 20.48 20.14 19.79 19.43 19.07 18.70 18.32 17.94 17.55 17.16 16.76 16.36 15.96 15.56 15.13 14.67 14.17 13.64 13.07 12.47 11.85 11.20 10.52 9.81 9.09 8.35 7.59 6.83 6.07 5.33 4.59 3.85 3.13 2.41 1.70 1.01 0.32 0.00 0.00 0.00 0.00 0.00 0.00 0.00 0.00 0.00 0.00 0.00 0.00 0.00 0.00 0.00 0.00 0.00 0.00 0.00
35.36 34.34 33.35 32.39 31.46 30.57 29.72 28.91 28.14 27.42 26.75 26.13 25.56 25.05 24.60 24.20 23.87 23.60 23.37 23.14 22.88 22.62 22.34 22.06 21.76 21.44 21.12 20.79 20.45 20.10 19.75 19.38 19.01 18.63 18.25 17.86 17.47 17.07 16.67 16.25 15.79 15.29 14.76 14.19 13.59 12.97 12.31 11.63 10.92 10.19 9.44 8.67 7.89 7.09 6.29 5.50 4.73 3.96 3.20 2.45 1.71 0.99 0.27 0.00 0.00 0.00 0.00 0.00 0.00 0.00 0.00 0.00 0.00 0.00 0.00 0.00 0.00 0.00 0.00 0.00 0.00 0.00
35.58 34.58 33.61 32.67 31.77 30.90 30.07 29.28 28.53 27.83 27.17 26.57 26.02 25.52 25.09 24.71 24.39 24.14 23.93 23.71 23.47 23.22 22.96 22.68 22.39 22.09 21.78 21.46 21.13 20.79 20.44 20.08 19.71 19.34 18.96 18.58 18.19 17.80 17.38 16.92 16.43 15.90 15.33 14.74 14.11 13.45 12.77 12.06 11.33 10.57 9.80 9.01 8.20 7.38 6.55 5.72 4.90 4.10 3.31 2.53 1.77 1.01 0.28 0.00 0.00 0.00 0.00 0.00 0.00 0.00 0.00 0.00 0.00 0.00 0.00 0.00 0.00 0.00 0.00 0.00 0.00 0.00
35.81 34.83 33.89 32.97 32.08 31.23 30.42 29.65 28.92 28.24 27.60 27.02 26.48 26.01 25.59 25.22 24.93 24.69 24.49 24.29 24.06 23.83 23.58 23.31 23.04 22.75 22.45 22.14 21.81 21.48 21.14 20.79 20.43 20.07 19.69 19.31 18.93 18.52 18.07 17.58 17.05 16.49 15.90 15.27 14.62 13.93 13.22 12.49 11.73 10.96 10.16 9.35 8.52 7.68 6.83 5.97 5.12 4.28 3.46 2.65 1.86 1.09 0.33 0.00 0.00 0.00 0.00 0.00 0.00 0.00 0.00 0.00 0.00 0.00 0.00 0.00 0.00 0.00 0.00 0.00 0.00 0.00
36.05 35.09 34.16 33.26 32.40 31.57 30.78 30.03 29.32 28.66 28.04 27.47 26.96 26.50 26.09 25.75 25.47 25.25 25.07 24.88 24.67 24.45 24.21 23.96 23.69 23.42 23.13 22.83 22.51 22.19 21.86 21.51 21.16 20.80 20.44 20.06 19.66 19.22 18.74 18.22 17.66 17.07 16.45 15.80 15.12 14.41 13.68 12.92 12.15 11.35 10.54 9.70 8.86 8.00 7.14 6.26 5.39 4.52 3.66 2.83 2.01 1.21 0.43 0.00 0.00 0.00 0.00 0.00 0.00 0.00 0.00 0.00 0.00 0.00 0.00 0.00 0.00 0.00 0.00 0.00 0.00 0.00
36.28 35.35 34.44 33.57 32.72 31.92 31.14 30.41 29.72 29.08 28.48 27.93 27.44 27.00 26.61 26.28 26.02 25.82 25.65 25.48 25.28 25.08 24.85 24.62 24.36 24.10 23.82 23.53 23.22 22.91 22.59 22.25 21.91 21.55 21.19 20.80 20.37 19.90 19.39 18.84 18.26 17.65 17.00 16.33 15.62 14.89 14.14 13.36 12.57 11.75 10.92 10.07 9.21 8.34 7.47 6.58 5.69 4.79 3.91 3.05 2.21 1.39 0.59 0.00 0.00 0.00 0.00 0.00 0.00 0.00 0.00 0.00 0.00 0.00 0.00 0.00 0.00 0.00 0.00 0.00 0.00 0.00
36.50 35.61 34.73 33.88 33.05 32.27 31.52 30.81 30.14 29.51 28.93 28.40 27.93 27.50 27.14 26.83 26.58 26.39 26.25 26.09 25.91 25.72 25.51 25.28 25.04 24.79 24.52 24.24 23.95 23.64 23.33 23.00 22.66 22.32 21.94 21.52 21.06 20.57 20.03 19.46 18.85 18.21 17.55 16.85 16.12 15.37 14.60 13.81 13.00 12.16 11.32 10.46 9.59 8.71 7.82 6.92 6.02 5.12 4.22 3.33 2.46 1.62 0.80 0.01 0.00 0.00 0.00 0.00 0.00 0.00 0.00 0.00 0.00 0.00 0.00 0.00 0.00 0.00 0.00 0.00 0.00 0.00
36.71 35.86 35.02 34.19 33.39 32.62 31.89 31.20 30.55 29.95 29.39 28.88 28.42 28.02 27.67 27.38 27.15 26.98 26.85 26.70 26.54 26.37 26.17 25.96 25.73 25.49 25.24 24.97 24.68 24.39 24.08 23.76 23.43 23.07 22.67 22.23 21.74 21.22 20.66 20.06 19.44 18.78 18.09 17.37 16.63 15.86 15.07 14.26 13.44 12.59 11.73 10.86 9.98 9.09 8.19 7.29 6.38 5.47 4.57 3.66 2.78 1.91 1.08 0.27 0.00 0.00 0.00 0.00 0.00 0.00 0.00 0.00 0.00 0.00 0.00 0.00 0.00 0.00 0.00 0.00 0.00 0.00
36.88 36.08 35.29 34.50 33.73 32.98 32.28 31.61 30.98 30.39 29.85 29.36 28.93 28.54 28.21 27.94 27.72 27.57 27.46 27.33 27.19 27.02 26.84 26.65 26.43 26.20 25.96 25.70 25.43 25.15 24.85 24.54 24.19 23.81 23.38 22.91 22.41 21.86 21.28 20.66 20.01 19.33 18.63 17.89 17.14 16.35 15.55 14.73 13.89 13.04 12.17 11.29 10.40 9.50 8.60 7.69 6.78 5.87 4.96 4.05 3.15 2.27 1.42 0.59 0.00 0.00 0.00 0.00 0.00 0.00 0.00 0.00 0.00 0.00 0.00 0.00 0.00 0.00 0.00 0.00 0.00 0.00
37.04 36.28 35.53 34.80 34.07 33.35 32.66 32.02 31.41 30.84 30.33 29.85 29.43 29.07 28.76 28.50 28.31 28.18 28.08 27.97 27.84 27.69 27.53 27.34 27.14 26.93 26.70 26.45 26.19 25.91 25.62 25.30 24.94 24.53 24.08 23.59 23.06 22.49 21.89 21.26 20.59 19.89 19.17 18.42 17.65 16.86 16.04 15.21 14.36 13.50 12.62 11.74 10.84 9.94 9.03 8.12 7.21 6.30 5.39 4.48 3.58 2.69 1.82 0.99 0.18 0.00 0.00 0.00 0.00 0.00 0.00 0.00 0.00 0.00 0.00 0.00 0.00 0.00 0.00 0.00 0.00 0.00
37.16 36.45 35.75 35.07 34.39 33.71 33.06 32.43 31.84 31.30 30.80 30.35 29.95 29.60 29.31 29.08 28.90 28.79 28.71 28.61 28.50 28.37 28.22 28.05 27.87 27.66 27.44 27.21 26.96 26.69 26.39 26.05 25.66 25.23 24.76 24.25 23.70 23.12 22.50 21.85 21.16 20.46 19.72 18.96 18.18 17.37 16.55 15.71 14.85 13.98 13.10 12.21 11.31 10.41 9.50 8.59 7.68 6.76 5.86 4.96 4.06 3.17 2.30 1.45 0.64 0.00 0.00 0.00 0.00 0.00 0.00 0.00 0.00 0.00 0.00 0.00 0.00 0.00 0.00 0.00 0.00 0.00
37.26 36.59 35.94 35.31 34.68 34.06 33.45 32.85 32.28 31.76 31.28 30.85 30.47 30.15 29.87 29.66 29.50 29.40 29.34 29.27 29.17 29.06 28.92 28.77 28.60 28.41 28.20 27.98 27.74 27.46 27.15 26.78 26.37 25.92 25.43 24.90 24.34 23.74 23.10 22.44 21.74 21.02 20.27 19.50 18.71 17.90 17.07 16.22 15.36 14.49 13.60 12.71 11.81 10.91 10.00 9.09 8.18 7.28 6.37 5.48 4.59 3.71 2.85 1.99 1.17 0.38 0.00 0.00 0.00 0.00 0.00 0.00 0.00 0.00 0.00 0.00 0.00 0.00 0.00 0.00 0.00 0.00
37.32 36.70 36.10 35.51 34.94 34.37 33.81 33.27 32.73 32.23 31.77 31.36 31.00 30.70 30.44 30.25 30.11 30.03 29.99 29.93 29.85 29.75 29.63 29.49 29.34 29.16 28.97 28.76 28.51 28.22 27.88 27.49 27.07 26.60 26.09 25.55 24.97 24.35 23.71 23.03 22.32 21.59 20.84 20.06 19.26 18.44 17.61 16.76 15.89 15.02 14.13 13.24 12.34 11.44 10.54 9.63 8.73 7.83 6.94 6.05 5.17 4.30 3.45 2.61 1.78 0.99 0.24 0.00 0.00 0.00 0.00 0.00 0.00 0.00 0.00 0.00 0.00 0.00 0.00 0.00 0.00 0.00
37.34 36.77 36.22 35.68 35.16 34.65 34.15 33.66 33.17 32.70 32.27 31.88 31.54 31.25 31.02 30.84 30.72 30.66 30.64 30.60 30.54 30.46 30.35 30.23 30.09 29.92 29.74 29.53 29.26 28.95 28.59 28.19 27.75 27.27 26.74 26.19 25.59 24.97 24.31 23.63 22.91 22.17 21.41 20.63 19.83 19.00 18.17 17.32 16.45 15.58 14.70 13.81 12.91 12.01 11.12 10.22 9.32 8.43 7.55 6.67 5.80 4.95 4.11 3.28 2.47 1.68 0.93 0.22 0.00 0.00 0.00 0.00 0.00 0.00 0.00 0.00 0.00 0.00 0.00 0.00 0.00 0.00
37.32 36.80 36.30 35.82 35.35 34.89 34.45 34.02 33.59 33.17 32.76 32.40 32.08 31.81 31.60 31.44 31.34 31.30 31.30 31.28 31.23 31.17 31.08 30.97 30.85 30.70 30.51 30.28 30.00 29.67 29.30 28.88 28.42 27.93 27.39 26.82 26.22 25.59 24.92 24.23 23.51 22.77 22.00 21.21 20.41 19.59 18.75 17.90 17.04 16.17 15.29 14.40 13.52 12.62 11.73 10.85 9.96 9.08 8.21 7.34 6.49 5.65 4.83 4.02 3.23 2.46 1.71 1.00 0.33 0.00 0.00 0.00 0.00 0.00 0.00 0.00 0.00 0.00 0.00 0.00 0.00 0.00
37.26 36.79 36.35 35.91 35.50 35.10 34.71 34.34 33.97 33.61 33.26 32.92 32.63 32.38 32.19 32.05 31.97 31.95 31.97 31.96 31.94 31.89 31.82 31.73 31.61 31.46 31.26 31.01 30.71 30.37 29.98 29.56 29.09 28.58 28.04 27.46 26.85 26.21 25.54 24.84 24.12 23.37 22.60 21.82 21.01 20.19 19.36 18.51 17.65 16.79 15.92 15.04 14.16 13.28 12.40 11.52 10.65 9.78 8.92 8.07 7.24 6.41 5.61 4.82 4.05 3.30 2.57 1.87 1.21 0.60 0.04 0.00 0.00 0.00 0.00 0.00 0.00 0.00 0.00 0.00 0.00 0.00
37.16 36.74 36.34 35.97 35.61 35.26 34.93 34.62 34.31 34.01 33.73 33.45 33.18 32.95 32.78 32.67 32.61 32.61 32.64 32.66 32.65 32.62 32.56 32.49 32.37 32.21 31.99 31.73 31.42 31.06 30.66 30.22 29.75 29.23 28.68 28.10 27.48 26.84 26.16 25.46 24.74 23.99 23.23 22.44 21.64 20.82 19.99 19.15 18.30 17.44 16.58 15.71 14.84 13.97 13.11 12.24 11.38 10.53 9.69 8.86 8.04 7.24 6.45 5.69 4.94 4.21 3.51 2.84 2.19 1.59 1.03 0.53 0.08 0.00 0.00 0.00 0.00 0.00 0.00 0.00 0.00 0.00
37.01 36.64 36.29 35.97 35.67 35.38 35.11 34.85 34.61 34.38 34.15 33.94 33.73 33.53 33.38 33.29 33.25 33.27 33.32 33.36 33.37 33.35 33.32 33.24 33.11 32.93 32.70 32.43 32.11 31.74 31.33 30.89 30.40 29.88 29.33 28.74 28.12 27.47 26.80 26.10 25.38 24.63 23.87 23.09 22.29 21.48 20.66 19.82 18.98 18.13 17.28 16.43 15.57 14.71 13.86 13.01 12.17 11.34 10.52 9.71 8.91 8.13 7.37 6.62 5.90 5.20 4.53 3.88 3.26 2.68 2.14 1.65 1.21 0.83 0.49 0.19 0.00 0.00 0.00 0.00 0.00 0.00
36.80 36.49 36.20 35.93 35.68 35.45 35.24 35.04 34.86 34.69 34.53 34.38 34.24 34.11 33.99 33.91 33.90 33.94 34.01 34.06 34.09 34.10 34.06 33.97 33.83 33.64 33.40 33.12 32.79 32.41 32.00 31.55 31.06 30.53 29.98 29.39 28.77 28.12 27.45 26.75 26.03 25.29 24.53 23.76 22.97 22.17 21.35 20.53 19.70 18.86 18.03 17.18 16.34 15.50 14.67 13.84 13.02 12.21 11.40 10.62 9.84 9.09 8.35 7.63 6.94 6.27 5.62 5.00 4.42 3.86 3.34 2.87 2.45 2.09 1.78 1.50 1.26 1.04 0.85 0.69 0.56 0.46
36.55 36.28 36.05 35.83 35.64 35.47 35.32 35.18 35.06 34.96 34.87 34.79 34.71 34.65 34.59 34.55 34.55 34.61 34.71 34.78 34.83 34.83 34.78 34.68 34.53 34.33 34.09 33.79 33.46 33.08 32.66 32.21 31.71 31.19 30.63 30.04 29.42 28.78 28.11 27.42 26.71 25.97 25.22 24.46 23.68 22.88 22.08 21.27 20.46 19.64 18.81 17.99 17.17 16.34 15.53 14.72 13.92 13.13 12.35 11.59 10.84 10.11 9.40 8.71 8.05 7.41 6.80 6.21 5.66 5.14 4.65 4.20 3.81 3.47 3.18 2.93 2.71 2.51 2.35 2.21 2.09 2.01
36.23 36.02 35.84 35.68 35.55 35.44 35.35 35.27 35.22 35.18 35.15 35.14 35.14 35.14 35.15 35.17 35.21 35.29 35.41 35.50 35.55 35.55 35.49 35.38 35.22 35.01 34.76 34.46 34.12 33.74 33.32 32.87 32.37 31.85 31.29 30.71 30.09 29.46 28.79 28.11 27.40 26.68 25.94 25.18 24.42 23.64 22.85 22.05 21.25 20.45 19.65 18.84 18.04 17.24 16.44 15.66 14.88 14.12 13.37 12.63 11.91 11.21 10.53 9.87 9.24 8.63 8.05 7.50 6.99 6.50 6.05 5.64 5.28 4.96 4.70 4.47 4.27 4.10 3.96 3.84 3.74 3.67
35.86 35.70 35.58 35.48 35.40 35.35 35.32 35.31 35.32 35.34 35.38 35.44 35.51 35.58 35.67 35.76 35.86 35.98 36.11 36.21 36.25 36.24 36.18 36.06 35.90 35.68 35.43 35.13 34.79 34.40 33.99 33.53 33.04 32.52 31.97 31.39 30.78 30.15 29.49 28.82 28.12 27.41 26.68 25.94 25.19 24.43 23.65 22.88 22.09 21.31 20.53 19.74 18.96 18.19 17.42 16.66 15.91 15.17 14.45 13.74 13.05 12.38 11.73 11.11 10.51 9.94 9.39 8.88 8.40 7.96 7.55 7.18 6.85 6.57 6.33 6.13 5.96 5.81 5.69 5.59 5.51 5.45
35.43 35.33 35.26 35.21 35.20 35.21 35.24 35.29 35.36 35.46 35.57 35.69 35.83 35.98 36.14 36.31 36.48 36.66 36.82 36.91 36.95 36.93 36.86 36.74 36.57 36.36 36.10 35.80 35.46 35.08 34.66 34.21 33.73 33.21 32.66 32.09 31.49 30.87 30.23 29.56 28.88 28.18 27.47 26.74 26.01 25.26 24.51 23.75 22.99 22.22 21.46 20.70 19.94 19.19 18.45 17.72 17.00 16.29 15.60 14.92 14.26 13.63 13.01 12.43 11.86 11.33 10.83 10.35 9.91 9.51 9.15 8.82 8.54 8.29 8.09 7.91 7.76 7.63 7.53 7.44 7.38 7.34
34.99 34.94 34.92 34.94 34.98 35.05 35.14 35.26 35.39 35.55 35.73 35.92 36.13 36.35 36.58 36.82 37.08 37.36 37.60 37.71 37.74 37.71 37.64 37.51 37.34 37.12 36.86 36.56 36.22 35.84 35.43 34.98 34.50 33.99 33.45 32.89 32.30 31.69 31.05 30.40 29.73 29.04 28.35 27.63 26.91 26.19 25.45 24.71 23.97 23.23 22.49 21.75 21.02 20.30 19.58 18.88 18.18 17.50 16.84 16.20 15.57 14.97 14.39 13.84 13.31 12.82 12.35 11.92 11.52 11.16 10.84 10.55 10.31 10.10 9.91 9.74 9.62 9.51 9.42 9.36 9.31 9.29
34.56 34.56 34.60 34.67 34.77 34.89 35.05 35.22 35.42 35.64 35.89 36.15 36.42 36.71 37.02 37.34 37.68 38.07 38.43 38.62 38.66 38.63 38.55 38.42 38.24 38.02 37.76 37.46 37.12 36.74 36.33 35.88 35.41 34.90 34.37 33.81 33.23 32.62 32.00 31.36 30.70 30.02 29.34 28.64 27.94 27.23 26.51 25.79 25.07 24.35 23.63 22.91 22.21 21.50 20.81 20.14 19.47 18.82 18.19 17.57 16.98 16.41 15.86 15.35 14.86 14.39 13.97 13.57 13.21 12.89 12.61 12.37 12.16 11.96 11.76 11.60 11.49 11.40 11.34 11.29 11.26 11.25
34.14 34.20 34.29 34.41 34.56 34.74 34.96 35.19 35.45 35.74 36.05 36.37 36.71 37.07 37.45 37.86 38.32 38.81 39.28 39.57 39.70 39.68 39.59 39.46 39.27 39.05 38.78 38.48 38.14 37.76 37.35 36.90 36.43 35.92 35.40 34.84 34.27 33.67 33.05 32.42 31.77 31.11 30.44 29.76 29.07 28.37 27.67 26.97 26.26 25.56 24.86 24.17 23.48 22.81 22.14 21.49 20.85 20.23 19.62 19.04 18.47 17.94 17.42 16.94 16.48 16.06 15.66 15.31 14.99 14.70 14.46 14.25 14.05 13.85 13.66 13.50 13.39 13.31 13.27 13.24 13.23 13.24
33.74 33.84 33.98 34.16 34.37 34.61 34.87 35.17 35.49 35.84 36.21 36.60 37.01 37.44 37.90 38.41 38.97 39.58 40.14 40.54 40.77 40.83 40.75 40.61 40.42 40.19 39.92 39.61 39.27 38.89 38.47 38.03 37.56 37.06 36.53 35.98 35.41 34.82 34.21 33.59 32.95 32.30 31.64 30.97 30.29 29.61 28.92 28.23 27.55 26.87 26.19 25.51 24.85 24.19 23.55 22.92 22.31 21.71 21.13 20.58 20.05 19.54 19.06 18.60 18.18 17.79 17.43 17.11 16.83 16.58 16.37 16.17 15.97 15.78 15.59 15.43 15.31 15.24 15.21 15.20 15.21 15.23
33.35 33.50 33.69 33.92 34.18 34.47 34.80 35.15 35.53 35.94 36.37 36.82 37.30 37.81 38.38 38.99 39.66 40.36 41.03 41.53 41.85 42.00 42.00 41.87 41.67 41.44 41.16 40.85 40.50 40.12 39.70 39.26 38.78 38.28 37.76 37.22 36.65 36.06 35.46 34.84 34.21 33.57 32.92 32.26 31.60 30.93 30.26 29.59 28.92 28.25 27.59 26.94 26.29 25.66 25.04 24.43 23.84 23.27 22.72 22.19 21.69 21.21 20.75 20.33 19.94 19.58 19.26 18.98 18.73 18.51 18.31 18.12 17.92 17.73 17.54 17.38 17.27 17.19 17.16 17.16 17.19 17.23
32.98 33.18 33.42 33.70 34.01 34.35 34.73 35.14 35.58 36.04 36.53 37.05 37.61 38.22 38.89 39.60 40.36 41.16 41.93 42.52 42.94 43.18 43.27 43.21 43.02 42.78 42.50 42.18 41.82 41.44 41.02 40.57 40.10 39.60 39.08 38.53 37.97 37.39 36.79 36.18 35.56 34.93 34.28 33.63 32.98 32.32 31.67 31.01 30.35 29.70 29.06 28.43 27.80 27.19 26.59 26.00 25.44 24.89 24.36 23.86 23.38 22.93 22.51 22.12 21.76 21.43 21.14 20.89 20.67 20.47 20.27 20.08 19.90 19.71 19.52 19.36 19.25 19.17 19.13 19.14 19.17 19.23
32.63 32.88 33.16 33.49 33.85 34.24 34.68 35.14 35.63 36.15 36.71 37.30 37.95 38.66 39.42 40.23 41.09 41.98 42.84 43.52 44.03 44.37 44.54 44.56 44.44 44.21 43.92 43.59 43.23 42.84 42.42 41.97 41.49 40.99 40.47 39.93 39.37 38.79 38.20 37.59 36.97 36.35 35.71 35.07 34.43 33.78 33.14 32.49 31.85 31.22 30.59 29.97 29.37 28.77 28.19 27.63 27.08 26.56 26.06 25.58 25.13 24.70 24.31 23.95 23.62 23.32 23.07 22.84 22.63 22.44 22.25 22.07 21.88 21.70 21.51 21.36 21.24 21.17 21.13 21.13 21.16 21.22
32.30 32.59 32.92 33.29 33.70 34.15 34.63 35.15 35.69 36.28 36.90 37.59 38.34 39.14 39.99 40.89 41.83 42.82 43.76 44.53 45.13 45.55 45.80 45.91 45.87 45.69 45.41 45.08 44.71 44.31 43.89 43.43 42.96 42.45 41.93 41.39 40.83 40.25 39.66 39.06 38.45 37.83 37.20 36.57 35.93 35.30 34.66 34.03 33.40 32.78 32.17 31.57 30.98 30.40 29.84 29.30 28.77 28.27 27.79 27.34 26.91 26.52 26.15 25.81 25.51 25.25 25.01 24.80 24.61 24.42 24.24 24.06 23.88 23.70 23.52 23.37 23.25 23.18 23.14 23.13 23.16 23.22
31.99 32.32 32.69 33.11 33.57 34.06 34.60 35.17 35.77 36.42 37.14 37.91 38.75 39.64 40.58 41.56 42.59 43.66 44.69 45.55 46.22 46.73 47.06 47.24 47.28 47.18 46.95 46.63 46.25 45.85 45.42 44.96 44.48 43.97 43.45 42.90 42.34 41.77 41.18 40.58 39.97 39.36 38.74 38.11 37.48 36.86 36.23 35.61 35.00 34.39 33.79 33.20 32.63 32.07 31.53 31.00 30.50 30.02 29.56 29.13 28.73 28.35 28.01 27.70 27.43 27.19 26.97 26.77 26.58 26.41 26.23 26.06 25.89 25.71 25.54 25.38 25.27 25.20 25.16 25.15 25.17 25.23
31.69 32.07 32.49 32.95 33.45 34.00 34.58 35.20 35.87 36.61 37.41 38.27 39.19 40.16 41.19 42.26 43.37 44.52 45.63 46.57 47.32 47.90 48.31 48.57 48.68 48.65 48.49 48.22 47.85 47.44 47.00 46.53 46.05 45.54 45.01 44.46 43.90 43.33 42.74 42.14 41.54 40.93 40.31 39.69 39.07 38.45 37.84 37.23 36.62 36.02 35.44 34.87 34.31 33.76 33.24 32.73 32.25 31.78 31.35 30.94 30.56 30.21 29.89 29.61 29.36 29.13 28.93 28.74 28.56 28.39 28.23 28.07 27.90 27.73 27.55 27.41 27.30 27.22 27.18 27.17 27.19 27.24
31.43 31.84 32.30 32.81 33.36 33.95 34.58 35.26 36.02 36.84 37.72 38.67 39.67 40.72 41.82 42.97 44.16 45.39 46.58 47.59 48.42 49.07 49.55 49.88 50.06 50.10 50.01 49.80 49.48 49.07 48.62 48.15 47.66 47.14 46.61 46.06 45.50 44.92 44.33 43.74 43.13 42.53 41.91 41.30 40.68 40.07 39.46 38.86 38.27 37.68 37.11 36.55 36.00 35.47 34.96 34.47 34.01 33.56 33.15 32.76 32.40 32.07 31.78 31.52 31.29 31.08 30.88 30.71 30.54 30.38 30.22 30.07 29.91 29.74 29.57 29.43 29.32 29.24 29.20 29.19 29.21 29.26
31.18 31.64 32.14 32.68 33.28 33.91 34.61 35.37 36.21 37.11 38.07 39.09 40.17 41.30 42.47 43.70 44.96 46.27 47.53 48.61 49.51 50.23 50.78 51.17 51.42 51.52 51.49 51.34 51.08 50.72 50.28 49.80 49.30 48.78 48.24 47.69 47.12 46.54 45.95 45.35 44.75 44.14 43.53 42.92 42.31 41.71 41.11 40.51 39.93 39.35 38.79 38.24 37.70 37.19 36.69 36.22 35.77 35.34 34.95 34.58 34.24 33.94 33.66 33.42 33.20 33.01 32.83 32.66 32.51 32.36 32.21 32.06 31.91 31.75 31.58 31.44 31.33 31.26 31.22 31.21 31.22 31.27
