data_processed/recharge/precip/Precip_2005_08.asc
ncols        168
nrows        136
xllcorner    455000
yllcorner    2107000
cellsize     500
NODATA_value     -99999
[rows 96 to 127 of 136, columns 0 to 72 of 168]
0.00 0.00 0.00 0.00 0.00 0.00 0.00 0.00 0.00 0.00 0.00 0.00 0.00 0.00 0.00 0.00 0.00 0.00 0.00 0.00 0.00 0.00 0.00 0.00 5.07 11.56 18.16 24.85 31.59 38.39 45.21 52.05 58.88 65.69 72.45 79.15 85.78 92.31 98.73 105.01 111.14 117.11 122.89 128.47 133.83 138.94 143.80 148.39 152.68 156.66 160.31 163.61 166.55 169.11 171.27 173.00 174.31 175.15 175.53 175.41 174.79 173.64 171.94 169.69 166.85 163.42 159.37 154.72 149.55 144.40 139.66 135.34 131.41
0.00 0.00 0.00 0.00 0.00 0.00 0.00 0.00 0.00 0.00 0.00 0.00 0.00 0.00 0.00 0.00 0.00 0.00 0.00 0.00 0.00 0.00 0.00 0.17 6.80 13.54 20.37 27.28 34.25 41.25 48.28 55.31 62.33 69.31 76.25 83.12 89.90 96.58 103.14 109.55 115.81 121.90 127.79 133.47 138.93 144.13 149.07 153.73 158.09 162.12 165.83 169.17 172.15 174.73 176.91 178.66 179.97 180.81 181.18 181.04 180.39 179.21 177.48 175.17 172.28 168.78 164.66 159.90 154.56 149.21 144.27 139.73 135.58
0.00 0.00 0.00 0.00 0.00 0.00 0.00 0.00 0.00 0.00 0.00 0.00 0.00 0.00 0.00 0.00 0.00 0.00 0.00 0.00 0.00 0.00 0.00 2.04 8.91 15.89 22.96 30.09 37.28 44.49 51.72 58.95 66.15 73.32 80.43 87.46 94.40 101.23 107.93 114.48 120.86 127.07 133.07 138.86 144.41 149.70 154.72 159.45 163.88 167.97 171.73 175.12 178.13 180.74 182.94 184.70 186.01 186.85 187.21 187.06 186.38 185.17 183.39 181.04 178.09 174.53 170.34 165.50 160.05 154.49 149.31 144.54 140.17
0.00 0.00 0.00 0.00 0.00 0.00 0.00 0.00 0.00 0.00 0.00 0.00 0.00 0.00 0.00 0.00 0.00 0.00 0.00 0.00 0.00 0.00 0.00 3.98 11.10 18.32 25.62 32.99 40.39 47.82 55.25 62.68 70.07 77.42 84.70 91.90 99.00 105.98 112.83 119.52 126.03 132.36 138.48 144.37 150.02 155.40 160.51 165.31 169.81 173.96 177.77 181.21 184.26 186.90 189.12 190.90 192.22 193.06 193.41 193.24 192.54 191.30 189.49 187.09 184.09 180.47 176.21 171.30 165.77 160.10 154.71 149.70 145.10
0.00 0.00 0.00 0.00 0.00 0.00 0.00 0.00 0.00 0.00 0.00 0.00 0.00 0.00 0.00 0.00 0.00 0.00 0.00 0.00 0.00 0.00 0.00 5.86 13.24 20.71 28.25 35.84 43.47 51.11 58.76 66.38 73.97 81.50 88.97 96.34 103.60 110.73 117.73 124.56 131.21 137.66 143.89 149.90 155.65 161.13 166.32 171.21 175.77 179.99 183.86 187.34 190.43 193.11 195.36 197.15 198.49 199.33 199.68 199.50 198.78 197.51 195.66 193.23 190.18 186.50 182.18 177.21 171.62 165.89 160.38 155.16 150.33
0.00 0.00 0.00 0.00 0.00 0.00 0.00 0.00 0.00 0.00 0.00 0.00 0.00 0.00 0.00 0.00 0.00 0.00 0.00 0.00 0.00 0.00 0.13 7.67 15.31 23.03 30.81 38.64 46.49 54.36 62.21 70.04 77.83 85.55 93.20 100.74 108.17 115.47 122.61 129.58 136.37 142.95 149.31 155.42 161.28 166.86 172.14 177.11 181.75 186.04 189.97 193.51 196.64 199.36 201.63 203.46 204.80 205.66 206.00 205.81 205.08 203.79 201.91 199.43 196.34 192.61 188.24 183.22 177.59 171.80 166.23 160.90 155.85
0.00 0.00 0.00 0.00 0.00 0.00 0.00 0.00 0.00 0.00 0.00 0.00 0.00 0.00 0.00 0.00 0.00 0.00 0.00 0.00 0.00 0.00 1.59 9.40 17.30 25.27 33.30 41.37 49.45 57.54 65.61 73.65 81.64 89.55 97.38 105.11 112.71 120.16 127.46 134.58 141.51 148.22 154.71 160.94 166.90 172.58 177.96 183.02 187.74 192.10 196.09 199.69 202.87 205.63 207.94 209.79 211.15 212.01 212.36 212.17 211.43 210.12 208.21 205.70 202.56 198.79 194.37 189.31 183.64 177.81 172.20 166.81 161.65
0.00 0.00 0.00 0.00 0.00 0.00 0.00 0.00 0.00 0.00 0.00 0.00 0.00 0.00 0.00 0.00 0.00 0.00 0.00 0.00 0.00 0.00 2.95 11.03 19.19 27.42 35.70 44.01 52.33 60.65 68.94 77.19 85.38 93.49 101.51 109.41 117.19 124.81 132.27 139.54 146.61 153.46 160.07 166.42 172.50 178.29 183.77 188.91 193.72 198.15 202.21 205.86 209.10 211.90 214.25 216.13 217.52 218.39 218.75 218.56 217.81 216.48 214.55 212.01 208.83 205.02 200.57 195.48 189.77 183.91 178.26 172.82 167.61
2.42 0.00 0.00 0.00 0.00 0.00 0.00 0.00 0.00 0.00 0.00 0.00 0.00 0.00 0.00 0.00 0.00 0.00 0.00 0.00 0.00 0.00 4.18 12.54 20.97 29.46 38.00 46.55 55.11 63.66 72.17 80.64 89.03 97.35 105.56 113.65 121.60 129.39 137.01 144.44 151.66 158.64 165.39 171.87 178.06 183.96 189.53 194.78 199.67 204.18 208.31 212.03 215.32 218.17 220.56 222.47 223.88 224.78 225.15 224.96 224.20 222.86 220.91 218.34 215.13 211.29 206.81 201.70 195.97 190.08 184.40 178.93 173.67
6.41 0.00 0.00 0.00 0.00 0.00 0.00 0.00 0.00 0.00 0.00 0.00 0.00 0.00 0.00 0.00 0.00 0.00 0.00 0.00 0.00 0.00 5.31 13.92 22.63 31.38 40.17 48.98 57.78 66.56 75.30 83.98 92.59 101.11 109.52 117.79 125.93 133.89 141.68 149.26 156.63 163.76 170.64 177.25 183.56 189.57 195.26 200.60 205.57 210.17 214.37 218.16 221.51 224.42 226.85 228.80 230.24 231.16 231.54 231.36 230.60 229.25 227.27 224.67 221.45 217.58 213.09 207.95 202.21 196.31 190.60 185.10 179.81
10.39 2.10 0.00 0.00 0.00 0.00 0.00 0.00 0.00 0.00 0.00 0.00 0.00 0.00 0.00 0.00 0.00 0.00 0.00 0.00 0.00 0.00 6.53 15.18 24.14 33.16 42.21 51.27 60.32 69.33 78.30 87.21 96.04 104.76 113.37 121.84 130.15 138.30 146.25 154.00 161.52 168.80 175.82 182.56 189.00 195.12 200.91 206.35 211.42 216.11 220.39 224.25 227.66 230.62 233.10 235.09 236.57 237.51 237.91 237.74 236.98 235.61 233.62 231.00 227.76 223.88 219.38 214.24 208.49 202.58 196.86 191.34 186.02
14.33 6.11 0.00 0.00 0.00 0.00 0.00 0.00 0.00 0.00 0.00 0.00 0.00 0.00 0.00 0.00 0.00 0.00 0.00 0.00 0.00 0.49 8.16 16.52 25.51 34.79 44.10 53.42 62.71 71.97 81.18 90.31 99.35 108.29 117.10 125.76 134.27 142.59 150.72 158.63 166.31 173.74 180.90 187.77 194.34 200.59 206.49 212.04 217.20 221.98 226.34 230.27 233.76 236.77 239.31 241.34 242.85 243.82 244.24 244.08 243.31 241.93 239.92 237.30 234.05 230.17 225.67 220.53 214.78 208.87 203.15 197.61 192.27
18.19 10.07 2.59 0.00 0.00 0.00 0.00 0.00 0.00 0.00 0.00 0.00 0.00 0.00 0.00 0.00 0.00 0.00 0.00 0.00 0.00 2.88 10.22 18.26 26.97 36.27 45.83 55.40 64.95 74.45 83.90 93.26 102.52 111.67 120.69 129.56 138.25 146.76 155.07 163.15 170.99 178.57 185.88 192.89 199.59 205.95 211.97 217.63 222.90 227.76 232.21 236.22 239.78 242.86 245.44 247.52 249.07 250.08 250.51 250.35 249.58 248.19 246.18 243.56 240.31 236.44 231.94 226.81 221.08 215.18 209.45 203.92 198.57
21.95 13.95 6.57 0.00 0.00 0.00 0.00 0.00 0.00 0.00 0.00 0.00 0.00 0.00 0.00 0.00 0.00 0.00 0.00 0.00 0.00 5.68 12.71 20.42 28.79 37.81 47.39 57.21 67.02 76.77 86.45 96.05 105.54 114.90 124.13 133.20 142.09 150.79 159.27 167.53 175.53 183.27 190.73 197.88 204.71 211.21 217.35 223.11 228.49 233.45 237.99 242.08 245.71 248.85 251.50 253.63 255.22 256.26 256.70 256.53 255.76 254.38 252.38 249.76 246.53 242.67 238.18 233.07 227.36 221.48 215.76 210.23 204.88
25.57 17.72 10.48 3.98 0.00 0.00 0.00 0.00 0.00 0.00 0.00 0.00 0.00 0.00 0.00 0.00 0.00 0.00 0.00 0.00 2.79 8.85 15.59 22.99 31.03 39.71 49.01 58.85 68.89 78.90 88.82 98.66 108.38 117.97 127.41 136.68 145.77 154.66 163.33 171.76 179.93 187.83 195.44 202.74 209.71 216.34 222.60 228.48 233.96 239.03 243.65 247.83 251.54 254.75 257.46 259.65 261.28 262.32 262.77 262.61 261.85 260.48 258.50 255.90 252.68 248.84 244.38 239.29 233.61 227.75 222.06 216.54 211.20
29.04 21.36 14.40 8.24 2.88 0.00 0.00 0.00 0.00 0.00 0.00 0.00 0.00 0.00 0.00 0.00 0.00 0.00 0.00 1.48 6.59 12.38 18.83 25.93 33.66 42.02 50.97 60.52 70.58 80.82 91.00 101.07 111.02 120.84 130.50 139.98 149.28 158.36 167.21 175.82 184.17 192.24 200.00 207.45 214.56 221.32 227.71 233.71 239.30 244.47 249.20 253.46 257.25 260.54 263.31 265.54 267.19 268.25 268.71 268.57 267.83 266.48 264.52 261.94 258.75 254.95 250.52 245.46 239.82 233.99 228.33 222.83 217.50
32.33 24.98 18.42 12.63 7.58 3.26 0.00 0.00 0.00 0.00 0.00 0.00 0.00 0.00 0.00 0.00 0.00 0.00 1.67 5.85 10.71 16.24 22.42 29.23 36.66 44.70 53.33 62.53 72.30 82.56 92.96 103.28 113.47 123.51 133.39 143.09 152.59 161.87 170.92 179.71 188.23 196.47 204.39 211.99 219.25 226.15 232.67 238.79 244.50 249.77 254.60 258.95 262.82 266.19 269.02 271.28 272.95 274.03 274.51 274.40 273.68 272.36 270.43 267.89 264.73 260.97 256.58 251.57 245.97 240.18 234.55 229.09 223.78
35.54 28.65 22.51 17.10 12.40 8.36 4.96 2.18 0.00 0.00 0.00 0.00 0.00 0.00 0.00 0.00 0.67 3.26 6.54 10.50 15.13 20.40 26.32 32.85 39.99 47.73 56.04 64.91 74.34 84.30 94.72 105.27 115.70 125.97 136.07 145.99 155.70 165.18 174.42 183.40 192.10 200.51 208.60 216.35 223.76 230.80 237.45 243.70 249.53 254.91 259.84 264.29 268.25 271.69 274.55 276.84 278.53 279.64 280.15 280.07 279.39 278.10 276.21 273.71 270.61 266.88 262.54 257.59 252.04 246.31 240.72 235.29 230.02
38.77 32.36 26.66 21.65 17.29 13.55 10.41 7.84 5.81 4.29 3.25 2.68 2.53 2.78 3.40 4.45 6.16 8.57 11.65 15.40 19.80 24.84 30.50 36.77 43.64 51.08 59.09 67.64 76.74 86.36 96.48 107.03 117.69 128.20 138.53 148.67 158.59 168.28 177.71 186.88 195.77 204.35 212.60 220.52 228.08 235.26 242.05 248.43 254.38 259.88 264.91 269.47 273.50 276.98 279.87 282.19 283.92 285.06 285.62 285.57 284.93 283.70 281.86 279.41 276.35 272.69 268.40 263.51 258.02 252.35 246.81 241.43 236.20
42.00 36.09 30.85 26.23 22.23 18.80 15.93 13.58 11.72 10.33 9.38 8.84 8.68 8.87 9.39 10.30 11.85 14.08 16.98 20.53 24.72 29.53 34.96 40.97 47.57 54.73 62.45 70.70 79.47 88.75 98.53 108.79 119.44 130.18 140.74 151.10 161.24 171.14 180.78 190.14 199.21 207.97 216.40 224.48 232.19 239.52 246.45 252.96 259.04 264.66 269.80 274.44 278.53 282.04 284.97 287.33 289.10 290.29 290.89 290.90 290.31 289.13 287.34 284.95 281.96 278.36 274.14 269.31 263.90 258.29 252.82 247.49 242.31
45.22 39.82 35.03 30.84 27.20 24.10 21.50 19.38 17.71 16.46 15.60 15.11 14.95 15.10 15.52 16.31 17.71 19.78 22.50 25.87 29.85 34.45 39.65 45.42 51.76 58.66 66.09 74.05 82.51 91.47 100.91 110.82 121.18 131.91 142.69 153.28 163.64 173.75 183.59 193.16 202.42 211.36 219.96 228.21 236.08 243.56 250.64 257.29 263.49 269.23 274.47 279.17 283.30 286.85 289.83 292.24 294.06 295.30 295.96 296.02 295.50 294.38 292.66 290.34 287.41 283.88 279.74 274.99 269.65 264.12 258.72 253.46 248.33
48.39 43.51 39.20 35.43 32.18 29.41 27.10 25.23 23.75 22.65 21.90 21.46 21.31 21.43 21.78 22.44 23.71 25.63 28.19 31.38 35.18 39.57 44.55 50.09 56.19 62.83 69.99 77.66 85.83 94.48 103.60 113.17 123.18 133.61 144.39 155.19 165.77 176.10 186.15 195.92 205.37 214.50 223.28 231.70 239.73 247.37 254.59 261.38 267.72 273.56 278.87 283.61 287.79 291.40 294.44 296.90 298.78 300.09 300.81 300.94 300.48 299.43 297.79 295.54 292.70 289.24 285.19 280.52 275.27 269.82 264.50 259.31 254.25
51.49 47.14 43.32 39.99 37.13 34.71 32.70 31.08 29.82 28.88 28.24 27.87 27.75 27.84 28.12 28.68 29.83 31.61 34.02 37.04 40.66 44.87 49.64 54.96 60.83 67.22 74.13 81.53 89.41 97.77 106.57 115.82 125.49 135.57 146.04 156.84 167.63 178.17 188.44 198.41 208.06 217.37 226.33 234.93 243.13 250.93 258.30 265.23 271.69 277.61 282.97 287.77 292.00 295.67 298.77 301.30 303.25 304.63 305.42 305.63 305.25 304.28 302.71 300.55 297.79 294.43 290.46 285.89 280.73 275.38 270.14 265.03 260.05
54.50 50.69 47.36 44.49 42.03 39.97 38.28 36.92 35.88 35.11 34.60 34.32 34.23 34.32 34.54 35.01 36.04 37.69 39.96 42.83 46.29 50.31 54.89 60.01 65.66 71.82 78.47 85.61 93.22 101.29 109.79 118.73 128.07 137.81 147.93 158.42 169.20 179.96 190.44 200.61 210.46 219.97 229.12 237.89 246.26 254.22 261.75 268.81 275.34 281.32 286.74 291.61 295.91 299.65 302.82 305.43 307.45 308.91 309.78 310.07 309.78 308.89 307.42 305.35 302.69 299.42 295.55 291.08 286.03 280.78 275.64 270.62 265.71
57.39 54.13 51.31 48.90 46.86 45.17 43.80 42.72 41.91 41.33 40.96 40.77 40.73 40.82 41.00 41.38 42.31 43.85 46.00 48.72 52.02 55.88 60.28 65.20 70.64 76.58 83.00 89.89 97.24 105.03 113.25 121.88 130.90 140.31 150.10 160.23 170.71 181.45 192.13 202.51 212.57 222.27 231.61 240.56 249.11 257.24 264.90 272.05 278.64 284.69 290.19 295.12 299.50 303.32 306.57 309.26 311.37 312.91 313.87 314.26 314.05 313.27 311.89 309.93 307.37 304.21 300.45 296.08 291.15 286.01 280.97 276.04 271.23
60.13 57.44 55.14 53.20 51.59 50.28 49.25 48.46 47.89 47.51 47.29 47.21 47.23 47.33 47.47 47.79 48.62 50.06 52.09 54.69 57.85 61.55 65.77 70.52 75.76 81.49 87.68 94.34 101.44 108.96 116.90 125.24 133.97 143.06 152.51 162.30 172.42 182.85 193.52 204.10 214.36 224.27 233.80 242.93 251.66 259.93 267.69 274.91 281.58 287.71 293.28 298.30 302.76 306.67 310.01 312.78 314.99 316.62 317.68 318.17 318.07 317.39 316.12 314.26 311.81 308.77 305.12 300.88 296.06 291.04 286.11 281.30 276.58
62.69 60.58 58.82 57.36 56.19 55.28 54.59 54.11 53.79 53.62 53.57 53.60 53.69 53.81 53.94 54.19 54.95 56.30 58.22 60.71 63.73 67.28 71.35 75.93 80.98 86.51 92.50 98.93 105.79 113.06 120.74 128.80 137.23 146.02 155.15 164.61 174.38 184.45 194.81 205.37 215.83 225.94 235.66 244.99 253.87 262.24 270.08 277.38 284.14 290.35 296.01 301.12 305.67 309.67 313.11 315.98 318.29 320.03 321.20 321.79 321.80 321.23 320.08 318.34 316.01 313.09 309.57 305.45 300.77 295.87 291.07 286.36 281.76
65.06 63.54 62.32 61.36 60.64 60.14 59.81 59.64 59.59 59.64 59.76 59.92 60.10 60.26 60.37 60.58 61.27 62.54 64.37 66.75 69.65 73.07 77.00 81.41 86.29 91.63 97.42 103.64 110.27 117.30 124.73 132.52 140.67 149.16 157.99 167.12 176.56 186.29 196.28 206.54 216.97 227.27 237.19 246.69 255.68 264.13 272.06 279.45 286.29 292.60 298.35 303.56 308.22 312.32 315.86 318.85 321.27 323.12 324.40 325.11 325.24 324.79 323.76 322.15 319.95 317.16 313.77 309.79 305.24 300.48 295.80 291.22 286.73
67.21 66.29 65.62 65.18 64.92 64.83 64.87 65.03 65.26 65.54 65.85 66.15 66.42 66.63 66.75 66.91 67.55 68.76 70.50 72.78 75.58 78.88 82.67 86.93 91.66 96.82 102.42 108.44 114.86 121.66 128.84 136.38 144.26 152.47 161.00 169.83 178.94 188.33 197.98 207.87 217.99 228.26 238.35 247.95 257.03 265.59 273.61 281.09 288.04 294.44 300.31 305.62 310.39 314.60 318.26 321.36 323.89 325.87 327.27 328.10 328.36 328.05 327.15 325.67 323.61 320.96 317.71 313.88 309.47 304.85 300.31 295.86 291.50
69.11 68.80 68.70 68.77 68.99 69.33 69.76 70.25 70.77 71.30 71.80 72.26 72.63 72.90 73.03 73.17 73.77 74.92 76.60 78.80 81.50 84.69 88.35 92.48 97.05 102.06 107.48 113.30 119.52 126.11 133.05 140.35 147.97 155.91 164.16 172.69 181.50 190.56 199.87 209.41 219.16 229.09 239.07 248.75 257.93 266.59 274.71 282.30 289.36 295.87 301.85 307.28 312.16 316.49 320.27 323.50 326.16 328.26 329.80 330.77 331.16 330.98 330.23 328.89 326.98 324.47 321.38 317.69 313.44 308.98 304.58 300.27 296.04
70.73 71.05 71.53 72.13 72.84 73.62 74.44 75.28 76.10 76.88 77.60 78.22 78.71 79.05 79.21 79.34 79.91 81.01 82.63 84.75 87.37 90.46 94.02 98.02 102.45 107.31 112.56 118.21 124.23 130.61 137.34 144.41 151.79 159.47 167.44 175.69 184.19 192.94 201.93 211.13 220.50 229.98 239.52 249.08 258.35 267.12 275.35 283.06 290.23 296.87 302.96 308.52 313.53 317.99 321.90 325.25 328.05 330.29 331.97 333.08 333.62 333.59 332.98 331.80 330.03 327.69 324.75 321.23 317.14 312.83 308.59 304.43 300.34
72.05 73.01 74.08 75.23 76.43 77.66 78.89 80.09 81.22 82.28 83.21 84.01 84.63 85.05 85.25 85.38 85.92 86.99 88.57 90.63 93.18 96.18 99.64 103.53 107.83 112.55 117.65 123.13 128.97 135.16 141.69 148.53 155.67 163.11 170.82 178.79 187.01 195.46 204.13 212.97 221.91 230.92 240.00 249.15 258.30 267.16 275.52 283.35 290.65 297.41 303.64 309.32 314.47 319.06 323.11 326.61 329.55 331.94 333.76 335.02 335.72 335.84 335.39 334.37 332.77 330.58 327.82 324.46 320.54 316.41 312.33 308.32 304.38
