data_processed/recharge/precip/Precip_2013_06.asc
ncols        168
nrows        136
xllcorner    455000
yllcorner    2107000
cellsize     500
NODATA_value     -99999
[rows 64 to 95 of 136, columns 72 to 143 of 168]
116.82 114.88 112.97 111.12 109.35 107.66 106.04 104.50 103.03 101.64 100.33 99.09 97.94 96.87 95.88 94.97 94.15 93.41 92.76 92.19 91.71 91.31 91.01 90.79 90.67 90.63 90.69 90.84 91.08 91.42 91.86 92.40 93.04 93.77 94.56 95.39 96.25 97.16 98.11 99.11 100.14 101.22 102.35 103.52 104.74 106.00 107.31 108.67 110.08 111.54 113.04 114.60 116.21 117.87 119.59 121.36 123.18 125.05 126.97 128.89 130.82 132.75 134.68 136.60 138.51 140.42 142.31 144.19 146.05 147.89 149.70 151.49
117.06 115.10 113.17 111.32 109.53 107.83 106.20 104.66 103.19 101.80 100.49 99.27 98.13 97.07 96.09 95.21 94.40 93.69 93.06 92.52 92.08 91.72 91.45 91.28 91.20 91.21 91.32 91.52 91.82 92.22 92.72 93.32 94.02 94.77 95.55 96.38 97.25 98.16 99.11 100.11 101.14 102.23 103.35 104.52 105.74 107.01 108.32 109.68 111.09 112.55 114.05 115.61 117.22 118.89 120.60 122.37 124.19 126.07 127.99 129.91 131.84 133.77 135.70 137.62 139.54 141.44 143.34 145.21 147.07 148.91 150.73 152.52
117.30 115.32 113.38 111.51 109.72 108.01 106.38 104.83 103.36 101.98 100.68 99.46 98.34 97.29 96.34 95.47 94.70 94.01 93.42 92.91 92.50 92.18 91.96 91.83 91.80 91.86 92.02 92.28 92.64 93.10 93.67 94.32 95.03 95.78 96.57 97.39 98.26 99.17 100.12 101.12 102.15 103.23 104.36 105.53 106.75 108.01 109.32 110.68 112.09 113.55 115.06 116.62 118.23 119.89 121.60 123.37 125.20 127.07 128.99 130.92 132.84 134.77 136.70 138.62 140.54 142.44 144.34 146.21 148.07 149.91 151.73 153.52
117.53 115.54 113.58 111.70 109.91 108.19 106.56 105.01 103.55 102.18 100.89 99.69 98.58 97.56 96.62 95.78 95.04 94.38 93.82 93.35 92.98 92.70 92.53 92.45 92.46 92.58 92.80 93.12 93.54 94.07 94.68 95.35 96.06 96.81 97.59 98.42 99.28 100.19 101.14 102.13 103.17 104.25 105.37 106.54 107.76 109.02 110.33 111.69 113.09 114.55 116.06 117.61 119.22 120.88 122.60 124.36 126.18 128.06 129.97 131.90 133.83 135.75 137.68 139.60 141.51 143.42 145.31 147.18 149.04 150.88 152.69 154.48
117.75 115.75 113.79 111.90 110.10 108.39 106.76 105.22 103.77 102.40 101.13 99.94 98.85 97.85 96.95 96.13 95.42 94.80 94.27 93.84 93.52 93.29 93.16 93.13 93.20 93.38 93.66 94.04 94.53 95.10 95.73 96.40 97.11 97.85 98.63 99.45 100.32 101.22 102.17 103.16 104.19 105.27 106.39 107.55 108.77 110.03 111.33 112.69 114.09 115.54 117.05 118.60 120.21 121.86 123.57 125.34 127.16 129.03 130.94 132.86 134.79 136.71 138.63 140.55 142.46 144.36 146.25 148.12 149.98 151.81 153.62 155.41
117.97 115.97 114.00 112.11 110.31 108.60 106.97 105.44 104.00 102.65 101.39 100.23 99.16 98.19 97.31 96.53 95.85 95.26 94.78 94.40 94.11 93.93 93.85 93.88 94.01 94.25 94.59 95.04 95.58 96.17 96.80 97.47 98.17 98.90 99.68 100.50 101.36 102.26 103.20 104.19 105.21 106.29 107.40 108.57 109.77 111.03 112.33 113.68 115.08 116.53 118.03 119.58 121.18 122.83 124.54 126.30 128.11 129.98 131.89 133.80 135.72 137.64 139.56 141.48 143.38 145.28 147.16 149.03 150.88 152.71 154.52 156.30
118.19 116.18 114.21 112.32 110.52 108.82 107.20 105.68 104.26 102.92 101.69 100.55 99.50 98.56 97.72 96.97 96.33 95.78 95.34 95.00 94.77 94.64 94.62 94.70 94.90 95.19 95.60 96.11 96.66 97.25 97.88 98.54 99.24 99.97 100.75 101.56 102.41 103.30 104.24 105.22 106.24 107.31 108.42 109.58 110.78 112.03 113.32 114.67 116.06 117.51 119.00 120.54 122.14 123.79 125.49 127.24 129.05 130.91 132.81 134.72 136.64 138.55 140.46 142.37 144.27 146.16 148.04 149.90 151.75 153.57 155.37 157.15
118.41 116.40 114.43 112.54 110.75 109.05 107.45 105.95 104.54 103.23 102.01 100.90 99.89 98.98 98.17 97.46 96.85 96.36 95.96 95.67 95.49 95.42 95.45 95.60 95.86 96.22 96.68 97.20 97.75 98.34 98.97 99.63 100.32 101.05 101.82 102.62 103.47 104.36 105.28 106.26 107.27 108.33 109.43 110.58 111.78 113.02 114.31 115.65 117.04 118.47 119.96 121.50 123.08 124.72 126.42 128.16 129.97 131.82 133.72 135.62 137.53 139.43 141.34 143.24 145.13 147.02 148.89 150.74 152.58 154.40 156.19 157.96
118.63 116.62 114.65 112.78 110.99 109.31 107.72 106.24 104.85 103.56 102.37 101.29 100.31 99.43 98.66 98.00 97.44 96.98 96.64 96.41 96.28 96.27 96.36 96.57 96.89 97.31 97.79 98.30 98.85 99.44 100.06 100.72 101.41 102.14 102.90 103.69 104.53 105.41 106.33 107.29 108.30 109.35 110.45 111.59 112.78 114.01 115.29 116.62 118.00 119.43 120.90 122.43 124.01 125.65 127.33 129.07 130.86 132.71 134.60 136.49 138.39 140.29 142.19 144.08 145.96 147.84 149.70 151.55 153.38 155.18 156.97 158.73
118.85 116.85 114.89 113.02 111.25 109.58 108.02 106.55 105.19 103.93 102.77 101.72 100.78 99.94 99.21 98.59 98.07 97.67 97.38 97.20 97.13 97.18 97.34 97.62 98.00 98.43 98.90 99.41 99.96 100.54 101.16 101.81 102.50 103.22 103.98 104.77 105.60 106.47 107.38 108.33 109.33 110.37 111.46 112.59 113.77 114.99 116.26 117.58 118.95 120.37 121.84 123.35 124.93 126.55 128.22 129.95 131.74 133.57 135.45 137.34 139.23 141.11 143.00 144.88 146.76 148.62 150.48 152.31 154.13 155.93 157.71 159.46
119.08 117.09 115.14 113.28 111.53 109.88 108.34 106.89 105.56 104.33 103.21 102.19 101.28 100.49 99.80 99.23 98.77 98.42 98.18 98.06 98.06 98.17 98.40 98.73 99.12 99.55 100.01 100.52 101.06 101.64 102.25 102.90 103.59 104.31 105.06 105.85 106.67 107.53 108.43 109.37 110.36 111.39 112.46 113.58 114.75 115.96 117.22 118.53 119.89 121.29 122.75 124.26 125.82 127.43 129.10 130.81 132.59 134.41 136.28 138.15 140.03 141.91 143.79 145.66 147.52 149.38 151.22 153.04 154.85 156.64 158.40 160.14
119.32 117.34 115.40 113.56 111.83 110.20 108.68 107.27 105.96 104.77 103.68 102.70 101.84 101.09 100.45 99.93 99.52 99.23 99.05 98.99 99.05 99.23 99.52 99.86 100.24 100.66 101.12 101.62 102.16 102.73 103.34 103.99 104.67 105.39 106.14 106.92 107.74 108.59 109.47 110.40 111.38 112.40 113.46 114.57 115.72 116.92 118.17 119.47 120.81 122.21 123.65 125.15 126.69 128.29 129.95 131.65 133.41 135.23 137.08 138.94 140.81 142.67 144.54 146.40 148.25 150.09 151.92 153.73 155.53 157.30 159.06 160.78
119.57 117.60 115.68 113.86 112.15 110.55 109.06 107.67 106.40 105.24 104.19 103.26 102.44 101.74 101.15 100.68 100.33 100.10 99.99 99.99 100.12 100.36 100.65 100.99 101.36 101.78 102.23 102.72 103.25 103.82 104.43 105.07 105.75 106.46 107.20 107.98 108.80 109.64 110.52 111.44 112.40 113.40 114.45 115.54 116.68 117.87 119.11 120.39 121.72 123.10 124.53 126.01 127.55 129.13 130.77 132.46 134.21 136.01 137.85 139.70 141.55 143.41 145.26 147.10 148.94 150.77 152.58 154.38 156.16 157.93 159.66 161.38
119.83 117.88 115.98 114.18 112.50 110.92 109.46 108.11 106.88 105.76 104.75 103.87 103.10 102.44 101.91 101.50 101.21 101.04 100.99 101.07 101.25 101.49 101.78 102.11 102.48 102.88 103.33 103.82 104.34 104.90 105.50 106.14 106.81 107.52 108.26 109.03 109.84 110.68 111.56 112.46 113.41 114.40 115.43 116.51 117.64 118.81 120.03 121.29 122.61 123.98 125.39 126.86 128.38 129.95 131.57 133.25 134.98 136.77 138.59 140.43 142.26 144.10 145.94 147.77 149.59 151.40 153.20 154.99 156.76 158.50 160.23 161.92
120.10 118.18 116.30 114.53 112.87 111.33 109.90 108.59 107.39 106.32 105.36 104.52 103.80 103.20 102.73 102.38 102.15 102.04 102.07 102.20 102.39 102.62 102.90 103.22 103.58 103.98 104.42 104.90 105.42 105.97 106.56 107.19 107.86 108.56 109.30 110.07 110.87 111.71 112.58 113.48 114.41 115.38 116.40 117.46 118.57 119.73 120.93 122.18 123.48 124.83 126.23 127.69 129.19 130.74 132.35 134.01 135.73 137.50 139.30 141.12 142.94 144.76 146.58 148.40 150.20 152.00 153.78 155.55 157.30 159.03 160.74 162.42
120.39 118.49 116.64 114.90 113.27 111.76 110.37 109.10 107.95 106.92 106.01 105.22 104.56 104.02 103.60 103.32 103.15 103.12 103.19 103.33 103.52 103.74 104.01 104.32 104.67 105.06 105.50 105.97 106.48 107.03 107.61 108.23 108.89 109.59 110.32 111.08 111.88 112.71 113.58 114.47 115.40 116.36 117.36 118.41 119.50 120.64 121.82 123.06 124.34 125.67 127.05 128.49 129.97 131.51 133.10 134.74 136.44 138.19 139.98 141.78 143.59 145.39 147.19 148.99 150.78 152.55 154.32 156.07 157.80 159.52 161.21 162.87
120.69 118.83 117.00 115.29 113.70 112.23 110.88 109.65 108.55 107.57 106.71 105.98 105.37 104.89 104.54 104.32 104.23 104.25 104.33 104.46 104.63 104.85 105.11 105.41 105.75 106.13 106.56 107.02 107.52 108.06 108.64 109.25 109.91 110.59 111.32 112.07 112.87 113.69 114.55 115.44 116.37 117.32 118.31 119.34 120.41 121.53 122.69 123.91 125.17 126.49 127.85 129.26 130.73 132.25 133.82 135.44 137.12 138.85 140.63 142.41 144.19 145.98 147.76 149.54 151.31 153.07 154.81 156.54 158.26 159.95 161.62 163.27
121.02 119.18 117.39 115.72 114.17 112.74 111.43 110.25 109.19 108.26 107.46 106.79 106.24 105.83 105.55 105.39 105.36 105.38 105.46 105.57 105.73 105.94 106.19 106.48 106.81 107.18 107.60 108.05 108.54 109.07 109.64 110.25 110.90 111.58 112.29 113.04 113.83 114.65 115.50 116.39 117.31 118.26 119.24 120.25 121.30 122.40 123.55 124.74 125.98 127.28 128.62 130.01 131.46 132.96 134.51 136.11 137.77 139.48 141.24 143.00 144.76 146.53 148.29 150.04 151.79 153.53 155.26 156.97 158.66 160.34 161.99 163.61
121.37 119.57 117.81 116.18 114.66 113.28 112.02 110.89 109.88 109.01 108.27 107.66 107.18 106.83 106.61 106.52 106.49 106.50 106.56 106.67 106.82 107.01 107.25 107.53 107.85 108.21 108.62 109.06 109.54 110.06 110.63 111.22 111.86 112.53 113.24 113.98 114.76 115.58 116.42 117.30 118.21 119.16 120.13 121.14 122.18 123.25 124.38 125.55 126.77 128.04 129.37 130.74 132.16 133.64 135.17 136.75 138.39 140.08 141.81 143.55 145.29 147.03 148.77 150.51 152.24 153.95 155.66 157.35 159.02 160.67 162.30 163.89
121.74 119.98 118.26 116.66 115.20 113.86 112.65 111.57 110.63 109.81 109.13 108.58 108.17 107.89 107.73 107.64 107.60 107.60 107.65 107.74 107.88 108.06 108.29 108.55 108.86 109.22 109.61 110.04 110.52 111.03 111.58 112.17 112.80 113.46 114.16 114.89 115.67 116.47 117.31 118.18 119.09 120.03 120.99 121.99 123.02 124.09 125.19 126.34 127.54 128.79 130.08 131.43 132.83 134.29 135.79 137.35 138.97 140.64 142.34 144.06 145.78 147.50 149.22 150.93 152.63 154.33 156.01 157.68 159.33 160.95 162.55 164.07
122.13 120.41 118.74 117.19 115.77 114.48 113.33 112.30 111.42 110.66 110.05 109.57 109.23 109.00 108.85 108.74 108.69 108.67 108.71 108.79 108.91 109.08 109.30 109.55 109.85 110.19 110.57 111.00 111.46 111.96 112.50 113.08 113.70 114.35 115.04 115.77 116.53 117.33 118.16 119.03 119.93 120.86 121.82 122.81 123.84 124.89 125.98 127.10 128.28 129.50 130.77 132.10 133.48 134.91 136.39 137.92 139.51 141.16 142.84 144.53 146.23 147.92 149.62 151.30 152.98 154.65 156.31 157.95 159.58 161.17 162.69 164.12
122.56 120.88 119.25 117.75 116.38 115.15 114.05 113.09 112.26 111.57 111.02 110.62 110.33 110.11 109.94 109.82 109.75 109.72 109.74 109.81 109.92 110.08 110.28 110.52 110.81 111.14 111.51 111.92 112.37 112.86 113.39 113.96 114.57 115.21 115.89 116.61 117.36 118.15 118.98 119.83 120.72 121.65 122.60 123.59 124.60 125.65 126.73 127.84 128.99 130.19 131.44 132.73 134.09 135.49 136.95 138.45 140.02 141.64 143.30 144.96 146.63 148.30 149.97 151.63 153.29 154.93 156.56 158.18 159.77 161.28 162.72 164.06
123.01 121.38 119.80 118.35 117.04 115.86 114.82 113.92 113.16 112.54 112.06 111.71 111.42 111.19 111.01 110.87 110.79 110.74 110.75 110.80 110.90 111.04 111.23 111.46 111.73 112.05 112.41 112.81 113.25 113.73 114.24 114.80 115.40 116.03 116.70 117.41 118.16 118.93 119.75 120.60 121.48 122.39 123.34 124.32 125.33 126.37 127.44 128.54 129.67 130.84 132.06 133.34 134.66 136.04 137.47 138.95 140.49 142.08 143.71 145.35 146.99 148.64 150.28 151.91 153.54 155.16 156.76 158.34 159.85 161.28 162.62 163.88
123.50 121.92 120.39 118.99 117.73 116.62 115.64 114.81 114.11 113.57 113.14 112.79 112.49 112.24 112.04 111.89 111.79 111.73 111.72 111.76 111.85 111.97 112.15 112.36 112.62 112.92 113.27 113.66 114.08 114.55 115.06 115.60 116.19 116.81 117.47 118.17 118.90 119.67 120.48 121.32 122.19 123.09 124.03 125.00 126.00 127.04 128.10 129.19 130.32 131.47 132.66 133.91 135.20 136.55 137.95 139.41 140.92 142.48 144.08 145.69 147.31 148.92 150.53 152.14 153.74 155.33 156.90 158.40 159.82 161.15 162.41 163.58
124.01 122.49 121.01 119.67 118.48 117.42 116.51 115.75 115.13 114.63 114.22 113.85 113.53 113.26 113.05 112.88 112.76 112.69 112.66 112.68 112.75 112.87 113.02 113.23 113.47 113.76 114.09 114.46 114.88 115.33 115.83 116.36 116.94 117.55 118.20 118.88 119.60 120.36 121.16 121.99 122.85 123.75 124.67 125.64 126.63 127.65 128.71 129.79 130.91 132.05 133.23 134.44 135.71 137.03 138.40 139.82 141.30 142.84 144.41 145.99 147.58 149.16 150.74 152.32 153.89 155.44 156.93 158.33 159.66 160.91 162.08 163.17
124.57 123.10 121.68 120.40 119.27 118.28 117.44 116.75 116.18 115.69 115.25 114.87 114.53 114.25 114.02 113.83 113.69 113.60 113.56 113.57 113.62 113.72 113.86 114.05 114.28 114.55 114.87 115.23 115.63 116.07 116.55 117.07 117.63 118.23 118.87 119.55 120.26 121.00 121.79 122.61 123.46 124.34 125.26 126.22 127.20 128.22 129.26 130.34 131.45 132.58 133.74 134.94 136.18 137.46 138.80 140.20 141.65 143.15 144.69 146.24 147.80 149.35 150.90 152.45 153.98 155.45 156.84 158.15 159.39 160.55 161.63 162.64
125.16 123.75 122.39 121.18 120.11 119.19 118.42 117.78 117.22 116.71 116.26 115.85 115.50 115.20 114.94 114.74 114.59 114.48 114.42 114.41 114.45 114.53 114.65 114.83 115.04 115.30 115.60 115.95 116.33 116.76 117.23 117.74 118.28 118.87 119.50 120.16 120.86 121.59 122.36 123.17 124.01 124.89 125.80 126.74 127.71 128.72 129.76 130.82 131.92 133.05 134.21 135.39 136.60 137.86 139.17 140.53 141.95 143.42 144.93 146.45 147.97 149.49 151.01 152.51 153.96 155.33 156.63 157.85 159.00 160.07 161.08 162.01
125.79 124.44 123.15 122.00 121.00 120.16 119.44 118.81 118.22 117.70 117.22 116.79 116.42 116.10 115.83 115.61 115.44 115.31 115.24 115.21 115.23 115.29 115.40 115.56 115.76 116.00 116.29 116.62 116.99 117.40 117.85 118.35 118.88 119.45 120.07 120.71 121.40 122.12 122.88 123.68 124.51 125.37 126.27 127.20 128.17 129.16 130.19 131.25 132.34 133.46 134.60 135.78 136.98 138.21 139.49 140.82 142.20 143.64 145.12 146.60 148.09 149.58 151.05 152.47 153.82 155.10 156.30 157.43 158.49 159.49 160.41 161.27
126.46 125.18 123.95 122.88 121.95 121.16 120.45 119.79 119.19 118.64 118.14 117.69 117.30 116.96 116.67 116.43 116.24 116.10 116.00 115.96 115.96 116.00 116.10 116.24 116.42 116.65 116.92 117.23 117.59 117.98 118.42 118.90 119.42 119.98 120.58 121.21 121.89 122.60 123.35 124.13 124.95 125.80 126.68 127.61 128.56 129.54 130.56 131.61 132.69 133.79 134.93 136.10 137.29 138.52 139.77 141.06 142.41 143.81 145.25 146.70 148.16 149.60 150.99 152.31 153.56 154.74 155.86 156.90 157.88 158.79 159.64 160.43
127.17 125.96 124.81 123.80 122.93 122.14 121.41 120.73 120.10 119.53 119.01 118.55 118.14 117.77 117.46 117.20 116.99 116.83 116.72 116.65 116.64 116.67 116.74 116.86 117.03 117.24 117.49 117.79 118.13 118.51 118.94 119.40 119.90 120.45 121.03 121.65 122.31 123.01 123.74 124.51 125.32 126.16 127.03 127.94 128.88 129.86 130.86 131.90 132.97 134.07 135.19 136.35 137.54 138.75 139.99 141.26 142.57 143.94 145.34 146.76 148.16 149.52 150.81 152.03 153.18 154.27 155.30 156.26 157.16 157.99 158.76 159.48
127.93 126.79 125.71 124.76 123.89 123.08 122.32 121.62 120.97 120.38 119.84 119.35 118.92 118.54 118.21 117.93 117.70 117.51 117.38 117.30 117.26 117.27 117.33 117.43 117.58 117.77 118.01 118.29 118.61 118.98 119.39 119.84 120.32 120.85 121.42 122.03 122.67 123.36 124.08 124.83 125.62 126.45 127.31 128.21 129.14 130.10 131.09 132.12 133.18 134.26 135.38 136.53 137.70 138.91 140.14 141.39 142.68 144.01 145.38 146.74 148.06 149.32 150.51 151.63 152.69 153.69 154.63 155.51 156.32 157.08 157.78 158.43
128.73 127.67 126.65 125.70 124.80 123.97 123.18 122.46 121.79 121.18 120.61 120.11 119.65 119.25 118.89 118.59 118.34 118.14 117.99 117.88 117.83 117.82 117.86 117.94 118.07 118.25 118.47 118.73 119.04 119.38 119.78 120.21 120.68 121.19 121.75 122.34 122.97 123.64 124.34 125.08 125.86 126.67 127.52 128.41 129.32 130.27 131.25 132.27 133.31 134.39 135.49 136.63 137.79 138.99 140.21 141.46 142.73 144.03 145.35 146.63 147.84 149.00 150.09 151.12 152.09 153.00 153.85 154.65 155.39 156.07 156.70 157.28
