data_processed/recharge/precip/Precip_2007_03.asc
ncols        168
nrows        136
xllcorner    455000
yllcorner    2107000
cellsize     500
NODATA_value     -99999
[rows 35 to 69 of 136, columns 77 to 153 of 168]
34.17 33.35 32.46 31.52 30.54 29.54 28.52 27.51 26.51 25.54 24.61 23.73 22.92 22.18 21.54 21.01 20.60 20.32 20.20 20.24 20.45 20.72 20.72 20.40 19.77 18.89 17.90 16.89 15.89 14.90 13.94 13.02 12.14 11.31 10.56 9.88 9.29 8.80 8.42 8.16 8.04 8.04 8.10 8.13 8.10 8.00 7.87 7.83 7.88 8.03 8.28 8.70 9.30 10.07 11.00 12.08 13.30 14.66 16.14 17.73 19.43 21.22 23.09 25.04 27.06 29.13 31.24 33.39 35.54 37.68 39.78 41.51 42.43 42.57 41.97 40.80 39.34
33.22 32.42 31.58 30.68 29.75 28.80 27.83 26.87 25.91 24.99 24.11 23.28 22.51 21.83 21.24 20.76 20.40 20.19 20.13 20.23 20.47 20.78 20.83 20.56 20.00 19.18 18.15 17.04 15.94 14.88 13.86 12.90 12.00 11.17 10.44 9.79 9.26 8.84 8.55 8.40 8.39 8.45 8.50 8.52 8.48 8.39 8.26 8.22 8.27 8.41 8.65 8.99 9.49 10.16 11.01 12.01 13.16 14.46 15.88 17.43 19.08 20.84 22.69 24.63 26.63 28.70 30.82 32.97 35.13 37.27 39.39 41.13 42.11 42.33 41.85 40.73 39.11
32.30 31.51 30.70 29.85 28.97 28.06 27.14 26.22 25.31 24.44 23.60 22.82 22.10 21.47 20.93 20.50 20.21 20.06 20.06 20.19 20.47 20.81 20.90 20.68 20.19 19.44 18.47 17.34 16.15 15.02 13.94 12.94 12.02 11.19 10.47 9.86 9.37 9.03 8.83 8.78 8.81 8.86 8.89 8.89 8.85 8.76 8.64 8.60 8.65 8.79 9.03 9.34 9.76 10.33 11.08 11.99 13.06 14.28 15.63 17.12 18.73 20.44 22.25 24.16 26.14 28.20 30.30 32.44 34.59 36.73 38.84 40.59 41.61 41.90 41.52 40.52 38.97
31.41 30.64 29.85 29.03 28.19 27.32 26.45 25.57 24.72 23.88 23.09 22.36 21.69 21.10 20.62 20.26 20.03 19.94 19.98 20.15 20.46 20.82 20.94 20.76 20.32 19.65 18.76 17.70 16.50 15.29 14.15 13.11 12.17 11.34 10.63 10.05 9.62 9.35 9.23 9.21 9.22 9.24 9.26 9.25 9.21 9.12 9.01 8.97 9.03 9.17 9.40 9.71 10.10 10.59 11.22 12.03 13.01 14.14 15.42 16.83 18.37 20.03 21.79 23.66 25.61 27.63 29.71 31.82 33.94 36.07 38.16 39.91 40.95 41.30 41.01 40.13 38.72
30.56 29.80 29.02 28.23 27.42 26.60 25.77 24.94 24.12 23.34 22.59 21.90 21.28 20.75 20.33 20.04 19.87 19.82 19.90 20.10 20.43 20.80 20.95 20.81 20.42 19.80 18.99 18.01 16.89 15.68 14.49 13.41 12.44 11.61 10.91 10.37 9.99 9.77 9.68 9.63 9.61 9.61 9.61 9.60 9.55 9.47 9.36 9.34 9.40 9.54 9.77 10.08 10.46 10.92 11.47 12.16 13.03 14.06 15.24 16.57 18.04 19.62 21.33 23.14 25.04 27.02 29.06 31.13 33.22 35.31 37.37 39.11 40.16 40.55 40.33 39.55 38.28
29.74 29.00 28.24 27.46 26.67 25.89 25.10 24.31 23.54 22.80 22.09 21.45 20.88 20.43 20.08 19.84 19.72 19.72 19.83 20.05 20.39 20.77 20.93 20.83 20.48 19.91 19.17 18.26 17.24 16.11 14.93 13.81 12.82 11.98 11.30 10.79 10.45 10.24 10.11 10.03 9.99 9.96 9.95 9.93 9.89 9.81 9.72 9.70 9.76 9.91 10.14 10.44 10.82 11.27 11.79 12.39 13.14 14.06 15.14 16.37 17.74 19.25 20.88 22.63 24.48 26.40 28.38 30.40 32.44 34.48 36.49 38.20 39.25 39.67 39.51 38.82 37.67
28.96 28.23 27.49 26.73 25.96 25.20 24.45 23.70 22.97 22.27 21.61 21.03 20.53 20.14 19.86 19.67 19.59 19.62 19.75 19.99 20.34 20.72 20.90 20.81 20.49 19.98 19.29 18.46 17.51 16.48 15.40 14.30 13.29 12.44 11.77 11.28 10.94 10.70 10.52 10.41 10.34 10.30 10.28 10.25 10.21 10.14 10.06 10.05 10.13 10.28 10.51 10.81 11.19 11.63 12.14 12.71 13.36 14.16 15.12 16.24 17.51 18.93 20.48 22.15 23.93 25.78 27.69 29.64 31.62 33.60 35.55 37.21 38.25 38.68 38.57 37.96 36.91
28.21 27.50 26.77 26.03 25.29 24.55 23.83 23.12 22.43 21.77 21.17 20.66 20.23 19.91 19.67 19.53 19.49 19.54 19.69 19.94 20.28 20.66 20.83 20.76 20.48 20.00 19.36 18.60 17.73 16.79 15.80 14.80 13.82 12.97 12.31 11.81 11.42 11.13 10.92 10.78 10.68 10.63 10.59 10.56 10.52 10.46 10.40 10.40 10.49 10.64 10.88 11.18 11.55 11.99 12.49 13.05 13.67 14.37 15.20 16.20 17.36 18.69 20.15 21.73 23.41 25.18 27.01 28.88 30.78 32.68 34.57 36.17 37.18 37.61 37.53 36.98 36.02
27.50 26.80 26.09 25.37 24.65 23.94 23.24 22.56 21.91 21.31 20.78 20.34 19.98 19.71 19.52 19.42 19.40 19.47 19.63 19.88 20.22 20.58 20.75 20.69 20.42 19.98 19.39 18.68 17.88 17.02 16.13 15.23 14.36 13.56 12.87 12.31 11.88 11.54 11.30 11.12 11.01 10.94 10.89 10.86 10.83 10.78 10.73 10.75 10.84 11.01 11.25 11.55 11.93 12.36 12.85 13.40 14.01 14.67 15.40 16.28 17.33 18.55 19.90 21.38 22.96 24.63 26.36 28.14 29.94 31.76 33.56 35.09 36.06 36.48 36.41 35.91 35.03
26.82 26.13 25.44 24.74 24.04 23.36 22.69 22.04 21.44 20.92 20.47 20.09 19.79 19.56 19.41 19.34 19.34 19.42 19.58 19.83 20.15 20.50 20.66 20.60 20.34 19.92 19.37 18.71 17.97 17.19 16.38 15.59 14.82 14.10 13.40 12.80 12.31 11.94 11.66 11.46 11.32 11.24 11.18 11.15 11.13 11.09 11.06 11.09 11.20 11.38 11.62 11.93 12.30 12.73 13.22 13.77 14.36 15.01 15.72 16.51 17.44 18.53 19.77 21.13 22.59 24.14 25.77 27.44 29.14 30.85 32.55 34.00 34.90 35.30 35.23 34.77 33.96
26.17 25.50 24.82 24.14 23.47 22.81 22.17 21.58 21.05 20.60 20.22 19.90 19.65 19.46 19.34 19.29 19.31 19.39 19.55 19.78 20.09 20.40 20.55 20.48 20.23 19.83 19.31 18.69 18.01 17.29 16.57 15.86 15.18 14.51 13.87 13.26 12.73 12.31 12.00 11.78 11.62 11.52 11.47 11.44 11.42 11.40 11.38 11.43 11.56 11.74 12.00 12.31 12.69 13.12 13.60 14.14 14.73 15.38 16.10 16.87 17.70 18.66 19.76 20.99 22.33 23.75 25.25 26.80 28.38 29.98 31.56 32.91 33.75 34.10 34.03 33.58 32.82
25.55 24.90 24.24 23.58 22.93 22.30 21.71 21.19 20.74 20.36 20.04 19.78 19.57 19.41 19.32 19.28 19.30 19.39 19.54 19.75 20.02 20.30 20.42 20.34 20.09 19.70 19.20 18.62 17.99 17.33 16.68 16.04 15.42 14.81 14.22 13.65 13.12 12.67 12.33 12.08 11.91 11.80 11.74 11.71 11.70 11.70 11.71 11.78 11.91 12.11 12.38 12.70 13.08 13.51 13.99 14.53 15.13 15.80 16.53 17.30 18.10 18.95 19.91 20.99 22.19 23.47 24.83 26.24 27.69 29.16 30.62 31.85 32.60 32.90 32.80 32.37 31.65
24.97 24.33 23.69 23.05 22.43 21.85 21.33 20.89 20.51 20.19 19.93 19.71 19.54 19.41 19.34 19.31 19.33 19.41 19.54 19.72 19.96 20.20 20.29 20.18 19.93 19.54 19.06 18.51 17.92 17.31 16.72 16.13 15.56 15.00 14.46 13.95 13.46 13.01 12.64 12.37 12.18 12.07 12.00 11.98 11.98 12.00 12.03 12.12 12.27 12.49 12.76 13.09 13.47 13.91 14.40 14.95 15.58 16.27 17.00 17.78 18.58 19.39 20.23 21.15 22.19 23.32 24.53 25.80 27.10 28.42 29.74 30.84 31.50 31.73 31.59 31.15 30.45
24.42 23.80 23.17 22.56 21.98 21.48 21.04 20.67 20.35 20.09 19.88 19.71 19.58 19.47 19.41 19.38 19.39 19.45 19.56 19.71 19.90 20.10 20.14 20.01 19.74 19.36 18.88 18.35 17.80 17.24 16.68 16.14 15.62 15.11 14.62 14.15 13.72 13.31 12.94 12.65 12.45 12.32 12.26 12.24 12.26 12.29 12.35 12.46 12.63 12.86 13.15 13.49 13.88 14.33 14.84 15.43 16.08 16.79 17.54 18.31 19.11 19.91 20.70 21.50 22.37 23.33 24.37 25.47 26.62 27.78 28.94 29.91 30.45 30.60 30.41 29.95 29.26
23.90 23.29 22.69 22.12 21.63 21.20 20.83 20.52 20.27 20.06 19.89 19.76 19.66 19.58 19.52 19.49 19.49 19.53 19.60 19.71 19.86 20.00 19.99 19.83 19.54 19.14 18.67 18.16 17.63 17.11 16.60 16.10 15.61 15.15 14.70 14.28 13.89 13.53 13.20 12.92 12.70 12.57 12.51 12.50 12.53 12.59 12.67 12.80 13.00 13.24 13.55 13.90 14.30 14.78 15.34 15.96 16.64 17.37 18.13 18.91 19.70 20.48 21.25 22.00 22.73 23.51 24.38 25.30 26.27 27.26 28.26 29.07 29.48 29.54 29.28 28.78 28.09
23.41 22.82 22.27 21.78 21.36 21.00 20.70 20.45 20.25 20.08 19.96 19.86 19.78 19.73 19.69 19.65 19.63 19.64 19.67 19.73 19.82 19.90 19.84 19.64 19.32 18.90 18.43 17.94 17.44 16.96 16.48 16.02 15.57 15.14 14.74 14.36 14.01 13.69 13.40 13.15 12.95 12.82 12.76 12.76 12.80 12.88 12.99 13.15 13.36 13.63 13.95 14.32 14.77 15.30 15.90 16.56 17.26 18.01 18.78 19.56 20.35 21.12 21.87 22.59 23.26 23.89 24.57 25.30 26.08 26.89 27.70 28.34 28.62 28.56 28.23 27.68 26.99
22.96 22.41 21.94 21.52 21.18 20.88 20.64 20.45 20.29 20.17 20.08 20.01 19.95 19.91 19.88 19.85 19.81 19.78 19.77 19.77 19.80 19.81 19.69 19.44 19.08 18.65 18.18 17.71 17.25 16.80 16.35 15.92 15.51 15.11 14.74 14.40 14.08 13.80 13.55 13.34 13.17 13.05 13.00 13.01 13.07 13.18 13.31 13.50 13.74 14.03 14.37 14.79 15.29 15.87 16.52 17.21 17.95 18.72 19.50 20.28 21.06 21.82 22.55 23.24 23.88 24.44 24.96 25.49 26.07 26.68 27.29 27.75 27.87 27.69 27.27 26.68 26.03
22.56 22.10 21.70 21.36 21.08 20.85 20.66 20.51 20.40 20.31 20.24 20.20 20.16 20.13 20.10 20.07 20.02 19.96 19.89 19.84 19.79 19.72 19.54 19.23 18.83 18.40 17.95 17.51 17.07 16.65 16.23 15.83 15.44 15.07 14.73 14.42 14.13 13.88 13.67 13.49 13.36 13.27 13.24 13.26 13.34 13.47 13.64 13.85 14.12 14.44 14.83 15.32 15.88 16.52 17.21 17.94 18.70 19.49 20.28 21.08 21.85 22.60 23.31 23.97 24.57 25.09 25.53 25.89 26.26 26.65 27.06 27.32 27.27 26.96 26.45 25.88 25.27
22.26 21.88 21.55 21.28 21.06 20.88 20.74 20.64 20.56 20.50 20.46 20.43 20.40 20.38 20.35 20.30 20.24 20.16 20.05 19.92 19.80 19.65 19.39 19.03 18.61 18.19 17.77 17.34 16.93 16.52 16.13 15.75 15.39 15.05 14.73 14.44 14.19 13.96 13.78 13.63 13.53 13.47 13.46 13.51 13.61 13.77 13.97 14.21 14.51 14.89 15.36 15.92 16.55 17.23 17.97 18.74 19.53 20.34 21.15 21.94 22.71 23.45 24.14 24.77 25.33 25.81 26.20 26.48 26.66 26.84 27.02 27.07 26.84 26.40 25.88 25.34 24.77
22.06 21.75 21.50 21.29 21.12 20.99 20.90 20.83 20.78 20.74 20.72 20.70 20.68 20.65 20.61 20.56 20.47 20.36 20.22 20.04 19.83 19.59 19.26 18.86 18.46 18.05 17.64 17.24 16.84 16.45 16.07 15.71 15.37 15.05 14.76 14.49 14.25 14.05 13.89 13.77 13.69 13.66 13.68 13.76 13.89 14.07 14.30 14.59 14.95 15.42 15.97 16.59 17.28 18.02 18.80 19.61 20.43 21.26 22.08 22.88 23.65 24.38 25.05 25.66 26.18 26.62 26.95 27.17 27.26 27.25 27.19 27.02 26.63 26.15 25.64 25.10 24.55
21.96 21.72 21.52 21.37 21.26 21.17 21.11 21.07 21.05 21.03 21.02 21.01 20.99 20.95 20.90 20.82 20.71 20.57 20.39 20.16 19.88 19.55 19.18 18.79 18.39 17.99 17.60 17.20 16.82 16.44 16.08 15.73 15.41 15.10 14.82 14.58 14.36 14.18 14.04 13.93 13.88 13.87 13.91 14.01 14.16 14.38 14.65 15.01 15.47 16.02 16.65 17.34 18.10 18.89 19.72 20.56 21.42 22.27 23.10 23.91 24.67 25.39 26.04 26.62 27.11 27.50 27.79 27.95 27.97 27.85 27.60 27.23 26.77 26.28 25.76 25.22 24.65
21.90 21.72 21.59 21.49 21.42 21.37 21.35 21.34 21.33 21.33 21.33 21.32 21.29 21.25 21.18 21.08 20.94 20.76 20.54 20.26 19.93 19.56 19.19 18.80 18.41 18.02 17.63 17.25 16.87 16.51 16.16 15.82 15.51 15.22 14.96 14.72 14.52 14.36 14.23 14.15 14.11 14.12 14.18 14.30 14.47 14.70 15.01 15.47 16.02 16.66 17.37 18.14 18.95 19.80 20.67 21.56 22.44 23.32 24.16 24.98 25.74 26.45 27.08 27.64 28.09 28.44 28.68 28.78 28.74 28.54 28.19 27.74 27.26 26.74 26.20 25.63 25.04
21.70 21.59 21.52 21.47 21.45 21.45 21.47 21.49 21.51 21.53 21.54 21.53 21.50 21.45 21.37 21.25 21.09 20.88 20.62 20.30 19.95 19.59 19.23 18.85 18.47 18.09 17.71 17.34 16.98 16.63 16.29 15.97 15.67 15.40 15.15 14.93 14.75 14.61 14.50 14.44 14.42 14.46 14.54 14.68 14.87 15.08 15.34 15.83 16.48 17.21 18.00 18.84 19.72 20.63 21.55 22.47 23.39 24.29 25.15 25.97 26.74 27.44 28.06 28.59 29.01 29.32 29.51 29.55 29.45 29.19 28.79 28.31 27.79 27.25 26.68 26.08 25.46
21.32 21.29 21.29 21.31 21.34 21.39 21.45 21.51 21.56 21.60 21.63 21.64 21.62 21.56 21.47 21.34 21.16 20.92 20.63 20.30 19.96 19.62 19.26 18.90 18.54 18.17 17.81 17.45 17.11 16.77 16.45 16.16 15.88 15.62 15.40 15.21 15.05 14.93 14.85 14.81 14.82 14.88 14.99 15.15 15.33 15.48 15.69 16.14 16.82 17.63 18.51 19.42 20.37 21.34 22.31 23.28 24.23 25.15 26.04 26.87 27.64 28.33 28.94 29.44 29.84 30.11 30.25 30.24 30.08 29.78 29.36 28.85 28.30 27.73 27.12 26.50 25.85
20.79 20.84 20.91 21.00 21.10 21.21 21.31 21.41 21.50 21.58 21.63 21.65 21.65 21.60 21.51 21.37 21.17 20.92 20.62 20.30 19.98 19.64 19.30 18.95 18.59 18.25 17.91 17.57 17.25 16.94 16.64 16.37 16.12 15.89 15.69 15.52 15.39 15.30 15.25 15.24 15.28 15.37 15.51 15.66 15.80 15.91 16.07 16.47 17.10 17.95 18.90 19.90 20.91 21.94 22.97 23.98 24.97 25.92 26.83 27.67 28.45 29.14 29.73 30.22 30.58 30.82 30.92 30.86 30.67 30.34 29.89 29.35 28.78 28.18 27.55 26.90 26.22
20.14 20.26 20.42 20.58 20.75 20.91 21.08 21.23 21.36 21.47 21.55 21.60 21.61 21.58 21.49 21.35 21.15 20.90 20.61 20.31 19.99 19.67 19.33 18.98 18.64 18.31 18.00 17.69 17.39 17.11 16.84 16.59 16.37 16.18 16.01 15.87 15.78 15.72 15.70 15.73 15.80 15.93 16.06 16.19 16.29 16.36 16.48 16.83 17.41 18.22 19.20 20.27 21.35 22.45 23.53 24.59 25.62 26.60 27.53 28.39 29.17 29.86 30.45 30.91 31.26 31.46 31.52 31.43 31.21 30.87 30.39 29.83 29.24 28.61 27.95 27.27 26.57
19.46 19.59 19.81 20.06 20.30 20.53 20.76 20.96 21.15 21.30 21.42 21.50 21.53 21.51 21.44 21.30 21.11 20.87 20.60 20.31 20.00 19.69 19.36 19.02 18.69 18.36 18.06 17.79 17.52 17.27 17.04 16.82 16.63 16.47 16.34 16.24 16.18 16.16 16.18 16.25 16.36 16.49 16.61 16.71 16.79 16.83 16.92 17.23 17.77 18.51 19.45 20.55 21.70 22.86 24.00 25.11 26.18 27.20 28.16 29.03 29.82 30.51 31.09 31.54 31.86 32.04 32.07 31.97 31.73 31.36 30.87 30.29 29.67 29.02 28.34 27.64 26.91
18.82 18.90 19.14 19.45 19.78 20.09 20.38 20.64 20.88 21.08 21.24 21.36 21.42 21.43 21.37 21.25 21.07 20.85 20.59 20.31 20.01 19.70 19.38 19.05 18.72 18.41 18.11 17.85 17.62 17.41 17.21 17.04 16.89 16.77 16.68 16.62 16.60 16.62 16.69 16.80 16.92 17.04 17.15 17.23 17.29 17.31 17.38 17.65 18.15 18.86 19.74 20.79 21.97 23.19 24.39 25.56 26.67 27.73 28.71 29.61 30.41 31.10 31.67 32.12 32.42 32.57 32.59 32.47 32.21 31.83 31.32 30.72 30.09 29.42 28.72 27.99 27.24
18.21 18.26 18.47 18.80 19.20 19.58 19.95 20.28 20.58 20.84 21.05 21.21 21.31 21.34 21.30 21.20 21.04 20.83 20.59 20.31 20.02 19.72 19.40 19.08 18.75 18.44 18.15 17.90 17.69 17.52 17.36 17.23 17.13 17.05 17.00 16.99 17.02 17.09 17.20 17.33 17.46 17.58 17.68 17.76 17.80 17.81 17.85 18.11 18.57 19.24 20.08 21.08 22.22 23.46 24.72 25.93 27.10 28.19 29.20 30.12 30.93 31.63 32.20 32.63 32.92 33.06 33.07 32.93 32.67 32.27 31.75 31.14 30.49 29.80 29.08 28.34 27.57
17.64 17.67 17.85 18.17 18.59 19.05 19.50 19.90 20.27 20.59 20.85 21.06 21.20 21.26 21.24 21.16 21.01 20.82 20.58 20.32 20.03 19.73 19.42 19.09 18.77 18.47 18.18 17.94 17.73 17.58 17.47 17.39 17.33 17.30 17.31 17.35 17.43 17.55 17.69 17.83 17.97 18.09 18.19 18.27 18.31 18.31 18.35 18.58 19.02 19.66 20.47 21.42 22.51 23.71 24.98 26.25 27.46 28.59 29.64 30.58 31.41 32.12 32.69 33.11 33.39 33.52 33.51 33.37 33.09 32.69 32.16 31.53 30.87 30.17 29.44 28.68 27.90
17.11 17.13 17.31 17.61 18.02 18.52 19.04 19.52 19.96 20.34 20.67 20.93 21.10 21.18 21.19 21.12 20.98 20.80 20.57 20.32 20.04 19.74 19.43 19.11 18.79 18.49 18.21 17.96 17.76 17.61 17.53 17.49 17.49 17.52 17.58 17.67 17.81 17.96 18.12 18.29 18.44 18.58 18.69 18.78 18.82 18.82 18.85 19.07 19.50 20.11 20.89 21.81 22.86 24.00 25.23 26.52 27.77 28.95 30.03 31.00 31.85 32.56 33.13 33.54 33.81 33.94 33.93 33.78 33.49 33.08 32.54 31.91 31.24 30.53 29.79 29.02 28.22
16.64 16.66 16.83 17.13 17.54 18.04 18.59 19.16 19.67 20.13 20.52 20.82 21.01 21.12 21.14 21.08 20.96 20.79 20.57 20.32 20.04 19.75 19.44 19.12 18.80 18.50 18.22 17.97 17.77 17.63 17.55 17.54 17.59 17.68 17.80 17.95 18.13 18.32 18.51 18.70 18.88 19.04 19.17 19.27 19.32 19.33 19.36 19.58 20.00 20.59 21.35 22.24 23.25 24.36 25.54 26.78 28.05 29.26 30.38 31.38 32.24 32.96 33.52 33.94 34.20 34.33 34.31 34.16 33.87 33.46 32.91 32.28 31.60 30.89 30.14 29.36 28.55
16.22 16.25 16.43 16.74 17.16 17.66 18.23 18.83 19.43 19.96 20.40 20.72 20.94 21.06 21.09 21.05 20.94 20.77 20.56 20.32 20.04 19.75 19.44 19.12 18.81 18.50 18.22 17.98 17.78 17.63 17.55 17.55 17.63 17.77 17.96 18.16 18.39 18.62 18.85 19.07 19.28 19.47 19.62 19.74 19.81 19.83 19.87 20.10 20.51 21.10 21.84 22.71 23.70 24.77 25.91 27.11 28.33 29.55 30.70 31.73 32.60 33.32 33.88 34.29 34.56 34.68 34.67 34.51 34.23 33.81 33.27 32.63 31.96 31.24 30.48 29.70 28.88
15.85 15.90 16.10 16.43 16.87 17.39 17.98 18.61 19.24 19.82 20.28 20.63 20.86 21.00 21.05 21.02 20.92 20.76 20.56 20.31 20.04 19.75 19.44 19.12 18.80 18.50 18.22 17.97 17.77 17.62 17.54 17.54 17.62 17.79 18.03 18.30 18.57 18.85 19.13 19.39 19.64 19.86 20.05 20.19 20.29 20.33 20.39 20.62 21.04 21.63 22.36 23.22 24.18 25.23 26.34 27.50 28.67 29.85 31.00 32.03 32.91 33.63 34.20 34.61 34.88 35.01 35.00 34.85 34.56 34.15 33.61 32.98 32.30 31.58 30.83 30.04 29.22
15.55 15.63 15.86 16.22 16.68 17.24 17.85 18.50 19.14 19.71 20.18 20.55 20.80 20.95 21.01 20.99 20.91 20.75 20.55 20.31 20.04 19.75 19.43 19.11 18.79 18.49 18.20 17.95 17.75 17.60 17.52 17.51 17.59 17.76 18.03 18.35 18.68 19.02 19.35 19.66 19.95 20.21 20.44 20.62 20.75 20.82 20.90 21.15 21.59 22.18 22.91 23.76 24.71 25.74 26.82 27.95 29.09 30.21 31.29 32.30 33.18 33.91 34.48 34.90 35.18 35.31 35.30 35.16 34.88 34.47 33.94 33.31 32.64 31.92 31.17 30.38 29.56
