data_processed/recharge/precip/Precip_2012_08.asc
ncols        168
nrows        136
xllcorner    455000
yllcorner    2107000
cellsize     500
NODATA_value     -99999
[rows 96 to 127 of 136, columns 0 to 70 of 168]
193.28 194.54 195.77 196.99 198.19 199.36 200.50 201.62 202.69 203.73 204.73 205.68 206.58 207.43 208.22 208.95 209.63 210.25 210.83 211.39 211.81 211.98 211.89 211.66 211.34 210.94 210.47 209.93 209.32 208.64 207.90 207.10 206.24 205.33 204.37 203.35 202.29 201.19 200.04 198.86 197.64 196.39 195.11 193.81 192.48 191.12 189.75 188.36 186.96 185.55 184.13 182.71 181.28 179.86 178.44 177.02 175.61 174.22 172.84 171.47 170.13 168.81 167.51 166.25 165.01 163.81 162.64 161.52 160.43 159.39 158.40
193.88 195.17 196.45 197.72 198.97 200.20 201.40 202.57 203.71 204.81 205.88 206.90 207.87 208.80 209.67 210.49 211.26 212.00 212.73 213.42 213.98 214.29 214.33 214.13 213.77 213.34 212.83 212.26 211.61 210.90 210.13 209.30 208.42 207.48 206.49 205.45 204.36 203.24 202.07 200.87 199.63 198.36 197.06 195.74 194.39 193.03 191.64 190.24 188.83 187.41 185.98 184.55 183.11 181.68 180.25 178.83 177.42 176.03 174.65 173.28 171.94 170.62 169.33 168.07 166.84 165.64 164.48 163.36 162.29 161.26 160.28
194.52 195.86 197.18 198.50 199.80 201.08 202.33 203.56 204.76 205.93 207.06 208.15 209.19 210.20 211.15 212.06 212.95 213.82 214.67 215.49 216.19 216.64 216.82 216.74 216.42 215.95 215.41 214.80 214.12 213.37 212.57 211.71 210.79 209.82 208.80 207.74 206.63 205.47 204.28 203.06 201.80 200.51 199.19 197.84 196.48 195.09 193.69 192.28 190.85 189.42 187.98 186.53 185.09 183.65 182.22 180.79 179.37 177.97 176.59 175.22 173.88 172.56 171.27 170.01 168.78 167.59 166.44 165.33 164.26 163.24 162.27
195.22 196.60 197.96 199.32 200.67 202.00 203.30 204.59 205.85 207.07 208.27 209.43 210.54 211.62 212.66 213.68 214.69 215.69 216.67 217.62 218.45 219.03 219.35 219.41 219.21 218.77 218.19 217.54 216.83 216.05 215.21 214.31 213.36 212.36 211.31 210.21 209.07 207.89 206.67 205.42 204.14 202.82 201.48 200.12 198.73 197.33 195.91 194.47 193.03 191.58 190.13 188.67 187.22 185.77 184.32 182.89 181.46 180.06 178.67 177.30 175.95 174.63 173.34 172.07 170.85 169.66 168.51 167.40 166.34 165.32 164.36
195.98 197.39 198.79 200.19 201.58 202.96 204.32 205.66 206.97 208.26 209.51 210.74 211.92 213.08 214.22 215.37 216.50 217.62 218.72 219.80 220.75 221.46 221.91 222.10 222.05 221.73 221.18 220.50 219.74 218.92 218.04 217.11 216.12 215.09 214.00 212.87 211.70 210.49 209.25 207.96 206.65 205.31 203.95 202.56 201.15 199.72 198.28 196.83 195.37 193.90 192.43 190.96 189.49 188.03 186.57 185.12 183.69 182.27 180.87 179.50 178.14 176.82 175.52 174.26 173.03 171.84 170.69 169.59 168.53 167.52 166.56
196.79 198.23 199.68 201.12 202.55 203.97 205.38 206.77 208.14 209.48 210.80 212.08 213.34 214.60 215.86 217.12 218.37 219.60 220.82 222.02 223.09 223.92 224.50 224.83 224.91 224.73 224.31 223.65 222.85 221.99 221.08 220.10 219.08 218.01 216.89 215.72 214.52 213.27 211.99 210.68 209.34 207.97 206.58 205.16 203.73 202.28 200.82 199.34 197.86 196.37 194.88 193.39 191.91 190.43 188.96 187.50 186.05 184.62 183.21 181.83 180.47 179.13 177.83 176.56 175.33 174.14 172.99 171.88 170.82 169.81 168.86
197.66 199.14 200.62 202.09 203.57 205.03 206.49 207.92 209.34 210.74 212.11 213.47 214.83 216.20 217.57 218.93 220.29 221.64 222.98 224.29 225.48 226.43 227.14 227.59 227.80 227.76 227.47 226.93 226.16 225.26 224.30 223.29 222.22 221.11 219.95 218.75 217.51 216.23 214.92 213.58 212.20 210.80 209.38 207.93 206.47 205.00 203.51 202.01 200.50 198.99 197.48 195.97 194.47 192.97 191.48 190.01 188.55 187.10 185.68 184.28 182.91 181.57 180.26 178.98 177.74 176.55 175.39 174.28 173.22 172.21 171.25
198.59 200.10 201.61 203.13 204.64 206.14 207.64 209.12 210.59 212.04 213.48 214.93 216.39 217.86 219.34 220.81 222.28 223.74 225.18 226.60 227.91 228.98 229.80 230.38 230.71 230.80 230.64 230.24 229.59 228.72 227.72 226.67 225.56 224.40 223.20 221.96 220.68 219.37 218.02 216.64 215.23 213.80 212.34 210.87 209.38 207.87 206.35 204.83 203.30 201.76 200.23 198.70 197.17 195.65 194.14 192.65 191.17 189.71 188.28 186.86 185.48 184.12 182.80 181.52 180.27 179.06 177.90 176.79 175.72 174.71 173.75
199.59 201.13 202.67 204.21 205.76 207.30 208.84 210.37 211.89 213.40 214.93 216.47 218.03 219.60 221.18 222.75 224.32 225.89 227.44 228.96 230.38 231.56 232.50 233.20 233.65 233.87 233.84 233.57 233.06 232.30 231.33 230.23 229.08 227.88 226.64 225.35 224.03 222.68 221.29 219.87 218.43 216.96 215.47 213.96 212.44 210.90 209.35 207.80 206.24 204.68 203.12 201.56 200.01 198.47 196.94 195.42 193.93 192.45 190.99 189.57 188.17 186.80 185.46 184.17 182.91 181.69 180.52 179.40 178.33 177.31 176.34
200.65 202.21 203.78 205.36 206.94 208.52 210.09 211.67 213.24 214.83 216.45 218.09 219.74 221.41 223.08 224.76 226.43 228.09 229.74 231.37 232.89 234.18 235.23 236.04 236.62 236.95 237.05 236.91 236.53 235.91 235.05 233.98 232.78 231.54 230.25 228.92 227.56 226.16 224.73 223.27 221.79 220.28 218.76 217.21 215.65 214.08 212.50 210.92 209.33 207.74 206.15 204.56 202.99 201.42 199.87 198.33 196.81 195.31 193.84 192.39 190.97 189.59 188.24 186.92 185.65 184.42 183.24 182.11 181.03 180.01 179.03
201.78 203.36 204.96 206.56 208.17 209.79 211.40 213.02 214.67 216.35 218.06 219.79 221.53 223.29 225.05 226.82 228.59 230.34 232.09 233.82 235.44 236.84 238.00 238.92 239.61 240.06 240.28 240.26 240.00 239.52 238.79 237.84 236.66 235.37 234.04 232.67 231.26 229.81 228.34 226.84 225.31 223.77 222.20 220.62 219.02 217.42 215.80 214.18 212.56 210.94 209.32 207.70 206.10 204.50 202.92 201.36 199.82 198.30 196.80 195.33 193.89 192.49 191.12 189.79 188.50 187.26 186.07 184.93 183.84 182.80 181.81
202.97 204.58 206.20 207.83 209.47 211.11 212.77 214.47 216.20 217.96 219.75 221.56 223.39 225.23 227.09 228.94 230.80 232.65 234.49 236.32 238.04 239.53 240.79 241.82 242.62 243.18 243.52 243.62 243.49 243.13 242.53 241.71 240.65 239.39 238.01 236.58 235.12 233.63 232.12 230.57 229.00 227.41 225.80 224.18 222.55 220.90 219.25 217.59 215.93 214.28 212.62 210.98 209.34 207.72 206.11 204.52 202.95 201.40 199.88 198.39 196.93 195.50 194.11 192.77 191.46 190.21 189.01 187.86 186.75 185.70 184.69
204.24 205.86 207.50 209.15 210.82 212.51 214.24 216.00 217.81 219.65 221.52 223.41 225.32 227.25 229.19 231.13 233.07 235.01 236.94 238.86 240.67 242.26 243.62 244.75 245.65 246.33 246.77 246.99 246.98 246.74 246.27 245.58 244.65 243.50 242.14 240.67 239.16 237.62 236.06 234.46 232.85 231.21 229.56 227.90 226.22 224.53 222.84 221.15 219.45 217.76 216.07 214.39 212.72 211.06 209.42 207.80 206.20 204.63 203.08 201.56 200.08 198.63 197.22 195.85 194.53 193.26 192.05 190.88 189.76 188.69 187.66
205.58 207.21 208.87 210.55 212.25 214.00 215.80 217.64 219.51 221.43 223.37 225.34 227.33 229.33 231.35 233.38 235.40 237.42 239.44 241.44 243.34 245.02 246.48 247.71 248.71 249.49 250.04 250.37 250.48 250.36 250.01 249.44 248.64 247.62 246.37 244.92 243.37 241.78 240.16 238.52 236.85 235.17 233.47 231.76 230.04 228.31 226.58 224.84 223.11 221.37 219.65 217.93 216.23 214.53 212.86 211.21 209.58 207.97 206.39 204.85 203.34 201.86 200.43 199.04 197.71 196.43 195.19 194.01 192.87 191.77 190.72
206.99 208.64 210.31 212.02 213.78 215.59 217.45 219.36 221.31 223.29 225.30 227.34 229.41 231.49 233.58 235.68 237.78 239.89 241.98 244.07 246.05 247.82 249.36 250.69 251.79 252.67 253.33 253.77 253.98 253.97 253.74 253.29 252.62 251.72 250.61 249.27 247.73 246.10 244.42 242.73 241.02 239.28 237.54 235.78 234.01 232.24 230.46 228.68 226.90 225.13 223.36 221.60 219.86 218.13 216.42 214.73 213.07 211.43 209.82 208.24 206.70 205.20 203.75 202.35 201.00 199.70 198.45 197.24 196.07 194.95 193.87
208.47 210.13 211.83 213.59 215.41 217.28 219.20 221.17 223.19 225.23 227.31 229.42 231.56 233.71 235.87 238.04 240.22 242.40 244.57 246.74 248.80 250.65 252.28 253.70 254.89 255.87 256.63 257.17 257.49 257.59 257.47 257.14 256.58 255.81 254.82 253.62 252.19 250.57 248.85 247.10 245.33 243.55 241.75 239.94 238.12 236.30 234.48 232.65 230.83 229.01 227.20 225.40 223.62 221.85 220.10 218.38 216.68 215.00 213.36 211.75 210.18 208.66 207.19 205.77 204.40 203.08 201.80 200.57 199.38 198.23 197.12
210.03 211.71 213.46 215.27 217.14 219.07 221.05 223.08 225.15 227.26 229.41 231.58 233.77 235.99 238.22 240.47 242.71 244.96 247.21 249.45 251.58 253.51 255.23 256.73 258.01 259.08 259.94 260.57 261.00 261.21 261.20 260.98 260.54 259.89 259.02 257.94 256.64 255.13 253.42 251.62 249.80 247.96 246.11 244.25 242.38 240.51 238.63 236.76 234.89 233.03 231.17 229.33 227.50 225.69 223.90 222.14 220.40 218.69 217.01 215.37 213.77 212.23 210.74 209.30 207.91 206.56 205.25 203.99 202.77 201.59 200.45
211.68 213.40 215.20 217.06 218.98 220.96 223.00 225.08 227.21 229.37 231.57 233.81 236.06 238.34 240.64 242.95 245.26 247.58 249.89 252.20 254.41 256.41 258.21 259.79 261.16 262.31 263.26 263.99 264.51 264.82 264.92 264.80 264.48 263.94 263.19 262.23 261.06 259.67 258.08 256.30 254.42 252.52 250.62 248.70 246.78 244.85 242.93 241.00 239.08 237.17 235.27 233.38 231.51 229.66 227.82 226.02 224.24 222.48 220.77 219.10 217.49 215.93 214.41 212.94 211.52 210.15 208.81 207.52 206.26 205.05 203.87
213.44 215.21 217.04 218.95 220.92 222.95 225.03 227.17 229.35 231.57 233.82 236.11 238.42 240.76 243.12 245.48 247.86 250.24 252.62 254.99 257.26 259.34 261.21 262.87 264.32 265.56 266.59 267.42 268.03 268.44 268.63 268.62 268.41 267.98 267.34 266.50 265.45 264.19 262.72 261.04 259.18 257.23 255.27 253.29 251.31 249.33 247.35 245.38 243.41 241.44 239.49 237.55 235.64 233.74 231.86 230.01 228.18 226.39 224.65 222.96 221.32 219.73 218.19 216.70 215.25 213.84 212.47 211.14 209.85 208.60 207.37
215.32 217.13 219.00 220.95 222.96 225.04 227.17 229.35 231.57 233.84 236.15 238.49 240.85 243.24 245.65 248.08 250.51 252.95 255.39 257.82 260.16 262.30 264.24 265.97 267.50 268.82 269.94 270.85 271.55 272.05 272.35 272.43 272.32 272.00 271.47 270.74 269.81 268.66 267.32 265.77 264.02 262.08 260.06 258.03 255.99 253.95 251.91 249.88 247.86 245.84 243.84 241.85 239.88 237.93 236.01 234.11 232.24 230.42 228.66 226.94 225.28 223.66 222.09 220.56 219.07 217.63 216.23 214.86 213.53 212.23 210.97
217.32 219.16 221.07 223.06 225.11 227.22 229.39 231.61 233.88 236.20 238.55 240.93 243.35 245.79 248.25 250.73 253.21 255.71 258.20 260.69 263.09 265.30 267.30 269.10 270.70 272.10 273.29 274.28 275.07 275.66 276.05 276.23 276.22 276.00 275.58 274.96 274.13 273.11 271.88 270.45 268.83 267.00 264.99 262.90 260.80 258.70 256.61 254.52 252.43 250.36 248.30 246.26 244.24 242.24 240.27 238.32 236.43 234.58 232.79 231.04 229.35 227.70 226.09 224.53 223.01 221.53 220.08 218.67 217.30 215.96 214.65
219.44 221.31 223.25 225.27 227.36 229.50 231.71 233.97 236.28 238.63 241.03 243.46 245.92 248.40 250.91 253.43 255.97 258.51 261.06 263.60 266.06 268.32 270.39 272.25 273.92 275.39 276.66 277.73 278.60 279.27 279.75 280.02 280.10 279.98 279.66 279.14 278.43 277.51 276.40 275.09 273.59 271.88 269.98 267.90 265.74 263.58 261.43 259.28 257.13 255.01 252.89 250.79 248.72 246.66 244.64 242.66 240.74 238.87 237.04 235.27 233.54 231.85 230.21 228.61 227.04 225.52 224.03 222.58 221.16 219.77 218.41
221.68 223.57 225.54 227.59 229.70 231.88 234.12 236.42 238.76 241.15 243.58 246.05 248.55 251.08 253.63 256.19 258.77 261.36 263.96 266.55 269.06 271.37 273.50 275.42 277.16 278.69 280.03 281.18 282.13 282.88 283.44 283.80 283.97 283.94 283.72 283.30 282.69 281.88 280.88 279.69 278.30 276.71 274.93 272.96 270.81 268.59 266.37 264.16 261.96 259.77 257.60 255.44 253.31 251.20 249.14 247.14 245.18 243.28 241.42 239.61 237.84 236.12 234.43 232.79 231.18 229.61 228.08 226.58 225.11 223.67 222.25
224.03 225.95 227.94 230.01 232.15 234.36 236.63 238.95 241.32 243.75 246.21 248.71 251.25 253.81 256.40 259.01 261.63 264.26 266.90 269.54 272.09 274.46 276.63 278.62 280.41 282.01 283.42 284.63 285.65 286.48 287.12 287.57 287.82 287.88 287.75 287.43 286.92 286.22 285.32 284.24 282.96 281.49 279.83 277.98 275.94 273.73 271.45 269.17 266.90 264.65 262.41 260.20 258.01 255.87 253.78 251.74 249.75 247.81 245.92 244.07 242.26 240.49 238.77 237.08 235.43 233.81 232.22 230.67 229.15 227.65 226.18
226.50 228.43 230.45 232.54 234.70 236.93 239.22 241.57 243.97 246.42 248.92 251.45 254.02 256.61 259.24 261.88 264.54 267.21 269.89 272.56 275.16 277.57 279.80 281.83 283.68 285.34 286.81 288.09 289.18 290.08 290.80 291.32 291.66 291.80 291.76 291.54 291.12 290.51 289.72 288.74 287.57 286.21 284.67 282.94 281.02 278.91 276.64 274.30 271.97 269.65 267.35 265.08 262.85 260.67 258.55 256.47 254.45 252.47 250.53 248.64 246.79 244.98 243.21 241.47 239.77 238.10 236.46 234.85 233.27 231.72 230.19
229.08 231.03 233.06 235.17 237.35 239.60 241.91 244.28 246.70 249.18 251.70 254.26 256.85 259.48 262.13 264.80 267.49 270.20 272.91 275.62 278.26 280.71 282.98 285.07 286.97 288.68 290.21 291.55 292.71 293.68 294.46 295.06 295.48 295.71 295.75 295.61 295.28 294.77 294.08 293.20 292.13 290.88 289.45 287.83 286.03 284.04 281.87 279.54 277.14 274.76 272.40 270.09 267.82 265.61 263.45 261.34 259.27 257.25 255.27 253.33 251.44 249.58 247.75 245.96 244.21 242.49 240.79 239.13 237.49 235.87 234.28
231.78 233.74 235.78 237.90 240.09 242.36 244.69 247.07 249.52 252.01 254.55 257.13 259.75 262.40 265.08 267.78 270.50 273.23 275.98 278.72 281.39 283.88 286.19 288.32 290.27 292.03 293.62 295.01 296.23 297.27 298.12 298.79 299.28 299.58 299.71 299.65 299.41 298.99 298.39 297.61 296.64 295.50 294.17 292.66 290.98 289.11 287.06 284.82 282.43 279.99 277.59 275.24 272.94 270.69 268.49 266.33 264.22 262.15 260.13 258.14 256.19 254.28 252.41 250.56 248.75 246.97 245.22 243.49 241.79 240.11 238.45
234.60 236.56 238.61 240.74 242.94 245.21 247.55 249.95 252.41 254.92 257.48 260.08 262.71 265.38 268.08 270.81 273.55 276.31 279.08 281.85 284.55 287.08 289.43 291.60 293.59 295.40 297.03 298.48 299.75 300.85 301.76 302.50 303.06 303.44 303.64 303.66 303.51 303.17 302.66 301.97 301.10 300.06 298.83 297.43 295.85 294.10 292.16 290.05 287.77 285.35 282.92 280.53 278.19 275.89 273.65 271.45 269.29 267.18 265.10 263.06 261.06 259.10 257.16 255.26 253.39 251.55 249.73 247.94 246.17 244.42 242.70
237.53 239.49 241.54 243.67 245.88 248.16 250.51 252.92 255.39 257.91 260.48 263.09 265.74 268.43 271.15 273.89 276.65 279.44 282.23 285.02 287.75 290.31 292.69 294.89 296.92 298.77 300.45 301.95 303.28 304.43 305.40 306.20 306.82 307.27 307.55 307.64 307.57 307.32 306.89 306.29 305.51 304.56 303.44 302.14 300.66 299.01 297.19 295.20 293.06 290.79 288.38 285.96 283.57 281.24 278.94 276.69 274.49 272.32 270.19 268.10 266.04 264.01 262.02 260.06 258.12 256.22 254.33 252.47 250.64 248.82 247.02
240.57 242.53 244.58 246.71 248.92 251.20 253.55 255.97 258.44 260.97 263.55 266.17 268.83 271.53 274.27 277.02 279.80 282.60 285.41 288.23 290.98 293.56 295.97 298.20 300.27 302.16 303.88 305.42 306.80 308.00 309.03 309.88 310.57 311.08 311.42 311.59 311.59 311.42 311.07 310.56 309.87 309.01 307.98 306.77 305.40 303.86 302.15 300.30 298.31 296.19 293.92 291.52 289.09 286.71 284.37 282.06 279.80 277.58 275.39 273.24 271.13 269.04 266.98 264.96 262.96 260.98 259.03 257.10 255.19 253.30 251.42
243.73 245.68 247.73 249.85 252.06 254.34 256.69 259.10 261.58 264.11 266.69 269.32 271.99 274.70 277.44 280.21 283.00 285.81 288.64 291.47 294.23 296.83 299.27 301.53 303.63 305.55 307.31 308.89 310.31 311.56 312.64 313.55 314.30 314.87 315.27 315.51 315.58 315.48 315.21 314.77 314.17 313.40 312.46 311.35 310.07 308.64 307.06 305.36 303.52 301.54 299.41 297.14 294.74 292.31 289.92 287.56 285.24 282.96 280.71 278.50 276.32 274.17 272.05 269.95 267.88 265.84 263.81 261.81 259.82 257.85 255.90
247.00 248.94 250.98 253.09 255.29 257.57 259.91 262.32 264.79 267.32 269.91 272.54 275.21 277.92 280.67 283.44 286.24 289.06 291.90 294.74 297.52 300.14 302.59 304.88 307.00 308.95 310.74 312.37 313.83 315.12 316.24 317.21 318.00 318.63 319.10 319.40 319.53 319.50 319.30 318.94 318.42 317.73 316.87 315.86 314.68 313.37 311.94 310.37 308.67 306.83 304.86 302.73 300.45 298.04 295.59 293.18 290.80 288.46 286.15 283.87 281.62 279.40 277.21 275.05 272.90 270.78 268.68 266.60 264.53 262.48 260.45
