data_processed/recharge/precip/Precip_1995_01.asc
ncols        168
nrows        136
xllcorner    455000
yllcorner    2107000
cellsize     500
NODATA_value     -99999
[rows 102 to 135 of 136, columns 0 to 76 of 168]
20.57 20.53 20.54 20.58 20.64 20.73 20.85 20.99 21.16 21.35 21.56 21.79 22.05 22.33 22.64 22.96 23.30 23.66 24.05 24.44 24.86 25.28 25.72 26.17 26.62 27.06 27.49 27.91 28.29 28.59 28.81 28.94 28.99 28.95 28.84 28.65 28.38 28.03 27.62 27.13 26.58 25.96 25.28 24.53 23.72 22.88 22.02 21.14 20.24 19.34 18.50 17.72 17.00 16.36 15.76 15.17 14.58 14.00 13.42 12.85 12.29 11.73 11.18 10.64 10.12 9.60 9.10 8.60 8.13 7.67 7.23 6.87 6.60 6.45 6.41 6.45 6.52
20.80 20.76 20.76 20.78 20.83 20.91 21.02 21.15 21.30 21.48 21.68 21.91 22.16 22.43 22.73 23.05 23.38 23.74 24.12 24.52 24.93 25.36 25.80 26.26 26.72 27.16 27.60 28.00 28.33 28.57 28.73 28.82 28.82 28.75 28.60 28.37 28.08 27.72 27.29 26.80 26.24 25.62 24.94 24.20 23.41 22.56 21.69 20.80 19.91 19.01 18.18 17.41 16.73 16.09 15.46 14.85 14.24 13.64 13.05 12.47 11.91 11.35 10.81 10.29 9.78 9.29 8.81 8.35 7.91 7.49 7.09 6.73 6.45 6.27 6.21 6.24 6.30
21.04 21.00 20.98 20.99 21.02 21.09 21.18 21.30 21.44 21.61 21.80 22.02 22.26 22.53 22.82 23.13 23.46 23.81 24.19 24.58 25.00 25.43 25.87 26.33 26.79 27.24 27.66 28.01 28.28 28.47 28.59 28.62 28.59 28.48 28.30 28.05 27.74 27.36 26.93 26.43 25.87 25.25 24.58 23.86 23.09 22.27 21.40 20.51 19.62 18.73 17.91 17.17 16.48 15.82 15.16 14.52 13.89 13.27 12.67 12.08 11.52 10.96 10.43 9.92 9.43 8.96 8.51 8.08 7.68 7.31 6.95 6.63 6.35 6.15 6.07 6.09 6.13
21.29 21.23 21.19 21.19 21.21 21.26 21.34 21.44 21.57 21.73 21.92 22.12 22.36 22.61 22.89 23.20 23.52 23.87 24.24 24.63 25.05 25.48 25.93 26.39 26.85 27.29 27.66 27.95 28.16 28.30 28.37 28.37 28.30 28.16 27.96 27.69 27.36 26.98 26.53 26.03 25.48 24.87 24.22 23.52 22.77 21.98 21.14 20.27 19.38 18.51 17.71 16.96 16.24 15.54 14.85 14.18 13.52 12.89 12.28 11.69 11.11 10.57 10.04 9.54 9.07 8.62 8.20 7.80 7.44 7.10 6.80 6.52 6.28 6.09 5.99 5.99 6.02
21.53 21.45 21.40 21.38 21.39 21.42 21.49 21.58 21.70 21.85 22.02 22.22 22.44 22.69 22.96 23.26 23.58 23.92 24.29 24.67 25.08 25.51 25.96 26.42 26.87 27.26 27.57 27.80 27.97 28.06 28.09 28.05 27.95 27.79 27.57 27.28 26.95 26.56 26.11 25.62 25.07 24.48 23.85 23.17 22.45 21.69 20.90 20.07 19.21 18.35 17.54 16.76 15.99 15.25 14.53 13.83 13.16 12.50 11.88 11.28 10.70 10.16 9.64 9.15 8.69 8.26 7.87 7.51 7.18 6.88 6.62 6.40 6.22 6.07 5.98 5.96 6.02
21.77 21.67 21.60 21.56 21.56 21.58 21.63 21.71 21.82 21.95 22.11 22.30 22.51 22.75 23.02 23.31 23.62 23.96 24.32 24.70 25.11 25.53 25.98 26.45 26.86 27.19 27.44 27.62 27.74 27.80 27.79 27.72 27.59 27.41 27.17 26.88 26.53 26.14 25.70 25.21 24.68 24.11 23.50 22.85 22.17 21.45 20.70 19.91 19.10 18.25 17.40 16.57 15.76 14.98 14.22 13.49 12.79 12.12 11.48 10.87 10.29 9.75 9.24 8.76 8.32 7.91 7.54 7.21 6.91 6.66 6.45 6.27 6.14 6.06 6.00 5.99 6.11
21.98 21.86 21.78 21.73 21.71 21.71 21.75 21.82 21.92 22.04 22.19 22.37 22.58 22.81 23.07 23.35 23.66 23.99 24.35 24.73 25.13 25.55 26.03 26.58 27.03 27.30 27.50 27.63 27.70 27.71 27.67 27.57 27.41 27.20 26.95 26.64 26.29 25.89 25.45 24.97 24.46 23.90 23.31 22.69 22.04 21.35 20.64 19.91 19.12 18.26 17.38 16.49 15.64 14.81 14.02 13.26 12.53 11.84 11.18 10.56 9.97 9.42 8.91 8.44 8.01 7.62 7.27 6.97 6.71 6.49 6.32 6.19 6.11 6.06 5.96 5.87 6.01
22.16 22.03 21.93 21.86 21.83 21.83 21.86 21.91 22.00 22.12 22.26 22.43 22.63 22.86 23.11 23.39 23.69 24.02 24.38 24.75 25.16 25.61 26.17 26.83 27.37 27.67 27.82 27.90 27.92 27.88 27.79 27.65 27.47 27.23 26.95 26.63 26.27 25.86 25.42 24.95 24.44 23.89 23.32 22.72 22.10 21.45 20.77 20.06 19.27 18.40 17.50 16.59 15.68 14.81 13.97 13.18 12.42 11.70 11.01 10.37 9.77 9.22 8.70 8.23 7.81 7.43 7.10 6.82 6.58 6.39 6.26 6.17 6.13 6.02 5.79 5.58 5.64
22.30 22.16 22.05 21.97 21.93 21.92 21.94 21.99 22.06 22.17 22.31 22.48 22.67 22.90 23.15 23.42 23.72 24.05 24.40 24.78 25.22 25.76 26.42 27.17 27.80 28.20 28.37 28.40 28.36 28.28 28.14 27.96 27.74 27.47 27.17 26.82 26.44 26.03 25.58 25.10 24.60 24.06 23.51 22.92 22.32 21.70 21.04 20.32 19.52 18.65 17.75 16.82 15.89 14.96 14.08 13.24 12.44 11.69 10.98 10.32 9.70 9.13 8.61 8.14 7.71 7.34 7.02 6.76 6.54 6.38 6.28 6.21 6.10 5.86 5.49 5.16 5.12
22.40 22.26 22.14 22.05 22.00 21.98 21.99 22.03 22.11 22.21 22.35 22.51 22.70 22.92 23.17 23.44 23.75 24.07 24.43 24.84 25.36 26.00 26.76 27.60 28.31 28.79 29.05 29.10 29.02 28.88 28.69 28.47 28.21 27.90 27.57 27.20 26.80 26.37 25.91 25.43 24.92 24.39 23.84 23.27 22.69 22.08 21.41 20.68 19.88 19.01 18.10 17.17 16.23 15.28 14.34 13.46 12.62 11.82 11.08 10.39 9.75 9.16 8.63 8.15 7.72 7.35 7.04 6.79 6.59 6.45 6.36 6.22 5.95 5.56 5.08 4.64 4.51
22.45 22.31 22.20 22.10 22.04 22.02 22.02 22.06 22.13 22.23 22.36 22.52 22.71 22.93 23.18 23.46 23.76 24.09 24.48 24.98 25.60 26.34 27.18 28.10 28.89 29.45 29.78 29.91 29.85 29.66 29.42 29.15 28.84 28.50 28.13 27.73 27.30 26.85 26.38 25.89 25.38 24.85 24.30 23.75 23.17 22.54 21.87 21.13 20.32 19.45 18.55 17.62 16.68 15.72 14.76 13.82 12.93 12.10 11.32 10.60 9.93 9.32 8.77 8.27 7.84 7.47 7.16 6.91 6.72 6.59 6.40 6.10 5.68 5.16 4.56 4.02 3.80
22.46 22.32 22.21 22.12 22.05 22.02 22.02 22.06 22.13 22.22 22.35 22.51 22.71 22.93 23.18 23.46 23.76 24.13 24.60 25.21 25.92 26.75 27.67 28.65 29.51 30.14 30.55 30.75 30.76 30.59 30.30 29.98 29.62 29.23 28.82 28.39 27.94 27.46 26.97 26.47 25.95 25.41 24.87 24.31 23.72 23.08 22.40 21.66 20.85 19.98 19.08 18.16 17.22 16.27 15.31 14.34 13.40 12.52 11.70 10.94 10.24 9.60 9.02 8.51 8.07 7.68 7.37 7.12 6.93 6.69 6.34 5.87 5.30 4.66 3.95 3.32 3.03
22.43 22.29 22.18 22.09 22.03 22.00 22.00 22.03 22.10 22.19 22.33 22.49 22.68 22.90 23.16 23.44 23.78 24.24 24.82 25.51 26.32 27.22 28.21 29.25 30.17 30.86 31.33 31.60 31.68 31.57 31.30 30.93 30.52 30.09 29.63 29.16 28.68 28.18 27.66 27.14 26.60 26.06 25.51 24.94 24.33 23.69 23.00 22.25 21.45 20.59 19.69 18.78 17.85 16.90 15.94 14.98 14.01 13.08 12.21 11.41 10.67 10.00 9.40 8.86 8.40 8.01 7.68 7.42 7.11 6.69 6.16 5.54 4.83 4.06 3.26 2.55 2.18
22.35 22.22 22.11 22.03 21.97 21.94 21.94 21.97 22.04 22.14 22.27 22.44 22.63 22.86 23.12 23.44 23.87 24.43 25.10 25.89 26.77 27.74 28.79 29.88 30.85 31.59 32.12 32.45 32.59 32.55 32.34 31.97 31.52 31.03 30.53 30.02 29.50 28.96 28.42 27.88 27.32 26.77 26.20 25.61 25.00 24.35 23.66 22.91 22.11 21.26 20.37 19.47 18.54 17.61 16.66 15.71 14.75 13.79 12.87 12.02 11.24 10.53 9.89 9.33 8.84 8.43 8.08 7.69 7.19 6.59 5.89 5.11 4.28 3.40 2.50 1.72 1.29
22.24 22.11 22.00 21.92 21.87 21.84 21.84 21.88 21.95 22.05 22.19 22.36 22.56 22.80 23.09 23.50 24.04 24.69 25.46 26.32 27.27 28.30 29.40 30.54 31.55 32.33 32.91 33.29 33.48 33.49 33.33 33.02 32.58 32.05 31.50 30.94 30.37 29.80 29.23 28.66 28.09 27.51 26.93 26.33 25.71 25.06 24.36 23.62 22.83 21.99 21.11 20.22 19.31 18.38 17.45 16.51 15.56 14.61 13.66 12.76 11.93 11.18 10.51 9.91 9.40 8.95 8.47 7.87 7.17 6.39 5.53 4.61 3.65 2.67 1.69 0.84 0.36
22.08 21.95 21.85 21.78 21.73 21.71 21.72 21.76 21.83 21.94 22.08 22.26 22.47 22.74 23.13 23.64 24.27 25.02 25.86 26.79 27.80 28.88 30.02 31.20 32.24 33.06 33.68 34.10 34.33 34.39 34.28 34.02 33.62 33.10 32.50 31.89 31.28 30.67 30.06 29.47 28.87 28.29 27.69 27.08 26.46 25.80 25.11 24.38 23.59 22.76 21.90 21.02 20.12 19.21 18.29 17.37 16.43 15.50 14.56 13.64 12.76 11.96 11.25 10.61 10.05 9.46 8.76 7.96 7.07 6.11 5.09 4.04 2.97 1.90 0.84 0.00 0.00
21.89 21.77 21.67 21.60 21.55 21.54 21.55 21.60 21.68 21.79 21.95 22.13 22.38 22.74 23.23 23.84 24.56 25.38 26.29 27.28 28.35 29.47 30.65 31.85 32.92 33.77 34.42 34.87 35.13 35.23 35.16 34.94 34.59 34.11 33.51 32.86 32.20 31.55 30.91 30.29 29.68 29.08 28.47 27.86 27.23 26.57 25.89 25.16 24.39 23.57 22.73 21.86 20.98 20.09 19.19 18.28 17.37 16.45 15.53 14.62 13.72 12.87 12.11 11.42 10.70 9.88 8.96 7.95 6.88 5.76 4.60 3.43 2.25 1.09 0.00 0.00 0.00
21.66 21.54 21.45 21.38 21.34 21.33 21.35 21.40 21.49 21.62 21.78 22.00 22.34 22.81 23.40 24.09 24.89 25.78 26.75 27.80 28.91 30.07 31.27 32.49 33.57 34.44 35.11 35.58 35.88 36.00 35.96 35.78 35.46 35.02 34.46 33.81 33.10 32.41 31.75 31.11 30.49 29.87 29.26 28.65 28.02 27.37 26.69 25.97 25.22 24.42 23.59 22.74 21.88 21.01 20.13 19.24 18.34 17.45 16.55 15.66 14.77 13.90 13.08 12.22 11.27 10.21 9.08 7.88 6.63 5.35 4.06 2.77 1.49 0.25 0.00 0.00 0.00
21.40 21.28 21.19 21.13 21.10 21.09 21.12 21.18 21.27 21.41 21.60 21.92 22.36 22.93 23.61 24.38 25.25 26.20 27.23 28.32 29.46 30.64 31.87 33.09 34.19 35.07 35.75 36.24 36.55 36.69 36.68 36.52 36.23 35.82 35.29 34.67 33.98 33.27 32.58 31.93 31.30 30.67 30.06 29.44 28.81 28.17 27.50 26.80 26.06 25.28 24.47 23.65 22.81 21.96 21.10 20.23 19.36 18.49 17.62 16.75 15.89 15.02 14.05 12.95 11.75 10.47 9.13 7.75 6.33 4.91 3.48 2.08 0.72 0.00 0.00 0.00 0.00
21.10 20.99 20.91 20.85 20.82 20.82 20.86 20.92 21.02 21.19 21.48 21.89 22.44 23.09 23.85 24.70 25.63 26.63 27.70 28.82 29.99 31.20 32.43 33.66 34.75 35.63 36.32 36.81 37.13 37.29 37.29 37.15 36.88 36.49 35.99 35.41 34.77 34.09 33.40 32.73 32.09 31.46 30.85 30.23 29.61 28.97 28.32 27.63 26.91 26.15 25.37 24.57 23.75 22.92 22.09 21.25 20.40 19.56 18.71 17.87 17.02 16.06 14.92 13.60 12.16 10.67 9.13 7.57 6.00 4.43 2.89 1.38 0.00 0.00 0.00 0.00 0.00
20.77 20.67 20.59 20.54 20.52 20.52 20.56 20.64 20.77 21.03 21.41 21.92 22.55 23.28 24.11 25.02 26.01 27.06 28.16 29.31 30.50 31.71 32.94 34.16 35.25 36.12 36.80 37.30 37.62 37.78 37.79 37.65 37.39 37.02 36.55 36.03 35.46 34.85 34.19 33.52 32.87 32.24 31.62 31.01 30.39 29.77 29.12 28.46 27.76 27.02 26.27 25.49 24.70 23.90 23.10 22.28 21.46 20.65 19.83 19.00 18.06 16.93 15.62 14.14 12.52 10.82 9.09 7.36 5.63 3.93 2.28 0.68 0.00 0.00 0.00 0.00 0.00
20.42 20.32 20.24 20.20 20.18 20.19 20.24 20.35 20.57 20.93 21.40 21.99 22.69 23.49 24.38 25.34 26.37 27.46 28.59 29.76 30.96 32.17 33.40 34.60 35.67 36.53 37.20 37.68 38.00 38.15 38.15 38.02 37.77 37.42 37.01 36.55 36.05 35.49 34.90 34.26 33.61 32.98 32.37 31.76 31.15 30.54 29.92 29.27 28.60 27.89 27.16 26.41 25.66 24.89 24.11 23.32 22.54 21.75 20.95 20.03 18.92 17.62 16.16 14.54 12.78 10.92 9.02 7.12 5.26 3.43 1.67 0.00 0.00 0.00 0.00 0.00 0.00
20.03 19.94 19.87 19.83 19.82 19.84 19.92 20.12 20.44 20.88 21.44 22.10 22.86 23.71 24.65 25.65 26.72 27.84 28.99 30.17 31.36 32.57 33.78 34.96 36.00 36.84 37.48 37.95 38.25 38.39 38.38 38.24 38.01 37.71 37.36 36.96 36.52 36.03 35.50 34.92 34.31 33.69 33.08 32.48 31.89 31.29 30.69 30.06 29.42 28.74 28.04 27.32 26.60 25.86 25.11 24.36 23.61 22.84 21.95 20.87 19.59 18.14 16.53 14.79 12.93 10.97 8.93 6.88 4.88 2.94 1.08 0.00 0.00 0.00 0.00 0.00 0.00
19.62 19.53 19.47 19.43 19.43 19.49 19.65 19.95 20.36 20.88 21.51 22.23 23.04 23.94 24.90 25.94 27.03 28.17 29.33 30.51 31.70 32.89 34.07 35.22 36.23 37.03 37.65 38.09 38.36 38.48 38.46 38.33 38.14 37.90 37.61 37.27 36.89 36.46 35.99 35.48 34.93 34.34 33.75 33.16 32.58 32.01 31.42 30.83 30.21 29.56 28.90 28.21 27.52 26.82 26.11 25.39 24.65 23.80 22.74 21.49 20.06 18.48 16.75 14.90 12.94 10.90 8.79 6.64 4.51 2.47 0.52 0.00 0.00 0.00 0.00 0.00 0.00
19.18 19.10 19.04 19.02 19.05 19.19 19.45 19.83 20.32 20.91 21.60 22.37 23.23 24.16 25.15 26.20 27.30 28.44 29.61 30.78 31.96 33.12 34.27 35.38 36.34 37.11 37.68 38.09 38.33 38.42 38.40 38.32 38.18 38.00 37.76 37.48 37.16 36.79 36.38 35.93 35.44 34.91 34.36 33.79 33.23 32.67 32.12 31.55 30.96 30.35 29.72 29.07 28.42 27.75 27.07 26.38 25.56 24.54 23.32 21.92 20.35 18.64 16.81 14.86 12.83 10.72 8.57 6.37 4.17 2.03 0.00 0.00 0.00 0.00 0.00 0.00 0.00
18.72 18.64 18.59 18.60 18.71 18.95 19.30 19.76 20.32 20.97 21.71 22.52 23.41 24.36 25.37 26.42 27.52 28.65 29.81 30.97 32.12 33.25 34.36 35.42 36.33 37.04 37.58 37.94 38.14 38.22 38.25 38.21 38.13 38.00 37.82 37.59 37.32 37.01 36.66 36.27 35.84 35.38 34.88 34.36 33.82 33.29 32.76 32.22 31.66 31.09 30.50 29.89 29.27 28.65 28.00 27.22 26.23 25.05 23.67 22.14 20.45 18.64 16.71 14.69 12.59 10.44 8.25 6.04 3.82 1.63 0.00 0.00 0.00 0.00 0.00 0.00 0.00
18.24 18.17 18.15 18.24 18.45 18.77 19.20 19.73 20.34 21.05 21.82 22.67 23.58 24.54 25.55 26.60 27.69 28.80 29.92 31.06 32.17 33.27 34.32 35.32 36.17 36.83 37.31 37.62 37.81 37.93 38.00 38.02 37.99 37.90 37.78 37.60 37.39 37.13 36.84 36.50 36.13 35.73 35.30 34.83 34.34 33.84 33.33 32.83 32.31 31.78 31.23 30.66 30.09 29.48 28.75 27.81 26.66 25.32 23.82 22.16 20.37 18.46 16.46 14.38 12.23 10.05 7.84 5.62 3.42 1.24 0.00 0.00 0.00 0.00 0.00 0.00 0.00
17.73 17.69 17.76 17.95 18.24 18.64 19.14 19.72 20.39 21.13 21.94 22.80 23.73 24.69 25.70 26.73 27.79 28.87 29.95 31.04 32.11 33.15 34.15 35.08 35.86 36.46 36.88 37.17 37.39 37.56 37.67 37.74 37.75 37.72 37.64 37.52 37.36 37.15 36.91 36.64 36.32 35.98 35.60 35.20 34.77 34.31 33.84 33.37 32.90 32.40 31.90 31.37 30.82 30.14 29.25 28.14 26.84 25.37 23.75 21.98 20.10 18.12 16.06 13.93 11.75 9.55 7.34 5.13 2.96 0.82 0.00 0.00 0.00 0.00 0.00 0.00 0.00
17.24 17.28 17.44 17.71 18.08 18.55 19.10 19.73 20.44 21.21 22.04 22.92 23.84 24.80 25.79 26.80 27.82 28.85 29.89 30.91 31.92 32.90 33.83 34.68 35.39 35.91 36.30 36.62 36.89 37.10 37.26 37.37 37.43 37.45 37.42 37.34 37.23 37.08 36.89 36.67 36.41 36.12 35.80 35.46 35.08 34.69 34.27 33.84 33.40 32.96 32.49 32.00 31.38 30.53 29.47 28.22 26.79 25.20 23.47 21.61 19.66 17.62 15.51 13.35 11.15 8.95 6.75 4.57 2.44 0.36 0.00 0.00 0.00 0.00 0.00 0.00 0.00
16.80 16.93 17.18 17.52 17.96 18.48 19.08 19.75 20.49 21.28 22.12 23.00 23.91 24.86 25.82 26.79 27.77 28.75 29.72 30.67 31.60 32.49 33.35 34.12 34.74 35.23 35.65 36.00 36.31 36.56 36.76 36.92 37.02 37.08 37.10 37.08 37.01 36.91 36.77 36.60 36.40 36.16 35.90 35.61 35.29 34.96 34.60 34.22 33.83 33.43 33.00 32.43 31.64 30.63 29.43 28.04 26.49 24.80 22.98 21.05 19.04 16.95 14.81 12.63 10.44 8.25 6.08 3.94 1.87 0.00 0.00 0.00 0.00 0.00 0.00 0.00 0.00
16.42 16.64 16.96 17.37 17.86 18.43 19.07 19.77 20.52 21.32 22.16 23.04 23.93 24.85 25.78 26.71 27.63 28.55 29.44 30.31 31.15 31.94 32.69 33.37 33.95 34.46 34.91 35.31 35.65 35.95 36.19 36.38 36.53 36.64 36.70 36.72 36.70 36.65 36.56 36.44 36.29 36.10 35.89 35.66 35.40 35.12 34.81 34.49 34.16 33.79 33.29 32.56 31.61 30.45 29.11 27.61 25.96 24.18 22.29 20.30 18.24 16.12 13.97 11.79 9.62 7.45 5.32 3.25 1.24 0.00 0.00 0.00 0.00 0.00 0.00 0.00 0.00
16.06 16.35 16.73 17.20 17.74 18.34 19.01 19.73 20.49 21.30 22.13 22.98 23.85 24.74 25.62 26.49 27.36 28.20 29.01 29.79 30.53 31.22 31.85 32.46 33.06 33.60 34.08 34.52 34.90 35.22 35.51 35.74 35.93 36.07 36.18 36.24 36.27 36.26 36.22 36.15 36.04 35.91 35.75 35.57 35.36 35.14 34.89 34.63 34.44 34.47 33.92 33.01 31.90 30.61 29.14 27.52 25.77 23.91 21.95 19.91 17.81 15.66 13.50 11.32 9.16 7.03 4.95 2.94 1.01 0.00 0.00 0.00 0.00 0.00 0.00 0.00 0.00
15.54 15.90 16.35 16.86 17.44 18.08 18.77 19.51 20.28 21.07 21.89 22.73 23.57 24.41 25.24 26.05 26.85 27.61 28.34 29.02 29.66 30.23 30.79 31.39 32.00 32.56 33.08 33.55 33.96 34.32 34.64 34.91 35.14 35.32 35.47 35.57 35.64 35.68 35.68 35.65 35.60 35.51 35.40 35.27 35.11 34.94 34.75 34.62 35.14 36.34 36.43 35.45 34.16 32.69 31.07 29.31 27.43 25.45 23.39 21.26 19.09 16.89 14.69 12.49 10.32 8.19 6.13 4.14 2.26 0.50 0.00 0.00 0.00 0.00 0.00 0.00 0.00
14.86 15.29 15.79 16.35 16.97 17.63 18.34 19.09 19.86 20.65 21.45 22.25 23.06 23.85 24.63 25.38 26.11 26.79 27.43 28.01 28.54 29.04 29.60 30.19 30.80 31.37 31.92 32.41 32.85 33.25 33.60 33.90 34.17 34.39 34.57 34.72 34.82 34.90 34.95 34.96 34.95 34.91 34.84 34.76 34.65 34.52 34.46 35.00 36.67 39.07 40.30 39.91 38.51 36.83 35.01 33.07 31.03 28.90 26.70 24.46 22.18 19.89 17.60 15.34 13.12 10.96 8.88 6.89 5.01 3.27 1.68 0.26 0.00 0.00 0.00 0.00 0.00
