data_processed/recharge/precip/Precip_1991_09.asc
ncols        168
nrows        136
xllcorner    455000
yllcorner    2107000
cellsize     500
NODATA_value     -99999
[rows 102 to 135 of 136, columns 0 to 75 of 168]
39.22 41.75 44.66 47.90 51.41 55.15 59.07 63.11 67.22 71.36 75.47 79.50 83.41 87.13 90.63 93.85 96.73 99.24 101.31 102.91 103.97 104.45 104.37 103.86 103.21 102.54 101.90 101.28 100.71 100.17 99.67 99.22 98.81 98.46 98.16 97.92 97.74 97.63 97.58 97.60 97.70 97.87 98.13 98.47 98.90 99.41 100.02 100.70 101.31 101.76 101.98 102.04 101.96 101.76 101.46 101.05 100.56 100.00 99.37 98.69 97.97 97.23 96.46 95.69 94.93 94.18 93.46 92.79 92.16 91.60 91.11 90.70 90.39 90.21 90.15 90.20
39.56 41.82 44.49 47.51 50.83 54.39 58.15 62.05 66.06 70.11 74.15 78.14 82.02 85.74 89.26 92.52 95.47 98.06 100.24 101.96 103.17 103.82 103.86 103.40 102.80 102.21 101.64 101.09 100.55 100.04 99.56 99.12 98.70 98.33 97.99 97.70 97.46 97.27 97.13 97.05 97.03 97.08 97.19 97.37 97.63 97.96 98.37 98.87 99.42 99.88 100.18 100.32 100.34 100.24 100.03 99.73 99.34 98.88 98.36 97.78 97.17 96.53 95.88 95.22 94.57 93.94 93.33 92.77 92.26 91.82 91.45 91.17 90.99 90.91 90.97 91.13
40.00 42.00 44.42 47.21 50.32 53.69 57.29 61.06 64.94 68.89 72.86 76.79 80.64 84.36 87.88 91.18 94.18 96.85 99.13 100.97 102.32 103.14 103.37 103.07 102.56 102.03 101.50 100.98 100.46 99.96 99.47 99.00 98.55 98.13 97.73 97.37 97.04 96.75 96.49 96.29 96.12 96.02 95.96 95.96 96.02 96.15 96.34 96.60 96.98 97.48 97.88 98.15 98.29 98.32 98.23 98.05 97.79 97.46 97.07 96.63 96.15 95.65 95.13 94.61 94.10 93.60 93.14 92.72 92.36 92.06 91.84 91.71 91.68 91.76 91.98 92.31
41.44 43.13 45.27 47.79 50.66 53.83 57.23 60.82 64.55 68.38 72.24 76.08 79.87 83.54 87.05 90.35 93.37 96.09 98.44 100.37 101.83 102.78 103.21 103.17 102.83 102.34 101.82 101.29 100.75 100.22 99.68 99.15 98.63 98.12 97.63 97.15 96.69 96.26 95.85 95.48 95.14 94.83 94.57 94.35 94.18 94.06 93.99 94.03 94.34 94.88 95.39 95.79 96.07 96.23 96.29 96.25 96.14 95.95 95.70 95.41 95.08 94.73 94.36 94.00 93.64 93.30 93.00 92.74 92.54 92.40 92.34 92.37 92.51 92.79 93.26 93.78
44.05 45.41 47.22 49.45 52.05 54.96 58.13 61.51 65.05 68.71 72.43 76.15 79.84 83.43 86.88 90.14 93.15 95.88 98.25 100.24 101.78 102.86 103.50 103.71 103.58 103.19 102.65 102.08 101.48 100.87 100.25 99.62 98.98 98.34 97.70 97.07 96.45 95.83 95.23 94.65 94.09 93.55 93.04 92.56 92.11 91.70 91.38 91.34 91.66 92.22 92.77 93.29 93.72 94.03 94.24 94.36 94.40 94.38 94.29 94.16 93.99 93.80 93.60 93.40 93.21 93.05 92.91 92.83 92.80 92.84 92.95 93.17 93.53 94.09 94.79 95.52
47.77 48.80 50.27 52.16 54.44 57.06 59.96 63.10 66.42 69.87 73.40 76.96 80.51 83.99 87.34 90.53 93.49 96.18 98.55 100.55 102.16 103.38 104.20 104.62 104.70 104.46 103.96 103.31 102.61 101.89 101.13 100.36 99.57 98.76 97.94 97.11 96.27 95.43 94.60 93.76 92.94 92.12 91.32 90.54 89.77 89.09 88.67 88.62 88.95 89.51 90.09 90.67 91.22 91.70 92.08 92.36 92.58 92.72 92.81 92.85 92.86 92.85 92.82 92.80 92.80 92.81 92.86 92.96 93.12 93.35 93.66 94.12 94.79 95.63 96.56 97.49
52.36 53.24 54.37 55.89 57.82 60.11 62.71 65.56 68.61 71.82 75.13 78.50 81.87 85.19 88.42 91.49 94.37 96.99 99.32 101.31 102.98 104.30 105.27 105.89 106.13 106.03 105.62 104.95 104.12 103.23 102.31 101.35 100.36 99.34 98.29 97.22 96.14 95.03 93.92 92.79 91.66 90.53 89.39 88.26 87.20 86.40 85.96 85.90 86.21 86.77 87.36 87.97 88.59 89.21 89.76 90.23 90.63 90.96 91.23 91.46 91.66 91.84 92.01 92.18 92.37 92.58 92.83 93.13 93.48 93.92 94.50 95.31 96.30 97.41 98.55 99.65
57.69 58.48 59.44 60.62 62.17 64.09 66.34 68.86 71.62 74.55 77.60 80.73 83.89 87.02 90.07 93.00 95.75 98.27 100.53 102.50 104.20 105.60 106.69 107.47 107.85 107.85 107.51 106.86 105.95 104.88 103.74 102.55 101.32 100.05 98.74 97.39 96.01 94.60 93.16 91.70 90.22 88.73 87.22 85.76 84.57 83.74 83.28 83.19 83.47 84.00 84.60 85.23 85.89 86.58 87.29 87.95 88.54 89.07 89.54 89.97 90.37 90.76 91.13 91.51 91.91 92.33 92.79 93.30 93.87 94.59 95.56 96.74 98.04 99.40 100.73 101.98
63.66 64.38 65.25 66.25 67.44 68.96 70.82 72.99 75.41 78.02 80.78 83.64 86.54 89.44 92.29 95.03 97.61 100.00 102.16 104.09 105.78 107.23 108.43 109.33 109.83 109.90 109.60 108.95 107.99 106.78 105.40 103.94 102.43 100.86 99.24 97.57 95.85 94.09 92.29 90.46 88.59 86.70 84.83 83.23 81.99 81.12 80.63 80.50 80.74 81.23 81.81 82.45 83.14 83.88 84.67 85.50 86.29 87.03 87.72 88.36 88.98 89.58 90.17 90.77 91.39 92.03 92.72 93.46 94.34 95.49 96.86 98.39 99.98 101.58 103.09 104.47
70.20 70.87 71.66 72.56 73.55 74.70 76.15 77.91 79.95 82.21 84.64 87.19 89.80 92.44 95.04 97.55 99.93 102.14 104.18 106.04 107.70 109.17 110.43 111.44 112.02 112.14 111.84 111.16 110.14 108.82 107.24 105.48 103.64 101.74 99.76 97.73 95.64 93.49 91.28 89.03 86.73 84.46 82.43 80.77 79.49 78.57 78.02 77.84 78.02 78.47 79.01 79.64 80.35 81.12 81.97 82.89 83.86 84.82 85.74 86.61 87.45 88.28 89.11 89.94 90.79 91.67 92.60 93.67 95.02 96.61 98.38 100.24 102.11 103.92 105.59 107.10
77.22 77.84 78.57 79.38 80.27 81.21 82.27 83.61 85.23 87.10 89.16 91.36 93.65 95.98 98.29 100.53 102.67 104.68 106.56 108.31 109.92 111.38 112.68 113.76 114.40 114.53 114.21 113.48 112.36 110.91 109.15 107.13 104.94 102.65 100.28 97.84 95.33 92.75 90.10 87.39 84.69 82.23 80.14 78.42 77.07 76.09 75.48 75.23 75.34 75.72 76.22 76.82 77.53 78.33 79.22 80.21 81.28 82.43 83.58 84.69 85.78 86.85 87.92 89.00 90.10 91.23 92.51 94.08 95.92 97.95 100.09 102.27 104.40 106.40 108.22 109.83
84.63 85.22 85.90 86.64 87.43 88.26 89.11 90.05 91.22 92.66 94.31 96.12 98.05 100.03 102.01 103.93 105.78 107.57 109.27 110.89 112.41 113.83 115.14 116.26 116.92 117.05 116.68 115.86 114.62 113.00 111.04 108.78 106.26 103.56 100.76 97.88 94.90 91.85 88.71 85.57 82.66 80.13 77.97 76.17 74.75 73.69 73.00 72.67 72.69 72.99 73.44 74.01 74.70 75.51 76.43 77.47 78.62 79.87 81.22 82.58 83.93 85.26 86.58 87.92 89.29 90.80 92.61 94.71 97.03 99.47 101.97 104.45 106.82 109.01 110.95 112.66
92.36 92.94 93.57 94.25 94.96 95.69 96.42 97.13 97.89 98.86 100.07 101.46 102.98 104.55 106.13 107.69 109.24 110.77 112.26 113.72 115.13 116.48 117.77 118.91 119.56 119.65 119.20 118.26 116.87 115.06 112.88 110.35 107.52 104.44 101.17 97.79 94.32 90.75 87.15 83.79 80.80 78.18 75.93 74.05 72.54 71.39 70.60 70.17 70.10 70.31 70.68 71.20 71.86 72.67 73.61 74.68 75.89 77.23 78.70 80.27 81.88 83.48 85.08 86.70 88.46 90.54 92.93 95.55 98.32 101.17 104.01 106.77 109.37 111.72 113.77 115.55
100.33 100.89 101.50 102.13 102.78 103.41 104.03 104.61 105.14 105.68 106.41 107.33 108.37 109.47 110.62 111.81 113.02 114.26 115.51 116.78 118.04 119.30 120.54 121.67 122.29 122.30 121.75 120.67 119.09 117.06 114.62 111.80 108.64 105.18 101.47 97.57 93.55 89.49 85.66 82.20 79.12 76.40 74.05 72.07 70.45 69.20 68.30 67.76 67.58 67.68 67.97 68.42 69.04 69.82 70.77 71.87 73.12 74.53 76.08 77.79 79.62 81.50 83.39 85.42 87.79 90.49 93.44 96.56 99.78 103.01 106.18 109.20 112.00 114.51 116.65 118.49
108.44 109.01 109.60 110.20 110.79 111.35 111.87 112.33 112.72 113.02 113.29 113.67 114.17 114.76 115.45 116.22 117.07 118.00 118.98 120.03 121.12 122.25 123.42 124.50 125.06 124.98 124.29 123.03 121.24 118.97 116.24 113.10 109.58 105.72 101.57 97.16 92.63 88.33 84.39 80.82 77.62 74.80 72.33 70.24 68.50 67.12 66.11 65.44 65.13 65.11 65.30 65.68 66.24 66.99 67.92 69.03 70.32 71.78 73.41 75.21 77.18 79.30 81.63 84.31 87.34 90.64 94.13 97.74 101.38 104.97 108.45 111.72 114.72 117.36 119.57 121.45
116.62 117.21 117.79 118.37 118.91 119.41 119.84 120.20 120.46 120.61 120.58 120.41 120.32 120.38 120.58 120.91 121.37 121.95 122.64 123.43 124.32 125.30 126.36 127.38 127.85 127.63 126.78 125.32 123.29 120.74 117.70 114.20 110.29 106.01 101.39 96.56 91.82 87.40 83.34 79.65 76.33 73.38 70.79 68.56 66.70 65.18 64.03 63.23 62.78 62.62 62.70 62.98 63.48 64.18 65.08 66.19 67.49 68.99 70.69 72.57 74.65 77.07 80.02 83.40 87.07 90.95 94.97 99.04 103.09 107.04 110.81 114.31 117.48 120.24 122.52 124.41
124.78 125.40 126.00 126.56 127.07 127.52 127.88 128.14 128.28 128.23 127.94 127.42 126.80 126.30 125.98 125.85 125.88 126.09 126.45 126.97 127.63 128.42 129.35 130.26 130.61 130.24 129.19 127.50 125.21 122.35 118.96 115.09 110.76 106.02 100.99 96.00 91.23 86.72 82.54 78.71 75.26 72.16 69.43 67.06 65.05 63.39 62.08 61.13 60.52 60.22 60.17 60.35 60.76 61.40 62.26 63.35 64.66 66.18 67.92 69.89 72.22 75.15 78.67 82.67 86.96 91.42 95.94 100.46 104.91 109.19 113.23 116.95 120.28 123.13 125.45 127.35
132.84 133.50 134.12 134.69 135.18 135.58 135.88 136.06 136.03 135.73 135.19 134.44 133.49 132.48 131.62 130.98 130.57 130.37 130.38 130.59 130.99 131.57 132.34 133.12 133.32 132.77 131.50 129.55 126.95 123.76 120.00 115.71 110.94 105.80 100.64 95.63 90.83 86.27 81.98 78.02 74.41 71.16 68.27 65.75 63.57 61.75 60.28 59.16 58.39 57.92 57.73 57.79 58.10 58.66 59.47 60.53 61.82 63.36 65.15 67.34 70.17 73.65 77.68 82.17 87.01 92.00 97.02 101.98 106.79 111.39 115.69 119.62 123.08 126.02 128.37 130.26
140.72 141.44 142.09 142.67 143.15 143.53 143.77 143.80 143.54 143.02 142.25 141.28 140.12 138.80 137.45 136.29 135.40 134.77 134.39 134.27 134.38 134.72 135.29 135.92 135.94 135.18 133.65 131.41 128.49 124.94 120.77 116.05 110.89 105.63 100.48 95.48 90.65 86.03 81.66 77.57 73.80 70.38 67.33 64.63 62.28 60.28 58.63 57.33 56.37 55.74 55.39 55.31 55.51 55.98 56.72 57.73 59.01 60.55 62.53 65.22 68.59 72.58 77.07 81.99 87.24 92.70 98.19 103.56 108.74 113.63 118.18 122.28 125.88 128.88 131.24 133.10
148.34 149.12 149.82 150.42 150.91 151.26 151.38 151.20 150.72 149.99 149.02 147.85 146.50 144.99 143.36 141.73 140.34 139.25 138.46 137.97 137.76 137.84 138.18 138.62 138.44 137.43 135.63 133.07 129.80 125.84 121.25 116.15 110.89 105.68 100.55 95.54 90.68 86.01 81.56 77.35 73.43 69.84 66.60 63.72 61.18 58.99 57.15 55.66 54.50 53.68 53.15 52.93 53.00 53.37 54.03 54.98 56.23 57.94 60.41 63.62 67.50 71.94 76.86 82.17 87.76 93.55 99.43 105.20 110.71 115.89 120.66 124.93 128.63 131.69 134.03 135.85
155.61 156.46 157.22 157.86 158.36 158.61 158.53 158.15 157.49 156.56 155.41 154.06 152.54 150.86 149.07 147.19 145.35 143.77 142.54 141.65 141.10 140.88 140.98 141.20 140.78 139.50 137.39 134.48 130.82 126.45 121.50 116.32 111.12 105.95 100.85 95.83 90.95 86.22 81.68 77.37 73.31 69.55 66.12 63.03 60.29 57.90 55.85 54.15 52.78 51.75 51.05 50.66 50.59 50.84 51.41 52.29 53.68 55.87 58.86 62.57 66.90 71.77 77.06 82.71 88.60 94.66 100.79 106.86 112.70 118.15 123.12 127.54 131.34 134.42 136.74 138.50
162.44 163.39 164.22 164.89 165.31 165.39 165.13 164.57 163.73 162.64 161.33 159.82 158.15 156.33 154.40 152.38 150.31 148.30 146.60 145.29 144.37 143.82 143.64 143.61 142.93 141.35 138.90 135.62 131.55 126.82 121.81 116.72 111.59 106.47 101.39 96.37 91.45 86.66 82.04 77.62 73.43 69.50 65.87 62.57 59.62 57.01 54.74 52.82 51.23 49.98 49.07 48.51 48.29 48.41 48.87 49.88 51.73 54.44 57.92 62.08 66.82 72.05 77.68 83.62 89.78 96.06 102.37 108.61 114.68 120.37 125.54 130.09 133.96 137.06 139.34 141.02
168.76 169.81 170.71 171.33 171.60 171.50 171.08 170.36 169.37 168.14 166.68 165.04 163.23 161.29 159.24 157.11 154.93 152.72 150.61 148.85 147.52 146.62 146.13 145.83 144.86 142.95 140.13 136.44 132.03 127.26 122.36 117.37 112.32 107.25 102.18 97.15 92.20 87.36 82.65 78.12 73.79 69.70 65.88 62.36 59.18 56.34 53.84 51.67 49.85 48.36 47.25 46.50 46.11 46.09 46.65 48.10 50.47 53.66 57.58 62.14 67.25 72.81 78.74 84.93 91.30 97.76 104.20 110.55 116.70 122.55 127.88 132.56 136.48 139.58 141.81 143.39
174.48 175.64 176.51 176.99 177.10 176.86 176.29 175.44 174.32 172.95 171.38 169.62 167.71 165.66 163.52 161.29 159.02 156.73 154.44 152.30 150.54 149.24 148.42 147.82 146.53 144.25 141.04 137.02 132.59 127.96 123.19 118.29 113.31 108.28 103.24 98.20 93.22 88.31 83.52 78.87 74.41 70.15 66.14 62.41 58.99 55.90 53.15 50.73 48.65 46.93 45.58 44.63 44.07 44.11 45.11 47.07 49.92 53.55 57.87 62.79 68.22 74.07 80.24 86.64 93.18 99.77 106.31 112.72 118.89 124.74 130.15 134.92 138.88 141.97 144.12 145.59
179.51 180.66 181.40 181.75 181.72 181.36 180.67 179.70 178.47 177.00 175.33 173.48 171.48 169.35 167.13 164.83 162.49 160.14 157.80 155.50 153.37 151.67 150.47 149.54 147.90 145.24 141.70 137.69 133.42 128.94 124.29 119.49 114.58 109.59 104.56 99.52 94.50 89.53 84.66 79.90 75.29 70.87 66.67 62.72 59.05 55.70 52.69 50.01 47.66 45.67 44.09 42.93 42.41 42.88 44.38 46.82 50.09 54.11 58.78 64.02 69.73 75.82 82.19 88.76 95.43 102.11 108.70 115.12 121.27 127.06 132.39 137.16 141.14 144.19 146.25 147.60
183.64 184.68 185.30 185.52 185.39 184.92 184.13 183.07 181.74 180.20 178.45 176.52 174.45 172.26 169.98 167.63 165.25 162.86 160.48 158.15 155.89 153.84 152.26 150.97 148.95 145.98 142.46 138.63 134.54 130.21 125.68 120.97 116.13 111.19 106.18 101.12 96.07 91.04 86.07 81.20 76.45 71.86 67.47 63.30 59.38 55.76 52.47 49.51 46.88 44.62 42.79 41.64 41.54 42.52 44.48 47.33 50.99 55.36 60.35 65.86 71.80 78.09 84.62 91.31 98.06 104.78 111.38 117.77 123.85 129.53 134.73 139.33 143.24 146.23 148.19 149.39
186.64 187.57 188.09 188.22 188.00 187.44 186.58 185.44 184.05 182.44 180.63 178.65 176.54 174.31 171.99 169.61 167.21 164.79 162.41 160.07 157.80 155.65 153.74 152.06 149.74 146.81 143.51 139.88 135.96 131.77 127.36 122.75 117.98 113.08 108.08 103.02 97.93 92.83 87.78 82.79 77.90 73.14 68.55 64.16 60.00 56.11 52.51 49.25 46.32 43.79 41.95 41.20 41.59 43.03 45.41 48.64 52.64 57.32 62.57 68.31 74.45 80.88 87.53 94.30 101.09 107.81 114.37 120.69 126.66 132.19 137.19 141.57 145.24 148.08 149.90 150.94
188.42 189.27 189.71 189.77 189.47 188.85 187.93 186.74 185.30 183.64 181.80 179.79 177.65 175.40 173.07 170.69 168.28 165.87 163.49 161.16 158.92 156.78 154.79 152.88 150.62 147.93 144.86 141.43 137.68 133.64 129.34 124.83 120.13 115.26 110.28 105.21 100.08 94.92 89.77 84.67 79.64 74.71 69.93 65.32 60.91 56.74 52.85 49.26 46.01 43.41 41.97 41.71 42.55 44.40 47.15 50.73 55.03 59.96 65.44 71.37 77.65 84.20 90.92 97.72 104.50 111.18 117.67 123.86 129.68 135.02 139.79 143.90 147.26 149.78 151.38 152.26
189.23 190.01 190.39 190.39 190.04 189.37 188.41 187.18 185.72 184.04 182.18 180.16 178.01 175.75 173.43 171.05 168.65 166.26 163.91 161.61 159.41 157.31 155.35 153.45 151.40 148.97 146.13 142.92 139.35 135.48 131.32 126.91 122.29 117.48 112.53 107.46 102.30 97.10 91.88 86.67 81.51 76.43 71.47 66.65 62.01 57.59 53.41 49.51 45.91 43.26 42.24 42.46 43.73 45.97 49.08 52.98 57.56 62.73 68.42 74.51 80.92 87.56 94.33 101.15 107.91 114.53 120.92 126.98 132.62 137.74 142.27 146.09 149.13 151.30 152.67 153.41
189.46 190.18 190.50 190.46 190.07 189.37 188.38 187.14 185.65 183.96 182.09 180.08 177.93 175.69 173.38 171.03 168.66 166.30 163.98 161.73 159.57 157.53 155.57 153.63 151.62 149.42 146.85 143.88 140.54 136.86 132.87 128.60 124.10 119.38 114.49 109.46 104.32 99.10 93.83 88.56 83.30 78.11 73.00 68.01 63.17 58.52 54.09 49.90 45.96 42.94 41.89 42.50 44.22 46.87 50.35 54.57 59.45 64.88 70.78 77.06 83.61 90.35 97.19 104.04 110.79 117.37 123.67 129.60 135.08 140.01 144.29 147.84 150.58 152.55 153.80 154.46
189.11 189.80 190.09 190.01 189.60 188.88 187.88 186.62 185.13 183.45 181.59 179.58 177.45 175.24 172.96 170.64 168.31 166.00 163.73 161.54 159.44 157.42 155.44 153.47 151.43 149.28 146.95 144.26 141.18 137.72 133.94 129.85 125.50 120.91 116.12 111.16 106.06 100.87 95.60 90.29 84.98 79.70 74.48 69.35 64.35 59.52 54.86 50.38 46.13 42.76 41.30 41.84 43.94 47.01 50.87 55.45 60.63 66.34 72.47 78.94 85.65 92.51 99.44 106.32 113.08 119.63 125.86 131.69 137.02 141.77 145.83 149.14 151.71 153.58 154.75 155.33
188.10 188.86 189.13 189.04 188.62 187.89 186.88 185.63 184.15 182.48 180.64 178.66 176.57 174.39 172.15 169.88 167.61 165.36 163.15 161.03 158.97 156.97 154.99 152.99 150.92 148.75 146.48 144.04 141.24 138.06 134.51 130.64 126.47 122.05 117.39 112.54 107.53 102.39 97.15 91.85 86.52 81.19 75.90 70.67 65.54 60.54 55.67 50.95 46.43 42.74 40.88 40.97 42.96 46.38 50.65 55.58 61.09 67.09 73.47 80.15 87.04 94.04 101.06 108.00 114.79 121.31 127.49 133.23 138.43 143.01 146.88 150.06 152.57 154.39 155.47 155.98
186.31 187.27 187.63 187.53 187.11 186.39 185.40 184.16 182.71 181.06 179.26 177.32 175.27 173.14 170.96 168.75 166.54 164.36 162.24 160.18 158.18 156.20 154.22 152.20 150.10 147.91 145.63 143.26 140.72 137.84 134.57 130.95 127.01 122.78 118.29 113.59 108.70 103.65 98.48 93.22 87.90 82.56 77.23 71.94 66.71 61.56 56.50 51.58 46.84 42.87 40.66 40.30 41.79 45.07 49.66 54.98 60.83 67.13 73.77 80.68 87.76 94.91 102.04 109.07 115.89 122.41 128.56 134.22 139.31 143.74 147.53 150.68 153.16 154.92 155.92 156.37
183.80 184.95 185.49 185.48 185.08 184.38 183.41 182.20 180.79 179.18 177.42 175.54 173.54 171.48 169.37 167.23 165.10 163.01 160.99 159.01 157.06 155.11 153.13 151.10 148.99 146.78 144.50 142.12 139.67 137.05 134.09 130.76 127.07 123.08 118.80 114.28 109.54 104.62 99.56 94.37 89.11 83.79 78.46 73.13 67.82 62.55 57.36 52.28 47.35 43.15 40.62 39.86 40.86 43.59 48.00 53.62 59.83 66.45 73.38 80.53 87.81 95.13 102.39 109.51 116.38 122.92 129.04 134.64 139.65 144.04 147.83 150.97 153.42 155.13 156.07 156.46
