data_processed/recharge/precip/Precip_2013_02.asc
ncols        168
nrows        136
xllcorner    455000
yllcorner    2107000
cellsize     500
NODATA_value     -99999
[rows 35 to 69 of 136, columns 80 to 159 of 168]
0.00 0.00 0.00 0.00 0.00 0.00 0.00 0.07 0.17 0.28 0.39 0.50 0.62 0.74 0.86 0.98 1.11 1.23 1.36 1.49 1.62 1.74 1.87 2.00 2.13 2.25 2.38 2.50 2.62 2.74 2.86 2.97 3.08 3.18 3.28 3.38 3.48 3.56 3.65 3.72 3.79 3.86 3.92 3.97 4.01 4.05 4.08 4.10 4.12 4.12 4.10 4.07 4.03 4.01 4.01 4.02 4.02 4.03 4.04 4.04 4.04 4.04 4.04 4.04 4.04 4.04 4.04 4.03 4.03 4.03 4.03 4.03 4.03 4.03 4.03 4.04 4.05 4.05 4.06 4.07
0.00 0.00 0.00 0.00 0.00 0.00 0.00 0.00 0.00 0.10 0.20 0.31 0.42 0.54 0.65 0.77 0.89 1.01 1.14 1.26 1.39 1.52 1.64 1.77 1.90 2.02 2.15 2.27 2.39 2.51 2.63 2.75 2.86 2.97 3.07 3.18 3.27 3.37 3.45 3.54 3.62 3.69 3.75 3.81 3.87 3.91 3.95 3.99 4.01 4.02 4.03 4.02 4.00 4.00 4.00 4.01 4.02 4.02 4.03 4.03 4.03 4.03 4.03 4.03 4.02 4.02 4.02 4.02 4.01 4.01 4.01 4.01 4.01 4.01 4.01 4.01 4.02 4.02 4.03 4.04
0.00 0.00 0.00 0.00 0.00 0.00 0.00 0.00 0.00 0.00 0.02 0.13 0.23 0.34 0.45 0.56 0.68 0.80 0.92 1.04 1.17 1.29 1.42 1.54 1.67 1.80 1.92 2.05 2.17 2.29 2.41 2.53 2.64 2.76 2.87 2.97 3.08 3.17 3.27 3.36 3.44 3.52 3.60 3.66 3.73 3.78 3.83 3.87 3.90 3.93 3.95 3.96 3.96 3.97 3.98 3.99 3.99 4.00 4.00 4.00 4.00 4.00 4.00 3.99 3.99 3.99 3.98 3.98 3.97 3.97 3.97 3.97 3.96 3.96 3.97 3.97 3.97 3.98 3.99 4.00
0.00 0.00 0.00 0.00 0.00 0.00 0.00 0.00 0.00 0.00 0.00 0.00 0.05 0.15 0.26 0.36 0.48 0.59 0.71 0.83 0.95 1.08 1.20 1.32 1.45 1.58 1.70 1.83 1.95 2.07 2.20 2.32 2.44 2.55 2.67 2.78 2.88 2.99 3.09 3.18 3.27 3.36 3.44 3.52 3.59 3.65 3.71 3.76 3.81 3.84 3.87 3.89 3.91 3.92 3.93 3.93 3.94 3.94 3.95 3.95 3.95 3.94 3.94 3.94 3.93 3.93 3.92 3.92 3.92 3.91 3.91 3.91 3.91 3.90 3.91 3.91 3.91 3.92 3.92 3.93
0.00 0.00 0.00 0.00 0.00 0.00 0.00 0.00 0.00 0.00 0.00 0.00 0.00 0.00 0.10 0.21 0.31 0.42 0.54 0.65 0.77 0.89 1.01 1.14 1.26 1.39 1.51 1.64 1.76 1.89 2.01 2.13 2.25 2.37 2.49 2.60 2.71 2.82 2.93 3.03 3.12 3.22 3.30 3.39 3.46 3.54 3.60 3.66 3.72 3.76 3.80 3.83 3.84 3.85 3.86 3.87 3.88 3.88 3.88 3.88 3.88 3.88 3.87 3.87 3.87 3.86 3.86 3.85 3.85 3.84 3.84 3.84 3.83 3.83 3.83 3.84 3.84 3.84 3.85 3.86
0.00 0.00 0.00 0.00 0.00 0.00 0.00 0.00 0.00 0.00 0.00 0.00 0.00 0.00 0.02 0.11 0.21 0.32 0.43 0.54 0.65 0.77 0.88 1.00 1.13 1.25 1.37 1.49 1.62 1.74 1.86 1.99 2.11 2.23 2.34 2.46 2.57 2.68 2.79 2.90 3.00 3.10 3.19 3.28 3.36 3.44 3.51 3.58 3.64 3.69 3.74 3.76 3.78 3.79 3.79 3.80 3.80 3.81 3.81 3.81 3.81 3.80 3.80 3.80 3.79 3.79 3.78 3.78 3.77 3.77 3.76 3.76 3.76 3.76 3.76 3.76 3.76 3.77 3.77 3.78
0.00 0.00 0.00 0.00 0.00 0.00 0.00 0.00 0.00 0.00 0.00 0.00 0.00 0.00 0.00 0.09 0.18 0.28 0.38 0.48 0.59 0.70 0.81 0.92 1.04 1.16 1.28 1.40 1.52 1.64 1.76 1.88 2.00 2.12 2.23 2.35 2.46 2.58 2.68 2.79 2.89 2.99 3.09 3.18 3.27 3.35 3.43 3.50 3.57 3.63 3.67 3.70 3.71 3.71 3.72 3.73 3.73 3.73 3.73 3.73 3.73 3.73 3.72 3.72 3.71 3.71 3.70 3.70 3.69 3.69 3.68 3.68 3.68 3.67 3.67 3.68 3.68 3.68 3.69 3.70
0.00 0.00 0.00 0.00 0.00 0.00 0.00 0.00 0.00 0.00 0.00 0.00 0.00 0.00 0.04 0.12 0.20 0.29 0.38 0.48 0.58 0.68 0.78 0.89 1.00 1.11 1.22 1.34 1.45 1.57 1.69 1.80 1.92 2.04 2.15 2.27 2.38 2.49 2.60 2.71 2.81 2.91 3.01 3.10 3.19 3.28 3.36 3.44 3.51 3.56 3.60 3.62 3.63 3.64 3.64 3.65 3.65 3.65 3.65 3.65 3.65 3.65 3.64 3.64 3.63 3.62 3.62 3.61 3.61 3.60 3.60 3.59 3.59 3.59 3.59 3.59 3.59 3.59 3.60 3.61
0.00 0.00 0.00 0.00 0.00 0.00 0.00 0.00 0.00 0.00 0.00 0.00 0.04 0.09 0.15 0.22 0.29 0.36 0.44 0.53 0.61 0.71 0.80 0.90 1.00 1.10 1.21 1.32 1.43 1.54 1.65 1.76 1.87 1.99 2.10 2.21 2.32 2.43 2.53 2.64 2.74 2.84 2.94 3.03 3.13 3.21 3.30 3.37 3.44 3.49 3.53 3.55 3.56 3.56 3.57 3.57 3.57 3.57 3.57 3.57 3.56 3.56 3.55 3.55 3.54 3.54 3.53 3.52 3.52 3.51 3.51 3.50 3.50 3.50 3.50 3.50 3.50 3.50 3.51 3.52
0.35 0.31 0.26 0.21 0.18 0.16 0.15 0.14 0.14 0.15 0.17 0.20 0.23 0.27 0.31 0.36 0.42 0.48 0.55 0.62 0.70 0.78 0.86 0.95 1.04 1.14 1.23 1.33 1.43 1.54 1.64 1.75 1.85 1.96 2.06 2.17 2.28 2.38 2.48 2.59 2.69 2.78 2.88 2.97 3.06 3.15 3.23 3.30 3.37 3.42 3.45 3.47 3.48 3.48 3.48 3.48 3.49 3.48 3.48 3.48 3.48 3.47 3.47 3.46 3.45 3.45 3.44 3.43 3.42 3.42 3.41 3.41 3.40 3.40 3.40 3.40 3.40 3.40 3.41 3.42
0.74 0.75 0.70 0.63 0.58 0.54 0.50 0.48 0.46 0.45 0.45 0.46 0.48 0.50 0.53 0.56 0.60 0.65 0.71 0.76 0.83 0.89 0.97 1.04 1.12 1.20 1.29 1.38 1.47 1.56 1.66 1.76 1.85 1.95 2.05 2.15 2.25 2.35 2.45 2.54 2.64 2.73 2.82 2.91 3.00 3.08 3.16 3.23 3.29 3.34 3.37 3.39 3.40 3.40 3.40 3.40 3.40 3.40 3.39 3.39 3.39 3.38 3.37 3.37 3.36 3.35 3.34 3.34 3.33 3.32 3.32 3.31 3.31 3.30 3.30 3.30 3.30 3.30 3.31 3.32
1.12 1.19 1.18 1.12 1.04 0.98 0.92 0.88 0.84 0.81 0.79 0.78 0.78 0.78 0.79 0.81 0.84 0.87 0.90 0.95 0.99 1.05 1.10 1.17 1.23 1.30 1.38 1.45 1.53 1.61 1.70 1.79 1.87 1.96 2.05 2.14 2.23 2.33 2.42 2.51 2.60 2.68 2.77 2.86 2.94 3.02 3.09 3.16 3.22 3.26 3.29 3.31 3.31 3.31 3.31 3.31 3.31 3.31 3.30 3.30 3.29 3.29 3.28 3.27 3.26 3.25 3.25 3.24 3.23 3.22 3.22 3.21 3.20 3.20 3.20 3.20 3.20 3.20 3.20 3.21
1.48 1.62 1.67 1.65 1.57 1.48 1.40 1.34 1.28 1.23 1.19 1.15 1.13 1.11 1.10 1.10 1.11 1.12 1.14 1.17 1.20 1.23 1.28 1.32 1.37 1.43 1.49 1.55 1.62 1.69 1.76 1.83 1.91 1.99 2.07 2.15 2.23 2.31 2.39 2.47 2.56 2.64 2.72 2.79 2.87 2.95 3.02 3.08 3.14 3.18 3.21 3.22 3.22 3.22 3.22 3.22 3.22 3.21 3.21 3.20 3.20 3.19 3.18 3.17 3.16 3.16 3.15 3.14 3.13 3.12 3.11 3.11 3.10 3.10 3.09 3.09 3.09 3.09 3.10 3.10
1.84 2.03 2.14 2.18 2.14 2.05 1.94 1.85 1.77 1.69 1.63 1.57 1.53 1.49 1.46 1.44 1.42 1.42 1.41 1.42 1.43 1.45 1.48 1.50 1.54 1.58 1.62 1.67 1.72 1.77 1.83 1.89 1.96 2.02 2.09 2.16 2.23 2.30 2.37 2.44 2.51 2.59 2.66 2.73 2.80 2.88 2.94 3.00 3.05 3.09 3.12 3.13 3.14 3.13 3.13 3.13 3.12 3.12 3.11 3.11 3.10 3.09 3.08 3.07 3.06 3.05 3.04 3.03 3.03 3.02 3.01 3.00 2.99 2.99 2.99 2.98 2.98 2.98 2.99 2.99
2.18 2.42 2.59 2.68 2.70 2.64 2.53 2.41 2.31 2.21 2.12 2.04 1.97 1.91 1.85 1.81 1.77 1.74 1.72 1.71 1.70 1.70 1.70 1.71 1.73 1.75 1.77 1.80 1.84 1.88 1.92 1.96 2.01 2.06 2.12 2.17 2.23 2.29 2.35 2.41 2.47 2.53 2.60 2.67 2.73 2.80 2.86 2.92 2.97 3.01 3.03 3.05 3.05 3.04 3.04 3.04 3.03 3.02 3.02 3.01 3.00 2.99 2.98 2.97 2.96 2.95 2.94 2.93 2.92 2.91 2.90 2.89 2.89 2.88 2.88 2.87 2.87 2.87 2.87 2.88
2.51 2.80 3.02 3.17 3.23 3.23 3.15 3.03 2.89 2.76 2.65 2.54 2.45 2.36 2.28 2.21 2.15 2.10 2.06 2.02 1.99 1.97 1.95 1.94 1.94 1.94 1.94 1.95 1.97 1.99 2.02 2.04 2.07 2.11 2.15 2.19 2.23 2.27 2.32 2.36 2.41 2.47 2.53 2.60 2.66 2.72 2.78 2.84 2.88 2.92 2.94 2.95 2.95 2.95 2.95 2.94 2.93 2.93 2.92 2.91 2.90 2.89 2.88 2.87 2.86 2.85 2.84 2.82 2.81 2.80 2.79 2.78 2.78 2.77 2.76 2.76 2.76 2.76 2.76 2.77
2.82 3.17 3.44 3.63 3.74 3.79 3.76 3.66 3.52 3.36 3.22 3.09 2.96 2.85 2.75 2.65 2.57 2.49 2.42 2.36 2.30 2.26 2.22 2.19 2.16 2.14 2.12 2.11 2.11 2.11 2.12 2.13 2.14 2.16 2.17 2.20 2.22 2.25 2.28 2.32 2.36 2.41 2.47 2.53 2.59 2.64 2.70 2.75 2.80 2.83 2.85 2.86 2.86 2.85 2.85 2.84 2.84 2.83 2.82 2.81 2.80 2.79 2.78 2.77 2.76 2.74 2.73 2.72 2.71 2.70 2.68 2.68 2.67 2.66 2.65 2.65 2.65 2.64 2.65 2.65
3.12 3.52 3.83 4.07 4.23 4.32 4.34 4.28 4.17 4.00 3.83 3.67 3.51 3.37 3.24 3.12 3.00 2.90 2.80 2.72 2.64 2.57 2.50 2.44 2.39 2.35 2.31 2.28 2.26 2.23 2.22 2.21 2.20 2.20 2.20 2.20 2.21 2.22 2.24 2.26 2.30 2.35 2.40 2.45 2.51 2.56 2.62 2.66 2.71 2.74 2.76 2.77 2.76 2.76 2.75 2.75 2.74 2.73 2.72 2.71 2.70 2.69 2.68 2.66 2.65 2.64 2.62 2.61 2.60 2.59 2.58 2.56 2.56 2.55 2.54 2.53 2.53 2.53 2.53 2.53
3.41 3.85 4.20 4.48 4.69 4.82 4.88 4.87 4.80 4.66 4.47 4.27 4.09 3.92 3.76 3.61 3.46 3.33 3.21 3.09 2.99 2.89 2.80 2.71 2.64 2.57 2.51 2.45 2.40 2.36 2.32 2.29 2.26 2.23 2.21 2.20 2.18 2.18 2.19 2.21 2.24 2.28 2.33 2.38 2.43 2.48 2.53 2.58 2.61 2.64 2.66 2.67 2.67 2.66 2.65 2.65 2.64 2.63 2.62 2.61 2.60 2.59 2.57 2.56 2.55 2.53 2.52 2.50 2.49 2.48 2.47 2.45 2.44 2.43 2.43 2.42 2.42 2.41 2.41 2.42
3.69 4.16 4.56 4.88 5.12 5.29 5.39 5.42 5.38 5.28 5.12 4.91 4.70 4.49 4.30 4.11 3.94 3.78 3.63 3.48 3.35 3.22 3.10 2.99 2.89 2.79 2.71 2.62 2.55 2.48 2.42 2.36 2.31 2.26 2.22 2.18 2.15 2.14 2.14 2.15 2.18 2.21 2.25 2.30 2.35 2.40 2.44 2.48 2.52 2.55 2.57 2.57 2.57 2.56 2.55 2.55 2.54 2.53 2.52 2.51 2.49 2.48 2.47 2.46 2.44 2.43 2.41 2.40 2.38 2.37 2.36 2.34 2.33 2.32 2.31 2.31 2.30 2.30 2.30 2.30
3.95 4.46 4.89 5.25 5.53 5.73 5.87 5.93 5.94 5.87 5.74 5.55 5.32 5.08 4.86 4.64 4.44 4.24 4.06 3.88 3.72 3.56 3.41 3.27 3.14 3.02 2.90 2.79 2.69 2.59 2.51 2.42 2.34 2.27 2.21 2.15 2.11 2.09 2.09 2.10 2.12 2.14 2.18 2.22 2.26 2.31 2.35 2.39 2.43 2.45 2.47 2.47 2.47 2.46 2.45 2.45 2.44 2.43 2.42 2.40 2.39 2.38 2.36 2.35 2.34 2.32 2.31 2.29 2.28 2.26 2.25 2.23 2.22 2.21 2.20 2.19 2.19 2.18 2.18 2.18
4.20 4.74 5.21 5.59 5.91 6.14 6.31 6.41 6.45 6.42 6.32 6.17 5.95 5.69 5.43 5.18 4.94 4.71 4.50 4.29 4.09 3.90 3.72 3.55 3.39 3.24 3.09 2.95 2.82 2.70 2.58 2.47 2.37 2.27 2.18 2.12 2.07 2.04 2.03 2.04 2.05 2.07 2.10 2.14 2.18 2.22 2.26 2.30 2.33 2.36 2.37 2.37 2.37 2.36 2.35 2.35 2.34 2.32 2.31 2.30 2.29 2.27 2.26 2.25 2.23 2.22 2.20 2.19 2.17 2.16 2.14 2.13 2.11 2.10 2.09 2.08 2.07 2.07 2.06 2.06
4.43 5.00 5.50 5.92 6.26 6.53 6.73 6.86 6.92 6.92 6.85 6.73 6.54 6.30 6.02 5.73 5.46 5.20 4.94 4.70 4.47 4.25 4.03 3.83 3.64 3.45 3.27 3.10 2.94 2.79 2.64 2.50 2.37 2.25 2.16 2.08 2.03 2.00 1.98 1.97 1.98 2.00 2.03 2.06 2.10 2.13 2.17 2.20 2.23 2.26 2.27 2.27 2.27 2.26 2.25 2.24 2.23 2.22 2.21 2.20 2.18 2.17 2.16 2.14 2.13 2.11 2.10 2.08 2.07 2.05 2.03 2.02 2.00 1.99 1.98 1.97 1.96 1.95 1.95 1.95
4.65 5.25 5.77 6.22 6.59 6.88 7.11 7.26 7.35 7.38 7.34 7.24 7.09 6.87 6.60 6.29 5.98 5.68 5.39 5.11 4.84 4.59 4.34 4.10 3.87 3.65 3.44 3.24 3.05 2.86 2.69 2.52 2.36 2.23 2.13 2.05 1.99 1.95 1.92 1.91 1.91 1.93 1.95 1.98 2.01 2.04 2.08 2.11 2.14 2.16 2.17 2.17 2.17 2.16 2.15 2.14 2.13 2.12 2.11 2.09 2.08 2.07 2.05 2.04 2.02 2.01 1.99 1.98 1.96 1.94 1.93 1.91 1.90 1.88 1.87 1.86 1.85 1.84 1.84 1.83
4.86 5.48 6.02 6.49 6.89 7.21 7.45 7.64 7.75 7.80 7.78 7.71 7.57 7.38 7.14 6.84 6.50 6.16 5.84 5.52 5.21 4.92 4.64 4.36 4.10 3.84 3.60 3.36 3.14 2.92 2.71 2.51 2.35 2.21 2.10 2.01 1.94 1.89 1.86 1.85 1.84 1.85 1.87 1.89 1.92 1.95 1.98 2.01 2.04 2.06 2.07 2.07 2.07 2.06 2.05 2.04 2.03 2.02 2.01 1.99 1.98 1.96 1.95 1.94 1.92 1.90 1.89 1.87 1.86 1.84 1.82 1.81 1.79 1.78 1.76 1.75 1.74 1.73 1.73 1.72
5.05 5.69 6.26 6.74 7.16 7.50 7.77 7.97 8.10 8.17 8.18 8.13 8.01 7.84 7.62 7.34 7.01 6.64 6.28 5.92 5.58 5.24 4.92 4.61 4.31 4.02 3.74 3.46 3.20 2.95 2.71 2.51 2.33 2.19 2.07 1.97 1.89 1.84 1.80 1.78 1.77 1.78 1.79 1.81 1.83 1.86 1.89 1.92 1.94 1.96 1.97 1.97 1.97 1.96 1.95 1.94 1.93 1.92 1.90 1.89 1.88 1.86 1.85 1.83 1.82 1.80 1.79 1.77 1.75 1.74 1.72 1.71 1.69 1.67 1.66 1.65 1.63 1.62 1.62 1.61
5.22 5.88 6.47 6.97 7.40 7.76 8.05 8.27 8.42 8.51 8.53 8.49 8.40 8.25 8.04 7.78 7.46 7.10 6.71 6.31 5.93 5.55 5.19 4.84 4.50 4.17 3.85 3.54 3.24 2.96 2.72 2.50 2.32 2.16 2.03 1.93 1.85 1.79 1.74 1.71 1.70 1.70 1.71 1.72 1.74 1.77 1.79 1.82 1.84 1.86 1.87 1.87 1.86 1.86 1.85 1.84 1.83 1.81 1.80 1.79 1.77 1.76 1.75 1.73 1.72 1.70 1.68 1.67 1.65 1.64 1.62 1.60 1.59 1.57 1.56 1.54 1.53 1.52 1.51 1.50
5.38 6.06 6.66 7.18 7.62 8.00 8.30 8.53 8.70 8.80 8.84 8.81 8.73 8.59 8.40 8.15 7.86 7.51 7.12 6.69 6.26 5.85 5.44 5.05 4.67 4.30 3.94 3.59 3.27 2.97 2.72 2.49 2.30 2.14 2.00 1.89 1.80 1.73 1.68 1.65 1.63 1.62 1.62 1.64 1.65 1.68 1.70 1.72 1.74 1.76 1.77 1.77 1.76 1.75 1.75 1.74 1.72 1.71 1.70 1.69 1.67 1.66 1.65 1.63 1.62 1.60 1.58 1.57 1.55 1.54 1.52 1.50 1.49 1.47 1.46 1.44 1.43 1.42 1.41 1.40
5.53 6.22 6.83 7.36 7.81 8.20 8.51 8.75 8.93 9.04 9.09 9.08 9.01 8.89 8.70 8.47 8.18 7.85 7.46 7.04 6.58 6.12 5.67 5.24 4.81 4.40 4.00 3.63 3.28 2.98 2.71 2.48 2.28 2.11 1.96 1.84 1.75 1.67 1.62 1.58 1.55 1.54 1.54 1.55 1.56 1.58 1.60 1.63 1.64 1.66 1.67 1.67 1.66 1.65 1.64 1.63 1.62 1.61 1.60 1.59 1.57 1.56 1.55 1.53 1.52 1.50 1.48 1.47 1.45 1.44 1.42 1.41 1.39 1.38 1.36 1.35 1.33 1.32 1.31 1.30
5.66 6.36 6.97 7.51 7.98 8.37 8.69 8.94 9.13 9.25 9.31 9.30 9.24 9.12 8.95 8.72 8.44 8.12 7.74 7.32 6.86 6.37 5.88 5.40 4.93 4.48 4.04 3.65 3.30 2.99 2.71 2.47 2.26 2.08 1.93 1.80 1.70 1.62 1.55 1.51 1.48 1.46 1.46 1.46 1.47 1.49 1.51 1.53 1.55 1.56 1.57 1.57 1.56 1.55 1.54 1.53 1.52 1.51 1.50 1.49 1.47 1.46 1.45 1.43 1.42 1.40 1.39 1.37 1.36 1.34 1.33 1.31 1.30 1.28 1.27 1.25 1.24 1.23 1.21 1.20
5.77 6.48 7.10 7.64 8.11 8.51 8.84 9.09 9.28 9.41 9.47 9.47 9.42 9.30 9.13 8.91 8.64 8.32 7.95 7.53 7.08 6.58 6.05 5.53 5.01 4.53 4.08 3.68 3.32 2.99 2.71 2.46 2.24 2.05 1.89 1.76 1.65 1.56 1.49 1.44 1.41 1.39 1.38 1.38 1.39 1.40 1.41 1.43 1.45 1.46 1.47 1.47 1.46 1.45 1.44 1.44 1.43 1.41 1.40 1.39 1.38 1.36 1.35 1.34 1.32 1.31 1.29 1.28 1.26 1.25 1.23 1.22 1.20 1.19 1.17 1.16 1.15 1.13 1.12 1.11
5.87 6.58 7.20 7.75 8.22 8.62 8.95 9.21 9.40 9.53 9.59 9.60 9.54 9.43 9.26 9.04 8.77 8.45 8.08 7.67 7.22 6.72 6.18 5.62 5.08 4.57 4.12 3.70 3.33 3.00 2.70 2.44 2.22 2.02 1.85 1.71 1.59 1.50 1.43 1.37 1.33 1.31 1.29 1.29 1.30 1.31 1.32 1.33 1.35 1.36 1.37 1.37 1.36 1.36 1.35 1.34 1.33 1.32 1.31 1.29 1.28 1.27 1.25 1.24 1.23 1.21 1.20 1.18 1.17 1.15 1.14 1.13 1.11 1.10 1.08 1.07 1.06 1.05 1.03 1.02
5.96 6.66 7.28 7.83 8.30 8.70 9.02 9.28 9.47 9.60 9.66 9.67 9.61 9.50 9.33 9.11 8.84 8.51 8.15 7.73 7.28 6.78 6.24 5.69 5.13 4.62 4.15 3.73 3.35 3.00 2.70 2.43 2.19 1.99 1.81 1.67 1.54 1.44 1.36 1.30 1.26 1.23 1.21 1.20 1.21 1.21 1.23 1.24 1.25 1.26 1.27 1.27 1.26 1.26 1.25 1.24 1.23 1.22 1.21 1.20 1.19 1.17 1.16 1.15 1.13 1.12 1.11 1.09 1.08 1.06 1.05 1.04 1.02 1.01 1.00 0.98 0.97 0.96 0.95 0.94
6.02 6.72 7.34 7.88 8.35 8.74 9.07 9.32 9.51 9.63 9.69 9.69 9.63 9.51 9.34 9.11 8.83 8.51 8.14 7.72 7.26 6.76 6.23 5.71 5.18 4.67 4.19 3.75 3.36 3.01 2.69 2.42 2.17 1.96 1.78 1.62 1.49 1.38 1.30 1.23 1.18 1.15 1.13 1.12 1.12 1.12 1.13 1.14 1.16 1.17 1.17 1.17 1.17 1.16 1.15 1.15 1.14 1.13 1.12 1.10 1.09 1.08 1.07 1.06 1.04 1.03 1.02 1.00 0.99 0.98 0.96 0.95 0.94 0.92 0.91 0.90 0.89 0.88 0.87 0.86
6.08 6.77 7.38 7.91 8.37 8.76 9.07 9.32 9.50 9.61 9.67 9.66 9.59 9.47 9.29 9.05 8.77 8.44 8.06 7.63 7.16 6.67 6.18 5.68 5.19 4.70 4.22 3.78 3.37 3.01 2.69 2.40 2.15 1.93 1.74 1.57 1.44 1.33 1.24 1.16 1.11 1.07 1.05 1.03 1.03 1.03 1.04 1.05 1.06 1.07 1.08 1.08 1.07 1.07 1.06 1.05 1.04 1.03 1.02 1.01 1.00 0.99 0.98 0.97 0.96 0.94 0.93 0.92 0.90 0.89 0.88 0.87 0.85 0.84 0.83 0.82 0.81 0.80 0.79 0.79
