data_processed/recharge/precip/Precip_1997_02.asc
ncols        168
nrows        136
xllcorner    455000
yllcorner    2107000
cellsize     500
NODATA_value     -99999
[rows 37 to 73 of 136, columns 0 to 83 of 168]
5.72 5.63 5.54 5.43 5.33 5.23 5.12 5.03 4.94 4.86 4.79 4.74 4.70 4.68 4.68 4.70 4.75 4.83 4.93 5.07 5.24 5.44 5.67 5.92 6.16 6.39 6.62 6.83 7.02 7.15 7.18 7.12 6.97 6.74 6.44 6.07 5.64 5.15 4.62 4.05 3.44 2.81 2.15 1.45 0.71 0.00 0.00 0.00 0.00 0.00 0.00 0.00 0.00 0.00 0.00 0.00 0.00 0.00 0.00 0.00 0.00 0.00 0.00 0.00 0.00 0.00 0.00 0.00 0.00 0.00 0.00 0.00 0.00 0.00 0.00 0.41 0.97 1.53 2.09 2.63 3.13 3.59 4.00 4.36
5.49 5.40 5.30 5.20 5.09 4.98 4.88 4.78 4.69 4.61 4.55 4.50 4.46 4.44 4.45 4.48 4.53 4.62 4.73 4.87 5.05 5.25 5.49 5.74 6.00 6.24 6.47 6.69 6.90 7.09 7.21 7.23 7.15 6.99 6.75 6.43 6.04 5.59 5.08 4.53 3.93 3.29 2.59 1.84 1.04 0.20 0.00 0.00 0.00 0.00 0.00 0.00 0.00 0.00 0.00 0.00 0.00 0.00 0.00 0.00 0.00 0.00 0.00 0.00 0.00 0.00 0.00 0.00 0.00 0.00 0.00 0.00 0.00 0.00 0.25 0.82 1.39 1.97 2.55 3.12 3.66 4.16 4.61 5.01
5.26 5.17 5.07 4.96 4.85 4.74 4.64 4.54 4.45 4.37 4.30 4.25 4.22 4.21 4.22 4.25 4.31 4.40 4.52 4.67 4.85 5.06 5.31 5.57 5.82 6.07 6.31 6.54 6.76 6.96 7.14 7.25 7.26 7.17 6.99 6.73 6.39 5.99 5.51 4.98 4.39 3.74 3.01 2.21 1.37 0.48 0.00 0.00 0.00 0.00 0.00 0.00 0.00 0.00 0.00 0.00 0.00 0.00 0.00 0.00 0.00 0.00 0.00 0.00 0.00 0.00 0.00 0.00 0.00 0.00 0.00 0.00 0.00 0.08 0.65 1.24 1.84 2.44 3.03 3.62 4.18 4.72 5.21 5.64
5.03 4.94 4.84 4.73 4.62 4.50 4.40 4.30 4.20 4.13 4.06 4.01 3.98 3.97 3.98 4.02 4.09 4.19 4.31 4.47 4.65 4.87 5.11 5.38 5.64 5.90 6.14 6.38 6.61 6.82 7.01 7.18 7.27 7.27 7.17 6.97 6.69 6.33 5.90 5.40 4.81 4.13 3.38 2.56 1.68 0.75 0.00 0.00 0.00 0.00 0.00 0.00 0.00 0.00 0.00 0.00 0.00 0.00 0.00 0.00 0.00 0.00 0.00 0.00 0.00 0.00 0.00 0.00 0.00 0.00 0.00 0.00 0.00 0.48 1.07 1.68 2.29 2.91 3.53 4.13 4.71 5.27 5.80 6.27
4.81 4.72 4.62 4.50 4.39 4.27 4.16 4.06 3.96 3.88 3.82 3.77 3.74 3.74 3.76 3.80 3.87 3.97 4.10 4.26 4.45 4.67 4.92 5.19 5.45 5.71 5.97 6.21 6.44 6.66 6.86 7.04 7.20 7.28 7.26 7.14 6.93 6.63 6.24 5.75 5.16 4.48 3.72 2.88 1.98 1.03 0.03 0.00 0.00 0.00 0.00 0.00 0.00 0.00 0.00 0.00 0.00 0.00 0.00 0.00 0.00 0.00 0.00 0.00 0.00 0.00 0.00 0.00 0.00 0.00 0.00 0.00 0.30 0.89 1.50 2.12 2.76 3.40 4.03 4.65 5.25 5.83 6.37 6.87
4.60 4.51 4.40 4.29 4.17 4.05 3.93 3.82 3.73 3.65 3.58 3.54 3.51 3.51 3.53 3.58 3.66 3.76 3.89 4.05 4.24 4.47 4.72 4.99 5.26 5.52 5.78 6.03 6.27 6.49 6.70 6.89 7.06 7.20 7.27 7.23 7.09 6.85 6.50 6.03 5.45 4.77 4.01 3.17 2.26 1.29 0.27 0.00 0.00 0.00 0.00 0.00 0.00 0.00 0.00 0.00 0.00 0.00 0.00 0.00 0.00 0.00 0.00 0.00 0.00 0.00 0.00 0.00 0.00 0.00 0.00 0.12 0.70 1.31 1.94 2.58 3.23 3.88 4.53 5.17 5.79 6.38 6.94 7.46
4.39 4.30 4.19 4.08 3.95 3.83 3.71 3.60 3.50 3.42 3.35 3.31 3.28 3.28 3.31 3.36 3.44 3.55 3.68 3.85 4.04 4.26 4.51 4.79 5.06 5.32 5.58 5.84 6.08 6.31 6.53 6.72 6.90 7.06 7.18 7.23 7.17 6.98 6.66 6.22 5.66 5.00 4.25 3.42 2.51 1.54 0.52 0.00 0.00 0.00 0.00 0.00 0.00 0.00 0.00 0.00 0.00 0.00 0.00 0.00 0.00 0.00 0.00 0.00 0.00 0.00 0.00 0.00 0.00 0.00 0.00 0.52 1.11 1.73 2.38 3.04 3.71 4.38 5.04 5.69 6.33 6.93 7.51 8.05
4.19 4.10 3.99 3.88 3.75 3.63 3.50 3.39 3.28 3.20 3.13 3.09 3.07 3.07 3.10 3.15 3.23 3.34 3.48 3.64 3.83 4.06 4.31 4.58 4.85 5.12 5.38 5.64 5.89 6.12 6.34 6.55 6.73 6.89 7.03 7.14 7.14 7.00 6.72 6.32 5.80 5.17 4.44 3.63 2.74 1.78 0.76 0.00 0.00 0.00 0.00 0.00 0.00 0.00 0.00 0.00 0.00 0.00 0.00 0.00 0.00 0.00 0.00 0.00 0.00 0.00 0.00 0.00 0.00 0.00 0.34 0.92 1.52 2.16 2.82 3.49 4.18 4.86 5.54 6.21 6.86 7.48 8.07 8.62
4.01 3.91 3.81 3.69 3.56 3.43 3.31 3.19 3.08 2.99 2.92 2.88 2.86 2.86 2.89 2.95 3.03 3.14 3.27 3.44 3.63 3.85 4.10 4.37 4.65 4.91 5.18 5.44 5.69 5.93 6.15 6.36 6.55 6.72 6.86 6.95 6.98 6.89 6.67 6.32 5.85 5.26 4.57 3.79 2.93 1.99 0.98 0.00 0.00 0.00 0.00 0.00 0.00 0.00 0.00 0.00 0.00 0.00 0.00 0.00 0.00 0.00 0.00 0.00 0.00 0.00 0.00 0.00 0.00 0.17 0.73 1.32 1.93 2.58 3.26 3.95 4.65 5.35 6.04 6.72 7.38 8.02 8.62 9.18
3.83 3.74 3.63 3.51 3.39 3.25 3.12 3.00 2.89 2.80 2.73 2.68 2.66 2.67 2.70 2.75 2.83 2.94 3.07 3.24 3.43 3.65 3.90 4.17 4.44 4.71 4.97 5.23 5.48 5.72 5.95 6.16 6.36 6.53 6.65 6.72 6.73 6.67 6.52 6.23 5.82 5.28 4.64 3.91 3.08 2.17 1.20 0.16 0.00 0.00 0.00 0.00 0.00 0.00 0.00 0.00 0.00 0.00 0.00 0.00 0.00 0.00 0.00 0.00 0.00 0.00 0.00 0.00 0.01 0.55 1.11 1.71 2.33 3.00 3.69 4.39 5.10 5.82 6.52 7.22 7.89 8.54 9.16 9.73
3.67 3.58 3.47 3.35 3.22 3.09 2.96 2.83 2.72 2.63 2.55 2.50 2.48 2.48 2.51 2.57 2.64 2.75 2.88 3.04 3.23 3.45 3.70 3.96 4.23 4.50 4.76 5.02 5.27 5.51 5.74 5.96 6.15 6.30 6.40 6.44 6.43 6.37 6.25 6.04 5.69 5.23 4.65 3.97 3.19 2.33 1.39 0.39 0.00 0.00 0.00 0.00 0.00 0.00 0.00 0.00 0.00 0.00 0.00 0.00 0.00 0.00 0.00 0.00 0.00 0.00 0.00 0.00 0.37 0.92 1.49 2.09 2.73 3.40 4.11 4.82 5.55 6.27 6.99 7.70 8.39 9.05 9.67 10.26
3.52 3.44 3.33 3.21 3.08 2.94 2.81 2.69 2.58 2.48 2.40 2.35 2.32 2.31 2.34 2.39 2.47 2.57 2.70 2.85 3.04 3.25 3.50 3.76 4.02 4.29 4.55 4.81 5.06 5.30 5.53 5.74 5.92 6.04 6.11 6.13 6.11 6.03 5.91 5.74 5.48 5.09 4.58 3.97 3.25 2.45 1.57 0.61 0.00 0.00 0.00 0.00 0.00 0.00 0.00 0.00 0.00 0.00 0.00 0.00 0.00 0.00 0.00 0.00 0.00 0.00 0.00 0.21 0.73 1.28 1.85 2.46 3.11 3.79 4.51 5.24 5.97 6.71 7.44 8.16 8.86 9.53 10.17 10.76
3.39 3.31 3.20 3.08 2.95 2.82 2.69 2.56 2.45 2.36 2.27 2.21 2.17 2.16 2.18 2.23 2.30 2.40 2.52 2.67 2.86 3.06 3.30 3.56 3.82 4.08 4.34 4.60 4.85 5.09 5.31 5.50 5.64 5.74 5.79 5.79 5.75 5.67 5.55 5.38 5.17 4.86 4.44 3.90 3.26 2.53 1.71 0.82 0.00 0.00 0.00 0.00 0.00 0.00 0.00 0.00 0.00 0.00 0.00 0.00 0.00 0.00 0.00 0.00 0.00 0.00 0.07 0.56 1.08 1.62 2.20 2.81 3.47 4.16 4.89 5.63 6.38 7.13 7.87 8.60 9.31 9.99 10.63 11.22
3.28 3.20 3.09 2.97 2.84 2.71 2.59 2.47 2.35 2.25 2.17 2.10 2.06 2.04 2.04 2.08 2.14 2.24 2.36 2.50 2.68 2.88 3.11 3.36 3.62 3.88 4.13 4.38 4.63 4.87 5.07 5.22 5.34 5.41 5.44 5.43 5.38 5.29 5.16 5.00 4.79 4.55 4.22 3.77 3.22 2.57 1.83 1.00 0.15 0.00 0.00 0.00 0.00 0.00 0.00 0.00 0.00 0.00 0.00 0.00 0.00 0.00 0.00 0.00 0.00 0.00 0.40 0.89 1.40 1.95 2.53 3.15 3.81 4.51 5.25 6.00 6.76 7.52 8.27 9.01 9.72 10.40 11.05 11.64
3.19 3.11 3.00 2.89 2.76 2.64 2.51 2.39 2.28 2.18 2.09 2.02 1.96 1.93 1.93 1.95 2.00 2.09 2.20 2.34 2.51 2.71 2.93 3.17 3.42 3.67 3.93 4.17 4.41 4.62 4.79 4.92 5.00 5.06 5.07 5.05 4.99 4.90 4.77 4.61 4.41 4.18 3.92 3.57 3.12 2.56 1.90 1.16 0.39 0.00 0.00 0.00 0.00 0.00 0.00 0.00 0.00 0.00 0.00 0.00 0.00 0.00 0.00 0.00 0.00 0.32 0.73 1.20 1.70 2.25 2.83 3.45 4.12 4.84 5.58 6.34 7.11 7.88 8.64 9.38 10.10 10.78 11.42 12.02
3.12 3.04 2.94 2.83 2.71 2.59 2.47 2.35 2.24 2.13 2.04 1.96 1.90 1.86 1.84 1.85 1.88 1.96 2.06 2.19 2.35 2.54 2.76 2.99 3.23 3.48 3.72 3.96 4.17 4.34 4.48 4.58 4.65 4.68 4.68 4.65 4.59 4.49 4.37 4.21 4.03 3.81 3.57 3.30 2.95 2.49 1.94 1.30 0.61 0.04 0.00 0.00 0.00 0.00 0.00 0.00 0.00 0.00 0.00 0.00 0.00 0.00 0.00 0.04 0.33 0.67 1.06 1.49 1.98 2.52 3.10 3.73 4.40 5.13 5.88 6.65 7.43 8.20 8.97 9.71 10.42 11.10 11.74 12.34
3.07 3.00 2.90 2.80 2.69 2.57 2.45 2.34 2.22 2.11 2.01 1.93 1.86 1.81 1.78 1.77 1.79 1.85 1.93 2.06 2.21 2.39 2.59 2.82 3.05 3.29 3.52 3.73 3.90 4.05 4.16 4.23 4.28 4.30 4.29 4.25 4.18 4.09 3.96 3.82 3.65 3.45 3.23 2.99 2.72 2.38 1.93 1.40 0.82 0.35 0.02 0.00 0.00 0.00 0.00 0.00 0.00 0.00 0.00 0.00 0.00 0.00 0.16 0.39 0.67 0.99 1.35 1.77 2.24 2.77 3.35 3.98 4.65 5.38 6.15 6.93 7.71 8.49 9.25 9.98 10.69 11.36 12.00 12.60
3.05 2.98 2.90 2.81 2.70 2.59 2.47 2.35 2.23 2.12 2.02 1.92 1.85 1.78 1.74 1.72 1.73 1.76 1.83 1.94 2.07 2.24 2.44 2.66 2.88 3.10 3.30 3.47 3.61 3.73 3.81 3.87 3.90 3.91 3.89 3.84 3.77 3.68 3.57 3.43 3.28 3.10 2.90 2.69 2.46 2.20 1.88 1.46 0.99 0.64 0.43 0.30 0.19 0.10 0.03 0.00 0.00 0.00 0.00 0.07 0.17 0.30 0.48 0.69 0.95 1.26 1.61 2.01 2.47 2.99 3.56 4.18 4.87 5.60 6.37 7.16 7.94 8.72 9.47 10.19 10.89 11.56 12.20 12.80
3.06 3.01 2.93 2.84 2.74 2.63 2.52 2.40 2.28 2.16 2.05 1.95 1.86 1.79 1.74 1.70 1.69 1.71 1.76 1.84 1.96 2.11 2.30 2.50 2.71 2.90 3.06 3.20 3.31 3.40 3.46 3.50 3.51 3.51 3.48 3.44 3.37 3.28 3.18 3.06 2.92 2.77 2.60 2.41 2.21 2.00 1.77 1.48 1.14 0.91 0.76 0.63 0.51 0.42 0.34 0.28 0.25 0.25 0.27 0.33 0.42 0.55 0.71 0.92 1.17 1.47 1.82 2.21 2.66 3.17 3.73 4.35 5.04 5.78 6.56 7.34 8.12 8.88 9.62 10.34 11.03 11.69 12.33 12.92
3.11 3.06 3.00 2.91 2.82 2.71 2.60 2.48 2.36 2.24 2.12 2.01 1.91 1.83 1.76 1.71 1.69 1.69 1.71 1.77 1.87 2.00 2.17 2.36 2.53 2.68 2.81 2.91 2.99 3.06 3.10 3.12 3.13 3.11 3.08 3.04 2.98 2.90 2.81 2.70 2.59 2.46 2.31 2.16 2.00 1.83 1.65 1.46 1.25 1.08 0.94 0.81 0.69 0.59 0.51 0.45 0.41 0.41 0.43 0.48 0.57 0.70 0.86 1.07 1.31 1.61 1.95 2.35 2.79 3.30 3.86 4.48 5.16 5.91 6.69 7.46 8.22 8.97 9.70 10.41 11.09 11.75 12.37 12.96
3.18 3.15 3.09 3.01 2.92 2.82 2.70 2.58 2.46 2.34 2.21 2.10 1.99 1.90 1.81 1.75 1.71 1.69 1.70 1.74 1.81 1.91 2.06 2.21 2.34 2.46 2.55 2.62 2.68 2.72 2.75 2.76 2.75 2.73 2.70 2.66 2.60 2.54 2.46 2.37 2.28 2.18 2.07 1.95 1.83 1.70 1.57 1.43 1.28 1.12 0.98 0.85 0.73 0.63 0.55 0.49 0.46 0.45 0.48 0.53 0.62 0.75 0.92 1.12 1.37 1.67 2.01 2.41 2.86 3.36 3.93 4.55 5.24 5.99 6.76 7.52 8.27 9.00 9.72 10.41 11.09 11.73 12.35 12.94
3.24 3.22 3.17 3.10 3.02 2.92 2.81 2.69 2.57 2.44 2.31 2.19 2.08 1.97 1.88 1.80 1.75 1.71 1.70 1.72 1.77 1.85 1.98 2.11 2.21 2.28 2.34 2.39 2.42 2.44 2.44 2.44 2.43 2.40 2.37 2.33 2.28 2.23 2.17 2.10 2.03 1.95 1.87 1.79 1.71 1.63 1.54 1.43 1.28 1.13 0.98 0.85 0.74 0.64 0.56 0.50 0.47 0.46 0.49 0.54 0.63 0.76 0.92 1.13 1.38 1.68 2.03 2.42 2.87 3.38 3.94 4.57 5.26 6.04 6.83 7.57 8.30 9.02 9.72 10.40 11.07 11.70 12.31 12.89
3.28 3.27 3.24 3.18 3.10 3.01 2.90 2.79 2.67 2.54 2.41 2.29 2.17 2.05 1.95 1.86 1.80 1.75 1.72 1.72 1.75 1.82 1.93 2.05 2.12 2.16 2.19 2.21 2.21 2.21 2.20 2.19 2.16 2.13 2.10 2.06 2.02 1.98 1.93 1.88 1.83 1.79 1.74 1.69 1.65 1.61 1.54 1.44 1.30 1.15 1.00 0.87 0.75 0.65 0.56 0.50 0.47 0.46 0.48 0.53 0.62 0.74 0.91 1.11 1.36 1.66 2.00 2.39 2.84 3.34 3.91 4.54 5.26 6.07 6.88 7.64 8.35 9.05 9.73 10.40 11.04 11.66 12.26 12.82
3.29 3.30 3.28 3.23 3.17 3.08 2.99 2.88 2.76 2.63 2.51 2.38 2.25 2.14 2.03 1.93 1.85 1.79 1.75 1.74 1.76 1.82 1.91 2.02 2.08 2.10 2.10 2.09 2.07 2.04 2.02 1.99 1.95 1.92 1.89 1.85 1.82 1.78 1.75 1.72 1.70 1.68 1.66 1.65 1.64 1.62 1.56 1.46 1.32 1.18 1.03 0.90 0.77 0.66 0.57 0.51 0.47 0.45 0.47 0.51 0.59 0.71 0.87 1.07 1.31 1.60 1.94 2.33 2.77 3.27 3.83 4.48 5.23 6.07 6.91 7.68 8.39 9.07 9.73 10.38 11.01 11.61 12.19 12.74
3.29 3.30 3.29 3.26 3.21 3.14 3.05 2.95 2.84 2.72 2.59 2.47 2.34 2.22 2.11 2.01 1.92 1.85 1.80 1.78 1.79 1.84 1.93 2.01 2.06 2.08 2.06 2.02 1.98 1.93 1.89 1.84 1.80 1.76 1.72 1.69 1.66 1.64 1.63 1.62 1.61 1.62 1.63 1.66 1.67 1.65 1.59 1.49 1.36 1.21 1.07 0.94 0.81 0.69 0.59 0.52 0.47 0.44 0.45 0.49 0.56 0.67 0.82 1.01 1.24 1.52 1.85 2.23 2.66 3.16 3.74 4.42 5.19 6.05 6.91 7.69 8.41 9.08 9.72 10.34 10.95 11.53 12.09 12.63
3.28 3.29 3.29 3.27 3.24 3.18 3.10 3.01 2.91 2.79 2.67 2.55 2.43 2.31 2.19 2.09 1.99 1.92 1.86 1.84 1.84 1.88 1.96 2.04 2.08 2.08 2.06 2.00 1.94 1.87 1.81 1.75 1.70 1.65 1.62 1.59 1.57 1.55 1.55 1.56 1.58 1.61 1.66 1.69 1.71 1.69 1.63 1.53 1.40 1.26 1.12 0.99 0.86 0.73 0.62 0.54 0.47 0.44 0.43 0.46 0.52 0.61 0.75 0.93 1.15 1.42 1.74 2.10 2.53 3.04 3.64 4.34 5.13 6.01 6.89 7.68 8.40 9.06 9.68 10.28 10.86 11.42 11.96 12.48
3.27 3.27 3.27 3.26 3.24 3.20 3.14 3.06 2.97 2.86 2.75 2.63 2.51 2.39 2.28 2.17 2.07 2.00 1.94 1.92 1.92 1.95 2.02 2.09 2.12 2.12 2.08 2.02 1.95 1.86 1.78 1.71 1.65 1.60 1.56 1.53 1.52 1.51 1.53 1.55 1.60 1.65 1.71 1.75 1.76 1.74 1.68 1.58 1.45 1.31 1.18 1.05 0.92 0.79 0.67 0.57 0.49 0.44 0.42 0.43 0.48 0.56 0.68 0.84 1.05 1.30 1.60 1.96 2.40 2.93 3.54 4.25 5.06 5.96 6.84 7.64 8.35 9.01 9.61 10.19 10.74 11.28 11.79 12.28
3.26 3.25 3.25 3.24 3.22 3.20 3.15 3.09 3.01 2.92 2.81 2.70 2.59 2.47 2.36 2.26 2.16 2.09 2.04 2.01 2.01 2.04 2.10 2.17 2.19 2.18 2.14 2.07 1.99 1.90 1.80 1.72 1.65 1.59 1.55 1.52 1.51 1.52 1.55 1.59 1.66 1.72 1.78 1.81 1.82 1.80 1.74 1.65 1.52 1.38 1.24 1.11 0.98 0.86 0.74 0.62 0.53 0.46 0.42 0.41 0.44 0.50 0.60 0.75 0.94 1.17 1.46 1.83 2.28 2.81 3.43 4.15 4.97 5.88 6.78 7.57 8.28 8.92 9.51 10.06 10.58 11.08 11.57 12.03
3.24 3.23 3.22 3.21 3.20 3.18 3.15 3.10 3.04 2.96 2.87 2.77 2.66 2.55 2.45 2.35 2.26 2.19 2.15 2.12 2.12 2.15 2.20 2.26 2.28 2.26 2.22 2.15 2.06 1.97 1.87 1.77 1.69 1.63 1.58 1.56 1.56 1.57 1.62 1.68 1.75 1.81 1.86 1.89 1.89 1.87 1.81 1.72 1.59 1.45 1.32 1.19 1.06 0.93 0.81 0.69 0.58 0.49 0.43 0.40 0.41 0.45 0.53 0.66 0.83 1.05 1.34 1.70 2.16 2.70 3.33 4.05 4.88 5.80 6.70 7.49 8.19 8.81 9.37 9.89 10.37 10.83 11.29 11.72
3.22 3.21 3.19 3.18 3.16 3.15 3.13 3.10 3.05 2.99 2.91 2.82 2.72 2.63 2.53 2.44 2.37 2.31 2.26 2.24 2.24 2.27 2.32 2.37 2.39 2.37 2.32 2.25 2.16 2.06 1.96 1.86 1.77 1.71 1.66 1.64 1.64 1.67 1.72 1.79 1.85 1.91 1.95 1.98 1.98 1.95 1.89 1.80 1.67 1.53 1.40 1.27 1.14 1.01 0.89 0.77 0.66 0.55 0.47 0.41 0.40 0.41 0.47 0.57 0.72 0.94 1.23 1.59 2.05 2.59 3.22 3.95 4.78 5.71 6.60 7.39 8.07 8.68 9.21 9.69 10.12 10.54 10.94 11.34
3.19 3.18 3.16 3.15 3.13 3.11 3.09 3.07 3.04 3.00 2.94 2.86 2.78 2.70 2.62 2.54 2.48 2.43 2.39 2.37 2.37 2.40 2.45 2.50 2.52 2.49 2.44 2.37 2.29 2.19 2.09 1.99 1.90 1.83 1.78 1.76 1.77 1.80 1.86 1.92 1.97 2.02 2.06 2.07 2.07 2.04 1.98 1.89 1.76 1.62 1.49 1.36 1.23 1.10 0.97 0.85 0.74 0.63 0.53 0.45 0.40 0.39 0.42 0.50 0.64 0.85 1.14 1.50 1.95 2.49 3.12 3.85 4.68 5.60 6.50 7.27 7.94 8.51 9.01 9.45 9.84 10.20 10.55 10.89
3.16 3.15 3.13 3.11 3.10 3.08 3.06 3.04 3.02 2.99 2.95 2.89 2.83 2.77 2.70 2.64 2.59 2.55 2.52 2.51 2.51 2.54 2.60 2.65 2.66 2.64 2.59 2.52 2.43 2.33 2.24 2.14 2.05 1.98 1.93 1.92 1.93 1.96 2.01 2.06 2.10 2.14 2.17 2.18 2.18 2.15 2.08 1.99 1.86 1.72 1.59 1.46 1.32 1.19 1.07 0.94 0.82 0.71 0.60 0.50 0.43 0.39 0.39 0.46 0.59 0.79 1.07 1.43 1.87 2.40 3.03 3.75 4.58 5.50 6.38 7.14 7.79 8.33 8.80 9.19 9.53 9.83 10.11 10.38
3.13 3.11 3.10 3.08 3.06 3.04 3.02 3.00 2.99 2.97 2.95 2.92 2.87 2.83 2.79 2.74 2.70 2.67 2.65 2.65 2.66 2.70 2.75 2.80 2.81 2.79 2.75 2.68 2.59 2.50 2.41 2.32 2.23 2.17 2.12 2.11 2.12 2.14 2.17 2.21 2.25 2.28 2.30 2.31 2.29 2.26 2.19 2.10 1.97 1.83 1.70 1.56 1.43 1.29 1.16 1.04 0.92 0.80 0.68 0.58 0.48 0.41 0.40 0.45 0.57 0.76 1.03 1.37 1.81 2.33 2.95 3.66 4.48 5.39 6.26 7.00 7.62 8.13 8.55 8.90 9.19 9.43 9.63 9.82
3.10 3.08 3.06 3.04 3.02 3.00 2.99 2.97 2.95 2.94 2.93 2.93 2.91 2.89 2.86 2.84 2.81 2.80 2.79 2.79 2.81 2.85 2.91 2.96 2.98 2.96 2.92 2.85 2.78 2.69 2.60 2.51 2.44 2.38 2.34 2.32 2.32 2.33 2.35 2.38 2.40 2.42 2.44 2.44 2.42 2.38 2.31 2.21 2.09 1.95 1.81 1.67 1.54 1.40 1.27 1.14 1.01 0.89 0.77 0.66 0.56 0.48 0.45 0.49 0.59 0.76 1.01 1.34 1.76 2.27 2.87 3.58 4.38 5.28 6.14 6.85 7.44 7.92 8.29 8.59 8.81 8.99 9.12 9.23
3.06 3.04 3.02 3.00 2.98 2.96 2.95 2.93 2.92 2.92 2.92 2.93 2.93 2.93 2.93 2.92 2.92 2.92 2.92 2.94 2.97 3.01 3.08 3.13 3.15 3.14 3.10 3.05 2.97 2.89 2.81 2.73 2.67 2.61 2.58 2.55 2.54 2.53 2.54 2.56 2.57 2.58 2.59 2.58 2.56 2.52 2.45 2.34 2.21 2.08 1.94 1.80 1.66 1.52 1.38 1.25 1.12 0.99 0.87 0.75 0.66 0.59 0.55 0.56 0.64 0.80 1.03 1.34 1.74 2.23 2.82 3.50 4.29 5.17 6.01 6.70 7.25 7.69 8.02 8.25 8.42 8.52 8.58 8.60
3.03 3.00 2.98 2.96 2.94 2.92 2.91 2.90 2.89 2.89 2.90 2.92 2.94 2.97 2.99 3.00 3.02 3.03 3.05 3.08 3.12 3.18 3.25 3.31 3.33 3.33 3.30 3.25 3.18 3.11 3.04 2.97 2.91 2.86 2.82 2.79 2.77 2.75 2.75 2.75 2.75 2.76 2.75 2.74 2.71 2.66 2.59 2.48 2.35 2.21 2.07 1.93 1.78 1.64 1.50 1.36 1.22 1.09 0.97 0.86 0.77 0.71 0.68 0.69 0.74 0.87 1.08 1.37 1.74 2.21 2.78 3.44 4.21 5.07 5.88 6.54 7.06 7.45 7.72 7.90 8.00 8.03 8.00 7.95
2.99 2.96 2.94 2.92 2.90 2.88 2.87 2.87 2.87 2.88 2.89 2.92 2.95 2.99 3.03 3.07 3.11 3.14 3.18 3.22 3.27 3.34 3.42 3.48 3.52 3.52 3.50 3.46 3.40 3.34 3.28 3.22 3.17 3.12 3.08 3.04 3.01 2.98 2.96 2.95 2.95 2.94 2.93 2.91 2.87 2.82 2.74 2.63 2.50 2.35 2.21 2.06 1.92 1.77 1.62 1.48 1.34 1.20 1.08 0.98 0.90 0.85 0.83 0.84 0.88 0.98 1.16 1.43 1.78 2.22 2.76 3.39 4.14 4.98 5.76 6.38 6.86 7.20 7.42 7.53 7.56 7.51 7.41 7.32
