data_processed/recharge/precip/Precip_2000_12.asc
ncols        168
nrows        136
xllcorner    455000
yllcorner    2107000
cellsize     500
NODATA_value     -99999
[rows 76 to 113 of 136, columns 0 to 83 of 168]
3.96 3.93 3.90 3.87 3.83 3.78 3.73 3.67 3.61 3.54 3.47 3.39 3.31 3.23 3.14 3.06 2.96 2.87 2.77 2.67 2.57 2.47 2.37 2.27 2.16 2.06 1.97 1.88 1.81 1.74 1.68 1.63 1.58 1.52 1.47 1.41 1.35 1.29 1.23 1.17 1.11 1.06 1.00 0.95 0.89 0.84 0.79 0.75 0.70 0.65 0.61 0.56 0.52 0.48 0.44 0.40 0.36 0.32 0.28 0.25 0.21 0.18 0.15 0.11 0.08 0.05 0.02 0.00 0.00 0.00 0.00 0.00 0.00 0.00 0.00 0.00 0.00 0.00 0.00 0.00 0.00 0.00 0.00 0.00
3.92 3.90 3.87 3.84 3.80 3.75 3.70 3.65 3.59 3.53 3.46 3.39 3.31 3.23 3.15 3.07 2.98 2.89 2.80 2.71 2.61 2.52 2.42 2.32 2.23 2.13 2.04 1.95 1.87 1.81 1.75 1.70 1.65 1.59 1.54 1.48 1.42 1.36 1.30 1.25 1.19 1.14 1.09 1.03 0.98 0.94 0.89 0.84 0.79 0.75 0.70 0.66 0.62 0.58 0.54 0.50 0.46 0.42 0.39 0.35 0.32 0.28 0.25 0.22 0.19 0.16 0.13 0.10 0.07 0.04 0.02 0.00 0.00 0.00 0.00 0.00 0.00 0.00 0.00 0.00 0.00 0.00 0.00 0.00
3.88 3.86 3.83 3.80 3.77 3.72 3.68 3.62 3.57 3.51 3.44 3.38 3.31 3.23 3.15 3.08 2.99 2.91 2.83 2.74 2.65 2.56 2.47 2.38 2.29 2.20 2.11 2.02 1.95 1.88 1.83 1.78 1.72 1.67 1.61 1.55 1.50 1.44 1.39 1.33 1.28 1.23 1.18 1.13 1.08 1.03 0.99 0.94 0.90 0.85 0.81 0.77 0.73 0.69 0.65 0.61 0.57 0.53 0.50 0.46 0.43 0.39 0.36 0.33 0.30 0.26 0.23 0.20 0.17 0.15 0.12 0.09 0.06 0.04 0.01 0.00 0.00 0.00 0.00 0.00 0.00 0.00 0.00 0.00
3.84 3.82 3.79 3.76 3.73 3.69 3.64 3.59 3.54 3.49 3.43 3.36 3.30 3.23 3.15 3.08 3.00 2.93 2.85 2.77 2.68 2.60 2.52 2.43 2.35 2.27 2.19 2.10 2.03 1.96 1.91 1.86 1.80 1.75 1.69 1.64 1.58 1.53 1.48 1.43 1.38 1.33 1.28 1.23 1.19 1.14 1.10 1.05 1.01 0.97 0.92 0.88 0.84 0.80 0.76 0.72 0.69 0.65 0.61 0.58 0.54 0.51 0.47 0.44 0.41 0.38 0.35 0.31 0.28 0.25 0.22 0.20 0.17 0.14 0.11 0.08 0.06 0.03 0.01 0.00 0.00 0.00 0.00 0.00
3.78 3.77 3.74 3.72 3.68 3.65 3.61 3.56 3.51 3.46 3.40 3.34 3.28 3.22 3.15 3.08 3.01 2.94 2.86 2.79 2.71 2.64 2.56 2.48 2.41 2.33 2.26 2.19 2.11 2.05 1.99 1.94 1.89 1.83 1.78 1.73 1.68 1.63 1.58 1.53 1.48 1.44 1.39 1.34 1.30 1.25 1.21 1.17 1.13 1.08 1.04 1.00 0.96 0.92 0.88 0.85 0.81 0.77 0.74 0.70 0.66 0.63 0.60 0.56 0.53 0.49 0.46 0.43 0.40 0.37 0.34 0.31 0.27 0.24 0.22 0.19 0.16 0.13 0.10 0.07 0.04 0.02 0.00 0.00
3.72 3.71 3.69 3.66 3.63 3.60 3.56 3.52 3.47 3.42 3.37 3.32 3.26 3.20 3.14 3.07 3.01 2.94 2.88 2.81 2.74 2.67 2.60 2.53 2.46 2.40 2.33 2.26 2.20 2.14 2.08 2.03 1.98 1.93 1.88 1.83 1.78 1.74 1.69 1.64 1.60 1.55 1.51 1.46 1.42 1.38 1.33 1.29 1.25 1.21 1.17 1.13 1.09 1.05 1.01 0.97 0.94 0.90 0.86 0.83 0.79 0.76 0.72 0.69 0.65 0.62 0.58 0.55 0.52 0.48 0.45 0.42 0.39 0.35 0.32 0.29 0.26 0.23 0.20 0.17 0.14 0.11 0.07 0.04
3.66 3.64 3.63 3.60 3.58 3.55 3.51 3.47 3.43 3.39 3.34 3.29 3.23 3.18 3.12 3.07 3.01 2.95 2.88 2.82 2.76 2.70 2.64 2.58 2.51 2.46 2.40 2.34 2.29 2.23 2.18 2.13 2.08 2.04 1.99 1.94 1.90 1.85 1.80 1.76 1.72 1.67 1.63 1.59 1.54 1.50 1.46 1.42 1.38 1.34 1.30 1.26 1.22 1.18 1.15 1.11 1.07 1.03 1.00 0.96 0.92 0.89 0.85 0.82 0.78 0.74 0.71 0.67 0.64 0.61 0.57 0.54 0.50 0.47 0.43 0.40 0.37 0.33 0.30 0.26 0.23 0.20 0.16 0.13
3.59 3.58 3.57 3.55 3.52 3.49 3.46 3.43 3.39 3.35 3.30 3.26 3.21 3.16 3.11 3.06 3.00 2.95 2.89 2.84 2.78 2.73 2.67 2.62 2.57 2.52 2.47 2.42 2.37 2.33 2.28 2.23 2.19 2.14 2.10 2.05 2.01 1.96 1.92 1.88 1.84 1.80 1.75 1.71 1.67 1.63 1.59 1.55 1.51 1.47 1.43 1.40 1.36 1.32 1.28 1.24 1.20 1.17 1.13 1.09 1.06 1.02 0.98 0.95 0.91 0.87 0.84 0.80 0.76 0.73 0.69 0.65 0.62 0.58 0.55 0.51 0.47 0.44 0.40 0.36 0.33 0.29 0.25 0.21
3.54 3.53 3.52 3.50 3.48 3.45 3.42 3.39 3.36 3.32 3.28 3.24 3.20 3.15 3.10 3.06 3.01 2.96 2.91 2.86 2.81 2.76 2.72 2.67 2.62 2.58 2.54 2.50 2.46 2.42 2.37 2.33 2.28 2.24 2.20 2.16 2.11 2.07 2.03 1.99 1.95 1.91 1.87 1.83 1.79 1.75 1.72 1.68 1.64 1.60 1.56 1.52 1.49 1.45 1.41 1.37 1.33 1.30 1.26 1.22 1.18 1.15 1.11 1.07 1.03 1.00 0.96 0.92 0.88 0.85 0.81 0.77 0.73 0.69 0.65 0.61 0.58 0.54 0.50 0.46 0.42 0.38 0.34 0.30
3.50 3.49 3.48 3.46 3.44 3.42 3.40 3.37 3.34 3.30 3.27 3.23 3.19 3.15 3.11 3.06 3.02 2.98 2.93 2.89 2.85 2.81 2.77 2.73 2.69 2.65 2.62 2.58 2.55 2.51 2.46 2.41 2.37 2.33 2.29 2.25 2.21 2.17 2.13 2.10 2.06 2.02 1.98 1.94 1.91 1.87 1.83 1.79 1.76 1.72 1.68 1.65 1.61 1.57 1.53 1.50 1.46 1.42 1.38 1.35 1.31 1.27 1.23 1.19 1.15 1.12 1.08 1.04 1.00 0.96 0.92 0.88 0.84 0.80 0.76 0.72 0.68 0.64 0.59 0.55 0.51 0.47 0.42 0.38
3.47 3.46 3.45 3.44 3.42 3.40 3.38 3.35 3.32 3.29 3.26 3.23 3.19 3.15 3.12 3.08 3.04 3.00 2.96 2.93 2.89 2.85 2.82 2.79 2.76 2.73 2.70 2.67 2.63 2.59 2.55 2.50 2.45 2.41 2.37 2.34 2.30 2.27 2.23 2.19 2.16 2.12 2.09 2.05 2.01 1.98 1.94 1.91 1.87 1.83 1.80 1.76 1.72 1.69 1.65 1.61 1.58 1.54 1.50 1.46 1.43 1.39 1.35 1.31 1.27 1.23 1.19 1.15 1.11 1.07 1.03 0.99 0.95 0.90 0.86 0.82 0.77 0.73 0.69 0.64 0.60 0.55 0.50 0.46
3.45 3.45 3.44 3.42 3.41 3.39 3.37 3.35 3.32 3.29 3.26 3.23 3.20 3.17 3.13 3.10 3.07 3.03 3.00 2.97 2.94 2.91 2.88 2.85 2.83 2.80 2.78 2.75 2.71 2.67 2.62 2.58 2.53 2.49 2.45 2.42 2.38 2.35 2.32 2.28 2.25 2.22 2.18 2.15 2.12 2.08 2.05 2.01 1.98 1.94 1.91 1.87 1.84 1.80 1.76 1.73 1.69 1.65 1.62 1.58 1.54 1.50 1.46 1.42 1.38 1.34 1.30 1.26 1.22 1.18 1.13 1.09 1.05 1.00 0.96 0.91 0.87 0.82 0.78 0.73 0.68 0.63 0.58 0.53
3.44 3.44 3.43 3.42 3.40 3.39 3.37 3.35 3.32 3.30 3.27 3.24 3.22 3.19 3.16 3.13 3.10 3.07 3.04 3.02 2.99 2.97 2.94 2.92 2.90 2.88 2.86 2.82 2.79 2.75 2.70 2.65 2.61 2.56 2.53 2.49 2.46 2.43 2.40 2.37 2.34 2.30 2.27 2.24 2.21 2.18 2.14 2.11 2.08 2.04 2.01 1.98 1.94 1.91 1.87 1.83 1.80 1.76 1.72 1.69 1.65 1.61 1.57 1.53 1.49 1.45 1.41 1.37 1.32 1.28 1.24 1.19 1.15 1.10 1.06 1.01 0.96 0.91 0.86 0.81 0.76 0.71 0.66 0.61
3.45 3.44 3.43 3.42 3.41 3.39 3.38 3.36 3.34 3.31 3.29 3.26 3.24 3.21 3.19 3.16 3.14 3.11 3.09 3.07 3.05 3.03 3.01 2.99 2.98 2.96 2.93 2.89 2.86 2.81 2.77 2.72 2.68 2.63 2.60 2.56 2.53 2.50 2.47 2.44 2.41 2.38 2.36 2.33 2.30 2.27 2.23 2.20 2.17 2.14 2.11 2.07 2.04 2.01 1.97 1.94 1.90 1.86 1.83 1.79 1.75 1.71 1.67 1.63 1.59 1.55 1.51 1.47 1.42 1.38 1.33 1.29 1.24 1.20 1.15 1.10 1.05 1.00 0.95 0.90 0.84 0.79 0.74 0.68
3.46 3.45 3.45 3.44 3.42 3.41 3.39 3.38 3.36 3.34 3.31 3.29 3.27 3.25 3.22 3.20 3.18 3.16 3.14 3.12 3.11 3.09 3.08 3.07 3.05 3.02 2.99 2.96 2.92 2.88 2.83 2.79 2.74 2.70 2.66 2.62 2.59 2.56 2.53 2.51 2.48 2.46 2.43 2.40 2.37 2.35 2.32 2.29 2.26 2.23 2.20 2.16 2.13 2.10 2.07 2.03 2.00 1.96 1.92 1.89 1.85 1.81 1.77 1.73 1.69 1.65 1.61 1.56 1.52 1.47 1.43 1.38 1.33 1.28 1.24 1.19 1.13 1.08 1.03 0.98 0.92 0.86 0.81 0.75
3.48 3.47 3.47 3.46 3.45 3.43 3.42 3.40 3.38 3.36 3.34 3.32 3.30 3.29 3.27 3.25 3.23 3.21 3.20 3.18 3.17 3.16 3.15 3.13 3.11 3.09 3.06 3.02 2.98 2.94 2.89 2.85 2.80 2.76 2.72 2.68 2.65 2.62 2.59 2.57 2.54 2.52 2.50 2.47 2.45 2.42 2.39 2.37 2.34 2.31 2.28 2.25 2.22 2.19 2.15 2.12 2.09 2.05 2.02 1.98 1.94 1.90 1.86 1.82 1.78 1.74 1.70 1.65 1.61 1.56 1.52 1.47 1.42 1.37 1.32 1.27 1.22 1.16 1.11 1.05 0.99 0.94 0.88 0.82
3.51 3.50 3.50 3.49 3.48 3.46 3.45 3.43 3.42 3.40 3.38 3.36 3.35 3.33 3.31 3.30 3.28 3.27 3.26 3.25 3.24 3.23 3.22 3.20 3.17 3.15 3.11 3.08 3.04 3.00 2.95 2.90 2.86 2.82 2.78 2.74 2.71 2.67 2.65 2.62 2.60 2.58 2.56 2.53 2.51 2.49 2.46 2.44 2.41 2.38 2.36 2.33 2.30 2.27 2.24 2.20 2.17 2.14 2.10 2.07 2.03 1.99 1.95 1.91 1.87 1.83 1.79 1.74 1.70 1.65 1.60 1.55 1.50 1.45 1.40 1.35 1.29 1.24 1.18 1.12 1.06 1.00 0.94 0.88
3.55 3.54 3.53 3.52 3.51 3.50 3.49 3.47 3.46 3.44 3.42 3.41 3.39 3.38 3.36 3.35 3.34 3.33 3.32 3.31 3.31 3.29 3.28 3.26 3.23 3.20 3.17 3.13 3.09 3.05 3.00 2.95 2.91 2.87 2.83 2.79 2.76 2.73 2.70 2.67 2.65 2.63 2.61 2.59 2.57 2.55 2.53 2.50 2.48 2.45 2.43 2.40 2.37 2.34 2.31 2.28 2.25 2.22 2.18 2.15 2.11 2.07 2.03 1.99 1.95 1.91 1.87 1.82 1.78 1.73 1.68 1.63 1.58 1.53 1.48 1.42 1.37 1.31 1.25 1.19 1.13 1.07 1.01 0.94
3.59 3.59 3.58 3.57 3.56 3.54 3.53 3.52 3.50 3.49 3.47 3.46 3.44 3.43 3.42 3.41 3.40 3.39 3.39 3.38 3.37 3.35 3.33 3.31 3.28 3.25 3.22 3.18 3.14 3.09 3.05 3.00 2.96 2.91 2.87 2.84 2.80 2.77 2.74 2.72 2.69 2.67 2.65 2.64 2.62 2.60 2.58 2.56 2.54 2.51 2.49 2.46 2.44 2.41 2.38 2.35 2.32 2.29 2.26 2.22 2.19 2.15 2.11 2.07 2.03 1.99 1.95 1.90 1.85 1.81 1.76 1.71 1.66 1.60 1.55 1.50 1.44 1.38 1.32 1.26 1.20 1.13 1.07 1.00
3.65 3.64 3.63 3.62 3.61 3.59 3.58 3.57 3.55 3.54 3.52 3.51 3.50 3.49 3.48 3.47 3.46 3.46 3.45 3.44 3.43 3.41 3.39 3.36 3.33 3.30 3.26 3.22 3.18 3.14 3.09 3.04 3.00 2.96 2.92 2.88 2.85 2.81 2.78 2.76 2.73 2.71 2.69 2.68 2.66 2.64 2.63 2.61 2.59 2.57 2.55 2.52 2.50 2.47 2.45 2.42 2.39 2.36 2.32 2.29 2.26 2.22 2.18 2.14 2.10 2.06 2.02 1.97 1.93 1.88 1.83 1.78 1.73 1.67 1.62 1.56 1.50 1.45 1.38 1.32 1.26 1.19 1.12 1.05
3.71 3.70 3.69 3.68 3.66 3.65 3.64 3.62 3.61 3.59 3.58 3.57 3.56 3.55 3.54 3.53 3.53 3.52 3.51 3.50 3.48 3.46 3.43 3.40 3.37 3.34 3.30 3.26 3.22 3.17 3.13 3.08 3.04 3.00 2.96 2.92 2.88 2.85 2.82 2.79 2.77 2.75 2.73 2.71 2.70 2.68 2.67 2.65 2.63 2.62 2.60 2.57 2.55 2.53 2.50 2.48 2.45 2.42 2.39 2.35 2.32 2.28 2.25 2.21 2.17 2.13 2.08 2.04 1.99 1.95 1.90 1.85 1.79 1.74 1.68 1.63 1.57 1.51 1.44 1.38 1.31 1.25 1.18 1.11
3.78 3.76 3.75 3.74 3.73 3.71 3.70 3.68 3.67 3.65 3.64 3.63 3.62 3.61 3.60 3.60 3.59 3.58 3.57 3.55 3.53 3.50 3.48 3.45 3.41 3.37 3.34 3.30 3.25 3.21 3.16 3.12 3.07 3.03 2.99 2.95 2.92 2.89 2.86 2.83 2.80 2.78 2.76 2.74 2.72 2.71 2.70 2.69 2.67 2.65 2.64 2.62 2.60 2.58 2.55 2.53 2.50 2.47 2.44 2.41 2.38 2.34 2.31 2.27 2.23 2.19 2.15 2.10 2.06 2.01 1.96 1.91 1.86 1.80 1.74 1.69 1.63 1.56 1.50 1.44 1.37 1.30 1.23 1.15
3.85 3.84 3.82 3.81 3.79 3.78 3.76 3.75 3.73 3.72 3.71 3.70 3.69 3.68 3.67 3.67 3.65 3.64 3.62 3.60 3.57 3.55 3.52 3.48 3.45 3.41 3.37 3.33 3.28 3.24 3.19 3.15 3.10 3.06 3.02 2.98 2.95 2.92 2.89 2.86 2.83 2.81 2.78 2.77 2.75 2.73 2.72 2.71 2.70 2.69 2.67 2.66 2.64 2.62 2.60 2.57 2.55 2.52 2.49 2.46 2.43 2.40 2.36 2.32 2.29 2.25 2.20 2.16 2.11 2.07 2.02 1.97 1.91 1.86 1.80 1.74 1.68 1.62 1.55 1.49 1.42 1.35 1.27 1.20
3.93 3.91 3.90 3.88 3.87 3.85 3.83 3.82 3.80 3.79 3.77 3.76 3.75 3.75 3.74 3.73 3.71 3.69 3.67 3.64 3.61 3.58 3.55 3.51 3.48 3.44 3.39 3.35 3.31 3.26 3.22 3.17 3.13 3.09 3.05 3.01 2.98 2.94 2.91 2.88 2.85 2.83 2.81 2.79 2.77 2.75 2.74 2.73 2.72 2.71 2.70 2.68 2.67 2.65 2.63 2.61 2.59 2.56 2.54 2.51 2.48 2.44 2.41 2.37 2.34 2.30 2.25 2.21 2.17 2.12 2.07 2.02 1.96 1.91 1.85 1.79 1.73 1.67 1.60 1.53 1.46 1.39 1.32 1.24
4.02 4.00 3.98 3.96 3.94 3.92 3.91 3.89 3.87 3.86 3.85 3.83 3.82 3.81 3.80 3.78 3.76 3.74 3.71 3.68 3.65 3.62 3.58 3.54 3.50 3.46 3.42 3.37 3.33 3.28 3.24 3.20 3.15 3.11 3.07 3.04 3.00 2.97 2.93 2.90 2.88 2.85 2.83 2.81 2.79 2.77 2.76 2.75 2.74 2.73 2.72 2.71 2.69 2.68 2.66 2.64 2.62 2.60 2.57 2.54 2.52 2.48 2.45 2.42 2.38 2.34 2.30 2.26 2.21 2.16 2.12 2.06 2.01 1.96 1.90 1.84 1.78 1.71 1.65 1.58 1.51 1.43 1.36 1.29
4.11 4.09 4.06 4.04 4.02 4.00 3.98 3.96 3.95 3.93 3.92 3.91 3.89 3.88 3.86 3.84 3.81 3.78 3.75 3.72 3.68 3.64 3.60 3.56 3.52 3.48 3.44 3.39 3.35 3.30 3.26 3.21 3.17 3.13 3.09 3.05 3.02 2.98 2.95 2.92 2.89 2.87 2.84 2.82 2.80 2.78 2.77 2.76 2.75 2.74 2.73 2.72 2.71 2.70 2.68 2.67 2.65 2.63 2.60 2.58 2.55 2.52 2.49 2.45 2.42 2.38 2.34 2.30 2.25 2.21 2.16 2.11 2.05 2.00 1.94 1.88 1.82 1.75 1.69 1.62 1.54 1.47 1.40 1.33
4.20 4.18 4.15 4.13 4.11 4.08 4.06 4.04 4.02 4.01 3.99 3.98 3.96 3.94 3.91 3.88 3.85 3.82 3.78 3.75 3.71 3.67 3.63 3.58 3.54 3.50 3.45 3.41 3.36 3.32 3.27 3.23 3.19 3.15 3.11 3.07 3.03 3.00 2.97 2.94 2.91 2.88 2.86 2.83 2.81 2.79 2.78 2.76 2.75 2.74 2.74 2.73 2.72 2.71 2.70 2.68 2.67 2.65 2.63 2.60 2.58 2.55 2.52 2.48 2.45 2.41 2.37 2.33 2.29 2.24 2.19 2.14 2.09 2.03 1.98 1.92 1.85 1.79 1.72 1.65 1.58 1.51 1.44 1.38
4.30 4.27 4.25 4.22 4.19 4.17 4.15 4.12 4.10 4.09 4.07 4.04 4.02 3.99 3.96 3.93 3.89 3.85 3.81 3.77 3.73 3.69 3.64 3.60 3.55 3.51 3.46 3.42 3.37 3.33 3.28 3.24 3.20 3.16 3.12 3.08 3.05 3.01 2.98 2.95 2.92 2.89 2.87 2.84 2.82 2.80 2.78 2.77 2.75 2.74 2.74 2.73 2.72 2.72 2.71 2.69 2.68 2.66 2.64 2.62 2.60 2.57 2.54 2.51 2.48 2.44 2.40 2.36 2.32 2.27 2.23 2.17 2.12 2.07 2.01 1.95 1.89 1.82 1.75 1.68 1.62 1.55 1.49 1.43
4.40 4.37 4.34 4.31 4.28 4.26 4.23 4.21 4.18 4.16 4.14 4.11 4.08 4.04 4.00 3.97 3.93 3.88 3.84 3.80 3.75 3.70 3.66 3.61 3.56 3.51 3.47 3.42 3.38 3.33 3.29 3.25 3.21 3.17 3.13 3.09 3.05 3.02 2.99 2.96 2.93 2.90 2.87 2.85 2.82 2.80 2.79 2.77 2.75 2.74 2.73 2.72 2.72 2.71 2.71 2.70 2.68 2.67 2.65 2.63 2.61 2.58 2.56 2.53 2.50 2.46 2.42 2.38 2.34 2.30 2.25 2.20 2.15 2.09 2.04 1.98 1.91 1.85 1.78 1.72 1.65 1.59 1.53 1.47
4.51 4.48 4.44 4.41 4.38 4.35 4.32 4.29 4.26 4.23 4.20 4.16 4.13 4.09 4.04 4.00 3.96 3.91 3.86 3.81 3.76 3.72 3.67 3.62 3.57 3.52 3.47 3.42 3.38 3.33 3.29 3.25 3.21 3.17 3.13 3.10 3.06 3.02 2.99 2.96 2.93 2.90 2.87 2.85 2.83 2.80 2.78 2.77 2.75 2.74 2.73 2.72 2.71 2.70 2.70 2.69 2.68 2.67 2.65 2.64 2.62 2.59 2.57 2.54 2.51 2.48 2.44 2.40 2.36 2.32 2.27 2.22 2.17 2.11 2.06 2.00 1.93 1.87 1.81 1.75 1.69 1.63 1.57 1.52
4.62 4.58 4.54 4.51 4.47 4.44 4.41 4.37 4.34 4.30 4.26 4.22 4.17 4.13 4.08 4.03 3.98 3.93 3.88 3.83 3.78 3.72 3.67 3.62 3.57 3.52 3.47 3.42 3.38 3.33 3.29 3.25 3.21 3.17 3.13 3.10 3.06 3.03 2.99 2.96 2.93 2.90 2.87 2.85 2.82 2.80 2.78 2.76 2.74 2.73 2.72 2.70 2.70 2.69 2.68 2.68 2.67 2.66 2.65 2.63 2.62 2.59 2.57 2.55 2.52 2.48 2.45 2.41 2.37 2.33 2.28 2.24 2.19 2.13 2.07 2.01 1.95 1.89 1.84 1.78 1.72 1.67 1.62 1.57
4.73 4.69 4.65 4.61 4.57 4.53 4.49 4.45 4.41 4.36 4.32 4.27 4.22 4.17 4.11 4.06 4.00 3.95 3.89 3.84 3.78 3.73 3.67 3.62 3.57 3.52 3.47 3.42 3.37 3.33 3.29 3.25 3.21 3.17 3.13 3.09 3.06 3.02 2.99 2.96 2.93 2.90 2.87 2.84 2.82 2.79 2.77 2.75 2.73 2.72 2.70 2.69 2.68 2.67 2.66 2.66 2.65 2.65 2.64 2.62 2.61 2.59 2.57 2.54 2.52 2.49 2.45 2.42 2.38 2.34 2.29 2.25 2.20 2.14 2.09 2.03 1.97 1.92 1.86 1.81 1.76 1.71 1.66 1.61
4.85 4.80 4.75 4.71 4.66 4.62 4.57 4.53 4.48 4.42 4.37 4.31 4.26 4.20 4.14 4.08 4.02 3.96 3.90 3.84 3.79 3.73 3.67 3.62 3.56 3.51 3.46 3.41 3.36 3.32 3.28 3.24 3.20 3.16 3.13 3.09 3.05 3.02 2.99 2.95 2.92 2.89 2.86 2.84 2.81 2.79 2.76 2.74 2.72 2.70 2.69 2.67 2.66 2.65 2.64 2.63 2.63 2.63 2.62 2.61 2.59 2.58 2.56 2.54 2.51 2.48 2.45 2.42 2.38 2.34 2.30 2.25 2.20 2.15 2.09 2.04 1.99 1.94 1.89 1.84 1.79 1.75 1.70 1.66
4.97 4.91 4.86 4.81 4.76 4.71 4.65 4.60 4.54 4.48 4.42 4.35 4.29 4.23 4.16 4.10 4.04 3.97 3.91 3.85 3.78 3.72 3.67 3.61 3.55 3.50 3.45 3.40 3.35 3.31 3.27 3.23 3.19 3.15 3.12 3.08 3.05 3.01 2.98 2.95 2.91 2.88 2.85 2.83 2.80 2.77 2.75 2.73 2.71 2.69 2.67 2.65 2.64 2.63 2.62 2.61 2.60 2.60 2.59 2.58 2.57 2.56 2.54 2.52 2.50 2.47 2.44 2.41 2.37 2.33 2.29 2.25 2.20 2.15 2.10 2.05 2.00 1.96 1.91 1.87 1.83 1.78 1.74 1.70
5.08 5.02 4.97 4.91 4.85 4.79 4.73 4.66 4.60 4.53 4.46 4.39 4.32 4.25 4.18 4.12 4.05 3.98 3.91 3.85 3.78 3.72 3.66 3.60 3.54 3.48 3.43 3.38 3.34 3.29 3.25 3.21 3.18 3.14 3.10 3.07 3.03 3.00 2.97 2.93 2.90 2.87 2.84 2.81 2.79 2.76 2.73 2.71 2.69 2.67 2.65 2.63 2.61 2.60 2.59 2.58 2.57 2.56 2.56 2.55 2.54 2.53 2.52 2.50 2.48 2.45 2.43 2.40 2.36 2.32 2.28 2.24 2.19 2.15 2.10 2.06 2.02 1.98 1.94 1.90 1.86 1.82 1.79 1.75
5.20 5.14 5.07 5.01 4.94 4.87 4.80 4.72 4.65 4.58 4.50 4.43 4.35 4.28 4.20 4.13 4.05 3.98 3.91 3.84 3.77 3.71 3.64 3.58 3.52 3.47 3.41 3.36 3.32 3.27 3.23 3.20 3.16 3.13 3.09 3.05 3.02 2.99 2.95 2.92 2.89 2.86 2.83 2.80 2.77 2.74 2.72 2.69 2.67 2.65 2.62 2.61 2.59 2.57 2.56 2.55 2.53 2.53 2.52 2.51 2.51 2.50 2.49 2.47 2.45 2.43 2.40 2.37 2.34 2.31 2.27 2.23 2.19 2.15 2.11 2.07 2.03 2.00 1.96 1.92 1.89 1.86 1.83 1.79
5.32 5.25 5.17 5.10 5.02 4.94 4.86 4.78 4.70 4.62 4.54 4.45 4.37 4.29 4.21 4.13 4.06 3.98 3.90 3.83 3.76 3.69 3.63 3.56 3.50 3.44 3.39 3.34 3.29 3.25 3.21 3.18 3.14 3.11 3.07 3.04 3.00 2.97 2.93 2.90 2.87 2.84 2.81 2.78 2.75 2.72 2.69 2.67 2.64 2.62 2.60 2.58 2.56 2.54 2.52 2.51 2.50 2.49 2.48 2.47 2.46 2.46 2.45 2.43 2.42 2.40 2.37 2.35 2.32 2.28 2.25 2.21 2.18 2.14 2.11 2.08 2.04 2.01 1.98 1.95 1.92 1.89 1.87 1.84
5.44 5.35 5.27 5.19 5.10 5.01 4.92 4.83 4.75 4.66 4.57 4.48 4.39 4.31 4.22 4.14 4.06 3.97 3.90 3.82 3.75 3.67 3.61 3.54 3.48 3.42 3.37 3.31 3.27 3.23 3.19 3.15 3.12 3.08 3.05 3.02 2.98 2.95 2.91 2.88 2.85 2.82 2.79 2.76 2.73 2.70 2.67 2.64 2.62 2.59 2.57 2.55 2.53 2.51 2.49 2.47 2.46 2.45 2.43 2.42 2.42 2.41 2.40 2.39 2.38 2.36 2.34 2.31 2.29 2.25 2.22 2.19 2.17 2.14 2.11 2.08 2.05 2.03 2.00 1.98 1.95 1.93 1.90 1.88
