data_processed/recharge/precip/Precip_2013_02.asc
ncols        168
nrows        136
xllcorner    455000
yllcorner    2107000
cellsize     500
NODATA_value     -99999
[rows 70 to 104 of 136, columns 80 to 159 of 168]
6.11 6.79 7.39 7.92 8.36 8.74 9.05 9.28 9.45 9.56 9.60 9.58 9.50 9.36 9.17 8.93 8.64 8.29 7.90 7.47 7.01 6.54 6.08 5.62 5.16 4.70 4.24 3.80 3.39 3.01 2.68 2.39 2.12 1.90 1.70 1.53 1.39 1.27 1.17 1.10 1.04 1.00 0.97 0.95 0.94 0.94 0.95 0.96 0.97 0.98 0.98 0.98 0.98 0.97 0.97 0.96 0.95 0.94 0.93 0.92 0.91 0.90 0.89 0.88 0.87 0.86 0.85 0.83 0.82 0.81 0.80 0.79 0.77 0.76 0.75 0.74 0.73 0.73 0.73 0.73
6.13 6.80 7.38 7.89 8.33 8.69 8.98 9.21 9.36 9.45 9.48 9.45 9.36 9.21 9.00 8.75 8.44 8.08 7.68 7.25 6.81 6.38 5.95 5.52 5.09 4.66 4.23 3.81 3.40 3.02 2.67 2.37 2.10 1.87 1.66 1.48 1.34 1.21 1.11 1.03 0.97 0.92 0.89 0.87 0.86 0.85 0.86 0.86 0.87 0.88 0.89 0.89 0.89 0.88 0.88 0.87 0.86 0.85 0.85 0.84 0.83 0.82 0.81 0.80 0.79 0.77 0.76 0.75 0.74 0.73 0.72 0.71 0.70 0.69 0.68 0.67 0.66 0.66 0.67 0.68
6.13 6.78 7.35 7.85 8.26 8.61 8.88 9.09 9.23 9.30 9.32 9.27 9.16 8.99 8.77 8.50 8.17 7.80 7.40 6.99 6.59 6.18 5.78 5.38 4.98 4.58 4.19 3.79 3.40 3.02 2.67 2.36 2.08 1.83 1.62 1.44 1.28 1.15 1.05 0.96 0.89 0.84 0.81 0.78 0.77 0.77 0.77 0.77 0.78 0.79 0.80 0.80 0.80 0.79 0.79 0.78 0.77 0.77 0.76 0.75 0.74 0.73 0.72 0.72 0.71 0.70 0.68 0.67 0.66 0.65 0.64 0.63 0.62 0.62 0.61 0.60 0.60 0.61 0.62 0.64
6.12 6.75 7.30 7.77 8.17 8.50 8.75 8.94 9.06 9.11 9.10 9.03 8.91 8.72 8.48 8.19 7.84 7.47 7.09 6.71 6.34 5.96 5.59 5.21 4.84 4.47 4.10 3.74 3.37 3.01 2.66 2.34 2.06 1.80 1.59 1.40 1.23 1.10 0.99 0.90 0.82 0.77 0.73 0.70 0.69 0.68 0.68 0.69 0.69 0.70 0.71 0.71 0.71 0.70 0.70 0.69 0.69 0.68 0.68 0.67 0.66 0.65 0.65 0.64 0.63 0.62 0.61 0.60 0.59 0.58 0.57 0.56 0.55 0.55 0.54 0.54 0.55 0.56 0.58 0.60
6.08 6.69 7.22 7.67 8.05 8.35 8.58 8.75 8.84 8.87 8.84 8.75 8.60 8.39 8.13 7.81 7.47 7.11 6.76 6.41 6.06 5.71 5.36 5.02 4.67 4.33 3.99 3.65 3.31 2.98 2.65 2.33 2.03 1.78 1.55 1.35 1.19 1.04 0.93 0.83 0.75 0.70 0.65 0.62 0.61 0.60 0.59 0.60 0.60 0.61 0.62 0.62 0.62 0.62 0.61 0.61 0.61 0.60 0.60 0.59 0.58 0.58 0.57 0.56 0.55 0.54 0.54 0.53 0.52 0.51 0.50 0.50 0.49 0.49 0.49 0.49 0.51 0.53 0.55 0.58
6.03 6.62 7.12 7.54 7.89 8.17 8.38 8.51 8.59 8.59 8.53 8.42 8.24 8.00 7.72 7.40 7.07 6.74 6.42 6.09 5.77 5.44 5.12 4.80 4.48 4.16 3.85 3.53 3.22 2.91 2.61 2.31 2.01 1.75 1.51 1.31 1.14 0.99 0.87 0.77 0.69 0.62 0.58 0.55 0.52 0.51 0.51 0.51 0.52 0.53 0.53 0.54 0.54 0.53 0.53 0.53 0.53 0.52 0.52 0.51 0.51 0.50 0.49 0.49 0.48 0.47 0.47 0.46 0.45 0.45 0.44 0.43 0.43 0.43 0.44 0.45 0.47 0.50 0.53 0.56
5.97 6.52 6.99 7.39 7.71 7.96 8.14 8.24 8.29 8.26 8.18 8.03 7.82 7.56 7.26 6.96 6.66 6.36 6.06 5.76 5.46 5.16 4.86 4.56 4.27 3.97 3.68 3.39 3.10 2.82 2.54 2.26 1.98 1.72 1.48 1.27 1.09 0.94 0.81 0.70 0.62 0.55 0.50 0.47 0.45 0.43 0.43 0.43 0.44 0.44 0.45 0.45 0.45 0.45 0.45 0.45 0.45 0.45 0.44 0.44 0.43 0.43 0.42 0.42 0.41 0.41 0.40 0.40 0.39 0.38 0.38 0.38 0.38 0.39 0.40 0.42 0.45 0.48 0.51 0.55
5.88 6.40 6.84 7.21 7.50 7.71 7.86 7.94 7.94 7.89 7.77 7.59 7.35 7.08 6.80 6.52 6.24 5.96 5.69 5.41 5.13 4.85 4.58 4.30 4.03 3.76 3.49 3.23 2.96 2.70 2.44 2.19 1.93 1.69 1.45 1.23 1.04 0.89 0.75 0.64 0.56 0.49 0.43 0.39 0.37 0.35 0.35 0.35 0.35 0.36 0.37 0.37 0.37 0.38 0.38 0.38 0.37 0.37 0.37 0.37 0.36 0.36 0.36 0.35 0.35 0.34 0.34 0.34 0.33 0.33 0.33 0.33 0.34 0.35 0.38 0.40 0.43 0.47 0.50 0.55
5.78 6.27 6.67 7.00 7.25 7.44 7.55 7.59 7.56 7.47 7.32 7.10 6.85 6.60 6.34 6.08 5.82 5.57 5.31 5.05 4.80 4.54 4.29 4.03 3.78 3.54 3.29 3.04 2.80 2.56 2.32 2.09 1.86 1.63 1.41 1.19 1.00 0.84 0.70 0.58 0.49 0.42 0.36 0.32 0.30 0.28 0.27 0.27 0.27 0.28 0.29 0.29 0.30 0.30 0.30 0.30 0.30 0.30 0.30 0.30 0.30 0.30 0.29 0.29 0.29 0.28 0.28 0.28 0.28 0.28 0.28 0.29 0.31 0.33 0.36 0.39 0.42 0.46 0.51 0.55
5.66 6.11 6.47 6.77 6.98 7.12 7.19 7.20 7.13 7.00 6.81 6.58 6.35 6.11 5.87 5.64 5.40 5.16 4.93 4.69 4.45 4.22 3.99 3.75 3.52 3.30 3.07 2.84 2.62 2.40 2.19 1.97 1.76 1.55 1.35 1.15 0.96 0.79 0.65 0.53 0.43 0.35 0.30 0.25 0.22 0.20 0.20 0.19 0.20 0.21 0.21 0.22 0.22 0.23 0.23 0.23 0.24 0.24 0.24 0.24 0.24 0.24 0.23 0.23 0.23 0.23 0.23 0.23 0.23 0.23 0.25 0.26 0.29 0.31 0.34 0.38 0.42 0.47 0.51 0.57
5.52 5.93 6.25 6.50 6.68 6.78 6.81 6.77 6.66 6.49 6.29 6.07 5.85 5.64 5.42 5.20 4.98 4.76 4.54 4.33 4.11 3.89 3.68 3.47 3.26 3.05 2.84 2.63 2.43 2.23 2.03 1.84 1.64 1.46 1.27 1.09 0.91 0.74 0.60 0.47 0.37 0.29 0.23 0.18 0.15 0.13 0.12 0.12 0.12 0.13 0.14 0.15 0.15 0.16 0.16 0.17 0.17 0.17 0.17 0.18 0.18 0.18 0.18 0.18 0.18 0.18 0.18 0.18 0.19 0.20 0.22 0.24 0.27 0.30 0.34 0.38 0.43 0.48 0.53 0.59
5.37 5.73 6.01 6.21 6.34 6.40 6.38 6.30 6.15 5.96 5.77 5.57 5.37 5.17 4.97 4.77 4.57 4.37 4.17 3.97 3.77 3.57 3.37 3.18 2.98 2.79 2.60 2.41 2.23 2.04 1.86 1.69 1.51 1.34 1.17 1.01 0.85 0.69 0.55 0.42 0.32 0.23 0.17 0.12 0.09 0.06 0.05 0.05 0.05 0.06 0.07 0.08 0.09 0.09 0.10 0.10 0.11 0.11 0.12 0.12 0.12 0.12 0.13 0.13 0.13 0.13 0.14 0.15 0.16 0.18 0.20 0.23 0.27 0.31 0.35 0.39 0.44 0.50 0.55 0.61
5.19 5.50 5.74 5.89 5.98 5.99 5.92 5.79 5.62 5.44 5.26 5.08 4.90 4.71 4.53 4.34 4.16 3.98 3.79 3.61 3.43 3.25 3.06 2.89 2.71 2.53 2.36 2.19 2.02 1.85 1.69 1.53 1.37 1.21 1.06 0.91 0.77 0.63 0.50 0.37 0.26 0.18 0.11 0.06 0.02 0.00 0.00 0.00 0.00 0.00 0.00 0.01 0.02 0.03 0.04 0.05 0.05 0.06 0.06 0.07 0.07 0.08 0.08 0.08 0.09 0.09 0.10 0.12 0.14 0.17 0.20 0.23 0.27 0.31 0.36 0.41 0.47 0.52 0.58 0.65
5.00 5.26 5.44 5.55 5.58 5.54 5.43 5.27 5.11 4.94 4.78 4.61 4.44 4.27 4.11 3.94 3.77 3.60 3.43 3.26 3.09 2.93 2.76 2.60 2.44 2.28 2.12 1.96 1.81 1.65 1.50 1.36 1.22 1.08 0.94 0.81 0.68 0.55 0.43 0.32 0.21 0.12 0.05 0.00 0.00 0.00 0.00 0.00 0.00 0.00 0.00 0.00 0.00 0.00 0.00 0.00 0.00 0.01 0.01 0.02 0.02 0.03 0.04 0.04 0.05 0.06 0.08 0.10 0.13 0.16 0.20 0.24 0.28 0.33 0.38 0.44 0.50 0.56 0.62 0.69
4.79 4.99 5.12 5.18 5.15 5.06 4.92 4.77 4.62 4.47 4.32 4.17 4.01 3.86 3.70 3.55 3.39 3.24 3.08 2.93 2.77 2.62 2.47 2.32 2.17 2.02 1.88 1.73 1.59 1.45 1.32 1.19 1.06 0.93 0.81 0.69 0.58 0.46 0.36 0.26 0.16 0.07 0.00 0.00 0.00 0.00 0.00 0.00 0.00 0.00 0.00 0.00 0.00 0.00 0.00 0.00 0.00 0.00 0.00 0.00 0.00 0.00 0.00 0.01 0.02 0.04 0.07 0.09 0.13 0.17 0.21 0.25 0.30 0.35 0.41 0.47 0.53 0.60 0.67 0.74
4.56 4.71 4.78 4.77 4.70 4.57 4.44 4.30 4.16 4.03 3.89 3.75 3.60 3.46 3.32 3.18 3.03 2.89 2.75 2.61 2.46 2.32 2.18 2.05 1.91 1.78 1.64 1.51 1.38 1.26 1.14 1.02 0.90 0.78 0.67 0.57 0.47 0.37 0.27 0.18 0.10 0.02 0.00 0.00 0.00 0.00 0.00 0.00 0.00 0.00 0.00 0.00 0.00 0.00 0.00 0.00 0.00 0.00 0.00 0.00 0.00 0.00 0.00 0.00 0.00 0.03 0.06 0.10 0.14 0.18 0.23 0.28 0.33 0.39 0.45 0.51 0.58 0.65 0.72 0.79
4.31 4.40 4.41 4.34 4.23 4.11 3.99 3.87 3.74 3.61 3.48 3.35 3.22 3.09 2.96 2.83 2.70 2.57 2.43 2.30 2.17 2.04 1.92 1.79 1.66 1.54 1.42 1.30 1.18 1.07 0.96 0.85 0.74 0.64 0.54 0.44 0.35 0.26 0.18 0.10 0.03 0.00 0.00 0.00 0.00 0.00 0.00 0.00 0.00 0.00 0.00 0.00 0.00 0.00 0.00 0.00 0.00 0.00 0.00 0.00 0.00 0.00 0.00 0.00 0.00 0.03 0.07 0.11 0.15 0.20 0.25 0.31 0.37 0.43 0.49 0.56 0.63 0.70 0.77 0.85
4.04 4.06 4.01 3.92 3.81 3.70 3.58 3.47 3.35 3.24 3.12 3.00 2.88 2.75 2.63 2.51 2.39 2.27 2.14 2.02 1.90 1.78 1.67 1.55 1.43 1.32 1.21 1.10 0.99 0.89 0.78 0.68 0.59 0.49 0.40 0.32 0.24 0.16 0.09 0.02 0.00 0.00 0.00 0.00 0.00 0.00 0.00 0.00 0.00 0.00 0.00 0.00 0.00 0.00 0.00 0.00 0.00 0.00 0.00 0.00 0.00 0.00 0.00 0.00 0.00 0.04 0.08 0.13 0.18 0.23 0.29 0.35 0.41 0.47 0.54 0.61 0.69 0.76 0.84 0.92
3.75 3.71 3.62 3.53 3.43 3.32 3.22 3.11 3.01 2.90 2.79 2.67 2.56 2.45 2.34 2.22 2.11 2.00 1.88 1.77 1.66 1.55 1.44 1.33 1.22 1.12 1.01 0.91 0.81 0.72 0.62 0.53 0.44 0.36 0.28 0.20 0.13 0.06 0.00 0.00 0.00 0.00 0.00 0.00 0.00 0.00 0.00 0.00 0.00 0.00 0.00 0.00 0.00 0.00 0.00 0.00 0.00 0.00 0.00 0.00 0.00 0.00 0.00 0.00 0.01 0.05 0.10 0.15 0.21 0.27 0.33 0.39 0.46 0.53 0.60 0.67 0.75 0.83 0.91 0.99
3.44 3.36 3.28 3.19 3.09 3.00 2.90 2.80 2.70 2.60 2.50 2.39 2.29 2.18 2.08 1.97 1.86 1.76 1.65 1.54 1.44 1.34 1.23 1.13 1.03 0.93 0.84 0.74 0.65 0.56 0.47 0.39 0.31 0.23 0.16 0.09 0.02 0.00 0.00 0.00 0.00 0.00 0.00 0.00 0.00 0.00 0.00 0.00 0.00 0.00 0.00 0.00 0.00 0.00 0.00 0.00 0.00 0.00 0.00 0.00 0.00 0.00 0.00 0.00 0.03 0.08 0.13 0.19 0.25 0.31 0.38 0.45 0.52 0.59 0.67 0.74 0.82 0.90 0.98 1.07
3.14 3.06 2.98 2.90 2.81 2.72 2.63 2.54 2.44 2.35 2.25 2.15 2.05 1.95 1.85 1.75 1.65 1.55 1.45 1.35 1.25 1.15 1.06 0.96 0.87 0.78 0.68 0.60 0.51 0.43 0.35 0.27 0.19 0.12 0.05 0.00 0.00 0.00 0.00 0.00 0.00 0.00 0.00 0.00 0.00 0.00 0.00 0.00 0.00 0.00 0.00 0.00 0.00 0.00 0.00 0.00 0.00 0.00 0.00 0.00 0.00 0.00 0.00 0.01 0.06 0.11 0.17 0.23 0.30 0.37 0.44 0.51 0.58 0.66 0.74 0.82 0.90 0.98 1.06 1.15
2.90 2.83 2.75 2.67 2.59 2.50 2.42 2.33 2.24 2.15 2.05 1.96 1.86 1.77 1.67 1.58 1.48 1.39 1.29 1.19 1.10 1.01 0.91 0.82 0.73 0.65 0.56 0.48 0.39 0.31 0.24 0.16 0.09 0.03 0.00 0.00 0.00 0.00 0.00 0.00 0.00 0.00 0.00 0.00 0.00 0.00 0.00 0.00 0.00 0.00 0.00 0.00 0.00 0.00 0.00 0.00 0.00 0.00 0.00 0.00 0.00 0.00 0.00 0.04 0.10 0.16 0.22 0.29 0.36 0.43 0.50 0.58 0.66 0.73 0.82 0.90 0.98 1.07 1.15 1.24
2.72 2.65 2.57 2.50 2.42 2.34 2.26 2.17 2.08 2.00 1.91 1.82 1.72 1.63 1.54 1.45 1.35 1.26 1.17 1.08 0.98 0.89 0.81 0.72 0.63 0.55 0.46 0.38 0.30 0.23 0.15 0.08 0.02 0.00 0.00 0.00 0.00 0.00 0.00 0.00 0.00 0.00 0.00 0.00 0.00 0.00 0.00 0.00 0.00 0.00 0.00 0.00 0.00 0.00 0.00 0.00 0.00 0.00 0.00 0.00 0.00 0.00 0.02 0.08 0.14 0.21 0.28 0.35 0.42 0.50 0.57 0.65 0.73 0.82 0.90 0.99 1.07 1.16 1.24 1.33
2.61 2.54 2.47 2.39 2.32 2.24 2.15 2.07 1.99 1.90 1.81 1.72 1.63 1.54 1.45 1.36 1.27 1.18 1.09 1.00 0.91 0.82 0.74 0.65 0.56 0.48 0.40 0.32 0.25 0.17 0.10 0.03 0.00 0.00 0.00 0.00 0.00 0.00 0.00 0.00 0.00 0.00 0.00 0.00 0.00 0.00 0.00 0.00 0.00 0.00 0.00 0.00 0.00 0.00 0.00 0.00 0.00 0.00 0.00 0.00 0.00 0.00 0.06 0.13 0.20 0.27 0.34 0.42 0.49 0.57 0.65 0.74 0.82 0.90 0.99 1.08 1.17 1.25 1.34 1.43
2.57 2.50 2.43 2.35 2.28 2.20 2.12 2.03 1.95 1.86 1.78 1.69 1.60 1.51 1.42 1.33 1.24 1.15 1.06 0.97 0.88 0.79 0.71 0.62 0.54 0.46 0.38 0.30 0.22 0.15 0.08 0.01 0.00 0.00 0.00 0.00 0.00 0.00 0.00 0.00 0.00 0.00 0.00 0.00 0.00 0.00 0.00 0.00 0.00 0.00 0.00 0.00 0.00 0.00 0.00 0.00 0.00 0.00 0.00 0.00 0.00 0.05 0.12 0.19 0.26 0.33 0.41 0.49 0.57 0.65 0.74 0.82 0.91 1.00 1.09 1.18 1.27 1.36 1.45 1.54
2.59 2.52 2.45 2.38 2.30 2.22 2.14 2.06 1.97 1.89 1.80 1.71 1.62 1.53 1.44 1.35 1.26 1.17 1.08 0.99 0.90 0.81 0.72 0.63 0.55 0.47 0.39 0.31 0.23 0.16 0.08 0.02 0.00 0.00 0.00 0.00 0.00 0.00 0.00 0.00 0.00 0.00 0.00 0.00 0.00 0.00 0.00 0.00 0.00 0.00 0.00 0.00 0.00 0.00 0.00 0.00 0.00 0.00 0.00 0.00 0.03 0.10 0.17 0.25 0.33 0.41 0.49 0.57 0.66 0.74 0.83 0.92 1.01 1.10 1.19 1.28 1.37 1.46 1.55 1.64
2.64 2.57 2.50 2.42 2.34 2.26 2.18 2.10 2.01 1.93 1.84 1.75 1.66 1.57 1.48 1.38 1.29 1.20 1.11 1.02 0.93 0.84 0.75 0.66 0.58 0.49 0.41 0.33 0.25 0.18 0.10 0.03 0.00 0.00 0.00 0.00 0.00 0.00 0.00 0.00 0.00 0.00 0.00 0.00 0.00 0.00 0.00 0.00 0.00 0.00 0.00 0.00 0.00 0.00 0.00 0.00 0.00 0.00 0.00 0.00 0.08 0.15 0.23 0.31 0.39 0.48 0.56 0.65 0.74 0.83 0.92 1.01 1.10 1.19 1.29 1.38 1.47 1.56 1.65 1.75
2.69 2.62 2.54 2.47 2.39 2.31 2.23 2.14 2.05 1.97 1.88 1.79 1.69 1.60 1.51 1.42 1.32 1.23 1.14 1.05 0.96 0.87 0.78 0.69 0.60 0.52 0.43 0.35 0.27 0.20 0.12 0.05 0.00 0.00 0.00 0.00 0.00 0.00 0.00 0.00 0.00 0.00 0.00 0.00 0.00 0.00 0.00 0.00 0.00 0.00 0.00 0.00 0.00 0.00 0.00 0.00 0.00 0.00 0.00 0.03 0.11 0.19 0.28 0.36 0.45 0.54 0.63 0.72 0.81 0.90 1.00 1.09 1.18 1.28 1.37 1.47 1.56 1.65 1.75 1.84
2.73 2.66 2.59 2.51 2.43 2.35 2.27 2.18 2.09 2.00 1.91 1.82 1.73 1.64 1.55 1.45 1.36 1.26 1.17 1.08 0.99 0.90 0.80 0.72 0.63 0.54 0.46 0.38 0.30 0.22 0.15 0.07 0.01 0.00 0.00 0.00 0.00 0.00 0.00 0.00 0.00 0.00 0.00 0.00 0.00 0.00 0.00 0.00 0.00 0.00 0.00 0.00 0.00 0.00 0.00 0.00 0.00 0.00 0.00 0.06 0.14 0.23 0.31 0.40 0.49 0.59 0.68 0.78 0.87 0.97 1.06 1.16 1.26 1.35 1.45 1.54 1.64 1.73 1.83 1.92
2.78 2.70 2.63 2.55 2.47 2.39 2.31 2.22 2.13 2.04 1.95 1.86 1.77 1.67 1.58 1.49 1.39 1.30 1.20 1.11 1.02 0.92 0.83 0.74 0.66 0.57 0.48 0.40 0.32 0.24 0.17 0.10 0.03 0.00 0.00 0.00 0.00 0.00 0.00 0.00 0.00 0.00 0.00 0.00 0.00 0.00 0.00 0.00 0.00 0.00 0.00 0.00 0.00 0.00 0.00 0.00 0.00 0.00 0.00 0.07 0.16 0.25 0.34 0.44 0.53 0.63 0.73 0.82 0.92 1.02 1.12 1.22 1.32 1.42 1.52 1.61 1.71 1.81 1.90 1.99
2.82 2.75 2.67 2.59 2.51 2.43 2.34 2.26 2.17 2.08 1.99 1.89 1.80 1.71 1.61 1.52 1.42 1.33 1.23 1.14 1.05 0.95 0.86 0.77 0.68 0.59 0.51 0.43 0.34 0.27 0.19 0.12 0.05 0.00 0.00 0.00 0.00 0.00 0.00 0.00 0.00 0.00 0.00 0.00 0.00 0.00 0.00 0.00 0.00 0.00 0.00 0.00 0.00 0.00 0.00 0.00 0.00 0.00 0.00 0.07 0.17 0.26 0.36 0.46 0.56 0.66 0.76 0.86 0.96 1.07 1.17 1.27 1.37 1.47 1.57 1.67 1.77 1.87 1.96 2.06
2.86 2.79 2.71 2.63 2.55 2.47 2.38 2.29 2.20 2.11 2.02 1.93 1.83 1.74 1.64 1.55 1.45 1.36 1.26 1.17 1.07 0.98 0.89 0.80 0.71 0.62 0.53 0.45 0.37 0.29 0.21 0.14 0.07 0.00 0.00 0.00 0.00 0.00 0.00 0.00 0.00 0.00 0.00 0.00 0.00 0.00 0.00 0.00 0.00 0.00 0.00 0.00 0.00 0.00 0.00 0.00 0.00 0.00 0.00 0.06 0.16 0.27 0.37 0.47 0.58 0.68 0.79 0.89 1.00 1.10 1.21 1.31 1.42 1.52 1.62 1.72 1.82 1.92 2.01 2.11
2.90 2.82 2.75 2.67 2.59 2.50 2.42 2.33 2.24 2.15 2.05 1.96 1.87 1.77 1.68 1.58 1.48 1.39 1.29 1.20 1.10 1.01 0.91 0.82 0.73 0.64 0.56 0.47 0.39 0.31 0.23 0.16 0.09 0.02 0.00 0.00 0.00 0.00 0.00 0.00 0.00 0.00 0.00 0.00 0.00 0.00 0.00 0.00 0.00 0.00 0.00 0.00 0.00 0.00 0.00 0.00 0.00 0.00 0.00 0.05 0.15 0.26 0.37 0.47 0.58 0.69 0.80 0.91 1.02 1.13 1.24 1.34 1.45 1.55 1.66 1.76 1.86 1.96 2.06 2.15
2.93 2.86 2.78 2.70 2.62 2.53 2.45 2.36 2.27 2.18 2.09 1.99 1.90 1.80 1.71 1.61 1.51 1.42 1.32 1.22 1.13 1.03 0.94 0.85 0.76 0.67 0.58 0.50 0.41 0.33 0.26 0.18 0.11 0.04 0.00 0.00 0.00 0.00 0.00 0.00 0.00 0.00 0.00 0.00 0.00 0.00 0.00 0.00 0.00 0.00 0.00 0.00 0.00 0.00 0.00 0.00 0.00 0.00 0.00 0.02 0.13 0.24 0.36 0.47 0.58 0.69 0.81 0.92 1.03 1.14 1.25 1.36 1.47 1.58 1.68 1.79 1.89 1.99 2.09 2.18
2.97 2.89 2.81 2.73 2.65 2.57 2.48 2.39 2.30 2.21 2.12 2.02 1.93 1.83 1.73 1.64 1.54 1.44 1.35 1.25 1.15 1.06 0.97 0.87 0.78 0.69 0.61 0.52 0.44 0.36 0.28 0.20 0.13 0.06 0.00 0.00 0.00 0.00 0.00 0.00 0.00 0.00 0.00 0.00 0.00 0.00 0.00 0.00 0.00 0.00 0.00 0.00 0.00 0.00 0.00 0.00 0.00 0.00 0.00 0.00 0.10 0.22 0.33 0.45 0.57 0.69 0.80 0.92 1.03 1.15 1.26 1.37 1.48 1.59 1.70 1.81 1.91 2.01 2.11 2.20
