data_processed/recharge/precip/Precip_2008_10.asc
ncols        168
nrows        136
xllcorner    455000
yllcorner    2107000
cellsize     500
NODATA_value     -99999
[rows 102 to 135 of 136, columns 78 to 155 of 168]
29.97 31.17 32.27 33.27 34.18 34.98 35.69 36.29 36.80 37.19 37.49 37.67 37.75 37.73 37.59 37.34 36.98 36.51 35.91 35.16 34.27 33.32 32.41 31.56 30.71 29.83 28.92 27.98 27.03 26.07 25.13 24.21 23.33 22.49 21.70 20.99 20.35 19.81 19.37 19.04 18.84 18.77 18.86 19.07 19.34 19.64 19.97 20.36 20.77 21.13 21.36 21.46 21.44 21.30 21.06 20.72 20.31 19.82 19.26 18.65 18.00 17.31 16.60 15.87 15.14 14.42 13.71 13.02 12.37 11.75 11.19 10.75 10.53 10.51 10.63 10.79 10.98 11.20
28.13 29.21 30.21 31.13 31.98 32.74 33.43 34.03 34.55 34.98 35.32 35.58 35.75 35.83 35.82 35.72 35.53 35.24 34.86 34.37 33.75 33.07 32.40 31.74 31.02 30.24 29.41 28.55 27.67 26.78 25.89 25.01 24.15 23.33 22.56 21.84 21.19 20.63 20.16 19.79 19.53 19.41 19.42 19.58 19.88 20.22 20.61 21.03 21.41 21.65 21.77 21.76 21.65 21.42 21.11 20.72 20.25 19.72 19.13 18.50 17.84 17.16 16.46 15.76 15.06 14.39 13.73 13.12 12.54 12.03 11.57 11.24 11.11 11.12 11.18 11.28 11.41 11.58
26.34 27.31 28.21 29.06 29.85 30.58 31.25 31.85 32.38 32.85 33.25 33.59 33.85 34.04 34.17 34.21 34.19 34.09 33.91 33.66 33.32 32.91 32.46 31.94 31.33 30.66 29.94 29.17 28.37 27.54 26.71 25.88 25.06 24.27 23.52 22.81 22.16 21.58 21.09 20.69 20.39 20.21 20.16 20.26 20.50 20.87 21.29 21.68 21.94 22.07 22.07 21.97 21.76 21.47 21.09 20.64 20.13 19.56 18.95 18.32 17.65 16.98 16.30 15.64 14.98 14.36 13.77 13.23 12.74 12.33 11.98 11.76 11.67 11.63 11.64 11.68 11.76 11.88
24.63 25.49 26.31 27.09 27.82 28.52 29.17 29.77 30.33 30.84 31.30 31.71 32.07 32.38 32.64 32.84 32.99 33.08 33.12 33.09 33.00 32.81 32.53 32.14 31.66 31.11 30.49 29.82 29.11 28.36 27.60 26.82 26.05 25.30 24.57 23.88 23.24 22.66 22.15 21.73 21.40 21.17 21.07 21.10 21.26 21.58 21.96 22.23 22.37 22.38 22.29 22.09 21.81 21.44 21.00 20.50 19.96 19.36 18.74 18.10 17.45 16.79 16.14 15.51 14.91 14.35 13.83 13.37 12.98 12.67 12.43 12.26 12.12 12.04 11.99 11.99 12.03 12.10
23.07 23.83 24.56 25.27 25.95 26.62 27.25 27.87 28.45 29.00 29.53 30.02 30.49 30.92 31.31 31.67 31.99 32.28 32.53 32.73 32.81 32.74 32.58 32.34 32.00 31.57 31.06 30.49 29.87 29.20 28.51 27.80 27.08 26.37 25.67 25.00 24.37 23.79 23.27 22.83 22.47 22.20 22.05 22.02 22.11 22.35 22.65 22.80 22.81 22.72 22.53 22.24 21.88 21.45 20.96 20.42 19.83 19.22 18.59 17.95 17.30 16.67 16.05 15.46 14.92 14.42 13.98 13.60 13.31 13.10 12.92 12.73 12.55 12.42 12.33 12.28 12.27 12.31
21.69 22.34 22.99 23.64 24.28 24.91 25.54 26.17 26.78 27.38 27.97 28.55 29.12 29.67 30.21 30.73 31.24 31.72 32.18 32.53 32.70 32.71 32.65 32.54 32.33 32.02 31.63 31.16 30.63 30.05 29.43 28.78 28.11 27.44 26.77 26.13 25.51 24.93 24.40 23.94 23.55 23.25 23.05 22.95 22.98 23.15 23.37 23.44 23.35 23.15 22.86 22.49 22.05 21.56 21.01 20.43 19.82 19.18 18.54 17.90 17.27 16.65 16.07 15.53 15.04 14.60 14.24 13.96 13.75 13.59 13.41 13.20 13.00 12.83 12.69 12.59 12.55 12.54
20.50 21.05 21.62 22.20 22.80 23.42 24.04 24.68 25.32 25.98 26.64 27.31 27.99 28.67 29.35 30.03 30.72 31.40 31.99 32.41 32.64 32.73 32.76 32.74 32.65 32.47 32.19 31.83 31.39 30.89 30.35 29.76 29.15 28.52 27.88 27.26 26.65 26.08 25.54 25.06 24.65 24.31 24.06 23.90 23.86 23.96 24.11 24.12 23.96 23.66 23.28 22.83 22.32 21.76 21.16 20.54 19.89 19.24 18.59 17.95 17.33 16.75 16.20 15.70 15.27 14.90 14.62 14.42 14.26 14.09 13.89 13.67 13.46 13.26 13.08 12.94 12.85 12.80
19.49 19.95 20.44 20.97 21.53 22.13 22.75 23.40 24.09 24.80 25.54 26.30 27.09 27.90 28.73 29.58 30.45 31.25 31.88 32.35 32.64 32.81 32.92 32.98 32.98 32.91 32.75 32.49 32.15 31.73 31.26 30.74 30.18 29.59 28.99 28.39 27.80 27.23 26.69 26.19 25.75 25.37 25.06 24.85 24.74 24.78 24.87 24.81 24.60 24.24 23.77 23.24 22.66 22.04 21.39 20.73 20.06 19.39 18.73 18.10 17.49 16.93 16.42 15.97 15.60 15.30 15.09 14.93 14.76 14.58 14.37 14.13 13.91 13.69 13.49 13.31 13.17 13.08
18.69 19.05 19.47 19.94 20.47 21.05 21.68 22.35 23.08 23.85 24.66 25.52 26.42 27.37 28.35 29.37 30.34 31.16 31.82 32.33 32.68 32.92 33.10 33.24 33.32 33.34 33.28 33.13 32.88 32.56 32.16 31.70 31.20 30.66 30.09 29.52 28.94 28.37 27.83 27.31 26.84 26.42 26.06 25.78 25.62 25.59 25.62 25.51 25.25 24.85 24.33 23.73 23.07 22.40 21.70 21.00 20.30 19.62 18.96 18.33 17.74 17.21 16.74 16.34 16.02 15.79 15.61 15.44 15.26 15.06 14.83 14.59 14.35 14.12 13.90 13.70 13.52 13.39
18.11 18.35 18.70 19.12 19.62 20.19 20.82 21.52 22.29 23.12 24.02 24.98 26.00 27.08 28.22 29.32 30.29 31.12 31.80 32.35 32.76 33.07 33.32 33.53 33.69 33.78 33.81 33.76 33.61 33.37 33.04 32.65 32.21 31.71 31.18 30.63 30.07 29.51 28.96 28.43 27.92 27.45 27.03 26.70 26.48 26.40 26.38 26.22 25.91 25.46 24.91 24.26 23.55 22.82 22.08 21.34 20.62 19.92 19.25 18.63 18.06 17.56 17.13 16.78 16.52 16.32 16.13 15.94 15.74 15.53 15.29 15.03 14.78 14.53 14.30 14.09 13.89 13.72
17.75 17.88 18.15 18.52 18.99 19.55 20.19 20.92 21.74 22.64 23.62 24.68 25.83 27.04 28.25 29.33 30.29 31.11 31.82 32.40 32.86 33.23 33.56 33.84 34.07 34.23 34.34 34.36 34.31 34.15 33.91 33.58 33.19 32.75 32.26 31.73 31.19 30.63 30.08 29.52 28.97 28.44 27.97 27.59 27.32 27.19 27.12 26.91 26.56 26.08 25.50 24.82 24.08 23.30 22.51 21.74 21.00 20.29 19.62 19.01 18.46 17.98 17.59 17.29 17.06 16.84 16.63 16.43 16.21 15.98 15.73 15.46 15.20 14.94 14.70 14.47 14.25 14.06
17.59 17.63 17.82 18.14 18.58 19.13 19.79 20.55 21.42 22.39 23.46 24.63 25.90 27.16 28.33 29.38 30.31 31.14 31.85 32.47 32.98 33.42 33.81 34.16 34.45 34.69 34.86 34.96 34.98 34.91 34.75 34.49 34.16 33.76 33.31 32.81 32.28 31.73 31.16 30.56 29.96 29.39 28.88 28.45 28.13 27.96 27.84 27.59 27.20 26.69 26.08 25.39 24.63 23.82 23.00 22.20 21.43 20.71 20.04 19.44 18.91 18.47 18.12 17.84 17.58 17.35 17.12 16.90 16.67 16.42 16.16 15.88 15.60 15.33 15.08 14.84 14.61 14.40
17.62 17.58 17.70 17.98 18.39 18.95 19.62 20.42 21.34 22.39 23.55 24.83 26.12 27.33 28.44 29.45 30.36 31.18 31.91 32.55 33.12 33.61 34.06 34.47 34.83 35.14 35.38 35.55 35.64 35.64 35.55 35.37 35.09 34.74 34.33 33.86 33.35 32.79 32.18 31.54 30.90 30.29 29.73 29.26 28.91 28.69 28.53 28.25 27.83 27.29 26.66 25.94 25.17 24.36 23.52 22.70 21.91 21.18 20.51 19.92 19.42 19.01 18.67 18.37 18.09 17.84 17.60 17.35 17.11 16.85 16.58 16.28 16.00 15.72 15.45 15.19 14.95 14.73
17.81 17.71 17.78 18.03 18.44 18.99 19.69 20.53 21.51 22.64 23.89 25.18 26.39 27.53 28.57 29.54 30.42 31.24 31.97 32.65 33.25 33.80 34.31 34.78 35.21 35.57 35.88 36.11 36.27 36.34 36.32 36.21 35.99 35.69 35.32 34.88 34.37 33.77 33.12 32.45 31.77 31.13 30.54 30.03 29.64 29.38 29.19 28.87 28.43 27.87 27.21 26.48 25.70 24.89 24.05 23.22 22.42 21.68 21.02 20.45 19.96 19.56 19.20 18.88 18.59 18.31 18.05 17.79 17.53 17.26 16.98 16.67 16.38 16.09 15.80 15.54 15.28 15.05
18.15 18.00 18.05 18.28 18.69 19.26 20.00 20.89 21.93 23.13 24.38 25.57 26.69 27.74 28.72 29.64 30.50 31.30 32.04 32.73 33.38 33.98 34.55 35.08 35.56 35.99 36.35 36.65 36.87 37.01 37.06 37.01 36.86 36.61 36.27 35.84 35.30 34.67 33.99 33.28 32.58 31.90 31.28 30.74 30.31 30.02 29.80 29.46 28.99 28.41 27.74 27.01 26.22 25.40 24.57 23.75 22.96 22.22 21.57 21.00 20.52 20.10 19.72 19.37 19.06 18.76 18.49 18.21 17.94 17.66 17.36 17.05 16.74 16.44 16.15 15.87 15.60 15.35
18.63 18.44 18.47 18.71 19.13 19.75 20.53 21.49 22.60 23.77 24.90 25.97 26.99 27.96 28.87 29.74 30.57 31.35 32.10 32.81 33.49 34.15 34.77 35.35 35.89 36.37 36.79 37.15 37.43 37.63 37.74 37.76 37.67 37.47 37.15 36.69 36.13 35.48 34.77 34.04 33.30 32.60 31.95 31.38 30.93 30.61 30.36 29.99 29.51 28.91 28.24 27.50 26.71 25.90 25.08 24.27 23.50 22.78 22.13 21.56 21.06 20.61 20.21 19.84 19.51 19.20 18.90 18.61 18.33 18.03 17.73 17.40 17.09 16.77 16.47 16.18 15.90 15.64
19.22 19.02 19.05 19.29 19.76 20.42 21.27 22.30 23.40 24.45 25.44 26.39 27.30 28.18 29.02 29.84 30.63 31.40 32.14 32.87 33.59 34.29 34.96 35.59 36.18 36.72 37.19 37.61 37.95 38.20 38.37 38.45 38.42 38.25 37.92 37.44 36.85 36.18 35.45 34.70 33.94 33.21 32.54 31.95 31.47 31.13 30.86 30.47 29.97 29.37 28.69 27.95 27.17 26.37 25.56 24.78 24.02 23.33 22.69 22.10 21.58 21.10 20.68 20.29 19.94 19.61 19.30 18.99 18.69 18.39 18.07 17.74 17.41 17.09 16.78 16.48 16.19 15.92
19.91 19.71 19.75 20.03 20.54 21.27 22.20 23.21 24.20 25.12 25.98 26.80 27.60 28.39 29.16 29.92 30.67 31.42 32.16 32.91 33.65 34.40 35.11 35.79 36.43 37.02 37.55 38.01 38.40 38.72 38.95 39.08 39.07 38.90 38.56 38.07 37.47 36.78 36.03 35.26 34.48 33.73 33.04 32.44 31.94 31.58 31.29 30.89 30.38 29.78 29.10 28.36 27.59 26.80 26.01 25.25 24.52 23.85 23.21 22.61 22.06 21.57 21.12 20.71 20.34 19.99 19.67 19.35 19.04 18.72 18.40 18.06 17.72 17.39 17.07 16.76 16.46 16.18
20.69 20.49 20.56 20.89 21.46 22.26 23.18 24.07 24.93 25.74 26.50 27.21 27.90 28.59 29.28 29.99 30.69 31.42 32.15 32.90 33.68 34.46 35.22 35.95 36.63 37.26 37.84 38.36 38.80 39.17 39.44 39.59 39.57 39.39 39.05 38.57 37.96 37.25 36.50 35.71 34.92 34.16 33.45 32.83 32.32 31.95 31.64 31.24 30.72 30.12 29.44 28.72 27.96 27.19 26.42 25.69 24.98 24.31 23.68 23.08 22.52 22.01 21.54 21.11 20.72 20.36 20.02 19.69 19.36 19.04 18.70 18.35 18.01 17.67 17.34 17.02 16.71 16.41
21.52 21.36 21.47 21.86 22.50 23.28 24.07 24.83 25.57 26.28 26.95 27.58 28.17 28.77 29.38 30.02 30.68 31.38 32.10 32.86 33.66 34.48 35.28 36.04 36.77 37.45 38.07 38.63 39.12 39.53 39.82 39.94 39.91 39.71 39.38 38.91 38.31 37.61 36.84 36.04 35.25 34.48 33.76 33.13 32.61 32.23 31.91 31.50 30.99 30.39 29.72 29.01 28.27 27.52 26.79 26.07 25.39 24.73 24.10 23.50 22.94 22.41 21.93 21.48 21.07 20.69 20.34 20.00 19.66 19.32 18.98 18.63 18.27 17.93 17.59 17.26 16.94 16.63
22.41 22.28 22.46 22.91 23.53 24.18 24.82 25.46 26.09 26.71 27.30 27.86 28.40 28.91 29.44 30.01 30.63 31.29 32.00 32.77 33.59 34.44 35.28 36.08 36.84 37.56 38.23 38.83 39.36 39.78 40.03 40.12 40.06 39.86 39.52 39.07 38.49 37.82 37.06 36.26 35.46 34.68 33.96 33.33 32.80 32.41 32.09 31.68 31.17 30.58 29.93 29.24 28.52 27.80 27.09 26.40 25.74 25.09 24.47 23.88 23.32 22.79 22.29 21.82 21.40 21.00 20.63 20.28 19.93 19.59 19.24 18.88 18.52 18.16 17.81 17.47 17.14 16.83
23.33 23.26 23.50 23.92 24.40 24.90 25.41 25.93 26.46 26.99 27.51 28.02 28.52 28.99 29.46 29.96 30.53 31.15 31.85 32.61 33.45 34.33 35.20 36.04 36.84 37.60 38.30 38.94 39.47 39.84 40.05 40.11 40.03 39.82 39.48 39.04 38.49 37.85 37.12 36.34 35.54 34.76 34.04 33.41 32.88 32.49 32.17 31.77 31.27 30.69 30.05 29.38 28.69 28.01 27.33 26.67 26.02 25.40 24.79 24.21 23.65 23.12 22.61 22.14 21.70 21.29 20.90 20.54 20.18 19.83 19.47 19.10 18.73 18.37 18.01 17.67 17.33 17.01
24.26 24.25 24.46 24.73 25.05 25.41 25.80 26.21 26.65 27.10 27.56 28.03 28.49 28.95 29.40 29.86 30.37 30.96 31.63 32.39 33.25 34.16 35.06 35.93 36.76 37.55 38.28 38.91 39.38 39.69 39.86 39.89 39.79 39.57 39.24 38.81 38.29 37.68 37.01 36.26 35.48 34.71 34.00 33.36 32.84 32.45 32.14 31.75 31.26 30.70 30.09 29.45 28.79 28.15 27.50 26.87 26.25 25.65 25.06 24.49 23.93 23.40 22.90 22.42 21.96 21.54 21.14 20.76 20.40 20.04 19.67 19.30 18.92 18.56 18.19 17.84 17.49 17.15
25.18 25.13 25.18 25.29 25.46 25.69 25.96 26.27 26.62 27.01 27.42 27.85 28.29 28.75 29.21 29.67 30.14 30.69 31.34 32.10 32.96 33.90 34.82 35.72 36.59 37.40 38.12 38.68 39.08 39.34 39.47 39.46 39.35 39.12 38.79 38.38 37.88 37.31 36.68 36.00 35.27 34.52 33.82 33.19 32.68 32.30 32.00 31.62 31.15 30.61 30.03 29.43 28.82 28.21 27.61 27.01 26.42 25.84 25.27 24.72 24.17 23.65 23.14 22.66 22.20 21.76 21.35 20.96 20.59 20.22 19.84 19.47 19.09 18.71 18.34 17.98 17.62 17.26
25.95 25.74 25.62 25.57 25.60 25.70 25.87 26.09 26.36 26.68 27.05 27.45 27.88 28.34 28.82 29.31 29.82 30.35 30.98 31.72 32.59 33.55 34.50 35.42 36.31 37.10 37.73 38.22 38.56 38.77 38.85 38.82 38.68 38.44 38.12 37.72 37.25 36.71 36.13 35.51 34.85 34.17 33.49 32.88 32.38 32.02 31.73 31.36 30.92 30.41 29.87 29.32 28.77 28.21 27.65 27.09 26.53 25.98 25.43 24.89 24.37 23.85 23.35 22.87 22.40 21.95 21.53 21.13 20.75 20.37 19.99 19.61 19.22 18.84 18.47 18.09 17.71 17.33
26.41 26.02 25.73 25.54 25.44 25.42 25.49 25.62 25.83 26.10 26.43 26.81 27.24 27.71 28.21 28.75 29.31 29.89 30.52 31.25 32.13 33.10 34.07 35.01 35.86 36.56 37.11 37.52 37.80 37.96 38.00 37.94 37.78 37.54 37.22 36.83 36.38 35.89 35.35 34.79 34.20 33.61 33.00 32.43 31.95 31.60 31.33 30.99 30.57 30.11 29.63 29.14 28.64 28.14 27.62 27.10 26.58 26.06 25.54 25.02 24.51 24.01 23.52 23.03 22.57 22.11 21.68 21.27 20.87 20.49 20.10 19.72 19.33 18.94 18.55 18.16 17.76 17.36
26.50 25.94 25.50 25.17 24.95 24.82 24.79 24.86 25.00 25.23 25.53 25.90 26.33 26.82 27.36 27.94 28.57 29.24 29.94 30.69 31.57 32.55 33.54 34.43 35.18 35.79 36.25 36.59 36.80 36.90 36.90 36.81 36.64 36.38 36.07 35.70 35.28 34.82 34.33 33.83 33.32 32.80 32.29 31.80 31.36 31.03 30.79 30.48 30.11 29.72 29.31 28.89 28.44 27.99 27.52 27.05 26.57 26.08 25.59 25.10 24.61 24.12 23.64 23.16 22.70 22.24 21.80 21.38 20.97 20.58 20.19 19.80 19.40 19.00 18.60 18.18 17.77 17.35
26.20 25.48 24.89 24.43 24.09 23.87 23.76 23.75 23.84 24.03 24.31 24.68 25.12 25.64 26.22 26.87 27.57 28.33 29.13 29.98 30.89 31.88 32.82 33.60 34.25 34.75 35.13 35.39 35.54 35.59 35.55 35.43 35.24 34.98 34.67 34.31 33.92 33.50 33.06 32.62 32.17 31.74 31.33 30.94 30.60 30.32 30.10 29.85 29.56 29.24 28.90 28.54 28.16 27.77 27.35 26.93 26.49 26.04 25.58 25.12 24.65 24.19 23.72 23.25 22.79 22.34 21.90 21.46 21.04 20.63 20.24 19.84 19.44 19.02 18.60 18.17 17.74 17.32
25.53 24.65 23.92 23.33 22.88 22.57 22.38 22.31 22.36 22.52 22.79 23.16 23.62 24.17 24.80 25.52 26.30 27.16 28.08 29.05 30.10 31.17 31.98 32.65 33.18 33.58 33.87 34.05 34.13 34.13 34.04 33.88 33.67 33.40 33.08 32.74 32.37 31.98 31.59 31.20 30.82 30.47 30.14 29.86 29.62 29.44 29.28 29.11 28.91 28.67 28.41 28.12 27.80 27.46 27.11 26.73 26.34 25.93 25.51 25.08 24.64 24.20 23.75 23.30 22.84 22.39 21.95 21.51 21.08 20.65 20.25 19.86 19.44 19.01 18.57 18.13 17.69 17.25
24.80 23.76 22.88 22.17 21.61 21.20 20.93 20.80 20.80 20.93 21.18 21.54 22.02 22.60 23.28 24.06 24.92 25.87 26.90 28.03 29.55 31.22 32.11 32.61 32.98 33.24 33.39 33.45 33.42 33.31 33.13 32.89 32.61 32.28 31.92 31.54 31.15 30.75 30.36 29.98 29.62 29.30 29.02 28.79 28.62 28.47 28.34 28.24 28.12 27.96 27.77 27.55 27.30 27.03 26.72 26.40 26.05 25.69 25.31 24.91 24.50 24.08 23.65 23.21 22.77 22.33 21.88 21.44 20.99 20.57 20.22 19.92 19.51 19.06 18.61 18.15 17.69 17.24
24.21 23.00 21.98 21.12 20.44 19.92 19.56 19.36 19.30 19.39 19.61 19.96 20.45 21.05 21.77 22.59 23.53 24.56 25.72 27.28 29.57 32.05 33.52 34.03 34.19 34.23 34.17 34.04 33.82 33.54 33.21 32.82 32.40 31.95 31.47 30.99 30.50 30.02 29.56 29.12 28.72 28.36 28.05 27.81 27.62 27.45 27.32 27.23 27.18 27.10 26.99 26.84 26.65 26.44 26.19 25.92 25.62 25.30 24.95 24.59 24.21 23.81 23.40 22.98 22.55 22.11 21.66 21.21 20.77 20.39 20.16 19.99 19.68 19.24 18.76 18.28 17.80 17.34
23.78 22.40 21.21 20.21 19.39 18.76 18.30 18.01 17.88 17.91 18.10 18.43 18.91 19.52 20.27 21.14 22.13 23.27 24.82 27.10 30.14 33.34 35.55 36.59 36.69 36.45 36.13 35.73 35.26 34.74 34.18 33.57 32.94 32.29 31.64 30.98 30.33 29.70 29.10 28.53 28.01 27.55 27.15 26.83 26.57 26.38 26.24 26.16 26.12 26.11 26.07 25.99 25.87 25.72 25.53 25.31 25.06 24.78 24.47 24.14 23.79 23.41 23.02 22.61 22.19 21.75 21.31 20.86 20.47 20.21 20.10 20.04 19.85 19.51 19.03 18.53 18.03 17.53
23.52 21.94 20.58 19.42 18.46 17.70 17.13 16.75 16.54 16.51 16.65 16.95 17.42 18.03 18.79 19.70 20.76 22.26 24.48 27.46 31.17 35.02 37.89 39.59 40.15 39.81 39.14 38.41 37.62 36.79 35.93 35.04 34.13 33.22 32.31 31.41 30.53 29.68 28.87 28.10 27.40 26.76 26.23 25.81 25.49 25.28 25.14 25.06 25.02 25.03 25.05 25.04 24.99 24.89 24.76 24.59 24.39 24.15 23.88 23.58 23.25 22.90 22.53 22.13 21.72 21.29 20.85 20.46 20.18 20.03 20.02 20.08 20.00 19.78 19.40 18.89 18.36 17.83
23.37 21.64 20.09 18.77 17.66 16.76 16.07 15.58 15.29 15.19 15.27 15.53 15.97 16.57 17.34 18.30 19.69 21.80 24.67 28.27 32.57 37.00 40.45 42.74 43.90 43.94 43.11 41.98 40.81 39.60 38.37 37.12 35.87 34.62 33.39 32.17 30.99 29.85 28.76 27.73 26.78 25.95 25.27 24.76 24.38 24.14 24.01 23.93 23.91 23.92 23.96 24.00 24.01 23.98 23.90 23.78 23.63 23.43 23.20 22.93 22.63 22.31 21.95 21.57 21.16 20.74 20.36 20.07 19.90 19.85 19.95 20.10 20.13 20.02 19.75 19.34 18.80 18.24
