data_processed/recharge/precip/Precip_2002_04.asc
ncols        168
nrows        136
xllcorner    455000
yllcorner    2107000
cellsize     500
NODATA_value     -99999
[rows 34 to 67 of 136, columns 0 to 76 of 168]
25.29 25.21 25.11 25.00 24.89 24.77 24.66 24.56 24.46 24.38 24.32 24.28 24.26 24.28 24.32 24.41 24.57 24.84 25.21 25.53 25.73 25.79 25.76 25.71 25.62 25.51 25.37 25.20 25.02 24.81 24.58 24.34 24.08 23.80 23.51 23.21 22.90 22.58 22.25 21.91 21.58 21.24 20.89 20.55 20.21 19.87 19.54 19.21 18.89 18.59 18.29 18.00 17.73 17.47 17.23 17.01 16.81 16.63 16.47 16.34 16.23 16.15 16.10 16.08 16.10 16.14 16.23 16.34 16.50 16.70 16.93 17.21 17.53 17.89 18.27 18.66 19.07
25.67 25.60 25.50 25.40 25.29 25.18 25.06 24.95 24.85 24.76 24.69 24.63 24.60 24.60 24.62 24.69 24.79 24.97 25.25 25.49 25.61 25.64 25.63 25.59 25.52 25.42 25.30 25.15 24.98 24.78 24.57 24.34 24.09 23.82 23.55 23.25 22.95 22.64 22.32 21.99 21.66 21.33 20.99 20.65 20.32 19.98 19.65 19.33 19.01 18.71 18.41 18.12 17.85 17.59 17.35 17.13 16.92 16.74 16.58 16.44 16.33 16.25 16.19 16.16 16.17 16.20 16.28 16.39 16.53 16.72 16.94 17.21 17.52 17.88 18.26 18.67 19.09
26.04 25.97 25.88 25.78 25.67 25.56 25.44 25.33 25.22 25.13 25.04 24.97 24.93 24.91 24.91 24.95 25.03 25.15 25.34 25.50 25.58 25.62 25.63 25.61 25.55 25.47 25.36 25.23 25.07 24.89 24.69 24.47 24.23 23.97 23.70 23.42 23.13 22.82 22.51 22.19 21.86 21.53 21.20 20.87 20.53 20.20 19.88 19.55 19.24 18.93 18.63 18.35 18.07 17.81 17.57 17.34 17.13 16.94 16.77 16.63 16.51 16.42 16.36 16.32 16.32 16.34 16.41 16.50 16.64 16.81 17.02 17.28 17.57 17.91 18.30 18.72 19.15
26.37 26.31 26.23 26.14 26.03 25.92 25.80 25.69 25.57 25.47 25.37 25.30 25.24 25.20 25.19 25.21 25.26 25.35 25.48 25.61 25.70 25.76 25.78 25.77 25.73 25.66 25.57 25.44 25.30 25.13 24.94 24.73 24.50 24.25 23.99 23.71 23.42 23.13 22.82 22.50 22.18 21.86 21.53 21.19 20.86 20.53 20.21 19.88 19.57 19.26 18.96 18.67 18.39 18.13 17.88 17.64 17.43 17.23 17.06 16.91 16.78 16.68 16.61 16.56 16.54 16.56 16.61 16.70 16.82 16.97 17.17 17.41 17.69 18.02 18.39 18.80 19.23
26.66 26.62 26.55 26.46 26.36 26.25 26.13 26.01 25.90 25.79 25.68 25.59 25.52 25.47 25.44 25.44 25.48 25.54 25.65 25.77 25.88 25.95 25.99 25.99 25.97 25.91 25.83 25.72 25.58 25.42 25.24 25.04 24.82 24.58 24.33 24.06 23.78 23.48 23.18 22.87 22.55 22.23 21.90 21.57 21.24 20.91 20.59 20.26 19.94 19.63 19.33 19.04 18.76 18.49 18.23 17.99 17.77 17.57 17.39 17.23 17.09 16.98 16.90 16.84 16.82 16.82 16.86 16.93 17.04 17.18 17.36 17.59 17.85 18.16 18.51 18.91 19.33
26.90 26.87 26.81 26.73 26.64 26.53 26.42 26.30 26.19 26.07 25.96 25.87 25.79 25.72 25.68 25.67 25.68 25.73 25.81 25.91 26.01 26.10 26.15 26.17 26.16 26.12 26.05 25.95 25.83 25.68 25.51 25.32 25.11 24.88 24.63 24.37 24.10 23.81 23.51 23.21 22.90 22.58 22.25 21.93 21.60 21.27 20.94 20.62 20.30 19.99 19.69 19.39 19.11 18.83 18.58 18.33 18.11 17.90 17.71 17.54 17.40 17.28 17.19 17.12 17.08 17.08 17.10 17.16 17.26 17.39 17.56 17.76 18.01 18.31 18.64 19.02 19.42
27.09 27.07 27.03 26.96 26.88 26.78 26.68 26.56 26.45 26.33 26.22 26.12 26.03 25.96 25.91 25.88 25.88 25.90 25.96 26.03 26.12 26.20 26.27 26.31 26.31 26.28 26.23 26.14 26.03 25.90 25.74 25.56 25.36 25.14 24.90 24.65 24.38 24.10 23.81 23.51 23.21 22.89 22.57 22.25 21.93 21.60 21.28 20.95 20.64 20.32 20.02 19.72 19.44 19.16 18.90 18.65 18.42 18.21 18.02 17.84 17.69 17.57 17.46 17.39 17.34 17.33 17.34 17.39 17.47 17.59 17.75 17.94 18.18 18.45 18.77 19.13 19.52
27.23 27.23 27.21 27.16 27.09 27.00 26.91 26.80 26.69 26.58 26.47 26.36 26.27 26.19 26.13 26.09 26.06 26.06 26.09 26.15 26.21 26.27 26.34 26.39 26.41 26.40 26.36 26.29 26.19 26.07 25.92 25.76 25.57 25.36 25.13 24.89 24.63 24.36 24.08 23.79 23.49 23.18 22.86 22.55 22.22 21.90 21.58 21.26 20.95 20.63 20.33 20.03 19.75 19.47 19.21 18.96 18.72 18.51 18.31 18.13 17.97 17.84 17.73 17.65 17.59 17.57 17.57 17.61 17.68 17.79 17.93 18.11 18.33 18.59 18.89 19.24 19.61
27.34 27.36 27.35 27.32 27.27 27.20 27.11 27.02 26.91 26.81 26.70 26.60 26.50 26.42 26.35 26.28 26.24 26.21 26.22 26.25 26.29 26.33 26.37 26.42 26.46 26.47 26.44 26.39 26.31 26.20 26.07 25.91 25.74 25.54 25.32 25.09 24.85 24.58 24.31 24.03 23.73 23.43 23.12 22.81 22.50 22.18 21.86 21.54 21.23 20.92 20.62 20.32 20.03 19.76 19.49 19.24 19.00 18.78 18.58 18.40 18.24 18.10 17.98 17.90 17.83 17.80 17.80 17.82 17.89 17.98 18.11 18.28 18.49 18.73 19.02 19.35 19.71
27.41 27.46 27.47 27.46 27.43 27.37 27.30 27.22 27.13 27.03 26.93 26.83 26.74 26.65 26.55 26.47 26.40 26.35 26.34 26.35 26.36 26.38 26.40 26.43 26.46 26.49 26.48 26.44 26.38 26.28 26.17 26.03 25.86 25.68 25.48 25.26 25.02 24.77 24.51 24.23 23.95 23.65 23.35 23.05 22.74 22.42 22.11 21.80 21.49 21.18 20.88 20.59 20.30 20.02 19.76 19.51 19.27 19.05 18.84 18.66 18.49 18.35 18.23 18.13 18.06 18.02 18.01 18.03 18.08 18.17 18.29 18.45 18.64 18.87 19.14 19.46 19.80
27.45 27.53 27.57 27.59 27.57 27.54 27.48 27.42 27.34 27.25 27.16 27.07 26.97 26.86 26.75 26.64 26.55 26.49 26.45 26.44 26.42 26.42 26.42 26.42 26.44 26.46 26.47 26.45 26.40 26.32 26.22 26.10 25.95 25.78 25.59 25.38 25.16 24.92 24.67 24.40 24.12 23.84 23.55 23.25 22.95 22.64 22.33 22.03 21.72 21.42 21.12 20.83 20.54 20.27 20.01 19.75 19.51 19.29 19.09 18.90 18.73 18.58 18.46 18.36 18.28 18.24 18.22 18.23 18.28 18.35 18.46 18.60 18.78 19.00 19.26 19.57 19.90
27.47 27.58 27.66 27.70 27.71 27.70 27.66 27.61 27.55 27.47 27.39 27.30 27.18 27.06 26.93 26.80 26.69 26.61 26.55 26.51 26.48 26.45 26.43 26.41 26.40 26.40 26.41 26.41 26.38 26.32 26.23 26.12 25.99 25.84 25.66 25.47 25.26 25.03 24.79 24.53 24.27 23.99 23.71 23.42 23.13 22.83 22.53 22.23 21.93 21.63 21.34 21.05 20.77 20.49 20.23 19.98 19.74 19.52 19.31 19.12 18.95 18.80 18.67 18.57 18.49 18.44 18.42 18.42 18.46 18.53 18.62 18.76 18.92 19.13 19.38 19.68 20.00
27.48 27.63 27.73 27.80 27.84 27.85 27.84 27.81 27.77 27.71 27.63 27.52 27.39 27.24 27.10 26.95 26.83 26.72 26.64 26.58 26.53 26.48 26.43 26.39 26.36 26.34 26.32 26.32 26.31 26.27 26.20 26.11 25.99 25.85 25.69 25.51 25.32 25.10 24.87 24.63 24.38 24.11 23.84 23.56 23.28 22.99 22.69 22.40 22.11 21.81 21.53 21.24 20.96 20.70 20.44 20.19 19.95 19.73 19.52 19.33 19.16 19.01 18.88 18.77 18.69 18.63 18.61 18.61 18.63 18.69 18.78 18.90 19.06 19.26 19.50 19.78 20.10
27.48 27.66 27.80 27.90 27.97 28.02 28.03 28.03 28.00 27.95 27.85 27.73 27.58 27.42 27.25 27.09 26.95 26.82 26.72 26.64 26.57 26.49 26.42 26.36 26.31 26.26 26.23 26.21 26.19 26.17 26.12 26.05 25.95 25.83 25.68 25.52 25.34 25.14 24.92 24.69 24.45 24.20 23.94 23.67 23.39 23.11 22.83 22.54 22.26 21.97 21.69 21.41 21.14 20.88 20.62 20.37 20.14 19.92 19.71 19.52 19.35 19.20 19.07 18.96 18.88 18.82 18.78 18.77 18.79 18.84 18.92 19.04 19.19 19.38 19.61 19.89 20.20
27.48 27.70 27.88 28.01 28.12 28.19 28.23 28.25 28.23 28.17 28.06 27.92 27.76 27.58 27.40 27.22 27.06 26.91 26.80 26.70 26.60 26.50 26.41 26.33 26.25 26.19 26.13 26.08 26.05 26.03 26.00 25.95 25.86 25.76 25.63 25.49 25.32 25.14 24.94 24.72 24.49 24.25 24.00 23.75 23.48 23.21 22.94 22.66 22.38 22.10 21.83 21.56 21.29 21.03 20.78 20.54 20.31 20.09 19.89 19.70 19.53 19.38 19.25 19.14 19.05 18.99 18.95 18.93 18.94 18.99 19.06 19.17 19.32 19.50 19.73 20.00 20.30
27.48 27.74 27.96 28.14 28.28 28.38 28.46 28.48 28.46 28.38 28.26 28.10 27.93 27.73 27.54 27.34 27.16 27.00 26.86 26.74 26.62 26.51 26.40 26.29 26.19 26.11 26.03 25.96 25.90 25.86 25.83 25.80 25.73 25.65 25.54 25.41 25.26 25.09 24.91 24.71 24.50 24.27 24.03 23.79 23.53 23.28 23.01 22.75 22.48 22.21 21.94 21.68 21.42 21.17 20.92 20.68 20.46 20.24 20.04 19.86 19.69 19.54 19.41 19.30 19.21 19.14 19.10 19.08 19.08 19.12 19.19 19.29 19.44 19.61 19.84 20.10 20.40
27.49 27.80 28.06 28.28 28.46 28.60 28.68 28.70 28.66 28.57 28.44 28.27 28.08 27.87 27.66 27.45 27.25 27.07 26.92 26.78 26.64 26.51 26.37 26.25 26.13 26.02 25.92 25.83 25.75 25.69 25.64 25.60 25.56 25.49 25.41 25.29 25.16 25.01 24.84 24.66 24.46 24.25 24.03 23.80 23.56 23.31 23.06 22.80 22.54 22.29 22.03 21.77 21.52 21.27 21.04 20.80 20.58 20.37 20.18 20.00 19.83 19.68 19.55 19.44 19.35 19.28 19.23 19.21 19.21 19.25 19.31 19.41 19.55 19.73 19.94 20.20 20.50
27.52 27.88 28.18 28.44 28.66 28.81 28.89 28.90 28.85 28.75 28.61 28.43 28.22 28.00 27.78 27.55 27.33 27.13 26.96 26.80 26.65 26.50 26.34 26.20 26.06 25.93 25.81 25.69 25.60 25.51 25.44 25.38 25.34 25.30 25.23 25.14 25.02 24.89 24.74 24.57 24.39 24.20 23.99 23.77 23.54 23.31 23.07 22.83 22.58 22.33 22.09 21.84 21.60 21.36 21.13 20.90 20.69 20.49 20.30 20.12 19.96 19.81 19.68 19.57 19.48 19.40 19.35 19.33 19.33 19.36 19.42 19.52 19.66 19.83 20.05 20.30 20.60
27.57 27.97 28.33 28.63 28.87 29.02 29.09 29.09 29.03 28.92 28.76 28.57 28.35 28.12 27.88 27.64 27.40 27.19 27.00 26.82 26.65 26.48 26.31 26.14 25.98 25.83 25.69 25.56 25.44 25.33 25.24 25.16 25.10 25.06 25.01 24.93 24.84 24.73 24.60 24.45 24.28 24.10 23.91 23.71 23.50 23.28 23.05 22.82 22.59 22.35 22.12 21.88 21.65 21.42 21.20 20.98 20.77 20.58 20.39 20.22 20.06 19.92 19.79 19.68 19.58 19.51 19.46 19.43 19.43 19.46 19.53 19.62 19.76 19.93 20.15 20.40 20.70
27.65 28.10 28.51 28.83 29.07 29.21 29.27 29.26 29.19 29.07 28.90 28.70 28.47 28.23 27.97 27.71 27.47 27.24 27.03 26.84 26.65 26.45 26.27 26.08 25.90 25.73 25.57 25.42 25.28 25.15 25.03 24.93 24.85 24.79 24.74 24.69 24.62 24.52 24.41 24.28 24.14 23.98 23.80 23.62 23.42 23.22 23.01 22.79 22.57 22.34 22.12 21.90 21.67 21.46 21.24 21.04 20.84 20.65 20.47 20.30 20.15 20.01 19.88 19.77 19.67 19.60 19.55 19.52 19.52 19.56 19.62 19.72 19.85 20.03 20.24 20.50 20.80
27.76 28.27 28.70 29.02 29.24 29.38 29.44 29.42 29.34 29.21 29.03 28.82 28.58 28.32 28.05 27.78 27.52 27.27 27.05 26.84 26.63 26.42 26.22 26.02 25.82 25.63 25.45 25.27 25.11 24.96 24.83 24.71 24.60 24.52 24.45 24.40 24.35 24.28 24.19 24.08 23.95 23.81 23.65 23.49 23.31 23.12 22.92 22.72 22.51 22.31 22.09 21.88 21.67 21.46 21.26 21.07 20.88 20.70 20.53 20.37 20.21 20.07 19.95 19.84 19.75 19.67 19.62 19.60 19.61 19.64 19.70 19.80 19.94 20.12 20.34 20.60 20.90
27.90 28.44 28.87 29.19 29.41 29.54 29.59 29.57 29.48 29.34 29.15 28.93 28.67 28.40 28.12 27.84 27.56 27.30 27.06 26.84 26.61 26.39 26.16 25.94 25.73 25.52 25.32 25.13 24.95 24.78 24.62 24.48 24.36 24.25 24.16 24.10 24.05 23.99 23.92 23.84 23.73 23.61 23.47 23.32 23.16 22.99 22.81 22.62 22.43 22.24 22.04 21.84 21.64 21.45 21.26 21.07 20.89 20.72 20.56 20.40 20.25 20.12 19.99 19.89 19.80 19.73 19.69 19.67 19.67 19.71 19.78 19.88 20.02 20.20 20.42 20.69 20.99
28.06 28.60 29.02 29.34 29.55 29.68 29.72 29.69 29.60 29.45 29.25 29.02 28.76 28.48 28.18 27.89 27.60 27.32 27.07 26.83 26.59 26.34 26.10 25.87 25.64 25.41 25.19 24.98 24.78 24.59 24.41 24.25 24.11 23.98 23.87 23.78 23.72 23.67 23.62 23.55 23.47 23.36 23.25 23.12 22.98 22.82 22.66 22.49 22.32 22.14 21.95 21.77 21.59 21.41 21.23 21.05 20.88 20.72 20.56 20.41 20.27 20.14 20.02 19.92 19.83 19.77 19.73 19.72 19.73 19.77 19.84 19.95 20.10 20.28 20.51 20.78 21.09
28.20 28.74 29.16 29.47 29.69 29.81 29.84 29.81 29.71 29.55 29.35 29.10 28.83 28.54 28.23 27.92 27.62 27.33 27.06 26.81 26.55 26.30 26.04 25.79 25.54 25.29 25.06 24.83 24.61 24.40 24.21 24.03 23.86 23.71 23.58 23.47 23.38 23.32 23.27 23.23 23.16 23.08 22.99 22.88 22.76 22.62 22.48 22.33 22.17 22.01 21.84 21.67 21.50 21.34 21.17 21.01 20.85 20.69 20.54 20.40 20.26 20.14 20.02 19.93 19.85 19.80 19.76 19.75 19.77 19.82 19.90 20.02 20.17 20.36 20.59 20.87 21.18
28.33 28.86 29.28 29.59 29.80 29.92 29.95 29.91 29.80 29.64 29.43 29.17 28.89 28.59 28.27 27.95 27.64 27.33 27.05 26.78 26.51 26.24 25.97 25.70 25.43 25.17 24.92 24.67 24.44 24.21 24.00 23.80 23.61 23.45 23.30 23.17 23.06 22.97 22.91 22.86 22.82 22.76 22.69 22.60 22.50 22.39 22.26 22.13 21.99 21.85 21.70 21.54 21.39 21.24 21.09 20.94 20.79 20.64 20.49 20.36 20.23 20.11 20.01 19.92 19.85 19.80 19.78 19.77 19.80 19.86 19.95 20.07 20.23 20.43 20.67 20.95 21.28
28.43 28.97 29.39 29.69 29.90 30.01 30.04 30.00 29.88 29.71 29.49 29.23 28.94 28.63 28.30 27.97 27.64 27.33 27.03 26.75 26.46 26.18 25.89 25.61 25.33 25.05 24.78 24.52 24.26 24.02 23.79 23.57 23.37 23.18 23.01 22.86 22.73 22.62 22.54 22.48 22.44 22.41 22.35 22.29 22.21 22.12 22.01 21.90 21.78 21.65 21.52 21.39 21.25 21.11 20.97 20.83 20.69 20.55 20.42 20.29 20.17 20.06 19.97 19.89 19.83 19.79 19.77 19.78 19.82 19.88 19.98 20.11 20.28 20.49 20.74 21.03 21.37
28.52 29.06 29.47 29.78 29.98 30.09 30.12 30.07 29.95 29.77 29.55 29.28 28.98 28.66 28.32 27.98 27.64 27.31 27.01 26.71 26.41 26.11 25.81 25.51 25.21 24.92 24.64 24.36 24.09 23.83 23.58 23.34 23.12 22.91 22.73 22.56 22.41 22.28 22.17 22.09 22.04 22.01 21.98 21.94 21.88 21.81 21.73 21.63 21.53 21.43 21.31 21.20 21.08 20.96 20.83 20.70 20.57 20.44 20.32 20.20 20.09 19.99 19.91 19.84 19.79 19.76 19.76 19.77 19.82 19.90 20.00 20.15 20.33 20.54 20.80 21.11 21.46
28.59 29.13 29.54 29.85 30.05 30.16 30.18 30.13 30.00 29.82 29.59 29.31 29.01 28.68 28.33 27.98 27.63 27.29 26.97 26.66 26.35 26.04 25.72 25.41 25.10 24.79 24.49 24.19 23.91 23.63 23.37 23.11 22.87 22.65 22.44 22.25 22.09 21.94 21.81 21.71 21.64 21.59 21.57 21.54 21.51 21.46 21.40 21.33 21.25 21.17 21.08 20.98 20.87 20.76 20.65 20.53 20.41 20.30 20.18 20.08 19.98 19.90 19.83 19.77 19.73 19.72 19.72 19.75 19.81 19.90 20.02 20.17 20.36 20.59 20.87 21.18 21.54
28.64 29.18 29.60 29.90 30.10 30.21 30.23 30.17 30.04 29.86 29.62 29.34 29.02 28.69 28.33 27.97 27.61 27.26 26.93 26.61 26.29 25.96 25.63 25.30 24.98 24.66 24.34 24.03 23.73 23.44 23.15 22.88 22.63 22.39 22.16 21.96 21.77 21.60 21.46 21.34 21.24 21.17 21.13 21.12 21.11 21.08 21.05 21.00 20.94 20.88 20.80 20.72 20.63 20.54 20.44 20.33 20.23 20.12 20.03 19.93 19.85 19.78 19.72 19.68 19.66 19.65 19.67 19.71 19.79 19.89 20.02 20.19 20.39 20.64 20.92 21.25 21.63
28.68 29.22 29.64 29.94 30.14 30.25 30.26 30.20 30.07 29.88 29.64 29.35 29.03 28.68 28.32 27.95 27.58 27.23 26.88 26.55 26.21 25.87 25.53 25.19 24.86 24.52 24.19 23.86 23.55 23.24 22.94 22.66 22.38 22.12 21.88 21.66 21.45 21.27 21.11 20.97 20.85 20.76 20.70 20.67 20.66 20.66 20.65 20.63 20.59 20.55 20.50 20.43 20.36 20.28 20.19 20.10 20.01 19.92 19.84 19.76 19.69 19.64 19.59 19.57 19.56 19.57 19.60 19.66 19.75 19.87 20.01 20.20 20.42 20.67 20.97 21.32 21.71
28.69 29.24 29.66 29.96 30.16 30.27 30.28 30.22 30.09 29.89 29.64 29.35 29.03 28.67 28.30 27.93 27.55 27.18 26.83 26.48 26.14 25.78 25.43 25.08 24.73 24.38 24.03 23.70 23.36 23.04 22.73 22.43 22.14 21.86 21.61 21.36 21.14 20.94 20.76 20.60 20.47 20.36 20.28 20.23 20.20 20.21 20.22 20.22 20.21 20.19 20.15 20.10 20.05 19.98 19.91 19.84 19.76 19.69 19.62 19.56 19.51 19.47 19.44 19.43 19.44 19.47 19.52 19.59 19.70 19.83 19.99 20.19 20.43 20.70 21.02 21.38 21.79
28.69 29.24 29.66 29.97 30.17 30.27 30.29 30.22 30.09 29.89 29.64 29.34 29.01 28.65 28.28 27.89 27.50 27.13 26.77 26.41 26.05 25.69 25.33 24.96 24.60 24.24 23.88 23.53 23.18 22.84 22.52 22.20 21.90 21.61 21.33 21.07 20.83 20.61 20.42 20.24 20.09 19.96 19.86 19.79 19.75 19.74 19.75 19.78 19.79 19.79 19.77 19.74 19.70 19.65 19.60 19.54 19.48 19.43 19.38 19.34 19.30 19.28 19.27 19.28 19.30 19.35 19.42 19.51 19.63 19.78 19.96 20.18 20.43 20.73 21.06 21.44 21.86
28.68 29.23 29.65 29.96 30.16 30.27 30.28 30.21 30.08 29.88 29.62 29.32 28.98 28.62 28.24 27.85 27.45 27.07 26.70 26.33 25.96 25.59 25.21 24.84 24.46 24.09 23.72 23.35 23.00 22.65 22.30 21.97 21.65 21.35 21.06 20.79 20.53 20.29 20.08 19.88 19.71 19.57 19.45 19.36 19.30 19.27 19.27 19.30 19.33 19.34 19.34 19.33 19.31 19.28 19.25 19.21 19.17 19.14 19.11 19.09 19.07 19.07 19.08 19.10 19.15 19.21 19.30 19.41 19.55 19.72 19.92 20.16 20.43 20.74 21.09 21.49 21.94
28.64 29.19 29.62 29.93 30.14 30.24 30.26 30.19 30.05 29.85 29.59 29.29 28.95 28.58 28.19 27.79 27.39 27.00 26.62 26.25 25.87 25.48 25.10 24.71 24.33 23.94 23.56 23.18 22.81 22.45 22.09 21.75 21.41 21.09 20.79 20.50 20.23 19.98 19.74 19.53 19.35 19.18 19.05 18.94 18.86 18.81 18.79 18.79 18.82 18.85 18.88 18.88 18.88 18.88 18.86 18.85 18.83 18.82 18.81 18.81 18.81 18.83 18.86 18.91 18.97 19.05 19.16 19.30 19.46 19.65 19.87 20.12 20.42 20.75 21.12 21.54 22.01
