data_processed/recharge/precip/Precip_1999_10.asc
ncols        168
nrows        136
xllcorner    455000
yllcorner    2107000
cellsize     500
NODATA_value     -99999
[rows 66 to 98 of 136, columns 75 to 149 of 168]
80.32 75.95 71.61 67.68 64.17 61.08 58.39 56.10 54.19 52.66 51.49 50.68 50.20 50.06 50.23 50.61 51.05 51.51 52.01 52.57 53.21 53.95 54.82 55.83 57.02 58.39 59.98 61.80 63.84 65.98 68.19 70.45 72.74 75.06 77.38 79.68 81.96 84.20 86.37 88.47 90.49 92.38 94.10 95.62 96.92 98.04 98.97 99.73 100.32 100.77 101.07 101.24 101.29 101.22 101.07 100.90 100.72 100.54 100.34 100.12 99.87 99.59 99.25 98.87 98.43 97.92 97.34 96.68 95.92 95.06 94.08 93.01 91.85 90.61 89.31
81.30 76.96 72.66 68.76 65.30 62.25 59.61 57.37 55.51 54.04 52.92 52.17 51.76 51.68 51.90 52.28 52.72 53.18 53.68 54.24 54.88 55.62 56.49 57.51 58.70 60.07 61.66 63.49 65.52 67.67 69.87 72.14 74.43 76.75 79.07 81.37 83.66 85.89 88.07 90.17 92.18 94.02 95.65 97.07 98.30 99.35 100.22 100.92 101.47 101.88 102.15 102.30 102.34 102.28 102.13 101.97 101.81 101.64 101.46 101.26 101.03 100.77 100.46 100.10 99.69 99.21 98.66 98.00 97.20 96.29 95.26 94.15 92.95 91.68 90.36
82.22 77.93 73.70 69.86 66.46 63.48 60.91 58.74 56.96 55.56 54.53 53.86 53.54 53.51 53.67 53.95 54.33 54.79 55.29 55.85 56.49 57.23 58.10 59.12 60.31 61.68 63.27 65.10 67.13 69.28 71.49 73.75 76.04 78.36 80.68 82.99 85.27 87.51 89.69 91.78 93.73 95.47 97.01 98.35 99.51 100.49 101.31 101.96 102.48 102.86 103.11 103.25 103.28 103.22 103.09 102.95 102.80 102.66 102.50 102.32 102.12 101.89 101.62 101.29 100.92 100.47 99.93 99.25 98.42 97.46 96.40 95.24 94.01 92.72 91.37
83.05 78.85 74.70 70.95 67.63 64.74 62.27 60.20 58.52 57.22 56.29 55.73 55.48 55.41 55.45 55.62 55.91 56.32 56.81 57.37 58.01 58.75 59.62 60.64 61.82 63.20 64.79 66.61 68.65 70.79 73.00 75.26 77.56 79.87 82.19 84.50 86.78 89.02 91.19 93.22 95.06 96.71 98.17 99.45 100.54 101.46 102.23 102.84 103.33 103.68 103.92 104.06 104.09 104.05 103.93 103.81 103.70 103.58 103.45 103.31 103.14 102.94 102.71 102.43 102.09 101.66 101.09 100.39 99.54 98.57 97.47 96.28 95.02 93.70 92.33
83.80 79.70 75.65 72.01 68.81 66.03 63.67 61.72 60.17 58.99 58.20 57.72 57.43 57.26 57.20 57.26 57.45 57.78 58.23 58.78 59.42 60.16 61.03 62.04 63.23 64.60 66.19 68.01 70.04 72.18 74.39 76.65 78.95 81.26 83.58 85.89 88.17 90.39 92.49 94.42 96.16 97.73 99.11 100.33 101.36 102.24 102.96 103.55 104.00 104.34 104.58 104.71 104.76 104.73 104.65 104.55 104.47 104.39 104.30 104.19 104.07 103.91 103.72 103.48 103.16 102.71 102.12 101.40 100.55 99.57 98.47 97.26 95.98 94.64 93.25
84.42 80.46 76.54 73.03 69.96 67.33 65.11 63.30 61.89 60.86 60.18 59.68 59.29 59.01 58.86 58.83 58.93 59.17 59.55 60.06 60.70 61.43 62.30 63.31 64.49 65.86 67.45 69.27 71.30 73.44 75.64 77.90 80.19 82.50 84.82 87.12 89.39 91.54 93.53 95.35 97.01 98.49 99.81 100.97 101.97 102.81 103.50 104.06 104.50 104.83 105.06 105.20 105.27 105.26 105.21 105.16 105.11 105.07 105.02 104.96 104.89 104.78 104.64 104.42 104.07 103.60 103.00 102.27 101.42 100.45 99.36 98.16 96.86 95.50 94.10
84.92 81.10 77.34 73.99 71.08 68.61 66.55 64.91 63.67 62.77 62.07 61.47 60.99 60.63 60.39 60.28 60.30 60.46 60.76 61.22 61.82 62.55 63.41 64.42 65.60 66.96 68.54 70.36 72.39 74.52 76.72 78.98 81.26 83.57 85.89 88.18 90.37 92.41 94.28 96.01 97.57 98.99 100.25 101.36 102.33 103.14 103.82 104.36 104.78 105.11 105.35 105.51 105.60 105.63 105.61 105.60 105.60 105.61 105.61 105.61 105.58 105.53 105.41 105.16 104.80 104.31 103.70 102.97 102.13 101.17 100.11 98.94 97.66 96.30 94.89
85.27 81.63 78.04 74.87 72.15 69.85 67.99 66.54 65.44 64.54 63.75 63.07 62.50 62.06 61.74 61.56 61.51 61.60 61.84 62.23 62.78 63.49 64.34 65.34 66.52 67.88 69.45 71.26 73.29 75.42 77.61 79.86 82.15 84.45 86.75 88.96 91.03 92.95 94.72 96.36 97.85 99.19 100.40 101.48 102.42 103.22 103.89 104.43 104.86 105.19 105.44 105.62 105.74 105.81 105.84 105.88 105.93 105.99 106.05 106.11 106.14 106.11 105.96 105.70 105.32 104.82 104.21 103.49 102.66 101.73 100.70 99.56 98.33 97.00 95.59
85.45 82.01 78.63 75.66 73.14 71.05 69.40 68.11 67.02 66.04 65.16 64.41 63.77 63.25 62.87 62.62 62.51 62.54 62.73 63.07 63.57 64.23 65.07 66.06 67.23 68.59 70.16 71.96 73.98 76.10 78.29 80.53 82.81 85.10 87.32 89.40 91.34 93.16 94.84 96.38 97.80 99.09 100.26 101.30 102.22 103.01 103.69 104.25 104.70 105.04 105.31 105.52 105.67 105.79 105.87 105.97 106.08 106.20 106.33 106.44 106.50 106.45 106.28 106.00 105.61 105.12 104.52 103.81 103.00 102.10 101.10 100.01 98.83 97.56 96.20
85.45 82.23 79.07 76.33 74.04 72.19 70.72 69.44 68.28 67.22 66.27 65.45 64.74 64.17 63.72 63.42 63.25 63.24 63.38 63.68 64.14 64.77 65.57 66.55 67.71 69.06 70.62 72.42 74.43 76.55 78.73 80.97 83.23 85.43 87.51 89.47 91.30 93.01 94.60 96.07 97.42 98.66 99.79 100.81 101.71 102.51 103.20 103.79 104.27 104.65 104.95 105.19 105.39 105.56 105.70 105.86 106.04 106.23 106.42 106.56 106.60 106.52 106.34 106.06 105.67 105.18 104.59 103.91 103.13 102.27 101.31 100.27 99.15 97.94 96.66
85.25 82.28 79.37 76.87 74.84 73.19 71.74 70.40 69.16 68.04 67.03 66.14 65.38 64.75 64.26 63.91 63.70 63.65 63.75 64.01 64.45 65.05 65.83 66.79 67.94 69.28 70.84 72.63 74.63 76.74 78.92 81.13 83.30 85.36 87.31 89.14 90.87 92.48 93.99 95.39 96.69 97.89 98.98 99.98 100.88 101.69 102.40 103.02 103.54 103.98 104.34 104.62 104.87 105.10 105.31 105.54 105.79 106.05 106.27 106.39 106.40 106.32 106.13 105.84 105.46 104.98 104.42 103.77 103.03 102.20 101.30 100.32 99.26 98.13 96.93
84.84 82.13 79.49 77.27 75.45 73.84 72.33 70.92 69.63 68.44 67.38 66.44 65.64 64.96 64.43 64.04 63.80 63.72 63.79 64.03 64.44 65.03 65.79 66.74 67.88 69.22 70.77 72.55 74.54 76.65 78.80 80.92 82.95 84.87 86.69 88.41 90.03 91.56 92.99 94.33 95.58 96.74 97.81 98.80 99.70 100.52 101.26 101.92 102.50 103.00 103.43 103.79 104.10 104.39 104.68 104.99 105.31 105.60 105.80 105.90 105.90 105.81 105.62 105.34 104.97 104.52 103.98 103.37 102.67 101.90 101.05 100.14 99.15 98.10 96.99
84.19 81.77 79.42 77.44 75.67 74.00 72.43 70.97 69.62 68.39 67.28 66.31 65.46 64.75 64.19 63.77 63.50 63.40 63.46 63.68 64.08 64.66 65.42 66.37 67.51 68.85 70.40 72.17 74.16 76.23 78.29 80.26 82.14 83.93 85.63 87.25 88.78 90.22 91.59 92.87 94.08 95.21 96.26 97.25 98.16 99.00 99.77 100.47 101.12 101.69 102.21 102.67 103.07 103.43 103.80 104.18 104.54 104.82 104.99 105.08 105.07 104.97 104.79 104.53 104.18 103.76 103.26 102.69 102.04 101.33 100.55 99.71 98.81 97.84 96.82
83.34 81.18 79.09 77.16 75.34 73.62 72.00 70.49 69.10 67.84 66.69 65.68 64.81 64.07 63.49 63.05 62.77 62.65 62.70 62.92 63.32 63.89 64.66 65.62 66.77 68.12 69.69 71.46 73.43 75.40 77.30 79.12 80.87 82.53 84.12 85.63 87.08 88.45 89.75 90.99 92.16 93.27 94.31 95.30 96.22 97.09 97.91 98.67 99.37 100.03 100.64 101.20 101.72 102.19 102.65 103.07 103.41 103.66 103.82 103.90 103.89 103.80 103.64 103.39 103.08 102.69 102.24 101.71 101.13 100.48 99.78 99.01 98.20 97.33 96.41
82.44 80.45 78.42 76.45 74.58 72.81 71.15 69.60 68.18 66.88 65.70 64.67 63.77 63.02 62.41 61.96 61.68 61.55 61.60 61.82 62.22 62.80 63.58 64.55 65.72 67.10 68.68 70.49 72.41 74.24 75.98 77.65 79.26 80.80 82.29 83.71 85.07 86.37 87.62 88.81 89.95 91.04 92.08 93.07 94.02 94.92 95.78 96.59 97.37 98.11 98.82 99.49 100.13 100.73 101.25 101.65 101.97 102.20 102.36 102.43 102.43 102.35 102.21 101.99 101.71 101.37 100.96 100.50 99.98 99.40 98.78 98.10 97.38 96.61 95.80
81.74 79.82 77.80 75.81 73.88 72.07 70.36 68.77 67.31 65.97 64.77 63.70 62.78 62.00 61.38 60.92 60.62 60.48 60.52 60.74 61.14 61.73 62.51 63.50 64.68 66.08 67.69 69.54 71.51 73.27 74.86 76.38 77.85 79.27 80.64 81.96 83.23 84.46 85.64 86.79 87.89 88.96 89.99 90.98 91.94 92.87 93.77 94.64 95.49 96.31 97.11 97.88 98.63 99.30 99.82 100.22 100.51 100.73 100.88 100.95 100.95 100.89 100.77 100.58 100.34 100.03 99.68 99.27 98.81 98.31 97.76 97.17 96.55 95.88 95.18
81.22 79.33 77.34 75.35 73.40 71.53 69.77 68.14 66.63 65.25 64.01 62.91 61.96 61.15 60.51 60.02 59.70 59.56 59.58 59.80 60.19 60.78 61.57 62.55 63.75 65.16 66.81 68.72 70.74 72.54 74.06 75.43 76.76 78.04 79.29 80.50 81.68 82.83 83.95 85.03 86.09 87.13 88.14 89.13 90.10 91.05 91.98 92.90 93.81 94.70 95.58 96.45 97.26 97.93 98.44 98.83 99.12 99.32 99.46 99.53 99.54 99.49 99.38 99.22 99.01 98.75 98.45 98.09 97.70 97.27 96.80 96.30 95.76 95.20 94.60
80.83 78.96 77.00 75.04 73.10 71.20 69.39 67.70 66.14 64.72 63.44 62.30 61.30 60.47 59.79 59.28 58.94 58.77 58.78 58.98 59.37 59.95 60.73 61.72 62.92 64.36 66.06 68.02 70.09 71.93 73.48 74.78 75.96 77.11 78.23 79.33 80.40 81.46 82.50 83.53 84.54 85.53 86.52 87.50 88.47 89.43 90.39 91.35 92.30 93.26 94.22 95.13 95.93 96.59 97.09 97.48 97.77 97.98 98.10 98.17 98.18 98.15 98.06 97.92 97.75 97.53 97.27 96.97 96.64 96.28 95.89 95.47 95.02 94.56 94.07
80.55 78.72 76.79 74.86 72.94 71.05 69.20 67.46 65.85 64.37 63.04 61.85 60.82 59.94 59.23 58.69 58.32 58.12 58.12 58.29 58.67 59.24 60.01 61.00 62.22 63.71 65.45 67.44 69.54 71.42 73.00 74.32 75.43 76.44 77.42 78.40 79.37 80.33 81.29 82.24 83.19 84.14 85.10 86.06 87.02 87.99 88.97 89.96 90.96 91.97 92.95 93.85 94.64 95.28 95.78 96.16 96.46 96.68 96.81 96.87 96.89 96.86 96.79 96.68 96.54 96.36 96.15 95.90 95.63 95.34 95.03 94.69 94.34 93.97 93.59
80.38 78.58 76.68 74.78 72.89 71.02 69.19 67.41 65.74 64.20 62.82 61.58 60.50 59.58 58.83 58.25 57.84 57.62 57.58 57.74 58.09 58.64 59.40 60.41 61.67 63.19 64.96 66.98 69.10 71.00 72.60 73.95 75.07 76.00 76.86 77.70 78.55 79.41 80.28 81.15 82.04 82.94 83.86 84.79 85.74 86.70 87.69 88.71 89.74 90.77 91.73 92.61 93.38 94.01 94.50 94.89 95.19 95.41 95.56 95.64 95.66 95.64 95.59 95.50 95.39 95.25 95.08 94.89 94.68 94.46 94.21 93.96 93.70 93.43 93.15
80.31 78.54 76.68 74.81 72.95 71.11 69.29 67.52 65.81 64.22 62.77 61.48 60.35 59.38 58.58 57.95 57.51 57.25 57.18 57.30 57.63 58.16 58.94 59.97 61.26 62.80 64.59 66.63 68.77 70.67 72.29 73.65 74.78 75.72 76.49 77.21 77.94 78.69 79.45 80.25 81.06 81.90 82.77 83.66 84.59 85.55 86.55 87.57 88.61 89.61 90.55 91.41 92.16 92.78 93.26 93.64 93.95 94.18 94.35 94.45 94.49 94.48 94.44 94.38 94.30 94.19 94.07 93.93 93.78 93.62 93.46 93.28 93.11 92.93 92.79
80.32 78.59 76.76 74.93 73.10 71.29 69.50 67.75 66.04 64.41 62.90 61.55 60.36 59.33 58.48 57.81 57.32 57.02 56.91 57.00 57.30 57.83 58.63 59.69 60.99 62.55 64.35 66.38 68.52 70.43 72.05 73.41 74.55 75.48 76.25 76.90 77.50 78.13 78.79 79.49 80.22 81.00 81.81 82.66 83.56 84.51 85.50 86.51 87.52 88.49 89.41 90.25 90.98 91.59 92.06 92.43 92.74 92.99 93.17 93.30 93.36 93.38 93.36 93.32 93.26 93.19 93.11 93.03 92.94 92.84 92.75 92.66 92.57 92.51 92.53
80.42 78.71 76.93 75.13 73.34 71.55 69.79 68.07 66.38 64.75 63.20 61.78 60.53 59.45 58.54 57.81 57.27 56.92 56.77 56.83 57.12 57.67 58.48 59.55 60.86 62.42 64.22 66.24 68.38 70.27 71.88 73.23 74.36 75.29 76.06 76.68 77.21 77.72 78.27 78.86 79.51 80.21 80.96 81.77 82.63 83.55 84.51 85.50 86.47 87.41 88.30 89.12 89.83 90.42 90.89 91.26 91.57 91.83 92.03 92.18 92.27 92.33 92.34 92.32 92.29 92.26 92.22 92.18 92.15 92.12 92.10 92.08 92.11 92.21 92.40
80.57 78.91 77.17 75.41 73.65 71.90 70.17 68.47 66.81 65.20 63.65 62.19 60.87 59.72 58.75 57.96 57.36 56.96 56.77 56.81 57.11 57.67 58.49 59.55 60.86 62.41 64.19 66.21 68.32 70.19 71.78 73.11 74.22 75.14 75.88 76.49 76.99 77.42 77.85 78.34 78.90 79.51 80.20 80.95 81.77 82.65 83.57 84.52 85.46 86.37 87.23 88.02 88.72 89.30 89.75 90.12 90.44 90.70 90.92 91.09 91.22 91.30 91.36 91.38 91.38 91.38 91.38 91.39 91.41 91.45 91.50 91.59 91.76 92.02 92.37
80.79 79.17 77.47 75.75 74.03 72.31 70.61 68.94 67.30 65.72 64.19 62.73 61.36 60.14 59.10 58.25 57.60 57.14 56.93 56.97 57.28 57.84 58.64 59.70 60.99 62.52 64.28 66.26 68.34 70.18 71.74 73.05 74.13 75.01 75.73 76.31 76.78 77.18 77.53 77.91 78.36 78.89 79.50 80.18 80.95 81.79 82.67 83.57 84.48 85.36 86.20 86.96 87.64 88.21 88.65 89.01 89.33 89.61 89.84 90.03 90.19 90.32 90.41 90.48 90.52 90.56 90.60 90.66 90.74 90.84 90.98 91.20 91.52 91.93 92.43
81.06 79.48 77.83 76.15 74.46 72.78 71.12 69.47 67.86 66.30 64.79 63.35 61.99 60.72 59.61 58.69 57.97 57.49 57.27 57.31 57.61 58.15 58.95 59.98 61.24 62.74 64.47 66.41 68.45 70.25 71.77 73.03 74.07 74.91 75.59 76.13 76.57 76.93 77.24 77.53 77.88 78.31 78.83 79.46 80.17 80.96 81.80 82.66 83.53 84.39 85.19 85.94 86.60 87.15 87.58 87.94 88.26 88.55 88.80 89.01 89.20 89.36 89.50 89.61 89.71 89.80 89.88 89.99 90.12 90.30 90.57 90.93 91.39 91.94 92.58
81.37 79.84 78.23 76.59 74.95 73.30 71.67 70.06 68.48 66.95 65.46 64.04 62.69 61.42 60.27 59.28 58.52 58.03 57.80 57.83 58.10 58.63 59.39 60.39 61.62 63.07 64.75 66.65 68.63 70.38 71.84 73.06 74.04 74.84 75.47 75.96 76.35 76.66 76.92 77.16 77.43 77.76 78.20 78.77 79.43 80.17 80.97 81.79 82.63 83.45 84.23 84.95 85.59 86.13 86.55 86.91 87.23 87.52 87.78 88.02 88.24 88.43 88.61 88.78 88.93 89.08 89.22 89.38 89.58 89.88 90.28 90.77 91.36 92.04 92.80
81.71 80.22 78.66 77.07 75.47 73.87 72.27 70.69 69.15 67.64 66.18 64.78 63.45 62.20 61.04 60.04 59.28 58.77 58.51 58.51 58.76 59.25 59.97 60.92 62.11 63.51 65.13 66.97 68.89 70.57 71.98 73.12 74.05 74.78 75.35 75.78 76.11 76.36 76.57 76.75 76.96 77.22 77.61 78.12 78.73 79.42 80.17 80.96 81.76 82.54 83.30 84.00 84.62 85.14 85.55 85.90 86.23 86.53 86.80 87.06 87.31 87.54 87.76 87.97 88.18 88.39 88.60 88.84 89.16 89.57 90.09 90.71 91.41 92.21 93.09
82.06 80.63 79.12 77.58 76.02 74.46 72.90 71.36 69.85 68.37 66.93 65.56 64.25 63.02 61.92 60.98 60.22 59.69 59.40 59.36 59.57 60.01 60.68 61.58 62.71 64.05 65.61 67.37 69.22 70.82 72.15 73.23 74.08 74.74 75.24 75.60 75.86 76.04 76.18 76.30 76.46 76.70 77.05 77.50 78.06 78.70 79.41 80.16 80.92 81.67 82.40 83.08 83.68 84.18 84.58 84.93 85.26 85.56 85.86 86.14 86.41 86.68 86.94 87.20 87.46 87.74 88.04 88.40 88.85 89.38 90.00 90.73 91.54 92.45 93.44
82.43 81.05 79.59 78.10 76.59 75.07 73.56 72.05 70.57 69.12 67.72 66.37 65.09 63.92 62.91 62.04 61.33 60.79 60.46 60.38 60.53 60.91 61.53 62.36 63.42 64.69 66.17 67.85 69.61 71.13 72.37 73.37 74.14 74.71 75.13 75.41 75.59 75.69 75.75 75.82 75.97 76.20 76.51 76.92 77.43 78.02 78.69 79.39 80.12 80.84 81.54 82.19 82.77 83.26 83.65 83.99 84.32 84.63 84.94 85.24 85.54 85.84 86.15 86.46 86.78 87.13 87.55 88.05 88.63 89.27 90.00 90.82 91.74 92.74 93.83
82.81 81.48 80.07 78.63 77.17 75.70 74.23 72.76 71.32 69.90 68.53 67.21 66.00 64.92 63.99 63.20 62.55 62.04 61.69 61.55 61.64 61.96 62.50 63.26 64.23 65.42 66.81 68.39 70.06 71.49 72.64 73.53 74.21 74.69 75.01 75.20 75.29 75.30 75.31 75.37 75.51 75.71 76.00 76.37 76.83 77.38 77.99 78.66 79.35 80.04 80.71 81.34 81.90 82.37 82.75 83.08 83.41 83.74 84.06 84.38 84.71 85.04 85.39 85.74 86.14 86.60 87.15 87.77 88.47 89.24 90.07 90.99 91.99 93.08 94.25
83.17 81.90 80.55 79.16 77.75 76.33 74.90 73.47 72.07 70.69 69.36 68.11 67.00 66.01 65.16 64.43 63.84 63.38 63.05 62.87 62.89 63.13 63.59 64.26 65.15 66.24 67.53 69.01 70.57 71.89 72.93 73.73 74.30 74.68 74.89 74.98 74.96 74.92 74.92 74.98 75.10 75.28 75.53 75.86 76.27 76.77 77.34 77.96 78.62 79.27 79.92 80.52 81.06 81.51 81.88 82.21 82.54 82.87 83.20 83.55 83.90 84.27 84.66 85.08 85.58 86.16 86.82 87.56 88.37 89.25 90.19 91.20 92.28 93.45 94.70
83.52 82.30 81.01 79.68 78.32 76.95 75.56 74.19 72.82 71.49 70.23 69.09 68.07 67.17 66.39 65.73 65.20 64.78 64.49 64.31 64.28 64.43 64.80 65.38 66.16 67.14 68.32 69.69 71.13 72.34 73.26 73.94 74.39 74.66 74.76 74.74 74.66 74.62 74.61 74.66 74.75 74.91 75.12 75.41 75.77 76.20 76.72 77.30 77.92 78.54 79.15 79.73 80.25 80.69 81.04 81.36 81.69 82.03 82.38 82.74 83.13 83.53 83.97 84.49 85.10 85.79 86.55 87.39 88.31 89.29 90.33 91.44 92.61 93.85 95.16
