data_processed/recharge/precip/Precip_2009_03.asc
ncols        168
nrows        136
xllcorner    455000
yllcorner    2107000
cellsize     500
NODATA_value     -99999
[rows 102 to 135 of 136, columns 0 to 77 of 168]
13.55 14.06 14.57 15.09 15.63 16.19 16.74 17.30 17.86 18.40 18.94 19.46 19.96 20.43 20.87 21.28 21.64 21.96 22.24 22.46 22.62 22.72 22.76 22.71 22.58 22.37 22.14 21.91 21.73 21.60 21.51 21.46 21.44 21.44 21.47 21.50 21.55 21.60 21.65 21.68 21.70 21.70 21.68 21.62 21.52 21.38 21.19 20.94 20.63 20.28 19.86 19.33 18.65 17.92 17.17 16.39 15.61 14.81 14.01 13.21 12.42 11.63 10.85 10.10 9.36 8.65 7.97 7.32 6.72 6.15 5.64 5.18 4.77 4.42 4.16 3.98 3.87 3.81
13.71 14.19 14.70 15.22 15.77 16.32 16.88 17.45 18.01 18.57 19.12 19.65 20.16 20.65 21.11 21.54 21.93 22.28 22.58 22.83 23.02 23.15 23.22 23.22 23.13 22.98 22.82 22.71 22.64 22.61 22.61 22.64 22.68 22.75 22.82 22.89 22.96 23.03 23.08 23.11 23.11 23.08 23.01 22.90 22.74 22.53 22.25 21.91 21.50 21.01 20.44 19.77 19.03 18.27 17.49 16.69 15.87 15.05 14.23 13.41 12.59 11.79 11.00 10.22 9.47 8.75 8.06 7.41 6.79 6.22 5.71 5.24 4.83 4.49 4.21 4.01 3.88 3.81
14.01 14.48 14.98 15.50 16.04 16.59 17.15 17.72 18.29 18.85 19.41 19.95 20.48 20.98 21.45 21.89 22.30 22.67 22.99 23.26 23.48 23.64 23.73 23.76 23.72 23.64 23.60 23.60 23.64 23.70 23.78 23.88 23.99 24.10 24.21 24.31 24.40 24.47 24.51 24.52 24.50 24.44 24.32 24.15 23.92 23.63 23.26 22.82 22.29 21.67 20.98 20.24 19.46 18.67 17.85 17.02 16.18 15.33 14.48 13.64 12.80 11.97 11.16 10.37 9.60 8.87 8.16 7.50 6.87 6.29 5.77 5.30 4.88 4.54 4.26 4.05 3.92 3.83
14.39 14.85 15.34 15.85 16.38 16.93 17.49 18.05 18.62 19.19 19.74 20.29 20.82 21.33 21.82 22.27 22.69 23.08 23.42 23.71 23.94 24.13 24.25 24.30 24.29 24.26 24.33 24.44 24.58 24.73 24.89 25.05 25.22 25.38 25.52 25.65 25.75 25.82 25.86 25.85 25.80 25.69 25.53 25.30 24.99 24.62 24.15 23.60 22.96 22.24 21.48 20.70 19.89 19.06 18.21 17.35 16.48 15.60 14.73 13.86 12.99 12.14 11.31 10.50 9.72 8.97 8.25 7.57 6.93 6.34 5.81 5.33 4.91 4.56 4.28 4.10 3.99 3.91
14.80 15.24 15.71 16.21 16.73 17.27 17.82 18.38 18.95 19.51 20.07 20.62 21.15 21.67 22.16 22.63 23.06 23.45 23.80 24.11 24.37 24.57 24.71 24.79 24.80 24.81 24.93 25.14 25.37 25.61 25.85 26.08 26.30 26.51 26.69 26.84 26.95 27.03 27.05 27.03 26.94 26.80 26.58 26.29 25.91 25.45 24.89 24.24 23.49 22.71 21.92 21.10 20.26 19.39 18.52 17.62 16.72 15.82 14.92 14.03 13.14 12.27 11.42 10.59 9.79 9.03 8.30 7.60 6.96 6.36 5.82 5.34 4.92 4.56 4.31 4.17 4.11 4.05
15.24 15.65 16.11 16.59 17.10 17.62 18.17 18.72 19.27 19.83 20.39 20.93 21.47 21.99 22.48 22.95 23.39 23.79 24.16 24.48 24.75 24.96 25.13 25.23 25.27 25.30 25.45 25.70 26.02 26.35 26.66 26.96 27.24 27.49 27.70 27.88 28.00 28.08 28.10 28.06 27.94 27.75 27.48 27.13 26.68 26.13 25.48 24.73 23.93 23.12 22.30 21.45 20.58 19.68 18.77 17.85 16.93 16.00 15.08 14.16 13.25 12.36 11.49 10.65 9.83 9.05 8.31 7.61 6.95 6.35 5.80 5.31 4.89 4.56 4.35 4.26 4.24 4.22
15.70 16.09 16.52 16.98 17.47 17.98 18.51 19.05 19.60 20.15 20.70 21.24 21.77 22.29 22.78 23.25 23.70 24.10 24.47 24.80 25.08 25.32 25.50 25.63 25.69 25.74 25.91 26.18 26.54 26.94 27.34 27.70 28.04 28.33 28.58 28.78 28.92 28.99 29.00 28.94 28.79 28.56 28.24 27.82 27.30 26.67 25.93 25.14 24.31 23.47 22.62 21.75 20.85 19.93 18.99 18.04 17.09 16.14 15.19 14.25 13.32 12.42 11.53 10.67 9.84 9.05 8.29 7.58 6.92 6.31 5.76 5.27 4.87 4.58 4.41 4.36 4.38 4.40
16.18 16.55 16.96 17.39 17.86 18.35 18.86 19.39 19.92 20.46 21.00 21.53 22.06 22.57 23.06 23.53 23.97 24.38 24.76 25.09 25.39 25.64 25.84 25.98 26.06 26.13 26.31 26.60 26.98 27.42 27.88 28.31 28.70 29.04 29.32 29.54 29.69 29.77 29.77 29.69 29.51 29.24 28.86 28.38 27.78 27.08 26.30 25.48 24.63 23.76 22.89 21.99 21.07 20.12 19.16 18.19 17.21 16.23 15.26 14.30 13.36 12.44 11.53 10.66 9.82 9.01 8.25 7.53 6.86 6.25 5.69 5.22 4.86 4.62 4.49 4.48 4.54 4.60
16.67 17.03 17.41 17.82 18.27 18.73 19.22 19.73 20.25 20.77 21.29 21.82 22.33 22.83 23.32 23.79 24.23 24.64 25.01 25.35 25.66 25.92 26.14 26.30 26.39 26.47 26.67 26.97 27.36 27.81 28.30 28.79 29.23 29.61 29.93 30.17 30.34 30.42 30.41 30.30 30.09 29.78 29.35 28.80 28.14 27.40 26.60 25.76 24.89 24.00 23.10 22.18 21.23 20.27 19.28 18.29 17.29 16.30 15.31 14.33 13.37 12.42 11.51 10.62 9.77 8.95 8.18 7.46 6.78 6.16 5.63 5.20 4.88 4.67 4.58 4.61 4.70 4.79
17.18 17.52 17.88 18.27 18.69 19.13 19.59 20.08 20.57 21.08 21.59 22.09 22.59 23.09 23.56 24.02 24.45 24.86 25.24 25.59 25.91 26.18 26.41 26.57 26.67 26.77 26.97 27.28 27.68 28.14 28.64 29.15 29.64 30.06 30.41 30.68 30.85 30.93 30.92 30.79 30.55 30.19 29.71 29.11 28.42 27.65 26.84 25.98 25.09 24.18 23.26 22.32 21.36 20.37 19.37 18.36 17.34 16.32 15.32 14.32 13.34 12.38 11.46 10.56 9.69 8.87 8.09 7.36 6.68 6.09 5.59 5.20 4.92 4.75 4.69 4.75 4.87 4.99
17.70 18.02 18.36 18.73 19.12 19.54 19.98 20.43 20.91 21.39 21.88 22.36 22.85 23.33 23.79 24.24 24.66 25.06 25.45 25.81 26.13 26.41 26.64 26.82 26.92 27.02 27.23 27.54 27.95 28.41 28.91 29.43 29.93 30.40 30.78 31.07 31.25 31.33 31.30 31.16 30.89 30.48 29.96 29.33 28.62 27.84 27.01 26.14 25.23 24.30 23.37 22.41 21.43 20.43 19.41 18.38 17.35 16.32 15.30 14.28 13.29 12.32 11.38 10.47 9.60 8.77 7.98 7.25 6.59 6.03 5.57 5.22 4.97 4.83 4.80 4.89 5.04 5.19
18.23 18.53 18.85 19.20 19.57 19.96 20.37 20.80 21.24 21.70 22.16 22.63 23.10 23.55 24.00 24.43 24.85 25.26 25.65 26.01 26.34 26.62 26.85 27.03 27.13 27.23 27.44 27.76 28.16 28.62 29.13 29.64 30.15 30.62 31.03 31.34 31.54 31.62 31.58 31.41 31.11 30.67 30.12 29.48 28.76 27.97 27.12 26.23 25.31 24.37 23.42 22.45 21.46 20.44 19.41 18.37 17.33 16.29 15.25 14.23 13.22 12.24 11.28 10.37 9.49 8.65 7.86 7.14 6.52 5.99 5.57 5.25 5.03 4.92 4.93 5.04 5.21 5.38
18.75 19.04 19.34 19.67 20.02 20.39 20.77 21.17 21.59 22.02 22.45 22.90 23.34 23.77 24.20 24.62 25.04 25.45 25.83 26.20 26.52 26.80 27.03 27.20 27.31 27.40 27.61 27.92 28.32 28.78 29.28 29.79 30.30 30.77 31.18 31.50 31.71 31.79 31.74 31.55 31.22 30.77 30.21 29.56 28.83 28.03 27.17 26.27 25.34 24.39 23.43 22.45 21.44 20.42 19.38 18.33 17.27 16.22 15.18 14.14 13.13 12.13 11.17 10.24 9.36 8.52 7.75 7.06 6.47 5.98 5.59 5.30 5.11 5.03 5.05 5.19 5.38 5.57
19.28 19.55 19.84 20.15 20.48 20.82 21.18 21.55 21.94 22.34 22.75 23.16 23.57 23.99 24.40 24.81 25.23 25.63 26.01 26.37 26.69 26.97 27.19 27.35 27.45 27.53 27.73 28.04 28.43 28.88 29.38 29.88 30.38 30.84 31.25 31.57 31.79 31.87 31.80 31.59 31.25 30.79 30.23 29.57 28.83 28.03 27.16 26.26 25.32 24.36 23.39 22.40 21.38 20.35 19.30 18.25 17.19 16.13 15.08 14.04 13.02 12.01 11.04 10.11 9.22 8.40 7.65 7.00 6.45 5.99 5.62 5.35 5.19 5.13 5.18 5.33 5.55 5.75
19.80 20.05 20.33 20.62 20.93 21.26 21.59 21.94 22.30 22.66 23.04 23.42 23.81 24.20 24.60 25.01 25.42 25.81 26.19 26.53 26.84 27.11 27.32 27.47 27.56 27.63 27.82 28.11 28.50 28.94 29.42 29.91 30.40 30.85 31.24 31.56 31.76 31.84 31.77 31.55 31.21 30.74 30.18 29.51 28.77 27.96 27.09 26.18 25.24 24.27 23.30 22.30 21.28 20.24 19.19 18.13 17.07 16.01 14.95 13.91 12.88 11.88 10.91 9.97 9.09 8.30 7.59 6.97 6.44 6.00 5.66 5.42 5.28 5.24 5.30 5.47 5.70 5.91
20.31 20.55 20.82 21.09 21.38 21.69 22.00 22.32 22.65 22.99 23.34 23.69 24.05 24.43 24.82 25.22 25.61 25.99 26.36 26.69 26.99 27.24 27.44 27.57 27.64 27.70 27.87 28.15 28.51 28.94 29.41 29.89 30.35 30.79 31.17 31.47 31.66 31.72 31.65 31.43 31.09 30.62 30.06 29.39 28.65 27.84 26.97 26.05 25.11 24.14 23.16 22.16 21.14 20.10 19.04 17.98 16.92 15.85 14.80 13.76 12.73 11.73 10.76 9.84 8.99 8.23 7.55 6.95 6.45 6.04 5.72 5.50 5.37 5.35 5.43 5.61 5.85 6.07
20.81 21.04 21.29 21.55 21.83 22.11 22.40 22.70 23.01 23.32 23.63 23.96 24.31 24.67 25.05 25.43 25.81 26.18 26.52 26.84 27.12 27.35 27.53 27.65 27.70 27.74 27.89 28.15 28.49 28.90 29.34 29.80 30.25 30.67 31.03 31.31 31.48 31.53 31.45 31.24 30.90 30.44 29.87 29.21 28.47 27.66 26.79 25.87 24.92 23.96 22.97 21.97 20.95 19.91 18.86 17.80 16.74 15.68 14.62 13.59 12.56 11.57 10.62 9.73 8.92 8.18 7.52 6.95 6.47 6.08 5.78 5.57 5.46 5.45 5.54 5.73 5.98 6.21
21.29 21.52 21.75 22.00 22.26 22.52 22.79 23.07 23.35 23.64 23.94 24.25 24.59 24.94 25.30 25.66 26.02 26.37 26.69 26.99 27.24 27.45 27.61 27.70 27.73 27.74 27.87 28.11 28.43 28.81 29.23 29.67 30.09 30.49 30.82 31.08 31.23 31.26 31.18 30.97 30.63 30.18 29.62 28.96 28.22 27.41 26.55 25.64 24.69 23.73 22.75 21.75 20.73 19.69 18.64 17.59 16.53 15.47 14.43 13.39 12.38 11.41 10.49 9.64 8.86 8.15 7.52 6.97 6.50 6.13 5.84 5.65 5.55 5.55 5.65 5.84 6.09 6.32
21.76 21.97 22.20 22.43 22.67 22.92 23.17 23.43 23.69 23.96 24.25 24.56 24.89 25.23 25.57 25.91 26.24 26.56 26.86 27.13 27.36 27.55 27.68 27.74 27.74 27.73 27.83 28.03 28.33 28.68 29.08 29.48 29.88 30.25 30.55 30.77 30.90 30.92 30.83 30.62 30.30 29.85 29.30 28.65 27.92 27.12 26.26 25.35 24.41 23.45 22.48 21.48 20.47 19.44 18.40 17.35 16.30 15.25 14.21 13.19 12.20 11.26 10.38 9.57 8.82 8.14 7.53 6.99 6.55 6.18 5.91 5.72 5.63 5.64 5.74 5.94 6.19 6.42
22.20 22.41 22.62 22.85 23.07 23.30 23.54 23.78 24.02 24.29 24.59 24.89 25.21 25.53 25.85 26.17 26.47 26.77 27.04 27.28 27.48 27.63 27.73 27.77 27.73 27.69 27.75 27.93 28.19 28.51 28.87 29.25 29.62 29.95 30.21 30.39 30.49 30.49 30.39 30.19 29.88 29.46 28.92 28.28 27.56 26.76 25.91 25.02 24.08 23.13 22.16 21.18 20.17 19.15 18.12 17.08 16.04 15.00 13.97 12.97 12.02 11.13 10.29 9.50 8.79 8.13 7.54 7.03 6.59 6.24 5.97 5.80 5.71 5.72 5.82 6.02 6.26 6.49
22.61 22.82 23.02 23.23 23.45 23.67 23.88 24.11 24.37 24.64 24.93 25.23 25.54 25.84 26.15 26.44 26.72 26.98 27.22 27.42 27.59 27.71 27.78 27.78 27.70 27.62 27.65 27.79 28.02 28.30 28.63 28.97 29.30 29.57 29.79 29.93 30.00 29.98 29.88 29.68 29.38 28.98 28.47 27.85 27.14 26.36 25.52 24.63 23.71 22.77 21.81 20.84 19.84 18.83 17.81 16.78 15.75 14.73 13.73 12.77 11.86 11.00 10.20 9.45 8.75 8.13 7.56 7.06 6.64 6.29 6.03 5.86 5.77 5.78 5.88 6.07 6.32 6.54
23.00 23.20 23.39 23.60 23.80 24.00 24.22 24.46 24.72 24.99 25.28 25.58 25.88 26.17 26.45 26.73 26.98 27.21 27.41 27.58 27.71 27.79 27.81 27.77 27.66 27.54 27.53 27.63 27.81 28.06 28.35 28.64 28.90 29.12 29.28 29.39 29.42 29.39 29.28 29.08 28.80 28.42 27.94 27.35 26.66 25.89 25.07 24.20 23.29 22.36 21.42 20.46 19.48 18.48 17.47 16.46 15.45 14.45 13.49 12.58 11.71 10.88 10.11 9.39 8.72 8.12 7.57 7.10 6.68 6.35 6.09 5.91 5.82 5.83 5.92 6.11 6.34 6.55
23.35 23.54 23.74 23.93 24.12 24.33 24.56 24.81 25.07 25.36 25.64 25.93 26.22 26.50 26.77 27.02 27.24 27.44 27.61 27.74 27.83 27.86 27.85 27.76 27.61 27.44 27.39 27.44 27.58 27.78 28.02 28.24 28.43 28.59 28.70 28.76 28.76 28.71 28.59 28.39 28.12 27.76 27.31 26.77 26.12 25.38 24.57 23.72 22.83 21.91 20.99 20.04 19.08 18.10 17.10 16.11 15.13 14.18 13.26 12.39 11.55 10.76 10.02 9.33 8.69 8.10 7.58 7.11 6.72 6.39 6.13 5.95 5.86 5.86 5.94 6.12 6.34 6.53
23.67 23.85 24.04 24.23 24.43 24.65 24.89 25.16 25.43 25.72 26.01 26.29 26.57 26.84 27.09 27.32 27.52 27.69 27.82 27.91 27.95 27.94 27.88 27.75 27.54 27.33 27.22 27.23 27.32 27.47 27.62 27.76 27.88 27.97 28.02 28.04 28.02 27.94 27.81 27.61 27.35 27.01 26.60 26.09 25.50 24.81 24.03 23.19 22.32 21.43 20.52 19.59 18.64 17.68 16.71 15.75 14.82 13.91 13.03 12.20 11.40 10.64 9.92 9.25 8.64 8.07 7.57 7.12 6.73 6.41 6.16 5.98 5.88 5.86 5.93 6.10 6.30 6.48
23.94 24.13 24.31 24.51 24.73 24.97 25.23 25.51 25.79 26.08 26.37 26.65 26.92 27.18 27.41 27.62 27.79 27.93 28.03 28.08 28.08 28.02 27.91 27.72 27.47 27.20 27.04 27.00 27.03 27.08 27.14 27.19 27.23 27.26 27.26 27.24 27.18 27.08 26.94 26.74 26.49 26.17 25.78 25.32 24.78 24.15 23.43 22.62 21.77 20.90 20.01 19.11 18.18 17.25 16.31 15.39 14.50 13.64 12.80 12.00 11.23 10.50 9.81 9.17 8.57 8.03 7.54 7.10 6.72 6.41 6.16 5.98 5.87 5.84 5.90 6.05 6.23 6.39
24.17 24.36 24.55 24.77 25.02 25.29 25.57 25.86 26.15 26.45 26.73 27.01 27.27 27.52 27.73 27.92 28.07 28.18 28.24 28.25 28.21 28.11 27.94 27.70 27.39 27.06 26.85 26.74 26.67 26.61 26.57 26.54 26.50 26.46 26.41 26.34 26.25 26.13 25.97 25.77 25.53 25.23 24.87 24.45 23.96 23.39 22.74 22.00 21.18 20.34 19.47 18.59 17.69 16.79 15.90 15.03 14.18 13.36 12.56 11.79 11.05 10.35 9.69 9.07 8.49 7.96 7.48 7.06 6.69 6.38 6.13 5.95 5.84 5.80 5.84 5.96 6.12 6.26
24.35 24.55 24.78 25.04 25.31 25.60 25.90 26.20 26.50 26.80 27.09 27.37 27.62 27.85 28.05 28.21 28.34 28.42 28.45 28.42 28.34 28.19 27.97 27.68 27.30 26.92 26.63 26.41 26.22 26.06 25.92 25.80 25.68 25.58 25.47 25.35 25.23 25.08 24.91 24.71 24.47 24.19 23.86 23.47 23.03 22.52 21.94 21.28 20.54 19.73 18.90 18.04 17.18 16.33 15.49 14.66 13.85 13.07 12.30 11.57 10.86 10.18 9.54 8.94 8.39 7.87 7.40 6.99 6.63 6.32 6.07 5.89 5.77 5.72 5.74 5.84 5.98 6.09
24.50 24.74 25.00 25.29 25.59 25.90 26.22 26.53 26.85 27.15 27.44 27.71 27.96 28.18 28.36 28.51 28.61 28.66 28.65 28.59 28.47 28.27 28.00 27.65 27.22 26.75 26.35 25.99 25.68 25.41 25.17 24.96 24.77 24.60 24.43 24.27 24.11 23.93 23.75 23.54 23.31 23.05 22.74 22.40 22.00 21.55 21.04 20.46 19.81 19.08 18.29 17.48 16.67 15.86 15.06 14.28 13.51 12.76 12.03 11.32 10.64 9.99 9.37 8.79 8.25 7.75 7.29 6.88 6.52 6.22 5.97 5.78 5.65 5.59 5.60 5.68 5.80 5.92
24.71 24.99 25.28 25.59 25.92 26.25 26.58 26.91 27.23 27.54 27.83 28.09 28.33 28.53 28.69 28.82 28.89 28.91 28.87 28.76 28.59 28.35 28.02 27.61 27.12 26.57 26.03 25.54 25.11 24.73 24.39 24.08 23.81 23.57 23.35 23.14 22.93 22.73 22.53 22.32 22.09 21.84 21.56 21.25 20.90 20.51 20.07 19.57 19.00 18.36 17.56 16.76 16.01 15.25 14.51 13.77 13.04 12.33 11.64 10.97 10.32 9.70 9.11 8.55 8.02 7.54 7.10 6.70 6.35 6.05 5.81 5.62 5.49 5.42 5.42 5.48 5.60 5.73
25.09 25.45 25.76 26.09 26.43 26.77 27.11 27.44 27.75 28.05 28.33 28.57 28.79 28.97 29.10 29.19 29.22 29.20 29.11 28.95 28.73 28.42 28.03 27.56 27.02 26.42 25.79 25.17 24.61 24.11 23.66 23.27 22.91 22.60 22.31 22.04 21.80 21.57 21.34 21.12 20.89 20.65 20.40 20.12 19.81 19.47 19.09 18.67 18.18 17.50 16.56 15.67 14.94 14.26 13.58 12.90 12.24 11.58 10.95 10.33 9.73 9.15 8.60 8.08 7.60 7.15 6.74 6.37 6.04 5.77 5.54 5.37 5.25 5.20 5.20 5.27 5.38 5.52
25.53 26.07 26.45 26.78 27.12 27.46 27.79 28.10 28.40 28.68 28.93 29.15 29.33 29.47 29.56 29.60 29.58 29.50 29.36 29.14 28.84 28.46 28.01 27.49 26.91 26.27 25.60 24.89 24.21 23.59 23.03 22.54 22.09 21.70 21.34 21.02 20.73 20.46 20.21 19.97 19.74 19.51 19.27 19.02 18.75 18.46 18.14 17.77 17.24 16.43 15.34 14.31 13.50 12.86 12.26 11.67 11.08 10.51 9.94 9.39 8.86 8.35 7.87 7.41 6.98 6.58 6.22 5.90 5.62 5.39 5.20 5.07 4.98 4.96 4.98 5.05 5.16 5.29
25.97 26.71 27.26 27.63 27.96 28.28 28.59 28.88 29.15 29.40 29.61 29.79 29.92 30.01 30.05 30.03 29.95 29.80 29.58 29.29 28.91 28.46 27.95 27.39 26.78 26.11 25.41 24.66 23.90 23.16 22.49 21.89 21.35 20.88 20.45 20.07 19.72 19.42 19.14 18.88 18.64 18.41 18.18 17.95 17.72 17.47 17.19 16.78 16.11 15.15 13.94 12.78 11.84 11.12 10.59 10.10 9.61 9.13 8.66 8.20 7.76 7.34 6.93 6.55 6.20 5.88 5.59 5.33 5.12 4.95 4.82 4.74 4.70 4.71 4.75 4.83 4.93 5.06
26.39 27.32 28.05 28.57 28.92 29.21 29.49 29.75 29.97 30.17 30.34 30.46 30.54 30.56 30.53 30.44 30.29 30.06 29.76 29.37 28.92 28.41 27.87 27.28 26.64 25.94 25.21 24.44 23.64 22.83 22.05 21.34 20.70 20.14 19.63 19.19 18.79 18.44 18.12 17.84 17.59 17.35 17.13 16.93 16.72 16.50 16.17 15.61 14.80 13.72 12.39 11.12 10.06 9.23 8.63 8.22 7.85 7.49 7.13 6.78 6.45 6.13 5.82 5.54 5.29 5.06 4.86 4.69 4.56 4.47 4.42 4.40 4.42 4.46 4.53 4.61 4.71 4.83
26.79 27.89 28.78 29.46 29.93 30.22 30.46 30.66 30.84 30.98 31.08 31.14 31.15 31.10 30.99 30.81 30.57 30.25 29.85 29.38 28.87 28.33 27.76 27.14 26.47 25.75 24.99 24.20 23.39 22.55 21.70 20.88 20.14 19.49 18.90 18.38 17.93 17.53 17.17 16.86 16.59 16.35 16.14 15.94 15.75 15.47 14.99 14.30 13.36 12.16 10.74 9.37 8.22 7.28 6.57 6.11 5.84 5.61 5.38 5.16 4.95 4.76 4.58 4.41 4.27 4.15 4.06 4.00 3.97 3.98 4.02 4.08 4.15 4.22 4.31 4.39 4.49 4.60
