data_processed/recharge/precip/Precip_1988_06.asc
ncols        168
nrows        136
xllcorner    455000
yllcorner    2107000
cellsize     500
NODATA_value     -99999
[rows 0 to 31 of 136, columns 73 to 145 of 168]
311.22 307.56 303.87 300.20 296.57 293.02 289.58 286.27 283.13 280.24 278.07 276.98 276.95 277.93 279.84 282.61 286.17 290.46 295.41 300.95 307.01 313.22 319.15 324.67 329.68 334.07 337.73 340.57 342.47 343.34 343.07 341.57 339.17 336.37 333.19 329.57 325.50 321.00 316.10 310.81 305.14 299.12 292.75 286.07 279.07 271.78 264.24 256.51 248.67 240.79 232.95 225.21 217.65 210.34 203.36 196.80 191.07 186.42 181.71 175.87 168.55 159.50 148.45 135.14 119.30 100.68 79.00 54.00 25.74 0.00 0.00 0.00 0.00
305.35 301.60 297.82 294.07 290.35 286.71 283.18 279.79 276.58 273.55 270.76 268.69 267.71 267.81 268.93 270.98 273.90 277.64 282.11 287.25 292.98 298.91 304.55 309.77 314.47 318.53 321.86 324.35 325.90 326.40 325.78 324.34 322.60 320.65 318.41 315.74 312.56 308.89 304.73 300.10 295.02 289.52 283.59 277.27 270.56 263.52 256.21 248.70 241.07 233.40 225.74 218.19 210.80 203.65 196.85 190.77 185.90 182.32 179.76 176.78 172.15 165.52 156.62 145.21 131.00 113.74 93.17 69.02 41.35 14.49 0.00 0.00 0.00
298.95 295.10 291.23 287.37 283.56 279.82 276.20 272.75 269.47 266.36 263.43 260.73 258.75 257.87 258.08 259.31 261.49 264.56 268.45 273.08 278.38 283.92 289.17 293.99 298.27 301.90 304.80 306.84 307.93 307.99 307.32 306.44 305.43 304.24 302.80 301.03 298.80 296.00 292.64 288.73 284.30 279.37 273.94 268.03 261.68 254.93 247.91 240.68 233.32 225.90 218.50 211.18 204.02 197.11 190.84 185.66 181.66 178.84 177.20 176.42 174.85 171.12 164.86 155.82 143.72 128.31 109.32 86.49 59.89 34.01 13.20 0.00 0.00
292.14 288.18 284.20 280.23 276.31 272.48 268.81 265.31 261.96 258.79 255.77 252.91 250.29 248.38 247.58 247.89 249.22 251.52 254.72 258.74 263.51 268.56 273.31 277.61 281.37 284.47 286.82 288.31 288.87 288.78 288.57 288.32 287.97 287.46 286.74 285.73 284.37 282.48 279.98 276.85 273.13 268.82 263.94 258.51 252.56 246.17 239.50 232.60 225.57 218.46 211.36 204.33 197.48 191.16 185.82 181.55 178.34 176.20 175.12 175.10 175.79 175.32 172.18 165.98 156.47 143.38 126.46 105.42 80.37 55.94 36.64 22.95 15.12
285.03 280.95 276.85 272.76 268.75 264.88 261.16 257.61 254.21 250.96 247.87 244.93 242.13 239.57 237.72 236.99 237.37 238.80 241.20 244.51 248.64 253.09 257.23 260.92 264.05 266.52 268.23 269.08 269.39 269.67 269.99 270.30 270.53 270.63 270.54 270.20 269.55 268.51 266.91 264.62 261.65 258.02 253.75 248.86 243.36 237.39 231.11 224.61 217.95 211.22 204.48 197.82 191.61 186.27 181.87 178.42 175.92 174.37 173.77 174.12 175.41 177.26 177.58 174.71 168.26 157.98 143.59 124.83 101.80 79.31 62.00 50.36 44.64
277.74 273.53 269.29 265.11 261.06 257.16 253.41 249.81 246.36 243.05 239.88 236.86 233.98 231.24 228.71 226.91 226.23 226.68 228.19 230.68 234.06 237.81 241.24 244.21 246.61 248.34 249.32 249.83 250.41 251.11 251.89 252.68 253.42 254.06 254.53 254.78 254.75 254.38 253.58 252.17 250.02 247.13 243.52 239.22 234.23 228.73 222.91 216.86 210.64 204.33 198.02 192.07 186.86 182.49 178.95 176.25 174.38 173.34 173.14 173.77 175.23 177.53 180.22 181.02 178.11 171.10 159.73 143.72 123.20 103.11 88.27 79.16 76.04
270.39 266.03 261.70 257.49 253.43 249.50 245.72 242.08 238.57 235.20 231.97 228.87 225.90 223.07 220.36 217.86 216.09 215.45 215.95 217.52 220.06 223.00 225.61 227.76 229.32 230.23 230.77 231.45 232.35 233.41 234.56 235.76 236.94 238.04 239.00 239.77 240.28 240.48 240.31 239.68 238.38 236.29 233.40 229.74 225.33 220.35 215.05 209.49 203.77 197.96 192.41 187.49 183.30 179.82 177.06 175.02 173.69 173.09 173.20 174.03 175.58 177.85 180.84 184.06 185.02 181.77 173.89 161.11 143.56 126.36 114.46 108.36 108.31
263.09 258.63 254.28 250.07 245.99 242.05 238.23 234.55 231.00 227.57 224.28 221.10 218.05 215.13 212.33 209.64 207.16 205.40 204.79 205.32 206.91 208.94 210.64 211.85 212.50 212.87 213.48 214.38 215.53 216.87 218.33 219.86 221.40 222.89 224.27 225.48 226.46 227.16 227.51 227.45 226.91 225.65 223.54 220.58 216.79 212.40 207.66 202.67 197.51 192.51 188.04 184.17 180.90 178.23 176.17 174.71 173.85 173.59 173.94 174.89 176.45 178.60 181.37 184.73 188.17 188.99 185.08 176.01 161.91 148.08 139.60 136.98 140.21
256.02 251.55 247.21 243.00 238.91 234.95 231.11 227.40 223.80 220.32 216.96 213.72 210.60 207.58 204.69 201.90 199.22 196.74 194.97 194.38 194.91 195.91 196.59 196.80 196.82 197.15 197.88 198.93 200.26 201.80 203.50 205.29 207.11 208.91 210.63 212.21 213.59 214.71 215.51 215.94 215.93 215.39 214.09 211.89 208.78 205.03 200.92 196.56 192.26 188.37 184.98 182.07 179.64 177.71 176.26 175.30 174.82 174.84 175.34 176.33 177.81 179.77 182.23 185.17 188.60 191.95 192.31 187.42 177.26 167.27 162.68 163.77 168.26
249.42 244.97 240.65 236.44 232.35 228.37 224.51 220.76 217.13 213.60 210.19 206.88 203.68 200.58 197.60 194.71 191.92 189.24 186.74 184.96 184.33 184.22 183.79 183.27 183.15 183.51 184.28 185.41 186.85 188.52 190.37 192.34 194.38 196.42 198.41 200.28 201.98 203.45 204.63 205.46 205.88 205.83 205.22 203.81 201.44 198.38 194.97 191.52 188.38 185.61 183.20 181.17 179.52 178.23 177.31 176.77 176.60 176.80 177.37 178.32 179.64 181.33 183.40 185.83 188.65 191.83 194.77 194.36 188.61 182.94 182.49 185.33 188.60
243.47 239.05 234.74 230.54 226.45 222.46 218.58 214.81 211.14 207.57 204.10 200.73 197.46 194.29 191.21 188.23 185.34 182.54 179.83 177.30 175.47 174.15 172.90 172.14 171.94 172.25 173.00 174.13 175.59 177.32 179.25 181.34 183.52 185.72 187.90 190.00 191.94 193.69 195.17 196.33 197.10 197.44 197.28 196.52 194.93 192.64 190.19 187.93 185.93 184.19 182.70 181.47 180.49 179.78 179.31 179.11 179.16 179.46 180.03 180.85 181.93 183.27 184.86 186.71 188.82 191.19 193.82 196.04 194.98 193.87 195.67 197.90 200.06
238.32 233.93 229.64 225.45 221.36 217.37 213.48 209.68 205.98 202.37 198.85 195.42 192.09 188.84 185.68 182.60 179.61 176.71 173.88 171.14 168.55 166.36 164.77 163.83 163.48 163.66 164.31 165.37 166.78 168.49 170.44 172.56 174.80 177.10 179.40 181.64 183.76 185.71 187.42 188.83 189.89 190.54 190.72 190.36 189.40 188.08 186.87 185.80 184.86 184.07 183.41 182.90 182.53 182.30 182.21 182.26 182.45 182.78 183.26 183.88 184.64 185.54 186.58 187.77 189.10 190.57 192.19 193.94 195.45 196.97 198.76 200.47 202.09
233.94 229.58 225.31 221.14 217.06 213.06 209.16 205.34 201.61 197.96 194.40 190.92 187.52 184.20 180.96 177.80 174.71 171.70 168.76 165.90 163.21 160.84 159.01 157.83 157.27 157.27 157.77 158.70 160.02 161.66 163.56 165.66 167.92 170.25 172.62 174.95 177.19 179.28 181.16 182.78 184.07 184.97 185.43 185.36 184.47 183.73 183.71 183.80 183.91 184.04 184.20 184.38 184.59 184.82 185.09 185.37 185.68 186.02 186.39 186.78 187.20 187.64 188.12 188.62 189.14 189.70 190.28 190.94 192.11 193.78 195.44 197.02 198.48
230.11 225.79 221.55 217.40 213.32 209.33 205.42 201.59 197.83 194.15 190.55 187.02 183.56 180.18 176.86 173.61 170.43 167.32 164.27 161.38 158.78 156.50 154.57 153.15 152.35 152.14 152.45 153.23 154.42 155.96 157.79 159.85 162.08 164.42 166.82 169.22 171.55 173.76 175.78 177.57 179.06 180.19 180.88 180.75 179.46 178.40 178.92 180.15 181.36 182.48 183.51 184.45 185.30 186.06 186.73 187.31 187.80 188.21 188.52 188.74 188.88 188.93 188.88 188.76 188.54 188.23 187.88 187.94 188.99 190.58 192.18 193.68 195.06
226.80 222.51 218.31 214.17 210.12 206.13 202.22 198.37 194.60 190.89 187.25 183.67 180.16 176.71 173.32 169.99 166.72 163.51 160.44 157.64 155.16 152.99 151.13 149.60 148.56 148.11 148.22 148.82 149.85 151.26 152.99 154.97 157.16 159.49 161.90 164.33 166.72 169.02 171.17 173.10 174.76 176.07 176.65 176.08 174.33 172.86 173.08 174.83 177.14 179.31 181.28 183.04 184.59 185.95 187.09 188.03 188.77 189.30 189.63 189.76 189.68 189.39 188.90 188.21 187.32 186.26 185.46 185.49 186.51 188.04 189.57 191.03 192.35
223.95 219.73 215.55 211.45 207.41 203.43 199.52 195.67 191.87 188.14 184.46 180.85 177.28 173.77 170.31 166.91 163.56 160.33 157.35 154.66 152.28 150.22 148.46 146.99 145.83 145.14 145.00 145.40 146.25 147.51 149.11 151.00 153.11 155.39 157.78 160.23 162.66 165.02 167.26 169.32 171.10 172.25 172.34 171.27 169.13 167.28 167.11 168.56 171.37 174.60 177.57 180.22 182.55 184.56 186.25 187.62 188.67 189.40 189.81 189.90 189.67 189.12 188.25 187.07 185.60 184.23 183.50 183.59 184.61 186.10 187.58 188.99 190.29
221.46 217.39 213.27 209.19 205.18 201.21 197.30 193.45 189.64 185.89 182.18 178.52 174.91 171.34 167.82 164.35 160.98 157.84 154.96 152.38 150.11 148.15 146.47 145.07 143.96 143.14 142.76 142.92 143.57 144.64 146.09 147.86 149.87 152.09 154.43 156.86 159.31 161.71 164.01 166.13 167.72 168.33 167.88 166.38 163.89 161.72 161.20 162.26 164.79 168.49 172.47 176.07 179.25 181.98 184.28 186.15 187.58 188.57 189.13 189.25 188.94 188.20 187.02 185.44 183.80 182.60 182.03 182.21 183.23 184.69 186.14 187.52 188.78
219.19 215.37 211.41 207.39 203.39 199.45 195.55 191.69 187.87 184.10 180.37 176.68 173.02 169.40 165.82 162.34 159.05 156.01 153.23 150.75 148.58 146.71 145.12 143.79 142.73 141.93 141.43 141.34 141.75 142.62 143.90 145.51 147.40 149.52 151.79 154.18 156.61 159.02 161.34 163.22 164.21 164.25 163.32 161.43 158.64 156.20 155.38 156.11 158.26 161.69 166.12 170.69 174.77 178.29 181.27 183.70 185.57 186.90 187.67 187.90 187.57 186.70 185.30 183.70 182.33 181.39 181.00 181.28 182.32 183.77 185.20 186.55 187.79
217.12 213.56 209.85 205.98 202.04 198.11 194.22 190.37 186.55 182.76 179.01 175.28 171.59 167.92 164.34 160.93 157.74 154.79 152.11 149.72 147.64 145.86 144.34 143.07 142.07 141.31 140.81 140.58 140.75 141.39 142.46 143.89 145.64 147.63 149.81 152.13 154.52 156.89 158.92 160.16 160.53 160.04 158.68 156.45 153.41 150.76 149.69 150.13 151.96 155.03 159.19 164.19 169.19 173.58 177.30 180.35 182.74 184.47 185.52 185.91 185.64 184.73 183.45 182.22 181.21 180.54 180.34 180.73 181.81 183.26 184.68 186.04 187.27
215.23 211.90 208.46 204.85 201.06 197.18 193.30 189.46 185.64 181.84 178.07 174.31 170.58 166.92 163.42 160.10 157.00 154.13 151.54 149.23 147.24 145.54 144.09 142.88 141.92 141.20 140.72 140.48 140.50 140.90 141.73 142.96 144.53 146.37 148.44 150.66 152.95 154.98 156.33 156.91 156.71 155.75 154.01 151.49 148.25 145.44 144.16 144.37 145.93 148.69 152.51 157.25 162.65 167.91 172.44 176.19 179.16 181.35 182.76 183.38 183.25 182.60 181.80 181.01 180.36 179.98 179.99 180.51 181.64 183.10 184.54 185.90 187.14
213.50 210.39 207.19 203.85 200.33 196.61 192.77 188.93 185.11 181.31 177.52 173.75 170.03 166.44 163.01 159.78 156.76 153.98 151.46 149.24 147.32 145.70 144.31 143.15 142.23 141.53 141.07 140.84 140.83 141.07 141.67 142.67 144.03 145.70 147.61 149.69 151.59 152.90 153.54 153.50 152.79 151.40 149.32 146.57 143.19 140.26 138.83 138.86 140.19 142.69 146.22 150.63 155.78 161.43 166.78 171.30 174.91 177.63 179.46 180.41 180.68 180.61 180.34 180.01 179.75 179.66 179.89 180.56 181.76 183.25 184.71 186.10 187.36
211.90 209.01 206.04 202.95 199.70 196.25 192.57 188.77 184.96 181.15 177.35 173.59 169.94 166.43 163.08 159.92 156.98 154.27 151.83 149.68 147.84 146.28 144.95 143.84 142.95 142.27 141.82 141.58 141.57 141.76 142.19 142.95 144.08 145.55 147.27 148.90 150.03 150.59 150.57 149.97 148.79 147.03 144.67 141.73 138.25 135.26 133.74 133.63 134.79 137.08 140.36 144.49 149.33 154.74 160.45 165.75 170.08 173.40 175.72 177.22 178.17 178.73 179.02 179.16 179.29 179.52 179.99 180.81 182.10 183.63 185.13 186.56 187.86
210.42 207.73 204.97 202.12 199.13 195.96 192.56 188.92 185.14 181.33 177.56 173.86 170.28 166.84 163.56 160.48 157.60 154.97 152.59 150.51 148.74 147.24 145.96 144.88 144.02 143.36 142.91 142.67 142.63 142.79 143.16 143.75 144.64 145.85 147.07 147.89 148.24 148.10 147.47 146.36 144.76 142.67 140.09 137.01 133.49 130.48 128.91 128.72 129.76 131.89 134.98 138.88 143.45 148.55 154.04 159.67 164.74 168.73 171.75 174.02 175.70 176.90 177.76 178.40 178.94 179.50 180.22 181.22 182.60 184.19 185.75 187.23 188.58
209.04 206.53 203.98 201.35 198.61 195.70 192.59 189.24 185.62 181.86 178.14 174.51 171.00 167.62 164.41 161.39 158.57 156.00 153.69 151.67 149.96 148.52 147.28 146.24 145.39 144.74 144.29 144.03 143.96 144.09 144.41 144.92 145.61 146.29 146.65 146.64 146.24 145.45 144.27 142.70 140.73 138.37 135.60 132.44 128.92 125.95 124.38 124.16 125.13 127.16 130.10 133.82 138.17 143.02 148.22 153.63 159.02 163.81 167.70 170.80 173.22 175.08 176.52 177.66 178.63 179.54 180.52 181.71 183.20 184.86 186.49 188.04 189.46
207.73 205.39 203.04 200.62 198.11 195.45 192.62 189.55 186.24 182.70 179.06 175.49 172.04 168.72 165.57 162.60 159.85 157.33 155.08 153.11 151.45 150.06 148.86 147.84 147.01 146.37 145.90 145.62 145.52 145.60 145.87 146.28 146.59 146.47 145.96 145.16 144.07 142.68 141.00 139.01 136.73 134.14 131.25 128.05 124.59 121.70 120.19 119.98 120.94 122.91 125.76 129.35 133.54 138.18 143.14 148.28 153.52 158.79 163.55 167.48 170.65 173.20 175.24 176.90 178.30 179.57 180.84 182.23 183.84 185.59 187.31 188.94 190.45
206.48 204.30 202.13 199.91 197.62 195.20 192.62 189.85 186.86 183.66 180.24 176.75 173.35 170.08 166.98 164.07 161.36 158.90 156.69 154.78 153.17 151.82 150.65 149.65 148.83 148.18 147.70 147.39 147.25 147.28 147.46 147.52 147.13 146.28 145.03 143.50 141.76 139.83 137.69 135.35 132.80 130.04 127.07 123.89 120.53 117.78 116.37 116.23 117.22 119.18 121.99 125.50 129.57 134.06 138.84 143.78 148.86 154.06 159.27 164.01 167.96 171.19 173.84 176.04 177.90 179.54 181.11 182.71 184.47 186.32 188.14 189.87 191.47
205.27 203.24 201.23 199.20 197.11 194.92 192.59 190.09 187.42 184.56 181.48 178.20 174.87 171.65 168.60 165.73 163.07 160.65 158.49 156.61 155.05 153.73 152.59 151.61 150.79 150.13 149.63 149.28 149.10 149.05 148.88 148.26 147.17 145.67 143.82 141.68 139.36 136.93 134.39 131.74 128.97 126.09 123.09 119.97 116.77 114.21 112.96 112.94 114.00 116.01 118.83 122.31 126.32 130.71 135.33 140.11 145.03 150.07 155.22 160.37 165.06 169.01 172.29 175.03 177.35 179.39 181.27 183.10 185.01 186.99 188.92 190.76 192.47
204.07 202.18 200.32 198.46 196.57 194.58 192.48 190.25 187.86 185.31 182.58 179.65 176.54 173.38 170.36 167.53 164.92 162.53 160.41 158.57 157.04 155.76 154.63 153.66 152.84 152.16 151.63 151.25 150.99 150.60 149.76 148.45 146.74 144.67 142.30 139.68 136.89 134.01 131.12 128.21 125.28 122.33 119.35 116.35 113.36 111.03 109.99 110.13 111.33 113.44 116.31 119.82 123.80 128.09 132.56 137.18 141.94 146.82 151.80 156.88 161.95 166.58 170.50 173.80 176.61 179.06 181.26 183.34 185.42 187.53 189.59 191.56 193.40
202.87 201.10 199.38 197.68 195.96 194.16 192.27 190.27 188.15 185.89 183.47 180.89 178.13 175.19 172.23 169.43 166.85 164.49 162.40 160.60 159.09 157.84 156.73 155.75 154.92 154.22 153.65 153.20 152.62 151.58 150.07 148.15 145.87 143.30 140.48 137.47 134.33 131.12 127.92 124.80 121.76 118.79 115.88 113.05 110.31 108.28 107.49 107.86 109.24 111.49 114.47 118.04 121.97 126.11 130.42 134.88 139.47 144.19 149.02 153.93 158.91 163.88 168.42 172.31 175.62 178.48 181.02 183.37 185.63 187.89 190.09 192.20 194.19
201.65 199.98 198.39 196.83 195.23 193.59 191.88 190.10 188.22 186.23 184.11 181.86 179.44 176.86 174.12 171.37 168.81 166.48 164.42 162.63 161.16 159.92 158.81 157.83 156.98 156.25 155.63 154.86 153.63 151.94 149.83 147.37 144.61 141.60 138.40 135.06 131.65 128.22 124.83 121.55 118.44 115.50 112.72 110.11 107.68 105.98 105.50 106.14 107.75 110.20 113.33 116.89 120.69 124.66 128.80 133.10 137.53 142.09 146.75 151.49 156.31 161.19 166.03 170.48 174.30 177.60 180.50 183.12 185.59 188.00 190.36 192.63 194.77
200.39 198.81 197.31 195.83 194.34 192.83 191.29 189.70 188.03 186.29 184.45 182.49 180.41 178.18 175.80 173.27 170.75 168.44 166.39 164.63 163.17 161.94 160.84 159.85 158.97 158.19 157.25 155.86 154.00 151.72 149.09 146.16 142.97 139.60 136.09 132.51 128.90 125.32 121.83 118.49 115.37 112.51 109.91 107.56 105.49 104.18 104.06 105.01 106.91 109.59 112.77 116.19 119.82 123.63 127.61 131.74 136.01 140.40 144.89 149.47 154.12 158.83 163.58 168.29 172.61 176.36 179.63 182.54 185.22 187.81 190.35 192.79 195.10
199.05 197.53 196.07 194.64 193.24 191.84 190.44 189.01 187.54 186.02 184.43 182.75 180.98 179.09 177.06 174.90 172.59 170.32 168.29 166.53 165.09 163.86 162.75 161.75 160.82 159.74 158.19 156.18 153.75 150.96 147.87 144.54 141.01 137.34 133.59 129.82 126.09 122.44 118.93 115.62 112.57 109.84 107.46 105.43 103.78 102.91 103.19 104.52 106.73 109.50 112.55 115.81 119.27 122.92 126.73 130.70 134.80 139.02 143.35 147.76 152.24 156.78 161.36 165.96 170.51 174.69 178.34 181.56 184.47 187.26 189.98 192.61 195.11
