data_processed/recharge/precip/Precip_2005_04.asc
ncols        168
nrows        136
xllcorner    455000
yllcorner    2107000
cellsize     500
NODATA_value     -99999
[rows 34 to 67 of 136, columns 0 to 76 of 168]
37.18 38.04 38.94 39.85 40.77 41.68 42.58 43.43 44.24 44.99 45.66 46.25 46.73 47.10 47.34 47.43 47.37 47.14 46.73 46.13 45.31 44.31 43.14 41.87 40.53 39.14 37.72 36.29 34.85 33.42 32.03 30.68 29.39 28.17 27.04 26.02 25.11 24.34 23.72 23.27 23.00 22.92 23.05 23.40 24.00 24.85 26.01 27.44 28.69 29.53 30.16 30.65 31.03 31.28 31.42 31.46 31.40 31.25 31.02 30.71 30.33 29.88 29.38 28.83 28.23 27.60 26.94 26.26 25.56 24.85 24.13 23.35 22.39 21.38 20.45 19.60 18.85
37.97 38.83 39.71 40.62 41.52 42.42 43.29 44.12 44.91 45.63 46.27 46.82 47.27 47.60 47.80 47.85 47.75 47.47 47.01 46.35 45.51 44.50 43.33 42.06 40.72 39.32 37.88 36.42 34.96 33.51 32.08 30.70 29.37 28.12 26.95 25.88 24.93 24.11 23.44 22.93 22.59 22.45 22.52 22.80 23.33 24.15 25.29 26.71 27.92 28.69 29.10 29.33 29.47 29.51 29.47 29.35 29.16 28.91 28.60 28.24 27.84 27.40 26.93 26.44 25.93 25.41 24.89 24.38 23.87 23.38 22.85 22.17 21.32 20.40 19.57 18.81 18.14
38.69 39.52 40.40 41.29 42.18 43.05 43.90 44.72 45.47 46.17 46.78 47.30 47.71 48.00 48.16 48.17 48.02 47.69 47.19 46.50 45.65 44.63 43.46 42.19 40.84 39.44 37.99 36.51 35.03 33.55 32.10 30.69 29.33 28.03 26.83 25.72 24.72 23.85 23.13 22.57 22.18 21.97 21.98 22.20 22.70 23.51 24.64 26.03 27.22 27.97 28.30 28.33 28.23 28.06 27.83 27.55 27.23 26.87 26.48 26.07 25.64 25.21 24.77 24.33 23.90 23.50 23.11 22.76 22.44 22.11 21.67 21.07 20.31 19.49 18.76 18.09 17.51
39.37 40.15 41.00 41.88 42.75 43.61 44.44 45.23 45.96 46.62 47.20 47.69 48.06 48.32 48.43 48.40 48.20 47.83 47.29 46.59 45.73 44.70 43.53 42.25 40.91 39.50 38.05 36.56 35.06 33.56 32.08 30.64 29.25 27.92 26.68 25.53 24.49 23.58 22.81 22.19 21.75 21.49 21.44 21.64 22.14 22.95 24.06 25.42 26.58 27.29 27.61 27.58 27.29 26.90 26.48 26.04 25.58 25.11 24.64 24.17 23.71 23.27 22.86 22.47 22.12 21.82 21.57 21.37 21.19 20.93 20.56 20.04 19.37 18.66 18.01 17.45 16.96
40.06 40.75 41.55 42.40 43.26 44.10 44.91 45.67 46.37 47.01 47.56 48.01 48.35 48.56 48.64 48.56 48.32 47.91 47.35 46.63 45.75 44.72 43.54 42.26 40.92 39.51 38.06 36.56 35.05 33.53 32.03 30.56 29.15 27.79 26.51 25.32 24.25 23.29 22.47 21.81 21.31 21.00 20.94 21.15 21.66 22.46 23.55 24.86 25.98 26.67 26.97 26.92 26.57 26.02 25.40 24.79 24.19 23.61 23.04 22.52 22.02 21.58 21.18 20.84 20.57 20.37 20.24 20.15 20.03 19.82 19.51 19.08 18.50 17.88 17.34 16.87 16.47
40.76 41.37 42.08 42.87 43.71 44.53 45.31 46.05 46.73 47.33 47.85 48.27 48.57 48.74 48.77 48.65 48.38 47.94 47.36 46.62 45.74 44.69 43.51 42.23 40.88 39.47 38.01 36.52 35.00 33.47 31.95 30.46 29.01 27.63 26.32 25.10 23.98 22.98 22.12 21.41 20.87 20.56 20.51 20.75 21.26 22.04 23.10 24.37 25.45 26.10 26.37 26.30 25.94 25.34 24.57 23.79 23.04 22.33 21.68 21.09 20.56 20.10 19.72 19.42 19.22 19.11 19.07 19.02 18.93 18.78 18.54 18.18 17.70 17.18 16.73 16.35 16.05
41.46 41.99 42.63 43.34 44.11 44.91 45.67 46.38 47.03 47.61 48.09 48.47 48.74 48.87 48.86 48.70 48.39 47.94 47.33 46.58 45.67 44.62 43.43 42.14 40.79 39.38 37.92 36.43 34.91 33.37 31.84 30.33 28.86 27.45 26.10 24.85 23.70 22.67 21.76 21.01 20.47 20.19 20.17 20.42 20.92 21.69 22.71 23.93 24.96 25.57 25.81 25.71 25.34 24.72 23.92 23.00 22.10 21.27 20.52 19.86 19.29 18.81 18.44 18.18 18.04 17.99 17.98 17.95 17.91 17.81 17.63 17.35 16.96 16.54 16.18 15.90 15.69
42.17 42.63 43.19 43.83 44.52 45.26 45.99 46.68 47.30 47.85 48.30 48.64 48.87 48.96 48.91 48.72 48.38 47.90 47.27 46.49 45.57 44.51 43.30 42.01 40.65 39.24 37.78 36.28 34.77 33.23 31.69 30.17 28.68 27.24 25.87 24.59 23.40 22.33 21.40 20.65 20.16 19.91 19.91 20.16 20.66 21.40 22.38 23.55 24.52 25.08 25.28 25.16 24.76 24.14 23.32 22.37 21.36 20.40 19.55 18.81 18.19 17.70 17.33 17.11 17.00 16.96 16.95 16.96 16.95 16.90 16.79 16.59 16.28 15.96 15.70 15.51 15.39
42.87 43.27 43.77 44.34 44.96 45.62 46.30 46.96 47.55 48.06 48.48 48.79 48.97 49.03 48.94 48.71 48.33 47.82 47.17 46.37 45.44 44.36 43.14 41.84 40.48 39.06 37.60 36.10 34.58 33.05 31.51 29.98 28.47 27.01 25.62 24.31 23.09 22.00 21.07 20.38 19.93 19.72 19.74 19.99 20.47 21.18 22.11 23.22 24.13 24.64 24.80 24.64 24.21 23.57 22.74 21.79 20.75 19.70 18.74 17.92 17.25 16.73 16.37 16.15 16.03 15.99 16.00 16.02 16.05 16.05 16.00 15.88 15.67 15.44 15.28 15.18 15.15
43.56 43.92 44.36 44.86 45.42 46.02 46.62 47.22 47.78 48.26 48.65 48.92 49.06 49.07 48.94 48.67 48.26 47.72 47.04 46.22 45.27 44.17 42.95 41.64 40.27 38.84 37.38 35.88 34.35 32.82 31.28 29.75 28.24 26.77 25.35 24.02 22.78 21.70 20.84 20.21 19.80 19.61 19.64 19.88 20.34 21.02 21.90 22.94 23.78 24.24 24.34 24.15 23.69 23.02 22.18 21.21 20.17 19.10 18.07 17.17 16.44 15.89 15.51 15.27 15.13 15.09 15.10 15.15 15.22 15.27 15.29 15.24 15.12 14.98 14.92 14.91 14.97
44.25 44.56 44.95 45.41 45.91 46.44 46.98 47.51 48.02 48.46 48.81 49.03 49.13 49.09 48.91 48.61 48.17 47.60 46.89 46.05 45.07 43.96 42.73 41.41 40.03 38.60 37.12 35.62 34.09 32.55 31.02 29.49 27.98 26.50 25.07 23.71 22.50 21.50 20.71 20.12 19.75 19.58 19.62 19.85 20.28 20.91 21.74 22.71 23.48 23.88 23.93 23.68 23.18 22.48 21.62 20.65 19.60 18.53 17.48 16.52 15.73 15.14 14.72 14.45 14.30 14.25 14.27 14.35 14.45 14.55 14.63 14.66 14.63 14.59 14.61 14.70 14.84
44.94 45.20 45.55 45.96 46.41 46.89 47.37 47.84 48.28 48.67 48.97 49.14 49.18 49.09 48.88 48.53 48.06 47.45 46.72 45.85 44.86 43.73 42.48 41.15 39.76 38.32 36.84 35.33 33.80 32.26 30.72 29.19 27.68 26.20 24.77 23.46 22.33 21.40 20.67 20.13 19.79 19.64 19.67 19.89 20.29 20.87 21.63 22.53 23.23 23.55 23.54 23.24 22.70 21.96 21.08 20.08 19.03 17.95 16.91 15.94 15.11 14.46 14.00 13.69 13.53 13.47 13.51 13.60 13.74 13.89 14.03 14.14 14.19 14.25 14.36 14.54 14.78
45.60 45.84 46.16 46.53 46.94 47.37 47.80 48.22 48.59 48.90 49.12 49.23 49.22 49.09 48.83 48.44 47.93 47.29 46.53 45.64 44.62 43.48 42.21 40.87 39.47 38.02 36.53 35.01 33.47 31.93 30.39 28.86 27.35 25.88 24.51 23.30 22.26 21.41 20.73 20.23 19.91 19.77 19.80 19.99 20.36 20.89 21.58 22.39 23.01 23.26 23.18 22.83 22.24 21.46 20.54 19.52 18.45 17.37 16.33 15.37 14.53 13.84 13.34 13.00 12.82 12.76 12.80 12.92 13.09 13.29 13.49 13.67 13.82 13.96 14.17 14.44 14.76
46.26 46.47 46.76 47.10 47.48 47.87 48.26 48.62 48.93 49.15 49.29 49.33 49.26 49.08 48.77 48.34 47.79 47.12 46.33 45.41 44.37 43.21 41.93 40.57 39.16 37.70 36.20 34.67 33.13 31.58 30.03 28.50 26.99 25.58 24.33 23.24 22.30 21.51 20.88 20.42 20.12 19.98 20.00 20.17 20.49 20.96 21.58 22.30 22.83 23.00 22.85 22.43 21.79 20.97 20.01 18.96 17.86 16.77 15.74 14.80 13.97 13.28 12.74 12.37 12.17 12.10 12.15 12.29 12.50 12.74 13.01 13.26 13.49 13.73 14.03 14.39 14.80
46.89 47.10 47.36 47.68 48.03 48.39 48.74 49.04 49.26 49.41 49.47 49.43 49.30 49.07 48.71 48.24 47.65 46.94 46.12 45.17 44.11 42.93 41.63 40.26 38.83 37.36 35.85 34.31 32.76 31.20 29.65 28.12 26.68 25.39 24.25 23.26 22.42 21.71 21.13 20.70 20.41 20.27 20.27 20.40 20.68 21.08 21.62 22.26 22.69 22.77 22.55 22.06 21.36 20.48 19.48 18.39 17.28 16.18 15.16 14.24 13.43 12.74 12.19 11.80 11.58 11.51 11.56 11.72 11.96 12.25 12.58 12.91 13.23 13.56 13.95 14.40 14.89
47.51 47.70 47.96 48.26 48.59 48.92 49.21 49.44 49.59 49.66 49.65 49.55 49.35 49.05 48.65 48.14 47.51 46.76 45.90 44.93 43.84 42.64 41.32 39.94 38.49 37.01 35.48 33.94 32.38 30.81 29.26 27.79 26.47 25.30 24.27 23.38 22.62 21.98 21.46 21.06 20.78 20.63 20.60 20.70 20.92 21.26 21.71 22.25 22.58 22.57 22.27 21.71 20.94 20.00 18.95 17.83 16.70 15.62 14.63 13.72 12.92 12.23 11.68 11.28 11.04 10.96 11.03 11.21 11.48 11.82 12.20 12.61 13.01 13.44 13.92 14.45 15.03
48.10 48.30 48.55 48.84 49.15 49.43 49.66 49.81 49.89 49.90 49.82 49.66 49.40 49.05 48.60 48.04 47.36 46.58 45.69 44.69 43.57 42.34 41.01 39.61 38.15 36.65 35.11 33.56 31.98 30.42 28.92 27.58 26.37 25.31 24.39 23.59 22.90 22.33 21.87 21.50 21.22 21.06 21.01 21.06 21.22 21.49 21.85 22.28 22.51 22.40 22.01 21.37 20.53 19.53 18.43 17.29 16.18 15.13 14.15 13.25 12.46 11.78 11.23 10.82 10.57 10.48 10.55 10.75 11.05 11.44 11.88 12.36 12.85 13.36 13.93 14.55 15.22
48.67 48.87 49.13 49.41 49.68 49.90 50.05 50.15 50.17 50.11 49.98 49.76 49.45 49.05 48.55 47.94 47.23 46.41 45.48 44.44 43.30 42.05 40.70 39.28 37.80 36.28 34.74 33.16 31.59 30.08 28.71 27.49 26.40 25.44 24.61 23.88 23.27 22.76 22.33 22.00 21.74 21.56 21.48 21.48 21.58 21.76 22.03 22.35 22.47 22.26 21.77 21.05 20.13 19.07 17.94 16.82 15.74 14.71 13.75 12.86 12.08 11.40 10.84 10.42 10.16 10.06 10.12 10.34 10.68 11.11 11.61 12.16 12.73 13.34 14.00 14.71 15.46
49.21 49.43 49.69 49.94 50.15 50.30 50.40 50.43 50.40 50.29 50.11 49.84 49.49 49.04 48.50 47.85 47.10 46.24 45.28 44.21 43.04 41.76 40.39 38.95 37.46 35.92 34.36 32.78 31.26 29.88 28.64 27.53 26.55 25.68 24.93 24.28 23.72 23.25 22.87 22.56 22.32 22.13 22.01 21.96 21.99 22.08 22.25 22.45 22.46 22.14 21.56 20.74 19.75 18.65 17.54 16.45 15.40 14.39 13.44 12.57 11.79 11.11 10.55 10.12 9.83 9.71 9.76 9.99 10.35 10.83 11.39 12.01 12.67 13.36 14.11 14.90 15.74
49.72 49.95 50.18 50.38 50.53 50.63 50.68 50.66 50.58 50.43 50.20 49.89 49.50 49.02 48.44 47.76 46.98 46.09 45.09 43.99 42.79 41.48 40.09 38.63 37.11 35.56 33.99 32.47 31.08 29.83 28.71 27.70 26.81 26.03 25.35 24.76 24.26 23.83 23.47 23.18 22.94 22.75 22.60 22.49 22.44 22.45 22.51 22.59 22.48 22.05 21.36 20.45 19.41 18.34 17.27 16.21 15.18 14.19 13.26 12.39 11.61 10.93 10.36 9.92 9.62 9.47 9.49 9.70 10.08 10.60 11.22 11.91 12.65 13.43 14.27 15.15 16.07
50.18 50.40 50.58 50.73 50.83 50.88 50.88 50.82 50.70 50.51 50.25 49.90 49.48 48.97 48.36 47.66 46.85 45.94 44.91 43.78 42.55 41.22 39.80 38.31 36.78 35.22 33.70 32.31 31.06 29.93 28.91 28.01 27.20 26.50 25.88 25.34 24.88 24.48 24.14 23.85 23.61 23.41 23.23 23.08 22.95 22.86 22.81 22.76 22.52 21.98 21.18 20.22 19.21 18.17 17.14 16.11 15.10 14.13 13.20 12.35 11.57 10.88 10.31 9.85 9.53 9.36 9.35 9.51 9.87 10.42 11.09 11.85 12.67 13.55 14.47 15.44 16.49
50.56 50.73 50.87 50.97 51.03 51.04 51.00 50.90 50.75 50.52 50.23 49.86 49.41 48.88 48.25 47.53 46.70 45.78 44.74 43.59 42.32 40.97 39.52 38.02 36.47 34.97 33.58 32.33 31.19 30.17 29.26 28.44 27.72 27.07 26.51 26.02 25.58 25.21 24.88 24.59 24.33 24.10 23.89 23.69 23.50 23.31 23.14 22.97 22.59 21.93 21.07 20.14 19.17 18.17 17.17 16.16 15.18 14.22 13.31 12.46 11.68 10.99 10.40 9.93 9.58 9.38 9.34 9.47 9.79 10.31 11.01 11.84 12.75 13.71 14.72 15.81 17.07
50.81 50.93 51.03 51.09 51.11 51.09 51.02 50.90 50.71 50.46 50.15 49.76 49.29 48.74 48.10 47.36 46.53 45.60 44.55 43.40 42.12 40.74 39.27 37.75 36.26 34.89 33.64 32.51 31.49 30.57 29.74 29.01 28.35 27.77 27.25 26.79 26.38 26.02 25.69 25.39 25.11 24.85 24.59 24.34 24.07 23.80 23.51 23.20 22.69 21.96 21.13 20.25 19.32 18.36 17.38 16.40 15.43 14.49 13.59 12.74 11.96 11.26 10.66 10.17 9.80 9.57 9.50 9.59 9.86 10.33 11.00 11.87 12.86 13.91 15.05 16.35 17.84
50.90 50.99 51.06 51.09 51.08 51.03 50.93 50.79 50.58 50.32 49.99 49.58 49.10 48.54 47.89 47.15 46.32 45.38 44.34 43.19 41.92 40.53 39.05 37.58 36.23 35.00 33.88 32.86 31.94 31.12 30.37 29.71 29.11 28.58 28.09 27.66 27.26 26.90 26.57 26.25 25.94 25.63 25.32 25.00 24.66 24.30 23.90 23.46 22.88 22.18 21.40 20.56 19.67 18.74 17.79 16.84 15.89 14.96 14.06 13.21 12.43 11.72 11.11 10.60 10.20 9.95 9.83 9.88 10.11 10.53 11.15 11.98 13.02 14.20 15.55 17.09 18.79
50.89 50.95 50.98 50.99 50.96 50.88 50.77 50.60 50.38 50.11 49.76 49.35 48.86 48.30 47.65 46.91 46.08 45.14 44.11 42.97 41.71 40.33 38.89 37.55 36.34 35.24 34.24 33.34 32.52 31.78 31.11 30.51 29.96 29.47 29.01 28.60 28.21 27.84 27.49 27.15 26.80 26.44 26.08 25.68 25.26 24.80 24.30 23.78 23.22 22.57 21.84 21.04 20.19 19.30 18.37 17.44 16.51 15.59 14.70 13.85 13.06 12.34 11.71 11.18 10.76 10.47 10.32 10.33 10.51 10.87 11.43 12.21 13.21 14.54 16.13 17.90 19.80
50.90 50.93 50.93 50.91 50.85 50.76 50.62 50.44 50.20 49.91 49.56 49.13 48.64 48.07 47.42 46.68 45.85 44.92 43.89 42.75 41.51 40.16 38.77 37.52 36.44 35.47 34.59 33.79 33.07 32.41 31.82 31.28 30.79 30.33 29.91 29.51 29.13 28.76 28.39 28.01 27.63 27.22 26.79 26.33 25.82 25.27 24.69 24.14 23.58 22.97 22.29 21.54 20.73 19.86 18.97 18.06 17.14 16.23 15.35 14.50 13.71 12.98 12.33 11.78 11.33 11.01 10.83 10.79 10.93 11.24 11.74 12.44 13.35 14.66 16.42 18.41 20.52
50.97 50.96 50.93 50.88 50.80 50.68 50.52 50.32 50.06 49.75 49.38 48.95 48.45 47.87 47.21 46.47 45.64 44.71 43.69 42.56 41.34 40.03 38.68 37.49 36.49 35.64 34.88 34.19 33.57 33.00 32.48 32.00 31.56 31.15 30.75 30.37 30.00 29.62 29.24 28.84 28.41 27.96 27.47 26.93 26.34 25.72 25.12 24.54 23.96 23.36 22.72 22.01 21.23 20.40 19.54 18.65 17.75 16.85 15.97 15.13 14.33 13.59 12.93 12.36 11.89 11.54 11.32 11.24 11.32 11.58 12.02 12.63 13.45 14.66 16.41 18.56 20.88
51.08 51.04 50.98 50.89 50.78 50.64 50.45 50.23 49.95 49.63 49.24 48.79 48.28 47.69 47.03 46.28 45.44 44.52 43.50 42.39 41.20 39.94 38.63 37.48 36.54 35.77 35.12 34.54 34.01 33.53 33.09 32.67 32.28 31.91 31.55 31.19 30.82 30.44 30.04 29.62 29.15 28.65 28.10 27.49 26.85 26.20 25.58 24.99 24.39 23.77 23.12 22.45 21.71 20.91 20.08 19.21 18.33 17.44 16.57 15.73 14.93 14.19 13.51 12.92 12.42 12.04 11.79 11.67 11.71 11.91 12.26 12.79 13.51 14.63 16.30 18.44 20.92
51.22 51.16 51.06 50.95 50.80 50.63 50.42 50.17 49.87 49.52 49.12 48.66 48.13 47.53 46.86 46.10 45.26 44.33 43.33 42.25 41.10 39.88 38.61 37.50 36.61 35.89 35.31 34.84 34.41 34.01 33.64 33.30 32.96 32.63 32.30 31.96 31.60 31.22 30.80 30.35 29.85 29.30 28.69 28.04 27.37 26.71 26.08 25.47 24.85 24.21 23.55 22.87 22.16 21.40 20.59 19.75 18.89 18.02 17.15 16.31 15.51 14.76 14.07 13.46 12.94 12.53 12.24 12.08 12.07 12.19 12.46 12.90 13.53 14.57 16.16 18.23 20.71
51.35 51.30 51.18 51.03 50.86 50.65 50.41 50.13 49.81 49.44 49.02 48.54 47.99 47.38 46.69 45.93 45.09 44.17 43.19 42.14 41.03 39.84 38.62 37.55 36.69 36.02 35.50 35.09 34.75 34.45 34.16 33.87 33.59 33.30 33.00 32.68 32.33 31.95 31.52 31.04 30.51 29.91 29.26 28.59 27.91 27.24 26.59 25.97 25.34 24.68 24.00 23.30 22.59 21.86 21.08 20.26 19.42 18.56 17.71 16.88 16.07 15.31 14.61 13.98 13.44 13.00 12.67 12.47 12.39 12.43 12.62 12.97 13.52 14.47 15.99 17.99 20.42
51.48 51.43 51.32 51.14 50.93 50.69 50.42 50.12 49.77 49.37 48.93 48.43 47.86 47.24 46.54 45.76 44.92 44.03 43.08 42.06 40.98 39.83 38.64 37.61 36.79 36.16 35.68 35.32 35.06 34.83 34.62 34.40 34.18 33.93 33.66 33.36 33.02 32.64 32.20 31.70 31.13 30.50 29.84 29.15 28.47 27.79 27.13 26.50 25.86 25.19 24.49 23.77 23.04 22.30 21.55 20.75 19.93 19.09 18.25 17.42 16.61 15.84 15.13 14.48 13.92 13.45 13.09 12.82 12.66 12.63 12.74 13.01 13.47 14.35 15.79 17.74 20.11
51.61 51.56 51.44 51.26 51.03 50.76 50.45 50.11 49.74 49.32 48.85 48.32 47.74 47.09 46.38 45.61 44.79 43.92 42.99 42.00 40.95 39.83 38.67 37.68 36.90 36.31 35.87 35.56 35.34 35.18 35.04 34.89 34.72 34.52 34.28 34.00 33.67 33.29 32.83 32.31 31.72 31.08 30.41 29.73 29.03 28.35 27.68 27.04 26.39 25.71 25.00 24.26 23.52 22.76 22.00 21.22 20.42 19.59 18.76 17.93 17.13 16.36 15.63 14.97 14.38 13.88 13.46 13.13 12.90 12.80 12.83 13.02 13.40 14.20 15.58 17.47 19.79
51.73 51.68 51.56 51.37 51.13 50.83 50.49 50.12 49.71 49.26 48.77 48.22 47.61 46.95 46.23 45.47 44.67 43.82 42.92 41.96 40.93 39.84 38.72 37.76 37.01 36.46 36.06 35.79 35.61 35.50 35.42 35.33 35.22 35.06 34.86 34.60 34.28 33.90 33.43 32.90 32.30 31.66 30.99 30.30 29.60 28.91 28.24 27.60 26.94 26.25 25.52 24.78 24.01 23.24 22.46 21.67 20.89 20.08 19.26 18.43 17.63 16.85 16.12 15.44 14.82 14.27 13.79 13.39 13.10 12.92 12.89 13.01 13.31 14.03 15.34 17.18 19.46
51.83 51.78 51.66 51.47 51.21 50.90 50.53 50.13 49.69 49.21 48.68 48.11 47.48 46.81 46.10 45.36 44.57 43.74 42.86 41.92 40.92 39.85 38.76 37.83 37.12 36.60 36.24 36.01 35.87 35.80 35.77 35.74 35.68 35.57 35.40 35.16 34.86 34.47 34.00 33.46 32.87 32.23 31.56 30.87 30.17 29.48 28.80 28.16 27.49 26.79 26.06 25.30 24.52 23.73 22.93 22.13 21.34 20.54 19.73 18.91 18.11 17.33 16.58 15.88 15.22 14.61 14.07 13.62 13.26 13.02 12.92 12.96 13.19 13.84 15.09 16.88 19.11
