data_processed/recharge/precip/Precip_1996_03.asc
ncols        168
nrows        136
xllcorner    455000
yllcorner    2107000
cellsize     500
NODATA_value     -99999
[rows 0 to 37 of 136, columns 84 to 167 of 168]
12.95 12.48 12.00 11.53 11.07 10.61 10.16 9.72 9.30 8.89 8.50 8.14 7.79 7.47 7.15 6.81 6.42 6.01 5.64 5.29 4.96 4.63 4.31 3.99 3.68 3.38 3.10 2.83 2.59 2.36 2.17 2.00 1.87 1.78 1.72 1.71 1.75 1.83 1.97 2.14 2.33 2.54 2.80 3.10 3.45 3.85 4.32 4.89 5.59 6.40 7.32 8.34 9.46 10.67 11.96 13.34 14.79 16.30 17.89 19.53 21.22 22.95 24.73 26.54 28.35 29.98 31.41 32.68 34.10 36.42 39.76 44.04 48.89 53.87 58.83 63.70 68.41 72.91 77.11 80.94 84.36 87.27 89.62 91.34
12.60 12.13 11.66 11.20 10.74 10.28 9.84 9.41 9.00 8.60 8.22 7.86 7.53 7.23 6.94 6.65 6.32 5.98 5.66 5.36 5.05 4.75 4.43 4.12 3.82 3.51 3.22 2.95 2.68 2.44 2.22 2.03 1.86 1.73 1.63 1.58 1.56 1.59 1.66 1.79 1.95 2.14 2.36 2.62 2.93 3.31 3.80 4.41 5.13 5.96 6.89 7.91 9.03 10.23 11.52 12.87 14.29 15.78 17.32 18.92 20.56 22.24 23.95 25.69 27.46 29.21 30.79 32.18 33.69 36.11 39.57 43.72 48.10 52.57 57.07 61.52 65.86 70.01 73.92 77.51 80.72 83.47 85.70 87.35
12.21 11.75 11.29 10.83 10.38 9.93 9.50 9.08 8.68 8.29 7.93 7.58 7.27 6.98 6.72 6.48 6.22 5.95 5.69 5.42 5.15 4.86 4.56 4.27 3.96 3.67 3.37 3.09 2.82 2.56 2.32 2.10 1.91 1.74 1.61 1.50 1.44 1.42 1.44 1.51 1.62 1.77 1.95 2.18 2.47 2.87 3.39 4.02 4.76 5.60 6.54 7.56 8.67 9.86 11.12 12.45 13.84 15.29 16.79 18.33 19.91 21.53 23.17 24.83 26.52 28.21 29.87 31.39 32.99 35.50 38.81 42.47 46.33 50.32 54.38 58.43 62.42 66.27 69.91 73.28 76.30 78.92 81.06 82.65
11.79 11.34 10.89 10.45 10.01 9.58 9.16 8.75 8.36 7.99 7.64 7.32 7.02 6.75 6.51 6.30 6.11 5.92 5.71 5.48 5.23 4.97 4.69 4.41 4.12 3.83 3.54 3.25 2.97 2.70 2.45 2.21 1.99 1.80 1.63 1.49 1.38 1.31 1.28 1.29 1.35 1.45 1.59 1.80 2.11 2.54 3.09 3.74 4.49 5.33 6.26 7.28 8.37 9.54 10.78 12.07 13.42 14.82 16.27 17.75 19.27 20.81 22.37 23.95 25.55 27.14 28.74 30.29 31.97 34.32 37.12 40.23 43.59 47.13 50.78 54.47 58.13 61.69 65.09 68.26 71.13 73.64 75.71 77.27
11.38 10.94 10.50 10.07 9.65 9.23 8.83 8.44 8.07 7.72 7.39 7.08 6.81 6.56 6.34 6.16 6.01 5.87 5.70 5.51 5.30 5.06 4.81 4.55 4.28 4.00 3.71 3.43 3.15 2.87 2.60 2.35 2.11 1.89 1.69 1.52 1.37 1.26 1.18 1.14 1.14 1.19 1.29 1.51 1.85 2.30 2.86 3.52 4.27 5.12 6.04 7.04 8.12 9.26 10.46 11.71 13.02 14.36 15.75 17.17 18.61 20.08 21.56 23.05 24.54 26.03 27.52 28.99 30.52 32.34 34.58 37.18 40.06 43.17 46.42 49.76 53.12 56.42 59.61 62.60 65.34 67.75 69.78 71.34
10.99 10.56 10.14 9.72 9.31 8.91 8.53 8.16 7.80 7.47 7.16 6.87 6.61 6.39 6.19 6.03 5.90 5.78 5.66 5.51 5.34 5.14 4.92 4.68 4.43 4.16 3.89 3.61 3.33 3.05 2.78 2.52 2.26 2.02 1.80 1.60 1.42 1.27 1.14 1.06 1.00 0.99 1.02 1.21 1.57 2.05 2.62 3.29 4.05 4.88 5.80 6.78 7.83 8.94 10.10 11.32 12.57 13.86 15.19 16.54 17.91 19.29 20.68 22.08 23.47 24.86 26.23 27.61 29.01 30.43 32.11 34.19 36.60 39.27 42.13 45.13 48.18 51.22 54.18 57.00 59.61 61.93 63.91 65.47
10.63 10.21 9.80 9.40 9.00 8.62 8.25 7.89 7.55 7.23 6.94 6.67 6.43 6.23 6.05 5.90 5.78 5.68 5.58 5.48 5.34 5.18 5.00 4.79 4.56 4.32 4.06 3.80 3.53 3.25 2.98 2.71 2.44 2.19 1.94 1.72 1.51 1.32 1.17 1.03 0.93 0.85 0.81 0.92 1.25 1.74 2.33 3.00 3.76 4.59 5.49 6.46 7.48 8.56 9.69 10.86 12.06 13.30 14.56 15.84 17.13 18.44 19.74 21.04 22.34 23.62 24.90 26.22 27.56 28.85 30.15 31.71 33.63 35.85 38.32 40.95 43.68 46.45 49.19 51.82 54.28 56.50 58.42 59.96
10.31 9.90 9.50 9.11 8.72 8.35 7.99 7.64 7.32 7.02 6.74 6.49 6.26 6.07 5.90 5.76 5.65 5.56 5.48 5.40 5.31 5.20 5.05 4.88 4.68 4.46 4.23 3.98 3.72 3.46 3.19 2.91 2.64 2.38 2.12 1.87 1.64 1.43 1.24 1.07 0.91 0.76 0.65 0.69 0.93 1.38 1.98 2.66 3.41 4.24 5.13 6.08 7.08 8.12 9.21 10.34 11.49 12.67 13.87 15.08 16.30 17.52 18.73 19.94 21.14 22.33 23.56 24.82 26.10 27.34 28.53 29.72 31.15 32.92 34.97 37.23 39.63 42.12 44.61 47.04 49.35 51.45 53.30 54.81
10.02 9.62 9.22 8.84 8.46 8.10 7.75 7.42 7.11 6.82 6.55 6.31 6.10 5.92 5.75 5.62 5.52 5.44 5.37 5.31 5.25 5.17 5.07 4.94 4.78 4.59 4.39 4.16 3.92 3.66 3.40 3.13 2.86 2.59 2.33 2.07 1.82 1.58 1.36 1.14 0.92 0.72 0.55 0.51 0.68 1.03 1.58 2.26 3.02 3.84 4.71 5.64 6.61 7.63 8.68 9.76 10.86 11.98 13.12 14.26 15.40 16.54 17.67 18.78 19.90 21.04 22.21 23.42 24.65 25.83 26.97 28.06 29.15 30.46 32.08 33.96 36.02 38.21 40.44 42.66 44.80 46.78 48.55 50.02
9.76 9.37 8.98 8.60 8.23 7.87 7.53 7.21 6.91 6.63 6.38 6.15 5.94 5.75 5.60 5.47 5.38 5.32 5.26 5.21 5.16 5.11 5.06 4.97 4.85 4.70 4.52 4.32 4.11 3.87 3.62 3.36 3.10 2.83 2.55 2.29 2.02 1.76 1.50 1.24 0.98 0.72 0.49 0.39 0.48 0.74 1.19 1.82 2.57 3.38 4.24 5.15 6.10 7.08 8.09 9.13 10.18 11.24 12.31 13.38 14.45 15.50 16.54 17.58 18.65 19.74 20.87 22.03 23.19 24.33 25.42 26.47 27.46 28.44 29.64 31.12 32.84 34.71 36.68 38.68 40.64 42.48 44.15 45.57
9.53 9.14 8.76 8.39 8.02 7.67 7.34 7.02 6.73 6.46 6.21 5.98 5.77 5.59 5.43 5.32 5.24 5.18 5.14 5.10 5.07 5.03 5.00 4.96 4.89 4.78 4.64 4.47 4.28 4.07 3.84 3.59 3.34 3.07 2.80 2.53 2.25 1.97 1.67 1.37 1.06 0.76 0.48 0.32 0.33 0.52 0.87 1.40 2.08 2.88 3.73 4.62 5.54 6.49 7.46 8.45 9.45 10.45 11.46 12.45 13.44 14.41 15.38 16.38 17.40 18.45 19.53 20.64 21.75 22.84 23.88 24.89 25.84 26.74 27.63 28.72 30.07 31.62 33.32 35.08 36.84 38.54 40.10 41.46
9.34 8.95 8.57 8.20 7.84 7.49 7.16 6.85 6.57 6.30 6.05 5.82 5.60 5.42 5.27 5.16 5.09 5.05 5.02 4.99 4.97 4.95 4.93 4.92 4.89 4.82 4.73 4.60 4.44 4.25 4.05 3.82 3.58 3.32 3.06 2.78 2.49 2.18 1.85 1.52 1.18 0.84 0.51 0.30 0.24 0.35 0.61 1.03 1.61 2.34 3.17 4.04 4.93 5.84 6.78 7.72 8.66 9.61 10.55 11.47 12.38 13.29 14.22 15.18 16.16 17.17 18.20 19.25 20.32 21.36 22.36 23.32 24.23 25.10 25.92 26.73 27.71 28.93 30.33 31.85 33.41 34.94 36.39 37.67
9.18 8.79 8.41 8.04 7.68 7.34 7.01 6.70 6.42 6.14 5.88 5.64 5.43 5.24 5.10 4.99 4.94 4.91 4.89 4.87 4.86 4.86 4.85 4.85 4.85 4.83 4.78 4.69 4.57 4.42 4.24 4.04 3.82 3.58 3.32 3.04 2.73 2.40 2.05 1.69 1.32 0.94 0.58 0.32 0.20 0.23 0.41 0.74 1.21 1.82 2.57 3.41 4.28 5.16 6.05 6.94 7.83 8.72 9.59 10.45 11.30 12.17 13.07 13.99 14.93 15.90 16.88 17.89 18.90 19.89 20.85 21.77 22.65 23.49 24.28 25.02 25.74 26.63 27.73 28.99 30.33 31.69 33.01 34.20
9.05 8.66 8.27 7.90 7.54 7.20 6.87 6.57 6.27 5.99 5.72 5.47 5.25 5.07 4.92 4.83 4.78 4.76 4.75 4.75 4.75 4.76 4.77 4.78 4.79 4.80 4.80 4.76 4.68 4.57 4.42 4.25 4.05 3.83 3.57 3.28 2.96 2.62 2.25 1.87 1.47 1.07 0.67 0.37 0.20 0.17 0.27 0.50 0.87 1.37 2.00 2.76 3.59 4.43 5.28 6.13 6.96 7.79 8.60 9.40 10.22 11.06 11.93 12.81 13.72 14.64 15.58 16.54 17.50 18.45 19.36 20.25 21.09 21.90 22.66 23.38 24.05 24.70 25.49 26.48 27.60 28.77 29.95 31.04
8.94 8.55 8.17 7.79 7.43 7.08 6.76 6.44 6.12 5.82 5.55 5.29 5.07 4.89 4.75 4.66 4.62 4.61 4.62 4.63 4.64 4.66 4.68 4.70 4.73 4.75 4.78 4.78 4.75 4.68 4.58 4.44 4.27 4.05 3.80 3.51 3.19 2.83 2.46 2.06 1.65 1.22 0.80 0.46 0.24 0.15 0.18 0.32 0.59 0.98 1.49 2.12 2.87 3.67 4.47 5.27 6.05 6.82 7.58 8.35 9.15 9.97 10.80 11.65 12.52 13.40 14.30 15.21 16.13 17.03 17.90 18.75 19.56 20.34 21.08 21.78 22.43 23.03 23.61 24.32 25.20 26.18 27.20 28.18
8.85 8.47 8.09 7.70 7.34 6.99 6.64 6.30 5.97 5.66 5.37 5.11 4.89 4.70 4.57 4.48 4.45 4.46 4.48 4.50 4.52 4.55 4.59 4.63 4.66 4.70 4.74 4.77 4.79 4.77 4.71 4.60 4.45 4.25 4.00 3.72 3.40 3.05 2.67 2.26 1.84 1.39 0.95 0.58 0.32 0.17 0.13 0.20 0.38 0.66 1.06 1.56 2.17 2.88 3.63 4.38 5.11 5.83 6.57 7.32 8.10 8.89 9.69 10.51 11.34 12.18 13.04 13.90 14.77 15.63 16.47 17.28 18.06 18.81 19.53 20.21 20.84 21.43 21.97 22.50 23.13 23.90 24.75 25.61
8.77 8.40 8.02 7.64 7.27 6.90 6.53 6.17 5.82 5.50 5.20 4.93 4.70 4.52 4.39 4.31 4.29 4.31 4.33 4.37 4.40 4.45 4.49 4.54 4.59 4.64 4.69 4.74 4.79 4.81 4.80 4.72 4.59 4.41 4.18 3.91 3.60 3.25 2.87 2.46 2.03 1.58 1.12 0.73 0.43 0.23 0.13 0.13 0.22 0.41 0.69 1.07 1.54 2.11 2.77 3.46 4.15 4.86 5.58 6.31 7.06 7.83 8.60 9.39 10.18 10.99 11.81 12.63 13.45 14.27 15.07 15.84 16.60 17.32 18.02 18.68 19.30 19.88 20.42 20.90 21.37 21.92 22.59 23.31
8.69 8.33 7.97 7.59 7.20 6.81 6.41 6.03 5.67 5.33 5.02 4.75 4.52 4.33 4.20 4.13 4.12 4.15 4.19 4.23 4.28 4.34 4.40 4.46 4.52 4.58 4.65 4.71 4.77 4.82 4.83 4.79 4.69 4.53 4.33 4.07 3.78 3.44 3.06 2.66 2.23 1.77 1.31 0.90 0.57 0.33 0.17 0.10 0.11 0.21 0.39 0.65 0.99 1.42 1.93 2.54 3.21 3.90 4.61 5.32 6.05 6.79 7.54 8.30 9.06 9.83 10.60 11.38 12.17 12.94 13.70 14.45 15.17 15.87 16.55 17.19 17.80 18.37 18.91 19.39 19.83 20.24 20.71 21.27
8.61 8.26 7.91 7.53 7.13 6.71 6.30 5.90 5.52 5.17 4.85 4.57 4.33 4.15 4.02 3.95 3.95 3.99 4.04 4.10 4.16 4.22 4.29 4.37 4.44 4.52 4.60 4.67 4.74 4.79 4.81 4.81 4.74 4.62 4.44 4.21 3.93 3.61 3.25 2.85 2.43 1.97 1.50 1.08 0.73 0.45 0.25 0.11 0.05 0.06 0.14 0.29 0.51 0.81 1.19 1.68 2.29 2.97 3.66 4.36 5.07 5.78 6.51 7.23 7.97 8.70 9.44 10.18 10.92 11.65 12.38 13.09 13.79 14.47 15.12 15.75 16.35 16.92 17.44 17.93 18.37 18.75 19.09 19.49
8.52 8.18 7.82 7.44 7.04 6.62 6.19 5.77 5.37 5.00 4.67 4.38 4.14 3.96 3.83 3.77 3.78 3.83 3.89 3.96 4.03 4.11 4.19 4.28 4.37 4.45 4.54 4.62 4.69 4.74 4.76 4.77 4.74 4.65 4.51 4.30 4.05 3.76 3.41 3.03 2.62 2.17 1.71 1.28 0.91 0.60 0.35 0.16 0.03 0.00 0.00 0.00 0.10 0.29 0.57 0.96 1.46 2.07 2.74 3.42 4.11 4.81 5.51 6.21 6.91 7.61 8.31 9.01 9.71 10.40 11.09 11.78 12.45 13.11 13.74 14.36 14.95 15.51 16.04 16.52 16.96 17.34 17.66 17.95
8.42 8.07 7.70 7.31 6.91 6.50 6.07 5.63 5.22 4.84 4.50 4.20 3.96 3.77 3.65 3.59 3.61 3.67 3.74 3.82 3.90 3.99 4.09 4.19 4.28 4.39 4.48 4.56 4.63 4.67 4.69 4.70 4.69 4.64 4.53 4.36 4.15 3.88 3.56 3.20 2.80 2.37 1.92 1.49 1.10 0.77 0.48 0.25 0.05 0.00 0.00 0.00 0.00 0.00 0.07 0.36 0.75 1.25 1.86 2.52 3.20 3.87 4.54 5.22 5.89 6.56 7.22 7.88 8.54 9.20 9.86 10.51 11.16 11.80 12.42 13.02 13.60 14.16 14.68 15.16 15.60 15.98 16.31 16.58
8.28 7.92 7.54 7.15 6.75 6.34 5.92 5.49 5.07 4.68 4.32 4.02 3.77 3.58 3.46 3.41 3.44 3.51 3.59 3.68 3.78 3.88 3.98 4.09 4.20 4.31 4.41 4.48 4.54 4.59 4.61 4.62 4.60 4.57 4.50 4.38 4.20 3.97 3.68 3.35 2.98 2.56 2.12 1.70 1.31 0.96 0.64 0.36 0.11 0.00 0.00 0.00 0.00 0.00 0.00 0.00 0.18 0.57 1.07 1.66 2.31 2.97 3.62 4.27 4.91 5.55 6.18 6.81 7.42 8.05 8.67 9.30 9.93 10.54 11.15 11.74 12.32 12.87 13.38 13.86 14.30 14.68 15.02 15.30
8.10 7.73 7.34 6.95 6.55 6.14 5.73 5.32 4.91 4.51 4.15 3.84 3.59 3.40 3.28 3.24 3.27 3.35 3.44 3.54 3.65 3.76 3.88 4.00 4.12 4.22 4.31 4.39 4.45 4.49 4.51 4.52 4.51 4.48 4.43 4.35 4.22 4.02 3.77 3.48 3.13 2.74 2.33 1.91 1.52 1.16 0.82 0.50 0.20 0.00 0.00 0.00 0.00 0.00 0.00 0.00 0.00 0.03 0.41 0.90 1.48 2.11 2.74 3.37 3.99 4.59 5.19 5.78 6.36 6.95 7.55 8.15 8.75 9.35 9.94 10.52 11.09 11.63 12.14 12.61 13.05 13.44 13.79 14.08
7.88 7.50 7.10 6.71 6.31 5.91 5.51 5.12 4.73 4.35 3.98 3.66 3.40 3.21 3.10 3.06 3.10 3.19 3.30 3.41 3.52 3.65 3.77 3.90 4.02 4.12 4.21 4.28 4.33 4.38 4.40 4.41 4.40 4.38 4.34 4.28 4.19 4.04 3.83 3.57 3.26 2.91 2.52 2.12 1.74 1.37 1.01 0.66 0.32 0.00 0.00 0.00 0.00 0.00 0.00 0.00 0.00 0.00 0.00 0.28 0.75 1.31 1.91 2.52 3.11 3.69 4.25 4.81 5.35 5.91 6.47 7.05 7.63 8.21 8.79 9.37 9.92 10.45 10.95 11.43 11.87 12.27 12.62 12.92
7.61 7.21 6.81 6.41 6.02 5.63 5.24 4.87 4.50 4.14 3.80 3.49 3.22 3.03 2.92 2.88 2.94 3.04 3.15 3.27 3.40 3.53 3.66 3.79 3.90 4.00 4.08 4.15 4.21 4.25 4.28 4.29 4.29 4.27 4.23 4.18 4.11 4.01 3.85 3.64 3.37 3.06 2.70 2.33 1.96 1.58 1.21 0.83 0.47 0.14 0.00 0.00 0.00 0.00 0.00 0.00 0.00 0.00 0.00 0.00 0.16 0.61 1.14 1.72 2.28 2.84 3.37 3.89 4.40 4.93 5.47 6.02 6.58 7.15 7.71 8.27 8.81 9.33 9.84 10.31 10.75 11.16 11.52 11.84
7.29 6.88 6.47 6.07 5.68 5.30 4.93 4.57 4.23 3.90 3.59 3.30 3.05 2.85 2.74 2.71 2.77 2.88 3.00 3.13 3.27 3.41 3.54 3.66 3.77 3.87 3.95 4.02 4.08 4.12 4.15 4.16 4.16 4.15 4.12 4.08 4.02 3.94 3.84 3.67 3.45 3.18 2.86 2.52 2.17 1.80 1.42 1.03 0.67 0.34 0.04 0.00 0.00 0.00 0.00 0.00 0.00 0.00 0.00 0.00 0.00 0.06 0.48 0.98 1.52 2.05 2.55 3.04 3.52 4.01 4.52 5.05 5.60 6.15 6.69 7.24 7.77 8.29 8.79 9.26 9.71 10.12 10.49 10.83
6.91 6.49 6.08 5.68 5.29 4.92 4.56 4.22 3.91 3.61 3.33 3.08 2.86 2.68 2.56 2.54 2.61 2.73 2.86 3.00 3.14 3.28 3.41 3.52 3.63 3.72 3.80 3.87 3.93 3.98 4.01 4.03 4.04 4.03 4.01 3.97 3.92 3.86 3.78 3.67 3.50 3.28 3.00 2.70 2.37 2.01 1.64 1.28 0.93 0.60 0.29 0.01 0.00 0.00 0.00 0.00 0.00 0.00 0.00 0.00 0.00 0.00 0.00 0.36 0.82 1.32 1.80 2.25 2.70 3.16 3.65 4.16 4.68 5.21 5.74 6.28 6.80 7.31 7.81 8.28 8.74 9.16 9.55 9.89
6.47 6.04 5.63 5.23 4.85 4.49 4.15 3.83 3.53 3.27 3.03 2.81 2.64 2.49 2.39 2.37 2.45 2.58 2.72 2.87 3.01 3.14 3.26 3.37 3.47 3.57 3.65 3.72 3.78 3.83 3.86 3.89 3.90 3.90 3.89 3.86 3.82 3.77 3.70 3.62 3.51 3.34 3.12 2.85 2.55 2.23 1.89 1.56 1.23 0.92 0.61 0.32 0.06 0.00 0.00 0.00 0.00 0.00 0.00 0.00 0.00 0.00 0.00 0.00 0.24 0.66 1.11 1.54 1.95 2.39 2.85 3.34 3.84 4.35 4.87 5.39 5.90 6.41 6.91 7.39 7.84 8.28 8.68 9.04
5.98 5.54 5.12 4.72 4.35 4.00 3.67 3.37 3.11 2.87 2.66 2.50 2.36 2.27 2.21 2.21 2.29 2.43 2.58 2.72 2.86 2.98 3.10 3.21 3.31 3.40 3.49 3.56 3.62 3.67 3.71 3.74 3.76 3.77 3.77 3.75 3.72 3.68 3.63 3.56 3.48 3.37 3.21 2.99 2.74 2.46 2.17 1.88 1.58 1.28 0.99 0.71 0.43 0.18 0.00 0.00 0.00 0.00 0.00 0.00 0.00 0.00 0.00 0.00 0.00 0.13 0.50 0.89 1.28 1.68 2.12 2.59 3.07 3.56 4.06 4.57 5.08 5.59 6.09 6.57 7.03 7.48 7.89 8.28
5.41 4.97 4.55 4.15 3.78 3.45 3.14 2.86 2.62 2.42 2.25 2.12 2.03 1.99 1.99 2.04 2.14 2.28 2.43 2.56 2.69 2.82 2.93 3.04 3.14 3.23 3.32 3.39 3.46 3.51 3.56 3.60 3.63 3.64 3.65 3.64 3.63 3.60 3.56 3.51 3.44 3.37 3.26 3.11 2.92 2.71 2.48 2.23 1.97 1.70 1.43 1.15 0.88 0.62 0.37 0.14 0.00 0.00 0.00 0.00 0.00 0.00 0.00 0.00 0.00 0.00 0.02 0.33 0.68 1.06 1.47 1.91 2.37 2.85 3.34 3.84 4.35 4.85 5.35 5.84 6.31 6.77 7.20 7.60
4.80 4.35 3.93 3.53 3.17 2.85 2.56 2.31 2.09 1.92 1.79 1.70 1.66 1.67 1.73 1.84 1.99 2.15 2.28 2.42 2.54 2.66 2.77 2.88 2.98 3.07 3.15 3.23 3.30 3.36 3.41 3.46 3.49 3.52 3.53 3.54 3.53 3.52 3.49 3.46 3.41 3.35 3.28 3.21 3.10 2.97 2.80 2.60 2.38 2.15 1.90 1.65 1.38 1.12 0.87 0.62 0.38 0.16 0.00 0.00 0.00 0.00 0.00 0.00 0.00 0.00 0.00 0.00 0.16 0.50 0.89 1.30 1.75 2.21 2.69 3.18 3.68 4.19 4.69 5.18 5.67 6.14 6.59 7.01
4.20 3.74 3.32 2.93 2.57 2.26 1.99 1.76 1.57 1.43 1.34 1.29 1.30 1.36 1.47 1.64 1.86 2.07 2.21 2.33 2.45 2.56 2.67 2.77 2.86 2.95 3.04 3.11 3.18 3.24 3.30 3.34 3.38 3.41 3.43 3.45 3.45 3.45 3.43 3.41 3.37 3.33 3.28 3.25 3.23 3.17 3.08 2.94 2.78 2.59 2.38 2.14 1.90 1.65 1.39 1.13 0.88 0.63 0.40 0.18 0.00 0.00 0.00 0.00 0.00 0.00 0.00 0.00 0.00 0.00 0.33 0.73 1.16 1.61 2.08 2.57 3.07 3.57 4.08 4.59 5.09 5.57 6.04 6.49
3.62 3.16 2.73 2.34 2.00 1.69 1.44 1.23 1.07 0.96 0.90 0.90 0.95 1.06 1.23 1.47 1.75 2.02 2.20 2.32 2.43 2.53 2.63 2.72 2.80 2.89 2.96 3.03 3.10 3.16 3.21 3.26 3.29 3.33 3.35 3.37 3.37 3.37 3.37 3.35 3.33 3.30 3.28 3.27 3.29 3.31 3.30 3.23 3.13 2.99 2.82 2.63 2.41 2.17 1.92 1.66 1.40 1.13 0.87 0.62 0.38 0.15 0.00 0.00 0.00 0.00 0.00 0.00 0.00 0.00 0.00 0.17 0.59 1.04 1.50 1.99 2.50 3.01 3.53 4.04 4.56 5.07 5.56 6.03
3.07 2.60 2.17 1.78 1.44 1.15 0.91 0.72 0.59 0.51 0.49 0.52 0.62 0.79 1.02 1.31 1.66 1.97 2.21 2.37 2.47 2.56 2.64 2.72 2.79 2.86 2.93 2.99 3.05 3.10 3.15 3.19 3.22 3.25 3.27 3.29 3.30 3.30 3.29 3.28 3.28 3.28 3.27 3.28 3.32 3.39 3.45 3.46 3.43 3.36 3.24 3.09 2.90 2.69 2.46 2.20 1.94 1.66 1.38 1.10 0.82 0.55 0.29 0.05 0.00 0.00 0.00 0.00 0.00 0.00 0.00 0.00 0.06 0.50 0.97 1.46 1.97 2.49 3.02 3.56 4.09 4.63 5.15 5.65
2.55 2.06 1.63 1.24 0.91 0.63 0.41 0.24 0.13 0.08 0.09 0.17 0.32 0.54 0.83 1.18 1.57 1.94 2.22 2.43 2.56 2.64 2.70 2.76 2.82 2.88 2.93 2.98 3.02 3.06 3.10 3.13 3.16 3.18 3.20 3.21 3.21 3.21 3.21 3.22 3.23 3.25 3.26 3.29 3.35 3.43 3.53 3.62 3.67 3.67 3.61 3.51 3.37 3.19 2.98 2.74 2.48 2.21 1.91 1.61 1.30 0.99 0.69 0.39 0.09 0.00 0.00 0.00 0.00 0.00 0.00 0.00 0.00 0.00 0.47 0.97 1.49 2.03 2.58 3.14 3.70 4.26 4.81 5.35
2.05 1.56 1.12 0.73 0.40 0.13 0.00 0.00 0.00 0.00 0.00 0.00 0.04 0.32 0.67 1.07 1.50 1.91 2.24 2.48 2.65 2.76 2.81 2.85 2.89 2.92 2.96 2.99 3.02 3.04 3.06 3.08 3.10 3.11 3.11 3.12 3.11 3.12 3.13 3.15 3.19 3.22 3.25 3.30 3.37 3.47 3.58 3.72 3.84 3.91 3.92 3.88 3.79 3.66 3.48 3.27 3.03 2.75 2.46 2.14 1.81 1.47 1.13 0.77 0.40 0.03 0.00 0.00 0.00 0.00 0.00 0.00 0.00 0.00 0.03 0.54 1.07 1.63 2.20 2.78 3.37 3.96 4.55 5.13
1.58 1.07 0.63 0.24 0.00 0.00 0.00 0.00 0.00 0.00 0.00 0.00 0.00 0.13 0.53 0.97 1.45 1.89 2.25 2.53 2.73 2.87 2.94 2.97 2.98 2.99 3.00 3.01 3.02 3.03 3.03 3.03 3.03 3.03 3.02 3.01 3.01 3.02 3.05 3.09 3.14 3.19 3.24 3.30 3.39 3.50 3.63 3.77 3.93 4.08 4.17 4.20 4.17 4.09 3.95 3.77 3.55 3.29 3.00 2.69 2.35 1.98 1.60 1.19 0.76 0.32 0.00 0.00 0.00 0.00 0.00 0.00 0.00 0.00 0.00 0.16 0.71 1.29 1.88 2.50 3.12 3.74 4.37 5.00
1.13 0.61 0.16 0.00 0.00 0.00 0.00 0.00 0.00 0.00 0.00 0.00 0.00 0.00 0.41 0.89 1.40 1.88 2.27 2.57 2.81 2.97 3.06 3.10 3.09 3.08 3.06 3.05 3.03 3.02 3.00 2.98 2.96 2.93 2.91 2.89 2.90 2.93 2.97 3.03 3.09 3.16 3.22 3.30 3.40 3.53 3.67 3.82 3.99 4.18 4.34 4.45 4.49 4.46 4.38 4.24 4.05 3.82 3.54 3.23 2.89 2.50 2.08 1.63 1.15 0.65 0.14 0.00 0.00 0.00 0.00 0.00 0.00 0.00 0.00 0.00 0.42 1.02 1.64 2.29 2.95 3.61 4.28 4.95
