data_processed/recharge/precip/Precip_2012_02.asc
ncols        168
nrows        136
xllcorner    455000
yllcorner    2107000
cellsize     500
NODATA_value     -99999
[rows 68 to 101 of 136, columns 77 to 153 of 168]
33.65 34.07 34.40 34.64 34.81 34.91 34.93 34.89 34.78 34.61 34.39 34.12 33.80 33.43 33.03 32.59 32.12 31.62 31.09 30.55 29.98 29.41 28.82 28.25 27.73 27.27 26.87 26.53 26.24 26.01 25.83 25.70 25.62 25.59 25.61 25.66 25.76 25.91 26.09 26.31 26.56 26.85 27.17 27.52 27.90 28.31 28.75 29.21 29.69 30.19 30.71 31.25 31.80 32.34 32.90 33.45 34.01 34.57 35.13 35.68 36.23 36.78 37.32 37.86 38.39 38.91 39.41 39.91 40.39 40.86 41.32 41.76 42.18 42.58 42.96 43.32 43.66
33.69 34.11 34.44 34.69 34.87 34.96 34.99 34.95 34.85 34.69 34.47 34.21 33.89 33.54 33.14 32.71 32.24 31.75 31.24 30.70 30.15 29.59 29.01 28.45 27.91 27.43 27.01 26.65 26.34 26.09 25.89 25.75 25.65 25.60 25.60 25.65 25.73 25.86 26.03 26.24 26.48 26.76 27.07 27.42 27.79 28.19 28.62 29.07 29.55 30.04 30.56 31.10 31.64 32.18 32.73 33.28 33.83 34.39 34.94 35.49 36.04 36.58 37.11 37.64 38.16 38.68 39.18 39.67 40.14 40.61 41.05 41.48 41.90 42.29 42.66 43.01 43.34
33.74 34.16 34.49 34.74 34.91 35.01 35.04 35.00 34.90 34.75 34.53 34.27 33.96 33.61 33.22 32.79 32.34 31.85 31.34 30.82 30.27 29.72 29.17 28.63 28.10 27.60 27.16 26.78 26.45 26.19 25.97 25.81 25.69 25.63 25.61 25.64 25.72 25.83 25.99 26.18 26.41 26.68 26.98 27.32 27.68 28.08 28.50 28.94 29.41 29.91 30.42 30.95 31.48 32.02 32.57 33.11 33.66 34.21 34.76 35.30 35.84 36.38 36.91 37.43 37.94 38.45 38.94 39.43 39.90 40.35 40.79 41.21 41.62 42.00 42.36 42.71 43.03
33.79 34.20 34.53 34.78 34.95 35.05 35.07 35.04 34.94 34.78 34.57 34.31 34.00 33.66 33.27 32.85 32.39 31.91 31.41 30.89 30.35 29.82 29.29 28.78 28.28 27.79 27.33 26.93 26.58 26.30 26.06 25.88 25.75 25.67 25.64 25.65 25.71 25.81 25.96 26.14 26.36 26.62 26.91 27.23 27.59 27.97 28.38 28.82 29.29 29.77 30.28 30.81 31.34 31.87 32.41 32.95 33.50 34.04 34.58 35.12 35.65 36.18 36.71 37.22 37.73 38.23 38.71 39.19 39.65 40.10 40.53 40.94 41.34 41.71 42.07 42.40 42.79
33.83 34.24 34.56 34.81 34.98 35.07 35.10 35.06 34.96 34.80 34.59 34.33 34.02 33.67 33.28 32.86 32.41 31.94 31.44 30.92 30.40 29.89 29.39 28.90 28.43 27.96 27.51 27.10 26.73 26.42 26.17 25.97 25.82 25.73 25.68 25.68 25.72 25.81 25.94 26.11 26.32 26.56 26.84 27.16 27.50 27.88 28.28 28.72 29.17 29.65 30.16 30.68 31.20 31.73 32.27 32.80 33.34 33.87 34.41 34.94 35.47 35.99 36.51 37.02 37.52 38.01 38.49 38.95 39.41 39.84 40.27 40.67 41.06 41.42 41.77 42.17 42.73
33.88 34.28 34.60 34.83 34.99 35.08 35.10 35.06 34.95 34.79 34.58 34.32 34.01 33.66 33.27 32.85 32.40 31.92 31.42 30.92 30.43 29.94 29.47 29.00 28.55 28.11 27.68 27.27 26.89 26.57 26.29 26.08 25.91 25.80 25.73 25.71 25.74 25.82 25.93 26.09 26.29 26.52 26.79 27.09 27.43 27.80 28.19 28.62 29.07 29.54 30.04 30.55 31.07 31.60 32.13 32.66 33.19 33.72 34.25 34.77 35.29 35.81 36.32 36.82 37.31 37.79 38.26 38.72 39.16 39.59 40.01 40.40 40.78 41.14 41.55 42.13 42.90
33.92 34.31 34.62 34.85 35.00 35.08 35.10 35.05 34.94 34.77 34.55 34.28 33.97 33.61 33.22 32.80 32.34 31.87 31.39 30.91 30.44 29.98 29.53 29.08 28.65 28.24 27.83 27.44 27.07 26.73 26.43 26.20 26.01 25.88 25.80 25.77 25.78 25.84 25.94 26.09 26.27 26.49 26.75 27.04 27.37 27.73 28.11 28.53 28.97 29.44 29.93 30.44 30.96 31.48 32.00 32.52 33.04 33.57 34.09 34.61 35.12 35.63 36.13 36.62 37.11 37.58 38.04 38.49 38.93 39.35 39.75 40.14 40.51 40.93 41.53 42.32 43.30
33.96 34.34 34.64 34.86 35.00 35.07 35.07 35.01 34.90 34.72 34.49 34.22 33.90 33.54 33.14 32.71 32.26 31.79 31.33 30.88 30.43 29.99 29.56 29.15 28.74 28.34 27.96 27.59 27.24 26.90 26.59 26.34 26.14 25.99 25.89 25.84 25.84 25.88 25.97 26.10 26.27 26.48 26.72 27.00 27.32 27.67 28.05 28.46 28.89 29.35 29.84 30.34 30.85 31.36 31.88 32.39 32.91 33.43 33.94 34.45 34.96 35.46 35.95 36.43 36.91 37.38 37.83 38.27 38.70 39.11 39.50 39.88 40.31 40.92 41.73 42.73 43.91
34.00 34.37 34.65 34.86 34.99 35.04 35.04 34.97 34.84 34.65 34.41 34.13 33.80 33.43 33.03 32.59 32.15 31.71 31.27 30.84 30.41 30.00 29.59 29.19 28.80 28.43 28.07 27.72 27.38 27.07 26.76 26.49 26.27 26.11 25.99 25.92 25.91 25.93 26.01 26.12 26.28 26.47 26.71 26.98 27.28 27.62 27.99 28.39 28.82 29.27 29.75 30.25 30.75 31.26 31.76 32.27 32.78 33.29 33.80 34.30 34.80 35.29 35.78 36.25 36.72 37.18 37.62 38.05 38.47 38.87 39.26 39.70 40.32 41.15 42.16 43.37 44.73
34.04 34.39 34.66 34.84 34.96 35.00 34.98 34.90 34.75 34.56 34.31 34.01 33.67 33.29 32.88 32.46 32.03 31.61 31.20 30.79 30.38 29.99 29.60 29.23 28.86 28.50 28.16 27.83 27.51 27.21 26.93 26.66 26.43 26.24 26.11 26.03 25.99 26.00 26.06 26.16 26.30 26.49 26.71 26.97 27.26 27.59 27.95 28.34 28.76 29.21 29.68 30.17 30.66 31.16 31.66 32.16 32.67 33.17 33.67 34.16 34.65 35.13 35.61 36.08 36.54 36.98 37.42 37.84 38.24 38.64 39.09 39.72 40.56 41.60 42.82 44.22 45.78
34.07 34.40 34.65 34.82 34.92 34.95 34.91 34.81 34.65 34.44 34.17 33.86 33.51 33.12 32.72 32.31 31.91 31.51 31.12 30.73 30.35 29.97 29.61 29.25 28.90 28.56 28.24 27.93 27.63 27.35 27.08 26.83 26.60 26.40 26.25 26.14 26.09 26.09 26.13 26.22 26.35 26.52 26.72 26.97 27.25 27.57 27.92 28.30 28.71 29.15 29.61 30.10 30.59 31.08 31.57 32.07 32.56 33.05 33.54 34.03 34.51 34.98 35.45 35.91 36.36 36.80 37.22 37.63 38.03 38.49 39.13 39.99 41.04 42.29 43.71 45.29 47.03
34.10 34.41 34.64 34.79 34.87 34.88 34.82 34.70 34.53 34.30 34.02 33.69 33.32 32.94 32.56 32.17 31.79 31.42 31.04 30.67 30.31 29.95 29.60 29.26 28.93 28.61 28.31 28.01 27.73 27.46 27.21 26.98 26.76 26.57 26.40 26.28 26.21 26.19 26.22 26.29 26.40 26.56 26.76 26.99 27.26 27.57 27.91 28.28 28.68 29.11 29.56 30.04 30.52 31.00 31.49 31.98 32.46 32.95 33.43 33.91 34.38 34.84 35.30 35.75 36.19 36.62 37.03 37.43 37.90 38.55 39.42 40.49 41.75 43.20 44.81 46.57 48.48
34.13 34.41 34.62 34.75 34.80 34.79 34.71 34.57 34.38 34.13 33.83 33.49 33.13 32.76 32.40 32.04 31.68 31.32 30.96 30.61 30.27 29.93 29.60 29.27 28.96 28.66 28.37 28.09 27.82 27.57 27.34 27.12 26.92 26.73 26.57 26.43 26.35 26.31 26.32 26.38 26.48 26.62 26.80 27.02 27.28 27.58 27.90 28.27 28.66 29.08 29.53 29.99 30.47 30.94 31.42 31.90 32.38 32.85 33.32 33.79 34.26 34.71 35.16 35.60 36.03 36.44 36.85 37.32 37.98 38.86 39.95 41.23 42.69 44.33 46.13 48.07 50.15
34.15 34.41 34.59 34.69 34.72 34.69 34.59 34.43 34.21 33.94 33.62 33.28 32.94 32.59 32.25 31.91 31.56 31.22 30.89 30.55 30.23 29.90 29.59 29.28 28.99 28.70 28.42 28.16 27.91 27.67 27.45 27.25 27.06 26.89 26.73 26.60 26.50 26.45 26.44 26.48 26.57 26.69 26.86 27.07 27.32 27.60 27.92 28.27 28.65 29.06 29.50 29.96 30.43 30.89 31.36 31.83 32.30 32.77 33.23 33.69 34.14 34.59 35.03 35.45 35.87 36.28 36.75 37.42 38.31 39.41 40.71 42.20 43.86 45.68 47.66 49.77 52.01
34.16 34.39 34.54 34.62 34.63 34.57 34.44 34.25 34.01 33.72 33.41 33.08 32.76 32.44 32.11 31.78 31.46 31.14 30.82 30.50 30.19 29.88 29.58 29.29 29.01 28.74 28.48 28.23 27.99 27.77 27.56 27.37 27.19 27.03 26.89 26.77 26.67 26.60 26.58 26.60 26.67 26.79 26.94 27.13 27.37 27.64 27.95 28.29 28.66 29.06 29.49 29.94 30.40 30.86 31.32 31.78 32.24 32.69 33.15 33.60 34.04 34.47 34.90 35.32 35.73 36.21 36.88 37.78 38.89 40.21 41.71 43.40 45.25 47.26 49.40 51.68 54.08
34.17 34.37 34.49 34.54 34.52 34.43 34.27 34.06 33.80 33.50 33.21 32.90 32.60 32.29 31.98 31.67 31.36 31.06 30.75 30.45 30.16 29.87 29.58 29.31 29.04 28.78 28.53 28.30 28.07 27.86 27.67 27.48 27.32 27.17 27.04 26.93 26.84 26.77 26.74 26.74 26.80 26.89 27.03 27.22 27.44 27.69 27.99 28.32 28.68 29.07 29.49 29.93 30.38 30.83 31.28 31.74 32.19 32.63 33.08 33.51 33.95 34.37 34.79 35.20 35.68 36.35 37.26 38.39 39.72 41.24 42.95 44.83 46.86 49.04 51.36 53.79 56.34
34.16 34.33 34.43 34.44 34.39 34.27 34.09 33.85 33.58 33.31 33.03 32.74 32.45 32.16 31.87 31.58 31.28 30.99 30.70 30.42 30.14 29.86 29.59 29.33 29.07 28.83 28.59 28.37 28.15 27.96 27.77 27.60 27.45 27.31 27.19 27.09 27.01 26.95 26.91 26.90 26.94 27.02 27.15 27.31 27.52 27.77 28.05 28.36 28.71 29.10 29.51 29.94 30.38 30.82 31.26 31.71 32.15 32.58 33.02 33.44 33.86 34.28 34.69 35.17 35.85 36.76 37.90 39.24 40.79 42.51 44.42 46.48 48.69 51.04 53.52 56.11 58.80
34.15 34.29 34.35 34.33 34.25 34.09 33.88 33.64 33.39 33.13 32.87 32.60 32.33 32.05 31.77 31.50 31.22 30.94 30.67 30.39 30.13 29.86 29.61 29.36 29.11 28.88 28.66 28.44 28.24 28.05 27.88 27.72 27.57 27.44 27.33 27.24 27.17 27.11 27.08 27.08 27.10 27.16 27.27 27.43 27.62 27.85 28.12 28.43 28.77 29.14 29.54 29.96 30.39 30.83 31.26 31.69 32.12 32.54 32.97 33.38 33.79 34.20 34.68 35.36 36.28 37.43 38.79 40.35 42.09 44.02 46.11 48.35 50.74 53.25 55.88 58.62 61.44
34.14 34.24 34.26 34.21 34.08 33.90 33.69 33.46 33.22 32.98 32.73 32.48 32.22 31.96 31.70 31.44 31.17 30.91 30.65 30.39 30.13 29.88 29.63 29.40 29.16 28.94 28.73 28.52 28.33 28.15 27.99 27.84 27.70 27.58 27.48 27.39 27.33 27.28 27.26 27.25 27.27 27.33 27.42 27.56 27.74 27.96 28.21 28.51 28.84 29.20 29.59 30.00 30.42 30.84 31.26 31.69 32.10 32.52 32.93 33.34 33.74 34.21 34.90 35.83 36.98 38.35 39.92 41.69 43.64 45.75 48.03 50.44 52.99 55.67 58.44 61.32 64.28
34.11 34.17 34.15 34.06 33.91 33.72 33.52 33.31 33.09 32.86 32.63 32.39 32.14 31.90 31.65 31.40 31.15 30.90 30.65 30.40 30.15 29.91 29.68 29.45 29.23 29.02 28.81 28.62 28.43 28.26 28.11 27.96 27.83 27.72 27.62 27.55 27.49 27.45 27.43 27.43 27.46 27.51 27.59 27.71 27.87 28.08 28.32 28.60 28.92 29.27 29.65 30.05 30.46 30.87 31.29 31.70 32.10 32.51 32.91 33.31 33.78 34.46 35.39 36.55 37.93 39.52 41.31 43.28 45.42 47.72 50.17 52.75 55.46 58.28 61.21 64.21 67.30
34.07 34.09 34.04 33.91 33.75 33.57 33.38 33.19 32.98 32.77 32.55 32.32 32.09 31.86 31.62 31.38 31.14 30.91 30.67 30.43 30.20 29.97 29.74 29.52 29.31 29.11 28.91 28.72 28.55 28.39 28.24 28.10 27.98 27.87 27.78 27.71 27.65 27.62 27.60 27.61 27.64 27.69 27.77 27.88 28.03 28.22 28.45 28.72 29.02 29.36 29.73 30.12 30.52 30.92 31.32 31.72 32.12 32.51 32.90 33.37 34.06 34.99 36.15 37.54 39.15 40.95 42.94 45.10 47.43 49.91 52.53 55.27 58.14 61.10 64.16 67.30 70.50
34.03 34.00 33.91 33.77 33.62 33.46 33.29 33.11 32.91 32.71 32.51 32.29 32.08 31.85 31.63 31.40 31.17 30.94 30.71 30.49 30.26 30.04 29.82 29.61 29.41 29.21 29.03 28.85 28.68 28.52 28.38 28.25 28.13 28.03 27.94 27.87 27.82 27.79 27.78 27.79 27.83 27.88 27.96 28.06 28.20 28.38 28.59 28.85 29.14 29.47 29.83 30.21 30.60 30.98 31.37 31.76 32.15 32.53 32.99 33.68 34.61 35.78 37.18 38.79 40.61 42.62 44.80 47.16 49.67 52.32 55.10 58.01 61.02 64.12 67.31 70.57 73.89
33.97 33.90 33.80 33.67 33.54 33.39 33.23 33.06 32.88 32.69 32.50 32.30 32.09 31.88 31.66 31.44 31.23 31.01 30.79 30.57 30.35 30.14 29.93 29.73 29.53 29.34 29.16 28.99 28.83 28.67 28.53 28.41 28.30 28.20 28.12 28.05 28.01 27.98 27.97 27.98 28.02 28.07 28.15 28.26 28.39 28.55 28.76 29.00 29.28 29.59 29.94 30.31 30.69 31.06 31.44 31.82 32.19 32.65 33.33 34.26 35.44 36.84 38.47 40.30 42.32 44.53 46.91 49.45 52.13 54.95 57.89 60.95 64.10 67.34 70.65 74.02 77.45
33.91 33.83 33.73 33.62 33.50 33.36 33.21 33.06 32.89 32.71 32.53 32.34 32.14 31.94 31.73 31.52 31.31 31.10 30.89 30.68 30.47 30.27 30.06 29.87 29.68 29.49 29.32 29.15 28.99 28.85 28.71 28.59 28.48 28.38 28.31 28.24 28.20 28.17 28.17 28.18 28.22 28.27 28.36 28.46 28.59 28.75 28.94 29.17 29.43 29.73 30.07 30.43 30.79 31.16 31.52 31.89 32.34 33.01 33.95 35.12 36.54 38.17 40.01 42.06 44.29 46.69 49.25 51.97 54.82 57.80 60.89 64.09 67.38 70.74 74.17 77.66 81.18
33.87 33.80 33.72 33.62 33.51 33.38 33.24 33.10 32.94 32.77 32.60 32.42 32.23 32.04 31.84 31.64 31.43 31.23 31.03 30.82 30.62 30.42 30.23 30.04 29.85 29.67 29.50 29.34 29.18 29.04 28.91 28.79 28.68 28.59 28.51 28.45 28.41 28.38 28.38 28.39 28.43 28.49 28.57 28.67 28.80 28.95 29.14 29.35 29.60 29.89 30.22 30.56 30.92 31.27 31.63 32.07 32.74 33.67 34.85 36.26 37.91 39.76 41.82 44.07 46.49 49.08 51.83 54.71 57.73 60.86 64.10 67.44 70.85 74.34 77.88 81.47 85.09
33.88 33.82 33.75 33.66 33.56 33.45 33.32 33.18 33.04 32.88 32.71 32.54 32.36 32.17 31.98 31.79 31.59 31.40 31.20 31.00 30.81 30.61 30.42 30.23 30.05 29.88 29.71 29.55 29.40 29.26 29.13 29.01 28.91 28.82 28.74 28.68 28.64 28.61 28.61 28.62 28.65 28.71 28.79 28.89 29.02 29.17 29.35 29.56 29.80 30.07 30.38 30.72 31.06 31.40 31.83 32.50 33.42 34.60 36.02 37.67 39.54 41.61 43.88 46.32 48.94 51.71 54.63 57.68 60.86 64.14 67.52 70.98 74.52 78.12 81.77 85.46 89.17
33.94 33.90 33.84 33.76 33.67 33.57 33.45 33.32 33.18 33.03 32.87 32.71 32.53 32.36 32.17 31.98 31.79 31.60 31.41 31.22 31.03 30.84 30.65 30.47 30.29 30.12 29.95 29.79 29.64 29.50 29.38 29.26 29.15 29.06 28.99 28.93 28.88 28.86 28.85 28.86 28.90 28.95 29.02 29.12 29.25 29.40 29.57 29.77 30.01 30.27 30.57 30.89 31.22 31.64 32.30 33.22 34.40 35.82 37.48 39.35 41.44 43.72 46.19 48.83 51.63 54.58 57.66 60.87 64.20 67.62 71.14 74.73 78.38 82.09 85.84 89.62 93.41
34.07 34.04 33.98 33.92 33.83 33.74 33.63 33.51 33.38 33.23 33.08 32.92 32.76 32.58 32.41 32.22 32.04 31.85 31.66 31.47 31.28 31.10 30.91 30.73 30.56 30.39 30.22 30.07 29.92 29.78 29.65 29.54 29.43 29.34 29.26 29.20 29.16 29.13 29.12 29.13 29.16 29.21 29.28 29.37 29.49 29.64 29.81 30.01 30.23 30.49 30.77 31.09 31.49 32.14 33.05 34.23 35.66 37.32 39.20 41.30 43.60 46.08 48.75 51.57 54.55 57.67 60.92 64.28 67.75 71.31 74.95 78.66 82.43 86.24 90.08 93.94 97.82
34.26 34.23 34.19 34.13 34.05 33.97 33.86 33.75 33.62 33.49 33.34 33.19 33.03 32.86 32.69 32.51 32.33 32.14 31.96 31.77 31.59 31.40 31.22 31.04 30.87 30.70 30.53 30.38 30.23 30.09 29.96 29.84 29.74 29.64 29.57 29.50 29.45 29.42 29.41 29.41 29.44 29.49 29.55 29.64 29.76 29.90 30.06 30.25 30.47 30.72 31.00 31.38 32.01 32.92 34.10 35.52 37.19 39.08 41.19 43.50 46.00 48.69 51.54 54.55 57.70 60.98 64.39 67.90 71.50 75.19 78.96 82.78 86.65 90.56 94.49 98.43 102.37
34.48 34.46 34.42 34.37 34.30 34.22 34.13 34.02 33.90 33.77 33.63 33.48 33.32 33.16 32.99 32.82 32.64 32.46 32.28 32.09 31.91 31.73 31.55 31.37 31.20 31.03 30.87 30.71 30.56 30.42 30.29 30.17 30.07 29.97 29.89 29.82 29.77 29.74 29.72 29.72 29.74 29.79 29.85 29.93 30.04 30.18 30.33 30.52 30.73 30.97 31.24 31.70 32.57 33.74 35.17 36.84 38.74 40.86 43.19 45.72 48.42 51.30 54.34 57.52 60.84 64.29 67.84 71.50 75.24 79.06 82.94 86.87 90.84 94.84 98.86 102.88 106.89
34.69 34.68 34.65 34.61 34.55 34.48 34.39 34.29 34.18 34.05 33.92 33.78 33.63 33.47 33.30 33.13 32.96 32.78 32.60 32.42 32.24 32.06 31.89 31.71 31.54 31.37 31.21 31.05 30.91 30.77 30.64 30.52 30.41 30.31 30.23 30.16 30.11 30.07 30.05 30.05 30.07 30.10 30.16 30.24 30.35 30.47 30.63 30.81 31.01 31.25 31.51 31.97 32.93 34.33 36.01 37.93 40.06 42.41 44.96 47.69 50.60 53.67 56.90 60.26 63.75 67.35 71.06 74.85 78.73 82.67 86.67 90.71 94.79 98.88 102.98 107.07 111.15
34.89 34.90 34.88 34.84 34.79 34.73 34.65 34.56 34.45 34.33 34.21 34.07 33.93 33.77 33.61 33.45 33.28 33.11 32.93 32.76 32.58 32.40 32.23 32.06 31.89 31.72 31.56 31.41 31.26 31.12 30.99 30.87 30.76 30.66 30.58 30.51 30.46 30.42 30.39 30.39 30.40 30.44 30.49 30.57 30.67 30.79 30.94 31.11 31.31 31.55 31.81 32.26 33.22 34.71 36.60 38.76 41.14 43.71 46.48 49.42 52.53 55.80 59.20 62.74 66.40 70.16 74.02 77.96 81.97 86.03 90.15 94.30 98.47 102.65 106.84 111.00 115.15
35.09 35.10 35.09 35.07 35.03 34.97 34.90 34.82 34.72 34.61 34.49 34.36 34.22 34.08 33.92 33.77 33.60 33.44 33.27 33.09 32.92 32.75 32.58 32.41 32.24 32.08 31.92 31.76 31.62 31.48 31.35 31.23 31.12 31.03 30.94 30.87 30.82 30.78 30.75 30.74 30.76 30.79 30.84 30.91 31.01 31.13 31.27 31.44 31.64 31.87 32.13 32.57 33.53 35.01 36.99 39.36 41.97 44.77 47.75 50.91 54.22 57.67 61.26 64.98 68.80 72.72 76.73 80.81 84.95 89.15 93.38 97.63 101.91 106.18 110.44 114.69 118.89
35.28 35.30 35.30 35.29 35.26 35.21 35.15 35.07 34.98 34.88 34.77 34.65 34.52 34.38 34.23 34.08 33.92 33.76 33.60 33.43 33.26 33.09 32.92 32.76 32.59 32.43 32.28 32.13 31.99 31.85 31.72 31.60 31.50 31.40 31.31 31.24 31.19 31.15 31.12 31.11 31.12 31.15 31.20 31.27 31.36 31.48 31.62 31.79 31.99 32.22 32.47 32.91 33.85 35.33 37.31 39.76 42.57 45.59 48.79 52.16 55.67 59.32 63.09 66.98 70.97 75.05 79.20 83.42 87.70 92.02 96.36 100.73 105.10 109.46 113.81 118.12 122.39
