data_processed/recharge/precip/Precip_1989_06.asc
ncols        168
nrows        136
xllcorner    455000
yllcorner    2107000
cellsize     500
NODATA_value     -99999
[rows 96 to 127 of 136, columns 0 to 70 of 168]
138.33 141.01 142.62 143.22 142.90 141.87 140.66 139.48 138.37 137.34 136.40 135.59 134.90 134.37 134.02 133.88 134.01 134.39 134.96 135.68 136.51 137.40 138.32 139.26 140.30 141.41 142.57 143.78 145.01 146.24 147.43 148.42 149.08 149.38 149.37 149.06 148.48 147.66 146.61 145.35 143.91 142.26 140.40 138.40 136.29 134.14 132.00 129.91 128.01 126.75 126.23 126.42 127.24 128.64 130.56 132.94 135.63 138.32 140.89 143.28 145.46 147.38 149.00 150.27 151.16 151.62 151.71 151.55 151.21 150.70 150.03
136.97 139.41 140.75 141.06 140.58 139.85 139.10 138.35 137.64 136.97 136.36 135.83 135.39 135.08 134.90 134.88 135.04 135.42 135.98 136.67 137.45 138.29 139.12 139.98 140.92 141.94 143.01 144.12 145.25 146.37 147.29 147.89 148.15 148.10 147.77 147.18 146.34 145.30 144.06 142.65 141.10 139.43 137.60 135.64 133.60 131.52 129.47 127.48 125.71 124.61 124.30 124.73 125.84 127.57 129.86 132.56 135.34 138.07 140.70 143.20 145.51 147.60 149.42 150.93 152.09 152.85 153.17 153.13 152.86 152.43 151.84
135.14 137.28 138.28 138.41 138.22 137.96 137.66 137.32 136.97 136.64 136.32 136.06 135.85 135.72 135.70 135.79 136.01 136.39 136.94 137.60 138.33 139.10 139.85 140.62 141.46 142.38 143.36 144.37 145.39 146.23 146.75 146.94 146.84 146.46 145.83 144.97 143.91 142.67 141.27 139.74 138.10 136.37 134.57 132.68 130.73 128.77 126.84 124.99 123.38 122.47 122.40 123.11 124.54 126.63 129.22 131.97 134.76 137.52 140.23 142.82 145.27 147.53 149.56 151.31 152.73 153.80 154.46 154.67 154.52 154.16 153.66
132.81 134.58 135.39 135.81 136.10 136.29 136.40 136.44 136.44 136.41 136.37 136.33 136.33 136.36 136.46 136.64 136.92 137.31 137.83 138.46 139.14 139.84 140.51 141.17 141.92 142.74 143.62 144.51 145.25 145.67 145.78 145.60 145.16 144.47 143.57 142.47 141.21 139.79 138.26 136.62 134.91 133.14 131.35 129.55 127.72 125.90 124.12 122.45 121.03 120.35 120.54 121.56 123.35 125.72 128.34 131.07 133.85 136.65 139.42 142.12 144.71 147.14 149.37 151.35 153.05 154.42 155.41 155.99 156.12 155.88 155.46
129.97 131.51 132.60 133.51 134.27 134.89 135.38 135.78 136.10 136.35 136.55 136.72 136.89 137.06 137.26 137.50 137.80 138.19 138.67 139.25 139.87 140.50 141.08 141.65 142.29 143.01 143.76 144.37 144.68 144.68 144.41 143.88 143.12 142.15 141.00 139.69 138.24 136.68 135.03 133.32 131.56 129.78 128.01 126.27 124.58 122.92 121.34 119.88 118.68 118.25 118.75 120.11 122.16 124.54 127.09 129.79 132.57 135.41 138.25 141.05 143.78 146.37 148.81 151.03 153.00 154.67 156.01 156.96 157.48 157.55 157.25
126.80 128.63 130.22 131.60 132.79 133.81 134.67 135.40 136.00 136.50 136.92 137.28 137.59 137.87 138.14 138.42 138.72 139.07 139.48 139.97 140.53 141.07 141.56 142.02 142.57 143.16 143.62 143.79 143.67 143.28 142.65 141.79 140.74 139.52 138.14 136.64 135.03 133.35 131.61 129.84 128.06 126.30 124.57 122.91 121.34 119.87 118.51 117.28 116.34 116.21 117.04 118.64 120.67 122.95 125.44 128.10 130.89 133.76 136.67 139.57 142.43 145.20 147.84 150.30 152.54 154.51 156.19 157.51 158.44 158.94 158.97
123.90 126.24 128.31 130.14 131.74 133.12 134.32 135.35 136.21 136.95 137.56 138.07 138.50 138.86 139.18 139.46 139.74 140.03 140.34 140.69 141.11 141.56 141.95 142.31 142.72 143.01 143.03 142.76 142.24 141.48 140.51 139.35 138.03 136.57 135.00 133.33 131.59 129.81 128.00 126.20 124.42 122.70 121.04 119.49 118.05 116.76 115.63 114.68 114.03 114.21 115.27 116.83 118.72 120.91 123.33 125.96 128.75 131.65 134.63 137.64 140.64 143.57 146.41 149.11 151.62 153.90 155.91 157.61 158.95 159.88 160.38
121.57 124.40 126.93 129.17 131.15 132.89 134.40 135.69 136.80 137.73 138.51 139.14 139.66 140.08 140.42 140.69 140.91 141.11 141.30 141.49 141.71 141.97 142.23 142.46 142.57 142.41 141.98 141.30 140.40 139.29 138.01 136.58 135.01 133.34 131.59 129.78 127.93 126.07 124.23 122.42 120.67 119.00 117.45 116.02 114.74 113.65 112.76 112.08 111.75 112.15 113.14 114.53 116.29 118.37 120.73 123.33 126.12 129.06 132.11 135.22 138.35 141.46 144.50 147.43 150.21 152.80 155.15 157.22 158.96 160.34 161.30
119.85 123.14 126.10 128.74 131.08 133.14 134.93 136.48 137.80 138.91 139.83 140.57 141.16 141.61 141.94 142.17 142.32 142.40 142.44 142.45 142.45 142.45 142.44 142.31 141.95 141.34 140.48 139.41 138.16 136.73 135.16 133.48 131.69 129.84 127.93 126.01 124.08 122.17 120.31 118.52 116.82 115.24 113.80 112.53 111.44 110.57 109.93 109.55 109.45 109.75 110.53 111.76 113.38 115.36 117.65 120.21 123.00 125.98 129.09 132.30 135.56 138.84 142.08 145.25 148.31 151.19 153.88 156.32 158.46 160.28 161.71
118.39 122.16 125.56 128.60 131.31 133.70 135.79 137.59 139.13 140.43 141.50 142.35 143.02 143.51 143.85 144.05 144.13 144.10 144.00 143.83 143.62 143.33 142.67 141.71 140.81 139.77 138.53 137.11 135.54 133.83 132.01 130.10 128.13 126.13 124.11 122.10 120.12 118.20 116.36 114.62 113.01 111.55 110.27 109.18 108.32 107.70 107.35 107.24 107.26 107.45 108.01 109.05 110.51 112.37 114.57 117.07 119.84 122.82 125.98 129.27 132.64 136.07 139.49 142.87 146.17 149.34 152.33 155.12 157.65 159.88 161.76
116.89 121.17 125.04 128.52 131.62 134.37 136.79 138.88 140.67 142.19 143.43 144.43 145.21 145.77 146.14 146.34 146.38 146.29 146.07 145.76 145.32 144.45 142.87 140.94 139.26 137.76 136.17 134.44 132.58 130.63 128.60 126.52 124.41 122.30 120.20 118.15 116.17 114.27 112.49 110.85 109.37 108.07 106.99 106.13 105.53 105.21 105.13 105.17 105.29 105.54 105.99 106.80 108.07 109.77 111.84 114.25 116.95 119.91 123.07 126.40 129.85 133.38 136.95 140.50 144.01 147.42 150.70 153.79 156.66 159.27 161.57
115.30 120.10 124.47 128.41 131.95 135.09 137.86 140.27 142.35 144.11 145.57 146.74 147.65 148.32 148.76 148.98 149.02 148.88 148.59 148.12 147.17 145.47 143.00 140.20 137.64 135.43 133.46 131.46 129.36 127.21 125.01 122.80 120.59 118.41 116.28 114.23 112.28 110.46 108.78 107.28 105.97 104.88 104.03 103.45 103.15 103.11 103.17 103.30 103.50 103.85 104.35 105.04 106.08 107.58 109.49 111.77 114.37 117.26 120.40 123.73 127.22 130.82 134.49 138.18 141.86 145.47 148.99 152.36 155.53 158.48 161.16
113.72 118.89 123.78 128.22 132.21 135.78 138.94 141.70 144.09 146.13 147.83 149.21 150.29 151.09 151.63 151.91 151.97 151.82 151.44 150.54 148.84 146.33 143.08 139.49 136.14 133.14 130.54 128.23 125.94 123.63 121.31 119.00 116.73 114.53 112.41 110.41 108.54 106.82 105.29 103.97 102.87 102.02 101.46 101.19 101.17 101.26 101.41 101.62 101.89 102.31 102.90 103.63 104.55 105.82 107.53 109.64 112.11 114.90 117.96 121.26 124.75 128.38 132.11 135.91 139.72 143.51 147.22 150.83 154.27 157.53 160.59
112.34 117.66 122.92 127.87 132.35 136.37 139.95 143.09 145.83 148.18 150.15 151.77 153.05 154.01 154.68 155.06 155.17 155.00 154.27 152.69 150.27 147.05 143.10 138.82 134.76 131.06 127.76 124.91 122.39 119.96 117.55 115.19 112.91 110.72 108.66 106.74 104.99 103.43 102.08 100.98 100.14 99.58 99.33 99.35 99.47 99.63 99.85 100.12 100.45 100.94 101.59 102.40 103.36 104.50 105.97 107.87 110.17 112.82 115.78 119.01 122.46 126.09 129.85 133.71 137.62 141.53 145.41 149.21 152.90 156.48 159.92
111.17 116.58 121.99 127.30 132.29 136.80 140.82 144.38 147.50 150.18 152.46 154.35 155.86 157.02 157.84 158.34 158.51 158.06 156.72 154.51 151.47 147.64 143.08 138.19 133.53 129.21 125.29 121.82 118.84 116.26 113.81 111.44 109.19 107.06 105.09 103.30 101.71 100.34 99.23 98.38 97.84 97.61 97.65 97.79 97.98 98.20 98.47 98.79 99.18 99.71 100.42 101.30 102.32 103.49 104.83 106.49 108.58 111.06 113.87 116.99 120.36 123.95 127.71 131.59 135.56 139.57 143.57 147.54 151.49 155.40 159.17
110.21 115.67 121.16 126.63 131.98 136.99 141.49 145.50 149.02 152.08 154.69 156.88 158.65 160.04 161.05 161.67 161.63 160.66 158.78 156.02 152.44 148.09 143.02 137.62 132.44 127.60 123.15 119.14 115.64 112.67 110.14 107.81 105.62 103.60 101.77 100.14 98.76 97.63 96.79 96.25 96.04 96.10 96.27 96.47 96.70 96.97 97.28 97.64 98.06 98.63 99.39 100.31 101.39 102.62 103.98 105.50 107.35 109.61 112.25 115.22 118.48 121.99 125.70 129.57 133.56 137.62 141.73 145.90 150.13 154.31 158.37
109.43 114.92 120.47 126.02 131.52 136.89 141.89 146.37 150.33 153.79 156.77 159.28 161.35 163.00 164.19 164.68 164.21 162.77 160.43 157.23 153.21 148.42 142.93 137.11 131.51 126.23 121.35 116.89 112.94 109.52 106.70 104.37 102.29 100.41 98.76 97.34 96.20 95.36 94.82 94.63 94.72 94.90 95.11 95.35 95.62 95.93 96.27 96.65 97.09 97.69 98.47 99.43 100.55 101.83 103.24 104.78 106.49 108.50 110.92 113.71 116.82 120.21 123.84 127.66 131.63 135.73 139.98 144.37 148.83 153.25 157.54
108.84 114.32 119.89 125.50 131.08 136.60 141.96 146.93 151.36 155.25 158.63 161.50 163.90 165.79 166.93 167.07 166.21 164.40 161.69 158.13 153.76 148.64 142.81 136.66 130.73 125.12 119.88 115.08 110.76 106.98 103.80 101.26 99.26 97.56 96.12 94.97 94.11 93.59 93.41 93.52 93.72 93.94 94.18 94.45 94.74 95.07 95.43 95.82 96.27 96.88 97.68 98.66 99.81 101.12 102.57 104.16 105.87 107.74 109.91 112.47 115.39 118.63 122.14 125.87 129.81 133.99 138.41 142.98 147.62 152.22 156.70
108.40 113.85 119.42 125.05 130.69 136.29 141.79 147.12 152.03 156.39 160.20 163.46 166.18 168.09 168.96 168.80 167.65 165.55 162.57 158.74 154.11 148.74 142.67 136.29 130.11 124.25 118.76 113.70 109.12 105.07 101.61 98.79 96.65 95.11 93.94 93.08 92.55 92.39 92.51 92.73 92.96 93.20 93.46 93.75 94.05 94.39 94.75 95.14 95.58 96.19 96.99 97.98 99.15 100.48 101.96 103.58 105.33 107.20 109.21 111.53 114.22 117.27 120.62 124.24 128.20 132.50 137.04 141.75 146.52 151.26 155.87
108.11 113.50 119.03 124.66 130.32 135.98 141.56 147.03 152.30 157.14 161.40 165.06 167.87 169.60 170.25 169.87 168.52 166.23 163.06 159.06 154.26 148.73 142.52 135.99 129.66 123.65 118.00 112.77 108.01 103.78 100.13 97.12 94.79 93.21 92.26 91.74 91.58 91.72 91.95 92.19 92.43 92.69 92.96 93.24 93.55 93.87 94.22 94.60 95.02 95.62 96.41 97.40 98.57 99.90 101.40 103.04 104.82 106.71 108.73 110.88 113.32 116.13 119.31 122.89 126.92 131.29 135.92 140.71 145.56 150.38 155.08
107.95 113.25 118.72 124.32 129.98 135.65 141.29 146.84 152.26 157.44 162.15 165.98 168.68 170.27 170.79 170.30 168.83 166.44 163.18 159.09 154.23 148.63 142.36 135.78 129.40 123.31 117.59 112.28 107.44 103.12 99.38 96.26 93.83 92.14 91.23 91.01 91.17 91.41 91.65 91.89 92.14 92.39 92.66 92.93 93.22 93.53 93.85 94.20 94.59 95.16 95.93 96.90 98.06 99.39 100.89 102.53 104.32 106.24 108.27 110.41 112.68 115.26 118.33 121.94 125.99 130.39 135.05 139.87 144.76 149.61 154.35
107.91 113.09 118.47 124.00 129.63 135.30 140.96 146.57 152.06 157.36 162.14 165.92 168.57 170.11 170.60 170.08 168.59 166.20 162.93 158.85 154.01 148.44 142.21 135.66 129.31 123.25 117.55 112.26 107.43 103.11 99.36 96.24 93.79 92.07 91.14 90.93 91.11 91.36 91.59 91.83 92.07 92.31 92.55 92.80 93.06 93.33 93.62 93.93 94.28 94.80 95.54 96.48 97.61 98.93 100.41 102.05 103.84 105.76 107.80 109.96 112.24 114.78 117.83 121.40 125.43 129.81 134.45 139.26 144.13 148.98 153.70
107.97 113.00 118.27 123.70 129.27 134.90 140.56 146.19 151.71 156.82 161.24 164.88 167.55 169.14 169.68 169.22 167.81 165.50 162.33 158.35 153.61 148.16 142.05 135.64 129.41 123.48 117.89 112.70 107.97 103.74 100.08 97.04 94.67 93.02 92.04 91.52 91.40 91.56 91.78 92.00 92.21 92.42 92.63 92.85 93.07 93.29 93.53 93.78 94.08 94.55 95.24 96.13 97.23 98.51 99.97 101.59 103.36 105.27 107.32 109.50 111.94 114.71 117.81 121.32 125.28 129.59 134.16 138.90 143.70 148.49 153.15
108.13 112.98 118.09 123.41 128.88 134.45 140.08 145.67 150.95 155.63 159.66 163.01 165.64 167.35 168.04 167.74 166.49 164.35 161.36 157.58 153.04 147.80 141.91 135.72 129.71 123.98 118.60 113.61 109.07 105.03 101.55 98.68 96.47 94.87 93.66 92.77 92.23 92.08 92.21 92.39 92.57 92.74 92.90 93.06 93.23 93.40 93.57 93.76 93.98 94.38 95.01 95.85 96.90 98.14 99.56 101.14 102.89 104.78 106.83 109.16 111.87 114.90 118.18 121.70 125.54 129.73 134.19 138.81 143.50 148.17 152.73
108.36 113.00 117.93 123.10 128.45 133.93 139.46 144.77 149.57 153.82 157.49 160.55 163.00 164.77 165.69 165.63 164.64 162.77 160.05 156.55 152.30 147.37 141.79 135.91 130.21 124.78 119.70 115.00 110.74 106.98 103.77 101.16 99.09 97.34 95.84 94.61 93.70 93.13 92.93 93.00 93.13 93.24 93.35 93.45 93.54 93.64 93.74 93.84 93.98 94.31 94.86 95.63 96.61 97.79 99.16 100.70 102.41 104.29 106.48 109.08 112.05 115.30 118.79 122.45 126.24 130.27 134.56 139.02 143.55 148.06 152.45
108.64 113.05 117.78 122.76 127.96 133.29 138.49 143.27 147.60 151.44 154.78 157.60 159.87 161.56 162.64 162.91 162.27 160.75 158.40 155.27 151.41 146.86 141.69 136.22 130.91 125.88 121.18 116.87 112.99 109.59 106.74 104.37 102.24 100.27 98.51 96.99 95.73 94.77 94.15 93.88 93.88 93.93 93.96 93.99 94.00 94.01 94.02 94.03 94.08 94.31 94.77 95.46 96.37 97.48 98.78 100.26 101.94 103.96 106.42 109.28 112.47 115.93 119.59 123.40 127.29 131.22 135.30 139.54 143.86 148.16 152.34
108.98 113.12 117.61 122.39 127.38 132.32 136.95 141.22 145.10 148.57 151.61 154.21 156.32 157.95 159.05 159.59 159.37 158.30 156.41 153.75 150.36 146.30 141.62 136.64 131.83 127.29 123.07 119.23 115.81 112.88 110.35 108.00 105.74 103.60 101.62 99.83 98.27 96.96 95.94 95.24 94.89 94.79 94.74 94.68 94.60 94.51 94.42 94.32 94.26 94.38 94.74 95.34 96.16 97.18 98.41 99.84 101.65 103.94 106.66 109.75 113.14 116.78 120.59 124.53 128.51 132.49 136.42 140.41 144.47 148.50 152.43
109.35 113.20 117.42 121.93 126.48 130.82 134.89 138.66 142.13 145.26 148.04 150.44 152.44 154.02 155.15 155.82 155.98 155.43 154.09 151.99 149.17 145.69 141.59 137.20 132.98 129.01 125.36 122.08 119.22 116.71 114.29 111.89 109.53 107.26 105.10 103.08 101.24 99.62 98.24 97.14 96.34 95.89 95.68 95.51 95.33 95.13 94.92 94.71 94.52 94.52 94.77 95.26 95.97 96.90 98.06 99.62 101.70 104.24 107.19 110.49 114.06 117.85 121.80 125.83 129.89 133.91 137.84 141.63 145.38 149.11 152.73
109.74 113.26 117.16 121.18 125.08 128.81 132.35 135.67 138.76 141.58 144.12 146.36 148.27 149.84 151.04 151.84 152.24 152.16 151.45 150.00 147.84 145.02 141.61 137.90 134.34 131.05 128.06 125.43 123.09 120.76 118.38 115.96 113.55 111.18 108.87 106.66 104.59 102.69 100.99 99.52 98.31 97.41 96.83 96.49 96.18 95.86 95.52 95.17 94.85 94.72 94.84 95.21 95.81 96.66 97.93 99.76 102.09 104.87 108.03 111.51 115.23 119.15 123.20 127.31 131.42 135.46 139.38 143.11 146.62 150.00 153.26
110.13 113.27 116.63 119.96 123.21 126.37 129.41 132.30 135.04 137.58 139.92 142.03 143.89 145.48 146.77 147.74 148.37 148.65 148.51 147.78 146.38 144.32 141.67 138.73 135.95 133.41 131.17 129.16 127.08 124.87 122.56 120.17 117.73 115.29 112.88 110.52 108.25 106.10 104.11 102.31 100.73 99.41 98.37 97.65 97.15 96.69 96.22 95.72 95.25 94.97 94.95 95.19 95.69 96.65 98.19 100.28 102.85 105.83 109.17 112.80 116.66 120.68 124.81 128.97 133.10 137.14 141.04 144.71 148.11 151.19 154.05
110.49 113.04 115.66 118.30 120.93 123.55 126.12 128.62 131.03 133.33 135.50 137.51 139.35 140.98 142.40 143.57 144.48 145.10 145.41 145.36 144.78 143.58 141.79 139.71 137.79 136.10 134.57 132.90 131.03 128.97 126.76 124.43 122.01 119.54 117.05 114.57 112.14 109.79 107.55 105.46 103.54 101.83 100.37 99.18 98.29 97.63 97.00 96.34 95.71 95.27 95.10 95.22 95.82 97.04 98.85 101.17 103.95 107.12 110.62 114.38 118.34 122.44 126.62 130.80 134.94 138.95 142.79 146.39 149.68 152.60 155.12
110.62 112.39 114.28 116.26 118.31 120.41 122.55 124.68 126.81 128.89 130.92 132.87 134.71 136.43 138.00 139.40 140.61 141.61 142.38 142.88 143.08 142.81 141.97 140.85 139.87 138.98 137.89 136.50 134.86 132.98 130.91 128.68 126.31 123.85 121.33 118.77 116.22 113.70 111.24 108.89 106.67 104.61 102.76 101.14 99.78 98.71 97.86 97.03 96.22 95.61 95.31 95.52 96.39 97.88 99.92 102.45 105.41 108.74 112.37 116.24 120.28 124.43 128.64 132.82 136.93 140.89 144.65 148.14 151.30 154.07 156.37
