data_processed/recharge/precip/Precip_2013_06.asc
ncols        168
nrows        136
xllcorner    455000
yllcorner    2107000
cellsize     500
NODATA_value     -99999
[rows 32 to 63 of 136, columns 71 to 141 of 168]
118.93 120.32 121.86 123.51 125.18 126.73 128.11 129.31 130.35 131.24 131.99 132.62 133.13 133.53 133.84 134.08 134.24 134.34 134.40 134.42 134.41 134.40 134.38 134.37 134.38 134.43 134.52 134.71 135.12 135.77 136.55 137.37 138.20 139.01 139.82 140.59 141.33 142.03 142.67 143.24 143.74 144.16 144.48 144.71 144.81 144.80 144.65 144.36 143.92 143.31 142.54 141.59 140.45 139.21 137.86 136.37 135.10 134.24 133.76 133.64 133.84 134.36 135.14 136.18 137.43 138.87 140.47 142.21 144.05 145.97 147.94
119.90 121.34 122.88 124.53 126.23 127.94 129.51 130.90 132.10 133.13 134.00 134.73 135.31 135.77 136.12 136.36 136.52 136.59 136.59 136.54 136.45 136.31 136.16 136.00 135.83 135.68 135.59 135.67 136.01 136.58 137.34 138.23 139.12 140.00 140.84 141.65 142.41 143.11 143.74 144.30 144.77 145.14 145.40 145.55 145.57 145.45 145.19 144.78 144.20 143.44 142.50 141.38 140.14 138.85 137.46 135.84 134.10 132.60 131.54 130.89 130.63 130.73 131.16 131.90 132.91 134.17 135.65 137.32 139.16 141.13 143.21
121.05 122.49 124.03 125.67 127.37 129.09 130.80 132.36 133.73 134.90 135.89 136.70 137.37 137.88 138.26 138.51 138.66 138.70 138.65 138.53 138.33 138.08 137.79 137.47 137.13 136.81 136.62 136.63 136.90 137.40 138.09 138.95 139.90 140.83 141.73 142.57 143.35 144.06 144.69 145.22 145.66 145.99 146.20 146.27 146.21 146.00 145.63 145.09 144.38 143.48 142.39 141.17 139.88 138.55 137.13 135.48 133.61 131.65 129.97 128.75 127.97 127.62 127.65 128.04 128.77 129.81 131.12 132.68 134.46 136.44 138.58
122.33 123.75 125.28 126.92 128.60 130.32 132.04 133.72 135.23 136.54 137.64 138.56 139.29 139.86 140.27 140.53 140.66 140.67 140.57 140.37 140.08 139.71 139.28 138.80 138.30 137.89 137.64 137.59 137.80 138.24 138.85 139.63 140.54 141.53 142.47 143.35 144.16 144.88 145.51 146.03 146.44 146.73 146.88 146.89 146.75 146.45 145.97 145.32 144.47 143.43 142.26 141.00 139.69 138.32 136.86 135.18 133.29 131.22 129.08 127.26 125.92 125.06 124.65 124.65 125.05 125.82 126.91 128.32 130.00 131.94 134.10
123.71 125.12 126.64 128.26 129.94 131.63 133.33 135.01 136.62 138.06 139.28 140.29 141.09 141.71 142.15 142.42 142.54 142.51 142.35 142.08 141.69 141.20 140.63 140.01 139.43 138.96 138.65 138.55 138.72 139.10 139.64 140.33 141.16 142.11 143.09 144.01 144.85 145.58 146.21 146.73 147.11 147.36 147.47 147.42 147.20 146.81 146.23 145.46 144.49 143.38 142.17 140.89 139.54 138.15 136.65 134.94 133.03 130.94 128.71 126.44 124.51 123.10 122.20 121.77 121.80 122.24 123.08 124.28 125.82 127.67 129.80
125.20 126.59 128.09 129.70 131.35 133.03 134.70 136.35 137.96 139.48 140.80 141.90 142.78 143.44 143.91 144.19 144.29 144.23 144.01 143.65 143.16 142.56 141.87 141.17 140.53 140.00 139.65 139.51 139.63 139.97 140.46 141.08 141.82 142.67 143.61 144.56 145.42 146.18 146.82 147.32 147.69 147.91 147.96 147.85 147.56 147.09 146.41 145.53 144.50 143.36 142.14 140.83 139.46 138.02 136.49 134.76 132.83 130.73 128.49 126.13 123.77 121.78 120.34 119.44 119.04 119.12 119.66 120.61 121.97 123.68 125.74
126.79 128.15 129.63 131.22 132.85 134.50 136.14 137.76 139.33 140.83 142.22 143.40 144.35 145.06 145.55 145.83 145.92 145.82 145.54 145.10 144.51 143.80 143.04 142.29 141.60 141.03 140.63 140.46 140.56 140.86 141.30 141.85 142.52 143.28 144.12 145.01 145.90 146.68 147.32 147.83 148.18 148.36 148.38 148.21 147.85 147.29 146.53 145.60 144.55 143.40 142.15 140.82 139.42 137.95 136.39 134.63 132.69 130.58 128.33 125.97 123.53 121.12 119.12 117.69 116.83 116.50 116.69 117.35 118.47 120.01 121.95
128.45 129.79 131.25 132.81 134.42 136.04 137.65 139.23 140.76 142.21 143.57 144.80 145.80 146.56 147.08 147.36 147.43 147.29 146.95 146.43 145.75 144.98 144.16 143.36 142.64 142.03 141.61 141.41 141.49 141.76 142.16 142.66 143.26 143.94 144.68 145.47 146.30 147.09 147.75 148.25 148.59 148.75 148.72 148.50 148.08 147.45 146.64 145.70 144.64 143.47 142.20 140.85 139.42 137.93 136.34 134.56 132.60 130.48 128.23 125.88 123.45 120.97 118.55 116.57 115.20 114.42 114.21 114.53 115.37 116.69 118.46
130.20 131.50 132.93 134.47 136.05 137.63 139.21 140.74 142.23 143.63 144.94 146.13 147.16 147.96 148.50 148.78 148.83 148.65 148.25 147.65 146.91 146.09 145.24 144.40 143.64 143.01 142.57 142.36 142.43 142.68 143.05 143.50 144.04 144.65 145.30 146.00 146.71 147.44 148.10 148.60 148.93 149.07 149.01 148.74 148.26 147.59 146.78 145.83 144.76 143.58 142.29 140.92 139.47 137.96 136.34 134.54 132.56 130.43 128.18 125.84 123.42 120.96 118.48 116.11 114.19 112.91 112.26 112.20 112.71 113.77 115.37
132.01 133.28 134.68 136.19 137.73 139.28 140.81 142.30 143.73 145.08 146.34 147.46 148.45 149.25 149.81 150.09 150.12 149.89 149.44 148.79 148.01 147.15 146.26 145.40 144.62 143.97 143.52 143.30 143.36 143.61 143.95 144.38 144.86 145.41 145.98 146.59 147.20 147.81 148.39 148.89 149.21 149.33 149.24 148.93 148.42 147.76 146.94 145.99 144.91 143.72 142.42 141.04 139.56 138.02 136.38 134.56 132.57 130.44 128.19 125.85 123.45 121.01 118.57 116.13 113.83 112.02 110.88 110.40 110.54 111.32 112.78
133.88 135.11 136.48 137.95 139.45 140.96 142.44 143.89 145.27 146.56 147.75 148.82 149.73 150.48 151.02 151.30 151.30 151.04 150.53 149.85 149.03 148.14 147.23 146.35 145.56 144.91 144.45 144.24 144.31 144.55 144.88 145.28 145.73 146.21 146.72 147.24 147.76 148.26 148.73 149.14 149.45 149.55 149.43 149.11 148.61 147.95 147.13 146.18 145.10 143.90 142.59 141.18 139.69 138.13 136.46 134.62 132.62 130.48 128.24 125.92 123.53 121.12 118.70 116.31 113.96 111.78 110.12 109.17 108.93 109.46 110.75
135.80 136.99 138.31 139.75 141.21 142.67 144.11 145.50 146.82 148.06 149.18 150.18 151.02 151.69 152.17 152.42 152.39 152.08 151.54 150.83 149.99 149.08 148.16 147.27 146.47 145.82 145.37 145.17 145.25 145.51 145.83 146.21 146.63 147.07 147.52 147.96 148.39 148.79 149.14 149.44 149.65 149.73 149.61 149.30 148.81 148.16 147.35 146.40 145.31 144.10 142.78 141.36 139.85 138.27 136.58 134.72 132.71 130.58 128.34 126.03 123.66 121.28 118.89 116.54 114.24 112.02 110.01 108.58 108.00 108.26 109.30
137.76 138.90 140.18 141.58 143.00 144.41 145.79 147.12 148.39 149.56 150.61 151.54 152.30 152.89 153.29 153.45 153.37 153.03 152.47 151.73 150.88 149.96 149.03 148.14 147.35 146.70 146.27 146.09 146.20 146.47 146.80 147.17 147.56 147.97 148.37 148.75 149.10 149.41 149.65 149.83 149.92 149.92 149.81 149.51 149.04 148.39 147.58 146.63 145.54 144.33 143.00 141.57 140.04 138.44 136.73 134.86 132.84 130.71 128.48 126.18 123.84 121.48 119.13 116.82 114.57 112.41 110.41 108.75 107.81 107.72 108.45
139.75 140.85 142.08 143.43 144.80 146.16 147.48 148.76 149.95 151.05 152.04 152.89 153.57 154.08 154.37 154.43 154.26 153.88 153.30 152.55 151.69 150.77 149.84 148.96 148.19 147.56 147.15 147.00 147.15 147.45 147.79 148.16 148.54 148.91 149.27 149.60 149.88 150.11 150.26 150.32 150.30 150.20 150.02 149.73 149.27 148.63 147.84 146.89 145.80 144.58 143.24 141.80 140.26 138.64 136.91 135.03 133.01 130.88 128.65 126.37 124.05 121.73 119.42 117.15 114.96 112.89 111.08 109.54 108.36 107.88 108.23
141.77 142.81 143.99 145.29 146.61 147.91 149.17 150.38 151.51 152.54 153.45 154.22 154.82 155.22 155.40 155.34 155.09 154.65 154.05 153.29 152.43 151.52 150.60 149.74 148.99 148.40 148.02 147.91 148.10 148.43 148.80 149.17 149.55 149.90 150.23 150.51 150.73 150.88 150.95 150.92 150.80 150.60 150.32 149.97 149.51 148.89 148.10 147.16 146.07 144.85 143.51 142.06 140.51 138.87 137.12 135.23 133.21 131.08 128.87 126.60 124.31 122.02 119.75 117.53 115.42 113.55 111.94 110.58 109.49 108.74 108.66
143.80 144.78 145.91 147.16 148.42 149.66 150.86 152.00 153.06 154.01 154.84 155.52 156.02 156.29 156.33 156.18 155.84 155.34 154.71 153.95 153.10 152.21 151.31 150.48 149.76 149.20 148.86 148.80 149.04 149.43 149.82 150.22 150.59 150.94 151.24 151.49 151.66 151.74 151.73 151.61 151.41 151.11 150.74 150.29 149.78 149.16 148.38 147.44 146.36 145.14 143.79 142.33 140.77 139.12 137.36 135.46 133.43 131.31 129.11 126.87 124.60 122.34 120.11 117.98 116.07 114.39 112.96 111.78 110.83 110.13 109.75
145.84 146.76 147.83 149.02 150.22 151.39 152.53 153.59 154.57 155.45 156.19 156.76 157.11 157.24 157.17 156.92 156.50 155.96 155.29 154.53 153.70 152.83 151.97 151.17 150.49 149.98 149.69 149.69 149.99 150.43 150.86 151.28 151.67 152.02 152.31 152.52 152.65 152.67 152.59 152.40 152.11 151.73 151.26 150.72 150.11 149.44 148.66 147.73 146.65 145.44 144.09 142.63 141.06 139.39 137.62 135.71 133.69 131.57 129.39 127.16 124.93 122.70 120.56 118.61 116.89 115.40 114.14 113.10 112.28 111.69 111.32
147.88 148.73 149.74 150.86 152.00 153.11 154.17 155.16 156.06 156.85 157.48 157.89 158.08 158.08 157.89 157.55 157.07 156.48 155.79 155.03 154.22 153.39 152.56 151.81 151.18 150.72 150.50 150.56 150.93 151.43 151.92 152.38 152.79 153.14 153.42 153.62 153.70 153.66 153.51 153.25 152.89 152.43 151.89 151.26 150.56 149.79 148.96 148.03 146.96 145.74 144.40 142.93 141.35 139.68 137.89 135.98 133.96 131.85 129.69 127.49 125.28 123.14 121.17 119.42 117.88 116.55 115.43 114.52 113.82 113.32 113.02
149.90 150.68 151.63 152.69 153.75 154.79 155.78 156.69 157.50 158.17 158.63 158.87 158.91 158.77 158.48 158.06 157.52 156.89 156.19 155.44 154.66 153.87 153.10 152.40 151.83 151.44 151.29 151.42 151.87 152.44 152.99 153.49 153.93 154.31 154.59 154.76 154.79 154.70 154.49 154.16 153.74 153.21 152.59 151.88 151.10 150.24 149.32 148.34 147.27 146.06 144.71 143.25 141.66 139.98 138.19 136.27 134.25 132.16 130.01 127.84 125.71 123.74 121.97 120.39 119.01 117.83 116.83 116.03 115.42 114.99 114.74
151.90 152.61 153.49 154.48 155.47 156.43 157.34 158.17 158.86 159.35 159.61 159.69 159.58 159.33 158.94 158.43 157.84 157.18 156.47 155.73 154.99 154.26 153.57 152.95 152.44 152.13 152.05 152.27 152.81 153.46 154.07 154.63 155.11 155.51 155.78 155.91 155.90 155.76 155.50 155.12 154.64 154.04 153.36 152.58 151.72 150.78 149.78 148.71 147.59 146.38 145.04 143.57 141.98 140.29 138.49 136.58 134.56 132.48 130.35 128.25 126.29 124.52 122.92 121.51 120.27 119.20 118.32 117.60 117.06 116.68 116.47
153.88 154.51 155.31 156.23 157.15 158.03 158.85 159.55 160.05 160.33 160.41 160.33 160.09 159.71 159.23 158.66 158.02 157.34 156.62 155.91 155.21 154.55 153.95 153.43 153.01 152.78 152.79 153.11 153.74 154.48 155.17 155.79 156.32 156.72 156.97 157.07 157.02 156.85 156.54 156.11 155.57 154.93 154.18 153.34 152.41 151.40 150.32 149.17 147.97 146.70 145.36 143.89 142.31 140.61 138.81 136.89 134.88 132.82 130.76 128.83 127.06 125.46 124.02 122.74 121.62 120.66 119.86 119.21 118.72 118.37 118.18
155.82 156.37 157.09 157.93 158.77 159.57 160.26 160.75 161.02 161.11 161.02 160.78 160.40 159.93 159.36 158.72 158.05 157.34 156.64 155.95 155.30 154.71 154.21 153.80 153.52 153.40 153.51 153.93 154.67 155.51 156.28 156.97 157.52 157.91 158.13 158.21 158.14 157.93 157.59 157.12 156.54 155.84 155.04 154.14 153.16 152.08 150.93 149.71 148.43 147.09 145.69 144.22 142.63 140.93 139.13 137.21 135.22 133.21 131.32 129.57 127.98 126.53 125.23 124.07 123.05 122.17 121.44 120.84 120.37 120.04 119.85
157.72 158.17 158.81 159.58 160.33 160.99 161.46 161.71 161.78 161.67 161.41 161.02 160.53 159.95 159.30 158.61 157.90 157.19 156.49 155.84 155.25 154.74 154.34 154.06 153.93 153.97 154.21 154.73 155.59 156.54 157.40 158.12 158.67 159.05 159.27 159.33 159.24 159.01 158.64 158.14 157.52 156.78 155.93 154.99 153.94 152.81 151.60 150.31 148.96 147.54 146.07 144.55 142.96 141.26 139.45 137.54 135.60 133.76 132.05 130.48 129.03 127.72 126.53 125.47 124.53 123.72 123.03 122.46 122.01 121.67 121.45
159.62 159.93 160.48 161.15 161.77 162.20 162.41 162.43 162.29 162.00 161.57 161.05 160.44 159.76 159.05 158.31 157.57 156.85 156.18 155.57 155.04 154.62 154.33 154.18 154.20 154.42 154.84 155.52 156.50 157.56 158.48 159.22 159.77 160.15 160.36 160.41 160.31 160.06 159.67 159.14 158.49 157.72 156.84 155.85 154.76 153.58 152.31 150.96 149.55 148.06 146.52 144.93 143.29 141.58 139.77 137.92 136.14 134.48 132.94 131.51 130.20 129.00 127.91 126.93 126.05 125.28 124.62 124.06 123.60 123.23 122.97
161.53 161.67 162.07 162.60 162.97 163.13 163.10 162.90 162.55 162.08 161.51 160.85 160.13 159.36 158.58 157.80 157.05 156.33 155.68 155.12 154.67 154.34 154.16 154.15 154.34 154.74 155.37 156.26 157.40 158.53 159.47 160.22 160.79 161.17 161.39 161.44 161.33 161.07 160.66 160.12 159.45 158.65 157.74 156.71 155.58 154.36 153.04 151.65 150.17 148.63 147.03 145.37 143.66 141.90 140.14 138.44 136.85 135.35 133.96 132.66 131.46 130.35 129.34 128.41 127.58 126.84 126.18 125.61 125.12 124.71 124.38
163.38 163.37 163.58 163.87 163.97 163.86 163.60 163.18 162.65 162.01 161.29 160.50 159.68 158.84 158.01 157.19 156.42 155.72 155.11 154.60 154.23 154.00 153.95 154.09 154.45 155.04 155.89 157.00 158.21 159.34 160.31 161.08 161.66 162.06 162.28 162.33 162.23 161.96 161.55 160.99 160.30 159.48 158.54 157.49 156.33 155.06 153.71 152.26 150.74 149.14 147.48 145.75 143.98 142.21 140.56 139.04 137.62 136.27 135.01 133.83 132.73 131.70 130.75 129.87 129.07 128.33 127.67 127.07 126.54 126.07 125.67
165.14 164.95 164.95 165.01 164.87 164.53 164.03 163.42 162.70 161.91 161.05 160.15 159.24 158.34 157.46 156.62 155.86 155.18 154.61 154.17 153.89 153.78 153.87 154.17 154.71 155.50 156.56 157.73 158.88 159.96 160.92 161.72 162.32 162.73 162.96 163.02 162.91 162.65 162.23 161.66 160.95 160.12 159.15 158.07 156.88 155.58 154.18 152.70 151.12 149.47 147.75 145.97 144.18 142.50 140.99 139.61 138.33 137.13 136.00 134.92 133.91 132.96 132.07 131.23 130.44 129.71 129.03 128.41 127.82 127.29 126.80
166.77 166.38 166.16 166.00 165.67 165.13 164.43 163.62 162.74 161.80 160.82 159.82 158.84 157.87 156.96 156.12 155.36 154.72 154.21 153.86 153.68 153.70 153.93 154.40 155.14 156.13 157.24 158.34 159.43 160.44 161.35 162.15 162.76 163.19 163.44 163.50 163.40 163.13 162.71 162.13 161.42 160.56 159.58 158.47 157.25 155.92 154.48 152.95 151.33 149.63 147.86 146.06 144.36 142.81 141.42 140.15 138.99 137.92 136.90 135.93 135.01 134.12 133.28 132.47 131.71 130.97 130.28 129.61 128.98 128.37 127.79
168.24 167.65 167.23 166.87 166.35 165.65 164.79 163.81 162.77 161.69 160.60 159.52 158.47 157.46 156.53 155.69 154.96 154.37 153.93 153.67 153.60 153.76 154.15 154.81 155.73 156.77 157.81 158.84 159.85 160.80 161.66 162.41 163.03 163.47 163.73 163.81 163.71 163.45 163.02 162.44 161.71 160.84 159.84 158.71 157.45 156.09 154.62 153.05 151.39 149.64 147.86 146.15 144.57 143.14 141.86 140.69 139.61 138.63 137.72 136.85 136.00 135.18 134.38 133.61 132.85 132.11 131.39 130.68 129.98 129.30 128.63
169.55 168.77 168.15 167.60 166.92 166.07 165.08 163.98 162.80 161.61 160.42 159.26 158.15 157.12 156.18 155.35 154.66 154.13 153.77 153.61 153.68 153.98 154.55 155.38 156.34 157.30 158.26 159.22 160.17 161.06 161.87 162.56 163.15 163.59 163.87 163.96 163.87 163.60 163.18 162.59 161.85 160.97 159.95 158.80 157.52 156.13 154.62 153.02 151.31 149.56 147.86 146.26 144.80 143.49 142.32 141.24 140.23 139.30 138.46 137.67 136.90 136.13 135.38 134.62 133.87 133.11 132.36 131.60 130.84 130.08 129.31
170.70 169.74 168.94 168.22 167.38 166.40 165.31 164.11 162.84 161.55 160.27 159.05 157.90 156.85 155.91 155.11 154.47 154.00 153.74 153.70 153.91 154.37 155.10 155.97 156.84 157.72 158.60 159.49 160.38 161.22 161.98 162.63 163.17 163.59 163.86 163.96 163.88 163.63 163.20 162.61 161.87 160.97 159.94 158.77 157.47 156.04 154.51 152.87 151.16 149.48 147.89 146.40 145.05 143.85 142.78 141.79 140.85 139.96 139.15 138.40 137.69 136.97 136.25 135.51 134.76 133.98 133.20 132.39 131.55 130.70 129.82
171.69 170.57 169.61 168.72 167.74 166.65 165.46 164.19 162.87 161.52 160.17 158.90 157.72 156.66 155.74 154.98 154.40 154.02 153.86 153.95 154.30 154.92 155.68 156.46 157.24 158.03 158.83 159.66 160.49 161.29 162.00 162.61 163.11 163.50 163.75 163.85 163.78 163.53 163.11 162.52 161.77 160.87 159.82 158.63 157.31 155.86 154.30 152.66 151.02 149.45 147.96 146.57 145.32 144.22 143.26 142.34 141.46 140.62 139.82 139.07 138.37 137.70 137.00 136.27 135.51 134.72 133.89 133.02 132.11 131.16 130.17
