data_processed/recharge/precip/Precip_2001_04.asc
ncols        168
nrows        136
xllcorner    455000
yllcorner    2107000
cellsize     500
NODATA_value     -99999
[rows 34 to 67 of 136, columns 77 to 153 of 168]
43.39 43.19 43.03 42.88 42.73 42.59 42.46 42.33 42.21 42.10 41.99 41.88 41.79 41.69 41.61 41.53 41.45 41.38 41.32 41.26 41.21 41.16 41.12 41.08 41.05 41.02 41.00 40.99 40.98 40.98 40.98 40.99 41.00 41.02 41.04 41.07 41.11 41.14 41.19 41.24 41.30 41.36 41.42 41.49 41.57 41.65 41.74 41.83 41.93 42.03 42.14 42.25 42.37 42.49 42.62 42.75 42.89 43.03 43.18 43.33 43.47 43.61 43.72 43.83 43.92 44.00 44.07 44.12 44.17 44.20 44.22 44.23 44.23 44.22 44.21 44.18 44.14
43.75 43.41 43.21 43.07 42.95 42.83 42.72 42.61 42.51 42.41 42.32 42.23 42.15 42.08 42.01 41.95 41.89 41.83 41.78 41.74 41.70 41.67 41.64 41.62 41.61 41.59 41.59 41.59 41.59 41.60 41.61 41.63 41.66 41.69 41.72 41.76 41.81 41.85 41.91 41.97 42.03 42.10 42.18 42.26 42.34 42.43 42.52 42.62 42.72 42.83 42.95 43.06 43.19 43.31 43.45 43.58 43.72 43.87 44.03 44.19 44.35 44.50 44.63 44.75 44.85 44.94 45.02 45.09 45.14 45.18 45.21 45.23 45.24 45.24 45.22 45.20 45.17
44.02 43.52 43.18 43.01 42.91 42.82 42.73 42.64 42.57 42.49 42.43 42.36 42.31 42.25 42.21 42.16 42.13 42.10 42.07 42.05 42.03 42.02 42.01 42.01 42.01 42.02 42.03 42.05 42.07 42.09 42.13 42.16 42.20 42.25 42.30 42.36 42.42 42.48 42.55 42.62 42.70 42.78 42.87 42.97 43.06 43.16 43.27 43.38 43.50 43.61 43.74 43.87 44.00 44.14 44.28 44.43 44.58 44.73 44.90 45.08 45.25 45.41 45.55 45.69 45.80 45.91 46.00 46.08 46.14 46.19 46.23 46.25 46.27 46.27 46.26 46.24 46.21
44.19 43.54 43.05 42.76 42.62 42.56 42.50 42.45 42.40 42.35 42.31 42.28 42.25 42.23 42.21 42.19 42.18 42.18 42.18 42.18 42.19 42.20 42.22 42.24 42.27 42.30 42.34 42.38 42.42 42.47 42.52 42.58 42.65 42.71 42.79 42.86 42.94 43.03 43.12 43.21 43.31 43.41 43.52 43.63 43.74 43.86 43.99 44.11 44.25 44.38 44.52 44.67 44.81 44.97 45.12 45.28 45.45 45.62 45.80 45.99 46.17 46.34 46.50 46.64 46.77 46.89 46.99 47.08 47.15 47.21 47.26 47.30 47.32 47.33 47.32 47.31 47.28
44.28 43.47 42.84 42.41 42.16 42.06 42.04 42.02 42.01 42.00 41.99 41.99 42.00 42.00 42.02 42.04 42.06 42.08 42.11 42.15 42.19 42.23 42.28 42.33 42.39 42.45 42.51 42.58 42.66 42.74 42.82 42.90 42.99 43.09 43.19 43.29 43.39 43.50 43.62 43.74 43.86 43.99 44.12 44.25 44.39 44.53 44.68 44.83 44.98 45.14 45.30 45.47 45.64 45.81 45.99 46.16 46.34 46.53 46.72 46.92 47.11 47.29 47.46 47.62 47.76 47.89 48.00 48.10 48.19 48.26 48.31 48.35 48.38 48.40 48.40 48.39 48.37
44.28 43.33 42.56 41.99 41.60 41.40 41.36 41.38 41.40 41.43 41.47 41.51 41.55 41.59 41.65 41.70 41.76 41.82 41.89 41.96 42.04 42.12 42.20 42.29 42.38 42.48 42.57 42.68 42.78 42.90 43.01 43.13 43.25 43.38 43.51 43.64 43.78 43.92 44.06 44.21 44.37 44.52 44.68 44.84 45.01 45.18 45.36 45.53 45.71 45.90 46.09 46.28 46.48 46.67 46.87 47.06 47.26 47.46 47.66 47.87 48.07 48.26 48.44 48.60 48.76 48.90 49.03 49.14 49.23 49.31 49.37 49.42 49.46 49.48 49.49 49.48 49.46
44.20 43.12 42.21 41.51 40.99 40.67 40.52 40.52 40.59 40.67 40.74 40.83 40.91 41.00 41.10 41.20 41.30 41.40 41.51 41.63 41.74 41.86 41.99 42.12 42.25 42.38 42.52 42.66 42.81 42.96 43.11 43.27 43.43 43.59 43.76 43.93 44.10 44.28 44.46 44.64 44.83 45.02 45.22 45.41 45.61 45.82 46.02 46.24 46.45 46.67 46.89 47.11 47.34 47.56 47.77 47.98 48.19 48.40 48.62 48.84 49.05 49.25 49.43 49.61 49.77 49.93 50.06 50.18 50.29 50.38 50.45 50.51 50.55 50.58 50.59 50.59 50.58
44.05 42.83 41.80 40.96 40.33 39.88 39.61 39.52 39.58 39.71 39.83 39.97 40.10 40.24 40.38 40.53 40.68 40.83 40.99 41.15 41.31 41.48 41.65 41.82 42.00 42.18 42.36 42.55 42.74 42.93 43.13 43.33 43.53 43.74 43.95 44.16 44.37 44.59 44.81 45.04 45.26 45.49 45.73 45.97 46.20 46.45 46.69 46.94 47.19 47.45 47.70 47.96 48.21 48.45 48.69 48.91 49.14 49.36 49.59 49.82 50.04 50.25 50.45 50.63 50.80 50.96 51.11 51.24 51.36 51.46 51.54 51.60 51.65 51.69 51.71 51.71 51.70
43.83 42.48 41.32 40.37 39.61 39.05 38.67 38.47 38.44 38.56 38.74 38.93 39.12 39.31 39.51 39.71 39.91 40.12 40.33 40.54 40.75 40.97 41.19 41.42 41.64 41.87 42.11 42.34 42.58 42.82 43.07 43.32 43.57 43.82 44.08 44.34 44.60 44.86 45.13 45.40 45.67 45.95 46.23 46.51 46.79 47.08 47.37 47.66 47.95 48.25 48.55 48.84 49.11 49.37 49.62 49.86 50.10 50.34 50.58 50.82 51.05 51.27 51.47 51.67 51.85 52.01 52.17 52.31 52.43 52.54 52.63 52.71 52.76 52.81 52.83 52.84 52.83
43.55 42.08 40.79 39.72 38.85 38.17 37.69 37.39 37.26 37.30 37.48 37.73 37.98 38.23 38.48 38.74 39.00 39.27 39.53 39.80 40.07 40.35 40.63 40.91 41.19 41.47 41.76 42.05 42.35 42.64 42.94 43.24 43.54 43.85 44.16 44.47 44.78 45.10 45.42 45.74 46.06 46.39 46.72 47.05 47.38 47.72 48.06 48.40 48.74 49.08 49.41 49.72 50.01 50.29 50.56 50.82 51.07 51.33 51.58 51.83 52.07 52.30 52.51 52.71 52.90 53.07 53.23 53.38 53.52 53.63 53.73 53.82 53.88 53.93 53.96 53.98 53.97
43.21 41.62 40.22 39.03 38.05 37.27 36.68 36.27 36.05 36.00 36.11 36.37 36.68 36.99 37.31 37.63 37.96 38.28 38.61 38.94 39.28 39.61 39.95 40.30 40.64 40.98 41.33 41.68 42.04 42.39 42.75 43.11 43.47 43.84 44.20 44.57 44.94 45.31 45.69 46.07 46.45 46.83 47.21 47.60 47.99 48.38 48.77 49.16 49.55 49.93 50.28 50.62 50.93 51.23 51.51 51.79 52.06 52.32 52.59 52.85 53.10 53.34 53.56 53.77 53.96 54.14 54.31 54.47 54.61 54.73 54.84 54.93 55.00 55.06 55.10 55.12 55.12
42.81 41.11 39.60 38.30 37.21 36.33 35.64 35.14 34.83 34.69 34.71 34.90 35.23 35.61 36.00 36.39 36.78 37.18 37.58 37.98 38.38 38.78 39.19 39.59 40.00 40.42 40.83 41.25 41.66 42.08 42.50 42.93 43.35 43.78 44.21 44.64 45.08 45.51 45.95 46.39 46.83 47.27 47.71 48.16 48.61 49.06 49.51 49.96 50.39 50.79 51.17 51.52 51.85 52.17 52.47 52.77 53.05 53.33 53.60 53.88 54.14 54.39 54.62 54.83 55.04 55.22 55.40 55.56 55.70 55.83 55.95 56.05 56.13 56.19 56.23 56.26 56.27
42.37 40.55 38.93 37.53 36.35 35.36 34.58 33.99 33.59 33.37 33.31 33.43 33.70 34.10 34.56 35.03 35.49 35.96 36.43 36.90 37.38 37.85 38.33 38.81 39.29 39.77 40.26 40.74 41.23 41.72 42.21 42.71 43.20 43.70 44.19 44.69 45.19 45.70 46.20 46.70 47.21 47.72 48.23 48.74 49.25 49.77 50.28 50.77 51.23 51.66 52.06 52.43 52.79 53.12 53.44 53.75 54.05 54.34 54.63 54.91 55.18 55.44 55.68 55.90 56.11 56.31 56.49 56.65 56.80 56.94 57.06 57.17 57.25 57.32 57.37 57.40 57.42
41.88 39.96 38.24 36.74 35.45 34.38 33.51 32.83 32.35 32.04 31.92 31.96 32.16 32.51 33.00 33.54 34.09 34.64 35.18 35.73 36.29 36.84 37.39 37.95 38.51 39.07 39.63 40.19 40.75 41.32 41.88 42.45 43.02 43.59 44.16 44.73 45.30 45.88 46.45 47.03 47.61 48.19 48.77 49.35 49.93 50.51 51.07 51.59 52.07 52.53 52.95 53.35 53.72 54.07 54.41 54.74 55.05 55.35 55.66 55.95 56.23 56.50 56.74 56.98 57.19 57.40 57.58 57.75 57.91 58.05 58.17 58.28 58.38 58.45 58.51 58.55 58.56
41.36 39.33 37.51 35.92 34.54 33.38 32.42 31.67 31.10 30.72 30.52 30.50 30.63 30.93 31.38 31.95 32.58 33.21 33.84 34.48 35.11 35.75 36.38 37.02 37.66 38.30 38.94 39.59 40.23 40.87 41.52 42.17 42.81 43.46 44.11 44.76 45.41 46.07 46.72 47.37 48.03 48.68 49.34 50.00 50.65 51.28 51.86 52.41 52.92 53.40 53.84 54.26 54.66 55.03 55.39 55.73 56.05 56.37 56.69 56.99 57.28 57.56 57.81 58.05 58.28 58.49 58.68 58.86 59.02 59.16 59.29 59.40 59.50 59.58 59.64 59.69 59.71
40.80 38.68 36.76 35.08 33.62 32.37 31.33 30.50 29.86 29.41 29.15 29.06 29.13 29.37 29.77 30.31 30.98 31.69 32.41 33.14 33.86 34.58 35.31 36.03 36.76 37.49 38.21 38.94 39.67 40.40 41.13 41.86 42.59 43.33 44.06 44.79 45.53 46.26 47.00 47.74 48.47 49.21 49.95 50.68 51.39 52.04 52.66 53.23 53.77 54.27 54.74 55.18 55.60 55.99 56.36 56.72 57.06 57.39 57.72 58.03 58.33 58.61 58.88 59.13 59.36 59.58 59.78 59.96 60.12 60.27 60.41 60.52 60.62 60.71 60.77 60.82 60.85
40.21 37.99 35.99 34.22 32.68 31.35 30.24 29.34 28.63 28.12 27.79 27.64 27.66 27.85 28.19 28.69 29.33 30.09 30.91 31.72 32.54 33.36 34.17 34.99 35.81 36.63 37.45 38.27 39.09 39.91 40.73 41.55 42.37 43.19 44.01 44.84 45.66 46.48 47.31 48.13 48.95 49.78 50.60 51.38 52.12 52.81 53.45 54.05 54.62 55.14 55.63 56.10 56.53 56.94 57.33 57.71 58.06 58.41 58.74 59.07 59.38 59.67 59.95 60.20 60.44 60.67 60.87 61.06 61.23 61.38 61.52 61.64 61.74 61.83 61.90 61.95 61.98
39.59 37.29 35.20 33.35 31.73 30.34 29.15 28.18 27.41 26.83 26.45 26.25 26.22 26.36 26.66 27.11 27.72 28.47 29.33 30.24 31.16 32.07 32.99 33.90 34.82 35.73 36.65 37.57 38.48 39.40 40.31 41.23 42.15 43.06 43.98 44.90 45.81 46.73 47.64 48.56 49.48 50.39 51.26 52.08 52.85 53.57 54.24 54.87 55.46 56.01 56.53 57.01 57.47 57.90 58.30 58.69 59.06 59.42 59.77 60.11 60.43 60.73 61.01 61.28 61.52 61.75 61.96 62.16 62.33 62.49 62.63 62.75 62.86 62.95 63.02 63.07 63.11
38.96 36.57 34.41 32.48 30.79 29.32 28.07 27.04 26.21 25.58 25.14 24.88 24.81 24.91 25.17 25.59 26.16 26.88 27.73 28.70 29.72 30.74 31.76 32.77 33.79 34.81 35.83 36.85 37.86 38.88 39.90 40.91 41.93 42.95 43.96 44.98 45.99 47.01 48.02 49.04 50.04 51.01 51.93 52.78 53.58 54.33 55.03 55.69 56.30 56.87 57.41 57.92 58.39 58.84 59.27 59.67 60.06 60.43 60.79 61.14 61.47 61.78 62.07 62.34 62.60 62.83 63.05 63.25 63.43 63.59 63.73 63.86 63.97 64.06 64.13 64.18 64.22
38.31 35.85 33.61 31.61 29.85 28.32 27.01 25.91 25.03 24.35 23.86 23.56 23.45 23.50 23.73 24.12 24.67 25.36 26.19 27.16 28.24 29.36 30.49 31.62 32.74 33.87 34.99 36.12 37.24 38.36 39.49 40.61 41.73 42.85 43.97 45.09 46.21 47.33 48.45 49.56 50.63 51.64 52.58 53.47 54.30 55.08 55.81 56.49 57.13 57.73 58.29 58.82 59.32 59.78 60.22 60.64 61.04 61.43 61.80 62.16 62.50 62.82 63.12 63.40 63.66 63.90 64.13 64.33 64.52 64.68 64.83 64.96 65.07 65.16 65.24 65.29 65.33
37.65 35.12 32.81 30.74 28.92 27.32 25.96 24.81 23.88 23.15 22.62 22.28 22.13 22.15 22.35 22.71 23.23 23.91 24.72 25.68 26.76 27.96 29.20 30.44 31.67 32.91 34.15 35.39 36.62 37.86 39.09 40.32 41.56 42.79 44.02 45.25 46.47 47.70 48.92 50.10 51.21 52.25 53.23 54.15 55.01 55.82 56.58 57.29 57.96 58.58 59.16 59.71 60.23 60.71 61.17 61.61 62.02 62.42 62.80 63.17 63.52 63.85 64.16 64.45 64.72 64.97 65.20 65.41 65.60 65.77 65.92 66.05 66.16 66.26 66.33 66.39 66.42
36.99 34.38 32.01 29.88 28.00 26.35 24.93 23.74 22.76 21.99 21.42 21.04 20.86 20.86 21.03 21.37 21.87 22.53 23.33 24.28 25.36 26.57 27.88 29.24 30.59 31.95 33.31 34.66 36.01 37.36 38.71 40.06 41.41 42.76 44.10 45.45 46.79 48.12 49.41 50.63 51.77 52.85 53.87 54.82 55.71 56.55 57.34 58.08 58.77 59.42 60.02 60.59 61.13 61.63 62.11 62.56 62.99 63.40 63.79 64.17 64.53 64.87 65.19 65.48 65.76 66.02 66.25 66.47 66.66 66.84 66.99 67.13 67.24 67.34 67.41 67.47 67.51
36.32 33.66 31.22 29.04 27.10 25.40 23.93 22.69 21.67 20.87 20.26 19.86 19.65 19.62 19.77 20.10 20.59 21.23 22.03 22.97 24.05 25.26 26.60 28.03 29.51 30.99 32.47 33.94 35.42 36.89 38.36 39.83 41.30 42.77 44.24 45.70 47.15 48.56 49.89 51.15 52.33 53.44 54.49 55.48 56.40 57.27 58.09 58.85 59.57 60.24 60.87 61.46 62.02 62.54 63.03 63.50 63.94 64.37 64.77 65.16 65.53 65.88 66.20 66.51 66.79 67.05 67.30 67.52 67.72 67.90 68.06 68.19 68.31 68.41 68.49 68.54 68.58
35.66 32.94 30.45 28.21 26.22 24.48 22.97 21.69 20.63 19.79 19.16 18.73 18.50 18.45 18.59 18.90 19.38 20.02 20.81 21.76 22.84 24.06 25.40 26.87 28.44 30.04 31.65 33.25 34.85 36.45 38.05 39.65 41.24 42.83 44.43 46.01 47.54 48.98 50.35 51.65 52.87 54.02 55.10 56.12 57.08 57.98 58.82 59.61 60.35 61.05 61.70 62.31 62.89 63.43 63.94 64.43 64.88 65.32 65.74 66.14 66.51 66.87 67.20 67.52 67.81 68.08 68.32 68.55 68.76 68.94 69.10 69.24 69.36 69.46 69.54 69.60 69.63
35.02 32.24 29.69 27.41 25.38 23.59 22.04 20.73 19.64 18.77 18.12 17.67 17.41 17.35 17.48 17.78 18.26 18.89 19.69 20.64 21.73 22.96 24.32 25.81 27.41 29.11 30.85 32.58 34.32 36.05 37.78 39.51 41.23 42.96 44.67 46.33 47.90 49.39 50.80 52.14 53.39 54.58 55.70 56.75 57.73 58.66 59.53 60.35 61.12 61.84 62.52 63.15 63.75 64.31 64.84 65.33 65.81 66.26 66.68 67.09 67.48 67.85 68.19 68.51 68.81 69.08 69.34 69.57 69.78 69.96 70.13 70.27 70.40 70.50 70.58 70.63 70.67
34.38 31.55 28.96 26.63 24.56 22.74 21.16 19.82 18.70 17.81 17.13 16.67 16.40 16.33 16.45 16.75 17.22 17.86 18.67 19.63 20.73 21.98 23.36 24.87 26.50 28.24 30.08 31.95 33.82 35.69 37.56 39.42 41.29 43.14 44.93 46.64 48.25 49.78 51.23 52.60 53.90 55.12 56.27 57.35 58.37 59.33 60.23 61.08 61.87 62.62 63.31 63.97 64.59 65.16 65.71 66.22 66.71 67.17 67.61 68.03 68.43 68.80 69.15 69.48 69.79 70.07 70.33 70.56 70.78 70.97 71.14 71.29 71.41 71.51 71.59 71.65 71.69
33.77 30.89 28.26 25.89 23.79 21.93 20.32 18.95 17.82 16.91 16.22 15.74 15.46 15.39 15.50 15.80 16.28 16.93 17.75 18.72 19.85 21.11 22.52 24.06 25.72 27.49 29.38 31.36 33.37 35.39 37.40 39.40 41.40 43.33 45.17 46.92 48.58 50.16 51.65 53.05 54.38 55.64 56.83 57.94 58.99 59.98 60.91 61.78 62.60 63.37 64.09 64.77 65.40 66.00 66.56 67.09 67.59 68.07 68.52 68.95 69.36 69.74 70.10 70.43 70.74 71.03 71.30 71.54 71.76 71.96 72.13 72.28 72.41 72.51 72.59 72.65 72.69
33.18 30.26 27.59 25.19 23.05 21.17 19.54 18.15 17.00 16.07 15.37 14.88 14.60 14.53 14.65 14.95 15.44 16.11 16.94 17.93 19.08 20.37 21.81 23.38 25.07 26.89 28.82 30.86 32.98 35.14 37.30 39.44 41.52 43.51 45.40 47.19 48.89 50.50 52.03 53.48 54.85 56.14 57.36 58.51 59.59 60.61 61.56 62.46 63.31 64.10 64.84 65.54 66.20 66.81 67.39 67.94 68.45 68.94 69.40 69.84 70.26 70.65 71.02 71.36 71.68 71.98 72.25 72.49 72.72 72.92 73.09 73.25 73.38 73.48 73.56 73.62 73.66
32.62 29.67 26.96 24.53 22.37 20.46 18.81 17.41 16.24 15.31 14.60 14.11 13.83 13.76 13.89 14.20 14.71 15.39 16.24 17.26 18.43 19.76 21.22 22.83 24.57 26.43 28.41 30.50 32.69 34.96 37.26 39.50 41.63 43.66 45.59 47.43 49.17 50.83 52.40 53.88 55.29 56.61 57.87 59.05 60.16 61.21 62.19 63.12 63.99 64.81 65.57 66.29 66.97 67.60 68.20 68.76 69.29 69.79 70.26 70.71 71.14 71.54 71.91 72.27 72.59 72.89 73.17 73.42 73.65 73.85 74.03 74.19 74.32 74.43 74.51 74.57 74.61
32.09 29.11 26.38 23.92 21.74 19.81 18.15 16.73 15.56 14.62 13.91 13.42 13.15 13.09 13.22 13.56 14.08 14.78 15.66 16.70 17.91 19.27 20.78 22.43 24.21 26.12 28.15 30.30 32.55 34.89 37.24 39.53 41.71 43.79 45.77 47.65 49.43 51.13 52.74 54.26 55.70 57.06 58.35 59.56 60.71 61.79 62.80 63.75 64.65 65.49 66.28 67.02 67.71 68.37 68.98 69.55 70.10 70.61 71.10 71.56 71.99 72.40 72.78 73.14 73.48 73.78 74.07 74.32 74.56 74.76 74.95 75.11 75.24 75.35 75.43 75.49 75.53
31.60 28.59 25.84 23.36 21.16 19.23 17.55 16.13 14.95 14.01 13.31 12.82 12.56 12.51 12.67 13.02 13.57 14.30 15.20 16.28 17.53 18.93 20.48 22.17 24.01 25.97 28.06 30.26 32.56 34.90 37.23 39.54 41.76 43.89 45.91 47.83 49.66 51.40 53.05 54.61 56.09 57.49 58.81 60.05 61.23 62.33 63.38 64.36 65.28 66.14 66.95 67.71 68.43 69.10 69.73 70.32 70.88 71.40 71.90 72.37 72.82 73.23 73.63 73.99 74.33 74.65 74.93 75.20 75.43 75.65 75.83 75.99 76.13 76.24 76.32 76.38 76.42
31.16 28.13 25.36 22.87 20.65 18.71 17.03 15.60 14.42 13.49 12.79 12.32 12.08 12.04 12.22 12.60 13.17 13.93 14.87 15.99 17.28 18.72 20.32 22.07 23.96 25.98 28.13 30.38 32.69 34.98 37.27 39.54 41.79 43.96 46.02 47.99 49.87 51.64 53.33 54.93 56.44 57.88 59.23 60.51 61.72 62.85 63.92 64.93 65.88 66.76 67.60 68.38 69.11 69.80 70.45 71.06 71.63 72.17 72.68 73.16 73.61 74.04 74.44 74.81 75.16 75.48 75.77 76.04 76.28 76.50 76.69 76.85 76.99 77.10 77.18 77.25 77.28
30.77 27.72 24.93 22.43 20.21 18.26 16.58 15.15 13.98 13.06 12.37 11.92 11.69 11.68 11.89 12.29 12.90 13.70 14.68 15.84 17.17 18.66 20.32 22.12 24.07 26.15 28.36 30.61 32.87 35.12 37.36 39.60 41.81 44.00 46.11 48.12 50.03 51.85 53.58 55.22 56.77 58.24 59.62 60.94 62.17 63.34 64.44 65.47 66.44 67.35 68.21 69.01 69.77 70.48 71.14 71.76 72.35 72.90 73.42 73.91 74.37 74.81 75.21 75.59 75.95 76.28 76.57 76.85 77.09 77.31 77.51 77.67 77.81 77.93 78.01 78.07 78.11
30.42 27.36 24.57 22.06 19.84 17.89 16.21 14.80 13.64 12.73 12.06 11.62 11.42 11.44 11.67 12.11 12.76 13.60 14.62 15.83 17.21 18.76 20.47 22.33 24.35 26.49 28.68 30.89 33.10 35.31 37.51 39.70 41.87 44.03 46.16 48.21 50.17 52.03 53.80 55.47 57.06 58.56 59.98 61.33 62.60 63.79 64.92 65.98 66.97 67.91 68.79 69.61 70.39 71.11 71.79 72.43 73.03 73.60 74.13 74.63 75.10 75.54 75.96 76.35 76.71 77.04 77.34 77.62 77.87 78.10 78.29 78.46 78.60 78.72 78.81 78.87 78.90
