data_processed/recharge/precip/Precip_2002_06.asc
ncols        168
nrows        136
xllcorner    455000
yllcorner    2107000
cellsize     500
NODATA_value     -99999
[rows 66 to 98 of 136, columns 74 to 147 of 168]
75.44 73.34 71.22 69.09 66.92 64.72 62.50 60.24 57.95 55.63 53.26 50.89 48.57 46.35 44.23 42.24 40.40 38.75 37.31 36.09 35.11 34.36 33.86 33.63 33.66 33.98 34.56 35.24 35.97 36.74 37.54 38.39 39.27 40.20 41.16 42.17 43.22 44.32 45.50 46.75 48.07 49.45 50.92 52.50 54.19 55.97 57.87 59.86 61.94 64.13 66.40 68.77 71.18 73.54 75.82 78.04 80.20 82.31 84.38 86.41 88.41 90.38 92.33 94.21 95.96 97.57 99.01 100.32 101.58 102.80 103.97 105.06 106.05 106.93
74.43 72.37 70.31 68.23 66.13 64.01 61.87 59.71 57.53 55.32 53.08 50.81 48.54 46.34 44.24 42.29 40.50 38.91 37.52 36.35 35.39 34.66 34.18 33.95 33.98 34.28 34.84 35.51 36.22 36.96 37.75 38.58 39.45 40.36 41.31 42.30 43.33 44.41 45.54 46.75 48.03 49.41 50.91 52.52 54.24 56.07 58.01 60.05 62.20 64.45 66.79 69.23 71.72 74.12 76.44 78.66 80.81 82.89 84.89 86.84 88.74 90.59 92.39 94.16 95.83 97.35 98.74 100.08 101.41 102.68 103.90 105.03 106.05 106.95
73.37 71.35 69.33 67.31 65.27 63.23 61.18 59.12 57.04 54.95 52.84 50.71 48.55 46.41 44.36 42.47 40.74 39.21 37.86 36.71 35.78 35.07 34.60 34.37 34.39 34.68 35.21 35.85 36.54 37.26 38.02 38.83 39.67 40.56 41.49 42.46 43.48 44.54 45.64 46.80 48.07 49.46 50.97 52.60 54.35 56.21 58.18 60.27 62.46 64.76 67.16 69.67 72.21 74.66 76.99 79.21 81.34 83.36 85.30 87.16 88.94 90.65 92.29 93.89 95.42 96.88 98.31 99.73 101.12 102.45 103.71 104.88 105.94 106.87
72.27 70.29 68.32 66.35 64.39 62.43 60.46 58.50 56.52 54.55 52.56 50.57 48.56 46.56 44.61 42.78 41.11 39.62 38.31 37.20 36.29 35.59 35.12 34.88 34.89 35.16 35.67 36.28 36.93 37.62 38.35 39.13 39.95 40.81 41.72 42.67 43.66 44.69 45.78 46.94 48.20 49.58 51.10 52.74 54.50 56.38 58.37 60.49 62.72 65.06 67.51 70.06 72.66 75.14 77.48 79.69 81.77 83.74 85.59 87.34 89.00 90.56 92.03 93.43 94.81 96.26 97.77 99.26 100.72 102.11 103.42 104.63 105.72 106.68
71.16 69.22 67.30 65.39 63.49 61.61 59.73 57.86 56.00 54.14 52.28 50.42 48.58 46.76 44.97 43.23 41.61 40.16 38.88 37.79 36.90 36.21 35.74 35.49 35.48 35.72 36.20 36.77 37.38 38.04 38.75 39.49 40.28 41.11 41.98 42.90 43.87 44.88 45.96 47.13 48.40 49.78 51.28 52.92 54.68 56.57 58.58 60.71 62.96 65.33 67.82 70.42 73.05 75.55 77.88 80.07 82.10 84.00 85.76 87.40 88.91 90.31 91.61 92.85 94.16 95.59 97.12 98.68 100.20 101.65 103.01 104.27 105.39 106.37
70.07 68.16 66.29 64.44 62.62 60.81 59.02 57.25 55.49 53.75 52.02 50.31 48.63 46.98 45.37 43.77 42.23 40.82 39.57 38.50 37.61 36.93 36.45 36.19 36.16 36.37 36.80 37.33 37.91 38.53 39.19 39.90 40.65 41.45 42.29 43.17 44.11 45.11 46.20 47.38 48.66 50.03 51.52 53.14 54.89 56.78 58.79 60.93 63.20 65.58 68.09 70.72 73.38 75.88 78.21 80.35 82.33 84.14 85.80 87.31 88.68 89.91 91.06 92.25 93.54 94.93 96.41 97.98 99.56 101.08 102.49 103.79 104.95 105.95
69.02 67.15 65.33 63.54 61.78 60.05 58.35 56.68 55.03 53.40 51.81 50.25 48.73 47.24 45.78 44.35 42.94 41.59 40.37 39.31 38.43 37.74 37.26 36.98 36.92 37.09 37.48 37.97 38.50 39.07 39.69 40.36 41.07 41.82 42.62 43.47 44.39 45.39 46.48 47.66 48.94 50.31 51.79 53.39 55.13 57.00 59.00 61.14 63.40 65.80 68.32 70.96 73.64 76.14 78.44 80.54 82.44 84.16 85.70 87.07 88.28 89.38 90.50 91.69 92.96 94.30 95.73 97.23 98.81 100.38 101.85 103.19 104.38 105.42
68.02 66.20 64.42 62.69 61.01 59.36 57.75 56.17 54.63 53.13 51.67 50.25 48.87 47.53 46.21 44.93 43.68 42.45 41.28 40.23 39.35 38.66 38.15 37.85 37.76 37.89 38.23 38.66 39.15 39.67 40.24 40.86 41.53 42.23 42.99 43.82 44.73 45.72 46.80 47.97 49.24 50.61 52.08 53.67 55.37 57.22 59.20 61.32 63.58 65.97 68.49 71.14 73.82 76.31 78.57 80.61 82.43 84.05 85.46 86.69 87.77 88.86 90.00 91.18 92.43 93.73 95.09 96.52 98.02 99.57 101.08 102.47 103.70 104.76
67.12 65.34 63.61 61.94 60.32 58.75 57.23 55.76 54.33 52.95 51.61 50.32 49.07 47.85 46.67 45.53 44.41 43.32 42.26 41.25 40.37 39.66 39.14 38.80 38.67 38.76 39.04 39.43 39.85 40.33 40.85 41.41 42.02 42.68 43.41 44.22 45.10 46.08 47.14 48.30 49.55 50.91 52.37 53.94 55.62 57.43 59.38 61.48 63.71 66.09 68.60 71.25 73.92 76.38 78.59 80.56 82.29 83.79 85.07 86.19 87.28 88.40 89.55 90.73 91.95 93.21 94.51 95.86 97.26 98.71 100.19 101.62 102.89 103.99
66.33 64.59 62.92 61.31 59.76 58.27 56.83 55.46 54.13 52.86 51.63 50.45 49.32 48.22 47.16 46.13 45.14 44.18 43.25 42.34 41.48 40.76 40.21 39.84 39.67 39.70 39.93 40.25 40.62 41.03 41.49 42.00 42.56 43.18 43.88 44.65 45.51 46.46 47.50 48.63 49.86 51.20 52.64 54.19 55.85 57.63 59.54 61.60 63.80 66.15 68.64 71.28 73.93 76.35 78.51 80.39 82.02 83.39 84.58 85.72 86.86 88.01 89.17 90.35 91.55 92.77 94.01 95.27 96.57 97.90 99.27 100.65 101.96 103.08
65.69 63.98 62.36 60.81 59.33 57.92 56.57 55.29 54.05 52.87 51.75 50.66 49.63 48.63 47.68 46.76 45.88 45.03 44.21 43.42 42.65 41.94 41.36 40.95 40.73 40.71 40.87 41.13 41.43 41.78 42.18 42.63 43.14 43.72 44.38 45.12 45.95 46.86 47.87 48.97 50.17 51.47 52.88 54.40 56.04 57.79 59.67 61.68 63.84 66.15 68.61 71.21 73.84 76.21 78.29 80.09 81.60 82.89 84.12 85.32 86.52 87.70 88.88 90.05 91.22 92.40 93.58 94.76 95.96 97.17 98.40 99.65 100.90 102.05
65.20 63.54 61.97 60.48 59.07 57.73 56.46 55.25 54.09 52.99 51.95 50.95 50.00 49.10 48.24 47.41 46.63 45.88 45.16 44.47 43.81 43.17 42.59 42.14 41.87 41.78 41.88 42.07 42.30 42.58 42.91 43.31 43.77 44.31 44.92 45.62 46.40 47.27 48.23 49.29 50.45 51.72 53.09 54.57 56.17 57.89 59.73 61.70 63.81 66.08 68.49 71.06 73.64 75.96 77.95 79.64 81.09 82.44 83.75 85.03 86.27 87.49 88.68 89.84 90.99 92.12 93.24 94.35 95.44 96.54 97.63 98.72 99.81 100.90
64.90 63.28 61.76 60.33 58.99 57.71 56.50 55.35 54.26 53.22 52.25 51.32 50.45 49.62 48.83 48.09 47.39 46.72 46.09 45.49 44.93 44.38 43.86 43.40 43.07 42.92 42.94 43.05 43.21 43.42 43.69 44.03 44.44 44.92 45.48 46.12 46.85 47.67 48.59 49.60 50.71 51.93 53.26 54.70 56.25 57.93 59.73 61.66 63.72 65.92 68.28 70.80 73.33 75.57 77.48 79.11 80.63 82.09 83.49 84.83 86.13 87.38 88.58 89.74 90.86 91.95 93.00 94.03 95.02 96.00 96.95 97.88 98.80 99.71
64.82 63.24 61.77 60.39 59.09 57.85 56.69 55.59 54.55 53.57 52.64 51.78 50.96 50.20 49.48 48.80 48.17 47.58 47.02 46.50 46.00 45.54 45.11 44.70 44.34 44.12 44.06 44.10 44.18 44.32 44.52 44.79 45.13 45.55 46.05 46.64 47.31 48.07 48.92 49.88 50.93 52.10 53.37 54.76 56.26 57.89 59.64 61.51 63.53 65.67 67.97 70.43 72.90 75.06 76.92 78.65 80.29 81.85 83.34 84.75 86.10 87.38 88.59 89.75 90.84 91.89 92.88 93.82 94.71 95.57 96.38 97.16 97.90 98.62
64.97 63.43 62.00 60.65 59.38 58.17 57.04 55.97 54.97 54.03 53.15 52.32 51.55 50.84 50.17 49.55 48.97 48.43 47.94 47.48 47.05 46.66 46.29 45.95 45.64 45.38 45.24 45.18 45.19 45.25 45.38 45.58 45.85 46.20 46.63 47.14 47.75 48.44 49.23 50.12 51.11 52.21 53.42 54.75 56.19 57.76 59.45 61.27 63.23 65.32 67.55 69.94 72.34 74.47 76.44 78.31 80.08 81.74 83.32 84.80 86.20 87.50 88.73 89.88 90.95 91.95 92.87 93.73 94.53 95.26 95.94 96.55 97.12 97.64
65.38 63.87 62.45 61.11 59.85 58.66 57.55 56.50 55.52 54.61 53.76 52.96 52.23 51.54 50.91 50.33 49.80 49.31 48.86 48.44 48.07 47.73 47.42 47.14 46.88 46.65 46.47 46.33 46.25 46.23 46.28 46.39 46.59 46.86 47.21 47.64 48.17 48.79 49.50 50.32 51.24 52.27 53.41 54.66 56.04 57.54 59.16 60.92 62.81 64.84 67.01 69.32 71.70 73.96 76.09 78.10 79.99 81.76 83.42 84.97 86.42 87.76 89.00 90.13 91.18 92.13 92.99 93.77 94.46 95.08 95.61 96.07 96.46 96.78
65.94 64.44 63.02 61.69 60.43 59.25 58.14 57.11 56.14 55.25 54.41 53.64 52.93 52.27 51.67 51.12 50.62 50.16 49.75 49.38 49.05 48.75 48.49 48.25 48.05 47.91 47.92 47.80 47.61 47.49 47.43 47.45 47.54 47.71 47.96 48.29 48.72 49.24 49.86 50.58 51.41 52.35 53.39 54.56 55.84 57.25 58.79 60.46 62.26 64.20 66.29 68.53 70.90 73.31 75.60 77.75 79.77 81.65 83.39 85.01 86.50 87.87 89.11 90.24 91.26 92.16 92.96 93.65 94.24 94.73 95.12 95.42 95.63 95.76
66.51 65.00 63.58 62.25 60.99 59.82 58.72 57.69 56.74 55.86 55.04 54.29 53.59 52.96 52.38 51.86 51.39 50.96 50.59 50.25 49.96 49.71 49.49 49.30 49.18 49.31 49.69 49.82 49.60 49.34 49.14 49.01 48.96 48.99 49.10 49.30 49.59 49.97 50.46 51.04 51.74 52.54 53.46 54.49 55.64 56.92 58.33 59.88 61.55 63.37 65.35 67.50 69.81 72.23 74.65 76.94 79.07 81.05 82.88 84.56 86.09 87.48 88.74 89.85 90.84 91.69 92.42 93.02 93.50 93.87 94.11 94.25 94.28 94.20
67.05 65.54 64.13 62.79 61.54 60.36 59.27 58.25 57.31 56.43 55.63 54.89 54.22 53.61 53.05 52.55 52.11 51.72 51.37 51.07 50.81 50.60 50.42 50.32 50.46 50.95 51.68 52.12 52.10 51.75 51.37 51.06 50.83 50.68 50.61 50.63 50.74 50.95 51.26 51.67 52.19 52.81 53.56 54.42 55.41 56.52 57.76 59.13 60.64 62.32 64.20 66.27 68.50 70.85 73.28 75.68 77.93 80.00 81.91 83.64 85.22 86.63 87.89 88.99 89.93 90.73 91.39 91.90 92.27 92.50 92.60 92.57 92.41 92.12
67.57 66.06 64.65 63.31 62.06 60.89 59.79 58.78 57.84 56.98 56.19 55.46 54.81 54.21 53.68 53.20 52.78 52.42 52.10 51.84 51.62 51.44 51.34 51.48 51.97 52.80 53.86 54.59 54.81 54.60 54.09 53.56 53.10 52.73 52.44 52.24 52.13 52.12 52.21 52.41 52.71 53.12 53.65 54.30 55.08 55.98 57.01 58.17 59.51 61.07 62.87 64.86 67.02 69.30 71.66 74.06 76.39 78.56 80.53 82.33 83.94 85.37 86.62 87.70 88.60 89.34 89.92 90.33 90.59 90.69 90.63 90.43 90.08 89.60
68.06 66.56 65.15 63.82 62.57 61.40 60.30 59.29 58.36 57.50 56.72 56.01 55.36 54.79 54.27 53.82 53.42 53.08 52.79 52.55 52.37 52.26 52.39 52.87 53.69 54.83 56.18 57.18 57.62 57.59 57.15 56.45 55.73 55.09 54.54 54.08 53.71 53.44 53.27 53.21 53.26 53.42 53.69 54.09 54.61 55.26 56.04 56.99 58.21 59.68 61.39 63.31 65.40 67.61 69.89 72.21 74.54 76.77 78.82 80.66 82.30 83.75 84.99 86.05 86.91 87.59 88.08 88.40 88.53 88.49 88.28 87.90 87.37 86.88
68.54 67.04 65.63 64.30 63.06 61.89 60.80 59.79 58.86 58.01 57.23 56.53 55.89 55.33 54.83 54.39 54.02 53.70 53.44 53.23 53.11 53.22 53.68 54.48 55.60 57.02 58.64 59.86 60.50 60.62 60.29 59.59 58.66 57.72 56.86 56.10 55.43 54.86 54.39 54.03 53.78 53.64 53.62 53.72 53.95 54.31 54.85 55.67 56.79 58.18 59.81 61.65 63.67 65.81 68.02 70.26 72.52 74.73 76.83 78.72 80.38 81.84 83.07 84.10 84.91 85.53 85.93 86.14 86.16 85.97 85.60 85.06 84.52 84.25
68.99 67.49 66.08 64.76 63.53 62.37 61.29 60.28 59.35 58.50 57.72 57.03 56.40 55.85 55.36 54.94 54.59 54.29 54.05 53.90 53.99 54.42 55.18 56.27 57.65 59.33 61.18 62.60 63.40 63.65 63.41 62.76 61.76 60.55 59.36 58.25 57.24 56.33 55.52 54.82 54.23 53.76 53.40 53.17 53.06 53.14 53.53 54.26 55.28 56.59 58.14 59.92 61.87 63.93 66.07 68.24 70.42 72.56 74.62 76.54 78.23 79.69 80.91 81.91 82.67 83.21 83.53 83.63 83.52 83.19 82.67 82.12 81.79 81.74
69.42 67.93 66.52 65.21 63.97 62.82 61.75 60.75 59.83 58.98 58.21 57.51 56.90 56.35 55.88 55.47 55.13 54.85 54.66 54.72 55.11 55.83 56.87 58.21 59.83 61.73 63.78 65.37 66.30 66.64 66.46 65.83 64.81 63.49 61.98 60.49 59.09 57.80 56.61 55.53 54.56 53.71 52.98 52.37 51.95 51.87 52.16 52.79 53.73 54.95 56.43 58.13 60.01 62.01 64.08 66.18 68.28 70.34 72.33 74.21 75.91 77.37 78.58 79.53 80.24 80.71 80.93 80.92 80.68 80.22 79.70 79.35 79.23 79.38
69.84 68.34 66.94 65.63 64.40 63.26 62.20 61.21 60.30 59.45 58.68 57.99 57.38 56.84 56.37 55.98 55.65 55.42 55.43 55.77 56.44 57.42 58.70 60.26 62.10 64.19 66.41 68.14 69.17 69.58 69.42 68.78 67.71 66.30 64.61 62.76 60.94 59.23 57.61 56.11 54.72 53.45 52.30 51.35 50.76 50.58 50.76 51.30 52.15 53.29 54.69 56.33 58.15 60.08 62.08 64.11 66.13 68.12 70.04 71.84 73.49 74.94 76.12 77.04 77.69 78.08 78.20 78.08 77.71 77.25 76.92 76.78 76.86 77.18
70.23 68.73 67.34 66.03 64.81 63.68 62.63 61.65 60.75 59.91 59.15 58.46 57.85 57.31 56.85 56.47 56.18 56.14 56.42 57.03 57.95 59.16 60.65 62.41 64.42 66.67 69.03 70.87 71.98 72.42 72.26 71.57 70.43 68.90 67.05 64.96 62.74 60.56 58.48 56.52 54.67 52.94 51.41 50.27 49.57 49.28 49.37 49.81 50.58 51.64 52.97 54.54 56.29 58.16 60.09 62.06 64.01 65.93 67.77 69.49 71.07 72.46 73.61 74.48 75.06 75.37 75.40 75.16 74.81 74.54 74.40 74.44 74.68 75.13
70.60 69.10 67.71 66.41 65.20 64.08 63.03 62.07 61.18 60.36 59.61 58.93 58.32 57.78 57.33 56.98 56.87 57.09 57.62 58.47 59.60 61.01 62.68 64.61 66.77 69.15 71.62 73.54 74.69 75.13 74.94 74.18 72.93 71.25 69.22 66.90 64.37 61.74 59.16 56.69 54.34 52.20 50.48 49.23 48.42 48.03 48.02 48.37 49.05 50.04 51.29 52.80 54.49 56.30 58.16 60.06 61.95 63.79 65.55 67.20 68.70 70.01 71.10 71.91 72.43 72.65 72.59 72.37 72.19 72.11 72.14 72.33 72.69 73.26
70.95 69.46 68.07 66.78 65.57 64.46 63.42 62.47 61.60 60.79 60.06 59.39 58.79 58.25 57.83 57.65 57.79 58.24 59.00 60.05 61.37 62.95 64.77 66.83 69.11 71.59 74.14 76.11 77.27 77.68 77.43 76.57 75.17 73.32 71.07 68.51 65.69 62.69 59.61 56.60 53.81 51.46 49.62 48.25 47.33 46.84 46.73 47.00 47.60 48.50 49.69 51.13 52.77 54.51 56.32 58.15 59.97 61.74 63.43 65.01 66.43 67.66 68.67 69.41 69.86 70.00 69.95 69.90 69.90 69.98 70.15 70.46 70.92 71.56
71.28 69.79 68.41 67.12 65.92 64.82 63.80 62.86 61.99 61.21 60.49 59.84 59.25 58.76 58.49 58.54 58.91 59.57 60.52 61.74 63.22 64.94 66.89 69.05 71.42 73.97 76.57 78.55 79.69 80.05 79.70 78.71 77.14 75.08 72.59 69.74 66.60 63.24 59.74 56.29 53.28 50.80 48.84 47.36 46.34 45.75 45.55 45.73 46.25 47.08 48.20 49.58 51.16 52.84 54.59 56.36 58.11 59.82 61.44 62.94 64.28 65.44 66.36 67.03 67.40 67.57 67.68 67.80 67.95 68.15 68.44 68.83 69.36 70.06
71.59 70.11 68.73 67.45 66.26 65.16 64.15 63.22 62.37 61.60 60.90 60.27 59.73 59.41 59.37 59.64 60.20 61.04 62.15 63.52 65.12 66.95 68.99 71.23 73.65 76.24 78.86 80.84 81.92 82.19 81.72 80.56 78.80 76.50 73.73 70.57 67.08 63.34 59.53 55.98 52.87 50.27 48.19 46.60 45.48 44.79 44.50 44.59 45.03 45.79 46.85 48.17 49.69 51.32 53.01 54.71 56.40 58.04 59.59 61.02 62.29 63.37 64.22 64.81 65.21 65.54 65.82 66.08 66.34 66.65 67.01 67.47 68.04 68.75
71.88 70.40 69.03 67.75 66.57 65.48 64.49 63.57 62.74 61.98 61.30 60.71 60.34 60.25 60.45 60.91 61.64 62.63 63.87 65.35 67.04 68.95 71.05 73.34 75.78 78.38 80.99 82.92 83.93 84.09 83.45 82.11 80.11 77.55 74.47 70.97 67.10 63.07 59.22 55.71 52.59 49.90 47.70 46.00 44.78 43.99 43.61 43.62 43.98 44.68 45.67 46.93 48.40 49.97 51.60 53.25 54.87 56.45 57.93 59.30 60.50 61.50 62.28 62.89 63.44 63.93 64.36 64.74 65.09 65.47 65.88 66.36 66.94 67.64
72.15 70.68 69.31 68.04 66.87 65.79 64.80 63.90 63.08 62.34 61.70 61.28 61.14 61.27 61.67 62.31 63.18 64.29 65.63 67.19 68.96 70.91 73.04 75.34 77.78 80.36 82.93 84.79 85.69 85.69 84.88 83.30 81.05 78.19 74.78 70.90 66.76 62.73 58.97 55.51 52.41 49.68 47.40 45.59 44.27 43.38 42.92 42.85 43.14 43.76 44.69 45.89 47.31 48.83 50.40 51.99 53.56 55.07 56.49 57.79 58.92 59.86 60.65 61.39 62.09 62.73 63.29 63.78 64.21 64.62 65.05 65.54 66.10 66.76
72.40 70.93 69.57 68.31 67.15 66.08 65.10 64.21 63.41 62.71 62.23 62.02 62.09 62.42 62.99 63.78 64.79 66.00 67.41 69.03 70.83 72.80 74.93 77.21 79.62 82.15 84.65 86.40 87.16 86.99 85.95 84.13 81.58 78.39 74.62 70.48 66.38 62.48 58.81 55.42 52.35 49.63 47.30 45.41 43.98 43.00 42.46 42.30 42.52 43.08 43.94 45.09 46.46 47.93 49.45 50.98 52.49 53.94 55.30 56.53 57.60 58.55 59.45 60.32 61.14 61.90 62.58 63.18 63.68 64.11 64.54 64.99 65.50 66.09
