data_processed/recharge/precip/Precip_2003_04.asc
ncols        168
nrows        136
xllcorner    455000
yllcorner    2107000
cellsize     500
NODATA_value     -99999
[rows 34 to 67 of 136, columns 77 to 153 of 168]
17.62 16.42 15.33 14.36 13.51 12.77 12.14 11.62 11.19 10.87 10.64 10.50 10.45 10.49 10.61 10.80 11.07 11.41 11.82 12.28 12.78 13.29 13.81 14.29 14.70 15.04 15.34 15.61 15.88 16.15 16.42 16.68 16.94 17.19 17.44 17.68 17.92 18.16 18.39 18.61 18.83 19.04 19.25 19.45 19.64 19.80 19.93 20.00 20.03 20.06 20.11 20.19 20.27 20.35 20.43 20.51 20.59 20.66 20.73 20.81 20.88 20.95 21.02 21.09 21.16 21.23 21.30 21.37 21.44 21.52 21.60 21.69 21.80 21.91 22.00 22.03 22.00
17.39 16.17 15.03 14.02 13.12 12.35 11.69 11.14 10.70 10.37 10.13 10.00 9.95 10.00 10.14 10.36 10.66 11.04 11.48 11.97 12.49 13.03 13.57 14.08 14.52 14.90 15.22 15.50 15.75 16.01 16.27 16.52 16.77 17.02 17.27 17.52 17.76 18.00 18.24 18.47 18.71 18.93 19.16 19.37 19.57 19.73 19.84 19.91 19.93 19.96 20.00 20.07 20.16 20.26 20.35 20.45 20.54 20.63 20.72 20.80 20.88 20.97 21.05 21.13 21.20 21.28 21.36 21.43 21.51 21.60 21.70 21.81 21.93 22.04 22.12 22.15 22.13
17.18 15.97 14.82 13.76 12.82 12.00 11.31 10.73 10.27 9.92 9.67 9.53 9.49 9.55 9.70 9.94 10.26 10.66 11.12 11.63 12.17 12.73 13.29 13.83 14.30 14.71 15.06 15.36 15.62 15.86 16.11 16.35 16.60 16.85 17.09 17.34 17.59 17.83 18.08 18.32 18.57 18.81 19.05 19.27 19.46 19.61 19.71 19.77 19.79 19.81 19.86 19.92 20.01 20.11 20.23 20.34 20.45 20.55 20.66 20.76 20.86 20.95 21.05 21.14 21.23 21.31 21.40 21.49 21.58 21.69 21.81 21.95 22.07 22.18 22.26 22.29 22.27
17.01 15.81 14.67 13.58 12.60 11.73 11.00 10.39 9.90 9.52 9.26 9.11 9.07 9.12 9.28 9.53 9.87 10.29 10.76 11.27 11.82 12.40 12.98 13.54 14.04 14.48 14.86 15.18 15.46 15.71 15.94 16.18 16.42 16.66 16.91 17.15 17.40 17.65 17.91 18.16 18.42 18.67 18.91 19.12 19.30 19.44 19.55 19.60 19.62 19.64 19.68 19.74 19.82 19.92 20.04 20.18 20.31 20.44 20.56 20.68 20.80 20.91 21.02 21.12 21.23 21.33 21.43 21.54 21.66 21.80 21.95 22.10 22.23 22.34 22.41 22.43 22.41
16.86 15.68 14.54 13.46 12.45 11.54 10.76 10.11 9.59 9.18 8.90 8.73 8.68 8.73 8.89 9.15 9.49 9.91 10.38 10.90 11.46 12.05 12.65 13.23 13.74 14.20 14.60 14.96 15.26 15.53 15.76 15.99 16.22 16.46 16.70 16.95 17.20 17.46 17.72 17.98 18.24 18.50 18.73 18.93 19.11 19.24 19.34 19.39 19.40 19.42 19.46 19.52 19.60 19.71 19.83 19.97 20.12 20.28 20.42 20.56 20.70 20.83 20.96 21.09 21.21 21.33 21.45 21.60 21.76 21.93 22.11 22.27 22.40 22.50 22.56 22.58 22.56
16.73 15.56 14.44 13.37 12.36 11.42 10.60 9.90 9.34 8.90 8.59 8.40 8.33 8.38 8.53 8.78 9.12 9.53 10.00 10.52 11.09 11.68 12.30 12.88 13.41 13.89 14.31 14.69 15.02 15.31 15.56 15.79 16.01 16.25 16.49 16.73 16.98 17.24 17.51 17.78 18.04 18.29 18.51 18.71 18.87 19.01 19.10 19.15 19.16 19.18 19.22 19.28 19.36 19.46 19.59 19.73 19.90 20.07 20.24 20.41 20.57 20.73 20.88 21.03 21.17 21.32 21.49 21.68 21.88 22.08 22.28 22.45 22.58 22.68 22.73 22.74 22.72
16.63 15.48 14.36 13.30 12.29 11.35 10.50 9.76 9.15 8.67 8.33 8.11 8.02 8.05 8.19 8.43 8.75 9.15 9.62 10.14 10.71 11.31 11.93 12.52 13.06 13.55 13.99 14.38 14.73 15.04 15.32 15.56 15.79 16.01 16.25 16.49 16.74 17.01 17.27 17.54 17.80 18.03 18.25 18.44 18.60 18.73 18.82 18.87 18.89 18.91 18.95 19.01 19.09 19.20 19.32 19.47 19.64 19.83 20.02 20.22 20.41 20.59 20.77 20.94 21.12 21.32 21.54 21.78 22.02 22.25 22.46 22.63 22.77 22.86 22.90 22.90 22.87
16.56 15.42 14.31 13.25 12.25 11.31 10.45 9.68 9.02 8.50 8.12 7.87 7.75 7.76 7.88 8.10 8.41 8.80 9.25 9.77 10.33 10.93 11.55 12.15 12.69 13.19 13.64 14.04 14.40 14.73 15.03 15.29 15.53 15.76 15.99 16.23 16.49 16.75 17.01 17.27 17.52 17.75 17.96 18.15 18.30 18.43 18.52 18.57 18.59 18.61 18.65 18.72 18.80 18.91 19.04 19.19 19.36 19.55 19.77 19.99 20.21 20.43 20.64 20.85 21.08 21.34 21.62 21.90 22.17 22.42 22.65 22.83 22.97 23.04 23.06 23.06 23.02
16.51 15.38 14.28 13.23 12.23 11.29 10.42 9.64 8.95 8.38 7.96 7.67 7.52 7.50 7.59 7.79 8.08 8.45 8.90 9.40 9.96 10.55 11.16 11.76 12.31 12.81 13.26 13.67 14.05 14.39 14.70 14.98 15.24 15.48 15.71 15.95 16.20 16.46 16.71 16.96 17.20 17.43 17.63 17.82 17.97 18.10 18.19 18.25 18.26 18.29 18.34 18.41 18.50 18.61 18.74 18.90 19.07 19.27 19.49 19.73 19.98 20.23 20.48 20.76 21.06 21.38 21.70 22.02 22.33 22.60 22.84 23.03 23.16 23.23 23.23 23.21 23.17
16.49 15.37 14.28 13.23 12.23 11.28 10.41 9.62 8.92 8.32 7.85 7.52 7.34 7.28 7.35 7.52 7.78 8.14 8.56 9.05 9.59 10.17 10.78 11.37 11.92 12.42 12.87 13.29 13.67 14.01 14.33 14.62 14.90 15.16 15.40 15.64 15.89 16.13 16.38 16.62 16.86 17.08 17.28 17.46 17.62 17.75 17.84 17.90 17.92 17.95 18.00 18.08 18.17 18.29 18.43 18.59 18.77 18.98 19.20 19.45 19.72 20.02 20.34 20.69 21.06 21.43 21.81 22.16 22.50 22.80 23.05 23.24 23.36 23.41 23.40 23.36 23.30
16.49 15.38 14.30 13.25 12.25 11.30 10.42 9.62 8.90 8.29 7.79 7.43 7.21 7.11 7.14 7.28 7.52 7.85 8.25 8.72 9.24 9.81 10.40 10.99 11.53 12.02 12.47 12.88 13.26 13.61 13.94 14.24 14.52 14.79 15.05 15.30 15.54 15.78 16.01 16.25 16.48 16.70 16.90 17.08 17.24 17.37 17.47 17.53 17.56 17.59 17.65 17.73 17.84 17.96 18.11 18.28 18.47 18.68 18.91 19.17 19.46 19.81 20.21 20.63 21.07 21.50 21.92 22.31 22.67 22.99 23.25 23.44 23.56 23.59 23.56 23.50 23.43
16.51 15.41 14.34 13.29 12.29 11.34 10.45 9.64 8.92 8.30 7.79 7.40 7.13 7.00 6.99 7.09 7.30 7.59 7.97 8.41 8.91 9.46 10.04 10.61 11.14 11.62 12.06 12.47 12.85 13.19 13.52 13.82 14.11 14.39 14.65 14.91 15.15 15.39 15.62 15.85 16.08 16.29 16.49 16.68 16.84 16.97 17.07 17.14 17.18 17.22 17.29 17.38 17.49 17.62 17.78 17.95 18.15 18.37 18.62 18.90 19.24 19.64 20.10 20.60 21.09 21.57 22.04 22.47 22.86 23.19 23.46 23.65 23.75 23.76 23.71 23.63 23.55
16.56 15.47 14.40 13.36 12.36 11.40 10.51 9.69 8.96 8.34 7.82 7.41 7.11 6.94 6.89 6.95 7.12 7.38 7.72 8.14 8.61 9.13 9.69 10.25 10.76 11.22 11.66 12.05 12.42 12.76 13.08 13.39 13.67 13.95 14.22 14.48 14.73 14.97 15.20 15.43 15.65 15.87 16.07 16.25 16.42 16.56 16.66 16.74 16.79 16.84 16.92 17.02 17.14 17.28 17.44 17.63 17.84 18.07 18.34 18.67 19.07 19.53 20.03 20.57 21.12 21.66 22.16 22.63 23.04 23.39 23.66 23.85 23.94 23.93 23.85 23.76 23.65
16.63 15.55 14.49 13.45 12.44 11.48 10.59 9.77 9.05 8.43 7.90 7.48 7.15 6.94 6.84 6.86 6.99 7.21 7.52 7.90 8.34 8.84 9.37 9.90 10.39 10.84 11.25 11.64 11.99 12.32 12.64 12.93 13.22 13.49 13.76 14.02 14.28 14.52 14.75 14.98 15.21 15.42 15.63 15.81 15.98 16.13 16.24 16.33 16.38 16.45 16.54 16.65 16.78 16.93 17.11 17.31 17.53 17.78 18.11 18.50 18.96 19.46 20.01 20.58 21.17 21.75 22.29 22.79 23.22 23.58 23.86 24.04 24.12 24.09 23.98 23.86 23.74
16.72 15.65 14.59 13.55 12.55 11.59 10.71 9.90 9.19 8.56 8.03 7.59 7.24 7.00 6.86 6.83 6.91 7.09 7.36 7.70 8.11 8.57 9.08 9.58 10.04 10.47 10.86 11.23 11.56 11.88 12.18 12.47 12.75 13.02 13.29 13.55 13.80 14.05 14.29 14.52 14.74 14.96 15.17 15.36 15.54 15.69 15.81 15.91 15.98 16.05 16.15 16.27 16.42 16.58 16.77 16.98 17.23 17.55 17.94 18.39 18.90 19.45 20.03 20.63 21.24 21.84 22.42 22.95 23.40 23.77 24.05 24.23 24.29 24.23 24.09 23.95 23.81
16.84 15.78 14.72 13.68 12.68 11.74 10.88 10.09 9.38 8.75 8.21 7.75 7.39 7.12 6.95 6.87 6.90 7.03 7.25 7.55 7.92 8.35 8.82 9.29 9.72 10.12 10.49 10.83 11.14 11.44 11.73 12.01 12.28 12.55 12.81 13.07 13.32 13.56 13.80 14.04 14.26 14.48 14.70 14.90 15.08 15.24 15.37 15.48 15.56 15.65 15.76 15.90 16.06 16.24 16.44 16.68 16.99 17.38 17.83 18.34 18.90 19.49 20.10 20.72 21.35 21.96 22.56 23.10 23.57 23.95 24.23 24.40 24.44 24.36 24.19 24.02 23.85
16.98 15.92 14.87 13.84 12.87 11.95 11.11 10.33 9.63 9.00 8.45 7.98 7.59 7.30 7.09 6.97 6.95 7.03 7.20 7.46 7.78 8.16 8.60 9.03 9.43 9.80 10.13 10.45 10.74 11.02 11.29 11.56 11.83 12.09 12.34 12.59 12.84 13.08 13.32 13.55 13.78 14.00 14.22 14.42 14.61 14.79 14.93 15.05 15.15 15.25 15.38 15.53 15.70 15.90 16.13 16.43 16.82 17.28 17.79 18.35 18.95 19.58 20.22 20.86 21.50 22.12 22.71 23.26 23.74 24.13 24.40 24.56 24.58 24.47 24.27 24.07 23.88
17.14 16.09 15.05 14.05 13.11 12.23 11.40 10.64 9.94 9.31 8.75 8.27 7.86 7.54 7.30 7.14 7.08 7.10 7.22 7.42 7.69 8.03 8.42 8.81 9.17 9.50 9.81 10.09 10.36 10.62 10.88 11.14 11.39 11.64 11.89 12.13 12.37 12.61 12.84 13.07 13.29 13.51 13.73 13.94 14.15 14.33 14.49 14.62 14.73 14.85 15.00 15.16 15.35 15.58 15.88 16.27 16.72 17.24 17.82 18.43 19.07 19.72 20.39 21.05 21.69 22.31 22.89 23.43 23.90 24.29 24.56 24.70 24.70 24.56 24.32 24.09 23.87
17.32 16.29 15.29 14.33 13.42 12.56 11.76 11.01 10.32 9.69 9.13 8.63 8.20 7.85 7.58 7.38 7.27 7.24 7.30 7.44 7.67 7.95 8.29 8.64 8.96 9.25 9.51 9.77 10.02 10.26 10.51 10.75 10.99 11.23 11.46 11.69 11.92 12.15 12.37 12.60 12.82 13.04 13.25 13.47 13.68 13.87 14.05 14.19 14.32 14.46 14.62 14.80 15.03 15.33 15.71 16.18 16.70 17.28 17.91 18.56 19.24 19.92 20.61 21.28 21.93 22.54 23.11 23.63 24.07 24.44 24.70 24.83 24.81 24.62 24.35 24.09 23.84
17.54 16.55 15.60 14.68 13.81 12.98 12.19 11.45 10.77 10.14 9.57 9.06 8.62 8.24 7.93 7.70 7.54 7.46 7.46 7.54 7.71 7.94 8.23 8.52 8.79 9.04 9.27 9.50 9.73 9.96 10.18 10.41 10.63 10.85 11.07 11.29 11.51 11.72 11.94 12.15 12.37 12.58 12.79 13.00 13.21 13.42 13.61 13.77 13.92 14.07 14.25 14.47 14.77 15.16 15.63 16.16 16.75 17.39 18.06 18.76 19.47 20.18 20.88 21.56 22.21 22.81 23.37 23.86 24.27 24.60 24.83 24.93 24.88 24.67 24.36 24.06 23.78
17.83 16.89 15.98 15.11 14.27 13.46 12.70 11.98 11.30 10.68 10.10 9.58 9.12 8.71 8.37 8.10 7.89 7.76 7.70 7.72 7.82 7.99 8.22 8.46 8.68 8.89 9.09 9.30 9.50 9.71 9.91 10.12 10.32 10.52 10.73 10.93 11.14 11.34 11.54 11.75 11.95 12.16 12.36 12.56 12.77 12.97 13.17 13.36 13.52 13.70 13.92 14.22 14.61 15.08 15.62 16.23 16.88 17.57 18.28 19.02 19.75 20.48 21.20 21.88 22.53 23.12 23.66 24.12 24.50 24.78 24.96 25.02 24.94 24.68 24.33 23.99 23.67
18.19 17.31 16.45 15.62 14.81 14.03 13.29 12.59 11.92 11.29 10.71 10.18 9.70 9.27 8.89 8.58 8.33 8.14 8.03 7.98 8.01 8.11 8.28 8.47 8.64 8.82 8.99 9.17 9.35 9.53 9.71 9.89 10.08 10.26 10.44 10.63 10.82 11.01 11.20 11.39 11.58 11.77 11.97 12.16 12.36 12.56 12.76 12.95 13.14 13.36 13.66 14.05 14.53 15.09 15.70 16.37 17.08 17.82 18.57 19.34 20.10 20.85 21.57 22.25 22.89 23.47 23.98 24.41 24.75 24.99 25.11 25.11 24.97 24.67 24.27 23.88 23.48
18.63 17.81 17.00 16.21 15.44 14.69 13.97 13.28 12.62 11.99 11.41 10.86 10.36 9.91 9.51 9.15 8.86 8.62 8.44 8.33 8.29 8.31 8.41 8.55 8.69 8.83 8.98 9.13 9.28 9.43 9.59 9.74 9.90 10.06 10.23 10.39 10.56 10.73 10.90 11.08 11.26 11.44 11.62 11.81 11.99 12.18 12.38 12.57 12.79 13.09 13.49 13.98 14.55 15.18 15.86 16.59 17.35 18.13 18.93 19.72 20.50 21.26 21.99 22.67 23.30 23.86 24.34 24.73 25.03 25.21 25.28 25.21 24.99 24.63 24.17 23.70 23.22
19.14 18.36 17.60 16.85 16.11 15.39 14.69 14.01 13.36 12.74 12.15 11.59 11.07 10.59 10.15 9.76 9.42 9.13 8.89 8.71 8.60 8.54 8.59 8.69 8.80 8.91 9.02 9.14 9.26 9.38 9.51 9.64 9.77 9.91 10.05 10.20 10.34 10.49 10.65 10.81 10.97 11.13 11.30 11.48 11.65 11.83 12.02 12.22 12.48 12.87 13.37 13.95 14.59 15.30 16.05 16.84 17.65 18.47 19.30 20.12 20.92 21.69 22.42 23.09 23.70 24.24 24.69 25.05 25.30 25.43 25.43 25.29 25.00 24.57 24.06 23.51 22.96
19.66 18.94 18.22 17.51 16.80 16.11 15.42 14.76 14.11 13.48 12.88 12.31 11.76 11.25 10.78 10.35 9.95 9.61 9.31 9.06 8.87 8.77 8.78 8.85 8.93 9.01 9.09 9.17 9.26 9.35 9.45 9.55 9.66 9.77 9.89 10.01 10.14 10.27 10.40 10.54 10.69 10.84 10.99 11.15 11.31 11.48 11.67 11.90 12.21 12.66 13.24 13.90 14.63 15.41 16.22 17.07 17.93 18.79 19.65 20.49 21.31 22.08 22.81 23.48 24.07 24.58 25.00 25.32 25.52 25.59 25.53 25.32 24.97 24.52 23.97 23.37 22.75
20.20 19.53 18.85 18.17 17.50 16.82 16.15 15.49 14.85 14.21 13.60 13.01 12.44 11.90 11.38 10.90 10.46 10.05 9.69 9.37 9.13 9.00 8.99 9.04 9.09 9.13 9.18 9.23 9.28 9.35 9.42 9.49 9.57 9.65 9.74 9.84 9.94 10.05 10.17 10.29 10.41 10.55 10.69 10.83 10.98 11.15 11.36 11.64 11.99 12.48 13.11 13.85 14.65 15.50 16.38 17.27 18.18 19.08 19.97 20.83 21.66 22.44 23.17 23.82 24.40 24.89 25.27 25.54 25.69 25.71 25.58 25.31 24.94 24.46 23.89 23.26 22.59
20.76 20.13 19.49 18.84 18.19 17.53 16.88 16.22 15.57 14.93 14.30 13.69 13.09 12.51 11.95 11.43 10.93 10.46 10.03 9.67 9.40 9.25 9.21 9.23 9.26 9.28 9.29 9.31 9.33 9.36 9.40 9.44 9.50 9.55 9.62 9.69 9.77 9.85 9.95 10.05 10.15 10.27 10.39 10.52 10.66 10.85 11.11 11.42 11.82 12.35 13.01 13.79 14.65 15.57 16.51 17.45 18.40 19.34 20.26 21.14 21.98 22.77 23.49 24.13 24.69 25.14 25.49 25.72 25.81 25.77 25.59 25.31 24.91 24.41 23.81 23.16 22.47
21.33 20.74 20.13 19.51 18.88 18.24 17.59 16.93 16.28 15.63 14.98 14.34 13.71 13.09 12.49 11.91 11.35 10.82 10.35 9.97 9.69 9.51 9.45 9.45 9.44 9.44 9.43 9.42 9.41 9.41 9.41 9.42 9.45 9.47 9.51 9.56 9.61 9.67 9.74 9.82 9.91 10.00 10.11 10.23 10.39 10.61 10.90 11.25 11.69 12.25 12.95 13.75 14.65 15.62 16.61 17.61 18.60 19.57 20.51 21.41 22.26 23.05 23.76 24.39 24.93 25.35 25.66 25.84 25.88 25.80 25.60 25.29 24.88 24.35 23.74 23.07 22.35
21.91 21.35 20.77 20.18 19.56 18.93 18.29 17.63 16.97 16.30 15.63 14.96 14.29 13.64 12.99 12.35 11.73 11.17 10.68 10.28 9.98 9.78 9.70 9.67 9.65 9.62 9.59 9.55 9.52 9.48 9.45 9.43 9.42 9.42 9.43 9.45 9.48 9.51 9.56 9.61 9.68 9.75 9.85 9.98 10.17 10.42 10.74 11.12 11.60 12.19 12.91 13.74 14.66 15.65 16.69 17.73 18.76 19.77 20.73 21.65 22.51 23.29 24.00 24.61 25.12 25.51 25.78 25.91 25.92 25.81 25.60 25.28 24.84 24.30 23.67 22.98 22.24
22.48 21.95 21.40 20.83 20.23 19.61 18.96 18.30 17.63 16.94 16.25 15.55 14.84 14.14 13.44 12.75 12.09 11.51 11.01 10.60 10.28 10.07 9.96 9.91 9.86 9.81 9.76 9.71 9.65 9.58 9.52 9.47 9.43 9.39 9.37 9.36 9.36 9.37 9.40 9.43 9.47 9.53 9.63 9.79 10.00 10.27 10.62 11.03 11.54 12.16 12.91 13.76 14.69 15.70 16.75 17.83 18.90 19.93 20.92 21.85 22.71 23.49 24.19 24.78 25.26 25.62 25.85 25.95 25.94 25.82 25.59 25.25 24.80 24.25 23.60 22.89 22.14
23.05 22.55 22.02 21.46 20.88 20.26 19.61 18.95 18.26 17.55 16.82 16.09 15.34 14.59 13.84 13.12 12.46 11.87 11.35 10.93 10.59 10.36 10.23 10.16 10.09 10.02 9.95 9.87 9.79 9.71 9.62 9.54 9.46 9.40 9.35 9.31 9.28 9.26 9.26 9.26 9.29 9.35 9.47 9.64 9.87 10.17 10.54 10.98 11.51 12.16 12.93 13.80 14.74 15.76 16.82 17.90 19.00 20.05 21.06 22.00 22.87 23.65 24.33 24.90 25.35 25.68 25.88 25.97 25.94 25.81 25.57 25.22 24.76 24.19 23.53 22.81 22.05
23.61 23.13 22.62 22.07 21.50 20.88 20.23 19.56 18.85 18.12 17.36 16.59 15.80 15.00 14.22 13.49 12.82 12.23 11.70 11.26 10.91 10.66 10.51 10.42 10.33 10.24 10.15 10.06 9.96 9.86 9.75 9.64 9.53 9.43 9.35 9.28 9.22 9.18 9.15 9.13 9.16 9.23 9.36 9.54 9.79 10.11 10.49 10.96 11.51 12.19 12.97 13.85 14.81 15.83 16.89 17.98 19.07 20.14 21.17 22.12 22.98 23.76 24.42 24.97 25.40 25.70 25.89 25.97 25.94 25.80 25.55 25.19 24.72 24.13 23.46 22.74 21.96
24.15 23.69 23.19 22.66 22.09 21.47 20.82 20.13 19.40 18.64 17.85 17.04 16.20 15.38 14.60 13.86 13.19 12.59 12.06 11.60 11.24 10.97 10.81 10.69 10.59 10.48 10.37 10.25 10.14 10.02 9.90 9.77 9.64 9.51 9.39 9.29 9.20 9.12 9.07 9.05 9.08 9.16 9.29 9.48 9.75 10.08 10.48 10.97 11.54 12.23 13.03 13.92 14.89 15.91 16.97 18.05 19.13 20.20 21.23 22.18 23.05 23.81 24.46 24.99 25.40 25.69 25.87 25.95 25.91 25.77 25.51 25.14 24.67 24.08 23.40 22.66 21.88
24.67 24.23 23.74 23.21 22.64 22.02 21.36 20.65 19.90 19.11 18.29 17.43 16.58 15.75 14.97 14.24 13.56 12.95 12.41 11.95 11.57 11.29 11.11 10.98 10.85 10.72 10.59 10.46 10.33 10.20 10.06 9.91 9.77 9.61 9.46 9.33 9.21 9.11 9.04 9.02 9.05 9.13 9.27 9.47 9.74 10.08 10.50 11.00 11.59 12.30 13.11 14.01 14.97 15.99 17.05 18.12 19.19 20.24 21.25 22.21 23.07 23.82 24.46 24.97 25.37 25.66 25.84 25.91 25.87 25.73 25.46 25.09 24.61 24.01 23.33 22.59 21.80
