data_processed/recharge/precip/Precip_1992_06.asc
ncols        168
nrows        136
xllcorner    455000
yllcorner    2107000
cellsize     500
NODATA_value     -99999
[rows 68 to 101 of 136, columns 0 to 76 of 168]
39.71 39.61 39.48 39.31 39.11 38.88 38.61 38.32 38.00 37.67 37.31 36.94 36.55 36.16 35.75 35.34 34.92 34.51 34.13 33.81 33.57 33.40 33.33 33.35 33.47 33.69 33.99 34.35 34.76 35.21 35.67 36.16 36.65 37.16 37.72 38.30 38.91 39.53 40.16 40.79 41.42 42.04 42.64 43.22 43.71 44.06 44.24 44.24 44.06 43.69 43.11 42.34 41.47 40.54 39.56 38.55 37.51 36.45 35.41 34.47 33.72 33.17 32.79 32.60 32.56 32.68 32.94 33.34 33.86 34.50 35.29 36.32 37.62 39.16 40.92 42.86 44.97
39.79 39.68 39.55 39.38 39.17 38.94 38.68 38.40 38.09 37.77 37.43 37.08 36.71 36.34 35.95 35.57 35.18 34.79 34.41 34.08 33.81 33.62 33.53 33.53 33.63 33.83 34.09 34.41 34.76 35.14 35.54 35.95 36.38 36.86 37.36 37.90 38.44 39.00 39.57 40.13 40.69 41.23 41.75 42.25 42.71 43.07 43.27 43.30 43.14 42.78 42.22 41.47 40.62 39.71 38.75 37.76 36.75 35.74 34.82 34.09 33.54 33.17 32.96 32.91 33.01 33.24 33.60 34.07 34.65 35.33 36.10 36.99 38.09 39.44 41.00 42.74 44.65
39.94 39.83 39.69 39.51 39.31 39.08 38.83 38.55 38.26 37.95 37.63 37.29 36.94 36.59 36.23 35.87 35.51 35.15 34.80 34.46 34.17 33.96 33.84 33.82 33.90 34.07 34.30 34.57 34.87 35.18 35.51 35.87 36.27 36.71 37.17 37.65 38.15 38.65 39.15 39.65 40.14 40.60 41.05 41.46 41.83 42.16 42.38 42.43 42.29 41.96 41.41 40.68 39.85 38.96 38.02 37.06 36.09 35.21 34.50 33.96 33.60 33.39 33.33 33.41 33.62 33.94 34.38 34.91 35.54 36.24 37.02 37.85 38.78 39.89 41.22 42.73 44.40
40.16 40.05 39.90 39.72 39.52 39.30 39.05 38.78 38.50 38.20 37.89 37.58 37.25 36.92 36.58 36.25 35.92 35.59 35.26 34.95 34.66 34.43 34.28 34.23 34.29 34.43 34.62 34.84 35.08 35.33 35.63 35.96 36.33 36.72 37.14 37.58 38.02 38.47 38.92 39.35 39.77 40.17 40.53 40.87 41.16 41.40 41.58 41.65 41.53 41.22 40.69 39.98 39.16 38.30 37.39 36.47 35.62 34.94 34.43 34.08 33.89 33.83 33.90 34.09 34.39 34.79 35.29 35.86 36.51 37.22 37.98 38.79 39.63 40.53 41.59 42.84 44.25
40.46 40.34 40.19 40.01 39.81 39.59 39.35 39.09 38.82 38.53 38.24 37.93 37.63 37.32 37.01 36.70 36.39 36.09 35.80 35.52 35.26 35.02 34.85 34.77 34.80 34.91 35.06 35.23 35.41 35.64 35.91 36.22 36.55 36.92 37.30 37.69 38.09 38.48 38.87 39.25 39.60 39.93 40.22 40.48 40.69 40.84 40.94 40.97 40.87 40.58 40.08 39.38 38.59 37.74 36.88 36.08 35.44 34.96 34.63 34.45 34.40 34.47 34.65 34.94 35.31 35.78 36.31 36.91 37.57 38.27 39.00 39.76 40.53 41.31 42.13 43.08 44.18
40.83 40.70 40.55 40.37 40.17 39.95 39.72 39.47 39.20 38.93 38.65 38.36 38.08 37.79 37.50 37.21 36.94 36.67 36.41 36.16 35.93 35.72 35.54 35.44 35.44 35.51 35.62 35.74 35.91 36.12 36.37 36.65 36.96 37.30 37.64 37.99 38.35 38.70 39.03 39.35 39.64 39.91 40.13 40.31 40.44 40.52 40.53 40.47 40.33 40.05 39.57 38.89 38.12 37.32 36.57 35.98 35.54 35.25 35.08 35.05 35.13 35.31 35.59 35.95 36.39 36.89 37.45 38.06 38.70 39.37 40.06 40.75 41.44 42.12 42.78 43.45 44.22
41.27 41.14 40.98 40.80 40.61 40.39 40.16 39.92 39.66 39.40 39.14 38.87 38.60 38.33 38.06 37.80 37.55 37.31 37.08 36.87 36.68 36.51 36.36 36.24 36.21 36.25 36.32 36.43 36.58 36.78 37.02 37.28 37.57 37.87 38.19 38.50 38.81 39.12 39.40 39.67 39.90 40.10 40.26 40.37 40.43 40.42 40.35 40.20 39.97 39.65 39.19 38.53 37.80 37.12 36.58 36.19 35.93 35.80 35.78 35.88 36.07 36.34 36.70 37.12 37.60 38.13 38.70 39.29 39.90 40.53 41.15 41.76 42.35 42.92 43.44 43.91 44.37
41.79 41.65 41.49 41.31 41.11 40.90 40.67 40.44 40.19 39.94 39.69 39.44 39.18 38.94 38.69 38.46 38.23 38.02 37.83 37.65 37.49 37.36 37.25 37.16 37.12 37.13 37.19 37.30 37.45 37.65 37.87 38.12 38.38 38.66 38.94 39.22 39.50 39.76 40.00 40.21 40.39 40.53 40.63 40.67 40.65 40.57 40.42 40.18 39.87 39.46 38.95 38.32 37.71 37.23 36.90 36.69 36.59 36.61 36.73 36.93 37.22 37.57 37.98 38.45 38.95 39.48 40.04 40.61 41.17 41.73 42.27 42.78 43.26 43.69 44.06 44.36 44.59
42.33 42.19 42.03 41.85 41.65 41.44 41.22 41.00 40.76 40.53 40.29 40.05 39.82 39.59 39.37 39.16 38.97 38.79 38.62 38.48 38.36 38.26 38.19 38.15 38.14 38.17 38.24 38.35 38.50 38.69 38.90 39.14 39.39 39.64 39.90 40.15 40.39 40.61 40.81 40.98 41.11 41.19 41.23 41.20 41.12 40.96 40.73 40.42 40.02 39.52 38.92 38.28 37.85 37.57 37.42 37.38 37.44 37.59 37.82 38.12 38.49 38.90 39.36 39.85 40.36 40.89 41.42 41.94 42.45 42.93 43.37 43.77 44.11 44.39 44.59 44.71 44.74
42.75 42.61 42.45 42.28 42.09 41.90 41.69 41.48 41.27 41.05 40.83 40.62 40.42 40.22 40.03 39.86 39.70 39.55 39.43 39.33 39.25 39.21 39.18 39.19 39.23 39.28 39.37 39.49 39.65 39.84 40.05 40.28 40.52 40.76 41.00 41.23 41.44 41.63 41.79 41.91 42.00 42.03 42.02 41.94 41.79 41.57 41.27 40.88 40.40 39.82 39.11 38.34 37.93 37.82 37.85 37.98 38.18 38.46 38.80 39.20 39.64 40.11 40.61 41.12 41.64 42.16 42.65 43.13 43.57 43.97 44.31 44.59 44.80 44.92 44.95 44.88 44.76
43.03 42.89 42.75 42.59 42.42 42.25 42.06 41.88 41.69 41.50 41.32 41.14 40.97 40.81 40.67 40.53 40.42 40.32 40.25 40.20 40.18 40.18 40.22 40.27 40.34 40.44 40.55 40.70 40.87 41.07 41.28 41.51 41.75 41.98 42.20 42.41 42.61 42.77 42.90 42.99 43.04 43.03 42.97 42.84 42.64 42.36 41.99 41.54 40.98 40.30 39.47 38.58 38.04 37.95 38.13 38.41 38.76 39.17 39.62 40.11 40.62 41.15 41.69 42.22 42.74 43.24 43.71 44.14 44.51 44.82 45.06 45.22 45.29 45.26 45.12 44.92 44.77
43.20 43.04 42.92 42.79 42.65 42.50 42.35 42.20 42.05 41.90 41.75 41.62 41.50 41.38 41.29 41.21 41.14 41.11 41.09 41.10 41.14 41.21 41.29 41.38 41.49 41.62 41.77 41.94 42.13 42.34 42.57 42.81 43.04 43.28 43.50 43.70 43.88 44.02 44.13 44.20 44.21 44.17 44.07 43.89 43.64 43.31 42.89 42.37 41.73 40.93 39.98 38.98 38.32 38.11 38.28 38.70 39.20 39.73 40.29 40.86 41.45 42.03 42.61 43.16 43.69 44.17 44.60 44.98 45.28 45.51 45.65 45.68 45.61 45.43 45.16 44.94 44.82
43.30 43.12 42.98 42.88 42.78 42.67 42.56 42.45 42.35 42.24 42.15 42.07 42.00 41.94 41.90 41.88 41.89 41.91 41.97 42.05 42.15 42.27 42.39 42.53 42.67 42.83 43.01 43.21 43.42 43.65 43.90 44.15 44.40 44.63 44.86 45.06 45.23 45.36 45.46 45.50 45.49 45.42 45.29 45.08 44.79 44.41 43.94 43.34 42.59 41.69 40.64 39.54 38.77 38.43 38.48 38.89 39.50 40.16 40.82 41.49 42.14 42.78 43.39 43.96 44.49 44.95 45.35 45.67 45.91 46.04 46.08 45.99 45.78 45.48 45.20 45.00 44.90
43.34 43.13 42.99 42.89 42.83 42.77 42.71 42.65 42.60 42.56 42.52 42.50 42.49 42.50 42.53 42.58 42.66 42.76 42.89 43.04 43.20 43.36 43.53 43.70 43.88 44.07 44.28 44.49 44.73 44.98 45.25 45.52 45.78 46.03 46.26 46.47 46.64 46.77 46.85 46.89 46.86 46.77 46.61 46.37 46.05 45.63 45.09 44.40 43.55 42.56 41.42 40.23 39.36 38.90 38.84 39.12 39.71 40.47 41.24 41.99 42.71 43.40 44.05 44.64 45.16 45.60 45.97 46.23 46.39 46.44 46.37 46.16 45.85 45.53 45.27 45.09 45.00
43.32 43.11 42.95 42.86 42.81 42.81 42.81 42.81 42.82 42.85 42.88 42.93 42.99 43.08 43.18 43.31 43.47 43.65 43.86 44.07 44.27 44.48 44.68 44.89 45.11 45.33 45.56 45.80 46.05 46.32 46.60 46.89 47.18 47.45 47.69 47.91 48.09 48.22 48.31 48.33 48.30 48.19 48.01 47.75 47.40 46.92 46.30 45.52 44.60 43.52 42.30 41.03 40.07 39.52 39.35 39.51 39.98 40.70 41.55 42.39 43.18 43.92 44.59 45.20 45.72 46.14 46.46 46.67 46.76 46.72 46.53 46.24 45.91 45.62 45.37 45.21 45.14
43.27 43.05 42.90 42.81 42.78 42.80 42.86 42.94 43.03 43.12 43.23 43.36 43.51 43.68 43.87 44.09 44.33 44.60 44.86 45.12 45.37 45.61 45.86 46.10 46.35 46.60 46.86 47.12 47.39 47.67 47.96 48.26 48.56 48.86 49.13 49.36 49.56 49.70 49.79 49.82 49.78 49.67 49.48 49.20 48.80 48.25 47.55 46.70 45.70 44.56 43.27 41.94 40.90 40.26 39.99 40.04 40.38 40.98 41.80 42.70 43.56 44.34 45.05 45.66 46.18 46.58 46.86 47.01 47.03 46.89 46.63 46.32 46.01 45.73 45.50 45.35 45.30
43.19 42.97 42.82 42.75 42.74 42.79 42.90 43.05 43.22 43.40 43.60 43.81 44.05 44.31 44.60 44.91 45.25 45.58 45.89 46.19 46.49 46.77 47.05 47.33 47.61 47.89 48.17 48.45 48.73 49.02 49.32 49.62 49.94 50.26 50.55 50.81 51.03 51.19 51.29 51.33 51.29 51.18 50.98 50.67 50.20 49.59 48.82 47.91 46.86 45.66 44.32 42.92 41.82 41.11 40.75 40.70 40.93 41.41 42.10 42.95 43.86 44.69 45.42 46.05 46.56 46.93 47.17 47.27 47.20 47.00 46.73 46.44 46.14 45.88 45.66 45.52 45.48
43.08 42.87 42.75 42.70 42.72 42.80 42.95 43.16 43.42 43.69 43.98 44.30 44.63 45.00 45.39 45.80 46.20 46.58 46.94 47.28 47.62 47.94 48.25 48.57 48.87 49.18 49.48 49.78 50.08 50.38 50.69 50.99 51.30 51.62 51.94 52.23 52.47 52.66 52.78 52.84 52.81 52.71 52.48 52.11 51.59 50.92 50.10 49.14 48.04 46.79 45.41 43.97 42.82 42.04 41.60 41.47 41.60 41.97 42.53 43.26 44.11 44.97 45.74 46.37 46.87 47.22 47.42 47.45 47.33 47.12 46.86 46.58 46.30 46.05 45.85 45.72 45.69
42.96 42.78 42.68 42.66 42.71 42.84 43.04 43.31 43.63 44.01 44.40 44.82 45.27 45.74 46.23 46.71 47.16 47.59 48.00 48.39 48.76 49.12 49.47 49.81 50.15 50.48 50.80 51.12 51.43 51.74 52.05 52.36 52.66 52.98 53.29 53.60 53.88 54.10 54.25 54.32 54.31 54.19 53.92 53.50 52.94 52.22 51.37 50.37 49.23 47.95 46.54 45.07 43.88 43.05 42.54 42.33 42.38 42.65 43.10 43.71 44.43 45.23 46.00 46.64 47.13 47.45 47.61 47.59 47.47 47.28 47.03 46.76 46.49 46.25 46.05 45.93 45.91
42.83 42.68 42.62 42.64 42.74 42.93 43.18 43.51 43.90 44.36 44.87 45.40 45.97 46.55 47.11 47.64 48.14 48.62 49.07 49.50 49.91 50.30 50.69 51.06 51.42 51.78 52.12 52.46 52.78 53.10 53.41 53.71 54.02 54.32 54.62 54.93 55.23 55.48 55.66 55.76 55.75 55.59 55.29 54.83 54.23 53.49 52.61 51.58 50.42 49.12 47.68 46.20 44.98 44.11 43.55 43.27 43.24 43.42 43.78 44.27 44.88 45.55 46.25 46.88 47.36 47.65 47.77 47.76 47.65 47.46 47.23 46.96 46.70 46.47 46.28 46.17 46.15
42.72 42.61 42.59 42.66 42.82 43.06 43.38 43.78 44.25 44.79 45.39 46.05 46.73 47.38 48.00 48.58 49.13 49.65 50.14 50.61 51.06 51.49 51.91 52.31 52.70 53.07 53.44 53.78 54.12 54.44 54.76 55.06 55.36 55.65 55.94 56.23 56.51 56.79 57.01 57.11 57.08 56.89 56.56 56.08 55.46 54.70 53.80 52.76 51.59 50.28 48.83 47.34 46.10 45.20 44.60 44.28 44.18 44.29 44.55 44.95 45.44 45.99 46.56 47.11 47.56 47.84 47.96 47.96 47.85 47.68 47.45 47.19 46.94 46.71 46.53 46.42 46.41
42.62 42.55 42.59 42.72 42.94 43.25 43.64 44.12 44.68 45.31 46.01 46.76 47.51 48.22 48.89 49.52 50.12 50.69 51.22 51.73 52.21 52.68 53.12 53.55 53.96 54.36 54.74 55.10 55.45 55.78 56.09 56.39 56.68 56.96 57.24 57.50 57.77 58.02 58.23 58.32 58.27 58.06 57.72 57.23 56.60 55.84 54.93 53.89 52.71 51.41 49.97 48.47 47.23 46.31 45.69 45.32 45.17 45.21 45.40 45.71 46.10 46.54 46.99 47.41 47.78 48.05 48.18 48.18 48.09 47.92 47.69 47.45 47.20 46.97 46.79 46.68 46.67
42.54 42.53 42.63 42.83 43.12 43.51 43.99 44.55 45.20 45.93 46.72 47.52 48.31 49.07 49.79 50.47 51.11 51.72 52.30 52.84 53.36 53.86 54.33 54.78 55.22 55.64 56.04 56.41 56.76 57.09 57.41 57.70 57.99 58.25 58.51 58.76 58.99 59.18 59.31 59.37 59.30 59.10 58.75 58.27 57.64 56.88 55.98 54.95 53.78 52.49 51.06 49.59 48.35 47.43 46.79 46.39 46.20 46.19 46.32 46.55 46.85 47.19 47.53 47.83 48.09 48.31 48.43 48.44 48.35 48.18 47.96 47.72 47.47 47.24 47.07 46.96 46.95
42.50 42.56 42.73 43.00 43.37 43.85 44.42 45.08 45.83 46.65 47.49 48.31 49.13 49.92 50.69 51.42 52.11 52.75 53.37 53.95 54.50 55.03 55.53 56.01 56.47 56.91 57.32 57.70 58.06 58.39 58.70 58.99 59.27 59.52 59.76 59.98 60.15 60.25 60.29 60.26 60.18 59.98 59.64 59.17 58.56 57.81 56.93 55.92 54.78 53.51 52.11 50.66 49.44 48.53 47.88 47.47 47.25 47.20 47.27 47.44 47.67 47.91 48.15 48.35 48.52 48.64 48.72 48.72 48.63 48.47 48.25 48.01 47.76 47.53 47.35 47.25 47.24
42.51 42.64 42.88 43.24 43.71 44.28 44.95 45.71 46.56 47.42 48.28 49.13 49.97 50.79 51.59 52.36 53.09 53.78 54.43 55.05 55.63 56.18 56.71 57.21 57.70 58.15 58.57 58.97 59.33 59.66 59.97 60.26 60.52 60.76 60.97 61.13 61.22 61.22 61.17 61.05 60.90 60.69 60.37 59.92 59.33 58.62 57.77 56.79 55.68 54.45 53.09 51.68 50.49 49.59 48.95 48.53 48.30 48.22 48.25 48.37 48.53 48.70 48.84 48.95 49.02 49.06 49.07 49.04 48.94 48.78 48.56 48.31 48.06 47.84 47.65 47.54 47.53
42.57 42.78 43.12 43.57 44.13 44.80 45.58 46.44 47.33 48.22 49.10 49.97 50.83 51.67 52.49 53.29 54.06 54.79 55.48 56.13 56.74 57.33 57.88 58.40 58.90 59.37 59.81 60.21 60.58 60.91 61.21 61.49 61.74 61.96 62.11 62.19 62.18 62.09 61.95 61.75 61.51 61.24 60.92 60.50 59.96 59.28 58.47 57.54 56.48 55.29 53.98 52.62 51.48 50.61 49.99 49.58 49.34 49.24 49.24 49.32 49.42 49.50 49.55 49.58 49.58 49.55 49.49 49.40 49.27 49.10 48.88 48.63 48.38 48.15 47.96 47.84 47.82
42.69 43.00 43.43 43.98 44.65 45.43 46.31 47.22 48.13 49.03 49.93 50.82 51.70 52.56 53.40 54.23 55.02 55.79 56.51 57.19 57.84 58.44 59.02 59.57 60.08 60.57 61.02 61.42 61.79 62.12 62.42 62.69 62.92 63.08 63.15 63.13 63.03 62.87 62.64 62.36 62.04 61.68 61.31 60.90 60.40 59.78 59.03 58.15 57.15 56.02 54.78 53.48 52.38 51.56 50.97 50.57 50.34 50.24 50.22 50.25 50.28 50.28 50.26 50.22 50.15 50.06 49.95 49.80 49.64 49.44 49.22 48.96 48.70 48.46 48.27 48.14 48.11
42.89 43.30 43.83 44.49 45.28 46.16 47.08 48.01 48.93 49.86 50.77 51.68 52.58 53.46 54.32 55.16 55.98 56.77 57.52 58.23 58.91 59.54 60.14 60.70 61.24 61.74 62.19 62.60 62.97 63.30 63.59 63.84 64.02 64.10 64.08 63.97 63.79 63.54 63.23 62.87 62.47 62.05 61.60 61.14 60.67 60.10 59.41 58.60 57.67 56.62 55.45 54.22 53.20 52.42 51.87 51.51 51.29 51.20 51.16 51.13 51.08 51.01 50.92 50.82 50.70 50.56 50.40 50.23 50.03 49.81 49.56 49.30 49.03 48.79 48.58 48.45 48.41
43.17 43.69 44.33 45.11 46.00 46.93 47.87 48.81 49.75 50.68 51.62 52.54 53.45 54.35 55.23 56.09 56.92 57.73 58.51 59.25 59.95 60.60 61.22 61.81 62.36 62.87 63.33 63.75 64.12 64.44 64.72 64.92 65.01 65.00 64.89 64.70 64.44 64.11 63.72 63.28 62.82 62.32 61.80 61.28 60.76 60.23 59.62 58.89 58.04 57.07 55.98 54.84 53.89 53.19 52.69 52.37 52.18 52.08 51.99 51.88 51.77 51.65 51.51 51.36 51.20 51.02 50.83 50.63 50.41 50.17 49.92 49.65 49.37 49.11 48.90 48.75 48.70
43.55 44.18 44.95 45.83 46.76 47.70 48.65 49.61 50.56 51.51 52.46 53.40 54.32 55.24 56.13 57.01 57.86 58.68 59.48 60.24 60.96 61.64 62.28 62.88 63.44 63.96 64.43 64.85 65.22 65.53 65.76 65.88 65.88 65.78 65.60 65.32 64.98 64.57 64.11 63.61 63.07 62.50 61.92 61.34 60.76 60.19 59.62 58.98 58.22 57.35 56.36 55.32 54.46 53.83 53.40 53.13 52.96 52.81 52.65 52.49 52.33 52.16 51.98 51.80 51.60 51.40 51.19 50.97 50.74 50.50 50.25 49.98 49.71 49.44 49.21 49.05 48.98
44.03 44.78 45.66 46.58 47.53 48.48 49.44 50.40 51.37 52.33 53.29 54.24 55.18 56.11 57.02 57.91 58.77 59.61 60.42 61.19 61.93 62.63 63.29 63.91 64.48 65.01 65.49 65.91 66.27 66.54 66.69 66.71 66.63 66.45 66.18 65.84 65.42 64.94 64.40 63.83 63.23 62.60 61.96 61.31 60.67 60.05 59.46 58.87 58.21 57.45 56.57 55.64 54.88 54.34 53.98 53.74 53.54 53.33 53.13 52.92 52.72 52.51 52.30 52.09 51.88 51.67 51.45 51.22 50.99 50.76 50.52 50.27 50.02 49.76 49.52 49.34 49.26
44.62 45.48 46.40 47.33 48.28 49.24 50.21 51.19 52.16 53.14 54.11 55.07 56.02 56.96 57.88 58.78 59.66 60.51 61.33 62.12 62.88 63.59 64.26 64.89 65.48 66.02 66.50 66.92 67.23 67.42 67.48 67.42 67.26 67.01 66.66 66.24 65.75 65.20 64.60 63.96 63.29 62.60 61.90 61.20 60.51 59.84 59.19 58.58 58.00 57.35 56.59 55.78 55.13 54.69 54.39 54.12 53.87 53.62 53.37 53.13 52.90 52.67 52.44 52.22 52.00 51.78 51.56 51.35 51.13 50.92 50.70 50.48 50.26 50.04 49.82 49.63 49.52
45.30 46.20 47.13 48.07 49.03 50.00 50.98 51.96 52.94 53.93 54.90 55.88 56.84 57.78 58.72 59.63 60.52 61.38 62.21 63.01 63.78 64.51 65.19 65.84 66.43 66.98 67.46 67.83 68.06 68.17 68.15 68.01 67.77 67.44 67.02 66.53 65.97 65.35 64.69 63.99 63.26 62.52 61.76 61.01 60.27 59.55 58.86 58.20 57.60 57.03 56.40 55.72 55.20 54.83 54.51 54.20 53.91 53.63 53.35 53.09 52.84 52.60 52.37 52.14 51.92 51.71 51.51 51.31 51.12 50.93 50.75 50.58 50.40 50.23 50.06 49.90 49.78
46.01 46.92 47.85 48.80 49.76 50.73 51.72 52.71 53.70 54.69 55.67 56.65 57.62 58.58 59.52 60.44 61.33 62.20 63.05 63.86 64.64 65.37 66.07 66.73 67.33 67.88 68.32 68.61 68.76 68.78 68.68 68.47 68.16 67.75 67.27 66.70 66.08 65.40 64.68 63.92 63.14 62.34 61.53 60.73 59.95 59.18 58.45 57.75 57.11 56.53 55.99 55.46 55.02 54.65 54.29 53.95 53.63 53.33 53.04 52.76 52.51 52.26 52.03 51.82 51.62 51.43 51.25 51.08 50.93 50.78 50.64 50.52 50.40 50.29 50.19 50.09 50.01
