data_processed/recharge/precip/Precip_1990_01.asc
ncols        168
nrows        136
xllcorner    455000
yllcorner    2107000
cellsize     500
NODATA_value     -99999
[rows 74 to 110 of 136, columns 0 to 83 of 168]
3.59 3.40 3.20 3.00 2.79 2.58 2.37 2.16 1.96 1.76 1.58 1.40 1.24 1.10 0.97 0.87 0.78 0.72 0.69 0.69 0.72 0.78 0.88 1.01 1.16 1.33 1.52 1.72 1.94 2.17 2.40 2.64 2.88 3.12 3.36 3.60 3.83 4.05 4.26 4.46 4.64 4.80 4.94 5.06 5.16 5.23 5.27 5.29 5.30 5.29 5.27 5.24 5.20 5.15 5.11 5.06 5.01 4.96 4.91 4.87 4.82 4.77 4.72 4.67 4.62 4.57 4.52 4.47 4.42 4.38 4.33 4.28 4.23 4.18 4.11 4.05 4.02 4.03 4.07 4.14 4.22 4.33 4.46 4.60
3.89 3.69 3.48 3.27 3.05 2.83 2.61 2.40 2.18 1.98 1.78 1.59 1.42 1.27 1.13 1.01 0.91 0.84 0.79 0.78 0.79 0.84 0.92 1.03 1.17 1.34 1.51 1.71 1.92 2.14 2.37 2.60 2.84 3.08 3.32 3.56 3.79 4.02 4.23 4.44 4.63 4.80 4.95 5.08 5.19 5.27 5.32 5.35 5.36 5.35 5.33 5.29 5.25 5.21 5.17 5.12 5.07 5.03 4.97 4.92 4.87 4.81 4.75 4.70 4.64 4.58 4.51 4.45 4.39 4.32 4.26 4.19 4.12 4.05 3.97 3.90 3.85 3.85 3.87 3.93 4.00 4.10 4.22 4.36
4.22 4.02 3.80 3.58 3.35 3.12 2.89 2.66 2.44 2.22 2.01 1.82 1.63 1.46 1.31 1.18 1.06 0.98 0.92 0.88 0.88 0.91 0.98 1.08 1.20 1.35 1.52 1.71 1.91 2.12 2.34 2.57 2.81 3.05 3.29 3.52 3.76 3.99 4.21 4.41 4.61 4.79 4.95 5.09 5.21 5.31 5.37 5.41 5.42 5.41 5.39 5.36 5.32 5.29 5.25 5.20 5.15 5.10 5.05 4.99 4.94 4.87 4.81 4.74 4.67 4.60 4.53 4.45 4.37 4.29 4.21 4.12 4.03 3.94 3.85 3.76 3.70 3.68 3.69 3.73 3.80 3.89 4.00 4.13
4.60 4.38 4.16 3.92 3.69 3.45 3.21 2.97 2.73 2.50 2.28 2.07 1.87 1.68 1.52 1.37 1.24 1.14 1.06 1.01 0.99 1.00 1.05 1.13 1.25 1.38 1.54 1.71 1.90 2.11 2.32 2.55 2.78 3.01 3.25 3.49 3.72 3.95 4.18 4.39 4.59 4.78 4.95 5.10 5.23 5.33 5.41 5.46 5.48 5.48 5.46 5.44 5.41 5.37 5.34 5.29 5.25 5.20 5.14 5.08 5.02 4.95 4.88 4.81 4.73 4.65 4.56 4.47 4.38 4.28 4.18 4.07 3.97 3.86 3.74 3.63 3.56 3.52 3.51 3.54 3.60 3.68 3.79 3.92
5.01 4.78 4.55 4.30 4.05 3.80 3.55 3.30 3.05 2.80 2.57 2.34 2.13 1.93 1.74 1.58 1.44 1.31 1.22 1.15 1.11 1.11 1.14 1.20 1.30 1.42 1.57 1.73 1.91 2.10 2.31 2.53 2.75 2.99 3.22 3.46 3.69 3.92 4.14 4.36 4.57 4.76 4.93 5.09 5.23 5.35 5.44 5.51 5.54 5.54 5.53 5.51 5.49 5.46 5.43 5.39 5.35 5.30 5.24 5.18 5.11 5.04 4.96 4.88 4.80 4.70 4.61 4.50 4.40 4.28 4.17 4.05 3.92 3.79 3.66 3.54 3.45 3.39 3.37 3.39 3.43 3.50 3.60 3.72
5.44 5.20 4.95 4.70 4.44 4.17 3.90 3.64 3.37 3.12 2.86 2.62 2.39 2.18 1.98 1.79 1.63 1.49 1.38 1.29 1.24 1.21 1.22 1.28 1.37 1.48 1.60 1.75 1.92 2.10 2.30 2.51 2.73 2.96 3.19 3.42 3.65 3.88 4.11 4.32 4.53 4.73 4.91 5.08 5.22 5.35 5.45 5.53 5.56 5.56 5.54 5.54 5.53 5.51 5.48 5.45 5.41 5.37 5.31 5.25 5.19 5.11 5.03 4.95 4.86 4.76 4.65 4.54 4.42 4.30 4.17 4.04 3.89 3.75 3.62 3.51 3.42 3.34 3.30 3.30 3.33 3.39 3.48 3.60
5.88 5.64 5.38 5.11 4.83 4.55 4.27 3.99 3.71 3.43 3.16 2.90 2.66 2.42 2.20 2.00 1.82 1.67 1.53 1.43 1.35 1.31 1.31 1.36 1.44 1.53 1.65 1.78 1.94 2.11 2.30 2.50 2.71 2.93 3.15 3.38 3.61 3.84 4.06 4.28 4.49 4.69 4.88 5.05 5.20 5.34 5.45 5.52 5.55 5.53 5.52 5.52 5.52 5.51 5.50 5.47 5.44 5.40 5.36 5.30 5.24 5.17 5.09 5.00 4.91 4.81 4.70 4.58 4.46 4.33 4.19 4.04 3.89 3.75 3.63 3.54 3.45 3.37 3.31 3.29 3.31 3.35 3.43 3.53
6.31 6.08 5.80 5.52 5.23 4.93 4.63 4.34 4.04 3.75 3.46 3.19 2.92 2.67 2.43 2.21 2.01 1.83 1.67 1.55 1.45 1.40 1.40 1.44 1.51 1.60 1.70 1.82 1.96 2.12 2.30 2.49 2.69 2.90 3.11 3.34 3.56 3.79 4.01 4.23 4.44 4.64 4.83 5.00 5.16 5.30 5.41 5.47 5.49 5.47 5.46 5.46 5.46 5.47 5.47 5.46 5.44 5.42 5.38 5.33 5.27 5.21 5.13 5.05 4.96 4.86 4.75 4.63 4.50 4.36 4.22 4.07 3.93 3.80 3.69 3.61 3.53 3.46 3.40 3.36 3.36 3.39 3.45 3.54
6.69 6.50 6.24 5.94 5.63 5.32 5.00 4.69 4.37 4.06 3.76 3.46 3.17 2.90 2.64 2.40 2.18 1.98 1.80 1.66 1.56 1.50 1.49 1.53 1.59 1.67 1.76 1.87 1.99 2.14 2.30 2.48 2.67 2.87 3.08 3.29 3.51 3.73 3.95 4.17 4.38 4.58 4.77 4.95 5.11 5.25 5.34 5.39 5.40 5.38 5.37 5.37 5.38 5.40 5.41 5.42 5.42 5.40 5.38 5.34 5.30 5.24 5.17 5.10 5.01 4.91 4.80 4.68 4.56 4.42 4.27 4.13 4.01 3.90 3.80 3.73 3.66 3.60 3.54 3.50 3.48 3.49 3.53 3.61
7.00 6.87 6.65 6.35 6.03 5.70 5.37 5.03 4.70 4.37 4.04 3.73 3.42 3.12 2.84 2.58 2.34 2.11 1.92 1.77 1.67 1.61 1.59 1.61 1.67 1.73 1.82 1.92 2.03 2.16 2.31 2.48 2.65 2.84 3.04 3.25 3.46 3.68 3.89 4.10 4.31 4.51 4.71 4.89 5.04 5.15 5.23 5.27 5.28 5.26 5.24 5.25 5.27 5.29 5.32 5.35 5.36 5.37 5.36 5.34 5.31 5.26 5.21 5.14 5.06 4.97 4.87 4.75 4.63 4.50 4.36 4.24 4.13 4.03 3.95 3.89 3.83 3.78 3.73 3.69 3.66 3.65 3.68 3.74
7.25 7.16 6.99 6.74 6.42 6.08 5.72 5.37 5.01 4.66 4.32 3.98 3.65 3.33 3.03 2.74 2.47 2.23 2.04 1.88 1.78 1.71 1.69 1.70 1.75 1.81 1.88 1.97 2.08 2.20 2.33 2.48 2.64 2.82 3.01 3.21 3.41 3.62 3.83 4.04 4.24 4.44 4.63 4.80 4.93 5.03 5.09 5.12 5.12 5.10 5.09 5.10 5.13 5.17 5.21 5.25 5.29 5.31 5.32 5.32 5.31 5.28 5.24 5.18 5.12 5.04 4.94 4.84 4.72 4.60 4.49 4.39 4.29 4.21 4.14 4.09 4.04 3.99 3.95 3.92 3.89 3.88 3.88 3.92
7.44 7.40 7.27 7.07 6.79 6.44 6.07 5.69 5.32 4.94 4.57 4.21 3.86 3.52 3.19 2.88 2.60 2.35 2.16 2.00 1.89 1.82 1.79 1.80 1.83 1.88 1.95 2.03 2.12 2.23 2.35 2.49 2.64 2.80 2.98 3.17 3.36 3.56 3.76 3.97 4.17 4.36 4.54 4.68 4.79 4.87 4.92 4.95 4.94 4.93 4.92 4.94 4.98 5.03 5.08 5.14 5.20 5.24 5.28 5.30 5.30 5.29 5.27 5.23 5.18 5.12 5.04 4.94 4.85 4.75 4.66 4.57 4.50 4.43 4.37 4.32 4.28 4.24 4.21 4.18 4.16 4.15 4.15 4.16
7.58 7.57 7.49 7.32 7.08 6.77 6.40 6.00 5.60 5.20 4.81 4.43 4.05 3.68 3.33 3.00 2.72 2.48 2.27 2.12 2.00 1.92 1.89 1.89 1.92 1.96 2.02 2.09 2.17 2.27 2.38 2.51 2.64 2.79 2.96 3.13 3.31 3.50 3.70 3.89 4.09 4.26 4.41 4.53 4.62 4.68 4.73 4.74 4.74 4.73 4.73 4.76 4.81 4.87 4.94 5.02 5.09 5.16 5.22 5.27 5.30 5.31 5.31 5.29 5.26 5.21 5.15 5.08 5.00 4.93 4.86 4.79 4.73 4.68 4.63 4.59 4.56 4.52 4.50 4.47 4.46 4.45 4.45 4.46
7.67 7.69 7.64 7.51 7.31 7.03 6.69 6.29 5.87 5.44 5.03 4.62 4.21 3.82 3.45 3.13 2.84 2.60 2.39 2.23 2.11 2.03 1.99 1.98 2.00 2.04 2.09 2.15 2.23 2.31 2.41 2.53 2.65 2.79 2.94 3.10 3.27 3.45 3.63 3.82 3.99 4.14 4.26 4.35 4.42 4.47 4.51 4.52 4.52 4.51 4.52 4.56 4.62 4.70 4.79 4.89 4.98 5.08 5.17 5.24 5.29 5.33 5.36 5.36 5.35 5.32 5.29 5.24 5.19 5.14 5.09 5.04 4.99 4.95 4.92 4.89 4.86 4.83 4.81 4.79 4.78 4.78 4.78 4.79
7.71 7.76 7.74 7.64 7.46 7.22 6.91 6.53 6.10 5.66 5.21 4.78 4.35 3.94 3.57 3.25 2.96 2.72 2.52 2.35 2.23 2.14 2.09 2.08 2.09 2.12 2.16 2.21 2.28 2.36 2.45 2.55 2.67 2.79 2.92 3.07 3.23 3.40 3.57 3.73 3.87 3.98 4.08 4.15 4.21 4.24 4.27 4.28 4.28 4.28 4.30 4.35 4.43 4.52 4.63 4.75 4.87 4.99 5.11 5.21 5.30 5.36 5.41 5.45 5.46 5.46 5.45 5.44 5.41 5.38 5.35 5.32 5.29 5.26 5.23 5.21 5.19 5.17 5.15 5.14 5.13 5.12 5.13 5.14
7.71 7.78 7.78 7.70 7.55 7.33 7.05 6.70 6.30 5.84 5.37 4.91 4.46 4.06 3.69 3.37 3.08 2.84 2.64 2.47 2.34 2.25 2.20 2.18 2.18 2.20 2.23 2.28 2.34 2.41 2.49 2.58 2.68 2.79 2.92 3.05 3.19 3.35 3.49 3.62 3.72 3.80 3.87 3.93 3.97 4.00 4.02 4.03 4.03 4.04 4.07 4.14 4.23 4.34 4.47 4.61 4.76 4.91 5.05 5.18 5.30 5.41 5.49 5.55 5.60 5.63 5.65 5.66 5.65 5.65 5.63 5.62 5.60 5.58 5.57 5.55 5.54 5.52 5.51 5.50 5.49 5.49 5.50 5.51
7.67 7.76 7.77 7.71 7.58 7.38 7.11 6.79 6.41 5.98 5.50 5.02 4.57 4.17 3.81 3.49 3.21 2.96 2.76 2.59 2.46 2.36 2.30 2.28 2.28 2.29 2.31 2.35 2.40 2.46 2.53 2.61 2.70 2.80 2.91 3.03 3.16 3.28 3.39 3.48 3.55 3.61 3.65 3.69 3.71 3.73 3.75 3.76 3.77 3.79 3.84 3.92 4.03 4.16 4.31 4.48 4.65 4.83 5.00 5.17 5.32 5.46 5.58 5.68 5.75 5.82 5.86 5.90 5.92 5.93 5.94 5.94 5.93 5.93 5.92 5.91 5.91 5.90 5.89 5.88 5.88 5.88 5.88 5.89
7.60 7.69 7.71 7.66 7.54 7.36 7.11 6.81 6.44 6.03 5.58 5.12 4.68 4.29 3.93 3.61 3.33 3.09 2.88 2.71 2.58 2.48 2.41 2.38 2.37 2.37 2.39 2.42 2.46 2.51 2.57 2.64 2.72 2.81 2.91 3.02 3.12 3.20 3.27 3.32 3.36 3.39 3.41 3.43 3.45 3.46 3.47 3.49 3.51 3.54 3.60 3.70 3.83 3.98 4.15 4.34 4.55 4.75 4.96 5.16 5.36 5.53 5.69 5.82 5.93 6.02 6.10 6.16 6.20 6.23 6.26 6.27 6.28 6.29 6.29 6.29 6.29 6.28 6.28 6.28 6.27 6.27 6.28 6.29
7.50 7.59 7.62 7.57 7.46 7.28 7.04 6.75 6.40 6.01 5.61 5.20 4.79 4.40 4.05 3.73 3.45 3.21 3.00 2.83 2.69 2.59 2.52 2.48 2.46 2.46 2.47 2.49 2.52 2.56 2.61 2.68 2.75 2.83 2.92 3.00 3.06 3.10 3.12 3.14 3.15 3.16 3.16 3.16 3.17 3.18 3.19 3.21 3.24 3.28 3.36 3.48 3.63 3.80 4.00 4.22 4.45 4.69 4.93 5.17 5.40 5.62 5.81 5.98 6.12 6.24 6.35 6.43 6.50 6.55 6.59 6.62 6.65 6.66 6.67 6.68 6.68 6.68 6.68 6.68 6.68 6.68 6.68 6.69
7.37 7.46 7.48 7.43 7.32 7.14 6.91 6.62 6.30 5.96 5.61 5.25 4.88 4.51 4.16 3.85 3.57 3.33 3.12 2.95 2.81 2.70 2.63 2.58 2.56 2.55 2.55 2.56 2.58 2.62 2.66 2.71 2.77 2.84 2.90 2.94 2.96 2.97 2.96 2.95 2.93 2.91 2.90 2.89 2.89 2.89 2.90 2.93 2.97 3.03 3.13 3.26 3.43 3.64 3.86 4.11 4.37 4.65 4.92 5.20 5.47 5.71 5.94 6.15 6.33 6.48 6.61 6.72 6.81 6.88 6.94 6.98 7.02 7.04 7.06 7.07 7.08 7.09 7.09 7.09 7.09 7.09 7.10 7.10
7.21 7.29 7.30 7.25 7.13 6.95 6.72 6.45 6.16 5.87 5.56 5.25 4.93 4.61 4.28 3.97 3.69 3.45 3.24 3.07 2.92 2.81 2.73 2.68 2.65 2.64 2.63 2.63 2.65 2.67 2.71 2.75 2.80 2.84 2.86 2.86 2.85 2.82 2.78 2.74 2.70 2.66 2.63 2.61 2.60 2.60 2.62 2.65 2.71 2.78 2.90 3.06 3.25 3.48 3.74 4.01 4.31 4.62 4.93 5.24 5.54 5.82 6.08 6.32 6.54 6.72 6.88 7.01 7.12 7.21 7.29 7.35 7.40 7.43 7.46 7.47 7.49 7.49 7.50 7.50 7.50 7.50 7.51 7.51
7.04 7.10 7.10 7.03 6.90 6.72 6.49 6.25 6.01 5.75 5.49 5.22 4.95 4.67 4.37 4.08 3.81 3.57 3.36 3.19 3.04 2.93 2.84 2.79 2.75 2.72 2.71 2.71 2.71 2.73 2.76 2.79 2.81 2.81 2.80 2.76 2.71 2.65 2.59 2.53 2.46 2.41 2.36 2.33 2.31 2.32 2.34 2.38 2.45 2.54 2.68 2.86 3.08 3.34 3.63 3.94 4.27 4.61 4.96 5.29 5.62 5.93 6.22 6.50 6.74 6.96 7.15 7.31 7.44 7.55 7.64 7.72 7.78 7.82 7.85 7.88 7.89 7.90 7.91 7.91 7.91 7.92 7.92 7.92
6.85 6.89 6.86 6.78 6.63 6.45 6.25 6.05 5.84 5.62 5.40 5.17 4.93 4.69 4.44 4.18 3.93 3.69 3.48 3.30 3.16 3.04 2.95 2.89 2.85 2.81 2.79 2.78 2.78 2.79 2.80 2.81 2.80 2.76 2.70 2.63 2.56 2.47 2.39 2.30 2.22 2.15 2.09 2.05 2.03 2.03 2.06 2.12 2.20 2.31 2.47 2.68 2.93 3.22 3.53 3.88 4.24 4.62 4.99 5.35 5.70 6.04 6.36 6.67 6.94 7.20 7.42 7.60 7.76 7.89 8.00 8.09 8.16 8.21 8.25 8.28 8.29 8.31 8.32 8.32 8.32 8.32 8.32 8.33
6.64 6.65 6.61 6.50 6.35 6.19 6.02 5.85 5.67 5.48 5.29 5.10 4.89 4.69 4.47 4.25 4.03 3.80 3.60 3.42 3.27 3.15 3.06 2.99 2.94 2.90 2.88 2.86 2.85 2.85 2.84 2.80 2.75 2.67 2.59 2.49 2.38 2.28 2.17 2.07 1.97 1.89 1.82 1.78 1.76 1.76 1.80 1.86 1.96 2.10 2.28 2.52 2.80 3.11 3.47 3.85 4.24 4.63 5.02 5.41 5.78 6.15 6.50 6.83 7.14 7.42 7.67 7.89 8.07 8.22 8.35 8.45 8.53 8.59 8.64 8.67 8.69 8.71 8.72 8.72 8.72 8.72 8.72 8.73
6.43 6.41 6.33 6.21 6.08 5.94 5.80 5.65 5.50 5.34 5.18 5.01 4.84 4.66 4.48 4.29 4.10 3.91 3.71 3.53 3.38 3.26 3.16 3.09 3.04 2.99 2.96 2.93 2.92 2.89 2.84 2.76 2.67 2.57 2.45 2.32 2.19 2.07 1.94 1.82 1.72 1.63 1.56 1.51 1.49 1.50 1.54 1.63 1.74 1.90 2.11 2.38 2.69 3.04 3.42 3.83 4.24 4.65 5.06 5.47 5.87 6.25 6.63 6.98 7.32 7.63 7.91 8.16 8.37 8.55 8.69 8.81 8.90 8.97 9.02 9.05 9.08 9.10 9.11 9.11 9.11 9.11 9.12 9.12
6.21 6.15 6.05 5.94 5.83 5.71 5.59 5.47 5.34 5.20 5.06 4.92 4.78 4.63 4.47 4.31 4.15 3.99 3.82 3.65 3.50 3.37 3.27 3.19 3.13 3.08 3.04 3.01 2.96 2.90 2.81 2.70 2.57 2.43 2.29 2.14 1.99 1.85 1.71 1.58 1.47 1.37 1.30 1.25 1.24 1.25 1.31 1.41 1.54 1.73 1.97 2.26 2.60 2.99 3.39 3.81 4.24 4.66 5.09 5.52 5.94 6.35 6.74 7.12 7.48 7.82 8.13 8.40 8.65 8.86 9.02 9.15 9.25 9.33 9.39 9.43 9.45 9.47 9.48 9.49 9.49 9.49 9.50 9.50
5.99 5.90 5.81 5.72 5.62 5.52 5.41 5.30 5.19 5.08 4.96 4.84 4.71 4.58 4.45 4.32 4.18 4.04 3.90 3.75 3.61 3.48 3.37 3.29 3.23 3.17 3.12 3.06 2.98 2.87 2.74 2.60 2.45 2.28 2.11 1.94 1.78 1.62 1.47 1.33 1.22 1.12 1.05 1.01 1.00 1.03 1.09 1.21 1.37 1.58 1.85 2.17 2.55 2.95 3.37 3.80 4.24 4.68 5.12 5.57 6.00 6.43 6.85 7.25 7.63 7.99 8.32 8.62 8.90 9.13 9.33 9.48 9.59 9.68 9.74 9.78 9.81 9.83 9.84 9.85 9.85 9.86 9.86 9.87
5.79 5.71 5.62 5.54 5.45 5.36 5.26 5.17 5.07 4.97 4.86 4.76 4.65 4.54 4.43 4.31 4.19 4.08 3.95 3.83 3.71 3.59 3.48 3.39 3.32 3.26 3.18 3.08 2.96 2.82 2.66 2.48 2.30 2.11 1.92 1.74 1.56 1.38 1.23 1.09 0.97 0.87 0.81 0.77 0.77 0.82 0.90 1.03 1.22 1.46 1.76 2.11 2.50 2.91 3.34 3.78 4.23 4.69 5.14 5.60 6.05 6.50 6.93 7.35 7.75 8.13 8.49 8.82 9.11 9.37 9.60 9.78 9.91 10.01 10.08 10.12 10.15 10.17 10.18 10.19 10.20 10.21 10.21 10.22
5.65 5.57 5.49 5.41 5.33 5.24 5.16 5.07 4.98 4.89 4.79 4.70 4.60 4.50 4.40 4.30 4.20 4.10 4.00 3.89 3.79 3.68 3.58 3.49 3.41 3.32 3.21 3.07 2.91 2.73 2.54 2.34 2.13 1.93 1.72 1.52 1.32 1.15 0.98 0.84 0.72 0.63 0.57 0.55 0.57 0.63 0.73 0.89 1.10 1.37 1.70 2.07 2.46 2.88 3.31 3.76 4.22 4.68 5.15 5.62 6.09 6.55 7.00 7.43 7.85 8.25 8.63 8.98 9.29 9.58 9.83 10.03 10.20 10.31 10.39 10.43 10.46 10.49 10.51 10.52 10.53 10.53 10.54 10.54
5.59 5.51 5.43 5.34 5.26 5.18 5.09 5.01 4.92 4.84 4.75 4.66 4.57 4.48 4.39 4.30 4.21 4.12 4.03 3.94 3.85 3.76 3.67 3.58 3.48 3.35 3.20 3.02 2.83 2.62 2.40 2.18 1.95 1.73 1.50 1.29 1.09 0.91 0.74 0.60 0.49 0.40 0.36 0.35 0.38 0.46 0.59 0.77 1.01 1.31 1.65 2.02 2.42 2.84 3.28 3.73 4.19 4.67 5.14 5.62 6.10 6.57 7.04 7.49 7.92 8.34 8.73 9.10 9.44 9.75 10.02 10.25 10.44 10.58 10.67 10.72 10.76 10.78 10.81 10.82 10.83 10.84 10.84 10.85
5.57 5.49 5.40 5.32 5.24 5.15 5.07 4.98 4.90 4.81 4.73 4.65 4.56 4.48 4.40 4.32 4.23 4.15 4.07 4.00 3.92 3.84 3.77 3.70 3.58 3.41 3.21 3.00 2.78 2.54 2.29 2.05 1.80 1.56 1.32 1.10 0.89 0.70 0.53 0.40 0.29 0.21 0.18 0.18 0.23 0.33 0.49 0.70 0.96 1.27 1.61 1.99 2.38 2.80 3.24 3.70 4.17 4.64 5.13 5.62 6.10 6.58 7.06 7.52 7.97 8.40 8.81 9.20 9.55 9.88 10.17 10.42 10.63 10.80 10.91 10.96 11.00 11.04 11.06 11.08 11.09 11.10 11.11 11.11
5.57 5.48 5.40 5.31 5.22 5.14 5.05 4.97 4.88 4.80 4.72 4.64 4.56 4.49 4.41 4.34 4.27 4.19 4.12 4.06 3.99 3.93 3.88 3.85 3.75 3.57 3.33 3.08 2.82 2.55 2.28 2.01 1.74 1.47 1.22 0.99 0.77 0.57 0.41 0.27 0.16 0.09 0.07 0.08 0.15 0.27 0.44 0.68 0.95 1.26 1.60 1.97 2.36 2.78 3.22 3.68 4.15 4.63 5.12 5.61 6.11 6.60 7.08 7.55 8.01 8.46 8.88 9.28 9.65 9.99 10.30 10.58 10.81 10.99 11.10 11.14 11.18 11.22 11.25 11.28 11.30 11.31 11.32 11.33
5.58 5.48 5.39 5.30 5.22 5.13 5.04 4.96 4.88 4.80 4.72 4.65 4.58 4.50 4.44 4.37 4.31 4.25 4.19 4.13 4.08 4.04 4.03 4.03 3.97 3.81 3.56 3.27 2.97 2.66 2.36 2.06 1.76 1.48 1.21 0.96 0.73 0.52 0.35 0.21 0.10 0.04 0.02 0.05 0.13 0.26 0.46 0.69 0.97 1.28 1.61 1.98 2.37 2.79 3.22 3.68 4.15 4.63 5.12 5.62 6.11 6.61 7.10 7.58 8.05 8.50 8.94 9.35 9.74 10.10 10.42 10.71 10.95 11.13 11.23 11.27 11.30 11.33 11.37 11.41 11.43 11.45 11.47 11.48
5.58 5.49 5.40 5.31 5.22 5.13 5.04 4.96 4.88 4.81 4.73 4.66 4.60 4.53 4.47 4.41 4.36 4.31 4.26 4.21 4.19 4.19 4.21 4.24 4.22 4.08 3.85 3.54 3.20 2.86 2.52 2.19 1.87 1.56 1.27 1.00 0.76 0.54 0.36 0.21 0.11 0.04 0.03 0.06 0.15 0.30 0.50 0.73 1.01 1.31 1.65 2.01 2.40 2.81 3.24 3.70 4.16 4.64 5.13 5.63 6.13 6.63 7.12 7.61 8.09 8.55 8.99 9.41 9.81 10.18 10.52 10.82 11.05 11.21 11.30 11.33 11.36 11.39 11.43 11.48 11.51 11.54 11.57 11.59
5.59 5.50 5.41 5.32 5.22 5.14 5.05 4.97 4.89 4.82 4.75 4.69 4.62 4.57 4.51 4.46 4.42 4.38 4.34 4.32 4.33 4.36 4.42 4.48 4.48 4.38 4.17 3.88 3.52 3.14 2.77 2.40 2.05 1.72 1.40 1.11 0.85 0.62 0.43 0.28 0.16 0.10 0.09 0.13 0.22 0.37 0.56 0.80 1.07 1.37 1.70 2.07 2.45 2.86 3.29 3.73 4.20 4.67 5.16 5.66 6.16 6.66 7.15 7.64 8.12 8.59 9.04 9.47 9.88 10.26 10.60 10.88 11.10 11.25 11.32 11.35 11.38 11.41 11.45 11.49 11.54 11.58 11.61 11.64
5.58 5.51 5.42 5.33 5.24 5.15 5.07 4.99 4.91 4.84 4.78 4.72 4.66 4.61 4.56 4.52 4.49 4.46 4.44 4.46 4.50 4.56 4.65 4.74 4.77 4.69 4.51 4.24 3.89 3.49 3.08 2.68 2.30 1.93 1.59 1.28 1.00 0.76 0.55 0.38 0.27 0.20 0.18 0.23 0.32 0.46 0.65 0.88 1.14 1.44 1.78 2.14 2.52 2.93 3.35 3.79 4.25 4.72 5.20 5.70 6.19 6.69 7.19 7.68 8.16 8.63 9.09 9.52 9.94 10.32 10.64 10.90 11.10 11.23 11.30 11.33 11.35 11.38 11.42 11.46 11.51 11.56 11.61 11.65
5.58 5.51 5.43 5.34 5.26 5.17 5.08 5.01 4.94 4.87 4.81 4.75 4.70 4.66 4.62 4.59 4.56 4.56 4.58 4.63 4.70 4.79 4.90 5.02 5.07 5.01 4.85 4.60 4.28 3.89 3.46 3.02 2.60 2.21 1.84 1.50 1.20 0.93 0.71 0.53 0.40 0.33 0.31 0.35 0.44 0.57 0.75 0.98 1.24 1.54 1.87 2.23 2.61 3.02 3.44 3.87 4.32 4.79 5.26 5.75 6.24 6.74 7.23 7.72 8.20 8.67 9.13 9.57 9.98 10.34 10.64 10.88 11.05 11.18 11.24 11.26 11.29 11.31 11.35 11.39 11.44 11.50 11.57 11.62
