data_processed/recharge/precip/Precip_2013_11.asc
ncols        168
nrows        136
xllcorner    455000
yllcorner    2107000
cellsize     500
NODATA_value     -99999
[rows 68 to 101 of 136, columns 0 to 76 of 168]
72.62 73.11 73.56 73.96 74.32 74.65 74.95 75.23 75.49 75.74 75.98 76.24 76.49 76.74 76.98 77.23 77.48 77.74 78.00 78.28 78.57 78.88 79.21 79.57 79.99 80.48 81.04 81.65 82.30 82.98 83.69 84.41 85.13 85.83 86.52 87.17 87.81 88.44 89.07 89.68 90.29 90.88 91.46 92.04 92.61 93.18 93.74 94.30 94.87 95.42 95.93 96.38 96.76 97.08 97.34 97.53 97.65 97.71 97.70 97.62 97.48 97.27 96.95 96.41 95.61 94.56 93.28 91.78 90.07 88.15 86.05 83.78 81.34 78.75 76.02 73.29 71.01
72.78 73.24 73.66 74.04 74.38 74.70 74.99 75.26 75.52 75.78 76.09 76.48 76.90 77.32 77.72 78.12 78.51 78.89 79.27 79.65 80.04 80.43 80.84 81.25 81.71 82.20 82.72 83.26 83.81 84.36 84.89 85.41 85.88 86.32 86.69 87.04 87.45 87.97 88.54 89.11 89.66 90.21 90.74 91.27 91.79 92.31 92.82 93.33 93.84 94.34 94.81 95.21 95.56 95.86 96.10 96.28 96.40 96.46 96.47 96.41 96.30 96.09 95.71 95.13 94.32 93.26 91.97 90.46 88.74 86.82 84.71 82.43 79.99 77.40 74.68 71.96 69.70
72.96 73.39 73.78 74.14 74.46 74.76 75.05 75.31 75.58 75.90 76.30 76.77 77.32 77.90 78.47 79.01 79.54 80.05 80.54 81.03 81.51 81.99 82.46 82.94 83.43 83.92 84.41 84.88 85.33 85.74 86.11 86.41 86.65 86.81 86.91 87.05 87.29 87.63 88.09 88.60 89.10 89.60 90.08 90.55 91.02 91.48 91.93 92.38 92.83 93.28 93.69 94.05 94.37 94.63 94.85 95.02 95.13 95.20 95.21 95.18 95.05 94.77 94.31 93.66 92.83 91.78 90.49 88.99 87.28 85.38 83.29 81.02 78.60 76.03 73.33 70.63 68.43
73.16 73.55 73.91 74.24 74.55 74.84 75.11 75.39 75.71 76.11 76.60 77.15 77.78 78.48 79.19 79.89 80.55 81.19 81.80 82.39 82.97 83.53 84.08 84.61 85.13 85.63 86.08 86.49 86.84 87.11 87.31 87.41 87.41 87.32 87.25 87.25 87.33 87.51 87.79 88.18 88.62 89.05 89.47 89.89 90.29 90.69 91.09 91.48 91.87 92.25 92.61 92.92 93.19 93.42 93.61 93.76 93.87 93.93 93.95 93.89 93.68 93.31 92.76 92.05 91.17 90.12 88.86 87.39 85.71 83.84 81.79 79.56 77.18 74.65 71.98 69.34 67.20
73.35 73.71 74.05 74.36 74.65 74.92 75.19 75.52 75.92 76.41 76.97 77.61 78.31 79.07 79.89 80.72 81.52 82.29 83.02 83.72 84.39 85.03 85.65 86.25 86.80 87.30 87.72 88.06 88.31 88.45 88.47 88.37 88.16 87.93 87.75 87.63 87.57 87.59 87.70 87.91 88.23 88.59 88.95 89.30 89.64 89.98 90.31 90.63 90.95 91.27 91.56 91.82 92.05 92.24 92.40 92.53 92.62 92.67 92.66 92.51 92.20 91.73 91.11 90.34 89.41 88.33 87.10 85.67 84.05 82.23 80.23 78.06 75.73 73.26 70.66 68.08 66.03
73.53 73.87 74.18 74.46 74.74 75.01 75.33 75.73 76.22 76.78 77.41 78.11 78.88 79.70 80.58 81.51 82.44 83.33 84.18 84.98 85.75 86.47 87.16 87.82 88.42 88.91 89.30 89.58 89.72 89.72 89.58 89.30 88.98 88.68 88.40 88.17 87.98 87.86 87.82 87.86 88.00 88.24 88.52 88.81 89.08 89.34 89.60 89.85 90.10 90.35 90.58 90.78 90.95 91.10 91.23 91.32 91.39 91.40 91.29 91.03 90.62 90.07 89.38 88.55 87.58 86.47 85.23 83.85 82.29 80.55 78.62 76.53 74.28 71.89 69.37 66.87 64.92
73.70 74.01 74.29 74.56 74.82 75.14 75.53 76.02 76.57 77.20 77.90 78.67 79.49 80.36 81.29 82.27 83.28 84.29 85.26 86.17 87.02 87.83 88.60 89.32 89.95 90.45 90.81 91.01 91.05 90.92 90.64 90.28 89.92 89.55 89.20 88.87 88.58 88.33 88.14 88.03 87.99 88.05 88.21 88.41 88.61 88.80 88.99 89.16 89.34 89.51 89.66 89.80 89.92 90.02 90.10 90.17 90.18 90.08 89.85 89.48 88.98 88.35 87.60 86.72 85.71 84.58 83.33 81.96 80.47 78.81 76.98 74.98 72.83 70.54 68.12 65.73 63.90
73.85 74.12 74.38 74.64 74.94 75.33 75.80 76.35 76.98 77.67 78.43 79.24 80.12 81.04 82.01 83.03 84.08 85.16 86.23 87.25 88.20 89.10 89.93 90.71 91.38 91.88 92.21 92.35 92.29 92.05 91.72 91.35 90.95 90.54 90.12 89.71 89.33 88.97 88.66 88.40 88.21 88.10 88.08 88.15 88.26 88.37 88.48 88.57 88.66 88.75 88.83 88.90 88.96 89.01 89.05 89.04 88.94 88.71 88.36 87.90 87.31 86.61 85.80 84.87 83.83 82.68 81.43 80.07 78.61 77.04 75.32 73.43 71.40 69.22 66.92 64.66 62.98
73.97 74.21 74.45 74.74 75.12 75.58 76.12 76.73 77.42 78.16 78.97 79.84 80.75 81.72 82.72 83.77 84.85 85.96 87.09 88.20 89.25 90.23 91.15 91.99 92.69 93.19 93.49 93.56 93.43 93.18 92.86 92.49 92.08 91.63 91.17 90.70 90.23 89.78 89.36 88.97 88.64 88.37 88.17 88.06 88.04 88.07 88.08 88.10 88.10 88.10 88.10 88.10 88.09 88.08 88.04 87.91 87.67 87.32 86.86 86.30 85.63 84.87 84.00 83.03 81.97 80.81 79.56 78.21 76.78 75.26 73.64 71.89 69.99 67.96 65.80 63.68 62.16
74.04 74.27 74.54 74.90 75.35 75.87 76.47 77.14 77.87 78.67 79.52 80.43 81.38 82.38 83.41 84.48 85.59 86.71 87.86 89.02 90.16 91.23 92.21 93.12 93.85 94.36 94.62 94.66 94.55 94.34 94.05 93.70 93.28 92.82 92.32 91.81 91.28 90.74 90.23 89.73 89.27 88.86 88.50 88.22 88.02 87.90 87.82 87.75 87.66 87.57 87.49 87.41 87.33 87.23 87.05 86.78 86.41 85.94 85.38 84.72 83.98 83.15 82.24 81.23 80.15 78.98 77.74 76.42 75.02 73.55 72.00 70.38 68.63 66.75 64.75 62.80 61.47
74.08 74.34 74.68 75.10 75.61 76.19 76.84 77.56 78.34 79.17 80.06 81.00 81.99 83.01 84.07 85.16 86.27 87.41 88.57 89.74 90.91 92.05 93.11 94.08 94.85 95.37 95.62 95.71 95.67 95.53 95.29 94.96 94.56 94.10 93.58 93.03 92.45 91.86 91.26 90.67 90.09 89.55 89.06 88.61 88.24 87.94 87.72 87.54 87.36 87.18 87.00 86.84 86.66 86.42 86.08 85.67 85.17 84.59 83.93 83.20 82.38 81.50 80.54 79.51 78.41 77.24 76.01 74.71 73.35 71.94 70.46 68.92 67.32 65.62 63.80 62.03 60.90
74.13 74.44 74.85 75.33 75.89 76.52 77.21 77.97 78.79 79.66 80.58 81.55 82.55 83.60 84.67 85.77 86.90 88.04 89.20 90.36 91.53 92.70 93.83 94.85 95.67 96.21 96.55 96.74 96.80 96.73 96.55 96.27 95.90 95.45 94.93 94.36 93.75 93.10 92.44 91.77 91.10 90.45 89.82 89.23 88.70 88.22 87.82 87.50 87.21 86.93 86.66 86.38 86.05 85.64 85.16 84.61 84.00 83.31 82.56 81.74 80.87 79.93 78.93 77.88 76.77 75.60 74.39 73.13 71.81 70.45 69.05 67.60 66.12 64.58 62.95 61.39 60.47
74.20 74.57 75.03 75.56 76.17 76.84 77.58 78.37 79.22 80.12 81.06 82.05 83.07 84.13 85.21 86.32 87.44 88.58 89.73 90.89 92.04 93.20 94.34 95.42 96.30 96.95 97.43 97.75 97.91 97.94 97.83 97.61 97.28 96.86 96.36 95.78 95.15 94.47 93.76 93.02 92.27 91.52 90.78 90.07 89.39 88.75 88.18 87.67 87.23 86.84 86.45 86.01 85.50 84.94 84.32 83.64 82.91 82.12 81.28 80.39 79.46 78.47 77.44 76.37 75.26 74.11 72.92 71.69 70.43 69.13 67.81 66.45 65.07 63.66 62.22 60.87 60.00
74.26 74.69 75.19 75.77 76.42 77.13 77.90 78.72 79.60 80.52 81.48 82.49 83.52 84.58 85.67 86.77 87.90 89.03 90.17 91.31 92.44 93.58 94.70 95.80 96.81 97.64 98.27 98.72 99.01 99.14 99.13 98.98 98.71 98.33 97.86 97.30 96.66 95.97 95.22 94.43 93.61 92.78 91.95 91.12 90.31 89.53 88.79 88.11 87.49 86.93 86.36 85.74 85.07 84.36 83.60 82.80 81.96 81.07 80.15 79.20 78.21 77.18 76.13 75.04 73.93 72.79 71.63 70.45 69.24 68.02 66.78 65.52 64.25 62.97 61.67 60.38 59.28
74.09 74.58 75.15 75.78 76.48 77.23 78.05 78.91 79.82 80.77 81.76 82.79 83.84 84.92 86.02 87.13 88.26 89.39 90.53 91.66 92.79 93.91 95.02 96.16 97.28 98.28 99.08 99.69 100.11 100.36 100.46 100.40 100.21 99.89 99.46 98.93 98.31 97.61 96.84 96.02 95.15 94.25 93.33 92.41 91.48 90.58 89.69 88.85 88.05 87.28 86.51 85.72 84.89 84.04 83.15 82.23 81.28 80.31 79.31 78.29 77.26 76.20 75.12 74.03 72.93 71.81 70.68 69.55 68.40 67.26 66.11 64.95 63.80 62.65 61.46 60.17 58.89
73.61 74.18 74.81 75.52 76.28 77.10 77.97 78.89 79.85 80.85 81.88 82.95 84.03 85.14 86.27 87.41 88.55 89.70 90.85 91.99 93.13 94.25 95.40 96.59 97.77 98.88 99.85 100.63 101.21 101.61 101.82 101.87 101.77 101.53 101.16 100.68 100.08 99.39 98.63 97.78 96.88 95.94 94.95 93.95 92.93 91.90 90.89 89.90 88.91 87.94 86.98 86.01 85.03 84.03 83.02 81.99 80.95 79.89 78.83 77.75 76.67 75.58 74.49 73.40 72.31 71.22 70.14 69.06 67.98 66.92 65.86 64.82 63.79 62.73 61.57 60.32 59.02
72.84 73.49 74.21 75.00 75.84 76.74 77.69 78.67 79.70 80.76 81.86 82.97 84.11 85.27 86.44 87.62 88.80 89.98 91.16 92.33 93.48 94.65 95.86 97.10 98.33 99.50 100.59 101.54 102.29 102.84 103.19 103.37 103.38 103.23 102.94 102.51 101.96 101.31 100.55 99.71 98.79 97.81 96.78 95.70 94.60 93.49 92.36 91.21 90.06 88.90 87.75 86.61 85.48 84.35 83.21 82.08 80.95 79.81 78.68 77.56 76.44 75.34 74.24 73.15 72.08 71.03 69.99 68.97 67.97 66.99 66.04 65.11 64.17 63.13 61.99 60.76 59.49
71.86 72.55 73.36 74.25 75.19 76.18 77.22 78.29 79.40 80.54 81.71 82.90 84.11 85.33 86.56 87.79 89.02 90.25 91.47 92.68 93.89 95.12 96.38 97.68 98.96 100.18 101.33 102.39 103.32 104.04 104.55 104.87 105.00 104.96 104.76 104.41 103.93 103.32 102.59 101.76 100.84 99.85 98.78 97.66 96.49 95.29 94.04 92.76 91.45 90.13 88.81 87.51 86.23 84.96 83.72 82.49 81.27 80.06 78.88 77.71 76.57 75.44 74.34 73.27 72.22 71.21 70.22 69.27 68.35 67.47 66.63 65.77 64.84 63.81 62.69 61.47 60.22
70.71 71.42 72.30 73.30 74.35 75.45 76.59 77.77 78.97 80.21 81.46 82.74 84.03 85.33 86.63 87.94 89.24 90.53 91.81 93.08 94.35 95.63 96.95 98.31 99.65 100.92 102.13 103.25 104.29 105.18 105.87 106.34 106.62 106.70 106.61 106.36 105.95 105.40 104.72 103.92 103.02 102.02 100.94 99.79 98.57 97.28 95.93 94.53 93.08 91.60 90.13 88.68 87.27 85.88 84.53 83.20 81.90 80.64 79.40 78.20 77.03 75.89 74.80 73.74 72.73 71.76 70.84 69.96 69.13 68.35 67.57 66.72 65.78 64.75 63.63 62.43 61.19
69.42 70.15 71.08 72.16 73.33 74.56 75.82 77.11 78.43 79.78 81.14 82.52 83.91 85.30 86.69 88.09 89.47 90.84 92.18 93.51 94.84 96.19 97.56 98.98 100.38 101.71 102.97 104.15 105.25 106.26 107.12 107.77 108.20 108.43 108.46 108.32 108.00 107.53 106.92 106.17 105.30 104.31 103.23 102.06 100.79 99.43 97.99 96.48 94.90 93.29 91.68 90.11 88.58 87.08 85.63 84.21 82.84 81.52 80.24 79.00 77.82 76.68 75.60 74.57 73.59 72.67 71.82 71.02 70.28 69.55 68.76 67.90 66.95 65.92 64.80 63.61 62.38
68.00 68.76 69.74 70.89 72.17 73.53 74.93 76.36 77.81 79.28 80.76 82.26 83.76 85.26 86.76 88.26 89.73 91.17 92.58 93.98 95.37 96.78 98.21 99.69 101.15 102.54 103.86 105.09 106.25 107.32 108.30 109.12 109.72 110.11 110.29 110.27 110.07 109.69 109.16 108.47 107.65 106.70 105.63 104.43 103.12 101.71 100.19 98.59 96.91 95.17 93.45 91.76 90.13 88.54 87.00 85.51 84.08 82.70 81.38 80.12 78.93 77.79 76.73 75.73 74.80 73.94 73.15 72.44 71.75 71.00 70.19 69.30 68.34 67.30 66.18 64.99 63.76
66.46 67.26 68.29 69.52 70.91 72.40 73.94 75.52 77.11 78.72 80.35 81.98 83.61 85.24 86.86 88.46 90.02 91.53 93.00 94.46 95.92 97.39 98.89 100.42 101.94 103.39 104.77 106.07 107.28 108.41 109.45 110.39 111.17 111.73 112.07 112.19 112.12 111.85 111.41 110.81 110.05 109.14 108.08 106.88 105.55 104.10 102.53 100.85 99.08 97.23 95.40 93.63 91.90 90.24 88.63 87.08 85.60 84.18 82.83 81.55 80.35 79.23 78.18 77.22 76.34 75.55 74.83 74.16 73.44 72.65 71.81 70.89 69.91 68.86 67.73 66.54 65.31
64.84 65.67 66.76 68.08 69.57 71.18 72.88 74.62 76.38 78.14 79.92 81.70 83.47 85.24 86.99 88.68 90.31 91.89 93.43 94.95 96.48 98.01 99.57 101.17 102.75 104.27 105.70 107.06 108.34 109.52 110.62 111.62 112.52 113.26 113.77 114.06 114.13 113.99 113.66 113.15 112.47 111.61 110.58 109.39 108.05 106.57 104.96 103.22 101.38 99.44 97.52 95.67 93.87 92.15 90.49 88.90 87.38 85.93 84.56 83.27 82.07 80.96 79.95 79.03 78.21 77.48 76.80 76.08 75.31 74.49 73.60 72.66 71.65 70.57 69.43 68.24 67.01
63.13 64.00 65.16 66.57 68.16 69.91 71.77 73.68 75.61 77.55 79.50 81.44 83.38 85.29 87.14 88.90 90.60 92.24 93.85 95.45 97.04 98.64 100.27 101.93 103.57 105.15 106.65 108.07 109.40 110.65 111.81 112.87 113.84 114.69 115.38 115.84 116.07 116.08 115.88 115.48 114.87 114.07 113.09 111.92 110.59 109.10 107.47 105.69 103.78 101.78 99.78 97.86 96.02 94.24 92.55 90.93 89.39 87.94 86.56 85.28 84.09 83.00 82.02 81.15 80.39 79.69 78.95 78.18 77.35 76.47 75.55 74.56 73.52 72.43 71.27 70.06 68.82
61.37 62.29 63.52 65.01 66.72 68.61 70.62 72.72 74.85 76.98 79.11 81.23 83.33 85.34 87.26 89.10 90.87 92.59 94.27 95.93 97.59 99.26 100.95 102.68 104.39 106.03 107.59 109.07 110.47 111.78 113.00 114.13 115.15 116.07 116.88 117.52 117.93 118.09 118.03 117.75 117.23 116.51 115.58 114.46 113.16 111.68 110.03 108.23 106.28 104.21 102.16 100.19 98.31 96.51 94.79 93.16 91.62 90.17 88.81 87.55 86.39 85.33 84.39 83.58 82.82 82.06 81.25 80.41 79.52 78.59 77.61 76.59 75.52 74.39 73.21 71.98 70.73
59.57 60.54 61.84 63.43 65.26 67.28 69.46 71.74 74.08 76.43 78.77 81.07 83.27 85.37 87.36 89.27 91.11 92.91 94.66 96.39 98.12 99.86 101.62 103.42 105.19 106.90 108.52 110.07 111.53 112.91 114.19 115.38 116.47 117.45 118.33 119.08 119.67 120.01 120.10 119.93 119.53 118.90 118.05 116.98 115.72 114.26 112.62 110.81 108.83 106.72 104.63 102.63 100.73 98.91 97.19 95.56 94.04 92.61 91.28 90.06 88.94 87.93 87.04 86.23 85.41 84.55 83.67 82.75 81.80 80.81 79.78 78.71 77.60 76.44 75.23 73.98 72.71
57.75 58.77 60.14 61.83 63.79 65.96 68.30 70.78 73.33 75.92 78.47 80.89 83.18 85.35 87.42 89.41 91.33 93.19 95.02 96.83 98.63 100.43 102.26 104.13 105.97 107.74 109.44 111.05 112.58 114.02 115.37 116.62 117.77 118.82 119.76 120.58 121.28 121.79 122.03 122.01 121.74 121.21 120.45 119.46 118.25 116.83 115.21 113.41 111.42 109.29 107.17 105.16 103.24 101.43 99.72 98.12 96.62 95.23 93.95 92.78 91.73 90.79 89.91 89.01 88.10 87.15 86.19 85.19 84.17 83.12 82.03 80.91 79.75 78.55 77.31 76.03 74.74
55.92 57.00 58.45 60.25 62.33 64.65 67.17 69.84 72.61 75.41 78.11 80.66 83.03 85.29 87.44 89.50 91.50 93.44 95.34 97.22 99.09 100.97 102.87 104.81 106.72 108.56 110.32 112.00 113.60 115.11 116.52 117.84 119.05 120.17 121.17 122.05 122.81 123.42 123.82 123.96 123.82 123.42 122.77 121.87 120.73 119.37 117.79 116.01 114.02 111.88 109.76 107.74 105.84 104.04 102.36 100.79 99.34 98.01 96.79 95.70 94.72 93.81 92.87 91.88 90.87 89.83 88.77 87.70 86.60 85.48 84.33 83.15 81.94 80.70 79.42 78.11 76.78
54.11 55.24 56.79 58.69 60.90 63.37 66.07 68.94 71.90 74.83 77.64 80.31 82.82 85.16 87.39 89.54 91.61 93.63 95.61 97.56 99.51 101.46 103.43 105.44 107.42 109.33 111.17 112.92 114.58 116.16 117.64 119.02 120.31 121.48 122.55 123.49 124.29 124.95 125.46 125.76 125.78 125.51 124.98 124.19 123.14 121.85 120.33 118.58 116.61 114.48 112.36 110.37 108.49 106.73 105.09 103.57 102.18 100.92 99.78 98.77 97.83 96.86 95.85 94.80 93.69 92.56 91.41 90.25 89.07 87.87 86.65 85.41 84.15 82.86 81.54 80.19 78.83
52.32 53.53 55.16 57.17 59.52 62.15 65.03 68.07 71.12 74.12 77.03 79.82 82.47 84.96 87.28 89.51 91.66 93.76 95.82 97.85 99.87 101.89 103.94 106.02 108.07 110.06 111.96 113.78 115.52 117.16 118.71 120.17 121.52 122.76 123.88 124.87 125.72 126.43 126.99 127.38 127.56 127.46 127.06 126.39 125.45 124.25 122.79 121.10 119.17 117.06 114.97 113.00 111.16 109.45 107.87 106.43 105.11 103.93 102.89 101.92 100.93 99.90 98.82 97.70 96.53 95.31 94.07 92.82 91.55 90.27 88.98 87.68 86.35 85.01 83.64 82.25 80.85
50.59 51.86 53.59 55.72 58.20 61.00 64.02 67.13 70.22 73.27 76.27 79.17 81.96 84.60 87.08 89.40 91.64 93.82 95.95 98.06 100.16 102.26 104.39 106.54 108.66 110.72 112.69 114.59 116.39 118.11 119.73 121.26 122.67 123.97 125.15 126.19 127.09 127.84 128.45 128.90 129.18 129.23 128.99 128.46 127.64 126.54 125.17 123.54 121.67 119.59 117.54 115.63 113.84 112.20 110.70 109.33 108.11 107.03 106.03 105.02 103.96 102.87 101.73 100.55 99.33 98.05 96.73 95.38 94.02 92.66 91.29 89.92 88.53 87.12 85.70 84.27 82.82
48.92 50.27 52.09 54.34 56.97 59.89 62.95 66.05 69.17 72.28 75.34 78.35 81.26 84.06 86.71 89.20 91.53 93.79 96.01 98.20 100.37 102.55 104.75 106.98 109.18 111.31 113.36 115.33 117.21 119.00 120.69 122.28 123.76 125.11 126.34 127.44 128.39 129.19 129.85 130.34 130.67 130.82 130.74 130.36 129.67 128.69 127.43 125.89 124.08 122.06 120.07 118.22 116.51 114.95 113.53 112.27 111.15 110.13 109.08 108.01 106.90 105.74 104.55 103.32 102.04 100.71 99.33 97.91 96.46 95.01 93.56 92.10 90.64 89.18 87.70 86.21 84.71
47.33 48.76 50.69 53.06 55.80 58.72 61.75 64.83 67.97 71.11 74.24 77.34 80.37 83.31 86.13 88.80 91.31 93.67 95.97 98.24 100.50 102.76 105.03 107.34 109.62 111.82 113.95 115.99 117.94 119.81 121.57 123.22 124.76 126.17 127.46 128.60 129.61 130.47 131.17 131.71 132.08 132.28 132.30 132.08 131.54 130.70 129.55 128.11 126.39 124.44 122.52 120.75 119.13 117.66 116.36 115.21 114.15 113.08 111.98 110.85 109.69 108.48 107.24 105.95 104.62 103.25 101.82 100.35 98.83 97.29 95.75 94.22 92.68 91.15 89.61 88.06 86.51
45.85 47.36 49.40 51.85 54.56 57.41 60.39 63.46 66.59 69.76 72.95 76.13 79.26 82.33 85.31 88.17 90.88 93.43 95.84 98.19 100.53 102.87 105.22 107.61 109.96 112.24 114.45 116.56 118.59 120.53 122.36 124.07 125.67 127.14 128.48 129.68 130.74 131.65 132.40 132.99 133.41 133.66 133.72 133.59 133.22 132.52 131.51 130.19 128.57 126.70 124.87 123.19 121.68 120.33 119.15 118.06 116.96 115.84 114.69 113.51 112.29 111.04 109.75 108.42 107.04 105.63 104.16 102.65 101.09 99.48 97.85 96.23 94.62 93.01 91.40 89.79 88.18
