data_processed/recharge/precip/Precip_2009_02.asc
ncols        168
nrows        136
xllcorner    455000
yllcorner    2107000
cellsize     500
NODATA_value     -99999
[rows 72 to 107 of 136, columns 80 to 159 of 168]
14.40 13.60 12.83 12.12 11.45 10.82 10.23 9.68 9.18 8.72 8.29 7.90 7.55 7.24 6.96 6.72 6.51 6.33 6.17 6.03 5.91 5.80 5.71 5.63 5.57 5.53 5.50 5.49 5.48 5.47 5.45 5.42 5.38 5.34 5.29 5.23 5.17 5.10 5.04 4.96 4.89 4.81 4.73 4.65 4.58 4.50 4.42 4.35 4.28 4.22 4.15 4.09 4.03 3.98 3.92 3.86 3.80 3.74 3.68 3.62 3.56 3.50 3.44 3.38 3.33 3.27 3.21 3.15 3.09 3.04 2.98 2.92 2.87 2.81 2.76 2.72 2.69 2.67 2.66 2.66
15.11 14.29 13.53 12.80 12.12 11.48 10.88 10.33 9.81 9.33 8.89 8.49 8.13 7.80 7.50 7.24 7.01 6.81 6.62 6.44 6.28 6.14 6.01 5.90 5.80 5.72 5.65 5.61 5.57 5.55 5.52 5.48 5.43 5.38 5.32 5.25 5.18 5.11 5.04 4.96 4.88 4.79 4.71 4.63 4.55 4.47 4.39 4.31 4.24 4.17 4.11 4.05 3.99 3.93 3.87 3.81 3.75 3.69 3.63 3.57 3.52 3.46 3.40 3.34 3.28 3.22 3.16 3.10 3.05 2.99 2.93 2.88 2.82 2.77 2.73 2.70 2.68 2.66 2.66 2.67
15.80 14.98 14.21 13.47 12.79 12.14 11.53 10.97 10.44 9.95 9.50 9.09 8.71 8.37 8.06 7.78 7.53 7.29 7.07 6.86 6.66 6.49 6.32 6.18 6.04 5.93 5.83 5.75 5.68 5.63 5.58 5.53 5.48 5.42 5.35 5.28 5.20 5.12 5.04 4.95 4.86 4.78 4.69 4.60 4.52 4.43 4.35 4.28 4.20 4.13 4.07 4.01 3.95 3.89 3.83 3.77 3.71 3.65 3.59 3.53 3.47 3.41 3.35 3.29 3.23 3.17 3.11 3.06 3.00 2.94 2.88 2.83 2.77 2.73 2.70 2.68 2.67 2.67 2.68 2.69
16.47 15.65 14.87 14.14 13.44 12.79 12.18 11.61 11.07 10.58 10.12 9.69 9.31 8.95 8.63 8.33 8.04 7.77 7.52 7.28 7.05 6.84 6.65 6.47 6.31 6.16 6.02 5.91 5.81 5.72 5.65 5.59 5.53 5.45 5.38 5.30 5.21 5.13 5.04 4.94 4.85 4.76 4.67 4.58 4.49 4.40 4.32 4.24 4.16 4.09 4.03 3.97 3.91 3.85 3.79 3.73 3.66 3.60 3.54 3.48 3.42 3.36 3.30 3.24 3.18 3.12 3.07 3.01 2.95 2.89 2.83 2.78 2.74 2.71 2.69 2.68 2.68 2.69 2.70 2.73
17.13 16.31 15.53 14.79 14.09 13.44 12.82 12.24 11.70 11.20 10.73 10.30 9.90 9.54 9.19 8.87 8.55 8.25 7.97 7.70 7.44 7.20 6.98 6.77 6.58 6.40 6.23 6.09 5.95 5.84 5.74 5.65 5.57 5.49 5.41 5.32 5.23 5.13 5.04 4.94 4.84 4.74 4.65 4.55 4.46 4.37 4.28 4.20 4.12 4.05 3.99 3.92 3.86 3.80 3.74 3.68 3.62 3.56 3.50 3.44 3.38 3.32 3.26 3.20 3.14 3.08 3.02 2.96 2.90 2.84 2.79 2.75 2.71 2.69 2.68 2.68 2.69 2.71 2.74 2.77
17.76 16.94 16.16 15.42 14.73 14.07 13.45 12.87 12.32 11.82 11.34 10.91 10.50 10.12 9.75 9.39 9.05 8.73 8.42 8.12 7.84 7.57 7.32 7.08 6.85 6.65 6.45 6.28 6.12 5.97 5.84 5.72 5.62 5.53 5.44 5.34 5.24 5.14 5.04 4.93 4.83 4.73 4.63 4.53 4.43 4.34 4.25 4.16 4.08 4.01 3.94 3.88 3.82 3.76 3.70 3.64 3.58 3.51 3.45 3.39 3.33 3.27 3.21 3.15 3.09 3.03 2.97 2.91 2.85 2.80 2.75 2.72 2.70 2.69 2.69 2.70 2.72 2.75 2.78 2.82
18.37 17.55 16.77 16.04 15.34 14.68 14.07 13.48 12.94 12.43 11.95 11.51 11.09 10.68 10.29 9.91 9.54 9.19 8.86 8.53 8.23 7.93 7.65 7.39 7.14 6.90 6.68 6.48 6.29 6.12 5.96 5.81 5.69 5.57 5.47 5.36 5.26 5.15 5.04 4.93 4.82 4.71 4.60 4.50 4.40 4.30 4.21 4.13 4.04 3.97 3.90 3.84 3.78 3.72 3.65 3.59 3.53 3.47 3.41 3.35 3.28 3.22 3.16 3.10 3.04 2.98 2.92 2.86 2.81 2.76 2.73 2.71 2.70 2.70 2.71 2.73 2.76 2.79 2.84 2.88
18.95 18.14 17.36 16.63 15.94 15.28 14.67 14.09 13.54 13.03 12.55 12.10 11.65 11.22 10.81 10.41 10.02 9.65 9.28 8.94 8.61 8.29 7.99 7.70 7.42 7.16 6.92 6.69 6.47 6.27 6.09 5.92 5.76 5.63 5.50 5.39 5.27 5.16 5.04 4.92 4.81 4.70 4.58 4.48 4.37 4.27 4.18 4.09 4.01 3.93 3.86 3.80 3.74 3.67 3.61 3.55 3.49 3.42 3.36 3.30 3.24 3.18 3.12 3.05 2.99 2.93 2.87 2.82 2.77 2.74 2.72 2.71 2.71 2.72 2.74 2.77 2.81 2.85 2.90 2.95
19.50 18.69 17.93 17.20 16.51 15.86 15.25 14.67 14.13 13.62 13.13 12.65 12.19 11.74 11.31 10.88 10.48 10.08 9.70 9.33 8.98 8.64 8.31 8.00 7.70 7.42 7.15 6.90 6.66 6.44 6.23 6.04 5.86 5.69 5.54 5.41 5.29 5.16 5.04 4.92 4.80 4.68 4.56 4.45 4.34 4.24 4.14 4.05 3.97 3.89 3.82 3.76 3.69 3.63 3.57 3.51 3.44 3.38 3.32 3.25 3.19 3.13 3.07 3.01 2.95 2.89 2.83 2.78 2.75 2.73 2.72 2.72 2.74 2.76 2.79 2.82 2.87 2.92 2.97 3.04
20.02 19.22 18.46 17.74 17.06 16.42 15.81 15.24 14.70 14.18 13.67 13.18 12.70 12.23 11.78 11.34 10.91 10.50 10.10 9.71 9.34 8.98 8.63 8.30 7.98 7.68 7.39 7.11 6.85 6.61 6.38 6.16 5.96 5.77 5.60 5.45 5.30 5.17 5.04 4.91 4.79 4.66 4.54 4.43 4.32 4.21 4.11 4.01 3.93 3.85 3.78 3.71 3.65 3.59 3.52 3.46 3.40 3.34 3.27 3.21 3.15 3.08 3.02 2.96 2.90 2.84 2.80 2.76 2.74 2.73 2.74 2.75 2.77 2.80 2.84 2.88 2.94 3.00 3.06 3.13
20.50 19.71 18.97 18.26 17.59 16.95 16.35 15.78 15.24 14.70 14.18 13.67 13.18 12.69 12.22 11.77 11.32 10.89 10.47 10.07 9.68 9.30 8.94 8.59 8.25 7.93 7.62 7.32 7.04 6.78 6.53 6.29 6.07 5.86 5.67 5.49 5.33 5.18 5.04 4.91 4.78 4.65 4.52 4.40 4.29 4.18 4.07 3.98 3.89 3.81 3.74 3.67 3.61 3.55 3.48 3.42 3.35 3.29 3.23 3.16 3.10 3.04 2.98 2.91 2.86 2.81 2.78 2.76 2.75 2.75 2.76 2.78 2.82 2.85 2.90 2.96 3.02 3.08 3.15 3.23
20.94 20.17 19.43 18.74 18.08 17.45 16.86 16.29 15.73 15.18 14.65 14.13 13.62 13.12 12.64 12.16 11.70 11.26 10.83 10.41 10.00 9.61 9.23 8.86 8.51 8.17 7.84 7.53 7.23 6.95 6.68 6.42 6.18 5.96 5.75 5.55 5.37 5.20 5.05 4.91 4.77 4.63 4.50 4.38 4.26 4.15 4.04 3.94 3.85 3.77 3.70 3.63 3.57 3.50 3.44 3.37 3.31 3.25 3.18 3.12 3.05 2.99 2.93 2.87 2.82 2.79 2.77 2.76 2.76 2.78 2.80 2.83 2.87 2.92 2.98 3.04 3.11 3.18 3.26 3.34
21.34 20.58 19.86 19.18 18.53 17.92 17.33 16.75 16.18 15.62 15.07 14.54 14.02 13.51 13.01 12.53 12.06 11.60 11.15 10.72 10.30 9.89 9.50 9.11 8.75 8.39 8.05 7.72 7.41 7.11 6.83 6.56 6.30 6.06 5.83 5.61 5.41 5.23 5.06 4.90 4.76 4.62 4.48 4.36 4.23 4.12 4.01 3.90 3.81 3.73 3.66 3.59 3.53 3.46 3.40 3.33 3.27 3.20 3.14 3.07 3.01 2.95 2.89 2.84 2.81 2.79 2.78 2.78 2.79 2.82 2.85 2.89 2.94 3.00 3.06 3.13 3.21 3.29 3.38 3.46
21.70 20.96 20.25 19.59 18.95 18.34 17.74 17.15 16.57 16.01 15.45 14.91 14.38 13.86 13.35 12.86 12.37 11.90 11.45 11.00 10.57 10.15 9.74 9.35 8.97 8.60 8.25 7.91 7.58 7.27 6.97 6.68 6.41 6.15 5.91 5.68 5.47 5.27 5.08 4.91 4.75 4.61 4.47 4.33 4.20 4.08 3.97 3.87 3.77 3.69 3.62 3.55 3.48 3.42 3.35 3.29 3.22 3.16 3.09 3.03 2.96 2.90 2.86 2.82 2.80 2.79 2.80 2.81 2.84 2.87 2.91 2.96 3.02 3.09 3.16 3.24 3.32 3.41 3.50 3.60
22.01 21.29 20.60 19.95 19.32 18.70 18.10 17.50 16.91 16.34 15.78 15.23 14.69 14.16 13.65 13.14 12.65 12.17 11.71 11.25 10.81 10.38 9.96 9.56 9.17 8.79 8.43 8.08 7.74 7.41 7.10 6.80 6.52 6.25 5.99 5.75 5.52 5.31 5.11 4.92 4.75 4.59 4.45 4.31 4.18 4.05 3.94 3.83 3.74 3.65 3.58 3.51 3.44 3.38 3.31 3.25 3.18 3.11 3.05 2.98 2.92 2.88 2.84 2.82 2.81 2.82 2.83 2.86 2.89 2.93 2.99 3.05 3.11 3.19 3.27 3.36 3.45 3.54 3.64 3.74
22.27 21.57 20.90 20.26 19.62 19.00 18.39 17.79 17.20 16.62 16.05 15.50 14.95 14.42 13.90 13.39 12.89 12.40 11.93 11.47 11.02 10.58 10.16 9.74 9.35 8.96 8.58 8.22 7.88 7.54 7.22 6.91 6.62 6.33 6.07 5.81 5.57 5.35 5.14 4.94 4.75 4.58 4.43 4.29 4.15 4.02 3.91 3.80 3.70 3.61 3.54 3.47 3.40 3.34 3.27 3.20 3.14 3.07 3.00 2.94 2.90 2.86 2.84 2.83 2.84 2.85 2.88 2.91 2.96 3.01 3.07 3.14 3.22 3.30 3.39 3.48 3.58 3.68 3.78 3.89
22.47 21.80 21.14 20.49 19.86 19.23 18.62 18.02 17.42 16.84 16.27 15.71 15.16 14.63 14.10 13.59 13.08 12.59 12.11 11.65 11.19 10.75 10.32 9.90 9.49 9.10 8.72 8.35 7.99 7.65 7.32 7.00 6.70 6.41 6.13 5.87 5.62 5.39 5.16 4.96 4.76 4.58 4.42 4.27 4.13 4.00 3.87 3.76 3.66 3.57 3.50 3.43 3.36 3.30 3.23 3.16 3.09 3.03 2.97 2.92 2.88 2.86 2.85 2.86 2.87 2.90 2.94 2.98 3.04 3.10 3.17 3.25 3.33 3.43 3.52 3.62 3.72 3.83 3.94 4.05
22.62 21.96 21.30 20.66 20.02 19.40 18.78 18.18 17.59 17.00 16.43 15.87 15.32 14.78 14.25 13.74 13.23 12.74 12.25 11.78 11.32 10.88 10.44 10.02 9.61 9.21 8.82 8.45 8.09 7.74 7.40 7.08 6.77 6.47 6.19 5.92 5.66 5.42 5.19 4.97 4.77 4.58 4.41 4.25 4.10 3.97 3.84 3.73 3.63 3.54 3.46 3.39 3.32 3.25 3.19 3.12 3.05 2.99 2.94 2.91 2.88 2.88 2.88 2.90 2.92 2.96 3.01 3.06 3.13 3.20 3.28 3.37 3.46 3.56 3.66 3.77 3.88 3.99 4.11 4.22
22.70 22.04 21.39 20.74 20.11 19.49 18.87 18.27 17.68 17.10 16.53 15.97 15.42 14.88 14.35 13.83 13.33 12.83 12.35 11.87 11.41 10.96 10.53 10.10 9.69 9.29 8.90 8.52 8.16 7.80 7.46 7.14 6.82 6.52 6.23 5.96 5.69 5.44 5.21 4.99 4.78 4.58 4.40 4.23 4.08 3.94 3.81 3.70 3.59 3.50 3.42 3.35 3.28 3.21 3.15 3.08 3.01 2.96 2.93 2.91 2.90 2.90 2.92 2.95 2.99 3.04 3.09 3.16 3.24 3.32 3.41 3.50 3.60 3.71 3.82 3.93 4.05 4.16 4.28 4.40
22.69 22.04 21.39 20.75 20.12 19.50 18.89 18.29 17.70 17.12 16.56 16.00 15.45 14.91 14.39 13.87 13.37 12.87 12.39 11.92 11.46 11.01 10.57 10.15 9.73 9.33 8.94 8.56 8.19 7.84 7.50 7.17 6.85 6.55 6.25 5.98 5.71 5.46 5.22 4.99 4.78 4.58 4.39 4.22 4.06 3.91 3.78 3.66 3.56 3.46 3.38 3.31 3.24 3.17 3.11 3.04 2.99 2.96 2.93 2.93 2.93 2.95 2.98 3.02 3.07 3.12 3.19 3.27 3.35 3.44 3.54 3.65 3.75 3.87 3.98 4.10 4.22 4.35 4.47 4.60
22.59 21.94 21.30 20.67 20.05 19.44 18.83 18.24 17.65 17.08 16.52 15.96 15.42 14.89 14.36 13.85 13.35 12.86 12.38 11.91 11.45 11.00 10.57 10.14 9.73 9.33 8.94 8.56 8.20 7.84 7.50 7.17 6.85 6.55 6.26 5.98 5.71 5.45 5.21 4.98 4.77 4.56 4.37 4.20 4.04 3.89 3.75 3.63 3.52 3.43 3.35 3.27 3.20 3.13 3.07 3.02 2.98 2.96 2.95 2.96 2.98 3.01 3.05 3.10 3.16 3.23 3.31 3.39 3.48 3.58 3.69 3.80 3.92 4.04 4.16 4.28 4.41 4.54 4.67 4.80
22.40 21.76 21.13 20.51 19.89 19.29 18.69 18.10 17.53 16.96 16.40 15.86 15.32 14.79 14.28 13.77 13.27 12.79 12.31 11.85 11.39 10.95 10.52 10.10 9.69 9.29 8.90 8.53 8.16 7.81 7.47 7.14 6.83 6.52 6.23 5.95 5.69 5.43 5.19 4.96 4.74 4.54 4.35 4.17 4.01 3.86 3.72 3.60 3.49 3.39 3.31 3.24 3.17 3.10 3.05 3.01 2.99 2.98 2.99 3.01 3.04 3.08 3.13 3.19 3.26 3.34 3.43 3.53 3.63 3.74 3.85 3.97 4.09 4.22 4.35 4.48 4.61 4.74 4.88 5.01
22.12 21.49 20.87 20.25 19.65 19.05 18.47 17.89 17.32 16.76 16.22 15.68 15.15 14.63 14.12 13.62 13.13 12.65 12.18 11.73 11.28 10.84 10.42 10.00 9.60 9.20 8.82 8.45 8.09 7.74 7.41 7.08 6.77 6.47 6.18 5.90 5.64 5.39 5.15 4.92 4.70 4.50 4.31 4.14 3.97 3.82 3.69 3.56 3.45 3.35 3.27 3.20 3.13 3.08 3.04 3.02 3.02 3.02 3.04 3.07 3.11 3.16 3.23 3.30 3.38 3.47 3.57 3.67 3.78 3.90 4.02 4.15 4.28 4.41 4.54 4.68 4.82 4.96 5.09 5.23
21.73 21.12 20.51 19.91 19.31 18.73 18.16 17.59 17.03 16.49 15.95 15.42 14.90 14.39 13.89 13.40 12.92 12.45 11.99 11.54 11.10 10.68 10.26 9.85 9.45 9.07 8.69 8.33 7.98 7.63 7.30 6.98 6.68 6.38 6.10 5.83 5.57 5.32 5.08 4.86 4.65 4.45 4.26 4.09 3.93 3.78 3.64 3.52 3.41 3.32 3.24 3.17 3.12 3.08 3.06 3.05 3.05 3.07 3.10 3.15 3.20 3.27 3.34 3.42 3.52 3.61 3.72 3.83 3.95 4.08 4.21 4.34 4.48 4.61 4.75 4.90 5.04 5.18 5.32 5.46
21.28 20.68 20.08 19.50 18.92 18.35 17.79 17.23 16.69 16.15 15.63 15.11 14.60 14.10 13.62 13.14 12.67 12.21 11.76 11.32 10.89 10.47 10.06 9.66 9.27 8.89 8.53 8.17 7.83 7.49 7.17 6.86 6.55 6.27 5.99 5.72 5.47 5.22 4.99 4.77 4.57 4.37 4.19 4.02 3.86 3.72 3.59 3.47 3.36 3.27 3.20 3.15 3.11 3.09 3.08 3.09 3.11 3.14 3.18 3.24 3.30 3.38 3.46 3.56 3.66 3.77 3.88 4.00 4.13 4.26 4.40 4.54 4.68 4.83 4.97 5.12 5.26 5.41 5.56 5.70
20.81 20.22 19.64 19.06 18.50 17.94 17.39 16.85 16.32 15.79 15.28 14.78 14.28 13.79 13.31 12.85 12.39 11.94 11.50 11.07 10.65 10.24 9.84 9.45 9.07 8.70 8.34 7.99 7.65 7.33 7.01 6.70 6.41 6.13 5.86 5.60 5.35 5.11 4.88 4.67 4.47 4.28 4.10 3.93 3.78 3.64 3.51 3.39 3.29 3.21 3.16 3.13 3.12 3.11 3.11 3.13 3.17 3.21 3.27 3.33 3.41 3.50 3.59 3.69 3.81 3.92 4.05 4.18 4.31 4.45 4.59 4.74 4.89 5.04 5.19 5.34 5.49 5.64 5.79 5.94
20.31 19.73 19.17 18.61 18.05 17.51 16.97 16.45 15.93 15.42 14.91 14.42 13.94 13.46 12.99 12.54 12.09 11.65 11.22 10.80 10.39 9.99 9.60 9.21 8.84 8.48 8.13 7.79 7.46 7.14 6.83 6.53 6.25 5.97 5.70 5.45 5.21 4.97 4.75 4.55 4.35 4.16 3.99 3.83 3.68 3.54 3.42 3.30 3.21 3.15 3.12 3.12 3.13 3.14 3.16 3.19 3.23 3.29 3.36 3.44 3.52 3.62 3.73 3.84 3.96 4.08 4.22 4.35 4.50 4.64 4.79 4.94 5.10 5.25 5.41 5.56 5.72 5.87 6.02 6.17
19.79 19.23 18.68 18.13 17.59 17.06 16.54 16.02 15.52 15.02 14.53 14.05 13.57 13.11 12.65 12.21 11.77 11.34 10.92 10.51 10.11 9.72 9.33 8.96 8.60 8.25 7.90 7.57 7.25 6.94 6.64 6.34 6.06 5.79 5.53 5.29 5.05 4.82 4.61 4.40 4.21 4.03 3.86 3.70 3.56 3.43 3.30 3.20 3.13 3.09 3.09 3.11 3.14 3.17 3.21 3.25 3.31 3.38 3.46 3.55 3.64 3.75 3.86 3.99 4.11 4.25 4.39 4.53 4.68 4.83 4.99 5.15 5.30 5.46 5.62 5.78 5.94 6.09 6.25 6.40
19.26 18.71 18.17 17.64 17.11 16.59 16.08 15.58 15.09 14.60 14.12 13.65 13.19 12.74 12.29 11.86 11.43 11.01 10.60 10.20 9.81 9.43 9.06 8.69 8.34 8.00 7.66 7.34 7.02 6.72 6.42 6.14 5.87 5.60 5.35 5.11 4.88 4.66 4.45 4.25 4.06 3.88 3.72 3.57 3.42 3.29 3.18 3.10 3.05 3.04 3.05 3.09 3.15 3.20 3.26 3.33 3.39 3.47 3.56 3.66 3.77 3.88 4.01 4.14 4.27 4.42 4.56 4.71 4.87 5.03 5.19 5.35 5.51 5.67 5.84 6.00 6.16 6.32 6.47 6.63
18.70 18.17 17.64 17.13 16.61 16.11 15.61 15.12 14.64 14.17 13.70 13.25 12.80 12.35 11.92 11.50 11.08 10.67 10.27 9.88 9.50 9.13 8.76 8.41 8.06 7.73 7.40 7.09 6.78 6.48 6.20 5.92 5.65 5.40 5.15 4.91 4.69 4.47 4.27 4.08 3.89 3.72 3.56 3.41 3.27 3.16 3.06 3.01 2.98 2.98 3.02 3.08 3.16 3.23 3.31 3.40 3.48 3.57 3.67 3.78 3.90 4.02 4.16 4.29 4.44 4.59 4.74 4.90 5.06 5.22 5.39 5.55 5.72 5.89 6.05 6.22 6.38 6.54 6.70 6.85
18.14 17.62 17.11 16.60 16.10 15.61 15.13 14.65 14.18 13.72 13.27 12.82 12.38 11.95 11.53 11.12 10.71 10.32 9.93 9.55 9.17 8.81 8.46 8.11 7.78 7.45 7.13 6.82 6.52 6.24 5.96 5.69 5.43 5.18 4.94 4.71 4.49 4.28 4.08 3.89 3.71 3.55 3.39 3.25 3.12 3.02 2.95 2.92 2.91 2.94 2.99 3.08 3.17 3.26 3.36 3.47 3.57 3.68 3.79 3.91 4.03 4.17 4.31 4.45 4.60 4.76 4.92 5.08 5.25 5.42 5.59 5.76 5.93 6.10 6.27 6.43 6.60 6.76 6.92 7.07
17.56 17.05 16.55 16.06 15.58 15.10 14.63 14.17 13.71 13.26 12.82 12.39 11.96 11.54 11.13 10.73 10.33 9.95 9.57 9.20 8.84 8.48 8.14 7.80 7.48 7.16 6.85 6.55 6.26 5.98 5.70 5.44 5.19 4.94 4.71 4.49 4.27 4.07 3.88 3.70 3.52 3.36 3.21 3.08 2.97 2.89 2.85 2.83 2.84 2.89 2.97 3.07 3.18 3.29 3.41 3.54 3.66 3.79 3.91 4.04 4.17 4.32 4.46 4.62 4.77 4.93 5.10 5.27 5.44 5.61 5.79 5.96 6.13 6.31 6.48 6.64 6.81 6.97 7.13 7.28
16.97 16.47 15.99 15.51 15.04 14.58 14.12 13.67 13.23 12.79 12.36 11.94 11.53 11.12 10.72 10.33 9.94 9.57 9.20 8.84 8.49 8.14 7.81 7.48 7.16 6.85 6.55 6.26 5.98 5.71 5.44 5.19 4.94 4.70 4.48 4.26 4.05 3.85 3.67 3.49 3.32 3.17 3.03 2.91 2.83 2.77 2.75 2.75 2.78 2.85 2.94 3.06 3.19 3.32 3.46 3.60 3.74 3.89 4.03 4.17 4.32 4.47 4.62 4.78 4.94 5.11 5.28 5.46 5.63 5.81 5.98 6.16 6.34 6.51 6.68 6.85 7.02 7.18 7.34 7.49
16.37 15.89 15.42 14.95 14.49 14.04 13.60 13.16 12.73 12.31 11.89 11.48 11.08 10.69 10.30 9.92 9.54 9.18 8.82 8.47 8.13 7.80 7.47 7.15 6.84 6.54 6.25 5.97 5.69 5.43 5.17 4.92 4.68 4.45 4.23 4.02 3.82 3.63 3.45 3.28 3.11 2.97 2.85 2.76 2.69 2.66 2.65 2.67 2.73 2.81 2.92 3.06 3.20 3.35 3.51 3.66 3.82 3.99 4.15 4.31 4.46 4.62 4.78 4.95 5.12 5.29 5.47 5.64 5.82 6.00 6.18 6.36 6.54 6.72 6.89 7.06 7.23 7.39 7.55 7.70
15.76 15.29 14.83 14.38 13.94 13.50 13.07 12.65 12.23 11.82 11.42 11.02 10.63 10.24 9.87 9.50 9.14 8.78 8.44 8.10 7.76 7.44 7.12 6.82 6.52 6.22 5.94 5.67 5.40 5.14 4.89 4.65 4.42 4.20 3.98 3.78 3.58 3.40 3.22 3.06 2.91 2.78 2.68 2.61 2.57 2.55 2.56 2.60 2.67 2.77 2.90 3.05 3.21 3.38 3.55 3.72 3.90 4.08 4.26 4.43 4.61 4.78 4.94 5.12 5.29 5.47 5.65 5.83 6.01 6.20 6.38 6.56 6.74 6.92 7.09 7.27 7.43 7.59 7.75 7.90
15.14 14.69 14.25 13.81 13.38 12.96 12.54 12.13 11.72 11.32 10.93 10.55 10.17 9.80 9.43 9.07 8.72 8.38 8.04 7.71 7.39 7.08 6.77 6.47 6.18 5.90 5.62 5.36 5.10 4.85 4.61 4.38 4.15 3.94 3.73 3.53 3.34 3.16 2.99 2.84 2.71 2.60 2.52 2.47 2.45 2.45 2.48 2.54 2.62 2.74 2.88 3.05 3.22 3.41 3.59 3.78 3.98 4.17 4.36 4.55 4.74 4.93 5.11 5.29 5.47 5.65 5.83 6.02 6.20 6.39 6.57 6.76 6.94 7.12 7.29 7.46 7.63 7.79 7.95 8.10
