data_processed/recharge/precip/Precip_2010_07.asc
ncols        168
nrows        136
xllcorner    455000
yllcorner    2107000
cellsize     500
NODATA_value     -99999
[rows 96 to 127 of 136, columns 0 to 70 of 168]
347.95 357.29 366.56 375.73 384.76 393.61 402.24 410.62 418.71 426.47 433.87 440.86 447.41 453.48 459.03 464.03 468.44 472.24 475.33 477.85 479.84 481.34 482.34 482.87 482.93 482.55 481.74 480.51 478.87 476.84 474.44 471.68 468.57 465.13 461.37 457.31 452.96 448.33 443.44 438.30 432.93 427.35 421.56 415.58 409.42 403.11 396.64 390.05 383.33 376.52 369.61 362.63 355.59 348.50 341.38 334.24 327.10 319.97 312.86 305.79 298.78 291.83 284.97 278.20 271.55 265.01 258.62 252.38 246.31 240.43 234.73
335.88 345.49 355.06 364.57 373.97 383.23 392.30 401.15 409.74 418.03 425.99 433.58 440.76 447.50 453.75 459.48 464.73 469.49 473.20 475.95 478.13 479.81 480.99 481.69 481.93 481.71 481.06 479.99 478.50 476.63 474.37 471.75 468.78 465.48 461.85 457.91 453.68 449.17 444.39 439.37 434.10 428.62 422.93 417.04 410.98 404.75 398.37 391.85 385.21 378.46 371.62 364.70 357.72 350.68 343.61 336.52 329.42 322.33 315.25 308.22 301.23 294.30 287.46 280.70 274.06 267.53 261.14 254.90 248.82 242.92 237.22
323.92 333.78 343.63 353.45 363.19 372.82 382.30 391.59 400.66 409.46 417.96 426.12 433.91 441.28 448.21 454.72 460.92 466.72 471.41 474.75 477.15 478.99 480.34 481.20 481.59 481.53 481.03 480.10 478.76 477.02 474.90 472.41 469.56 466.38 462.87 459.04 454.92 450.51 445.84 440.91 435.74 430.35 424.74 418.93 412.95 406.79 400.48 394.02 387.45 380.76 373.97 367.10 360.16 353.16 346.13 339.07 332.00 324.93 317.88 310.86 303.88 296.97 290.12 283.37 276.72 270.19 263.79 257.53 251.43 245.51 239.78
312.11 322.18 332.29 342.39 352.45 362.43 372.29 381.99 391.50 400.79 409.80 418.50 426.87 434.85 442.49 449.90 457.08 463.87 469.56 473.85 476.81 478.85 480.35 481.36 481.90 481.98 481.61 480.82 479.60 477.99 475.99 473.61 470.88 467.80 464.39 460.67 456.64 452.33 447.74 442.90 437.81 432.49 426.96 421.22 415.29 409.20 402.94 396.54 390.01 383.36 376.62 369.78 362.87 355.91 348.90 341.86 334.80 327.74 320.70 313.68 306.71 299.79 292.94 286.17 279.51 272.95 266.53 260.24 254.11 248.16 242.41
300.46 310.73 321.06 331.41 341.76 352.06 362.27 372.37 382.30 392.03 401.52 410.75 419.66 428.30 436.78 445.10 453.22 460.95 467.60 472.86 476.74 479.32 481.00 482.14 482.81 483.02 482.78 482.10 481.00 479.50 477.60 475.33 472.70 469.71 466.40 462.76 458.82 454.58 450.07 445.30 440.28 435.02 429.54 423.86 417.99 411.94 405.72 399.36 392.87 386.25 379.53 372.72 365.83 358.88 351.88 344.85 337.79 330.73 323.68 316.66 309.67 302.73 295.86 289.07 282.38 275.79 269.33 263.00 256.83 250.85 245.11
289.01 299.43 309.96 320.54 331.15 341.74 352.28 362.73 373.05 383.21 393.16 402.88 412.39 421.81 431.14 440.34 449.34 457.98 465.55 471.73 476.54 480.00 482.20 483.51 484.29 484.61 484.48 483.91 482.91 481.51 479.71 477.53 474.98 472.08 468.84 465.28 461.40 457.23 452.79 448.07 443.10 437.89 432.46 426.82 420.99 414.97 408.79 402.45 395.98 389.38 382.68 375.87 368.99 362.04 355.04 348.00 340.94 333.86 326.80 319.75 312.73 305.76 298.86 292.03 285.29 278.66 272.15 265.77 259.58 253.61 247.88
277.77 288.33 299.02 309.80 320.64 331.50 342.34 353.12 363.81 374.36 384.74 394.99 405.22 415.44 425.58 435.60 445.46 454.97 463.42 470.48 476.18 480.54 483.58 485.37 486.30 486.73 486.69 486.21 485.31 483.99 482.27 480.16 477.69 474.86 471.68 468.18 464.36 460.25 455.85 451.18 446.25 441.08 435.68 430.07 424.26 418.26 412.10 405.78 399.31 392.72 386.01 379.21 372.32 365.36 358.34 351.28 344.20 337.10 330.00 322.91 315.86 308.85 301.89 295.01 288.22 281.53 274.96 268.56 262.39 256.45 250.74
266.76 277.43 288.26 299.22 310.26 321.36 332.47 343.55 354.57 365.49 376.35 387.26 398.22 409.19 420.10 430.92 441.58 451.93 461.21 469.12 475.66 480.87 484.77 487.38 488.77 489.32 489.37 488.97 488.14 486.89 485.24 483.20 480.79 478.01 474.89 471.44 467.66 463.59 459.22 454.59 449.69 444.54 439.16 433.57 427.77 421.78 415.62 409.30 402.83 396.23 389.51 382.69 375.78 368.79 361.75 354.66 347.53 340.39 333.25 326.12 319.01 311.94 304.93 297.99 291.13 284.37 277.77 271.40 265.28 259.37 253.68
256.01 266.76 277.70 288.80 300.03 311.33 322.68 334.04 345.37 356.71 368.17 379.75 391.41 403.08 414.73 426.29 437.73 448.86 458.94 467.65 475.00 481.03 485.74 489.17 491.34 492.33 492.48 492.15 491.39 490.20 488.60 486.61 484.24 481.51 478.43 475.01 471.27 467.22 462.88 458.26 453.37 448.24 442.87 437.28 431.48 425.48 419.31 412.98 406.49 399.87 393.13 386.28 379.33 372.31 365.22 358.09 350.92 343.72 336.52 329.33 322.16 315.02 307.93 300.91 293.97 287.19 280.64 274.32 268.24 262.37 256.70
245.54 256.34 267.37 278.59 289.96 301.45 313.01 324.62 336.31 348.19 360.26 372.47 384.77 397.12 409.46 421.73 433.90 445.78 456.61 466.08 474.21 481.00 486.49 490.71 493.66 495.39 495.96 495.72 495.00 493.86 492.31 490.36 488.02 485.32 482.26 478.86 475.14 471.11 466.78 462.16 457.28 452.14 446.77 441.16 435.35 429.34 423.14 416.78 410.27 403.61 396.83 389.94 382.95 375.88 368.73 361.54 354.31 347.05 339.78 332.51 325.26 318.04 310.87 303.76 296.80 290.07 283.58 277.32 271.28 265.44 259.80
235.38 246.20 257.29 268.59 280.09 291.73 303.49 315.39 327.56 339.98 352.63 365.43 378.34 391.32 404.31 417.25 430.10 442.69 454.24 464.43 473.28 480.81 487.04 491.99 495.70 498.18 499.45 499.60 498.95 497.84 496.32 494.39 492.08 489.40 486.35 482.96 479.25 475.21 470.88 466.26 461.36 456.21 450.82 445.19 439.35 433.31 427.08 420.68 414.12 407.41 400.58 393.63 386.59 379.45 372.24 364.98 357.67 350.33 342.97 335.62 328.28 320.96 313.70 306.56 299.66 293.01 286.59 280.38 274.39 268.59 262.97
225.54 236.36 247.47 258.84 270.43 282.20 294.19 306.52 319.17 332.11 345.28 358.64 372.12 385.69 399.28 412.86 426.36 439.61 451.84 462.71 472.24 480.46 487.38 493.04 497.45 500.64 502.64 503.46 503.17 502.12 500.61 498.69 496.39 493.71 490.66 487.27 483.54 479.50 475.15 470.51 465.59 460.41 454.98 449.32 443.44 437.35 431.08 424.62 418.01 411.24 404.35 397.33 390.21 383.00 375.71 368.36 360.96 353.53 346.08 338.63 331.18 323.76 316.47 309.41 302.60 296.02 289.67 283.52 277.58 271.82 266.23
216.05 226.84 237.95 249.36 261.02 272.96 285.31 298.06 311.17 324.58 338.24 352.11 366.12 380.23 394.40 408.56 422.67 436.54 449.41 460.92 471.10 479.97 487.55 493.86 498.94 502.80 505.47 506.97 507.33 506.60 505.13 503.22 500.91 498.22 495.16 491.75 488.00 483.93 479.55 474.88 469.92 464.70 459.23 453.52 447.59 441.44 435.10 428.59 421.90 415.07 408.09 400.99 393.79 386.49 379.11 371.66 364.16 356.62 349.06 341.49 333.94 326.49 319.28 312.32 305.60 299.10 292.82 286.74 280.84 275.13 269.57
206.93 217.66 228.75 240.16 251.94 264.18 276.90 290.04 303.56 317.40 331.51 345.84 360.35 374.97 389.66 404.37 419.04 433.50 446.96 459.08 469.86 479.33 487.53 494.47 500.17 504.66 507.97 510.11 511.11 510.99 509.82 507.93 505.60 502.89 499.81 496.37 492.59 488.48 484.06 479.34 474.33 469.06 463.52 457.75 451.75 445.54 439.13 432.53 425.76 418.84 411.78 404.58 397.28 389.88 382.39 374.83 367.22 359.56 351.88 344.19 336.61 329.26 322.16 315.30 308.67 302.26 296.04 290.03 284.18 278.51 272.99
198.21 208.85 219.89 231.36 243.37 255.92 268.97 282.46 296.35 310.58 325.10 339.86 354.81 369.90 385.08 400.30 415.50 430.50 444.52 457.18 468.53 478.58 487.35 494.86 501.15 506.23 510.13 512.87 514.48 514.97 514.38 512.76 510.43 507.69 504.56 501.08 497.25 493.10 488.62 483.84 478.77 473.43 467.83 461.98 455.90 449.60 443.10 436.42 429.55 422.53 415.36 408.07 400.65 393.13 385.53 377.84 370.10 362.32 354.51 346.79 339.31 332.08 325.10 318.34 311.81 305.48 299.34 293.39 287.60 281.98 276.50
189.90 200.43 211.47 223.11 235.37 248.19 261.53 275.34 289.55 304.13 319.02 334.17 349.53 365.04 380.67 396.35 412.04 427.55 442.07 455.26 467.13 477.70 487.01 495.06 501.89 507.52 511.98 515.27 517.44 518.51 518.49 517.41 515.34 512.58 509.40 505.86 501.98 497.75 493.21 488.36 483.21 477.79 472.10 466.17 459.99 453.60 447.00 440.21 433.24 426.11 418.82 411.40 403.86 396.22 388.48 380.66 372.78 364.86 357.02 349.41 342.07 334.96 328.10 321.45 315.01 308.77 302.71 296.82 291.10 285.52 280.08
182.04 192.50 203.65 215.49 227.96 241.01 254.60 268.67 283.18 298.06 313.28 328.78 344.50 360.41 376.44 392.54 408.67 424.64 439.64 453.31 465.66 476.72 486.52 495.07 502.41 508.54 513.51 517.33 520.02 521.62 522.13 521.59 520.02 517.49 514.28 510.67 506.71 502.41 497.78 492.85 487.61 482.10 476.32 470.28 464.00 457.50 450.79 443.88 436.79 429.53 422.11 414.56 406.89 399.10 391.21 383.25 375.22 367.27 359.55 352.09 344.88 337.91 331.16 324.62 318.28 312.13 306.15 300.34 294.67 289.15 283.75
174.71 185.24 196.51 208.50 221.14 234.38 248.18 262.48 277.23 292.39 307.89 323.69 339.75 355.99 372.39 388.88 405.42 421.81 437.24 451.34 464.14 475.65 485.89 494.90 502.70 509.31 514.75 519.04 522.22 524.30 525.31 525.27 524.20 522.14 519.13 515.47 511.42 507.03 502.31 497.28 491.94 486.32 480.43 474.28 467.88 461.26 454.42 447.38 440.15 432.76 425.20 417.50 409.68 401.73 393.69 385.57 377.51 369.69 362.13 354.83 347.76 340.91 334.28 327.86 321.62 315.56 309.66 303.92 298.32 292.85 287.50
168.10 178.69 190.06 202.15 214.92 228.32 242.28 256.77 271.73 287.11 302.86 318.93 335.27 351.82 368.54 385.38 402.28 419.05 434.87 449.37 462.57 474.48 485.14 494.57 502.79 509.82 515.69 520.43 524.05 526.57 528.04 528.45 527.85 526.25 523.68 520.20 516.08 511.59 506.76 501.61 496.16 490.42 484.41 478.13 471.60 464.84 457.87 450.68 443.31 435.76 428.05 420.19 412.20 404.09 395.89 387.74 379.82 372.17 364.77 357.62 350.69 343.98 337.47 331.16 325.02 319.06 313.25 307.58 302.05 296.64 291.33
162.26 172.88 184.30 196.47 209.32 222.82 236.92 251.55 266.68 282.25 298.20 314.50 331.08 347.90 364.90 382.04 399.26 416.38 432.55 447.40 460.96 473.24 484.27 494.08 502.68 510.10 516.36 521.49 525.51 528.45 530.32 531.16 530.98 529.81 527.67 524.58 520.62 516.03 511.09 505.82 500.24 494.37 488.21 481.79 475.12 468.22 461.09 453.75 446.22 438.50 430.62 422.59 414.43 406.15 397.91 389.91 382.17 374.70 367.46 360.46 353.68 347.10 340.72 334.53 328.50 322.63 316.91 311.32 305.86 300.50 295.24
157.21 167.82 179.25 191.44 204.35 217.92 232.10 246.84 262.09 277.80 293.92 310.40 327.19 344.23 361.48 378.88 396.38 413.80 430.28 445.45 459.33 471.93 483.30 493.44 502.38 510.14 516.76 522.24 526.63 529.93 532.17 533.38 533.59 532.80 531.06 528.37 524.77 520.31 515.26 509.85 504.13 498.11 491.81 485.24 478.41 471.35 464.05 456.54 448.84 440.95 432.89 424.67 416.33 408.01 399.93 392.13 384.58 377.28 370.21 363.36 356.73 350.29 344.04 337.96 332.04 326.27 320.64 315.14 309.74 304.45 299.24
152.96 163.52 174.91 187.09 200.00 213.60 227.83 242.64 257.97 273.79 290.04 306.66 323.61 340.83 358.28 375.91 393.65 411.33 428.08 443.52 457.68 470.57 482.22 492.66 501.90 509.97 516.89 522.70 527.40 531.03 533.60 535.15 535.69 535.26 533.86 531.53 528.29 524.17 519.21 513.68 507.81 501.63 495.17 488.43 481.43 474.19 466.72 459.03 451.13 443.05 434.80 426.40 418.02 409.87 402.00 394.39 387.03 379.91 373.01 366.32 359.84 353.54 347.42 341.46 335.66 329.99 324.45 319.03 313.71 308.47 303.32
149.51 159.98 171.30 183.43 196.31 209.89 224.12 238.95 254.34 270.22 286.55 303.27 320.35 337.71 355.33 373.13 391.08 408.98 425.95 441.63 456.03 469.16 481.06 491.75 501.25 509.59 516.78 522.86 527.84 531.75 534.62 536.46 537.31 537.18 536.09 534.08 531.16 527.36 522.71 517.25 511.23 504.88 498.24 491.33 484.15 476.72 469.05 461.17 453.07 444.79 436.34 427.90 419.70 411.78 404.12 396.71 389.54 382.59 375.87 369.34 363.01 356.85 350.86 345.03 339.34 333.78 328.33 322.99 317.75 312.58 307.49
146.88 157.21 168.42 180.46 193.26 206.79 220.99 235.80 251.19 267.10 283.47 300.26 317.41 334.88 352.62 370.56 388.67 406.75 423.91 439.78 454.38 467.71 479.82 490.72 500.44 509.00 516.43 522.74 527.96 532.12 535.24 537.33 538.44 538.57 537.76 536.02 533.38 529.87 525.50 520.31 514.34 507.83 501.00 493.90 486.52 478.89 471.02 462.93 454.62 446.14 437.65 429.40 421.43 413.72 406.27 399.07 392.09 385.33 378.78 372.42 366.24 360.23 354.37 348.67 343.09 337.64 332.29 327.04 321.87 316.77 311.74
145.07 155.23 166.29 178.19 190.88 204.31 218.44 233.20 248.55 264.44 280.81 297.62 314.82 332.35 350.17 368.21 386.44 404.65 421.97 437.99 452.74 466.24 478.52 489.59 499.49 508.23 515.84 522.35 527.77 532.13 535.46 537.77 539.09 539.45 538.87 537.37 534.97 531.70 527.59 522.65 516.91 510.42 503.41 496.10 488.51 480.67 472.58 464.27 455.75 447.23 438.94 430.93 423.19 415.71 408.48 401.48 394.69 388.12 381.74 375.55 369.53 363.66 357.95 352.37 346.91 341.57 336.32 331.16 326.07 321.05 316.07
144.10 154.05 164.91 176.64 189.17 202.47 216.48 231.14 246.42 262.25 278.59 295.38 312.58 330.13 347.98 366.09 384.39 402.70 420.13 436.26 451.13 464.75 477.15 488.36 498.40 507.28 515.04 521.70 527.28 531.80 535.30 537.78 539.29 539.83 539.43 538.13 535.93 532.86 528.96 524.23 518.71 512.42 505.41 497.90 490.09 482.02 473.71 465.17 456.61 448.30 440.26 432.50 425.00 417.75 410.73 403.93 397.35 390.96 384.76 378.74 372.88 367.16 361.59 356.14 350.81 345.57 340.43 335.36 330.35 325.40 320.49
143.98 153.68 164.30 175.81 188.15 201.27 215.12 229.65 244.81 260.54 276.80 293.53 310.69 328.22 346.07 364.20 382.55 400.91 418.40 434.60 449.55 463.25 475.74 487.04 497.17 506.16 514.03 520.80 526.50 531.14 534.77 537.39 539.03 539.71 539.46 538.31 536.27 533.37 529.63 525.08 519.74 513.64 506.79 499.24 491.22 482.91 474.37 465.79 457.45 449.40 441.63 434.11 426.85 419.83 413.03 406.44 400.06 393.86 387.84 381.99 376.29 370.73 365.30 359.98 354.77 349.65 344.61 339.63 334.72 329.84 325.00
144.72 154.11 164.47 175.72 187.82 200.73 214.38 228.73 243.73 259.32 275.46 292.09 309.17 326.64 344.46 362.56 380.90 399.29 416.80 433.03 448.01 461.76 474.30 485.65 495.83 504.88 512.82 519.66 525.43 530.16 533.87 536.58 538.32 539.11 538.97 537.93 536.01 533.23 529.62 525.21 520.00 514.04 507.34 499.92 491.84 483.32 474.73 466.38 458.33 450.55 443.03 435.77 428.74 421.95 415.37 409.00 402.81 396.81 390.98 385.30 379.76 374.35 369.07 363.89 358.80 353.80 348.86 343.99 339.16 334.36 329.59
146.32 155.38 165.41 176.37 188.20 200.84 214.26 228.39 243.19 258.60 274.58 291.08 308.03 325.40 343.13 361.18 379.48 397.84 415.33 431.56 446.53 460.28 472.82 484.18 494.38 503.45 511.41 518.29 524.10 528.87 532.63 535.39 537.18 538.03 537.96 536.99 535.15 532.46 528.93 524.61 519.51 513.65 507.05 499.75 491.78 483.39 475.06 467.01 459.23 451.72 444.47 437.46 430.68 424.11 417.76 411.60 405.62 399.82 394.17 388.66 383.29 378.04 372.91 367.86 362.91 358.02 353.20 348.42 343.68 338.97 334.26
148.79 157.48 167.16 177.78 189.29 201.63 214.77 228.64 243.20 258.40 274.18 290.49 307.28 324.51 342.12 360.06 378.28 396.57 414.01 430.19 445.12 458.82 471.33 482.66 492.84 501.89 509.83 516.70 522.50 527.27 531.04 533.81 535.62 536.49 536.45 535.51 533.70 531.05 527.58 523.31 518.26 512.46 505.94 498.73 491.06 483.26 475.41 467.66 460.17 452.93 445.94 439.19 432.65 426.33 420.20 414.25 408.48 402.88 397.41 392.09 386.89 381.80 376.81 371.91 367.08 362.32 357.61 352.93 348.29 343.66 339.03
152.16 160.43 169.71 179.95 191.10 203.11 215.92 229.50 243.78 258.71 274.25 290.34 306.93 323.98 341.42 359.22 377.31 395.50 412.85 428.93 443.77 457.40 469.83 481.09 491.20 500.19 508.08 514.89 520.66 525.39 529.11 531.86 533.65 534.50 534.44 533.49 531.68 529.03 525.56 521.30 516.27 510.50 504.02 497.08 490.00 482.84 475.61 468.33 461.14 454.18 447.45 440.96 434.67 428.58 422.68 416.96 411.40 405.99 400.72 395.57 390.55 385.62 380.78 376.02 371.33 366.69 362.09 357.53 352.97 348.43 343.87
156.42 164.23 173.07 182.89 193.64 205.27 217.73 230.96 244.92 259.55 274.81 290.64 306.99 323.81 341.06 358.67 376.60 394.64 411.84 427.80 442.51 456.02 468.33 479.48 489.49 498.37 506.17 512.89 518.57 523.22 526.87 529.54 531.27 532.06 531.94 530.95 529.09 526.40 522.90 518.61 513.56 507.78 501.53 495.15 488.69 482.16 475.55 468.87 462.12 455.46 449.00 442.77 436.73 430.88 425.22 419.71 414.36 409.16 404.08 399.12 394.27 389.50 384.82 380.21 375.65 371.14 366.66 362.20 357.74 353.28 348.81
