data_processed/recharge/precip/Precip_2004_04.asc
ncols        168
nrows        136
xllcorner    455000
yllcorner    2107000
cellsize     500
NODATA_value     -99999
[rows 68 to 101 of 136, columns 0 to 76 of 168]
15.76 16.70 17.66 18.63 19.61 20.60 21.58 22.55 23.51 24.44 25.32 26.15 26.90 27.59 28.21 28.74 29.18 29.54 29.79 29.94 29.98 29.90 29.70 29.39 29.03 28.66 28.27 27.87 27.48 27.10 26.73 26.39 26.07 25.80 25.57 25.39 25.25 25.15 25.09 25.08 25.12 25.21 25.37 25.60 25.90 26.29 26.76 27.32 27.97 28.70 29.46 30.23 31.00 31.77 32.53 33.26 33.97 34.63 35.25 35.81 36.30 36.68 36.84 36.68 36.22 35.47 34.46 33.22 31.77 30.14 28.36 26.45 24.44 22.35 20.22 18.15 16.20
15.39 16.31 17.25 18.20 19.16 20.13 21.09 22.04 22.97 23.88 24.77 25.63 26.43 27.16 27.81 28.37 28.85 29.23 29.51 29.68 29.74 29.67 29.48 29.18 28.83 28.46 28.07 27.67 27.28 26.89 26.52 26.17 25.84 25.56 25.32 25.12 24.99 24.90 24.86 24.86 24.91 25.02 25.19 25.43 25.74 26.14 26.61 27.18 27.84 28.58 29.34 30.12 30.90 31.69 32.46 33.21 33.93 34.62 35.26 35.84 36.36 36.77 36.98 36.89 36.48 35.77 34.80 33.58 32.15 30.53 28.74 26.81 24.78 22.65 20.48 18.37 16.40
15.03 15.92 16.84 17.77 18.71 19.65 20.59 21.52 22.43 23.32 24.21 25.08 25.92 26.69 27.38 27.98 28.48 28.89 29.19 29.39 29.46 29.41 29.24 28.94 28.60 28.23 27.84 27.45 27.05 26.66 26.28 25.92 25.59 25.29 25.04 24.83 24.68 24.60 24.57 24.59 24.66 24.78 24.96 25.22 25.54 25.94 26.43 27.00 27.67 28.41 29.19 29.97 30.77 31.57 32.36 33.13 33.87 34.57 35.24 35.84 36.36 36.71 36.88 36.83 36.50 35.86 34.95 33.78 32.39 30.80 29.03 27.12 25.08 22.95 20.76 18.63 16.66
14.66 15.54 16.43 17.34 18.26 19.17 20.09 20.99 21.89 22.78 23.67 24.54 25.39 26.19 26.91 27.55 28.09 28.52 28.85 29.06 29.16 29.12 28.96 28.68 28.34 27.97 27.59 27.20 26.80 26.41 26.02 25.66 25.31 25.00 24.74 24.52 24.36 24.26 24.24 24.27 24.35 24.49 24.69 24.95 25.29 25.70 26.20 26.78 27.46 28.21 28.99 29.79 30.60 31.41 32.22 33.00 33.77 34.50 35.18 35.78 36.23 36.51 36.61 36.54 36.27 35.73 34.90 33.81 32.48 30.95 29.23 27.35 25.34 23.23 21.05 18.93 16.97
14.31 15.16 16.03 16.91 17.80 18.70 19.59 20.47 21.37 22.26 23.14 24.01 24.85 25.66 26.42 27.09 27.66 28.12 28.47 28.71 28.82 28.81 28.65 28.38 28.05 27.69 27.31 26.92 26.52 26.12 25.73 25.36 25.01 24.69 24.42 24.19 24.01 23.90 23.86 23.90 24.00 24.15 24.37 24.64 24.99 25.42 25.92 26.52 27.20 27.96 28.75 29.56 30.39 31.22 32.04 32.85 33.63 34.38 35.06 35.60 35.97 36.18 36.23 36.11 35.84 35.38 34.66 33.67 32.43 30.98 29.33 27.51 25.56 23.48 21.34 19.26 17.35
13.96 14.78 15.63 16.49 17.35 18.22 19.10 19.98 20.87 21.76 22.64 23.50 24.33 25.14 25.90 26.59 27.20 27.69 28.07 28.32 28.46 28.46 28.32 28.05 27.73 27.38 27.00 26.61 26.21 25.81 25.42 25.04 24.68 24.36 24.07 23.84 23.65 23.53 23.47 23.49 23.59 23.76 23.99 24.28 24.65 25.08 25.60 26.21 26.90 27.67 28.47 29.30 30.14 30.98 31.82 32.65 33.46 34.20 34.81 35.27 35.58 35.73 35.73 35.58 35.28 34.83 34.21 33.34 32.22 30.87 29.32 27.59 25.72 23.71 21.62 19.61 17.76
13.61 14.41 15.23 16.07 16.91 17.76 18.63 19.51 20.40 21.28 22.15 23.00 23.83 24.62 25.37 26.07 26.70 27.22 27.63 27.91 28.06 28.08 27.95 27.70 27.38 27.03 26.66 26.28 25.88 25.47 25.08 24.69 24.33 24.00 23.71 23.46 23.27 23.13 23.06 23.07 23.15 23.32 23.57 23.88 24.25 24.70 25.24 25.85 26.56 27.34 28.15 28.99 29.85 30.71 31.57 32.42 33.22 33.89 34.42 34.81 35.05 35.16 35.12 34.94 34.62 34.17 33.58 32.83 31.85 30.64 29.21 27.59 25.81 23.90 21.90 19.97 18.22
13.28 14.06 14.85 15.66 16.48 17.33 18.19 19.07 19.95 20.83 21.69 22.53 23.35 24.13 24.87 25.55 26.18 26.72 27.15 27.46 27.63 27.66 27.55 27.31 27.00 26.66 26.30 25.91 25.51 25.11 24.71 24.33 23.96 23.63 23.33 23.07 22.87 22.72 22.64 22.63 22.69 22.85 23.09 23.42 23.81 24.28 24.82 25.45 26.17 26.96 27.79 28.64 29.51 30.40 31.28 32.12 32.84 33.44 33.89 34.22 34.41 34.47 34.40 34.21 33.88 33.44 32.86 32.16 31.31 30.25 28.97 27.49 25.85 24.05 22.16 20.34 18.72
12.96 13.71 14.47 15.26 16.08 16.93 17.79 18.66 19.53 20.40 21.25 22.08 22.89 23.65 24.37 25.05 25.66 26.20 26.65 26.98 27.17 27.22 27.12 26.89 26.59 26.26 25.90 25.51 25.12 24.71 24.32 23.93 23.57 23.23 22.93 22.66 22.45 22.29 22.19 22.17 22.22 22.36 22.58 22.91 23.32 23.80 24.36 25.00 25.73 26.53 27.38 28.25 29.14 30.04 30.91 31.68 32.32 32.84 33.23 33.50 33.65 33.68 33.59 33.39 33.07 32.63 32.08 31.41 30.64 29.72 28.61 27.30 25.80 24.15 22.40 20.72 19.24
12.66 13.38 14.12 14.91 15.72 16.56 17.41 18.28 19.14 20.00 20.84 21.66 22.45 23.20 23.90 24.56 25.15 25.67 26.11 26.46 26.67 26.74 26.66 26.44 26.15 25.82 25.47 25.09 24.69 24.30 23.90 23.52 23.15 22.81 22.50 22.23 22.01 21.84 21.73 21.69 21.73 21.85 22.06 22.36 22.77 23.27 23.84 24.50 25.24 26.06 26.92 27.81 28.72 29.61 30.40 31.08 31.65 32.10 32.44 32.67 32.79 32.79 32.69 32.49 32.18 31.76 31.24 30.62 29.90 29.07 28.13 27.00 25.68 24.20 22.61 21.09 19.78
12.37 13.07 13.81 14.59 15.40 16.23 17.07 17.93 18.78 19.62 20.45 21.26 22.03 22.76 23.45 24.08 24.66 25.16 25.58 25.92 26.14 26.23 26.16 25.95 25.67 25.36 25.01 24.63 24.25 23.85 23.46 23.08 22.72 22.37 22.06 21.78 21.55 21.38 21.26 21.20 21.23 21.33 21.52 21.81 22.19 22.69 23.28 23.95 24.71 25.54 26.42 27.32 28.22 29.03 29.74 30.34 30.84 31.24 31.53 31.72 31.82 31.81 31.71 31.51 31.22 30.83 30.35 29.78 29.12 28.37 27.54 26.59 25.48 24.19 22.78 21.45 20.34
12.11 12.80 13.54 14.31 15.11 15.94 16.77 17.61 18.45 19.28 20.10 20.89 21.64 22.36 23.02 23.63 24.18 24.66 25.06 25.37 25.58 25.68 25.63 25.43 25.17 24.86 24.52 24.15 23.77 23.39 23.00 22.62 22.26 21.91 21.60 21.32 21.08 20.89 20.76 20.70 20.71 20.79 20.97 21.23 21.60 22.08 22.67 23.35 24.13 24.98 25.87 26.76 27.58 28.30 28.93 29.46 29.90 30.25 30.51 30.67 30.75 30.74 30.64 30.46 30.20 29.85 29.42 28.91 28.33 27.66 26.92 26.10 25.18 24.12 22.92 21.80 20.90
11.90 12.58 13.31 14.08 14.87 15.68 16.51 17.33 18.16 18.97 19.77 20.54 21.28 21.97 22.62 23.21 23.73 24.18 24.55 24.84 25.02 25.11 25.06 24.88 24.62 24.33 24.00 23.64 23.28 22.90 22.52 22.14 21.77 21.43 21.11 20.83 20.59 20.39 20.25 20.18 20.17 20.24 20.40 20.65 21.00 21.45 22.02 22.71 23.50 24.36 25.24 26.05 26.78 27.42 27.97 28.45 28.84 29.14 29.37 29.52 29.59 29.59 29.51 29.35 29.12 28.83 28.46 28.02 27.51 26.93 26.29 25.59 24.82 23.97 23.00 22.11 21.34
11.73 12.41 13.13 13.88 14.67 15.47 16.28 17.09 17.90 18.70 19.48 20.23 20.94 21.62 22.24 22.80 23.30 23.72 24.07 24.32 24.48 24.53 24.47 24.29 24.05 23.77 23.45 23.11 22.75 22.38 22.01 21.63 21.27 20.93 20.61 20.32 20.07 19.87 19.73 19.64 19.62 19.68 19.82 20.05 20.38 20.82 21.36 22.03 22.81 23.66 24.46 25.18 25.82 26.39 26.88 27.30 27.65 27.93 28.14 28.28 28.35 28.36 28.30 28.18 28.00 27.76 27.46 27.10 26.68 26.21 25.68 25.09 24.46 23.77 23.03 22.28 21.53
11.56 12.23 12.94 13.69 14.46 15.25 16.04 16.84 17.64 18.42 19.18 19.91 20.61 21.26 21.86 22.39 22.87 23.26 23.58 23.80 23.93 23.95 23.86 23.67 23.44 23.17 22.87 22.54 22.19 21.83 21.46 21.09 20.73 20.39 20.07 19.78 19.53 19.32 19.17 19.07 19.04 19.09 19.22 19.43 19.74 20.15 20.68 21.32 22.11 22.94 23.64 24.27 24.84 25.34 25.77 26.15 26.46 26.72 26.91 27.05 27.14 27.16 27.14 27.06 26.93 26.75 26.52 26.25 25.92 25.56 25.14 24.69 24.19 23.65 23.00 22.28 21.54
11.29 11.96 12.66 13.40 14.17 14.95 15.73 16.52 17.30 18.07 18.82 19.53 20.21 20.84 21.42 21.94 22.39 22.76 23.05 23.25 23.35 23.34 23.22 23.01 22.77 22.52 22.23 21.91 21.57 21.22 20.86 20.50 20.14 19.80 19.48 19.19 18.93 18.72 18.56 18.45 18.41 18.45 18.56 18.76 19.05 19.44 19.94 20.59 21.44 22.34 23.03 23.58 24.06 24.50 24.88 25.21 25.49 25.72 25.90 26.04 26.13 26.18 26.18 26.15 26.07 25.95 25.80 25.61 25.38 25.12 24.83 24.50 24.14 23.67 23.04 22.33 21.60
10.92 11.58 12.29 13.03 13.79 14.56 15.35 16.13 16.90 17.66 18.39 19.10 19.76 20.38 20.94 21.44 21.87 22.23 22.50 22.67 22.75 22.71 22.57 22.34 22.08 21.82 21.54 21.24 20.91 20.56 20.21 19.85 19.50 19.16 18.84 18.55 18.29 18.07 17.90 17.79 17.74 17.76 17.85 18.03 18.31 18.68 19.19 19.90 20.83 21.80 22.55 23.09 23.51 23.88 24.20 24.49 24.73 24.94 25.11 25.24 25.34 25.41 25.45 25.45 25.43 25.38 25.29 25.19 25.06 24.90 24.73 24.52 24.23 23.78 23.15 22.44 21.71
10.51 11.13 11.84 12.58 13.34 14.11 14.89 15.67 16.44 17.19 17.92 18.62 19.27 19.88 20.43 20.92 21.33 21.67 21.92 22.08 22.13 22.08 21.92 21.67 21.39 21.10 20.82 20.52 20.20 19.87 19.52 19.17 18.82 18.48 18.16 17.87 17.61 17.38 17.21 17.08 17.02 17.03 17.11 17.28 17.54 17.92 18.49 19.28 20.27 21.30 22.13 22.74 23.16 23.46 23.73 23.97 24.18 24.36 24.52 24.65 24.76 24.85 24.92 24.96 24.99 25.00 24.99 24.97 24.94 24.89 24.82 24.68 24.40 23.95 23.33 22.62 21.90
10.17 10.66 11.33 12.07 12.83 13.61 14.39 15.17 15.94 16.69 17.42 18.11 18.76 19.36 19.90 20.38 20.78 21.11 21.35 21.48 21.51 21.44 21.26 20.99 20.69 20.39 20.08 19.78 19.47 19.14 18.80 18.46 18.11 17.78 17.46 17.16 16.90 16.67 16.49 16.35 16.28 16.28 16.35 16.50 16.76 17.21 17.86 18.72 19.76 20.85 21.74 22.43 22.92 23.23 23.45 23.64 23.82 23.97 24.12 24.25 24.37 24.47 24.57 24.65 24.73 24.81 24.87 24.94 25.00 25.05 25.04 24.91 24.63 24.18 23.56 22.86 22.15
9.91 10.26 10.81 11.52 12.29 13.07 13.86 14.64 15.41 16.17 16.89 17.58 18.23 18.83 19.37 19.84 20.24 20.56 20.77 20.88 20.89 20.80 20.60 20.32 20.00 19.68 19.36 19.04 18.72 18.40 18.07 17.73 17.39 17.05 16.74 16.44 16.17 15.94 15.75 15.61 15.53 15.51 15.56 15.73 16.06 16.59 17.31 18.22 19.31 20.44 21.39 22.14 22.71 23.10 23.33 23.48 23.62 23.75 23.88 24.01 24.13 24.26 24.39 24.51 24.64 24.78 24.92 25.06 25.21 25.32 25.32 25.18 24.90 24.45 23.84 23.15 22.44
9.75 9.97 10.38 10.97 11.71 12.51 13.30 14.10 14.88 15.63 16.36 17.06 17.71 18.31 18.84 19.32 19.71 20.01 20.20 20.29 20.28 20.17 19.95 19.66 19.33 18.99 18.65 18.31 17.98 17.65 17.32 16.99 16.65 16.32 16.00 15.71 15.43 15.20 15.00 14.85 14.76 14.73 14.80 15.04 15.45 16.05 16.82 17.78 18.91 20.07 21.07 21.88 22.51 22.98 23.29 23.46 23.57 23.68 23.80 23.92 24.05 24.20 24.35 24.52 24.70 24.90 25.11 25.34 25.53 25.64 25.63 25.49 25.21 24.77 24.16 23.48 22.78
9.67 9.77 10.06 10.53 11.17 11.93 12.74 13.55 14.34 15.11 15.85 16.55 17.20 17.81 18.35 18.82 19.20 19.47 19.64 19.71 19.68 19.55 19.32 19.01 18.68 18.33 17.97 17.61 17.26 16.91 16.58 16.25 15.92 15.59 15.27 14.98 14.70 14.46 14.26 14.10 14.00 13.99 14.13 14.45 14.93 15.59 16.41 17.41 18.56 19.75 20.78 21.64 22.33 22.87 23.26 23.51 23.65 23.74 23.84 23.96 24.10 24.26 24.45 24.65 24.89 25.15 25.43 25.69 25.88 25.98 25.97 25.83 25.55 25.11 24.52 23.85 23.16
9.67 9.67 9.86 10.21 10.74 11.41 12.19 13.01 13.82 14.60 15.35 16.07 16.73 17.34 17.89 18.34 18.70 18.95 19.10 19.15 19.10 18.96 18.72 18.40 18.05 17.69 17.32 16.95 16.58 16.22 15.86 15.52 15.19 14.87 14.56 14.26 13.98 13.74 13.53 13.37 13.28 13.34 13.57 13.95 14.50 15.21 16.07 17.09 18.27 19.47 20.52 21.42 22.16 22.76 23.22 23.56 23.78 23.91 24.00 24.11 24.26 24.44 24.65 24.90 25.18 25.50 25.81 26.07 26.25 26.34 26.33 26.19 25.92 25.49 24.90 24.24 23.56
9.76 9.67 9.76 10.02 10.44 11.00 11.70 12.51 13.33 14.13 14.90 15.63 16.31 16.93 17.46 17.89 18.22 18.45 18.58 18.61 18.55 18.39 18.14 17.81 17.45 17.08 16.70 16.32 15.93 15.56 15.19 14.83 14.50 14.17 13.86 13.56 13.28 13.03 12.82 12.68 12.67 12.82 13.11 13.56 14.16 14.91 15.80 16.84 18.02 19.23 20.30 21.22 22.00 22.65 23.18 23.59 23.90 24.11 24.24 24.36 24.52 24.71 24.95 25.24 25.57 25.91 26.21 26.46 26.64 26.72 26.71 26.57 26.30 25.88 25.30 24.65 23.99
9.92 9.76 9.77 9.95 10.28 10.75 11.35 12.08 12.89 13.71 14.50 15.24 15.93 16.54 17.05 17.46 17.76 17.97 18.08 18.10 18.02 17.86 17.60 17.26 16.89 16.51 16.12 15.73 15.34 14.95 14.56 14.20 13.84 13.51 13.20 12.90 12.62 12.36 12.17 12.11 12.18 12.40 12.76 13.27 13.91 14.68 15.60 16.65 17.82 19.03 20.10 21.04 21.86 22.55 23.13 23.61 23.99 24.29 24.52 24.68 24.85 25.06 25.33 25.65 26.00 26.33 26.62 26.86 27.02 27.11 27.09 26.96 26.69 26.28 25.71 25.08 24.43
10.16 9.94 9.88 9.99 10.25 10.64 11.16 11.80 12.54 13.35 14.16 14.92 15.61 16.19 16.67 17.05 17.34 17.53 17.63 17.63 17.54 17.36 17.10 16.75 16.38 15.99 15.60 15.19 14.79 14.39 14.00 13.61 13.25 12.90 12.57 12.27 11.99 11.77 11.65 11.67 11.83 12.11 12.53 13.07 13.74 14.54 15.46 16.51 17.68 18.87 19.94 20.89 21.72 22.45 23.07 23.61 24.06 24.44 24.75 25.01 25.23 25.47 25.76 26.09 26.43 26.74 27.02 27.25 27.41 27.49 27.47 27.34 27.08 26.68 26.13 25.51 24.87
10.48 10.20 10.10 10.15 10.34 10.67 11.13 11.69 12.35 13.10 13.90 14.66 15.31 15.87 16.33 16.69 16.96 17.13 17.21 17.20 17.10 16.92 16.65 16.30 15.92 15.53 15.13 14.71 14.30 13.89 13.49 13.09 12.71 12.35 12.02 11.71 11.45 11.30 11.27 11.37 11.59 11.93 12.39 12.97 13.67 14.48 15.40 16.44 17.58 18.75 19.81 20.76 21.60 22.35 23.01 23.59 24.10 24.55 24.94 25.29 25.61 25.90 26.21 26.52 26.84 27.14 27.40 27.62 27.78 27.86 27.84 27.72 27.47 27.08 26.54 25.93 25.32
10.87 10.56 10.41 10.42 10.57 10.85 11.24 11.75 12.35 13.02 13.73 14.43 15.06 15.59 16.02 16.37 16.62 16.78 16.84 16.82 16.72 16.52 16.25 15.90 15.52 15.12 14.71 14.30 13.88 13.46 13.05 12.64 12.25 11.88 11.53 11.24 11.05 10.99 11.04 11.21 11.48 11.87 12.37 12.97 13.68 14.49 15.40 16.42 17.54 18.67 19.71 20.64 21.49 22.25 22.93 23.55 24.11 24.62 25.08 25.52 25.93 26.30 26.63 26.93 27.23 27.51 27.77 27.98 28.14 28.21 28.20 28.08 27.84 27.46 26.94 26.35 25.75
11.32 11.00 10.83 10.80 10.92 11.16 11.52 11.97 12.51 13.09 13.68 14.27 14.84 15.35 15.77 16.09 16.33 16.47 16.53 16.50 16.39 16.19 15.91 15.56 15.18 14.78 14.37 13.95 13.53 13.10 12.68 12.27 11.87 11.49 11.16 10.93 10.82 10.83 10.95 11.18 11.50 11.93 12.45 13.06 13.77 14.58 15.47 16.46 17.54 18.63 19.63 20.55 21.38 22.15 22.84 23.49 24.09 24.65 25.18 25.69 26.17 26.60 26.98 27.29 27.58 27.86 28.10 28.31 28.46 28.54 28.53 28.42 28.19 27.82 27.32 26.75 26.16
11.85 11.51 11.33 11.30 11.39 11.61 11.94 12.35 12.81 13.28 13.75 14.23 14.71 15.17 15.57 15.88 16.10 16.23 16.28 16.24 16.12 15.92 15.64 15.29 14.91 14.51 14.10 13.68 13.25 12.82 12.40 11.98 11.57 11.21 10.95 10.80 10.76 10.83 11.01 11.28 11.64 12.09 12.63 13.25 13.96 14.74 15.61 16.56 17.58 18.62 19.59 20.47 21.29 22.04 22.75 23.41 24.04 24.64 25.22 25.78 26.31 26.79 27.22 27.59 27.90 28.16 28.40 28.61 28.76 28.84 28.83 28.73 28.51 28.16 27.67 27.12 26.55
12.44 12.11 11.93 11.90 11.99 12.19 12.50 12.85 13.21 13.57 13.95 14.32 14.70 15.07 15.43 15.72 15.93 16.05 16.09 16.05 15.93 15.73 15.45 15.10 14.72 14.32 13.91 13.49 13.06 12.63 12.20 11.78 11.39 11.10 10.92 10.84 10.87 11.00 11.21 11.52 11.91 12.38 12.92 13.54 14.23 14.99 15.82 16.72 17.68 18.66 19.57 20.41 21.20 21.94 22.64 23.31 23.96 24.59 25.21 25.81 26.37 26.89 27.37 27.79 28.14 28.42 28.66 28.86 29.01 29.09 29.09 29.00 28.79 28.46 27.99 27.45 26.91
13.09 12.78 12.62 12.60 12.70 12.90 13.15 13.41 13.68 13.96 14.25 14.53 14.82 15.10 15.38 15.64 15.83 15.95 15.98 15.93 15.81 15.61 15.33 14.99 14.61 14.22 13.81 13.39 12.96 12.52 12.09 11.70 11.38 11.18 11.07 11.06 11.14 11.31 11.57 11.90 12.30 12.78 13.31 13.92 14.58 15.30 16.09 16.93 17.82 18.73 19.58 20.37 21.13 21.84 22.53 23.20 23.85 24.50 25.14 25.76 26.35 26.91 27.42 27.88 28.28 28.61 28.86 29.06 29.21 29.30 29.31 29.22 29.03 28.71 28.26 27.75 27.22
13.80 13.53 13.40 13.40 13.51 13.67 13.85 14.04 14.24 14.44 14.64 14.85 15.06 15.26 15.45 15.64 15.81 15.92 15.95 15.90 15.77 15.57 15.30 14.97 14.60 14.21 13.80 13.38 12.95 12.52 12.12 11.79 11.57 11.44 11.40 11.45 11.58 11.78 12.06 12.41 12.82 13.29 13.81 14.39 15.02 15.70 16.42 17.19 18.01 18.83 19.61 20.35 21.06 21.74 22.40 23.06 23.71 24.37 25.02 25.66 26.27 26.85 27.39 27.88 28.32 28.69 28.98 29.20 29.36 29.45 29.47 29.39 29.21 28.91 28.48 27.99 27.49
14.58 14.35 14.27 14.30 14.38 14.48 14.60 14.72 14.85 14.99 15.13 15.27 15.40 15.54 15.66 15.78 15.89 15.97 16.00 15.95 15.83 15.63 15.36 15.04 14.67 14.29 13.89 13.47 13.05 12.65 12.32 12.09 11.94 11.88 11.90 11.99 12.16 12.39 12.69 13.04 13.45 13.91 14.41 14.96 15.54 16.16 16.82 17.52 18.24 18.98 19.68 20.35 20.99 21.63 22.26 22.90 23.55 24.21 24.86 25.51 26.13 26.73 27.29 27.80 28.27 28.67 29.00 29.26 29.43 29.53 29.56 29.50 29.34 29.05 28.64 28.18 27.70
