data_processed/recharge/precip/Precip_1987_08.asc
ncols        168
nrows        136
xllcorner    455000
yllcorner    2107000
cellsize     500
NODATA_value     -99999
[rows 64 to 95 of 136, columns 71 to 141 of 168]
113.58 112.81 112.23 111.83 111.59 111.50 111.57 111.77 112.11 112.57 113.15 113.84 114.63 115.52 116.49 117.55 118.67 119.86 121.11 122.40 123.74 125.11 126.51 127.92 129.36 130.81 132.29 133.80 135.32 136.86 138.41 139.97 141.53 143.10 144.67 146.22 147.71 149.14 150.50 151.80 153.03 154.18 155.27 156.27 157.20 158.05 158.81 159.49 160.08 160.58 160.98 161.29 161.50 161.61 161.61 161.51 161.30 161.02 160.69 160.32 159.92 159.47 159.00 158.49 157.95 157.37 156.77 156.14 155.48 154.79 154.09
113.42 112.63 112.04 111.64 111.40 111.32 111.39 111.61 111.97 112.45 113.06 113.78 114.61 115.54 116.57 117.67 118.85 120.10 121.42 122.78 124.20 125.65 127.13 128.63 130.16 131.69 133.25 134.83 136.42 138.04 139.67 141.31 142.95 144.60 146.22 147.80 149.31 150.76 152.15 153.47 154.72 155.90 157.01 158.03 158.98 159.85 160.63 161.32 161.93 162.44 162.86 163.19 163.41 163.53 163.55 163.47 163.27 163.00 162.68 162.32 161.93 161.49 161.02 160.52 159.98 159.41 158.82 158.19 157.53 156.84 156.13
113.28 112.48 111.88 111.47 111.23 111.15 111.23 111.46 111.84 112.35 112.98 113.74 114.60 115.57 116.64 117.80 119.03 120.35 121.72 123.16 124.65 126.18 127.74 129.34 130.95 132.58 134.22 135.88 137.55 139.25 140.96 142.67 144.40 146.10 147.76 149.36 150.90 152.38 153.79 155.13 156.40 157.60 158.73 159.77 160.74 161.62 162.42 163.14 163.76 164.29 164.72 165.06 165.30 165.44 165.47 165.40 165.22 164.95 164.65 164.30 163.91 163.48 163.02 162.53 161.99 161.43 160.83 160.21 159.55 158.87 158.15
113.17 112.35 111.74 111.32 111.08 111.00 111.09 111.34 111.73 112.25 112.92 113.70 114.60 115.61 116.73 117.93 119.22 120.60 122.04 123.54 125.10 126.71 128.36 130.04 131.75 133.47 135.21 136.95 138.71 140.49 142.28 144.08 145.86 147.60 149.28 150.90 152.47 153.97 155.40 156.76 158.06 159.28 160.42 161.49 162.47 163.38 164.19 164.92 165.56 166.11 166.56 166.91 167.17 167.32 167.36 167.30 167.13 166.88 166.58 166.24 165.87 165.45 164.99 164.50 163.97 163.41 162.82 162.19 161.54 160.85 160.14
113.10 112.26 111.63 111.21 110.96 110.89 110.98 111.23 111.64 112.19 112.87 113.69 114.62 115.67 116.83 118.08 119.43 120.86 122.36 123.93 125.57 127.25 128.98 130.75 132.55 134.37 136.20 138.05 139.89 141.75 143.63 145.49 147.31 149.07 150.78 152.42 154.01 155.53 156.99 158.37 159.69 160.93 162.09 163.18 164.18 165.10 165.94 166.68 167.34 167.90 168.37 168.74 169.00 169.17 169.23 169.18 169.02 168.78 168.49 168.16 167.79 167.38 166.93 166.44 165.92 165.36 164.77 164.15 163.49 162.81 162.10
113.06 112.21 111.57 111.13 110.87 110.80 110.90 111.16 111.58 112.15 112.86 113.70 114.67 115.76 116.96 118.26 119.65 121.14 122.70 124.34 126.05 127.81 129.62 131.47 133.36 135.27 137.21 139.15 141.10 143.06 144.99 146.89 148.73 150.52 152.25 153.92 155.53 157.07 158.55 159.95 161.29 162.55 163.73 164.84 165.86 166.80 167.65 168.41 169.09 169.66 170.14 170.53 170.81 170.99 171.06 171.02 170.87 170.64 170.36 170.04 169.68 169.28 168.83 168.35 167.83 167.28 166.69 166.07 165.41 164.73 164.01
113.07 112.20 111.54 111.09 110.83 110.76 110.86 111.13 111.56 112.15 112.88 113.75 114.75 115.87 117.11 118.46 119.90 121.45 123.07 124.77 126.55 128.38 130.27 132.21 134.18 136.19 138.22 140.27 142.33 144.36 146.34 148.26 150.13 151.94 153.69 155.39 157.02 158.58 160.08 161.51 162.86 164.14 165.35 166.47 167.51 168.46 169.33 170.11 170.80 171.39 171.89 172.28 172.58 172.77 172.85 172.83 172.69 172.47 172.20 171.89 171.54 171.14 170.70 170.22 169.71 169.16 168.57 167.95 167.29 166.61 165.89
113.14 112.24 111.57 111.11 110.84 110.76 110.86 111.14 111.58 112.18 112.94 113.83 114.86 116.02 117.30 118.69 120.19 121.78 123.47 125.23 127.07 128.98 130.95 132.97 135.03 137.13 139.26 141.41 143.55 145.63 147.65 149.60 151.49 153.33 155.10 156.82 158.47 160.06 161.58 163.03 164.40 165.70 166.92 168.07 169.12 170.10 170.98 171.78 172.48 173.09 173.60 174.01 174.31 174.52 174.61 174.60 174.47 174.26 174.00 173.70 173.35 172.96 172.53 172.05 171.54 170.99 170.41 169.79 169.13 168.44 167.73
113.26 112.34 111.65 111.17 110.90 110.82 110.92 111.20 111.65 112.27 113.04 113.96 115.02 116.21 117.53 118.97 120.51 122.16 123.90 125.73 127.63 129.61 131.66 133.76 135.91 138.10 140.32 142.54 144.72 146.85 148.91 150.90 152.82 154.68 156.48 158.22 159.90 161.51 163.05 164.51 165.91 167.23 168.47 169.63 170.70 171.69 172.59 173.40 174.12 174.74 175.27 175.69 176.01 176.22 176.33 176.33 176.21 176.01 175.76 175.47 175.12 174.74 174.31 173.84 173.33 172.79 172.20 171.58 170.93 170.24 169.52
113.45 112.51 111.79 111.30 111.02 110.93 111.03 111.32 111.78 112.41 113.20 114.14 115.23 116.45 117.81 119.28 120.88 122.57 124.37 126.26 128.23 130.28 132.40 134.58 136.82 139.10 141.39 143.64 145.86 148.02 150.12 152.15 154.12 156.00 157.83 159.59 161.28 162.91 164.47 165.96 167.38 168.71 169.97 171.15 172.24 173.25 174.16 174.99 175.72 176.36 176.89 177.33 177.66 177.89 178.01 178.02 177.91 177.72 177.48 177.19 176.85 176.47 176.05 175.59 175.08 174.54 173.95 173.33 172.67 171.98 171.26
113.71 112.74 112.01 111.50 111.20 111.11 111.21 111.50 111.97 112.61 113.41 114.38 115.49 116.75 118.14 119.65 121.29 123.04 124.89 126.84 128.88 131.00 133.19 135.45 137.77 140.10 142.42 144.71 146.95 149.14 151.28 153.35 155.35 157.28 159.13 160.92 162.63 164.28 165.86 167.37 168.80 170.16 171.44 172.63 173.74 174.76 175.69 176.53 177.28 177.93 178.48 178.93 179.27 179.51 179.64 179.66 179.56 179.38 179.15 178.87 178.54 178.16 177.74 177.28 176.78 176.23 175.65 175.03 174.37 173.68 172.95
114.05 113.05 112.29 111.77 111.46 111.35 111.45 111.74 112.22 112.87 113.69 114.68 115.82 117.10 118.53 120.08 121.76 123.56 125.47 127.48 129.58 131.76 134.03 136.36 138.73 141.09 143.43 145.73 148.00 150.21 152.38 154.49 156.53 158.50 160.39 162.20 163.94 165.61 167.21 168.74 170.19 171.56 172.86 174.07 175.19 176.23 177.18 178.03 178.79 179.46 180.02 180.48 180.84 181.09 181.22 181.25 181.17 180.99 180.77 180.49 180.17 179.80 179.39 178.93 178.43 177.88 177.30 176.68 176.02 175.32 174.59
114.47 113.44 112.66 112.11 111.79 111.68 111.77 112.06 112.54 113.20 114.04 115.04 116.21 117.52 118.98 120.58 122.30 124.14 126.10 128.17 130.33 132.58 134.92 137.30 139.68 142.05 144.40 146.72 149.00 151.24 153.44 155.58 157.65 159.66 161.59 163.44 165.20 166.89 168.51 170.06 171.53 172.92 174.23 175.46 176.60 177.65 178.61 179.48 180.26 180.93 181.51 181.98 182.35 182.61 182.76 182.80 182.72 182.56 182.34 182.07 181.75 181.39 180.98 180.52 180.02 179.48 178.89 178.27 177.61 176.91 176.18
114.98 113.92 113.11 112.55 112.21 112.09 112.17 112.46 112.95 113.62 114.47 115.49 116.67 118.01 119.50 121.14 122.90 124.79 126.80 128.92 131.15 133.46 135.84 138.23 140.61 142.98 145.34 147.67 149.97 152.23 154.44 156.61 158.71 160.75 162.72 164.61 166.41 168.13 169.77 171.33 172.82 174.23 175.55 176.80 177.95 179.02 180.00 180.88 181.67 182.36 182.95 183.43 183.81 184.08 184.24 184.29 184.22 184.06 183.85 183.59 183.28 182.92 182.51 182.06 181.56 181.02 180.43 179.81 179.14 178.44 177.70
115.58 114.49 113.66 113.07 112.71 112.58 112.66 112.95 113.43 114.11 114.97 116.01 117.22 118.58 120.11 121.77 123.58 125.52 127.58 129.75 132.03 134.38 136.75 139.13 141.51 143.89 146.24 148.58 150.89 153.17 155.40 157.59 159.72 161.79 163.79 165.71 167.55 169.31 170.97 172.55 174.06 175.48 176.83 178.09 179.26 180.34 181.33 182.23 183.03 183.73 184.33 184.83 185.22 185.50 185.67 185.72 185.67 185.52 185.31 185.05 184.75 184.39 183.99 183.53 183.04 182.50 181.91 181.29 180.62 179.91 179.17
116.28 115.16 114.30 113.69 113.32 113.17 113.24 113.52 114.01 114.69 115.57 116.62 117.85 119.24 120.79 122.49 124.34 126.32 128.43 130.65 132.96 135.30 137.66 140.03 142.40 144.77 147.12 149.46 151.78 154.07 156.31 158.52 160.67 162.76 164.79 166.75 168.63 170.42 172.12 173.72 175.25 176.69 178.05 179.32 180.51 181.61 182.61 183.52 184.34 185.05 185.66 186.17 186.57 186.86 187.04 187.10 187.05 186.91 186.71 186.46 186.16 185.80 185.40 184.95 184.46 183.91 183.33 182.70 182.03 181.32 180.57
117.09 115.93 115.05 114.41 114.02 113.86 113.92 114.20 114.69 115.37 116.26 117.32 118.57 119.98 121.56 123.30 125.18 127.20 129.36 131.60 133.89 136.21 138.55 140.90 143.26 145.62 147.97 150.31 152.63 154.92 157.18 159.40 161.57 163.68 165.73 167.72 169.63 171.45 173.19 174.83 176.38 177.84 179.21 180.50 181.70 182.82 183.83 184.76 185.58 186.31 186.93 187.45 187.86 188.16 188.35 188.42 188.38 188.24 188.05 187.80 187.50 187.16 186.76 186.31 185.81 185.27 184.68 184.05 183.38 182.66 181.91
118.01 116.82 115.90 115.25 114.83 114.65 114.71 114.98 115.46 116.15 117.04 118.12 119.39 120.83 122.43 124.20 126.12 128.18 130.35 132.57 134.83 137.12 139.43 141.76 144.11 146.45 148.80 151.13 153.45 155.74 158.00 160.23 162.41 164.54 166.61 168.62 170.56 172.41 174.18 175.86 177.44 178.92 180.32 181.62 182.84 183.96 184.99 185.93 186.77 187.51 188.14 188.67 189.09 189.40 189.59 189.67 189.64 189.51 189.32 189.08 188.79 188.44 188.04 187.60 187.10 186.56 185.97 185.34 184.66 183.94 183.18
119.06 117.82 116.88 116.19 115.76 115.56 115.60 115.87 116.35 117.04 117.94 119.03 120.31 121.77 123.40 125.20 127.15 129.22 131.35 133.53 135.76 138.02 140.30 142.61 144.93 147.26 149.59 151.92 154.23 156.52 158.78 161.01 163.20 165.34 167.43 169.46 171.42 173.30 175.10 176.81 178.43 179.95 181.36 182.68 183.91 185.05 186.09 187.04 187.89 188.64 189.28 189.82 190.25 190.57 190.77 190.86 190.83 190.71 190.53 190.29 190.00 189.66 189.26 188.82 188.32 187.78 187.19 186.55 185.87 185.14 184.38
120.22 118.95 117.97 117.26 116.80 116.59 116.61 116.87 117.35 118.04 118.95 120.05 121.34 122.82 124.48 126.30 128.25 130.28 132.37 134.51 136.69 138.91 141.17 143.45 145.75 148.05 150.37 152.68 154.98 157.26 159.52 161.75 163.94 166.09 168.19 170.23 172.21 174.11 175.94 177.68 179.33 180.88 182.33 183.67 184.91 186.07 187.12 188.08 188.95 189.70 190.36 190.91 191.34 191.67 191.88 191.98 191.96 191.84 191.67 191.43 191.15 190.81 190.41 189.96 189.47 188.92 188.33 187.69 187.01 186.28 185.50
121.52 120.21 119.20 118.46 117.97 117.74 117.75 118.00 118.47 119.16 120.07 121.18 122.49 123.99 125.66 127.48 129.38 131.36 133.39 135.49 137.63 139.81 142.03 144.27 146.54 148.82 151.11 153.41 155.69 157.96 160.22 162.44 164.64 166.79 168.89 170.95 172.94 174.86 176.71 178.47 180.15 181.74 183.22 184.59 185.85 187.02 188.09 189.06 189.93 190.70 191.37 191.92 192.37 192.70 192.93 193.03 193.01 192.90 192.73 192.50 192.22 191.88 191.49 191.04 190.54 190.00 189.40 188.76 188.07 187.33 186.55
122.95 121.60 120.55 119.78 119.28 119.02 119.02 119.25 119.72 120.41 121.32 122.44 123.76 125.27 126.93 128.69 130.54 132.45 134.43 136.47 138.56 140.70 142.88 145.09 147.32 149.58 151.84 154.11 156.37 158.63 160.87 163.09 165.28 167.43 169.54 171.60 173.60 175.53 177.40 179.19 180.89 182.50 184.01 185.42 186.72 187.90 188.98 189.96 190.85 191.63 192.30 192.87 193.32 193.67 193.89 194.00 193.99 193.89 193.72 193.50 193.22 192.88 192.49 192.04 191.54 190.99 190.39 189.75 189.05 188.30 187.50
124.53 123.14 122.05 121.25 120.71 120.44 120.42 120.64 121.10 121.79 122.70 123.82 125.15 126.64 128.24 129.93 131.71 133.56 135.48 137.47 139.51 141.60 143.73 145.90 148.09 150.31 152.54 154.79 157.03 159.27 161.49 163.70 165.87 168.02 170.13 172.19 174.19 176.14 178.02 179.82 181.54 183.18 184.72 186.16 187.49 188.70 189.80 190.79 191.69 192.48 193.16 193.74 194.20 194.55 194.78 194.90 194.90 194.80 194.64 194.41 194.14 193.80 193.41 192.96 192.46 191.91 191.31 190.65 189.94 189.18 188.36
126.25 124.82 123.70 122.86 122.30 122.00 121.96 122.17 122.62 123.30 124.21 125.34 126.64 128.06 129.58 131.20 132.90 134.69 136.54 138.47 140.45 142.49 144.57 146.69 148.85 151.03 153.23 155.44 157.65 159.87 162.07 164.26 166.42 168.56 170.66 172.72 174.73 176.68 178.56 180.38 182.12 183.77 185.34 186.80 188.16 189.41 190.54 191.55 192.45 193.25 193.94 194.53 195.00 195.36 195.60 195.72 195.72 195.63 195.47 195.25 194.97 194.64 194.25 193.80 193.30 192.74 192.13 191.47 190.74 189.96 189.12
128.13 126.66 125.49 124.62 124.03 123.71 123.65 123.84 124.28 124.96 125.87 126.96 128.18 129.52 130.96 132.49 134.12 135.83 137.62 139.48 141.41 143.39 145.41 147.49 149.59 151.73 153.89 156.07 158.25 160.43 162.61 164.78 166.93 169.05 171.14 173.19 175.20 177.15 179.04 180.86 182.61 184.28 185.86 187.35 188.74 190.01 191.18 192.22 193.14 193.95 194.65 195.24 195.72 196.08 196.33 196.46 196.47 196.38 196.22 196.01 195.73 195.39 195.00 194.55 194.05 193.49 192.87 192.18 191.44 190.64 189.79
130.17 128.65 127.45 126.54 125.92 125.57 125.49 125.67 126.09 126.76 127.63 128.64 129.77 131.01 132.36 133.82 135.36 137.00 138.72 140.51 142.37 144.28 146.26 148.27 150.33 152.42 154.54 156.67 158.82 160.97 163.12 165.26 167.39 169.50 171.57 173.61 175.61 177.55 179.45 181.27 183.03 184.71 186.31 187.81 189.22 190.52 191.71 192.79 193.74 194.56 195.27 195.87 196.35 196.72 196.98 197.11 197.12 197.04 196.89 196.67 196.40 196.06 195.67 195.22 194.71 194.14 193.50 192.80 192.04 191.22 190.35
132.38 130.81 129.57 128.63 127.97 127.59 127.49 127.65 128.06 128.68 129.46 130.36 131.39 132.54 133.80 135.17 136.63 138.19 139.83 141.55 143.34 145.19 147.10 149.06 151.06 153.10 155.16 157.26 159.36 161.48 163.59 165.71 167.81 169.89 171.95 173.97 175.96 177.90 179.78 181.61 183.37 185.06 186.66 188.18 189.61 190.93 192.15 193.25 194.23 195.08 195.80 196.41 196.90 197.28 197.54 197.68 197.70 197.61 197.47 197.25 196.98 196.65 196.25 195.80 195.28 194.68 194.03 193.31 192.53 191.69 190.80
134.76 133.14 131.86 130.88 130.19 129.78 129.66 129.79 130.15 130.67 131.33 132.13 133.06 134.11 135.28 136.55 137.93 139.40 140.96 142.60 144.31 146.10 147.94 149.83 151.78 153.76 155.78 157.82 159.88 161.96 164.04 166.11 168.18 170.24 172.27 174.28 176.25 178.18 180.05 181.88 183.63 185.32 186.94 188.46 189.90 191.24 192.48 193.60 194.61 195.49 196.25 196.87 197.37 197.75 198.01 198.16 198.18 198.10 197.95 197.74 197.47 197.14 196.74 196.27 195.73 195.12 194.44 193.71 192.91 192.05 191.15
137.32 135.65 134.32 133.30 132.58 132.15 131.99 132.07 132.32 132.72 133.27 133.95 134.78 135.72 136.79 137.97 139.25 140.63 142.11 143.67 145.30 147.01 148.78 150.61 152.49 154.41 156.37 158.36 160.38 162.41 164.44 166.48 168.52 170.55 172.55 174.53 176.48 178.39 180.26 182.07 183.82 185.51 187.12 188.66 190.10 191.46 192.71 193.85 194.89 195.80 196.58 197.22 197.74 198.13 198.40 198.54 198.57 198.49 198.35 198.14 197.87 197.53 197.12 196.63 196.07 195.44 194.75 193.99 193.17 192.30 191.37
140.06 138.35 136.97 135.91 135.15 134.68 134.46 134.42 134.54 134.82 135.25 135.83 136.54 137.38 138.34 139.42 140.60 141.89 143.28 144.75 146.30 147.93 149.63 151.39 153.20 155.06 156.96 158.89 160.85 162.83 164.82 166.82 168.82 170.81 172.78 174.73 176.66 178.55 180.40 182.20 183.94 185.62 187.23 188.77 190.22 191.58 192.84 194.00 195.05 195.98 196.79 197.47 198.01 198.41 198.68 198.83 198.86 198.79 198.65 198.44 198.17 197.81 197.38 196.88 196.30 195.65 194.94 194.16 193.32 192.43 191.48
143.00 141.23 139.81 138.70 137.91 137.36 137.01 136.84 136.83 136.99 137.30 137.75 138.34 139.07 139.93 140.90 141.99 143.18 144.47 145.85 147.32 148.87 150.48 152.17 153.90 155.70 157.53 159.40 161.30 163.23 165.17 167.12 169.08 171.02 172.96 174.88 176.78 178.65 180.47 182.25 183.98 185.65 187.26 188.79 190.24 191.60 192.88 194.05 195.11 196.06 196.89 197.59 198.16 198.59 198.87 199.03 199.06 198.99 198.85 198.64 198.35 197.98 197.53 197.00 196.40 195.74 195.00 194.20 193.35 192.44 191.47
146.12 144.31 142.84 141.69 140.81 140.13 139.64 139.33 139.19 139.21 139.40 139.73 140.20 140.81 141.55 142.42 143.40 144.49 145.68 146.97 148.35 149.81 151.34 152.94 154.61 156.32 158.09 159.90 161.74 163.60 165.49 167.39 169.30 171.20 173.10 174.99 176.85 178.68 180.48 182.24 183.95 185.61 187.20 188.73 190.17 191.54 192.81 193.99 195.07 196.03 196.88 197.60 198.19 198.65 198.96 199.12 199.16 199.09 198.95 198.73 198.42 198.02 197.55 197.01 196.39 195.70 194.94 194.13 193.25 192.32 191.33
