data_processed/recharge/precip/Precip_1994_04.asc
ncols        168
nrows        136
xllcorner    455000
yllcorner    2107000
cellsize     500
NODATA_value     -99999
[rows 0 to 33 of 136, columns 0 to 76 of 168]
60.75 58.38 56.07 53.86 51.78 49.88 48.13 46.55 45.12 43.82 42.66 41.62 40.69 39.87 39.14 38.49 37.92 37.42 36.97 36.58 36.22 35.89 35.59 35.31 35.13 35.10 35.18 35.19 34.94 34.44 33.76 33.04 32.32 31.60 30.89 30.19 29.51 28.85 28.22 27.61 27.04 26.51 26.03 25.59 25.21 24.88 24.61 24.41 24.28 24.23 24.25 24.35 24.52 24.74 24.99 25.26 25.53 25.74 25.87 25.91 25.86 25.74 25.54 25.27 24.94 24.56 24.12 23.63 23.10 22.53 21.93 21.30 20.65 19.98 19.30 18.61 17.92
62.21 59.86 57.59 55.39 53.28 51.30 49.48 47.83 46.33 44.97 43.75 42.66 41.68 40.81 40.03 39.35 38.75 38.21 37.74 37.33 36.95 36.61 36.31 36.12 36.09 36.18 36.39 36.52 36.38 35.98 35.35 34.55 33.73 32.90 32.09 31.30 30.52 29.77 29.05 28.37 27.72 27.11 26.55 26.05 25.60 25.20 24.88 24.62 24.44 24.35 24.34 24.41 24.54 24.73 24.96 25.21 25.49 25.76 25.97 26.10 26.13 26.07 25.94 25.73 25.45 25.11 24.70 24.24 23.73 23.17 22.58 21.95 21.29 20.60 19.89 19.17 18.45
63.48 61.17 58.93 56.75 54.65 52.64 50.76 49.04 47.47 46.05 44.77 43.62 42.59 41.68 40.86 40.14 39.50 38.94 38.44 38.00 37.61 37.27 37.05 37.00 37.09 37.31 37.62 37.85 37.81 37.50 36.94 36.17 35.26 34.32 33.39 32.48 31.60 30.74 29.92 29.14 28.39 27.70 27.05 26.46 25.93 25.46 25.06 24.74 24.50 24.36 24.32 24.35 24.46 24.62 24.82 25.06 25.31 25.59 25.87 26.08 26.20 26.23 26.17 26.02 25.80 25.51 25.15 24.73 24.25 23.71 23.13 22.51 21.85 21.16 20.44 19.70 18.95
64.58 62.32 60.12 57.97 55.89 53.89 51.98 50.19 48.56 47.07 45.74 44.53 43.45 42.49 41.63 40.87 40.20 39.60 39.08 38.61 38.22 37.96 37.87 37.93 38.14 38.46 38.87 39.19 39.22 38.98 38.49 37.78 36.86 35.82 34.77 33.73 32.72 31.75 30.81 29.91 29.06 28.26 27.51 26.81 26.19 25.63 25.14 24.75 24.46 24.28 24.20 24.20 24.27 24.41 24.58 24.80 25.04 25.30 25.58 25.86 26.08 26.20 26.22 26.15 26.00 25.77 25.47 25.09 24.65 24.15 23.60 22.99 22.34 21.66 20.94 20.20 19.44
65.53 63.32 61.15 59.04 57.00 55.01 53.11 51.29 49.60 48.05 46.66 45.40 44.26 43.25 42.35 41.55 40.84 40.22 39.66 39.19 38.87 38.73 38.75 38.92 39.22 39.63 40.12 40.51 40.61 40.43 39.99 39.31 38.43 37.37 36.20 35.03 33.88 32.77 31.70 30.67 29.69 28.77 27.90 27.09 26.35 25.69 25.12 24.67 24.34 24.12 24.00 23.96 24.00 24.10 24.25 24.44 24.66 24.91 25.18 25.47 25.75 25.97 26.09 26.11 26.04 25.88 25.64 25.33 24.94 24.48 23.96 23.39 22.76 22.10 21.41 20.67 19.91
66.31 64.16 62.05 59.99 57.97 56.02 54.14 52.33 50.60 49.00 47.54 46.23 45.04 43.98 43.04 42.20 41.45 40.79 40.23 39.83 39.61 39.58 39.70 39.96 40.34 40.82 41.37 41.82 41.97 41.83 41.42 40.77 39.91 38.86 37.65 36.35 35.05 33.79 32.57 31.40 30.28 29.22 28.22 27.28 26.42 25.66 25.03 24.53 24.15 23.89 23.72 23.64 23.64 23.72 23.84 24.00 24.21 24.44 24.70 24.98 25.27 25.56 25.78 25.90 25.92 25.84 25.68 25.43 25.10 24.70 24.23 23.70 23.12 22.50 21.83 21.11 20.35
66.96 64.88 62.82 60.81 58.84 56.92 55.06 53.27 51.55 49.92 48.41 47.03 45.80 44.69 43.70 42.82 42.04 41.36 40.86 40.56 40.45 40.51 40.71 41.05 41.49 42.03 42.62 43.11 43.29 43.17 42.78 42.15 41.29 40.24 39.02 37.66 36.22 34.79 33.41 32.08 30.80 29.59 28.44 27.36 26.39 25.56 24.88 24.33 23.90 23.59 23.38 23.26 23.22 23.26 23.35 23.49 23.67 23.89 24.13 24.40 24.69 24.99 25.29 25.51 25.63 25.65 25.57 25.41 25.15 24.81 24.40 23.94 23.42 22.84 22.21 21.52 20.78
67.47 65.46 63.47 61.51 59.59 57.71 55.89 54.12 52.42 50.80 49.26 47.83 46.54 45.39 44.35 43.43 42.63 42.01 41.60 41.40 41.37 41.50 41.77 42.17 42.66 43.24 43.87 44.38 44.57 44.47 44.08 43.44 42.57 41.50 40.25 38.86 37.34 35.75 34.19 32.69 31.24 29.86 28.55 27.35 26.31 25.42 24.68 24.08 23.60 23.24 22.98 22.82 22.75 22.75 22.81 22.92 23.07 23.27 23.50 23.76 24.04 24.34 24.65 24.95 25.18 25.30 25.32 25.24 25.07 24.82 24.49 24.10 23.65 23.13 22.54 21.89 21.18
67.86 65.93 64.01 62.12 60.25 58.42 56.63 54.90 53.22 51.61 50.08 48.63 47.29 46.09 45.01 44.06 43.30 42.77 42.46 42.33 42.37 42.56 42.88 43.32 43.84 44.45 45.09 45.61 45.81 45.70 45.29 44.63 43.74 42.63 41.34 39.90 38.32 36.64 34.91 33.22 31.59 30.03 28.58 27.31 26.20 25.25 24.45 23.79 23.26 22.85 22.54 22.34 22.22 22.18 22.21 22.29 22.42 22.60 22.81 23.06 23.33 23.62 23.93 24.25 24.56 24.80 24.92 24.95 24.87 24.72 24.49 24.19 23.81 23.36 22.84 22.23 21.56
68.13 66.29 64.45 62.62 60.82 59.05 57.31 55.61 53.96 52.38 50.86 49.41 48.05 46.80 45.69 44.78 44.11 43.66 43.41 43.34 43.44 43.67 44.03 44.49 45.04 45.65 46.30 46.81 46.99 46.86 46.43 45.73 44.79 43.63 42.29 40.78 39.13 37.37 35.52 33.65 31.82 30.11 28.59 27.24 26.07 25.05 24.19 23.48 22.89 22.42 22.07 21.82 21.66 21.58 21.57 21.62 21.72 21.88 22.07 22.30 22.57 22.85 23.16 23.48 23.81 24.13 24.37 24.51 24.56 24.53 24.41 24.21 23.92 23.55 23.09 22.54 21.91
68.29 66.55 64.79 63.05 61.31 59.60 57.91 56.26 54.65 53.10 51.60 50.16 48.81 47.55 46.47 45.64 45.05 44.66 44.47 44.45 44.58 44.84 45.22 45.69 46.24 46.84 47.48 47.96 48.12 47.94 47.47 46.72 45.72 44.50 43.08 41.49 39.76 37.90 35.95 33.94 31.98 30.18 28.58 27.16 25.92 24.84 23.92 23.14 22.50 21.98 21.58 21.28 21.07 20.95 20.90 20.92 20.99 21.12 21.30 21.51 21.76 22.04 22.35 22.67 23.01 23.35 23.68 23.96 24.15 24.24 24.24 24.15 23.96 23.68 23.30 22.82 22.25
68.36 66.71 65.06 63.39 61.73 60.09 58.46 56.86 55.30 53.78 52.31 50.90 49.56 48.39 47.41 46.65 46.11 45.77 45.62 45.62 45.78 46.05 46.44 46.91 47.44 48.02 48.62 49.07 49.18 48.95 48.42 47.60 46.53 45.22 43.72 42.03 40.19 38.23 36.17 34.10 32.11 30.25 28.58 27.09 25.77 24.63 23.64 22.80 22.10 21.52 21.07 20.72 20.47 20.31 20.22 20.20 20.24 20.34 20.49 20.69 20.93 21.20 21.50 21.82 22.16 22.52 22.90 23.29 23.63 23.86 23.99 24.02 23.94 23.75 23.46 23.06 22.56
68.34 66.80 65.24 63.67 62.10 60.53 58.97 57.43 55.91 54.44 53.00 51.63 50.39 49.34 48.47 47.79 47.29 46.98 46.85 46.87 47.03 47.31 47.68 48.13 48.63 49.17 49.73 50.12 50.17 49.87 49.26 48.36 47.20 45.80 44.19 42.39 40.43 38.35 36.23 34.17 32.20 30.32 28.58 27.02 25.63 24.42 23.37 22.46 21.70 21.07 20.56 20.16 19.86 19.65 19.52 19.46 19.48 19.55 19.68 19.85 20.07 20.33 20.63 20.95 21.29 21.68 22.11 22.56 23.01 23.39 23.65 23.81 23.85 23.77 23.58 23.27 22.84
68.25 66.82 65.37 63.89 62.41 60.92 59.43 57.96 56.50 55.08 53.70 52.44 51.34 50.41 49.64 49.03 48.58 48.29 48.17 48.19 48.34 48.59 48.94 49.35 49.81 50.30 50.79 51.12 51.08 50.70 50.00 49.00 47.73 46.22 44.49 42.56 40.48 38.33 36.22 34.18 32.23 30.36 28.60 26.97 25.51 24.23 23.11 22.14 21.31 20.62 20.06 19.60 19.25 19.00 18.82 18.73 18.71 18.75 18.85 19.01 19.21 19.46 19.74 20.06 20.44 20.86 21.33 21.82 22.32 22.82 23.23 23.53 23.69 23.74 23.65 23.44 23.10
68.08 66.78 65.43 64.07 62.68 61.28 59.87 58.47 57.08 55.72 54.47 53.36 52.40 51.58 50.90 50.36 49.96 49.69 49.56 49.57 49.69 49.91 50.21 50.57 50.97 51.39 51.81 52.04 51.92 51.44 50.63 49.51 48.12 46.48 44.61 42.55 40.40 38.27 36.19 34.17 32.23 30.37 28.60 26.95 25.42 24.06 22.87 21.84 20.95 20.20 19.57 19.06 18.66 18.36 18.14 18.01 17.95 17.96 18.03 18.16 18.35 18.58 18.86 19.21 19.62 20.08 20.57 21.10 21.65 22.20 22.73 23.17 23.47 23.65 23.68 23.58 23.34
67.86 66.68 65.46 64.20 62.91 61.61 60.29 58.97 57.67 56.45 55.35 54.39 53.55 52.84 52.24 51.77 51.41 51.16 51.02 51.00 51.08 51.25 51.49 51.79 52.11 52.44 52.76 52.90 52.67 52.07 51.14 49.89 48.37 46.58 44.57 42.44 40.31 38.21 36.15 34.15 32.22 30.36 28.59 26.92 25.36 23.94 22.67 21.57 20.62 19.80 19.12 18.55 18.10 17.74 17.48 17.30 17.20 17.18 17.22 17.33 17.50 17.72 18.02 18.40 18.84 19.33 19.86 20.43 21.01 21.60 22.18 22.73 23.19 23.50 23.66 23.68 23.55
67.58 66.54 65.44 64.30 63.13 61.93 60.70 59.48 58.33 57.28 56.35 55.52 54.80 54.18 53.67 53.24 52.92 52.68 52.53 52.47 52.50 52.61 52.77 52.98 53.22 53.45 53.66 53.68 53.32 52.59 51.52 50.13 48.45 46.51 44.43 42.32 40.23 38.16 36.13 34.15 32.22 30.36 28.58 26.90 25.32 23.85 22.52 21.35 20.33 19.45 18.70 18.08 17.57 17.16 16.85 16.63 16.49 16.43 16.44 16.52 16.68 16.92 17.24 17.65 18.12 18.64 19.20 19.80 20.42 21.04 21.66 22.27 22.84 23.30 23.60 23.75 23.74
67.26 66.36 65.40 64.39 63.33 62.24 61.13 60.07 59.10 58.23 57.45 56.75 56.14 55.61 55.16 54.78 54.48 54.25 54.08 53.98 53.95 53.97 54.05 54.16 54.29 54.40 54.49 54.38 53.88 53.00 51.78 50.22 48.38 46.37 44.32 42.26 40.20 38.16 36.15 34.17 32.25 30.39 28.60 26.90 25.30 23.80 22.42 21.18 20.09 19.14 18.33 17.65 17.08 16.62 16.26 15.99 15.81 15.72 15.70 15.76 15.92 16.19 16.54 16.97 17.46 18.01 18.61 19.24 19.89 20.54 21.20 21.85 22.47 23.04 23.49 23.78 23.90
66.92 66.16 65.34 64.46 63.53 62.56 61.63 60.77 59.99 59.28 58.64 58.06 57.55 57.10 56.71 56.37 56.08 55.85 55.66 55.51 55.41 55.35 55.32 55.32 55.32 55.30 55.25 54.98 54.33 53.29 51.89 50.18 48.26 46.28 44.27 42.25 40.23 38.22 36.22 34.26 32.34 30.47 28.68 26.95 25.32 23.79 22.37 21.07 19.92 18.90 18.03 17.28 16.65 16.14 15.72 15.41 15.18 15.05 15.01 15.08 15.26 15.55 15.92 16.37 16.89 17.47 18.09 18.75 19.43 20.12 20.81 21.49 22.15 22.77 23.34 23.77 24.03
66.55 65.95 65.27 64.53 63.74 62.97 62.25 61.59 60.98 60.42 59.92 59.45 59.03 58.65 58.31 58.00 57.72 57.47 57.25 57.05 56.87 56.72 56.57 56.44 56.30 56.14 55.93 55.50 54.67 53.45 51.88 50.08 48.20 46.28 44.32 42.34 40.35 38.36 36.38 34.42 32.50 30.63 28.82 27.08 25.41 23.85 22.38 21.03 19.81 18.73 17.79 16.98 16.29 15.72 15.25 14.88 14.62 14.45 14.42 14.50 14.70 15.00 15.40 15.87 16.42 17.02 17.67 18.35 19.06 19.78 20.50 21.21 21.91 22.57 23.18 23.73 24.14
66.16 65.72 65.20 64.62 64.03 63.49 62.98 62.50 62.06 61.65 61.27 60.91 60.57 60.25 59.95 59.66 59.39 59.12 58.85 58.59 58.33 58.07 57.80 57.52 57.23 56.90 56.52 55.91 54.90 53.50 51.84 50.08 48.26 46.39 44.48 42.53 40.57 38.60 36.63 34.69 32.77 30.89 29.06 27.29 25.60 23.99 22.48 21.08 19.79 18.64 17.63 16.76 16.01 15.37 14.85 14.43 14.13 13.97 13.94 14.04 14.26 14.58 14.99 15.48 16.05 16.67 17.34 18.05 18.79 19.54 20.29 21.03 21.75 22.45 23.10 23.70 24.22
65.77 65.50 65.16 64.79 64.44 64.12 63.81 63.51 63.23 62.96 62.69 62.43 62.16 61.90 61.63 61.36 61.07 60.77 60.46 60.13 59.77 59.40 59.00 58.56 58.10 57.60 57.03 56.22 55.02 53.53 51.92 50.23 48.46 46.64 44.76 42.85 40.92 38.97 37.02 35.07 33.15 31.26 29.41 27.62 25.89 24.24 22.68 21.22 19.88 18.66 17.57 16.62 15.81 15.11 14.53 14.08 13.77 13.62 13.60 13.71 13.94 14.28 14.70 15.22 15.80 16.44 17.14 17.87 18.63 19.40 20.18 20.95 21.71 22.43 23.12 23.75 24.32
65.39 65.31 65.19 65.08 64.96 64.85 64.73 64.61 64.48 64.33 64.17 64.00 63.80 63.58 63.34 63.07 62.76 62.43 62.06 61.64 61.19 60.69 60.15 59.56 58.91 58.21 57.43 56.43 55.13 53.70 52.16 50.53 48.82 47.04 45.21 43.33 41.42 39.49 37.54 35.60 33.67 31.77 29.90 28.08 26.32 24.62 23.01 21.50 20.09 18.79 17.62 16.59 15.71 14.95 14.33 13.86 13.56 13.41 13.41 13.53 13.77 14.11 14.56 15.08 15.68 16.34 17.06 17.81 18.59 19.39 20.19 20.99 21.77 22.53 23.24 23.91 24.51
65.03 65.19 65.34 65.47 65.58 65.67 65.73 65.77 65.78 65.76 65.70 65.60 65.46 65.28 65.06 64.78 64.45 64.07 63.63 63.13 62.57 61.95 61.25 60.49 59.65 58.74 57.75 56.65 55.41 54.05 52.58 51.01 49.35 47.62 45.82 43.97 42.09 40.17 38.23 36.29 34.35 32.43 30.54 28.69 26.89 25.15 23.49 21.91 20.43 19.06 17.81 16.69 15.72 14.90 14.27 13.81 13.51 13.37 13.36 13.49 13.74 14.10 14.55 15.09 15.71 16.38 17.12 17.89 18.69 19.51 20.33 21.16 21.97 22.75 23.49 24.19 24.82
64.64 65.03 65.43 65.80 66.13 66.42 66.66 66.86 67.00 67.09 67.13 67.10 67.02 66.87 66.65 66.36 66.00 65.57 65.06 64.46 63.79 63.03 62.18 61.23 60.20 59.07 57.95 56.87 55.71 54.42 53.02 51.52 49.92 48.23 46.48 44.66 42.80 40.90 38.97 37.04 35.09 33.16 31.25 29.37 27.54 25.76 24.04 22.41 20.87 19.42 18.09 16.89 15.83 14.97 14.33 13.86 13.57 13.43 13.43 13.56 13.82 14.18 14.65 15.20 15.83 16.52 17.26 18.05 18.87 19.71 20.56 21.40 22.23 23.04 23.81 24.54 25.20
64.19 64.72 65.33 65.93 66.47 66.95 67.37 67.71 67.99 68.19 68.31 68.35 68.31 68.19 67.98 67.68 67.28 66.79 66.20 65.51 64.71 63.81 62.80 61.67 60.44 59.20 58.06 56.98 55.86 54.66 53.33 51.90 50.36 48.73 47.03 45.25 43.42 41.55 39.64 37.71 35.78 33.84 31.92 30.02 28.16 26.34 24.59 22.90 21.30 19.79 18.39 17.12 16.02 15.13 14.45 13.98 13.68 13.54 13.54 13.68 13.94 14.31 14.78 15.34 15.98 16.68 17.44 18.25 19.08 19.94 20.80 21.67 22.52 23.35 24.15 24.89 25.59
63.68 64.32 65.05 65.84 66.59 67.25 67.84 68.33 68.73 69.03 69.24 69.35 69.35 69.25 69.04 68.72 68.28 67.73 67.05 66.26 65.34 64.29 63.11 61.81 60.47 59.22 58.09 57.01 55.90 54.74 53.49 52.14 50.67 49.11 47.46 45.73 43.95 42.11 40.23 38.32 36.39 34.46 32.53 30.62 28.74 26.90 25.11 23.39 21.73 20.17 18.72 17.42 16.31 15.38 14.66 14.16 13.85 13.70 13.71 13.85 14.11 14.48 14.96 15.52 16.17 16.88 17.65 18.47 19.31 20.18 21.07 21.95 22.82 23.67 24.49 25.26 25.97
63.13 63.87 64.69 65.57 66.48 67.33 68.08 68.71 69.23 69.64 69.93 70.09 70.13 70.05 69.83 69.49 69.00 68.38 67.62 66.72 65.67 64.48 63.14 61.74 60.41 59.17 58.04 56.97 55.86 54.71 53.51 52.23 50.85 49.36 47.77 46.11 44.37 42.57 40.72 38.84 36.94 35.02 33.09 31.18 29.29 27.43 25.62 23.86 22.17 20.57 19.11 17.81 16.68 15.72 14.97 14.42 14.08 13.92 13.92 14.06 14.32 14.69 15.17 15.74 16.39 17.11 17.89 18.71 19.57 20.46 21.35 22.25 23.14 24.01 24.84 25.63 26.34
62.54 63.37 64.27 65.22 66.21 67.19 68.09 68.87 69.50 70.01 70.37 70.59 70.66 70.59 70.37 69.99 69.46 68.77 67.92 66.90 65.72 64.38 62.96 61.58 60.27 59.05 57.93 56.86 55.76 54.61 53.42 52.19 50.89 49.48 47.97 46.37 44.69 42.94 41.14 39.29 37.41 35.51 33.60 31.70 29.80 27.94 26.10 24.32 22.61 21.02 19.57 18.27 17.13 16.15 15.37 14.78 14.39 14.20 14.18 14.32 14.57 14.95 15.43 16.00 16.65 17.38 18.16 18.99 19.86 20.75 21.66 22.57 23.48 24.36 25.21 25.98 26.66
61.92 62.82 63.79 64.80 65.84 66.88 67.89 68.80 69.55 70.14 70.57 70.84 70.94 70.88 70.64 70.24 69.65 68.88 67.94 66.81 65.49 64.08 62.69 61.34 60.06 58.86 57.76 56.69 55.60 54.46 53.28 52.06 50.80 49.48 48.05 46.52 44.91 43.22 41.47 39.66 37.82 35.95 34.06 32.17 30.28 28.41 26.57 24.79 23.10 21.54 20.10 18.81 17.66 16.67 15.86 15.24 14.81 14.57 14.51 14.63 14.88 15.25 15.73 16.30 16.95 17.68 18.47 19.30 20.18 21.08 21.99 22.92 23.83 24.72 25.56 26.30 26.95
61.28 62.24 63.26 64.32 65.40 66.47 67.52 68.51 69.37 70.04 70.54 70.86 70.99 70.92 70.67 70.22 69.58 68.73 67.69 66.44 65.08 63.70 62.35 61.04 59.79 58.62 57.52 56.47 55.38 54.25 53.08 51.87 50.63 49.35 48.01 46.56 45.02 43.40 41.71 39.96 38.16 36.33 34.47 32.60 30.72 28.86 27.04 25.29 23.65 22.11 20.70 19.41 18.26 17.26 16.44 15.79 15.32 15.03 14.93 15.00 15.23 15.60 16.07 16.64 17.29 18.02 18.81 19.65 20.52 21.43 22.35 23.28 24.20 25.08 25.88 26.59 27.21
60.63 61.64 62.70 63.79 64.89 65.98 67.04 68.05 68.97 69.73 70.29 70.64 70.79 70.73 70.45 69.96 69.25 68.32 67.18 65.89 64.58 63.26 61.96 60.69 59.47 58.31 57.23 56.19 55.11 53.99 52.83 51.64 50.41 49.15 47.85 46.49 45.04 43.49 41.87 40.18 38.43 36.64 34.82 32.98 31.13 29.30 27.53 25.84 24.24 22.74 21.36 20.09 18.94 17.94 17.10 16.43 15.93 15.60 15.45 15.46 15.65 16.00 16.46 17.03 17.68 18.40 19.19 20.02 20.90 21.81 22.74 23.67 24.57 25.41 26.17 26.84 27.42
59.96 61.01 62.10 63.22 64.33 65.43 66.48 67.48 68.39 69.19 69.81 70.20 70.36 70.29 69.99 69.45 68.68 67.67 66.49 65.27 64.01 62.75 61.50 60.28 59.09 57.96 56.90 55.86 54.80 53.69 52.54 51.36 50.15 48.90 47.63 46.32 44.95 43.49 41.94 40.32 38.63 36.90 35.12 33.32 31.52 29.75 28.06 26.43 24.88 23.43 22.07 20.82 19.69 18.68 17.83 17.15 16.62 16.26 16.06 16.03 16.16 16.46 16.91 17.46 18.10 18.82 19.60 20.44 21.32 22.23 23.16 24.06 24.91 25.71 26.43 27.06 27.61
59.29 60.37 61.48 62.60 63.72 64.81 65.85 66.82 67.70 68.48 69.11 69.53 69.70 69.63 69.29 68.70 67.86 66.84 65.73 64.58 63.40 62.20 61.00 59.81 58.66 57.56 56.51 55.49 54.44 53.35 52.22 51.05 49.85 48.62 47.36 46.08 44.76 43.39 41.92 40.38 38.76 37.09 35.37 33.63 31.91 30.24 28.62 27.06 25.57 24.16 22.84 21.62 20.50 19.50 18.65 17.95 17.40 17.01 16.78 16.70 16.78 17.02 17.41 17.94 18.58 19.29 20.06 20.90 21.77 22.68 23.57 24.43 25.24 25.98 26.66 27.26 27.76
