data_processed/recharge/precip/Precip_1992_09.asc
ncols        168
nrows        136
xllcorner    455000
yllcorner    2107000
cellsize     500
NODATA_value     -99999
[rows 32 to 63 of 136, columns 0 to 71 of 168]
177.32 172.74 167.90 162.88 157.78 152.65 147.60 142.69 138.02 133.78 130.14 127.17 124.91 123.41 122.71 122.60 122.69 122.86 123.11 123.43 123.80 124.21 124.66 125.13 125.60 126.10 126.66 127.27 127.91 128.56 129.21 129.83 130.41 130.91 131.33 131.51 131.07 129.86 127.91 125.25 121.90 117.90 113.42 108.56 103.38 97.90 92.15 86.16 79.97 73.60 67.08 60.50 54.79 50.82 48.55 47.88 48.74 51.04 54.68 59.59 65.67 72.81 80.57 88.46 96.35 104.21 111.98 119.62 127.02 134.03 140.63 146.90
172.86 168.24 163.41 158.46 153.46 148.50 143.66 139.01 134.63 130.62 127.18 124.46 122.54 121.44 120.96 120.74 120.65 120.69 120.85 121.11 121.47 121.91 122.42 123.00 123.63 124.30 125.04 125.82 126.62 127.43 128.22 128.98 129.68 130.31 130.84 131.26 131.41 130.89 129.57 127.46 124.61 121.16 117.24 112.89 108.14 103.01 97.53 91.75 85.68 79.35 72.81 66.13 60.26 56.08 53.54 52.57 53.07 54.96 58.15 62.56 68.09 74.67 82.16 90.17 98.23 106.22 114.10 121.74 128.95 135.74 142.15 148.24
168.72 164.10 159.32 154.47 149.63 144.87 140.27 135.92 131.89 128.26 125.13 122.70 121.10 120.17 119.54 119.09 118.82 118.72 118.78 118.98 119.32 119.78 120.36 121.04 121.81 122.66 123.56 124.50 125.46 126.42 127.35 128.24 129.06 129.81 130.45 130.97 131.35 131.42 130.79 129.33 127.17 124.44 121.16 117.38 113.12 108.40 103.27 97.75 91.87 85.66 79.16 72.44 66.48 62.15 59.42 58.21 58.42 59.97 62.78 66.75 71.80 77.84 84.78 92.52 100.66 108.76 116.64 124.06 131.02 137.57 143.77 149.66
164.90 160.32 155.63 150.92 146.26 141.73 137.42 133.40 129.75 126.56 123.90 121.86 120.38 119.24 118.34 117.67 117.21 116.97 116.92 117.06 117.37 117.85 118.48 119.25 120.16 121.18 122.25 123.35 124.45 125.55 126.62 127.63 128.57 129.43 130.17 130.79 131.25 131.55 131.53 130.90 129.59 127.64 125.07 121.92 118.22 113.99 109.26 104.08 98.45 92.43 86.03 79.34 73.35 68.94 66.09 64.70 64.68 65.96 68.45 72.05 76.68 82.26 88.69 95.89 103.74 111.78 119.41 126.54 133.22 139.51 145.47 151.16
161.39 156.88 152.32 147.78 143.34 139.09 135.10 131.45 128.22 125.50 123.35 121.62 120.01 118.57 117.40 116.49 115.85 115.45 115.29 115.35 115.64 116.12 116.80 117.67 118.71 119.88 121.11 122.37 123.62 124.85 126.04 127.18 128.23 129.19 130.03 130.73 131.28 131.67 131.99 132.16 131.77 130.67 128.88 126.43 123.35 119.67 115.42 110.63 105.33 99.55 93.32 86.73 80.78 76.36 73.44 71.94 71.77 72.84 75.07 78.37 82.65 87.83 93.81 100.51 107.72 115.11 122.35 129.15 135.54 141.55 147.26 152.72
158.18 153.78 149.37 145.04 140.87 136.92 133.29 130.05 127.28 125.05 123.23 121.50 119.80 118.16 116.72 115.58 114.73 114.18 113.90 113.89 114.14 114.63 115.35 116.30 117.47 118.80 120.18 121.58 122.97 124.33 125.64 126.89 128.05 129.11 130.04 130.82 131.46 132.04 132.63 133.21 133.62 133.42 132.48 130.79 128.40 125.34 121.62 117.30 112.39 106.92 100.94 94.51 88.66 84.29 81.38 79.84 79.58 80.51 82.55 85.61 89.61 94.45 100.05 106.18 112.51 118.95 125.48 131.90 137.97 143.69 149.13 154.34
155.25 151.00 146.79 142.70 138.82 135.22 131.99 129.19 126.91 125.00 123.18 121.38 119.62 117.92 116.32 114.95 113.90 113.18 112.78 112.68 112.89 113.38 114.14 115.17 116.45 117.93 119.46 121.00 122.52 124.01 125.44 126.79 128.05 129.20 130.22 131.10 131.93 132.76 133.61 134.43 135.23 135.82 135.77 134.91 133.28 130.90 127.79 124.00 119.54 114.46 108.78 102.58 96.90 92.65 89.81 88.29 88.00 88.86 90.78 93.67 97.45 102.02 107.15 112.48 117.90 123.42 129.07 134.82 140.51 145.93 151.07 156.02
152.59 148.52 144.55 140.75 137.20 133.98 131.18 128.85 126.88 124.99 123.10 121.25 119.46 117.73 116.10 114.60 113.36 112.47 111.94 111.75 111.91 112.39 113.19 114.29 115.69 117.31 118.98 120.65 122.30 123.90 125.44 126.90 128.26 129.49 130.60 131.67 132.75 133.84 134.92 135.98 136.99 137.94 138.66 138.70 137.89 136.25 133.82 130.62 126.69 122.05 116.74 110.85 105.40 101.33 98.63 97.20 96.95 97.80 99.67 102.45 106.07 110.28 114.68 119.16 123.73 128.40 133.20 138.13 143.20 148.24 153.08 157.74
150.19 146.34 142.64 139.16 135.98 133.18 130.84 128.82 126.87 124.92 123.00 121.12 119.30 117.57 115.95 114.45 113.11 112.06 111.39 111.12 111.22 111.68 112.51 113.68 115.18 116.94 118.75 120.55 122.32 124.03 125.68 127.23 128.67 130.01 131.30 132.62 133.95 135.27 136.58 137.84 139.06 140.20 141.26 142.05 142.13 141.30 139.61 137.08 133.73 129.61 124.73 119.20 114.05 110.24 107.74 106.46 106.32 107.23 109.11 111.85 115.21 118.75 122.37 126.06 129.84 133.73 137.75 141.90 146.21 150.67 155.15 159.50
148.04 144.45 141.06 137.93 135.16 132.81 130.77 128.78 126.78 124.80 122.85 120.96 119.15 117.44 115.84 114.37 113.07 111.96 111.17 110.79 110.83 111.28 112.12 113.35 114.96 116.85 118.79 120.71 122.59 124.41 126.16 127.80 129.34 130.86 132.40 133.96 135.52 137.06 138.57 140.04 141.44 142.76 143.98 145.09 145.90 145.95 145.06 143.26 140.57 137.02 132.65 127.54 122.76 119.27 117.04 115.98 116.02 117.05 119.00 121.58 124.35 127.17 130.06 133.03 136.09 139.26 142.56 146.00 149.59 153.36 157.30 161.30
146.12 142.83 139.78 137.05 134.72 132.66 130.65 128.62 126.60 124.61 122.67 120.79 119.00 117.32 115.76 114.36 113.13 112.08 111.26 110.79 110.77 111.19 112.05 113.34 115.04 117.05 119.12 121.15 123.14 125.07 126.90 128.65 130.37 132.13 133.91 135.69 137.46 139.21 140.91 142.55 144.12 145.60 146.97 148.22 149.32 150.10 150.08 149.07 147.10 144.19 140.39 135.78 131.44 128.33 126.43 125.66 125.94 127.16 129.04 131.11 133.22 135.38 137.61 139.91 142.32 144.84 147.48 150.27 153.22 156.34 159.65 163.16
144.44 141.48 138.81 136.50 134.46 132.44 130.40 128.36 126.34 124.35 122.43 120.58 118.83 117.21 115.72 114.40 113.25 112.31 111.59 111.13 111.05 111.44 112.31 113.64 115.43 117.57 119.75 121.90 123.99 126.01 127.94 129.87 131.83 133.82 135.82 137.81 139.78 141.71 143.59 145.40 147.12 148.74 150.24 151.61 152.83 153.87 154.56 154.41 153.22 151.03 147.86 143.82 139.97 137.31 135.82 135.40 135.98 137.24 138.68 140.15 141.66 143.22 144.85 146.57 148.38 150.31 152.37 154.57 156.94 159.48 162.21 165.15
142.96 140.37 138.11 136.10 134.09 132.06 130.01 127.98 125.97 124.02 122.13 120.34 118.65 117.10 115.71 114.48 113.45 112.63 112.04 111.71 111.67 112.04 112.91 114.29 116.16 118.41 120.71 122.96 125.15 127.27 129.38 131.54 133.73 135.93 138.13 140.32 142.47 144.58 146.62 148.57 150.43 152.18 153.80 155.27 156.58 157.71 158.64 159.18 158.85 157.43 154.97 151.55 148.27 146.12 145.10 145.10 145.81 146.71 147.61 148.55 149.52 150.55 151.65 152.83 154.12 155.53 157.06 158.75 160.59 162.62 164.84 167.26
141.69 139.50 137.52 135.55 133.54 131.51 129.48 127.47 125.50 123.60 121.77 120.05 118.45 117.00 115.71 114.60 113.70 113.02 112.59 112.43 112.55 112.99 113.88 115.29 117.25 119.60 122.00 124.35 126.65 128.94 131.29 133.67 136.07 138.47 140.86 143.22 145.54 147.80 149.99 152.08 154.06 155.91 157.63 159.19 160.57 161.77 162.76 163.53 163.87 163.30 161.60 158.87 156.22 154.66 154.17 154.41 154.83 155.25 155.68 156.14 156.64 157.20 157.84 158.56 159.39 160.33 161.41 162.64 164.03 165.61 167.38 169.36
140.61 138.69 136.77 134.80 132.80 130.79 128.79 126.83 124.92 123.08 121.34 119.72 118.22 116.89 115.72 114.76 114.01 113.50 113.24 113.26 113.58 114.22 115.21 116.67 118.70 121.16 123.66 126.12 128.59 131.10 133.67 136.25 138.85 141.43 144.00 146.52 148.99 151.39 153.70 155.91 157.99 159.94 161.74 163.37 164.82 166.07 167.10 167.89 168.44 168.53 167.66 165.70 163.75 162.83 162.67 162.70 162.70 162.71 162.73 162.79 162.88 163.04 163.27 163.60 164.02 164.57 165.26 166.10 167.10 168.29 169.68 171.28
139.54 137.69 135.77 133.82 131.85 129.89 127.95 126.05 124.22 122.48 120.84 119.33 117.96 116.76 115.75 114.94 114.36 114.04 113.98 114.21 114.74 115.61 116.83 118.44 120.54 123.10 125.71 128.34 131.02 133.75 136.52 139.29 142.07 144.82 147.54 150.21 152.82 155.34 157.76 160.07 162.25 164.28 166.14 167.83 169.32 170.60 171.65 172.46 173.01 173.28 173.07 171.92 170.72 170.25 169.95 169.62 169.28 168.94 168.62 168.33 168.08 167.90 167.80 167.79 167.88 168.10 168.46 168.97 169.66 170.52 171.59 172.87
138.25 136.41 134.53 132.62 130.70 128.81 126.94 125.13 123.40 121.77 120.25 118.87 117.65 116.61 115.77 115.14 114.76 114.64 114.79 115.25 116.03 117.15 118.63 120.50 122.78 125.45 128.23 131.07 133.97 136.90 139.84 142.79 145.73 148.64 151.50 154.30 157.02 159.65 162.17 164.56 166.81 168.91 170.82 172.55 174.07 175.37 176.43 177.23 177.77 178.01 177.95 177.44 176.78 176.24 175.65 175.04 174.41 173.79 173.18 172.61 172.09 171.64 171.26 170.98 170.81 170.77 170.86 171.11 171.54 172.15 172.96 173.99
136.74 134.93 133.09 131.23 129.38 127.56 125.78 124.07 122.45 120.94 119.56 118.32 117.26 116.39 115.72 115.29 115.11 115.20 115.59 116.28 117.31 118.70 120.45 122.60 125.19 128.17 131.18 134.23 137.31 140.42 143.54 146.65 149.73 152.78 155.77 158.68 161.51 164.23 166.83 169.29 171.60 173.74 175.69 177.44 178.98 180.28 181.33 182.11 182.61 182.82 182.71 182.26 181.57 180.79 179.97 179.12 178.26 177.41 176.58 175.78 175.04 174.36 173.76 173.27 172.88 172.62 172.51 172.55 172.77 173.17 173.78 174.61
135.24 133.44 131.62 129.79 127.99 126.22 124.52 122.89 121.36 119.95 118.69 117.58 116.66 115.94 115.44 115.18 115.19 115.48 116.07 116.99 118.25 119.88 121.89 124.33 127.36 130.84 134.22 137.47 140.74 144.01 147.29 150.54 153.76 156.93 160.02 163.04 165.95 168.75 171.42 173.94 176.29 178.46 180.44 182.20 183.73 185.02 186.05 186.80 187.26 187.40 187.22 186.69 185.87 184.89 183.85 182.78 181.70 180.63 179.59 178.58 177.63 176.74 175.94 175.24 174.66 174.20 173.89 173.74 173.76 173.98 174.40 175.04
133.81 132.01 130.19 128.38 126.59 124.86 123.20 121.63 120.17 118.84 117.67 116.66 115.85 115.26 114.90 114.79 114.96 115.42 116.20 117.31 118.78 120.63 122.90 125.74 129.26 133.24 137.09 140.68 144.13 147.56 150.97 154.36 157.70 160.97 164.17 167.27 170.26 173.12 175.84 178.40 180.78 182.97 184.96 186.72 188.24 189.50 190.49 191.19 191.59 191.67 191.40 190.78 189.87 188.77 187.54 186.26 184.97 183.69 182.43 181.22 180.06 178.97 177.97 177.07 176.29 175.64 175.14 174.80 174.64 174.67 174.91 175.37
132.46 130.68 128.84 127.02 125.23 123.50 121.86 120.32 118.91 117.63 116.53 115.60 114.88 114.39 114.14 114.16 114.46 115.07 116.01 117.30 118.95 121.02 123.65 126.95 130.91 135.34 139.65 143.68 147.43 151.02 154.57 158.07 161.51 164.88 168.16 171.34 174.39 177.30 180.06 182.65 185.05 187.24 189.22 190.96 192.45 193.68 194.62 195.26 195.59 195.59 195.25 194.54 193.55 192.36 191.01 189.55 188.05 186.57 185.11 183.69 182.34 181.05 179.86 178.77 177.79 176.96 176.27 175.74 175.40 175.25 175.31 175.60
131.18 129.42 127.60 125.75 123.93 122.19 120.54 119.01 117.61 116.37 115.30 114.43 113.78 113.36 113.20 113.32 113.74 114.47 115.55 116.98 118.82 121.21 124.26 127.97 132.34 137.16 141.88 146.33 150.49 154.36 158.03 161.64 165.17 168.63 171.98 175.21 178.31 181.26 184.04 186.64 189.04 191.23 193.19 194.90 196.35 197.52 198.40 198.97 199.23 199.17 198.76 197.98 196.92 195.65 194.21 192.63 190.96 189.28 187.62 186.01 184.46 182.98 181.60 180.32 179.16 178.14 177.27 176.57 176.05 175.73 175.62 175.74
129.96 128.23 126.43 124.59 122.74 120.96 119.28 117.73 116.33 115.09 114.04 113.20 112.58 112.22 112.12 112.32 112.82 113.66 114.84 116.42 118.55 121.32 124.75 128.83 133.55 138.72 143.79 148.62 153.16 157.40 161.32 165.03 168.65 172.17 175.57 178.85 181.98 184.95 187.75 190.35 192.74 194.91 196.83 198.50 199.90 201.00 201.81 202.32 202.53 202.41 201.94 201.10 199.97 198.63 197.12 195.45 193.67 191.82 189.97 188.17 186.43 184.77 183.20 181.74 180.40 179.20 178.16 177.28 176.59 176.10 175.82 175.77
128.81 127.10 125.33 123.51 121.67 119.84 118.11 116.51 115.08 113.82 112.77 111.93 111.33 110.99 110.94 111.18 111.75 112.66 113.95 115.78 118.26 121.37 125.13 129.53 134.56 140.02 145.40 150.55 155.43 160.01 164.28 168.20 171.90 175.47 178.92 182.23 185.38 188.36 191.15 193.74 196.11 198.24 200.12 201.73 203.05 204.09 204.85 205.32 205.48 205.31 204.79 203.90 202.71 201.31 199.73 197.99 196.13 194.17 192.16 190.17 188.25 186.41 184.66 183.02 181.51 180.14 178.92 177.88 177.02 176.36 175.92 175.71
127.72 126.03 124.28 122.49 120.68 118.85 117.06 115.40 113.91 112.61 111.52 110.66 110.06 109.72 109.68 109.95 110.56 111.54 113.05 115.19 117.97 121.38 125.43 130.09 135.37 141.08 146.72 152.13 157.30 162.19 166.76 171.00 174.88 178.50 181.98 185.31 188.47 191.44 194.22 196.78 199.11 201.19 203.01 204.54 205.80 206.80 207.53 207.96 208.08 207.87 207.31 206.38 205.14 203.69 202.05 200.25 198.32 196.28 194.17 192.03 189.93 187.91 185.98 184.17 182.49 180.95 179.57 178.36 177.34 176.53 175.92 175.46
126.72 125.04 123.31 121.54 119.75 117.95 116.16 114.43 112.86 111.49 110.34 109.44 108.80 108.44 108.39 108.66 109.30 110.47 112.25 114.67 117.70 121.36 125.64 130.52 136.00 141.91 147.76 153.40 158.80 163.94 168.77 173.29 177.44 181.22 184.72 188.05 191.21 194.16 196.91 199.43 201.71 203.72 205.47 206.94 208.17 209.14 209.84 210.25 210.34 210.10 209.51 208.54 207.27 205.77 204.08 202.22 200.23 198.13 195.94 193.70 191.45 189.26 187.17 185.19 183.35 181.65 180.10 178.74 177.56 176.59 175.74 174.97
125.78 124.12 122.40 120.65 118.88 117.10 115.34 113.61 111.96 110.50 109.27 108.29 107.60 107.19 107.10 107.38 108.16 109.56 111.58 114.22 117.47 121.32 125.78 130.83 136.47 142.53 148.53 154.34 159.93 165.27 170.32 175.06 179.46 183.47 187.10 190.44 193.57 196.49 199.20 201.66 203.87 205.81 207.49 208.94 210.16 211.12 211.80 212.19 212.27 212.00 211.39 210.39 209.09 207.55 205.82 203.92 201.88 199.72 197.47 195.16 192.82 190.48 188.23 186.09 184.08 182.22 180.53 179.01 177.67 176.46 175.31 174.24
124.93 123.27 121.57 119.83 118.08 116.32 114.58 112.87 111.22 109.67 108.33 107.26 106.48 106.01 105.88 106.26 107.25 108.85 111.06 113.87 117.27 121.27 125.86 131.03 136.78 142.94 149.05 154.98 160.71 166.20 171.42 176.33 180.92 185.15 188.98 192.41 195.52 198.40 201.04 203.44 205.57 207.45 209.11 210.56 211.77 212.73 213.41 213.79 213.85 213.58 212.94 211.94 210.61 209.05 207.29 205.35 203.26 201.05 198.75 196.38 193.97 191.55 189.16 186.86 184.70 182.69 180.84 179.17 177.60 176.09 174.65 173.30
124.16 122.50 120.81 119.08 117.34 115.60 113.88 112.20 110.57 109.00 107.57 106.38 105.49 104.95 104.89 105.44 106.59 108.34 110.68 113.62 117.13 121.23 125.90 131.14 136.94 143.15 149.32 155.33 161.15 166.74 172.07 177.12 181.85 186.23 190.24 193.83 197.01 199.84 202.41 204.73 206.80 208.67 210.34 211.80 213.02 213.98 214.66 215.04 215.10 214.82 214.19 213.17 211.83 210.25 208.47 206.50 204.38 202.13 199.78 197.36 194.90 192.41 189.94 187.51 185.20 183.04 181.04 179.14 177.29 175.49 173.78 172.18
123.47 121.82 120.12 118.40 116.67 114.95 113.25 111.59 109.98 108.44 106.99 105.69 104.69 104.18 104.26 104.93 106.20 108.05 110.48 113.48 117.06 121.21 125.91 131.17 136.98 143.19 149.37 155.40 161.25 166.90 172.30 177.43 182.25 186.74 190.87 194.60 197.91 200.77 203.27 205.53 207.60 209.49 211.18 212.66 213.89 214.87 215.56 215.95 216.02 215.75 215.11 214.10 212.76 211.17 209.37 207.39 205.24 202.96 200.58 198.11 195.60 193.06 190.53 188.02 185.59 183.28 181.06 178.87 176.74 174.68 172.73 170.91
122.87 121.21 119.52 117.80 116.08 114.36 112.68 111.03 109.44 107.93 106.50 105.21 104.24 103.83 104.00 104.75 106.08 107.98 110.45 113.48 117.07 121.21 125.90 131.13 136.90 143.06 149.20 155.21 161.05 166.69 172.11 177.27 182.14 186.69 190.89 194.71 198.11 201.08 203.62 205.90 208.00 209.92 211.64 213.14 214.40 215.40 216.11 216.52 216.61 216.35 215.73 214.72 213.39 211.81 210.00 208.01 205.84 203.54 201.13 198.63 196.08 193.50 190.91 188.35 185.83 183.33 180.83 178.38 175.99 173.70 171.53 169.51
122.36 120.69 118.99 117.28 115.56 113.85 112.17 110.54 108.97 107.48 106.10 104.98 104.24 103.91 104.12 104.90 106.25 108.15 110.61 113.62 117.17 121.26 125.88 131.03 136.71 142.77 148.82 154.75 160.54 166.13 171.52 176.66 181.52 186.08 190.31 194.16 197.62 200.69 203.43 205.85 208.00 209.96 211.72 213.26 214.55 215.58 216.32 216.76 216.87 216.64 216.04 215.05 213.73 212.16 210.36 208.36 206.19 203.88 201.45 198.93 196.34 193.72 191.10 188.48 185.83 183.12 180.38 177.68 175.06 172.56 170.20 168.00
