data_processed/recharge/precip/Precip_2000_08.asc
ncols        168
nrows        136
xllcorner    455000
yllcorner    2107000
cellsize     500
NODATA_value     -99999
[rows 32 to 63 of 136, columns 0 to 70 of 168]
184.72 186.37 187.99 189.59 191.17 192.74 194.30 195.86 197.42 198.98 200.55 202.14 203.74 205.37 207.03 208.71 210.41 212.03 213.51 214.84 216.05 217.14 218.13 219.03 219.84 220.59 221.27 221.89 222.45 222.94 223.37 223.74 224.05 224.24 224.30 224.23 224.04 223.72 223.28 222.72 222.05 221.27 220.37 219.37 218.26 217.05 215.74 214.33 212.83 211.24 209.56 207.79 205.94 204.00 201.99 199.91 197.75 195.52 193.22 190.86 188.44 185.95 183.41 180.82 178.17 175.47 172.73 169.95 167.12 164.25 161.35
182.30 184.10 185.87 187.63 189.37 191.10 192.82 194.54 196.27 198.01 199.76 201.52 203.31 205.12 206.96 208.82 210.59 212.21 213.67 215.00 216.21 217.30 218.29 219.19 220.02 220.77 221.46 222.09 222.65 223.15 223.59 223.96 224.28 224.53 224.66 224.67 224.55 224.30 223.92 223.43 222.82 222.09 221.25 220.30 219.24 218.08 216.82 215.45 213.99 212.43 210.79 209.05 207.23 205.32 203.33 201.27 199.13 196.91 194.63 192.28 189.86 187.38 184.84 182.25 179.60 176.90 174.15 171.35 168.51 165.63 162.71
179.93 181.88 183.81 185.73 187.63 189.53 191.43 193.33 195.23 197.15 199.08 201.04 203.01 205.02 207.04 208.96 210.73 212.33 213.79 215.11 216.32 217.41 218.40 219.31 220.14 220.90 221.60 222.23 222.80 223.30 223.75 224.13 224.45 224.71 224.90 224.98 224.93 224.75 224.45 224.02 223.47 222.80 222.02 221.12 220.12 219.01 217.79 216.47 215.05 213.53 211.92 210.22 208.42 206.55 204.59 202.54 200.42 198.23 195.96 193.62 191.21 188.74 186.20 183.61 180.96 178.25 175.50 172.69 169.84 166.94 164.01
177.62 179.74 181.84 183.92 186.00 188.07 190.15 192.23 194.32 196.43 198.55 200.70 202.88 205.07 207.15 209.07 210.82 212.41 213.86 215.18 216.38 217.47 218.46 219.37 220.21 220.98 221.68 222.32 222.89 223.40 223.85 224.24 224.56 224.82 225.03 225.16 225.18 225.08 224.85 224.49 224.00 223.40 222.67 221.84 220.88 219.82 218.65 217.38 216.00 214.53 212.95 211.29 209.53 207.68 205.75 203.73 201.63 199.45 197.20 194.88 192.48 190.02 187.49 184.90 182.25 179.54 176.78 173.97 171.11 168.20 165.25
175.40 177.69 179.96 182.22 184.48 186.74 189.00 191.28 193.56 195.87 198.19 200.55 202.91 205.16 207.24 209.13 210.87 212.45 213.89 215.20 216.40 217.48 218.48 219.39 220.23 221.01 221.72 222.36 222.94 223.45 223.91 224.30 224.62 224.89 225.09 225.24 225.32 225.29 225.12 224.83 224.42 223.88 223.21 222.44 221.54 220.53 219.41 218.19 216.86 215.42 213.89 212.26 210.54 208.72 206.82 204.83 202.75 200.60 198.37 196.06 193.68 191.22 188.70 186.12 183.47 180.77 178.00 175.19 172.32 169.40 166.43
173.28 175.75 178.20 180.65 183.10 185.55 188.01 190.48 192.97 195.48 198.02 200.56 202.99 205.23 207.28 209.16 210.88 212.45 213.88 215.19 216.37 217.46 218.46 219.37 220.22 221.00 221.71 222.36 222.94 223.46 223.92 224.31 224.64 224.91 225.12 225.26 225.35 225.37 225.28 225.06 224.71 224.24 223.64 222.92 222.09 221.14 220.07 218.89 217.61 216.22 214.73 213.14 211.46 209.68 207.80 205.84 203.79 201.66 199.45 197.16 194.79 192.36 189.85 187.27 184.63 181.92 179.16 176.34 173.47 170.54 167.56
171.29 173.94 176.59 179.23 181.88 184.53 187.20 189.87 192.57 195.30 198.03 200.63 203.04 205.26 207.29 209.16 210.86 212.42 213.84 215.13 216.32 217.40 218.39 219.31 220.16 220.95 221.67 222.32 222.90 223.43 223.89 224.28 224.61 224.88 225.09 225.24 225.33 225.36 225.32 225.17 224.90 224.49 223.96 223.30 222.53 221.63 220.62 219.50 218.27 216.92 215.48 213.93 212.28 210.54 208.70 206.77 204.75 202.64 200.46 198.19 195.84 193.41 190.92 188.35 185.72 183.02 180.25 177.43 174.55 171.62 168.64
169.44 172.29 175.13 177.98 180.83 183.70 186.57 189.47 192.39 195.31 198.10 200.69 203.07 205.27 207.28 209.12 210.81 212.35 213.76 215.05 216.23 217.31 218.30 219.22 220.07 220.86 221.58 222.24 222.83 223.35 223.82 224.21 224.55 224.82 225.03 225.18 225.27 225.30 225.27 225.17 224.96 224.63 224.16 223.57 222.86 222.02 221.07 220.00 218.82 217.53 216.13 214.63 213.02 211.31 209.51 207.61 205.62 203.55 201.38 199.13 196.81 194.40 191.92 189.36 186.74 184.04 181.29 178.47 175.59 172.65 169.66
167.76 170.81 173.86 176.92 179.99 183.07 186.16 189.28 192.40 195.39 198.16 200.72 203.08 205.25 207.24 209.06 210.73 212.26 213.66 214.94 216.11 217.18 218.17 219.09 219.95 220.74 221.47 222.13 222.72 223.25 223.71 224.11 224.44 224.72 224.93 225.08 225.16 225.19 225.16 225.08 224.92 224.65 224.26 223.74 223.09 222.31 221.42 220.41 219.28 218.04 216.69 215.23 213.66 212.00 210.23 208.37 206.42 204.37 202.23 200.01 197.70 195.31 192.85 190.31 187.69 185.01 182.26 179.44 176.56 173.62 170.63
166.26 169.53 172.80 176.07 179.36 182.67 185.99 189.32 192.50 195.46 198.20 200.73 203.06 205.20 207.17 208.98 210.63 212.14 213.53 214.80 215.96 217.03 218.02 218.94 219.80 220.60 221.33 221.99 222.58 223.11 223.58 223.98 224.31 224.58 224.79 224.94 225.03 225.06 225.02 224.93 224.79 224.57 224.24 223.79 223.21 222.50 221.66 220.71 219.64 218.45 217.15 215.74 214.22 212.60 210.87 209.05 207.13 205.11 203.00 200.81 198.52 196.16 193.71 191.18 188.58 185.91 183.16 180.35 177.48 174.54 171.55
164.97 168.46 171.95 175.46 178.97 182.51 186.05 189.44 192.59 195.52 198.23 200.73 203.03 205.15 207.09 208.88 210.51 212.01 213.38 214.64 215.80 216.86 217.85 218.77 219.63 220.43 221.16 221.82 222.42 222.95 223.41 223.81 224.15 224.42 224.63 224.78 224.86 224.89 224.85 224.76 224.61 224.40 224.12 223.74 223.22 222.58 221.81 220.92 219.90 218.77 217.52 216.16 214.69 213.11 211.43 209.64 207.76 205.77 203.70 201.53 199.27 196.93 194.50 191.99 189.41 186.75 184.01 181.21 178.34 175.41 172.44
163.91 167.62 171.35 175.09 178.85 182.60 186.20 189.56 192.68 195.57 198.24 200.71 202.98 205.07 207.00 208.76 210.38 211.86 213.22 214.47 215.61 216.67 217.66 218.57 219.44 220.24 220.97 221.64 222.23 222.76 223.23 223.63 223.96 224.23 224.44 224.59 224.67 224.69 224.66 224.56 224.40 224.19 223.92 223.58 223.13 222.56 221.85 221.02 220.07 218.99 217.80 216.49 215.07 213.54 211.90 210.15 208.31 206.36 204.32 202.18 199.95 197.63 195.23 192.74 190.17 187.52 184.80 182.01 179.15 176.25 173.32
163.09 167.05 171.01 175.00 178.97 182.79 186.35 189.67 192.75 195.60 198.24 200.68 202.92 204.99 206.89 208.63 210.23 211.69 213.04 214.28 215.41 216.47 217.45 218.37 219.23 220.03 220.77 221.43 222.03 222.56 223.02 223.42 223.76 224.02 224.23 224.37 224.45 224.47 224.43 224.33 224.17 223.95 223.68 223.34 222.94 222.44 221.80 221.03 220.14 219.12 217.99 216.73 215.36 213.88 212.28 210.58 208.78 206.87 204.86 202.75 200.56 198.27 195.89 193.42 190.87 188.24 185.53 182.76 179.93 177.08 174.19
162.55 166.75 170.96 175.16 179.20 182.99 186.51 189.78 192.82 195.64 198.24 200.65 202.86 204.90 206.77 208.49 210.07 211.52 212.85 214.08 215.21 216.25 217.23 218.14 219.01 219.81 220.55 221.21 221.81 222.34 222.80 223.20 223.53 223.80 224.00 224.14 224.22 224.23 224.19 224.08 223.92 223.69 223.41 223.07 222.68 222.22 221.65 220.95 220.12 219.16 218.08 216.88 215.57 214.13 212.59 210.93 209.17 207.30 205.33 203.26 201.09 198.83 196.48 194.04 191.51 188.90 186.21 183.47 180.70 177.89 175.05
162.29 166.74 171.18 175.45 179.45 183.18 186.66 189.89 192.89 195.67 198.24 200.61 202.80 204.81 206.66 208.35 209.91 211.34 212.66 213.87 214.99 216.03 217.00 217.91 218.78 219.58 220.32 220.98 221.58 222.11 222.57 222.96 223.29 223.56 223.76 223.89 223.97 223.98 223.93 223.82 223.65 223.42 223.13 222.78 222.38 221.92 221.40 220.76 220.00 219.11 218.09 216.95 215.69 214.31 212.81 211.20 209.48 207.66 205.73 203.69 201.56 199.33 197.01 194.59 192.09 189.50 186.86 184.18 181.46 178.70 175.90
162.34 167.02 171.53 175.75 179.70 183.39 186.82 190.01 192.97 195.71 198.24 200.58 202.73 204.72 206.54 208.21 209.75 211.17 212.47 213.66 214.77 215.80 216.77 217.68 218.54 219.34 220.08 220.74 221.34 221.86 222.32 222.72 223.04 223.30 223.50 223.63 223.70 223.71 223.65 223.54 223.36 223.12 222.83 222.48 222.07 221.60 221.08 220.49 219.79 218.96 218.01 216.93 215.72 214.40 212.95 211.39 209.72 207.94 206.05 204.05 201.96 199.76 197.47 195.08 192.61 190.07 187.49 184.87 182.20 179.48 176.73
162.68 167.43 171.89 176.07 179.97 183.60 186.99 190.13 193.05 195.75 198.25 200.55 202.68 204.63 206.43 208.08 209.59 210.99 212.27 213.46 214.55 215.58 216.53 217.44 218.30 219.11 219.84 220.50 221.09 221.62 222.07 222.46 222.79 223.04 223.24 223.36 223.43 223.43 223.37 223.25 223.06 222.82 222.52 222.16 221.74 221.26 220.73 220.14 219.49 218.73 217.84 216.82 215.67 214.40 213.01 211.51 209.88 208.15 206.30 204.35 202.29 200.13 197.87 195.51 193.10 190.63 188.11 185.54 182.92 180.26 177.55
163.17 167.87 172.27 176.39 180.24 183.83 187.16 190.27 193.14 195.80 198.26 200.53 202.63 204.55 206.32 207.95 209.44 210.82 212.08 213.25 214.34 215.35 216.30 217.21 218.07 218.87 219.60 220.26 220.85 221.37 221.82 222.21 222.53 222.78 222.97 223.09 223.15 223.14 223.08 222.95 222.76 222.51 222.20 221.83 221.40 220.92 220.37 219.78 219.12 218.41 217.58 216.62 215.54 214.33 213.00 211.54 209.97 208.28 206.48 204.57 202.55 200.43 198.21 195.92 193.57 191.16 188.70 186.19 183.63 181.01 178.35
163.69 168.33 172.67 176.74 180.53 184.07 187.36 190.41 193.25 195.87 198.29 200.53 202.59 204.48 206.22 207.83 209.30 210.65 211.90 213.06 214.13 215.14 216.08 216.98 217.83 218.63 219.36 220.02 220.61 221.13 221.58 221.96 222.27 222.52 222.70 222.82 222.87 222.86 222.78 222.65 222.45 222.19 221.87 221.49 221.06 220.56 220.01 219.40 218.74 218.02 217.24 216.35 215.32 214.18 212.90 211.50 209.98 208.34 206.59 204.72 202.75 200.67 198.51 196.30 194.02 191.68 189.28 186.83 184.32 181.76 179.14
164.23 168.81 173.09 177.10 180.84 184.33 187.57 190.58 193.37 195.95 198.34 200.54 202.57 204.43 206.14 207.72 209.17 210.50 211.74 212.88 213.94 214.93 215.87 216.76 217.61 218.41 219.14 219.79 220.37 220.89 221.33 221.71 222.02 222.26 222.44 222.55 222.59 222.57 222.49 222.35 222.14 221.87 221.54 221.16 220.71 220.21 219.64 219.02 218.35 217.62 216.83 215.98 215.03 213.94 212.72 211.38 209.92 208.33 206.63 204.81 202.88 200.87 198.80 196.65 194.45 192.18 189.85 187.45 185.00 182.49 179.92
164.79 169.31 173.54 177.49 181.18 184.61 187.81 190.77 193.52 196.06 198.41 200.57 202.56 204.40 206.08 207.63 209.06 210.37 211.59 212.71 213.76 214.74 215.67 216.55 217.40 218.20 218.92 219.57 220.15 220.66 221.10 221.47 221.77 222.01 222.18 222.28 222.32 222.29 222.20 222.05 221.83 221.56 221.22 220.82 220.37 219.85 219.28 218.65 217.96 217.22 216.42 215.57 214.65 213.63 212.47 211.19 209.78 208.25 206.60 204.83 202.98 201.06 199.06 196.99 194.86 192.66 190.39 188.05 185.66 183.20 180.68
165.39 169.84 174.01 177.91 181.54 184.93 188.07 190.99 193.69 196.19 198.50 200.62 202.58 204.38 206.04 207.57 208.97 210.26 211.45 212.56 213.59 214.56 215.48 216.36 217.21 218.00 218.72 219.36 219.94 220.44 220.88 221.24 221.54 221.77 221.93 222.03 222.06 222.02 221.92 221.76 221.54 221.25 220.90 220.49 220.03 219.50 218.91 218.27 217.57 216.81 216.00 215.14 214.22 213.23 212.14 210.92 209.57 208.10 206.50 204.82 203.06 201.22 199.30 197.31 195.25 193.12 190.91 188.64 186.30 183.89 181.42
166.02 170.41 174.52 178.36 181.94 185.27 188.36 191.23 193.89 196.35 198.62 200.71 202.63 204.40 206.03 207.52 208.90 210.17 211.35 212.44 213.45 214.41 215.32 216.19 217.04 217.82 218.54 219.18 219.75 220.25 220.67 221.03 221.32 221.54 221.70 221.79 221.81 221.76 221.66 221.48 221.25 220.95 220.59 220.17 219.69 219.16 218.56 217.90 217.19 216.42 215.59 214.71 213.78 212.79 211.74 210.58 209.29 207.88 206.37 204.78 203.11 201.35 199.52 197.61 195.62 193.56 191.42 189.21 186.93 184.57 182.15
166.68 171.01 175.06 178.84 182.37 185.65 188.69 191.51 194.13 196.54 198.77 200.82 202.71 204.44 206.04 207.51 208.86 210.11 211.26 212.34 213.34 214.29 215.18 216.05 216.89 217.67 218.38 219.01 219.58 220.07 220.49 220.84 221.12 221.34 221.48 221.56 221.58 221.52 221.40 221.22 220.98 220.67 220.30 219.87 219.38 218.82 218.21 217.54 216.82 216.03 215.19 214.30 213.35 212.35 211.29 210.17 208.95 207.62 206.21 204.71 203.13 201.46 199.71 197.88 195.97 193.98 191.90 189.76 187.53 185.23 182.86
167.39 171.66 175.65 179.37 182.84 186.06 189.06 191.83 194.40 196.77 198.95 200.97 202.82 204.52 206.09 207.53 208.86 210.08 211.21 212.27 213.26 214.19 215.08 215.93 216.76 217.54 218.24 218.87 219.43 219.92 220.33 220.67 220.95 221.15 221.29 221.36 221.36 221.30 221.17 220.98 220.72 220.40 220.02 219.58 219.07 218.51 217.88 217.20 216.46 215.66 214.81 213.90 212.93 211.91 210.84 209.72 208.56 207.34 206.03 204.62 203.13 201.55 199.89 198.13 196.29 194.37 192.37 190.29 188.12 185.88 183.56
168.14 172.35 176.27 179.94 183.35 186.52 189.46 192.19 194.71 197.03 199.18 201.15 202.97 204.64 206.17 207.58 208.88 210.09 211.20 212.23 213.20 214.12 215.00 215.85 216.67 217.44 218.14 218.76 219.31 219.79 220.20 220.53 220.80 220.99 221.12 221.18 221.17 221.10 220.96 220.76 220.49 220.16 219.76 219.31 218.79 218.21 217.57 216.87 216.12 215.30 214.43 213.51 212.53 211.49 210.40 209.29 208.17 207.03 205.81 204.51 203.11 201.62 200.03 198.36 196.60 194.75 192.82 190.80 188.69 186.51 184.24
168.94 173.08 176.95 180.55 183.90 187.02 189.91 192.59 195.06 197.34 199.44 201.38 203.16 204.79 206.30 207.68 208.95 210.13 211.22 212.24 213.19 214.09 214.96 215.80 216.61 217.38 218.07 218.68 219.23 219.70 220.09 220.42 220.68 220.86 220.98 221.03 221.01 220.93 220.78 220.56 220.28 219.94 219.53 219.06 218.53 217.93 217.28 216.57 215.80 214.97 214.08 213.14 212.14 211.09 210.02 208.93 207.83 206.72 205.58 204.37 203.06 201.66 200.16 198.57 196.88 195.11 193.24 191.29 189.25 187.12 184.90
169.79 173.87 177.67 181.21 184.51 187.57 190.41 193.04 195.46 197.70 199.76 201.65 203.40 205.00 206.47 207.82 209.06 210.21 211.28 212.28 213.22 214.10 214.96 215.79 216.60 217.35 218.03 218.64 219.18 219.64 220.03 220.34 220.59 220.77 220.88 220.91 220.88 220.79 220.63 220.40 220.10 219.75 219.32 218.84 218.29 217.69 217.02 216.29 215.50 214.66 213.75 212.79 211.78 210.74 209.69 208.63 207.55 206.45 205.34 204.20 202.98 201.67 200.26 198.75 197.14 195.44 193.65 191.76 189.78 187.71 185.55
170.70 174.71 178.45 181.93 185.17 188.18 190.96 193.53 195.91 198.10 200.12 201.98 203.68 205.24 206.68 208.00 209.22 210.35 211.39 212.37 213.29 214.16 215.00 215.82 216.62 217.37 218.04 218.64 219.17 219.62 220.00 220.31 220.54 220.71 220.80 220.83 220.79 220.68 220.51 220.26 219.96 219.59 219.15 218.65 218.09 217.47 216.78 216.04 215.23 214.37 213.45 212.48 211.48 210.46 209.43 208.39 207.33 206.25 205.15 204.03 202.88 201.66 200.34 198.91 197.38 195.76 194.03 192.21 190.29 188.28 186.18
171.67 175.61 179.28 182.71 185.89 188.84 191.57 194.09 196.42 198.56 200.54 202.35 204.02 205.54 206.95 208.24 209.43 210.53 211.55 212.50 213.40 214.26 215.09 215.89 216.69 217.43 218.09 218.68 219.20 219.64 220.01 220.31 220.53 220.69 220.77 220.79 220.73 220.61 220.42 220.17 219.85 219.46 219.01 218.50 217.92 217.28 216.58 215.82 215.00 214.12 213.19 212.22 211.25 210.25 209.24 208.22 207.17 206.10 205.02 203.91 202.79 201.63 200.39 199.04 197.60 196.05 194.39 192.64 190.79 188.83 186.79
172.70 176.57 180.18 183.54 186.66 189.55 192.23 194.70 196.98 199.08 201.01 202.78 204.41 205.90 207.27 208.53 209.69 210.76 211.76 212.69 213.57 214.41 215.22 216.02 216.80 217.54 218.19 218.77 219.28 219.71 220.07 220.36 220.57 220.71 220.79 220.79 220.72 220.59 220.38 220.11 219.78 219.38 218.91 218.38 217.79 217.13 216.42 215.64 214.80 213.91 212.98 212.05 211.09 210.12 209.12 208.11 207.08 206.03 204.95 203.86 202.74 201.59 200.41 199.15 197.79 196.31 194.73 193.05 191.26 189.37 187.38
173.79 177.60 181.14 184.44 187.50 190.34 192.96 195.38 197.61 199.66 201.54 203.27 204.86 206.31 207.65 208.88 210.01 211.05 212.02 212.93 213.80 214.62 215.42 216.20 216.97 217.70 218.34 218.91 219.41 219.83 220.18 220.45 220.65 220.78 220.84 220.83 220.75 220.60 220.39 220.10 219.75 219.34 218.85 218.31 217.70 217.03 216.29 215.49 214.64 213.76 212.86 211.94 211.01 210.05 209.08 208.08 207.06 206.02 204.95 203.86 202.75 201.61 200.44 199.24 197.95 196.56 195.05 193.44 191.71 189.88 187.95
