data_processed/recharge/precip/Precip_2005_12.asc
ncols        168
nrows        136
xllcorner    455000
yllcorner    2107000
cellsize     500
NODATA_value     -99999
[rows 0 to 36 of 136, columns 84 to 167 of 168]
0.23 0.24 0.25 0.27 0.28 0.29 0.30 0.31 0.32 0.33 0.34 0.37 0.40 0.44 0.48 0.54 0.60 0.67 0.75 0.83 0.92 1.02 1.12 1.23 1.34 1.46 1.58 1.71 1.84 1.98 2.13 2.28 2.44 2.62 2.80 2.99 3.18 3.39 3.60 3.81 4.04 4.27 4.51 4.75 4.99 5.25 5.51 5.77 6.03 6.29 6.54 6.78 7.01 7.24 7.46 7.66 7.85 8.03 8.19 8.34 8.47 8.59 8.68 8.76 8.81 8.85 8.86 8.85 8.83 8.80 8.75 8.69 8.61 8.52 8.41 8.28 8.14 7.99 7.82 7.63 7.42 7.20 6.96 6.70
0.23 0.24 0.26 0.27 0.28 0.29 0.30 0.31 0.32 0.33 0.34 0.35 0.38 0.41 0.45 0.49 0.55 0.61 0.68 0.76 0.85 0.94 1.04 1.14 1.25 1.36 1.48 1.60 1.74 1.88 2.03 2.19 2.36 2.53 2.72 2.91 3.11 3.32 3.54 3.76 4.00 4.23 4.48 4.73 4.98 5.24 5.51 5.78 6.05 6.32 6.58 6.83 7.07 7.31 7.53 7.75 7.95 8.14 8.31 8.47 8.61 8.73 8.84 8.92 8.99 9.03 9.05 9.05 9.03 9.00 8.95 8.88 8.80 8.70 8.59 8.46 8.32 8.16 7.98 7.78 7.57 7.34 7.09 6.83
0.23 0.25 0.26 0.27 0.28 0.29 0.30 0.31 0.32 0.33 0.34 0.35 0.36 0.39 0.42 0.46 0.50 0.56 0.62 0.70 0.77 0.86 0.95 1.05 1.15 1.26 1.38 1.50 1.64 1.78 1.93 2.10 2.27 2.45 2.64 2.84 3.05 3.26 3.48 3.71 3.95 4.19 4.44 4.70 4.96 5.23 5.51 5.79 6.06 6.34 6.61 6.87 7.12 7.36 7.60 7.82 8.03 8.23 8.41 8.58 8.73 8.86 8.97 9.07 9.14 9.20 9.23 9.23 9.21 9.18 9.13 9.06 8.97 8.87 8.76 8.62 8.47 8.31 8.12 7.92 7.70 7.46 7.20 6.93
0.23 0.25 0.26 0.27 0.28 0.29 0.30 0.31 0.32 0.33 0.34 0.35 0.36 0.38 0.40 0.43 0.47 0.51 0.57 0.63 0.71 0.79 0.87 0.96 1.06 1.17 1.28 1.41 1.54 1.69 1.84 2.01 2.18 2.37 2.56 2.77 2.98 3.20 3.42 3.66 3.90 4.15 4.41 4.67 4.94 5.21 5.49 5.78 6.07 6.35 6.62 6.89 7.15 7.40 7.65 7.88 8.09 8.30 8.49 8.66 8.82 8.96 9.09 9.19 9.27 9.33 9.37 9.39 9.38 9.34 9.29 9.22 9.13 9.03 8.91 8.77 8.61 8.44 8.25 8.04 7.81 7.56 7.30 7.02
0.24 0.25 0.26 0.27 0.28 0.29 0.30 0.31 0.32 0.33 0.34 0.35 0.36 0.37 0.38 0.41 0.44 0.48 0.52 0.58 0.64 0.72 0.80 0.88 0.98 1.08 1.19 1.32 1.45 1.60 1.76 1.93 2.10 2.29 2.49 2.69 2.91 3.13 3.36 3.60 3.85 4.10 4.36 4.63 4.90 5.19 5.47 5.77 6.06 6.35 6.63 6.90 7.17 7.43 7.68 7.92 8.14 8.35 8.55 8.73 8.90 9.05 9.18 9.29 9.38 9.45 9.50 9.52 9.52 9.49 9.44 9.36 9.27 9.16 9.04 8.89 8.73 8.55 8.35 8.14 7.90 7.64 7.38 7.11
0.24 0.25 0.26 0.27 0.28 0.29 0.30 0.32 0.33 0.34 0.35 0.35 0.36 0.37 0.38 0.39 0.42 0.45 0.48 0.53 0.59 0.65 0.73 0.81 0.90 1.00 1.11 1.24 1.37 1.52 1.68 1.85 2.03 2.21 2.41 2.62 2.84 3.06 3.30 3.54 3.79 4.05 4.31 4.59 4.87 5.15 5.44 5.74 6.04 6.34 6.62 6.91 7.18 7.44 7.70 7.94 8.17 8.39 8.60 8.79 8.96 9.11 9.25 9.37 9.47 9.54 9.60 9.63 9.63 9.61 9.57 9.49 9.40 9.28 9.15 9.00 8.83 8.65 8.44 8.21 7.97 7.72 7.46 7.19
0.24 0.25 0.26 0.27 0.28 0.30 0.31 0.32 0.33 0.34 0.35 0.36 0.37 0.37 0.38 0.39 0.40 0.42 0.45 0.49 0.54 0.60 0.66 0.74 0.83 0.93 1.04 1.16 1.30 1.45 1.60 1.77 1.95 2.14 2.34 2.55 2.77 3.00 3.23 3.48 3.73 3.99 4.26 4.54 4.82 5.11 5.41 5.71 6.01 6.31 6.61 6.89 7.17 7.44 7.70 7.95 8.19 8.41 8.62 8.82 9.00 9.16 9.30 9.43 9.53 9.61 9.67 9.71 9.72 9.71 9.67 9.60 9.50 9.38 9.25 9.09 8.92 8.72 8.51 8.28 8.03 7.78 7.53 7.27
0.24 0.25 0.26 0.27 0.29 0.30 0.31 0.32 0.33 0.34 0.35 0.36 0.37 0.37 0.38 0.39 0.40 0.41 0.43 0.46 0.50 0.55 0.61 0.68 0.77 0.86 0.97 1.10 1.23 1.38 1.53 1.70 1.88 2.07 2.27 2.48 2.70 2.93 3.17 3.41 3.67 3.93 4.20 4.48 4.77 5.06 5.36 5.67 5.98 6.28 6.58 6.87 7.16 7.43 7.69 7.95 8.19 8.42 8.63 8.83 9.02 9.18 9.33 9.46 9.57 9.66 9.72 9.77 9.78 9.77 9.74 9.68 9.59 9.47 9.33 9.16 8.98 8.78 8.56 8.33 8.09 7.84 7.59 7.34
0.24 0.25 0.26 0.28 0.29 0.30 0.31 0.32 0.33 0.34 0.35 0.36 0.37 0.38 0.38 0.39 0.40 0.41 0.42 0.44 0.47 0.51 0.57 0.63 0.72 0.81 0.92 1.04 1.17 1.31 1.47 1.64 1.81 2.00 2.20 2.41 2.63 2.86 3.10 3.35 3.60 3.87 4.14 4.42 4.71 5.01 5.31 5.62 5.93 6.24 6.54 6.84 7.12 7.40 7.67 7.93 8.18 8.41 8.63 8.83 9.02 9.19 9.34 9.48 9.59 9.68 9.75 9.80 9.82 9.82 9.79 9.73 9.65 9.53 9.39 9.22 9.03 8.82 8.60 8.37 8.14 7.90 7.65 7.40
0.24 0.25 0.27 0.28 0.29 0.30 0.31 0.32 0.33 0.34 0.35 0.36 0.37 0.38 0.38 0.39 0.40 0.41 0.41 0.43 0.45 0.48 0.54 0.60 0.68 0.77 0.87 0.99 1.12 1.26 1.41 1.58 1.75 1.94 2.14 2.35 2.56 2.79 3.03 3.28 3.53 3.80 4.08 4.36 4.65 4.95 5.25 5.57 5.88 6.19 6.49 6.79 7.08 7.36 7.64 7.90 8.14 8.38 8.60 8.81 9.00 9.18 9.33 9.47 9.59 9.68 9.76 9.81 9.83 9.83 9.81 9.76 9.68 9.56 9.42 9.25 9.06 8.85 8.63 8.41 8.18 7.94 7.70 7.45
0.24 0.26 0.27 0.28 0.29 0.30 0.31 0.32 0.33 0.34 0.35 0.36 0.37 0.38 0.38 0.39 0.40 0.41 0.41 0.42 0.44 0.47 0.52 0.58 0.65 0.73 0.83 0.95 1.07 1.21 1.36 1.52 1.69 1.88 2.07 2.28 2.50 2.72 2.96 3.21 3.47 3.73 4.01 4.29 4.58 4.88 5.19 5.50 5.82 6.13 6.44 6.74 7.03 7.31 7.59 7.85 8.10 8.34 8.56 8.77 8.97 9.14 9.30 9.44 9.56 9.66 9.74 9.79 9.82 9.83 9.80 9.75 9.68 9.57 9.43 9.26 9.07 8.87 8.66 8.44 8.22 7.98 7.75 7.50
0.25 0.26 0.27 0.28 0.29 0.30 0.31 0.32 0.33 0.34 0.35 0.36 0.37 0.38 0.39 0.39 0.40 0.41 0.42 0.43 0.45 0.47 0.51 0.56 0.63 0.71 0.80 0.91 1.03 1.17 1.31 1.47 1.64 1.82 2.01 2.22 2.43 2.66 2.89 3.14 3.39 3.66 3.93 4.22 4.51 4.81 5.12 5.43 5.75 6.06 6.37 6.67 6.96 7.25 7.52 7.79 8.04 8.28 8.51 8.72 8.91 9.09 9.25 9.40 9.52 9.62 9.70 9.75 9.79 9.79 9.77 9.73 9.65 9.55 9.41 9.26 9.08 8.89 8.68 8.47 8.25 8.02 7.78 7.55
0.25 0.26 0.27 0.28 0.29 0.30 0.31 0.32 0.33 0.34 0.35 0.36 0.37 0.38 0.39 0.39 0.40 0.41 0.42 0.44 0.46 0.48 0.52 0.56 0.62 0.70 0.79 0.89 1.00 1.13 1.27 1.42 1.59 1.77 1.96 2.16 2.37 2.59 2.82 3.07 3.32 3.58 3.86 4.14 4.43 4.73 5.04 5.35 5.67 5.98 6.29 6.59 6.88 7.17 7.45 7.71 7.96 8.21 8.43 8.65 8.84 9.02 9.19 9.33 9.45 9.55 9.64 9.69 9.73 9.73 9.72 9.67 9.60 9.50 9.37 9.23 9.07 8.89 8.70 8.49 8.27 8.05 7.82 7.58
0.25 0.26 0.27 0.28 0.29 0.30 0.31 0.32 0.33 0.34 0.35 0.36 0.37 0.38 0.39 0.39 0.40 0.42 0.43 0.45 0.48 0.50 0.53 0.57 0.63 0.69 0.78 0.87 0.98 1.10 1.24 1.38 1.55 1.72 1.90 2.10 2.31 2.52 2.75 2.99 3.25 3.51 3.78 4.06 4.35 4.64 4.95 5.27 5.58 5.89 6.20 6.50 6.80 7.08 7.36 7.62 7.88 8.12 8.34 8.56 8.75 8.93 9.10 9.24 9.37 9.47 9.55 9.61 9.64 9.65 9.63 9.59 9.52 9.43 9.32 9.19 9.05 8.88 8.70 8.50 8.29 8.07 7.84 7.61
0.25 0.26 0.27 0.28 0.29 0.30 0.31 0.32 0.33 0.34 0.35 0.36 0.37 0.38 0.39 0.40 0.41 0.42 0.44 0.47 0.49 0.53 0.56 0.60 0.64 0.70 0.78 0.86 0.97 1.08 1.21 1.35 1.51 1.67 1.85 2.04 2.25 2.46 2.69 2.92 3.17 3.43 3.69 3.97 4.26 4.55 4.86 5.17 5.49 5.80 6.10 6.40 6.70 6.98 7.26 7.52 7.77 8.01 8.24 8.45 8.65 8.83 8.99 9.13 9.26 9.36 9.44 9.50 9.53 9.54 9.53 9.48 9.42 9.34 9.25 9.13 9.00 8.85 8.69 8.50 8.30 8.08 7.86 7.64
0.25 0.26 0.27 0.28 0.29 0.30 0.31 0.32 0.33 0.34 0.35 0.36 0.37 0.38 0.39 0.40 0.42 0.44 0.46 0.49 0.52 0.55 0.59 0.63 0.67 0.72 0.79 0.87 0.96 1.07 1.19 1.32 1.47 1.63 1.80 1.99 2.19 2.40 2.62 2.85 3.09 3.34 3.61 3.88 4.17 4.46 4.76 5.07 5.38 5.69 6.00 6.30 6.59 6.87 7.14 7.40 7.65 7.89 8.12 8.33 8.52 8.70 8.86 9.01 9.13 9.23 9.31 9.37 9.40 9.41 9.39 9.36 9.31 9.24 9.16 9.06 8.94 8.81 8.65 8.48 8.30 8.09 7.88 7.65
0.26 0.27 0.28 0.29 0.30 0.31 0.32 0.32 0.33 0.34 0.35 0.36 0.37 0.38 0.39 0.41 0.43 0.45 0.48 0.50 0.54 0.57 0.61 0.65 0.70 0.75 0.81 0.88 0.96 1.06 1.17 1.30 1.44 1.60 1.76 1.94 2.13 2.33 2.55 2.77 3.01 3.26 3.52 3.79 4.07 4.36 4.66 4.96 5.27 5.58 5.88 6.18 6.47 6.74 7.01 7.27 7.52 7.76 7.98 8.19 8.38 8.56 8.72 8.86 8.98 9.08 9.16 9.21 9.25 9.25 9.24 9.22 9.18 9.12 9.05 8.97 8.86 8.74 8.60 8.45 8.28 8.09 7.88 7.67
0.26 0.27 0.28 0.29 0.30 0.31 0.32 0.33 0.33 0.34 0.35 0.36 0.37 0.38 0.40 0.42 0.44 0.47 0.49 0.53 0.56 0.60 0.64 0.68 0.73 0.78 0.84 0.90 0.97 1.06 1.17 1.29 1.42 1.56 1.72 1.89 2.08 2.27 2.48 2.70 2.93 3.18 3.43 3.69 3.97 4.25 4.55 4.85 5.16 5.46 5.76 6.05 6.33 6.61 6.88 7.13 7.38 7.61 7.83 8.04 8.23 8.40 8.56 8.69 8.81 8.91 8.99 9.04 9.07 9.08 9.08 9.07 9.04 8.99 8.93 8.86 8.77 8.66 8.54 8.40 8.24 8.07 7.88 7.67
0.26 0.27 0.28 0.29 0.30 0.31 0.32 0.33 0.33 0.34 0.35 0.36 0.38 0.39 0.41 0.43 0.46 0.48 0.51 0.55 0.58 0.62 0.67 0.71 0.76 0.81 0.87 0.93 0.99 1.07 1.17 1.28 1.40 1.54 1.69 1.85 2.03 2.21 2.42 2.63 2.85 3.09 3.34 3.59 3.86 4.14 4.43 4.73 5.03 5.33 5.62 5.91 6.19 6.46 6.73 6.98 7.22 7.45 7.67 7.87 8.05 8.22 8.38 8.51 8.62 8.72 8.79 8.84 8.88 8.90 8.91 8.90 8.88 8.85 8.80 8.74 8.66 8.56 8.46 8.33 8.19 8.03 7.86 7.66
0.26 0.27 0.28 0.29 0.30 0.31 0.32 0.33 0.34 0.34 0.35 0.37 0.38 0.40 0.42 0.44 0.47 0.50 0.53 0.57 0.61 0.65 0.69 0.74 0.79 0.84 0.90 0.96 1.02 1.09 1.18 1.28 1.39 1.52 1.66 1.81 1.98 2.16 2.35 2.56 2.77 3.00 3.24 3.49 3.76 4.03 4.31 4.61 4.90 5.20 5.48 5.77 6.04 6.31 6.56 6.81 7.05 7.27 7.48 7.68 7.86 8.03 8.18 8.31 8.42 8.51 8.58 8.63 8.67 8.70 8.72 8.72 8.71 8.69 8.65 8.60 8.53 8.45 8.36 8.24 8.12 7.97 7.82 7.64
0.26 0.27 0.28 0.29 0.30 0.31 0.32 0.33 0.34 0.35 0.36 0.37 0.39 0.41 0.43 0.46 0.49 0.52 0.55 0.59 0.63 0.67 0.72 0.77 0.82 0.87 0.93 0.99 1.05 1.12 1.19 1.28 1.38 1.50 1.63 1.77 1.93 2.10 2.29 2.48 2.69 2.91 3.15 3.39 3.64 3.91 4.19 4.48 4.77 5.05 5.33 5.61 5.88 6.14 6.39 6.63 6.86 7.08 7.29 7.48 7.66 7.82 7.96 8.08 8.19 8.28 8.35 8.41 8.46 8.49 8.52 8.53 8.53 8.51 8.49 8.45 8.39 8.32 8.24 8.14 8.03 7.90 7.76 7.60
0.27 0.28 0.28 0.29 0.30 0.31 0.32 0.33 0.34 0.35 0.36 0.38 0.40 0.42 0.45 0.48 0.51 0.54 0.57 0.61 0.65 0.70 0.74 0.79 0.84 0.90 0.96 1.02 1.08 1.15 1.22 1.29 1.38 1.49 1.61 1.74 1.89 2.05 2.22 2.41 2.61 2.82 3.05 3.28 3.53 3.79 4.06 4.34 4.62 4.90 5.18 5.45 5.71 5.96 6.21 6.44 6.67 6.88 7.08 7.26 7.43 7.59 7.72 7.84 7.94 8.03 8.11 8.17 8.23 8.27 8.30 8.32 8.33 8.33 8.31 8.28 8.24 8.18 8.11 8.02 7.92 7.81 7.68 7.54
0.27 0.28 0.29 0.30 0.30 0.31 0.32 0.33 0.34 0.36 0.37 0.39 0.41 0.44 0.46 0.49 0.52 0.56 0.59 0.63 0.68 0.72 0.77 0.82 0.87 0.92 0.98 1.04 1.11 1.17 1.24 1.31 1.39 1.49 1.59 1.72 1.85 2.00 2.16 2.34 2.53 2.73 2.95 3.17 3.41 3.66 3.92 4.20 4.47 4.74 5.01 5.27 5.53 5.77 6.01 6.24 6.46 6.66 6.85 7.03 7.20 7.34 7.47 7.59 7.69 7.78 7.86 7.93 7.99 8.04 8.08 8.11 8.12 8.13 8.12 8.10 8.06 8.02 7.96 7.89 7.80 7.70 7.59 7.46
0.27 0.28 0.29 0.30 0.31 0.31 0.32 0.33 0.35 0.36 0.38 0.40 0.43 0.45 0.48 0.51 0.54 0.58 0.61 0.65 0.70 0.74 0.79 0.84 0.89 0.95 1.00 1.06 1.13 1.19 1.26 1.33 1.41 1.49 1.58 1.69 1.82 1.95 2.11 2.27 2.45 2.64 2.85 3.06 3.29 3.53 3.79 4.05 4.32 4.58 4.84 5.09 5.34 5.58 5.81 6.03 6.23 6.43 6.62 6.79 6.94 7.08 7.20 7.32 7.42 7.51 7.60 7.68 7.74 7.80 7.84 7.88 7.90 7.91 7.91 7.90 7.88 7.84 7.80 7.74 7.66 7.58 7.47 7.36
0.28 0.28 0.29 0.30 0.31 0.32 0.33 0.34 0.36 0.37 0.39 0.41 0.44 0.46 0.49 0.52 0.56 0.59 0.63 0.67 0.71 0.76 0.81 0.86 0.91 0.96 1.02 1.08 1.14 1.21 1.27 1.35 1.42 1.49 1.58 1.67 1.78 1.91 2.05 2.20 2.37 2.55 2.74 2.95 3.17 3.40 3.64 3.90 4.15 4.41 4.66 4.90 5.14 5.37 5.59 5.80 6.00 6.19 6.36 6.53 6.67 6.80 6.93 7.04 7.15 7.24 7.33 7.41 7.48 7.54 7.59 7.64 7.67 7.69 7.70 7.69 7.68 7.66 7.62 7.57 7.51 7.43 7.35 7.25
0.28 0.29 0.29 0.30 0.31 0.32 0.33 0.35 0.36 0.38 0.40 0.43 0.45 0.48 0.51 0.54 0.57 0.61 0.65 0.69 0.73 0.77 0.82 0.87 0.92 0.98 1.03 1.09 1.15 1.22 1.28 1.35 1.42 1.50 1.58 1.66 1.76 1.87 2.00 2.14 2.29 2.46 2.64 2.84 3.04 3.26 3.50 3.74 3.99 4.23 4.47 4.70 4.93 5.15 5.36 5.56 5.75 5.93 6.10 6.25 6.39 6.52 6.64 6.76 6.86 6.96 7.05 7.14 7.21 7.28 7.33 7.38 7.42 7.45 7.46 7.47 7.47 7.45 7.43 7.39 7.34 7.28 7.20 7.11
0.28 0.29 0.30 0.30 0.31 0.33 0.34 0.36 0.37 0.39 0.41 0.44 0.46 0.49 0.52 0.55 0.59 0.62 0.66 0.70 0.74 0.79 0.83 0.88 0.93 0.99 1.04 1.10 1.16 1.22 1.29 1.36 1.43 1.50 1.57 1.65 1.73 1.83 1.95 2.07 2.21 2.37 2.54 2.72 2.92 3.12 3.35 3.58 3.81 4.05 4.27 4.50 4.71 4.92 5.12 5.31 5.49 5.66 5.82 5.96 6.10 6.23 6.35 6.46 6.57 6.67 6.77 6.85 6.93 7.00 7.07 7.12 7.16 7.20 7.22 7.24 7.24 7.24 7.22 7.19 7.15 7.10 7.04 6.97
0.28 0.29 0.30 0.31 0.32 0.33 0.35 0.36 0.38 0.40 0.42 0.45 0.47 0.50 0.53 0.56 0.60 0.63 0.67 0.71 0.75 0.80 0.84 0.89 0.94 0.99 1.05 1.10 1.16 1.22 1.29 1.35 1.42 1.49 1.56 1.64 1.71 1.80 1.90 2.01 2.14 2.28 2.44 2.60 2.79 2.98 3.19 3.41 3.64 3.86 4.07 4.28 4.49 4.69 4.88 5.06 5.22 5.38 5.53 5.67 5.80 5.93 6.05 6.17 6.27 6.38 6.47 6.56 6.64 6.72 6.79 6.84 6.89 6.93 6.97 6.99 7.00 7.00 7.00 6.98 6.95 6.91 6.86 6.80
0.29 0.30 0.30 0.31 0.33 0.34 0.36 0.37 0.39 0.41 0.43 0.46 0.48 0.51 0.54 0.57 0.61 0.64 0.68 0.72 0.76 0.80 0.85 0.89 0.94 0.99 1.05 1.10 1.16 1.22 1.28 1.34 1.41 1.47 1.54 1.62 1.69 1.77 1.85 1.95 2.06 2.19 2.33 2.49 2.66 2.84 3.03 3.24 3.45 3.66 3.87 4.06 4.26 4.44 4.62 4.79 4.94 5.09 5.23 5.37 5.50 5.62 5.74 5.86 5.97 6.07 6.17 6.26 6.35 6.42 6.50 6.56 6.61 6.66 6.70 6.73 6.75 6.76 6.76 6.75 6.74 6.71 6.67 6.62
0.29 0.30 0.31 0.32 0.33 0.35 0.36 0.38 0.40 0.42 0.44 0.47 0.49 0.52 0.55 0.58 0.61 0.65 0.68 0.72 0.76 0.80 0.85 0.89 0.94 0.99 1.04 1.09 1.15 1.20 1.26 1.32 1.39 1.45 1.52 1.59 1.66 1.73 1.81 1.89 1.99 2.10 2.23 2.37 2.52 2.69 2.87 3.07 3.26 3.46 3.65 3.84 4.02 4.19 4.35 4.51 4.65 4.79 4.93 5.06 5.19 5.31 5.43 5.55 5.66 5.76 5.86 5.95 6.04 6.12 6.20 6.26 6.32 6.37 6.42 6.46 6.48 6.50 6.51 6.52 6.51 6.49 6.46 6.42
0.30 0.31 0.32 0.33 0.34 0.36 0.37 0.39 0.41 0.43 0.45 0.47 0.50 0.53 0.55 0.58 0.62 0.65 0.68 0.72 0.76 0.80 0.84 0.88 0.93 0.98 1.02 1.08 1.13 1.18 1.24 1.30 1.36 1.42 1.48 1.55 1.62 1.69 1.76 1.84 1.92 2.01 2.12 2.25 2.39 2.54 2.71 2.89 3.07 3.25 3.43 3.60 3.77 3.93 4.08 4.22 4.35 4.49 4.62 4.75 4.88 5.00 5.12 5.23 5.34 5.44 5.54 5.64 5.73 5.81 5.89 5.96 6.02 6.08 6.13 6.17 6.21 6.23 6.25 6.26 6.26 6.26 6.24 6.21
0.30 0.31 0.32 0.34 0.35 0.36 0.38 0.40 0.41 0.43 0.46 0.48 0.50 0.53 0.56 0.58 0.61 0.65 0.68 0.71 0.75 0.79 0.83 0.87 0.91 0.96 1.00 1.05 1.10 1.15 1.21 1.26 1.32 1.38 1.44 1.50 1.57 1.64 1.70 1.77 1.85 1.93 2.02 2.13 2.25 2.39 2.54 2.71 2.87 3.04 3.20 3.36 3.51 3.65 3.79 3.92 4.06 4.18 4.31 4.44 4.56 4.68 4.79 4.91 5.01 5.12 5.22 5.31 5.40 5.49 5.57 5.64 5.71 5.77 5.83 5.88 5.92 5.95 5.98 6.00 6.01 6.01 6.00 5.99
0.31 0.32 0.33 0.34 0.35 0.37 0.38 0.40 0.42 0.44 0.46 0.48 0.50 0.53 0.55 0.58 0.61 0.64 0.67 0.70 0.74 0.77 0.81 0.85 0.89 0.93 0.98 1.02 1.07 1.12 1.17 1.22 1.28 1.33 1.39 1.45 1.51 1.57 1.64 1.70 1.77 1.84 1.92 2.01 2.12 2.24 2.37 2.52 2.67 2.82 2.97 3.11 3.25 3.38 3.50 3.63 3.75 3.88 4.00 4.12 4.24 4.35 4.47 4.58 4.68 4.79 4.89 4.98 5.07 5.16 5.24 5.32 5.39 5.46 5.52 5.57 5.62 5.66 5.69 5.72 5.74 5.75 5.75 5.74
0.32 0.33 0.34 0.35 0.36 0.37 0.39 0.40 0.42 0.44 0.46 0.48 0.50 0.52 0.55 0.57 0.60 0.63 0.66 0.69 0.72 0.75 0.79 0.82 0.86 0.90 0.94 0.98 1.03 1.07 1.12 1.17 1.22 1.27 1.33 1.38 1.44 1.50 1.56 1.62 1.68 1.75 1.82 1.89 1.98 2.08 2.20 2.33 2.47 2.60 2.73 2.86 2.98 3.10 3.21 3.33 3.45 3.57 3.68 3.80 3.91 4.02 4.13 4.24 4.35 4.45 4.55 4.64 4.73 4.82 4.91 4.99 5.06 5.13 5.19 5.25 5.30 5.35 5.39 5.43 5.45 5.47 5.48 5.49
0.32 0.33 0.34 0.35 0.36 0.38 0.39 0.40 0.42 0.44 0.45 0.47 0.49 0.51 0.54 0.56 0.58 0.61 0.64 0.66 0.69 0.73 0.76 0.79 0.83 0.86 0.90 0.94 0.98 1.02 1.06 1.11 1.16 1.20 1.25 1.30 1.36 1.41 1.47 1.52 1.58 1.64 1.71 1.77 1.84 1.93 2.03 2.14 2.26 2.38 2.49 2.60 2.71 2.81 2.92 3.03 3.15 3.26 3.37 3.48 3.58 3.69 3.80 3.90 4.00 4.10 4.20 4.30 4.39 4.48 4.56 4.64 4.72 4.79 4.86 4.92 4.98 5.03 5.08 5.12 5.15 5.18 5.20 5.22
0.33 0.34 0.34 0.35 0.36 0.38 0.39 0.40 0.42 0.43 0.45 0.46 0.48 0.50 0.52 0.54 0.56 0.59 0.61 0.64 0.66 0.69 0.72 0.75 0.78 0.81 0.85 0.88 0.92 0.96 1.00 1.04 1.08 1.12 1.17 1.22 1.26 1.31 1.36 1.42 1.47 1.53 1.58 1.64 1.70 1.77 1.85 1.95 2.05 2.15 2.24 2.34 2.43 2.53 2.63 2.74 2.84 2.94 3.05 3.15 3.25 3.36 3.46 3.56 3.66 3.76 3.85 3.95 4.04 4.13 4.21 4.29 4.37 4.45 4.52 4.59 4.65 4.71 4.76 4.80 4.85 4.88 4.91 4.93
0.33 0.34 0.35 0.35 0.36 0.37 0.38 0.40 0.41 0.42 0.43 0.45 0.46 0.48 0.50 0.52 0.54 0.56 0.58 0.60 0.62 0.65 0.67 0.70 0.73 0.76 0.79 0.82 0.85 0.89 0.92 0.96 1.00 1.03 1.07 1.12 1.16 1.20 1.25 1.30 1.34 1.39 1.45 1.50 1.55 1.61 1.67 1.75 1.83 1.91 1.99 2.08 2.16 2.25 2.34 2.44 2.53 2.63 2.72 2.82 2.92 3.02 3.11 3.21 3.31 3.40 3.50 3.59 3.68 3.77 3.85 3.94 4.02 4.09 4.17 4.24 4.30 4.37 4.42 4.48 4.52 4.57 4.60 4.63
