data_processed/recharge/precip/Precip_1986_09.asc
ncols        168
nrows        136
xllcorner    455000
yllcorner    2107000
cellsize     500
NODATA_value     -99999
[rows 0 to 33 of 136, columns 76 to 151 of 168]
145.73 144.16 142.60 141.07 139.58 138.16 136.82 135.58 134.44 133.42 132.48 131.60 130.62 129.10 127.01 124.39 121.33 118.08 114.83 111.61 108.45 105.38 102.43 99.61 96.96 94.49 92.25 90.24 88.51 87.07 85.93 84.95 83.87 82.61 81.15 79.48 77.75 76.06 74.43 72.86 71.06 68.64 65.61 62.03 57.99 53.56 48.83 43.86 38.75 33.56 28.37 23.27 18.32 13.62 9.26 5.36 1.99 0.00 0.00 0.00 0.00 3.16 9.92 18.28 27.13 36.07 44.99 53.77 62.31 70.49 78.21 85.36 91.83 97.51 102.28 106.05
142.88 141.36 139.85 138.36 136.91 135.51 134.20 132.98 131.86 130.81 129.82 128.87 127.81 126.24 124.14 121.55 118.54 115.21 111.77 108.41 105.15 102.04 99.09 96.33 93.79 91.49 89.46 87.73 86.31 85.23 84.34 83.39 82.30 81.05 79.61 77.97 76.28 74.63 73.03 71.53 70.11 68.48 66.23 63.37 59.97 56.11 51.87 47.33 42.56 37.64 32.65 27.67 22.78 18.08 13.72 9.73 6.13 2.95 0.29 0.00 0.69 4.39 10.23 17.99 27.08 36.43 45.66 54.64 63.27 71.44 79.04 85.96 92.09 97.33 101.55 104.66
139.54 138.09 136.64 135.20 133.80 132.45 131.18 130.01 128.90 127.84 126.82 125.80 124.66 123.05 120.94 118.39 115.47 112.24 108.78 105.31 101.98 98.85 95.94 93.27 90.86 88.76 86.97 85.53 84.45 83.59 82.71 81.74 80.66 79.42 78.01 76.40 74.75 73.14 71.59 70.13 68.78 67.54 66.09 64.05 61.39 58.20 54.55 50.53 46.21 41.66 36.97 32.21 27.51 22.99 18.71 14.70 10.95 7.50 4.45 2.92 3.70 6.64 11.59 18.37 26.79 36.26 45.76 54.92 63.62 71.75 79.20 85.86 91.63 96.40 100.04 102.57
135.77 134.39 133.01 131.64 130.30 129.04 127.85 126.72 125.63 124.57 123.51 122.44 121.23 119.58 117.48 114.98 112.15 109.05 105.75 102.32 98.96 95.84 92.98 90.42 88.18 86.29 84.77 83.64 82.76 81.91 81.01 80.03 78.95 77.73 76.34 74.78 73.18 71.61 70.10 68.68 67.38 66.21 65.18 63.96 62.14 59.72 56.77 53.36 49.58 45.51 41.21 36.82 32.48 28.24 24.13 20.14 16.32 12.66 9.29 7.32 7.53 9.78 13.92 19.76 27.13 35.86 45.35 54.65 63.39 71.46 78.74 85.12 90.50 94.77 97.90 100.14
131.60 130.32 129.02 127.74 126.51 125.35 124.24 123.17 122.11 121.06 119.97 118.85 117.57 115.89 113.80 111.36 108.63 105.68 102.56 99.33 96.09 93.01 90.24 87.81 85.76 84.11 82.87 81.92 81.04 80.15 79.23 78.25 77.18 75.98 74.63 73.11 71.56 70.04 68.58 67.21 65.96 64.84 63.88 63.09 62.12 60.56 58.40 55.71 52.58 49.07 45.32 41.48 37.61 33.72 29.83 25.95 22.11 18.32 14.70 12.35 12.06 13.69 17.08 22.05 28.43 36.05 44.72 53.90 62.65 70.62 77.70 83.78 88.74 92.57 95.45 97.59
127.09 125.92 124.73 123.57 122.48 121.44 120.42 119.42 118.40 117.35 116.25 115.08 113.75 112.05 109.98 107.60 104.98 102.17 99.24 96.26 93.27 90.36 87.72 85.45 83.62 82.22 81.14 80.18 79.25 78.34 77.40 76.42 75.36 74.18 72.87 71.41 69.91 68.44 67.04 65.72 64.52 63.45 62.55 61.84 61.31 60.62 59.35 57.48 55.09 52.31 49.29 46.10 42.77 39.29 35.69 32.00 28.21 24.36 20.55 17.89 17.17 18.25 20.95 25.12 30.57 37.14 44.66 52.94 61.44 69.29 76.14 81.89 86.48 90.09 92.87 94.93
122.29 121.24 120.21 119.23 118.29 117.37 116.46 115.52 114.55 113.52 112.41 111.20 109.82 108.10 106.06 103.75 101.24 98.59 95.86 93.12 90.42 87.83 85.42 83.35 81.74 80.49 79.39 78.37 77.41 76.47 75.52 74.54 73.50 72.35 71.08 69.68 68.24 66.83 65.48 64.23 63.08 62.07 61.22 60.57 60.12 59.88 59.51 58.56 57.06 55.20 53.03 50.57 47.83 44.84 41.61 38.15 34.49 30.64 26.71 23.82 22.73 23.32 25.42 28.85 33.44 39.03 45.44 52.50 60.03 67.51 74.11 79.55 83.96 87.48 90.19 92.17
117.25 116.38 115.56 114.77 113.99 113.21 112.40 111.54 110.62 109.61 108.50 107.26 105.84 104.11 102.10 99.87 97.48 95.00 92.47 89.98 87.57 85.32 83.27 81.50 80.03 78.73 77.57 76.51 75.51 74.55 73.60 72.63 71.60 70.49 69.27 67.92 66.55 65.20 63.92 62.73 61.64 60.69 59.91 59.31 58.93 58.78 58.87 58.89 58.50 57.67 56.41 54.74 52.68 50.24 47.44 44.30 40.83 37.05 33.07 30.01 28.62 28.79 30.35 33.11 36.91 41.58 46.96 52.86 59.12 65.55 71.70 76.98 81.32 84.77 87.41 89.33
112.11 111.45 110.85 110.25 109.64 109.00 108.30 107.53 106.66 105.69 104.58 103.32 101.86 100.13 98.16 96.01 93.75 91.44 89.13 86.90 84.79 82.88 81.21 79.72 78.28 76.93 75.71 74.60 73.57 72.60 71.65 70.69 69.68 68.61 67.44 66.16 64.85 63.58 62.36 61.23 60.21 59.33 58.61 58.08 57.76 57.68 57.93 58.60 59.33 59.60 59.32 58.51 57.19 55.37 53.07 50.31 47.10 43.46 39.50 36.33 34.72 34.54 35.62 37.78 40.86 44.69 49.09 53.90 58.94 64.07 69.28 74.30 78.57 81.97 84.56 86.42
107.00 106.53 106.13 105.73 105.30 104.80 104.22 103.54 102.74 101.80 100.71 99.43 97.95 96.22 94.30 92.25 90.12 87.98 85.90 83.93 82.13 80.56 79.16 77.78 76.41 75.07 73.80 72.66 71.61 70.62 69.67 68.72 67.75 66.73 65.61 64.40 63.16 61.96 60.82 59.76 58.81 58.00 57.34 56.88 56.63 56.69 57.19 58.16 59.53 60.86 61.63 61.75 61.24 60.11 58.37 56.06 53.18 49.75 45.88 42.67 40.91 40.44 41.11 42.75 45.17 48.22 51.72 55.50 59.41 63.40 67.50 71.70 75.74 79.09 81.63 83.45
102.01 101.71 101.48 101.27 101.01 100.67 100.22 99.64 98.91 98.02 96.94 95.66 94.15 92.44 90.57 88.62 86.64 84.68 82.83 81.13 79.64 78.30 77.00 75.69 74.40 73.11 71.86 70.68 69.61 68.62 67.68 66.75 65.82 64.84 63.78 62.65 61.48 60.36 59.29 58.31 57.43 56.69 56.12 55.73 55.62 55.95 56.74 57.94 59.53 61.44 63.22 64.34 64.70 64.33 63.23 61.43 58.95 55.79 52.08 48.91 47.05 46.37 46.71 47.88 49.72 52.05 54.72 57.55 60.46 63.45 66.53 69.72 73.00 76.15 78.66 80.44
97.20 97.07 97.00 96.94 96.86 96.67 96.35 95.88 95.24 94.40 93.34 92.06 90.54 88.84 87.04 85.19 83.36 81.60 79.98 78.55 77.26 76.01 74.75 73.50 72.26 71.04 69.85 68.69 67.61 66.61 65.68 64.78 63.88 62.96 61.97 60.91 59.83 58.78 57.79 56.89 56.09 55.44 54.94 54.71 54.89 55.52 56.56 57.97 59.73 61.78 64.07 66.15 67.46 67.91 67.51 66.30 64.28 61.47 57.98 54.91 53.03 52.21 52.27 53.05 54.37 56.06 57.96 59.93 61.96 64.06 66.23 68.49 70.85 73.31 75.65 77.41
92.63 92.67 92.75 92.84 92.89 92.86 92.68 92.32 91.76 90.99 89.97 88.69 87.16 85.49 83.76 82.02 80.34 78.78 77.40 76.15 74.92 73.69 72.47 71.26 70.07 68.90 67.76 66.65 65.59 64.60 63.69 62.82 61.96 61.09 60.17 59.19 58.20 57.24 56.34 55.52 54.81 54.23 53.90 53.97 54.47 55.38 56.65 58.24 60.13 62.28 64.65 67.17 69.38 70.72 71.10 70.54 69.05 66.66 63.46 60.56 58.73 57.83 57.69 58.14 59.01 60.12 61.30 62.51 63.76 65.07 66.44 67.88 69.41 71.03 72.75 74.37
88.35 88.56 88.80 89.03 89.21 89.31 89.26 89.02 88.56 87.85 86.87 85.60 84.07 82.44 80.78 79.17 77.65 76.29 75.05 73.84 72.62 71.41 70.21 69.03 67.87 66.73 65.64 64.58 63.56 62.60 61.71 60.87 60.06 59.25 58.41 57.52 56.61 55.74 54.93 54.19 53.58 53.17 53.16 53.57 54.37 55.53 57.00 58.75 60.75 62.96 65.34 67.87 70.46 72.65 73.88 74.03 73.15 71.23 68.39 65.73 64.01 63.10 62.83 63.02 63.49 64.02 64.57 65.12 65.70 66.32 66.99 67.72 68.52 69.40 70.38 71.45
84.43 84.81 85.20 85.57 85.89 86.10 86.16 86.04 85.67 85.04 84.10 82.86 81.34 79.74 78.17 76.68 75.33 74.09 72.86 71.64 70.42 69.21 68.02 66.85 65.71 64.60 63.53 62.51 61.53 60.61 59.74 58.95 58.19 57.44 56.68 55.88 55.07 54.29 53.57 52.94 52.50 52.43 52.78 53.51 54.58 55.95 57.60 59.48 61.57 63.81 66.19 68.65 71.18 73.68 75.71 76.65 76.44 75.07 72.66 70.31 68.77 67.92 67.58 67.55 67.58 67.60 67.60 67.61 67.63 67.67 67.74 67.86 68.04 68.28 68.61 69.02
80.93 81.47 82.02 82.53 82.97 83.30 83.47 83.44 83.17 82.61 81.73 80.51 79.01 77.46 75.98 74.62 73.36 72.11 70.86 69.62 68.38 67.17 65.97 64.80 63.66 62.56 61.50 60.49 59.54 58.65 57.82 57.06 56.36 55.68 55.00 54.30 53.59 52.91 52.29 51.84 51.76 52.07 52.76 53.77 55.08 56.66 58.45 60.44 62.57 64.83 67.17 69.55 71.95 74.32 76.59 78.28 78.80 78.04 76.13 74.15 72.87 72.14 71.76 71.44 71.07 70.68 70.25 69.81 69.37 68.94 68.52 68.14 67.80 67.52 67.30 67.15
77.90 78.61 79.30 79.96 80.52 80.96 81.24 81.30 81.11 80.63 79.81 78.63 77.15 75.66 74.27 72.96 71.67 70.38 69.10 67.82 66.56 65.31 64.10 62.91 61.76 60.66 59.60 58.60 57.65 56.77 55.97 55.23 54.58 53.97 53.38 52.77 52.17 51.59 51.17 51.10 51.41 52.09 53.08 54.36 55.88 57.62 59.54 61.60 63.77 66.01 68.28 70.56 72.79 74.96 77.02 78.90 80.11 80.04 78.69 77.16 76.19 75.60 75.07 74.47 73.81 73.10 72.35 71.57 70.78 69.98 69.18 68.40 67.65 66.94 66.28 65.68
75.42 76.28 77.13 77.92 78.61 79.16 79.53 79.69 79.58 79.16 78.41 77.26 75.81 74.37 73.01 71.66 70.31 68.96 67.62 66.30 64.99 63.71 62.46 61.25 60.08 58.95 57.88 56.87 55.92 55.04 54.24 53.52 52.88 52.33 51.82 51.32 50.83 50.46 50.42 50.77 51.46 52.46 53.74 55.25 56.97 58.85 60.87 62.98 65.15 67.34 69.52 71.66 73.72 75.65 77.44 79.03 80.36 80.93 80.22 79.19 78.54 77.94 77.26 76.48 75.63 74.72 73.75 72.74 71.69 70.63 69.56 68.48 67.43 66.40 65.40 64.45
73.52 74.55 75.54 76.47 77.28 77.95 78.42 78.66 78.62 78.27 77.57 76.47 75.05 73.61 72.18 70.75 69.32 67.90 66.50 65.11 63.75 62.42 61.12 59.86 58.66 57.50 56.40 55.37 54.40 53.51 52.69 51.97 51.33 50.79 50.35 49.95 49.67 49.71 50.12 50.86 51.90 53.20 54.73 56.45 58.33 60.33 62.41 64.55 66.69 68.82 70.88 72.86 74.70 76.38 77.86 79.11 80.08 80.71 80.58 80.05 79.54 78.91 78.16 77.32 76.38 75.37 74.28 73.14 71.95 70.73 69.49 68.23 66.97 65.73 64.50 63.31
72.26 73.44 74.58 75.64 76.57 77.34 77.91 78.23 78.27 77.98 77.32 76.25 74.81 73.29 71.77 70.24 68.73 67.22 65.74 64.27 62.84 61.45 60.09 58.78 57.52 56.32 55.18 54.11 53.11 52.19 51.36 50.62 49.97 49.42 48.98 48.72 48.84 49.34 50.17 51.28 52.64 54.22 55.98 57.89 59.90 61.99 64.12 66.25 68.35 70.38 72.30 74.09 75.70 77.10 78.25 79.12 79.67 79.87 79.75 79.46 79.03 78.45 77.75 76.94 76.01 75.00 73.90 72.73 71.50 70.22 68.90 67.56 66.20 64.83 63.48 62.14
71.50 72.81 74.07 75.24 76.27 77.12 77.76 78.15 78.23 77.97 77.34 76.25 74.75 73.14 71.51 69.88 68.27 66.68 65.11 63.57 62.06 60.60 59.17 57.80 56.49 55.24 54.05 52.94 51.91 50.96 50.10 49.34 48.67 48.11 47.68 47.49 47.90 48.83 50.06 51.52 53.20 55.04 57.02 59.10 61.24 63.40 65.56 67.68 69.71 71.63 73.40 74.99 76.35 77.45 78.27 78.75 78.87 78.67 78.43 78.21 77.89 77.42 76.82 76.08 75.23 74.26 73.20 72.05 70.83 69.55 68.21 66.83 65.42 64.00 62.56 61.13
71.11 72.52 73.87 75.11 76.21 77.11 77.79 78.20 78.30 78.04 77.37 76.21 74.65 72.97 71.25 69.53 67.83 66.14 64.49 62.87 61.29 59.75 58.26 56.83 55.46 54.16 52.93 51.77 50.70 49.72 48.84 48.05 47.37 46.81 46.41 46.26 46.73 47.91 49.51 51.33 53.31 55.41 57.60 59.84 62.10 64.34 66.52 68.61 70.58 72.38 73.99 75.37 76.48 77.28 77.74 77.83 77.59 77.29 77.08 76.89 76.64 76.30 75.82 75.19 74.43 73.54 72.54 71.45 70.26 68.99 67.66 66.28 64.85 63.38 61.90 60.40
71.05 72.53 73.93 75.22 76.34 77.27 77.95 78.35 78.43 78.12 77.35 76.12 74.51 72.78 71.00 69.20 67.40 65.62 63.88 62.18 60.52 58.92 57.36 55.87 54.44 53.09 51.81 50.62 49.51 48.50 47.58 46.77 46.08 45.54 45.18 45.08 45.58 46.78 48.58 50.72 53.00 55.35 57.74 60.14 62.51 64.81 67.02 69.08 70.97 72.66 74.10 75.26 76.10 76.60 76.71 76.47 76.14 75.88 75.70 75.55 75.34 75.08 74.73 74.23 73.59 72.80 71.90 70.87 69.75 68.53 67.23 65.86 64.44 62.96 61.45 59.92
71.28 72.79 74.22 75.51 76.63 77.54 78.19 78.55 78.55 78.14 77.28 75.98 74.32 72.55 70.73 68.88 67.00 65.14 63.31 61.53 59.79 58.11 56.49 54.94 53.45 52.05 50.72 49.48 48.34 47.29 46.35 45.52 44.84 44.32 43.99 43.94 44.46 45.66 47.45 49.75 52.30 54.89 57.48 60.03 62.51 64.87 67.08 69.11 70.92 72.48 73.74 74.68 75.26 75.44 75.26 74.96 74.68 74.46 74.32 74.19 74.01 73.78 73.51 73.16 72.66 72.01 71.22 70.30 69.26 68.11 66.87 65.55 64.15 62.69 61.19 59.64
71.76 73.27 74.67 75.94 77.03 77.88 78.48 78.74 78.62 78.09 77.15 75.79 74.09 72.28 70.43 68.55 66.63 64.70 62.78 60.92 59.11 57.35 55.66 54.05 52.51 51.04 49.67 48.39 47.21 46.13 45.16 44.32 43.64 43.15 42.86 42.85 43.40 44.59 46.34 48.59 51.25 54.07 56.85 59.54 62.11 64.53 66.74 68.73 70.45 71.87 72.96 73.67 73.98 73.90 73.68 73.44 73.22 73.05 72.93 72.82 72.66 72.46 72.23 71.97 71.62 71.13 70.48 69.68 68.76 67.71 66.55 65.30 63.96 62.54 61.06 59.52
72.43 73.90 75.27 76.48 77.49 78.26 78.74 78.86 78.61 77.98 76.97 75.56 73.82 71.99 70.11 68.20 66.26 64.29 62.31 60.37 58.48 56.65 54.89 53.21 51.61 50.10 48.67 47.35 46.13 45.01 44.02 43.18 42.51 42.03 41.78 41.81 42.39 43.57 45.28 47.46 50.03 52.91 55.86 58.70 61.36 63.82 66.03 67.97 69.60 70.88 71.78 72.26 72.34 72.24 72.10 71.93 71.76 71.62 71.53 71.44 71.30 71.13 70.92 70.69 70.44 70.11 69.63 68.99 68.20 67.28 66.23 65.07 63.81 62.46 61.03 59.55
73.26 74.67 75.95 77.07 77.97 78.61 78.93 78.91 78.54 77.82 76.73 75.27 73.51 71.66 69.77 67.84 65.88 63.90 61.90 59.89 57.92 56.02 54.19 52.45 50.79 49.22 47.75 46.38 45.11 43.96 42.95 42.10 41.43 40.98 40.76 40.84 41.44 42.60 44.27 46.37 48.84 51.61 54.58 57.53 60.27 62.77 64.98 66.86 68.39 69.52 70.23 70.52 70.60 70.59 70.53 70.42 70.31 70.21 70.14 70.06 69.94 69.79 69.60 69.39 69.17 68.94 68.63 68.17 67.55 66.78 65.87 64.83 63.68 62.42 61.08 59.72
74.20 75.51 76.68 77.67 78.42 78.88 79.03 78.88 78.40 77.59 76.44 74.95 73.17 71.30 69.40 67.46 65.49 63.50 61.50 59.47 57.45 55.48 53.58 51.77 50.05 48.43 46.90 45.48 44.17 42.98 41.94 41.08 40.42 39.99 39.80 39.92 40.54 41.70 43.33 45.35 47.71 50.33 53.15 56.07 58.88 61.41 63.61 65.43 66.85 67.83 68.39 68.70 68.88 68.96 68.97 68.93 68.87 68.80 68.74 68.68 68.58 68.44 68.27 68.08 67.88 67.68 67.47 67.20 66.77 66.18 65.43 64.54 63.52 62.39 61.21 60.03
75.21 76.38 77.41 78.22 78.78 79.06 79.06 78.78 78.19 77.30 76.10 74.58 72.79 70.92 69.01 67.07 65.10 63.11 61.11 59.08 57.05 55.03 53.07 51.19 49.41 47.73 46.15 44.67 43.30 42.07 41.01 40.14 39.48 39.07 38.91 39.08 39.72 40.87 42.45 44.39 46.64 49.12 51.76 54.49 57.23 59.77 61.95 63.70 65.01 65.88 66.47 66.90 67.18 67.36 67.44 67.46 67.44 67.40 67.36 67.30 67.21 67.08 66.93 66.76 66.58 66.40 66.22 66.05 65.82 65.43 64.87 64.16 63.31 62.37 61.41 60.43
76.25 77.25 78.08 78.68 79.04 79.15 79.01 78.60 77.92 76.96 75.71 74.17 72.38 70.51 68.61 66.67 64.71 62.73 60.73 58.72 56.70 54.67 52.67 50.73 48.88 47.14 45.48 43.93 42.51 41.24 40.16 39.27 38.62 38.22 38.10 38.30 38.97 40.10 41.63 43.50 45.64 47.97 50.43 52.95 55.47 57.90 60.03 61.71 62.95 63.87 64.59 65.13 65.52 65.78 65.93 66.01 66.03 66.01 65.98 65.93 65.85 65.73 65.59 65.43 65.27 65.11 64.95 64.81 64.69 64.50 64.16 63.65 63.04 62.36 61.64 60.88
77.27 78.06 78.65 79.04 79.21 79.16 78.88 78.36 77.59 76.57 75.28 73.72 71.94 70.08 68.19 66.26 64.32 62.35 60.36 58.37 56.37 54.37 52.37 50.39 48.47 46.64 44.90 43.28 41.80 40.49 39.38 38.49 37.84 37.45 37.36 37.60 38.29 39.41 40.90 42.68 44.70 46.89 49.17 51.48 53.76 55.92 57.90 59.53 60.84 61.90 62.75 63.40 63.89 64.23 64.45 64.58 64.64 64.64 64.62 64.58 64.49 64.38 64.25 64.11 63.95 63.81 63.67 63.55 63.45 63.38 63.26 63.03 62.70 62.31 61.85 61.33
78.21 78.76 79.12 79.31 79.30 79.09 78.68 78.05 77.20 76.12 74.80 73.24 71.46 69.62 67.75 65.85 63.92 61.97 60.01 58.04 56.07 54.09 52.12 50.14 48.16 46.23 44.40 42.71 41.18 39.83 38.69 37.79 37.14 36.77 36.71 36.99 37.69 38.80 40.24 41.94 43.85 45.89 47.99 50.09 52.11 54.00 55.72 57.33 58.78 59.98 60.95 61.71 62.30 62.72 63.01 63.18 63.27 63.30 63.28 63.24 63.15 63.04 62.92 62.78 62.64 62.50 62.37 62.27 62.19 62.15 62.20 62.27 62.26 62.16 61.98 61.72
78.98 79.33 79.49 79.47 79.29 78.94 78.40 77.67 76.75 75.62 74.28 72.71 70.96 69.15 67.30 65.42 63.52 61.61 59.68 57.74 55.80 53.86 51.91 49.92 47.91 45.91 44.00 42.24 40.65 39.26 38.09 37.17 36.52 36.17 36.14 36.46 37.18 38.27 39.66 41.29 43.08 44.97 46.89 48.77 50.55 52.19 53.75 55.29 56.78 58.11 59.20 60.07 60.75 61.25 61.59 61.82 61.94 61.98 61.96 61.91 61.83 61.72 61.59 61.46 61.32 61.19 61.08 60.98 60.92 60.95 61.09 61.36 61.66 61.87 61.98 62.00
79.57 79.75 79.74 79.54 79.20 78.70 78.05 77.23 76.24 75.07 73.71 72.16 70.43 68.65 66.83 64.99 63.13 61.26 59.37 57.47 55.57 53.65 51.68 49.68 47.66 45.66 43.70 41.86 40.22 38.79 37.59 36.65 36.00 35.66 35.66 36.02 36.75 37.83 39.17 40.71 42.39 44.13 45.86 47.53 49.09 50.59 52.07 53.52 54.94 56.31 57.51 58.48 59.24 59.82 60.22 60.49 60.63 60.69 60.67 60.61 60.52 60.41 60.28 60.15 60.01 59.89 59.78 59.70 59.70 59.80 60.03 60.39 60.88 61.39 61.81 62.12
