data_processed/recharge/precip/Precip_2000_06.asc
ncols        168
nrows        136
xllcorner    455000
yllcorner    2107000
cellsize     500
NODATA_value     -99999
[rows 32 to 63 of 136, columns 72 to 143 of 168]
145.20 144.91 144.56 144.13 143.63 143.05 142.40 141.66 140.83 139.84 138.65 137.24 135.62 133.79 131.76 129.53 127.10 124.49 121.93 119.83 118.23 117.12 116.47 116.28 116.52 117.19 118.26 119.64 121.18 122.80 124.51 126.29 128.15 130.07 132.04 134.07 136.15 138.26 140.41 142.59 144.79 147.00 149.23 151.46 153.69 155.91 158.11 160.30 162.46 164.59 166.68 168.72 170.72 172.66 174.54 176.35 178.08 179.74 181.31 182.79 184.17 185.44 186.61 187.66 188.59 189.39 190.05 190.58 190.96 191.18 191.25 191.16
146.23 145.94 145.58 145.15 144.65 144.07 143.40 142.64 141.74 140.62 139.29 137.75 136.00 134.05 131.90 129.56 127.02 124.30 121.63 119.43 117.73 116.51 115.76 115.46 115.59 116.14 117.10 118.44 120.09 121.87 123.73 125.67 127.66 129.72 131.83 133.98 136.18 138.41 140.67 142.96 145.26 147.57 149.89 152.20 154.51 156.80 159.08 161.33 163.55 165.73 167.87 169.96 171.99 173.97 175.87 177.71 179.46 181.13 182.70 184.18 185.56 186.82 187.98 189.01 189.91 190.68 191.31 191.79 192.12 192.30 192.31 192.16
147.23 146.94 146.58 146.15 145.64 145.05 144.37 143.54 142.50 141.25 139.78 138.12 136.25 134.18 131.92 129.46 126.82 124.00 121.24 118.93 117.13 115.81 114.95 114.55 114.58 115.03 115.88 117.11 118.72 120.61 122.63 124.71 126.86 129.05 131.30 133.59 135.91 138.26 140.64 143.03 145.44 147.85 150.26 152.66 155.05 157.43 159.78 162.09 164.38 166.62 168.81 170.94 173.02 175.03 176.96 178.82 180.60 182.28 183.87 185.35 186.72 187.99 189.13 190.14 191.02 191.76 192.36 192.81 193.10 193.22 193.18 193.01
148.21 147.92 147.56 147.12 146.61 146.00 145.24 144.28 143.11 141.72 140.14 138.35 136.37 134.19 131.81 129.26 126.51 123.59 120.74 118.34 116.44 115.03 114.07 113.57 113.50 113.85 114.60 115.73 117.23 119.09 121.21 123.45 125.75 128.09 130.47 132.89 135.35 137.82 140.32 142.82 145.34 147.85 150.36 152.86 155.33 157.79 160.22 162.60 164.95 167.25 169.50 171.69 173.81 175.86 177.83 179.71 181.51 183.21 184.81 186.30 187.68 188.94 190.07 191.07 191.94 192.65 193.22 193.64 193.89 193.97 193.92 193.79
149.16 148.87 148.51 148.07 147.54 146.86 145.97 144.87 143.57 142.06 140.36 138.45 136.36 134.07 131.59 128.94 126.10 123.09 120.14 117.66 115.67 114.16 113.12 112.52 112.36 112.61 113.26 114.30 115.70 117.46 119.55 121.89 124.34 126.83 129.36 131.92 134.50 137.11 139.73 142.35 144.97 147.59 150.20 152.80 155.37 157.91 160.41 162.88 165.29 167.66 169.96 172.20 174.37 176.46 178.47 180.39 182.22 183.94 185.56 187.06 188.45 189.71 190.83 191.82 192.67 193.37 193.91 194.30 194.51 194.59 194.58 194.49
150.10 149.80 149.44 148.98 148.37 147.57 146.55 145.32 143.90 142.27 140.45 138.43 136.23 133.84 131.27 128.51 125.59 122.49 119.47 116.90 114.82 113.23 112.10 111.41 111.16 111.32 111.88 112.82 114.13 115.80 117.79 120.11 122.66 125.30 127.98 130.68 133.40 136.13 138.88 141.62 144.36 147.09 149.80 152.50 155.16 157.79 160.38 162.92 165.41 167.84 170.21 172.51 174.73 176.87 178.92 180.87 182.73 184.48 186.12 187.63 189.03 190.29 191.42 192.40 193.24 193.92 194.44 194.80 195.02 195.14 195.17 195.12
151.00 150.71 150.33 149.80 149.07 148.13 146.98 145.63 144.09 142.35 140.42 138.29 135.99 133.50 130.84 128.00 124.98 121.81 118.70 116.06 113.91 112.23 111.02 110.25 109.91 109.99 110.46 111.32 112.54 114.11 116.01 118.24 120.76 123.51 126.33 129.18 132.04 134.91 137.78 140.65 143.51 146.35 149.17 151.97 154.73 157.45 160.13 162.75 165.32 167.82 170.25 172.61 174.89 177.08 179.17 181.17 183.06 184.84 186.50 188.04 189.44 190.72 191.85 192.83 193.66 194.33 194.83 195.19 195.45 195.61 195.69 195.68
151.89 151.58 151.13 150.48 149.61 148.55 147.28 145.81 144.15 142.30 140.27 138.05 135.64 133.06 130.31 127.39 124.30 121.04 117.87 115.15 112.92 111.17 109.88 109.04 108.62 108.61 109.01 109.78 110.92 112.40 114.22 116.36 118.80 121.52 124.45 127.44 130.45 133.45 136.46 139.45 142.43 145.39 148.33 151.23 154.09 156.91 159.67 162.38 165.03 167.61 170.11 172.53 174.87 177.11 179.25 181.29 183.22 185.03 186.72 188.28 189.70 190.99 192.12 193.11 193.93 194.59 195.11 195.52 195.82 196.02 196.14 196.17
152.75 152.37 151.79 151.01 150.02 148.83 147.44 145.87 144.10 142.14 140.01 137.69 135.20 132.53 129.70 126.69 123.53 120.21 116.96 114.18 111.88 110.06 108.70 107.78 107.29 107.21 107.53 108.22 109.28 110.69 112.43 114.48 116.84 119.48 122.38 125.48 128.63 131.78 134.92 138.04 141.15 144.23 147.28 150.29 153.26 156.17 159.03 161.83 164.56 167.22 169.79 172.28 174.68 176.98 179.18 181.26 183.23 185.08 186.80 188.38 189.83 191.12 192.27 193.26 194.08 194.76 195.32 195.77 196.12 196.37 196.53 196.60
153.52 153.01 152.31 151.40 150.29 148.98 147.49 145.80 143.93 141.88 139.65 137.24 134.66 131.91 129.00 125.92 122.69 119.30 116.00 113.15 110.79 108.90 107.47 106.49 105.93 105.78 106.02 106.65 107.63 108.97 110.63 112.61 114.89 117.45 120.27 123.35 126.60 129.89 133.17 136.43 139.67 142.87 146.04 149.16 152.24 155.26 158.22 161.11 163.92 166.66 169.31 171.87 174.34 176.70 178.95 181.09 183.10 184.99 186.74 188.35 189.82 191.14 192.30 193.30 194.14 194.87 195.47 195.97 196.36 196.65 196.85 196.96
154.15 153.51 152.68 151.65 150.43 149.01 147.41 145.62 143.65 141.51 139.19 136.69 134.03 131.21 128.22 125.08 121.78 118.34 114.97 112.07 109.65 107.70 106.21 105.16 104.54 104.33 104.51 105.06 105.98 107.24 108.84 110.75 112.95 115.44 118.19 121.19 124.42 127.82 131.24 134.64 138.01 141.34 144.63 147.87 151.05 154.18 157.24 160.22 163.13 165.95 168.69 171.32 173.86 176.28 178.59 180.78 182.84 184.77 186.56 188.21 189.70 191.04 192.22 193.25 194.14 194.91 195.56 196.11 196.54 196.87 197.11 197.26
154.63 153.88 152.93 151.78 150.45 148.93 147.22 145.34 143.28 141.04 138.63 136.06 133.33 130.43 127.38 124.17 120.81 117.32 113.90 110.94 108.47 106.47 104.92 103.82 103.13 102.86 102.98 103.48 104.33 105.53 107.06 108.90 111.04 113.45 116.14 119.07 122.23 125.61 129.13 132.67 136.18 139.64 143.05 146.41 149.72 152.95 156.11 159.20 162.20 165.11 167.93 170.64 173.25 175.74 178.11 180.36 182.47 184.45 186.28 187.96 189.49 190.85 192.06 193.14 194.08 194.90 195.60 196.19 196.66 197.04 197.31 197.49
154.98 154.11 153.04 151.79 150.35 148.73 146.93 144.95 142.80 140.48 138.00 135.35 132.54 129.58 126.47 123.20 119.79 116.25 112.78 109.78 107.25 105.20 103.61 102.45 101.72 101.39 101.45 101.89 102.69 103.83 105.30 107.08 109.15 111.51 114.12 116.99 120.09 123.40 126.91 130.55 134.19 137.79 141.33 144.82 148.24 151.58 154.85 158.04 161.14 164.15 167.05 169.84 172.53 175.09 177.53 179.83 182.00 184.03 185.91 187.63 189.19 190.59 191.85 192.98 193.97 194.83 195.58 196.21 196.73 197.14 197.45 197.67
155.20 154.21 153.04 151.68 150.15 148.43 146.54 144.47 142.24 139.84 137.28 134.57 131.69 128.67 125.50 122.18 118.73 115.13 111.63 108.58 106.01 103.92 102.28 101.07 100.29 99.91 99.93 100.31 101.06 102.15 103.56 105.28 107.30 109.60 112.16 114.96 118.00 121.25 124.69 128.32 132.07 135.80 139.48 143.09 146.63 150.09 153.48 156.77 159.97 163.07 166.06 168.94 171.70 174.34 176.85 179.22 181.45 183.53 185.45 187.22 188.82 190.28 191.59 192.76 193.80 194.72 195.51 196.18 196.74 197.19 197.54 197.79
155.29 154.20 152.93 151.47 149.84 148.03 146.05 143.90 141.59 139.12 136.50 133.71 130.78 127.70 124.48 121.12 117.62 113.98 110.45 107.36 104.75 102.62 100.94 99.69 98.87 98.45 98.41 98.75 99.45 100.49 101.85 103.53 105.49 107.74 110.24 112.99 115.97 119.16 122.55 126.12 129.86 133.69 137.50 141.24 144.91 148.49 151.99 155.40 158.70 161.90 164.98 167.95 170.80 173.51 176.09 178.53 180.82 182.96 184.94 186.75 188.41 189.92 191.28 192.50 193.59 194.55 195.38 196.09 196.69 197.18 197.57 197.85
155.27 154.07 152.70 151.15 149.43 147.54 145.48 143.25 140.87 138.33 135.64 132.80 129.82 126.68 123.42 120.01 116.47 112.81 109.24 106.12 103.48 101.31 99.59 98.31 97.45 96.99 96.92 97.22 97.87 98.87 100.19 101.81 103.73 105.93 108.38 111.08 114.01 117.15 120.48 124.00 127.68 131.51 135.42 139.29 143.09 146.80 150.41 153.93 157.34 160.64 163.83 166.89 169.82 172.62 175.27 177.78 180.14 182.34 184.37 186.24 187.95 189.51 190.92 192.19 193.33 194.33 195.20 195.96 196.59 197.12 197.54 197.86
155.13 153.84 152.38 150.74 148.93 146.96 144.82 142.53 140.08 137.48 134.73 131.83 128.80 125.62 122.31 118.87 115.30 111.60 108.01 104.86 102.20 100.00 98.25 96.94 96.04 95.55 95.44 95.70 96.32 97.28 98.56 100.15 102.02 104.18 106.59 109.24 112.12 115.21 118.50 121.97 125.60 129.38 133.28 137.26 141.19 145.02 148.76 152.39 155.92 159.32 162.61 165.76 168.79 171.67 174.40 176.99 179.41 181.67 183.76 185.68 187.45 189.06 190.52 191.84 193.01 194.06 194.98 195.77 196.45 197.01 197.47 197.82
154.89 153.51 151.96 150.23 148.35 146.30 144.09 141.74 139.22 136.57 133.76 130.82 127.74 124.52 121.17 117.70 114.10 110.38 106.77 103.60 100.91 98.69 96.91 95.57 94.65 94.13 93.99 94.23 94.81 95.74 96.98 98.53 100.38 102.49 104.86 107.48 110.32 113.37 116.61 120.03 123.62 127.35 131.21 135.18 139.21 143.17 147.04 150.79 154.43 157.95 161.33 164.59 167.71 170.68 173.50 176.16 178.65 180.97 183.11 185.09 186.90 188.56 190.07 191.44 192.66 193.75 194.70 195.54 196.25 196.85 197.34 197.72
154.55 153.08 151.45 149.65 147.69 145.57 143.30 140.88 138.31 135.60 132.75 129.76 126.64 123.39 120.01 116.51 112.89 109.15 105.52 102.33 99.63 97.39 95.59 94.23 93.29 92.74 92.58 92.79 93.35 94.25 95.46 96.98 98.79 100.88 103.22 105.79 108.60 111.61 114.82 118.20 121.75 125.43 129.25 133.18 137.21 141.27 145.27 149.14 152.90 156.53 160.03 163.38 166.60 169.66 172.56 175.30 177.85 180.22 182.42 184.45 186.32 188.03 189.58 190.99 192.26 193.39 194.38 195.26 196.01 196.64 197.16 197.58
154.12 152.57 150.86 148.98 146.95 144.77 142.44 139.96 137.35 134.59 131.69 128.67 125.51 122.23 118.82 115.30 111.66 107.92 104.27 101.08 98.36 96.10 94.30 92.92 91.96 91.39 91.21 91.40 91.94 92.81 94.01 95.50 97.28 99.34 101.65 104.20 106.97 109.96 113.13 116.48 119.99 123.64 127.42 131.31 135.30 139.37 143.46 147.46 151.34 155.08 158.69 162.16 165.47 168.63 171.61 174.41 177.01 179.44 181.69 183.78 185.69 187.45 189.05 190.51 191.81 192.99 194.02 194.93 195.72 196.38 196.94 197.39
153.60 151.97 150.19 148.25 146.15 143.91 141.53 139.00 136.33 133.53 130.60 127.54 124.36 121.05 117.63 114.09 110.43 106.68 103.03 99.83 97.10 94.84 93.02 91.64 90.66 90.09 89.89 90.06 90.59 91.44 92.62 94.09 95.85 97.89 100.17 102.70 105.45 108.40 111.55 114.87 118.35 121.97 125.72 129.58 133.53 137.56 141.66 145.76 149.76 153.63 157.35 160.92 164.34 167.58 170.63 173.48 176.14 178.63 180.93 183.06 185.03 186.84 188.48 189.98 191.33 192.54 193.62 194.56 195.38 196.08 196.67 197.15
153.00 151.30 149.45 147.45 145.30 143.00 140.56 137.99 135.28 132.45 129.48 126.39 123.18 119.86 116.42 112.87 109.21 105.45 101.80 98.60 95.87 93.61 91.78 90.39 89.41 88.83 88.62 88.79 89.30 90.14 91.30 92.76 94.51 96.52 98.79 101.30 104.03 106.96 110.08 113.38 116.83 120.43 124.15 127.98 131.91 135.91 139.97 144.08 148.18 152.17 156.01 159.70 163.20 166.51 169.61 172.52 175.24 177.78 180.14 182.32 184.33 186.18 187.88 189.42 190.81 192.06 193.17 194.15 195.01 195.74 196.35 196.86
152.33 150.56 148.65 146.59 144.38 142.04 139.56 136.95 134.20 131.33 128.34 125.23 122.00 118.66 115.21 111.65 107.99 104.24 100.59 97.39 94.67 92.41 90.59 89.19 88.21 87.62 87.42 87.57 88.08 88.91 90.07 91.52 93.25 95.26 97.51 100.01 102.72 105.64 108.74 112.02 115.45 119.03 122.73 126.53 130.43 134.41 138.45 142.53 146.64 150.73 154.69 158.47 162.04 165.40 168.57 171.53 174.31 176.90 179.31 181.54 183.60 185.50 187.23 188.82 190.25 191.54 192.69 193.70 194.59 195.35 196.00 196.53
151.59 149.76 147.79 145.68 143.42 141.04 138.52 135.87 133.09 130.20 127.18 124.05 120.81 117.46 114.00 110.45 106.79 103.04 99.41 96.22 93.50 91.25 89.43 88.04 87.06 86.48 86.27 86.43 86.94 87.77 88.92 90.37 92.10 94.09 96.34 98.83 101.53 104.43 107.53 110.79 114.21 117.77 121.45 125.24 129.12 133.08 137.10 141.16 145.24 149.34 153.37 157.22 160.85 164.28 167.50 170.52 173.35 175.99 178.45 180.73 182.84 184.78 186.56 188.18 189.65 190.98 192.16 193.21 194.13 194.93 195.60 196.16
150.78 148.90 146.88 144.72 142.42 140.00 137.44 134.76 131.96 129.05 126.02 122.87 119.62 116.27 112.81 109.26 105.61 101.88 98.26 95.08 92.38 90.13 88.33 86.95 85.98 85.41 85.21 85.37 85.88 86.71 87.87 89.31 91.04 93.04 95.29 97.77 100.46 103.36 106.45 109.70 113.11 116.66 120.33 124.11 127.98 131.92 135.92 139.96 144.03 148.08 152.07 155.95 159.64 163.12 166.40 169.48 172.36 175.05 177.56 179.89 182.04 184.03 185.85 187.51 189.02 190.39 191.61 192.69 193.64 194.46 195.17 195.75
149.93 147.99 145.92 143.72 141.39 138.93 136.35 133.64 130.82 127.89 124.84 121.69 118.44 115.09 111.63 108.09 104.46 100.74 97.14 93.99 91.30 89.07 87.29 85.92 84.97 84.40 84.22 84.39 84.91 85.75 86.91 88.37 90.10 92.10 94.35 96.83 99.53 102.43 105.51 108.76 112.17 115.71 119.38 123.14 127.00 130.94 134.92 138.95 142.97 146.94 150.85 154.68 158.41 161.95 165.28 168.41 171.34 174.09 176.64 179.02 181.22 183.25 185.11 186.81 188.36 189.76 191.01 192.13 193.11 193.96 194.69 195.30
149.02 147.04 144.93 142.69 140.33 137.84 135.23 132.51 129.67 126.73 123.67 120.52 117.27 113.92 110.48 106.95 103.34 99.64 96.07 92.94 90.28 88.07 86.31 84.96 84.03 83.48 83.31 83.50 84.03 84.89 86.06 87.53 89.27 91.28 93.54 96.03 98.73 101.63 104.72 107.97 111.38 114.92 118.59 122.35 126.21 130.13 134.11 138.10 142.04 145.93 149.75 153.50 157.18 160.75 164.14 167.32 170.30 173.10 175.70 178.12 180.36 182.44 184.34 186.08 187.67 189.10 190.39 191.53 192.55 193.43 194.18 194.82
148.07 146.05 143.90 141.63 139.24 136.73 134.10 131.36 128.52 125.57 122.52 119.36 116.12 112.78 109.36 105.85 102.26 98.59 95.05 91.95 89.32 87.14 85.40 84.08 83.17 82.65 82.50 82.71 83.26 84.14 85.33 86.81 88.57 90.59 92.86 95.36 98.07 100.99 104.08 107.34 110.76 114.30 117.97 121.74 125.60 129.52 133.46 137.37 141.22 145.02 148.76 152.43 156.03 159.56 162.97 166.21 169.24 172.08 174.73 177.20 179.49 181.60 183.54 185.32 186.94 188.41 189.73 190.91 191.95 192.86 193.64 194.30
147.08 145.03 142.85 140.55 138.14 135.61 132.97 130.22 127.37 124.42 121.37 118.23 114.99 111.67 108.27 104.79 101.22 97.59 94.09 91.02 88.42 86.28 84.57 83.28 82.40 81.91 81.78 82.02 82.60 83.50 84.71 86.21 87.99 90.03 92.32 94.84 97.57 100.50 103.60 106.88 110.30 113.86 117.54 121.31 125.17 129.06 132.92 136.74 140.50 144.21 147.87 151.46 154.99 158.44 161.81 165.08 168.16 171.05 173.74 176.26 178.58 180.74 182.72 184.54 186.19 187.69 189.05 190.25 191.32 192.26 193.06 193.74
146.07 143.98 141.78 139.46 137.03 134.49 131.84 129.09 126.23 123.29 120.25 117.12 113.90 110.60 107.22 103.77 100.24 96.65 93.18 90.16 87.60 85.49 83.82 82.57 81.72 81.26 81.17 81.44 82.05 82.98 84.22 85.75 87.55 89.62 91.93 94.47 97.22 100.17 103.29 106.58 110.02 113.60 117.29 121.07 124.90 128.71 132.47 136.20 139.88 143.51 147.08 150.60 154.04 157.42 160.72 163.95 167.06 169.99 172.73 175.29 177.66 179.85 181.87 183.72 185.42 186.95 188.33 189.57 190.66 191.62 192.45 193.16
145.03 142.92 140.69 138.36 135.91 133.36 130.71 127.96 125.12 122.18 119.15 116.04 112.85 109.57 106.23 102.81 99.32 95.77 92.35 89.37 86.86 84.79 83.16 81.95 81.15 80.72 80.67 80.98 81.62 82.58 83.85 85.42 87.25 89.35 91.69 94.25 97.03 100.00 103.15 106.47 109.93 113.52 117.23 120.98 124.73 128.44 132.12 135.76 139.35 142.90 146.39 149.83 153.20 156.50 159.73 162.89 165.96 168.92 171.71 174.30 176.71 178.94 181.00 182.89 184.61 186.18 187.59 188.86 189.98 190.96 191.82 192.54
143.97 141.84 139.60 137.25 134.80 132.25 129.60 126.86 124.02 121.10 118.09 115.00 111.83 108.59 105.28 101.90 98.46 94.96 91.59 88.66 86.20 84.18 82.60 81.44 80.67 80.30 80.29 80.63 81.32 82.32 83.63 85.23 87.10 89.23 91.60 94.20 97.01 100.01 103.19 106.53 110.02 113.64 117.32 120.99 124.64 128.26 131.85 135.40 138.91 142.38 145.79 149.15 152.44 155.67 158.83 161.92 164.93 167.85 170.66 173.30 175.75 178.02 180.11 182.03 183.79 185.39 186.83 188.12 189.27 190.28 191.15 191.90
