data_processed/recharge/precip/Precip_1991_09.asc
ncols        168
nrows        136
xllcorner    455000
yllcorner    2107000
cellsize     500
NODATA_value     -99999
[rows 32 to 63 of 136, columns 73 to 145 of 168]
84.58 84.10 83.57 82.97 82.31 81.59 80.81 79.96 79.06 78.09 77.06 75.98 74.83 73.63 72.37 71.08 69.80 68.52 67.25 65.98 64.71 63.45 62.18 60.91 59.63 58.35 57.08 55.93 54.96 54.17 53.53 53.05 52.71 52.50 52.40 52.41 52.52 52.71 52.97 53.29 53.66 54.08 54.55 55.07 55.63 56.24 56.89 57.59 58.32 59.09 59.90 60.74 61.61 62.52 63.46 64.42 65.41 66.42 67.46 68.52 69.60 70.70 71.81 72.94 74.08 75.23 76.39 77.56 78.73 79.91 81.10 82.28 83.47
86.94 86.47 85.94 85.34 84.67 83.93 83.13 82.27 81.34 80.34 79.28 78.16 76.98 75.73 74.45 73.18 71.90 70.62 69.35 68.07 66.78 65.49 64.19 62.89 61.57 60.24 58.92 57.71 56.69 55.85 55.17 54.64 54.26 54.01 53.88 53.86 53.93 54.10 54.33 54.63 54.99 55.40 55.85 56.36 56.91 57.51 58.15 58.83 59.56 60.32 61.12 61.95 62.82 63.72 64.65 65.61 66.59 67.60 68.64 69.69 70.77 71.86 72.97 74.10 75.24 76.39 77.56 78.73 79.91 81.09 82.28 83.47 84.66
89.31 88.85 88.31 87.71 87.04 86.29 85.48 84.60 83.65 82.63 81.54 80.39 79.17 77.92 76.65 75.39 74.12 72.85 71.57 70.28 68.98 67.66 66.34 64.99 63.64 62.26 60.88 59.63 58.56 57.67 56.94 56.38 55.95 55.67 55.50 55.45 55.50 55.63 55.85 56.13 56.46 56.85 57.29 57.78 58.32 58.90 59.53 60.20 60.91 61.65 62.44 63.26 64.12 65.01 65.93 66.87 67.85 68.85 69.88 70.93 72.00 73.09 74.19 75.31 76.45 77.60 78.76 79.93 81.11 82.29 83.48 84.67 85.86
91.66 91.21 90.69 90.09 89.41 88.67 87.85 86.95 85.98 84.94 83.83 82.65 81.43 80.20 78.96 77.72 76.46 75.19 73.90 72.60 71.29 69.95 68.60 67.22 65.83 64.41 62.98 61.67 60.55 59.61 58.85 58.24 57.78 57.46 57.26 57.18 57.20 57.31 57.50 57.76 58.08 58.45 58.87 59.34 59.85 60.42 61.02 61.67 62.37 63.10 63.87 64.67 65.51 66.39 67.29 68.23 69.19 70.18 71.19 72.23 73.29 74.37 75.47 76.58 77.71 78.85 80.01 81.17 82.34 83.52 84.70 85.89 87.07
94.01 93.57 93.06 92.47 91.80 91.05 90.22 89.32 88.34 87.28 86.15 84.98 83.79 82.59 81.37 80.14 78.89 77.63 76.34 75.04 73.71 72.35 70.97 69.57 68.13 66.67 65.19 63.83 62.66 61.68 60.87 60.22 59.73 59.37 59.14 59.03 59.03 59.12 59.29 59.53 59.84 60.19 60.59 61.03 61.52 62.06 62.65 63.27 63.94 64.65 65.40 66.19 67.01 67.87 68.75 69.67 70.62 71.59 72.59 73.61 74.66 75.72 76.81 77.91 79.02 80.15 81.30 82.45 83.61 84.78 85.95 87.13 88.31
96.34 95.92 95.42 94.84 94.17 93.43 92.60 91.69 90.70 89.64 88.52 87.39 86.24 85.07 83.87 82.66 81.43 80.17 78.88 77.57 76.22 74.85 73.45 72.01 70.54 69.03 67.51 66.10 64.88 63.86 63.01 62.32 61.79 61.40 61.15 61.01 60.98 61.05 61.20 61.43 61.72 62.06 62.45 62.87 63.33 63.84 64.40 65.00 65.65 66.33 67.05 67.82 68.61 69.45 70.31 71.21 72.13 73.09 74.06 75.07 76.09 77.14 78.21 79.29 80.39 81.51 82.64 83.78 84.92 86.08 87.24 88.41 89.57
98.64 98.24 97.76 97.20 96.54 95.80 94.98 94.07 93.08 92.04 90.97 89.88 88.76 87.62 86.46 85.27 84.04 82.79 81.51 80.19 78.84 77.45 76.02 74.55 73.05 71.50 69.92 68.47 67.21 66.14 65.25 64.53 63.97 63.55 63.26 63.10 63.04 63.09 63.23 63.44 63.72 64.05 64.43 64.84 65.28 65.76 66.29 66.86 67.47 68.13 68.82 69.56 70.33 71.13 71.97 72.84 73.74 74.67 75.63 76.61 77.61 78.64 79.68 80.75 81.83 82.92 84.03 85.15 86.28 87.42 88.57 89.71 90.80
100.91 100.54 100.09 99.54 98.90 98.17 97.35 96.45 95.49 94.50 93.48 92.44 91.36 90.26 89.12 87.95 86.74 85.50 84.21 82.89 81.53 80.12 78.68 77.18 75.64 74.05 72.43 70.93 69.63 68.52 67.59 66.84 66.24 65.79 65.48 65.29 65.21 65.24 65.36 65.56 65.83 66.16 66.53 66.94 67.37 67.82 68.32 68.85 69.43 70.05 70.72 71.42 72.16 72.93 73.74 74.58 75.45 76.35 77.28 78.23 79.21 80.21 81.23 82.27 83.33 84.40 85.49 86.58 87.69 88.81 89.93 90.99 91.98
103.15 102.81 102.38 101.86 101.24 100.52 99.72 98.85 97.95 97.02 96.06 95.06 94.03 92.96 91.85 90.70 89.51 88.27 86.99 85.67 84.30 82.88 81.41 79.89 78.32 76.69 75.02 73.48 72.13 70.99 70.02 69.23 68.60 68.12 67.79 67.57 67.48 67.49 67.60 67.78 68.04 68.36 68.73 69.14 69.57 70.02 70.49 70.98 71.53 72.11 72.74 73.40 74.11 74.85 75.62 76.43 77.27 78.13 79.03 79.95 80.90 81.87 82.86 83.87 84.90 85.94 87.00 88.08 89.16 90.24 91.27 92.23 93.11
105.35 105.05 104.65 104.15 103.55 102.86 102.10 101.30 100.47 99.60 98.69 97.74 96.75 95.71 94.63 93.50 92.33 91.11 89.84 88.51 87.13 85.70 84.21 82.67 81.06 79.40 77.69 76.10 74.72 73.53 72.53 71.71 71.05 70.54 70.18 69.95 69.83 69.83 69.92 70.10 70.35 70.66 71.03 71.44 71.87 72.33 72.79 73.26 73.76 74.30 74.89 75.52 76.18 76.88 77.62 78.39 79.19 80.02 80.88 81.77 82.68 83.61 84.57 85.55 86.55 87.56 88.59 89.63 90.67 91.66 92.58 93.43 94.21
107.50 107.24 106.87 106.40 105.83 105.20 104.51 103.79 103.02 102.21 101.36 100.46 99.51 98.51 97.46 96.36 95.21 94.00 92.73 91.41 90.03 88.58 87.08 85.51 83.87 82.17 80.42 78.79 77.37 76.14 75.11 74.26 73.57 73.04 72.65 72.40 72.27 72.25 72.33 72.49 72.74 73.05 73.42 73.82 74.27 74.73 75.20 75.67 76.14 76.64 77.18 77.76 78.38 79.04 79.73 80.46 81.22 82.01 82.83 83.68 84.55 85.45 86.37 87.31 88.27 89.25 90.25 91.24 92.19 93.06 93.85 94.59 95.26
109.60 109.38 109.05 108.62 108.11 107.56 106.96 106.31 105.61 104.87 104.07 103.22 102.32 101.36 100.34 99.27 98.13 96.94 95.68 94.36 92.97 91.52 89.99 88.40 86.74 85.00 83.21 81.54 80.08 78.82 77.75 76.87 76.16 75.60 75.19 74.92 74.77 74.74 74.81 74.97 75.21 75.51 75.88 76.29 76.74 77.21 77.69 78.18 78.65 79.12 79.61 80.14 80.71 81.33 81.97 82.66 83.37 84.12 84.89 85.70 86.53 87.39 88.27 89.17 90.09 91.02 91.97 92.86 93.67 94.42 95.10 95.72 96.28
111.65 111.47 111.19 110.83 110.41 109.94 109.42 108.85 108.23 107.54 106.81 106.01 105.15 104.23 103.25 102.20 101.09 99.91 98.66 97.34 95.95 94.49 92.95 91.34 89.65 87.88 86.05 84.34 82.84 81.55 80.45 79.54 78.80 78.22 77.79 77.50 77.34 77.29 77.35 77.51 77.74 78.05 78.42 78.83 79.29 79.77 80.26 80.76 81.25 81.72 82.18 82.66 83.19 83.75 84.34 84.98 85.64 86.34 87.07 87.83 88.61 89.42 90.26 91.11 91.99 92.87 93.70 94.46 95.14 95.75 96.31 96.81 97.27
113.63 113.51 113.30 113.03 112.71 112.34 111.90 111.41 110.86 110.24 109.56 108.82 108.01 107.13 106.18 105.16 104.08 102.91 101.67 100.36 98.97 97.50 95.95 94.31 92.60 90.80 88.93 87.18 85.65 84.32 83.20 82.26 81.49 80.89 80.44 80.14 79.96 79.90 79.96 80.10 80.34 80.64 81.01 81.44 81.90 82.39 82.90 83.41 83.92 84.42 84.89 85.33 85.80 86.30 86.85 87.43 88.04 88.69 89.36 90.07 90.80 91.56 92.35 93.15 93.97 94.73 95.42 96.03 96.58 97.07 97.50 97.89 98.23
115.55 115.51 115.41 115.25 115.02 114.74 114.39 113.98 113.49 112.95 112.33 111.64 110.88 110.04 109.13 108.14 107.08 105.94 104.71 103.40 102.01 100.53 98.97 97.32 95.58 93.74 91.84 90.06 88.49 87.13 85.98 85.01 84.22 83.60 83.14 82.82 82.63 82.56 82.61 82.75 82.98 83.29 83.67 84.09 84.57 85.07 85.59 86.13 86.66 87.18 87.67 88.13 88.56 89.00 89.49 90.01 90.57 91.16 91.78 92.43 93.11 93.81 94.54 95.28 95.98 96.59 97.13 97.60 98.01 98.36 98.67 98.94 99.17
117.42 117.50 117.51 117.45 117.33 117.13 116.87 116.54 116.13 115.65 115.10 114.46 113.75 112.96 112.09 111.13 110.09 108.97 107.76 106.46 105.07 103.58 102.01 100.34 98.58 96.72 94.78 92.96 91.36 89.97 88.79 87.80 86.99 86.35 85.87 85.53 85.33 85.26 85.30 85.44 85.67 85.98 86.36 86.80 87.28 87.80 88.34 88.89 89.45 89.99 90.51 91.00 91.44 91.85 92.27 92.73 93.23 93.76 94.32 94.91 95.53 96.18 96.84 97.45 97.98 98.44 98.82 99.15 99.42 99.64 99.82 99.97 100.09
119.27 119.46 119.59 119.64 119.61 119.52 119.34 119.09 118.76 118.35 117.86 117.28 116.62 115.88 115.05 114.12 113.11 112.01 110.81 109.52 108.13 106.64 105.06 103.38 101.59 99.70 97.73 95.87 94.24 92.83 91.62 90.61 89.78 89.12 88.62 88.28 88.07 87.99 88.02 88.16 88.40 88.71 89.10 89.54 90.04 90.57 91.13 91.70 92.28 92.85 93.40 93.92 94.39 94.82 95.20 95.60 96.03 96.49 96.99 97.52 98.08 98.65 99.17 99.61 99.98 100.28 100.51 100.69 100.83 100.91 100.97 100.99 100.99
121.09 121.41 121.64 121.80 121.88 121.88 121.79 121.63 121.37 121.03 120.61 120.09 119.48 118.78 117.99 117.10 116.12 115.04 113.86 112.58 111.19 109.70 108.11 106.41 104.61 102.69 100.69 98.80 97.14 95.70 94.46 93.43 92.58 91.91 91.40 91.04 90.82 90.74 90.77 90.91 91.14 91.47 91.86 92.32 92.83 93.37 93.95 94.55 95.15 95.74 96.32 96.88 97.39 97.85 98.26 98.61 98.97 99.37 99.80 100.26 100.73 101.16 101.51 101.78 101.98 102.12 102.20 102.24 102.22 102.18 102.10 102.00 101.88
122.88 123.31 123.66 123.93 124.11 124.21 124.22 124.13 123.96 123.69 123.33 122.88 122.32 121.67 120.92 120.07 119.12 118.06 116.89 115.62 114.25 112.76 111.16 109.45 107.62 105.68 103.65 101.73 100.04 98.57 97.31 96.26 95.39 94.70 94.18 93.81 93.59 93.50 93.53 93.67 93.91 94.24 94.64 95.11 95.64 96.20 96.80 97.42 98.05 98.67 99.28 99.87 100.42 100.92 101.37 101.74 102.06 102.39 102.74 103.12 103.45 103.69 103.86 103.96 103.99 103.97 103.89 103.78 103.62 103.44 103.23 103.00 102.76
124.62 125.18 125.64 126.02 126.31 126.50 126.60 126.60 126.51 126.32 126.03 125.63 125.13 124.53 123.83 123.01 122.09 121.06 119.91 118.65 117.28 115.79 114.19 112.46 110.62 108.66 106.59 104.64 102.93 101.43 100.16 99.08 98.20 97.50 96.96 96.59 96.36 96.27 96.30 96.44 96.69 97.02 97.44 97.92 98.46 99.05 99.67 100.31 100.96 101.62 102.26 102.89 103.47 104.02 104.51 104.93 105.27 105.55 105.82 106.04 106.17 106.23 106.22 106.14 106.01 105.82 105.59 105.32 105.02 104.70 104.35 104.00 103.64
126.31 126.99 127.57 128.06 128.45 128.75 128.94 129.03 129.02 128.90 128.68 128.35 127.91 127.36 126.69 125.92 125.03 124.02 122.90 121.65 120.29 118.80 117.19 115.46 113.60 111.61 109.52 107.54 105.80 104.29 102.99 101.90 101.00 100.28 99.74 99.36 99.13 99.03 99.06 99.21 99.46 99.81 100.24 100.74 101.29 101.90 102.54 103.21 103.89 104.58 105.26 105.92 106.55 107.13 107.67 108.14 108.53 108.82 108.96 108.98 108.92 108.79 108.60 108.34 108.04 107.69 107.30 106.87 106.43 105.96 105.48 105.00 104.52
127.93 128.74 129.44 130.05 130.55 130.94 131.23 131.41 131.48 131.44 131.28 131.02 130.64 130.14 129.52 128.79 127.93 126.95 125.85 124.62 123.26 121.78 120.17 118.43 116.55 114.54 112.43 110.42 108.65 107.12 105.80 104.69 103.78 103.05 102.50 102.11 101.88 101.78 101.82 101.97 102.23 102.59 103.03 103.55 104.12 104.75 105.42 106.11 106.83 107.55 108.26 108.96 109.63 110.26 110.84 111.36 111.78 112.04 112.09 111.95 111.69 111.37 110.99 110.56 110.08 109.57 109.01 108.44 107.84 107.23 106.62 106.00 105.40
129.49 130.42 131.25 131.96 132.57 133.07 133.45 133.72 133.88 133.91 133.83 133.63 133.31 132.87 132.30 131.60 130.78 129.83 128.75 127.54 126.20 124.72 123.10 121.35 119.46 117.43 115.29 113.26 111.47 109.91 108.58 107.46 106.53 105.80 105.24 104.85 104.61 104.52 104.56 104.72 104.99 105.36 105.81 106.34 106.94 107.59 108.29 109.01 109.76 110.51 111.26 112.00 112.71 113.38 114.01 114.56 114.96 115.15 115.13 114.90 114.49 113.98 113.41 112.80 112.15 111.46 110.75 110.02 109.27 108.52 107.76 107.02 106.28
130.96 132.02 132.97 133.81 134.52 135.12 135.61 135.97 136.21 136.32 136.32 136.18 135.92 135.53 135.01 134.36 133.57 132.66 131.60 130.41 129.07 127.60 125.99 124.23 122.33 120.28 118.12 116.06 114.25 112.67 111.32 110.18 109.25 108.51 107.94 107.55 107.31 107.22 107.27 107.43 107.72 108.10 108.57 109.12 109.74 110.42 111.14 111.89 112.67 113.46 114.25 115.02 115.78 116.50 117.16 117.68 118.00 118.12 118.05 117.77 117.28 116.61 115.86 115.07 114.24 113.38 112.51 111.62 110.72 109.82 108.92 108.04 107.18
132.35 133.54 134.61 135.57 136.39 137.10 137.68 138.14 138.46 138.66 138.73 138.66 138.46 138.13 137.66 137.05 136.30 135.42 134.39 133.21 131.89 130.43 128.82 127.05 125.14 123.08 120.89 118.81 116.98 115.38 114.02 112.87 111.92 111.17 110.61 110.21 109.97 109.89 109.94 110.12 110.41 110.81 111.30 111.87 112.51 113.22 113.96 114.75 115.56 116.39 117.22 118.03 118.83 119.59 120.21 120.64 120.89 120.96 120.82 120.49 119.97 119.24 118.34 117.36 116.36 115.33 114.29 113.24 112.18 111.14 110.10 109.08 108.09
133.65 134.97 136.16 137.23 138.18 138.99 139.67 140.22 140.63 140.91 141.06 141.06 140.92 140.65 140.23 139.67 138.96 138.10 137.10 135.95 134.65 133.19 131.58 129.81 127.89 125.81 123.60 121.50 119.65 118.04 116.66 115.50 114.54 113.79 113.22 112.82 112.59 112.51 112.57 112.76 113.07 113.48 113.99 114.58 115.25 115.98 116.76 117.58 118.42 119.29 120.16 121.02 121.85 122.55 123.09 123.45 123.64 123.64 123.45 123.08 122.52 121.76 120.81 119.69 118.51 117.31 116.10 114.88 113.68 112.48 111.30 110.15 109.02
134.88 136.29 137.61 138.80 139.86 140.78 141.56 142.21 142.71 143.07 143.29 143.37 143.30 143.08 142.72 142.20 141.53 140.71 139.74 138.61 137.32 135.87 134.27 132.50 130.57 128.47 126.24 124.12 122.25 120.63 119.24 118.07 117.11 116.35 115.78 115.38 115.15 115.08 115.15 115.35 115.67 116.10 116.63 117.25 117.94 118.70 119.51 120.36 121.25 122.15 123.06 123.95 124.73 125.35 125.81 126.10 126.22 126.16 125.93 125.52 124.92 124.14 123.17 122.01 120.69 119.32 117.94 116.56 115.20 113.85 112.52 111.23 109.97
136.08 137.55 138.95 140.26 141.43 142.46 143.35 144.09 144.69 145.13 145.43 145.58 145.58 145.42 145.11 144.64 144.01 143.23 142.29 141.18 139.91 138.47 136.87 135.10 133.17 131.06 128.81 126.67 124.78 123.14 121.74 120.56 119.60 118.84 118.26 117.87 117.65 117.58 117.66 117.88 118.22 118.67 119.22 119.86 120.58 121.37 122.21 123.10 124.02 124.96 125.90 126.74 127.43 127.97 128.35 128.57 128.63 128.52 128.24 127.79 127.17 126.36 125.38 124.22 122.87 121.36 119.81 118.27 116.75 115.25 113.78 112.34 110.95
137.27 138.77 140.22 141.61 142.89 144.03 145.02 145.86 146.55 147.09 147.46 147.69 147.75 147.66 147.40 146.98 146.40 145.65 144.74 143.66 142.40 140.98 139.39 137.62 135.68 133.56 131.29 129.13 127.23 125.58 124.17 122.98 122.01 121.25 120.68 120.29 120.07 120.02 120.11 120.34 120.70 121.17 121.74 122.41 123.16 123.98 124.85 125.78 126.74 127.71 128.59 129.33 129.94 130.39 130.70 130.85 130.85 130.70 130.38 129.90 129.25 128.43 127.44 126.27 124.92 123.40 121.73 120.02 118.34 116.68 115.06 113.49 111.96
138.42 139.96 141.44 142.87 144.23 145.48 146.58 147.52 148.30 148.92 149.38 149.68 149.81 149.78 149.58 149.21 148.67 147.97 147.08 146.03 144.80 143.39 141.80 140.04 138.09 135.96 133.68 131.50 129.59 127.92 126.50 125.31 124.34 123.58 123.01 122.63 122.42 122.37 122.48 122.73 123.10 123.59 124.19 124.89 125.67 126.52 127.43 128.39 129.37 130.28 131.07 131.72 132.24 132.61 132.85 132.95 132.89 132.69 132.33 131.82 131.15 130.32 129.32 128.16 126.83 125.32 123.64 121.81 119.97 118.16 116.39 114.67 113.00
139.55 141.11 142.63 144.08 145.48 146.80 148.00 149.04 149.92 150.63 151.17 151.55 151.75 151.78 151.64 151.33 150.83 150.17 149.32 148.29 147.08 145.69 144.11 142.35 140.40 138.26 135.96 133.77 131.84 130.17 128.74 127.55 126.58 125.81 125.25 124.87 124.68 124.64 124.76 125.03 125.42 125.94 126.56 127.29 128.10 128.98 129.93 130.91 131.83 132.64 133.33 133.89 134.32 134.63 134.80 134.84 134.73 134.49 134.10 133.56 132.87 132.03 131.03 129.88 128.56 127.07 125.42 123.60 121.64 119.67 117.75 115.88 114.08
140.64 142.23 143.77 145.26 146.67 148.02 149.29 150.43 151.41 152.21 152.83 153.28 153.56 153.66 153.58 153.31 152.87 152.24 151.43 150.43 149.24 147.87 146.30 144.54 142.59 140.44 138.13 135.93 133.99 132.31 130.88 129.68 128.71 127.95 127.39 127.02 126.83 126.81 126.95 127.23 127.65 128.19 128.84 129.60 130.44 131.36 132.33 133.24 134.06 134.76 135.36 135.83 136.19 136.42 136.53 136.51 136.36 136.08 135.66 135.10 134.40 133.55 132.56 131.41 130.11 128.65 127.03 125.25 123.31 121.23 119.16 117.14 115.20
