data_processed/recharge/precip/Precip_2005_09.asc
ncols        168
nrows        136
xllcorner    455000
yllcorner    2107000
cellsize     500
NODATA_value     -99999
[rows 0 to 33 of 136, columns 0 to 75 of 168]
155.72 156.97 157.77 157.13 154.74 151.76 148.80 145.86 142.92 139.95 136.92 133.80 130.58 127.21 123.68 119.74 115.01 109.77 104.56 99.93 96.45 94.68 94.81 95.60 96.46 97.38 98.32 99.30 100.28 101.27 102.35 103.56 104.94 106.51 108.29 110.30 112.55 115.09 117.91 121.06 124.80 130.11 137.62 147.40 159.48 173.93 190.77 209.63 227.06 240.99 251.47 258.59 262.43 263.09 260.89 257.32 253.52 249.61 245.58 241.44 237.19 232.83 228.36 223.78 219.09 214.33 209.65 205.08 200.51 195.81 190.84 185.48 179.61 173.25 166.57 159.66
148.74 148.70 147.84 145.72 143.20 140.78 138.44 136.17 133.94 131.71 129.47 127.18 124.82 122.37 119.78 117.04 113.96 110.31 106.41 102.82 100.08 98.77 99.11 100.03 101.01 102.03 103.07 104.12 105.19 106.31 107.53 108.89 110.40 112.09 113.97 116.06 118.40 121.00 123.87 127.06 130.57 134.69 140.49 148.62 159.15 172.13 187.60 205.16 221.29 233.86 242.90 248.51 250.78 250.05 247.84 245.35 242.70 239.88 236.90 233.75 230.45 226.98 223.35 219.56 215.61 211.51 207.26 202.97 198.61 194.06 189.18 183.86 177.96 171.56 164.84 157.90
141.66 140.39 138.36 136.13 134.07 132.16 130.38 128.70 127.10 125.55 124.02 122.48 120.91 119.28 117.57 115.74 113.77 111.54 108.94 106.36 104.36 103.49 104.04 105.08 106.17 107.28 108.41 109.54 110.71 111.95 113.28 114.74 116.33 118.08 120.02 122.16 124.52 127.14 130.02 133.19 136.68 140.50 144.97 151.20 159.90 171.13 184.95 200.94 215.49 226.40 233.73 237.56 238.24 237.34 236.10 234.65 232.99 231.11 229.02 226.71 224.19 221.46 218.52 215.37 212.01 208.43 204.65 200.67 196.51 192.10 187.31 182.01 176.09 169.63 162.87 155.88
134.78 132.67 130.54 128.65 126.99 125.52 124.22 123.06 122.02 121.06 120.17 119.31 118.46 117.58 116.67 115.68 114.58 113.36 111.94 110.37 109.10 108.67 109.41 110.56 111.75 112.95 114.15 115.36 116.62 117.93 119.33 120.83 122.46 124.24 126.18 128.32 130.67 133.25 136.09 139.21 142.63 146.36 150.45 155.20 161.82 171.03 182.92 197.06 209.74 218.73 224.06 226.10 226.46 226.42 226.12 225.56 224.73 223.63 222.27 220.65 218.77 216.62 214.21 211.54 208.60 205.41 201.96 198.24 194.27 189.99 185.27 179.99 174.02 167.50 160.68 153.64
128.61 126.41 124.52 122.92 121.58 120.47 119.58 118.86 118.30 117.87 117.54 117.28 117.07 116.88 116.68 116.45 116.16 115.78 115.29 114.67 114.10 114.11 115.03 116.28 117.56 118.83 120.09 121.36 122.65 124.00 125.41 126.91 128.53 130.28 132.19 134.28 136.56 139.07 141.82 144.84 148.14 151.75 155.69 159.98 164.97 171.93 181.60 193.61 204.15 210.93 214.27 215.83 216.95 217.75 218.23 218.39 218.24 217.78 216.99 215.90 214.49 212.77 210.73 208.39 205.73 202.76 199.48 195.89 191.99 187.77 183.11 177.83 171.81 165.22 158.33 151.24
123.72 121.65 119.93 118.53 117.45 116.63 116.06 115.72 115.57 115.58 115.74 116.01 116.37 116.78 117.23 117.69 118.13 118.52 118.83 119.04 119.19 119.61 120.70 122.05 123.40 124.71 125.99 127.27 128.56 129.88 131.26 132.72 134.28 135.96 137.78 139.77 141.95 144.33 146.95 149.82 152.96 156.39 160.14 164.23 168.69 173.86 181.10 190.70 198.82 203.40 206.11 208.32 210.17 211.64 212.74 213.48 213.86 213.86 213.50 212.78 211.69 210.24 208.43 206.25 203.71 200.81 197.54 193.92 189.94 185.60 180.87 175.57 169.50 162.82 155.87 148.89
120.02 118.00 116.38 115.12 114.21 113.61 113.30 113.25 113.43 113.82 114.39 115.12 115.97 116.92 117.94 119.01 120.09 121.17 122.22 123.20 124.10 125.00 126.25 127.67 129.03 130.33 131.59 132.82 134.06 135.32 136.62 137.99 139.44 141.00 142.70 144.54 146.56 148.78 151.21 153.88 156.82 160.03 163.55 167.39 171.58 176.14 181.45 188.41 194.13 197.94 201.19 204.02 206.43 208.42 210.00 211.16 211.90 212.22 212.13 211.62 210.70 209.36 207.61 205.45 202.87 199.88 196.48 192.67 188.45 183.82 178.77 173.29 167.12 160.38 153.53 146.84
117.13 115.09 113.49 112.30 111.49 111.03 110.90 111.07 111.51 112.20 113.11 114.22 115.49 116.89 118.42 120.02 121.69 123.38 125.08 126.76 128.39 129.95 131.47 132.89 134.21 135.45 136.63 137.78 138.92 140.06 141.24 142.47 143.77 145.17 146.69 148.35 150.16 152.16 154.36 156.79 159.47 162.41 165.65 169.20 173.08 177.32 181.94 187.05 191.85 196.09 199.86 203.16 205.99 208.35 210.24 211.66 212.62 213.11 213.13 212.69 211.78 210.40 208.56 206.26 203.50 200.27 196.58 192.42 187.81 182.74 177.20 171.21 164.75 158.09 151.55 145.18
114.84 112.72 111.08 109.88 109.10 108.72 108.71 109.03 109.67 110.59 111.77 113.19 114.81 116.61 118.56 120.64 122.81 125.06 127.35 129.66 131.96 134.24 136.40 137.96 139.18 140.31 141.37 142.38 143.37 144.35 145.35 146.39 147.50 148.68 149.97 151.38 152.94 154.68 156.60 158.73 161.10 163.73 166.63 169.84 173.36 177.23 181.48 186.26 191.27 195.99 200.20 203.89 207.06 209.71 211.84 213.45 214.54 215.12 215.17 214.72 213.74 212.25 210.25 207.73 204.69 201.15 197.09 192.52 187.43 181.84 175.73 169.13 162.27 155.70 149.50 143.47
113.21 110.95 109.20 107.95 107.15 106.78 106.82 107.24 108.02 109.12 110.52 112.19 114.10 116.24 118.56 121.06 123.68 126.42 129.25 132.13 135.06 138.09 141.03 143.16 144.43 145.40 146.28 147.10 147.88 148.64 149.41 150.20 151.05 151.96 152.96 154.08 155.33 156.74 158.32 160.11 162.12 164.37 166.88 169.68 172.79 176.26 180.27 184.92 189.91 194.93 199.58 203.68 207.20 210.15 212.53 214.35 215.59 216.26 216.37 215.91 214.89 213.30 211.14 208.42 205.13 201.28 196.86 191.89 186.35 180.24 173.60 166.59 159.51 152.81 146.76 141.07
112.27 109.82 107.91 106.54 105.66 105.26 105.30 105.76 106.61 107.83 109.39 111.26 113.42 115.83 118.47 121.32 124.35 127.53 130.83 134.25 137.84 141.57 145.23 148.02 149.75 150.69 151.34 151.91 152.42 152.91 153.39 153.88 154.41 154.99 155.65 156.42 157.30 158.33 159.52 160.90 162.49 164.30 166.37 168.72 171.39 174.59 178.48 183.02 187.91 192.90 197.84 202.35 206.24 209.52 212.18 214.21 215.63 216.43 216.61 216.17 215.12 213.44 211.16 208.25 204.73 200.60 195.85 190.49 184.52 177.95 170.95 163.75 156.51 149.66 143.53 138.01
111.99 109.35 107.24 105.69 104.67 104.18 104.16 104.61 105.49 106.77 108.43 110.45 112.78 115.42 118.32 121.48 124.84 128.40 132.15 136.14 140.35 144.72 148.99 152.38 154.66 155.94 156.47 156.74 156.93 157.09 157.22 157.35 157.51 157.71 157.97 158.32 158.78 159.37 160.11 161.03 162.14 163.47 165.04 166.90 169.30 172.38 176.16 180.59 185.38 190.27 195.19 199.96 204.25 207.87 210.82 213.11 214.72 215.66 215.94 215.54 214.48 212.75 210.36 207.29 203.57 199.17 194.12 188.39 182.02 175.15 167.99 160.66 153.29 146.33 140.09 134.53
112.16 109.53 107.21 105.43 104.23 103.58 103.45 103.83 104.67 105.96 107.67 109.77 112.24 115.04 118.15 121.54 125.20 129.11 133.33 137.87 142.63 147.54 152.34 156.23 158.98 160.68 161.45 161.52 161.34 161.11 160.84 160.55 160.28 160.04 159.85 159.73 159.71 159.81 160.04 160.44 161.02 161.80 162.85 164.42 166.69 169.67 173.35 177.68 182.37 187.17 191.99 196.75 201.28 205.27 208.54 211.09 212.92 214.03 214.42 214.09 213.04 211.28 208.80 205.60 201.68 197.05 191.71 185.66 179.03 172.03 164.76 157.34 149.88 142.83 136.53 130.92
112.64 110.12 107.79 105.79 104.35 103.49 103.20 103.44 104.20 105.44 107.14 109.27 111.81 114.72 117.98 121.56 125.47 129.78 134.47 139.47 144.69 150.05 155.30 159.61 162.73 164.78 165.84 166.03 165.58 164.90 164.17 163.42 162.66 161.92 161.21 160.57 160.01 159.56 159.23 159.05 159.04 159.27 160.00 161.45 163.63 166.51 170.09 174.33 178.92 183.62 188.36 193.03 197.55 201.77 205.37 208.21 210.28 211.58 212.11 211.87 210.86 209.08 206.54 203.22 199.14 194.30 188.70 182.45 175.72 168.64 161.30 153.81 146.28 139.18 132.85 127.22
113.39 110.98 108.76 106.75 105.07 103.95 103.43 103.49 104.11 105.24 106.88 108.98 111.53 114.49 117.85 121.60 125.81 130.50 135.57 140.94 146.54 152.27 157.88 162.51 165.93 168.23 169.52 169.88 169.44 168.40 167.16 165.87 164.57 163.27 162.00 160.78 159.63 158.57 157.62 156.81 156.20 156.09 156.71 158.07 160.15 162.94 166.43 170.56 175.06 179.68 184.34 188.93 193.37 197.57 201.39 204.54 206.87 208.38 209.07 208.94 207.99 206.22 203.63 200.23 196.00 190.97 185.22 178.90 172.13 165.01 157.63 150.09 142.54 135.41 129.07 123.46
114.38 112.09 109.98 108.06 106.35 104.98 104.19 104.01 104.42 105.40 106.91 108.93 111.44 114.40 117.82 121.79 126.31 131.29 136.65 142.32 148.20 154.21 160.09 164.97 168.60 171.07 172.48 172.94 172.55 171.40 169.72 167.85 165.95 164.04 162.15 160.29 158.48 156.76 155.13 153.68 152.73 152.51 153.04 154.30 156.29 158.99 162.39 166.44 170.85 175.39 179.96 184.47 188.84 192.97 196.78 200.13 202.73 204.48 205.35 205.35 204.49 202.75 200.14 196.67 192.33 187.20 181.41 175.07 168.28 161.14 153.75 146.22 138.66 131.54 125.23 119.66
115.59 113.42 111.41 109.59 107.97 106.56 105.50 105.02 105.18 105.94 107.27 109.15 111.56 114.50 118.06 122.24 126.97 132.16 137.74 143.60 149.68 155.89 161.95 166.99 170.74 173.29 174.75 175.22 174.79 173.58 171.68 169.28 166.73 164.15 161.58 159.02 156.51 154.06 151.76 149.95 148.88 148.57 149.02 150.20 152.10 154.71 158.02 161.99 166.31 170.77 175.27 179.71 184.01 188.07 191.82 195.16 197.94 199.94 201.02 201.17 200.41 198.72 196.12 192.60 188.22 183.08 177.30 170.97 164.19 157.07 149.71 142.19 134.66 127.59 121.33 115.84
116.99 114.92 113.02 111.30 109.77 108.43 107.32 106.57 106.41 106.89 107.99 109.68 111.97 114.96 118.65 122.96 127.82 133.14 138.83 144.81 151.00 157.32 163.49 168.60 172.37 174.92 176.34 176.73 176.19 174.82 172.72 170.00 166.84 163.54 160.22 156.91 153.64 150.48 147.79 145.87 144.72 144.33 144.69 145.79 147.61 150.14 153.37 157.25 161.50 165.88 170.30 174.67 178.91 182.91 186.60 189.88 192.66 194.82 196.12 196.45 195.82 194.21 191.63 188.12 183.76 178.66 172.91 166.62 159.89 152.82 145.50 138.05 130.58 123.58 117.41 112.03
118.54 116.58 114.78 113.16 111.71 110.46 109.42 108.60 108.15 108.30 109.11 110.59 112.84 115.87 119.61 123.97 128.87 134.23 139.96 145.97 152.19 158.52 164.70 169.80 173.52 175.98 177.27 177.49 176.75 175.14 172.76 169.72 166.12 162.12 158.02 153.90 149.87 146.31 143.52 141.52 140.29 139.82 140.10 141.12 142.86 145.31 148.46 152.27 156.44 160.75 165.10 169.41 173.58 177.53 181.16 184.39 187.13 189.28 190.73 191.25 190.76 189.25 186.73 183.28 178.98 173.94 168.26 162.05 155.39 148.40 141.17 133.80 126.42 119.53 113.48 108.23
120.22 118.37 116.67 115.14 113.78 112.61 111.64 110.88 110.35 110.20 110.70 112.05 114.27 117.27 120.97 125.29 130.15 135.45 141.13 147.08 153.24 159.51 165.62 170.61 174.19 176.48 177.55 177.52 176.49 174.55 171.81 168.36 164.32 159.77 154.89 149.98 145.54 141.87 139.00 136.92 135.62 135.08 135.28 136.23 137.89 140.27 143.35 147.08 151.18 155.42 159.71 163.95 168.07 171.96 175.54 178.72 181.42 183.53 184.98 185.64 185.31 183.91 181.48 178.11 173.90 168.96 163.38 157.27 150.72 143.84 136.73 129.48 122.22 115.46 109.56 104.49
122.01 120.26 118.66 117.21 115.94 114.84 113.94 113.25 112.77 112.57 112.94 114.18 116.27 119.16 122.74 126.93 131.65 136.83 142.36 148.17 154.18 160.30 166.25 171.05 174.41 176.43 177.20 176.83 175.42 173.07 169.88 165.94 161.37 156.26 150.78 145.51 140.96 137.22 134.29 132.14 130.76 130.15 130.28 131.16 132.75 135.06 138.07 141.73 145.76 149.94 154.16 158.35 162.41 166.25 169.79 172.93 175.58 177.66 179.07 179.73 179.48 178.20 175.88 172.63 168.55 163.73 158.29 152.31 145.90 139.16 132.19 125.09 117.99 111.40 105.68 100.81
123.87 122.22 120.71 119.35 118.16 117.14 116.31 115.68 115.30 115.34 115.87 116.98 118.88 121.56 124.92 128.90 133.41 138.36 143.67 149.25 155.03 160.91 166.61 171.14 174.18 175.85 176.24 175.44 173.57 170.72 166.99 162.48 157.29 151.61 145.96 140.78 136.22 132.41 129.41 127.19 125.75 125.07 125.14 125.94 127.47 129.71 132.65 136.25 140.22 144.33 148.50 152.64 156.65 160.44 163.94 167.03 169.65 171.70 173.07 173.65 173.35 172.14 169.96 166.86 162.93 158.28 153.00 147.18 140.95 134.38 127.59 120.67 113.76 107.36 101.86 97.21
125.77 124.22 122.80 121.53 120.41 119.46 118.70 118.17 118.05 118.41 119.21 120.41 122.10 124.48 127.55 131.23 135.44 140.08 145.07 150.34 155.79 161.35 166.72 170.88 173.53 174.76 174.67 173.37 170.94 167.50 163.15 157.98 152.17 146.29 140.79 135.77 131.30 127.47 124.41 122.12 120.62 119.88 119.88 120.62 122.09 124.27 127.15 130.68 134.59 138.65 142.77 146.86 150.82 154.57 158.02 161.09 163.67 165.68 166.96 167.41 167.02 165.80 163.75 160.83 157.09 152.62 147.53 141.92 135.88 129.52 122.94 116.23 109.54 103.36 98.11 93.73
127.68 126.23 124.90 123.71 122.67 121.79 121.14 120.88 121.10 121.75 122.79 124.17 125.86 127.95 130.64 133.93 137.74 141.99 146.58 151.45 156.50 161.64 166.59 170.31 172.47 173.17 172.52 170.62 167.56 163.45 158.38 152.55 146.53 140.79 135.45 130.56 126.20 122.42 119.32 116.98 115.42 114.62 114.56 115.25 116.66 118.78 121.60 125.07 128.93 132.93 137.00 141.04 144.96 148.68 152.10 155.13 157.67 159.56 160.67 160.99 160.53 159.30 157.31 154.56 151.03 146.79 141.92 136.54 130.73 124.61 118.26 111.80 105.35 99.44 94.46 90.38
129.59 128.22 126.98 125.87 124.91 124.15 123.78 123.88 124.40 125.31 126.56 128.10 129.89 131.89 134.19 137.01 140.35 144.11 148.22 152.60 157.15 161.80 166.24 169.42 171.01 171.11 169.81 167.22 163.44 158.56 152.79 146.72 140.84 135.26 130.05 125.27 120.99 117.27 114.18 111.80 110.18 109.33 109.22 109.85 111.20 113.27 116.03 119.45 123.26 127.22 131.24 135.24 139.12 142.80 146.19 149.18 151.59 153.26 154.20 154.40 153.88 152.65 150.72 148.09 144.78 140.79 136.18 131.05 125.51 119.65 113.58 107.40 101.23 95.60 90.94 87.17
131.45 130.18 129.02 127.99 127.14 126.68 126.68 127.11 127.91 129.05 130.47 132.14 134.00 136.02 138.15 140.49 143.26 146.46 150.00 153.80 157.77 161.84 165.69 168.25 169.18 168.57 166.54 163.18 158.59 152.96 146.93 140.99 135.27 129.82 124.71 120.01 115.79 112.11 109.03 106.62 104.95 104.05 103.89 104.46 105.77 107.78 110.50 113.87 117.62 121.54 125.52 129.48 133.33 136.98 140.33 143.16 145.31 146.77 147.54 147.64 147.08 145.86 143.99 141.50 138.38 134.65 130.33 125.49 120.25 114.69 108.92 103.04 97.18 91.88 87.55 84.14
133.24 132.06 130.98 130.08 129.54 129.47 129.81 130.53 131.58 132.91 134.48 136.24 138.15 140.15 142.22 144.31 146.51 149.05 151.93 155.07 158.38 161.77 164.94 166.79 166.98 165.59 162.74 158.52 153.13 147.22 141.32 135.54 129.94 124.60 119.57 114.93 110.73 107.06 103.96 101.51 99.78 98.82 98.61 99.14 100.40 102.37 105.03 108.36 112.07 115.95 119.89 123.82 127.64 131.25 134.41 136.95 138.84 140.09 140.71 140.72 140.12 138.93 137.15 134.79 131.87 128.40 124.39 119.88 114.96 109.73 104.29 98.75 93.23 88.28 84.32 81.31
134.93 133.83 132.89 132.31 132.18 132.47 133.13 134.11 135.36 136.86 138.53 140.36 142.27 144.24 146.22 148.16 150.02 151.90 154.04 156.43 158.98 161.62 164.03 165.08 164.43 162.18 158.42 153.35 147.66 141.88 136.13 130.48 124.98 119.72 114.74 110.13 105.94 102.24 99.11 96.59 94.77 93.70 93.43 93.91 95.13 97.05 99.68 102.96 106.64 110.47 114.39 118.29 122.06 125.47 128.30 130.52 132.16 133.22 133.71 133.64 133.02 131.86 130.18 127.98 125.27 122.07 118.38 114.22 109.66 104.79 99.72 94.55 89.41 84.84 81.28 78.69
136.50 135.54 134.93 134.78 135.03 135.64 136.58 137.78 139.22 140.84 142.60 144.44 146.34 148.24 150.09 151.86 153.49 154.94 156.34 157.89 159.60 161.39 162.95 163.12 161.56 158.35 153.70 148.31 142.74 137.11 131.49 125.93 120.51 115.30 110.35 105.74 101.54 97.79 94.59 91.98 90.04 88.83 88.41 88.83 90.00 91.89 94.48 97.72 101.36 105.16 109.05 112.90 116.46 119.48 121.96 123.89 125.29 126.17 126.53 126.40 125.77 124.67 123.09 121.06 118.58 115.66 112.31 108.54 104.38 99.91 95.24 90.46 85.72 81.57 78.45 76.30
137.97 137.36 137.19 137.43 138.03 138.94 140.12 141.52 143.10 144.82 146.62 148.46 150.30 152.09 153.79 155.35 156.72 157.87 158.75 159.46 160.25 161.12 161.73 160.94 158.37 154.22 149.22 143.96 138.54 133.03 127.51 122.03 116.66 111.47 106.53 101.90 97.64 93.83 90.53 87.80 85.71 84.34 83.73 83.97 85.06 86.91 89.46 92.67 96.28 100.05 103.89 107.50 110.64 113.27 115.40 117.05 118.22 118.93 119.19 119.01 118.39 117.35 115.89 114.04 111.80 109.17 106.18 102.82 99.12 95.10 90.85 86.51 82.20 78.50 75.84 74.16
139.53 139.38 139.63 140.23 141.14 142.31 143.70 145.27 146.96 148.74 150.55 152.36 154.11 155.76 157.27 158.59 159.68 160.49 160.97 161.08 160.95 160.80 160.39 158.54 154.99 150.47 145.59 140.47 135.18 129.77 124.32 118.89 113.55 108.36 103.39 98.71 94.39 90.48 87.05 84.18 81.92 80.35 79.53 79.52 80.39 82.15 84.67 87.86 91.43 95.16 98.74 101.89 104.58 106.82 108.63 110.01 110.97 111.53 111.69 111.46 110.86 109.90 108.58 106.92 104.93 102.61 99.99 97.06 93.83 90.33 86.58 82.71 78.87 75.64 73.46 72.05
141.29 141.56 142.19 143.12 144.31 145.71 147.29 148.98 150.76 152.56 154.36 156.09 157.72 159.21 160.49 161.54 162.31 162.74 162.80 162.44 161.62 160.45 158.93 156.06 152.12 147.72 142.98 137.99 132.78 127.45 122.05 116.64 111.30 106.09 101.07 96.31 91.89 87.86 84.29 81.24 78.79 77.00 75.93 75.66 76.24 77.74 80.16 83.31 86.84 90.29 93.36 96.02 98.28 100.15 101.65 102.77 103.53 103.95 104.02 103.78 103.21 102.34 101.17 99.71 97.98 95.99 93.74 91.25 88.52 85.57 82.41 79.08 75.74 73.01 71.10 69.61
143.19 143.86 144.84 146.06 147.50 149.10 150.82 152.62 154.44 156.24 157.98 159.61 161.09 162.37 163.40 164.15 164.56 164.59 164.19 163.33 161.94 160.01 157.50 154.21 150.38 146.12 141.51 136.61 131.48 126.19 120.81 115.40 110.03 104.77 99.67 94.82 90.27 86.09 82.35 79.11 76.43 74.40 73.06 72.49 72.75 73.91 76.04 79.06 82.29 85.19 87.73 89.91 91.76 93.27 94.46 95.34 95.92 96.20 96.21 95.95 95.43 94.66 93.65 92.41 90.96 89.30 87.45 85.40 83.19 80.80 78.27 75.59 72.82 70.37 68.36 66.71
144.89 145.94 147.24 148.74 150.40 152.17 154.01 155.88 157.72 159.50 161.16 162.66 163.96 165.01 165.77 166.19 166.22 165.82 164.94 163.55 161.59 159.07 156.23 153.04 149.37 145.25 140.75 135.93 130.87 125.62 120.25 114.83 109.43 104.11 98.94 93.97 89.29 84.96 81.04 77.59 74.69 72.40 70.78 69.91 69.85 70.66 72.43 75.16 77.90 80.22 82.24 83.96 85.39 86.55 87.44 88.09 88.49 88.65 88.60 88.33 87.86 87.20 86.36 85.35 84.18 82.87 81.41 79.82 78.12 76.31 74.41 72.40 70.11 67.63 65.44 63.62
