data_processed/recharge/precip/Precip_1994_12.asc
ncols        168
nrows        136
xllcorner    455000
yllcorner    2107000
cellsize     500
NODATA_value     -99999
[rows 0 to 35 of 136, columns 80 to 159 of 168]
1.03 1.08 1.11 1.10 1.06 1.00 0.92 0.82 0.70 0.57 0.43 0.29 0.14 0.00 0.00 0.00 0.00 0.00 0.00 0.00 0.00 0.00 0.00 0.00 0.00 0.00 0.00 0.00 0.00 0.00 0.00 0.00 0.00 0.00 0.00 0.00 0.00 0.00 0.00 0.00 0.00 0.00 0.00 0.00 0.00 0.00 0.00 0.00 0.00 0.00 0.00 0.00 0.00 0.00 0.00 0.00 0.00 0.00 0.00 0.00 0.00 0.00 0.00 0.00 0.00 0.00 0.00 0.00 0.00 0.00 0.01 0.04 0.07 0.10 0.14 0.17 0.20 0.21 0.21 0.20
1.34 1.38 1.38 1.35 1.30 1.22 1.13 1.01 0.88 0.74 0.58 0.43 0.27 0.11 0.00 0.00 0.00 0.00 0.00 0.00 0.00 0.00 0.00 0.00 0.00 0.00 0.00 0.00 0.00 0.00 0.00 0.00 0.00 0.00 0.00 0.00 0.00 0.00 0.00 0.00 0.00 0.00 0.00 0.00 0.00 0.00 0.00 0.00 0.02 0.02 0.01 0.00 0.00 0.00 0.00 0.00 0.00 0.00 0.00 0.00 0.00 0.00 0.00 0.00 0.00 0.00 0.00 0.00 0.00 0.00 0.01 0.03 0.06 0.10 0.14 0.18 0.20 0.21 0.22 0.22
1.69 1.70 1.69 1.64 1.57 1.47 1.36 1.22 1.08 0.92 0.75 0.58 0.41 0.24 0.08 0.00 0.00 0.00 0.00 0.00 0.00 0.00 0.00 0.00 0.00 0.00 0.00 0.00 0.00 0.00 0.00 0.00 0.00 0.00 0.00 0.00 0.00 0.00 0.00 0.00 0.00 0.00 0.00 0.00 0.00 0.00 0.00 0.03 0.04 0.04 0.03 0.02 0.00 0.00 0.00 0.00 0.00 0.00 0.00 0.00 0.00 0.00 0.00 0.00 0.00 0.00 0.00 0.00 0.00 0.00 0.00 0.03 0.06 0.10 0.14 0.18 0.20 0.22 0.23 0.24
2.07 2.06 2.02 1.95 1.86 1.75 1.61 1.46 1.30 1.12 0.94 0.76 0.57 0.39 0.21 0.05 0.00 0.00 0.00 0.00 0.00 0.00 0.00 0.00 0.00 0.00 0.00 0.00 0.00 0.00 0.00 0.00 0.00 0.00 0.00 0.00 0.00 0.00 0.00 0.00 0.00 0.00 0.02 0.04 0.06 0.07 0.07 0.08 0.07 0.06 0.05 0.03 0.02 0.01 0.00 0.00 0.00 0.00 0.00 0.00 0.00 0.00 0.00 0.00 0.00 0.00 0.00 0.00 0.00 0.00 0.00 0.03 0.06 0.09 0.13 0.18 0.21 0.24 0.26 0.27
2.51 2.48 2.41 2.32 2.21 2.07 1.91 1.74 1.56 1.37 1.17 0.97 0.76 0.57 0.37 0.19 0.02 0.00 0.00 0.00 0.00 0.00 0.00 0.00 0.00 0.00 0.00 0.00 0.00 0.00 0.00 0.00 0.00 0.00 0.00 0.01 0.05 0.08 0.11 0.14 0.16 0.18 0.19 0.20 0.19 0.19 0.17 0.15 0.12 0.09 0.07 0.05 0.04 0.02 0.01 0.00 0.00 0.00 0.00 0.00 0.00 0.00 0.00 0.00 0.00 0.00 0.00 0.00 0.00 0.00 0.00 0.02 0.05 0.09 0.13 0.17 0.22 0.25 0.28 0.30
3.05 2.98 2.89 2.77 2.63 2.47 2.28 2.09 1.88 1.66 1.44 1.22 1.00 0.78 0.57 0.37 0.18 0.01 0.00 0.00 0.00 0.00 0.00 0.00 0.00 0.00 0.00 0.00 0.00 0.00 0.00 0.02 0.07 0.13 0.18 0.22 0.26 0.29 0.32 0.34 0.36 0.36 0.36 0.35 0.34 0.31 0.27 0.23 0.18 0.13 0.09 0.07 0.05 0.04 0.02 0.00 0.00 0.00 0.00 0.00 0.00 0.00 0.00 0.00 0.00 0.00 0.00 0.00 0.00 0.00 0.00 0.02 0.05 0.09 0.13 0.17 0.21 0.26 0.29 0.32
3.67 3.58 3.45 3.30 3.12 2.93 2.72 2.49 2.26 2.01 1.77 1.52 1.27 1.03 0.79 0.57 0.36 0.17 0.00 0.00 0.00 0.00 0.00 0.00 0.00 0.00 0.00 0.00 0.00 0.03 0.11 0.19 0.25 0.32 0.37 0.42 0.47 0.50 0.53 0.54 0.55 0.55 0.54 0.52 0.48 0.44 0.39 0.32 0.25 0.18 0.13 0.09 0.07 0.05 0.03 0.02 0.00 0.00 0.00 0.00 0.00 0.00 0.00 0.00 0.00 0.00 0.00 0.00 0.00 0.00 0.00 0.02 0.05 0.08 0.12 0.17 0.21 0.26 0.30 0.34
4.35 4.25 4.09 3.90 3.69 3.46 3.21 2.95 2.68 2.41 2.13 1.85 1.57 1.30 1.04 0.79 0.56 0.34 0.14 0.00 0.00 0.00 0.00 0.00 0.00 0.00 0.00 0.00 0.05 0.15 0.25 0.34 0.42 0.49 0.56 0.62 0.66 0.70 0.72 0.74 0.74 0.73 0.71 0.68 0.64 0.58 0.51 0.43 0.35 0.26 0.18 0.13 0.09 0.07 0.05 0.03 0.02 0.00 0.00 0.00 0.00 0.00 0.00 0.00 0.00 0.00 0.00 0.00 0.00 0.00 0.01 0.03 0.05 0.08 0.12 0.16 0.21 0.25 0.30 0.34
5.03 4.96 4.79 4.56 4.31 4.04 3.76 3.46 3.16 2.84 2.53 2.22 1.91 1.60 1.31 1.03 0.76 0.52 0.30 0.11 0.00 0.00 0.00 0.00 0.00 0.00 0.00 0.01 0.13 0.25 0.37 0.48 0.57 0.66 0.73 0.80 0.85 0.89 0.92 0.93 0.93 0.92 0.89 0.85 0.79 0.73 0.65 0.56 0.46 0.35 0.26 0.19 0.13 0.10 0.08 0.06 0.04 0.02 0.00 0.00 0.00 0.00 0.00 0.00 0.00 0.00 0.00 0.00 0.00 0.00 0.02 0.03 0.05 0.08 0.11 0.16 0.20 0.25 0.29 0.34
5.71 5.67 5.53 5.29 5.00 4.68 4.35 4.02 3.67 3.32 2.96 2.61 2.26 1.92 1.59 1.28 0.98 0.70 0.46 0.25 0.08 0.00 0.00 0.00 0.00 0.00 0.00 0.07 0.20 0.33 0.47 0.59 0.71 0.81 0.89 0.97 1.03 1.07 1.10 1.12 1.12 1.10 1.07 1.02 0.96 0.88 0.80 0.70 0.58 0.46 0.35 0.26 0.19 0.14 0.11 0.09 0.07 0.05 0.03 0.02 0.01 0.00 0.00 0.00 0.00 0.00 0.00 0.00 0.01 0.02 0.03 0.04 0.06 0.08 0.11 0.15 0.20 0.24 0.29 0.33
6.37 6.37 6.26 6.04 5.73 5.37 5.00 4.61 4.22 3.82 3.43 3.03 2.64 2.26 1.89 1.53 1.20 0.89 0.63 0.40 0.22 0.08 0.00 0.00 0.00 0.00 0.06 0.15 0.27 0.40 0.55 0.70 0.82 0.94 1.04 1.12 1.19 1.24 1.28 1.30 1.30 1.28 1.24 1.19 1.13 1.05 0.96 0.85 0.72 0.58 0.45 0.35 0.27 0.21 0.16 0.13 0.11 0.09 0.07 0.06 0.04 0.03 0.02 0.02 0.02 0.02 0.02 0.03 0.04 0.04 0.05 0.05 0.06 0.08 0.11 0.15 0.19 0.23 0.28 0.32
7.01 7.04 6.95 6.77 6.48 6.10 5.68 5.24 4.80 4.36 3.91 3.47 3.03 2.60 2.19 1.79 1.43 1.10 0.81 0.56 0.37 0.21 0.12 0.07 0.06 0.09 0.15 0.23 0.34 0.47 0.62 0.78 0.93 1.06 1.17 1.27 1.35 1.41 1.45 1.47 1.48 1.46 1.43 1.38 1.31 1.23 1.13 1.01 0.87 0.71 0.57 0.46 0.37 0.29 0.24 0.19 0.16 0.14 0.12 0.11 0.09 0.08 0.07 0.07 0.07 0.07 0.07 0.08 0.07 0.07 0.06 0.06 0.06 0.07 0.10 0.14 0.18 0.23 0.27 0.32
7.63 7.68 7.62 7.46 7.20 6.84 6.39 5.91 5.41 4.91 4.41 3.92 3.43 2.96 2.49 2.06 1.67 1.32 1.01 0.74 0.53 0.36 0.25 0.19 0.18 0.20 0.25 0.33 0.43 0.56 0.70 0.85 1.01 1.16 1.29 1.41 1.50 1.57 1.62 1.65 1.65 1.64 1.61 1.57 1.50 1.42 1.31 1.18 1.03 0.86 0.71 0.58 0.48 0.40 0.33 0.28 0.24 0.21 0.19 0.17 0.16 0.15 0.14 0.13 0.13 0.13 0.13 0.12 0.11 0.09 0.08 0.07 0.07 0.07 0.10 0.14 0.18 0.22 0.26 0.31
8.23 8.29 8.25 8.11 7.87 7.54 7.11 6.59 6.04 5.48 4.93 4.38 3.84 3.31 2.81 2.35 1.93 1.55 1.22 0.93 0.70 0.52 0.40 0.33 0.31 0.32 0.36 0.43 0.53 0.65 0.78 0.93 1.09 1.25 1.40 1.53 1.63 1.72 1.78 1.81 1.83 1.83 1.81 1.77 1.70 1.61 1.50 1.37 1.20 1.02 0.86 0.72 0.61 0.52 0.44 0.38 0.34 0.30 0.28 0.26 0.24 0.23 0.22 0.22 0.21 0.21 0.20 0.18 0.15 0.12 0.10 0.08 0.07 0.07 0.10 0.13 0.17 0.21 0.26 0.30
8.79 8.86 8.83 8.71 8.49 8.18 7.77 7.27 6.69 6.07 5.46 4.85 4.25 3.68 3.15 2.66 2.21 1.80 1.45 1.14 0.89 0.70 0.56 0.49 0.45 0.46 0.49 0.55 0.64 0.75 0.88 1.02 1.17 1.33 1.49 1.64 1.76 1.86 1.93 1.98 2.01 2.02 2.00 1.97 1.91 1.82 1.70 1.56 1.39 1.20 1.03 0.88 0.76 0.65 0.57 0.50 0.45 0.41 0.38 0.36 0.35 0.34 0.33 0.32 0.31 0.29 0.26 0.23 0.19 0.15 0.12 0.09 0.08 0.08 0.09 0.13 0.17 0.21 0.25 0.29
9.32 9.39 9.37 9.26 9.05 8.75 8.36 7.88 7.31 6.66 5.98 5.31 4.67 4.07 3.50 2.98 2.50 2.07 1.69 1.37 1.10 0.89 0.74 0.65 0.61 0.61 0.63 0.69 0.77 0.87 0.99 1.12 1.27 1.42 1.58 1.74 1.88 1.99 2.08 2.14 2.19 2.21 2.21 2.17 2.12 2.03 1.91 1.76 1.59 1.39 1.20 1.05 0.92 0.81 0.72 0.65 0.59 0.55 0.51 0.49 0.47 0.46 0.45 0.44 0.42 0.38 0.33 0.28 0.23 0.18 0.14 0.10 0.08 0.08 0.09 0.12 0.16 0.20 0.24 0.28
9.80 9.88 9.86 9.75 9.55 9.26 8.88 8.42 7.86 7.22 6.52 5.80 5.12 4.48 3.88 3.32 2.82 2.36 1.96 1.61 1.32 1.10 0.94 0.84 0.79 0.77 0.79 0.83 0.90 1.00 1.11 1.24 1.38 1.52 1.68 1.83 1.98 2.11 2.22 2.31 2.37 2.40 2.41 2.38 2.33 2.25 2.13 1.98 1.79 1.58 1.39 1.23 1.09 0.98 0.88 0.81 0.75 0.70 0.67 0.64 0.62 0.61 0.60 0.57 0.52 0.47 0.41 0.34 0.28 0.22 0.16 0.12 0.09 0.08 0.09 0.12 0.15 0.19 0.23 0.27
10.24 10.31 10.29 10.18 9.99 9.70 9.33 8.87 8.33 7.71 7.03 6.30 5.59 4.91 4.27 3.69 3.15 2.67 2.24 1.87 1.57 1.33 1.15 1.04 0.98 0.95 0.96 1.00 1.06 1.14 1.25 1.37 1.50 1.64 1.78 1.93 2.09 2.24 2.37 2.48 2.55 2.60 2.61 2.60 2.55 2.47 2.35 2.20 2.01 1.79 1.59 1.42 1.28 1.16 1.06 0.98 0.92 0.87 0.84 0.81 0.80 0.78 0.75 0.70 0.63 0.56 0.48 0.40 0.32 0.25 0.19 0.13 0.10 0.08 0.09 0.12 0.15 0.18 0.22 0.26
10.63 10.69 10.66 10.55 10.35 10.06 9.69 9.24 8.71 8.12 7.49 6.80 6.07 5.36 4.69 4.07 3.51 3.00 2.55 2.16 1.83 1.57 1.39 1.26 1.19 1.15 1.15 1.18 1.23 1.31 1.40 1.51 1.64 1.77 1.91 2.06 2.21 2.37 2.51 2.64 2.73 2.79 2.82 2.82 2.77 2.70 2.58 2.43 2.23 2.01 1.81 1.63 1.48 1.36 1.26 1.18 1.11 1.07 1.03 1.01 0.98 0.95 0.89 0.83 0.74 0.65 0.56 0.46 0.37 0.29 0.21 0.15 0.11 0.09 0.09 0.12 0.14 0.18 0.21 0.24
10.96 11.01 10.97 10.84 10.64 10.35 9.97 9.53 9.02 8.47 7.88 7.24 6.55 5.84 5.13 4.48 3.89 3.35 2.88 2.46 2.12 1.84 1.64 1.51 1.42 1.38 1.36 1.38 1.42 1.49 1.57 1.68 1.79 1.92 2.06 2.20 2.36 2.51 2.66 2.80 2.91 2.99 3.03 3.03 3.00 2.93 2.82 2.66 2.46 2.24 2.03 1.85 1.70 1.57 1.47 1.39 1.32 1.28 1.24 1.21 1.17 1.11 1.04 0.95 0.86 0.75 0.64 0.53 0.42 0.32 0.24 0.17 0.12 0.09 0.09 0.11 0.14 0.17 0.20 0.23
11.23 11.26 11.20 11.06 10.84 10.54 10.17 9.74 9.27 8.76 8.21 7.61 6.98 6.30 5.60 4.92 4.29 3.73 3.23 2.79 2.43 2.13 1.92 1.77 1.68 1.62 1.59 1.60 1.63 1.69 1.76 1.86 1.97 2.09 2.23 2.37 2.52 2.67 2.82 2.96 3.09 3.18 3.24 3.26 3.23 3.16 3.06 2.90 2.70 2.47 2.26 2.08 1.93 1.80 1.70 1.61 1.55 1.51 1.47 1.42 1.35 1.27 1.18 1.08 0.97 0.85 0.72 0.59 0.47 0.36 0.27 0.19 0.13 0.10 0.09 0.11 0.14 0.16 0.19 0.22
11.44 11.44 11.36 11.21 10.97 10.66 10.30 9.90 9.46 8.98 8.47 7.92 7.34 6.71 6.06 5.38 4.72 4.13 3.60 3.15 2.76 2.45 2.22 2.06 1.95 1.88 1.84 1.84 1.86 1.91 1.98 2.06 2.17 2.29 2.42 2.57 2.71 2.86 3.01 3.14 3.27 3.38 3.45 3.48 3.46 3.40 3.30 3.15 2.95 2.72 2.50 2.32 2.17 2.04 1.94 1.86 1.79 1.74 1.68 1.61 1.52 1.42 1.31 1.19 1.07 0.94 0.80 0.66 0.53 0.41 0.30 0.21 0.15 0.11 0.10 0.11 0.13 0.16 0.18 0.21
11.58 11.55 11.45 11.26 11.01 10.71 10.37 10.00 9.59 9.15 8.68 8.17 7.63 7.06 6.46 5.83 5.18 4.56 4.01 3.52 3.12 2.79 2.54 2.37 2.25 2.17 2.12 2.10 2.12 2.15 2.21 2.29 2.39 2.51 2.64 2.78 2.93 3.07 3.21 3.35 3.47 3.57 3.65 3.70 3.70 3.65 3.55 3.40 3.20 2.97 2.75 2.57 2.41 2.29 2.19 2.11 2.04 1.97 1.88 1.78 1.67 1.56 1.43 1.30 1.16 1.02 0.88 0.73 0.59 0.45 0.33 0.24 0.16 0.12 0.10 0.11 0.13 0.15 0.17 0.20
11.65 11.58 11.44 11.24 10.99 10.70 10.39 10.04 9.66 9.26 8.82 8.36 7.86 7.34 6.80 6.22 5.62 5.01 4.44 3.93 3.50 3.16 2.89 2.71 2.57 2.48 2.42 2.39 2.39 2.42 2.47 2.55 2.65 2.76 2.89 3.03 3.17 3.31 3.44 3.57 3.69 3.79 3.87 3.92 3.93 3.89 3.80 3.66 3.46 3.22 3.01 2.83 2.67 2.55 2.45 2.37 2.28 2.17 2.06 1.94 1.81 1.68 1.54 1.39 1.24 1.09 0.94 0.79 0.64 0.50 0.37 0.26 0.18 0.13 0.11 0.12 0.13 0.15 0.17 0.19
11.63 11.53 11.36 11.15 10.91 10.64 10.35 10.03 9.68 9.30 8.91 8.48 8.03 7.56 7.07 6.55 6.02 5.46 4.89 4.37 3.92 3.55 3.27 3.07 2.92 2.82 2.74 2.70 2.69 2.72 2.77 2.84 2.93 3.04 3.17 3.30 3.43 3.57 3.70 3.82 3.93 4.02 4.10 4.15 4.16 4.14 4.05 3.91 3.72 3.49 3.27 3.09 2.94 2.82 2.72 2.61 2.49 2.36 2.22 2.08 1.93 1.78 1.62 1.47 1.31 1.15 0.99 0.84 0.69 0.54 0.41 0.29 0.20 0.14 0.12 0.12 0.13 0.14 0.16 0.17
11.54 11.40 11.22 11.02 10.79 10.54 10.26 9.96 9.64 9.30 8.93 8.55 8.15 7.72 7.28 6.82 6.35 5.85 5.34 4.83 4.36 3.97 3.67 3.46 3.30 3.18 3.10 3.05 3.03 3.05 3.09 3.16 3.25 3.35 3.47 3.60 3.72 3.85 3.98 4.09 4.20 4.28 4.35 4.39 4.40 4.38 4.31 4.18 3.99 3.76 3.54 3.37 3.22 3.09 2.96 2.82 2.67 2.52 2.36 2.20 2.03 1.86 1.69 1.52 1.36 1.19 1.03 0.87 0.72 0.58 0.44 0.32 0.22 0.15 0.12 0.12 0.13 0.14 0.15 0.16
11.36 11.21 11.03 10.83 10.62 10.38 10.12 9.84 9.55 9.24 8.91 8.56 8.20 7.83 7.43 7.03 6.61 6.18 5.74 5.28 4.83 4.42 4.11 3.88 3.71 3.57 3.48 3.42 3.40 3.41 3.45 3.51 3.59 3.69 3.80 3.92 4.04 4.17 4.28 4.39 4.49 4.57 4.62 4.66 4.66 4.63 4.56 4.44 4.26 4.03 3.82 3.65 3.49 3.34 3.18 3.01 2.83 2.65 2.47 2.29 2.10 1.92 1.74 1.56 1.38 1.21 1.05 0.89 0.74 0.60 0.47 0.35 0.24 0.17 0.13 0.13 0.13 0.14 0.14 0.15
11.14 10.98 10.80 10.61 10.40 10.17 9.93 9.67 9.41 9.12 8.83 8.52 8.20 7.87 7.53 7.18 6.82 6.45 6.07 5.68 5.29 4.91 4.58 4.33 4.14 4.00 3.89 3.83 3.80 3.81 3.84 3.90 3.97 4.06 4.17 4.28 4.39 4.51 4.62 4.72 4.80 4.87 4.92 4.95 4.94 4.90 4.83 4.71 4.53 4.31 4.10 3.92 3.74 3.55 3.36 3.16 2.96 2.76 2.56 2.35 2.15 1.95 1.76 1.57 1.39 1.21 1.04 0.88 0.73 0.60 0.47 0.36 0.26 0.19 0.14 0.13 0.13 0.13 0.13 0.13
10.87 10.70 10.52 10.33 10.13 9.92 9.69 9.46 9.21 8.96 8.69 8.42 8.14 7.85 7.56 7.26 6.96 6.65 6.34 6.02 5.70 5.38 5.07 4.81 4.61 4.46 4.35 4.28 4.24 4.24 4.27 4.32 4.38 4.47 4.56 4.66 4.77 4.88 4.98 5.07 5.14 5.21 5.24 5.26 5.24 5.20 5.11 4.98 4.81 4.59 4.38 4.16 3.95 3.73 3.50 3.28 3.05 2.83 2.61 2.39 2.17 1.96 1.75 1.55 1.36 1.18 1.01 0.85 0.70 0.57 0.45 0.35 0.27 0.20 0.16 0.14 0.13 0.13 0.12 0.11
10.56 10.39 10.21 10.02 9.83 9.62 9.41 9.19 8.97 8.74 8.51 8.27 8.03 7.79 7.54 7.29 7.05 6.80 6.55 6.30 6.05 5.80 5.56 5.34 5.14 4.98 4.86 4.78 4.74 4.73 4.74 4.78 4.84 4.92 5.00 5.09 5.19 5.28 5.37 5.45 5.52 5.57 5.60 5.60 5.57 5.51 5.41 5.27 5.09 4.86 4.61 4.37 4.12 3.87 3.62 3.36 3.11 2.87 2.62 2.39 2.15 1.93 1.71 1.51 1.31 1.13 0.95 0.80 0.65 0.52 0.41 0.32 0.25 0.20 0.17 0.15 0.14 0.12 0.11 0.09
10.28 10.10 9.92 9.73 9.53 9.33 9.13 8.93 8.72 8.52 8.31 8.10 7.90 7.69 7.49 7.29 7.09 6.89 6.70 6.52 6.34 6.16 6.04 6.03 5.91 5.74 5.60 5.50 5.44 5.41 5.41 5.43 5.47 5.52 5.59 5.66 5.73 5.81 5.87 5.93 5.98 6.01 6.01 5.99 5.95 5.86 5.74 5.58 5.37 5.11 4.83 4.54 4.26 3.98 3.70 3.42 3.15 2.88 2.62 2.36 2.12 1.88 1.65 1.44 1.24 1.05 0.88 0.72 0.58 0.46 0.35 0.27 0.21 0.18 0.17 0.18 0.16 0.14 0.12 0.09
10.08 9.88 9.68 9.48 9.28 9.08 8.89 8.69 8.50 8.31 8.12 7.94 7.76 7.58 7.42 7.26 7.10 6.96 6.82 6.69 6.57 6.51 6.61 6.84 6.93 6.83 6.67 6.53 6.44 6.37 6.33 6.32 6.32 6.34 6.37 6.41 6.44 6.48 6.51 6.54 6.54 6.53 6.50 6.45 6.36 6.24 6.08 5.88 5.63 5.33 5.02 4.71 4.39 4.08 3.77 3.47 3.17 2.88 2.60 2.32 2.06 1.81 1.58 1.36 1.15 0.96 0.78 0.63 0.49 0.37 0.28 0.21 0.16 0.15 0.17 0.20 0.21 0.19 0.16 0.12
9.95 9.73 9.51 9.30 9.09 8.88 8.68 8.49 8.30 8.12 7.94 7.78 7.62 7.47 7.34 7.21 7.09 6.99 6.90 6.82 6.80 6.95 7.28 7.74 8.06 8.14 8.03 7.85 7.70 7.59 7.50 7.43 7.38 7.35 7.33 7.31 7.30 7.28 7.26 7.23 7.19 7.12 7.04 6.93 6.79 6.62 6.41 6.16 5.87 5.54 5.20 4.85 4.51 4.16 3.83 3.50 3.18 2.87 2.56 2.28 2.00 1.74 1.49 1.26 1.05 0.85 0.68 0.52 0.39 0.28 0.20 0.14 0.11 0.12 0.16 0.23 0.26 0.26 0.23 0.18
9.89 9.66 9.42 9.18 8.95 8.73 8.52 8.32 8.14 7.96 7.79 7.64 7.49 7.37 7.25 7.15 7.07 7.00 6.95 6.96 7.14 7.51 8.06 8.71 9.23 9.51 9.56 9.42 9.21 9.03 8.87 8.74 8.62 8.52 8.43 8.35 8.27 8.18 8.09 7.99 7.88 7.75 7.60 7.42 7.21 6.97 6.71 6.42 6.09 5.73 5.36 4.99 4.61 4.24 3.88 3.52 3.18 2.85 2.53 2.22 1.93 1.66 1.40 1.16 0.94 0.75 0.57 0.42 0.29 0.18 0.11 0.06 0.06 0.09 0.16 0.25 0.30 0.33 0.31 0.27
9.88 9.65 9.40 9.14 8.88 8.64 8.42 8.21 8.01 7.83 7.66 7.52 7.38 7.27 7.17 7.09 7.04 7.00 7.03 7.22 7.62 8.19 8.92 9.76 10.45 10.91 11.13 11.13 10.93 10.67 10.43 10.21 10.01 9.83 9.66 9.49 9.32 9.15 8.98 8.80 8.60 8.38 8.14 7.88 7.59 7.30 6.98 6.65 6.29 5.90 5.51 5.11 4.71 4.32 3.93 3.55 3.18 2.82 2.49 2.16 1.86 1.57 1.31 1.06 0.84 0.64 0.46 0.31 0.18 0.09 0.02 0.00 0.02 0.07 0.16 0.26 0.34 0.39 0.40 0.37
9.92 9.70 9.44 9.17 8.89 8.62 8.37 8.15 7.94 7.74 7.57 7.42 7.29 7.18 7.10 7.04 7.00 7.03 7.23 7.63 8.21 8.96 9.86 10.86 11.70 12.31 12.68 12.82 12.75 12.48 12.14 11.83 11.53 11.25 10.97 10.70 10.44 10.17 9.90 9.61 9.31 8.99 8.66 8.30 7.95 7.60 7.24 6.87 6.48 6.06 5.64 5.22 4.80 4.39 3.98 3.57 3.18 2.81 2.45 2.11 1.79 1.49 1.22 0.96 0.73 0.53 0.35 0.20 0.08 0.00 0.00 0.00 0.00 0.05 0.16 0.28 0.37 0.44 0.47 0.47
