data_processed/recharge/precip/Precip_1985_09.asc
ncols        168
nrows        136
xllcorner    455000
yllcorner    2107000
cellsize     500
NODATA_value     -99999
[rows 0 to 31 of 136, columns 0 to 73 of 168]
141.73 136.87 132.04 127.25 122.53 117.90 113.37 109.01 104.83 100.86 97.11 93.61 90.39 87.45 84.83 82.48 80.33 78.37 76.59 74.99 73.57 72.33 71.25 70.34 69.54 68.77 68.04 67.33 66.66 66.02 65.42 64.84 64.29 63.77 63.28 62.82 62.39 61.99 61.62 61.27 60.95 60.66 60.40 60.16 59.95 59.77 59.61 59.47 59.36 59.28 59.22 59.18 59.17 59.18 59.21 59.27 59.35 59.45 59.57 59.72 59.90 60.12 60.38 60.68 61.03 61.43 61.88 62.38 62.92 63.48 64.04 64.61 65.18 65.75
145.45 140.46 135.49 130.56 125.69 120.92 116.27 111.79 107.48 103.38 99.50 95.87 92.50 89.42 86.65 84.16 81.86 79.74 77.81 76.06 74.49 73.09 71.86 70.80 69.90 69.10 68.35 67.62 66.93 66.27 65.64 65.04 64.47 63.93 63.42 62.94 62.49 62.06 61.67 61.30 60.96 60.65 60.37 60.11 59.88 59.67 59.50 59.34 59.21 59.11 59.03 58.98 58.94 58.94 58.95 58.99 59.05 59.13 59.24 59.38 59.55 59.77 60.02 60.32 60.67 61.06 61.50 61.99 62.52 63.07 63.62 64.18 64.75 65.32
149.01 143.90 138.80 133.74 128.74 123.85 119.10 114.50 110.08 105.86 101.86 98.09 94.59 91.38 88.46 85.82 83.38 81.12 79.05 77.15 75.43 73.88 72.51 71.30 70.26 69.37 68.59 67.84 67.13 66.45 65.80 65.18 64.59 64.03 63.51 63.01 62.54 62.10 61.68 61.30 60.94 60.61 60.31 60.04 59.79 59.57 59.37 59.20 59.06 58.94 58.84 58.77 58.72 58.70 58.70 58.72 58.77 58.84 58.94 59.07 59.24 59.45 59.70 59.99 60.33 60.71 61.14 61.62 62.15 62.69 63.23 63.79 64.35 64.92
152.43 147.20 141.98 136.80 131.70 126.71 121.86 117.15 112.62 108.29 104.16 100.28 96.65 93.31 90.26 87.49 84.91 82.51 80.29 78.26 76.40 74.71 73.19 71.84 70.66 69.64 68.77 68.00 67.27 66.58 65.91 65.27 64.67 64.10 63.55 63.04 62.55 62.10 61.67 61.27 60.90 60.55 60.24 59.95 59.69 59.45 59.24 59.06 58.90 58.77 58.66 58.57 58.51 58.48 58.47 58.48 58.51 58.57 58.67 58.80 58.96 59.16 59.41 59.69 60.02 60.39 60.81 61.28 61.80 62.33 62.87 63.41 63.97 64.53
155.70 150.36 145.03 139.76 134.58 129.50 124.55 119.74 115.11 110.66 106.43 102.43 98.69 95.22 92.04 89.14 86.43 83.90 81.55 79.38 77.39 75.57 73.92 72.43 71.11 69.96 68.96 68.11 67.36 66.65 65.97 65.32 64.71 64.12 63.56 63.04 62.54 62.07 61.63 61.22 60.84 60.48 60.15 59.85 59.58 59.33 59.11 58.92 58.75 58.61 58.49 58.39 58.32 58.28 58.26 58.26 58.29 58.34 58.43 58.56 58.72 58.91 59.15 59.42 59.74 60.10 60.51 60.97 61.47 61.99 62.52 63.06 63.61 64.17
158.82 153.39 147.98 142.64 137.37 132.21 127.16 122.27 117.54 112.99 108.65 104.55 100.69 97.10 93.81 90.78 87.95 85.29 82.82 80.53 78.41 76.46 74.68 73.07 71.62 70.33 69.21 68.24 67.41 66.68 65.99 65.33 64.71 64.11 63.54 63.01 62.50 62.02 61.57 61.15 60.76 60.40 60.06 59.75 59.47 59.22 58.99 58.79 58.61 58.46 58.34 58.23 58.16 58.11 58.08 58.07 58.10 58.15 58.23 58.35 58.50 58.69 58.91 59.18 59.49 59.84 60.24 60.68 61.17 61.68 62.20 62.73 63.27 63.82
161.81 156.30 150.83 145.42 140.08 134.83 129.71 124.73 119.91 115.27 110.83 106.62 102.66 98.96 95.56 92.41 89.46 86.69 84.10 81.69 79.45 77.38 75.48 73.75 72.18 70.77 69.52 68.42 67.48 66.68 65.98 65.31 64.68 64.08 63.50 62.96 62.45 61.96 61.51 61.08 60.68 60.31 59.97 59.66 59.37 59.11 58.88 58.67 58.49 58.34 58.21 58.10 58.02 57.97 57.93 57.92 57.94 57.99 58.06 58.17 58.32 58.49 58.71 58.97 59.26 59.60 59.99 60.42 60.90 61.39 61.90 62.42 62.95 63.50
164.68 159.11 153.58 148.10 142.70 137.38 132.18 127.12 122.22 117.49 112.96 108.66 104.60 100.80 97.29 94.03 90.97 88.09 85.39 82.86 80.51 78.33 76.32 74.47 72.78 71.26 69.89 68.68 67.62 66.71 65.94 65.27 64.63 64.02 63.44 62.90 62.38 61.89 61.43 61.01 60.61 60.23 59.89 59.57 59.29 59.02 58.79 58.58 58.40 58.24 58.11 58.00 57.92 57.86 57.82 57.81 57.82 57.86 57.93 58.03 58.16 58.33 58.53 58.78 59.06 59.39 59.76 60.18 60.64 61.13 61.62 62.13 62.65 63.19
167.43 161.82 156.23 150.70 145.23 139.85 134.58 129.45 124.47 119.66 115.05 110.66 106.50 102.61 99.00 95.64 92.47 89.49 86.68 84.05 81.60 79.31 77.19 75.23 73.44 71.81 70.33 69.01 67.84 66.82 65.94 65.21 64.56 63.95 63.37 62.83 62.31 61.82 61.36 60.93 60.53 60.16 59.82 59.50 59.22 58.96 58.72 58.51 58.33 58.18 58.05 57.94 57.86 57.79 57.75 57.73 57.73 57.76 57.82 57.91 58.03 58.19 58.39 58.62 58.89 59.20 59.56 59.97 60.41 60.88 61.36 61.86 62.37 62.90
170.07 164.41 158.78 153.20 147.67 142.24 136.91 131.71 126.66 121.78 117.09 112.62 108.38 104.39 100.69 97.23 93.97 90.89 87.99 85.26 82.70 80.31 78.09 76.04 74.14 72.41 70.83 69.40 68.13 67.00 66.03 65.19 64.49 63.87 63.30 62.75 62.24 61.75 61.30 60.87 60.48 60.11 59.77 59.46 59.17 58.92 58.69 58.48 58.31 58.16 58.03 57.92 57.83 57.76 57.71 57.68 57.67 57.69 57.74 57.82 57.94 58.08 58.26 58.48 58.74 59.04 59.38 59.77 60.20 60.65 61.12 61.60 62.11 62.62
172.59 166.90 161.23 155.60 150.03 144.54 139.16 133.90 128.79 123.84 119.08 114.53 110.22 106.15 102.36 98.82 95.46 92.29 89.30 86.48 83.83 81.35 79.03 76.88 74.89 73.06 71.39 69.87 68.50 67.27 66.20 65.26 64.47 63.80 63.23 62.69 62.18 61.70 61.25 60.83 60.44 60.08 59.74 59.44 59.16 58.91 58.69 58.49 58.32 58.18 58.05 57.93 57.84 57.76 57.70 57.66 57.65 57.66 57.70 57.76 57.86 58.00 58.17 58.37 58.61 58.90 59.22 59.59 60.01 60.44 60.90 61.37 61.86 62.36
174.99 169.28 163.57 157.91 152.30 146.77 141.33 136.02 130.85 125.85 121.02 116.41 112.02 107.88 104.01 100.38 96.95 93.69 90.61 87.71 84.97 82.41 80.01 77.77 75.69 73.77 72.01 70.40 68.94 67.62 66.45 65.43 64.54 63.79 63.17 62.63 62.13 61.66 61.22 60.80 60.42 60.07 59.75 59.45 59.18 58.94 58.73 58.54 58.38 58.24 58.10 57.98 57.88 57.79 57.72 57.67 57.65 57.65 57.68 57.73 57.82 57.94 58.09 58.28 58.51 58.78 59.09 59.44 59.83 60.25 60.69 61.15 61.62 62.11
177.28 171.54 165.81 160.12 154.47 148.91 143.43 138.07 132.86 127.80 122.92 118.24 113.79 109.58 105.63 101.93 98.42 95.09 91.94 88.95 86.14 83.49 81.01 78.69 76.54 74.54 72.69 71.00 69.45 68.05 66.80 65.69 64.71 63.87 63.17 62.59 62.10 61.64 61.21 60.81 60.44 60.10 59.79 59.50 59.25 59.02 58.82 58.65 58.49 58.33 58.19 58.06 57.95 57.85 57.77 57.72 57.68 57.67 57.68 57.73 57.80 57.90 58.04 58.22 58.43 58.68 58.97 59.30 59.68 60.08 60.50 60.94 61.40 61.88
179.45 173.70 167.95 162.23 156.56 150.96 145.45 140.06 134.80 129.69 124.76 120.03 115.52 111.25 107.24 103.47 99.89 96.49 93.26 90.21 87.32 84.60 82.05 79.66 77.43 75.35 73.43 71.66 70.04 68.56 67.23 66.04 64.98 64.07 63.28 62.63 62.10 61.65 61.23 60.85 60.49 60.17 59.87 59.61 59.37 59.15 58.97 58.79 58.62 58.46 58.31 58.18 58.05 57.95 57.86 57.79 57.74 57.72 57.72 57.75 57.81 57.89 58.02 58.17 58.37 58.60 58.87 59.18 59.54 59.92 60.32 60.75 61.19 61.66
181.50 175.74 169.98 164.24 158.55 152.93 147.39 141.97 136.67 131.52 126.55 121.77 117.21 112.88 108.82 104.99 101.34 97.88 94.59 91.47 88.52 85.74 83.12 80.66 78.36 76.21 74.22 72.38 70.69 69.15 67.74 66.48 65.36 64.37 63.51 62.78 62.18 61.70 61.30 60.93 60.59 60.29 60.01 59.76 59.54 59.34 59.15 58.97 58.80 58.63 58.47 58.32 58.19 58.07 57.97 57.89 57.83 57.79 57.78 57.79 57.83 57.91 58.01 58.15 58.32 58.54 58.79 59.08 59.42 59.78 60.16 60.57 61.00 61.45
183.43 177.67 171.90 166.16 160.45 154.81 149.26 143.80 138.48 133.30 128.29 123.47 118.87 114.49 110.37 106.49 102.79 99.27 95.92 92.74 89.73 86.89 84.21 81.70 79.33 77.13 75.08 73.18 71.42 69.81 68.34 67.02 65.83 64.77 63.84 63.05 62.38 61.84 61.41 61.06 60.74 60.45 60.20 59.97 59.77 59.57 59.38 59.19 59.00 58.83 58.66 58.50 58.36 58.23 58.11 58.02 57.94 57.89 57.86 57.86 57.89 57.94 58.03 58.15 58.30 58.50 58.73 59.00 59.31 59.65 60.02 60.41 60.82 61.25
185.24 179.48 173.72 167.97 162.26 156.61 151.04 145.57 140.22 135.02 129.98 125.13 120.48 116.07 111.90 107.97 104.22 100.65 97.25 94.02 90.97 88.07 85.34 82.77 80.35 78.09 75.99 74.03 72.22 70.55 69.03 67.64 66.39 65.28 64.29 63.44 62.71 62.10 61.61 61.24 60.94 60.68 60.45 60.24 60.04 59.84 59.64 59.44 59.24 59.06 58.88 58.71 58.55 58.41 58.28 58.17 58.09 58.02 57.97 57.95 57.96 58.00 58.06 58.16 58.30 58.47 58.68 58.93 59.22 59.54 59.88 60.25 60.65 61.07
186.93 181.18 175.43 169.68 163.97 158.32 152.74 147.26 141.90 136.68 131.61 126.73 122.06 117.61 113.40 109.43 105.64 102.03 98.59 95.31 92.21 89.27 86.49 83.88 81.41 79.11 76.95 74.95 73.08 71.37 69.79 68.36 67.05 65.89 64.85 63.94 63.15 62.49 61.95 61.53 61.21 60.97 60.76 60.56 60.35 60.14 59.93 59.72 59.52 59.32 59.13 58.95 58.78 58.62 58.48 58.36 58.25 58.17 58.10 58.07 58.06 58.07 58.12 58.20 58.31 58.46 58.65 58.88 59.14 59.44 59.76 60.11 60.49 60.89
188.49 182.76 177.03 171.29 165.59 159.94 154.36 148.88 143.51 138.27 133.19 128.29 123.59 119.12 114.88 110.87 107.05 103.40 99.92 96.61 93.47 90.49 87.68 85.02 82.52 80.17 77.97 75.92 74.02 72.26 70.64 69.16 67.81 66.60 65.51 64.56 63.73 63.02 62.43 61.95 61.59 61.33 61.12 60.91 60.69 60.47 60.26 60.04 59.82 59.61 59.41 59.21 59.03 58.86 58.70 58.56 58.44 58.34 58.26 58.20 58.17 58.17 58.19 58.25 58.34 58.47 58.63 58.84 59.08 59.35 59.65 59.98 60.33 60.72
189.93 184.23 178.52 172.80 167.11 161.47 155.90 150.42 145.04 139.80 134.72 129.80 125.09 120.59 116.33 112.29 108.44 104.76 101.25 97.91 94.74 91.73 88.88 86.19 83.66 81.28 79.04 76.96 75.02 73.23 71.57 70.05 68.66 67.41 66.29 65.29 64.42 63.67 63.03 62.52 62.11 61.78 61.53 61.30 61.07 60.84 60.61 60.38 60.16 59.93 59.72 59.51 59.31 59.12 58.95 58.79 58.65 58.53 58.43 58.36 58.31 58.28 58.29 58.32 58.39 58.49 58.63 58.81 59.02 59.27 59.55 59.85 60.19 60.55
191.25 185.58 179.89 174.21 168.54 162.92 157.36 151.88 146.51 141.28 136.19 131.27 126.54 122.03 117.75 113.69 109.82 106.11 102.58 99.22 96.02 92.99 90.12 87.40 84.84 82.43 80.17 78.06 76.09 74.26 72.58 71.03 69.61 68.33 67.17 66.14 65.23 64.45 63.78 63.22 62.74 62.34 62.00 61.73 61.49 61.25 61.00 60.76 60.52 60.28 60.05 59.83 59.61 59.41 59.22 59.05 58.89 58.75 58.63 58.53 58.46 58.41 58.39 58.41 58.45 58.53 58.64 58.79 58.98 59.20 59.46 59.74 60.05 60.40
192.44 186.82 181.16 175.51 169.87 164.27 158.73 153.27 147.91 142.68 137.60 132.68 127.95 123.43 119.14 115.07 111.18 107.46 103.91 100.53 97.32 94.27 91.38 88.64 86.06 83.63 81.35 79.21 77.22 75.38 73.67 72.09 70.65 69.34 68.16 67.10 66.17 65.35 64.65 64.03 63.48 62.99 62.58 62.23 61.94 61.68 61.42 61.17 60.91 60.66 60.42 60.18 59.95 59.72 59.52 59.32 59.14 58.98 58.84 58.72 58.63 58.56 58.52 58.51 58.53 58.58 58.66 58.79 58.95 59.14 59.37 59.63 59.92 60.25
193.51 187.93 182.32 176.70 171.10 165.53 160.01 154.58 149.24 144.03 138.95 134.04 129.31 124.79 120.50 116.42 112.52 108.80 105.24 101.85 98.63 95.56 92.66 89.91 87.32 84.87 82.58 80.43 78.42 76.56 74.83 73.24 71.78 70.45 69.25 68.17 67.22 66.38 65.62 64.93 64.30 63.74 63.25 62.82 62.45 62.15 61.88 61.61 61.34 61.07 60.81 60.55 60.30 60.06 59.83 59.62 59.42 59.24 59.08 58.94 58.82 58.73 58.66 58.62 58.61 58.64 58.70 58.79 58.93 59.10 59.30 59.53 59.80 60.10
194.45 188.92 183.36 177.79 172.23 166.69 161.21 155.81 150.50 145.30 140.25 135.35 130.63 126.12 121.82 117.75 113.85 110.12 106.56 103.17 99.94 96.87 93.96 91.21 88.61 86.16 83.86 81.70 79.69 77.81 76.08 74.47 73.00 71.66 70.45 69.36 68.38 67.49 66.67 65.90 65.21 64.58 64.01 63.50 63.06 62.68 62.36 62.07 61.78 61.50 61.22 60.95 60.68 60.42 60.17 59.94 59.72 59.51 59.33 59.16 59.02 58.90 58.81 58.75 58.72 58.71 58.74 58.81 58.91 59.05 59.23 59.44 59.68 59.96
195.27 189.80 184.29 178.77 173.25 167.77 162.33 156.96 151.68 146.51 141.48 136.61 131.91 127.40 123.12 119.05 115.15 111.43 107.88 104.49 101.26 98.20 95.29 92.54 89.94 87.49 85.19 83.03 81.01 79.14 77.40 75.79 74.32 72.97 71.75 70.65 69.63 68.67 67.78 66.95 66.19 65.49 64.85 64.27 63.75 63.30 62.90 62.57 62.26 61.96 61.66 61.37 61.08 60.80 60.53 60.27 60.03 59.81 59.60 59.41 59.24 59.10 58.98 58.89 58.83 58.80 58.80 58.84 58.91 59.02 59.17 59.35 59.57 59.82
195.95 190.55 185.11 179.64 174.18 168.75 163.35 158.03 152.79 147.66 142.66 137.81 133.13 128.65 124.38 120.32 116.44 112.73 109.19 105.81 102.60 99.54 96.64 93.90 91.31 88.86 86.57 84.41 82.40 80.53 78.79 77.19 75.72 74.38 73.15 72.01 70.93 69.91 68.96 68.06 67.23 66.47 65.76 65.11 64.52 64.00 63.53 63.12 62.76 62.44 62.12 61.81 61.50 61.20 60.91 60.63 60.37 60.12 59.88 59.67 59.48 59.31 59.16 59.04 58.95 58.89 58.86 58.87 58.91 58.99 59.11 59.26 59.45 59.68
196.51 191.18 185.81 180.41 175.01 169.63 164.29 159.02 153.82 148.74 143.77 138.96 134.31 129.86 125.61 121.57 117.71 114.02 110.50 107.13 103.94 100.90 98.01 95.28 92.71 90.28 87.99 85.85 83.85 81.99 80.27 78.67 77.21 75.87 74.61 73.41 72.27 71.20 70.19 69.23 68.34 67.51 66.73 66.02 65.37 64.77 64.23 63.75 63.32 62.95 62.61 62.27 61.94 61.62 61.31 61.01 60.72 60.44 60.18 59.94 59.72 59.53 59.35 59.20 59.08 58.99 58.93 58.91 58.92 58.97 59.05 59.18 59.35 59.55
196.94 191.69 186.39 181.07 175.74 170.42 165.14 159.92 154.78 149.75 144.83 140.05 135.45 131.02 126.81 122.80 118.96 115.29 111.79 108.46 105.28 102.26 99.40 96.70 94.14 91.73 89.47 87.35 85.36 83.52 81.81 80.24 78.78 77.41 76.10 74.85 73.66 72.53 71.46 70.45 69.50 68.60 67.77 66.99 66.27 65.61 65.00 64.45 63.95 63.51 63.12 62.76 62.41 62.06 61.73 61.40 61.08 60.78 60.50 60.23 59.98 59.76 59.55 59.38 59.22 59.10 59.01 58.95 58.93 58.95 59.00 59.10 59.24 59.41
197.23 192.07 186.86 181.61 176.36 171.11 165.90 160.75 155.67 150.68 145.82 141.09 136.53 132.15 127.97 123.99 120.19 116.55 113.08 109.78 106.63 103.65 100.81 98.13 95.61 93.22 90.99 88.89 86.94 85.12 83.43 81.87 80.39 78.97 77.61 76.32 75.08 73.89 72.77 71.71 70.70 69.75 68.85 68.01 67.23 66.50 65.83 65.21 64.65 64.13 63.68 63.27 62.89 62.52 62.16 61.81 61.47 61.14 60.83 60.53 60.25 60.00 59.77 59.56 59.37 59.22 59.10 59.00 58.95 58.93 58.96 59.02 59.13 59.28
197.40 192.33 187.21 182.05 176.87 171.71 166.57 161.49 156.47 151.55 146.75 142.08 137.56 133.23 129.09 125.15 121.39 117.80 114.36 111.10 107.99 105.04 102.24 99.60 97.10 94.76 92.55 90.49 88.57 86.78 85.12 83.54 82.01 80.55 79.15 77.80 76.52 75.29 74.11 72.99 71.93 70.93 69.97 69.08 68.24 67.45 66.71 66.03 65.40 64.82 64.30 63.82 63.39 63.00 62.61 62.23 61.86 61.51 61.17 60.84 60.54 60.25 59.99 59.75 59.53 59.34 59.19 59.06 58.97 58.92 58.91 58.95 59.02 59.14
197.43 192.46 187.44 182.37 177.29 172.21 167.15 162.14 157.20 152.35 147.61 143.00 138.55 134.27 130.18 126.29 122.57 119.02 115.64 112.41 109.35 106.44 103.69 101.09 98.63 96.33 94.16 92.14 90.26 88.50 86.82 85.20 83.64 82.14 80.70 79.31 77.97 76.70 75.48 74.31 73.20 72.14 71.13 70.18 69.28 68.43 67.64 66.90 66.20 65.56 64.97 64.43 63.94 63.49 63.08 62.67 62.28 61.89 61.52 61.17 60.83 60.51 60.22 59.94 59.69 59.47 59.28 59.12 58.99 58.91 58.87 58.87 58.92 59.01
197.34 192.47 187.55 182.58 177.59 172.60 167.64 162.71 157.85 153.08 148.41 143.87 139.48 135.26 131.23 127.39 123.73 120.23 116.90 113.73 110.71 107.85 105.15 102.60 100.19 97.93 95.82 93.84 91.99 90.22 88.52 86.86 85.27 83.73 82.24 80.81 79.44 78.12 76.85 75.64 74.48 73.37 72.32 71.31 70.36 69.46 68.61 67.80 67.05 66.35 65.70 65.09 64.53 64.03 63.56 63.12 62.70 62.29 61.89 61.50 61.13 60.78 60.45 60.15 59.86 59.61 59.38 59.18 59.02 58.90 58.82 58.79 58.81 58.87
