data_processed/recharge/precip/Precip_1987_03.asc
ncols        168
nrows        136
xllcorner    455000
yllcorner    2107000
cellsize     500
NODATA_value     -99999
[rows 0 to 34 of 136, columns 0 to 78 of 168]
33.49 32.77 32.12 31.55 31.04 30.58 30.17 29.81 29.47 29.16 28.87 28.59 28.31 28.03 27.72 27.37 26.99 26.58 26.14 25.64 25.10 24.52 23.91 23.31 22.78 22.35 22.01 21.76 21.60 21.50 21.48 21.52 21.62 21.77 21.96 22.19 22.45 22.79 23.30 23.98 24.84 25.85 26.76 27.32 27.50 27.33 26.83 26.14 25.36 24.50 23.57 22.59 21.57 20.52 19.45 18.38 17.32 16.28 15.28 14.32 13.42 12.62 11.91 11.30 10.78 10.33 9.90 9.51 9.14 8.80 8.55 8.44 8.46 8.61 8.87 9.23 9.69 10.23 10.84
33.97 33.23 32.55 31.96 31.43 30.96 30.54 30.16 29.82 29.52 29.23 28.95 28.69 28.40 28.09 27.75 27.38 26.99 26.57 26.10 25.58 25.01 24.41 23.77 23.14 22.59 22.15 21.79 21.53 21.34 21.24 21.20 21.23 21.31 21.45 21.63 21.91 22.35 23.00 23.82 24.81 25.94 26.98 27.68 28.02 28.02 27.67 27.02 26.20 25.30 24.33 23.31 22.24 21.15 20.05 18.94 17.84 16.76 15.72 14.74 13.83 13.03 12.32 11.70 11.17 10.70 10.26 9.85 9.46 9.10 8.78 8.54 8.45 8.49 8.66 8.94 9.33 9.82 10.39
34.31 33.61 32.93 32.31 31.76 31.27 30.85 30.47 30.13 29.82 29.54 29.27 29.00 28.71 28.39 28.05 27.69 27.31 26.92 26.48 25.98 25.42 24.83 24.19 23.53 22.88 22.31 21.84 21.46 21.18 20.98 20.85 20.80 20.81 20.88 21.05 21.41 21.97 22.72 23.65 24.74 25.98 27.12 27.94 28.41 28.55 28.36 27.86 27.07 26.12 25.11 24.04 22.93 21.80 20.65 19.49 18.35 17.23 16.16 15.17 14.27 13.47 12.76 12.13 11.59 11.11 10.66 10.23 9.82 9.45 9.10 8.80 8.58 8.51 8.57 8.76 9.08 9.50 10.02
34.50 33.88 33.24 32.62 32.05 31.56 31.12 30.74 30.40 30.09 29.82 29.55 29.26 28.95 28.63 28.29 27.94 27.58 27.21 26.80 26.32 25.77 25.18 24.55 23.89 23.20 22.52 21.92 21.42 21.02 20.72 20.49 20.35 20.27 20.32 20.55 21.00 21.65 22.49 23.49 24.66 25.97 27.20 28.10 28.68 28.94 28.88 28.52 27.86 26.94 25.87 24.76 23.60 22.41 21.22 20.02 18.83 17.67 16.60 15.62 14.73 13.94 13.23 12.60 12.05 11.55 11.09 10.65 10.23 9.84 9.48 9.15 8.86 8.67 8.61 8.70 8.92 9.27 9.72
34.54 34.01 33.46 32.90 32.33 31.83 31.39 31.00 30.66 30.36 30.07 29.77 29.46 29.14 28.81 28.48 28.14 27.80 27.46 27.07 26.61 26.08 25.50 24.86 24.19 23.49 22.77 22.06 21.43 20.91 20.48 20.15 19.90 19.78 19.86 20.17 20.68 21.39 22.28 23.35 24.57 25.92 27.20 28.17 28.83 29.18 29.23 28.98 28.46 27.65 26.61 25.44 24.23 22.99 21.74 20.48 19.26 18.10 17.05 16.08 15.21 14.42 13.71 13.08 12.52 12.02 11.55 11.10 10.67 10.27 9.89 9.55 9.24 8.97 8.80 8.77 8.89 9.14 9.52
34.45 34.01 33.56 33.10 32.60 32.10 31.66 31.27 30.93 30.62 30.29 29.97 29.63 29.30 28.96 28.63 28.30 27.99 27.67 27.30 26.86 26.35 25.77 25.14 24.47 23.76 23.02 22.26 21.52 20.85 20.30 19.84 19.53 19.42 19.55 19.90 20.45 21.20 22.12 23.22 24.46 25.84 27.15 28.16 28.87 29.28 29.41 29.26 28.84 28.15 27.22 26.06 24.79 23.49 22.18 20.89 19.66 18.53 17.50 16.55 15.69 14.91 14.21 13.58 13.02 12.51 12.03 11.57 11.13 10.72 10.34 9.98 9.66 9.37 9.13 8.98 8.98 9.13 9.42
34.24 33.90 33.55 33.20 32.82 32.39 31.95 31.57 31.21 30.85 30.49 30.13 29.78 29.43 29.09 28.76 28.45 28.15 27.86 27.52 27.09 26.59 26.02 25.40 24.72 24.00 23.24 22.46 21.66 20.88 20.19 19.64 19.33 19.25 19.40 19.76 20.32 21.08 22.01 23.10 24.35 25.73 27.03 28.06 28.80 29.25 29.43 29.35 29.01 28.42 27.58 26.52 25.25 23.90 22.54 21.26 20.06 18.96 17.95 17.02 16.18 15.41 14.71 14.09 13.53 13.02 12.53 12.06 11.62 11.20 10.81 10.44 10.11 9.81 9.55 9.33 9.21 9.24 9.46
33.93 33.69 33.45 33.21 32.94 32.64 32.28 31.88 31.48 31.07 30.68 30.29 29.91 29.55 29.21 28.88 28.58 28.30 28.03 27.72 27.31 26.83 26.27 25.64 24.96 24.23 23.46 22.66 21.83 20.99 20.22 19.65 19.33 19.25 19.39 19.74 20.30 21.04 21.95 23.02 24.24 25.59 26.87 27.88 28.62 29.09 29.30 29.25 28.97 28.44 27.69 26.72 25.54 24.20 22.86 21.61 20.45 19.38 18.39 17.49 16.66 15.90 15.22 14.60 14.04 13.53 13.04 12.57 12.12 11.69 11.29 10.92 10.58 10.27 10.00 9.76 9.58 9.52 9.66
33.54 33.40 33.27 33.14 32.99 32.81 32.56 32.19 31.75 31.30 30.86 30.45 30.05 29.68 29.33 29.00 28.71 28.45 28.21 27.92 27.54 27.07 26.52 25.89 25.21 24.47 23.68 22.86 22.01 21.18 20.45 19.89 19.55 19.44 19.55 19.86 20.38 21.07 21.94 22.96 24.13 25.42 26.65 27.63 28.34 28.80 29.01 28.98 28.73 28.24 27.55 26.65 25.57 24.39 23.15 21.94 20.82 19.78 18.82 17.94 17.13 16.39 15.72 15.11 14.55 14.04 13.55 13.08 12.63 12.20 11.79 11.42 11.07 10.76 10.48 10.23 10.06 9.97 10.03
33.08 33.04 33.02 33.00 32.98 32.90 32.72 32.42 32.02 31.54 31.07 30.62 30.20 29.81 29.46 29.14 28.86 28.62 28.41 28.14 27.78 27.32 26.78 26.16 25.47 24.72 23.92 23.08 22.24 21.49 20.86 20.34 19.98 19.81 19.86 20.12 20.57 21.20 21.99 22.94 24.03 25.24 26.40 27.31 27.97 28.39 28.58 28.54 28.28 27.82 27.15 26.32 25.39 24.40 23.35 22.24 21.16 20.16 19.23 18.38 17.59 16.87 16.21 15.60 15.06 14.55 14.06 13.59 13.13 12.71 12.30 11.92 11.57 11.25 10.97 10.75 10.61 10.55 10.57
32.57 32.63 32.72 32.82 32.89 32.87 32.76 32.54 32.22 31.79 31.30 30.82 30.38 29.98 29.62 29.31 29.04 28.81 28.63 28.39 28.05 27.61 27.07 26.45 25.76 25.00 24.19 23.36 22.61 21.96 21.40 20.95 20.60 20.38 20.35 20.52 20.87 21.41 22.11 22.95 23.94 25.05 26.10 26.92 27.51 27.87 28.00 27.93 27.65 27.17 26.54 25.82 25.06 24.25 23.39 22.46 21.47 20.51 19.61 18.78 18.02 17.32 16.68 16.09 15.55 15.04 14.56 14.09 13.64 13.21 12.81 12.43 12.07 11.76 11.50 11.31 11.21 11.17 11.21
32.01 32.18 32.38 32.57 32.69 32.72 32.68 32.54 32.31 31.98 31.55 31.06 30.60 30.19 29.82 29.51 29.25 29.05 28.90 28.68 28.36 27.93 27.41 26.79 26.10 25.33 24.54 23.80 23.15 22.57 22.08 21.67 21.35 21.12 21.00 21.06 21.30 21.72 22.29 23.01 23.87 24.84 25.77 26.48 26.96 27.23 27.29 27.15 26.82 26.34 25.79 25.22 24.61 23.96 23.26 22.51 21.69 20.82 19.96 19.16 18.43 17.75 17.12 16.55 16.02 15.52 15.04 14.58 14.13 13.71 13.30 12.93 12.58 12.29 12.07 11.92 11.84 11.83 11.88
31.43 31.70 31.98 32.21 32.38 32.47 32.50 32.44 32.30 32.07 31.75 31.33 30.87 30.45 30.08 29.77 29.52 29.34 29.21 29.03 28.73 28.31 27.80 27.18 26.49 25.75 25.05 24.41 23.83 23.32 22.88 22.50 22.20 21.97 21.81 21.75 21.85 22.12 22.55 23.12 23.82 24.63 25.41 25.97 26.33 26.48 26.44 26.22 25.84 25.42 24.98 24.53 24.06 23.55 23.00 22.41 21.75 21.04 20.27 19.51 18.80 18.14 17.54 16.98 16.46 15.97 15.50 15.05 14.61 14.19 13.79 13.42 13.10 12.85 12.67 12.55 12.50 12.50 12.56
30.83 31.17 31.49 31.75 31.96 32.12 32.21 32.24 32.20 32.07 31.87 31.57 31.19 30.77 30.40 30.10 29.86 29.70 29.60 29.44 29.16 28.76 28.25 27.64 26.98 26.34 25.74 25.18 24.67 24.21 23.80 23.44 23.14 22.89 22.70 22.57 22.53 22.63 22.88 23.27 23.80 24.43 25.02 25.42 25.62 25.63 25.47 25.16 24.81 24.47 24.13 23.79 23.43 23.04 22.63 22.17 21.66 21.10 20.48 19.80 19.13 18.50 17.92 17.38 16.87 16.40 15.94 15.49 15.06 14.65 14.26 13.92 13.65 13.44 13.29 13.20 13.16 13.18 13.25
30.19 30.56 30.89 31.20 31.46 31.68 31.84 31.95 32.00 31.98 31.90 31.73 31.49 31.16 30.80 30.50 30.28 30.14 30.07 29.93 29.67 29.29 28.79 28.22 27.65 27.11 26.60 26.11 25.65 25.23 24.84 24.48 24.17 23.89 23.66 23.47 23.32 23.25 23.30 23.49 23.80 24.22 24.61 24.82 24.84 24.69 24.40 24.09 23.80 23.53 23.27 23.01 22.74 22.46 22.16 21.82 21.45 21.02 20.55 20.01 19.41 18.81 18.26 17.74 17.25 16.79 16.34 15.90 15.48 15.09 14.73 14.44 14.21 14.03 13.91 13.84 13.82 13.85 13.92
29.46 29.85 30.21 30.56 30.87 31.15 31.39 31.58 31.73 31.82 31.85 31.81 31.71 31.53 31.27 31.00 30.79 30.67 30.62 30.52 30.28 29.91 29.46 28.99 28.52 28.07 27.62 27.19 26.77 26.37 25.98 25.62 25.28 24.96 24.66 24.40 24.16 23.95 23.80 23.76 23.84 24.03 24.18 24.17 23.99 23.68 23.36 23.08 22.83 22.61 22.41 22.22 22.03 21.83 21.62 21.38 21.12 20.82 20.47 20.06 19.59 19.07 18.54 18.05 17.58 17.13 16.70 16.28 15.87 15.51 15.21 14.96 14.76 14.62 14.52 14.47 14.46 14.49 14.56
28.66 29.06 29.45 29.83 30.20 30.54 30.85 31.13 31.38 31.57 31.73 31.82 31.86 31.84 31.74 31.58 31.40 31.30 31.29 31.21 30.99 30.67 30.32 29.95 29.58 29.20 28.81 28.42 28.02 27.63 27.23 26.84 26.46 26.08 25.71 25.36 25.01 24.68 24.37 24.10 23.92 23.85 23.74 23.49 23.11 22.74 22.42 22.15 21.93 21.74 21.58 21.43 21.30 21.17 21.03 20.88 20.71 20.51 20.27 19.98 19.64 19.23 18.77 18.30 17.86 17.43 17.01 16.61 16.25 15.94 15.68 15.47 15.30 15.19 15.11 15.07 15.07 15.10 15.16
27.78 28.20 28.62 29.04 29.46 29.86 30.25 30.62 30.96 31.27 31.54 31.77 31.95 32.08 32.16 32.17 32.12 32.06 32.07 32.02 31.85 31.64 31.39 31.12 30.82 30.50 30.15 29.78 29.40 29.00 28.58 28.15 27.71 27.26 26.81 26.35 25.88 25.41 24.95 24.48 24.05 23.68 23.30 22.81 22.34 21.94 21.61 21.34 21.12 20.94 20.80 20.69 20.59 20.51 20.43 20.34 20.24 20.12 19.97 19.78 19.55 19.26 18.91 18.50 18.08 17.67 17.28 16.92 16.61 16.34 16.13 15.95 15.82 15.72 15.66 15.63 15.63 15.65 15.70
26.83 27.26 27.72 28.18 28.65 29.12 29.59 30.04 30.48 30.90 31.30 31.66 31.99 32.28 32.52 32.71 32.84 32.92 32.98 32.99 32.93 32.83 32.67 32.48 32.24 31.96 31.64 31.29 30.90 30.48 30.02 29.54 29.03 28.50 27.94 27.36 26.76 26.14 25.50 24.85 24.19 23.54 22.89 22.28 21.75 21.31 20.95 20.66 20.42 20.24 20.10 20.00 19.92 19.87 19.82 19.78 19.73 19.68 19.60 19.49 19.34 19.15 18.91 18.60 18.24 17.86 17.51 17.20 16.94 16.72 16.54 16.40 16.29 16.21 16.16 16.13 16.13 16.14 16.18
25.83 26.28 26.77 27.27 27.79 28.33 28.87 29.41 29.94 30.47 30.99 31.48 31.95 32.40 32.80 33.17 33.49 33.77 34.00 34.14 34.20 34.19 34.12 33.99 33.79 33.55 33.24 32.89 32.48 32.02 31.52 30.97 30.38 29.74 29.07 28.35 27.61 26.82 26.01 25.16 24.29 23.42 22.62 21.93 21.34 20.85 20.43 20.10 19.83 19.62 19.47 19.36 19.29 19.24 19.22 19.21 19.20 19.18 19.16 19.11 19.04 18.93 18.77 18.56 18.29 17.98 17.69 17.44 17.23 17.05 16.90 16.78 16.69 16.63 16.58 16.56 16.55 16.55 16.56
24.85 25.31 25.80 26.33 26.89 27.47 28.07 28.68 29.30 29.92 30.54 31.15 31.75 32.33 32.89 33.42 33.91 34.40 34.92 35.30 35.48 35.56 35.55 35.48 35.32 35.10 34.80 34.43 33.99 33.49 32.93 32.30 31.62 30.87 30.07 29.22 28.31 27.35 26.35 25.29 24.23 23.26 22.41 21.65 20.98 20.41 19.94 19.55 19.24 19.00 18.82 18.70 18.62 18.57 18.56 18.56 18.58 18.60 18.62 18.62 18.61 18.57 18.49 18.37 18.20 18.00 17.79 17.59 17.42 17.28 17.17 17.07 17.00 16.95 16.91 16.88 16.86 16.85 16.84
23.94 24.38 24.86 25.40 25.97 26.58 27.21 27.87 28.55 29.25 29.95 30.66 31.36 32.06 32.75 33.42 34.10 34.84 35.63 36.29 36.67 36.85 36.91 36.88 36.75 36.54 36.24 35.85 35.38 34.82 34.19 33.48 32.69 31.83 30.90 29.89 28.82 27.67 26.47 25.23 24.08 23.08 22.19 21.37 20.63 19.99 19.45 19.00 18.64 18.35 18.14 17.99 17.89 17.84 17.82 17.84 17.87 17.92 17.97 18.02 18.06 18.08 18.07 18.03 17.96 17.87 17.76 17.63 17.51 17.41 17.32 17.26 17.20 17.16 17.13 17.10 17.07 17.04 17.01
23.12 23.51 23.97 24.49 25.06 25.67 26.33 27.01 27.74 28.48 29.25 30.03 30.82 31.62 32.41 33.23 34.12 35.10 36.14 37.04 37.68 38.04 38.17 38.17 38.07 37.86 37.54 37.13 36.61 36.00 35.29 34.48 33.58 32.59 31.52 30.35 29.10 27.77 26.39 25.08 23.90 22.87 21.94 21.09 20.30 19.58 18.97 18.45 18.03 17.69 17.44 17.25 17.13 17.06 17.04 17.05 17.09 17.16 17.24 17.32 17.40 17.47 17.53 17.57 17.59 17.60 17.59 17.55 17.49 17.43 17.38 17.33 17.30 17.27 17.24 17.20 17.17 17.13 17.07
22.41 22.75 23.16 23.64 24.18 24.78 25.43 26.13 26.87 27.65 28.46 29.29 30.15 31.03 31.94 32.93 34.02 35.20 36.45 37.57 38.42 39.00 39.29 39.34 39.25 39.04 38.70 38.25 37.68 37.00 36.20 35.29 34.27 33.15 31.92 30.59 29.16 27.66 26.21 24.89 23.69 22.63 21.67 20.79 19.97 19.21 18.52 17.93 17.44 17.04 16.74 16.51 16.35 16.26 16.22 16.22 16.27 16.34 16.44 16.55 16.66 16.78 16.89 16.99 17.10 17.20 17.28 17.34 17.36 17.35 17.33 17.31 17.29 17.27 17.24 17.21 17.16 17.10 17.03
21.85 22.12 22.46 22.88 23.38 23.94 24.57 25.25 25.99 26.78 27.61 28.48 29.39 30.34 31.39 32.54 33.79 35.14 36.57 37.87 38.92 39.69 40.17 40.35 40.29 40.06 39.69 39.19 38.56 37.80 36.91 35.89 34.74 33.48 32.09 30.58 28.99 27.44 25.99 24.65 23.44 22.36 21.38 20.47 19.62 18.84 18.11 17.45 16.88 16.42 16.05 15.77 15.57 15.45 15.38 15.37 15.41 15.48 15.59 15.72 15.86 16.00 16.16 16.32 16.50 16.68 16.84 16.98 17.09 17.15 17.18 17.18 17.18 17.17 17.14 17.10 17.05 16.97 16.87
21.39 21.63 21.89 22.23 22.66 23.17 23.75 24.41 25.12 25.90 26.74 27.62 28.57 29.62 30.78 32.06 33.44 34.94 36.51 37.97 39.17 40.11 40.75 41.10 41.13 40.90 40.50 39.95 39.24 38.39 37.40 36.26 34.98 33.56 32.00 30.35 28.71 27.17 25.72 24.38 23.16 22.06 21.06 20.13 19.27 18.46 17.71 17.01 16.38 15.84 15.41 15.07 14.82 14.65 14.55 14.51 14.53 14.60 14.71 14.84 14.99 15.16 15.35 15.56 15.80 16.06 16.30 16.51 16.69 16.82 16.91 16.95 16.97 16.97 16.94 16.90 16.83 16.74 16.62
20.97 21.24 21.47 21.72 22.06 22.50 23.02 23.62 24.29 25.04 25.86 26.75 27.76 28.89 30.14 31.51 32.99 34.59 36.29 37.87 39.19 40.26 41.03 41.52 41.69 41.53 41.10 40.49 39.70 38.76 37.65 36.39 34.96 33.38 31.68 29.99 28.38 26.85 25.41 24.07 22.85 21.74 20.73 19.78 18.90 18.08 17.31 16.60 15.93 15.33 14.82 14.41 14.10 13.88 13.74 13.67 13.67 13.72 13.80 13.92 14.07 14.26 14.48 14.73 15.03 15.35 15.65 15.92 16.16 16.37 16.52 16.62 16.66 16.67 16.65 16.60 16.52 16.41 16.26
20.57 20.89 21.16 21.38 21.62 21.95 22.39 22.92 23.53 24.23 25.02 25.94 26.98 28.15 29.46 30.89 32.44 34.12 35.90 37.57 38.99 40.15 41.03 41.61 41.89 41.85 41.46 40.80 39.93 38.88 37.65 36.25 34.67 32.96 31.24 29.58 27.99 26.48 25.05 23.72 22.50 21.39 20.37 19.41 18.52 17.69 16.92 16.19 15.51 14.88 14.30 13.82 13.44 13.16 12.97 12.86 12.82 12.83 12.89 12.99 13.13 13.32 13.56 13.84 14.18 14.56 14.91 15.24 15.54 15.79 16.00 16.15 16.24 16.27 16.25 16.20 16.11 15.98 15.80
20.21 20.57 20.88 21.13 21.34 21.57 21.89 22.33 22.86 23.50 24.28 25.19 26.24 27.43 28.75 30.21 31.80 33.53 35.36 37.09 38.57 39.79 40.74 41.40 41.76 41.79 41.49 40.84 39.89 38.73 37.38 35.83 34.13 32.40 30.72 29.10 27.54 26.06 24.65 23.34 22.12 21.00 19.98 19.03 18.13 17.30 16.52 15.78 15.10 14.46 13.86 13.31 12.85 12.51 12.26 12.09 12.00 11.95 11.97 12.04 12.16 12.35 12.60 12.91 13.28 13.70 14.10 14.48 14.82 15.12 15.37 15.57 15.70 15.77 15.76 15.70 15.60 15.45 15.25
19.87 20.27 20.63 20.93 21.17 21.35 21.56 21.88 22.32 22.91 23.64 24.52 25.55 26.72 28.03 29.49 31.09 32.83 34.68 36.43 37.94 39.20 40.19 40.89 41.28 41.37 41.12 40.52 39.57 38.31 36.81 35.15 33.45 31.78 30.15 28.57 27.04 25.59 24.21 22.91 21.70 20.60 19.58 18.62 17.73 16.90 16.11 15.38 14.70 14.05 13.45 12.88 12.36 11.94 11.62 11.38 11.21 11.10 11.06 11.09 11.19 11.36 11.61 11.93 12.34 12.79 13.23 13.64 14.02 14.36 14.64 14.87 15.04 15.14 15.17 15.12 15.00 14.83 14.64
19.56 20.01 20.40 20.74 21.03 21.25 21.41 21.61 21.96 22.47 23.13 23.94 24.91 26.03 27.30 28.73 30.30 32.02 33.86 35.60 37.11 38.37 39.37 40.07 40.49 40.59 40.36 39.79 38.86 37.56 35.98 34.33 32.69 31.08 29.50 27.97 26.49 25.07 23.72 22.44 21.26 20.16 19.15 18.20 17.32 16.49 15.71 14.98 14.30 13.67 13.06 12.50 11.96 11.47 11.06 10.72 10.46 10.27 10.17 10.15 10.22 10.37 10.61 10.94 11.36 11.84 12.31 12.75 13.16 13.52 13.83 14.09 14.28 14.41 14.46 14.42 14.31 14.15 14.01
19.29 19.76 20.20 20.58 20.91 21.18 21.38 21.55 21.79 22.18 22.74 23.46 24.34 25.38 26.58 27.93 29.45 31.12 32.91 34.62 36.10 37.33 38.29 38.98 39.37 39.46 39.22 38.64 37.71 36.45 34.98 33.42 31.85 30.31 28.79 27.31 25.88 24.50 23.18 21.94 20.77 19.70 18.70 17.76 16.89 16.07 15.31 14.59 13.92 13.29 12.70 12.14 11.61 11.08 10.57 10.12 9.76 9.49 9.32 9.25 9.27 9.39 9.61 9.94 10.36 10.86 11.35 11.81 12.24 12.62 12.95 13.22 13.43 13.57 13.64 13.62 13.55 13.46 13.37
19.04 19.55 20.02 20.44 20.81 21.13 21.40 21.62 21.81 22.07 22.49 23.08 23.84 24.76 25.86 27.12 28.54 30.13 31.85 33.49 34.90 36.07 36.97 37.61 37.95 37.99 37.70 37.09 36.16 35.05 33.80 32.41 30.94 29.46 28.01 26.59 25.21 23.88 22.61 21.40 20.26 19.20 18.22 17.31 16.45 15.65 14.90 14.20 13.55 12.93 12.36 11.81 11.26 10.71 10.14 9.60 9.13 8.77 8.52 8.38 8.35 8.43 8.62 8.93 9.36 9.87 10.37 10.84 11.28 11.66 12.00 12.29 12.50 12.65 12.72 12.75 12.75 12.74 12.71
18.82 19.36 19.86 20.32 20.73 21.10 21.42 21.70 21.93 22.12 22.38 22.81 23.42 24.20 25.16 26.29 27.59 29.06 30.68 32.21 33.53 34.60 35.42 35.96 36.22 36.18 35.83 35.18 34.37 33.44 32.40 31.23 29.93 28.55 27.17 25.82 24.49 23.22 21.99 20.82 19.71 18.68 17.73 16.84 16.00 15.22 14.50 13.82 13.18 12.59 12.03 11.47 10.90 10.31 9.72 9.14 8.58 8.12 7.78 7.56 7.47 7.50 7.66 7.95 8.37 8.88 9.38 9.85 10.29 10.67 11.01 11.29 11.51 11.66 11.76 11.85 11.93 12.00 12.05
18.63 19.20 19.73 20.22 20.68 21.08 21.45 21.76 22.03 22.25 22.42 22.67 23.09 23.70 24.48 25.45 26.60 27.93 29.40 30.81 31.99 32.94 33.64 34.06 34.21 34.06 33.64 33.07 32.41 31.66 30.81 29.85 28.76 27.55 26.26 24.98 23.72 22.50 21.32 20.20 19.13 18.14 17.21 16.35 15.54 14.79 14.09 13.44 12.83 12.26 11.69 11.10 10.50 9.89 9.29 8.69 8.10 7.55 7.11 6.81 6.65 6.62 6.74 7.00 7.40 7.90 8.39 8.85 9.28 9.66 9.99 10.26 10.47 10.63 10.79 10.95 11.10 11.24 11.36
