data_processed/recharge/precip/Precip_2003_04.asc
ncols        168
nrows        136
xllcorner    455000
yllcorner    2107000
cellsize     500
NODATA_value     -99999
[rows 102 to 135 of 136, columns 77 to 153 of 168]
16.77 16.42 16.07 15.73 15.42 15.14 14.90 14.69 14.53 14.40 14.32 14.28 14.29 14.35 14.47 14.64 14.87 15.16 15.49 15.86 16.26 16.69 17.16 17.55 17.78 17.85 17.79 17.61 17.37 17.12 16.89 16.66 16.46 16.28 16.13 16.02 15.94 15.91 15.93 16.00 16.14 16.34 16.61 16.94 17.28 17.62 17.93 18.22 18.49 18.76 19.04 19.32 19.61 19.90 20.19 20.46 20.72 20.97 21.20 21.42 21.62 21.80 21.97 22.11 22.23 22.32 22.40 22.44 22.46 22.47 22.48 22.50 22.51 22.51 22.50 22.49 22.48
16.58 16.21 15.85 15.52 15.22 14.95 14.71 14.51 14.34 14.22 14.14 14.10 14.11 14.18 14.29 14.46 14.68 14.97 15.32 15.71 16.13 16.59 17.08 17.49 17.73 17.82 17.77 17.63 17.48 17.32 17.16 17.01 16.86 16.72 16.61 16.51 16.45 16.42 16.44 16.49 16.60 16.76 16.98 17.26 17.60 17.94 18.26 18.55 18.81 19.07 19.34 19.62 19.90 20.18 20.45 20.71 20.96 21.20 21.43 21.64 21.84 22.02 22.18 22.32 22.44 22.55 22.62 22.67 22.70 22.70 22.69 22.69 22.68 22.67 22.66 22.64 22.62
16.46 16.08 15.73 15.41 15.11 14.84 14.60 14.40 14.24 14.11 14.03 13.99 14.00 14.06 14.16 14.33 14.54 14.82 15.16 15.56 16.01 16.49 16.99 17.42 17.68 17.78 17.78 17.75 17.69 17.61 17.53 17.43 17.34 17.24 17.16 17.09 17.04 17.01 17.01 17.05 17.12 17.24 17.41 17.64 17.92 18.25 18.57 18.86 19.11 19.36 19.62 19.89 20.16 20.42 20.68 20.93 21.18 21.41 21.63 21.84 22.03 22.21 22.37 22.52 22.64 22.75 22.83 22.89 22.93 22.93 22.92 22.89 22.87 22.85 22.82 22.80 22.76
16.44 16.07 15.72 15.39 15.09 14.82 14.59 14.38 14.21 14.08 13.99 13.95 13.95 14.00 14.09 14.25 14.45 14.72 15.04 15.43 15.88 16.38 16.91 17.35 17.63 17.79 17.89 17.96 18.00 18.00 17.99 17.95 17.91 17.86 17.80 17.75 17.71 17.68 17.67 17.68 17.73 17.80 17.92 18.08 18.29 18.55 18.85 19.13 19.38 19.62 19.88 20.14 20.39 20.64 20.89 21.13 21.36 21.59 21.80 22.01 22.20 22.38 22.54 22.69 22.82 22.93 23.02 23.08 23.13 23.15 23.15 23.12 23.07 23.04 23.00 22.96 22.91
16.53 16.16 15.81 15.48 15.18 14.90 14.66 14.45 14.27 14.13 14.03 13.98 13.97 14.00 14.09 14.23 14.42 14.67 14.98 15.35 15.78 16.28 16.82 17.29 17.63 17.90 18.11 18.28 18.41 18.49 18.55 18.58 18.58 18.56 18.54 18.50 18.47 18.44 18.41 18.40 18.41 18.44 18.50 18.59 18.73 18.90 19.13 19.39 19.62 19.86 20.10 20.34 20.58 20.82 21.06 21.29 21.52 21.74 21.95 22.15 22.34 22.52 22.68 22.83 22.97 23.08 23.18 23.25 23.31 23.34 23.35 23.33 23.29 23.24 23.19 23.12 23.05
16.74 16.36 16.01 15.67 15.36 15.08 14.82 14.60 14.41 14.26 14.15 14.08 14.06 14.08 14.15 14.27 14.44 14.67 14.96 15.31 15.72 16.20 16.74 17.27 17.73 18.12 18.45 18.72 18.93 19.09 19.22 19.30 19.35 19.37 19.37 19.35 19.32 19.28 19.24 19.21 19.18 19.16 19.16 19.19 19.25 19.33 19.46 19.63 19.83 20.05 20.28 20.51 20.74 20.96 21.19 21.42 21.64 21.85 22.06 22.26 22.44 22.62 22.79 22.94 23.08 23.20 23.31 23.40 23.46 23.51 23.53 23.53 23.50 23.45 23.38 23.29 23.18
16.92 16.53 16.17 15.83 15.52 15.22 14.96 14.73 14.53 14.37 14.25 14.16 14.12 14.13 14.18 14.29 14.44 14.65 14.92 15.25 15.64 16.10 16.65 17.27 17.86 18.37 18.81 19.18 19.48 19.73 19.92 20.06 20.16 20.22 20.24 20.24 20.22 20.18 20.12 20.06 19.99 19.93 19.88 19.84 19.82 19.82 19.85 19.89 19.94 20.11 20.32 20.54 20.76 20.99 21.21 21.43 21.65 21.87 22.08 22.28 22.47 22.66 22.83 23.00 23.15 23.28 23.40 23.50 23.59 23.65 23.70 23.72 23.71 23.67 23.58 23.45 23.32
16.90 16.52 16.16 15.82 15.50 15.21 14.94 14.71 14.50 14.34 14.21 14.12 14.07 14.06 14.11 14.20 14.34 14.54 14.80 15.11 15.49 15.96 16.55 17.22 17.90 18.53 19.09 19.56 19.96 20.29 20.55 20.76 20.91 21.02 21.08 21.10 21.08 21.04 20.98 20.90 20.81 20.70 20.60 20.50 20.40 20.32 20.24 20.11 19.96 19.96 20.14 20.36 20.59 20.82 21.05 21.28 21.51 21.74 21.96 22.18 22.39 22.60 22.79 22.98 23.15 23.31 23.46 23.59 23.70 23.79 23.87 23.92 23.94 23.89 23.78 23.64 23.47
16.69 16.32 15.96 15.63 15.31 15.03 14.76 14.53 14.33 14.16 14.03 13.94 13.89 13.88 13.92 14.01 14.15 14.34 14.59 14.90 15.29 15.80 16.44 17.15 17.87 18.59 19.26 19.85 20.35 20.77 21.12 21.39 21.60 21.76 21.86 21.90 21.91 21.88 21.81 21.72 21.60 21.46 21.31 21.16 21.00 20.82 20.58 20.26 19.91 19.73 19.77 19.97 20.22 20.47 20.72 20.97 21.23 21.48 21.73 21.98 22.22 22.46 22.68 22.90 23.11 23.31 23.49 23.67 23.82 23.96 24.08 24.15 24.16 24.10 23.99 23.84 23.65
16.32 15.94 15.60 15.28 14.98 14.70 14.45 14.22 14.03 13.87 13.74 13.66 13.61 13.61 13.65 13.73 13.87 14.06 14.31 14.64 15.08 15.63 16.31 17.06 17.82 18.59 19.34 20.04 20.65 21.17 21.60 21.95 22.23 22.43 22.58 22.66 22.69 22.67 22.61 22.51 22.37 22.21 22.02 21.81 21.57 21.26 20.84 20.34 19.82 19.47 19.35 19.44 19.68 19.96 20.24 20.53 20.82 21.12 21.41 21.69 21.98 22.26 22.53 22.80 23.06 23.30 23.54 23.76 23.97 24.16 24.31 24.38 24.38 24.32 24.20 24.04 23.83
15.87 15.43 15.09 14.78 14.50 14.24 14.00 13.79 13.61 13.46 13.35 13.28 13.24 13.24 13.29 13.39 13.54 13.73 14.01 14.38 14.86 15.46 16.17 16.96 17.76 18.56 19.35 20.13 20.85 21.47 21.99 22.42 22.77 23.04 23.24 23.36 23.42 23.42 23.36 23.26 23.11 22.92 22.70 22.44 22.07 21.59 21.01 20.35 19.68 19.18 18.93 18.88 19.03 19.32 19.65 19.99 20.33 20.67 21.01 21.35 21.69 22.03 22.36 22.69 23.00 23.31 23.61 23.90 24.18 24.40 24.55 24.61 24.60 24.53 24.40 24.23 24.02
15.39 14.86 14.46 14.16 13.90 13.66 13.44 13.26 13.10 12.97 12.87 12.81 12.79 12.81 12.88 12.99 13.15 13.38 13.69 14.11 14.64 15.27 16.02 16.84 17.67 18.51 19.33 20.15 20.94 21.67 22.29 22.81 23.24 23.57 23.82 23.99 24.09 24.11 24.07 23.97 23.82 23.61 23.35 22.97 22.46 21.84 21.12 20.32 19.50 18.87 18.49 18.33 18.38 18.60 18.96 19.36 19.76 20.16 20.57 20.98 21.38 21.79 22.19 22.59 22.98 23.36 23.74 24.10 24.42 24.65 24.78 24.83 24.82 24.74 24.60 24.42 24.20
14.88 14.27 13.79 13.44 13.19 12.98 12.79 12.63 12.50 12.39 12.32 12.29 12.29 12.33 12.42 12.55 12.74 13.02 13.38 13.84 14.41 15.08 15.86 16.71 17.58 18.44 19.30 20.14 20.97 21.77 22.49 23.10 23.61 24.02 24.33 24.55 24.69 24.75 24.73 24.64 24.48 24.25 23.89 23.38 22.74 21.99 21.15 20.23 19.29 18.55 18.06 17.81 17.76 17.91 18.23 18.66 19.14 19.62 20.10 20.59 21.07 21.56 22.05 22.53 23.01 23.48 23.94 24.35 24.67 24.88 25.01 25.05 25.03 24.94 24.80 24.61 24.38
14.34 13.67 13.12 12.70 12.41 12.21 12.06 11.93 11.83 11.76 11.72 11.71 11.74 11.81 11.92 12.09 12.33 12.66 13.07 13.57 14.17 14.88 15.69 16.57 17.46 18.35 19.24 20.11 20.97 21.80 22.59 23.30 23.89 24.38 24.76 25.04 25.22 25.31 25.32 25.25 25.08 24.77 24.29 23.68 22.93 22.07 21.12 20.09 19.05 18.21 17.64 17.30 17.19 17.27 17.54 17.96 18.49 19.06 19.63 20.21 20.79 21.37 21.95 22.53 23.10 23.67 24.19 24.60 24.91 25.11 25.23 25.26 25.23 25.13 24.99 24.79 24.56
13.79 13.06 12.45 11.97 11.62 11.39 11.26 11.17 11.11 11.07 11.07 11.10 11.16 11.27 11.42 11.64 11.93 12.30 12.75 13.29 13.93 14.67 15.51 16.42 17.33 18.25 19.16 20.06 20.94 21.79 22.61 23.39 24.07 24.64 25.10 25.44 25.68 25.81 25.85 25.78 25.55 25.14 24.57 23.86 23.02 22.07 21.03 19.91 18.79 17.87 17.23 16.83 16.66 16.70 16.93 17.33 17.87 18.51 19.18 19.86 20.55 21.23 21.92 22.61 23.29 23.93 24.44 24.84 25.14 25.33 25.44 25.47 25.43 25.32 25.17 24.97 24.73
13.23 12.46 11.80 11.27 10.87 10.58 10.42 10.36 10.35 10.35 10.39 10.47 10.57 10.72 10.93 11.20 11.54 11.95 12.44 13.01 13.68 14.45 15.32 16.25 17.19 18.13 19.06 19.98 20.88 21.76 22.60 23.40 24.15 24.81 25.34 25.75 26.05 26.23 26.29 26.17 25.86 25.38 24.73 23.94 23.03 22.01 20.89 19.70 18.51 17.53 16.83 16.39 16.19 16.20 16.41 16.80 17.34 18.01 18.78 19.57 20.38 21.18 21.99 22.80 23.55 24.18 24.69 25.08 25.36 25.54 25.64 25.66 25.61 25.51 25.35 25.14 24.89
12.67 11.86 11.17 10.60 10.16 9.83 9.63 9.55 9.56 9.62 9.71 9.83 9.99 10.19 10.45 10.76 11.14 11.60 12.12 12.73 13.43 14.23 15.12 16.07 17.03 17.99 18.94 19.88 20.81 21.70 22.56 23.38 24.15 24.87 25.48 25.97 26.33 26.55 26.58 26.40 26.02 25.48 24.77 23.93 22.95 21.88 20.71 19.46 18.22 17.20 16.46 16.00 15.78 15.78 15.99 16.38 16.94 17.64 18.46 19.36 20.29 21.23 22.17 23.05 23.80 24.42 24.92 25.30 25.57 25.75 25.84 25.85 25.79 25.68 25.52 25.31 25.05
12.12 11.29 10.57 9.98 9.50 9.14 8.90 8.78 8.78 8.88 9.03 9.20 9.41 9.67 9.98 10.34 10.76 11.25 11.81 12.45 13.18 14.00 14.91 15.88 16.86 17.84 18.81 19.77 20.70 21.61 22.49 23.33 24.12 24.85 25.52 26.08 26.50 26.70 26.68 26.46 26.04 25.45 24.70 23.81 22.80 21.69 20.48 19.20 17.92 16.88 16.13 15.65 15.43 15.44 15.67 16.08 16.67 17.42 18.29 19.27 20.33 21.40 22.42 23.31 24.05 24.66 25.14 25.51 25.77 25.94 26.02 26.03 25.97 25.85 25.68 25.46 25.20
11.59 10.74 10.01 9.39 8.90 8.51 8.25 8.11 8.08 8.17 8.36 8.59 8.86 9.16 9.51 9.92 10.38 10.90 11.50 12.17 12.92 13.76 14.69 15.67 16.67 17.66 18.65 19.62 20.58 21.50 22.39 23.24 24.04 24.79 25.48 26.07 26.48 26.66 26.61 26.36 25.91 25.30 24.52 23.61 22.58 21.44 20.22 18.92 17.63 16.57 15.82 15.35 15.15 15.19 15.45 15.91 16.55 17.35 18.29 19.35 20.51 21.66 22.68 23.55 24.28 24.87 25.35 25.70 25.96 26.12 26.19 26.19 26.13 26.01 25.83 25.61 25.34
11.07 10.22 9.49 8.87 8.36 7.97 7.69 7.53 7.48 7.55 7.73 8.00 8.32 8.67 9.06 9.51 10.00 10.56 11.19 11.88 12.66 13.51 14.46 15.46 16.47 17.48 18.48 19.46 20.43 21.36 22.27 23.13 23.94 24.70 25.38 25.91 26.27 26.43 26.37 26.11 25.65 25.03 24.25 23.33 22.29 21.15 19.93 18.63 17.34 16.29 15.56 15.12 14.95 15.03 15.34 15.86 16.57 17.45 18.48 19.63 20.82 21.93 22.92 23.78 24.50 25.08 25.54 25.89 26.13 26.29 26.35 26.35 26.28 26.15 25.98 25.75 25.48
10.59 9.75 9.02 8.40 7.89 7.50 7.22 7.05 6.99 7.04 7.19 7.44 7.79 8.19 8.62 9.10 9.64 10.22 10.88 11.60 12.39 13.27 14.23 15.24 16.26 17.27 18.28 19.28 20.25 21.20 22.11 22.98 23.80 24.55 25.16 25.61 25.90 26.02 25.96 25.71 25.26 24.64 23.87 22.97 21.95 20.82 19.61 18.33 17.06 16.04 15.34 14.94 14.82 14.97 15.35 15.95 16.75 17.72 18.85 20.03 21.16 22.21 23.16 23.99 24.70 25.27 25.72 26.06 26.30 26.44 26.50 26.49 26.42 26.29 26.11 25.88 25.60
10.14 9.32 8.61 8.00 7.51 7.13 6.85 6.68 6.60 6.62 6.74 6.97 7.30 7.72 8.20 8.71 9.28 9.89 10.57 11.31 12.12 13.01 13.98 15.00 16.03 17.05 18.07 19.08 20.06 21.01 21.93 22.81 23.62 24.29 24.82 25.18 25.40 25.47 25.40 25.16 24.74 24.15 23.41 22.54 21.54 20.45 19.27 18.03 16.79 15.82 15.17 14.84 14.79 15.01 15.48 16.17 17.08 18.16 19.33 20.46 21.52 22.50 23.40 24.20 24.88 25.44 25.89 26.22 26.45 26.58 26.64 26.62 26.55 26.41 26.23 26.00 25.71
9.74 8.95 8.26 7.68 7.21 6.85 6.58 6.40 6.30 6.30 6.39 6.58 6.88 7.29 7.78 8.33 8.92 9.56 10.26 11.02 11.85 12.75 13.73 14.76 15.79 16.82 17.84 18.85 19.84 20.80 21.72 22.58 23.32 23.91 24.35 24.64 24.80 24.82 24.72 24.49 24.11 23.56 22.87 22.04 21.09 20.05 18.92 17.73 16.55 15.64 15.06 14.80 14.84 15.16 15.74 16.55 17.56 18.69 19.80 20.86 21.86 22.79 23.64 24.40 25.06 25.60 26.04 26.36 26.58 26.71 26.76 26.74 26.66 26.52 26.34 26.10 25.82
9.39 8.64 7.99 7.45 7.01 6.66 6.39 6.19 6.08 6.06 6.13 6.29 6.55 6.92 7.39 7.96 8.58 9.24 9.96 10.73 11.57 12.48 13.47 14.50 15.54 16.57 17.60 18.61 19.60 20.56 21.46 22.25 22.90 23.40 23.76 24.00 24.10 24.09 23.96 23.71 23.36 22.87 22.24 21.48 20.60 19.62 18.57 17.44 16.33 15.50 15.01 14.85 15.00 15.43 16.13 17.06 18.13 19.20 20.23 21.23 22.17 23.05 23.85 24.58 25.21 25.75 26.17 26.49 26.70 26.83 26.87 26.85 26.76 26.62 26.43 26.19 25.90
9.10 8.40 7.80 7.30 6.89 6.54 6.27 6.06 5.94 5.90 5.94 6.08 6.31 6.64 7.07 7.61 8.24 8.92 9.66 10.45 11.30 12.21 13.20 14.23 15.27 16.31 17.34 18.35 19.34 20.28 21.11 21.80 22.35 22.78 23.08 23.26 23.33 23.28 23.13 22.88 22.54 22.10 21.55 20.86 20.07 19.18 18.21 17.17 16.15 15.42 15.03 14.99 15.26 15.82 16.65 17.64 18.65 19.64 20.61 21.54 22.43 23.26 24.03 24.73 25.35 25.87 26.28 26.59 26.80 26.92 26.96 26.94 26.85 26.71 26.52 26.27 25.98
8.88 8.24 7.70 7.23 6.83 6.49 6.21 6.00 5.86 5.81 5.83 5.94 6.14 6.43 6.83 7.32 7.92 8.61 9.36 10.16 11.02 11.94 12.93 13.96 15.00 16.03 17.06 18.07 19.03 19.90 20.63 21.23 21.71 22.07 22.31 22.45 22.48 22.42 22.26 22.01 21.68 21.27 20.78 20.20 19.51 18.72 17.85 16.92 16.01 15.39 15.13 15.21 15.62 16.33 17.22 18.14 19.07 20.00 20.90 21.78 22.62 23.42 24.16 24.83 25.43 25.95 26.37 26.68 26.89 27.00 27.04 27.01 26.92 26.78 26.59 26.34 26.05
8.73 8.16 7.66 7.22 6.82 6.49 6.21 6.00 5.85 5.78 5.78 5.87 6.04 6.30 6.65 7.11 7.66 8.32 9.07 9.87 10.74 11.66 12.65 13.68 14.71 15.74 16.76 17.75 18.63 19.40 20.04 20.56 20.97 21.27 21.47 21.57 21.58 21.51 21.35 21.11 20.80 20.43 19.99 19.49 18.92 18.25 17.50 16.69 15.91 15.42 15.30 15.54 16.09 16.86 17.69 18.54 19.39 20.25 21.10 21.93 22.73 23.49 24.21 24.86 25.45 25.97 26.39 26.72 26.95 27.07 27.10 27.06 26.97 26.83 26.64 26.39 26.09
8.66 8.15 7.67 7.25 6.86 6.53 6.26 6.04 5.89 5.81 5.79 5.86 6.00 6.23 6.55 6.96 7.47 8.07 8.79 9.59 10.46 11.38 12.36 13.39 14.41 15.44 16.43 17.33 18.12 18.79 19.34 19.80 20.15 20.40 20.56 20.64 20.64 20.56 20.41 20.20 19.92 19.59 19.21 18.78 18.31 17.77 17.17 16.50 15.86 15.52 15.56 15.95 16.58 17.28 18.03 18.80 19.59 20.38 21.18 21.97 22.73 23.47 24.16 24.81 25.39 25.91 26.35 26.70 26.96 27.10 27.14 27.10 27.01 26.87 26.67 26.43 26.13
8.65 8.17 7.72 7.31 6.94 6.62 6.35 6.13 5.98 5.88 5.86 5.90 6.02 6.22 6.50 6.87 7.34 7.90 8.56 9.32 10.18 11.09 12.07 13.09 14.10 15.10 16.01 16.81 17.50 18.08 18.56 18.95 19.25 19.47 19.61 19.67 19.66 19.59 19.46 19.27 19.04 18.76 18.44 18.09 17.71 17.30 16.85 16.34 15.86 15.69 15.90 16.36 16.93 17.54 18.21 18.91 19.64 20.38 21.13 21.88 22.61 23.33 24.01 24.65 25.24 25.76 26.22 26.60 26.89 27.07 27.15 27.12 27.03 26.89 26.69 26.45 26.15
8.67 8.22 7.79 7.41 7.05 6.74 6.48 6.26 6.10 6.00 5.96 5.99 6.08 6.25 6.51 6.84 7.26 7.77 8.38 9.09 9.90 10.81 11.78 12.78 13.77 14.68 15.48 16.18 16.78 17.29 17.71 18.05 18.31 18.49 18.61 18.67 18.66 18.61 18.51 18.36 18.18 17.96 17.72 17.45 17.17 16.87 16.56 16.23 15.92 15.93 16.21 16.61 17.09 17.63 18.22 18.85 19.52 20.22 20.93 21.64 22.35 23.05 23.72 24.36 24.96 25.50 25.98 26.39 26.72 26.95 27.09 27.11 27.03 26.89 26.70 26.45 26.15
8.70 8.28 7.89 7.52 7.19 6.89 6.63 6.42 6.26 6.15 6.10 6.11 6.19 6.33 6.55 6.85 7.23 7.70 8.26 8.92 9.67 10.53 11.47 12.44 13.34 14.14 14.85 15.46 15.98 16.42 16.79 17.08 17.31 17.48 17.59 17.65 17.66 17.63 17.56 17.47 17.34 17.20 17.04 16.87 16.69 16.51 16.34 16.17 16.05 16.13 16.35 16.66 17.05 17.51 18.04 18.61 19.23 19.88 20.56 21.25 21.94 22.62 23.29 23.94 24.55 25.11 25.62 26.07 26.44 26.73 26.92 27.01 26.99 26.87 26.68 26.43 26.13
8.73 8.35 7.98 7.64 7.32 7.04 6.79 6.59 6.43 6.31 6.25 6.25 6.31 6.43 6.62 6.89 7.23 7.66 8.17 8.77 9.47 10.27 11.15 12.03 12.82 13.51 14.12 14.66 15.11 15.50 15.82 16.08 16.29 16.44 16.55 16.62 16.66 16.67 16.65 16.61 16.55 16.49 16.42 16.36 16.29 16.24 16.21 16.18 16.16 16.18 16.30 16.52 16.83 17.23 17.69 18.21 18.78 19.39 20.04 20.70 21.38 22.06 22.73 23.38 24.01 24.60 25.14 25.63 26.05 26.39 26.65 26.82 26.88 26.82 26.65 26.40 26.10
8.69 8.34 8.01 7.69 7.40 7.13 6.90 6.70 6.54 6.43 6.36 6.34 6.38 6.49 6.65 6.89 7.19 7.58 8.05 8.60 9.24 9.97 10.75 11.51 12.20 12.80 13.33 13.80 14.20 14.54 14.82 15.06 15.26 15.41 15.53 15.63 15.70 15.75 15.79 15.82 15.85 15.87 15.91 15.96 16.02 16.11 16.21 16.29 16.28 16.25 16.28 16.42 16.65 16.96 17.36 17.82 18.34 18.91 19.52 20.16 20.82 21.49 22.15 22.81 23.45 24.07 24.64 25.16 25.63 26.03 26.35 26.59 26.72 26.73 26.61 26.38 26.08
8.57 8.25 7.95 7.66 7.39 7.15 6.93 6.74 6.58 6.46 6.39 6.37 6.39 6.47 6.62 6.82 7.09 7.44 7.86 8.37 8.95 9.58 10.26 10.92 11.50 12.02 12.48 12.89 13.24 13.54 13.81 14.03 14.23 14.40 14.54 14.67 14.78 14.89 15.00 15.11 15.23 15.36 15.51 15.68 15.88 16.11 16.32 16.43 16.43 16.40 16.38 16.42 16.56 16.80 17.12 17.52 17.99 18.51 19.08 19.68 20.32 20.97 21.63 22.29 22.94 23.56 24.16 24.72 25.22 25.67 26.05 26.34 26.53 26.60 26.55 26.37 26.08
