data_processed/recharge/precip/Precip_2001_11.asc
ncols        168
nrows        136
xllcorner    455000
yllcorner    2107000
cellsize     500
NODATA_value     -99999
[rows 72 to 107 of 136, columns 82 to 163 of 168]
0.00 0.00 0.00 0.00 0.00 0.00 0.00 0.00 0.00 0.00 0.00 0.00 0.00 0.00 0.00 0.00 0.00 0.00 0.00 0.00 0.00 0.00 0.00 0.00 0.00 0.00 0.00 0.00 0.18 0.37 0.55 0.73 0.92 1.10 1.27 1.44 1.61 1.78 1.93 2.08 2.21 2.33 2.44 2.53 2.62 2.69 2.75 2.80 2.84 2.86 2.87 2.88 2.87 2.85 2.81 2.77 2.71 2.65 2.59 2.53 2.47 2.41 2.34 2.28 2.22 2.15 2.09 2.03 1.97 1.90 1.84 1.78 1.72 1.66 1.61 1.55 1.50 1.45 1.41 1.37 1.34 1.30
0.00 0.00 0.00 0.00 0.00 0.00 0.00 0.00 0.00 0.00 0.00 0.00 0.00 0.00 0.00 0.00 0.00 0.00 0.00 0.00 0.00 0.00 0.00 0.00 0.00 0.00 0.00 0.00 0.00 0.15 0.33 0.51 0.70 0.88 1.05 1.23 1.40 1.56 1.72 1.87 2.01 2.14 2.25 2.36 2.45 2.52 2.59 2.64 2.68 2.71 2.73 2.74 2.73 2.71 2.68 2.64 2.58 2.53 2.47 2.41 2.35 2.29 2.23 2.16 2.10 2.04 1.98 1.92 1.86 1.80 1.74 1.68 1.63 1.57 1.52 1.47 1.42 1.38 1.34 1.31 1.28 1.25
0.00 0.00 0.00 0.00 0.00 0.00 0.00 0.00 0.00 0.00 0.00 0.00 0.00 0.00 0.00 0.00 0.00 0.00 0.00 0.00 0.00 0.00 0.00 0.00 0.00 0.00 0.00 0.00 0.00 0.00 0.12 0.30 0.49 0.67 0.84 1.02 1.19 1.36 1.52 1.67 1.82 1.95 2.07 2.18 2.28 2.36 2.43 2.49 2.54 2.57 2.59 2.60 2.59 2.58 2.55 2.51 2.46 2.40 2.34 2.28 2.23 2.17 2.11 2.05 1.99 1.93 1.87 1.81 1.76 1.70 1.64 1.59 1.53 1.48 1.43 1.39 1.35 1.32 1.28 1.25 1.23 1.21
0.00 0.00 0.00 0.00 0.00 0.00 0.00 0.00 0.00 0.00 0.00 0.00 0.00 0.00 0.00 0.00 0.00 0.00 0.00 0.00 0.00 0.00 0.00 0.00 0.00 0.00 0.00 0.00 0.00 0.00 0.00 0.10 0.28 0.46 0.64 0.82 0.99 1.16 1.32 1.47 1.62 1.76 1.89 2.01 2.11 2.20 2.27 2.34 2.39 2.42 2.45 2.46 2.46 2.45 2.42 2.38 2.33 2.28 2.22 2.16 2.11 2.05 1.99 1.93 1.88 1.82 1.76 1.71 1.65 1.60 1.55 1.49 1.44 1.40 1.36 1.32 1.28 1.25 1.23 1.20 1.18 1.17
0.00 0.00 0.00 0.00 0.00 0.00 0.00 0.00 0.00 0.00 0.00 0.00 0.00 0.00 0.00 0.00 0.00 0.00 0.00 0.00 0.00 0.00 0.00 0.00 0.00 0.00 0.00 0.00 0.00 0.00 0.00 0.00 0.09 0.27 0.45 0.62 0.79 0.96 1.12 1.28 1.43 1.58 1.71 1.83 1.94 2.03 2.11 2.18 2.24 2.28 2.31 2.32 2.33 2.31 2.29 2.25 2.20 2.15 2.10 2.04 1.99 1.93 1.88 1.82 1.77 1.71 1.66 1.61 1.55 1.50 1.45 1.40 1.36 1.32 1.28 1.25 1.22 1.20 1.18 1.16 1.14 1.13
0.00 0.00 0.00 0.00 0.00 0.00 0.00 0.00 0.00 0.00 0.00 0.00 0.00 0.00 0.00 0.00 0.00 0.00 0.00 0.00 0.00 0.00 0.00 0.00 0.00 0.00 0.00 0.00 0.00 0.00 0.00 0.00 0.00 0.08 0.26 0.44 0.61 0.78 0.94 1.10 1.25 1.39 1.53 1.66 1.77 1.87 1.96 2.03 2.09 2.14 2.17 2.19 2.19 2.18 2.16 2.13 2.08 2.03 1.98 1.92 1.87 1.82 1.76 1.71 1.66 1.61 1.56 1.51 1.46 1.41 1.36 1.32 1.28 1.24 1.21 1.19 1.16 1.14 1.13 1.12 1.11 1.10
0.00 0.00 0.00 0.00 0.00 0.00 0.00 0.00 0.00 0.00 0.00 0.00 0.00 0.00 0.00 0.00 0.00 0.00 0.00 0.00 0.00 0.00 0.00 0.00 0.00 0.00 0.00 0.00 0.00 0.00 0.00 0.00 0.00 0.00 0.08 0.26 0.43 0.60 0.76 0.92 1.07 1.22 1.35 1.49 1.60 1.71 1.80 1.88 1.94 1.99 2.03 2.05 2.06 2.06 2.04 2.00 1.96 1.91 1.86 1.81 1.76 1.71 1.65 1.60 1.55 1.50 1.46 1.41 1.36 1.31 1.27 1.24 1.20 1.17 1.15 1.13 1.11 1.10 1.09 1.08 1.08 1.07
0.00 0.00 0.00 0.00 0.00 0.00 0.00 0.00 0.00 0.00 0.00 0.00 0.00 0.00 0.00 0.00 0.00 0.00 0.00 0.00 0.00 0.00 0.00 0.00 0.00 0.00 0.00 0.00 0.00 0.00 0.00 0.00 0.00 0.00 0.00 0.09 0.26 0.43 0.59 0.75 0.90 1.05 1.18 1.32 1.44 1.55 1.65 1.73 1.80 1.85 1.89 1.92 1.93 1.93 1.91 1.88 1.84 1.79 1.74 1.69 1.64 1.59 1.55 1.50 1.45 1.40 1.36 1.31 1.27 1.23 1.19 1.16 1.14 1.11 1.09 1.08 1.07 1.06 1.05 1.05 1.05 1.05
0.00 0.00 0.00 0.00 0.00 0.00 0.00 0.00 0.00 0.00 0.00 0.00 0.00 0.00 0.00 0.00 0.00 0.00 0.00 0.00 0.00 0.00 0.00 0.00 0.00 0.00 0.00 0.00 0.00 0.00 0.00 0.00 0.00 0.00 0.00 0.00 0.10 0.27 0.43 0.59 0.74 0.88 1.02 1.15 1.28 1.39 1.49 1.58 1.66 1.71 1.76 1.79 1.80 1.80 1.79 1.76 1.72 1.67 1.63 1.58 1.53 1.49 1.44 1.39 1.35 1.30 1.26 1.22 1.18 1.15 1.12 1.09 1.07 1.06 1.04 1.03 1.03 1.02 1.02 1.03 1.03 1.04
0.00 0.00 0.00 0.00 0.00 0.00 0.00 0.00 0.00 0.00 0.00 0.00 0.00 0.00 0.00 0.00 0.00 0.00 0.00 0.00 0.00 0.00 0.00 0.00 0.00 0.00 0.00 0.00 0.00 0.00 0.00 0.00 0.00 0.00 0.00 0.00 0.00 0.11 0.28 0.43 0.58 0.73 0.87 1.00 1.12 1.24 1.34 1.44 1.51 1.58 1.63 1.66 1.68 1.68 1.67 1.64 1.60 1.56 1.51 1.47 1.43 1.38 1.34 1.29 1.25 1.21 1.17 1.13 1.10 1.07 1.05 1.03 1.02 1.01 1.00 1.00 0.99 1.00 1.00 1.01 1.02 1.03
0.00 0.00 0.00 0.00 0.00 0.00 0.00 0.00 0.00 0.00 0.00 0.00 0.00 0.00 0.00 0.00 0.00 0.00 0.00 0.00 0.00 0.00 0.00 0.00 0.00 0.00 0.00 0.00 0.00 0.00 0.00 0.00 0.00 0.00 0.00 0.00 0.00 0.00 0.13 0.29 0.44 0.58 0.72 0.85 0.98 1.09 1.20 1.29 1.37 1.44 1.49 1.53 1.55 1.56 1.55 1.53 1.49 1.45 1.41 1.36 1.32 1.28 1.24 1.20 1.16 1.12 1.08 1.05 1.03 1.01 0.99 0.98 0.97 0.96 0.96 0.96 0.97 0.97 0.98 1.00 1.01 1.02
0.00 0.00 0.00 0.00 0.00 0.00 0.00 0.00 0.00 0.00 0.00 0.00 0.00 0.00 0.00 0.00 0.00 0.00 0.00 0.00 0.00 0.00 0.00 0.00 0.00 0.00 0.00 0.00 0.00 0.00 0.00 0.00 0.00 0.00 0.00 0.00 0.00 0.00 0.00 0.15 0.30 0.45 0.58 0.71 0.84 0.95 1.06 1.15 1.24 1.31 1.37 1.41 1.43 1.44 1.44 1.42 1.38 1.34 1.30 1.26 1.22 1.18 1.14 1.10 1.07 1.03 1.00 0.98 0.96 0.95 0.94 0.93 0.93 0.93 0.93 0.94 0.95 0.96 0.97 0.99 1.01 1.03
0.00 0.00 0.00 0.00 0.00 0.00 0.00 0.00 0.00 0.00 0.00 0.00 0.00 0.00 0.00 0.00 0.00 0.00 0.00 0.00 0.00 0.00 0.00 0.00 0.00 0.00 0.00 0.00 0.00 0.00 0.00 0.00 0.00 0.00 0.00 0.00 0.00 0.00 0.00 0.03 0.18 0.32 0.46 0.58 0.71 0.82 0.93 1.02 1.11 1.18 1.24 1.29 1.31 1.33 1.33 1.31 1.27 1.23 1.20 1.16 1.12 1.08 1.05 1.01 0.98 0.95 0.93 0.92 0.90 0.90 0.89 0.89 0.89 0.90 0.91 0.92 0.93 0.95 0.97 0.99 1.01 1.04
0.00 0.00 0.00 0.00 0.00 0.00 0.00 0.00 0.00 0.00 0.00 0.00 0.00 0.00 0.00 0.00 0.00 0.00 0.00 0.00 0.00 0.00 0.00 0.00 0.00 0.00 0.00 0.00 0.00 0.00 0.00 0.00 0.00 0.00 0.00 0.00 0.00 0.00 0.00 0.00 0.06 0.20 0.34 0.46 0.59 0.70 0.80 0.90 0.98 1.06 1.12 1.17 1.20 1.22 1.22 1.20 1.17 1.13 1.10 1.06 1.03 0.99 0.96 0.93 0.90 0.88 0.87 0.86 0.85 0.85 0.85 0.86 0.87 0.88 0.89 0.91 0.93 0.95 0.97 1.00 1.02 1.05
0.00 0.00 0.00 0.00 0.00 0.00 0.00 0.00 0.00 0.00 0.00 0.00 0.00 0.00 0.00 0.00 0.00 0.00 0.00 0.00 0.00 0.00 0.00 0.00 0.00 0.00 0.00 0.00 0.00 0.00 0.00 0.00 0.00 0.00 0.00 0.00 0.00 0.00 0.00 0.00 0.00 0.09 0.23 0.35 0.47 0.58 0.69 0.78 0.87 0.94 1.00 1.05 1.09 1.11 1.11 1.10 1.07 1.03 1.00 0.97 0.93 0.90 0.88 0.85 0.84 0.82 0.81 0.81 0.81 0.81 0.82 0.83 0.85 0.86 0.88 0.90 0.93 0.95 0.98 1.01 1.04 1.07
0.00 0.00 0.00 0.00 0.00 0.00 0.00 0.00 0.00 0.00 0.00 0.00 0.00 0.00 0.00 0.00 0.00 0.00 0.00 0.00 0.00 0.00 0.00 0.00 0.00 0.00 0.00 0.00 0.00 0.00 0.00 0.00 0.00 0.00 0.00 0.00 0.00 0.00 0.00 0.00 0.00 0.00 0.13 0.25 0.37 0.48 0.58 0.67 0.76 0.83 0.89 0.94 0.98 1.00 1.01 1.00 0.97 0.94 0.91 0.88 0.85 0.82 0.80 0.79 0.78 0.77 0.77 0.77 0.78 0.78 0.80 0.81 0.83 0.85 0.88 0.90 0.93 0.96 1.00 1.03 1.06 1.10
0.00 0.00 0.00 0.00 0.00 0.00 0.00 0.00 0.00 0.00 0.00 0.00 0.00 0.00 0.00 0.00 0.00 0.00 0.00 0.00 0.00 0.00 0.00 0.00 0.00 0.00 0.00 0.00 0.00 0.00 0.00 0.00 0.00 0.00 0.00 0.00 0.00 0.00 0.00 0.00 0.00 0.00 0.04 0.16 0.28 0.39 0.49 0.58 0.66 0.73 0.79 0.84 0.88 0.90 0.91 0.90 0.88 0.85 0.82 0.79 0.77 0.75 0.74 0.73 0.72 0.72 0.73 0.74 0.75 0.76 0.78 0.80 0.83 0.85 0.88 0.91 0.95 0.98 1.02 1.06 1.10 1.14
0.00 0.00 0.00 0.00 0.00 0.00 0.00 0.00 0.00 0.00 0.00 0.00 0.00 0.00 0.00 0.00 0.00 0.00 0.00 0.00 0.00 0.00 0.00 0.00 0.00 0.00 0.00 0.00 0.00 0.00 0.00 0.00 0.00 0.00 0.00 0.00 0.00 0.00 0.00 0.00 0.00 0.00 0.00 0.08 0.19 0.30 0.40 0.49 0.57 0.64 0.70 0.75 0.78 0.81 0.82 0.81 0.79 0.76 0.74 0.71 0.70 0.69 0.68 0.68 0.68 0.69 0.70 0.71 0.73 0.75 0.77 0.80 0.83 0.86 0.90 0.93 0.97 1.01 1.05 1.09 1.14 1.18
0.00 0.00 0.00 0.00 0.00 0.00 0.00 0.00 0.00 0.00 0.00 0.00 0.00 0.00 0.00 0.00 0.00 0.00 0.00 0.00 0.00 0.00 0.00 0.00 0.00 0.00 0.00 0.00 0.00 0.00 0.00 0.00 0.00 0.00 0.00 0.00 0.00 0.00 0.00 0.00 0.00 0.00 0.00 0.01 0.12 0.23 0.32 0.41 0.49 0.56 0.61 0.66 0.70 0.72 0.73 0.72 0.70 0.68 0.66 0.65 0.64 0.63 0.63 0.64 0.65 0.66 0.67 0.69 0.72 0.74 0.77 0.81 0.84 0.88 0.92 0.96 1.00 1.04 1.09 1.13 1.18 1.23
0.00 0.00 0.00 0.00 0.00 0.00 0.00 0.00 0.00 0.00 0.00 0.00 0.00 0.00 0.00 0.00 0.00 0.00 0.00 0.00 0.00 0.00 0.00 0.00 0.00 0.00 0.00 0.00 0.00 0.00 0.00 0.00 0.00 0.00 0.00 0.00 0.00 0.00 0.00 0.00 0.00 0.00 0.00 0.00 0.06 0.17 0.26 0.35 0.42 0.49 0.54 0.59 0.62 0.64 0.65 0.64 0.62 0.60 0.59 0.58 0.58 0.58 0.59 0.60 0.62 0.64 0.66 0.68 0.71 0.75 0.78 0.82 0.86 0.90 0.94 0.99 1.03 1.08 1.13 1.18 1.23 1.28
0.00 0.00 0.00 0.00 0.00 0.00 0.00 0.00 0.00 0.00 0.00 0.00 0.00 0.00 0.00 0.00 0.00 0.00 0.00 0.00 0.00 0.00 0.00 0.00 0.00 0.00 0.00 0.00 0.00 0.00 0.00 0.00 0.00 0.00 0.00 0.00 0.00 0.00 0.00 0.00 0.00 0.00 0.00 0.00 0.04 0.14 0.24 0.32 0.39 0.46 0.51 0.55 0.59 0.61 0.61 0.60 0.54 0.51 0.50 0.50 0.50 0.51 0.53 0.55 0.57 0.59 0.62 0.65 0.69 0.73 0.77 0.81 0.86 0.90 0.95 1.00 1.05 1.11 1.16 1.21 1.27 1.32
0.00 0.00 0.00 0.00 0.00 0.00 0.00 0.00 0.00 0.00 0.00 0.00 0.00 0.00 0.00 0.00 0.00 0.00 0.00 0.00 0.00 0.00 0.00 0.00 0.00 0.00 0.00 0.00 0.00 0.00 0.00 0.00 0.00 0.00 0.00 0.00 0.00 0.00 0.00 0.00 0.00 0.00 0.00 0.00 0.08 0.18 0.27 0.35 0.42 0.48 0.53 0.57 0.60 0.62 0.62 0.57 0.47 0.39 0.37 0.37 0.39 0.41 0.43 0.45 0.48 0.51 0.55 0.59 0.63 0.68 0.72 0.77 0.82 0.88 0.93 0.99 1.04 1.10 1.16 1.22 1.28 1.34
0.00 0.00 0.00 0.00 0.00 0.00 0.00 0.00 0.00 0.00 0.00 0.00 0.00 0.00 0.00 0.00 0.00 0.00 0.00 0.00 0.00 0.00 0.00 0.00 0.00 0.00 0.00 0.00 0.00 0.00 0.00 0.00 0.00 0.00 0.00 0.00 0.00 0.00 0.00 0.00 0.00 0.00 0.00 0.07 0.17 0.26 0.35 0.43 0.50 0.56 0.60 0.64 0.67 0.68 0.64 0.55 0.41 0.29 0.22 0.21 0.23 0.26 0.29 0.32 0.36 0.40 0.44 0.49 0.54 0.59 0.65 0.70 0.76 0.82 0.88 0.94 1.01 1.07 1.13 1.20 1.26 1.33
0.00 0.00 0.00 0.00 0.00 0.00 0.00 0.00 0.00 0.00 0.00 0.00 0.00 0.00 0.00 0.00 0.00 0.00 0.00 0.00 0.00 0.00 0.00 0.00 0.00 0.00 0.00 0.00 0.00 0.00 0.00 0.00 0.00 0.00 0.00 0.00 0.00 0.00 0.00 0.00 0.00 0.00 0.10 0.21 0.30 0.39 0.48 0.55 0.62 0.67 0.72 0.75 0.77 0.75 0.67 0.54 0.36 0.20 0.09 0.04 0.04 0.08 0.11 0.16 0.20 0.25 0.30 0.36 0.42 0.48 0.54 0.60 0.67 0.73 0.80 0.87 0.94 1.01 1.08 1.15 1.22 1.29
0.00 0.00 0.00 0.00 0.00 0.00 0.00 0.00 0.00 0.00 0.00 0.00 0.00 0.00 0.00 0.00 0.00 0.00 0.00 0.00 0.00 0.00 0.00 0.00 0.00 0.00 0.00 0.00 0.00 0.00 0.00 0.00 0.00 0.00 0.00 0.00 0.00 0.00 0.00 0.00 0.07 0.18 0.28 0.39 0.48 0.57 0.65 0.72 0.78 0.83 0.87 0.90 0.89 0.83 0.72 0.55 0.32 0.12 0.00 0.00 0.00 0.00 0.00 0.00 0.01 0.07 0.13 0.19 0.26 0.33 0.40 0.47 0.54 0.62 0.69 0.77 0.85 0.93 1.00 1.08 1.16 1.24
0.00 0.00 0.00 0.00 0.00 0.00 0.00 0.00 0.00 0.00 0.00 0.00 0.00 0.00 0.00 0.00 0.00 0.00 0.00 0.00 0.00 0.00 0.00 0.00 0.00 0.00 0.00 0.00 0.00 0.00 0.00 0.00 0.00 0.00 0.00 0.00 0.00 0.00 0.07 0.18 0.30 0.40 0.50 0.60 0.69 0.77 0.85 0.92 0.97 1.02 1.06 1.06 1.01 0.92 0.77 0.56 0.30 0.05 0.00 0.00 0.00 0.00 0.00 0.00 0.00 0.00 0.00 0.00 0.07 0.15 0.23 0.31 0.39 0.48 0.56 0.65 0.73 0.82 0.90 0.99 1.07 1.16
0.00 0.00 0.00 0.00 0.00 0.00 0.00 0.00 0.00 0.00 0.00 0.00 0.00 0.00 0.00 0.00 0.00 0.00 0.00 0.00 0.00 0.00 0.00 0.00 0.00 0.00 0.00 0.00 0.00 0.00 0.00 0.00 0.00 0.00 0.00 0.00 0.11 0.23 0.34 0.45 0.56 0.66 0.76 0.85 0.93 1.01 1.08 1.15 1.20 1.24 1.25 1.22 1.14 1.01 0.82 0.58 0.28 0.00 0.00 0.00 0.00 0.00 0.00 0.00 0.00 0.00 0.00 0.00 0.00 0.00 0.04 0.13 0.22 0.31 0.40 0.50 0.59 0.68 0.78 0.87 0.97 1.06
0.00 0.00 0.00 0.00 0.00 0.00 0.00 0.00 0.00 0.00 0.00 0.00 0.00 0.00 0.00 0.00 0.00 0.00 0.00 0.00 0.00 0.00 0.00 0.00 0.00 0.00 0.00 0.00 0.00 0.00 0.00 0.00 0.00 0.08 0.19 0.31 0.42 0.53 0.64 0.74 0.84 0.94 1.03 1.12 1.20 1.28 1.34 1.40 1.45 1.47 1.44 1.38 1.27 1.11 0.89 0.61 0.28 0.00 0.00 0.00 0.00 0.00 0.00 0.00 0.00 0.00 0.00 0.00 0.00 0.00 0.00 0.00 0.02 0.12 0.22 0.32 0.43 0.53 0.63 0.74 0.84 0.94
0.17 0.05 0.00 0.00 0.00 0.00 0.00 0.00 0.00 0.00 0.00 0.00 0.00 0.00 0.00 0.00 0.00 0.00 0.00 0.00 0.00 0.00 0.00 0.00 0.00 0.00 0.00 0.00 0.00 0.00 0.10 0.21 0.32 0.43 0.54 0.65 0.75 0.86 0.96 1.06 1.16 1.25 1.34 1.42 1.49 1.56 1.62 1.67 1.70 1.69 1.64 1.55 1.41 1.21 0.96 0.65 0.29 0.00 0.00 0.00 0.00 0.00 0.00 0.00 0.00 0.00 0.00 0.00 0.00 0.00 0.00 0.00 0.00 0.00 0.01 0.13 0.24 0.35 0.47 0.58 0.69 0.80
0.71 0.60 0.48 0.37 0.25 0.14 0.04 0.00 0.00 0.00 0.00 0.00 0.00 0.00 0.00 0.00 0.00 0.00 0.00 0.00 0.00 0.00 0.00 0.00 0.00 0.03 0.12 0.21 0.30 0.40 0.49 0.59 0.70 0.80 0.90 1.00 1.10 1.20 1.30 1.39 1.49 1.57 1.65 1.73 1.80 1.87 1.92 1.95 1.95 1.91 1.84 1.72 1.55 1.33 1.05 0.71 0.31 0.00 0.00 0.00 0.00 0.00 0.00 0.00 0.00 0.00 0.00 0.00 0.00 0.00 0.00 0.00 0.00 0.00 0.00 0.00 0.03 0.16 0.28 0.40 0.53 0.65
1.27 1.16 1.05 0.94 0.83 0.72 0.62 0.51 0.42 0.33 0.25 0.19 0.14 0.11 0.09 0.07 0.07 0.09 0.11 0.14 0.17 0.22 0.27 0.33 0.40 0.47 0.55 0.63 0.72 0.81 0.90 0.99 1.09 1.18 1.28 1.38 1.47 1.56 1.66 1.74 1.83 1.91 1.99 2.06 2.12 2.18 2.21 2.22 2.20 2.14 2.03 1.89 1.69 1.44 1.14 0.77 0.34 0.00 0.00 0.00 0.00 0.00 0.00 0.00 0.00 0.00 0.00 0.00 0.00 0.00 0.00 0.00 0.00 0.00 0.00 0.00 0.00 0.00 0.08 0.21 0.34 0.47
1.83 1.73 1.62 1.51 1.41 1.30 1.20 1.10 1.01 0.91 0.83 0.76 0.70 0.66 0.63 0.61 0.60 0.60 0.62 0.64 0.67 0.71 0.75 0.80 0.86 0.93 1.00 1.07 1.15 1.23 1.32 1.40 1.49 1.58 1.67 1.76 1.85 1.93 2.02 2.10 2.18 2.25 2.32 2.39 2.45 2.49 2.50 2.49 2.44 2.36 2.23 2.06 1.84 1.57 1.23 0.84 0.38 0.00 0.00 0.00 0.00 0.00 0.00 0.00 0.00 0.00 0.00 0.00 0.00 0.00 0.00 0.00 0.00 0.00 0.00 0.00 0.00 0.00 0.00 0.00 0.14 0.29
2.40 2.30 2.20 2.09 1.99 1.89 1.79 1.70 1.60 1.51 1.42 1.34 1.28 1.22 1.18 1.15 1.14 1.13 1.13 1.15 1.17 1.20 1.24 1.28 1.33 1.39 1.45 1.52 1.59 1.66 1.74 1.82 1.90 1.98 2.06 2.15 2.23 2.31 2.39 2.46 2.53 2.60 2.67 2.72 2.77 2.79 2.78 2.75 2.69 2.58 2.43 2.24 2.00 1.70 1.34 0.92 0.44 0.00 0.00 0.00 0.00 0.00 0.00 0.00 0.00 0.00 0.00 0.00 0.00 0.00 0.00 0.00 0.00 0.00 0.00 0.00 0.00 0.00 0.00 0.00 0.00 0.08
2.98 2.88 2.78 2.68 2.58 2.48 2.38 2.29 2.19 2.10 2.01 1.93 1.86 1.79 1.74 1.71 1.68 1.66 1.66 1.66 1.68 1.70 1.73 1.76 1.80 1.85 1.91 1.97 2.03 2.10 2.16 2.24 2.31 2.38 2.46 2.53 2.61 2.68 2.75 2.82 2.89 2.95 3.00 3.05 3.08 3.08 3.06 3.01 2.93 2.80 2.64 2.42 2.16 1.83 1.45 1.01 0.50 0.01 0.00 0.00 0.00 0.00 0.00 0.00 0.00 0.00 0.00 0.00 0.00 0.00 0.00 0.00 0.00 0.00 0.00 0.00 0.00 0.00 0.00 0.00 0.00 0.00
3.55 3.45 3.36 3.26 3.16 3.06 2.97 2.87 2.78 2.69 2.60 2.52 2.44 2.36 2.31 2.26 2.22 2.20 2.18 2.18 2.18 2.19 2.21 2.24 2.28 2.32 2.36 2.41 2.47 2.52 2.59 2.65 2.72 2.78 2.85 2.92 2.98 3.05 3.11 3.17 3.23 3.29 3.33 3.36 3.38 3.37 3.33 3.27 3.16 3.02 2.84 2.60 2.32 1.98 1.57 1.11 0.58 0.06 0.00 0.00 0.00 0.00 0.00 0.00 0.00 0.00 0.00 0.00 0.00 0.00 0.00 0.00 0.00 0.00 0.00 0.00 0.00 0.00 0.00 0.00 0.00 0.00
4.12 4.02 3.93 3.83 3.73 3.64 3.54 3.45 3.35 3.26 3.18 3.09 3.01 2.93 2.86 2.81 2.76 2.73 2.70 2.69 2.68 2.68 2.70 2.71 2.74 2.77 2.81 2.85 2.90 2.95 3.00 3.05 3.11 3.17 3.23 3.29 3.35 3.41 3.46 3.52 3.57 3.61 3.65 3.67 3.67 3.65 3.60 3.52 3.40 3.24 3.04 2.79 2.49 2.12 1.70 1.21 0.67 0.12 0.00 0.00 0.00 0.00 0.00 0.00 0.00 0.00 0.00 0.00 0.00 0.00 0.00 0.00 0.00 0.00 0.00 0.00 0.00 0.00 0.00 0.00 0.00 0.00
