data_processed/recharge/precip/Precip_2007_02.asc
ncols        168
nrows        136
xllcorner    455000
yllcorner    2107000
cellsize     500
NODATA_value     -99999
[rows 34 to 67 of 136, columns 77 to 153 of 168]
36.91 36.63 36.33 35.99 35.63 35.24 34.82 34.38 33.92 33.45 32.95 32.43 31.91 31.37 30.81 30.25 29.68 29.11 28.52 27.94 27.36 26.81 26.26 25.69 25.15 24.64 24.17 23.72 23.32 22.95 22.63 22.36 22.13 21.96 21.84 21.78 21.77 21.83 21.96 22.16 22.42 22.76 23.18 23.67 24.25 24.92 25.66 26.60 28.01 29.95 32.37 35.23 38.48 42.08 45.99 50.16 54.55 59.11 63.80 68.57 73.38 78.18 82.93 87.59 92.11 96.45 100.55 104.39 107.91 111.06 113.81 116.10 117.91 119.39 120.59 121.54 122.24
34.74 34.61 34.44 34.24 34.00 33.73 33.42 33.09 32.72 32.33 31.92 31.48 31.02 30.54 30.04 29.53 29.00 28.46 27.90 27.34 26.81 26.41 25.99 25.44 24.87 24.33 23.83 23.36 22.94 22.56 22.23 21.95 21.72 21.54 21.43 21.37 21.38 21.45 21.59 21.80 22.09 22.46 22.90 23.43 24.04 24.74 25.49 26.32 27.37 28.88 30.90 33.39 36.31 39.62 43.26 47.20 51.39 55.79 60.34 65.01 69.76 74.53 79.29 83.98 88.57 93.00 97.25 101.25 104.97 108.36 111.37 113.94 115.95 117.43 118.58 119.48 120.13
32.64 32.65 32.62 32.54 32.43 32.27 32.07 31.84 31.57 31.27 30.93 30.57 30.17 29.75 29.31 28.84 28.35 27.84 27.31 26.81 26.42 26.18 25.92 25.49 24.92 24.35 23.81 23.31 22.86 22.46 22.10 21.80 21.55 21.37 21.24 21.18 21.18 21.25 21.40 21.62 21.92 22.29 22.76 23.30 23.93 24.63 25.39 26.22 27.16 28.30 29.90 31.99 34.55 37.52 40.87 44.55 48.50 52.70 57.09 61.63 66.28 70.99 75.71 80.41 85.03 89.54 93.89 98.03 101.91 105.50 108.74 111.55 113.80 115.45 116.60 117.43 118.01
30.60 30.76 30.86 30.91 30.91 30.87 30.77 30.64 30.46 30.25 29.99 29.70 29.37 29.00 28.61 28.18 27.73 27.25 26.78 26.42 26.20 26.12 26.01 25.72 25.25 24.67 24.09 23.55 23.05 22.61 22.22 21.89 21.61 21.40 21.25 21.17 21.16 21.22 21.36 21.57 21.87 22.25 22.72 23.27 23.89 24.59 25.35 26.18 27.12 28.15 29.38 31.05 33.21 35.82 38.84 42.22 45.91 49.88 54.07 58.45 62.97 67.58 72.24 76.91 81.54 86.08 90.50 94.74 98.76 102.51 105.93 108.95 111.42 113.29 114.58 115.39 115.89
28.66 28.93 29.16 29.34 29.45 29.52 29.53 29.50 29.41 29.27 29.09 28.87 28.60 28.30 27.95 27.57 27.15 26.73 26.41 26.21 26.15 26.21 26.24 26.08 25.74 25.24 24.64 24.04 23.50 23.00 22.57 22.19 21.88 21.63 21.45 21.33 21.30 21.33 21.45 21.65 21.93 22.30 22.76 23.30 23.91 24.60 25.37 26.21 27.14 28.16 29.27 30.58 32.32 34.53 37.19 40.24 43.64 47.34 51.31 55.49 59.85 64.33 68.90 73.50 78.10 82.65 87.11 91.42 95.54 99.42 102.98 106.17 108.83 110.89 112.36 113.28 113.74
26.84 27.19 27.53 27.83 28.06 28.24 28.35 28.41 28.41 28.35 28.25 28.09 27.89 27.63 27.33 26.99 26.64 26.36 26.20 26.16 26.24 26.44 26.60 26.56 26.33 25.94 25.40 24.78 24.17 23.62 23.12 22.69 22.32 22.02 21.80 21.64 21.57 21.57 21.65 21.82 22.08 22.43 22.86 23.39 23.99 24.68 25.45 26.30 27.23 28.24 29.34 30.53 31.90 33.69 35.95 38.64 41.71 45.12 48.83 52.79 56.95 61.27 65.71 70.22 74.76 79.28 83.74 88.09 92.28 96.24 99.92 103.25 106.06 108.27 109.89 110.96 111.51
25.16 25.57 25.98 26.38 26.73 27.01 27.23 27.38 27.46 27.49 27.46 27.36 27.22 27.01 26.76 26.49 26.28 26.17 26.16 26.26 26.47 26.80 27.07 27.13 27.01 26.72 26.27 25.70 25.05 24.42 23.86 23.36 22.93 22.57 22.28 22.08 21.95 21.90 21.94 22.07 22.29 22.61 23.03 23.53 24.13 24.82 25.59 26.45 27.38 28.39 29.47 30.64 31.88 33.31 35.15 37.45 40.16 43.24 46.66 50.35 54.29 58.42 62.69 67.08 71.52 75.99 80.43 84.78 89.00 93.01 96.77 100.21 103.13 105.46 107.20 108.39 109.06
23.63 24.09 24.56 25.03 25.47 25.86 26.17 26.41 26.58 26.68 26.72 26.69 26.60 26.44 26.26 26.13 26.08 26.12 26.26 26.49 26.82 27.26 27.63 27.80 27.77 27.56 27.19 26.69 26.08 25.40 24.75 24.17 23.67 23.24 22.88 22.61 22.42 22.31 22.30 22.38 22.56 22.85 23.25 23.74 24.33 25.02 25.80 26.65 27.58 28.59 29.66 30.81 32.03 33.33 34.81 36.68 39.00 41.73 44.81 48.22 51.89 55.80 59.88 64.11 68.43 72.81 77.20 81.52 85.73 89.77 93.57 97.07 100.08 102.48 104.31 105.59 106.34
22.24 22.74 23.26 23.78 24.29 24.77 25.17 25.50 25.76 25.93 26.04 26.07 26.03 25.96 25.92 25.95 26.05 26.23 26.49 26.84 27.29 27.82 28.28 28.54 28.58 28.45 28.15 27.71 27.15 26.49 25.78 25.12 24.52 24.01 23.57 23.22 22.95 22.78 22.70 22.74 22.89 23.15 23.52 24.00 24.59 25.27 26.06 26.92 27.85 28.85 29.91 31.05 32.25 33.52 34.86 36.37 38.27 40.60 43.33 46.41 49.79 53.44 57.30 61.34 65.52 69.79 74.08 78.34 82.51 86.53 90.34 93.87 96.92 99.38 101.26 102.58 103.39
20.98 21.53 22.10 22.67 23.22 23.76 24.25 24.66 25.00 25.25 25.42 25.51 25.55 25.62 25.74 25.91 26.15 26.46 26.84 27.30 27.84 28.46 29.01 29.33 29.45 29.37 29.13 28.74 28.23 27.61 26.90 26.16 25.47 24.86 24.33 23.89 23.53 23.28 23.16 23.15 23.27 23.50 23.86 24.32 24.90 25.58 26.37 27.24 28.18 29.17 30.22 31.34 32.52 33.76 35.07 36.44 37.98 39.89 42.23 44.95 48.01 51.37 54.98 58.82 62.82 66.94 71.10 75.26 79.36 83.32 87.11 90.64 93.70 96.17 98.06 99.41 100.23
19.86 20.45 21.06 21.67 22.28 22.86 23.40 23.89 24.30 24.62 24.86 25.03 25.22 25.44 25.70 26.02 26.38 26.80 27.29 27.85 28.48 29.17 29.79 30.18 30.35 30.32 30.12 29.77 29.29 28.70 28.01 27.26 26.49 25.76 25.13 24.59 24.15 23.84 23.66 23.62 23.70 23.91 24.24 24.69 25.27 25.95 26.75 27.62 28.56 29.55 30.59 31.69 32.85 34.07 35.34 36.67 38.07 39.62 41.54 43.87 46.58 49.62 52.97 56.57 60.36 64.29 68.30 72.32 76.30 80.19 83.91 87.41 90.44 92.88 94.76 96.08 96.89
18.88 19.50 20.15 20.80 21.44 22.07 22.66 23.20 23.68 24.07 24.39 24.71 25.04 25.41 25.81 26.25 26.72 27.25 27.83 28.47 29.18 29.94 30.61 31.05 31.27 31.28 31.12 30.79 30.33 29.75 29.07 28.32 27.52 26.71 25.96 25.32 24.81 24.45 24.22 24.14 24.19 24.37 24.68 25.12 25.69 26.37 27.18 28.06 29.00 29.98 31.02 32.10 33.24 34.43 35.67 36.97 38.32 39.73 41.28 43.20 45.53 48.24 51.29 54.62 58.17 61.88 65.69 69.54 73.38 77.14 80.77 84.19 87.17 89.55 91.37 92.64 93.39
18.03 18.69 19.36 20.05 20.73 21.39 22.02 22.60 23.13 23.60 24.07 24.53 25.02 25.52 26.04 26.59 27.17 27.79 28.45 29.17 29.93 30.75 31.47 31.94 32.19 32.24 32.09 31.78 31.33 30.75 30.07 29.31 28.50 27.64 26.80 26.08 25.52 25.10 24.83 24.71 24.72 24.88 25.17 25.60 26.16 26.85 27.66 28.55 29.49 30.47 31.50 32.57 33.69 34.85 36.06 37.32 38.63 39.99 41.39 42.96 44.90 47.26 49.98 53.01 56.27 59.73 63.30 66.95 70.61 74.21 77.72 81.03 83.91 86.20 87.93 89.11 89.78
17.31 17.99 18.70 19.42 20.13 20.82 21.49 22.11 22.70 23.29 23.90 24.51 25.12 25.74 26.37 27.03 27.70 28.40 29.14 29.91 30.73 31.59 32.34 32.84 33.11 33.17 33.04 32.73 32.27 31.69 31.00 30.22 29.37 28.50 27.66 26.90 26.28 25.81 25.49 25.33 25.31 25.44 25.72 26.13 26.69 27.38 28.19 29.09 30.03 31.01 32.03 33.09 34.19 35.33 36.51 37.73 39.00 40.31 41.67 43.12 44.74 46.71 49.07 51.75 54.70 57.86 61.18 64.58 68.02 71.44 74.78 77.95 80.70 82.86 84.46 85.52 86.07
16.73 17.43 18.16 18.90 19.64 20.36 21.06 21.74 22.43 23.15 23.88 24.61 25.35 26.08 26.81 27.55 28.30 29.08 29.87 30.70 31.55 32.44 33.21 33.73 34.01 34.08 33.94 33.62 33.15 32.55 31.83 31.02 30.16 29.31 28.50 27.74 27.08 26.56 26.20 26.00 25.95 26.06 26.31 26.72 27.26 27.95 28.78 29.69 30.63 31.61 32.62 33.66 34.74 35.86 37.01 38.20 39.42 40.70 42.06 43.49 44.99 46.62 48.58 50.88 53.48 56.32 59.33 62.46 65.65 68.84 71.98 74.98 77.56 79.56 81.00 81.90 82.29
16.27 16.99 17.74 18.50 19.26 20.01 20.75 21.52 22.33 23.15 23.99 24.84 25.68 26.50 27.32 28.14 28.97 29.80 30.64 31.50 32.39 33.30 34.08 34.60 34.88 34.93 34.78 34.45 33.95 33.32 32.56 31.73 30.89 30.07 29.29 28.57 27.91 27.36 26.95 26.71 26.64 26.72 26.95 27.35 27.89 28.58 29.42 30.34 31.28 32.26 33.26 34.29 35.35 36.44 37.56 38.72 39.92 41.20 42.55 43.97 45.43 46.93 48.53 50.43 52.65 55.12 57.80 60.62 63.52 66.45 69.35 72.14 74.53 76.33 77.57 78.28 78.48
15.94 16.68 17.44 18.22 19.00 19.78 20.61 21.48 22.37 23.30 24.23 25.17 26.10 27.01 27.91 28.79 29.67 30.55 31.43 32.32 33.22 34.14 34.92 35.44 35.70 35.73 35.56 35.19 34.66 33.98 33.20 32.39 31.59 30.80 30.06 29.36 28.73 28.19 27.76 27.48 27.37 27.42 27.65 28.03 28.57 29.26 30.11 31.03 31.98 32.96 33.95 34.97 36.01 37.08 38.17 39.31 40.52 41.81 43.16 44.55 45.98 47.43 48.88 50.42 52.22 54.30 56.60 59.08 61.66 64.30 66.93 69.47 71.62 73.19 74.21 74.68 74.65
15.74 16.48 17.26 18.05 18.86 19.71 20.62 21.57 22.55 23.56 24.57 25.59 26.60 27.59 28.55 29.49 30.41 31.32 32.23 33.13 34.04 34.95 35.72 36.22 36.46 36.46 36.25 35.84 35.26 34.55 33.80 33.03 32.26 31.51 30.80 30.13 29.53 29.01 28.59 28.29 28.15 28.18 28.38 28.75 29.29 29.99 30.84 31.78 32.73 33.71 34.69 35.70 36.73 37.77 38.86 40.02 41.25 42.54 43.88 45.25 46.64 48.04 49.43 50.80 52.23 53.88 55.78 57.88 60.11 62.41 64.74 67.00 68.88 70.18 70.93 71.14 70.85
15.67 16.41 17.19 18.00 18.87 19.80 20.78 21.80 22.85 23.92 25.00 26.08 27.15 28.20 29.23 30.21 31.17 32.11 33.02 33.93 34.83 35.73 36.47 36.94 37.14 37.10 36.84 36.38 35.77 35.09 34.37 33.65 32.92 32.21 31.53 30.89 30.32 29.82 29.42 29.13 28.97 28.98 29.17 29.53 30.06 30.77 31.63 32.57 33.53 34.50 35.49 36.48 37.49 38.53 39.65 40.84 42.09 43.39 44.72 46.06 47.42 48.76 50.09 51.38 52.62 53.89 55.36 57.04 58.88 60.82 62.80 64.74 66.32 67.32 67.77 67.68 67.10
15.71 16.46 17.25 18.11 19.04 20.02 21.06 22.14 23.24 24.36 25.50 26.63 27.75 28.85 29.92 30.95 31.93 32.88 33.80 34.70 35.58 36.45 37.15 37.58 37.74 37.64 37.32 36.83 36.24 35.61 34.94 34.26 33.57 32.89 32.24 31.64 31.10 30.63 30.25 29.98 29.83 29.83 30.00 30.35 30.88 31.59 32.46 33.42 34.38 35.35 36.33 37.31 38.33 39.42 40.58 41.80 43.06 44.36 45.67 46.99 48.31 49.60 50.86 52.06 53.21 54.29 55.35 56.59 58.00 59.54 61.15 62.74 63.98 64.65 64.76 64.34 63.43
15.88 16.63 17.46 18.37 19.34 20.37 21.45 22.57 23.71 24.87 26.04 27.21 28.37 29.50 30.61 31.67 32.68 33.63 34.54 35.42 36.28 37.10 37.76 38.13 38.23 38.07 37.71 37.25 36.71 36.13 35.51 34.86 34.21 33.57 32.96 32.39 31.87 31.43 31.08 30.83 30.70 30.71 30.87 31.21 31.74 32.45 33.34 34.30 35.27 36.24 37.22 38.22 39.29 40.43 41.63 42.87 44.15 45.45 46.75 48.04 49.31 50.55 51.73 52.86 53.91 54.87 55.73 56.55 57.51 58.62 59.82 61.02 61.88 62.18 61.92 61.14 60.01
16.19 16.96 17.82 18.76 19.76 20.82 21.93 23.07 24.24 25.43 26.62 27.82 28.99 30.15 31.27 32.35 33.38 34.34 35.24 36.09 36.90 37.67 38.27 38.58 38.61 38.41 38.08 37.67 37.19 36.65 36.07 35.47 34.86 34.26 33.68 33.15 32.66 32.25 31.92 31.69 31.58 31.61 31.78 32.12 32.65 33.36 34.26 35.24 36.21 37.19 38.18 39.24 40.38 41.57 42.81 44.08 45.37 46.66 47.95 49.21 50.44 51.61 52.73 53.76 54.71 55.56 56.29 56.89 57.43 58.07 58.83 59.61 60.06 59.95 59.29 58.26 57.11
16.63 17.43 18.31 19.26 20.28 21.36 22.48 23.64 24.82 26.02 27.22 28.42 29.61 30.77 31.90 32.98 34.01 34.97 35.86 36.68 37.44 38.15 38.68 38.91 38.89 38.73 38.46 38.10 37.67 37.18 36.65 36.09 35.53 34.96 34.42 33.92 33.46 33.08 32.78 32.57 32.49 32.53 32.72 33.07 33.60 34.32 35.22 36.21 37.20 38.20 39.27 40.41 41.61 42.86 44.13 45.42 46.72 48.01 49.27 50.50 51.68 52.79 53.83 54.78 55.63 56.36 56.96 57.42 57.72 57.93 58.21 58.54 58.54 58.00 57.06 55.98 54.86
17.22 18.02 18.91 19.87 20.89 21.97 23.09 24.24 25.43 26.62 27.82 29.01 30.19 31.35 32.46 33.54 34.55 35.51 36.38 37.18 37.88 38.52 38.97 39.15 39.17 39.07 38.86 38.55 38.17 37.73 37.25 36.74 36.21 35.69 35.18 34.71 34.29 33.94 33.66 33.48 33.42 33.48 33.68 34.05 34.58 35.31 36.23 37.24 38.26 39.35 40.51 41.72 42.98 44.27 45.58 46.90 48.20 49.48 50.72 51.91 53.04 54.10 55.06 55.92 56.66 57.27 57.74 58.05 58.19 58.15 57.99 57.83 57.36 56.50 55.49 54.42 53.29
17.93 18.72 19.60 20.55 21.56 22.63 23.73 24.87 26.04 27.22 28.40 29.57 30.73 31.86 32.96 34.00 35.00 35.92 36.77 37.54 38.20 38.77 39.17 39.39 39.47 39.43 39.27 39.03 38.70 38.31 37.87 37.41 36.92 36.44 35.98 35.54 35.15 34.82 34.58 34.42 34.38 34.46 34.68 35.06 35.61 36.35 37.28 38.33 39.45 40.64 41.89 43.18 44.50 45.83 47.17 48.50 49.81 51.08 52.30 53.45 54.53 55.52 56.40 57.17 57.81 58.30 58.63 58.79 58.77 58.55 58.12 57.52 56.71 55.75 54.72 53.62 52.46
18.71 19.48 20.34 21.27 22.25 23.30 24.38 25.49 26.63 27.78 28.93 30.08 31.20 32.30 33.36 34.37 35.33 36.22 37.03 37.75 38.38 38.89 39.31 39.60 39.74 39.76 39.66 39.47 39.20 38.86 38.48 38.05 37.62 37.17 36.75 36.35 35.99 35.70 35.48 35.35 35.33 35.43 35.67 36.07 36.63 37.38 38.36 39.51 40.74 42.03 43.36 44.72 46.09 47.47 48.84 50.19 51.50 52.76 53.95 55.07 56.09 57.01 57.82 58.49 59.01 59.38 59.58 59.59 59.41 59.01 58.39 57.58 56.67 55.67 54.60 53.46 52.26
19.44 20.20 21.03 21.93 22.89 23.91 24.96 26.05 27.16 28.27 29.39 30.50 31.59 32.66 33.68 34.65 35.57 36.42 37.19 37.87 38.44 38.91 39.29 39.61 39.82 39.90 39.87 39.74 39.52 39.24 38.90 38.53 38.14 37.74 37.35 36.99 36.67 36.41 36.22 36.13 36.13 36.26 36.52 36.93 37.51 38.30 39.37 40.62 41.95 43.34 44.76 46.19 47.62 49.04 50.44 51.80 53.11 54.36 55.53 56.60 57.58 58.43 59.15 59.73 60.15 60.39 60.45 60.31 59.96 59.39 58.63 57.74 56.77 55.74 54.63 53.46 52.21
20.12 20.85 21.66 22.53 23.47 24.46 25.48 26.54 27.61 28.70 29.78 30.86 31.91 32.94 33.92 34.86 35.73 36.54 37.26 37.89 38.41 38.81 39.15 39.44 39.69 39.84 39.87 39.80 39.64 39.41 39.13 38.81 38.47 38.11 37.77 37.45 37.17 36.95 36.79 36.72 36.76 36.91 37.19 37.63 38.26 39.14 40.30 41.64 43.06 44.54 46.04 47.54 49.03 50.50 51.93 53.30 54.62 55.85 56.99 58.03 58.95 59.73 60.37 60.85 61.16 61.28 61.21 60.92 60.41 59.70 58.87 57.93 56.91 55.83 54.69 53.49 52.21
20.75 21.45 22.23 23.08 23.99 24.95 25.94 26.96 28.01 29.06 30.11 31.15 32.16 33.15 34.09 34.99 35.82 36.58 37.25 37.82 38.28 38.63 38.91 39.16 39.38 39.57 39.67 39.66 39.56 39.39 39.17 38.90 38.61 38.31 38.01 37.73 37.49 37.31 37.19 37.15 37.22 37.40 37.71 38.19 38.92 39.91 41.15 42.57 44.07 45.63 47.21 48.78 50.33 51.84 53.29 54.68 56.00 57.22 58.33 59.33 60.19 60.91 61.47 61.85 62.05 62.05 61.84 61.40 60.77 60.01 59.13 58.15 57.08 55.95 54.77 53.54 52.25
21.37 22.00 22.76 23.58 24.46 25.38 26.35 27.34 28.34 29.36 30.37 31.37 32.35 33.30 34.20 35.05 35.84 36.55 37.16 37.66 38.05 38.35 38.57 38.78 38.97 39.14 39.27 39.33 39.30 39.19 39.03 38.82 38.58 38.32 38.08 37.85 37.65 37.50 37.42 37.42 37.52 37.73 38.10 38.69 39.52 40.60 41.92 43.41 44.98 46.61 48.25 49.89 51.49 53.04 54.53 55.94 57.25 58.46 59.55 60.50 61.31 61.96 62.44 62.73 62.82 62.69 62.34 61.80 61.12 60.32 59.41 58.38 57.27 56.10 54.88 53.61 52.31
22.05 22.56 23.24 24.03 24.88 25.77 26.70 27.66 28.63 29.61 30.58 31.55 32.48 33.39 34.25 35.05 35.79 36.43 36.97 37.40 37.74 37.98 38.16 38.32 38.47 38.60 38.73 38.83 38.86 38.82 38.71 38.56 38.38 38.18 37.98 37.80 37.65 37.55 37.51 37.55 37.68 37.95 38.43 39.13 40.06 41.22 42.61 44.17 45.80 47.48 49.18 50.87 52.53 54.12 55.63 57.05 58.37 59.56 60.62 61.54 62.29 62.87 63.27 63.46 63.44 63.20 62.75 62.17 61.46 60.64 59.69 58.63 57.48 56.28 55.02 53.71 52.38
22.80 23.17 23.73 24.45 25.27 26.13 27.02 27.94 28.88 29.82 30.75 31.67 32.57 33.43 34.25 35.00 35.66 36.23 36.69 37.07 37.34 37.53 37.66 37.78 37.89 37.99 38.09 38.18 38.26 38.28 38.24 38.15 38.02 37.88 37.74 37.60 37.50 37.45 37.45 37.53 37.73 38.12 38.71 39.51 40.53 41.77 43.22 44.83 46.51 48.24 49.98 51.72 53.42 55.05 56.59 58.03 59.34 60.52 61.56 62.43 63.13 63.64 63.96 64.05 63.92 63.60 63.12 62.52 61.80 60.95 59.98 58.89 57.71 56.47 55.18 53.85 52.48
23.61 23.86 24.28 24.88 25.62 26.45 27.30 28.19 29.08 29.98 30.88 31.76 32.61 33.43 34.19 34.86 35.45 35.94 36.34 36.65 36.87 37.00 37.08 37.16 37.23 37.30 37.37 37.44 37.52 37.59 37.61 37.58 37.52 37.44 37.35 37.27 37.22 37.21 37.26 37.41 37.73 38.24 38.94 39.84 40.94 42.24 43.74 45.39 47.12 48.89 50.67 52.44 54.18 55.84 57.41 58.86 60.17 61.34 62.35 63.18 63.82 64.27 64.49 64.50 64.30 63.95 63.47 62.86 62.12 61.26 60.27 59.15 57.95 56.68 55.37 54.01 52.62
24.47 24.61 24.91 25.37 25.99 26.74 27.56 28.41 29.26 30.12 30.98 31.81 32.62 33.38 34.06 34.65 35.16 35.58 35.91 36.16 36.32 36.40 36.44 36.47 36.50 36.54 36.59 36.64 36.70 36.77 36.84 36.88 36.88 36.86 36.83 36.80 36.81 36.85 36.98 37.26 37.70 38.32 39.12 40.10 41.27 42.63 44.18 45.87 47.63 49.43 51.24 53.04 54.79 56.48 58.07 59.53 60.84 62.00 62.98 63.77 64.36 64.73 64.88 64.82 64.61 64.27 63.79 63.17 62.43 61.55 60.55 59.41 58.19 56.91 55.57 54.19 52.78
