data_processed/recharge/precip/Precip_2002_11.asc
ncols        168
nrows        136
xllcorner    455000
yllcorner    2107000
cellsize     500
NODATA_value     -99999
[rows 34 to 67 of 136, columns 0 to 76 of 168]
42.15 44.56 47.19 49.90 52.65 55.42 58.20 60.99 63.78 66.55 69.30 72.02 74.69 77.31 79.86 82.35 84.75 87.06 89.26 91.22 92.66 93.48 93.67 93.26 92.50 91.50 90.29 88.84 87.02 84.76 82.11 79.15 75.94 72.54 69.01 65.43 61.85 58.35 54.98 51.82 48.92 46.36 44.19 42.49 41.34 40.93 41.48 43.02 45.56 48.43 50.31 51.04 50.69 49.51 48.02 46.44 44.79 43.09 41.38 39.65 37.95 36.28 34.67 33.14 31.71 30.39 29.22 28.21 27.37 26.74 26.27 25.65 24.68 23.30 21.50 19.55 17.74
37.58 39.61 41.99 44.60 47.29 50.04 52.82 55.62 58.45 61.28 64.11 66.93 69.73 72.50 75.22 77.90 80.52 83.06 85.39 87.23 88.50 89.17 89.23 88.70 87.84 86.76 85.47 83.98 82.30 80.28 77.87 75.12 72.10 68.88 65.52 62.08 58.63 55.24 51.96 48.88 46.04 43.51 41.37 39.69 38.69 38.55 39.33 41.04 43.68 46.63 48.62 49.50 49.34 48.22 46.38 44.32 42.25 40.21 38.21 36.26 34.41 32.65 31.02 29.53 28.21 27.07 26.13 25.43 24.96 24.71 24.38 23.77 22.84 21.54 19.85 18.04 16.36
33.66 35.33 37.37 39.75 42.38 45.10 47.88 50.71 53.58 56.47 59.39 62.32 65.25 68.17 71.08 73.95 76.78 79.43 81.64 83.31 84.41 84.94 84.87 84.24 83.29 82.12 80.76 79.22 77.52 75.64 73.47 70.96 68.16 65.14 61.96 58.68 55.38 52.11 48.95 45.96 43.20 40.73 38.65 37.16 36.46 36.60 37.59 39.45 42.17 45.16 47.23 48.24 48.26 47.35 45.60 43.24 40.75 38.34 36.03 33.86 31.83 29.97 28.30 26.84 25.61 24.63 23.92 23.51 23.34 23.18 22.81 22.21 21.31 20.08 18.50 16.81 15.25
30.34 31.70 33.41 35.49 37.92 40.60 43.38 46.24 49.16 52.13 55.14 58.18 61.25 64.33 67.41 70.48 73.41 75.93 77.94 79.43 80.38 80.78 80.59 79.86 78.83 77.59 76.17 74.59 72.85 70.98 68.96 66.69 64.13 61.32 58.34 55.25 52.11 48.99 45.96 43.08 40.41 38.04 36.18 35.05 34.67 35.06 36.23 38.21 40.99 44.00 46.13 47.25 47.42 46.71 45.19 42.95 40.19 37.41 34.79 32.37 30.16 28.18 26.46 25.02 23.86 23.03 22.53 22.34 22.21 21.96 21.55 20.93 20.06 18.90 17.43 15.85 14.41
27.59 28.66 30.09 31.89 34.05 36.56 39.33 42.22 45.19 48.24 51.35 54.51 57.72 60.96 64.23 67.38 70.16 72.48 74.30 75.63 76.43 76.70 76.40 75.59 74.48 73.18 71.71 70.09 68.32 66.44 64.44 62.34 60.02 57.45 54.68 51.79 48.84 45.89 43.00 40.25 37.72 35.61 34.15 33.37 33.28 33.90 35.24 37.31 40.12 43.14 45.30 46.50 46.79 46.26 44.96 42.97 40.37 37.37 34.43 31.74 29.33 27.22 25.44 23.99 22.90 22.20 21.85 21.63 21.37 21.03 20.57 19.93 19.08 17.98 16.61 15.15 13.81
25.36 26.17 27.35 28.90 30.82 33.10 35.74 38.64 41.67 44.80 48.01 51.30 54.66 58.07 61.40 64.39 66.96 69.07 70.72 71.89 72.55 72.70 72.31 71.41 70.24 68.89 67.38 65.72 63.94 62.05 60.06 58.00 55.85 53.53 51.00 48.33 45.58 42.81 40.10 37.51 35.28 33.61 32.55 32.10 32.28 33.10 34.58 36.73 39.54 42.54 44.72 45.97 46.37 45.98 44.88 43.13 40.81 37.98 34.87 31.91 29.29 27.03 25.17 23.70 22.67 22.03 21.60 21.21 20.82 20.38 19.85 19.19 18.36 17.31 16.03 14.68 13.45
23.62 24.21 25.17 26.50 28.20 30.28 32.72 35.53 38.60 41.81 45.13 48.55 52.06 55.52 58.68 61.44 63.80 65.73 67.21 68.23 68.76 68.80 68.32 67.35 66.12 64.72 63.18 61.50 59.71 57.83 55.85 53.82 51.73 49.58 47.31 44.87 42.34 39.78 37.27 35.03 33.27 32.04 31.35 31.22 31.64 32.65 34.24 36.43 39.24 42.19 44.35 45.64 46.11 45.85 44.92 43.39 41.33 38.81 35.90 32.81 29.97 27.55 25.59 24.10 23.06 22.28 21.64 21.06 20.52 19.97 19.37 18.69 17.86 16.87 15.67 14.43 13.29
22.32 22.71 23.49 24.64 26.16 28.06 30.33 32.98 35.99 39.27 42.70 46.25 49.79 53.07 55.99 58.54 60.70 62.44 63.76 64.64 65.06 64.99 64.43 63.40 62.12 60.69 59.12 57.43 55.64 53.77 51.82 49.82 47.78 45.71 43.62 41.44 39.15 36.83 34.70 32.97 31.70 30.89 30.55 30.70 31.35 32.51 34.19 36.41 39.18 42.06 44.18 45.48 46.01 45.85 45.07 43.73 41.91 39.67 37.09 34.23 31.31 28.72 26.65 25.07 23.84 22.80 21.92 21.16 20.47 19.81 19.13 18.41 17.59 16.64 15.53 14.38 13.33
21.41 21.65 22.28 23.28 24.65 26.41 28.54 31.05 33.94 37.19 40.72 44.29 47.63 50.66 53.35 55.69 57.65 59.23 60.40 61.14 61.44 61.29 60.65 59.57 58.25 56.79 55.20 53.51 51.73 49.88 47.96 46.01 44.02 42.03 40.04 38.05 36.03 34.13 32.56 31.36 30.54 30.12 30.11 30.52 31.37 32.66 34.42 36.64 39.34 42.13 44.20 45.48 46.04 45.96 45.30 44.13 42.52 40.55 38.27 35.76 33.10 30.47 28.24 26.42 24.87 23.56 22.45 21.49 20.64 19.86 19.11 18.34 17.52 16.61 15.57 14.51 13.55
20.87 20.99 21.49 22.37 23.64 25.28 27.31 29.72 32.50 35.66 39.07 42.42 45.50 48.28 50.75 52.89 54.67 56.08 57.11 57.73 57.93 57.69 56.99 55.86 54.51 53.03 51.44 49.76 47.99 46.16 44.29 42.39 40.47 38.55 36.65 34.80 33.17 31.86 30.85 30.15 29.77 29.72 30.02 30.67 31.69 33.09 34.89 37.09 39.71 42.37 44.36 45.61 46.18 46.15 45.59 44.57 43.15 41.41 39.42 37.24 34.94 32.57 30.18 28.00 26.14 24.55 23.20 22.03 21.02 20.11 19.28 18.47 17.64 16.76 15.79 14.82 13.94
20.65 20.67 21.09 21.88 23.07 24.64 26.59 28.93 31.64 34.62 37.63 40.59 43.40 45.95 48.21 50.15 51.76 53.02 53.91 54.41 54.52 54.20 53.45 52.28 50.91 49.42 47.83 46.16 44.42 42.63 40.81 38.97 37.12 35.29 33.51 31.96 30.80 30.04 29.56 29.34 29.37 29.67 30.24 31.11 32.28 33.77 35.59 37.74 40.25 42.78 44.66 45.84 46.40 46.40 45.92 45.02 43.77 42.24 40.50 38.63 36.66 34.54 32.21 29.81 27.63 25.75 24.15 22.77 21.59 20.56 19.63 18.77 17.93 17.07 16.16 15.27 14.47
20.70 20.67 21.03 21.77 22.91 24.44 26.35 28.64 31.21 33.82 36.39 38.91 41.36 43.67 45.72 47.47 48.92 50.03 50.80 51.20 51.21 50.83 50.03 48.84 47.45 45.96 44.38 42.73 41.03 39.29 37.52 35.75 33.99 32.27 30.78 29.70 29.01 28.68 28.67 28.90 29.31 29.93 30.77 31.83 33.12 34.67 36.49 38.58 40.95 43.31 45.06 46.16 46.68 46.69 46.26 45.45 44.35 43.01 41.51 39.90 38.13 36.17 34.02 31.69 29.30 27.14 25.28 23.70 22.34 21.17 20.14 19.22 18.37 17.53 16.68 15.86 15.13
20.99 20.93 21.27 22.00 23.12 24.63 26.53 28.71 30.94 33.14 35.30 37.41 39.47 41.46 43.29 44.87 46.16 47.13 47.78 48.08 48.03 47.59 46.75 45.54 44.14 42.66 41.10 39.48 37.82 36.14 34.44 32.75 31.10 29.67 28.65 28.03 27.77 27.84 28.20 28.80 29.58 30.50 31.57 32.79 34.20 35.78 37.57 39.57 41.79 43.96 45.55 46.54 47.00 46.99 46.59 45.86 44.88 43.71 42.40 40.94 39.30 37.48 35.49 33.35 31.04 28.70 26.59 24.79 23.25 21.93 20.81 19.82 18.94 18.12 17.32 16.57 15.90
21.48 21.43 21.77 22.52 23.66 25.19 27.00 28.88 30.73 32.56 34.35 36.09 37.78 39.40 40.95 42.34 43.48 44.33 44.87 45.08 44.96 44.47 43.60 42.38 40.99 39.52 37.99 36.41 34.80 33.18 31.56 29.97 28.61 27.66 27.10 26.92 27.05 27.49 28.17 29.08 30.15 31.34 32.62 33.99 35.47 37.08 38.81 40.69 42.73 44.69 46.11 46.97 47.34 47.29 46.89 46.21 45.33 44.28 43.09 41.72 40.19 38.50 36.66 34.67 32.56 30.31 28.05 26.02 24.30 22.84 21.60 20.55 19.63 18.82 18.07 17.38 16.76
22.12 22.11 22.50 23.29 24.47 25.95 27.49 29.03 30.54 32.03 33.49 34.90 36.25 37.55 38.77 39.91 40.90 41.62 42.06 42.20 42.01 41.48 40.59 39.37 37.99 36.55 35.05 33.52 31.98 30.43 28.91 27.61 26.72 26.24 26.12 26.33 26.83 27.59 28.57 29.73 31.03 32.44 33.90 35.40 36.94 38.53 40.19 41.93 43.77 45.49 46.71 47.41 47.67 47.56 47.14 46.49 45.67 44.69 43.55 42.26 40.82 39.24 37.53 35.70 33.75 31.69 29.54 27.39 25.47 23.86 22.51 21.38 20.43 19.62 18.91 18.27 17.71
22.88 22.93 23.40 24.27 25.43 26.67 27.91 29.14 30.35 31.54 32.70 33.81 34.87 35.87 36.80 37.66 38.42 39.02 39.37 39.43 39.19 38.63 37.73 36.52 35.16 33.75 32.30 30.83 29.35 27.90 26.67 25.85 25.43 25.38 25.66 26.24 27.07 28.12 29.36 30.74 32.23 33.80 35.40 36.99 38.56 40.12 41.68 43.26 44.87 46.33 47.32 47.85 47.97 47.77 47.31 46.66 45.86 44.90 43.80 42.57 41.21 39.73 38.13 36.44 34.64 32.76 30.80 28.76 26.75 24.98 23.51 22.30 21.31 20.50 19.82 19.24 18.72
23.70 23.87 24.44 25.31 26.27 27.24 28.21 29.17 30.12 31.05 31.94 32.79 33.59 34.34 35.01 35.61 36.13 36.54 36.80 36.80 36.51 35.93 35.03 33.82 32.50 31.13 29.73 28.33 26.95 25.78 25.03 24.68 24.70 25.05 25.70 26.61 27.73 29.05 30.51 32.08 33.72 35.41 37.09 38.74 40.32 41.82 43.27 44.66 46.01 47.19 47.93 48.26 48.23 47.91 47.39 46.71 45.89 44.94 43.86 42.68 41.38 39.98 38.49 36.91 35.26 33.54 31.75 29.92 28.03 26.19 24.60 23.30 22.26 21.44 20.79 20.25 19.77
24.56 24.86 25.47 26.17 26.89 27.63 28.37 29.10 29.82 30.52 31.19 31.81 32.39 32.91 33.37 33.75 34.05 34.25 34.36 34.29 33.97 33.37 32.48 31.30 30.01 28.69 27.36 26.04 24.95 24.26 23.99 24.08 24.50 25.22 26.20 27.40 28.79 30.33 31.98 33.71 35.48 37.24 38.98 40.64 42.20 43.62 44.92 46.10 47.18 48.05 48.52 48.61 48.40 47.96 47.36 46.63 45.79 44.83 43.76 42.60 41.35 40.02 38.62 37.15 35.62 34.04 32.42 30.77 29.08 27.38 25.74 24.36 23.26 22.43 21.80 21.30 20.86
25.40 25.77 26.24 26.74 27.27 27.81 28.35 28.89 29.42 29.93 30.41 30.84 31.24 31.57 31.84 32.04 32.16 32.19 32.11 31.93 31.58 30.97 30.09 28.94 27.70 26.44 25.20 24.17 23.55 23.35 23.51 24.00 24.80 25.85 27.13 28.60 30.22 31.95 33.76 35.61 37.46 39.28 41.02 42.67 44.17 45.49 46.61 47.56 48.34 48.88 49.06 48.90 48.50 47.93 47.25 46.46 45.57 44.58 43.52 42.37 41.15 39.88 38.55 37.17 35.75 34.30 32.83 31.34 29.84 28.34 26.86 25.45 24.30 23.45 22.84 22.37 21.95
26.09 26.36 26.67 27.01 27.37 27.75 28.13 28.51 28.89 29.24 29.56 29.85 30.09 30.28 30.40 30.46 30.43 30.31 30.10 29.78 29.34 28.73 27.87 26.76 25.58 24.41 23.45 22.90 22.76 23.00 23.56 24.43 25.56 26.92 28.47 30.16 31.97 33.86 35.80 37.73 39.64 41.47 43.20 44.79 46.20 47.39 48.33 49.03 49.48 49.67 49.53 49.11 48.53 47.85 47.07 46.20 45.26 44.23 43.15 42.00 40.80 39.56 38.29 36.99 35.66 34.33 32.99 31.65 30.33 29.02 27.74 26.50 25.36 24.48 23.88 23.44 23.04
26.39 26.53 26.71 26.92 27.16 27.41 27.67 27.93 28.18 28.42 28.63 28.80 28.92 29.00 29.01 28.96 28.82 28.60 28.28 27.86 27.32 26.66 25.82 24.77 23.67 22.78 22.30 22.23 22.54 23.18 24.12 25.33 26.77 28.39 30.16 32.06 34.03 36.05 38.07 40.06 41.98 43.80 45.48 46.98 48.26 49.29 50.04 50.47 50.58 50.39 49.92 49.28 48.56 47.74 46.85 45.89 44.87 43.80 42.67 41.51 40.32 39.10 37.87 36.63 35.39 34.15 32.93 31.73 30.57 29.43 28.35 27.32 26.35 25.50 24.91 24.49 24.07
26.21 26.25 26.33 26.45 26.60 26.77 26.94 27.12 27.29 27.44 27.56 27.66 27.71 27.71 27.64 27.52 27.31 27.02 26.63 26.14 25.54 24.81 23.96 22.98 22.16 21.75 21.75 22.13 22.85 23.87 25.15 26.67 28.37 30.23 32.20 34.26 36.35 38.46 40.54 42.55 44.46 46.22 47.82 49.19 50.32 51.16 51.68 51.83 51.60 51.03 50.30 49.48 48.59 47.63 46.61 45.55 44.44 43.29 42.12 40.93 39.72 38.52 37.31 36.12 34.94 33.79 32.67 31.60 30.57 29.60 28.70 27.86 27.11 26.45 25.92 25.47 24.92
25.65 25.62 25.65 25.71 25.79 25.90 26.02 26.14 26.26 26.36 26.43 26.48 26.48 26.43 26.33 26.15 25.91 25.57 25.15 24.62 23.98 23.23 22.34 21.47 21.09 21.17 21.63 22.43 23.53 24.90 26.49 28.28 30.23 32.29 34.43 36.62 38.82 40.99 43.10 45.10 46.97 48.66 50.14 51.37 52.31 52.93 53.19 53.06 52.52 51.71 50.76 49.74 48.67 47.55 46.39 45.20 43.98 42.75 41.52 40.28 39.05 37.83 36.64 35.47 34.34 33.26 32.23 31.27 30.37 29.54 28.80 28.15 27.60 27.16 26.84 26.38 25.68
25.14 25.07 25.04 25.05 25.09 25.15 25.22 25.30 25.37 25.43 25.46 25.47 25.44 25.35 25.21 25.01 24.73 24.37 23.92 23.36 22.70 21.92 21.03 20.18 20.01 20.52 21.43 22.64 24.12 25.83 27.73 29.79 31.97 34.23 36.54 38.85 41.15 43.37 45.50 47.49 49.30 50.91 52.26 53.34 54.09 54.48 54.48 54.08 53.38 52.47 51.35 50.12 48.85 47.55 46.23 44.90 43.56 42.23 40.91 39.60 38.33 37.08 35.88 34.73 33.63 32.60 31.64 30.76 29.97 29.27 28.67 28.19 27.82 27.62 27.62 27.41 26.68
24.79 24.66 24.59 24.56 24.55 24.57 24.61 24.64 24.68 24.70 24.71 24.68 24.61 24.50 24.34 24.11 23.80 23.42 22.94 22.37 21.69 20.91 20.03 19.20 19.05 19.75 21.05 22.67 24.52 26.57 28.77 31.10 33.51 35.97 38.43 40.88 43.26 45.54 47.68 49.66 51.42 52.93 54.17 55.08 55.64 55.80 55.56 55.01 54.24 53.26 52.06 50.66 49.18 47.68 46.18 44.68 43.20 41.75 40.32 38.93 37.59 36.30 35.07 33.91 32.82 31.82 30.91 30.10 29.39 28.80 28.33 27.99 27.82 27.90 28.23 28.35 27.86
24.55 24.40 24.29 24.21 24.18 24.16 24.16 24.17 24.17 24.17 24.14 24.09 24.00 23.87 23.68 23.43 23.11 22.70 22.21 21.63 20.95 20.19 19.33 18.52 18.37 19.08 20.55 22.53 24.75 27.13 29.64 32.23 34.87 37.52 40.14 42.71 45.18 47.51 49.67 51.62 53.33 54.75 55.86 56.61 56.97 56.92 56.56 55.94 55.11 54.06 52.79 51.31 49.66 47.95 46.25 44.57 42.93 41.33 39.78 38.29 36.86 35.50 34.23 33.04 31.94 30.95 30.07 29.30 28.67 28.16 27.80 27.62 27.70 28.06 28.68 29.11 28.93
24.40 24.25 24.11 24.01 23.94 23.89 23.87 23.85 23.83 23.80 23.75 23.68 23.57 23.42 23.22 22.95 22.62 22.21 21.71 21.13 20.47 19.73 18.90 18.11 17.98 18.69 20.15 22.27 24.82 27.54 30.34 33.19 36.06 38.90 41.68 44.37 46.92 49.30 51.47 53.40 55.05 56.38 57.36 57.95 58.13 57.97 57.54 56.87 55.97 54.86 53.53 51.99 50.26 48.39 46.47 44.60 42.77 41.01 39.32 37.70 36.16 34.72 33.38 32.14 31.02 30.01 29.14 28.41 27.82 27.38 27.14 27.16 27.48 28.10 28.99 29.70 29.80
24.31 24.17 24.04 23.91 23.82 23.75 23.70 23.66 23.63 23.58 23.52 23.43 23.31 23.15 22.94 22.67 22.33 21.91 21.42 20.86 20.23 19.52 18.72 17.96 17.85 18.56 20.01 22.12 24.79 27.80 30.89 34.00 37.09 40.12 43.06 45.86 48.49 50.92 53.10 55.01 56.60 57.83 58.68 59.11 59.20 58.99 58.52 57.79 56.84 55.66 54.27 52.67 50.89 48.94 46.87 44.78 42.75 40.81 38.95 37.19 35.53 33.98 32.55 31.24 30.07 29.04 28.16 27.43 26.87 26.51 26.43 26.65 27.18 28.02 29.16 30.11 30.48
24.27 24.15 24.03 23.91 23.81 23.72 23.66 23.61 23.56 23.50 23.43 23.33 23.21 23.04 22.83 22.55 22.21 21.81 21.35 20.82 20.22 19.54 18.78 18.05 17.96 18.68 20.13 22.21 24.85 27.96 31.31 34.68 37.99 41.20 44.29 47.20 49.92 52.39 54.58 56.45 57.98 59.12 59.84 60.20 60.25 60.00 59.47 58.70 57.69 56.45 55.01 53.35 51.52 49.52 47.38 45.14 42.90 40.75 38.71 36.78 34.97 33.30 31.76 30.37 29.13 28.05 27.14 26.40 25.88 25.64 25.71 26.10 26.82 27.86 29.20 30.38 30.98
24.29 24.19 24.08 23.97 23.87 23.78 23.71 23.65 23.59 23.53 23.46 23.36 23.24 23.07 22.86 22.59 22.27 21.89 21.47 20.97 20.41 19.77 19.05 18.36 18.30 19.03 20.47 22.54 25.15 28.21 31.64 35.23 38.76 42.16 45.39 48.42 51.20 53.71 55.91 57.76 59.22 60.27 60.93 61.26 61.26 60.97 60.41 59.58 58.52 57.24 55.74 54.03 52.15 50.11 47.92 45.61 43.22 40.85 38.61 36.50 34.53 32.71 31.04 29.54 28.21 27.07 26.10 25.37 24.92 24.80 25.00 25.53 26.40 27.61 29.13 30.51 31.30
24.36 24.27 24.18 24.09 24.00 23.92 23.84 23.78 23.72 23.67 23.59 23.50 23.38 23.22 23.02 22.77 22.48 22.15 21.76 21.30 20.78 20.19 19.51 18.87 18.84 19.59 21.03 23.08 25.66 28.68 32.06 35.70 39.42 42.99 46.37 49.51 52.37 54.92 57.12 58.93 60.33 61.33 61.97 62.27 62.25 61.92 61.32 60.45 59.34 58.00 56.45 54.71 52.78 50.69 48.46 46.11 43.66 41.14 38.68 36.37 34.22 32.23 30.42 28.79 27.36 26.12 25.12 24.42 24.04 24.00 24.31 24.95 25.94 27.29 28.97 30.50 31.47
24.48 24.40 24.32 24.25 24.17 24.10 24.04 23.98 23.93 23.88 23.82 23.73 23.63 23.48 23.30 23.09 22.84 22.55 22.20 21.79 21.32 20.77 20.14 19.55 19.56 20.33 21.78 23.82 26.38 29.36 32.68 36.26 40.01 43.73 47.25 50.50 53.43 56.01 58.21 60.00 61.37 62.35 62.97 63.25 63.19 62.84 62.19 61.29 60.13 58.75 57.16 55.36 53.40 51.27 49.00 46.62 44.13 41.56 38.95 36.42 34.06 31.89 29.91 28.14 26.57 25.26 24.25 23.58 23.25 23.27 23.64 24.37 25.46 26.92 28.72 30.39 31.50
24.63 24.57 24.51 24.45 24.39 24.33 24.28 24.23 24.19 24.15 24.11 24.04 23.95 23.84 23.70 23.53 23.32 23.08 22.78 22.42 22.00 21.50 20.93 20.39 20.44 21.24 22.70 24.74 27.27 30.22 33.49 37.00 40.68 44.41 48.05 51.40 54.40 57.01 59.21 60.99 62.35 63.32 63.92 64.17 64.10 63.71 63.04 62.09 60.90 59.47 57.84 56.01 54.00 51.84 49.53 47.12 44.60 42.00 39.34 36.66 34.09 31.71 29.55 27.61 25.92 24.56 23.54 22.87 22.56 22.60 23.01 23.80 24.96 26.50 28.39 30.17 31.39
24.83 24.78 24.74 24.69 24.64 24.60 24.56 24.52 24.50 24.47 24.45 24.41 24.35 24.28 24.18 24.06 23.91 23.71 23.47 23.16 22.80 22.36 21.84 21.36 21.46 22.29 23.77 25.81 28.33 31.24 34.47 37.92 41.52 45.17 48.79 52.22 55.28 57.93 60.14 61.91 63.26 64.23 64.82 65.05 64.95 64.54 63.84 62.86 61.63 60.17 58.49 56.62 54.58 52.39 50.06 47.61 45.06 42.44 39.76 37.03 34.31 31.72 29.35 27.25 25.48 24.06 23.00 22.30 21.97 22.02 22.44 23.25 24.45 26.04 28.00 29.85 31.16
