data_processed/recharge/precip/Precip_2002_10.asc
ncols        168
nrows        136
xllcorner    455000
yllcorner    2107000
cellsize     500
NODATA_value     -99999
[rows 68 to 101 of 136, columns 76 to 151 of 168]
77.07 78.34 79.16 79.55 79.54 79.15 78.42 77.36 76.02 74.40 72.55 70.50 68.43 66.59 65.02 63.70 62.62 61.75 61.10 60.63 60.35 60.22 60.25 60.40 60.68 60.98 61.24 61.44 61.57 61.65 61.67 61.63 61.54 61.39 61.17 60.91 60.58 60.21 59.91 59.76 59.78 59.94 60.23 60.64 61.17 61.79 62.49 63.26 64.10 64.97 65.88 66.77 67.59 68.33 68.99 69.54 69.99 70.30 70.48 70.50 70.37 70.06 69.56 68.90 68.19 67.51 66.87 66.27 65.71 65.20 64.72 64.29 63.90 63.56 63.26 63.01
74.77 76.11 77.00 77.48 77.56 77.28 76.67 75.75 74.54 73.08 71.40 69.62 67.93 66.40 65.09 64.01 63.13 62.45 61.96 61.63 61.45 61.41 61.49 61.68 61.96 62.26 62.51 62.70 62.83 62.90 62.91 62.87 62.77 62.61 62.39 62.12 61.79 61.37 60.88 60.43 60.15 60.04 60.09 60.29 60.63 61.09 61.67 62.34 63.09 63.92 64.81 65.68 66.48 67.21 67.84 68.37 68.79 69.08 69.22 69.22 69.04 68.70 68.18 67.59 66.98 66.38 65.81 65.27 64.76 64.29 63.85 63.45 63.08 62.75 62.45 62.20
72.57 73.92 74.84 75.35 75.49 75.27 74.73 73.88 72.77 71.42 69.97 68.60 67.33 66.16 65.13 64.28 63.62 63.13 62.80 62.60 62.54 62.58 62.72 62.95 63.24 63.53 63.78 63.96 64.09 64.16 64.17 64.12 64.02 63.86 63.64 63.36 63.00 62.54 61.98 61.35 60.77 60.38 60.18 60.15 60.28 60.57 60.99 61.54 62.20 62.96 63.80 64.64 65.41 66.10 66.69 67.18 67.55 67.79 67.89 67.83 67.60 67.22 66.77 66.31 65.82 65.31 64.81 64.33 63.87 63.44 63.04 62.66 62.32 62.00 61.71 61.45
70.51 71.83 72.73 73.23 73.36 73.15 72.63 71.82 70.76 69.59 68.50 67.51 66.62 65.82 65.11 64.51 64.07 63.77 63.60 63.55 63.59 63.73 63.93 64.20 64.50 64.79 65.04 65.22 65.34 65.41 65.42 65.37 65.27 65.11 64.89 64.59 64.19 63.68 63.09 62.40 61.65 60.97 60.49 60.21 60.13 60.22 60.47 60.88 61.43 62.10 62.88 63.67 64.38 65.01 65.55 65.98 66.28 66.46 66.49 66.36 66.09 65.75 65.41 65.05 64.68 64.29 63.87 63.45 63.05 62.66 62.29 61.95 61.62 61.31 61.03 60.77
68.64 69.87 70.69 71.13 71.22 70.97 70.42 69.60 68.67 67.81 67.06 66.41 65.85 65.37 64.98 64.67 64.45 64.35 64.35 64.44 64.60 64.83 65.10 65.40 65.72 66.02 66.26 66.44 66.57 66.64 66.65 66.61 66.51 66.35 66.11 65.76 65.32 64.78 64.16 63.45 62.66 61.82 61.06 60.51 60.19 60.06 60.13 60.38 60.79 61.36 62.06 62.78 63.42 63.98 64.43 64.78 65.01 65.10 65.04 64.85 64.60 64.36 64.11 63.85 63.58 63.29 62.97 62.63 62.28 61.94 61.61 61.29 60.99 60.69 60.42 60.15
66.98 68.08 68.79 69.12 69.10 68.77 68.15 67.41 66.74 66.18 65.72 65.36 65.08 64.89 64.77 64.73 64.75 64.85 65.02 65.25 65.54 65.86 66.20 66.54 66.88 67.18 67.43 67.62 67.75 67.82 67.84 67.80 67.71 67.53 67.25 66.87 66.39 65.83 65.18 64.45 63.65 62.78 61.87 61.06 60.47 60.11 59.98 60.05 60.31 60.76 61.36 61.98 62.53 63.00 63.36 63.61 63.73 63.72 63.58 63.40 63.23 63.06 62.90 62.72 62.54 62.34 62.12 61.86 61.58 61.28 60.99 60.70 60.41 60.14 59.86 59.60
65.59 66.52 67.05 67.22 67.06 66.60 66.00 65.48 65.07 64.76 64.54 64.42 64.38 64.42 64.54 64.71 64.95 65.25 65.59 65.98 66.38 66.80 67.21 67.61 67.97 68.28 68.53 68.72 68.86 68.95 68.97 68.94 68.82 68.61 68.29 67.88 67.38 66.80 66.14 65.40 64.60 63.73 62.81 61.85 61.00 60.39 60.03 59.90 60.00 60.30 60.78 61.30 61.74 62.10 62.34 62.48 62.48 62.37 62.23 62.10 61.99 61.89 61.79 61.69 61.57 61.45 61.30 61.13 60.93 60.69 60.43 60.17 59.91 59.64 59.38 59.11
64.51 65.20 65.52 65.48 65.14 64.64 64.22 63.92 63.71 63.60 63.59 63.66 63.81 64.03 64.33 64.68 65.09 65.55 66.05 66.59 67.12 67.64 68.13 68.57 68.95 69.27 69.53 69.74 69.89 69.98 70.02 69.97 69.82 69.57 69.23 68.79 68.28 67.68 67.02 66.28 65.48 64.62 63.71 62.75 61.77 60.91 60.31 59.96 59.87 60.01 60.36 60.75 61.06 61.28 61.40 61.39 61.29 61.15 61.05 60.96 60.90 60.85 60.80 60.75 60.70 60.64 60.56 60.45 60.32 60.15 59.94 59.71 59.46 59.21 58.95 58.68
63.77 64.19 64.24 63.96 63.53 63.16 62.92 62.77 62.73 62.78 62.91 63.13 63.42 63.78 64.21 64.69 65.23 65.80 66.42 67.07 67.73 68.35 68.91 69.41 69.82 70.15 70.43 70.65 70.81 70.91 70.93 70.85 70.68 70.40 70.04 69.59 69.07 68.47 67.80 67.07 66.28 65.44 64.55 63.62 62.65 61.67 60.82 60.24 59.94 59.90 60.09 60.34 60.51 60.58 60.54 60.41 60.26 60.14 60.07 60.01 59.98 59.96 59.95 59.95 59.94 59.92 59.89 59.84 59.76 59.65 59.50 59.30 59.08 58.85 58.59 58.32
63.43 63.52 63.26 62.84 62.50 62.26 62.14 62.11 62.18 62.34 62.58 62.89 63.28 63.73 64.24 64.81 65.42 66.07 66.75 67.46 68.20 68.91 69.56 70.11 70.55 70.90 71.19 71.43 71.60 71.70 71.69 71.58 71.38 71.09 70.71 70.26 69.73 69.13 68.47 67.76 66.99 66.17 65.31 64.41 63.48 62.52 61.56 60.75 60.23 59.99 60.01 60.09 60.09 59.99 59.81 59.62 59.47 59.37 59.30 59.26 59.25 59.25 59.27 59.29 59.31 59.33 59.33 59.32 59.28 59.21 59.11 58.96 58.77 58.55 58.30 58.02
63.51 63.24 62.79 62.41 62.15 62.00 61.95 61.99 62.13 62.35 62.64 63.01 63.45 63.94 64.49 65.09 65.73 66.40 67.10 67.83 68.58 69.33 70.05 70.65 71.13 71.50 71.81 72.06 72.22 72.29 72.25 72.13 71.91 71.61 71.23 70.78 70.25 69.67 69.03 68.33 67.59 66.80 65.98 65.12 64.24 63.33 62.41 61.49 60.74 60.28 60.11 60.01 59.83 59.57 59.31 59.11 58.95 58.84 58.77 58.74 58.73 58.74 58.76 58.80 58.83 58.87 58.89 58.90 58.89 58.85 58.78 58.67 58.51 58.31 58.07 57.79
64.08 63.56 63.11 62.78 62.55 62.43 62.41 62.48 62.63 62.86 63.17 63.54 63.98 64.47 65.01 65.59 66.21 66.86 67.54 68.23 68.94 69.65 70.36 71.02 71.53 71.92 72.25 72.49 72.63 72.67 72.62 72.48 72.26 71.95 71.58 71.13 70.62 70.06 69.44 68.77 68.06 67.31 66.53 65.72 64.90 64.05 63.19 62.33 61.48 60.81 60.43 60.13 59.76 59.41 59.12 58.89 58.72 58.59 58.50 58.45 58.43 58.43 58.45 58.48 58.52 58.56 58.59 58.61 58.61 58.59 58.53 58.44 58.31 58.13 57.90 57.62
65.35 64.79 64.33 63.99 63.76 63.62 63.58 63.63 63.75 63.95 64.22 64.55 64.94 65.38 65.86 66.38 66.93 67.51 68.11 68.73 69.35 69.98 70.60 71.20 71.73 72.14 72.47 72.69 72.81 72.84 72.78 72.63 72.41 72.11 71.74 71.31 70.82 70.28 69.70 69.06 68.39 67.69 66.96 66.21 65.45 64.67 63.88 63.09 62.31 61.56 60.97 60.47 60.00 59.60 59.26 58.99 58.78 58.62 58.50 58.42 58.38 58.36 58.36 58.37 58.40 58.42 58.45 58.46 58.46 58.44 58.39 58.30 58.18 58.01 57.79 57.52
67.58 66.97 66.47 66.08 65.79 65.60 65.49 65.47 65.52 65.64 65.83 66.07 66.36 66.71 67.09 67.50 67.94 68.41 68.89 69.38 69.87 70.36 70.84 71.31 71.75 72.14 72.44 72.65 72.75 72.77 72.71 72.57 72.35 72.07 71.72 71.31 70.85 70.34 69.79 69.21 68.59 67.94 67.27 66.58 65.88 65.18 64.47 63.77 63.08 62.40 61.74 61.12 60.59 60.13 59.74 59.42 59.15 58.94 58.78 58.66 58.57 58.52 58.49 58.47 58.47 58.47 58.47 58.47 58.45 58.41 58.35 58.26 58.14 57.97 57.75 57.48
70.36 69.69 69.12 68.66 68.30 68.02 67.83 67.72 67.68 67.70 67.78 67.92 68.10 68.32 68.58 68.87 69.18 69.51 69.85 70.20 70.54 70.87 71.20 71.50 71.74 71.98 72.25 72.44 72.54 72.56 72.51 72.37 72.17 71.91 71.59 71.21 70.79 70.32 69.82 69.28 68.72 68.13 67.53 66.92 66.30 65.67 65.06 64.45 63.85 63.26 62.62 61.97 61.37 60.84 60.39 60.01 59.69 59.43 59.21 59.04 58.91 58.81 58.74 58.69 58.65 58.62 58.60 58.57 58.53 58.47 58.40 58.29 58.16 57.98 57.76 57.54
73.30 72.58 71.95 71.42 70.97 70.62 70.34 70.13 70.00 69.92 69.89 69.92 69.99 70.09 70.23 70.39 70.57 70.76 70.96 71.15 71.34 71.52 71.68 71.77 71.79 71.83 71.97 72.15 72.25 72.28 72.24 72.13 71.95 71.72 71.43 71.09 70.72 70.30 69.85 69.38 68.88 68.36 67.84 67.31 66.77 66.24 65.72 65.21 64.71 64.14 63.50 62.84 62.20 61.61 61.10 60.66 60.28 59.96 59.69 59.48 59.30 59.16 59.04 58.96 58.88 58.82 58.77 58.71 58.65 58.58 58.48 58.36 58.22 58.03 57.86 57.82
76.33 75.60 74.92 74.31 73.79 73.35 72.98 72.69 72.45 72.27 72.14 72.06 72.01 71.99 72.00 72.03 72.08 72.13 72.18 72.23 72.27 72.29 72.24 72.10 71.90 71.73 71.71 71.80 71.90 71.95 71.93 71.85 71.70 71.51 71.26 70.98 70.65 70.30 69.91 69.51 69.08 68.65 68.21 67.76 67.33 66.90 66.48 66.06 65.59 65.02 64.37 63.71 63.06 62.43 61.85 61.35 60.91 60.54 60.22 59.95 59.73 59.54 59.39 59.26 59.15 59.06 58.98 58.89 58.81 58.71 58.60 58.47 58.31 58.17 58.17 58.34
79.41 78.69 77.99 77.32 76.72 76.20 75.74 75.35 75.02 74.74 74.50 74.30 74.14 74.00 73.88 73.78 73.69 73.60 73.51 73.41 73.29 73.10 72.82 72.46 72.05 71.70 71.52 71.47 71.52 71.58 71.59 71.55 71.45 71.30 71.11 70.88 70.62 70.33 70.02 69.69 69.35 69.00 68.66 68.31 67.98 67.65 67.33 66.94 66.45 65.88 65.23 64.56 63.90 63.26 62.65 62.09 61.59 61.16 60.79 60.47 60.20 59.97 59.77 59.61 59.46 59.34 59.22 59.11 59.00 58.89 58.76 58.61 58.49 58.52 58.73 59.08
82.52 81.81 81.11 80.42 79.75 79.14 78.60 78.11 77.68 77.29 76.95 76.63 76.35 76.09 75.85 75.61 75.39 75.16 74.92 74.66 74.33 73.91 73.41 72.84 72.23 71.70 71.38 71.21 71.17 71.21 71.25 71.25 71.20 71.10 70.97 70.81 70.62 70.41 70.18 69.94 69.69 69.44 69.20 68.96 68.74 68.52 68.22 67.81 67.31 66.72 66.07 65.40 64.74 64.09 63.47 62.87 62.31 61.83 61.40 61.03 60.71 60.43 60.20 59.99 59.81 59.65 59.50 59.37 59.23 59.09 58.94 58.83 58.88 59.12 59.51 60.03
85.64 84.94 84.25 83.55 82.85 82.16 81.53 80.94 80.41 79.92 79.46 79.04 78.63 78.25 77.88 77.51 77.14 76.77 76.38 75.92 75.35 74.70 73.98 73.22 72.43 71.74 71.28 71.01 70.89 70.87 70.92 70.96 70.97 70.94 70.88 70.80 70.69 70.56 70.42 70.28 70.13 69.99 69.85 69.73 69.61 69.41 69.09 68.66 68.14 67.55 66.90 66.23 65.57 64.92 64.28 63.66 63.07 62.53 62.05 61.63 61.26 60.94 60.65 60.41 60.19 60.00 59.82 59.65 59.49 59.33 59.22 59.27 59.52 59.94 60.49 61.16
88.75 88.07 87.37 86.67 85.95 85.23 84.51 83.83 83.19 82.59 82.03 81.48 80.96 80.45 79.95 79.45 78.94 78.42 77.82 77.12 76.33 75.46 74.54 73.59 72.63 71.79 71.20 70.84 70.65 70.60 70.63 70.71 70.79 70.83 70.85 70.85 70.83 70.80 70.76 70.72 70.68 70.65 70.64 70.62 70.51 70.29 69.94 69.50 68.97 68.37 67.72 67.05 66.39 65.73 65.08 64.46 63.85 63.27 62.73 62.26 61.84 61.47 61.15 60.86 60.60 60.37 60.16 59.97 59.78 59.65 59.70 59.95 60.38 60.96 61.65 62.45
91.84 91.16 90.47 89.76 89.03 88.28 87.51 86.75 86.01 85.30 84.62 83.96 83.31 82.68 82.04 81.41 80.75 80.02 79.19 78.25 77.24 76.17 75.06 73.94 72.82 71.84 71.14 70.70 70.46 70.38 70.41 70.52 70.66 70.79 70.89 70.98 71.06 71.13 71.20 71.27 71.35 71.45 71.54 71.54 71.40 71.14 70.78 70.32 69.78 69.18 68.53 67.86 67.20 66.53 65.88 65.24 64.62 64.02 63.45 62.93 62.46 62.04 61.67 61.34 61.05 60.78 60.54 60.31 60.15 60.18 60.42 60.85 61.44 62.15 62.97 63.87
94.87 94.21 93.52 92.80 92.06 91.28 90.49 89.66 88.83 88.01 87.22 86.44 85.67 84.91 84.14 83.36 82.50 81.53 80.46 79.30 78.08 76.82 75.54 74.25 72.98 71.88 71.08 70.57 70.28 70.19 70.24 70.39 70.60 70.82 71.03 71.22 71.40 71.58 71.77 71.96 72.17 72.37 72.48 72.44 72.27 71.99 71.60 71.12 70.57 69.97 69.32 68.66 68.00 67.33 66.67 66.03 65.39 64.78 64.19 63.62 63.10 62.64 62.22 61.85 61.52 61.22 60.94 60.74 60.74 60.95 61.37 61.95 62.68 63.51 64.43 65.41
97.83 97.19 96.50 95.78 95.02 94.22 93.39 92.53 91.63 90.72 89.81 88.91 88.01 87.12 86.21 85.22 84.12 82.91 81.61 80.25 78.84 77.40 75.95 74.51 73.11 71.89 71.01 70.44 70.12 70.03 70.10 70.31 70.60 70.93 71.26 71.57 71.87 72.17 72.48 72.81 73.12 73.34 73.40 73.33 73.12 72.81 72.40 71.91 71.35 70.75 70.11 69.45 68.79 68.12 67.46 66.80 66.16 65.53 64.92 64.34 63.78 63.27 62.81 62.39 62.02 61.68 61.42 61.37 61.56 61.95 62.51 63.23 64.07 65.00 66.00 67.03
100.71 100.07 99.39 98.66 97.89 97.07 96.21 95.31 94.36 93.37 92.36 91.34 90.32 89.28 88.17 86.94 85.59 84.16 82.65 81.09 79.50 77.89 76.29 74.71 73.19 71.87 70.91 70.29 69.96 69.87 69.99 70.26 70.65 71.10 71.58 72.04 72.47 72.91 73.35 73.79 74.12 74.29 74.31 74.19 73.96 73.62 73.19 72.68 72.12 71.52 70.88 70.23 69.57 68.90 68.24 67.58 66.92 66.28 65.65 65.05 64.47 63.92 63.41 62.96 62.54 62.22 62.11 62.25 62.60 63.14 63.84 64.67 65.60 66.61 67.66 68.73
103.48 102.85 102.17 101.44 100.65 99.81 98.92 97.98 96.98 95.94 94.84 93.71 92.55 91.32 89.96 88.48 86.90 85.25 83.55 81.80 80.04 78.28 76.54 74.83 73.20 71.79 70.77 70.12 69.78 69.72 69.89 70.24 70.73 71.32 71.96 72.61 73.23 73.81 74.37 74.82 75.09 75.21 75.19 75.03 74.77 74.41 73.96 73.44 72.88 72.27 71.64 71.00 70.34 69.68 69.01 68.34 67.68 67.03 66.39 65.76 65.16 64.59 64.04 63.54 63.14 62.97 63.04 63.34 63.84 64.51 65.31 66.23 67.24 68.30 69.39 70.48
106.12 105.51 104.83 104.09 103.29 102.43 101.51 100.52 99.48 98.38 97.22 95.99 94.64 93.15 91.54 89.83 88.04 86.19 84.29 82.38 80.46 78.55 76.68 74.87 73.13 71.65 70.58 69.91 69.58 69.55 69.78 70.22 70.83 71.57 72.38 73.24 74.08 74.85 75.43 75.82 76.04 76.11 76.05 75.86 75.56 75.18 74.71 74.19 73.62 73.01 72.39 71.76 71.11 70.44 69.78 69.10 68.43 67.77 67.12 66.48 65.86 65.26 64.69 64.21 63.95 63.95 64.19 64.63 65.26 66.03 66.92 67.91 68.97 70.06 71.16 72.25
108.60 108.01 107.34 106.60 105.78 104.90 103.95 102.92 101.83 100.67 99.43 98.05 96.49 94.76 92.91 90.99 88.99 86.95 84.88 82.80 80.74 78.70 76.71 74.80 72.98 71.43 70.32 69.64 69.33 69.34 69.65 70.19 70.94 71.83 72.84 73.91 74.97 75.85 76.46 76.80 76.97 76.99 76.89 76.66 76.34 75.93 75.45 74.92 74.34 73.74 73.13 72.51 71.86 71.20 70.54 69.86 69.19 68.51 67.85 67.19 66.55 65.93 65.39 65.07 64.99 65.16 65.53 66.10 66.83 67.68 68.64 69.68 70.76 71.87 72.96 74.02
110.92 110.34 109.68 108.93 108.11 107.20 106.22 105.16 104.02 102.79 101.41 99.82 98.05 96.12 94.06 91.92 89.74 87.52 85.29 83.06 80.86 78.71 76.62 74.61 72.72 71.12 69.99 69.30 69.02 69.10 69.49 70.15 71.04 72.10 73.31 74.57 75.73 76.67 77.35 77.74 77.88 77.85 77.71 77.45 77.10 76.67 76.18 75.63 75.06 74.46 73.86 73.25 72.61 71.96 71.29 70.61 69.93 69.25 68.58 67.91 67.25 66.67 66.29 66.16 66.25 66.56 67.05 67.72 68.53 69.45 70.45 71.52 72.61 73.70 74.76 75.77
113.06 112.49 111.83 111.08 110.24 109.32 108.31 107.20 106.01 104.64 103.06 101.27 99.31 97.19 94.96 92.64 90.27 87.88 85.50 83.14 80.82 78.56 76.38 74.30 72.34 70.70 69.56 68.89 68.65 68.80 69.29 70.07 71.12 72.37 73.75 75.09 76.28 77.27 78.03 78.53 78.73 78.69 78.51 78.22 77.84 77.39 76.88 76.34 75.76 75.17 74.58 73.98 73.35 72.70 72.04 71.36 70.68 69.99 69.30 68.62 68.01 67.59 67.41 67.45 67.70 68.13 68.72 69.47 70.34 71.30 72.33 73.39 74.47 75.53 76.54 77.48
114.98 114.43 113.77 113.02 112.17 111.23 110.18 109.03 107.70 106.14 104.36 102.38 100.24 97.97 95.58 93.10 90.57 88.03 85.51 83.03 80.60 78.24 75.99 73.84 71.84 70.16 69.02 68.38 68.19 68.42 69.03 69.95 71.16 72.58 74.01 75.36 76.58 77.63 78.47 79.09 79.43 79.48 79.28 78.96 78.56 78.10 77.58 77.02 76.45 75.86 75.29 74.70 74.08 73.44 72.78 72.11 71.42 70.73 70.03 69.40 68.95 68.74 68.74 68.93 69.31 69.85 70.52 71.33 72.23 73.22 74.25 75.30 76.34 77.34 78.28 79.12
116.67 116.14 115.49 114.74 113.88 112.91 111.83 110.55 109.02 107.26 105.30 103.15 100.85 98.42 95.89 93.28 90.63 87.96 85.31 82.71 80.19 77.75 75.42 73.22 71.18 69.49 68.36 67.76 67.64 67.97 68.69 69.77 71.13 72.57 73.99 75.34 76.59 77.70 78.64 79.38 79.87 80.09 80.01 79.69 79.27 78.79 78.26 77.70 77.12 76.55 75.99 75.41 74.81 74.18 73.52 72.85 72.16 71.47 70.82 70.36 70.12 70.09 70.25 70.59 71.07 71.69 72.43 73.27 74.20 75.18 76.19 77.20 78.18 79.11 79.95 80.68
118.12 117.60 116.96 116.20 115.33 114.33 113.13 111.66 109.94 108.01 105.87 103.56 101.11 98.55 95.89 93.17 90.40 87.63 84.87 82.18 79.57 77.06 74.68 72.44 70.37 68.68 67.57 67.02 66.98 67.41 68.27 69.48 70.85 72.25 73.65 75.01 76.29 77.47 78.51 79.37 80.02 80.43 80.55 80.37 79.96 79.46 78.92 78.36 77.79 77.22 76.68 76.12 75.53 74.90 74.26 73.59 72.90 72.26 71.79 71.55 71.50 71.63 71.94 72.38 72.96 73.65 74.43 75.29 76.20 77.16 78.12 79.07 79.98 80.81 81.54 82.13
119.30 118.79 118.16 117.40 116.51 115.40 114.00 112.35 110.45 108.35 106.06 103.61 101.02 98.33 95.56 92.73 89.88 87.02 84.19 81.41 78.73 76.16 73.74 71.47 69.39 67.71 66.63 66.14 66.20 66.75 67.72 68.92 70.22 71.57 72.95 74.33 75.66 76.91 78.04 79.04 79.85 80.44 80.79 80.85 80.60 80.12 79.57 79.01 78.44 77.89 77.35 76.81 76.24 75.63 74.99 74.32 73.69 73.24 72.99 72.94 73.06 73.34 73.77 74.31 74.96 75.69 76.50 77.35 78.24 79.14 80.04 80.91 81.71 82.42 83.01 83.45
