data_processed/recharge/precip/Precip_2004_05.asc
ncols        168
nrows        136
xllcorner    455000
yllcorner    2107000
cellsize     500
NODATA_value     -99999
[rows 34 to 67 of 136, columns 75 to 149 of 168]
80.71 82.60 84.69 86.92 89.27 91.68 94.09 96.48 98.84 101.14 103.36 105.49 107.50 109.38 111.10 112.64 113.99 115.13 116.03 116.67 117.04 117.06 116.61 115.71 114.40 112.74 110.85 108.85 106.79 104.68 102.55 100.37 98.13 95.86 93.57 91.29 89.03 86.82 84.67 82.62 80.67 78.86 77.19 75.70 74.40 73.31 72.46 71.82 71.36 71.06 70.94 70.97 71.02 71.01 70.95 70.83 70.78 71.05 71.71 72.75 74.12 75.78 77.70 79.85 82.19 84.67 87.28 89.96 92.68 95.42 98.12 100.76 103.30 105.77 108.18
78.29 80.31 82.51 84.86 87.32 89.85 92.39 94.91 97.37 99.76 102.06 104.26 106.32 108.23 109.97 111.53 112.87 113.98 114.85 115.44 115.69 115.46 114.77 113.65 112.18 110.39 108.40 106.31 104.17 101.99 99.80 97.62 95.42 93.19 90.96 88.74 86.56 84.42 82.37 80.41 78.57 76.87 75.33 73.96 72.80 71.86 71.12 70.54 70.10 69.82 69.68 69.69 69.71 69.67 69.58 69.44 69.26 69.14 69.36 69.98 70.99 72.33 73.98 75.89 78.04 80.38 82.89 85.52 88.23 91.00 93.78 96.55 99.32 102.11 104.87
75.88 78.02 80.33 82.79 85.35 87.97 90.62 93.24 95.80 98.28 100.65 102.89 104.99 106.93 108.68 110.23 111.56 112.64 113.46 113.93 113.92 113.43 112.51 111.22 109.60 107.72 105.66 103.51 101.31 99.08 96.86 94.66 92.49 90.35 88.20 86.08 84.00 81.98 80.05 78.22 76.52 74.97 73.58 72.38 71.39 70.58 69.91 69.37 68.97 68.69 68.55 68.53 68.53 68.46 68.35 68.18 67.97 67.73 67.57 67.75 68.35 69.33 70.66 72.30 74.22 76.38 78.74 81.28 83.94 86.70 89.53 92.44 95.43 98.49 101.57
73.48 75.73 78.16 80.72 83.37 86.08 88.81 91.51 94.16 96.70 99.13 101.41 103.54 105.50 107.25 108.79 110.08 111.12 111.81 112.02 111.74 111.01 109.90 108.45 106.72 104.77 102.66 100.48 98.26 96.01 93.78 91.57 89.43 87.36 85.34 83.34 81.40 79.53 77.75 76.09 74.56 73.18 71.98 70.98 70.14 69.43 68.82 68.33 67.95 67.69 67.54 67.50 67.47 67.38 67.24 67.05 66.82 66.56 66.28 66.08 66.23 66.81 67.78 69.11 70.76 72.70 74.88 77.28 79.85 82.57 85.45 88.49 91.67 94.95 98.28
71.11 73.47 75.99 78.64 81.38 84.17 86.97 89.75 92.46 95.06 97.53 99.85 102.00 103.95 105.70 107.21 108.46 109.38 109.80 109.71 109.18 108.24 106.97 105.40 103.58 101.59 99.47 97.28 95.06 92.82 90.60 88.42 86.31 84.30 82.39 80.56 78.79 77.10 75.51 74.04 72.71 71.55 70.57 69.74 69.02 68.39 67.85 67.41 67.06 66.81 66.66 66.60 66.54 66.43 66.26 66.05 65.80 65.52 65.22 64.90 64.69 64.82 65.39 66.37 67.71 69.38 71.34 73.56 76.00 78.69 81.61 84.74 88.05 91.50 95.05
68.77 71.23 73.85 76.58 79.40 82.26 85.13 87.96 90.72 93.38 95.88 98.22 100.38 102.33 104.05 105.52 106.65 107.28 107.39 107.05 106.29 105.18 103.76 102.09 100.23 98.22 96.11 93.95 91.75 89.56 87.38 85.26 83.21 81.26 79.45 77.77 76.20 74.72 73.36 72.12 71.03 70.11 69.33 68.63 68.01 67.46 66.99 66.60 66.28 66.05 65.89 65.81 65.73 65.59 65.40 65.17 64.90 64.61 64.29 63.96 63.62 63.39 63.53 64.11 65.09 66.46 68.15 70.16 72.48 75.12 78.05 81.22 84.61 88.17 91.88
66.47 69.02 71.72 74.54 77.43 80.36 83.29 86.17 88.98 91.67 94.20 96.55 98.70 100.63 102.32 103.66 104.50 104.81 104.65 104.07 103.12 101.85 100.33 98.59 96.70 94.70 92.64 90.53 88.39 86.26 84.16 82.12 80.16 78.31 76.60 75.05 73.68 72.44 71.33 70.35 69.53 68.83 68.20 67.63 67.11 66.64 66.24 65.90 65.62 65.40 65.24 65.14 65.03 64.87 64.66 64.41 64.13 63.81 63.48 63.14 62.79 62.45 62.22 62.36 62.96 63.97 65.37 67.17 69.35 71.90 74.78 77.94 81.36 85.00 88.81
64.22 66.85 69.64 72.53 75.48 78.47 81.45 84.38 87.22 89.94 92.50 94.86 97.00 98.89 100.45 101.49 102.00 102.02 101.61 100.82 99.71 98.32 96.71 94.94 93.05 91.09 89.10 87.06 85.02 82.98 80.98 79.05 77.21 75.48 73.91 72.50 71.29 70.29 69.46 68.77 68.20 67.67 67.18 66.72 66.31 65.93 65.60 65.31 65.06 64.86 64.70 64.59 64.45 64.27 64.04 63.77 63.47 63.14 62.80 62.45 62.09 61.74 61.40 61.18 61.34 61.97 63.07 64.64 66.65 69.06 71.84 74.94 78.34 81.99 85.86
62.02 64.74 67.59 70.55 73.56 76.60 79.62 82.59 85.47 88.21 90.79 93.16 95.28 97.05 98.29 98.99 99.19 98.95 98.32 97.35 96.10 94.62 92.96 91.17 89.31 87.43 85.53 83.60 81.67 79.76 77.89 76.09 74.40 72.83 71.41 70.17 69.14 68.34 67.78 67.36 66.98 66.61 66.25 65.92 65.61 65.33 65.06 64.82 64.61 64.43 64.27 64.14 63.99 63.78 63.53 63.25 62.93 62.59 62.24 61.87 61.51 61.15 60.80 60.48 60.29 60.53 61.32 62.62 64.40 66.61 69.24 72.23 75.56 79.18 83.06
59.88 62.67 65.59 68.61 71.67 74.76 77.82 80.82 83.72 86.48 89.07 91.44 93.46 94.93 95.81 96.19 96.12 95.65 94.82 93.71 92.35 90.80 89.11 87.34 85.54 83.75 81.98 80.19 78.40 76.64 74.93 73.30 71.78 70.39 69.16 68.12 67.30 66.71 66.32 66.06 65.85 65.64 65.43 65.22 65.02 64.82 64.63 64.44 64.27 64.10 63.95 63.80 63.63 63.40 63.14 62.83 62.50 62.15 61.79 61.41 61.04 60.67 60.32 60.00 59.75 59.70 60.13 61.11 62.61 64.59 67.01 69.84 73.05 76.59 80.43
57.81 60.67 63.65 66.72 69.83 72.95 76.04 79.07 81.99 84.76 87.35 89.62 91.34 92.48 93.06 93.15 92.83 92.15 91.17 89.93 88.49 86.90 85.22 83.49 81.77 80.12 78.50 76.87 75.25 73.67 72.15 70.71 69.39 68.22 67.21 66.39 65.79 65.38 65.09 64.90 64.82 64.76 64.70 64.62 64.52 64.41 64.29 64.16 64.02 63.88 63.73 63.57 63.37 63.13 62.85 62.53 62.19 61.82 61.45 61.07 60.69 60.32 59.97 59.68 59.49 59.41 59.55 60.16 61.33 63.01 65.18 67.80 70.84 74.24 77.99
55.83 58.74 61.77 64.88 68.03 71.19 74.30 77.35 80.27 83.05 85.53 87.49 88.87 89.71 90.04 89.91 89.37 88.51 87.39 86.06 84.57 82.97 81.32 79.66 78.06 76.56 75.13 73.69 72.27 70.89 69.59 68.38 67.29 66.35 65.58 65.02 64.62 64.31 64.09 63.96 63.93 63.98 64.06 64.10 64.11 64.10 64.05 63.98 63.88 63.75 63.60 63.43 63.22 62.96 62.66 62.33 61.98 61.61 61.22 60.83 60.45 60.08 59.77 59.54 59.40 59.38 59.46 59.77 60.56 61.91 63.78 66.13 68.94 72.17 75.77
53.92 56.89 59.96 63.11 66.29 69.47 72.61 75.66 78.59 81.25 83.41 85.01 86.08 86.66 86.78 86.47 85.78 84.78 83.55 82.15 80.63 79.05 77.46 75.91 74.45 73.13 71.91 70.69 69.50 68.36 67.29 66.33 65.50 64.83 64.34 63.99 63.70 63.48 63.33 63.25 63.25 63.34 63.51 63.67 63.80 63.87 63.90 63.89 63.83 63.72 63.58 63.40 63.17 62.89 62.58 62.24 61.87 61.49 61.10 60.71 60.33 59.99 59.72 59.55 59.47 59.49 59.62 59.87 60.34 61.30 62.81 64.86 67.39 70.38 73.79
52.11 55.12 58.23 61.41 64.62 67.81 70.96 74.01 76.83 79.15 80.94 82.20 83.00 83.34 83.28 82.84 82.06 80.98 79.68 78.24 76.73 75.19 73.69 72.27 70.98 69.87 68.89 67.92 66.98 66.11 65.31 64.63 64.09 63.71 63.44 63.23 63.05 62.91 62.82 62.79 62.82 62.92 63.10 63.34 63.57 63.74 63.84 63.89 63.87 63.79 63.65 63.46 63.21 62.92 62.60 62.25 61.87 61.48 61.08 60.69 60.33 60.04 59.83 59.70 59.67 59.73 59.89 60.17 60.57 61.20 62.32 64.00 66.21 68.92 72.09
50.39 53.44 56.59 59.79 63.02 66.22 69.37 72.30 74.77 76.70 78.13 79.11 79.65 79.80 79.59 79.05 78.22 77.13 75.82 74.38 72.90 71.44 70.05 68.78 67.69 66.83 66.11 65.42 64.77 64.18 63.69 63.32 63.08 62.95 62.84 62.74 62.65 62.60 62.57 62.58 62.63 62.74 62.91 63.14 63.43 63.69 63.87 63.97 64.00 63.94 63.81 63.61 63.35 63.05 62.71 62.35 61.97 61.57 61.17 60.80 60.49 60.24 60.07 59.98 59.98 60.07 60.27 60.57 60.99 61.54 62.32 63.59 65.43 67.80 70.67
48.79 51.87 55.04 58.26 61.49 64.70 67.72 70.29 72.34 73.91 75.04 75.75 76.07 76.06 75.73 75.12 74.27 73.21 71.97 70.60 69.19 67.83 66.59 65.51 64.64 64.05 63.63 63.24 62.90 62.63 62.47 62.42 62.46 62.49 62.51 62.52 62.53 62.55 62.58 62.63 62.71 62.82 62.97 63.17 63.43 63.73 63.98 64.15 64.21 64.19 64.07 63.85 63.58 63.27 62.92 62.55 62.16 61.76 61.38 61.05 60.78 60.57 60.43 60.37 60.39 60.51 60.72 61.04 61.48 62.03 62.72 63.64 65.06 67.05 69.57
47.29 50.40 53.59 56.82 60.05 63.13 65.77 67.92 69.59 70.83 71.67 72.15 72.29 72.14 71.73 71.08 70.25 69.25 68.12 66.91 65.64 64.42 63.34 62.48 61.87 61.57 61.47 61.42 61.42 61.50 61.69 61.93 62.14 62.32 62.47 62.58 62.68 62.77 62.86 62.94 63.04 63.15 63.29 63.45 63.65 63.90 64.18 64.40 64.51 64.51 64.40 64.18 63.90 63.57 63.22 62.84 62.44 62.06 61.72 61.42 61.18 60.99 60.88 60.84 60.88 61.01 61.24 61.57 62.01 62.57 63.25 64.07 65.13 66.68 68.81
45.92 49.04 52.24 55.47 58.58 61.26 63.46 65.21 66.54 67.48 68.07 68.35 68.34 68.09 67.62 66.97 66.18 65.27 64.29 63.27 62.23 61.23 60.37 59.74 59.42 59.45 59.70 60.00 60.37 60.83 61.32 61.76 62.13 62.45 62.71 62.94 63.12 63.28 63.41 63.53 63.64 63.75 63.87 63.99 64.14 64.31 64.51 64.74 64.89 64.92 64.82 64.60 64.30 63.96 63.60 63.22 62.84 62.48 62.17 61.90 61.68 61.51 61.41 61.39 61.44 61.58 61.81 62.14 62.58 63.13 63.81 64.61 65.55 66.74 68.42
44.68 47.81 51.01 54.11 56.80 59.03 60.82 62.20 63.21 63.89 64.27 64.37 64.25 63.92 63.43 62.81 62.10 61.32 60.51 59.71 58.95 58.26 57.70 57.35 57.34 57.72 58.35 59.04 59.80 60.58 61.28 61.89 62.42 62.87 63.26 63.58 63.85 64.07 64.25 64.40 64.52 64.62 64.71 64.80 64.88 64.98 65.08 65.22 65.35 65.41 65.32 65.09 64.78 64.44 64.07 63.70 63.34 63.01 62.72 62.46 62.26 62.10 62.01 61.99 62.05 62.18 62.41 62.73 63.16 63.70 64.36 65.14 66.06 67.11 68.42
43.58 46.71 49.76 52.44 54.66 56.46 57.86 58.92 59.65 60.09 60.28 60.25 60.04 59.68 59.20 58.64 58.03 57.41 56.81 56.27 55.81 55.48 55.30 55.33 55.67 56.43 57.47 58.57 59.67 60.68 61.56 62.34 63.02 63.61 64.11 64.53 64.88 65.16 65.39 65.56 65.69 65.78 65.84 65.88 65.90 65.91 65.92 65.93 65.95 65.97 65.89 65.66 65.35 65.00 64.64 64.28 63.94 63.63 63.35 63.10 62.90 62.75 62.66 62.64 62.68 62.81 63.02 63.33 63.74 64.26 64.89 65.65 66.53 67.55 68.71
42.61 45.60 48.22 50.40 52.18 53.58 54.64 55.39 55.87 56.11 56.15 56.02 55.75 55.38 54.95 54.48 54.01 53.58 53.22 52.96 52.84 52.90 53.16 53.66 54.44 55.62 57.09 58.56 59.90 61.10 62.17 63.12 63.94 64.66 65.27 65.79 66.21 66.55 66.82 67.01 67.14 67.22 67.25 67.24 67.19 67.11 67.02 66.91 66.79 66.68 66.55 66.31 65.99 65.64 65.29 64.95 64.63 64.32 64.04 63.80 63.59 63.44 63.34 63.30 63.33 63.44 63.64 63.92 64.30 64.79 65.39 66.11 66.95 67.93 69.04
41.66 44.20 46.31 48.03 49.39 50.43 51.17 51.65 51.92 51.99 51.91 51.70 51.41 51.07 50.71 50.37 50.08 49.87 49.78 49.84 50.09 50.56 51.29 52.31 53.65 55.33 57.18 58.91 60.46 61.86 63.11 64.22 65.19 66.03 66.75 67.36 67.85 68.25 68.55 68.76 68.90 68.96 68.95 68.88 68.76 68.60 68.40 68.16 67.91 67.63 67.34 67.03 66.70 66.37 66.03 65.69 65.37 65.06 64.78 64.52 64.31 64.14 64.02 63.97 63.98 64.06 64.22 64.48 64.82 65.27 65.83 66.50 67.30 68.22 69.29
40.69 42.71 44.34 45.63 46.60 47.30 47.75 48.00 48.07 48.00 47.83 47.58 47.30 47.01 46.76 46.57 46.47 46.52 46.73 47.14 47.79 48.70 49.93 51.49 53.40 55.50 57.55 59.50 61.28 62.88 64.32 65.59 66.71 67.69 68.52 69.22 69.79 70.25 70.59 70.83 70.97 71.01 70.98 70.86 70.68 70.43 70.13 69.77 69.38 68.95 68.47 67.88 67.40 67.06 66.73 66.39 66.06 65.75 65.46 65.20 64.97 64.78 64.64 64.56 64.55 64.60 64.73 64.95 65.26 65.66 66.18 66.80 67.55 68.42 69.42
39.93 41.48 42.66 43.54 44.15 44.54 44.73 44.76 44.66 44.48 44.24 43.97 43.72 43.51 43.39 43.37 43.51 43.82 44.36 45.14 46.21 47.60 49.34 51.46 53.76 55.97 58.10 60.21 62.21 64.04 65.67 67.13 68.42 69.54 70.50 71.31 71.98 72.51 72.91 73.19 73.35 73.40 73.35 73.20 72.97 72.65 72.26 71.81 71.29 70.70 69.93 68.93 68.09 67.61 67.27 66.94 66.61 66.30 66.00 65.73 65.49 65.29 65.13 65.03 64.99 65.02 65.12 65.30 65.57 65.94 66.41 66.99 67.68 68.50 69.45
39.37 40.51 41.30 41.79 42.07 42.16 42.12 41.96 41.72 41.44 41.16 40.90 40.70 40.60 40.62 40.81 41.19 41.81 42.69 43.87 45.39 47.27 49.54 52.02 54.42 56.68 58.87 61.05 63.22 65.27 67.12 68.78 70.25 71.53 72.64 73.58 74.36 74.98 75.46 75.79 75.99 76.07 76.02 75.86 75.59 75.22 74.77 74.22 73.58 72.74 71.60 70.22 68.99 68.17 67.70 67.37 67.04 66.73 66.43 66.15 65.90 65.68 65.51 65.40 65.33 65.33 65.41 65.56 65.80 66.13 66.56 67.09 67.74 68.51 69.42
38.99 39.75 40.20 40.38 40.35 40.18 39.91 39.59 39.23 38.89 38.58 38.35 38.23 38.25 38.46 38.87 39.53 40.46 41.72 43.32 45.31 47.69 50.30 52.85 55.28 57.59 59.84 62.08 64.32 66.53 68.61 70.49 72.16 73.62 74.90 75.98 76.89 77.62 78.19 78.60 78.85 78.96 78.94 78.78 78.50 78.10 77.59 76.96 76.10 74.92 73.43 71.70 70.12 68.94 68.16 67.71 67.38 67.07 66.77 66.49 66.23 66.01 65.83 65.69 65.61 65.59 65.64 65.77 65.97 66.27 66.66 67.16 67.76 68.50 69.40
38.80 39.20 39.33 39.25 38.97 38.57 38.12 37.65 37.20 36.81 36.51 36.33 36.31 36.48 36.88 37.55 38.50 39.79 41.44 43.48 45.95 48.65 51.31 53.87 56.33 58.68 60.98 63.28 65.58 67.87 70.10 72.21 74.09 75.76 77.21 78.46 79.51 80.37 81.05 81.55 81.88 82.04 82.06 81.92 81.64 81.22 80.66 79.84 78.68 77.19 75.39 73.35 71.46 69.96 68.85 68.11 67.68 67.37 67.07 66.79 66.53 66.30 66.11 65.96 65.86 65.83 65.85 65.95 66.13 66.40 66.76 67.21 67.78 68.50 69.40
38.77 38.84 38.70 38.37 37.90 37.33 36.72 36.13 35.61 35.20 34.92 34.82 34.93 35.28 35.90 36.84 38.12 39.77 41.84 44.34 47.10 49.83 52.48 55.04 57.52 59.91 62.26 64.62 66.98 69.32 71.64 73.90 76.00 77.89 79.54 80.97 82.18 83.19 83.99 84.60 85.02 85.26 85.32 85.22 84.96 84.53 83.82 82.74 81.30 79.54 77.46 75.15 72.98 71.20 69.80 68.77 68.07 67.66 67.36 67.08 66.82 66.59 66.39 66.23 66.12 66.07 66.08 66.16 66.31 66.55 66.87 67.30 67.84 68.54 69.44
38.91 38.68 38.27 37.74 37.10 36.41 35.70 35.02 34.46 34.05 33.83 33.83 34.09 34.63 35.51 36.74 38.36 40.41 42.91 45.68 48.44 51.14 53.77 56.34 58.83 61.26 63.65 66.07 68.48 70.88 73.26 75.59 77.86 79.96 81.83 83.46 84.85 86.02 86.97 87.70 88.23 88.56 88.69 88.65 88.40 87.86 86.92 85.60 83.92 81.92 79.61 77.06 74.65 72.62 70.97 69.68 68.72 68.07 67.68 67.40 67.15 66.91 66.71 66.55 66.43 66.36 66.36 66.41 66.55 66.76 67.05 67.44 67.95 68.63 69.52
39.20 38.69 38.06 37.34 36.57 35.78 35.02 34.32 33.75 33.36 33.22 33.34 33.77 34.54 35.68 37.23 39.23 41.68 44.42 47.18 49.89 52.55 55.17 57.73 60.24 62.69 65.13 67.59 70.06 72.52 74.95 77.35 79.69 81.95 84.04 85.88 87.47 88.82 89.93 90.80 91.45 91.89 92.12 92.12 91.80 91.06 89.92 88.39 86.51 84.31 81.80 79.05 76.44 74.20 72.34 70.82 69.63 68.75 68.16 67.80 67.54 67.31 67.11 66.94 66.82 66.74 66.72 66.76 66.87 67.06 67.30 67.64 68.11 68.76 69.63
39.64 38.87 38.04 37.16 36.28 35.43 34.65 33.98 33.45 33.13 33.08 33.35 33.98 35.00 36.43 38.33 40.70 43.38 46.09 48.77 51.42 54.04 56.63 59.18 61.70 64.19 66.67 69.17 71.68 74.19 76.68 79.14 81.54 83.88 86.12 88.19 89.99 91.53 92.82 93.85 94.65 95.21 95.53 95.49 95.01 94.10 92.78 91.09 89.05 86.68 84.00 81.10 78.32 75.91 73.87 72.17 70.79 69.71 68.91 68.37 68.05 67.82 67.62 67.45 67.32 67.23 67.20 67.23 67.32 67.44 67.63 67.91 68.33 68.94 69.78
40.20 39.22 38.21 37.20 36.23 35.35 34.58 33.96 33.53 33.33 33.41 33.86 34.71 35.99 37.75 40.00 42.57 45.19 47.80 50.40 52.99 55.57 58.13 60.68 63.20 65.71 68.23 70.77 73.33 75.88 78.42 80.93 83.39 85.79 88.12 90.34 92.36 94.11 95.60 96.81 97.76 98.45 98.76 98.60 97.98 96.94 95.49 93.67 91.50 89.00 86.20 83.17 80.26 77.72 75.54 73.69 72.16 70.91 69.95 69.24 68.76 68.47 68.27 68.11 67.97 67.89 67.85 67.85 67.87 67.91 68.02 68.23 68.59 69.15 69.96
40.90 39.72 38.55 37.44 36.42 35.52 34.79 34.25 33.95 33.92 34.20 34.85 35.94 37.52 39.61 42.03 44.53 47.03 49.54 52.06 54.58 57.11 59.64 62.17 64.71 67.24 69.79 72.37 74.96 77.56 80.15 82.71 85.22 87.68 90.07 92.36 94.54 96.52 98.21 99.62 100.73 101.44 101.66 101.41 100.69 99.55 98.01 96.10 93.83 91.24 88.36 85.24 82.24 79.61 77.32 75.36 73.71 72.34 71.24 70.40 69.77 69.36 69.11 68.95 68.82 68.73 68.67 68.60 68.51 68.46 68.48 68.61 68.91 69.42 70.17
41.71 40.36 39.07 37.88 36.83 35.95 35.28 34.85 34.70 34.87 35.40 36.32 37.69 39.57 41.81 44.13 46.49 48.87 51.28 53.71 56.16 58.64 61.14 63.65 66.18 68.73 71.31 73.92 76.56 79.20 81.83 84.43 87.00 89.51 91.95 94.31 96.57 98.70 100.61 102.21 103.39 104.05 104.21 103.89 103.11 101.91 100.32 98.35 96.03 93.39 90.45 87.28 84.23 81.53 79.18 77.14 75.41 73.96 72.77 71.82 71.09 70.56 70.22 70.02 69.89 69.78 69.64 69.44 69.24 69.09 69.01 69.06 69.28 69.72 70.42
