data_processed/recharge/precip/Precip_2011_05.asc
ncols        168
nrows        136
xllcorner    455000
yllcorner    2107000
cellsize     500
NODATA_value     -99999
[rows 68 to 101 of 136, columns 0 to 76 of 168]
28.31 27.14 26.00 24.87 23.78 22.72 21.70 20.72 19.87 19.30 19.03 19.04 19.33 19.90 20.72 21.78 23.06 24.55 26.21 28.03 30.00 32.08 34.25 36.24 37.88 39.16 40.11 40.73 41.05 41.07 40.80 40.27 39.47 38.47 37.41 36.38 35.38 34.45 33.62 32.90 32.26 31.71 31.21 30.76 30.35 29.96 29.57 29.16 28.73 28.24 27.69 27.09 26.43 25.72 24.95 24.13 23.27 22.35 21.38 20.40 19.42 18.46 17.53 16.66 15.89 15.23 14.66 14.20 13.85 13.61 13.49 13.49 13.61 13.85 14.15 14.48 14.84
26.74 25.61 24.50 23.41 22.36 21.35 20.38 19.54 18.97 18.71 18.73 19.01 19.53 20.27 21.24 22.42 23.81 25.36 27.08 28.93 30.89 32.96 35.08 37.01 38.57 39.76 40.61 41.12 41.30 41.18 40.76 40.05 39.11 38.10 37.10 36.12 35.18 34.27 33.43 32.68 32.03 31.45 30.94 30.47 30.04 29.63 29.23 28.82 28.38 27.88 27.33 26.71 26.04 25.32 24.54 23.70 22.82 21.89 20.93 19.98 19.03 18.10 17.19 16.30 15.49 14.78 14.17 13.67 13.27 13.00 12.84 12.80 12.88 13.09 13.36 13.67 14.02
25.19 24.09 23.02 21.98 20.98 20.02 19.19 18.64 18.39 18.42 18.71 19.23 19.96 20.88 21.97 23.26 24.71 26.32 28.05 29.90 31.85 33.86 35.91 37.75 39.20 40.28 41.00 41.36 41.39 41.10 40.49 39.63 38.68 37.73 36.79 35.86 34.97 34.10 33.28 32.51 31.84 31.24 30.70 30.22 29.78 29.36 28.95 28.53 28.08 27.57 27.01 26.38 25.70 24.97 24.17 23.33 22.43 21.50 20.58 19.65 18.74 17.83 16.94 16.07 15.22 14.46 13.79 13.24 12.79 12.46 12.25 12.16 12.20 12.35 12.58 12.87 13.19
23.65 22.60 21.58 20.59 19.64 18.83 18.28 18.05 18.10 18.40 18.94 19.68 20.61 21.70 22.92 24.27 25.77 27.40 29.13 30.96 32.85 34.79 36.74 38.46 39.78 40.71 41.27 41.47 41.31 40.82 40.05 39.17 38.28 37.38 36.50 35.62 34.77 33.94 33.15 32.39 31.70 31.08 30.53 30.03 29.57 29.14 28.72 28.30 27.84 27.32 26.75 26.12 25.42 24.67 23.87 23.01 22.12 21.22 20.32 19.43 18.53 17.65 16.78 15.92 15.08 14.27 13.54 12.92 12.41 12.02 11.75 11.59 11.57 11.67 11.85 12.09 12.38
22.15 21.14 20.17 19.24 18.44 17.91 17.70 17.76 18.08 18.63 19.40 20.34 21.45 22.68 24.03 25.46 26.99 28.61 30.31 32.08 33.89 35.73 37.55 39.13 40.29 41.05 41.43 41.43 41.06 40.39 39.59 38.77 37.94 37.10 36.26 35.43 34.61 33.81 33.05 32.31 31.62 30.99 30.42 29.91 29.44 28.99 28.56 28.13 27.66 27.14 26.56 25.91 25.21 24.45 23.63 22.78 21.92 21.05 20.17 19.30 18.42 17.56 16.70 15.85 15.02 14.21 13.43 12.73 12.15 11.68 11.33 11.11 11.01 11.03 11.15 11.34 11.58
20.67 19.72 18.81 18.03 17.52 17.32 17.41 17.75 18.32 19.10 20.07 21.20 22.46 23.82 25.28 26.79 28.34 29.93 31.58 33.26 34.97 36.68 38.35 39.75 40.73 41.29 41.45 41.23 40.67 39.97 39.23 38.47 37.69 36.90 36.10 35.31 34.52 33.75 33.00 32.29 31.61 30.97 30.39 29.86 29.37 28.91 28.47 28.03 27.56 27.04 26.44 25.79 25.08 24.31 23.50 22.67 21.83 20.98 20.12 19.27 18.41 17.55 16.70 15.86 15.03 14.22 13.43 12.67 12.00 11.45 11.02 10.71 10.53 10.47 10.51 10.63 10.82
19.24 18.36 17.59 17.11 16.93 17.04 17.40 18.00 18.80 19.79 20.94 22.22 23.62 25.09 26.63 28.20 29.79 31.36 32.93 34.50 36.08 37.63 39.11 40.32 41.08 41.42 41.35 40.92 40.33 39.68 39.00 38.29 37.56 36.81 36.05 35.29 34.53 33.78 33.05 32.34 31.67 31.03 30.43 29.89 29.39 28.92 28.47 28.03 27.55 27.01 26.41 25.75 25.03 24.27 23.48 22.67 21.85 21.02 20.18 19.33 18.48 17.63 16.79 15.95 15.12 14.31 13.51 12.74 12.00 11.34 10.81 10.41 10.13 9.98 9.94 9.98 10.10
17.87 17.13 16.67 16.51 16.64 17.03 17.65 18.49 19.50 20.68 21.99 23.41 24.91 26.48 28.08 29.69 31.29 32.84 34.34 35.79 37.20 38.57 39.85 40.82 41.35 41.44 41.15 40.68 40.14 39.56 38.93 38.27 37.58 36.87 36.14 35.40 34.67 33.93 33.21 32.51 31.83 31.18 30.58 30.02 29.50 29.02 28.57 28.11 27.63 27.09 26.48 25.81 25.10 24.35 23.59 22.80 21.99 21.17 20.34 19.50 18.65 17.81 16.96 16.12 15.29 14.47 13.66 12.87 12.10 11.37 10.73 10.22 9.84 9.58 9.44 9.39 9.43
16.63 16.20 16.07 16.23 16.65 17.30 18.16 19.20 20.40 21.74 23.19 24.73 26.32 27.96 29.60 31.23 32.82 34.34 35.78 37.11 38.34 39.50 40.54 41.26 41.52 41.38 41.05 40.63 40.16 39.63 39.05 38.43 37.78 37.10 36.40 35.68 34.96 34.23 33.52 32.81 32.13 31.47 30.84 30.26 29.72 29.23 28.76 28.30 27.81 27.27 26.65 25.99 25.29 24.57 23.81 23.04 22.24 21.43 20.60 19.76 18.92 18.07 17.22 16.37 15.53 14.70 13.88 13.07 12.28 11.52 10.79 10.16 9.65 9.28 9.03 8.88 8.83
15.70 15.60 15.79 16.24 16.92 17.81 18.88 20.12 21.49 22.97 24.54 26.17 27.83 29.51 31.17 32.80 34.36 35.83 37.19 38.42 39.48 40.40 41.18 41.63 41.65 41.46 41.18 40.83 40.40 39.92 39.39 38.81 38.19 37.53 36.85 36.15 35.43 34.71 33.99 33.28 32.58 31.91 31.26 30.65 30.07 29.55 29.07 28.60 28.11 27.56 26.95 26.30 25.62 24.91 24.16 23.39 22.60 21.79 20.97 20.13 19.28 18.42 17.56 16.71 15.85 15.00 14.16 13.33 12.52 11.73 10.95 10.22 9.59 9.09 8.72 8.46 8.32
15.10 15.32 15.80 16.51 17.44 18.55 19.82 21.22 22.74 24.34 26.01 27.71 29.42 31.12 32.78 34.38 35.89 37.29 38.55 39.65 40.57 41.27 41.77 41.96 41.93 41.80 41.58 41.28 40.91 40.47 39.97 39.42 38.82 38.19 37.52 36.83 36.12 35.40 34.67 33.95 33.23 32.53 31.85 31.21 30.60 30.03 29.51 29.03 28.53 27.98 27.39 26.75 26.08 25.38 24.64 23.87 23.08 22.27 21.44 20.59 19.74 18.87 18.00 17.12 16.25 15.37 14.51 13.66 12.81 11.99 11.19 10.40 9.66 9.03 8.52 8.16 7.92
14.78 15.30 16.05 17.01 18.16 19.46 20.91 22.46 24.11 25.81 27.55 29.30 31.04 32.74 34.38 35.94 37.38 38.68 39.82 40.78 41.52 42.03 42.31 42.44 42.47 42.40 42.23 41.98 41.65 41.25 40.79 40.26 39.69 39.07 38.41 37.72 37.01 36.29 35.55 34.81 34.07 33.34 32.63 31.94 31.28 30.67 30.09 29.57 29.08 28.55 27.96 27.34 26.67 25.97 25.23 24.46 23.67 22.85 22.01 21.16 20.28 19.40 18.51 17.61 16.71 15.82 14.92 14.04 13.17 12.31 11.46 10.64 9.84 9.09 8.46 7.97 7.63
14.39 15.19 16.20 17.39 18.75 20.24 21.84 23.53 25.28 27.07 28.88 30.67 32.42 34.11 35.72 37.21 38.56 39.76 40.77 41.57 42.13 42.46 42.67 42.82 42.91 42.90 42.79 42.59 42.31 41.95 41.52 41.02 40.47 39.87 39.23 38.55 37.84 37.11 36.36 35.60 34.84 34.09 33.35 32.62 31.93 31.26 30.64 30.14 29.71 29.19 28.62 28.00 27.33 26.63 25.89 25.12 24.32 23.49 22.64 21.76 20.87 19.97 19.06 18.14 17.21 16.29 15.36 14.44 13.53 12.63 11.75 10.88 10.05 9.26 8.53 7.92 7.46
13.71 14.78 16.04 17.46 19.01 20.68 22.43 24.25 26.10 27.97 29.82 31.64 33.40 35.07 36.63 38.05 39.31 40.39 41.25 41.88 42.28 42.55 42.74 42.90 43.02 43.07 43.03 42.89 42.66 42.34 41.96 41.50 40.98 40.40 39.78 39.11 38.41 37.69 36.94 36.17 35.40 34.63 33.86 33.11 32.37 31.68 31.09 30.67 30.32 29.86 29.30 28.68 28.02 27.31 26.57 25.79 24.98 24.14 23.27 22.38 21.47 20.55 19.61 18.66 17.70 16.74 15.79 14.83 13.88 12.94 12.01 11.11 10.25 9.44 8.68 7.99 7.41
12.77 14.10 15.59 17.22 18.97 20.80 22.69 24.63 26.57 28.51 30.40 32.24 33.99 35.63 37.13 38.48 39.64 40.58 41.30 41.78 42.12 42.38 42.57 42.72 42.84 42.93 42.95 42.87 42.71 42.45 42.11 41.69 41.21 40.67 40.08 39.43 38.75 38.03 37.29 36.52 35.74 34.96 34.18 33.40 32.65 31.99 31.50 31.17 30.90 30.51 30.00 29.39 28.72 28.01 27.26 26.47 25.64 24.79 23.90 22.99 22.06 21.11 20.14 19.16 18.18 17.18 16.19 15.19 14.20 13.21 12.25 11.33 10.46 9.64 8.86 8.14 7.49
11.73 13.16 14.88 16.72 18.64 20.63 22.65 24.69 26.72 28.71 30.64 32.49 34.22 35.82 37.26 38.52 39.56 40.37 40.95 41.38 41.71 41.97 42.16 42.31 42.43 42.52 42.58 42.57 42.47 42.27 41.99 41.63 41.19 40.69 40.13 39.52 38.86 38.16 37.42 36.67 35.89 35.10 34.31 33.53 32.83 32.28 31.89 31.65 31.45 31.12 30.67 30.10 29.43 28.71 27.95 27.14 26.30 25.43 24.52 23.59 22.63 21.65 20.66 19.64 18.62 17.59 16.55 15.51 14.48 13.46 12.48 11.55 10.67 9.84 9.05 8.31 7.64
10.81 12.14 13.93 15.95 18.05 20.18 22.33 24.47 26.57 28.61 30.56 32.41 34.12 35.67 37.03 38.19 39.11 39.80 40.33 40.76 41.10 41.36 41.55 41.69 41.81 41.90 41.96 41.99 41.96 41.83 41.62 41.31 40.93 40.48 39.96 39.38 38.75 38.08 37.37 36.62 35.86 35.07 34.29 33.57 33.00 32.56 32.26 32.10 31.95 31.69 31.29 30.76 30.13 29.40 28.63 27.81 26.95 26.05 25.12 24.16 23.17 22.16 21.13 20.09 19.03 17.95 16.87 15.79 14.72 13.69 12.71 11.78 10.89 10.04 9.24 8.50 7.82
10.06 11.24 12.90 14.97 17.22 19.49 21.75 23.97 26.14 28.21 30.18 32.02 33.69 35.19 36.47 37.52 38.33 38.98 39.51 39.95 40.29 40.55 40.74 40.88 41.00 41.09 41.16 41.19 41.20 41.15 41.00 40.76 40.44 40.04 39.57 39.04 38.45 37.81 37.12 36.40 35.65 34.89 34.18 33.60 33.15 32.82 32.61 32.51 32.42 32.21 31.85 31.37 30.77 30.07 29.28 28.44 27.56 26.64 25.69 24.70 23.68 22.64 21.57 20.48 19.38 18.26 17.14 16.02 14.95 13.92 12.94 12.00 11.10 10.24 9.43 8.69 8.00
9.47 10.50 11.99 13.91 16.18 18.56 20.93 23.23 25.45 27.56 29.53 31.35 32.98 34.40 35.59 36.54 37.32 37.98 38.52 38.97 39.31 39.58 39.76 39.91 40.03 40.12 40.18 40.22 40.24 40.23 40.15 39.99 39.74 39.40 38.99 38.51 37.96 37.36 36.71 36.02 35.30 34.63 34.07 33.63 33.29 33.07 32.94 32.90 32.85 32.68 32.36 31.92 31.35 30.68 29.90 29.05 28.14 27.19 26.21 25.19 24.13 23.05 21.95 20.82 19.67 18.51 17.36 16.24 15.17 14.15 13.17 12.22 11.32 10.45 9.63 8.88 8.19
9.04 9.94 11.26 12.98 15.07 17.44 19.89 22.26 24.53 26.65 28.62 30.41 31.99 33.33 34.44 35.37 36.16 36.83 37.38 37.83 38.19 38.45 38.64 38.78 38.90 39.00 39.07 39.11 39.14 39.13 39.10 39.01 38.84 38.57 38.22 37.80 37.31 36.75 36.15 35.50 34.89 34.37 33.96 33.65 33.43 33.29 33.23 33.25 33.25 33.11 32.82 32.41 31.86 31.21 30.45 29.60 28.67 27.69 26.67 25.62 24.53 23.41 22.26 21.09 19.90 18.71 17.56 16.45 15.39 14.37 13.39 12.44 11.53 10.66 9.84 9.08 8.39
8.74 9.52 10.69 12.22 14.09 16.27 18.67 21.09 23.39 25.53 27.49 29.23 30.75 32.02 33.11 34.05 34.86 35.55 36.11 36.57 36.93 37.20 37.39 37.54 37.66 37.75 37.83 37.88 37.91 37.91 37.90 37.85 37.75 37.56 37.28 36.93 36.50 36.00 35.45 34.92 34.48 34.13 33.86 33.67 33.55 33.50 33.51 33.57 33.60 33.49 33.23 32.83 32.31 31.67 30.91 30.07 29.13 28.13 27.07 25.98 24.85 23.69 22.50 21.28 20.06 18.88 17.74 16.65 15.59 14.58 13.60 12.66 11.74 10.87 10.04 9.28 8.60
8.59 9.26 10.28 11.63 13.29 15.22 17.40 19.75 22.07 24.21 26.14 27.84 29.30 30.56 31.67 32.63 33.46 34.16 34.74 35.20 35.57 35.84 36.04 36.18 36.30 36.41 36.48 36.54 36.58 36.59 36.58 36.56 36.50 36.39 36.19 35.91 35.55 35.12 34.70 34.35 34.09 33.89 33.75 33.68 33.66 33.69 33.75 33.85 33.91 33.82 33.58 33.20 32.68 32.05 31.30 30.45 29.51 28.49 27.40 26.27 25.10 23.89 22.65 21.41 20.20 19.03 17.91 16.83 15.79 14.78 13.81 12.87 11.95 11.07 10.25 9.49 8.81
8.56 9.13 10.02 11.20 12.66 14.36 16.27 18.37 20.59 22.71 24.61 26.27 27.72 29.01 30.14 31.12 31.97 32.68 33.27 33.75 34.12 34.40 34.59 34.74 34.87 34.97 35.06 35.12 35.17 35.19 35.19 35.18 35.14 35.08 34.96 34.76 34.48 34.19 33.97 33.81 33.71 33.66 33.65 33.69 33.76 33.85 33.97 34.10 34.18 34.11 33.87 33.50 32.99 32.35 31.60 30.74 29.79 28.75 27.64 26.46 25.25 23.99 22.73 21.50 20.32 19.17 18.07 17.01 15.98 14.98 14.01 13.07 12.16 11.28 10.46 9.70 9.02
8.66 9.13 9.89 10.92 12.19 13.67 15.32 17.14 19.07 21.06 22.93 24.59 26.07 27.38 28.54 29.54 30.40 31.13 31.74 32.23 32.61 32.89 33.09 33.24 33.37 33.48 33.57 33.65 33.70 33.73 33.75 33.74 33.72 33.67 33.61 33.50 33.37 33.30 33.27 33.29 33.34 33.43 33.55 33.69 33.84 34.00 34.16 34.32 34.41 34.34 34.11 33.74 33.22 32.57 31.81 30.94 29.97 28.90 27.77 26.56 25.30 24.02 22.77 21.57 20.41 19.30 18.21 17.17 16.15 15.16 14.21 13.27 12.36 11.48 10.66 9.91 9.24
8.86 9.25 9.90 10.78 11.87 13.13 14.54 16.08 17.70 19.41 21.17 22.85 24.37 25.71 26.89 27.91 28.79 29.54 30.16 30.66 31.05 31.34 31.54 31.70 31.83 31.95 32.05 32.13 32.19 32.24 32.26 32.27 32.26 32.23 32.20 32.21 32.30 32.43 32.59 32.78 32.99 33.22 33.45 33.68 33.90 34.12 34.32 34.50 34.59 34.52 34.29 33.91 33.38 32.72 31.94 31.04 30.04 28.95 27.78 26.54 25.26 24.01 22.79 21.62 20.49 19.40 18.34 17.31 16.31 15.34 14.39 13.47 12.56 11.68 10.87 10.12 9.46
9.17 9.49 10.03 10.77 11.69 12.75 13.93 15.19 16.53 17.95 19.49 21.10 22.63 24.00 25.21 26.25 27.16 27.92 28.55 29.07 29.47 29.77 29.97 30.13 30.27 30.40 30.50 30.59 30.67 30.72 30.76 30.78 30.79 30.79 30.84 31.00 31.27 31.60 31.95 32.30 32.65 33.00 33.34 33.66 33.96 34.22 34.45 34.64 34.73 34.66 34.41 34.01 33.47 32.79 31.98 31.05 30.02 28.89 27.68 26.42 25.18 23.97 22.79 21.65 20.55 19.48 18.45 17.44 16.46 15.50 14.57 13.65 12.75 11.88 11.07 10.33 9.68
9.58 9.83 10.28 10.89 11.65 12.51 13.46 14.48 15.57 16.76 18.04 19.43 20.90 22.29 23.52 24.59 25.51 26.30 26.95 27.47 27.88 28.19 28.40 28.57 28.71 28.85 28.96 29.06 29.15 29.21 29.27 29.30 29.33 29.42 29.61 29.92 30.32 30.81 31.32 31.83 32.33 32.80 33.23 33.63 33.99 34.30 34.55 34.74 34.83 34.74 34.48 34.06 33.48 32.77 31.93 30.97 29.90 28.73 27.50 26.28 25.07 23.90 22.76 21.66 20.59 19.55 18.54 17.55 16.59 15.65 14.73 13.83 12.94 12.07 11.27 10.54 9.90
10.07 10.27 10.63 11.13 11.73 12.41 13.15 13.96 14.84 15.81 16.87 18.02 19.27 20.60 21.85 22.94 23.89 24.69 25.36 25.90 26.32 26.63 26.85 27.02 27.18 27.32 27.44 27.55 27.65 27.73 27.80 27.86 27.97 28.20 28.54 28.98 29.50 30.09 30.73 31.39 32.01 32.59 33.12 33.59 34.01 34.35 34.62 34.81 34.87 34.76 34.48 34.03 33.43 32.68 31.80 30.79 29.67 28.49 27.29 26.11 24.95 23.82 22.71 21.64 20.60 19.59 18.61 17.65 16.71 15.79 14.89 13.99 13.11 12.26 11.46 10.75 10.12
10.65 10.80 11.08 11.47 11.93 12.45 13.01 13.64 14.34 15.11 15.95 16.89 17.91 19.03 20.22 21.33 22.30 23.12 23.80 24.36 24.79 25.12 25.34 25.52 25.68 25.83 25.97 26.09 26.20 26.29 26.38 26.53 26.79 27.16 27.63 28.18 28.80 29.48 30.21 30.96 31.70 32.39 33.00 33.54 34.00 34.38 34.65 34.83 34.88 34.74 34.42 33.93 33.29 32.50 31.57 30.52 29.38 28.23 27.08 25.95 24.83 23.73 22.65 21.61 20.60 19.62 18.66 17.73 16.81 15.91 15.03 14.15 13.28 12.43 11.65 10.95 10.34
11.29 11.41 11.63 11.91 12.25 12.62 13.04 13.51 14.04 14.63 15.29 16.03 16.84 17.74 18.73 19.78 20.76 21.61 22.31 22.88 23.33 23.66 23.89 24.08 24.25 24.41 24.56 24.69 24.81 24.93 25.11 25.40 25.79 26.29 26.87 27.52 28.24 28.99 29.79 30.60 31.41 32.19 32.88 33.48 33.98 34.38 34.66 34.82 34.83 34.66 34.30 33.77 33.08 32.24 31.26 30.18 29.08 27.98 26.88 25.79 24.70 23.64 22.59 21.57 20.58 19.62 18.69 17.79 16.90 16.02 15.15 14.29 13.44 12.61 11.84 11.15 10.56
12.00 12.09 12.25 12.45 12.68 12.94 13.23 13.56 13.95 14.38 14.87 15.43 16.05 16.75 17.53 18.39 19.32 20.17 20.89 21.48 21.94 22.29 22.53 22.72 22.90 23.07 23.23 23.38 23.52 23.73 24.04 24.47 24.99 25.60 26.28 27.03 27.81 28.63 29.48 30.33 31.17 32.00 32.76 33.41 33.94 34.35 34.62 34.76 34.74 34.52 34.12 33.54 32.80 31.90 30.89 29.86 28.81 27.75 26.69 25.64 24.59 23.56 22.54 21.54 20.56 19.62 18.71 17.83 16.97 16.11 15.27 14.43 13.59 12.77 12.01 11.35 10.77
12.77 12.84 12.95 13.08 13.22 13.38 13.57 13.79 14.04 14.34 14.68 15.08 15.54 16.05 16.64 17.30 18.05 18.84 19.58 20.18 20.66 21.02 21.27 21.47 21.66 21.84 22.01 22.18 22.41 22.75 23.21 23.76 24.39 25.10 25.87 26.69 27.54 28.41 29.29 30.16 31.02 31.85 32.63 33.32 33.88 34.29 34.56 34.66 34.59 34.33 33.87 33.23 32.43 31.51 30.55 29.56 28.56 27.55 26.53 25.51 24.50 23.49 22.50 21.52 20.56 19.62 18.72 17.85 17.01 16.19 15.37 14.55 13.73 12.92 12.18 11.53 10.98
13.58 13.65 13.72 13.79 13.87 13.96 14.06 14.18 14.32 14.50 14.72 14.98 15.28 15.64 16.06 16.54 17.09 17.72 18.39 19.01 19.50 19.87 20.13 20.35 20.55 20.74 20.93 21.18 21.55 22.03 22.60 23.27 24.00 24.80 25.64 26.51 27.41 28.32 29.22 30.11 30.96 31.78 32.54 33.22 33.79 34.21 34.45 34.52 34.40 34.07 33.56 32.86 32.03 31.15 30.24 29.31 28.35 27.38 26.41 25.42 24.44 23.45 22.48 21.52 20.57 19.65 18.75 17.88 17.05 16.24 15.45 14.65 13.85 13.06 12.34 11.72 11.19
14.42 14.49 14.54 14.58 14.61 14.64 14.67 14.72 14.78 14.86 14.97 15.10 15.28 15.50 15.77 16.09 16.46 16.91 17.42 17.98 18.49 18.87 19.14 19.37 19.58 19.79 20.07 20.46 20.96 21.56 22.24 23.00 23.82 24.69 25.59 26.51 27.44 28.37 29.28 30.17 31.01 31.79 32.51 33.15 33.69 34.09 34.31 34.33 34.15 33.77 33.19 32.46 31.67 30.85 29.99 29.10 28.19 27.26 26.32 25.37 24.41 23.45 22.50 21.55 20.61 19.70 18.80 17.93 17.09 16.29 15.51 14.74 13.96 13.19 12.49 11.89 11.44
