data_processed/recharge/precip/Precip_1996_07.asc
ncols        168
nrows        136
xllcorner    455000
yllcorner    2107000
cellsize     500
NODATA_value     -99999
[rows 0 to 32 of 136, columns 0 to 73 of 168]
174.54 173.36 172.11 170.77 169.37 167.90 166.37 164.79 163.17 161.51 159.81 158.08 156.33 154.57 152.79 151.01 149.23 147.46 145.70 143.96 142.25 140.58 138.96 137.39 135.87 134.42 133.02 131.70 130.44 129.25 128.14 127.12 126.17 125.32 124.55 123.88 123.31 122.84 122.48 122.22 122.08 122.06 122.15 122.37 122.66 122.94 123.19 123.42 123.62 123.78 123.91 123.99 124.03 124.03 123.99 123.97 123.99 124.05 124.13 124.25 124.39 124.55 124.72 124.91 125.10 125.29 125.49 125.67 125.85 126.01 126.15 126.27 126.36 126.42
176.31 175.11 173.82 172.47 171.04 169.56 168.01 166.42 164.78 163.10 161.38 159.64 157.88 156.10 154.31 152.51 150.72 148.94 147.17 145.41 143.69 142.00 140.36 138.75 137.20 135.70 134.25 132.86 131.53 130.27 129.08 127.96 126.92 125.96 125.09 124.30 123.60 123.00 122.50 122.10 121.80 121.62 121.55 121.59 121.75 121.98 122.20 122.39 122.54 122.66 122.74 122.77 122.76 122.72 122.70 122.72 122.77 122.86 122.99 123.13 123.30 123.49 123.69 123.90 124.12 124.33 124.54 124.74 124.93 125.11 125.26 125.38 125.48 125.54
178.01 176.79 175.49 174.11 172.67 171.17 169.61 168.00 166.34 164.64 162.92 161.16 159.39 157.59 155.79 153.99 152.19 150.39 148.61 146.85 145.12 143.41 141.74 140.11 138.52 136.97 135.47 134.02 132.63 131.29 130.02 128.82 127.68 126.62 125.64 124.73 123.91 123.18 122.54 122.00 121.55 121.21 120.97 120.85 120.83 120.93 121.09 121.24 121.35 121.42 121.45 121.44 121.39 121.36 121.38 121.44 121.54 121.67 121.82 122.01 122.21 122.42 122.65 122.89 123.12 123.36 123.59 123.81 124.01 124.20 124.36 124.50 124.60 124.67
179.64 178.41 177.09 175.70 174.24 172.73 171.15 169.53 167.86 166.15 164.41 162.64 160.86 159.06 157.25 155.43 153.62 151.82 150.04 148.27 146.53 144.81 143.12 141.45 139.83 138.23 136.68 135.18 133.72 132.32 130.97 129.68 128.45 127.29 126.20 125.18 124.24 123.38 122.61 121.92 121.33 120.83 120.43 120.13 119.94 119.86 119.89 119.98 120.04 120.07 120.05 120.00 119.97 119.99 120.05 120.15 120.29 120.46 120.65 120.86 121.10 121.34 121.60 121.86 122.12 122.38 122.63 122.87 123.09 123.29 123.46 123.61 123.72 123.79
181.21 179.96 178.63 177.23 175.76 174.23 172.64 171.01 169.33 167.61 165.86 164.09 162.29 160.48 158.67 156.85 155.03 153.22 151.43 149.66 147.91 146.18 144.47 142.78 141.12 139.49 137.89 136.33 134.81 133.34 131.91 130.54 129.22 127.96 126.77 125.64 124.58 123.60 122.69 121.87 121.12 120.47 119.91 119.45 119.08 118.82 118.67 118.62 118.62 118.60 118.54 118.51 118.53 118.60 118.71 118.85 119.03 119.23 119.46 119.71 119.98 120.26 120.54 120.83 121.11 121.39 121.66 121.92 122.16 122.37 122.56 122.71 122.83 122.91
182.72 181.45 180.11 178.70 177.21 175.67 174.08 172.43 170.75 169.02 167.26 165.48 163.68 161.87 160.05 158.22 156.40 154.59 152.80 151.03 149.28 147.54 145.81 144.10 142.40 140.73 139.09 137.48 135.90 134.36 132.86 131.41 130.00 128.65 127.35 126.11 124.94 123.83 122.79 121.83 120.94 120.14 119.42 118.79 118.25 117.81 117.47 117.23 117.09 117.02 116.99 117.02 117.08 117.20 117.35 117.54 117.76 118.00 118.27 118.55 118.85 119.16 119.48 119.79 120.10 120.41 120.70 120.97 121.23 121.46 121.66 121.82 121.95 122.04
184.15 182.87 181.52 180.10 178.61 177.06 175.46 173.80 172.11 170.38 168.62 166.83 165.03 163.21 161.39 159.56 157.74 155.93 154.14 152.37 150.62 148.87 147.12 145.39 143.67 141.96 140.28 138.61 136.98 135.37 133.80 132.27 130.78 129.33 127.94 126.59 125.30 124.07 122.91 121.81 120.78 119.83 118.96 118.16 117.45 116.83 116.31 115.88 115.56 115.42 115.43 115.50 115.62 115.78 115.98 116.22 116.48 116.76 117.07 117.39 117.72 118.06 118.41 118.75 119.09 119.41 119.73 120.02 120.30 120.54 120.75 120.93 121.07 121.17
185.50 184.22 182.86 181.43 179.94 178.38 176.77 175.12 173.42 171.69 169.92 168.14 166.33 164.51 162.69 160.86 159.04 157.24 155.45 153.68 151.93 150.17 148.41 146.66 144.91 143.17 141.45 139.73 138.04 136.38 134.74 133.13 131.55 130.02 128.52 127.07 125.67 124.33 123.04 121.81 120.64 119.54 118.51 117.56 116.68 115.88 115.18 114.57 114.14 113.90 113.87 113.98 114.15 114.36 114.61 114.88 115.19 115.51 115.86 116.22 116.59 116.96 117.33 117.71 118.07 118.42 118.76 119.07 119.37 119.63 119.86 120.05 120.20 120.30
186.78 185.50 184.13 182.70 181.20 179.64 178.03 176.37 174.67 172.94 171.17 169.39 167.58 165.77 163.94 162.12 160.31 158.50 156.72 154.95 153.20 151.45 149.68 147.91 146.13 144.36 142.60 140.84 139.10 137.37 135.66 133.98 132.33 130.70 129.11 127.56 126.05 124.59 123.17 121.81 120.51 119.26 118.08 116.97 115.93 114.96 114.09 113.37 112.85 112.52 112.40 112.46 112.67 112.93 113.22 113.55 113.89 114.26 114.65 115.04 115.45 115.85 116.26 116.66 117.05 117.43 117.79 118.13 118.44 118.72 118.96 119.17 119.33 119.44
187.99 186.70 185.33 183.89 182.39 180.83 179.22 177.56 175.86 174.13 172.37 170.58 168.78 166.97 165.15 163.34 161.53 159.73 157.95 156.19 154.45 152.69 150.92 149.13 147.33 145.53 143.73 141.93 140.14 138.35 136.58 134.83 133.09 131.38 129.70 128.05 126.43 124.85 123.32 121.83 120.39 119.00 117.67 116.40 115.20 114.08 113.10 112.31 111.71 111.29 111.07 111.04 111.20 111.49 111.83 112.20 112.60 113.01 113.43 113.87 114.31 114.75 115.19 115.62 116.04 116.44 116.83 117.19 117.52 117.82 118.08 118.30 118.47 118.59
189.11 187.82 186.45 185.01 183.51 181.95 180.34 178.69 176.99 175.26 173.51 171.73 169.93 168.12 166.31 164.50 162.70 160.91 159.14 157.39 155.66 153.90 152.12 150.32 148.50 146.68 144.84 143.00 141.16 139.32 137.48 135.66 133.85 132.06 130.28 128.53 126.81 125.12 123.47 121.85 120.28 118.75 117.27 115.85 114.50 113.29 112.25 111.39 110.71 110.21 109.89 109.76 109.82 110.06 110.44 110.86 111.29 111.75 112.21 112.69 113.17 113.64 114.12 114.58 115.03 115.46 115.87 116.25 116.60 116.92 117.20 117.43 117.62 117.75
190.15 188.86 187.49 186.06 184.56 183.00 181.40 179.75 178.06 176.33 174.58 172.81 171.02 169.22 167.42 165.62 163.83 162.05 160.29 158.55 156.83 155.07 153.29 151.48 149.65 147.79 145.93 144.05 142.16 140.26 138.37 136.48 134.59 132.72 130.86 129.01 127.19 125.39 123.62 121.88 120.18 118.51 116.89 115.33 113.90 112.63 111.53 110.61 109.85 109.27 108.86 108.64 108.59 108.74 109.06 109.51 109.99 110.49 111.00 111.51 112.03 112.54 113.05 113.54 114.02 114.48 114.92 115.32 115.70 116.03 116.33 116.58 116.78 116.92
191.10 189.81 188.45 187.02 185.53 183.98 182.38 180.74 179.05 177.34 175.59 173.83 172.05 170.26 168.47 166.68 164.90 163.14 161.39 159.67 157.96 156.21 154.42 152.61 150.76 148.88 146.98 145.07 143.14 141.19 139.24 137.28 135.33 133.37 131.42 129.49 127.56 125.66 123.77 121.91 120.08 118.28 116.53 114.90 113.43 112.11 110.95 109.96 109.13 108.48 107.99 107.67 107.53 107.57 107.78 108.18 108.69 109.23 109.78 110.34 110.89 111.44 111.98 112.51 113.02 113.51 113.97 114.40 114.80 115.15 115.47 115.73 115.95 116.11
191.97 190.68 189.33 187.90 186.42 184.88 183.29 181.65 179.98 178.27 176.54 174.79 173.02 171.25 169.47 167.69 165.93 164.18 162.45 160.74 159.04 157.30 155.52 153.69 151.83 149.94 148.01 146.06 144.09 142.10 140.09 138.07 136.04 134.01 131.98 129.95 127.93 125.92 123.92 121.94 119.98 118.06 116.26 114.59 113.08 111.72 110.51 109.46 108.56 107.83 107.26 106.86 106.62 106.56 106.67 106.95 107.41 107.98 108.57 109.17 109.76 110.35 110.93 111.49 112.03 112.55 113.03 113.49 113.91 114.29 114.62 114.91 115.13 115.31
192.74 191.47 190.12 188.70 187.23 185.70 184.12 182.49 180.83 179.14 177.42 175.68 173.93 172.17 170.41 168.65 166.90 165.17 163.45 161.77 160.09 158.36 156.57 154.75 152.87 150.96 149.01 147.03 145.01 142.97 140.91 138.83 136.74 134.63 132.52 130.40 128.28 126.17 124.06 121.96 119.90 117.94 116.11 114.41 112.87 111.46 110.20 109.09 108.14 107.34 106.69 106.20 105.88 105.71 105.72 105.89 106.23 106.75 107.37 108.01 108.64 109.27 109.88 110.47 111.05 111.59 112.11 112.59 113.04 113.44 113.79 114.09 114.34 114.52
193.42 192.16 190.82 189.42 187.95 186.43 184.87 183.26 181.61 179.93 178.23 176.51 174.77 173.03 171.28 169.54 167.81 166.10 164.41 162.74 161.08 159.36 157.59 155.75 153.87 151.94 149.97 147.96 145.91 143.83 141.71 139.58 137.42 135.24 133.04 130.84 128.63 126.41 124.20 122.00 119.90 117.92 116.08 114.36 112.78 111.34 110.03 108.87 107.86 106.99 106.27 105.70 105.29 105.03 104.94 105.00 105.23 105.63 106.19 106.85 107.53 108.19 108.84 109.47 110.08 110.65 111.20 111.71 112.18 112.60 112.97 113.29 113.56 113.75
194.03 192.76 191.43 190.04 188.59 187.09 185.53 183.94 182.31 180.65 178.96 177.26 175.54 173.82 172.09 170.38 168.67 166.97 165.31 163.66 162.02 160.32 158.55 156.72 154.83 152.89 150.90 148.86 146.77 144.65 142.48 140.29 138.07 135.82 133.55 131.26 128.96 126.65 124.34 122.12 120.02 118.03 116.17 114.43 112.82 111.35 110.00 108.79 107.72 106.79 106.00 105.36 104.86 104.52 104.32 104.28 104.40 104.68 105.12 105.72 106.42 107.13 107.81 108.48 109.12 109.73 110.30 110.84 111.33 111.78 112.17 112.51 112.79 113.01
194.58 193.28 191.95 190.57 189.14 187.65 186.12 184.54 182.93 181.29 179.62 177.94 176.24 174.54 172.84 171.14 169.46 167.79 166.15 164.53 162.91 161.23 159.47 157.64 155.75 153.79 151.78 149.72 147.60 145.43 143.23 140.98 138.70 136.38 134.03 131.66 129.27 126.88 124.56 122.35 120.25 118.26 116.38 114.63 113.00 111.49 110.11 108.85 107.73 106.74 105.89 105.17 104.59 104.16 103.88 103.74 103.75 103.91 104.24 104.71 105.35 106.07 106.80 107.50 108.17 108.82 109.42 109.99 110.51 110.98 111.40 111.75 112.05 112.28
195.07 193.74 192.39 191.01 189.60 188.13 186.62 185.06 183.47 181.85 180.21 178.54 176.87 175.20 173.52 171.85 170.19 168.55 166.93 165.34 163.75 162.08 160.33 158.51 156.62 154.65 152.63 150.54 148.39 146.19 143.93 141.64 139.29 136.91 134.49 132.04 129.58 127.19 124.88 122.69 120.59 118.60 116.72 114.96 113.31 111.77 110.35 109.06 107.89 106.84 105.93 105.14 104.49 103.98 103.60 103.36 103.27 103.33 103.53 103.89 104.39 105.05 105.80 106.54 107.25 107.92 108.56 109.15 109.70 110.20 110.64 111.02 111.33 111.58
195.50 194.15 192.77 191.38 189.96 188.52 187.02 185.49 183.92 182.33 180.71 179.07 177.43 175.77 174.12 172.48 170.85 169.24 167.65 166.09 164.52 162.88 161.15 159.33 157.44 155.47 153.42 151.31 149.14 146.90 144.61 142.26 139.86 137.42 134.93 132.42 129.96 127.59 125.32 123.14 121.05 119.07 117.19 115.41 113.74 112.18 110.74 109.40 108.19 107.09 106.12 105.27 104.55 103.95 103.49 103.16 102.97 102.92 103.01 103.25 103.63 104.16 104.83 105.59 106.34 107.05 107.71 108.34 108.91 109.43 109.90 110.30 110.64 110.90
195.88 194.50 193.10 191.68 190.25 188.81 187.34 185.83 184.29 182.72 181.13 179.52 177.90 176.28 174.66 173.04 171.44 169.86 168.30 166.77 165.24 163.62 161.90 160.10 158.21 156.23 154.18 152.05 149.85 147.58 145.24 142.85 140.40 137.89 135.35 132.86 130.44 128.11 125.86 123.70 121.63 119.66 117.78 115.99 114.31 112.73 111.26 109.89 108.64 107.49 106.47 105.56 104.77 104.10 103.55 103.14 102.85 102.70 102.68 102.80 103.05 103.45 104.00 104.68 105.45 106.19 106.89 107.55 108.15 108.70 109.19 109.61 109.97 110.25
196.20 194.79 193.37 191.93 190.48 189.02 187.56 186.08 184.57 183.02 181.46 179.88 178.29 176.70 175.11 173.53 171.96 170.41 168.89 167.40 165.89 164.30 162.60 160.81 158.92 156.94 154.88 152.74 150.51 148.21 145.84 143.40 140.90 138.35 135.84 133.39 131.02 128.73 126.51 124.38 122.33 120.36 118.49 116.70 115.01 113.42 111.92 110.53 109.23 108.05 106.97 106.00 105.15 104.41 103.79 103.29 102.91 102.66 102.53 102.54 102.67 102.95 103.36 103.91 104.60 105.36 106.09 106.78 107.41 107.98 108.50 108.95 109.32 109.63
196.46 195.03 193.58 192.12 190.65 189.18 187.71 186.24 184.75 183.24 181.71 180.16 178.60 177.04 175.49 173.94 172.41 170.89 169.41 167.95 166.48 164.91 163.24 161.46 159.58 157.60 155.53 153.37 151.13 148.80 146.39 143.91 141.38 138.86 136.41 134.03 131.70 129.45 127.28 125.17 123.14 121.19 119.33 117.54 115.85 114.24 112.73 111.30 109.98 108.75 107.63 106.61 105.69 104.88 104.19 103.61 103.14 102.79 102.57 102.46 102.49 102.64 102.92 103.33 103.88 104.56 105.31 106.03 106.69 107.30 107.84 108.31 108.71 109.03
196.67 195.21 193.73 192.25 190.76 189.28 187.79 186.31 184.84 183.36 181.86 180.35 178.83 177.31 175.78 174.27 172.78 171.30 169.85 168.43 167.00 165.47 163.82 162.05 160.18 158.21 156.13 153.96 151.69 149.34 146.90 144.40 141.91 139.47 137.08 134.76 132.49 130.29 128.15 126.08 124.08 122.15 120.29 118.51 116.82 115.20 113.67 112.23 110.87 109.61 108.44 107.37 106.40 105.53 104.76 104.10 103.55 103.11 102.79 102.58 102.49 102.52 102.68 102.96 103.37 103.91 104.58 105.31 106.01 106.64 107.20 107.70 108.12 108.47
196.81 195.32 193.83 192.32 190.82 189.32 187.82 186.33 184.85 183.39 181.93 180.45 178.97 177.48 176.00 174.52 173.07 171.63 170.22 168.85 167.45 165.95 164.32 162.58 160.72 158.75 156.67 154.49 152.21 149.83 147.38 144.93 142.53 140.16 137.85 135.59 133.38 131.23 129.13 127.10 125.13 123.22 121.38 119.61 117.92 116.30 114.76 113.29 111.91 110.62 109.41 108.30 107.27 106.34 105.51 104.78 104.14 103.62 103.20 102.89 102.69 102.61 102.64 102.79 103.07 103.47 103.99 104.64 105.35 106.01 106.60 107.13 107.57 107.94
196.88 195.38 193.86 192.34 190.82 189.30 187.79 186.29 184.81 183.34 181.90 180.46 179.01 177.57 176.12 174.69 173.28 171.88 170.52 169.18 167.83 166.36 164.77 163.04 161.20 159.23 157.16 154.97 152.67 150.29 147.91 145.55 143.23 140.95 138.72 136.52 134.37 132.28 130.23 128.23 126.30 124.42 122.60 120.84 119.15 117.53 115.98 114.51 113.11 111.78 110.54 109.38 108.31 107.32 106.43 105.62 104.92 104.31 103.80 103.39 103.09 102.89 102.81 102.83 102.98 103.24 103.62 104.12 104.74 105.41 106.03 106.58 107.05 107.44
196.90 195.37 193.83 192.29 190.75 189.22 187.70 186.19 184.70 183.23 181.79 180.37 178.97 177.56 176.16 174.77 173.40 172.05 170.73 169.45 168.14 166.71 165.14 163.44 161.61 159.65 157.58 155.38 153.10 150.79 148.51 146.25 144.03 141.84 139.68 137.56 135.47 133.43 131.44 129.49 127.59 125.74 123.94 122.20 120.52 118.91 117.35 115.87 114.45 113.10 111.83 110.63 109.51 108.47 107.52 106.65 105.87 105.18 104.58 104.08 103.68 103.37 103.17 103.08 103.09 103.22 103.46 103.81 104.28 104.87 105.50 106.07 106.57 106.98
196.85 195.30 193.74 192.18 190.63 189.08 187.55 186.03 184.53 183.06 181.62 180.21 178.83 177.47 176.11 174.77 173.44 172.14 170.87 169.63 168.37 166.97 165.44 163.76 161.95 160.01 157.94 155.76 153.56 151.37 149.20 147.04 144.92 142.81 140.74 138.69 136.68 134.70 132.76 130.85 129.00 127.18 125.41 123.70 122.03 120.42 118.87 117.37 115.94 114.57 113.27 112.04 110.87 109.79 108.78 107.85 107.00 106.23 105.55 104.96 104.46 104.05 103.74 103.53 103.42 103.42 103.52 103.72 104.04 104.47 105.02 105.60 106.12 106.55
196.74 195.16 193.58 192.01 190.44 188.88 187.34 185.81 184.31 182.83 181.39 179.98 178.61 177.28 175.97 174.67 173.39 172.14 170.92 169.73 168.51 167.16 165.66 164.01 162.22 160.29 158.25 156.17 154.09 152.02 149.96 147.92 145.89 143.88 141.89 139.92 137.98 136.07 134.19 132.34 130.53 128.75 127.01 125.32 123.67 122.07 120.52 119.02 117.58 116.19 114.87 113.60 112.41 111.27 110.21 109.22 108.31 107.47 106.71 106.03 105.44 104.94 104.52 104.19 103.96 103.83 103.79 103.86 104.03 104.31 104.69 105.18 105.71 106.17
196.56 194.96 193.36 191.77 190.19 188.62 187.06 185.53 184.02 182.55 181.10 179.69 178.33 177.00 175.73 174.48 173.25 172.05 170.88 169.74 168.58 167.27 165.81 164.19 162.42 160.53 158.59 156.65 154.70 152.76 150.82 148.88 146.96 145.05 143.15 141.26 139.40 137.55 135.73 133.94 132.18 130.44 128.74 127.08 125.45 123.86 122.32 120.82 119.37 117.97 116.63 115.34 114.10 112.93 111.82 110.78 109.80 108.89 108.06 107.30 106.62 106.02 105.50 105.06 104.71 104.46 104.29 104.22 104.24 104.37 104.60 104.93 105.36 105.82
196.31 194.69 193.07 191.47 189.87 188.29 186.73 185.19 183.68 182.20 180.75 179.35 177.98 176.67 175.41 174.19 173.02 171.87 170.75 169.67 168.56 167.30 165.87 164.29 162.57 160.79 159.00 157.20 155.39 153.57 151.75 149.93 148.12 146.30 144.50 142.70 140.92 139.15 137.39 135.66 133.95 132.26 130.60 128.96 127.36 125.79 124.26 122.77 121.32 119.91 118.55 117.23 115.97 114.76 113.60 112.51 111.47 110.50 109.60 108.76 107.99 107.30 106.68 106.14 105.68 105.30 105.01 104.80 104.68 104.66 104.73 104.90 105.17 105.54
195.99 194.35 192.72 191.10 189.49 187.90 186.33 184.78 183.27 181.78 180.34 178.94 177.58 176.28 175.02 173.83 172.69 171.60 170.53 169.51 168.45 167.24 165.86 164.33 162.73 161.11 159.47 157.82 156.15 154.46 152.77 151.07 149.37 147.66 145.95 144.25 142.55 140.85 139.17 137.50 135.84 134.20 132.58 130.98 129.41 127.87 126.35 124.86 123.41 122.00 120.62 119.29 118.00 116.76 115.56 114.42 113.33 112.30 111.32 110.41 109.56 108.78 108.06 107.42 106.85 106.36 105.94 105.60 105.35 105.19 105.11 105.12 105.23 105.43
195.61 193.95 192.30 190.66 189.04 187.44 185.86 184.31 182.79 181.31 179.87 178.47 177.12 175.82 174.58 173.40 172.28 171.23 170.22 169.26 168.26 167.10 165.78 164.39 162.96 161.50 160.02 158.51 156.99 155.44 153.88 152.30 150.71 149.11 147.50 145.89 144.28 142.67 141.06 139.45 137.86 136.27 134.70 133.14 131.60 130.08 128.58 127.11 125.66 124.24 122.86 121.51 120.20 118.93 117.69 116.51 115.37 114.28 113.24 112.26 111.33 110.46 109.66 108.91 108.24 107.63 107.10 106.63 106.25 105.94 105.72 105.58 105.52 105.55
