data_processed/recharge/precip/Precip_1986_12.asc
ncols        168
nrows        136
xllcorner    455000
yllcorner    2107000
cellsize     500
NODATA_value     -99999
[rows 0 to 37 of 136, columns 0 to 83 of 168]
116.91 115.39 113.84 112.30 110.79 109.31 107.87 106.50 105.19 103.96 102.82 101.78 100.86 100.10 99.60 99.41 99.45 99.65 99.93 100.09 99.99 99.62 99.00 98.11 96.67 94.40 91.33 87.53 83.10 78.11 72.65 66.79 60.62 54.21 47.66 41.04 34.45 28.09 22.18 16.77 11.90 7.61 3.82 0.41 0.00 0.00 0.00 0.00 0.00 0.00 0.00 0.00 0.00 0.00 0.00 0.00 0.00 0.00 0.00 0.00 0.00 0.00 0.00 0.00 0.00 0.00 0.00 0.00 0.00 0.00 0.00 0.38 0.95 1.47 1.92 2.31 2.66 2.95 3.20 3.41 3.58 3.72 3.83 3.91
118.78 117.30 115.51 113.72 111.96 110.25 108.58 106.98 105.45 104.01 102.67 101.43 100.36 99.59 99.18 99.06 99.16 99.41 99.74 99.93 99.86 99.54 98.97 98.17 97.10 95.49 93.06 89.83 85.88 81.30 76.16 70.55 64.55 58.25 51.71 45.04 38.46 32.17 26.23 20.69 15.58 10.92 6.69 2.84 0.00 0.00 0.00 0.00 0.00 0.00 0.00 0.00 0.00 0.00 0.00 0.00 0.00 0.00 0.00 0.00 0.00 0.00 0.00 0.00 0.00 0.00 0.00 0.00 0.00 0.00 0.00 0.00 0.66 1.25 1.78 2.25 2.67 3.03 3.34 3.61 3.84 4.04 4.19 4.23
119.33 118.30 116.49 114.42 112.37 110.36 108.42 106.54 104.74 103.04 101.45 100.01 98.92 98.24 97.91 97.86 98.02 98.32 98.68 98.90 98.87 98.59 98.07 97.31 96.33 95.10 93.34 90.76 87.38 83.29 78.57 73.30 67.56 61.43 55.01 48.52 42.18 36.05 30.16 24.55 19.25 14.29 9.70 5.47 1.63 0.00 0.00 0.00 0.00 0.00 0.00 0.00 0.00 0.00 0.00 0.00 0.00 0.00 0.00 0.00 0.00 0.00 0.00 0.00 0.00 0.00 0.00 0.00 0.00 0.00 0.00 0.00 0.32 1.00 1.62 2.17 2.66 3.10 3.48 3.82 4.12 4.36 4.49 4.48
118.55 117.97 116.51 114.35 111.97 109.63 107.36 105.16 103.05 101.04 99.19 97.73 96.72 96.13 95.88 95.89 96.11 96.45 96.84 97.09 97.09 96.85 96.36 95.65 94.71 93.57 92.19 90.29 87.58 84.07 79.85 75.00 69.61 63.77 57.70 51.62 45.62 39.71 33.93 28.31 22.89 17.70 12.80 8.26 4.12 0.38 0.00 0.00 0.00 0.00 0.00 0.00 0.00 0.00 0.00 0.00 0.00 0.00 0.00 0.00 0.00 0.00 0.00 0.00 0.00 0.00 0.00 0.00 0.00 0.00 0.00 0.00 0.00 0.70 1.41 2.05 2.63 3.15 3.61 4.02 4.38 4.61 4.70 4.64
116.55 116.31 115.19 113.27 110.74 108.03 105.38 102.81 100.33 98.03 96.13 94.76 93.86 93.35 93.17 93.25 93.51 93.89 94.30 94.58 94.61 94.39 93.94 93.27 92.38 91.28 89.99 88.47 86.45 83.61 79.98 75.64 70.70 65.38 59.90 54.34 48.74 43.11 37.50 31.95 26.47 21.11 15.97 11.18 6.80 2.83 0.00 0.00 0.00 0.00 0.00 0.00 0.00 0.00 0.00 0.00 0.00 0.00 0.00 0.00 0.00 0.00 0.00 0.00 0.00 0.00 0.00 0.00 0.00 0.00 0.00 0.00 0.00 0.37 1.15 1.89 2.56 3.16 3.71 4.19 4.55 4.76 4.82 4.73
113.42 113.43 112.54 110.84 108.45 105.52 102.45 99.46 96.64 94.27 92.48 91.21 90.40 89.97 89.86 89.99 90.30 90.71 91.15 91.45 91.50 91.31 90.89 90.25 89.39 88.34 87.10 85.67 84.03 81.89 78.94 75.22 70.96 66.41 61.63 56.65 51.51 46.23 40.86 35.42 29.95 24.49 19.16 14.20 9.63 5.50 1.80 0.00 0.00 0.00 0.00 0.00 0.00 0.00 0.00 0.00 0.00 0.00 0.00 0.00 0.00 0.00 0.00 0.00 0.00 0.00 0.00 0.00 0.00 0.00 0.00 0.00 0.00 0.05 0.86 1.67 2.44 3.14 3.77 4.27 4.62 4.80 4.84 4.73
109.29 109.42 108.65 107.08 104.79 101.89 98.54 95.17 92.27 90.01 88.33 87.16 86.44 86.09 86.04 86.22 86.57 87.01 87.46 87.77 87.84 87.67 87.28 86.67 85.85 84.83 83.63 82.25 80.70 78.95 76.72 73.86 70.56 66.88 62.85 58.51 53.90 49.04 43.96 38.71 33.31 27.81 22.37 17.28 12.60 8.36 4.56 1.23 0.00 0.00 0.00 0.00 0.00 0.00 0.00 0.00 0.00 0.00 0.00 0.00 0.00 0.00 0.00 0.00 0.00 0.00 0.00 0.00 0.00 0.00 0.00 0.00 0.00 0.00 0.57 1.42 2.27 3.06 3.72 4.22 4.56 4.74 4.77 4.66
104.25 104.40 103.65 102.08 99.80 96.89 93.55 90.25 87.47 85.33 83.76 82.69 82.05 81.77 81.78 82.01 82.39 82.85 83.32 83.64 83.72 83.57 83.20 82.61 81.82 80.84 79.68 78.34 76.83 75.18 73.53 71.74 69.49 66.74 63.53 59.90 55.87 51.49 46.78 41.78 36.51 31.03 25.54 20.39 15.67 11.38 7.55 4.19 1.32 0.00 0.00 0.00 0.00 0.00 0.00 0.00 0.00 0.00 0.00 0.00 0.00 0.00 0.00 0.00 0.00 0.00 0.00 0.00 0.00 0.00 0.00 0.00 0.00 0.00 0.30 1.16 2.04 2.85 3.52 4.03 4.38 4.57 4.61 4.51
98.41 98.48 97.63 95.96 93.57 90.65 87.65 84.85 82.34 80.32 78.85 77.87 77.31 77.09 77.16 77.43 77.85 78.33 78.81 79.13 79.22 79.08 78.73 78.16 77.40 76.45 75.31 74.01 72.56 71.14 69.94 68.92 67.71 65.96 63.64 60.77 57.40 53.56 49.28 44.59 39.53 34.13 28.64 23.51 18.80 14.53 10.73 7.40 4.58 2.28 0.51 0.00 0.00 0.00 0.00 0.00 0.00 0.00 0.00 0.00 0.00 0.00 0.00 0.00 0.00 0.00 0.00 0.00 0.00 0.00 0.00 0.00 0.00 0.00 0.02 0.90 1.74 2.51 3.18 3.71 4.08 4.30 4.37 4.29
91.88 91.75 90.70 88.82 86.32 83.67 81.19 78.91 76.85 75.06 73.69 72.79 72.31 72.15 72.27 72.58 73.02 73.52 74.00 74.32 74.42 74.29 73.94 73.40 72.65 71.72 70.62 69.37 68.14 67.14 66.36 65.76 65.27 64.52 63.14 61.11 58.46 55.22 51.43 47.11 42.31 37.06 31.66 26.59 21.96 17.78 14.07 10.84 8.12 5.93 4.28 3.05 1.97 0.94 0.00 0.00 0.00 0.00 0.00 0.00 0.00 0.00 0.00 0.00 0.00 0.00 0.00 0.00 0.00 0.00 0.00 0.00 0.00 0.00 0.00 0.58 1.36 2.08 2.72 3.26 3.67 3.93 4.03 4.00
84.77 84.33 82.97 80.88 78.59 76.43 74.42 72.60 70.96 69.53 68.35 67.54 67.12 67.03 67.19 67.53 68.00 68.51 68.98 69.30 69.40 69.27 68.93 68.40 67.67 66.76 65.70 64.67 63.86 63.29 62.90 62.66 62.53 62.43 62.01 60.87 59.00 56.43 53.20 49.32 44.85 39.81 34.54 29.62 25.13 21.09 17.54 14.47 11.93 9.90 8.29 6.80 5.34 3.94 2.61 1.36 0.23 0.00 0.00 0.00 0.00 0.00 0.00 0.00 0.00 0.00 0.00 0.00 0.00 0.00 0.00 0.00 0.00 0.00 0.00 0.17 0.90 1.57 2.18 2.71 3.15 3.46 3.62 3.63
77.18 76.32 74.65 72.72 70.87 69.14 67.55 66.11 64.84 63.74 62.85 62.18 61.83 61.79 61.99 62.37 62.85 63.36 63.84 64.15 64.24 64.11 63.78 63.25 62.53 61.66 60.81 60.20 59.83 59.65 59.62 59.71 59.88 60.09 60.26 60.03 59.01 57.17 54.55 51.18 47.10 42.34 37.27 32.54 28.26 24.44 21.10 18.27 15.95 14.02 12.19 10.38 8.59 6.86 5.19 3.61 2.14 0.80 0.00 0.00 0.00 0.00 0.00 0.00 0.00 0.00 0.00 0.00 0.00 0.00 0.00 0.00 0.00 0.00 0.00 0.00 0.36 0.99 1.57 2.09 2.53 2.89 3.11 3.20
69.22 67.96 66.37 64.83 63.38 62.02 60.78 59.67 58.69 57.88 57.23 56.77 56.52 56.53 56.77 57.17 57.67 58.18 58.64 58.94 59.02 58.89 58.55 58.03 57.34 56.68 56.26 56.08 56.10 56.29 56.60 57.00 57.44 57.89 58.30 58.61 58.44 57.40 55.46 52.66 49.03 44.61 39.81 35.35 31.33 27.79 24.73 22.18 20.01 17.92 15.81 13.72 11.65 9.63 7.67 5.80 4.04 2.40 0.91 0.00 0.00 0.00 0.00 0.00 0.00 0.00 0.00 0.00 0.00 0.00 0.00 0.00 0.00 0.00 0.00 0.00 0.00 0.35 0.91 1.41 1.86 2.24 2.53 2.69
61.12 59.88 58.65 57.47 56.35 55.30 54.34 53.48 52.74 52.13 51.68 51.38 51.25 51.33 51.60 52.02 52.52 53.03 53.48 53.76 53.83 53.69 53.35 52.84 52.36 52.13 52.14 52.37 52.76 53.29 53.91 54.58 55.26 55.92 56.52 57.01 57.33 57.08 55.89 53.73 50.61 46.60 42.13 37.99 34.31 31.11 28.39 26.04 23.76 21.43 19.09 16.76 14.45 12.18 9.98 7.87 5.85 3.97 2.22 0.64 0.00 0.00 0.00 0.00 0.00 0.00 0.00 0.00 0.00 0.00 0.00 0.00 0.00 0.00 0.00 0.00 0.00 0.00 0.20 0.70 1.15 1.55 1.88 2.12
53.57 52.64 51.73 50.84 49.98 49.17 48.43 47.77 47.20 46.74 46.40 46.20 46.15 46.27 46.56 47.00 47.50 48.01 48.43 48.69 48.74 48.58 48.25 47.96 47.91 48.11 48.54 49.14 49.88 50.71 51.61 52.53 53.43 54.27 55.02 55.63 56.07 56.26 55.82 54.34 51.81 48.27 44.19 40.44 37.16 34.35 31.90 29.48 27.01 24.50 21.97 19.44 16.94 14.47 12.07 9.75 7.53 5.43 3.48 1.69 0.08 0.00 0.00 0.00 0.00 0.00 0.00 0.00 0.00 0.00 0.00 0.00 0.00 0.00 0.00 0.00 0.00 0.00 0.00 0.00 0.41 0.84 1.20 1.50
47.13 46.48 45.81 45.15 44.49 43.86 43.27 42.74 42.27 41.89 41.61 41.45 41.41 41.51 41.77 42.19 42.69 43.18 43.58 43.81 43.84 43.69 43.56 43.70 44.09 44.71 45.51 46.46 47.51 48.63 49.78 50.92 52.00 53.00 53.87 54.58 55.08 55.33 55.26 54.49 52.60 49.59 45.97 42.67 39.85 37.35 34.88 32.32 29.71 27.05 24.38 21.70 19.04 16.43 13.87 11.39 9.01 6.75 4.62 2.66 0.88 0.00 0.00 0.00 0.00 0.00 0.00 0.00 0.00 0.00 0.00 0.00 0.00 0.00 0.00 0.00 0.00 0.00 0.00 0.00 0.00 0.10 0.51 0.87
42.04 41.60 41.12 40.61 40.09 39.58 39.08 38.61 38.18 37.82 37.53 37.33 37.24 37.26 37.42 37.72 38.16 38.63 39.01 39.21 39.23 39.28 39.59 40.17 40.98 41.98 43.13 44.40 45.74 47.11 48.48 49.81 51.06 52.18 53.15 53.92 54.45 54.70 54.64 54.19 52.94 50.53 47.43 44.65 42.19 39.72 37.16 34.51 31.79 29.04 26.26 23.48 20.71 17.98 15.31 12.72 10.22 7.84 5.59 3.51 1.60 0.00 0.00 0.00 0.00 0.00 0.00 0.00 0.00 0.00 0.00 0.00 0.00 0.00 0.00 0.00 0.00 0.00 0.00 0.00 0.00 0.00 0.00 0.24
38.51 38.22 37.86 37.45 37.00 36.53 36.06 35.59 35.14 34.73 34.37 34.08 33.86 33.74 33.73 33.84 34.09 34.46 34.79 34.98 35.20 35.68 36.45 37.45 38.64 40.00 41.47 43.03 44.63 46.23 47.80 49.29 50.66 51.89 52.92 53.72 54.26 54.48 54.36 53.85 52.88 51.05 48.53 46.17 43.79 41.28 38.67 35.97 33.20 30.39 27.55 24.71 21.88 19.08 16.34 13.68 11.11 8.65 6.33 4.16 2.16 0.36 0.00 0.00 0.00 0.00 0.00 0.00 0.00 0.00 0.00 0.00 0.00 0.00 0.00 0.00 0.00 0.00 0.00 0.00 0.00 0.00 0.00 0.00
36.75 36.53 36.23 35.85 35.41 34.93 34.41 33.88 33.35 32.82 32.33 31.87 31.48 31.15 30.90 30.76 30.73 30.82 31.04 31.41 32.07 33.01 34.19 35.58 37.14 38.82 40.59 42.41 44.24 46.04 47.77 49.40 50.88 52.17 53.25 54.06 54.56 54.73 54.52 53.89 52.80 51.19 49.10 46.86 44.48 41.97 39.35 36.65 33.87 31.05 28.19 25.33 22.49 19.67 16.90 14.21 11.61 9.12 6.76 4.56 2.52 0.68 0.00 0.00 0.00 0.00 0.00 0.00 0.00 0.00 0.00 0.00 0.00 0.00 0.00 0.00 0.00 0.00 0.00 0.00 0.00 0.00 0.00 0.00
36.16 35.99 35.72 35.34 34.88 34.36 33.77 33.15 32.50 31.83 31.17 30.53 29.92 29.35 28.85 28.42 28.08 27.84 27.76 28.29 29.40 30.78 32.37 34.13 36.03 38.02 40.07 42.13 44.17 46.16 48.04 49.78 51.35 52.69 53.79 54.58 55.05 55.14 54.82 54.05 52.80 51.06 49.01 46.80 44.45 41.97 39.38 36.70 33.95 31.14 28.31 25.46 22.62 19.82 17.06 14.37 11.77 9.28 6.92 4.70 2.66 0.81 0.00 0.00 0.00 0.00 0.00 0.00 0.00 0.00 0.00 0.00 0.00 0.00 0.00 0.00 0.00 0.00 0.00 0.00 0.00 0.00 0.00 0.00
35.60 35.51 35.29 34.94 34.49 33.94 33.31 32.62 31.88 31.10 30.30 29.49 28.69 27.91 27.17 26.48 25.85 25.30 24.87 25.14 26.42 28.21 30.21 32.34 34.58 36.88 39.20 41.51 43.76 45.92 47.95 49.81 51.45 52.85 53.97 54.75 55.17 55.19 54.76 53.85 52.46 50.66 48.58 46.38 44.07 41.63 39.08 36.43 33.71 30.94 28.13 25.31 22.50 19.71 16.97 14.30 11.71 9.24 6.88 4.68 2.64 0.79 0.00 0.00 0.00 0.00 0.00 0.00 0.00 0.00 0.00 0.00 0.00 0.00 0.00 0.00 0.00 0.00 0.00 0.00 0.00 0.00 0.00 0.00
34.91 34.93 34.79 34.50 34.08 33.55 32.90 32.17 31.37 30.51 29.60 28.66 27.70 26.74 25.79 24.87 23.98 23.13 22.38 22.30 23.33 25.28 27.66 30.16 32.74 35.34 37.94 40.49 42.95 45.29 47.47 49.44 51.17 52.62 53.75 54.53 54.90 54.84 54.30 53.28 51.83 50.00 47.90 45.68 43.39 40.99 38.49 35.89 33.21 30.48 27.71 24.93 22.15 19.40 16.69 14.04 11.48 9.02 6.69 4.50 2.47 0.63 0.00 0.00 0.00 0.00 0.00 0.00 0.00 0.00 0.00 0.00 0.00 0.00 0.00 0.00 0.00 0.00 0.00 0.00 0.00 0.00 0.00 0.00
34.06 34.21 34.19 33.99 33.64 33.14 32.52 31.78 30.95 30.03 29.04 28.00 26.92 25.81 24.69 23.56 22.42 21.30 20.26 19.88 20.57 22.26 24.78 27.64 30.55 33.46 36.33 39.13 41.80 44.32 46.64 48.73 50.55 52.05 53.20 53.96 54.29 54.15 53.52 52.45 50.97 49.11 46.99 44.76 42.45 40.08 37.63 35.09 32.47 29.79 27.07 24.33 21.60 18.88 16.21 13.60 11.07 8.65 6.34 4.18 2.18 0.38 0.00 0.00 0.00 0.00 0.00 0.00 0.00 0.00 0.00 0.00 0.00 0.00 0.00 0.00 0.00 0.00 0.00 0.00 0.00 0.00 0.00 0.00
33.01 33.33 33.45 33.38 33.12 32.70 32.13 31.42 30.58 29.64 28.61 27.49 26.31 25.08 23.81 22.48 21.14 19.78 18.49 17.83 18.22 19.59 21.85 24.82 28.06 31.28 34.43 37.46 40.35 43.05 45.52 47.72 49.62 51.17 52.34 53.08 53.37 53.17 52.49 51.39 49.88 48.01 45.87 43.63 41.32 38.94 36.52 34.04 31.48 28.86 26.20 23.52 20.84 18.18 15.56 12.99 10.51 8.12 5.86 3.73 1.78 0.11 0.00 0.00 0.00 0.00 0.00 0.00 0.00 0.00 0.00 0.00 0.00 0.00 0.00 0.00 0.00 0.00 0.00 0.00 0.00 0.00 0.00 0.00
31.76 32.26 32.56 32.63 32.50 32.19 31.69 31.04 30.24 29.30 28.25 27.10 25.86 24.52 23.11 21.63 20.10 18.54 17.03 16.13 16.25 17.32 19.27 22.00 25.33 28.84 32.27 35.54 38.64 41.52 44.13 46.45 48.43 50.03 51.22 51.95 52.20 51.95 51.25 50.11 48.59 46.70 44.56 42.31 40.00 37.62 35.21 32.77 30.28 27.73 25.14 22.52 19.91 17.30 14.74 12.23 9.80 7.47 5.25 3.19 1.39 0.00 0.00 0.00 0.00 0.00 0.00 0.00 0.00 0.00 0.00 0.00 0.00 0.00 0.00 0.00 0.00 0.00 0.00 0.00 0.00 0.00 0.00 0.00
30.37 30.99 31.46 31.72 31.76 31.57 31.19 30.62 29.88 28.99 27.95 26.79 25.50 24.08 22.56 20.95 19.28 17.56 15.86 14.75 14.63 15.45 17.11 19.52 22.61 26.21 29.89 33.41 36.72 39.77 42.53 44.97 47.03 48.68 49.89 50.60 50.81 50.53 49.80 48.65 47.11 45.21 43.07 40.82 38.51 36.14 33.74 31.31 28.86 26.39 23.88 21.34 18.80 16.27 13.77 11.33 8.96 6.69 4.55 2.65 1.04 0.00 0.00 0.00 0.00 0.00 0.00 0.00 0.00 0.00 0.00 0.00 0.00 0.00 0.00 0.00 0.00 0.00 0.00 0.00 0.00 0.00 0.00 0.00
28.89 29.59 30.18 30.62 30.84 30.83 30.59 30.14 29.49 28.67 27.68 26.52 25.20 23.73 22.13 20.43 18.64 16.79 14.94 13.65 13.34 13.93 15.33 17.47 20.26 23.61 27.36 31.11 34.63 37.86 40.77 43.31 45.46 47.16 48.37 49.06 49.23 48.92 48.17 47.00 45.45 43.56 41.41 39.17 36.87 34.52 32.13 29.71 27.29 24.87 22.44 19.99 17.53 15.08 12.66 10.30 8.01 5.82 3.86 2.16 0.75 0.00 0.00 0.00 0.00 0.00 0.00 0.00 0.00 0.00 0.00 0.00 0.00 0.00 0.00 0.00 0.00 0.00 0.00 0.00 0.00 0.00 0.00 0.00
27.33 28.09 28.76 29.32 29.74 29.92 29.85 29.55 29.03 28.30 27.38 26.24 24.92 23.43 21.80 20.03 18.17 16.22 14.25 12.82 12.34 12.73 13.92 15.82 18.34 21.39 24.90 28.69 32.41 35.82 38.87 41.54 43.76 45.49 46.68 47.33 47.47 47.14 46.37 45.19 43.64 41.75 39.61 37.39 35.10 32.76 30.39 28.00 25.60 23.22 20.85 18.49 16.12 13.76 11.43 9.15 6.96 4.97 3.22 1.74 0.51 0.00 0.00 0.00 0.00 0.00 0.00 0.00 0.00 0.00 0.00 0.00 0.00 0.00 0.00 0.00 0.00 0.00 0.00 0.00 0.00 0.00 0.00 0.00
25.70 26.52 27.26 27.90 28.44 28.81 28.95 28.83 28.47 27.86 27.00 25.92 24.63 23.16 21.52 19.73 17.82 15.80 13.75 12.21 11.59 11.83 12.84 14.52 16.81 19.60 22.82 26.38 30.12 33.70 36.90 39.67 41.95 43.67 44.81 45.43 45.55 45.20 44.42 43.24 41.69 39.81 37.69 35.47 33.21 30.89 28.55 26.19 23.82 21.47 19.14 16.85 14.58 12.32 10.09 7.93 5.94 4.18 2.66 1.37 0.31 0.00 0.00 0.00 0.00 0.00 0.00 0.00 0.00 0.00 0.00 0.00 0.00 0.00 0.00 0.00 0.00 0.00 0.00 0.00 0.00 0.00 0.00 0.00
24.02 24.89 25.69 26.40 27.02 27.52 27.86 27.95 27.75 27.27 26.53 25.53 24.31 22.89 21.27 19.49 17.57 15.52 13.41 11.80 11.09 11.20 12.05 13.56 15.64 18.21 21.18 24.46 27.97 31.55 34.89 37.74 40.00 41.68 42.79 43.39 43.49 43.13 42.34 41.16 39.62 37.75 35.65 33.46 31.21 28.93 26.61 24.29 21.96 19.64 17.36 15.11 12.92 10.77 8.67 6.72 4.98 3.46 2.15 1.05 0.15 0.00 0.00 0.00 0.00 0.00 0.00 0.00 0.00 0.00 0.00 0.00 0.00 0.00 0.00 0.00 0.00 0.00 0.00 0.00 0.00 0.00 0.00 0.00
22.29 23.22 24.07 24.84 25.53 26.11 26.57 26.85 26.84 26.52 25.92 25.04 23.92 22.58 21.03 19.29 17.39 15.34 13.21 11.56 10.78 10.80 11.54 12.90 14.82 17.19 19.94 22.98 26.21 29.57 32.85 35.68 37.90 39.54 40.63 41.21 41.29 40.93 40.14 38.97 37.44 35.59 33.51 31.35 29.14 26.88 24.61 22.32 20.03 17.76 15.52 13.33 11.19 9.15 7.27 5.58 4.10 2.80 1.69 0.77 0.04 0.00 0.00 0.00 0.00 0.00 0.00 0.00 0.00 0.00 0.00 0.00 0.00 0.00 0.00 0.00 0.00 0.00 0.00 0.00 0.00 0.00 0.00 0.00
20.53 21.50 22.40 23.23 23.98 24.63 25.16 25.53 25.70 25.58 25.14 24.42 23.44 22.21 20.75 19.09 17.24 15.23 13.12 11.46 10.64 10.61 11.26 12.52 14.30 16.51 19.07 21.90 24.90 27.94 30.84 33.48 35.67 37.28 38.35 38.91 38.99 38.62 37.84 36.68 35.17 33.34 31.30 29.17 26.99 24.78 22.54 20.30 18.06 15.84 13.66 11.52 9.46 7.59 5.95 4.53 3.28 2.20 1.29 0.54 0.00 0.00 0.00 0.00 0.00 0.00 0.00 0.00 0.00 0.00 0.00 0.00 0.00 0.00 0.00 0.00 0.00 0.00 0.00 0.00 0.00 0.00 0.00 0.00
18.75 19.76 20.71 21.59 22.39 23.09 23.65 24.07 24.33 24.40 24.18 23.64 22.83 21.74 20.42 18.86 17.10 15.16 13.10 11.47 10.65 10.59 11.19 12.38 14.06 16.14 18.55 21.20 23.93 26.57 29.03 31.30 33.33 34.91 35.97 36.52 36.59 36.23 35.46 34.32 32.83 31.03 29.02 26.93 24.80 22.63 20.44 18.25 16.06 13.90 11.77 9.71 7.83 6.18 4.76 3.55 2.53 1.66 0.93 0.34 0.00 0.00 0.00 0.00 0.00 0.00 0.00 0.00 0.00 0.00 0.00 0.00 0.00 0.00 0.00 0.00 0.00 0.00 0.00 0.00 0.00 0.00 0.00 0.00
16.97 18.00 18.99 19.91 20.75 21.47 22.05 22.51 22.83 23.01 22.99 22.68 22.06 21.16 19.99 18.58 16.94 15.10 13.13 11.55 10.77 10.72 11.31 12.45 14.06 16.05 18.34 20.78 23.14 25.36 27.41 29.30 31.00 32.45 33.49 34.04 34.12 33.77 33.01 31.89 30.43 28.67 26.70 24.66 22.57 20.45 18.31 16.18 14.05 11.94 9.90 8.02 6.37 4.93 3.70 2.68 1.84 1.17 0.61 0.18 0.00 0.00 0.00 0.00 0.00 0.00 0.00 0.02 0.00 0.00 0.00 0.00 0.00 0.00 0.00 0.00 0.00 0.00 0.00 0.00 0.00 0.00 0.00 0.00
15.19 16.25 17.26 18.21 19.05 19.78 20.39 20.88 21.25 21.48 21.58 21.49 21.11 20.42 19.45 18.21 16.73 15.03 13.17 11.69 10.97 10.96 11.57 12.70 14.28 16.21 18.34 20.43 22.40 24.25 25.94 27.48 28.84 30.02 30.95 31.49 31.58 31.24 30.51 29.42 28.00 26.28 24.35 22.36 20.32 18.26 16.18 14.10 12.04 10.02 8.16 6.52 5.08 3.84 2.79 1.93 1.25 0.73 0.34 0.05 0.00 0.00 0.00 0.00 0.00 0.12 0.25 0.28 0.21 0.08 0.00 0.00 0.00 0.00 0.00 0.00 0.00 0.00 0.00 0.00 0.00 0.00 0.00 0.00
13.43 14.51 15.52 16.46 17.29 18.03 18.66 19.19 19.60 19.89 20.05 20.09 19.94 19.50 18.76 17.73 16.44 14.91 13.19 11.84 11.23 11.30 11.95 13.11 14.68 16.50 18.32 20.05 21.68 23.18 24.56 25.79 26.85 27.74 28.44 28.90 29.00 28.68 27.98 26.92 25.54 23.86 21.99 20.05 18.08 16.07 14.06 12.05 10.07 8.24 6.62 5.19 3.96 2.91 2.03 1.32 0.77 0.36 0.10 0.00 0.00 0.00 0.00 0.00 0.15 0.35 0.47 0.49 0.42 0.28 0.08 0.00 0.00 0.00 0.00 0.00 0.00 0.00 0.00 0.00 0.00 0.00 0.00 0.00
11.70 12.77 13.76 14.67 15.50 16.25 16.90 17.45 17.90 18.24 18.46 18.57 18.56 18.37 17.89 17.10 16.04 14.71 13.18 11.98 11.51 11.68 12.42 13.64 15.15 16.69 18.18 19.58 20.90 22.11 23.20 24.16 24.96 25.61 26.08 26.35 26.40 26.10 25.43 24.41 23.07 21.45 19.64 17.76 15.84 13.91 11.96 10.04 8.26 6.67 5.27 4.05 3.01 2.13 1.41 0.84 0.40 0.10 0.00 0.00 0.00 0.00 0.03 0.17 0.35 0.53 0.64 0.65 0.56 0.40 0.19 0.00 0.00 0.00 0.00 0.00 0.00 0.00 0.00 0.00 0.00 0.00 0.00 0.00
9.99 11.02 11.98 12.87 13.69 14.43 15.10 15.67 16.16 16.54 16.83 17.01 17.08 17.03 16.81 16.30 15.49 14.40 13.09 12.09 11.78 12.10 12.95 14.15 15.42 16.66 17.84 18.97 20.01 20.96 21.81 22.53 23.12 23.56 23.84 23.94 23.84 23.52 22.88 21.90 20.62 19.05 17.30 15.49 13.64 11.78 9.93 8.20 6.66 5.31 4.12 3.10 2.23 1.51 0.93 0.49 0.16 0.00 0.00 0.00 0.00 0.02 0.17 0.34 0.52 0.69 0.77 0.75 0.64 0.46 0.25 0.03 0.00 0.00 0.00 0.00 0.00 0.00 0.00 0.00 0.00 0.00 0.00 0.00
