data_processed/recharge/precip/Precip_1996_06.asc
ncols        168
nrows        136
xllcorner    455000
yllcorner    2107000
cellsize     500
NODATA_value     -99999
[rows 32 to 63 of 136, columns 74 to 147 of 168]
121.05 120.45 119.70 118.79 117.73 116.52 115.19 113.74 112.18 110.53 108.80 107.00 105.15 103.25 101.32 99.37 97.42 95.48 93.55 91.65 89.80 88.00 86.27 84.62 83.03 81.47 80.06 78.97 78.07 77.27 76.56 75.94 75.40 74.95 74.58 74.28 74.06 73.91 73.83 73.82 73.87 73.98 74.16 74.38 74.67 75.00 75.38 75.80 76.27 76.79 77.40 78.17 78.97 79.81 80.82 82.04 83.46 85.09 86.92 88.94 91.16 93.56 96.14 98.91 101.85 104.97 108.25 111.70 115.31 119.08 123.00 127.08 131.29 135.66
118.52 117.98 117.31 116.50 115.54 114.43 113.19 111.83 110.35 108.79 107.13 105.41 103.62 101.79 99.92 98.03 96.13 94.23 92.35 90.49 88.67 86.90 85.20 83.54 81.89 80.25 78.76 77.59 76.72 76.03 75.43 74.89 74.43 74.04 73.72 73.46 73.25 73.11 73.02 72.99 73.01 73.07 73.18 73.33 73.52 73.75 74.01 74.30 74.63 75.04 75.60 76.32 77.07 77.80 78.57 79.51 80.67 82.04 83.62 85.40 87.38 89.56 91.93 94.49 97.23 100.15 103.25 106.53 109.97 113.58 117.35 121.28 125.37 129.61
116.31 115.82 115.21 114.48 113.62 112.61 111.46 110.19 108.81 107.33 105.75 104.10 102.39 100.62 98.82 96.99 95.14 93.29 91.45 89.63 87.85 86.11 84.41 82.70 80.98 79.27 77.70 76.44 75.50 74.84 74.33 73.89 73.51 73.18 72.91 72.68 72.51 72.37 72.28 72.23 72.21 72.23 72.28 72.35 72.45 72.58 72.73 72.89 73.13 73.49 74.00 74.67 75.39 76.08 76.75 77.46 78.36 79.47 80.80 82.34 84.09 86.04 88.20 90.55 93.09 95.83 98.74 101.84 105.12 108.58 112.20 115.99 119.94 124.11
114.41 113.96 113.40 112.73 111.94 111.03 109.99 108.81 107.52 106.12 104.62 103.05 101.41 99.71 97.97 96.20 94.41 92.61 90.82 89.05 87.30 85.58 83.83 82.06 80.28 78.51 76.87 75.54 74.50 73.76 73.28 72.93 72.63 72.37 72.15 71.96 71.81 71.69 71.60 71.53 71.49 71.46 71.45 71.46 71.47 71.50 71.54 71.62 71.81 72.12 72.59 73.22 73.90 74.56 75.20 75.83 76.50 77.36 78.44 79.75 81.27 83.00 84.94 87.08 89.43 91.97 94.71 97.64 100.75 104.05 107.53 111.18 115.06 119.33
112.81 112.39 111.87 111.24 110.51 109.67 108.72 107.64 106.44 105.13 103.72 102.23 100.66 99.03 97.36 95.65 93.92 92.17 90.43 88.70 86.98 85.22 83.42 81.61 79.78 77.95 76.27 74.86 73.75 72.91 72.35 72.01 71.79 71.60 71.44 71.30 71.18 71.07 70.98 70.90 70.83 70.77 70.70 70.64 70.58 70.51 70.48 70.52 70.66 70.94 71.37 71.96 72.60 73.24 73.86 74.47 75.06 75.71 76.55 77.61 78.90 80.41 82.14 84.08 86.23 88.59 91.15 93.90 96.86 100.00 103.33 106.90 110.86 115.28
111.48 111.08 110.59 109.99 109.31 108.53 107.65 106.66 105.55 104.33 103.01 101.60 100.11 98.56 96.95 95.30 93.63 91.94 90.25 88.55 86.80 85.00 83.17 81.31 79.45 77.59 75.86 74.40 73.22 72.30 71.64 71.22 71.01 70.89 70.79 70.69 70.60 70.52 70.43 70.34 70.25 70.15 70.04 69.91 69.77 69.64 69.57 69.57 69.68 69.92 70.31 70.87 71.48 72.09 72.69 73.29 73.88 74.46 75.09 75.92 76.99 78.28 79.79 81.53 83.49 85.66 88.04 90.63 93.42 96.41 99.65 103.28 107.38 111.94
110.41 110.02 109.54 108.98 108.33 107.59 106.76 105.84 104.83 103.70 102.46 101.13 99.73 98.25 96.71 95.13 93.52 91.89 90.23 88.52 86.74 84.92 83.06 81.17 79.28 77.40 75.64 74.14 72.90 71.92 71.17 70.65 70.35 70.23 70.19 70.14 70.09 70.03 69.95 69.86 69.74 69.61 69.45 69.27 69.07 68.91 68.80 68.77 68.85 69.05 69.42 69.94 70.53 71.11 71.70 72.29 72.88 73.46 74.03 74.67 75.51 76.58 77.89 79.43 81.19 83.18 85.38 87.80 90.43 93.32 96.61 100.36 104.57 109.24
109.57 109.18 108.72 108.17 107.54 106.84 106.05 105.18 104.24 103.20 102.05 100.81 99.48 98.08 96.62 95.11 93.56 91.97 90.31 88.57 86.78 84.94 83.07 81.17 79.27 77.37 75.59 74.06 72.78 71.74 70.92 70.31 69.91 69.70 69.65 69.65 69.64 69.60 69.54 69.44 69.31 69.15 68.95 68.72 68.50 68.30 68.16 68.10 68.15 68.33 68.66 69.16 69.72 70.29 70.87 71.45 72.04 72.63 73.22 73.81 74.46 75.32 76.42 77.76 79.33 81.13 83.16 85.41 87.93 90.85 94.24 98.08 102.39 107.14
108.95 108.55 108.09 107.55 106.94 106.26 105.50 104.68 103.77 102.80 101.74 100.59 99.34 98.02 96.63 95.19 93.69 92.11 90.44 88.71 86.91 85.06 83.19 81.29 79.38 77.49 75.70 74.15 72.84 71.74 70.86 70.18 69.69 69.38 69.24 69.23 69.25 69.25 69.20 69.10 68.96 68.77 68.54 68.28 68.03 67.81 67.64 67.55 67.58 67.73 68.04 68.51 69.05 69.61 70.18 70.76 71.36 71.96 72.56 73.17 73.79 74.47 75.37 76.51 77.89 79.51 81.36 83.50 86.03 89.03 92.49 96.41 100.78 105.59
108.53 108.12 107.64 107.10 106.50 105.83 105.10 104.30 103.44 102.51 101.51 100.44 99.28 98.04 96.73 95.35 93.87 92.29 90.63 88.89 87.10 85.27 83.40 81.51 79.61 77.73 75.95 74.39 73.06 71.93 71.00 70.26 69.69 69.29 69.04 68.93 68.94 68.96 68.92 68.83 68.68 68.47 68.21 67.93 67.66 67.41 67.22 67.12 67.11 67.24 67.53 67.98 68.51 69.06 69.62 70.21 70.81 71.43 72.06 72.70 73.34 74.00 74.73 75.67 76.86 78.30 80.03 82.16 84.76 87.82 91.33 95.29 99.70 104.55
108.29 107.85 107.36 106.81 106.20 105.54 104.82 104.04 103.20 102.31 101.36 100.35 99.27 98.12 96.87 95.51 94.05 92.48 90.84 89.13 87.35 85.54 83.69 81.82 79.95 78.09 76.32 74.77 73.43 72.27 71.31 70.51 69.88 69.40 69.06 68.85 68.75 68.74 68.73 68.64 68.48 68.25 67.97 67.67 67.38 67.11 66.90 66.77 66.75 66.86 67.13 67.57 68.08 68.62 69.19 69.78 70.40 71.03 71.69 72.35 73.04 73.74 74.45 75.23 76.24 77.54 79.25 81.43 84.06 87.15 90.69 94.68 99.10 103.97
108.21 107.74 107.22 106.65 106.03 105.36 104.64 103.87 103.05 102.19 101.27 100.31 99.29 98.20 96.99 95.66 94.22 92.68 91.07 89.38 87.64 85.86 84.04 82.21 80.37 78.54 76.81 75.27 73.93 72.76 71.77 70.94 70.25 69.71 69.28 68.98 68.77 68.66 68.61 68.52 68.34 68.09 67.79 67.48 67.16 66.88 66.66 66.52 66.48 66.58 66.83 67.25 67.75 68.29 68.86 69.47 70.10 70.75 71.44 72.14 72.87 73.61 74.37 75.15 76.05 77.32 79.06 81.25 83.89 86.99 90.53 94.52 98.94 103.79
108.27 107.76 107.20 106.60 105.96 105.28 104.55 103.78 102.97 102.12 101.23 100.30 99.31 98.24 97.06 95.77 94.37 92.87 91.30 89.65 87.95 86.21 84.44 82.65 80.86 79.07 77.38 75.87 74.54 73.38 72.38 71.52 70.79 70.19 69.70 69.30 69.00 68.78 68.60 68.44 68.24 67.98 67.67 67.34 67.01 66.72 66.48 66.33 66.28 66.36 66.61 67.02 67.52 68.05 68.63 69.25 69.90 70.58 71.30 72.04 72.81 73.61 74.42 75.30 76.34 77.66 79.39 81.57 84.21 87.29 90.81 94.77 99.16 103.98
108.46 107.89 107.29 106.65 105.98 105.27 104.53 103.75 102.94 102.10 101.22 100.30 99.30 98.23 97.07 95.82 94.47 93.03 91.51 89.92 88.27 86.58 84.87 83.13 81.40 79.67 78.04 76.57 75.26 74.11 73.11 72.23 71.47 70.83 70.28 69.82 69.43 69.08 68.74 68.45 68.18 67.91 67.59 67.25 66.91 66.61 66.36 66.20 66.14 66.22 66.46 66.86 67.35 67.90 68.49 69.12 69.79 70.50 71.25 72.04 72.86 73.71 74.62 75.70 76.97 78.45 80.20 82.35 84.95 87.99 91.47 95.38 99.71 104.47
108.76 108.12 107.46 106.78 106.06 105.32 104.56 103.76 102.94 102.10 101.21 100.27 99.26 98.18 97.03 95.82 94.53 93.15 91.69 90.16 88.58 86.96 85.31 83.65 81.98 80.33 78.75 77.34 76.07 74.94 73.94 73.06 72.29 71.61 71.02 70.49 70.00 69.50 69.03 68.59 68.20 67.86 67.53 67.19 66.85 66.54 66.28 66.12 66.05 66.13 66.36 66.76 67.26 67.81 68.41 69.06 69.76 70.51 71.30 72.13 73.00 73.94 75.04 76.33 77.83 79.52 81.40 83.54 86.08 89.06 92.47 96.30 100.56 105.24
109.14 108.43 107.71 106.96 106.20 105.42 104.61 103.79 102.96 102.09 101.17 100.20 99.17 98.09 96.95 95.76 94.51 93.20 91.82 90.37 88.87 87.33 85.76 84.17 82.59 81.01 79.52 78.16 76.94 75.85 74.88 74.01 73.23 72.53 71.90 71.28 70.66 70.03 69.43 68.85 68.33 67.88 67.50 67.14 66.80 66.49 66.24 66.07 66.00 66.08 66.31 66.71 67.21 67.77 68.39 69.07 69.80 70.58 71.41 72.29 73.25 74.36 75.67 77.17 78.86 80.74 82.80 85.05 87.55 90.44 93.75 97.49 101.64 106.21
109.59 108.80 108.00 107.19 106.37 105.53 104.69 103.83 102.95 102.04 101.08 100.08 99.03 97.95 96.82 95.65 94.44 93.19 91.89 90.53 89.12 87.66 86.18 84.69 83.20 81.72 80.31 79.03 77.87 76.83 75.89 75.04 74.26 73.55 72.85 72.12 71.37 70.63 69.90 69.21 68.57 68.00 67.51 67.11 66.77 66.46 66.21 66.04 65.98 66.05 66.29 66.69 67.20 67.78 68.42 69.12 69.89 70.71 71.59 72.55 73.66 74.97 76.47 78.15 80.01 82.06 84.28 86.68 89.26 92.08 95.28 98.89 102.92 107.36
110.09 109.21 108.32 107.44 106.54 105.65 104.75 103.84 102.90 101.93 100.93 99.90 98.84 97.76 96.64 95.49 94.32 93.12 91.89 90.62 89.31 87.96 86.58 85.19 83.80 82.43 81.12 79.93 78.84 77.86 76.96 76.14 75.38 74.62 73.81 72.97 72.12 71.26 70.43 69.63 68.88 68.20 67.61 67.12 66.74 66.43 66.18 66.02 65.97 66.05 66.29 66.70 67.22 67.81 68.48 69.21 70.02 70.88 71.83 72.94 74.24 75.72 77.38 79.22 81.24 83.43 85.80 88.33 91.03 93.90 97.00 100.46 104.34 108.62
110.62 109.64 108.66 107.69 106.72 105.75 104.78 103.80 102.79 101.77 100.73 99.67 98.60 97.51 96.40 95.27 94.14 92.98 91.82 90.64 89.43 88.19 86.93 85.66 84.39 83.13 81.93 80.84 79.84 78.92 78.08 77.30 76.50 75.65 74.75 73.81 72.86 71.91 70.98 70.08 69.24 68.47 67.78 67.19 66.73 66.39 66.15 66.00 65.95 66.04 66.29 66.72 67.25 67.87 68.56 69.33 70.17 71.11 72.20 73.47 74.92 76.55 78.36 80.34 82.49 84.80 87.29 89.93 92.73 95.70 98.81 102.16 105.86 109.96
111.17 110.07 108.99 107.92 106.86 105.81 104.76 103.69 102.63 101.55 100.47 99.38 98.29 97.20 96.10 95.00 93.90 92.79 91.69 90.58 89.47 88.36 87.22 86.08 84.93 83.80 82.73 81.74 80.84 80.01 79.23 78.43 77.56 76.62 75.63 74.61 73.57 72.54 71.52 70.54 69.62 68.76 67.99 67.32 66.78 66.37 66.10 65.96 65.93 66.03 66.29 66.73 67.29 67.93 68.65 69.46 70.37 71.43 72.66 74.08 75.67 77.43 79.35 81.45 83.71 86.13 88.70 91.44 94.32 97.36 100.54 103.88 107.42 111.32
111.71 110.49 109.30 108.12 106.96 105.81 104.67 103.52 102.39 101.26 100.14 99.02 97.92 96.82 95.73 94.66 93.59 92.53 91.49 90.46 89.44 88.43 87.43 86.42 85.42 84.43 83.49 82.63 81.84 81.09 80.31 79.45 78.50 77.49 76.43 75.33 74.22 73.12 72.03 70.98 69.98 69.05 68.21 67.47 66.86 66.38 66.06 65.90 65.88 66.00 66.28 66.73 67.31 67.98 68.74 69.61 70.62 71.82 73.18 74.72 76.42 78.29 80.31 82.50 84.85 87.35 90.00 92.80 95.75 98.84 102.07 105.44 108.95 112.66
112.22 110.88 109.56 108.27 107.00 105.74 104.50 103.28 102.08 100.90 99.74 98.59 97.47 96.37 95.30 94.24 93.21 92.21 91.23 90.27 89.34 88.43 87.55 86.69 85.84 85.00 84.21 83.48 82.80 82.07 81.25 80.32 79.31 78.23 77.11 75.95 74.78 73.62 72.47 71.36 70.30 69.31 68.41 67.62 66.94 66.41 66.03 65.82 65.79 65.93 66.23 66.71 67.31 68.01 68.83 69.79 70.93 72.23 73.70 75.34 77.13 79.08 81.19 83.45 85.86 88.42 91.12 93.97 96.95 100.07 103.33 106.72 110.24 113.88
112.69 111.21 109.76 108.34 106.95 105.59 104.26 102.96 101.70 100.46 99.26 98.09 96.96 95.85 94.79 93.76 92.76 91.81 90.89 90.01 89.16 88.36 87.59 86.87 86.17 85.50 84.87 84.27 83.63 82.87 81.99 81.01 79.95 78.82 77.65 76.44 75.22 74.01 72.81 71.65 70.55 69.51 68.57 67.73 67.01 66.42 66.00 65.75 65.68 65.82 66.14 66.64 67.28 68.03 68.93 70.00 71.23 72.62 74.18 75.89 77.75 79.77 81.93 84.24 86.69 89.29 92.02 94.89 97.89 101.02 104.28 107.67 111.17 114.80
113.10 111.47 109.88 108.33 106.83 105.36 103.94 102.57 101.23 99.95 98.70 97.51 96.36 95.26 94.20 93.19 92.24 91.33 90.47 89.67 88.91 88.21 87.55 86.96 86.41 85.91 85.43 84.90 84.23 83.43 82.51 81.49 80.39 79.23 78.02 76.77 75.52 74.27 73.03 71.84 70.70 69.63 68.65 67.77 67.01 66.40 65.94 65.65 65.56 65.67 66.00 66.53 67.20 68.03 69.02 70.17 71.48 72.94 74.55 76.32 78.23 80.29 82.48 84.82 87.30 89.91 92.65 95.52 98.51 101.63 104.87 108.23 111.70 115.29
113.40 111.61 109.88 108.21 106.59 105.02 103.51 102.06 100.66 99.32 98.04 96.82 95.66 94.56 93.52 92.54 91.62 90.77 89.97 89.24 88.58 87.98 87.44 86.97 86.57 86.22 85.81 85.26 84.56 83.73 82.79 81.74 80.62 79.42 78.19 76.92 75.64 74.36 73.10 71.88 70.72 69.62 68.62 67.72 66.94 66.31 65.82 65.52 65.40 65.49 65.80 66.34 67.08 67.98 69.04 70.25 71.61 73.12 74.78 76.58 78.52 80.59 82.81 85.15 87.63 90.23 92.96 95.81 98.78 101.87 105.07 108.38 111.80 115.33
113.26 111.22 109.37 107.59 105.89 104.24 102.67 101.17 99.74 98.37 97.08 95.86 94.71 93.64 92.64 91.71 90.85 90.08 89.37 88.75 88.20 87.72 87.33 87.01 86.76 86.46 86.01 85.44 84.71 83.86 82.89 81.83 80.68 79.47 78.21 76.92 75.62 74.32 73.05 71.81 70.63 69.52 68.50 67.58 66.79 66.13 65.63 65.31 65.18 65.25 65.53 66.01 66.75 67.72 68.85 70.12 71.54 73.10 74.79 76.63 78.59 80.69 82.92 85.27 87.75 90.35 93.06 95.89 98.84 101.89 105.05 108.32 111.69 115.16
112.62 110.15 108.11 106.27 104.51 102.84 101.24 99.73 98.31 96.96 95.70 94.52 93.43 92.43 91.51 90.68 89.93 89.27 88.70 88.22 87.83 87.53 87.32 87.18 87.00 86.64 86.13 85.50 84.75 83.88 82.89 81.81 80.64 79.41 78.14 76.83 75.51 74.20 72.91 71.66 70.46 69.33 68.29 67.36 66.56 65.89 65.38 65.04 64.90 64.94 65.14 65.51 66.18 67.17 68.37 69.72 71.21 72.83 74.58 76.47 78.48 80.61 82.87 85.24 87.73 90.34 93.06 95.89 98.82 101.85 104.99 108.23 111.56 114.98
111.57 108.65 106.24 104.27 102.51 100.85 99.28 97.81 96.43 95.14 93.96 92.87 91.88 90.99 90.19 89.50 88.90 88.41 88.02 87.73 87.54 87.45 87.46 87.41 87.18 86.76 86.18 85.49 84.70 83.81 82.80 81.70 80.52 79.27 77.98 76.66 75.33 74.00 72.70 71.43 70.22 69.08 68.03 67.08 66.26 65.58 65.06 64.72 64.54 64.50 64.60 64.88 65.47 66.40 67.63 69.07 70.64 72.34 74.16 76.11 78.18 80.36 82.67 85.08 87.60 90.23 92.97 95.81 98.74 101.78 104.91 108.13 111.44 114.83
110.15 106.82 104.05 101.78 99.95 98.34 96.84 95.44 94.16 92.98 91.92 90.96 90.11 89.38 88.75 88.24 87.84 87.56 87.38 87.33 87.39 87.54 87.65 87.58 87.30 86.82 86.18 85.43 84.59 83.65 82.63 81.51 80.32 79.06 77.75 76.42 75.08 73.73 72.42 71.14 69.91 68.76 67.70 66.75 65.92 65.23 64.70 64.33 64.07 63.93 63.94 64.14 64.65 65.51 66.70 68.18 69.85 71.64 73.55 75.58 77.72 79.97 82.33 84.80 87.37 90.04 92.81 95.68 98.63 101.68 104.81 108.03 111.34 114.71
108.40 104.72 101.61 99.05 97.00 95.38 93.98 92.71 91.56 90.54 89.63 88.85 88.19 87.66 87.25 86.96 86.80 86.77 86.86 87.08 87.41 87.70 87.79 87.68 87.35 86.82 86.12 85.32 84.42 83.44 82.39 81.26 80.05 78.78 77.46 76.12 74.76 73.41 72.08 70.80 69.56 68.41 67.34 66.38 65.54 64.84 64.28 63.83 63.47 63.24 63.17 63.29 63.74 64.54 65.68 67.13 68.85 70.75 72.76 74.88 77.12 79.45 81.89 84.42 87.06 89.78 92.60 95.51 98.50 101.58 104.73 107.97 111.26 114.61
106.39 102.39 98.99 96.17 93.89 92.12 90.77 89.67 88.70 87.87 87.17 86.61 86.18 85.89 85.74 85.72 85.84 86.10 86.51 87.03 87.51 87.79 87.86 87.71 87.34 86.76 86.01 85.15 84.21 83.19 82.10 80.95 79.73 78.45 77.12 75.77 74.40 73.05 71.71 70.41 69.17 68.01 66.93 65.97 65.12 64.40 63.77 63.21 62.77 62.46 62.31 62.37 62.76 63.51 64.60 66.02 67.72 69.69 71.81 74.05 76.38 78.82 81.34 83.96 86.68 89.47 92.35 95.32 98.36 101.48 104.68 107.92 111.21 114.52
104.13 99.86 96.23 93.19 90.72 88.79 87.37 86.38 85.63 85.03 84.59 84.29 84.13 84.13 84.28 84.58 85.03 85.63 86.36 87.06 87.55 87.82 87.86 87.68 87.27 86.64 85.84 84.94 83.96 82.91 81.78 80.60 79.36 78.07 76.74 75.38 74.01 72.64 71.30 70.00 68.76 67.59 66.51 65.54 64.67 63.87 63.14 62.49 61.96 61.58 61.37 61.37 61.71 62.43 63.49 64.87 66.56 68.52 70.73 73.08 75.54 78.09 80.72 83.44 86.24 89.13 92.09 95.13 98.24 101.42 104.64 107.89 111.16 114.46
