data_processed/recharge/precip/Precip_1988_07.asc
ncols        168
nrows        136
xllcorner    455000
yllcorner    2107000
cellsize     500
NODATA_value     -99999
[rows 99 to 131 of 136, columns 74 to 147 of 168]
117.66 118.39 118.97 119.38 119.50 119.19 118.48 117.39 115.98 114.28 112.33 110.18 107.82 105.17 102.21 99.05 95.78 92.50 89.31 86.31 83.67 81.63 80.23 79.43 79.21 79.56 80.43 81.81 83.52 85.37 87.31 89.34 91.45 93.63 95.88 98.19 100.49 102.55 104.22 105.50 106.38 106.86 106.94 106.61 105.91 104.98 103.86 102.57 101.12 99.51 97.78 95.93 94.12 92.52 91.15 89.98 88.99 88.14 87.42 86.78 86.24 85.83 85.56 85.41 85.34 85.32 85.31 85.27 85.05 84.29 82.98 81.20 79.04 76.58
118.00 118.84 119.52 119.91 119.87 119.41 118.57 117.38 115.90 114.15 112.19 110.05 107.77 105.36 102.72 99.87 96.89 93.88 90.94 88.17 85.74 83.90 82.67 82.05 81.99 82.48 83.48 84.82 86.30 87.87 89.52 91.24 93.04 94.90 96.82 98.79 100.80 102.78 104.52 105.88 106.83 107.39 107.55 107.30 106.68 105.83 104.78 103.55 102.15 100.60 98.92 97.25 95.76 94.49 93.39 92.44 91.62 90.89 90.23 89.62 89.02 88.43 87.90 87.45 87.03 86.62 86.19 85.68 84.98 83.76 82.02 79.85 77.33 74.55
118.70 119.65 120.32 120.54 120.32 119.71 118.75 117.47 115.93 114.15 112.18 110.06 107.83 105.53 103.17 100.66 98.01 95.32 92.67 90.18 88.01 86.41 85.42 85.01 85.15 85.82 86.84 87.99 89.23 90.55 91.95 93.40 94.92 96.50 98.11 99.77 101.47 103.19 104.87 106.30 107.34 107.98 108.22 108.06 107.54 106.77 105.79 104.63 103.30 101.81 100.31 98.98 97.83 96.84 95.97 95.20 94.51 93.86 93.24 92.60 91.93 91.20 90.39 89.58 88.76 87.91 86.99 85.97 84.73 82.99 80.77 78.15 75.22 72.08
119.82 120.74 121.22 121.25 120.87 120.12 119.05 117.69 116.09 114.28 112.31 110.23 108.05 105.84 103.64 101.43 99.16 96.82 94.52 92.35 90.48 89.17 88.45 88.30 88.69 89.43 90.30 91.26 92.30 93.40 94.57 95.79 97.06 98.38 99.74 101.12 102.53 103.96 105.39 106.78 107.90 108.64 108.97 108.91 108.48 107.79 106.90 105.82 104.56 103.28 102.13 101.14 100.29 99.53 98.86 98.23 97.63 97.02 96.38 95.68 94.90 94.00 92.96 91.78 90.51 89.16 87.71 86.11 84.27 81.96 79.19 76.07 72.69 69.33
121.23 121.96 122.22 122.07 121.53 120.66 119.48 118.05 116.40 114.58 112.63 110.57 108.47 106.36 104.27 102.25 100.32 98.38 96.46 94.66 93.14 92.16 91.76 91.91 92.42 93.07 93.79 94.59 95.45 96.37 97.35 98.37 99.43 100.53 101.65 102.80 103.95 105.12 106.29 107.45 108.54 109.37 109.81 109.84 109.51 108.93 108.13 107.14 106.09 105.16 104.37 103.69 103.08 102.53 102.01 101.48 100.93 100.32 99.63 98.83 97.89 96.79 95.49 93.99 92.25 90.36 88.31 86.08 83.58 80.64 77.28 73.62 69.94 66.63
122.79 123.28 123.34 123.01 122.33 121.33 120.07 118.58 116.89 115.06 113.13 111.13 109.10 107.09 105.14 103.28 101.56 99.99 98.50 97.11 95.99 95.39 95.35 95.68 96.13 96.67 97.27 97.94 98.67 99.44 100.26 101.11 102.00 102.90 103.83 104.77 105.71 106.65 107.57 108.49 109.38 110.19 110.73 110.88 110.66 110.17 109.48 108.71 108.04 107.48 107.00 106.58 106.18 105.79 105.38 104.91 104.37 103.72 102.93 101.99 100.86 99.51 97.92 96.07 93.92 91.47 88.78 85.86 82.65 79.02 75.03 71.00 67.32 64.07
124.46 124.73 124.60 124.10 123.28 122.18 120.83 119.29 117.58 115.75 113.84 111.90 109.96 108.06 106.25 104.56 103.05 101.73 100.64 99.70 99.02 98.83 99.02 99.34 99.74 100.20 100.72 101.29 101.91 102.57 103.26 103.98 104.72 105.47 106.23 107.00 107.75 108.50 109.23 109.93 110.60 111.23 111.76 112.02 111.91 111.55 111.09 110.71 110.41 110.17 109.96 109.76 109.54 109.27 108.93 108.48 107.91 107.17 106.26 105.13 103.76 102.13 100.21 97.97 95.38 92.42 89.08 85.43 81.45 77.09 72.67 68.58 64.92 61.71
126.27 126.33 126.02 125.37 124.42 123.21 121.79 120.20 118.48 116.66 114.79 112.92 111.07 109.30 107.64 106.13 104.82 103.74 102.94 102.43 102.21 102.31 102.54 102.84 103.20 103.62 104.09 104.60 105.14 105.72 106.32 106.94 107.57 108.20 108.84 109.46 110.06 110.65 111.20 111.73 112.21 112.64 113.01 113.28 113.30 113.19 113.12 113.12 113.16 113.20 113.23 113.21 113.12 112.93 112.62 112.15 111.50 110.65 109.56 108.20 106.56 104.61 102.31 99.64 96.58 93.09 89.15 84.75 79.98 75.11 70.58 66.47 62.81 59.59
128.24 128.10 127.61 126.80 125.73 124.44 122.95 121.32 119.59 117.79 115.97 114.17 112.42 110.78 109.27 107.95 106.86 106.02 105.49 105.29 105.36 105.54 105.79 106.10 106.46 106.87 107.31 107.79 108.30 108.83 109.37 109.92 110.47 111.01 111.55 112.06 112.55 113.00 113.42 113.79 114.11 114.38 114.58 114.71 114.84 115.13 115.46 115.81 116.15 116.44 116.66 116.79 116.80 116.66 116.33 115.81 115.05 114.04 112.74 111.13 109.18 106.87 104.16 101.03 97.45 93.40 88.84 83.78 78.51 73.49 68.90 64.74 61.03 57.77
130.37 130.01 129.33 128.37 127.16 125.76 124.20 122.52 120.76 118.97 117.19 115.45 113.79 112.27 110.91 109.77 108.87 108.27 107.98 107.95 108.05 108.26 108.54 108.88 109.26 109.67 110.12 110.59 111.08 111.57 112.07 112.57 113.06 113.53 113.98 114.41 114.80 115.14 115.44 115.68 115.86 115.98 116.02 116.00 116.07 116.61 117.33 118.03 118.66 119.20 119.63 119.90 120.00 119.91 119.58 119.00 118.14 116.97 115.46 113.59 111.33 108.66 105.54 101.94 97.85 93.24 88.09 82.70 77.46 72.44 67.76 63.52 59.73 56.41
132.66 132.06 131.17 130.03 128.67 127.14 125.48 123.73 121.94 120.13 118.36 116.66 115.08 113.65 112.42 111.43 110.71 110.31 110.14 110.10 110.19 110.40 110.71 111.09 111.49 111.93 112.39 112.85 113.33 113.81 114.28 114.74 115.18 115.59 115.97 116.32 116.62 116.86 117.05 117.18 117.23 117.21 117.13 117.00 116.94 117.40 118.35 119.41 120.36 121.17 121.81 122.25 122.47 122.44 122.13 121.51 120.57 119.26 117.56 115.46 112.91 109.89 106.38 102.35 97.76 92.63 87.19 81.89 76.83 71.94 67.23 62.89 59.00 55.57
135.13 134.28 133.15 131.81 130.27 128.60 126.82 124.98 123.12 121.28 119.50 117.82 116.29 114.94 113.81 112.95 112.39 112.05 111.83 111.74 111.83 112.04 112.35 112.75 113.20 113.66 114.14 114.62 115.10 115.57 116.02 116.45 116.85 117.22 117.54 117.82 118.04 118.20 118.29 118.31 118.25 118.14 117.99 117.76 117.55 117.87 118.75 120.01 121.29 122.39 123.27 123.90 124.25 124.30 124.03 123.40 122.38 120.96 119.09 116.77 113.95 110.61 106.73 102.28 97.24 91.86 86.55 81.43 76.55 71.81 67.23 62.84 58.82 55.27
137.79 136.66 135.29 133.72 131.99 130.15 128.23 126.28 124.33 122.43 120.63 118.95 117.44 116.14 115.10 114.34 113.80 113.36 113.05 112.93 113.01 113.22 113.52 113.92 114.40 114.90 115.41 115.92 116.41 116.88 117.32 117.74 118.11 118.44 118.72 118.94 119.09 119.18 119.18 119.11 118.99 118.85 118.65 118.31 117.96 118.12 118.85 120.04 121.50 122.90 124.04 124.87 125.38 125.54 125.32 124.70 123.63 122.11 120.10 117.58 114.51 110.87 106.64 101.80 96.58 91.34 86.22 81.30 76.58 72.01 67.57 63.28 59.21 55.52
140.46 139.23 137.60 135.78 133.84 131.80 129.72 127.64 125.59 123.61 121.75 120.05 118.55 117.29 116.30 115.51 114.82 114.25 113.86 113.70 113.79 114.00 114.30 114.68 115.15 115.69 116.24 116.77 117.29 117.77 118.22 118.63 118.99 119.29 119.54 119.71 119.81 119.83 119.77 119.67 119.56 119.41 119.14 118.69 118.20 118.21 118.79 119.82 121.20 122.76 124.17 125.23 125.92 126.21 126.06 125.46 124.37 122.77 120.64 117.93 114.64 110.72 106.18 101.20 96.13 91.11 86.19 81.45 76.91 72.49 68.20 64.05 60.06 56.30
142.84 141.81 140.08 138.01 135.83 133.58 131.32 129.08 126.90 124.83 122.90 121.15 119.64 118.38 117.31 116.33 115.47 114.77 114.29 114.10 114.19 114.41 114.71 115.09 115.54 116.07 116.64 117.22 117.77 118.28 118.75 119.16 119.52 119.81 120.03 120.17 120.23 120.20 120.14 120.09 120.02 119.85 119.51 118.95 118.32 118.18 118.60 119.48 120.71 122.18 123.73 125.03 125.91 126.35 126.30 125.74 124.65 122.99 120.75 117.88 114.38 110.22 105.58 100.78 95.95 91.14 86.43 81.87 77.49 73.24 69.09 65.08 61.21 57.52
144.88 144.09 142.57 140.41 137.98 135.50 133.03 130.62 128.29 126.10 124.08 122.27 120.71 119.33 118.02 116.82 115.78 114.95 114.40 114.18 114.28 114.51 114.81 115.18 115.63 116.13 116.69 117.30 117.89 118.44 118.93 119.37 119.73 120.02 120.22 120.34 120.37 120.38 120.41 120.44 120.39 120.20 119.81 119.14 118.35 118.06 118.32 119.05 120.12 121.44 122.89 124.31 125.41 126.01 126.07 125.58 124.50 122.81 120.48 117.48 113.80 109.60 105.16 100.61 96.00 91.41 86.89 82.52 78.31 74.21 70.21 66.33 62.59 59.01
146.64 146.03 144.75 142.81 140.30 137.58 134.89 132.27 129.78 127.44 125.31 123.41 121.68 120.01 118.44 117.02 115.80 114.85 114.23 113.98 114.09 114.33 114.64 115.01 115.44 115.93 116.47 117.06 117.68 118.28 118.81 119.27 119.65 119.95 120.15 120.27 120.36 120.50 120.66 120.76 120.74 120.53 120.07 119.28 118.35 117.89 118.01 118.57 119.49 120.65 121.94 123.27 124.46 125.24 125.44 125.03 123.99 122.28 119.88 116.78 113.11 109.13 104.95 100.64 96.26 91.88 87.57 83.37 79.33 75.39 71.53 67.79 64.17 60.70
148.18 147.69 146.59 144.90 142.61 139.82 136.89 134.06 131.38 128.88 126.60 124.48 122.42 120.44 118.60 116.96 115.58 114.51 113.82 113.55 113.67 113.93 114.24 114.62 115.04 115.52 116.04 116.61 117.21 117.83 118.40 118.90 119.31 119.63 119.85 120.06 120.34 120.64 120.92 121.09 121.09 120.86 120.33 119.43 118.34 117.73 117.68 118.09 118.85 119.85 120.99 122.16 123.24 124.10 124.45 124.15 123.16 121.46 119.02 115.97 112.54 108.84 104.92 100.85 96.71 92.54 88.41 84.40 80.53 76.74 73.02 69.41 65.92 62.56
149.54 149.11 148.14 146.64 144.61 142.05 139.06 136.00 133.10 130.41 127.87 125.37 122.95 120.66 118.56 116.71 115.16 113.98 113.21 112.93 113.07 113.34 113.67 114.05 114.47 114.94 115.44 115.98 116.55 117.15 117.75 118.30 118.75 119.11 119.45 119.89 120.37 120.84 121.23 121.47 121.49 121.24 120.64 119.62 118.38 117.61 117.40 117.65 118.25 119.09 120.07 121.07 122.00 122.75 123.16 122.97 122.06 120.39 118.06 115.27 112.13 108.70 105.04 101.22 97.30 93.34 89.41 85.58 81.87 78.23 74.66 71.18 67.80 64.56
150.78 150.35 149.45 148.08 146.25 143.96 141.20 138.08 134.96 131.96 128.99 126.09 123.32 120.72 118.36 116.30 114.59 113.29 112.46 112.16 112.32 112.61 112.96 113.34 113.77 114.23 114.72 115.24 115.78 116.35 116.92 117.50 118.01 118.51 119.13 119.81 120.50 121.13 121.63 121.94 121.99 121.71 121.03 119.90 118.51 117.57 117.20 117.29 117.72 118.40 119.22 120.06 120.83 121.41 121.71 121.56 120.74 119.23 117.18 114.70 111.85 108.69 105.29 101.70 98.01 94.26 90.53 86.87 83.32 79.84 76.41 73.06 69.80 66.67
151.96 151.46 150.57 149.28 147.59 145.50 143.02 140.14 136.86 133.40 129.99 126.69 123.56 120.66 118.04 115.77 113.91 112.50 111.61 111.29 111.47 111.79 112.15 112.55 112.98 113.44 113.92 114.42 114.94 115.47 116.01 116.56 117.22 118.03 118.94 119.88 120.77 121.56 122.17 122.55 122.61 122.31 121.56 120.31 118.76 117.66 117.12 117.05 117.32 117.84 118.49 119.17 119.77 120.19 120.32 120.06 119.35 118.13 116.41 114.23 111.66 108.77 105.63 102.28 98.81 95.27 91.73 88.25 84.87 81.53 78.24 75.02 71.88 68.85
153.11 152.50 151.56 150.29 148.68 146.74 144.47 141.77 138.50 134.75 130.90 127.20 123.72 120.52 117.66 115.18 113.16 111.64 110.69 110.37 110.57 110.92 111.30 111.72 112.15 112.61 113.08 113.57 114.07 114.57 115.09 115.73 116.63 117.74 118.95 120.13 121.23 122.17 122.89 123.33 123.42 123.08 122.26 120.88 119.17 117.91 117.21 116.97 117.08 117.43 117.92 118.43 118.87 119.13 119.09 118.74 118.09 117.11 115.70 113.82 111.54 108.92 106.03 102.93 99.68 96.34 92.99 89.69 86.47 83.28 80.13 77.04 74.02 71.09
154.31 153.52 152.47 151.16 149.57 147.72 145.50 142.79 139.56 135.85 131.76 127.68 123.86 120.36 117.24 114.57 112.39 110.77 109.76 109.43 109.67 110.05 110.45 110.88 111.33 111.79 112.26 112.74 113.22 113.71 114.33 115.22 116.38 117.72 119.18 120.61 121.90 123.00 123.83 124.33 124.43 124.07 123.17 121.67 119.80 118.37 117.51 117.10 117.04 117.22 117.54 117.89 118.16 118.25 118.10 117.72 117.10 116.22 115.04 113.46 111.46 109.11 106.47 103.61 100.58 97.45 94.29 91.16 88.10 85.06 82.05 79.08 76.18 73.36
155.59 154.58 153.36 151.94 150.32 148.39 146.04 143.25 140.04 136.42 132.43 128.16 124.00 120.21 116.84 113.97 111.65 109.93 108.87 108.53 108.80 109.21 109.65 110.10 110.56 111.02 111.49 111.96 112.44 113.05 113.96 115.15 116.54 118.09 119.72 121.35 122.85 124.10 125.04 125.60 125.71 125.31 124.34 122.71 120.68 119.08 118.05 117.47 117.24 117.26 117.41 117.59 117.70 117.65 117.42 117.00 116.38 115.54 114.46 113.11 111.39 109.31 106.92 104.29 101.48 98.56 95.59 92.63 89.73 86.84 83.96 81.12 78.33 75.61
157.02 155.71 154.27 152.69 150.87 148.69 146.14 143.24 140.01 136.46 132.61 128.48 124.19 120.12 116.51 113.44 110.97 109.15 108.05 107.71 108.01 108.47 108.93 109.40 109.88 110.35 110.83 111.30 111.92 112.86 114.09 115.55 117.18 118.92 120.70 122.45 124.10 125.50 126.54 127.16 127.29 126.86 125.80 124.05 121.86 120.09 118.88 118.13 117.73 117.58 117.56 117.57 117.51 117.33 117.01 116.54 115.90 115.07 114.04 112.80 111.30 109.48 107.35 104.95 102.36 99.64 96.86 94.08 91.33 88.58 85.84 83.12 80.45 77.84
158.65 156.99 155.25 153.35 151.16 148.66 145.88 142.84 139.55 136.03 132.30 128.38 124.28 120.12 116.29 113.03 110.41 108.50 107.35 107.01 107.35 107.85 108.34 108.84 109.34 109.83 110.32 110.96 111.93 113.22 114.76 116.49 118.35 120.26 122.18 124.03 125.75 127.25 128.39 129.07 129.21 128.74 127.60 125.72 123.36 121.42 120.05 119.12 118.55 118.23 118.03 117.86 117.62 117.29 116.85 116.30 115.62 114.78 113.78 112.60 111.22 109.61 107.72 105.56 103.19 100.67 98.08 95.46 92.87 90.27 87.66 85.07 82.51 80.00
160.53 158.45 156.27 153.87 151.24 148.39 145.35 142.13 138.75 135.22 131.57 127.82 123.98 120.07 116.20 112.77 110.01 108.01 106.81 106.48 106.87 107.40 107.94 108.47 108.98 109.50 110.17 111.20 112.56 114.19 116.03 118.02 120.09 122.18 124.22 126.16 127.92 129.44 130.63 131.36 131.51 131.00 129.78 127.77 125.25 123.13 121.58 120.49 119.74 119.24 118.84 118.42 117.98 117.47 116.91 116.25 115.50 114.63 113.63 112.49 111.19 109.70 108.02 106.09 103.93 101.62 99.21 96.76 94.33 91.87 89.40 86.92 84.47 82.07
162.70 160.06 157.26 154.30 151.19 147.96 144.62 141.19 137.68 134.12 130.52 126.90 123.28 119.68 116.11 112.70 109.82 107.72 106.49 106.16 106.59 107.18 107.75 108.31 108.87 109.59 110.68 112.12 113.86 115.83 117.96 120.20 122.48 124.73 126.89 128.89 130.68 132.19 133.35 134.08 134.24 133.69 132.38 130.25 127.55 125.26 123.53 122.26 121.34 120.60 119.91 119.24 118.56 117.86 117.13 116.35 115.51 114.59 113.57 112.44 111.19 109.79 108.24 106.51 104.57 102.45 100.23 97.95 95.67 93.35 91.01 88.66 86.32 84.08
165.13 161.75 158.27 154.72 151.10 147.45 143.77 140.09 136.43 132.79 129.21 125.69 122.26 118.93 115.73 112.66 109.85 107.69 106.41 106.10 106.58 107.22 107.83 108.45 109.22 110.39 111.93 113.79 115.89 118.19 120.60 123.08 125.55 127.95 130.22 132.29 134.10 135.59 136.69 137.33 137.43 136.85 135.45 133.18 130.32 127.85 125.94 124.49 123.31 122.23 121.22 120.25 119.32 118.41 117.50 116.57 115.61 114.61 113.55 112.42 111.19 109.86 108.40 106.81 105.06 103.15 101.10 98.99 96.86 94.69 92.48 90.25 88.08 86.07
167.76 163.58 159.38 155.20 151.05 146.94 142.90 138.93 135.07 131.33 127.73 124.28 121.00 117.91 115.03 112.38 109.98 107.94 106.64 106.35 106.88 107.57 108.24 109.09 110.35 112.00 113.99 116.25 118.71 121.32 124.01 126.72 129.37 131.92 134.28 136.41 138.23 139.68 140.70 141.23 141.19 140.51 139.02 136.62 133.58 130.93 128.84 127.11 125.54 124.08 122.72 121.45 120.24 119.08 117.96 116.87 115.77 114.67 113.55 112.38 111.16 109.86 108.48 107.00 105.40 103.67 101.81 99.86 97.89 95.85 93.77 91.72 89.80 88.02
170.64 165.62 160.68 155.84 151.11 146.51 142.06 137.79 133.70 129.82 126.16 122.74 119.58 116.70 114.12 111.85 109.91 108.32 107.20 106.94 107.52 108.28 109.22 110.58 112.35 114.49 116.91 119.56 122.38 125.29 128.24 131.17 134.00 136.67 139.13 141.30 143.12 144.53 145.47 145.86 145.65 144.78 143.14 140.60 137.39 134.55 132.16 129.98 127.97 126.11 124.38 122.77 121.26 119.84 118.50 117.20 115.95 114.73 113.51 112.29 111.05 109.77 108.45 107.05 105.57 104.00 102.31 100.53 98.71 96.82 94.92 93.13 91.45 89.88
173.86 167.97 162.25 156.71 151.37 146.24 141.36 136.74 132.39 128.33 124.58 121.16 118.08 115.38 113.05 111.13 109.62 108.56 107.95 107.91 108.58 109.62 111.09 113.01 115.30 117.90 120.75 123.78 126.94 130.15 133.35 136.49 139.48 142.28 144.81 147.02 148.83 150.19 151.03 151.28 150.89 149.79 147.91 145.17 141.77 138.61 135.72 133.05 130.57 128.28 126.16 124.20 122.37 120.66 119.06 117.55 116.12 114.75 113.42 112.12 110.84 109.55 108.25 106.92 105.54 104.10 102.58 100.97 99.30 97.60 95.97 94.43 92.97 91.60
177.56 170.77 164.22 157.95 151.97 146.29 140.94 135.93 131.28 127.01 123.14 119.68 116.66 114.09 111.99 110.38 109.27 108.69 108.65 109.28 110.83 112.47 114.51 116.94 119.70 122.74 125.98 129.35 132.81 136.28 139.70 143.00 146.12 149.00 151.57 153.77 155.54 156.81 157.51 157.59 156.98 155.61 153.42 150.36 146.63 142.93 139.48 136.29 133.33 130.59 128.06 125.71 123.54 121.52 119.64 117.89 116.26 114.72 113.25 111.86 110.51 109.20 107.90 106.61 105.30 103.97 102.60 101.16 99.66 98.23 96.87 95.55 94.30 93.10
