data_processed/recharge/precip/Precip_1986_03.asc
ncols        168
nrows        136
xllcorner    455000
yllcorner    2107000
cellsize     500
NODATA_value     -99999
[rows 38 to 75 of 136, columns 0 to 83 of 168]
0.08 0.09 0.10 0.10 0.11 0.11 0.11 0.11 0.11 0.11 0.10 0.10 0.09 0.08 0.07 0.06 0.04 0.03 0.01 0.00 0.00 0.00 0.00 0.00 0.01 0.01 0.02 0.03 0.03 0.04 0.05 0.05 0.06 0.06 0.06 0.06 0.06 0.06 0.05 0.05 0.05 0.04 0.04 0.03 0.03 0.03 0.02 0.02 0.02 0.01 0.01 0.01 0.01 0.00 0.00 0.00 0.00 0.00 0.00 0.00 0.00 0.00 0.00 0.00 0.00 0.01 0.02 0.03 0.05 0.06 0.08 0.10 0.12 0.13 0.15 0.16 0.17 0.18 0.19 0.19 0.19 0.19 0.18 0.17
0.10 0.11 0.12 0.12 0.13 0.13 0.13 0.13 0.13 0.13 0.12 0.12 0.11 0.10 0.09 0.08 0.07 0.05 0.04 0.03 0.02 0.02 0.02 0.02 0.03 0.03 0.04 0.04 0.05 0.05 0.06 0.06 0.07 0.07 0.07 0.07 0.07 0.07 0.07 0.06 0.06 0.05 0.05 0.04 0.04 0.03 0.03 0.03 0.02 0.02 0.02 0.01 0.01 0.01 0.01 0.00 0.00 0.00 0.00 0.00 0.00 0.00 0.00 0.00 0.00 0.01 0.02 0.03 0.05 0.06 0.08 0.10 0.12 0.13 0.15 0.16 0.18 0.19 0.20 0.20 0.20 0.20 0.20 0.19
0.12 0.12 0.13 0.14 0.14 0.15 0.15 0.15 0.15 0.15 0.14 0.14 0.13 0.12 0.11 0.10 0.09 0.08 0.06 0.05 0.04 0.04 0.04 0.04 0.04 0.05 0.05 0.05 0.06 0.06 0.07 0.07 0.07 0.08 0.08 0.08 0.08 0.08 0.07 0.07 0.06 0.06 0.05 0.05 0.04 0.04 0.03 0.03 0.03 0.02 0.02 0.02 0.01 0.01 0.01 0.01 0.00 0.00 0.00 0.00 0.00 0.00 0.00 0.00 0.00 0.01 0.02 0.03 0.05 0.06 0.08 0.10 0.11 0.13 0.15 0.16 0.17 0.19 0.20 0.21 0.21 0.21 0.21 0.21
0.13 0.14 0.15 0.15 0.16 0.16 0.17 0.17 0.17 0.17 0.16 0.16 0.15 0.15 0.14 0.13 0.11 0.10 0.09 0.08 0.07 0.06 0.06 0.06 0.06 0.06 0.06 0.06 0.06 0.07 0.07 0.07 0.08 0.08 0.08 0.08 0.08 0.08 0.08 0.08 0.07 0.07 0.06 0.06 0.05 0.04 0.04 0.03 0.03 0.03 0.02 0.02 0.02 0.01 0.01 0.01 0.01 0.00 0.00 0.00 0.00 0.00 0.00 0.00 0.00 0.01 0.02 0.03 0.04 0.05 0.07 0.09 0.10 0.12 0.14 0.15 0.17 0.18 0.19 0.20 0.21 0.22 0.22 0.22
0.15 0.16 0.16 0.17 0.18 0.18 0.18 0.18 0.19 0.19 0.18 0.18 0.18 0.17 0.16 0.15 0.14 0.13 0.11 0.10 0.09 0.08 0.08 0.07 0.07 0.07 0.07 0.07 0.07 0.07 0.08 0.08 0.08 0.08 0.09 0.09 0.09 0.09 0.09 0.08 0.08 0.07 0.07 0.06 0.05 0.05 0.04 0.04 0.03 0.03 0.02 0.02 0.02 0.01 0.01 0.01 0.01 0.00 0.00 0.00 0.00 0.00 0.00 0.00 0.00 0.01 0.01 0.02 0.03 0.04 0.06 0.07 0.09 0.11 0.12 0.14 0.16 0.17 0.19 0.20 0.21 0.22 0.22 0.22
0.16 0.17 0.18 0.19 0.19 0.20 0.20 0.20 0.21 0.21 0.20 0.20 0.20 0.19 0.19 0.18 0.17 0.15 0.14 0.12 0.11 0.10 0.09 0.08 0.08 0.08 0.07 0.07 0.07 0.08 0.08 0.08 0.08 0.08 0.09 0.09 0.09 0.09 0.09 0.09 0.08 0.08 0.08 0.07 0.06 0.06 0.05 0.05 0.04 0.03 0.03 0.02 0.02 0.02 0.01 0.01 0.01 0.00 0.00 0.00 0.00 0.00 0.00 0.00 0.00 0.00 0.01 0.01 0.02 0.03 0.04 0.06 0.07 0.09 0.11 0.12 0.14 0.16 0.17 0.19 0.20 0.21 0.22 0.22
0.19 0.20 0.21 0.21 0.22 0.22 0.23 0.23 0.23 0.23 0.23 0.23 0.23 0.22 0.21 0.21 0.20 0.18 0.16 0.15 0.13 0.12 0.11 0.10 0.09 0.08 0.08 0.08 0.08 0.08 0.08 0.08 0.08 0.08 0.09 0.09 0.09 0.09 0.09 0.09 0.09 0.10 0.10 0.09 0.08 0.08 0.07 0.06 0.05 0.05 0.04 0.03 0.03 0.02 0.02 0.01 0.01 0.01 0.00 0.00 0.00 0.00 0.00 0.00 0.00 0.00 0.00 0.00 0.01 0.02 0.03 0.04 0.06 0.07 0.09 0.11 0.12 0.14 0.16 0.17 0.19 0.20 0.21 0.22
0.22 0.23 0.24 0.24 0.25 0.26 0.26 0.26 0.26 0.26 0.26 0.26 0.26 0.25 0.25 0.24 0.23 0.21 0.19 0.17 0.15 0.13 0.12 0.11 0.10 0.09 0.09 0.08 0.08 0.08 0.08 0.08 0.08 0.08 0.08 0.09 0.09 0.09 0.09 0.09 0.10 0.12 0.12 0.12 0.11 0.10 0.09 0.08 0.08 0.07 0.06 0.05 0.04 0.04 0.03 0.02 0.02 0.01 0.01 0.00 0.00 0.00 0.00 0.00 0.00 0.00 0.00 0.00 0.00 0.01 0.02 0.03 0.04 0.06 0.07 0.09 0.11 0.12 0.14 0.16 0.17 0.19 0.20 0.21
0.26 0.27 0.28 0.28 0.29 0.29 0.30 0.30 0.30 0.30 0.30 0.30 0.29 0.29 0.28 0.27 0.26 0.24 0.21 0.19 0.17 0.15 0.13 0.12 0.11 0.10 0.09 0.09 0.08 0.08 0.08 0.08 0.08 0.08 0.08 0.08 0.08 0.09 0.09 0.10 0.12 0.14 0.15 0.16 0.15 0.14 0.13 0.11 0.10 0.09 0.08 0.07 0.06 0.05 0.04 0.03 0.02 0.02 0.01 0.00 0.00 0.00 0.00 0.00 0.00 0.00 0.00 0.00 0.00 0.00 0.01 0.02 0.03 0.04 0.06 0.07 0.09 0.11 0.12 0.14 0.16 0.17 0.19 0.20
0.31 0.32 0.32 0.33 0.33 0.34 0.34 0.34 0.34 0.34 0.34 0.34 0.34 0.33 0.32 0.31 0.29 0.26 0.24 0.21 0.19 0.17 0.15 0.13 0.12 0.11 0.10 0.09 0.09 0.08 0.08 0.08 0.08 0.08 0.08 0.08 0.08 0.09 0.10 0.11 0.14 0.16 0.19 0.19 0.19 0.18 0.16 0.15 0.13 0.12 0.10 0.09 0.08 0.06 0.05 0.04 0.03 0.02 0.01 0.00 0.00 0.00 0.00 0.00 0.00 0.00 0.00 0.00 0.00 0.00 0.00 0.01 0.02 0.03 0.04 0.06 0.07 0.09 0.11 0.12 0.14 0.16 0.17 0.19
0.37 0.37 0.38 0.38 0.39 0.39 0.39 0.39 0.39 0.39 0.39 0.39 0.38 0.37 0.36 0.34 0.31 0.29 0.26 0.23 0.21 0.19 0.17 0.15 0.13 0.12 0.11 0.10 0.09 0.08 0.08 0.08 0.07 0.07 0.07 0.08 0.08 0.09 0.11 0.13 0.16 0.19 0.22 0.23 0.23 0.22 0.20 0.18 0.16 0.15 0.13 0.11 0.09 0.08 0.06 0.04 0.03 0.01 0.00 0.00 0.00 0.00 0.00 0.00 0.00 0.00 0.00 0.00 0.00 0.00 0.00 0.00 0.01 0.02 0.03 0.04 0.06 0.07 0.09 0.11 0.12 0.14 0.16 0.18
0.44 0.44 0.44 0.44 0.45 0.45 0.45 0.45 0.45 0.45 0.44 0.44 0.43 0.42 0.40 0.37 0.34 0.31 0.28 0.25 0.23 0.20 0.18 0.16 0.14 0.13 0.11 0.10 0.09 0.09 0.08 0.08 0.07 0.07 0.07 0.08 0.08 0.10 0.12 0.15 0.19 0.23 0.26 0.27 0.27 0.26 0.24 0.22 0.20 0.17 0.15 0.13 0.11 0.08 0.06 0.04 0.02 0.01 0.00 0.00 0.00 0.00 0.00 0.00 0.00 0.00 0.00 0.00 0.00 0.00 0.00 0.00 0.00 0.01 0.02 0.03 0.04 0.06 0.07 0.09 0.11 0.13 0.15 0.17
0.53 0.52 0.51 0.51 0.51 0.51 0.51 0.51 0.51 0.51 0.50 0.49 0.48 0.46 0.43 0.40 0.37 0.34 0.31 0.28 0.25 0.22 0.20 0.18 0.16 0.14 0.12 0.11 0.10 0.09 0.08 0.08 0.07 0.07 0.07 0.08 0.09 0.11 0.14 0.18 0.22 0.26 0.30 0.31 0.31 0.30 0.28 0.26 0.23 0.20 0.17 0.14 0.12 0.09 0.06 0.04 0.01 0.00 0.00 0.00 0.00 0.00 0.00 0.00 0.00 0.00 0.00 0.00 0.00 0.00 0.00 0.00 0.00 0.00 0.01 0.02 0.03 0.04 0.06 0.07 0.09 0.11 0.13 0.15
0.63 0.61 0.60 0.59 0.59 0.59 0.58 0.58 0.58 0.57 0.56 0.55 0.53 0.50 0.47 0.43 0.40 0.36 0.33 0.30 0.27 0.24 0.21 0.19 0.17 0.15 0.13 0.12 0.10 0.09 0.08 0.08 0.07 0.07 0.08 0.09 0.11 0.13 0.16 0.20 0.25 0.30 0.34 0.35 0.36 0.34 0.32 0.29 0.26 0.22 0.19 0.15 0.12 0.09 0.05 0.02 0.00 0.00 0.00 0.00 0.00 0.00 0.00 0.00 0.00 0.00 0.00 0.00 0.00 0.00 0.00 0.00 0.00 0.00 0.00 0.01 0.02 0.03 0.04 0.06 0.08 0.10 0.12 0.14
0.74 0.71 0.69 0.68 0.67 0.67 0.66 0.66 0.65 0.64 0.62 0.60 0.57 0.54 0.50 0.47 0.43 0.39 0.35 0.32 0.29 0.26 0.23 0.20 0.18 0.16 0.14 0.12 0.11 0.10 0.09 0.08 0.07 0.08 0.09 0.10 0.12 0.15 0.19 0.23 0.28 0.33 0.38 0.40 0.40 0.39 0.36 0.32 0.28 0.24 0.19 0.15 0.11 0.07 0.04 0.00 0.00 0.00 0.00 0.00 0.00 0.00 0.00 0.00 0.00 0.00 0.00 0.00 0.00 0.00 0.00 0.00 0.00 0.00 0.00 0.00 0.01 0.02 0.03 0.05 0.06 0.09 0.11 0.13
0.86 0.83 0.80 0.78 0.76 0.75 0.75 0.74 0.73 0.71 0.68 0.65 0.62 0.58 0.54 0.50 0.45 0.41 0.38 0.34 0.31 0.27 0.25 0.22 0.20 0.17 0.15 0.13 0.12 0.10 0.09 0.08 0.08 0.09 0.10 0.12 0.15 0.18 0.22 0.26 0.32 0.37 0.42 0.44 0.44 0.43 0.40 0.36 0.31 0.25 0.20 0.15 0.10 0.05 0.01 0.00 0.00 0.00 0.00 0.00 0.00 0.00 0.00 0.00 0.00 0.00 0.00 0.00 0.00 0.00 0.00 0.00 0.00 0.00 0.00 0.00 0.01 0.01 0.02 0.04 0.06 0.08 0.10 0.12
0.99 0.95 0.92 0.89 0.87 0.85 0.84 0.83 0.80 0.78 0.74 0.70 0.66 0.62 0.57 0.53 0.48 0.44 0.40 0.36 0.32 0.29 0.26 0.23 0.21 0.19 0.16 0.15 0.13 0.11 0.10 0.09 0.10 0.10 0.12 0.14 0.17 0.20 0.25 0.30 0.35 0.41 0.46 0.48 0.48 0.46 0.43 0.38 0.33 0.27 0.20 0.14 0.08 0.02 0.00 0.00 0.00 0.00 0.00 0.00 0.00 0.00 0.00 0.00 0.00 0.00 0.00 0.00 0.00 0.00 0.00 0.00 0.00 0.00 0.00 0.00 0.00 0.01 0.02 0.03 0.05 0.07 0.09 0.11
1.13 1.09 1.05 1.01 0.99 0.96 0.94 0.91 0.88 0.84 0.80 0.75 0.71 0.66 0.61 0.56 0.51 0.46 0.42 0.38 0.34 0.31 0.28 0.25 0.22 0.20 0.18 0.16 0.14 0.12 0.11 0.11 0.11 0.12 0.14 0.16 0.20 0.23 0.28 0.33 0.39 0.45 0.50 0.52 0.52 0.50 0.46 0.41 0.35 0.27 0.20 0.12 0.05 0.00 0.00 0.00 0.00 0.00 0.00 0.00 0.00 0.00 0.00 0.00 0.00 0.00 0.00 0.00 0.00 0.00 0.00 0.00 0.00 0.00 0.00 0.00 0.01 0.01 0.02 0.03 0.05 0.07 0.08 0.11
1.27 1.22 1.18 1.14 1.11 1.08 1.04 1.00 0.95 0.91 0.86 0.80 0.75 0.70 0.64 0.59 0.53 0.49 0.44 0.40 0.36 0.33 0.30 0.27 0.24 0.21 0.19 0.17 0.15 0.14 0.13 0.13 0.14 0.15 0.17 0.19 0.22 0.26 0.31 0.36 0.42 0.49 0.54 0.56 0.56 0.53 0.49 0.43 0.36 0.28 0.19 0.10 0.03 0.00 0.00 0.00 0.00 0.00 0.00 0.00 0.00 0.00 0.00 0.00 0.00 0.00 0.00 0.00 0.00 0.00 0.00 0.00 0.00 0.00 0.00 0.01 0.01 0.02 0.03 0.04 0.05 0.06 0.08 0.10
1.40 1.36 1.31 1.27 1.23 1.19 1.14 1.08 1.03 0.97 0.91 0.85 0.79 0.73 0.67 0.62 0.56 0.51 0.47 0.42 0.38 0.35 0.31 0.28 0.25 0.23 0.20 0.18 0.17 0.16 0.15 0.15 0.16 0.17 0.19 0.22 0.25 0.29 0.34 0.40 0.46 0.53 0.58 0.60 0.59 0.56 0.52 0.45 0.37 0.28 0.18 0.10 0.03 0.00 0.00 0.00 0.00 0.00 0.00 0.00 0.00 0.00 0.00 0.00 0.00 0.00 0.00 0.00 0.00 0.00 0.00 0.00 0.00 0.00 0.01 0.01 0.02 0.03 0.04 0.04 0.05 0.06 0.08 0.09
1.54 1.49 1.45 1.40 1.35 1.29 1.23 1.17 1.10 1.04 0.97 0.90 0.84 0.77 0.71 0.65 0.59 0.53 0.49 0.44 0.40 0.37 0.33 0.30 0.27 0.24 0.22 0.20 0.19 0.18 0.18 0.18 0.19 0.20 0.22 0.25 0.29 0.33 0.38 0.43 0.49 0.56 0.61 0.63 0.63 0.59 0.54 0.46 0.37 0.28 0.18 0.10 0.03 0.00 0.00 0.00 0.00 0.00 0.00 0.00 0.00 0.00 0.00 0.00 0.00 0.00 0.00 0.00 0.00 0.00 0.00 0.00 0.00 0.01 0.01 0.02 0.03 0.04 0.05 0.05 0.06 0.07 0.08 0.09
1.67 1.63 1.58 1.52 1.46 1.39 1.32 1.25 1.18 1.10 1.03 0.95 0.88 0.81 0.74 0.67 0.61 0.56 0.51 0.47 0.42 0.39 0.35 0.32 0.29 0.26 0.24 0.22 0.21 0.20 0.20 0.21 0.22 0.23 0.25 0.28 0.32 0.36 0.41 0.47 0.53 0.60 0.65 0.67 0.65 0.62 0.55 0.47 0.38 0.29 0.20 0.12 0.05 0.00 0.00 0.00 0.00 0.00 0.00 0.00 0.00 0.00 0.00 0.00 0.00 0.00 0.00 0.00 0.00 0.00 0.00 0.00 0.01 0.02 0.02 0.03 0.04 0.05 0.06 0.06 0.07 0.08 0.08 0.09
1.80 1.75 1.69 1.63 1.56 1.49 1.41 1.33 1.25 1.16 1.08 1.00 0.92 0.85 0.77 0.70 0.64 0.58 0.53 0.49 0.44 0.40 0.37 0.33 0.30 0.28 0.26 0.24 0.23 0.23 0.23 0.23 0.25 0.26 0.29 0.31 0.35 0.39 0.44 0.50 0.56 0.63 0.68 0.70 0.68 0.63 0.57 0.48 0.40 0.31 0.23 0.16 0.09 0.02 0.00 0.00 0.00 0.00 0.00 0.00 0.00 0.00 0.00 0.00 0.00 0.00 0.00 0.00 0.00 0.00 0.00 0.01 0.02 0.02 0.03 0.04 0.05 0.06 0.07 0.07 0.08 0.08 0.09 0.09
1.91 1.86 1.79 1.72 1.65 1.57 1.48 1.40 1.31 1.22 1.14 1.05 0.96 0.88 0.81 0.73 0.67 0.61 0.56 0.51 0.47 0.42 0.39 0.35 0.32 0.30 0.28 0.27 0.26 0.25 0.26 0.26 0.28 0.29 0.32 0.35 0.38 0.42 0.47 0.53 0.59 0.66 0.71 0.72 0.70 0.65 0.58 0.51 0.43 0.35 0.28 0.20 0.14 0.07 0.02 0.00 0.00 0.00 0.00 0.00 0.00 0.00 0.00 0.00 0.00 0.00 0.00 0.00 0.00 0.00 0.01 0.02 0.03 0.03 0.04 0.05 0.06 0.07 0.08 0.08 0.09 0.09 0.09 0.09
2.00 1.94 1.87 1.80 1.72 1.63 1.55 1.46 1.37 1.27 1.18 1.09 1.00 0.92 0.84 0.76 0.69 0.63 0.58 0.53 0.49 0.45 0.41 0.37 0.35 0.32 0.30 0.29 0.28 0.28 0.28 0.29 0.30 0.32 0.35 0.38 0.41 0.45 0.50 0.56 0.62 0.69 0.73 0.74 0.72 0.67 0.61 0.55 0.48 0.41 0.34 0.27 0.20 0.14 0.08 0.03 0.00 0.00 0.00 0.00 0.00 0.00 0.00 0.00 0.00 0.00 0.00 0.00 0.00 0.01 0.02 0.03 0.04 0.05 0.06 0.07 0.07 0.08 0.09 0.09 0.10 0.10 0.10 0.09
2.07 2.01 1.94 1.86 1.78 1.69 1.60 1.50 1.41 1.32 1.22 1.13 1.04 0.95 0.87 0.79 0.72 0.66 0.60 0.55 0.51 0.47 0.43 0.40 0.37 0.35 0.33 0.32 0.31 0.31 0.31 0.32 0.33 0.35 0.37 0.40 0.44 0.48 0.53 0.58 0.64 0.71 0.75 0.76 0.74 0.70 0.66 0.61 0.55 0.49 0.42 0.36 0.29 0.23 0.17 0.11 0.06 0.02 0.00 0.00 0.00 0.00 0.00 0.00 0.00 0.00 0.00 0.01 0.01 0.02 0.03 0.04 0.05 0.06 0.07 0.08 0.09 0.09 0.10 0.10 0.11 0.10 0.10 0.09
2.12 2.05 1.98 1.90 1.81 1.72 1.63 1.54 1.44 1.35 1.25 1.16 1.07 0.98 0.90 0.82 0.75 0.68 0.63 0.58 0.53 0.49 0.45 0.42 0.39 0.37 0.35 0.34 0.33 0.33 0.33 0.34 0.35 0.37 0.40 0.43 0.46 0.50 0.55 0.60 0.66 0.73 0.77 0.78 0.77 0.75 0.72 0.69 0.64 0.58 0.53 0.46 0.40 0.33 0.27 0.21 0.15 0.10 0.06 0.02 0.00 0.00 0.00 0.00 0.00 0.00 0.01 0.01 0.02 0.03 0.04 0.05 0.06 0.07 0.08 0.09 0.10 0.11 0.11 0.11 0.11 0.11 0.10 0.09
2.14 2.07 1.99 1.91 1.83 1.74 1.65 1.55 1.46 1.36 1.27 1.18 1.09 1.00 0.92 0.84 0.77 0.71 0.65 0.60 0.56 0.51 0.48 0.45 0.42 0.40 0.38 0.36 0.36 0.35 0.36 0.36 0.38 0.39 0.42 0.45 0.48 0.52 0.57 0.62 0.68 0.74 0.79 0.82 0.83 0.83 0.81 0.79 0.75 0.70 0.65 0.59 0.53 0.46 0.40 0.33 0.27 0.21 0.15 0.10 0.06 0.03 0.01 0.00 0.00 0.01 0.01 0.02 0.03 0.04 0.05 0.06 0.07 0.09 0.09 0.10 0.11 0.12 0.12 0.12 0.12 0.11 0.10 0.09
2.14 2.07 2.00 1.92 1.83 1.74 1.65 1.56 1.47 1.37 1.28 1.19 1.10 1.02 0.94 0.86 0.79 0.73 0.67 0.62 0.58 0.53 0.50 0.46 0.44 0.41 0.40 0.38 0.37 0.37 0.37 0.38 0.39 0.41 0.43 0.46 0.49 0.53 0.58 0.63 0.69 0.75 0.82 0.87 0.90 0.91 0.91 0.90 0.87 0.83 0.79 0.73 0.67 0.61 0.54 0.47 0.40 0.33 0.27 0.20 0.15 0.10 0.06 0.03 0.01 0.01 0.02 0.03 0.04 0.05 0.06 0.08 0.09 0.10 0.11 0.11 0.12 0.12 0.12 0.12 0.12 0.11 0.10 0.08
2.14 2.08 2.00 1.92 1.84 1.75 1.66 1.57 1.48 1.39 1.29 1.20 1.12 1.03 0.96 0.88 0.82 0.75 0.69 0.63 0.58 0.54 0.50 0.47 0.44 0.42 0.40 0.39 0.38 0.37 0.38 0.38 0.39 0.41 0.43 0.46 0.49 0.53 0.57 0.62 0.68 0.75 0.82 0.89 0.94 0.97 0.99 0.99 0.98 0.95 0.91 0.86 0.81 0.74 0.68 0.60 0.53 0.46 0.38 0.31 0.24 0.18 0.12 0.07 0.03 0.01 0.01 0.02 0.04 0.05 0.07 0.08 0.09 0.10 0.11 0.12 0.13 0.13 0.13 0.13 0.12 0.11 0.10 0.08
2.16 2.09 2.02 1.94 1.86 1.77 1.68 1.59 1.50 1.41 1.31 1.23 1.14 1.06 0.98 0.91 0.84 0.77 0.70 0.63 0.58 0.54 0.50 0.47 0.44 0.41 0.39 0.38 0.37 0.36 0.36 0.37 0.38 0.39 0.42 0.44 0.47 0.51 0.55 0.61 0.67 0.74 0.81 0.89 0.96 1.01 1.05 1.06 1.06 1.05 1.02 0.98 0.93 0.87 0.80 0.73 0.65 0.57 0.49 0.41 0.33 0.26 0.18 0.12 0.06 0.01 0.00 0.01 0.02 0.04 0.06 0.07 0.09 0.10 0.11 0.12 0.13 0.13 0.14 0.13 0.13 0.12 0.10 0.08
2.19 2.12 2.04 1.96 1.88 1.79 1.70 1.61 1.52 1.43 1.34 1.25 1.17 1.08 1.01 0.93 0.85 0.78 0.70 0.63 0.57 0.52 0.48 0.45 0.42 0.39 0.37 0.36 0.34 0.34 0.34 0.34 0.35 0.37 0.39 0.41 0.44 0.48 0.52 0.58 0.64 0.71 0.79 0.87 0.95 1.02 1.07 1.11 1.12 1.12 1.11 1.08 1.04 0.98 0.92 0.85 0.77 0.69 0.60 0.51 0.43 0.34 0.25 0.17 0.09 0.03 0.00 0.00 0.00 0.02 0.04 0.06 0.08 0.10 0.11 0.12 0.13 0.14 0.14 0.14 0.14 0.13 0.11 0.09
2.22 2.15 2.08 2.00 1.91 1.82 1.73 1.64 1.55 1.46 1.37 1.28 1.20 1.11 1.03 0.95 0.86 0.78 0.70 0.62 0.55 0.50 0.45 0.41 0.38 0.36 0.34 0.32 0.31 0.30 0.30 0.30 0.31 0.32 0.34 0.37 0.40 0.43 0.48 0.54 0.61 0.68 0.76 0.84 0.92 1.00 1.07 1.13 1.16 1.18 1.18 1.16 1.13 1.08 1.02 0.96 0.88 0.80 0.71 0.61 0.52 0.42 0.32 0.22 0.13 0.05 0.00 0.00 0.00 0.00 0.02 0.04 0.07 0.09 0.11 0.12 0.14 0.15 0.15 0.15 0.15 0.14 0.13 0.11
2.27 2.19 2.12 2.04 1.95 1.86 1.77 1.68 1.58 1.49 1.40 1.31 1.23 1.14 1.05 0.96 0.87 0.77 0.69 0.61 0.54 0.47 0.41 0.37 0.34 0.31 0.29 0.27 0.26 0.25 0.25 0.25 0.26 0.27 0.29 0.31 0.34 0.38 0.43 0.49 0.57 0.64 0.73 0.81 0.89 0.97 1.05 1.12 1.18 1.21 1.22 1.22 1.20 1.16 1.11 1.05 0.98 0.89 0.80 0.71 0.60 0.50 0.39 0.28 0.17 0.07 0.01 0.00 0.00 0.00 0.00 0.02 0.05 0.08 0.10 0.13 0.14 0.16 0.17 0.17 0.17 0.17 0.16 0.14
2.31 2.24 2.16 2.08 1.99 1.90 1.81 1.72 1.62 1.53 1.44 1.35 1.26 1.16 1.06 0.96 0.86 0.77 0.68 0.59 0.51 0.44 0.38 0.33 0.29 0.26 0.23 0.21 0.20 0.19 0.19 0.19 0.19 0.20 0.22 0.24 0.28 0.32 0.38 0.44 0.52 0.60 0.68 0.77 0.85 0.93 1.02 1.09 1.17 1.22 1.25 1.26 1.25 1.23 1.19 1.13 1.06 0.98 0.89 0.79 0.69 0.57 0.46 0.34 0.22 0.11 0.03 0.00 0.00 0.00 0.00 0.00 0.04 0.07 0.10 0.13 0.16 0.18 0.19 0.20 0.21 0.21 0.20 0.18
2.37 2.30 2.22 2.13 2.04 1.95 1.85 1.76 1.66 1.57 1.47 1.38 1.28 1.17 1.06 0.96 0.85 0.75 0.66 0.57 0.49 0.41 0.34 0.28 0.23 0.19 0.17 0.15 0.13 0.12 0.11 0.11 0.12 0.13 0.14 0.17 0.21 0.26 0.32 0.39 0.46 0.54 0.63 0.72 0.80 0.89 0.97 1.05 1.13 1.20 1.25 1.28 1.29 1.27 1.24 1.20 1.14 1.06 0.97 0.87 0.76 0.65 0.52 0.39 0.27 0.15 0.06 0.00 0.00 0.00 0.00 0.00 0.03 0.07 0.11 0.14 0.17 0.20 0.22 0.24 0.25 0.25 0.24 0.22
2.42 2.35 2.27 2.19 2.09 2.00 1.90 1.80 1.70 1.61 1.51 1.40 1.29 1.17 1.06 0.95 0.84 0.73 0.64 0.55 0.46 0.38 0.30 0.23 0.17 0.13 0.09 0.07 0.05 0.04 0.03 0.03 0.03 0.04 0.06 0.10 0.14 0.19 0.26 0.33 0.40 0.49 0.57 0.66 0.75 0.83 0.92 1.00 1.08 1.16 1.23 1.27 1.30 1.30 1.28 1.25 1.20 1.13 1.04 0.94 0.83 0.71 0.59 0.45 0.32 0.19 0.10 0.03 0.00 0.00 0.00 0.00 0.02 0.07 0.12 0.16 0.20 0.23 0.26 0.29 0.30 0.30 0.29 0.27
2.48 2.41 2.33 2.24 2.15 2.05 1.95 1.85 1.75 1.64 1.53 1.41 1.29 1.17 1.05 0.93 0.82 0.71 0.62 0.52 0.43 0.34 0.26 0.18 0.12 0.06 0.01 0.00 0.00 0.00 0.00 0.00 0.00 0.00 0.00 0.02 0.07 0.12 0.19 0.26 0.34 0.42 0.51 0.60 0.69 0.78 0.86 0.95 1.03 1.11 1.18 1.24 1.29 1.31 1.30 1.28 1.24 1.18 1.10 1.00 0.89 0.78 0.65 0.51 0.37 0.24 0.14 0.07 0.02 0.00 0.00 0.00 0.03 0.08 0.13 0.18 0.23 0.28 0.31 0.34 0.35 0.35 0.34 0.32
