data_processed/recharge/precip/Precip_2011_12.asc
ncols        168
nrows        136
xllcorner    455000
yllcorner    2107000
cellsize     500
NODATA_value     -99999
[rows 38 to 75 of 136, columns 0 to 83 of 168]
3.88 3.42 3.04 2.72 2.47 2.28 2.16 2.09 2.04 1.98 1.91 1.82 1.73 1.62 1.48 1.33 1.16 0.99 0.82 0.66 0.51 0.39 0.30 0.22 0.15 0.09 0.04 0.00 0.00 0.00 0.00 0.00 0.00 0.00 0.00 0.00 0.00 0.00 0.00 0.02 0.08 0.14 0.20 0.26 0.32 0.38 0.44 0.49 0.53 0.57 0.59 0.61 0.62 0.61 0.60 0.58 0.55 0.52 0.47 0.43 0.38 0.33 0.28 0.24 0.19 0.15 0.10 0.06 0.02 0.00 0.00 0.00 0.00 0.00 0.00 0.00 0.00 0.00 0.00 0.00 0.00 0.00 0.00 0.00
4.20 3.71 3.28 2.92 2.63 2.40 2.22 2.11 2.04 1.99 1.94 1.86 1.77 1.65 1.50 1.34 1.16 0.99 0.82 0.66 0.51 0.39 0.30 0.22 0.16 0.10 0.05 0.00 0.00 0.00 0.00 0.00 0.00 0.00 0.00 0.00 0.00 0.00 0.00 0.00 0.05 0.10 0.16 0.22 0.28 0.33 0.39 0.44 0.49 0.53 0.56 0.58 0.59 0.59 0.58 0.57 0.54 0.51 0.47 0.42 0.38 0.33 0.28 0.23 0.19 0.14 0.10 0.06 0.02 0.00 0.00 0.00 0.00 0.00 0.00 0.00 0.00 0.00 0.00 0.00 0.00 0.00 0.00 0.00
4.53 4.02 3.57 3.18 2.85 2.58 2.36 2.21 2.10 2.04 1.99 1.92 1.81 1.68 1.52 1.35 1.17 0.99 0.82 0.66 0.51 0.39 0.30 0.23 0.17 0.12 0.07 0.02 0.00 0.00 0.00 0.00 0.00 0.00 0.00 0.00 0.00 0.00 0.00 0.00 0.02 0.07 0.12 0.17 0.23 0.29 0.34 0.40 0.45 0.49 0.52 0.54 0.55 0.56 0.55 0.54 0.52 0.49 0.46 0.42 0.37 0.32 0.27 0.23 0.18 0.14 0.10 0.06 0.02 0.00 0.00 0.00 0.00 0.00 0.00 0.00 0.00 0.00 0.00 0.00 0.00 0.00 0.00 0.00
4.89 4.36 3.89 3.48 3.12 2.82 2.58 2.39 2.24 2.15 2.07 1.98 1.87 1.72 1.55 1.38 1.19 1.01 0.83 0.66 0.52 0.40 0.31 0.24 0.18 0.13 0.08 0.04 0.01 0.00 0.00 0.00 0.00 0.00 0.00 0.00 0.00 0.00 0.00 0.00 0.00 0.04 0.08 0.13 0.19 0.24 0.30 0.35 0.40 0.44 0.48 0.50 0.51 0.52 0.52 0.51 0.49 0.47 0.44 0.40 0.36 0.31 0.27 0.22 0.18 0.13 0.09 0.05 0.02 0.00 0.00 0.00 0.00 0.00 0.00 0.00 0.00 0.00 0.00 0.00 0.00 0.00 0.00 0.00
5.26 4.72 4.24 3.81 3.44 3.12 2.86 2.64 2.47 2.32 2.18 2.06 1.92 1.77 1.59 1.40 1.21 1.02 0.84 0.67 0.52 0.41 0.32 0.26 0.20 0.15 0.11 0.07 0.03 0.00 0.00 0.00 0.00 0.00 0.00 0.00 0.00 0.00 0.00 0.00 0.00 0.01 0.05 0.10 0.14 0.20 0.25 0.30 0.35 0.40 0.43 0.46 0.47 0.48 0.48 0.48 0.46 0.44 0.41 0.38 0.34 0.30 0.26 0.21 0.17 0.13 0.09 0.05 0.02 0.00 0.00 0.00 0.00 0.00 0.00 0.00 0.00 0.00 0.00 0.00 0.00 0.00 0.00 0.00
5.64 5.10 4.62 4.19 3.81 3.48 3.20 2.96 2.74 2.54 2.34 2.15 1.99 1.82 1.63 1.44 1.24 1.04 0.86 0.69 0.54 0.42 0.34 0.28 0.22 0.17 0.13 0.09 0.06 0.03 0.01 0.00 0.00 0.00 0.00 0.00 0.00 0.00 0.00 0.00 0.00 0.00 0.02 0.06 0.10 0.15 0.20 0.26 0.31 0.35 0.38 0.41 0.43 0.44 0.44 0.43 0.42 0.40 0.38 0.35 0.32 0.28 0.25 0.20 0.16 0.13 0.09 0.05 0.02 0.00 0.00 0.00 0.00 0.00 0.00 0.00 0.00 0.00 0.00 0.00 0.00 0.00 0.00 0.00
6.02 5.49 5.02 4.59 4.21 3.88 3.59 3.32 3.05 2.79 2.53 2.30 2.08 1.88 1.68 1.48 1.27 1.07 0.88 0.70 0.55 0.44 0.35 0.30 0.25 0.20 0.16 0.12 0.09 0.06 0.04 0.02 0.00 0.00 0.00 0.00 0.00 0.00 0.00 0.00 0.00 0.00 0.00 0.03 0.07 0.11 0.16 0.21 0.26 0.30 0.33 0.36 0.38 0.39 0.39 0.39 0.38 0.36 0.34 0.32 0.29 0.26 0.23 0.20 0.16 0.12 0.09 0.06 0.02 0.00 0.00 0.00 0.00 0.00 0.00 0.00 0.00 0.00 0.00 0.00 0.00 0.00 0.00 0.00
6.40 5.89 5.43 5.02 4.65 4.32 4.01 3.69 3.37 3.06 2.76 2.47 2.20 1.96 1.73 1.52 1.31 1.10 0.90 0.73 0.58 0.46 0.38 0.32 0.27 0.23 0.19 0.15 0.12 0.10 0.07 0.05 0.03 0.02 0.00 0.00 0.00 0.00 0.00 0.00 0.00 0.00 0.00 0.00 0.03 0.07 0.12 0.16 0.21 0.25 0.29 0.31 0.33 0.34 0.34 0.34 0.33 0.31 0.30 0.28 0.26 0.24 0.21 0.18 0.15 0.12 0.09 0.06 0.03 0.00 0.00 0.00 0.00 0.00 0.00 0.00 0.00 0.00 0.00 0.00 0.00 0.00 0.00 0.00
6.78 6.29 5.85 5.46 5.11 4.77 4.41 4.06 3.70 3.35 3.01 2.68 2.36 2.07 1.81 1.57 1.35 1.13 0.93 0.75 0.60 0.48 0.40 0.35 0.30 0.26 0.22 0.19 0.16 0.13 0.11 0.08 0.06 0.04 0.02 0.00 0.00 0.00 0.00 0.00 0.00 0.00 0.00 0.00 0.01 0.04 0.08 0.12 0.17 0.21 0.24 0.26 0.28 0.29 0.29 0.28 0.28 0.27 0.26 0.25 0.23 0.21 0.19 0.17 0.15 0.12 0.10 0.07 0.04 0.02 0.00 0.00 0.00 0.00 0.00 0.00 0.00 0.00 0.00 0.00 0.00 0.00 0.00 0.00
7.14 6.69 6.29 5.92 5.56 5.18 4.80 4.41 4.02 3.64 3.26 2.89 2.54 2.21 1.91 1.63 1.39 1.17 0.97 0.78 0.63 0.51 0.43 0.38 0.33 0.29 0.25 0.22 0.19 0.16 0.14 0.11 0.09 0.06 0.04 0.02 0.00 0.00 0.00 0.00 0.00 0.00 0.00 0.00 0.00 0.01 0.04 0.08 0.12 0.16 0.19 0.21 0.22 0.23 0.23 0.23 0.23 0.22 0.22 0.21 0.20 0.19 0.17 0.16 0.14 0.12 0.10 0.08 0.06 0.04 0.02 0.00 0.00 0.00 0.00 0.00 0.00 0.00 0.00 0.00 0.00 0.00 0.00 0.00
7.48 7.08 6.71 6.34 5.96 5.57 5.16 4.74 4.33 3.91 3.51 3.11 2.73 2.37 2.03 1.73 1.45 1.21 1.00 0.82 0.66 0.54 0.46 0.41 0.37 0.33 0.29 0.26 0.23 0.20 0.17 0.14 0.11 0.09 0.06 0.04 0.02 0.00 0.00 0.00 0.00 0.00 0.00 0.00 0.00 0.00 0.01 0.05 0.08 0.12 0.14 0.16 0.17 0.18 0.18 0.18 0.18 0.18 0.18 0.18 0.17 0.16 0.16 0.15 0.14 0.12 0.11 0.09 0.08 0.06 0.05 0.03 0.02 0.01 0.00 0.00 0.00 0.00 0.00 0.00 0.00 0.00 0.00 0.00
7.80 7.44 7.09 6.71 6.31 5.90 5.47 5.04 4.60 4.16 3.74 3.32 2.91 2.53 2.17 1.83 1.53 1.27 1.04 0.85 0.69 0.57 0.50 0.45 0.40 0.36 0.33 0.29 0.26 0.23 0.20 0.16 0.14 0.11 0.08 0.06 0.03 0.01 0.00 0.00 0.00 0.00 0.00 0.00 0.00 0.00 0.00 0.01 0.05 0.08 0.10 0.11 0.12 0.13 0.13 0.14 0.14 0.14 0.15 0.15 0.15 0.14 0.14 0.14 0.13 0.13 0.12 0.11 0.10 0.09 0.08 0.07 0.06 0.06 0.05 0.05 0.04 0.03 0.03 0.02 0.03 0.03 0.04 0.05
8.08 7.75 7.39 7.00 6.59 6.17 5.73 5.28 4.83 4.38 3.94 3.50 3.08 2.68 2.30 1.95 1.63 1.34 1.10 0.89 0.73 0.61 0.53 0.49 0.44 0.40 0.37 0.33 0.29 0.26 0.22 0.19 0.16 0.13 0.10 0.07 0.05 0.02 0.00 0.00 0.00 0.00 0.00 0.00 0.00 0.00 0.00 0.00 0.02 0.04 0.06 0.07 0.08 0.08 0.09 0.10 0.11 0.11 0.12 0.12 0.13 0.13 0.13 0.13 0.13 0.13 0.13 0.13 0.13 0.12 0.12 0.11 0.11 0.11 0.11 0.11 0.11 0.11 0.11 0.11 0.12 0.13 0.15 0.16
8.29 7.96 7.60 7.21 6.79 6.36 5.92 5.47 5.01 4.55 4.10 3.66 3.22 2.81 2.42 2.05 1.72 1.42 1.16 0.94 0.77 0.65 0.57 0.53 0.48 0.44 0.40 0.36 0.32 0.29 0.25 0.21 0.18 0.15 0.12 0.09 0.06 0.03 0.01 0.00 0.00 0.00 0.00 0.00 0.00 0.00 0.00 0.00 0.00 0.01 0.02 0.03 0.04 0.05 0.06 0.07 0.08 0.09 0.10 0.10 0.11 0.12 0.13 0.13 0.14 0.14 0.15 0.15 0.16 0.16 0.16 0.17 0.17 0.17 0.18 0.18 0.19 0.19 0.20 0.22 0.23 0.24 0.26 0.28
8.38 8.06 7.70 7.31 6.90 6.47 6.03 5.58 5.12 4.67 4.21 3.76 3.33 2.91 2.51 2.14 1.80 1.49 1.22 1.00 0.82 0.69 0.61 0.57 0.52 0.48 0.44 0.40 0.36 0.31 0.28 0.24 0.20 0.17 0.13 0.10 0.07 0.04 0.02 0.00 0.00 0.00 0.00 0.00 0.00 0.00 0.00 0.00 0.00 0.00 0.00 0.00 0.01 0.02 0.04 0.05 0.06 0.07 0.08 0.09 0.10 0.12 0.13 0.14 0.15 0.16 0.17 0.18 0.19 0.20 0.21 0.22 0.23 0.24 0.25 0.26 0.28 0.29 0.31 0.33 0.35 0.37 0.39 0.41
8.35 8.03 7.69 7.31 6.91 6.49 6.06 5.61 5.16 4.71 4.26 3.82 3.38 2.97 2.57 2.20 1.86 1.55 1.28 1.05 0.87 0.73 0.66 0.61 0.56 0.52 0.47 0.43 0.39 0.34 0.30 0.26 0.22 0.18 0.15 0.11 0.08 0.05 0.03 0.00 0.00 0.00 0.00 0.00 0.00 0.00 0.00 0.00 0.00 0.00 0.00 0.00 0.00 0.01 0.02 0.04 0.05 0.06 0.08 0.09 0.11 0.12 0.14 0.15 0.17 0.19 0.20 0.22 0.24 0.25 0.27 0.29 0.30 0.32 0.34 0.36 0.38 0.40 0.43 0.45 0.48 0.50 0.53 0.55
8.20 7.90 7.57 7.21 6.83 6.42 6.00 5.57 5.13 4.69 4.24 3.81 3.39 2.98 2.59 2.22 1.88 1.58 1.31 1.08 0.90 0.76 0.70 0.66 0.61 0.56 0.52 0.47 0.42 0.38 0.33 0.29 0.25 0.21 0.17 0.13 0.10 0.07 0.04 0.01 0.00 0.00 0.00 0.00 0.00 0.00 0.00 0.00 0.00 0.00 0.00 0.00 0.00 0.00 0.02 0.03 0.05 0.06 0.08 0.10 0.11 0.13 0.15 0.17 0.19 0.21 0.23 0.26 0.28 0.30 0.33 0.35 0.37 0.40 0.43 0.46 0.49 0.52 0.55 0.58 0.61 0.64 0.67 0.69
7.99 7.71 7.40 7.06 6.69 6.30 5.89 5.47 5.04 4.61 4.18 3.75 3.34 2.94 2.55 2.19 1.86 1.56 1.30 1.07 0.89 0.77 0.73 0.72 0.68 0.63 0.58 0.53 0.48 0.43 0.38 0.34 0.29 0.25 0.21 0.17 0.13 0.09 0.06 0.03 0.01 0.00 0.00 0.00 0.00 0.00 0.00 0.00 0.00 0.00 0.00 0.00 0.00 0.00 0.01 0.02 0.04 0.06 0.07 0.09 0.11 0.14 0.16 0.18 0.21 0.23 0.26 0.28 0.31 0.34 0.37 0.40 0.43 0.47 0.51 0.55 0.59 0.63 0.67 0.70 0.74 0.77 0.80 0.83
7.73 7.47 7.17 6.85 6.49 6.12 5.73 5.32 4.91 4.49 4.07 3.66 3.25 2.86 2.48 2.13 1.80 1.51 1.25 1.03 0.86 0.77 0.76 0.78 0.76 0.72 0.67 0.61 0.55 0.50 0.45 0.40 0.35 0.30 0.25 0.21 0.17 0.13 0.09 0.06 0.03 0.00 0.00 0.00 0.00 0.00 0.00 0.00 0.00 0.00 0.00 0.00 0.00 0.00 0.00 0.01 0.03 0.05 0.07 0.09 0.11 0.13 0.16 0.18 0.21 0.24 0.27 0.30 0.33 0.37 0.40 0.44 0.48 0.53 0.58 0.63 0.68 0.73 0.77 0.81 0.85 0.89 0.92 0.95
7.42 7.17 6.90 6.59 6.25 5.90 5.52 5.13 4.73 4.33 3.92 3.52 3.12 2.74 2.38 2.03 1.71 1.42 1.17 0.97 0.83 0.77 0.79 0.83 0.84 0.82 0.77 0.71 0.65 0.59 0.53 0.47 0.41 0.36 0.31 0.26 0.21 0.17 0.13 0.09 0.05 0.02 0.00 0.00 0.00 0.00 0.00 0.00 0.00 0.00 0.00 0.00 0.00 0.00 0.00 0.00 0.02 0.04 0.06 0.08 0.10 0.13 0.15 0.18 0.21 0.24 0.28 0.31 0.35 0.38 0.42 0.47 0.52 0.58 0.64 0.70 0.76 0.82 0.87 0.91 0.96 1.00 1.04 1.07
7.08 6.84 6.58 6.29 5.97 5.63 5.28 4.90 4.52 4.13 3.73 3.34 2.96 2.59 2.24 1.90 1.59 1.31 1.08 0.90 0.80 0.77 0.81 0.87 0.90 0.90 0.87 0.82 0.75 0.68 0.62 0.55 0.49 0.43 0.37 0.31 0.26 0.21 0.16 0.12 0.07 0.04 0.00 0.00 0.00 0.00 0.00 0.00 0.00 0.00 0.00 0.00 0.00 0.00 0.00 0.00 0.01 0.02 0.04 0.07 0.09 0.11 0.14 0.17 0.20 0.24 0.27 0.31 0.35 0.39 0.44 0.49 0.55 0.62 0.69 0.76 0.83 0.89 0.95 1.01 1.06 1.10 1.14 1.18
6.72 6.48 6.22 5.95 5.65 5.33 4.99 4.64 4.27 3.89 3.52 3.14 2.77 2.41 2.07 1.75 1.45 1.19 0.98 0.85 0.77 0.77 0.83 0.91 0.96 0.98 0.97 0.93 0.86 0.79 0.72 0.64 0.57 0.50 0.44 0.37 0.31 0.25 0.20 0.15 0.10 0.05 0.01 0.00 0.00 0.00 0.00 0.00 0.00 0.00 0.00 0.00 0.00 0.00 0.00 0.00 0.00 0.01 0.03 0.05 0.07 0.10 0.13 0.16 0.19 0.23 0.26 0.30 0.35 0.39 0.45 0.51 0.57 0.65 0.73 0.81 0.89 0.96 1.03 1.09 1.14 1.19 1.24 1.28
6.34 6.10 5.85 5.58 5.30 5.00 4.68 4.34 3.99 3.63 3.27 2.91 2.56 2.21 1.88 1.57 1.29 1.07 0.90 0.79 0.75 0.76 0.84 0.94 1.00 1.04 1.05 1.02 0.97 0.90 0.82 0.74 0.66 0.58 0.51 0.43 0.36 0.30 0.23 0.17 0.11 0.06 0.02 0.00 0.00 0.00 0.00 0.00 0.00 0.00 0.00 0.00 0.00 0.00 0.00 0.00 0.00 0.00 0.02 0.04 0.06 0.08 0.11 0.14 0.17 0.21 0.25 0.29 0.34 0.39 0.45 0.51 0.59 0.67 0.76 0.84 0.93 1.01 1.09 1.16 1.22 1.28 1.32 1.36
5.95 5.71 5.46 5.19 4.92 4.64 4.34 4.02 3.69 3.35 3.00 2.66 2.32 1.99 1.67 1.38 1.14 0.96 0.82 0.74 0.72 0.76 0.85 0.96 1.04 1.09 1.11 1.10 1.07 1.01 0.93 0.84 0.75 0.66 0.58 0.49 0.41 0.34 0.26 0.19 0.12 0.07 0.03 0.00 0.00 0.00 0.00 0.00 0.00 0.00 0.00 0.00 0.00 0.00 0.00 0.00 0.00 0.00 0.00 0.02 0.04 0.07 0.09 0.12 0.15 0.19 0.23 0.27 0.32 0.38 0.44 0.51 0.59 0.68 0.78 0.87 0.96 1.05 1.14 1.22 1.29 1.35 1.40 1.44
5.55 5.31 5.06 4.80 4.53 4.26 3.97 3.68 3.36 3.04 2.72 2.39 2.07 1.75 1.46 1.21 1.01 0.86 0.75 0.70 0.70 0.75 0.86 0.98 1.07 1.13 1.16 1.17 1.15 1.10 1.03 0.94 0.84 0.74 0.64 0.55 0.46 0.37 0.28 0.20 0.14 0.08 0.03 0.00 0.00 0.00 0.00 0.00 0.00 0.00 0.00 0.00 0.00 0.00 0.00 0.00 0.00 0.00 0.00 0.01 0.03 0.05 0.07 0.10 0.13 0.17 0.21 0.25 0.31 0.37 0.43 0.51 0.59 0.69 0.79 0.89 0.99 1.08 1.18 1.26 1.34 1.41 1.46 1.51
5.15 4.91 4.66 4.40 4.14 3.87 3.59 3.32 3.02 2.72 2.42 2.11 1.80 1.51 1.26 1.05 0.89 0.77 0.69 0.66 0.68 0.75 0.86 0.99 1.09 1.16 1.20 1.22 1.20 1.17 1.10 1.02 0.92 0.81 0.70 0.60 0.49 0.39 0.30 0.21 0.15 0.09 0.05 0.01 0.00 0.00 0.00 0.00 0.00 0.00 0.00 0.00 0.00 0.00 0.00 0.00 0.00 0.00 0.00 0.00 0.01 0.03 0.05 0.08 0.11 0.14 0.19 0.23 0.29 0.35 0.42 0.49 0.58 0.68 0.79 0.89 1.00 1.10 1.20 1.29 1.38 1.45 1.52 1.57
4.74 4.50 4.26 4.00 3.74 3.48 3.21 2.94 2.67 2.39 2.10 1.81 1.54 1.29 1.08 0.91 0.78 0.69 0.64 0.63 0.66 0.74 0.87 1.00 1.11 1.18 1.23 1.25 1.24 1.21 1.16 1.08 0.99 0.87 0.75 0.63 0.52 0.41 0.31 0.23 0.16 0.10 0.06 0.02 0.00 0.00 0.00 0.00 0.00 0.00 0.00 0.00 0.00 0.00 0.00 0.00 0.00 0.00 0.00 0.00 0.00 0.02 0.04 0.06 0.09 0.12 0.16 0.21 0.26 0.32 0.39 0.48 0.57 0.67 0.78 0.89 1.00 1.11 1.21 1.31 1.40 1.49 1.56 1.61
4.34 4.10 3.86 3.61 3.35 3.10 2.83 2.57 2.31 2.05 1.79 1.53 1.30 1.09 0.93 0.79 0.69 0.62 0.59 0.60 0.65 0.74 0.87 1.01 1.11 1.19 1.25 1.27 1.27 1.24 1.19 1.12 1.03 0.92 0.79 0.66 0.53 0.42 0.32 0.24 0.17 0.11 0.07 0.03 0.01 0.00 0.00 0.00 0.00 0.00 0.00 0.00 0.00 0.00 0.00 0.00 0.00 0.00 0.00 0.00 0.00 0.00 0.02 0.04 0.06 0.10 0.13 0.18 0.23 0.30 0.37 0.45 0.55 0.65 0.76 0.88 0.99 1.11 1.22 1.32 1.42 1.51 1.58 1.65
3.93 3.70 3.46 3.22 2.97 2.72 2.47 2.21 1.96 1.71 1.48 1.27 1.08 0.92 0.79 0.68 0.61 0.57 0.56 0.58 0.64 0.74 0.87 1.01 1.12 1.20 1.25 1.27 1.27 1.25 1.20 1.13 1.05 0.94 0.81 0.68 0.54 0.43 0.33 0.25 0.18 0.13 0.08 0.04 0.02 0.00 0.00 0.00 0.00 0.00 0.00 0.00 0.00 0.00 0.00 0.00 0.00 0.00 0.00 0.00 0.00 0.00 0.01 0.02 0.04 0.07 0.11 0.15 0.20 0.27 0.34 0.42 0.52 0.63 0.74 0.86 0.98 1.09 1.21 1.32 1.42 1.51 1.59 1.66
3.54 3.31 3.08 2.84 2.60 2.35 2.11 1.86 1.62 1.40 1.20 1.03 0.89 0.76 0.67 0.59 0.54 0.52 0.53 0.57 0.64 0.74 0.87 1.00 1.11 1.19 1.24 1.26 1.26 1.24 1.19 1.12 1.03 0.93 0.80 0.68 0.56 0.44 0.35 0.26 0.20 0.14 0.09 0.06 0.03 0.01 0.00 0.00 0.00 0.00 0.00 0.00 0.00 0.00 0.00 0.00 0.00 0.00 0.00 0.00 0.00 0.00 0.00 0.01 0.02 0.05 0.08 0.12 0.17 0.23 0.31 0.39 0.49 0.59 0.71 0.83 0.95 1.07 1.19 1.30 1.41 1.50 1.59 1.66
3.16 2.93 2.71 2.47 2.24 2.00 1.76 1.53 1.31 1.12 0.96 0.83 0.72 0.63 0.57 0.52 0.49 0.49 0.51 0.56 0.64 0.74 0.87 1.00 1.10 1.17 1.22 1.24 1.24 1.21 1.16 1.09 0.99 0.89 0.78 0.67 0.56 0.46 0.36 0.28 0.21 0.15 0.11 0.07 0.04 0.02 0.00 0.00 0.00 0.00 0.00 0.00 0.00 0.00 0.00 0.00 0.00 0.00 0.00 0.00 0.00 0.00 0.00 0.00 0.00 0.02 0.05 0.09 0.14 0.20 0.27 0.35 0.45 0.56 0.67 0.80 0.92 1.04 1.16 1.27 1.38 1.48 1.57 1.65
2.79 2.57 2.35 2.12 1.90 1.67 1.44 1.23 1.04 0.89 0.76 0.66 0.58 0.53 0.49 0.47 0.46 0.47 0.51 0.56 0.64 0.74 0.86 0.99 1.08 1.15 1.19 1.21 1.19 1.16 1.10 1.03 0.93 0.84 0.74 0.65 0.55 0.46 0.37 0.29 0.22 0.17 0.12 0.08 0.05 0.03 0.02 0.00 0.00 0.00 0.00 0.00 0.00 0.00 0.00 0.00 0.00 0.00 0.00 0.00 0.00 0.00 0.00 0.00 0.00 0.00 0.03 0.06 0.10 0.16 0.23 0.31 0.40 0.51 0.63 0.75 0.88 1.00 1.12 1.24 1.35 1.45 1.54 1.62
2.44 2.23 2.01 1.79 1.57 1.36 1.15 0.97 0.82 0.70 0.60 0.53 0.47 0.44 0.43 0.43 0.44 0.47 0.51 0.57 0.65 0.75 0.86 0.98 1.06 1.12 1.15 1.16 1.14 1.09 1.03 0.95 0.86 0.78 0.70 0.61 0.54 0.46 0.38 0.30 0.24 0.18 0.13 0.10 0.07 0.04 0.03 0.01 0.00 0.00 0.00 0.00 0.00 0.00 0.00 0.00 0.00 0.00 0.00 0.00 0.00 0.00 0.00 0.00 0.00 0.00 0.00 0.03 0.07 0.12 0.19 0.26 0.36 0.47 0.58 0.70 0.83 0.95 1.07 1.19 1.30 1.40 1.50 1.59
2.12 1.91 1.70 1.49 1.28 1.08 0.91 0.76 0.64 0.55 0.48 0.43 0.40 0.39 0.39 0.41 0.44 0.48 0.53 0.59 0.67 0.76 0.86 0.96 1.04 1.08 1.10 1.09 1.06 1.01 0.94 0.86 0.79 0.72 0.65 0.58 0.51 0.44 0.38 0.31 0.25 0.19 0.15 0.11 0.08 0.06 0.04 0.02 0.01 0.00 0.00 0.00 0.00 0.00 0.00 0.00 0.00 0.00 0.00 0.00 0.00 0.00 0.00 0.00 0.00 0.00 0.00 0.00 0.03 0.08 0.14 0.22 0.31 0.41 0.53 0.65 0.77 0.89 1.01 1.13 1.24 1.35 1.45 1.54
1.82 1.62 1.42 1.21 1.02 0.86 0.72 0.60 0.52 0.45 0.40 0.37 0.36 0.37 0.39 0.42 0.45 0.50 0.55 0.62 0.69 0.77 0.86 0.95 1.01 1.04 1.04 1.02 0.98 0.91 0.84 0.78 0.71 0.65 0.59 0.53 0.48 0.42 0.37 0.31 0.26 0.21 0.16 0.12 0.09 0.07 0.05 0.03 0.02 0.01 0.00 0.00 0.00 0.00 0.00 0.00 0.00 0.00 0.00 0.00 0.00 0.00 0.00 0.00 0.00 0.00 0.00 0.00 0.00 0.04 0.09 0.17 0.25 0.36 0.47 0.59 0.71 0.83 0.95 1.06 1.18 1.28 1.39 1.49
1.55 1.35 1.16 0.98 0.82 0.69 0.58 0.49 0.43 0.39 0.36 0.35 0.36 0.37 0.40 0.44 0.49 0.54 0.59 0.65 0.72 0.79 0.86 0.93 0.97 0.99 0.97 0.93 0.88 0.82 0.76 0.70 0.64 0.59 0.54 0.49 0.44 0.39 0.35 0.30 0.26 0.22 0.17 0.14 0.10 0.08 0.06 0.04 0.03 0.02 0.01 0.00 0.00 0.00 0.00 0.00 0.00 0.00 0.00 0.00 0.00 0.00 0.00 0.00 0.00 0.00 0.00 0.00 0.00 0.00 0.05 0.11 0.20 0.29 0.40 0.52 0.64 0.75 0.87 0.99 1.10 1.21 1.32 1.42
1.31 1.13 0.95 0.80 0.67 0.57 0.49 0.43 0.39 0.37 0.36 0.37 0.38 0.41 0.45 0.49 0.54 0.59 0.64 0.70 0.75 0.81 0.87 0.91 0.94 0.93 0.90 0.84 0.78 0.73 0.68 0.63 0.58 0.53 0.49 0.45 0.41 0.37 0.33 0.29 0.25 0.22 0.18 0.15 0.12 0.09 0.07 0.05 0.04 0.02 0.01 0.00 0.00 0.00 0.00 0.00 0.00 0.00 0.00 0.00 0.00 0.00 0.00 0.00 0.00 0.00 0.00 0.00 0.00 0.00 0.00 0.06 0.14 0.23 0.34 0.45 0.56 0.68 0.79 0.91 1.02 1.13 1.24 1.34
1.11 0.94 0.80 0.68 0.59 0.51 0.46 0.42 0.40 0.39 0.40 0.42 0.44 0.48 0.52 0.56 0.61 0.66 0.71 0.75 0.79 0.83 0.87 0.90 0.89 0.86 0.81 0.76 0.71 0.66 0.61 0.57 0.52 0.48 0.44 0.41 0.37 0.34 0.31 0.28 0.25 0.22 0.19 0.16 0.13 0.10 0.08 0.06 0.05 0.03 0.02 0.01 0.00 0.00 0.00 0.00 0.00 0.00 0.00 0.00 0.00 0.00 0.00 0.00 0.00 0.00 0.00 0.00 0.00 0.00 0.00 0.00 0.07 0.16 0.26 0.37 0.48 0.59 0.70 0.82 0.93 1.04 1.15 1.26
