data_processed/recharge/precip/Precip_1997_12.asc
ncols        168
nrows        136
xllcorner    455000
yllcorner    2107000
cellsize     500
NODATA_value     -99999
[rows 37 to 73 of 136, columns 82 to 163 of 168]
6.10 6.14 6.20 6.27 6.34 6.43 6.53 6.64 6.76 6.88 7.02 7.17 7.32 7.49 7.66 7.84 8.03 8.22 8.43 8.63 8.85 9.07 9.30 9.53 9.77 10.01 10.26 10.51 10.77 11.03 11.30 11.56 11.83 12.11 12.38 12.66 12.94 13.22 13.49 13.76 14.03 14.29 14.54 14.71 14.82 14.86 14.84 14.76 14.64 14.49 14.32 14.14 13.94 13.73 13.50 13.26 13.00 12.75 12.48 12.21 11.93 11.65 11.37 11.09 10.81 10.53 10.26 9.99 9.74 9.49 9.25 9.03 8.82 8.62 8.44 8.28 8.14 8.03 7.93 7.86 7.81 7.80
6.09 6.13 6.20 6.27 6.35 6.44 6.55 6.66 6.78 6.92 7.06 7.21 7.37 7.53 7.71 7.89 8.08 8.28 8.49 8.70 8.91 9.14 9.37 9.60 9.84 10.08 10.33 10.58 10.84 11.10 11.37 11.63 11.90 12.17 12.45 12.73 13.00 13.28 13.56 13.83 14.10 14.37 14.61 14.79 14.90 14.94 14.92 14.85 14.75 14.63 14.50 14.34 14.16 13.97 13.76 13.54 13.31 13.07 12.82 12.56 12.29 12.02 11.75 11.48 11.21 10.94 10.67 10.41 10.15 9.90 9.66 9.43 9.22 9.02 8.83 8.66 8.51 8.38 8.27 8.18 8.12 8.08
6.07 6.13 6.19 6.27 6.36 6.46 6.56 6.68 6.81 6.95 7.09 7.24 7.41 7.58 7.76 7.94 8.13 8.33 8.54 8.75 8.97 9.20 9.43 9.66 9.90 10.15 10.40 10.65 10.90 11.16 11.43 11.69 11.96 12.23 12.51 12.78 13.06 13.34 13.61 13.89 14.16 14.43 14.67 14.85 14.96 15.00 14.99 14.95 14.89 14.80 14.69 14.55 14.40 14.23 14.05 13.85 13.63 13.41 13.17 12.93 12.68 12.42 12.16 11.89 11.63 11.36 11.10 10.84 10.58 10.34 10.09 9.86 9.64 9.43 9.24 9.06 8.90 8.76 8.63 8.53 8.45 8.40
6.06 6.12 6.19 6.27 6.36 6.47 6.58 6.70 6.83 6.97 7.12 7.28 7.44 7.62 7.80 7.99 8.18 8.38 8.59 8.81 9.03 9.25 9.48 9.72 9.96 10.20 10.45 10.70 10.96 11.22 11.48 11.75 12.01 12.28 12.56 12.83 13.10 13.38 13.65 13.93 14.20 14.47 14.71 14.89 15.00 15.06 15.08 15.07 15.04 14.98 14.90 14.79 14.66 14.52 14.36 14.18 13.98 13.77 13.55 13.32 13.09 12.84 12.59 12.33 12.07 11.81 11.56 11.30 11.04 10.80 10.55 10.32 10.09 9.88 9.68 9.49 9.32 9.16 9.03 8.91 8.82 8.75
6.05 6.11 6.19 6.27 6.37 6.48 6.59 6.72 6.85 7.00 7.15 7.31 7.48 7.65 7.84 8.03 8.22 8.43 8.64 8.85 9.07 9.30 9.53 9.77 10.01 10.25 10.50 10.75 11.01 11.27 11.53 11.79 12.06 12.32 12.59 12.86 13.14 13.41 13.68 13.95 14.23 14.49 14.74 14.92 15.05 15.13 15.19 15.21 15.21 15.18 15.13 15.05 14.95 14.83 14.68 14.53 14.35 14.16 13.96 13.74 13.52 13.28 13.04 12.80 12.55 12.29 12.04 11.78 11.53 11.28 11.04 10.80 10.57 10.35 10.14 9.95 9.77 9.60 9.45 9.32 9.21 9.12
6.03 6.10 6.18 6.28 6.38 6.49 6.61 6.74 6.87 7.02 7.18 7.34 7.51 7.69 7.87 8.06 8.26 8.47 8.68 8.89 9.12 9.34 9.57 9.81 10.05 10.29 10.54 10.79 11.05 11.30 11.56 11.83 12.09 12.36 12.62 12.89 13.16 13.43 13.70 13.97 14.24 14.50 14.75 14.95 15.11 15.23 15.32 15.38 15.41 15.41 15.38 15.33 15.25 15.16 15.04 14.90 14.74 14.57 14.39 14.19 13.97 13.75 13.52 13.29 13.04 12.80 12.55 12.30 12.05 11.80 11.55 11.31 11.08 10.86 10.64 10.44 10.24 10.07 9.90 9.76 9.63 9.53
6.01 6.09 6.17 6.27 6.37 6.49 6.61 6.74 6.89 7.04 7.19 7.36 7.53 7.71 7.90 8.09 8.29 8.50 8.71 8.92 9.15 9.37 9.61 9.84 10.08 10.32 10.57 10.82 11.08 11.33 11.59 11.85 12.11 12.37 12.64 12.90 13.17 13.43 13.70 13.97 14.23 14.50 14.75 14.99 15.18 15.34 15.47 15.56 15.62 15.65 15.65 15.63 15.58 15.50 15.41 15.29 15.16 15.00 14.83 14.65 14.45 14.24 14.03 13.80 13.56 13.32 13.08 12.83 12.58 12.34 12.09 11.85 11.61 11.38 11.16 10.95 10.75 10.56 10.38 10.23 10.08 9.96
5.94 6.02 6.11 6.21 6.32 6.44 6.57 6.70 6.85 7.00 7.16 7.33 7.51 7.69 7.88 8.08 8.28 8.49 8.70 8.92 9.14 9.37 9.60 9.84 10.08 10.32 10.57 10.82 11.07 11.33 11.59 11.85 12.11 12.37 12.63 12.89 13.16 13.42 13.68 13.95 14.21 14.47 14.74 15.00 15.23 15.43 15.59 15.72 15.81 15.87 15.90 15.91 15.89 15.84 15.77 15.67 15.56 15.42 15.27 15.10 14.92 14.73 14.52 14.30 14.08 13.84 13.61 13.36 13.12 12.87 12.63 12.39 12.15 11.91 11.68 11.46 11.25 11.06 10.87 10.70 10.54 10.40
5.78 5.87 5.96 6.07 6.19 6.31 6.45 6.59 6.74 6.90 7.07 7.24 7.42 7.61 7.80 8.00 8.21 8.42 8.64 8.86 9.09 9.32 9.55 9.79 10.03 10.28 10.53 10.78 11.04 11.29 11.55 11.81 12.07 12.33 12.60 12.86 13.12 13.39 13.65 13.91 14.17 14.44 14.71 14.98 15.24 15.48 15.67 15.83 15.96 16.06 16.12 16.15 16.16 16.13 16.09 16.02 15.92 15.81 15.68 15.53 15.36 15.18 14.99 14.78 14.57 14.34 14.11 13.87 13.63 13.39 13.15 12.90 12.66 12.43 12.19 11.97 11.75 11.54 11.35 11.16 10.99 10.84
5.54 5.64 5.74 5.86 5.98 6.12 6.26 6.41 6.57 6.74 6.91 7.09 7.28 7.47 7.67 7.88 8.09 8.30 8.53 8.75 8.99 9.22 9.46 9.70 9.95 10.20 10.45 10.71 10.96 11.22 11.48 11.75 12.01 12.27 12.54 12.80 13.07 13.33 13.59 13.86 14.13 14.40 14.67 14.94 15.21 15.48 15.71 15.91 16.07 16.20 16.29 16.35 16.39 16.39 16.37 16.33 16.26 16.16 16.05 15.92 15.77 15.61 15.43 15.23 15.03 14.81 14.59 14.36 14.13 13.89 13.65 13.40 13.16 12.92 12.69 12.46 12.23 12.02 11.81 11.62 11.43 11.27
5.23 5.34 5.45 5.58 5.71 5.86 6.01 6.17 6.33 6.51 6.69 6.88 7.08 7.28 7.48 7.70 7.92 8.14 8.37 8.60 8.84 9.08 9.33 9.58 9.83 10.08 10.34 10.60 10.86 11.13 11.39 11.66 11.92 12.19 12.46 12.73 12.99 13.26 13.53 13.80 14.07 14.35 14.62 14.90 15.17 15.44 15.70 15.94 16.13 16.30 16.42 16.52 16.58 16.62 16.62 16.60 16.55 16.49 16.39 16.28 16.15 16.00 15.84 15.66 15.47 15.26 15.05 14.83 14.60 14.36 14.13 13.89 13.65 13.40 13.17 12.93 12.70 12.48 12.27 12.06 11.87 11.69
4.84 4.96 5.09 5.23 5.38 5.53 5.69 5.86 6.04 6.23 6.42 6.62 6.82 7.03 7.25 7.47 7.70 7.93 8.17 8.41 8.66 8.91 9.16 9.41 9.67 9.94 10.20 10.47 10.73 11.00 11.27 11.55 11.82 12.09 12.36 12.64 12.91 13.18 13.45 13.73 14.01 14.28 14.56 14.84 15.12 15.39 15.66 15.92 16.15 16.35 16.51 16.64 16.74 16.80 16.83 16.84 16.82 16.77 16.70 16.61 16.50 16.37 16.22 16.06 15.88 15.69 15.48 15.27 15.05 14.82 14.59 14.35 14.11 13.87 13.63 13.39 13.16 12.93 12.71 12.49 12.29 12.10
4.39 4.52 4.66 4.82 4.97 5.14 5.32 5.50 5.69 5.89 6.09 6.30 6.52 6.74 6.97 7.20 7.44 7.68 7.93 8.18 8.44 8.69 8.96 9.22 9.49 9.76 10.03 10.31 10.58 10.86 11.14 11.42 11.69 11.97 12.25 12.53 12.81 13.09 13.37 13.65 13.93 14.21 14.50 14.78 15.05 15.33 15.60 15.87 16.13 16.36 16.56 16.72 16.85 16.94 17.01 17.04 17.04 17.02 16.98 16.91 16.82 16.70 16.57 16.42 16.26 16.08 15.89 15.69 15.47 15.25 15.03 14.79 14.55 14.32 14.08 13.84 13.60 13.37 13.14 12.92 12.70 12.50
3.87 4.02 4.18 4.34 4.51 4.70 4.89 5.08 5.29 5.50 5.71 5.94 6.17 6.40 6.64 6.89 7.14 7.39 7.65 7.91 8.18 8.45 8.72 9.00 9.28 9.56 9.84 10.12 10.41 10.70 10.98 11.27 11.56 11.85 12.13 12.42 12.71 12.99 13.28 13.56 13.85 14.13 14.42 14.70 14.98 15.26 15.53 15.81 16.07 16.33 16.57 16.76 16.92 17.05 17.14 17.20 17.24 17.24 17.22 17.17 17.10 17.01 16.90 16.76 16.62 16.45 16.27 16.08 15.88 15.66 15.44 15.21 14.98 14.74 14.50 14.26 14.02 13.79 13.55 13.33 13.11 12.89
3.29 3.45 3.63 3.81 4.00 4.20 4.40 4.61 4.83 5.06 5.29 5.53 5.77 6.02 6.28 6.54 6.80 7.07 7.34 7.62 7.90 8.18 8.46 8.75 9.04 9.33 9.63 9.92 10.22 10.52 10.81 11.11 11.41 11.71 12.00 12.30 12.59 12.89 13.18 13.47 13.76 14.05 14.33 14.62 14.90 15.18 15.46 15.73 16.00 16.27 16.53 16.76 16.95 17.11 17.24 17.33 17.39 17.42 17.42 17.40 17.35 17.28 17.19 17.07 16.94 16.79 16.63 16.45 16.25 16.05 15.84 15.62 15.39 15.15 14.91 14.68 14.43 14.20 13.96 13.72 13.50 13.28
2.65 2.83 3.02 3.22 3.43 3.65 3.87 4.10 4.33 4.58 4.83 5.08 5.34 5.61 5.88 6.15 6.43 6.71 7.00 7.29 7.58 7.88 8.18 8.48 8.79 9.09 9.40 9.71 10.02 10.32 10.63 10.94 11.25 11.56 11.87 12.17 12.48 12.78 13.07 13.37 13.66 13.95 14.24 14.53 14.81 15.09 15.37 15.65 15.92 16.19 16.46 16.71 16.94 17.13 17.29 17.41 17.50 17.56 17.59 17.59 17.57 17.52 17.45 17.35 17.24 17.11 16.95 16.79 16.61 16.41 16.21 15.99 15.77 15.54 15.31 15.07 14.83 14.59 14.35 14.11 13.88 13.65
1.95 2.15 2.37 2.58 2.81 3.05 3.29 3.54 3.79 4.05 4.32 4.59 4.87 5.15 5.44 5.73 6.03 6.33 6.63 6.94 7.25 7.56 7.88 8.19 8.51 8.83 9.15 9.48 9.80 10.12 10.45 10.77 11.09 11.41 11.73 12.04 12.35 12.66 12.96 13.26 13.56 13.85 14.14 14.43 14.71 14.99 15.28 15.55 15.83 16.10 16.37 16.63 16.89 17.11 17.30 17.46 17.58 17.67 17.73 17.75 17.75 17.73 17.68 17.60 17.51 17.39 17.25 17.10 16.93 16.75 16.56 16.35 16.13 15.91 15.68 15.44 15.20 14.96 14.72 14.48 14.24 14.01
1.20 1.42 1.66 1.90 2.15 2.40 2.67 2.94 3.21 3.49 3.78 4.07 4.37 4.67 4.98 5.29 5.60 5.92 6.24 6.57 6.89 7.22 7.56 7.89 8.23 8.56 8.90 9.24 9.58 9.92 10.26 10.59 10.93 11.26 11.58 11.90 12.22 12.53 12.84 13.14 13.44 13.74 14.03 14.32 14.61 14.89 15.17 15.45 15.73 16.00 16.27 16.54 16.80 17.05 17.28 17.46 17.62 17.73 17.82 17.88 17.90 17.90 17.87 17.82 17.74 17.64 17.53 17.39 17.23 17.06 16.88 16.68 16.48 16.26 16.03 15.80 15.56 15.32 15.08 14.84 14.59 14.35
0.40 0.65 0.91 1.17 1.44 1.72 2.00 2.30 2.59 2.90 3.20 3.52 3.84 4.16 4.49 4.82 5.15 5.49 5.83 6.18 6.52 6.87 7.22 7.57 7.93 8.28 8.64 9.00 9.35 9.71 10.06 10.41 10.76 11.10 11.43 11.76 12.08 12.40 12.72 13.02 13.33 13.62 13.91 14.20 14.49 14.78 15.06 15.34 15.62 15.90 16.17 16.44 16.70 16.96 17.21 17.43 17.61 17.76 17.88 17.96 18.01 18.04 18.03 18.00 17.95 17.87 17.77 17.65 17.51 17.35 17.18 16.99 16.79 16.58 16.36 16.14 15.90 15.66 15.42 15.18 14.93 14.69
0.00 0.00 0.11 0.40 0.69 1.00 1.31 1.62 1.94 2.27 2.60 2.93 3.28 3.62 3.97 4.32 4.68 5.04 5.40 5.77 6.14 6.51 6.88 7.25 7.62 8.00 8.37 8.75 9.13 9.50 9.87 10.23 10.58 10.93 11.28 11.61 11.94 12.27 12.58 12.90 13.20 13.50 13.79 14.08 14.37 14.66 14.94 15.23 15.51 15.78 16.06 16.32 16.59 16.85 17.11 17.35 17.57 17.75 17.90 18.01 18.09 18.14 18.16 18.15 18.12 18.06 17.98 17.88 17.75 17.61 17.45 17.28 17.09 16.89 16.68 16.45 16.22 15.99 15.74 15.50 15.25 15.01
0.00 0.00 0.00 0.00 0.00 0.24 0.57 0.91 1.26 1.61 1.97 2.33 2.69 3.06 3.44 3.81 4.19 4.58 4.96 5.35 5.74 6.13 6.52 6.92 7.32 7.71 8.11 8.51 8.90 9.29 9.67 10.04 10.41 10.76 11.12 11.46 11.80 12.13 12.45 12.76 13.07 13.37 13.66 13.96 14.25 14.53 14.82 15.10 15.38 15.66 15.93 16.20 16.47 16.73 16.99 17.24 17.49 17.70 17.88 18.02 18.13 18.21 18.25 18.27 18.26 18.22 18.16 18.08 17.97 17.84 17.70 17.54 17.36 17.17 16.96 16.75 16.52 16.29 16.05 15.81 15.56 15.31
0.00 0.00 0.00 0.00 0.00 0.00 0.00 0.18 0.55 0.93 1.31 1.70 2.09 2.48 2.88 3.29 3.69 4.10 4.51 4.92 5.34 5.75 6.17 6.59 7.01 7.43 7.84 8.26 8.67 9.07 9.46 9.85 10.22 10.59 10.95 11.30 11.65 11.98 12.31 12.63 12.93 13.24 13.53 13.82 14.11 14.40 14.69 14.97 15.25 15.53 15.81 16.08 16.35 16.61 16.87 17.12 17.37 17.61 17.82 17.99 18.13 18.24 18.31 18.35 18.37 18.35 18.31 18.25 18.16 18.05 17.92 17.77 17.61 17.42 17.23 17.02 16.80 16.58 16.34 16.10 15.85 15.61
0.00 0.00 0.00 0.00 0.00 0.00 0.00 0.00 0.00 0.23 0.64 1.05 1.47 1.89 2.32 2.75 3.18 3.61 4.05 4.49 4.93 5.37 5.81 6.25 6.70 7.14 7.58 8.02 8.44 8.85 9.26 9.65 10.04 10.42 10.78 11.14 11.49 11.83 12.16 12.48 12.79 13.10 13.39 13.68 13.97 14.26 14.55 14.83 15.12 15.39 15.67 15.94 16.21 16.48 16.74 16.99 17.24 17.49 17.72 17.93 18.10 18.23 18.33 18.40 18.44 18.45 18.43 18.39 18.32 18.23 18.11 17.98 17.83 17.66 17.47 17.27 17.06 16.84 16.61 16.37 16.13 15.91
0.00 0.00 0.00 0.00 0.00 0.00 0.00 0.00 0.00 0.00 0.00 0.39 0.84 1.29 1.74 2.20 2.66 3.12 3.59 4.05 4.52 4.99 5.46 5.93 6.40 6.86 7.32 7.77 8.20 8.63 9.05 9.45 9.85 10.24 10.61 10.98 11.33 11.68 12.01 12.34 12.65 12.95 13.25 13.54 13.83 14.12 14.41 14.69 14.97 15.25 15.53 15.80 16.07 16.33 16.60 16.85 17.10 17.35 17.59 17.82 18.02 18.19 18.32 18.41 18.48 18.51 18.52 18.49 18.45 18.37 18.28 18.16 18.02 17.86 17.69 17.50 17.30 17.09 16.86 16.63 16.41 16.20
0.00 0.00 0.00 0.00 0.00 0.00 0.00 0.00 0.00 0.00 0.00 0.00 0.19 0.67 1.16 1.65 2.14 2.63 3.12 3.62 4.11 4.61 5.11 5.61 6.10 6.58 7.06 7.52 7.97 8.41 8.84 9.25 9.66 10.06 10.44 10.81 11.17 11.52 11.86 12.18 12.50 12.80 13.10 13.39 13.68 13.97 14.26 14.54 14.82 15.10 15.38 15.65 15.92 16.19 16.45 16.71 16.96 17.20 17.45 17.68 17.91 18.10 18.26 18.39 18.48 18.54 18.57 18.57 18.54 18.49 18.41 18.31 18.19 18.05 17.89 17.71 17.51 17.31 17.09 16.88 16.68 16.50
0.00 0.00 0.00 0.00 0.00 0.00 0.00 0.00 0.00 0.00 0.00 0.00 0.00 0.05 0.57 1.09 1.61 2.13 2.66 3.19 3.71 4.24 4.77 5.29 5.80 6.30 6.79 7.27 7.73 8.19 8.63 9.05 9.47 9.87 10.26 10.64 11.01 11.36 11.70 12.03 12.35 12.65 12.94 13.24 13.53 13.81 14.10 14.39 14.67 14.95 15.22 15.50 15.77 16.03 16.29 16.55 16.80 17.05 17.29 17.53 17.76 17.98 18.17 18.33 18.45 18.53 18.59 18.61 18.61 18.57 18.52 18.43 18.33 18.20 18.05 17.89 17.71 17.51 17.31 17.12 16.94 16.79
0.00 0.00 0.00 0.00 0.00 0.00 0.00 0.00 0.00 0.00 0.00 0.00 0.00 0.00 0.00 0.54 1.09 1.65 2.20 2.76 3.32 3.88 4.44 4.98 5.51 6.02 6.53 7.02 7.50 7.96 8.41 8.85 9.27 9.69 10.08 10.47 10.84 11.20 11.54 11.87 12.19 12.49 12.79 13.08 13.37 13.65 13.94 14.23 14.51 14.79 15.06 15.34 15.61 15.87 16.13 16.39 16.64 16.89 17.13 17.37 17.60 17.83 18.04 18.23 18.38 18.49 18.57 18.62 18.64 18.63 18.59 18.53 18.44 18.33 18.20 18.04 17.87 17.69 17.51 17.34 17.19 17.06
0.00 0.00 0.00 0.00 0.00 0.00 0.00 0.00 0.00 0.00 0.00 0.00 0.00 0.00 0.00 0.00 0.57 1.17 1.76 2.35 2.94 3.53 4.10 4.67 5.21 5.75 6.26 6.77 7.26 7.74 8.20 8.65 9.08 9.50 9.90 10.29 10.67 11.03 11.38 11.71 12.03 12.33 12.63 12.92 13.20 13.49 13.78 14.06 14.34 14.62 14.90 15.17 15.44 15.71 15.97 16.22 16.48 16.73 16.97 17.21 17.44 17.66 17.88 18.09 18.27 18.41 18.52 18.60 18.64 18.65 18.64 18.59 18.52 18.43 18.31 18.17 18.02 17.86 17.70 17.55 17.42 17.32
0.00 0.00 0.00 0.00 0.00 0.00 0.00 0.00 0.00 0.00 0.00 0.00 0.00 0.00 0.00 0.00 0.07 0.70 1.32 1.95 2.57 3.18 3.78 4.35 4.92 5.47 6.00 6.52 7.02 7.51 7.98 8.44 8.88 9.31 9.72 10.12 10.50 10.86 11.21 11.55 11.87 12.17 12.46 12.75 13.04 13.32 13.61 13.89 14.17 14.45 14.73 15.00 15.27 15.53 15.79 16.05 16.30 16.55 16.80 17.03 17.26 17.49 17.71 17.92 18.12 18.30 18.43 18.54 18.60 18.64 18.65 18.63 18.58 18.50 18.40 18.27 18.14 17.99 17.85 17.73 17.63 17.56
0.00 0.00 0.00 0.00 0.00 0.00 0.00 0.00 0.00 0.00 0.00 0.00 0.00 0.00 0.00 0.00 0.00 0.24 0.90 1.56 2.21 2.84 3.45 4.04 4.62 5.19 5.74 6.27 6.78 7.28 7.77 8.24 8.69 9.12 9.54 9.94 10.33 10.69 11.05 11.38 11.70 12.01 12.30 12.58 12.87 13.15 13.44 13.72 14.00 14.28 14.55 14.82 15.09 15.35 15.62 15.87 16.13 16.37 16.62 16.85 17.08 17.31 17.53 17.74 17.95 18.14 18.31 18.44 18.54 18.60 18.63 18.63 18.60 18.54 18.45 18.34 18.22 18.10 17.98 17.89 17.82 17.78
0.00 0.00 0.00 0.00 0.00 0.00 0.00 0.00 0.00 0.00 0.00 0.00 0.00 0.00 0.00 0.00 0.00 0.00 0.50 1.18 1.84 2.49 3.12 3.74 4.33 4.91 5.47 6.02 6.55 7.06 7.55 8.03 8.49 8.93 9.36 9.76 10.15 10.52 10.88 11.22 11.54 11.84 12.13 12.41 12.70 12.98 13.26 13.54 13.82 14.10 14.37 14.64 14.91 15.17 15.43 15.69 15.94 16.19 16.43 16.67 16.90 17.12 17.34 17.56 17.76 17.96 18.15 18.31 18.43 18.52 18.58 18.60 18.59 18.54 18.47 18.37 18.27 18.17 18.08 18.01 17.97 17.97
0.00 0.00 0.00 0.00 0.00 0.00 0.00 0.00 0.00 0.00 0.00 0.00 0.00 0.00 0.00 0.00 0.00 0.00 0.09 0.80 1.48 2.15 2.80 3.43 4.04 4.64 5.21 5.77 6.31 6.84 7.34 7.82 8.29 8.74 9.17 9.58 9.98 10.35 10.71 11.05 11.37 11.67 11.95 12.24 12.52 12.80 13.08 13.36 13.64 13.91 14.19 14.46 14.72 14.98 15.24 15.50 15.75 16.00 16.24 16.48 16.71 16.93 17.15 17.36 17.57 17.77 17.96 18.14 18.29 18.41 18.49 18.53 18.53 18.50 18.44 18.36 18.28 18.21 18.14 18.10 18.10 18.13
0.00 0.00 0.00 0.00 0.00 0.00 0.00 0.00 0.00 0.00 0.00 0.00 0.00 0.00 0.00 0.00 0.00 0.00 0.00 0.42 1.13 1.81 2.48 3.13 3.76 4.37 4.96 5.53 6.08 6.61 7.13 7.62 8.10 8.55 8.99 9.41 9.80 10.18 10.54 10.88 11.20 11.50 11.78 12.06 12.34 12.62 12.90 13.18 13.45 13.73 14.00 14.27 14.53 14.79 15.05 15.31 15.56 15.80 16.04 16.28 16.51 16.73 16.95 17.16 17.37 17.57 17.76 17.95 18.12 18.26 18.36 18.42 18.43 18.41 18.36 18.31 18.25 18.20 18.16 18.16 18.19 18.26
0.00 0.00 0.00 0.00 0.00 0.00 0.00 0.00 0.00 0.00 0.00 0.00 0.00 0.00 0.00 0.00 0.00 0.00 0.00 0.05 0.77 1.48 2.16 2.83 3.47 4.10 4.70 5.28 5.85 6.39 6.91 7.42 7.90 8.36 8.81 9.23 9.63 10.01 10.37 10.71 11.03 11.33 11.61 11.89 12.16 12.44 12.72 12.99 13.27 13.54 13.81 14.07 14.34 14.60 14.85 15.11 15.36 15.60 15.84 16.08 16.31 16.53 16.75 16.96 17.16 17.36 17.55 17.74 17.91 18.07 18.18 18.24 18.27 18.26 18.24 18.21 18.17 18.15 18.14 18.17 18.23 18.35
0.00 0.00 0.00 0.00 0.00 0.00 0.00 0.00 0.00 0.00 0.00 0.00 0.00 0.00 0.00 0.00 0.00 0.00 0.00 0.00 0.42 1.15 1.85 2.53 3.19 3.83 4.45 5.04 5.62 6.17 6.71 7.22 7.71 8.18 8.62 9.05 9.45 9.84 10.20 10.54 10.86 11.15 11.43 11.71 11.98 12.26 12.53 12.81 13.08 13.35 13.61 13.88 14.14 14.40 14.65 14.91 15.15 15.40 15.64 15.87 16.10 16.32 16.54 16.75 16.95 17.15 17.34 17.52 17.69 17.83 17.94 18.01 18.05 18.06 18.06 18.05 18.04 18.05 18.07 18.13 18.24 18.39
0.00 0.00 0.00 0.00 0.00 0.00 0.00 0.00 0.00 0.00 0.00 0.00 0.00 0.00 0.00 0.00 0.00 0.00 0.00 0.00 0.08 0.82 1.54 2.24 2.91 3.56 4.20 4.80 5.39 5.96 6.50 7.02 7.51 7.99 8.44 8.87 9.28 9.66 10.03 10.37 10.68 10.98 11.26 11.53 11.80 12.08 12.35 12.62 12.89 13.15 13.42 13.68 13.94 14.20 14.45 14.70 14.95 15.19 15.42 15.66 15.88 16.11 16.32 16.53 16.73 16.93 17.12 17.29 17.44 17.55 17.64 17.72 17.77 17.81 17.82 17.84 17.86 17.89 17.95 18.05 18.19 18.39
0.00 0.00 0.00 0.00 0.00 0.00 0.00 0.00 0.00 0.00 0.00 0.00 0.00 0.00 0.00 0.00 0.00 0.00 0.00 0.00 0.00 0.50 1.23 1.95 2.64 3.30 3.95 4.57 5.17 5.74 6.29 6.82 7.32 7.81 8.26 8.70 9.11 9.49 9.86 10.20 10.51 10.81 11.08 11.35 11.62 11.89 12.16 12.43 12.69 12.96 13.22 13.48 13.74 13.99 14.24 14.49 14.74 14.98 15.21 15.44 15.67 15.89 16.10 16.31 16.51 16.71 16.88 17.03 17.14 17.23 17.30 17.37 17.43 17.48 17.52 17.56 17.61 17.68 17.78 17.91 18.09 18.33
