data_processed/recharge/precip/Precip_2008_12.asc
ncols        168
nrows        136
xllcorner    455000
yllcorner    2107000
cellsize     500
NODATA_value     -99999
[rows 38 to 75 of 136, columns 84 to 167 of 168]
0.00 0.00 0.00 0.00 0.00 0.00 0.00 0.00 0.00 0.00 0.00 0.00 0.00 0.00 0.00 0.00 0.00 0.03 0.10 0.21 0.34 0.50 0.66 0.84 1.01 1.18 1.32 1.45 1.55 1.62 1.65 1.66 1.63 1.59 1.53 1.46 1.38 1.29 1.20 1.11 1.01 0.92 0.80 0.66 0.51 0.34 0.16 0.00 0.00 0.00 0.00 0.00 0.00 0.00 0.00 0.00 0.00 0.00 0.00 0.00 0.00 0.19 0.60 1.08 1.62 2.22 2.85 3.40 3.78 4.02 4.10 4.03 3.81 3.44 2.93 2.28 1.55 0.81 0.07 0.00 0.00 0.00 0.00 0.00
0.00 0.00 0.00 0.00 0.00 0.00 0.00 0.00 0.00 0.00 0.00 0.00 0.00 0.00 0.00 0.00 0.00 0.00 0.05 0.15 0.28 0.42 0.58 0.75 0.91 1.07 1.21 1.33 1.42 1.48 1.51 1.50 1.47 1.43 1.37 1.31 1.23 1.14 1.06 0.96 0.87 0.77 0.66 0.52 0.37 0.21 0.03 0.00 0.00 0.00 0.00 0.00 0.00 0.00 0.00 0.00 0.00 0.00 0.00 0.00 0.00 0.09 0.52 1.02 1.57 2.19 2.85 3.42 3.85 4.14 4.28 4.29 4.15 3.88 3.48 2.94 2.28 1.55 0.82 0.09 0.00 0.00 0.00 0.00
0.00 0.00 0.00 0.00 0.00 0.00 0.00 0.00 0.00 0.00 0.00 0.00 0.00 0.00 0.00 0.00 0.00 0.00 0.01 0.10 0.23 0.37 0.52 0.68 0.83 0.98 1.11 1.22 1.30 1.35 1.37 1.36 1.34 1.30 1.24 1.18 1.10 1.02 0.93 0.84 0.74 0.65 0.53 0.40 0.25 0.09 0.00 0.00 0.00 0.00 0.00 0.00 0.00 0.00 0.00 0.00 0.00 0.00 0.00 0.00 0.00 0.00 0.41 0.92 1.48 2.11 2.78 3.37 3.83 4.17 4.37 4.44 4.38 4.20 3.90 3.47 2.93 2.27 1.56 0.85 0.16 0.00 0.00 0.00
0.00 0.00 0.00 0.00 0.00 0.00 0.00 0.00 0.00 0.00 0.00 0.00 0.00 0.00 0.00 0.00 0.00 0.00 0.00 0.07 0.19 0.32 0.47 0.62 0.76 0.90 1.02 1.12 1.19 1.23 1.25 1.25 1.22 1.18 1.13 1.07 0.99 0.91 0.82 0.73 0.64 0.54 0.43 0.30 0.15 0.00 0.00 0.00 0.00 0.00 0.00 0.00 0.00 0.00 0.00 0.00 0.00 0.00 0.00 0.00 0.00 0.00 0.28 0.79 1.35 1.98 2.66 3.26 3.75 4.12 4.37 4.50 4.51 4.42 4.20 3.88 3.45 2.91 2.27 1.60 0.92 0.25 0.00 0.00
0.00 0.00 0.00 0.00 0.00 0.00 0.00 0.00 0.00 0.00 0.00 0.00 0.00 0.00 0.00 0.00 0.00 0.00 0.00 0.05 0.17 0.29 0.43 0.57 0.71 0.83 0.94 1.03 1.09 1.13 1.15 1.15 1.13 1.09 1.04 0.98 0.90 0.82 0.73 0.64 0.55 0.45 0.34 0.21 0.07 0.00 0.00 0.00 0.00 0.00 0.00 0.00 0.00 0.00 0.00 0.00 0.00 0.00 0.00 0.00 0.00 0.00 0.14 0.64 1.20 1.82 2.49 3.10 3.61 4.00 4.29 4.47 4.55 4.52 4.40 4.17 3.85 3.43 2.91 2.30 1.65 1.00 0.35 0.00
0.00 0.00 0.00 0.00 0.00 0.00 0.00 0.00 0.00 0.00 0.00 0.00 0.00 0.00 0.00 0.00 0.00 0.00 0.00 0.04 0.15 0.27 0.40 0.54 0.66 0.78 0.88 0.95 1.01 1.06 1.08 1.07 1.06 1.02 0.97 0.91 0.83 0.75 0.66 0.57 0.48 0.38 0.27 0.14 0.00 0.00 0.00 0.00 0.00 0.00 0.00 0.00 0.00 0.00 0.00 0.00 0.00 0.00 0.00 0.00 0.00 0.00 0.00 0.48 1.02 1.63 2.29 2.90 3.41 3.82 4.14 4.36 4.50 4.54 4.49 4.35 4.13 3.82 3.42 2.93 2.35 1.72 1.09 0.45
0.00 0.00 0.00 0.00 0.00 0.00 0.00 0.00 0.00 0.00 0.00 0.00 0.00 0.00 0.00 0.00 0.00 0.00 0.00 0.04 0.15 0.26 0.39 0.51 0.63 0.73 0.82 0.90 0.96 1.00 1.02 1.02 1.00 0.97 0.92 0.85 0.78 0.70 0.61 0.52 0.42 0.32 0.21 0.08 0.00 0.00 0.00 0.00 0.00 0.00 0.00 0.00 0.00 0.00 0.00 0.00 0.00 0.00 0.00 0.00 0.00 0.00 0.00 0.31 0.83 1.42 2.06 2.65 3.16 3.59 3.93 4.19 4.37 4.46 4.48 4.43 4.30 4.09 3.80 3.43 2.96 2.40 1.80 1.18
0.00 0.00 0.00 0.00 0.00 0.00 0.00 0.00 0.00 0.00 0.00 0.00 0.00 0.00 0.00 0.00 0.00 0.00 0.00 0.05 0.15 0.26 0.38 0.49 0.60 0.70 0.78 0.86 0.91 0.95 0.98 0.98 0.96 0.93 0.88 0.82 0.74 0.66 0.57 0.48 0.38 0.28 0.17 0.04 0.00 0.00 0.00 0.00 0.00 0.00 0.00 0.00 0.00 0.00 0.00 0.00 0.00 0.00 0.00 0.00 0.00 0.00 0.00 0.15 0.64 1.20 1.81 2.38 2.89 3.31 3.67 3.95 4.17 4.31 4.39 4.41 4.36 4.25 4.06 3.80 3.45 3.00 2.46 1.88
0.00 0.00 0.00 0.00 0.00 0.00 0.00 0.00 0.00 0.00 0.00 0.00 0.00 0.00 0.00 0.00 0.00 0.00 0.00 0.06 0.15 0.26 0.37 0.48 0.58 0.67 0.76 0.83 0.88 0.92 0.95 0.95 0.94 0.91 0.86 0.79 0.72 0.64 0.55 0.45 0.35 0.25 0.14 0.01 0.00 0.00 0.00 0.00 0.00 0.00 0.00 0.00 0.00 0.00 0.00 0.00 0.00 0.00 0.00 0.00 0.00 0.00 0.00 0.01 0.46 0.97 1.55 2.09 2.58 3.00 3.36 3.66 3.91 4.09 4.23 4.31 4.34 4.31 4.22 4.05 3.81 3.48 3.05 2.53
0.00 0.00 0.00 0.00 0.00 0.00 0.00 0.00 0.00 0.00 0.00 0.00 0.00 0.00 0.00 0.00 0.00 0.00 0.00 0.07 0.17 0.27 0.37 0.47 0.57 0.66 0.74 0.80 0.86 0.90 0.93 0.94 0.93 0.90 0.85 0.79 0.71 0.63 0.53 0.44 0.34 0.23 0.12 0.00 0.00 0.00 0.00 0.00 0.00 0.00 0.00 0.00 0.00 0.00 0.00 0.00 0.00 0.00 0.00 0.00 0.00 0.00 0.00 0.00 0.28 0.75 1.28 1.79 2.25 2.66 3.02 3.33 3.59 3.81 4.00 4.14 4.24 4.29 4.28 4.21 4.06 3.83 3.51 3.11
0.00 0.00 0.00 0.00 0.00 0.00 0.00 0.00 0.00 0.00 0.00 0.00 0.00 0.00 0.00 0.00 0.00 0.00 0.02 0.09 0.18 0.28 0.37 0.47 0.56 0.64 0.72 0.79 0.84 0.88 0.91 0.92 0.92 0.90 0.85 0.79 0.71 0.63 0.53 0.44 0.33 0.23 0.11 0.00 0.00 0.00 0.00 0.00 0.00 0.00 0.00 0.00 0.00 0.00 0.00 0.00 0.00 0.00 0.00 0.00 0.00 0.00 0.00 0.00 0.13 0.54 1.02 1.48 1.91 2.30 2.64 2.96 3.24 3.49 3.72 3.92 4.08 4.20 4.26 4.26 4.20 4.07 3.86 3.56
0.05 0.02 0.00 0.00 0.00 0.00 0.00 0.00 0.00 0.00 0.00 0.00 0.00 0.00 0.00 0.00 0.00 0.00 0.04 0.11 0.19 0.29 0.38 0.47 0.55 0.63 0.70 0.77 0.82 0.87 0.90 0.91 0.91 0.90 0.86 0.80 0.73 0.64 0.55 0.44 0.34 0.23 0.11 0.00 0.00 0.00 0.00 0.00 0.00 0.00 0.00 0.00 0.00 0.00 0.00 0.00 0.00 0.00 0.00 0.00 0.00 0.00 0.00 0.00 0.01 0.36 0.77 1.18 1.57 1.92 2.25 2.56 2.86 3.14 3.41 3.65 3.86 4.03 4.16 4.24 4.26 4.21 4.09 3.90
0.11 0.08 0.05 0.02 0.00 0.00 0.00 0.00 0.00 0.00 0.00 0.00 0.00 0.00 0.00 0.00 0.00 0.01 0.06 0.13 0.21 0.29 0.37 0.46 0.54 0.61 0.68 0.75 0.80 0.85 0.88 0.90 0.91 0.90 0.87 0.82 0.75 0.66 0.57 0.46 0.35 0.24 0.12 0.00 0.00 0.00 0.00 0.00 0.00 0.00 0.00 0.00 0.00 0.00 0.00 0.00 0.00 0.00 0.00 0.00 0.00 0.00 0.00 0.00 0.00 0.20 0.54 0.89 1.23 1.55 1.85 2.16 2.47 2.77 3.07 3.34 3.60 3.82 4.01 4.15 4.23 4.26 4.23 4.12
0.17 0.14 0.11 0.08 0.06 0.04 0.02 0.01 0.00 0.00 0.00 0.00 0.00 0.00 0.00 0.00 0.00 0.03 0.08 0.14 0.21 0.29 0.36 0.44 0.52 0.59 0.66 0.72 0.77 0.82 0.86 0.88 0.89 0.89 0.87 0.83 0.77 0.69 0.59 0.49 0.37 0.26 0.13 0.00 0.00 0.00 0.00 0.00 0.00 0.00 0.00 0.00 0.00 0.00 0.00 0.00 0.00 0.00 0.00 0.00 0.00 0.00 0.00 0.00 0.00 0.08 0.34 0.63 0.90 1.18 1.46 1.77 2.08 2.40 2.71 3.02 3.30 3.57 3.80 3.99 4.14 4.24 4.28 4.26
0.23 0.20 0.17 0.14 0.12 0.09 0.07 0.05 0.04 0.02 0.01 0.01 0.01 0.01 0.01 0.01 0.02 0.04 0.09 0.14 0.20 0.27 0.34 0.41 0.48 0.55 0.62 0.68 0.74 0.78 0.82 0.85 0.87 0.87 0.86 0.83 0.78 0.71 0.63 0.52 0.40 0.28 0.15 0.02 0.00 0.00 0.00 0.00 0.00 0.00 0.00 0.00 0.00 0.00 0.00 0.00 0.00 0.00 0.00 0.00 0.00 0.00 0.00 0.00 0.00 0.00 0.18 0.39 0.60 0.84 1.11 1.40 1.71 2.03 2.36 2.68 2.99 3.28 3.55 3.79 3.99 4.15 4.26 4.31
0.29 0.26 0.23 0.20 0.17 0.15 0.12 0.10 0.08 0.06 0.05 0.04 0.03 0.02 0.02 0.02 0.02 0.05 0.08 0.13 0.18 0.24 0.30 0.37 0.43 0.50 0.56 0.63 0.68 0.73 0.78 0.81 0.83 0.84 0.84 0.82 0.78 0.73 0.65 0.55 0.44 0.31 0.19 0.07 0.00 0.00 0.00 0.00 0.00 0.00 0.00 0.00 0.00 0.00 0.00 0.00 0.00 0.00 0.00 0.00 0.00 0.00 0.00 0.00 0.00 0.00 0.07 0.19 0.35 0.55 0.80 1.07 1.37 1.68 2.01 2.34 2.66 2.98 3.28 3.55 3.80 4.00 4.17 4.28
0.35 0.32 0.29 0.26 0.23 0.20 0.18 0.15 0.12 0.10 0.08 0.06 0.05 0.04 0.03 0.02 0.02 0.03 0.06 0.09 0.14 0.19 0.24 0.30 0.37 0.43 0.49 0.55 0.61 0.66 0.71 0.75 0.78 0.79 0.80 0.79 0.76 0.72 0.66 0.58 0.47 0.35 0.24 0.14 0.06 0.00 0.00 0.00 0.00 0.00 0.00 0.00 0.00 0.00 0.00 0.00 0.00 0.00 0.00 0.00 0.00 0.00 0.00 0.00 0.00 0.00 0.01 0.06 0.17 0.33 0.54 0.78 1.06 1.36 1.68 2.00 2.34 2.66 2.98 3.29 3.57 3.81 4.03 4.20
0.41 0.38 0.35 0.32 0.28 0.25 0.22 0.19 0.17 0.14 0.11 0.09 0.07 0.05 0.03 0.02 0.01 0.01 0.03 0.05 0.09 0.13 0.18 0.23 0.29 0.35 0.41 0.47 0.53 0.59 0.64 0.68 0.71 0.74 0.75 0.75 0.73 0.70 0.65 0.58 0.50 0.39 0.30 0.22 0.16 0.10 0.06 0.02 0.00 0.00 0.00 0.00 0.00 0.00 0.00 0.00 0.00 0.00 0.01 0.02 0.03 0.03 0.03 0.03 0.02 0.01 0.00 0.01 0.06 0.17 0.33 0.54 0.79 1.06 1.36 1.68 2.01 2.35 2.68 3.00 3.30 3.59 3.84 4.05
0.45 0.42 0.39 0.36 0.33 0.30 0.26 0.23 0.20 0.17 0.13 0.10 0.07 0.05 0.03 0.01 0.01 0.01 0.01 0.02 0.05 0.08 0.12 0.17 0.22 0.28 0.34 0.40 0.45 0.51 0.56 0.61 0.65 0.67 0.69 0.70 0.70 0.68 0.64 0.59 0.51 0.42 0.35 0.29 0.24 0.20 0.16 0.14 0.12 0.11 0.10 0.10 0.10 0.10 0.11 0.11 0.12 0.12 0.12 0.12 0.11 0.10 0.08 0.05 0.03 0.01 0.00 0.00 0.01 0.06 0.17 0.34 0.54 0.79 1.07 1.37 1.69 2.02 2.36 2.69 3.02 3.32 3.61 3.86
0.49 0.46 0.43 0.40 0.36 0.33 0.29 0.26 0.22 0.18 0.15 0.11 0.08 0.04 0.02 0.01 0.01 0.00 0.00 0.00 0.02 0.04 0.07 0.11 0.16 0.21 0.27 0.32 0.38 0.44 0.49 0.54 0.58 0.61 0.64 0.65 0.66 0.65 0.62 0.58 0.52 0.45 0.38 0.34 0.30 0.27 0.26 0.24 0.23 0.23 0.22 0.22 0.23 0.23 0.23 0.23 0.22 0.22 0.21 0.19 0.17 0.14 0.10 0.06 0.03 0.01 0.00 0.00 0.00 0.01 0.06 0.17 0.34 0.55 0.79 1.07 1.38 1.70 2.03 2.37 2.70 3.03 3.34 3.63
0.52 0.49 0.46 0.43 0.39 0.35 0.32 0.28 0.23 0.19 0.15 0.11 0.07 0.04 0.02 0.01 0.00 0.00 0.00 0.00 0.00 0.01 0.03 0.07 0.11 0.15 0.20 0.26 0.31 0.36 0.42 0.47 0.51 0.55 0.58 0.60 0.62 0.62 0.60 0.57 0.52 0.46 0.41 0.37 0.35 0.34 0.33 0.33 0.32 0.32 0.33 0.33 0.33 0.33 0.33 0.32 0.31 0.29 0.27 0.24 0.20 0.16 0.11 0.06 0.02 0.00 0.00 0.00 0.00 0.00 0.01 0.06 0.17 0.34 0.55 0.80 1.08 1.38 1.70 2.04 2.38 2.72 3.05 3.36
0.54 0.51 0.48 0.45 0.41 0.37 0.33 0.29 0.24 0.19 0.15 0.10 0.06 0.03 0.01 0.00 0.00 0.00 0.00 0.00 0.00 0.00 0.01 0.03 0.06 0.10 0.15 0.19 0.25 0.30 0.35 0.40 0.45 0.49 0.53 0.55 0.57 0.58 0.57 0.55 0.52 0.47 0.43 0.40 0.39 0.38 0.39 0.39 0.40 0.40 0.41 0.41 0.42 0.41 0.41 0.39 0.37 0.35 0.31 0.27 0.22 0.16 0.10 0.06 0.02 0.00 0.00 0.00 0.00 0.00 0.00 0.01 0.06 0.17 0.34 0.55 0.80 1.08 1.39 1.71 2.05 2.39 2.73 3.06
0.55 0.52 0.49 0.46 0.42 0.38 0.33 0.29 0.24 0.19 0.14 0.09 0.06 0.03 0.01 0.00 0.00 0.00 0.00 0.00 0.00 0.00 0.00 0.01 0.03 0.06 0.10 0.14 0.19 0.24 0.29 0.34 0.39 0.43 0.47 0.50 0.52 0.54 0.54 0.53 0.50 0.47 0.44 0.42 0.42 0.42 0.43 0.44 0.46 0.47 0.48 0.48 0.48 0.48 0.47 0.45 0.42 0.38 0.34 0.28 0.21 0.15 0.10 0.05 0.02 0.00 0.00 0.00 0.00 0.00 0.00 0.00 0.01 0.06 0.18 0.34 0.55 0.80 1.08 1.39 1.72 2.06 2.40 2.75
0.55 0.52 0.49 0.46 0.42 0.38 0.33 0.28 0.23 0.17 0.13 0.09 0.05 0.03 0.01 0.00 0.00 0.00 0.00 0.00 0.00 0.00 0.00 0.00 0.00 0.03 0.06 0.09 0.14 0.18 0.23 0.28 0.33 0.37 0.41 0.45 0.48 0.50 0.50 0.50 0.49 0.46 0.44 0.43 0.43 0.44 0.46 0.48 0.50 0.51 0.52 0.53 0.53 0.52 0.51 0.48 0.44 0.40 0.34 0.27 0.20 0.14 0.09 0.05 0.02 0.00 0.00 0.00 0.00 0.00 0.00 0.00 0.00 0.01 0.06 0.18 0.34 0.55 0.80 1.09 1.40 1.73 2.07 2.41
0.55 0.52 0.49 0.45 0.41 0.37 0.32 0.27 0.21 0.16 0.12 0.08 0.05 0.02 0.01 0.00 0.00 0.00 0.00 0.00 0.00 0.00 0.00 0.00 0.00 0.00 0.02 0.05 0.09 0.13 0.18 0.22 0.27 0.31 0.36 0.39 0.43 0.45 0.47 0.47 0.46 0.45 0.44 0.44 0.44 0.46 0.48 0.50 0.52 0.54 0.56 0.56 0.56 0.55 0.53 0.49 0.45 0.39 0.32 0.25 0.19 0.13 0.08 0.05 0.02 0.00 0.00 0.00 0.00 0.00 0.00 0.00 0.00 0.00 0.01 0.06 0.18 0.34 0.56 0.81 1.09 1.40 1.73 2.08
0.53 0.51 0.48 0.44 0.40 0.35 0.30 0.25 0.19 0.15 0.11 0.07 0.04 0.02 0.00 0.00 0.00 0.00 0.00 0.00 0.00 0.00 0.00 0.00 0.00 0.00 0.00 0.02 0.05 0.09 0.13 0.17 0.21 0.26 0.30 0.34 0.38 0.40 0.42 0.44 0.44 0.43 0.43 0.43 0.45 0.47 0.49 0.51 0.54 0.56 0.57 0.58 0.57 0.56 0.53 0.49 0.44 0.37 0.30 0.23 0.18 0.12 0.08 0.04 0.02 0.00 0.00 0.00 0.00 0.00 0.00 0.00 0.00 0.00 0.00 0.01 0.06 0.18 0.34 0.56 0.81 1.10 1.41 1.74
0.51 0.49 0.46 0.42 0.38 0.33 0.27 0.22 0.18 0.13 0.10 0.06 0.04 0.02 0.00 0.00 0.00 0.00 0.00 0.00 0.00 0.00 0.00 0.00 0.00 0.00 0.00 0.00 0.02 0.05 0.09 0.12 0.17 0.21 0.25 0.29 0.33 0.36 0.38 0.40 0.41 0.41 0.41 0.42 0.44 0.46 0.49 0.51 0.54 0.56 0.57 0.58 0.57 0.55 0.52 0.47 0.41 0.34 0.28 0.22 0.16 0.11 0.07 0.04 0.02 0.00 0.00 0.00 0.00 0.00 0.00 0.00 0.00 0.00 0.00 0.00 0.01 0.06 0.18 0.34 0.56 0.81 1.10 1.42
0.48 0.46 0.43 0.39 0.35 0.30 0.25 0.20 0.16 0.12 0.09 0.06 0.03 0.01 0.00 0.00 0.00 0.00 0.00 0.00 0.00 0.00 0.00 0.00 0.00 0.00 0.00 0.00 0.00 0.02 0.05 0.08 0.12 0.16 0.20 0.24 0.28 0.31 0.34 0.36 0.37 0.38 0.39 0.41 0.43 0.46 0.48 0.51 0.53 0.55 0.56 0.56 0.55 0.52 0.48 0.43 0.37 0.31 0.25 0.20 0.15 0.11 0.07 0.04 0.02 0.00 0.00 0.00 0.00 0.00 0.00 0.00 0.00 0.00 0.00 0.00 0.00 0.01 0.06 0.18 0.35 0.56 0.82 1.11
0.45 0.42 0.39 0.35 0.31 0.27 0.22 0.18 0.14 0.11 0.08 0.05 0.03 0.01 0.00 0.00 0.00 0.00 0.00 0.00 0.00 0.00 0.00 0.00 0.00 0.00 0.00 0.00 0.00 0.00 0.02 0.05 0.08 0.12 0.16 0.19 0.23 0.27 0.30 0.32 0.34 0.35 0.37 0.39 0.41 0.44 0.47 0.49 0.51 0.52 0.53 0.53 0.51 0.48 0.44 0.38 0.33 0.28 0.23 0.18 0.14 0.10 0.06 0.03 0.01 0.00 0.00 0.00 0.00 0.00 0.00 0.00 0.00 0.00 0.00 0.00 0.00 0.00 0.01 0.06 0.18 0.35 0.56 0.82
0.41 0.38 0.35 0.31 0.27 0.24 0.20 0.16 0.13 0.10 0.07 0.05 0.03 0.01 0.00 0.00 0.00 0.00 0.00 0.00 0.00 0.00 0.00 0.00 0.00 0.00 0.00 0.00 0.00 0.00 0.01 0.02 0.05 0.08 0.12 0.15 0.19 0.22 0.25 0.28 0.30 0.32 0.34 0.36 0.39 0.42 0.44 0.47 0.48 0.49 0.49 0.48 0.46 0.42 0.38 0.34 0.30 0.25 0.21 0.16 0.12 0.09 0.06 0.03 0.01 0.00 0.00 0.00 0.00 0.00 0.00 0.00 0.00 0.00 0.00 0.00 0.00 0.00 0.00 0.01 0.07 0.18 0.35 0.57
0.36 0.33 0.30 0.27 0.24 0.21 0.17 0.14 0.11 0.09 0.06 0.04 0.02 0.01 0.00 0.00 0.00 0.00 0.00 0.00 0.00 0.00 0.00 0.00 0.00 0.00 0.00 0.00 0.00 0.00 0.00 0.01 0.02 0.05 0.08 0.11 0.15 0.18 0.21 0.24 0.27 0.29 0.31 0.34 0.36 0.39 0.41 0.43 0.45 0.45 0.45 0.43 0.40 0.36 0.33 0.29 0.26 0.22 0.18 0.15 0.11 0.08 0.05 0.03 0.01 0.00 0.00 0.00 0.00 0.00 0.00 0.00 0.00 0.00 0.00 0.00 0.00 0.00 0.00 0.00 0.01 0.07 0.18 0.35
0.30 0.28 0.25 0.23 0.20 0.18 0.15 0.12 0.10 0.08 0.05 0.04 0.02 0.01 0.00 0.00 0.00 0.00 0.00 0.00 0.00 0.00 0.00 0.00 0.00 0.00 0.00 0.00 0.00 0.00 0.00 0.00 0.01 0.03 0.05 0.08 0.11 0.14 0.17 0.20 0.23 0.25 0.28 0.30 0.33 0.36 0.38 0.39 0.40 0.40 0.39 0.37 0.34 0.31 0.28 0.25 0.22 0.19 0.16 0.13 0.10 0.07 0.05 0.03 0.01 0.00 0.00 0.00 0.00 0.00 0.00 0.00 0.00 0.00 0.00 0.00 0.00 0.00 0.00 0.00 0.00 0.01 0.07 0.18
0.25 0.23 0.21 0.19 0.17 0.15 0.13 0.11 0.08 0.07 0.05 0.03 0.02 0.01 0.00 0.00 0.00 0.00 0.00 0.00 0.00 0.00 0.00 0.00 0.00 0.00 0.00 0.00 0.00 0.00 0.00 0.00 0.00 0.01 0.03 0.05 0.08 0.10 0.14 0.16 0.19 0.22 0.24 0.27 0.30 0.32 0.34 0.35 0.35 0.34 0.33 0.30 0.28 0.26 0.23 0.21 0.19 0.16 0.14 0.11 0.09 0.06 0.04 0.02 0.01 0.00 0.00 0.00 0.00 0.00 0.00 0.00 0.00 0.00 0.00 0.00 0.00 0.00 0.00 0.00 0.00 0.00 0.01 0.07
0.20 0.18 0.17 0.15 0.13 0.12 0.10 0.09 0.07 0.06 0.04 0.03 0.02 0.01 0.00 0.00 0.00 0.00 0.00 0.00 0.00 0.00 0.00 0.00 0.00 0.00 0.00 0.00 0.00 0.00 0.00 0.00 0.00 0.00 0.01 0.03 0.05 0.07 0.10 0.13 0.16 0.18 0.21 0.24 0.26 0.28 0.29 0.30 0.29 0.28 0.26 0.24 0.23 0.21 0.19 0.17 0.15 0.13 0.11 0.09 0.07 0.05 0.04 0.02 0.01 0.00 0.00 0.00 0.00 0.00 0.00 0.00 0.00 0.00 0.00 0.00 0.00 0.00 0.00 0.00 0.00 0.00 0.00 0.01
0.15 0.14 0.13 0.11 0.10 0.09 0.08 0.07 0.06 0.05 0.03 0.02 0.01 0.01 0.00 0.00 0.00 0.00 0.00 0.00 0.00 0.00 0.00 0.00 0.00 0.00 0.00 0.00 0.00 0.00 0.00 0.00 0.00 0.00 0.00 0.01 0.03 0.05 0.07 0.10 0.12 0.15 0.18 0.20 0.22 0.24 0.24 0.24 0.23 0.22 0.21 0.19 0.18 0.16 0.15 0.13 0.12 0.10 0.09 0.08 0.06 0.04 0.03 0.02 0.01 0.00 0.00 0.00 0.00 0.00 0.00 0.00 0.00 0.00 0.00 0.00 0.00 0.00 0.00 0.00 0.00 0.00 0.00 0.00
0.10 0.10 0.09 0.08 0.07 0.07 0.06 0.05 0.04 0.04 0.03 0.02 0.01 0.01 0.00 0.00 0.00 0.00 0.00 0.00 0.00 0.00 0.00 0.00 0.00 0.00 0.00 0.00 0.00 0.00 0.00 0.00 0.00 0.00 0.00 0.00 0.01 0.03 0.05 0.07 0.09 0.12 0.14 0.16 0.18 0.19 0.19 0.19 0.18 0.16 0.15 0.14 0.13 0.12 0.11 0.10 0.09 0.08 0.07 0.06 0.05 0.04 0.02 0.01 0.01 0.00 0.00 0.00 0.00 0.00 0.00 0.00 0.00 0.00 0.00 0.00 0.00 0.00 0.00 0.00 0.00 0.00 0.00 0.00
0.06 0.06 0.06 0.05 0.05 0.04 0.04 0.04 0.03 0.03 0.02 0.02 0.01 0.01 0.00 0.00 0.00 0.00 0.00 0.00 0.00 0.00 0.00 0.00 0.00 0.00 0.00 0.00 0.00 0.00 0.00 0.00 0.00 0.00 0.00 0.00 0.00 0.01 0.02 0.04 0.07 0.09 0.11 0.13 0.14 0.14 0.14 0.13 0.13 0.12 0.11 0.10 0.10 0.09 0.08 0.07 0.07 0.06 0.05 0.04 0.04 0.03 0.02 0.01 0.01 0.00 0.00 0.00 0.00 0.00 0.00 0.00 0.00 0.00 0.00 0.00 0.00 0.00 0.00 0.00 0.00 0.00 0.00 0.00
0.03 0.03 0.03 0.03 0.03 0.03 0.02 0.02 0.02 0.02 0.01 0.01 0.01 0.01 0.00 0.00 0.00 0.00 0.00 0.00 0.00 0.00 0.00 0.00 0.00 0.00 0.00 0.00 0.00 0.00 0.00 0.00 0.00 0.00 0.00 0.00 0.00 0.00 0.01 0.02 0.04 0.06 0.08 0.09 0.10 0.10 0.09 0.09 0.08 0.08 0.07 0.07 0.06 0.06 0.05 0.05 0.04 0.04 0.03 0.03 0.02 0.02 0.01 0.01 0.00 0.00 0.00 0.00 0.00 0.00 0.00 0.00 0.00 0.00 0.00 0.00 0.00 0.00 0.00 0.00 0.00 0.00 0.00 0.00
