data_processed/recharge/precip/Precip_1992_08.asc
ncols        168
nrows        136
xllcorner    455000
yllcorner    2107000
cellsize     500
NODATA_value     -99999
[rows 96 to 127 of 136, columns 73 to 145 of 168]
135.72 134.79 133.96 133.23 132.56 131.97 131.50 131.15 130.92 130.80 130.80 130.97 131.34 131.89 132.60 133.45 134.43 135.51 136.67 137.90 139.18 140.47 141.78 143.07 144.33 145.52 146.54 147.35 147.90 148.17 148.13 147.70 146.82 145.48 143.71 141.53 138.97 136.13 133.14 130.07 126.92 123.74 120.54 117.34 114.17 111.06 108.03 105.10 102.29 99.63 97.15 94.87 92.86 91.18 89.84 88.86 88.23 87.96 87.86 87.81 87.80 87.83 87.88 87.95 87.98 87.95 87.86 87.69 87.46 87.15 86.77 86.30 85.76
135.75 134.85 134.05 133.34 132.68 132.11 131.65 131.30 131.07 130.97 131.03 131.30 131.74 132.36 133.12 134.01 135.00 136.08 137.24 138.43 139.66 140.90 142.13 143.32 144.47 145.55 146.52 147.29 147.79 147.99 147.87 147.35 146.36 144.91 143.02 140.71 138.08 135.28 132.37 129.36 126.29 123.17 120.03 116.90 113.79 110.74 107.76 104.88 102.13 99.52 97.08 94.84 92.83 91.10 89.73 88.71 88.06 87.77 87.66 87.60 87.57 87.58 87.61 87.61 87.56 87.44 87.27 87.04 86.74 86.37 85.94 85.43 84.84
135.72 134.86 134.08 133.37 132.72 132.15 131.70 131.35 131.13 131.08 131.24 131.58 132.10 132.76 133.55 134.46 135.45 136.52 137.64 138.79 139.95 141.11 142.24 143.32 144.35 145.28 146.11 146.80 147.23 147.36 147.14 146.52 145.43 143.85 141.83 139.45 136.87 134.15 131.32 128.39 125.39 122.34 119.28 116.21 113.17 110.19 107.27 104.45 101.76 99.21 96.82 94.64 92.67 90.94 89.53 88.48 87.81 87.50 87.38 87.31 87.27 87.25 87.22 87.14 87.01 86.83 86.60 86.30 85.95 85.54 85.06 84.52 83.90
135.57 134.78 134.03 133.33 132.68 132.11 131.64 131.30 131.14 131.18 131.41 131.82 132.38 133.07 133.88 134.78 135.76 136.79 137.86 138.94 140.02 141.08 142.10 143.05 143.93 144.70 145.36 145.87 146.20 146.24 145.92 145.19 143.97 142.26 140.17 137.85 135.36 132.73 129.98 127.14 124.22 121.26 118.27 115.28 112.32 109.40 106.55 103.80 101.17 98.69 96.37 94.24 92.33 90.65 89.25 88.17 87.48 87.16 87.03 86.94 86.88 86.81 86.70 86.55 86.36 86.12 85.83 85.50 85.11 84.66 84.15 83.59 82.96
135.27 134.59 133.89 133.19 132.54 131.95 131.49 131.20 131.12 131.24 131.53 131.98 132.57 133.27 134.08 134.96 135.90 136.88 137.88 138.88 139.86 140.80 141.69 142.50 143.21 143.80 144.26 144.57 144.69 144.60 144.16 143.31 141.96 140.19 138.16 135.94 133.55 131.02 128.36 125.61 122.78 119.90 117.00 114.09 111.21 108.37 105.60 102.93 100.37 97.96 95.71 93.64 91.80 90.18 88.83 87.77 87.06 86.73 86.59 86.48 86.37 86.23 86.06 85.86 85.61 85.33 85.00 84.63 84.21 83.75 83.23 82.65 82.02
134.88 134.26 133.62 132.95 132.29 131.69 131.28 131.07 131.07 131.25 131.58 132.06 132.65 133.35 134.13 134.98 135.86 136.77 137.69 138.59 139.45 140.26 140.99 141.64 142.17 142.56 142.81 142.88 142.76 142.43 141.84 140.86 139.44 137.74 135.83 133.71 131.43 129.00 126.44 123.79 121.06 118.27 115.46 112.65 109.85 107.10 104.42 101.82 99.35 97.01 94.83 92.84 91.07 89.53 88.24 87.24 86.55 86.21 86.06 85.90 85.73 85.54 85.31 85.06 84.78 84.46 84.11 83.72 83.29 82.81 82.29 81.72 81.09
134.45 133.84 133.22 132.57 131.91 131.36 131.03 130.90 130.95 131.17 131.53 132.01 132.60 133.28 134.02 134.81 135.62 136.44 137.26 138.03 138.76 139.42 139.99 140.45 140.78 140.96 140.97 140.80 140.42 139.81 138.96 137.87 136.54 134.96 133.16 131.16 128.98 126.66 124.21 121.66 119.04 116.36 113.64 110.93 108.22 105.57 102.97 100.47 98.08 95.82 93.73 91.83 90.13 88.66 87.45 86.52 85.90 85.60 85.41 85.21 84.98 84.74 84.48 84.20 83.89 83.55 83.18 82.78 82.35 81.88 81.36 80.81 80.21
133.87 133.26 132.64 132.00 131.35 130.83 130.57 130.50 130.59 130.84 131.21 131.69 132.26 132.90 133.59 134.31 135.04 135.77 136.46 137.11 137.69 138.19 138.57 138.84 138.96 138.91 138.68 138.25 137.59 136.70 135.62 134.47 133.21 131.75 130.07 128.19 126.14 123.93 121.60 119.16 116.64 114.06 111.46 108.84 106.24 103.68 101.19 98.78 96.48 94.31 92.31 90.49 88.88 87.49 86.36 85.51 85.00 84.90 84.83 84.59 84.32 84.04 83.75 83.44 83.11 82.76 82.38 81.98 81.55 81.08 80.59 80.05 79.48
133.07 132.46 131.84 131.21 130.56 130.03 129.78 129.76 129.89 130.15 130.53 131.00 131.54 132.14 132.77 133.42 134.06 134.67 135.24 135.75 136.18 136.50 136.70 136.76 136.66 136.38 135.90 135.20 134.26 133.14 131.95 130.74 129.47 128.10 126.54 124.79 122.85 120.77 118.55 116.23 113.82 111.36 108.86 106.35 103.86 101.40 99.01 96.70 94.50 92.43 90.52 88.79 87.27 85.97 84.93 84.19 83.90 84.09 84.29 84.16 83.87 83.56 83.23 82.90 82.55 82.19 81.81 81.40 80.98 80.53 80.05 79.54 78.99
132.06 131.45 130.86 130.25 129.58 129.02 128.73 128.71 128.86 129.14 129.51 129.96 130.47 131.02 131.58 132.14 132.68 133.18 133.63 133.99 134.25 134.39 134.40 134.25 133.92 133.40 132.66 131.68 130.52 129.29 128.03 126.76 125.44 124.06 122.59 120.96 119.16 117.20 115.10 112.90 110.61 108.27 105.89 103.49 101.11 98.76 96.47 94.27 92.17 90.20 88.39 86.75 85.32 84.12 83.19 82.69 82.69 83.16 83.63 83.77 83.60 83.27 82.92 82.56 82.20 81.82 81.44 81.04 80.62 80.18 79.72 79.24 78.73
130.88 130.31 129.75 129.15 128.45 127.83 127.50 127.42 127.55 127.83 128.19 128.62 129.08 129.57 130.06 130.53 130.96 131.34 131.64 131.85 131.94 131.90 131.70 131.33 130.77 129.99 128.99 127.79 126.51 125.20 123.87 122.54 121.17 119.76 118.30 116.76 115.09 113.26 111.29 109.21 107.05 104.83 102.56 100.29 98.02 95.78 93.61 91.51 89.52 87.66 85.95 84.41 83.08 82.00 81.32 81.11 81.39 82.12 82.85 83.26 83.35 83.14 82.78 82.40 82.02 81.64 81.25 80.86 80.45 80.03 79.59 79.14 78.66
129.60 129.09 128.56 127.94 127.19 126.50 126.10 125.96 126.02 126.26 126.60 126.99 127.40 127.82 128.22 128.60 128.92 129.16 129.32 129.36 129.28 129.04 128.63 128.03 127.23 126.20 124.97 123.65 122.28 120.89 119.50 118.12 116.71 115.26 113.77 112.25 110.68 108.98 107.14 105.20 103.16 101.07 98.93 96.77 94.62 92.51 90.45 88.46 86.58 84.83 83.23 81.80 80.60 79.77 79.38 79.46 80.01 80.98 81.96 82.62 82.97 83.01 82.77 82.39 82.01 81.62 81.23 80.84 80.45 80.05 79.63 79.21 78.77
128.29 127.82 127.30 126.65 125.84 125.07 124.58 124.35 124.33 124.49 124.76 125.10 125.46 125.81 126.12 126.39 126.58 126.69 126.69 126.57 126.29 125.85 125.23 124.40 123.34 122.10 120.74 119.32 117.87 116.40 114.95 113.52 112.07 110.58 109.07 107.54 105.99 104.39 102.70 100.89 98.98 97.02 95.01 92.98 90.96 88.96 87.02 85.16 83.40 81.76 80.27 78.98 78.03 77.50 77.41 77.76 78.55 79.76 80.96 81.86 82.45 82.75 82.76 82.51 82.12 81.73 81.35 80.97 80.59 80.21 79.82 79.43 79.03
126.98 126.54 126.01 125.32 124.42 123.56 122.97 122.64 122.52 122.57 122.75 123.01 123.29 123.56 123.77 123.93 123.99 123.96 123.79 123.49 123.02 122.37 121.52 120.45 119.18 117.80 116.33 114.82 113.28 111.75 110.24 108.76 107.27 105.76 104.23 102.68 101.13 99.57 97.98 96.31 94.55 92.71 90.84 88.94 87.05 85.18 83.37 81.63 79.99 78.47 77.12 76.09 75.45 75.22 75.40 76.00 77.03 78.45 79.86 80.98 81.81 82.35 82.61 82.60 82.34 81.96 81.58 81.21 80.85 80.49 80.14 79.78 79.42
125.70 125.28 124.72 123.98 122.98 122.00 121.30 120.85 120.61 120.55 120.61 120.75 120.93 121.10 121.22 121.25 121.17 120.98 120.65 120.16 119.49 118.62 117.54 116.26 114.85 113.35 111.78 110.18 108.56 106.96 105.40 103.88 102.35 100.81 99.26 97.71 96.15 94.60 93.06 91.50 89.88 88.19 86.45 84.69 82.93 81.20 79.52 77.90 76.39 75.02 73.94 73.22 72.89 72.94 73.38 74.21 75.46 77.07 78.68 80.00 81.04 81.81 82.31 82.54 82.52 82.27 81.91 81.55 81.21 80.88 80.55 80.23 79.91
124.49 124.07 123.48 122.65 121.55 120.43 119.60 119.02 118.65 118.45 118.37 118.38 118.43 118.48 118.48 118.38 118.16 117.81 117.30 116.62 115.74 114.64 113.35 111.92 110.38 108.77 107.11 105.41 103.72 102.06 100.44 98.88 97.32 95.76 94.20 92.64 91.09 89.55 88.02 86.52 85.02 83.48 81.88 80.26 78.64 77.05 75.50 74.02 72.66 71.56 70.80 70.39 70.34 70.66 71.34 72.40 73.84 75.63 77.42 78.93 80.17 81.14 81.86 82.32 82.55 82.53 82.30 81.97 81.64 81.34 81.05 80.76 80.49
123.39 122.94 122.29 121.38 120.14 118.88 117.90 117.17 116.65 116.30 116.08 115.94 115.84 115.74 115.59 115.35 114.98 114.46 113.77 112.88 111.79 110.49 109.04 107.47 105.82 104.09 102.33 100.56 98.79 97.07 95.40 93.81 92.22 90.64 89.07 87.51 85.96 84.43 82.93 81.46 80.02 78.60 77.16 75.69 74.21 72.76 71.35 70.04 68.95 68.18 67.73 67.61 67.83 68.39 69.30 70.56 72.19 74.15 76.09 77.77 79.20 80.36 81.28 81.96 82.40 82.62 82.62 82.42 82.13 81.85 81.60 81.36 81.13
122.41 121.93 121.21 120.19 118.81 117.38 116.24 115.34 114.66 114.14 113.75 113.45 113.18 112.92 112.61 112.21 111.67 110.97 110.09 108.99 107.70 106.23 104.64 102.95 101.17 99.34 97.49 95.63 93.80 92.02 90.31 88.68 87.07 85.47 83.89 82.33 80.79 79.28 77.81 76.37 74.98 73.63 72.32 70.99 69.67 68.36 67.12 66.09 65.34 64.88 64.73 64.88 65.35 66.15 67.26 68.72 70.51 72.61 74.70 76.54 78.13 79.47 80.58 81.45 82.10 82.54 82.77 82.79 82.63 82.40 82.18 81.98 81.81
121.60 121.07 120.26 119.11 117.57 115.97 114.64 113.56 112.70 112.00 111.43 110.95 110.50 110.05 109.56 108.97 108.26 107.38 106.29 105.00 103.53 101.92 100.19 98.36 96.47 94.54 92.60 90.66 88.76 86.93 85.18 83.51 81.88 80.27 78.69 77.13 75.61 74.12 72.68 71.28 69.93 68.64 67.41 66.22 65.05 63.92 62.97 62.27 61.84 61.68 61.81 62.22 62.93 63.94 65.25 66.87 68.82 71.05 73.27 75.25 76.98 78.49 79.76 80.82 81.66 82.30 82.74 82.98 83.04 82.94 82.77 82.62 82.48
120.98 120.39 119.48 118.19 116.47 114.67 113.14 111.87 110.81 109.92 109.15 108.46 107.82 107.17 106.48 105.70 104.79 103.70 102.42 100.95 99.32 97.56 95.69 93.75 91.75 89.72 87.69 85.68 83.71 81.83 80.04 78.35 76.70 75.08 73.49 71.94 70.44 68.97 67.56 66.21 64.91 63.68 62.51 61.42 60.41 59.57 58.96 58.59 58.47 58.59 58.98 59.64 60.56 61.77 63.26 65.04 67.11 69.47 71.80 73.90 75.77 77.41 78.84 80.06 81.08 81.90 82.54 82.99 83.27 83.38 83.34 83.23 83.11
120.59 119.92 118.89 117.44 115.53 113.52 111.78 110.29 109.02 107.91 106.93 106.03 105.17 104.31 103.40 102.41 101.28 99.99 98.52 96.88 95.10 93.19 91.19 89.13 87.02 84.89 82.78 80.70 78.67 76.74 74.91 73.20 71.54 69.91 68.33 66.79 65.30 63.86 62.49 61.18 59.93 58.76 57.67 56.68 55.90 55.40 55.12 55.06 55.22 55.62 56.26 57.14 58.26 59.65 61.30 63.22 65.42 67.87 70.29 72.50 74.49 76.26 77.83 79.19 80.37 81.36 82.17 82.82 83.30 83.62 83.78 83.78 83.68
120.47 119.69 118.53 116.91 114.79 112.55 110.58 108.87 107.36 106.02 104.81 103.68 102.59 101.50 100.36 99.14 97.78 96.27 94.62 92.82 90.88 88.84 86.71 84.53 82.31 80.09 77.90 75.75 73.67 71.69 69.83 68.10 66.42 64.79 63.21 61.69 60.22 58.82 57.48 56.22 55.03 53.93 52.93 52.15 51.66 51.43 51.45 51.69 52.13 52.77 53.64 54.73 56.04 57.60 59.39 61.43 63.73 66.26 68.77 71.07 73.15 75.04 76.72 78.22 79.54 80.69 81.66 82.48 83.14 83.65 84.00 84.18 84.18
120.63 119.74 118.43 116.62 114.27 111.79 109.58 107.62 105.87 104.28 102.83 101.45 100.11 98.78 97.39 95.91 94.31 92.59 90.74 88.78 86.70 84.52 82.26 79.97 77.65 75.35 73.07 70.85 68.72 66.70 64.82 63.06 61.38 59.75 58.18 56.67 55.23 53.86 52.57 51.36 50.23 49.22 48.43 47.92 47.68 47.71 47.99 48.49 49.18 50.06 51.14 52.42 53.91 55.61 57.54 59.69 62.07 64.67 67.24 69.61 71.78 73.75 75.55 77.16 78.61 79.89 81.01 81.99 82.81 83.49 84.01 84.37 84.54
121.12 120.10 118.62 116.60 114.02 111.27 108.80 106.58 104.57 102.72 101.00 99.37 97.77 96.17 94.51 92.76 90.91 88.96 86.92 84.79 82.57 80.26 77.89 75.48 73.07 70.67 68.32 66.04 63.86 61.80 59.89 58.13 56.44 54.81 53.25 51.76 50.35 49.02 47.77 46.61 45.58 44.76 44.23 43.98 43.99 44.25 44.75 45.47 46.40 47.50 48.78 50.23 51.88 53.71 55.75 57.99 60.44 63.09 65.70 68.13 70.37 72.42 74.30 76.02 77.57 78.97 80.23 81.35 82.33 83.16 83.84 84.35 84.68
121.97 120.80 119.13 116.90 114.05 111.04 108.28 105.79 103.50 101.37 99.38 97.46 95.58 93.69 91.73 89.69 87.58 85.41 83.17 80.86 78.50 76.07 73.60 71.08 68.58 66.10 63.68 61.34 59.11 57.02 55.09 53.31 51.62 50.00 48.45 46.99 45.61 44.32 43.12 42.04 41.20 40.64 40.36 40.34 40.58 41.06 41.76 42.68 43.79 45.09 46.55 48.16 49.95 51.90 54.03 56.34 58.85 61.53 64.18 66.64 68.93 71.05 73.00 74.80 76.45 77.95 79.33 80.58 81.70 82.67 83.49 84.15 84.64
123.20 121.87 120.00 117.53 114.41 111.11 108.06 105.27 102.69 100.27 97.98 95.77 93.57 91.34 89.07 86.74 84.37 81.97 79.52 77.04 74.52 71.98 69.40 66.80 64.21 61.65 59.16 56.77 54.50 52.37 50.42 48.63 46.94 45.33 43.81 42.37 41.02 39.78 38.66 37.77 37.17 36.85 36.80 37.01 37.45 38.13 39.02 40.11 41.40 42.85 44.47 46.23 48.13 50.18 52.39 54.77 57.31 60.00 62.67 65.16 67.48 69.65 71.66 73.52 75.25 76.85 78.34 79.71 80.95 82.05 83.00 83.79 84.41
124.85 123.35 121.26 118.54 115.13 111.52 108.16 105.06 102.17 99.44 96.84 94.29 91.73 89.15 86.55 83.94 81.30 78.65 76.00 73.33 70.66 67.99 65.32 62.65 59.98 57.35 54.80 52.36 50.04 47.89 45.92 44.13 42.44 40.85 39.34 37.93 36.63 35.45 34.51 33.86 33.50 33.40 33.57 33.97 34.61 35.47 36.53 37.78 39.21 40.80 42.55 44.43 46.44 48.58 50.85 53.27 55.83 58.53 61.19 63.69 66.03 68.22 70.27 72.19 73.99 75.69 77.28 78.75 80.11 81.32 82.39 83.30 84.04
126.96 125.26 122.95 119.95 116.24 112.30 108.62 105.19 101.97 98.92 95.96 93.02 90.08 87.14 84.21 81.30 78.39 75.50 72.63 69.78 66.95 64.14 61.37 58.62 55.90 53.23 50.62 48.12 45.78 43.60 41.62 39.82 38.14 36.56 35.08 33.71 32.47 31.46 30.76 30.33 30.19 30.30 30.66 31.25 32.06 33.08 34.29 35.68 37.24 38.96 40.81 42.79 44.89 47.09 49.41 51.85 54.42 57.10 59.74 62.23 64.58 66.79 68.86 70.83 72.70 74.49 76.17 77.74 79.19 80.50 81.67 82.69 83.54
129.55 127.64 125.08 121.80 117.77 113.48 109.46 105.70 102.13 98.70 95.32 91.96 88.63 85.34 82.08 78.85 75.67 72.53 69.44 66.40 63.40 60.46 57.57 54.74 51.98 49.27 46.64 44.10 41.72 39.52 37.53 35.73 34.07 32.50 31.05 29.74 28.66 27.89 27.40 27.19 27.24 27.54 28.07 28.83 29.80 30.96 32.30 33.82 35.49 37.31 39.25 41.31 43.48 45.74 48.09 50.53 53.09 55.74 58.34 60.81 63.14 65.35 67.45 69.48 71.43 73.28 75.04 76.69 78.22 79.62 80.88 81.98 82.93
132.64 130.52 127.70 124.12 119.75 115.11 110.73 106.60 102.64 98.75 94.92 91.14 87.42 83.76 80.16 76.63 73.17 69.78 66.46 63.21 60.05 56.96 53.96 51.05 48.22 45.49 42.85 40.30 37.89 35.68 33.68 31.89 30.24 28.70 27.30 26.14 25.29 24.73 24.44 24.42 24.65 25.12 25.81 26.72 27.82 29.11 30.58 32.20 33.96 35.86 37.88 40.00 42.22 44.51 46.88 49.32 51.84 54.45 57.00 59.43 61.73 63.94 66.09 68.17 70.17 72.09 73.91 75.62 77.22 78.69 80.02 81.21 82.24
136.19 133.91 130.83 126.93 122.21 117.20 112.45 107.90 103.45 99.08 94.79 90.59 86.47 82.44 78.50 74.65 70.90 67.25 63.70 60.26 56.92 53.69 50.57 47.56 44.67 41.90 39.25 36.72 34.33 32.10 30.10 28.32 26.68 25.19 23.94 23.00 22.36 21.99 21.89 22.04 22.43 23.05 23.89 24.92 26.15 27.55 29.10 30.81 32.65 34.62 36.69 38.86 41.11 43.43 45.80 48.22 50.70 53.24 55.73 58.10 60.38 62.62 64.80 66.92 68.96 70.93 72.79 74.56 76.21 77.74 79.14 80.39 81.49
140.23 137.79 134.49 130.28 125.19 119.79 114.60 109.53 104.57 99.71 94.96 90.33 85.81 81.40 77.11 72.95 68.91 64.99 61.21 57.55 54.03 50.65 47.40 44.30 41.34 38.53 35.87 33.36 31.00 28.80 26.81 25.04 23.45 22.10 21.06 20.32 19.86 19.67 19.73 20.04 20.58 21.34 22.29 23.44 24.77 26.26 27.89 29.67 31.57 33.58 35.69 37.89 40.15 42.47 44.84 47.24 49.66 52.12 54.53 56.86 59.15 61.40 63.61 65.75 67.82 69.82 71.72 73.52 75.22 76.79 78.23 79.54 80.69
