data_processed/recharge/precip/Precip_2012_07.asc
ncols        168
nrows        136
xllcorner    455000
yllcorner    2107000
cellsize     500
NODATA_value     -99999
[rows 32 to 63 of 136, columns 71 to 141 of 168]
210.00 211.04 211.91 212.59 213.06 213.33 213.41 213.25 212.78 211.98 210.88 209.51 207.88 206.03 203.98 201.76 199.38 196.87 194.26 191.57 188.82 186.04 183.26 180.50 177.78 175.13 172.56 170.08 167.62 165.19 162.83 160.58 158.44 156.42 154.49 152.66 150.94 149.32 147.81 146.42 145.13 143.97 142.92 142.00 141.19 140.52 139.98 139.57 139.29 139.15 139.15 139.29 139.58 139.97 140.39 140.84 141.32 141.88 142.54 143.46 144.80 146.55 148.70 151.21 154.06 157.23 160.70 164.43 168.40 172.59 176.98
207.27 208.30 209.15 209.80 210.25 210.52 210.60 210.50 210.17 209.54 208.60 207.38 205.91 204.20 202.29 200.19 197.94 195.55 193.04 190.46 187.81 185.13 182.43 179.75 177.10 174.51 171.97 169.43 166.88 164.37 161.94 159.64 157.46 155.40 153.46 151.64 149.92 148.32 146.83 145.46 144.20 143.07 142.07 141.19 140.45 139.84 139.36 139.02 138.82 138.77 138.86 139.10 139.44 139.81 140.20 140.60 141.04 141.56 142.16 142.85 143.80 145.19 146.99 149.20 151.78 154.71 157.96 161.52 165.35 169.43 173.73
204.61 205.60 206.41 207.03 207.46 207.72 207.79 207.70 207.42 206.93 206.16 205.10 203.77 202.21 200.43 198.46 196.33 194.06 191.67 189.18 186.63 184.04 181.43 178.83 176.25 173.69 171.09 168.47 165.86 163.28 160.80 158.45 156.23 154.16 152.23 150.43 148.74 147.17 145.73 144.41 143.21 142.14 141.21 140.41 139.74 139.21 138.83 138.59 138.50 138.55 138.76 139.07 139.41 139.76 140.12 140.48 140.88 141.36 141.92 142.55 143.28 144.29 145.72 147.59 149.86 152.52 155.53 158.87 162.52 166.46 170.65
202.01 202.95 203.72 204.31 204.71 204.94 205.01 204.91 204.64 204.21 203.57 202.66 201.48 200.06 198.42 196.58 194.57 192.41 190.13 187.76 185.30 182.80 180.28 177.75 175.20 172.60 169.93 167.25 164.57 161.95 159.42 157.04 154.81 152.74 150.82 149.04 147.41 145.91 144.53 143.29 142.17 141.19 140.35 139.65 139.09 138.67 138.40 138.29 138.32 138.51 138.81 139.13 139.46 139.79 140.12 140.45 140.81 141.26 141.79 142.40 143.08 143.86 144.91 146.41 148.34 150.69 153.42 156.53 159.97 163.72 167.77
199.47 200.36 201.08 201.63 201.99 202.20 202.25 202.14 201.87 201.45 200.87 200.09 199.06 197.78 196.27 194.56 192.68 190.63 188.46 186.19 183.83 181.42 178.98 176.49 173.91 171.24 168.52 165.78 163.07 160.40 157.85 155.45 153.22 151.16 149.26 147.52 145.95 144.54 143.25 142.11 141.10 140.23 139.51 138.93 138.50 138.22 138.10 138.13 138.32 138.61 138.93 139.25 139.58 139.90 140.21 140.51 140.84 141.25 141.75 142.34 143.01 143.75 144.58 145.69 147.25 149.26 151.69 154.51 157.71 161.26 165.13
197.01 197.84 198.51 199.01 199.33 199.50 199.53 199.40 199.13 198.71 198.14 197.42 196.52 195.38 194.00 192.42 190.66 188.73 186.67 184.49 182.24 179.91 177.52 174.99 172.36 169.64 166.88 164.11 161.36 158.68 156.11 153.71 151.49 149.45 147.59 145.91 144.40 143.07 141.91 140.88 140.01 139.28 138.70 138.27 138.00 137.88 137.92 138.13 138.44 138.77 139.10 139.43 139.75 140.06 140.36 140.63 140.93 141.33 141.81 142.38 143.03 143.76 144.56 145.46 146.64 148.27 150.35 152.87 155.79 159.09 162.75
194.64 195.41 196.01 196.46 196.73 196.86 196.85 196.71 196.42 196.00 195.44 194.73 193.88 192.86 191.63 190.17 188.53 186.71 184.76 182.69 180.52 178.26 175.83 173.27 170.59 167.84 165.05 162.25 159.49 156.80 154.23 151.85 149.65 147.65 145.84 144.23 142.80 141.56 140.51 139.64 138.92 138.35 137.94 137.68 137.59 137.66 137.90 138.24 138.60 138.96 139.31 139.65 139.97 140.28 140.56 140.82 141.10 141.47 141.93 142.49 143.13 143.85 144.65 145.53 146.49 147.74 149.46 151.63 154.24 157.26 160.68
192.37 193.06 193.60 193.98 194.20 194.29 194.24 194.07 193.76 193.33 192.77 192.07 191.24 190.28 189.15 187.82 186.30 184.60 182.76 180.79 178.68 176.39 173.93 171.33 168.63 165.86 163.05 160.25 157.49 154.80 152.25 149.89 147.74 145.79 144.05 142.51 141.17 140.04 139.11 138.38 137.84 137.46 137.24 137.19 137.30 137.58 137.97 138.38 138.78 139.16 139.54 139.89 140.23 140.53 140.81 141.05 141.31 141.67 142.12 142.67 143.31 144.03 144.83 145.71 146.65 147.70 149.03 150.83 153.09 155.81 158.94
190.20 190.82 191.28 191.60 191.75 191.79 191.70 191.49 191.16 190.71 190.14 189.44 188.63 187.68 186.62 185.40 183.99 182.41 180.67 178.77 176.65 174.33 171.84 169.22 166.51 163.73 160.92 158.13 155.38 152.72 150.19 147.87 145.77 143.89 142.23 140.78 139.55 138.54 137.74 137.16 136.79 136.62 136.63 136.80 137.14 137.59 138.06 138.51 138.95 139.38 139.78 140.16 140.50 140.81 141.08 141.31 141.56 141.91 142.36 142.90 143.54 144.26 145.07 145.96 146.92 147.95 149.08 150.50 152.39 154.76 157.59
188.15 188.68 189.07 189.31 189.40 189.37 189.24 188.99 188.63 188.15 187.57 186.87 186.05 185.13 184.08 182.92 181.62 180.15 178.48 176.57 174.43 172.09 169.59 166.97 164.25 161.48 158.69 155.92 153.20 150.57 148.08 145.82 143.79 141.99 140.42 139.08 137.97 137.09 136.44 136.02 135.83 135.86 136.10 136.52 137.05 137.59 138.12 138.63 139.12 139.59 140.02 140.42 140.78 141.10 141.38 141.60 141.85 142.19 142.63 143.18 143.82 144.55 145.37 146.27 147.25 148.30 149.43 150.64 152.15 154.15 156.68
186.23 186.67 186.97 187.13 187.15 187.06 186.86 186.57 186.17 185.67 185.06 184.35 183.53 182.61 181.58 180.45 179.20 177.80 176.13 174.21 172.06 169.71 167.22 164.60 161.90 159.15 156.39 153.65 150.98 148.39 145.96 143.77 141.82 140.12 138.66 137.44 136.46 135.73 135.24 135.00 134.99 135.22 135.69 136.31 136.94 137.56 138.16 138.73 139.27 139.78 140.25 140.68 141.06 141.40 141.68 141.90 142.14 142.48 142.93 143.48 144.13 144.88 145.71 146.63 147.63 148.71 149.86 151.09 152.40 154.06 156.28
184.45 184.79 185.00 185.07 185.01 184.85 184.59 184.24 183.80 183.26 182.63 181.90 181.08 180.16 179.14 178.02 176.77 175.32 173.63 171.70 169.56 167.22 164.74 162.15 159.48 156.77 154.05 151.36 148.74 146.22 143.86 141.75 139.90 138.30 136.96 135.88 135.06 134.49 134.17 134.11 134.30 134.75 135.37 136.07 136.78 137.48 138.15 138.78 139.38 139.94 140.45 140.92 141.33 141.68 141.97 142.20 142.44 142.79 143.24 143.80 144.47 145.23 146.08 147.03 148.06 149.17 150.35 151.62 152.98 154.52 156.42
182.82 183.05 183.16 183.14 183.00 182.75 182.43 182.02 181.53 180.95 180.28 179.53 178.69 177.76 176.75 175.61 174.28 172.75 171.02 169.09 166.96 164.65 162.20 159.65 157.02 154.36 151.70 149.07 146.52 144.07 141.80 139.79 138.05 136.57 135.37 134.44 133.78 133.38 133.26 133.40 133.80 134.40 135.08 135.80 136.57 137.34 138.09 138.79 139.45 140.06 140.62 141.12 141.57 141.94 142.25 142.49 142.73 143.09 143.55 144.13 144.81 145.60 146.48 147.45 148.51 149.66 150.88 152.22 153.70 155.31 157.07
181.35 181.47 181.47 181.35 181.11 180.79 180.39 179.91 179.36 178.73 178.03 177.25 176.39 175.45 174.40 173.17 171.74 170.14 168.35 166.41 164.30 162.03 159.63 157.12 154.55 151.95 149.36 146.82 144.35 141.99 139.82 137.92 136.30 134.97 133.91 133.15 132.66 132.45 132.53 132.88 133.44 134.08 134.78 135.53 136.32 137.13 137.95 138.73 139.46 140.13 140.74 141.29 141.76 142.17 142.50 142.75 143.00 143.37 143.85 144.45 145.16 145.97 146.88 147.88 148.98 150.17 151.47 152.92 154.50 156.20 158.02
180.04 180.05 179.94 179.72 179.38 178.96 178.48 177.93 177.32 176.63 175.88 175.07 174.18 173.19 172.03 170.69 169.18 167.50 165.68 163.71 161.61 159.39 157.04 154.60 152.11 149.59 147.08 144.62 142.25 140.00 137.94 136.17 134.69 133.51 132.62 132.03 131.73 131.73 132.02 132.52 133.12 133.78 134.50 135.26 136.06 136.89 137.75 138.60 139.40 140.13 140.80 141.39 141.91 142.35 142.70 142.97 143.24 143.63 144.13 144.75 145.49 146.33 147.27 148.32 149.46 150.72 152.13 153.67 155.34 157.13 159.01
178.92 178.80 178.58 178.24 177.79 177.28 176.71 176.08 175.40 174.66 173.86 172.99 172.04 170.93 169.65 168.21 166.61 164.88 163.02 161.04 158.95 156.76 154.48 152.12 149.71 147.29 144.88 142.53 140.27 138.14 136.21 134.57 133.24 132.23 131.52 131.12 131.03 131.24 131.68 132.22 132.83 133.49 134.22 134.99 135.80 136.64 137.50 138.39 139.25 140.06 140.78 141.43 141.99 142.47 142.85 143.15 143.44 143.84 144.37 145.02 145.79 146.67 147.65 148.74 149.96 151.32 152.82 154.45 156.20 158.05 160.00
177.98 177.73 177.39 176.93 176.37 175.76 175.09 174.38 173.62 172.81 171.95 171.01 169.92 168.68 167.28 165.74 164.08 162.30 160.41 158.42 156.35 154.20 151.98 149.71 147.40 145.08 142.79 140.56 138.43 136.43 134.64 133.15 131.99 131.16 130.64 130.45 130.57 130.93 131.40 131.94 132.56 133.23 133.95 134.72 135.53 136.38 137.24 138.13 139.02 139.89 140.68 141.39 142.00 142.52 142.94 143.26 143.57 144.01 144.57 145.25 146.06 146.97 148.00 149.17 150.48 151.93 153.52 155.22 157.03 158.94 160.93
177.25 176.86 176.38 175.81 175.13 174.40 173.64 172.84 171.99 171.11 170.15 169.06 167.83 166.45 164.94 163.32 161.60 159.77 157.86 155.88 153.83 151.73 149.58 147.41 145.21 143.01 140.84 138.74 136.75 134.90 133.26 131.95 130.97 130.33 130.02 130.04 130.31 130.70 131.16 131.70 132.31 132.98 133.70 134.47 135.28 136.11 136.97 137.85 138.74 139.63 140.48 141.25 141.92 142.49 142.95 143.30 143.64 144.11 144.70 145.43 146.27 147.24 148.34 149.59 150.99 152.52 154.18 155.94 157.80 159.76 161.78
176.72 176.19 175.58 174.87 174.07 173.23 172.36 171.46 170.52 169.53 168.41 167.16 165.78 164.28 162.67 160.98 159.19 157.34 155.42 153.44 151.43 149.38 147.31 145.23 143.15 141.09 139.07 137.12 135.28 133.59 132.12 130.99 130.20 129.77 129.68 129.84 130.13 130.51 130.97 131.50 132.10 132.76 133.47 134.23 135.02 135.85 136.70 137.56 138.44 139.32 140.19 141.01 141.74 142.36 142.86 143.25 143.63 144.13 144.77 145.53 146.43 147.46 148.65 149.99 151.47 153.06 154.77 156.58 158.49 160.47 162.51
176.42 175.74 174.98 174.14 173.21 172.24 171.26 170.25 169.19 168.02 166.73 165.32 163.80 162.19 160.50 158.73 156.90 155.02 153.09 151.14 149.17 147.18 145.20 143.23 141.28 139.36 137.49 135.70 134.04 132.52 131.24 130.30 129.73 129.51 129.56 129.74 130.02 130.38 130.82 131.34 131.93 132.57 133.26 134.00 134.78 135.58 136.42 137.26 138.12 138.98 139.83 140.67 141.45 142.12 142.68 143.11 143.52 144.07 144.75 145.56 146.53 147.65 148.92 150.33 151.86 153.51 155.27 157.11 159.04 161.04 163.09
176.40 175.51 174.61 173.62 172.55 171.45 170.35 169.20 167.96 166.59 165.13 163.57 161.92 160.21 158.43 156.61 154.74 152.84 150.92 149.00 147.07 145.16 143.27 141.41 139.60 137.84 136.15 134.54 133.05 131.73 130.64 129.92 129.56 129.48 129.54 129.71 129.96 130.31 130.73 131.23 131.79 132.41 133.08 133.79 134.55 135.33 136.13 136.95 137.78 138.61 139.44 140.25 141.04 141.77 142.37 142.85 143.31 143.90 144.63 145.52 146.56 147.76 149.10 150.56 152.15 153.84 155.62 157.49 159.43 161.43 163.48
176.80 175.58 174.46 173.32 172.11 170.88 169.62 168.27 166.81 165.27 163.64 161.94 160.18 158.37 156.52 154.64 152.74 150.83 148.93 147.04 145.17 143.34 141.55 139.82 138.15 136.56 135.06 133.65 132.37 131.24 130.37 129.86 129.64 129.57 129.61 129.75 129.98 130.29 130.69 131.16 131.69 132.28 132.92 133.61 134.33 135.08 135.85 136.64 137.44 138.24 139.03 139.81 140.57 141.29 141.95 142.48 142.98 143.63 144.43 145.39 146.50 147.76 149.16 150.67 152.29 154.01 155.81 157.69 159.63 161.62 163.65
177.62 176.05 174.60 173.25 171.89 170.49 169.01 167.44 165.79 164.07 162.29 160.45 158.58 156.68 154.77 152.84 150.92 149.02 147.14 145.29 143.49 141.74 140.07 138.46 136.95 135.54 134.23 133.05 131.99 131.09 130.44 130.07 129.85 129.75 129.76 129.86 130.06 130.34 130.70 131.14 131.64 132.19 132.80 133.45 134.13 134.84 135.58 136.33 137.09 137.85 138.60 139.34 140.05 140.74 141.39 141.97 142.53 143.24 144.11 145.14 146.32 147.63 149.06 150.60 152.25 153.98 155.79 157.66 159.59 161.56 163.57
178.84 176.95 175.16 173.48 171.89 170.26 168.54 166.76 164.92 163.03 161.11 159.15 157.18 155.20 153.23 151.27 149.33 147.44 145.59 143.79 142.06 140.42 138.86 137.40 136.05 134.82 133.72 132.76 131.95 131.31 130.80 130.42 130.17 130.03 130.00 130.06 130.22 130.46 130.79 131.18 131.64 132.15 132.71 133.32 133.96 134.63 135.32 136.03 136.74 137.45 138.16 138.85 139.52 140.16 140.76 141.32 141.92 142.70 143.64 144.73 145.95 147.30 148.76 150.33 151.98 153.71 155.52 157.38 159.28 161.22 163.18
180.41 178.21 176.10 174.08 172.18 170.29 168.35 166.37 164.35 162.30 160.23 158.17 156.10 154.05 152.03 150.04 148.11 146.22 144.41 142.68 141.04 139.49 138.06 136.75 135.57 134.53 133.65 132.93 132.38 131.89 131.38 130.97 130.67 130.49 130.42 130.44 130.55 130.75 131.03 131.37 131.78 132.25 132.77 133.32 133.92 134.54 135.18 135.83 136.49 137.16 137.81 138.45 139.06 139.65 140.19 140.55 140.98 141.79 142.79 143.94 145.21 146.60 148.09 149.67 151.34 153.08 154.88 156.72 158.60 160.51 162.42
182.28 179.79 177.37 175.06 172.86 170.69 168.52 166.34 164.15 161.95 159.76 157.59 155.44 153.33 151.27 149.26 147.33 145.48 143.71 142.05 140.50 139.07 137.77 136.62 135.62 134.79 134.13 133.65 133.25 132.77 132.23 131.78 131.44 131.20 131.08 131.05 131.12 131.27 131.49 131.79 132.15 132.56 133.02 133.53 134.07 134.63 135.22 135.82 136.42 137.03 137.62 138.20 138.76 139.28 139.61 139.65 139.75 140.39 141.43 142.64 143.97 145.41 146.94 148.56 150.25 152.00 153.80 155.64 157.51 159.39 161.28
184.41 181.65 178.97 176.39 173.92 171.47 169.05 166.67 164.32 161.98 159.67 157.40 155.18 153.02 150.93 148.91 146.99 145.18 143.47 141.89 140.44 139.13 137.98 137.00 136.19 135.57 135.13 134.80 134.39 133.87 133.30 132.81 132.43 132.15 131.98 131.89 131.90 132.00 132.17 132.41 132.71 133.07 133.47 133.92 134.40 134.90 135.43 135.97 136.51 137.06 137.59 138.11 138.59 138.90 138.90 138.61 138.41 138.75 139.63 140.88 142.28 143.78 145.36 147.02 148.74 150.52 152.34 154.18 156.05 157.92 159.79
186.76 183.78 180.86 178.04 175.31 172.62 169.96 167.36 164.83 162.36 159.95 157.59 155.30 153.10 150.98 148.97 147.08 145.30 143.67 142.17 140.83 139.66 138.67 137.86 137.25 136.84 136.54 136.19 135.74 135.18 134.58 134.06 133.64 133.32 133.09 132.95 132.90 132.93 133.04 133.22 133.46 133.75 134.10 134.48 134.90 135.34 135.80 136.27 136.75 137.23 137.70 138.13 138.40 138.37 138.04 137.45 136.96 137.02 137.63 138.73 140.17 141.74 143.39 145.10 146.87 148.69 150.53 152.39 154.27 156.14 158.00
189.32 186.14 183.01 179.97 177.02 174.10 171.22 168.41 165.69 163.08 160.56 158.13 155.79 153.55 151.43 149.43 147.56 145.84 144.28 142.89 141.67 140.64 139.81 139.19 138.78 138.49 138.17 137.77 137.28 136.68 136.04 135.48 135.03 134.67 134.39 134.19 134.08 134.05 134.09 134.20 134.38 134.61 134.88 135.20 135.54 135.92 136.31 136.71 137.12 137.53 137.91 138.12 138.05 137.68 137.05 136.18 135.44 135.24 135.58 136.43 137.75 139.36 141.08 142.86 144.69 146.55 148.43 150.32 152.22 154.10 155.97
192.05 188.70 185.38 182.15 179.00 175.88 172.81 169.81 166.91 164.13 161.51 159.00 156.62 154.35 152.23 150.25 148.43 146.77 145.30 144.01 142.92 142.04 141.39 140.95 140.66 140.34 139.96 139.51 138.97 138.33 137.65 137.06 136.57 136.18 135.86 135.61 135.43 135.33 135.31 135.35 135.45 135.61 135.81 136.05 136.32 136.62 136.94 137.27 137.60 137.92 138.07 137.94 137.53 136.85 135.93 134.83 133.85 133.42 133.52 134.13 135.21 136.71 138.49 140.34 142.23 144.15 146.08 148.02 149.95 151.85 153.73
194.93 191.42 187.95 184.55 181.22 177.93 174.69 171.52 168.46 165.54 162.78 160.20 157.77 155.49 153.37 151.42 149.65 148.07 146.69 145.52 144.57 143.85 143.37 143.04 142.71 142.33 141.90 141.39 140.80 140.12 139.41 138.78 138.25 137.81 137.46 137.17 136.94 136.77 136.67 136.63 136.66 136.74 136.86 137.03 137.22 137.44 137.68 137.93 138.17 138.25 138.06 137.58 136.84 135.88 134.72 133.39 132.21 131.57 131.46 131.86 132.72 134.01 135.68 137.59 139.56 141.55 143.54 145.53 147.50 149.44 151.34
197.92 194.29 190.68 187.13 183.66 180.22 176.83 173.52 170.33 167.27 164.39 161.70 159.23 156.94 154.84 152.93 151.22 149.72 148.44 147.40 146.60 146.05 145.66 145.28 144.88 144.44 143.94 143.38 142.75 142.03 141.27 140.60 140.04 139.56 139.16 138.83 138.56 138.34 138.16 138.05 137.99 137.99 138.03 138.11 138.22 138.36 138.51 138.66 138.67 138.39 137.84 137.04 136.02 134.80 133.41 131.88 130.53 129.71 129.41 129.62 130.29 131.38 132.86 134.68 136.71 138.78 140.85 142.90 144.92 146.91 148.84
