data_processed/recharge/precip/Precip_1992_11.asc
ncols        168
nrows        136
xllcorner    455000
yllcorner    2107000
cellsize     500
NODATA_value     -99999
[rows 66 to 98 of 136, columns 75 to 149 of 168]
84.44 85.33 86.23 87.15 88.08 89.03 90.00 90.98 91.97 92.97 94.00 95.03 96.08 97.14 98.21 99.29 100.39 101.50 102.62 103.75 104.89 106.04 107.20 108.37 109.55 110.74 111.92 113.11 114.29 115.47 116.65 117.82 118.99 120.15 121.30 122.39 123.27 123.92 124.34 124.54 124.51 124.27 123.82 123.15 122.28 121.20 119.98 118.70 117.39 116.05 114.68 113.29 111.87 110.43 108.97 107.50 106.01 104.52 103.01 101.50 99.98 98.47 96.96 95.45 93.94 92.45 90.97 89.50 88.06 86.63 85.22 83.84 82.48 81.16 79.86
86.02 86.90 87.80 88.72 89.64 90.58 91.52 92.48 93.45 94.43 95.42 96.42 97.43 98.45 99.47 100.51 101.55 102.61 103.67 104.74 105.81 106.90 107.99 109.08 110.19 111.29 112.40 113.50 114.61 115.71 116.80 117.89 118.97 120.04 121.10 122.09 122.87 123.42 123.74 123.83 123.70 123.35 122.77 121.98 120.99 119.84 118.64 117.39 116.11 114.80 113.46 112.09 110.69 109.27 107.83 106.38 104.90 103.42 101.92 100.42 98.91 97.40 95.89 94.38 92.87 91.38 89.89 88.42 86.96 85.52 84.10 82.70 81.32 79.98 78.66
87.58 88.46 89.36 90.26 91.18 92.10 93.03 93.97 94.91 95.86 96.82 97.78 98.75 99.73 100.71 101.70 102.69 103.69 104.69 105.70 106.71 107.72 108.74 109.76 110.78 111.81 112.83 113.86 114.87 115.89 116.89 117.89 118.88 119.86 120.83 121.72 122.41 122.85 123.06 123.04 122.80 122.32 121.63 120.72 119.66 118.53 117.36 116.15 114.90 113.61 112.30 110.95 109.58 108.18 106.76 105.32 103.86 102.39 100.90 99.40 97.90 96.40 94.89 93.38 91.87 90.37 88.88 87.40 85.93 84.48 83.04 81.63 80.24 78.87 77.54
89.11 90.00 90.89 91.79 92.69 93.60 94.51 95.42 96.34 97.27 98.19 99.12 100.05 100.99 101.92 102.86 103.80 104.74 105.68 106.63 107.57 108.51 109.45 110.40 111.34 112.28 113.22 114.16 115.09 116.01 116.93 117.84 118.73 119.61 120.48 121.28 121.86 122.20 122.30 122.17 121.80 121.21 120.39 119.42 118.37 117.28 116.15 114.97 113.75 112.50 111.21 109.88 108.53 107.15 105.75 104.33 102.88 101.42 99.95 98.46 96.97 95.46 93.96 92.45 90.94 89.44 87.94 86.45 84.97 83.51 82.06 80.63 79.23 77.84 76.48
90.62 91.51 92.40 93.28 94.17 95.07 95.96 96.85 97.74 98.64 99.53 100.42 101.31 102.20 103.09 103.98 104.87 105.75 106.63 107.51 108.39 109.26 110.13 111.00 111.86 112.71 113.56 114.41 115.25 116.08 116.91 117.72 118.51 119.30 120.07 120.76 121.23 121.46 121.45 121.20 120.71 120.00 119.12 118.17 117.16 116.11 115.01 113.86 112.67 111.45 110.19 108.89 107.56 106.20 104.82 103.41 101.98 100.54 99.07 97.59 96.11 94.61 93.10 91.60 90.09 88.58 87.08 85.58 84.10 82.62 81.16 79.72 78.29 76.89 75.51
92.10 92.99 93.87 94.75 95.62 96.50 97.37 98.24 99.11 99.97 100.83 101.68 102.54 103.38 104.23 105.06 105.89 106.72 107.54 108.36 109.16 109.96 110.76 111.54 112.32 113.10 113.86 114.61 115.36 116.10 116.82 117.53 118.23 118.91 119.58 120.16 120.52 120.64 120.51 120.14 119.53 118.76 117.90 116.99 116.02 115.01 113.94 112.83 111.67 110.48 109.24 107.97 106.66 105.33 103.96 102.57 101.16 99.73 98.27 96.80 95.32 93.83 92.33 90.83 89.32 87.81 86.30 84.80 83.30 81.82 80.34 78.88 77.44 76.02 74.62
93.54 94.42 95.30 96.17 97.03 97.89 98.74 99.59 100.43 101.26 102.08 102.90 103.71 104.51 105.31 106.09 106.87 107.64 108.40 109.15 109.89 110.62 111.33 112.04 112.74 113.42 114.10 114.76 115.41 116.05 116.67 117.28 117.87 118.45 119.01 119.48 119.73 119.73 119.48 118.99 118.32 117.57 116.76 115.89 114.96 113.98 112.95 111.87 110.75 109.58 108.38 107.13 105.85 104.53 103.19 101.82 100.42 99.00 97.56 96.10 94.62 93.14 91.64 90.14 88.63 87.12 85.60 84.09 82.59 81.09 79.61 78.14 76.68 75.24 73.82
94.94 95.82 96.68 97.54 98.39 99.23 100.06 100.88 101.70 102.50 103.29 104.07 104.84 105.59 106.34 107.07 107.80 108.50 109.20 109.88 110.55 111.21 111.85 112.48 113.09 113.69 114.28 114.84 115.40 115.93 116.45 116.96 117.44 117.91 118.36 118.72 118.85 118.73 118.36 117.81 117.17 116.47 115.70 114.87 113.98 113.04 112.05 111.00 109.91 108.77 107.59 106.37 105.12 103.82 102.50 101.14 99.76 98.36 96.93 95.48 94.01 92.53 91.04 89.54 88.03 86.51 85.00 83.48 81.97 80.46 78.96 77.48 76.00 74.54 73.10
96.29 97.16 98.02 98.87 99.70 100.52 101.33 102.13 102.91 103.68 104.44 105.18 105.91 106.62 107.31 107.99 108.66 109.31 109.94 110.56 111.16 111.74 112.31 112.85 113.38 113.89 114.39 114.86 115.32 115.75 116.17 116.56 116.94 117.29 117.63 117.87 117.89 117.65 117.22 116.70 116.11 115.45 114.72 113.94 113.09 112.19 111.23 110.22 109.16 108.05 106.90 105.71 104.47 103.20 101.90 100.56 99.19 97.80 96.38 94.95 93.49 92.01 90.53 89.03 87.52 86.00 84.48 82.96 81.44 79.92 78.41 76.91 75.42 73.95 72.49
97.58 98.45 99.30 100.14 100.96 101.76 102.55 103.32 104.07 104.81 105.53 106.23 106.91 107.58 108.22 108.85 109.46 110.05 110.62 111.17 111.70 112.20 112.69 113.16 113.60 114.03 114.43 114.81 115.16 115.50 115.81 116.10 116.36 116.60 116.82 116.94 116.84 116.54 116.14 115.67 115.13 114.52 113.84 113.09 112.29 111.42 110.50 109.52 108.50 107.42 106.30 105.13 103.92 102.67 101.39 100.07 98.72 97.34 95.94 94.51 93.06 91.59 90.11 88.61 87.10 85.58 84.06 82.53 81.01 79.48 77.96 76.44 74.94 73.45 71.97
98.82 99.68 100.52 101.34 102.15 102.93 103.70 104.44 105.16 105.87 106.55 107.21 107.85 108.47 109.06 109.64 110.19 110.72 111.22 111.70 112.16 112.60 113.00 113.39 113.75 114.08 114.39 114.68 114.93 115.17 115.37 115.55 115.70 115.82 115.92 115.93 115.77 115.50 115.16 114.74 114.24 113.68 113.04 112.34 111.57 110.75 109.86 108.92 107.93 106.88 105.79 104.65 103.46 102.24 100.97 99.67 98.34 96.98 95.59 94.17 92.73 91.27 89.79 88.29 86.79 85.27 83.74 82.21 80.67 79.14 77.61 76.08 74.56 73.05 71.55
99.98 100.84 101.67 102.48 103.26 104.03 104.77 105.49 106.18 106.85 107.50 108.12 108.71 109.28 109.83 110.35 110.84 111.31 111.75 112.16 112.54 112.90 113.23 113.54 113.81 114.05 114.27 114.46 114.62 114.74 114.84 114.91 114.95 114.95 114.93 114.88 114.75 114.54 114.25 113.88 113.44 112.92 112.33 111.67 110.95 110.16 109.31 108.41 107.45 106.43 105.37 104.25 103.09 101.89 100.65 99.37 98.05 96.71 95.33 93.92 92.49 91.04 89.56 88.07 86.56 85.04 83.52 81.98 80.44 78.89 77.35 75.81 74.27 72.75 71.23
101.02 101.87 102.69 103.49 104.26 105.00 105.72 106.41 107.07 107.70 108.31 108.89 109.44 109.96 110.45 110.92 111.35 111.76 112.13 112.47 112.79 113.07 113.32 113.54 113.73 113.88 114.01 114.10 114.15 114.18 114.17 114.13 114.05 113.94 113.84 113.79 113.71 113.55 113.32 113.00 112.61 112.14 111.60 110.98 110.30 109.56 108.75 107.88 106.95 105.97 104.94 103.85 102.72 101.54 100.32 99.07 97.77 96.44 95.07 93.68 92.26 90.82 89.35 87.86 86.36 84.84 83.31 81.77 80.22 78.67 77.12 75.57 74.02 72.48 70.94
101.90 102.74 103.55 104.33 105.08 105.81 106.50 107.16 107.79 108.39 108.96 109.49 110.00 110.47 110.91 111.32 111.69 112.03 112.34 112.62 112.86 113.06 113.23 113.37 113.47 113.53 113.56 113.55 113.51 113.43 113.31 113.16 112.97 112.79 112.68 112.62 112.55 112.45 112.27 112.01 111.67 111.25 110.76 110.19 109.56 108.85 108.09 107.26 106.37 105.42 104.42 103.37 102.27 101.12 99.93 98.69 97.42 96.11 94.76 93.38 91.98 90.54 89.09 87.61 86.11 84.60 83.07 81.53 79.98 78.43 76.87 75.31 73.75 72.19 70.65
102.62 103.46 104.25 105.02 105.75 106.45 107.12 107.75 108.35 108.91 109.44 109.93 110.39 110.82 111.20 111.55 111.87 112.14 112.38 112.59 112.75 112.88 112.97 113.02 113.03 113.01 112.94 112.84 112.69 112.50 112.28 112.02 111.75 111.56 111.44 111.39 111.32 111.23 111.10 110.90 110.61 110.25 109.81 109.30 108.71 108.05 107.33 106.55 105.70 104.79 103.83 102.81 101.74 100.62 99.46 98.25 97.00 95.71 94.39 93.03 91.64 90.22 88.78 87.31 85.82 84.31 82.79 81.25 79.70 78.15 76.59 75.02 73.45 71.89 70.33
103.20 104.02 104.81 105.56 106.27 106.95 107.59 108.19 108.75 109.28 109.77 110.22 110.63 111.00 111.33 111.63 111.88 112.09 112.26 112.40 112.49 112.53 112.54 112.51 112.43 112.31 112.15 111.95 111.70 111.41 111.07 110.74 110.47 110.27 110.16 110.10 110.03 109.94 109.83 109.67 109.45 109.14 108.76 108.30 107.76 107.16 106.48 105.74 104.94 104.07 103.15 102.17 101.13 100.05 98.92 97.74 96.52 95.25 93.95 92.61 91.24 89.84 88.41 86.96 85.48 83.98 82.47 80.94 79.39 77.84 76.28 74.71 73.14 71.57 70.00
103.62 104.44 105.21 105.94 106.64 107.29 107.90 108.47 109.00 109.49 109.94 110.34 110.71 111.03 111.31 111.54 111.73 111.88 111.98 112.04 112.06 112.03 111.95 111.83 111.67 111.45 111.20 110.89 110.54 110.14 109.74 109.40 109.12 108.93 108.81 108.76 108.69 108.60 108.48 108.35 108.17 107.93 107.60 107.20 106.71 106.16 105.54 104.85 104.09 103.27 102.38 101.44 100.45 99.40 98.30 97.16 95.97 94.73 93.46 92.14 90.80 89.42 88.01 86.57 85.10 83.62 82.11 80.59 79.05 77.50 75.94 74.38 72.80 71.23 69.66
103.91 104.71 105.47 106.19 106.86 107.49 108.07 108.61 109.11 109.56 109.96 110.32 110.64 110.91 111.13 111.30 111.43 111.51 111.55 111.54 111.47 111.36 111.21 111.00 110.74 110.44 110.08 109.68 109.22 108.76 108.35 108.00 107.73 107.53 107.42 107.36 107.29 107.20 107.09 106.96 106.80 106.60 106.34 105.99 105.57 105.07 104.50 103.86 103.15 102.38 101.54 100.64 99.69 98.68 97.62 96.51 95.35 94.15 92.90 91.62 90.29 88.94 87.55 86.13 84.68 83.21 81.72 80.21 78.68 77.14 75.58 74.02 72.45 70.88 69.30
104.06 104.85 105.60 106.29 106.94 107.55 108.10 108.61 109.07 109.48 109.85 110.16 110.42 110.64 110.81 110.92 110.99 111.00 110.97 110.88 110.74 110.55 110.31 110.01 109.67 109.27 108.81 108.31 107.79 107.32 106.91 106.56 106.29 106.09 105.98 105.92 105.85 105.76 105.65 105.52 105.36 105.18 104.97 104.68 104.32 103.88 103.37 102.78 102.12 101.40 100.61 99.76 98.85 97.89 96.87 95.79 94.67 93.50 92.29 91.03 89.74 88.41 87.04 85.65 84.22 82.77 81.29 79.80 78.28 76.75 75.20 73.64 72.08 70.51 68.93
104.08 104.86 105.59 106.27 106.90 107.47 108.00 108.48 108.90 109.27 109.59 109.86 110.07 110.23 110.34 110.40 110.40 110.35 110.24 110.08 109.86 109.59 109.26 108.88 108.44 107.95 107.40 106.83 106.30 105.83 105.42 105.07 104.80 104.60 104.49 104.43 104.37 104.28 104.17 104.04 103.88 103.71 103.51 103.28 102.98 102.60 102.14 101.61 101.01 100.34 99.61 98.80 97.94 97.02 96.04 95.01 93.93 92.80 91.62 90.39 89.13 87.83 86.49 85.12 83.72 82.29 80.83 79.35 77.85 76.33 74.79 73.25 71.69 70.12 68.55
103.98 104.75 105.46 106.12 106.72 107.27 107.77 108.21 108.60 108.93 109.20 109.42 109.59 109.69 109.74 109.74 109.67 109.55 109.37 109.14 108.84 108.49 108.08 107.60 107.07 106.48 105.87 105.30 104.77 104.30 103.89 103.55 103.28 103.08 102.96 102.91 102.84 102.75 102.64 102.51 102.36 102.19 102.00 101.79 101.54 101.22 100.83 100.36 99.82 99.20 98.52 97.77 96.96 96.08 95.15 94.16 93.12 92.03 90.89 89.70 88.47 87.20 85.90 84.55 83.18 81.77 80.33 78.87 77.39 75.89 74.37 72.83 71.28 69.72 68.15
103.76 104.51 105.20 105.84 106.42 106.95 107.41 107.82 108.17 108.46 108.69 108.86 108.97 109.02 109.02 108.95 108.82 108.63 108.38 108.06 107.69 107.25 106.75 106.19 105.57 104.92 104.30 103.73 103.20 102.74 102.33 101.98 101.71 101.52 101.40 101.34 101.28 101.19 101.08 100.96 100.81 100.64 100.45 100.24 100.01 99.75 99.42 99.02 98.53 97.98 97.35 96.66 95.90 95.07 94.19 93.25 92.25 91.20 90.10 88.96 87.76 86.53 85.25 83.94 82.59 81.21 79.80 78.37 76.90 75.42 73.91 72.39 70.86 69.31 67.75
103.42 104.16 104.84 105.45 106.01 106.50 106.94 107.31 107.62 107.87 108.05 108.17 108.23 108.23 108.16 108.03 107.84 107.58 107.25 106.86 106.41 105.89 105.30 104.65 103.97 103.32 102.70 102.13 101.60 101.14 100.73 100.39 100.12 99.92 99.81 99.75 99.68 99.60 99.49 99.37 99.22 99.06 98.87 98.67 98.44 98.20 97.93 97.58 97.16 96.67 96.10 95.47 94.76 93.99 93.16 92.27 91.32 90.32 89.26 88.16 87.00 85.81 84.57 83.29 81.97 80.62 79.24 77.83 76.39 74.92 73.44 71.94 70.42 68.88 67.33
102.97 103.70 104.35 104.95 105.48 105.95 106.35 106.68 106.95 107.16 107.30 107.37 107.38 107.32 107.19 106.99 106.73 106.40 106.00 105.54 105.00 104.40 103.73 103.02 102.33 101.68 101.07 100.50 99.97 99.51 99.10 98.76 98.49 98.30 98.18 98.13 98.06 97.98 97.87 97.75 97.60 97.44 97.26 97.06 96.84 96.61 96.35 96.07 95.71 95.28 94.78 94.20 93.56 92.84 92.07 91.23 90.33 89.38 88.37 87.30 86.19 85.04 83.84 82.59 81.31 79.99 78.64 77.26 75.85 74.41 72.95 71.46 69.96 68.44 66.91
102.42 103.13 103.77 104.34 104.84 105.28 105.65 105.95 106.18 106.34 106.43 106.45 106.41 106.29 106.10 105.84 105.51 105.11 104.64 104.09 103.48 102.79 102.06 101.35 100.67 100.02 99.41 98.84 98.32 97.86 97.45 97.11 96.84 96.65 96.53 96.48 96.41 96.33 96.23 96.10 95.96 95.81 95.63 95.43 95.22 94.99 94.74 94.48 94.18 93.82 93.38 92.86 92.28 91.63 90.91 90.12 89.28 88.37 87.41 86.40 85.34 84.22 83.06 81.86 80.62 79.33 78.01 76.66 75.28 73.87 72.43 70.97 69.49 67.99 66.48
101.77 102.46 103.08 103.63 104.11 104.51 104.85 105.11 105.30 105.42 105.46 105.43 105.33 105.15 104.90 104.58 104.18 103.71 103.16 102.54 101.84 101.10 100.37 99.66 98.98 98.33 97.72 97.16 96.64 96.18 95.78 95.44 95.17 94.98 94.86 94.81 94.74 94.66 94.56 94.44 94.30 94.15 93.97 93.78 93.58 93.35 93.11 92.85 92.58 92.27 91.90 91.45 90.93 90.34 89.68 88.96 88.17 87.32 86.41 85.45 84.43 83.36 82.25 81.09 79.88 78.64 77.35 76.04 74.69 73.31 71.90 70.46 69.01 67.53 66.03
101.03 101.70 102.30 102.82 103.27 103.65 103.95 104.17 104.32 104.39 104.39 104.31 104.15 103.92 103.60 103.21 102.75 102.20 101.57 100.87 100.13 99.38 98.65 97.95 97.27 96.63 96.02 95.46 94.95 94.49 94.08 93.75 93.48 93.29 93.17 93.12 93.05 92.97 92.87 92.76 92.62 92.47 92.30 92.12 91.91 91.70 91.46 91.21 90.94 90.66 90.34 89.97 89.51 88.99 88.39 87.73 87.00 86.20 85.35 84.44 83.48 82.46 81.39 80.27 79.11 77.91 76.67 75.38 74.07 72.72 71.34 69.94 68.51 67.06 65.59
100.20 100.85 101.43 101.93 102.35 102.69 102.96 103.14 103.25 103.27 103.22 103.09 102.87 102.58 102.20 101.75 101.21 100.59 99.89 99.14 98.39 97.65 96.92 96.22 95.55 94.91 94.31 93.75 93.23 92.78 92.38 92.04 91.77 91.58 91.47 91.41 91.35 91.27 91.17 91.06 90.93 90.78 90.62 90.44 90.24 90.03 89.80 89.55 89.29 89.02 88.73 88.41 88.02 87.57 87.04 86.44 85.77 85.04 84.24 83.39 82.47 81.51 80.49 79.42 78.31 77.15 75.95 74.70 73.43 72.12 70.77 69.40 68.00 66.58 65.13
99.28 99.92 100.47 100.95 101.34 101.65 101.87 102.02 102.08 102.06 101.96 101.77 101.50 101.15 100.71 100.18 99.58 98.88 98.14 97.39 96.64 95.90 95.18 94.49 93.82 93.18 92.58 92.02 91.51 91.06 90.66 90.32 90.06 89.87 89.76 89.70 89.64 89.56 89.47 89.35 89.23 89.08 88.92 88.75 88.55 88.35 88.13 87.89 87.64 87.37 87.09 86.79 86.47 86.08 85.62 85.08 84.48 83.81 83.08 82.28 81.43 80.52 79.55 78.53 77.47 76.35 75.20 74.00 72.76 71.49 70.18 68.84 67.48 66.08 64.67
98.29 98.90 99.44 99.88 100.24 100.52 100.71 100.82 100.84 100.77 100.61 100.37 100.04 99.63 99.13 98.53 97.86 97.12 96.37 95.62 94.88 94.15 93.43 92.74 92.07 91.44 90.84 90.29 89.78 89.33 88.93 88.60 88.34 88.15 88.03 87.98 87.92 87.84 87.75 87.64 87.52 87.38 87.22 87.05 86.86 86.66 86.45 86.22 85.97 85.71 85.44 85.16 84.86 84.53 84.14 83.67 83.14 82.53 81.86 81.13 80.33 79.48 78.57 77.61 76.59 75.53 74.42 73.27 72.08 70.84 69.58 68.28 66.94 65.59 64.20
97.22 97.82 98.32 98.74 99.07 99.32 99.47 99.53 99.51 99.39 99.19 98.89 98.51 98.03 97.46 96.80 96.08 95.34 94.60 93.85 93.12 92.39 91.68 90.99 90.33 89.70 89.10 88.55 88.05 87.60 87.20 86.87 86.61 86.42 86.31 86.25 86.20 86.12 86.03 85.92 85.80 85.67 85.51 85.35 85.17 84.97 84.77 84.54 84.31 84.06 83.79 83.52 83.23 82.92 82.59 82.20 81.74 81.20 80.60 79.93 79.20 78.40 77.55 76.64 75.68 74.67 73.62 72.51 71.37 70.18 68.95 67.69 66.40 65.08 63.73
96.09 96.66 97.14 97.54 97.83 98.04 98.16 98.18 98.11 97.94 97.69 97.34 96.89 96.35 95.72 95.02 94.29 93.56 92.82 92.09 91.35 90.63 89.93 89.24 88.58 87.96 87.37 86.82 86.32 85.87 85.47 85.15 84.88 84.70 84.59 84.53 84.47 84.40 84.31 84.21 84.09 83.96 83.81 83.65 83.48 83.29 83.09 82.87 82.64 82.40 82.15 81.88 81.60 81.31 81.00 80.67 80.28 79.82 79.28 78.68 78.01 77.28 76.49 75.65 74.74 73.79 72.78 71.73 70.63 69.50 68.32 67.10 65.85 64.56 63.25
94.89 95.44 95.90 96.26 96.53 96.70 96.78 96.76 96.64 96.43 96.12 95.71 95.20 94.60 93.93 93.23 92.51 91.78 91.05 90.32 89.59 88.88 88.17 87.49 86.84 86.22 85.63 85.08 84.59 84.14 83.75 83.42 83.16 82.97 82.86 82.81 82.75 82.68 82.60 82.50 82.38 82.25 82.11 81.96 81.79 81.61 81.41 81.20 80.98 80.75 80.50 80.25 79.98 79.70 79.41 79.10 78.77 78.38 77.92 77.39 76.79 76.13 75.40 74.61 73.77 72.88 71.93 70.93 69.88 68.79 67.66 66.49 65.29 64.04 62.77
