data_processed/DEM_VM.asc
ncols        168
nrows        136
xllcorner    455000
yllcorner    2107000
cellsize     500
NODATA_value     -99999
[rows 58 to 86 of 136, columns 67 to 133 of 168]
2236.00 2234.00 2234.00 2234.00 2235.00 2235.00 2235.00 2234.00 2232.00 2230.00 2228.00 2228.00 2231.00 2236.00 2242.00 2248.00 2254.00 2259.00 2262.00 2262.00 2257.00 2252.00 2249.00 2246.00 2242.00 2237.00 2235.00 2234.00 2266.00 2347.00 2409.00 2415.00 2368.00 2309.00 2276.00 2259.00 2250.00 2242.00 2238.00 2238.00 2250.00 2247.00 2249.00 2252.00 2256.00 2258.00 2260.00 2263.00 2276.00 2295.00 2304.00 2322.00 2343.00 2357.00 2401.00 2439.00 2473.00 2499.00 2525.00 2558.00 2586.00 2621.00 2646.00 2682.00 2716.00 2756.00 2795.00
2229.00 2231.00 2234.00 2233.00 2233.00 2233.00 2232.00 2231.00 2230.00 2229.00 2227.00 2228.00 2231.00 2236.00 2242.00 2247.00 2253.00 2257.00 2261.00 2261.00 2257.00 2253.00 2250.00 2247.00 2243.00 2238.00 2237.00 2239.00 2261.00 2323.00 2381.00 2452.00 2420.00 2341.00 2299.00 2277.00 2256.00 2242.00 2239.00 2247.00 2248.00 2242.00 2244.00 2249.00 2258.00 2260.00 2261.00 2267.00 2276.00 2284.00 2297.00 2316.00 2342.00 2373.00 2407.00 2428.00 2436.00 2450.00 2493.00 2531.00 2563.00 2595.00 2614.00 2653.00 2714.00 2775.00 2820.00
2229.00 2230.00 2233.00 2231.00 2232.00 2231.00 2231.00 2230.00 2229.00 2228.00 2227.00 2228.00 2231.00 2235.00 2240.00 2244.00 2248.00 2253.00 2256.00 2257.00 2256.00 2253.00 2250.00 2248.00 2244.00 2240.00 2238.00 2240.00 2253.00 2291.00 2331.00 2435.00 2504.00 2369.00 2310.00 2274.00 2255.00 2243.00 2254.00 2252.00 2258.00 2260.00 2263.00 2265.00 2264.00 2263.00 2265.00 2271.00 2278.00 2285.00 2295.00 2305.00 2326.00 2350.00 2375.00 2386.00 2423.00 2468.00 2474.00 2482.00 2501.00 2539.00 2577.00 2628.00 2714.00 2758.00 2810.00
2228.00 2230.00 2232.00 2231.00 2231.00 2230.00 2230.00 2229.00 2229.00 2229.00 2228.00 2228.00 2230.00 2234.00 2237.00 2240.00 2243.00 2246.00 2250.00 2253.00 2254.00 2253.00 2250.00 2248.00 2246.00 2243.00 2241.00 2241.00 2246.00 2254.00 2263.00 2322.00 2396.00 2319.00 2302.00 2273.00 2258.00 2256.00 2267.00 2280.00 2310.00 2318.00 2321.00 2300.00 2287.00 2276.00 2272.00 2274.00 2279.00 2283.00 2297.00 2310.00 2326.00 2341.00 2357.00 2381.00 2403.00 2421.00 2446.00 2491.00 2541.00 2581.00 2639.00 2668.00 2680.00 2732.00 2776.00
2228.00 2231.00 2233.00 2231.00 2230.00 2230.00 2229.00 2229.00 2230.00 2229.00 2229.00 2228.00 2229.00 2231.00 2232.00 2233.00 2235.00 2239.00 2244.00 2249.00 2252.00 2252.00 2251.00 2249.00 2247.00 2245.00 2243.00 2241.00 2239.00 2237.00 2234.00 2253.00 2278.00 2276.00 2280.00 2273.00 2267.00 2276.00 2297.00 2321.00 2365.00 2382.00 2381.00 2354.00 2324.00 2300.00 2285.00 2279.00 2280.00 2287.00 2330.00 2330.00 2345.00 2365.00 2383.00 2411.00 2433.00 2444.00 2479.00 2532.00 2562.00 2611.00 2648.00 2665.00 2699.00 2728.00 2760.00
2229.00 2232.00 2232.00 2231.00 2230.00 2230.00 2230.00 2230.00 2231.00 2231.00 2231.00 2229.00 2229.00 2231.00 2233.00 2235.00 2232.00 2236.00 2241.00 2246.00 2251.00 2252.00 2251.00 2249.00 2247.00 2246.00 2244.00 2241.00 2237.00 2233.00 2226.00 2235.00 2248.00 2256.00 2259.00 2265.00 2283.00 2300.00 2320.00 2345.00 2383.00 2407.00 2429.00 2410.00 2352.00 2313.00 2298.00 2288.00 2295.00 2303.00 2375.00 2358.00 2345.00 2366.00 2390.00 2418.00 2442.00 2464.00 2485.00 2511.00 2543.00 2577.00 2614.00 2651.00 2689.00 2735.00 2782.00
2229.00 2232.00 2231.00 2230.00 2230.00 2231.00 2231.00 2231.00 2231.00 2232.00 2233.00 2230.00 2230.00 2234.00 2239.00 2248.00 2286.00 2264.00 2243.00 2246.00 2251.00 2253.00 2252.00 2250.00 2247.00 2246.00 2244.00 2241.00 2236.00 2236.00 2231.00 2235.00 2244.00 2252.00 2257.00 2269.00 2320.00 2346.00 2349.00 2366.00 2395.00 2402.00 2430.00 2418.00 2353.00 2329.00 2341.00 2359.00 2368.00 2333.00 2328.00 2347.00 2341.00 2364.00 2386.00 2411.00 2437.00 2459.00 2482.00 2503.00 2526.00 2560.00 2589.00 2635.00 2677.00 2716.00 2752.00
2230.00 2233.00 2230.00 2230.00 2231.00 2232.00 2232.00 2232.00 2232.00 2232.00 2231.00 2230.00 2230.00 2236.00 2243.00 2258.00 2276.00 2263.00 2249.00 2250.00 2254.00 2255.00 2253.00 2250.00 2247.00 2245.00 2244.00 2243.00 2240.00 2238.00 2238.00 2242.00 2249.00 2254.00 2260.00 2273.00 2309.00 2371.00 2396.00 2418.00 2412.00 2404.00 2396.00 2385.00 2359.00 2377.00 2451.00 2487.00 2432.00 2419.00 2341.00 2322.00 2340.00 2363.00 2385.00 2409.00 2428.00 2451.00 2471.00 2494.00 2505.00 2523.00 2558.00 2597.00 2625.00 2676.00 2722.00
2233.00 2232.00 2230.00 2230.00 2232.00 2233.00 2234.00 2234.00 2233.00 2232.00 2231.00 2230.00 2230.00 2234.00 2241.00 2249.00 2259.00 2257.00 2253.00 2255.00 2257.00 2257.00 2253.00 2249.00 2246.00 2244.00 2244.00 2245.00 2243.00 2241.00 2241.00 2247.00 2253.00 2257.00 2265.00 2299.00 2346.00 2356.00 2391.00 2440.00 2437.00 2420.00 2419.00 2395.00 2381.00 2454.00 2504.00 2464.00 2426.00 2445.00 2375.00 2322.00 2333.00 2357.00 2373.00 2394.00 2419.00 2449.00 2474.00 2498.00 2521.00 2531.00 2559.00 2573.00 2628.00 2672.00 2726.00
2231.00 2234.00 2233.00 2231.00 2233.00 2235.00 2236.00 2236.00 2235.00 2233.00 2231.00 2230.00 2230.00 2232.00 2236.00 2244.00 2257.00 2261.00 2256.00 2259.00 2259.00 2257.00 2253.00 2249.00 2245.00 2242.00 2244.00 2247.00 2247.00 2245.00 2244.00 2246.00 2256.00 2260.00 2276.00 2327.00 2391.00 2417.00 2420.00 2459.00 2460.00 2442.00 2466.00 2433.00 2432.00 2502.00 2465.00 2400.00 2356.00 2383.00 2347.00 2316.00 2324.00 2340.00 2363.00 2390.00 2415.00 2438.00 2460.00 2483.00 2484.00 2501.00 2531.00 2566.00 2622.00 2660.00 2686.00
2236.00 2242.00 2240.00 2237.00 2240.00 2239.00 2238.00 2239.00 2238.00 2235.00 2231.00 2230.00 2230.00 2230.00 2233.00 2240.00 2249.00 2256.00 2257.00 2258.00 2259.00 2257.00 2251.00 2251.00 2248.00 2242.00 2246.00 2251.00 2251.00 2248.00 2244.00 2244.00 2255.00 2266.00 2304.00 2354.00 2420.00 2467.00 2464.00 2495.00 2490.00 2477.00 2505.00 2489.00 2497.00 2527.00 2422.00 2356.00 2326.00 2314.00 2304.00 2303.00 2310.00 2332.00 2367.00 2396.00 2424.00 2426.00 2446.00 2432.00 2466.00 2513.00 2526.00 2571.00 2675.00 2763.00 2746.00
2239.00 2248.00 2250.00 2264.00 2260.00 2246.00 2241.00 2246.00 2244.00 2236.00 2231.00 2231.00 2231.00 2232.00 2233.00 2239.00 2247.00 2254.00 2259.00 2259.00 2259.00 2258.00 2264.00 2268.00 2262.00 2251.00 2251.00 2251.00 2256.00 2252.00 2243.00 2242.00 2257.00 2293.00 2337.00 2383.00 2455.00 2524.00 2545.00 2542.00 2534.00 2509.00 2533.00 2597.00 2563.00 2507.00 2386.00 2337.00 2313.00 2300.00 2295.00 2296.00 2301.00 2319.00 2337.00 2362.00 2388.00 2408.00 2406.00 2414.00 2448.00 2464.00 2499.00 2565.00 2651.00 2733.00 2769.00
2240.00 2256.00 2280.00 2306.00 2299.00 2264.00 2253.00 2253.00 2249.00 2236.00 2232.00 2233.00 2236.00 2236.00 2238.00 2241.00 2246.00 2254.00 2260.00 2259.00 2267.00 2277.00 2285.00 2289.00 2282.00 2274.00 2270.00 2265.00 2261.00 2258.00 2252.00 2243.00 2255.00 2302.00 2350.00 2398.00 2467.00 2537.00 2592.00 2599.00 2617.00 2551.00 2552.00 2620.00 2537.00 2471.00 2398.00 2340.00 2308.00 2295.00 2288.00 2287.00 2295.00 2306.00 2320.00 2343.00 2358.00 2375.00 2421.00 2439.00 2459.00 2480.00 2494.00 2523.00 2567.00 2638.00 2678.00
2244.00 2267.00 2300.00 2342.00 2325.00 2282.00 2257.00 2250.00 2244.00 2240.00 2234.00 2239.00 2244.00 2243.00 2244.00 2246.00 2248.00 2255.00 2261.00 2265.00 2282.00 2299.00 2305.00 2314.00 2308.00 2299.00 2292.00 2290.00 2292.00 2315.00 2271.00 2251.00 2257.00 2282.00 2315.00 2387.00 2472.00 2557.00 2625.00 2667.00 2692.00 2586.00 2546.00 2543.00 2522.00 2425.00 2386.00 2349.00 2320.00 2291.00 2282.00 2282.00 2290.00 2302.00 2319.00 2327.00 2344.00 2384.00 2401.00 2424.00 2451.00 2476.00 2503.00 2533.00 2564.00 2596.00 2629.00
2249.00 2279.00 2319.00 2380.00 2378.00 2295.00 2254.00 2241.00 2238.00 2243.00 2240.00 2252.00 2255.00 2250.00 2250.00 2252.00 2252.00 2257.00 2262.00 2280.00 2303.00 2314.00 2337.00 2349.00 2348.00 2348.00 2354.00 2323.00 2355.00 2421.00 2347.00 2269.00 2255.00 2270.00 2314.00 2387.00 2454.00 2515.00 2582.00 2621.00 2580.00 2519.00 2480.00 2492.00 2507.00 2453.00 2388.00 2353.00 2329.00 2292.00 2279.00 2279.00 2283.00 2295.00 2309.00 2329.00 2353.00 2372.00 2399.00 2431.00 2454.00 2463.00 2496.00 2505.00 2553.00 2592.00 2642.00
2257.00 2297.00 2335.00 2351.00 2330.00 2291.00 2255.00 2238.00 2234.00 2240.00 2247.00 2258.00 2259.00 2253.00 2253.00 2256.00 2258.00 2264.00 2274.00 2290.00 2361.00 2344.00 2373.00 2404.00 2399.00 2394.00 2371.00 2340.00 2358.00 2361.00 2298.00 2280.00 2253.00 2264.00 2308.00 2374.00 2420.00 2468.00 2499.00 2535.00 2533.00 2474.00 2429.00 2445.00 2479.00 2457.00 2374.00 2338.00 2301.00 2271.00 2270.00 2273.00 2278.00 2285.00 2301.00 2323.00 2345.00 2368.00 2391.00 2410.00 2439.00 2485.00 2518.00 2542.00 2568.00 2613.00 2654.00
2253.00 2288.00 2315.00 2314.00 2303.00 2272.00 2254.00 2239.00 2234.00 2239.00 2247.00 2254.00 2255.00 2251.00 2252.00 2259.00 2268.00 2279.00 2304.00 2315.00 2369.00 2392.00 2410.00 2445.00 2452.00 2440.00 2398.00 2352.00 2327.00 2322.00 2306.00 2261.00 2250.00 2253.00 2272.00 2324.00 2379.00 2396.00 2438.00 2463.00 2466.00 2440.00 2400.00 2392.00 2392.00 2388.00 2313.00 2307.00 2290.00 2264.00 2262.00 2266.00 2273.00 2280.00 2295.00 2313.00 2334.00 2372.00 2405.00 2428.00 2466.00 2508.00 2553.00 2603.00 2593.00 2629.00 2671.00
2246.00 2261.00 2277.00 2283.00 2277.00 2257.00 2247.00 2238.00 2235.00 2239.00 2245.00 2249.00 2250.00 2247.00 2249.00 2267.00 2291.00 2305.00 2332.00 2358.00 2457.00 2459.00 2552.00 2575.00 2528.00 2482.00 2414.00 2361.00 2324.00 2293.00 2266.00 2254.00 2245.00 2246.00 2257.00 2288.00 2327.00 2333.00 2371.00 2404.00 2401.00 2394.00 2371.00 2319.00 2314.00 2362.00 2301.00 2265.00 2264.00 2261.00 2260.00 2262.00 2268.00 2277.00 2288.00 2308.00 2337.00 2369.00 2394.00 2418.00 2451.00 2455.00 2492.00 2528.00 2583.00 2623.00 2614.00
2232.00 2237.00 2242.00 2248.00 2250.00 2245.00 2239.00 2234.00 2234.00 2240.00 2246.00 2252.00 2252.00 2246.00 2248.00 2273.00 2314.00 2344.00 2365.00 2416.00 2552.00 2553.00 2670.00 2676.00 2549.00 2493.00 2411.00 2353.00 2311.00 2275.00 2259.00 2250.00 2239.00 2242.00 2249.00 2271.00 2282.00 2296.00 2339.00 2357.00 2341.00 2332.00 2330.00 2294.00 2276.00 2305.00 2257.00 2255.00 2257.00 2259.00 2259.00 2260.00 2264.00 2271.00 2281.00 2303.00 2325.00 2338.00 2351.00 2362.00 2389.00 2413.00 2471.00 2493.00 2513.00 2578.00 2559.00
2235.00 2236.00 2235.00 2236.00 2237.00 2237.00 2234.00 2232.00 2234.00 2240.00 2249.00 2258.00 2258.00 2245.00 2251.00 2315.00 2424.00 2366.00 2375.00 2415.00 2477.00 2483.00 2516.00 2500.00 2471.00 2448.00 2383.00 2333.00 2296.00 2268.00 2256.00 2247.00 2237.00 2235.00 2241.00 2245.00 2255.00 2267.00 2302.00 2326.00 2306.00 2304.00 2289.00 2273.00 2257.00 2247.00 2242.00 2246.00 2251.00 2254.00 2256.00 2258.00 2261.00 2266.00 2274.00 2283.00 2297.00 2302.00 2317.00 2351.00 2381.00 2396.00 2437.00 2449.00 2467.00 2512.00 2598.00
2239.00 2239.00 2236.00 2238.00 2236.00 2235.00 2233.00 2232.00 2238.00 2245.00 2248.00 2299.00 2288.00 2246.00 2250.00 2304.00 2379.00 2331.00 2317.00 2336.00 2373.00 2388.00 2386.00 2396.00 2406.00 2387.00 2349.00 2300.00 2279.00 2264.00 2259.00 2245.00 2238.00 2238.00 2238.00 2238.00 2241.00 2246.00 2270.00 2293.00 2278.00 2273.00 2253.00 2243.00 2243.00 2241.00 2241.00 2243.00 2247.00 2250.00 2253.00 2256.00 2260.00 2261.00 2267.00 2279.00 2294.00 2321.00 2322.00 2373.00 2402.00 2434.00 2473.00 2498.00 2520.00 2543.00 2583.00
2239.00 2234.00 2234.00 2238.00 2238.00 2236.00 2234.00 2233.00 2240.00 2249.00 2249.00 2257.00 2262.00 2245.00 2248.00 2265.00 2280.00 2284.00 2294.00 2311.00 2320.00 2336.00 2341.00 2351.00 2344.00 2342.00 2309.00 2270.00 2260.00 2258.00 2251.00 2239.00 2237.00 2237.00 2234.00 2234.00 2238.00 2238.00 2241.00 2249.00 2250.00 2245.00 2243.00 2240.00 2240.00 2240.00 2241.00 2243.00 2245.00 2248.00 2255.00 2258.00 2259.00 2267.00 2277.00 2305.00 2349.00 2385.00 2393.00 2399.00 2400.00 2433.00 2476.00 2508.00 2534.00 2561.00 2604.00
2237.00 2233.00 2233.00 2236.00 2237.00 2235.00 2235.00 2233.00 2237.00 2246.00 2249.00 2249.00 2246.00 2241.00 2244.00 2254.00 2253.00 2262.00 2267.00 2282.00 2290.00 2296.00 2304.00 2310.00 2307.00 2297.00 2275.00 2257.00 2260.00 2253.00 2250.00 2239.00 2236.00 2234.00 2232.00 2232.00 2234.00 2237.00 2234.00 2239.00 2241.00 2240.00 2240.00 2240.00 2240.00 2240.00 2242.00 2243.00 2245.00 2248.00 2256.00 2262.00 2277.00 2294.00 2302.00 2327.00 2349.00 2356.00 2358.00 2380.00 2416.00 2444.00 2477.00 2523.00 2548.00 2577.00 2623.00
2235.00 2233.00 2232.00 2235.00 2239.00 2238.00 2237.00 2235.00 2235.00 2240.00 2244.00 2243.00 2240.00 2239.00 2241.00 2243.00 2242.00 2245.00 2252.00 2260.00 2266.00 2267.00 2270.00 2278.00 2284.00 2268.00 2258.00 2253.00 2242.00 2240.00 2240.00 2238.00 2234.00 2233.00 2233.00 2233.00 2234.00 2237.00 2233.00 2232.00 2312.00 2257.00 2238.00 2240.00 2240.00 2240.00 2241.00 2243.00 2245.00 2247.00 2254.00 2264.00 2279.00 2287.00 2297.00 2309.00 2322.00 2347.00 2359.00 2369.00 2392.00 2421.00 2478.00 2516.00 2526.00 2558.00 2608.00
2233.00 2233.00 2232.00 2233.00 2236.00 2239.00 2239.00 2238.00 2236.00 2236.00 2237.00 2237.00 2237.00 2238.00 2239.00 2237.00 2236.00 2239.00 2248.00 2256.00 2258.00 2257.00 2252.00 2258.00 2259.00 2252.00 2246.00 2243.00 2239.00 2238.00 2240.00 2238.00 2235.00 2234.00 2236.00 2236.00 2236.00 2236.00 2229.00 2230.00 2353.00 2355.00 2243.00 2237.00 2238.00 2238.00 2240.00 2242.00 2242.00 2243.00 2247.00 2257.00 2267.00 2276.00 2298.00 2313.00 2334.00 2355.00 2346.00 2351.00 2376.00 2409.00 2466.00 2486.00 2537.00 2565.00 2554.00
2232.00 2232.00 2232.00 2233.00 2236.00 2238.00 2239.00 2239.00 2239.00 2237.00 2236.00 2236.00 2236.00 2237.00 2238.00 2237.00 2236.00 2239.00 2244.00 2261.00 2264.00 2266.00 2249.00 2250.00 2247.00 2239.00 2235.00 2235.00 2236.00 2237.00 2239.00 2238.00 2237.00 2237.00 2240.00 2240.00 2238.00 2236.00 2223.00 2227.00 2295.00 2303.00 2234.00 2234.00 2237.00 2237.00 2238.00 2239.00 2241.00 2241.00 2245.00 2253.00 2259.00 2268.00 2286.00 2298.00 2321.00 2332.00 2329.00 2349.00 2366.00 2389.00 2431.00 2467.00 2507.00 2513.00 2544.00
2231.00 2232.00 2232.00 2233.00 2235.00 2236.00 2238.00 2239.00 2239.00 2239.00 2239.00 2238.00 2238.00 2238.00 2238.00 2238.00 2239.00 2239.00 2236.00 2243.00 2256.00 2261.00 2246.00 2239.00 2237.00 2232.00 2229.00 2230.00 2233.00 2237.00 2240.00 2239.00 2240.00 2241.00 2244.00 2245.00 2240.00 2234.00 2225.00 2215.00 2222.00 2221.00 2224.00 2228.00 2231.00 2234.00 2235.00 2238.00 2240.00 2241.00 2244.00 2249.00 2252.00 2253.00 2258.00 2274.00 2295.00 2306.00 2324.00 2339.00 2348.00 2384.00 2412.00 2420.00 2449.00 2462.00 2493.00
2231.00 2232.00 2232.00 2233.00 2233.00 2235.00 2236.00 2237.00 2238.00 2240.00 2240.00 2240.00 2240.00 2240.00 2240.00 2240.00 2240.00 2240.00 2236.00 2234.00 2243.00 2249.00 2243.00 2238.00 2234.00 2231.00 2228.00 2228.00 2232.00 2237.00 2242.00 2241.00 2243.00 2245.00 2248.00 2249.00 2241.00 2230.00 2223.00 2215.00 2209.00 2206.00 2208.00 2213.00 2220.00 2228.00 2234.00 2237.00 2238.00 2240.00 2242.00 2245.00 2247.00 2250.00 2257.00 2271.00 2285.00 2308.00 2322.00 2327.00 2338.00 2362.00 2369.00 2386.00 2397.00 2422.00 2451.00
2232.00 2232.00 2232.00 2232.00 2232.00 2233.00 2234.00 2235.00 2235.00 2237.00 2238.00 2239.00 2239.00 2239.00 2239.00 2239.00 2238.00 2240.00 2240.00 2237.00 2241.00 2242.00 2240.00 2236.00 2233.00 2230.00 2227.00 2228.00 2233.00 2240.00 2243.00 2244.00 2247.00 2247.00 2250.00 2251.00 2239.00 2225.00 2219.00 2214.00 2211.00 2208.00 2210.00 2214.00 2221.00 2228.00 2235.00 2239.00 2239.00 2240.00 2241.00 2243.00 2246.00 2251.00 2257.00 2265.00 2274.00 2294.00 2296.00 2295.00 2314.00 2334.00 2351.00 2382.00 2407.00 2436.00 2460.00
