data_processed/IH_1984.asc
ncols        168
nrows        136
xllcorner    455000
yllcorner    2107000
cellsize     500
NODATA_value     -99999
[rows 29 to 57 of 136, columns 67 to 133 of 168]
2201.84 2202.76 2203.71 2204.61 2205.33 2205.81 2206.34 2207.00 2207.69 2208.50 2209.29 2209.90 2210.59 2211.29 2211.84 2212.39 2213.42 2214.51 2215.12 2215.68 2216.57 2217.87 2218.47 2219.20 2219.69 2220.03 2220.26 2221.00 2221.50 2221.88 2222.31 2222.79 2223.18 2223.54 2223.69 2224.09 2224.32 2223.69 2222.74 2221.42 2219.83 2218.60 2217.39 2216.38 2215.83 2215.57 2215.67 2216.10 2216.92 2217.15 2218.73 2221.06 2222.69 2224.58 2226.56 2229.27 2233.32 2239.32 2248.21 2258.07 2270.68 2287.18 2304.09 2325.15 2351.89 2377.34 2404.57
2201.74 2202.74 2203.55 2204.33 2205.22 2205.81 2206.28 2206.87 2207.73 2208.62 2209.46 2210.13 2210.89 2211.60 2212.16 2212.95 2213.82 2214.62 2215.38 2215.94 2216.61 2217.73 2218.84 2218.99 2219.56 2220.11 2220.23 2220.90 2221.38 2221.70 2222.07 2222.45 2222.73 2222.90 2222.94 2222.97 2223.14 2222.57 2222.53 2221.05 2219.45 2218.24 2217.17 2216.13 2215.43 2214.99 2214.93 2215.23 2215.73 2215.24 2216.65 2218.24 2219.17 2220.45 2222.46 2226.50 2231.74 2239.09 2249.69 2261.23 2275.89 2294.90 2314.12 2337.44 2366.17 2393.24 2413.28
2202.07 2203.13 2203.98 2204.80 2205.58 2206.16 2206.71 2207.31 2208.09 2208.94 2209.74 2210.34 2211.24 2211.97 2212.52 2213.40 2214.24 2214.84 2215.72 2216.62 2217.29 2217.85 2218.81 2219.19 2219.60 2219.99 2220.19 2220.69 2221.17 2221.48 2221.74 2222.00 2222.17 2222.27 2222.22 2222.38 2222.17 2221.56 2221.44 2220.42 2219.12 2217.92 2216.85 2215.85 2215.04 2214.43 2214.21 2214.39 2214.82 2214.96 2214.12 2215.07 2215.00 2216.20 2219.34 2224.57 2231.15 2240.12 2252.73 2266.17 2282.97 2304.49 2326.06 2351.93 2383.00 2408.71 2427.83
2202.46 2203.60 2204.51 2205.41 2206.25 2206.91 2207.56 2208.32 2208.93 2209.50 2210.16 2210.65 2211.53 2212.46 2213.09 2213.96 2214.66 2215.15 2215.96 2217.02 2217.56 2218.07 2219.08 2219.64 2220.11 2220.11 2220.36 2220.76 2221.45 2221.77 2221.93 2222.13 2222.15 2221.77 2221.50 2221.40 2221.42 2221.51 2220.57 2219.85 2218.68 2217.60 2216.48 2215.42 2214.75 2213.99 2213.65 2213.73 2213.99 2214.20 2212.24 2212.67 2210.98 2212.20 2215.77 2221.61 2228.85 2239.08 2253.40 2268.68 2287.71 2312.03 2335.70 2363.38 2396.34 2420.76 2441.58
2202.95 2204.18 2205.19 2206.17 2207.12 2207.85 2208.59 2209.44 2210.09 2210.71 2211.07 2211.23 2211.59 2213.03 2213.65 2214.56 2215.18 2215.61 2216.22 2217.18 2217.80 2218.44 2219.38 2219.77 2220.19 2219.94 2220.25 2220.61 2221.32 2221.49 2221.57 2221.71 2221.61 2221.36 2221.02 2220.81 2221.33 2221.14 2220.02 2218.95 2218.23 2217.36 2216.26 2215.32 2214.73 2213.95 2213.48 2213.40 2213.52 2213.82 2212.44 2210.93 2209.99 2208.90 2212.21 2218.04 2225.69 2237.42 2253.90 2270.64 2291.27 2317.51 2343.24 2373.23 2408.16 2429.57 2456.23
2203.50 2204.93 2205.99 2207.02 2208.05 2208.88 2209.70 2210.45 2211.02 2211.56 2212.03 2212.23 2212.21 2213.40 2214.29 2215.13 2215.71 2216.08 2216.57 2217.37 2218.09 2218.90 2219.68 2219.95 2220.11 2219.85 2220.16 2220.48 2221.04 2221.32 2221.27 2221.27 2221.11 2221.03 2220.86 2220.72 2221.21 2220.87 2219.78 2218.64 2217.66 2217.15 2216.24 2215.37 2214.79 2214.10 2213.61 2213.46 2213.54 2213.82 2213.80 2211.23 2210.87 2207.69 2210.02 2215.53 2223.05 2235.56 2252.99 2270.82 2292.91 2320.99 2348.88 2381.15 2409.79 2437.07 2470.58
2204.13 2205.80 2206.82 2207.95 2209.14 2210.01 2210.76 2211.45 2211.96 2212.40 2212.78 2212.97 2213.06 2213.74 2215.22 2215.79 2216.16 2216.56 2217.03 2217.54 2218.49 2219.32 2219.94 2220.14 2220.17 2219.91 2220.11 2220.38 2220.77 2221.17 2221.06 2220.94 2220.75 2220.65 2220.45 2220.26 2221.43 2220.71 2219.65 2218.71 2217.87 2217.21 2216.62 2215.72 2214.99 2214.40 2214.07 2213.92 2213.98 2214.29 2214.78 2214.04 2209.54 2205.87 2209.35 2215.27 2223.06 2235.94 2253.08 2270.36 2293.21 2323.05 2353.30 2387.48 2416.26 2449.95 2487.74
2205.07 2206.66 2207.81 2209.13 2210.33 2211.14 2211.86 2212.50 2212.93 2213.30 2213.55 2213.56 2213.51 2214.14 2215.97 2216.69 2217.06 2217.30 2217.67 2218.45 2219.21 2219.87 2220.14 2220.30 2220.30 2219.95 2220.05 2220.29 2220.53 2220.96 2220.89 2220.63 2220.43 2220.28 2220.13 2220.84 2220.96 2220.98 2220.28 2219.39 2218.37 2217.57 2216.78 2215.87 2215.31 2214.95 2214.86 2214.88 2214.96 2215.46 2216.18 2215.59 2206.61 2206.52 2211.23 2218.48 2227.12 2239.07 2255.17 2271.42 2292.28 2323.33 2355.96 2388.03 2428.13 2466.20 2504.66
2206.02 2207.54 2208.98 2210.30 2211.47 2212.27 2212.95 2213.50 2213.82 2213.87 2213.77 2213.85 2214.04 2214.86 2216.02 2217.34 2217.71 2217.95 2218.57 2219.14 2219.75 2220.16 2220.33 2220.47 2220.39 2219.96 2220.02 2220.19 2220.39 2220.93 2220.92 2220.65 2220.61 2220.65 2220.65 2221.05 2221.75 2221.26 2220.30 2219.36 2218.43 2217.74 2217.13 2216.39 2215.76 2215.53 2215.61 2215.94 2216.29 2216.82 2217.80 2216.18 2206.63 2209.50 2215.31 2223.71 2233.00 2244.90 2260.22 2275.27 2293.60 2324.26 2357.53 2396.86 2440.94 2481.35 2523.65
2206.81 2208.77 2210.14 2211.48 2212.66 2213.43 2214.03 2214.14 2214.10 2214.17 2214.39 2214.54 2214.65 2215.47 2216.24 2217.32 2218.10 2218.47 2219.21 2219.68 2220.12 2220.40 2220.54 2220.62 2220.50 2219.88 2219.99 2220.10 2220.52 2221.11 2221.27 2221.15 2220.98 2220.84 2220.60 2221.44 2222.22 2221.15 2220.23 2219.36 2218.53 2217.95 2217.48 2216.86 2216.15 2216.08 2216.34 2216.86 2217.71 2218.91 2220.17 2213.21 2207.99 2212.79 2219.66 2229.23 2239.41 2252.11 2268.17 2283.91 2303.53 2336.50 2372.06 2415.46 2460.78 2499.65 2537.97
2207.79 2209.98 2211.47 2212.79 2213.91 2214.29 2214.42 2214.69 2214.91 2215.07 2215.20 2215.28 2215.21 2216.10 2216.74 2217.19 2218.38 2219.08 2219.75 2220.18 2220.44 2220.59 2220.74 2220.75 2220.63 2220.14 2220.24 2220.49 2220.90 2221.13 2221.23 2221.14 2220.89 2220.70 2220.43 2221.70 2222.07 2221.02 2220.17 2219.38 2218.66 2218.19 2217.84 2216.92 2216.59 2216.65 2217.07 2217.75 2218.81 2220.38 2220.04 2209.54 2212.59 2217.19 2224.93 2235.74 2247.05 2261.06 2278.92 2297.03 2320.23 2359.64 2399.96 2444.13 2487.28 2534.17 2571.73
2208.68 2211.07 2212.75 2214.01 2214.74 2215.12 2215.48 2215.73 2215.86 2216.01 2216.02 2215.93 2215.81 2217.20 2217.42 2217.47 2218.12 2219.58 2220.14 2220.56 2220.75 2220.72 2220.83 2220.79 2220.70 2220.41 2220.24 2220.52 2220.90 2221.03 2221.12 2221.10 2220.81 2220.55 2220.27 2222.00 2221.91 2220.89 2220.11 2219.39 2218.77 2218.39 2217.98 2217.07 2216.99 2217.17 2217.72 2218.54 2219.83 2221.80 2223.02 2213.79 2216.88 2222.65 2230.55 2242.48 2254.95 2270.37 2289.50 2309.85 2336.61 2388.61 2428.51 2469.79 2504.12 2528.03 2569.68
2209.41 2211.95 2213.78 2215.19 2215.96 2216.32 2216.57 2216.74 2216.90 2216.93 2216.73 2216.49 2216.33 2217.88 2217.90 2217.85 2217.81 2219.49 2220.38 2220.82 2220.93 2220.77 2220.66 2220.68 2220.70 2220.13 2219.84 2219.90 2220.32 2220.36 2220.38 2220.32 2219.92 2219.79 2219.87 2221.61 2221.61 2220.66 2220.03 2219.39 2218.86 2218.57 2217.92 2217.34 2217.35 2217.62 2218.28 2219.21 2220.78 2223.18 2225.22 2221.09 2221.02 2228.27 2236.75 2249.30 2262.89 2279.63 2300.56 2319.98 2361.88 2390.73 2440.62 2467.95 2496.89 2534.79 2549.42
2209.81 2212.89 2215.32 2216.70 2217.24 2217.43 2217.61 2217.75 2217.67 2217.47 2217.17 2216.91 2216.68 2218.28 2218.25 2218.25 2218.22 2218.99 2220.55 2221.01 2221.09 2220.85 2220.50 2220.42 2220.25 2219.90 2219.87 2219.88 2219.95 2220.04 2220.05 2219.94 2219.80 2219.40 2219.55 2221.80 2221.03 2220.07 2219.40 2218.82 2218.45 2218.28 2217.98 2217.58 2217.62 2217.96 2218.70 2219.70 2221.61 2224.41 2225.63 2222.80 2225.28 2233.30 2243.73 2256.96 2271.40 2289.18 2311.80 2363.30 2410.88 2432.60 2420.30 2417.58 2492.51 2521.50 2565.95
2210.06 2213.18 2215.73 2217.18 2217.78 2218.08 2218.27 2218.29 2218.10 2217.83 2217.49 2217.14 2216.79 2218.44 2218.64 2218.64 2218.68 2219.27 2219.75 2220.91 2221.14 2220.90 2220.56 2220.14 2220.26 2220.06 2219.93 2219.88 2219.86 2219.90 2219.92 2219.80 2219.71 2219.35 2220.14 2221.66 2220.82 2219.90 2219.28 2218.76 2218.39 2218.24 2218.24 2217.34 2217.28 2217.74 2218.65 2219.80 2221.66 2221.56 2219.05 2222.24 2229.33 2237.81 2249.08 2264.46 2280.12 2299.08 2328.36 2398.59 2436.46 2475.45 2504.11 2514.42 2472.93 2528.92 2554.49
2210.19 2213.00 2215.14 2216.76 2217.80 2218.34 2218.63 2218.57 2218.35 2218.03 2217.61 2217.23 2217.04 2218.85 2218.85 2218.85 2219.04 2219.60 2219.22 2219.38 2220.72 2220.73 2220.36 2220.04 2220.24 2220.26 2219.94 2219.91 2219.76 2219.77 2219.77 2219.52 2219.48 2219.28 2221.01 2221.45 2220.59 2219.72 2219.13 2218.67 2218.34 2218.23 2218.23 2217.09 2217.24 2217.76 2218.72 2219.92 2221.59 2222.48 2220.50 2225.01 2232.99 2242.01 2253.84 2270.43 2286.76 2306.41 2348.80 2423.60 2460.78 2496.45 2525.72 2536.00 2507.73 2559.56 2582.35
2209.98 2212.50 2214.44 2216.07 2217.44 2218.23 2218.69 2218.50 2218.22 2217.94 2217.57 2217.22 2217.34 2218.85 2218.91 2218.94 2219.35 2219.69 2219.30 2219.16 2219.59 2220.45 2220.23 2220.25 2220.34 2220.16 2219.99 2220.01 2219.69 2219.63 2219.56 2219.37 2219.19 2219.03 2221.02 2221.04 2220.25 2219.45 2218.92 2218.49 2218.24 2218.15 2217.90 2217.11 2217.30 2217.80 2218.73 2219.91 2221.54 2223.81 2224.34 2227.85 2236.21 2245.70 2257.99 2275.58 2292.40 2312.50 2371.17 2446.52 2486.42 2516.92 2541.40 2564.28 2595.81 2614.36 2637.18
2209.84 2212.06 2213.70 2215.32 2216.83 2217.64 2218.12 2218.10 2217.80 2217.43 2217.23 2216.88 2218.07 2218.60 2218.64 2218.73 2219.47 2219.44 2219.20 2219.24 2219.19 2219.21 2220.19 2220.30 2220.22 2220.18 2220.05 2219.86 2219.60 2219.46 2219.37 2219.16 2219.03 2218.88 2220.90 2220.75 2219.69 2218.59 2218.10 2217.73 2217.63 2217.55 2217.49 2217.24 2217.29 2217.71 2218.57 2219.69 2221.26 2223.46 2225.62 2229.80 2238.80 2248.58 2264.77 2300.28 2340.36 2378.75 2428.34 2465.44 2500.70 2535.13 2556.34 2581.96 2616.64 2644.29 2666.99
2209.34 2211.16 2212.79 2214.61 2215.98 2216.76 2217.32 2217.53 2217.39 2216.98 2216.63 2216.40 2218.04 2218.44 2218.49 2218.57 2219.56 2219.21 2219.26 2219.25 2219.16 2218.84 2219.33 2220.32 2220.15 2220.05 2220.07 2220.02 2219.67 2219.23 2219.17 2219.04 2218.80 2218.75 2220.39 2220.38 2219.35 2218.48 2218.05 2217.71 2217.48 2217.40 2217.45 2217.62 2217.49 2217.53 2218.26 2219.30 2220.78 2222.88 2225.10 2230.10 2242.08 2251.65 2309.94 2358.91 2392.11 2420.82 2449.68 2474.59 2506.97 2539.05 2573.33 2602.80 2628.21 2656.53 2701.58
2208.32 2210.32 2211.97 2213.62 2215.02 2215.89 2216.48 2216.77 2216.79 2216.62 2216.08 2215.93 2217.93 2218.15 2218.27 2218.60 2219.42 2218.91 2219.09 2219.17 2219.04 2218.89 2218.84 2219.66 2220.15 2219.88 2219.96 2219.97 2219.86 2219.34 2218.97 2218.93 2218.71 2218.97 2220.17 2219.64 2218.94 2218.36 2218.03 2217.75 2217.54 2217.44 2217.41 2217.52 2217.78 2218.24 2218.52 2219.03 2220.09 2222.02 2224.14 2232.41 2246.25 2256.42 2336.93 2377.04 2395.18 2424.81 2449.78 2474.61 2506.07 2536.60 2561.82 2593.34 2630.40 2671.66 2709.31
2207.23 2209.43 2211.20 2212.86 2214.32 2215.17 2215.71 2215.97 2215.99 2215.90 2215.66 2216.01 2217.63 2217.80 2218.05 2218.53 2219.05 2218.59 2218.86 2218.98 2218.89 2218.86 2219.11 2219.58 2219.60 2219.79 2219.87 2219.85 2219.75 2219.53 2219.04 2218.92 2218.86 2218.68 2219.46 2219.25 2218.70 2218.20 2217.92 2217.75 2217.60 2217.48 2217.38 2217.31 2217.42 2218.06 2218.88 2219.89 2220.89 2221.74 2222.98 2227.92 2245.04 2258.75 2347.94 2391.27 2407.61 2420.24 2453.27 2484.29 2520.93 2552.18 2578.78 2609.28 2655.70 2692.90 2744.76
2205.84 2208.55 2210.42 2212.12 2213.66 2214.48 2214.90 2215.08 2215.11 2215.04 2214.90 2216.01 2217.20 2217.35 2217.38 2218.19 2218.70 2218.52 2218.79 2219.02 2219.04 2219.00 2219.39 2219.72 2219.43 2219.53 2219.77 2219.78 2219.73 2219.55 2219.01 2218.64 2218.61 2218.37 2218.60 2218.74 2218.37 2218.12 2218.02 2217.93 2217.78 2217.61 2217.38 2217.13 2217.04 2217.17 2217.82 2218.76 2220.10 2220.91 2221.63 2223.83 2236.62 2268.58 2367.27 2404.45 2431.13 2438.00 2460.83 2476.09 2514.34 2548.96 2583.03 2634.01 2689.88 2726.32 2748.73
2204.77 2207.85 2209.57 2211.20 2212.85 2213.62 2213.88 2214.01 2214.06 2214.04 2213.96 2215.40 2216.48 2216.86 2217.09 2218.34 2219.18 2219.02 2219.52 2219.90 2219.84 2219.25 2219.19 2219.57 2219.73 2219.27 2219.52 2219.72 2219.59 2219.35 2218.92 2218.33 2218.04 2217.77 2217.63 2218.13 2218.11 2218.06 2218.14 2218.24 2218.23 2217.97 2217.38 2216.77 2216.34 2216.14 2216.33 2216.98 2218.06 2219.40 2223.63 2249.10 2301.01 2346.46 2384.57 2418.50 2448.56 2460.18 2484.86 2498.89 2504.38 2537.46 2598.17 2725.04 2719.13 2746.57 2749.89
2204.16 2206.93 2208.46 2209.95 2211.39 2212.16 2212.57 2212.81 2212.93 2213.00 2213.00 2214.59 2215.76 2216.25 2217.19 2219.02 2219.15 2218.95 2219.34 2219.61 2219.75 2219.67 2219.49 2219.46 2219.67 2219.47 2219.36 2219.57 2219.48 2219.22 2218.80 2218.08 2217.57 2217.19 2216.98 2217.35 2217.70 2217.88 2218.17 2218.46 2218.58 2218.28 2217.43 2216.30 2215.46 2214.90 2214.77 2215.21 2216.16 2220.33 2257.54 2300.22 2328.46 2359.91 2391.36 2421.89 2458.04 2484.74 2499.49 2516.62 2528.96 2553.00 2579.92 2673.27 2747.88 2749.79 2749.99
2203.67 2205.67 2207.13 2208.50 2209.76 2210.53 2211.08 2211.46 2211.68 2211.84 2211.95 2213.98 2214.98 2216.04 2217.35 2218.79 2218.60 2218.60 2219.05 2219.14 2219.40 2219.47 2219.54 2219.69 2219.81 2219.91 2219.52 2219.42 2219.44 2219.16 2218.56 2217.76 2217.07 2216.52 2216.22 2216.82 2217.22 2217.68 2218.24 2218.77 2219.04 2218.73 2217.59 2215.75 2214.38 2213.34 2212.87 2213.13 2214.01 2247.51 2282.67 2303.37 2331.60 2362.00 2389.49 2425.47 2459.06 2493.26 2530.55 2540.97 2548.59 2561.75 2615.11 2661.35 2742.69 2749.59 2750.00
2203.27 2204.66 2205.84 2206.95 2208.08 2208.85 2209.49 2210.01 2210.32 2210.56 2210.71 2212.85 2214.65 2216.37 2216.95 2218.38 2218.19 2218.22 2218.44 2218.84 2219.11 2219.25 2219.49 2219.59 2219.78 2219.75 2219.39 2219.31 2219.18 2218.90 2218.22 2217.23 2216.41 2215.61 2215.15 2215.50 2216.35 2217.31 2218.27 2219.11 2219.51 2219.08 2217.32 2214.81 2212.88 2211.35 2210.53 2210.65 2211.52 2232.18 2282.15 2305.60 2333.95 2363.08 2393.90 2431.82 2461.47 2499.61 2544.16 2577.10 2593.90 2581.44 2645.66 2715.83 2750.00 2750.00 2750.00
2202.80 2203.75 2204.68 2205.60 2206.56 2207.31 2208.00 2208.61 2209.01 2209.34 2209.74 2212.15 2214.55 2215.87 2216.58 2218.17 2217.93 2217.93 2218.07 2218.36 2218.74 2219.19 2219.36 2219.69 2219.62 2219.38 2219.35 2219.25 2219.06 2218.80 2217.95 2216.60 2215.47 2214.42 2213.68 2213.74 2214.76 2216.70 2218.25 2219.39 2219.72 2218.61 2216.33 2213.36 2210.98 2209.01 2207.93 2208.21 2210.37 2243.68 2282.40 2307.58 2335.53 2355.25 2377.14 2415.95 2438.52 2466.54 2500.62 2543.20 2573.38 2613.65 2620.05 2665.62 2746.07 2749.78 2750.00
2202.24 2202.91 2203.51 2204.29 2205.15 2205.82 2206.55 2207.25 2207.74 2208.19 2210.79 2213.05 2214.45 2215.40 2216.25 2217.68 2217.74 2217.81 2217.95 2218.62 2219.24 2219.64 2219.63 2219.40 2219.28 2219.24 2219.16 2218.99 2218.65 2218.22 2217.36 2215.98 2214.66 2213.30 2212.12 2211.81 2212.95 2215.85 2218.24 2219.59 2219.64 2217.88 2215.06 2211.61 2208.75 2206.22 2204.78 2207.15 2227.12 2261.91 2283.79 2309.65 2340.71 2362.63 2376.50 2387.06 2419.31 2468.32 2508.76 2520.76 2553.64 2588.54 2639.34 2660.27 2679.33 2746.07 2750.00
2201.53 2202.02 2202.52 2203.00 2203.74 2204.44 2205.16 2205.93 2206.59 2208.97 2211.25 2212.86 2214.00 2215.03 2216.01 2217.39 2217.75 2217.93 2218.47 2218.96 2219.23 2219.50 2218.79 2218.89 2218.97 2218.98 2218.89 2218.66 2218.16 2217.56 2216.65 2215.34 2213.97 2212.33 2210.51 2209.38 2210.61 2214.83 2218.22 2219.30 2218.90 2216.60 2213.48 2209.76 2206.50 2203.23 2203.25 2217.85 2237.57 2261.91 2285.67 2313.36 2346.07 2367.80 2390.03 2419.12 2433.24 2465.95 2500.10 2534.99 2561.64 2584.26 2625.72 2685.56 2722.26 2712.76 2747.78
