data_processed/IH_1984.asc
ncols        168
nrows        136
xllcorner    455000.000000000000
yllcorner    2107000.000000000000
cellsize     500.000000000000
NODATA_value  -99999
[rows 54 to 71 of 136, columns 0 to 39 of 168]
3082.0300000000002001 3075.1799999999998363 3049.0500000000001819 3054.6700000000000728 3110.9600000000000364 3096.5900000000001455 3086.6300000000001091 3093.5599999999999454 3127.4899999999997817 3140.5 3113.6799999999998363 3080.3400000000001455 3045.6300000000001091 3009.5900000000001455 2972.3000000000001819 2936.9699999999997999 2893.6399999999998727 2825.7399999999997817 2762.6700000000000728 2718.0100000000002183 2696.5700000000001637 2648.2100000000000364 2600.8699999999998909 2565.6900000000000546 2545.9899999999997817 2515.7399999999997817 2499.8400000000001455 2467.8899999999998727 2442.75 2431.4699999999997999 2403.9600000000000364 2393.1900000000000546 2370.7699999999999818 2343.5100000000002183 2332.8299999999999272 2315.3000000000001819 2331.9200000000000728 2336.4800000000000182 2328.1599999999998545 2318.9200000000000728
3207.9899999999997817 3126.9600000000000364 3046.9000000000000909 3050.6599999999998545 3070.2899999999999636 3070.3099999999999454 3078.2600000000002183 3093.5799999999999272 3111.6700000000000728 3109.8499999999999091 3087.6900000000000546 3059.1100000000001273 3016.6100000000001273 2983.6599999999998545 2939.0799999999999272 2880.3099999999999454 2811.5900000000001455 2767.2600000000002183 2730.6700000000000728 2696.5599999999999454 2653.9499999999998181 2648.6100000000001273 2622.3499999999999091 2580.4400000000000546 2557.3499999999999091 2515.4099999999998545 2475.5 2464.9499999999998181 2451.8899999999998727 2442.7800000000002001 2432.4000000000000909 2407.2300000000000182 2366.8000000000001819 2354.7899999999999636 2343.9299999999998363 2327.7699999999999818 2323.5999999999999091 2340.9299999999998363 2339.4499999999998181 2330.0599999999999454
3240 3123.4899999999997817 3034.3699999999998909 3054.9899999999997817 3062.75 3079.7899999999999636 3089.7300000000000182 3097.4299999999998363 3095.5 3082.5999999999999091 3063.2300000000000182 3038.6999999999998181 3003.25 2955.4200000000000728 2947.9499999999998181 2917.7399999999997817 2865.6399999999998727 2849.3299999999999272 2801.8499999999999091 2741.7800000000002001 2665.3800000000001091 2612.2600000000002183 2613.4000000000000909 2581.6300000000001091 2542.5599999999999454 2492.1199999999998909 2503.5300000000002001 2507.2600000000002183 2503.1199999999998909 2486.5 2427.4299999999998363 2421.3099999999999454 2376.2100000000000364 2365.0599999999999454 2354.3400000000001455 2343.0999999999999091 2331.9699999999997999 2329.2600000000002183 2344.6399999999998727 2341.6599999999998545
3141.3899999999998727 3085.7199999999997999 3012.8400000000001455 3030.8000000000001819 3046.9099999999998545 3060.3600000000001273 3068.6700000000000728 3070.8600000000001273 3065.8200000000001637 3054.2600000000002183 3037.7300000000000182 3016.8000000000001819 2993.8400000000001455 2969.0100000000002183 2943.7199999999997999 2915.9200000000000728 2889.2300000000000182 2860.5199999999999818 2818.7800000000002001 2753.7600000000002183 2642.4800000000000182 2590.3600000000001273 2568.2600000000002183 2539.9899999999997817 2516.4299999999998363 2504.3400000000001455 2519.0300000000002001 2474.2800000000002001 2447.6900000000000546 2436.9800000000000182 2442.1500000000000909 2446.7399999999997817 2389.4499999999998181 2378.4499999999998181 2368 2357.7300000000000182 2347.2399999999997817 2338.1500000000000909 2332.0399999999999636 2341.7399999999997817
3244.3200000000001637 3136.5700000000001637 2990.7899999999999636 3007.1799999999998363 3021.9699999999997999 3034.4400000000000546 3041.8800000000001091 3043.6500000000000909 3038.9600000000000364 3028.8699999999998909 3014.7899999999999636 2996.8299999999999272 2978.2699999999999818 2958.9800000000000182 2934.9299999999998363 2910.0399999999999636 2884.4499999999998181 2856.2800000000002001 2797.1100000000001273 2697.9600000000000364 2639.0700000000001637 2589.9600000000000364 2562.9099999999998545 2559.6500000000000909 2544.3499999999999091 2516 2469.1199999999998909 2458.9899999999997817 2472.5900000000001455 2478.4000000000000909 2470.5900000000001455 2456.8000000000001819 2401.9800000000000182 2390.9000000000000909 2380.8600000000001273 2371.4699999999997999 2362.6599999999998545 2353.6399999999998727 2345.8899999999998727 2336.1199999999998909
3225.6599999999998545 3115.7699999999999818 2969.3899999999998727 2984.1100000000001273 2997.9099999999998545 3009.5199999999999818 3016.4299999999998363 3018.0999999999999091 3014.0199999999999818 3005.4800000000000182 2993.6900000000000546 2981.5799999999999272 2967.2399999999997817 2947.4899999999997817 2925.3400000000001455 2902.9899999999997817 2879.8099999999999454 2850.9200000000000728 2801.5900000000001455 2691 2612.1199999999998909 2584.4099999999998545 2562.3200000000001637 2536.75 2511.1599999999998545 2479.0599999999999454 2517.4899999999997817 2494.4899999999997817 2512.4099999999998545 2494.3400000000001455 2483.1799999999998363 2426.7800000000002001 2410.5399999999999636 2402.4299999999998363 2392.9099999999998545 2384.8200000000001637 2377.75 2370.2399999999997817 2362.8200000000001637 2352.5999999999999091
3099.6599999999998545 3047.8400000000001455 2953.1599999999998545 2962.7699999999999818 2974.2800000000002001 2985.1799999999998363 2991.6799999999998363 2993.5500000000001819 2990.4299999999998363 2984.8099999999999454 2979.9200000000000728 2968.4400000000000546 2953.1599999999998545 2935.8400000000001455 2916.3600000000001273 2896.5 2874.1599999999998545 2842.3099999999999454 2811.8099999999999454 2683.25 2603.6799999999998363 2551.6700000000000728 2517.7100000000000364 2514.5100000000002183 2482.4400000000000546 2529.0799999999999272 2534.5199999999999818 2500.7300000000000182 2522.8699999999998909 2517.5300000000002001 2487.2899999999999636 2423.3299999999999272 2411.5500000000001819 2411.5300000000002001 2403.5900000000001455 2397.3899999999998727 2393.0799999999999272 2389.0100000000002183 2382 2371.0700000000001637
3180.0999999999999091 3078.0799999999999272 2933.4899999999997817 2946.6100000000001273 2955.1900000000000546 2963.2899999999999636 2969.5199999999999818 2971.8299999999999272 2972.9099999999998545 2972.5500000000001819 2965.1199999999998909 2953.8299999999999272 2940.8299999999999272 2925.8600000000001273 2908.8000000000001819 2889.8899999999998727 2863.3000000000001819 2791.6900000000000546 2691.9499999999998181 2619.9800000000000182 2564.8099999999999454 2536.1399999999998727 2614.5100000000002183 2626.25 2550.4600000000000364 2555.9800000000000182 2542.5900000000001455 2512.7800000000002001 2546.4299999999998363 2524.5500000000001819 2487.0199999999999818 2432.3699999999998909 2418.4299999999998363 2411.7199999999997999 2411.0300000000002001 2407.1399999999998727 2407.6100000000001273 2408.5700000000001637 2402.2699999999999818 2389.7199999999997999
3103.25 3014.5399999999999636 2914.25 2927.3800000000001091 2939.1599999999998545 2945.1999999999998181 2949.3499999999999091 2956.0700000000001637 2960.7800000000002001 2949.4699999999997999 2923.5900000000001455 2923.6700000000000728 2929.4699999999997999 2917.1199999999998909 2900.1799999999998363 2875.9499999999998181 2857.6900000000000546 2830.5 2771.1100000000001273 2708.5199999999999818 2588.2399999999997817 2572.6500000000000909 2593.2399999999997817 2683.5599999999999454 2579.9299999999998363 2579.4400000000000546 2576.8000000000001819 2535.4000000000000909 2563.3000000000001819 2533.7399999999997817 2491.8000000000001819 2443.3899999999998727 2426.4800000000000182 2413.6900000000000546 2413.3000000000001819 2413.3699999999998909 2419.3800000000001091 2425.8499999999999091 2424.9000000000000909 2408.9299999999998363
3053.3400000000001455 2930.6700000000000728 2895.5399999999999636 2908.4400000000000546 2920.25 2931.5999999999999091 2937.6599999999998545 2939.6999999999998181 2939.9899999999997817 2935.9400000000000546 2903.1399999999998727 2858.9699999999997999 2871.6999999999998181 2892.6199999999998909 2866.8499999999999091 2810.7699999999999818 2761.9600000000000364 2787.0599999999999454 2788.1500000000000909 2651.1999999999998181 2660.9000000000000909 2608.5900000000001455 2627.2100000000000364 2597.1100000000001273 2544.5900000000001455 2593.9099999999998545 2593.8800000000001091 2545.2600000000002183 2572.7399999999997817 2543.7399999999997817 2492.3600000000001273 2455.1900000000000546 2433.6599999999998545 2416.5799999999999272 2410.6399999999998727 2413.4600000000000364 2423.2899999999999636 2437.6999999999998181 2441.1999999999998181 2421.4899999999997817
2997.6300000000001091 2926.9000000000000909 2878.3800000000001091 2893.8699999999998909 2907.7300000000000182 2918.4699999999997999 2924.5500000000001819 2924.7899999999999636 2923.4299999999998363 2921.6500000000000909 2918.0799999999999272 2873.1900000000000546 2817.4400000000000546 2829.2300000000000182 2792.1500000000000909 2795.4200000000000728 2744.0999999999999091 2668.3899999999998727 2651.2300000000000182 2654.4200000000000728 2650.4800000000000182 2637.2899999999999636 2613.9200000000000728 2594.8600000000001273 2607.1900000000000546 2607.7899999999999636 2591.75 2587.0700000000001637 2586.3099999999999454 2547.5599999999999454 2498.5399999999999636 2469.9400000000000546 2443.0900000000001455 2419.3000000000001819 2402.8699999999998909 2406.5 2420.2600000000002183 2433.5300000000002001 2434.0700000000001637 2411.9499999999998181
2899.3699999999998909 2908 2912.7199999999997999 2933.8299999999999272 2930.1300000000001091 2923.5300000000002001 2914.5500000000001819 2914.4800000000000182 2912.8000000000001819 2910.4000000000000909 2908.3200000000001637 2899.4899999999997817 2859.1599999999998545 2801.6199999999998909 2819.1100000000001273 2865.9299999999998363 2794.1100000000001273 2677.4200000000000728 2630.9699999999997999 2680.5999999999999091 2682.6100000000001273 2624.4800000000000182 2646.75 2629.9200000000000728 2674.4200000000000728 2645.1399999999998727 2566.0300000000002001 2623.2699999999999818 2601.6500000000000909 2554.6700000000000728 2512.8400000000001455 2489.0900000000001455 2459.25 2428.1399999999998727 2399.6300000000001091 2403.4200000000000728 2417.3899999999998727 2425.3299999999999272 2420.9899999999997817 2408.9099999999998545
2982.2699999999999818 2951.0700000000001637 2919.3699999999998909 2929.0500000000001819 2937.9699999999997999 2945.5900000000001455 2950.5 2941.1500000000000909 2923.8699999999998909 2907.0599999999999454 2901.7399999999997817 2896.1999999999998181 2886.4099999999998545 2866.9600000000000364 2814.8699999999998909 2758.2100000000000364 2680.5100000000002183 2639.9000000000000909 2644.9200000000000728 2686.4000000000000909 2669.9299999999998363 2652.6799999999998363 2661.2600000000002183 2694.2399999999997817 2710.3099999999999454 2611 2646.3800000000001091 2648.1300000000001091 2620 2576.6100000000001273 2538.4400000000000546 2514.3699999999998909 2484.4400000000000546 2452.9299999999998363 2427.9200000000000728 2420.0900000000001455 2423.5500000000001819 2424.2100000000000364 2415.5399999999999636 2401.7199999999997999
3043.3200000000001637 2985.1100000000001273 2906.6300000000001091 2916.4800000000000182 2925.7399999999997817 2934.0199999999999818 2939.7300000000000182 2943.0500000000001819 2943.7699999999999818 2939.2600000000002183 2898.5399999999999636 2855.9299999999998363 2854.9400000000000546 2815.9099999999998545 2715.0100000000002183 2667.0500000000001819 2660.6300000000001091 2684.8400000000001455 2706.3200000000001637 2672.1900000000000546 2642.9200000000000728 2696.9200000000000728 2725.9699999999997999 2753.6999999999998181 2656 2604.9800000000000182 2694.6199999999998909 2670.3800000000001091 2641.7699999999999818 2597.0300000000002001 2568.8099999999999454 2540.1399999999998727 2512.9499999999998181 2484.5700000000001637 2460.5599999999999454 2444.4800000000000182 2434.9000000000000909 2429.4000000000000909 2416.0999999999999091 2397.3400000000001455
3184.9899999999997817 3056.5999999999999091 2894.8200000000001637 2904.9299999999998363 2914.6500000000000909 2923.7300000000000182 2930.3600000000001273 2934.7399999999997817 2936.6500000000000909 2933.6399999999998727 2925.1799999999998363 2834.1500000000000909 2753.25 2718.4800000000000182 2712 2729.1500000000000909 2714.7199999999997999 2699.5500000000001819 2680.5700000000001637 2661.9099999999998545 2726.0500000000001819 2751.4800000000000182 2728.1900000000000546 2698.4600000000000364 2629.0399999999999636 2676.9899999999997817 2715.9099999999998545 2692.8499999999999091 2665.9699999999997999 2630.3600000000001273 2599.5300000000002001 2570.5999999999999091 2541.9099999999998545 2517.5300000000002001 2492.0300000000002001 2469.9099999999998545 2449.0399999999999636 2430.7699999999999818 2418.3400000000001455 2395.1300000000001091
3274.4000000000000909 3071.8499999999999091 2883.4600000000000364 2893.5199999999999818 2903.6399999999998727 2913.3800000000001091 2920.8400000000001455 2926.3699999999998909 2927.9600000000000364 2925.8099999999999454 2906.6399999999998727 2810.1799999999998363 2774.3000000000001819 2795.0799999999999272 2790.7399999999997817 2728.1199999999998909 2723.5999999999999091 2682.1100000000001273 2695.2899999999999636 2732.6999999999998181 2776.5799999999999272 2718.3899999999998727 2720.1799999999998363 2690.2399999999997817 2681.5500000000001819 2750.5399999999999636 2739.0900000000001455 2717.9899999999997817 2693.4699999999997999 2660.8899999999998727 2632.3400000000001455 2601 2568.1500000000000909 2544.4699999999997999 2517.2899999999999636 2489.7199999999997999 2465.3400000000001455 2441.1399999999998727 2424.4699999999997999 2398.2699999999999818
3155.7100000000000364 2981.7199999999997999 2873.7699999999999818 2886.6100000000001273 2898.4000000000000909 2910.9499999999998181 2920.1300000000001091 2924.6700000000000728 2923.7100000000000364 2924.8899999999998727 2905.1700000000000728 2856.75 2847.2300000000000182 2890.1500000000000909 2789.2399999999997817 2756.8099999999999454 2774.2300000000000182 2725.4600000000000364 2772.9600000000000364 2738.4200000000000728 2754.7300000000000182 2756.1199999999998909 2805.2899999999999636 2717.9600000000000364 2751.5500000000001819 2780.3699999999998909 2764.8499999999999091 2743.8800000000001091 2718.1900000000000546 2689.7699999999999818 2661.3899999999998727 2624.7100000000000364 2582.0599999999999454 2561.6100000000001273 2542.75 2515.7100000000000364 2486.4299999999998363 2456.9800000000000182 2435.9000000000000909 2406.7300000000000182
2987.3299999999999272 2946.9000000000000909 2875.4000000000000909 2886.1799999999998363 2897.2399999999997817 2908.6700000000000728 2918.1399999999998727 2916.9699999999997999 2921.4899999999997817 2925.8000000000001819 2926.1900000000000546 2924.5999999999999091 2926.8400000000001455 2889.8099999999999454 2790.9099999999998545 2814.1399999999998727 2879.8299999999999272 2825.5300000000002001 2794.3499999999999091 2752.3499999999999091 2797.9400000000000546 2805.3600000000001273 2824.3099999999999454 2747.0599999999999454 2819.9000000000000909 2803.4000000000000909 2784.9200000000000728 2756 2728.8600000000001273 2684.3000000000001819 2635.6799999999998363 2620.0100000000002183 2621.5599999999999454 2601.6900000000000546 2570.3699999999998909 2541.0900000000001455 2508.4400000000000546 2474.8699999999998909 2444.6700000000000728 2417.4000000000000909
