data_processed/THICK1_VM.asc
ncols        168
nrows        136
xllcorner    455000
yllcorner    2107000
cellsize     500
NODATA_value     -99999
[rows 34 to 67 of 136, columns 0 to 76 of 168]
767.50 1535.00 1535.00 1535.00 1505.50 1476.00 1476.00 1476.00 738.50 5.00 5.00 5.00 5.00 5.00 5.00 5.00 5.00 5.00 5.00 5.00 3.00 5.00 5.00 5.00 3.00 5.00 5.00 5.00 5.00 5.00 5.00 5.00 5.00 5.00 5.00 5.00 5.00 5.00 5.00 5.00 5.00 5.00 5.00 5.00 7.00 13.00 13.00 13.00 16.00 19.00 19.00 19.00 20.50 22.00 22.00 22.00 50.50 79.00 79.00 79.00 111.50 144.00 144.00 144.00 72.50 5.00 5.00 5.00 4.00 7.00 7.00 7.00 21.50 36.00 36.00 36.00 49.50
767.50 1535.00 1535.00 1535.00 1382.58 1230.17 1230.17 1230.17 615.58 5.00 5.00 5.00 5.00 5.00 5.00 5.00 5.00 5.00 5.00 5.00 3.00 5.00 5.00 5.00 3.00 5.00 5.00 5.00 5.00 5.00 5.00 5.00 5.00 5.00 5.00 5.00 5.00 5.00 5.00 5.00 5.00 5.00 5.00 5.00 7.00 13.00 13.00 13.00 16.00 19.00 19.00 19.00 20.50 22.00 22.00 22.00 50.50 79.00 79.00 79.00 111.50 144.00 144.00 144.00 72.50 5.00 5.00 5.00 4.00 7.00 7.00 7.00 21.50 36.00 36.00 36.00 49.50
767.50 1535.00 1535.00 1535.00 768.00 5.00 5.00 5.00 5.00 5.00 5.00 5.00 5.00 5.00 5.00 5.00 5.00 5.00 5.00 5.00 3.00 5.00 5.00 5.00 3.00 5.00 5.00 5.00 5.00 5.00 5.00 5.00 5.00 5.00 5.00 5.00 5.00 5.00 5.00 5.00 5.00 5.00 5.00 5.00 7.00 13.00 13.00 13.00 16.00 19.00 19.00 19.00 20.50 22.00 22.00 22.00 50.50 79.00 79.00 79.00 111.50 144.00 144.00 144.00 72.50 5.00 5.00 5.00 4.00 7.00 7.00 7.00 21.50 36.00 36.00 36.00 49.50
639.67 1279.33 1279.33 1279.33 640.17 5.00 5.00 5.00 5.42 9.83 9.83 9.83 8.83 7.83 7.83 7.83 4.42 5.00 5.00 5.00 2.67 4.33 4.33 4.33 6.75 9.17 9.17 9.17 9.83 10.50 10.50 10.50 5.75 5.00 5.00 5.00 1.17 1.33 1.33 1.33 1.17 5.00 5.00 5.00 6.08 11.17 11.17 11.17 15.17 19.17 19.17 19.17 21.00 22.83 22.83 22.83 46.83 70.83 70.83 70.83 103.25 135.67 135.67 135.67 77.00 18.33 18.33 18.33 12.50 6.67 6.67 6.67 22.42 38.17 38.17 38.17 52.00
0.50 5.00 5.00 5.00 5.00 5.00 5.00 5.00 27.50 54.00 54.00 54.00 48.00 42.00 42.00 42.00 21.50 5.00 5.00 5.00 5.00 5.00 5.00 5.00 25.50 50.00 50.00 50.00 54.00 58.00 58.00 58.00 29.50 5.00 5.00 5.00 2.00 3.00 3.00 3.00 2.00 5.00 5.00 5.00 1.50 2.00 2.00 2.00 11.00 20.00 20.00 20.00 23.50 27.00 27.00 27.00 28.50 30.00 30.00 30.00 62.00 94.00 94.00 94.00 99.50 105.00 105.00 105.00 55.00 5.00 5.00 5.00 27.00 49.00 49.00 49.00 64.50
0.50 5.00 5.00 5.00 5.00 5.00 5.00 5.00 27.50 54.00 54.00 54.00 48.00 42.00 42.00 42.00 21.50 5.00 5.00 5.00 5.00 5.00 5.00 5.00 25.50 50.00 50.00 50.00 54.00 58.00 58.00 58.00 29.50 5.00 5.00 5.00 2.00 3.00 3.00 3.00 2.00 5.00 5.00 5.00 1.50 2.00 2.00 2.00 11.00 20.00 20.00 20.00 23.50 27.00 27.00 27.00 28.50 30.00 30.00 30.00 62.00 94.00 94.00 94.00 99.50 105.00 105.00 105.00 55.00 5.00 5.00 5.00 27.00 49.00 49.00 49.00 64.50
0.50 5.00 5.00 5.00 5.00 5.00 5.00 5.00 27.50 54.00 54.00 54.00 48.00 42.00 42.00 42.00 21.50 5.00 5.00 5.00 5.00 5.00 5.00 5.00 25.50 50.00 50.00 50.00 54.00 58.00 58.00 58.00 29.50 5.00 5.00 5.00 2.00 3.00 3.00 3.00 2.00 5.00 5.00 5.00 1.50 2.00 2.00 2.00 11.00 20.00 20.00 20.00 23.50 27.00 27.00 27.00 28.50 30.00 30.00 30.00 62.00 94.00 94.00 94.00 99.50 105.00 105.00 105.00 55.00 5.00 5.00 5.00 27.00 49.00 49.00 49.00 64.50
0.58 5.00 5.00 5.00 5.00 5.00 5.00 5.00 23.08 45.17 45.17 45.17 40.17 35.17 35.17 35.17 18.08 5.00 5.00 5.00 5.00 5.00 5.00 5.00 21.42 41.83 41.83 41.83 45.42 49.00 49.00 49.00 25.00 5.00 5.00 5.00 1.83 2.67 2.67 2.67 1.83 5.00 5.00 5.00 1.42 1.83 1.83 1.83 10.25 18.67 18.67 18.67 23.00 27.33 27.33 27.33 28.83 30.33 30.33 30.33 57.83 85.33 85.33 85.33 89.92 94.50 94.50 94.50 52.42 10.33 10.33 10.33 32.25 54.17 54.17 54.17 67.50
1.00 5.00 5.00 5.00 5.00 5.00 5.00 5.00 5.00 5.00 5.00 5.00 5.00 5.00 5.00 5.00 5.00 5.00 5.00 5.00 5.00 5.00 5.00 5.00 5.00 5.00 5.00 5.00 2.50 4.00 4.00 4.00 2.50 5.00 5.00 5.00 5.00 5.00 5.00 5.00 5.00 5.00 5.00 5.00 5.00 5.00 5.00 5.00 6.50 12.00 12.00 12.00 20.50 29.00 29.00 29.00 30.50 32.00 32.00 32.00 37.00 42.00 42.00 42.00 42.00 42.00 42.00 42.00 39.50 37.00 37.00 37.00 58.50 80.00 80.00 80.00 82.50
0.92 5.00 5.00 5.00 5.00 5.00 5.00 5.00 5.00 5.00 5.00 5.00 5.00 5.00 5.00 5.00 5.00 5.00 5.00 5.00 5.00 5.00 5.00 5.00 5.00 5.00 5.00 5.00 2.50 4.00 4.00 4.00 2.50 5.00 5.00 5.00 5.00 5.00 5.00 5.00 5.00 5.00 5.00 5.00 5.00 5.00 5.00 5.00 6.50 12.00 12.00 12.00 20.50 29.00 29.00 29.00 30.50 32.00 32.00 32.00 37.00 42.00 42.00 42.00 42.00 42.00 42.00 42.00 39.50 37.00 37.00 37.00 58.50 80.00 80.00 80.00 82.50
0.56 5.00 5.00 5.00 5.00 5.00 5.00 5.00 5.00 5.00 5.00 5.00 5.00 5.00 5.00 5.00 5.00 5.00 5.00 5.00 5.00 5.00 5.00 5.00 5.00 5.00 5.00 5.00 2.50 4.00 4.00 4.00 2.50 5.00 5.00 5.00 5.00 5.00 5.00 5.00 5.00 5.00 5.00 5.00 5.00 5.00 5.00 5.00 6.50 12.00 12.00 12.00 20.50 29.00 29.00 29.00 30.50 32.00 32.00 32.00 37.00 42.00 42.00 42.00 42.00 42.00 42.00 42.00 39.50 37.00 37.00 37.00 58.50 80.00 80.00 80.00 82.50
0.50 5.00 5.00 5.00 5.00 5.00 5.00 5.00 5.58 10.17 10.17 10.17 5.58 5.00 5.00 5.00 5.00 5.00 5.00 5.00 5.00 5.00 5.00 5.00 5.00 5.00 5.00 5.00 2.25 3.50 3.50 3.50 4.50 5.50 5.50 5.50 4.42 3.33 3.33 3.33 2.17 5.00 5.00 5.00 5.00 5.00 5.00 5.00 6.92 12.83 12.83 12.83 21.00 29.17 29.17 29.17 31.17 33.17 33.17 33.17 37.33 41.50 41.50 41.50 41.50 41.50 41.50 41.50 40.25 39.00 39.00 39.00 57.00 75.00 75.00 75.00 79.58
0.50 5.00 5.00 5.00 5.00 5.00 5.00 5.00 28.50 56.00 56.00 56.00 28.50 5.00 5.00 5.00 5.00 5.00 5.00 5.00 5.00 5.00 5.00 5.00 5.00 5.00 5.00 5.00 5.00 5.00 5.00 5.00 14.50 28.00 28.00 28.00 21.50 15.00 15.00 15.00 8.00 5.00 5.00 5.00 5.00 5.00 5.00 5.00 9.00 17.00 17.00 17.00 23.50 30.00 30.00 30.00 34.50 39.00 39.00 39.00 39.00 39.00 39.00 39.00 39.00 39.00 39.00 39.00 44.00 49.00 49.00 49.00 49.50 50.00 50.00 50.00 65.00
136.67 273.33 137.17 5.00 5.00 5.00 5.00 5.00 28.50 56.00 56.00 56.00 28.50 5.00 5.00 5.00 5.00 5.00 5.00 5.00 5.00 5.00 5.00 5.00 5.00 5.00 5.00 5.00 5.00 5.00 5.00 5.00 14.50 28.00 28.00 28.00 21.50 15.00 15.00 15.00 8.00 5.00 5.00 5.00 5.00 5.00 5.00 5.00 9.00 17.00 17.00 17.00 23.50 30.00 30.00 30.00 34.50 39.00 39.00 39.00 39.00 39.00 39.00 39.00 39.00 39.00 39.00 39.00 44.00 49.00 49.00 49.00 49.50 50.00 50.00 50.00 65.00
817.50 1635.00 818.00 5.00 5.00 5.00 5.00 5.00 28.50 56.00 56.00 56.00 28.50 5.00 5.00 5.00 5.00 5.00 5.00 5.00 5.00 5.00 5.00 5.00 5.00 5.00 5.00 5.00 5.00 5.00 5.00 5.00 14.50 28.00 28.00 28.00 21.50 15.00 15.00 15.00 8.00 5.00 5.00 5.00 5.00 5.00 5.00 5.00 9.00 17.00 17.00 17.00 23.50 30.00 30.00 30.00 34.50 39.00 39.00 39.00 39.00 39.00 39.00 39.00 39.00 39.00 39.00 39.00 44.00 49.00 49.00 49.00 49.50 50.00 50.00 50.00 65.00
813.25 1626.50 945.67 264.83 132.92 5.00 5.00 5.00 23.92 46.83 46.83 46.83 23.92 5.00 5.00 5.00 5.00 5.00 5.00 5.00 5.00 5.00 5.00 5.00 5.00 5.00 5.00 5.00 5.00 5.00 5.00 5.00 12.25 23.50 23.50 23.50 18.08 12.67 12.67 12.67 6.83 5.00 5.00 5.00 5.00 5.00 5.00 5.00 8.00 15.00 15.00 15.00 23.33 31.67 31.67 31.67 35.83 40.00 40.00 40.00 40.42 40.83 40.83 40.83 40.42 40.00 40.00 40.00 42.08 44.17 44.17 44.17 43.00 41.83 41.83 41.83 60.92
792.00 1584.00 1584.00 1584.00 792.50 5.00 5.00 5.00 5.00 5.00 5.00 5.00 5.00 5.00 5.00 5.00 5.00 5.00 5.00 5.00 5.00 5.00 5.00 5.00 5.00 5.00 5.00 5.00 5.00 5.00 5.00 5.00 5.00 5.00 5.00 5.00 5.00 5.00 5.00 5.00 5.00 5.00 5.00 5.00 5.00 5.00 5.00 5.00 3.00 5.00 5.00 5.00 22.50 40.00 40.00 40.00 42.50 45.00 45.00 45.00 47.50 50.00 50.00 50.00 47.50 45.00 45.00 45.00 32.50 20.00 20.00 20.00 10.50 5.00 5.00 5.00 40.50
792.00 1584.00 1584.00 1584.00 917.67 251.33 251.33 251.33 126.17 5.00 5.00 5.00 5.00 5.00 5.00 5.00 5.00 5.00 5.00 5.00 5.00 5.00 5.00 5.00 5.00 5.00 5.00 5.00 5.00 5.00 5.00 5.00 5.00 5.00 5.00 5.00 5.00 5.00 5.00 5.00 5.00 5.00 5.00 5.00 5.00 5.00 5.00 5.00 3.00 5.00 5.00 5.00 22.50 40.00 40.00 40.00 42.50 45.00 45.00 45.00 47.50 50.00 50.00 50.00 47.50 45.00 45.00 45.00 32.50 20.00 20.00 20.00 10.50 5.00 5.00 5.00 40.50
792.00 1584.00 1584.00 1584.00 1543.50 1503.00 1503.00 1503.00 752.00 5.00 5.00 5.00 5.00 5.00 5.00 5.00 5.00 5.00 5.00 5.00 5.00 5.00 5.00 5.00 5.00 5.00 5.00 5.00 5.00 5.00 5.00 5.00 5.00 5.00 5.00 5.00 5.00 5.00 5.00 5.00 5.00 5.00 5.00 5.00 5.00 5.00 5.00 5.00 3.00 5.00 5.00 5.00 22.50 40.00 40.00 40.00 42.50 45.00 45.00 45.00 47.50 50.00 50.00 50.00 47.50 45.00 45.00 45.00 32.50 20.00 20.00 20.00 10.50 5.00 5.00 5.00 40.50
789.58 1579.17 1579.17 1579.17 1539.25 1499.33 1499.33 1499.33 750.17 5.00 5.00 5.00 1.33 1.67 1.67 1.67 1.33 5.00 5.00 5.00 5.00 5.00 5.00 5.00 5.00 5.00 5.00 5.00 5.00 5.00 5.00 5.00 5.00 5.00 5.00 5.00 5.00 5.00 5.00 5.00 5.00 5.00 5.00 5.00 5.00 5.00 5.00 5.00 2.67 4.33 4.33 4.33 22.08 39.83 39.83 39.83 42.42 45.00 45.00 45.00 47.50 50.00 50.00 50.00 47.92 45.83 45.83 45.83 33.75 21.67 21.67 21.67 13.75 5.83 5.83 5.83 41.25
777.50 1555.00 1555.00 1555.00 1518.00 1481.00 1481.00 1481.00 741.00 5.00 5.00 5.00 3.00 5.00 5.00 5.00 3.00 5.00 5.00 5.00 5.00 5.00 5.00 5.00 5.00 5.00 5.00 5.00 5.00 5.00 5.00 5.00 5.00 5.00 5.00 5.00 5.00 5.00 5.00 5.00 5.00 5.00 5.00 5.00 5.00 5.00 5.00 5.00 5.00 5.00 5.00 5.00 20.00 39.00 39.00 39.00 42.00 45.00 45.00 45.00 47.50 50.00 50.00 50.00 50.00 50.00 50.00 50.00 40.00 30.00 30.00 30.00 30.00 30.00 30.00 30.00 45.00
777.50 1555.00 1555.00 1555.00 1518.00 1481.00 1481.00 1481.00 741.00 5.00 5.00 5.00 3.00 5.00 5.00 5.00 3.00 5.00 5.00 5.00 5.00 5.00 5.00 5.00 5.00 5.00 5.00 5.00 5.00 5.00 5.00 5.00 5.00 5.00 5.00 5.00 5.00 5.00 5.00 5.00 5.00 5.00 5.00 5.00 5.00 5.00 5.00 5.00 5.00 5.00 5.00 5.00 20.00 39.00 39.00 39.00 42.00 45.00 45.00 45.00 47.50 50.00 50.00 50.00 50.00 50.00 50.00 50.00 40.00 30.00 30.00 30.00 30.00 30.00 30.00 30.00 45.00
777.50 1555.00 1555.00 1555.00 1518.00 1481.00 1481.00 1481.00 741.00 5.00 5.00 5.00 3.00 5.00 5.00 5.00 3.00 5.00 5.00 5.00 5.00 5.00 5.00 5.00 5.00 5.00 5.00 5.00 5.00 5.00 5.00 5.00 5.00 5.00 5.00 5.00 5.00 5.00 5.00 5.00 5.00 5.00 5.00 5.00 5.00 5.00 5.00 5.00 5.00 5.00 5.00 5.00 20.00 39.00 39.00 39.00 42.00 45.00 45.00 45.00 47.50 50.00 50.00 50.00 50.00 50.00 50.00 50.00 40.00 30.00 30.00 30.00 30.00 30.00 30.00 30.00 45.00
773.50 1547.00 1547.00 1547.00 1510.58 1474.17 1354.25 1234.33 617.67 5.00 5.00 5.00 2.67 4.33 4.33 4.33 2.67 5.00 5.00 5.00 5.00 5.00 5.00 5.00 5.00 5.00 5.00 5.00 5.00 5.00 5.00 5.00 5.00 5.00 5.00 5.00 5.00 5.00 5.00 5.00 5.00 5.00 5.00 5.00 5.00 5.00 5.00 5.00 5.00 5.00 5.00 5.00 20.00 39.00 39.00 39.00 41.58 44.17 44.17 44.17 47.08 50.00 50.00 50.00 50.00 50.00 50.00 50.00 41.67 33.33 33.33 33.33 33.33 33.33 33.33 33.33 46.67
753.50 1507.00 1507.00 1507.00 1473.50 1440.00 720.50 5.00 5.00 5.00 5.00 5.00 5.00 5.00 5.00 5.00 5.00 5.00 5.00 5.00 5.00 5.00 5.00 5.00 5.00 5.00 5.00 5.00 5.00 5.00 5.00 5.00 5.00 5.00 5.00 5.00 5.00 5.00 5.00 5.00 5.00 5.00 5.00 5.00 5.00 5.00 5.00 5.00 5.00 5.00 5.00 5.00 20.00 39.00 39.00 39.00 39.50 40.00 40.00 40.00 45.00 50.00 50.00 50.00 50.00 50.00 50.00 50.00 50.00 50.00 50.00 50.00 50.00 50.00 50.00 50.00 55.00
753.50 1507.00 1507.00 1507.00 1473.50 1440.00 720.50 5.00 5.00 5.00 5.00 5.00 5.00 5.00 5.00 5.00 5.00 5.00 5.00 5.00 5.00 5.00 5.00 5.00 5.00 5.00 5.00 5.00 5.00 5.00 5.00 5.00 5.00 5.00 5.00 5.00 5.00 5.00 5.00 5.00 5.00 5.00 5.00 5.00 5.00 5.00 5.00 5.00 5.00 5.00 5.00 5.00 20.00 39.00 39.00 39.00 39.50 40.00 40.00 40.00 45.00 50.00 50.00 50.00 50.00 50.00 50.00 50.00 50.00 50.00 50.00 50.00 50.00 50.00 50.00 50.00 55.00
753.50 1507.00 1507.00 1507.00 1473.50 1440.00 720.50 5.00 5.00 5.00 5.00 5.00 5.00 5.00 5.00 5.00 5.00 5.00 5.00 5.00 5.00 5.00 5.00 5.00 5.00 5.00 5.00 5.00 5.00 5.00 5.00 5.00 5.00 5.00 5.00 5.00 5.00 5.00 5.00 5.00 5.00 5.00 5.00 5.00 5.00 5.00 5.00 5.00 5.00 5.00 5.00 5.00 20.00 39.00 39.00 39.00 39.50 40.00 40.00 40.00 45.00 50.00 50.00 50.00 50.00 50.00 50.00 50.00 50.00 50.00 50.00 50.00 50.00 50.00 50.00 50.00 55.00
749.42 1498.83 1498.83 1498.83 1462.75 1426.67 713.83 5.00 8.25 15.50 15.50 15.50 13.75 12.00 12.00 12.00 6.50 5.00 5.00 5.00 5.00 5.00 5.00 5.00 5.00 5.00 5.00 5.00 2.00 3.00 3.00 3.00 2.00 5.00 5.00 5.00 5.00 5.00 5.00 5.00 5.00 5.00 5.00 5.00 5.00 5.00 5.00 5.00 5.00 5.00 5.00 5.00 18.75 36.50 36.50 36.50 38.25 40.00 40.00 40.00 45.00 50.00 50.00 50.00 50.00 50.00 50.00 50.00 50.83 51.67 51.67 51.67 51.67 51.67 51.67 51.67 55.83
729.00 1458.00 1458.00 1458.00 1409.00 1360.00 680.50 5.00 44.50 88.00 88.00 88.00 77.50 67.00 67.00 67.00 34.00 5.00 5.00 5.00 5.00 5.00 5.00 5.00 5.00 5.00 5.00 5.00 7.00 13.00 13.00 13.00 7.00 5.00 5.00 5.00 5.00 5.00 5.00 5.00 5.00 5.00 5.00 5.00 5.00 5.00 5.00 5.00 5.00 5.00 5.00 5.00 12.50 24.00 24.00 24.00 32.00 40.00 40.00 40.00 45.00 50.00 50.00 50.00 50.00 50.00 50.00 50.00 55.00 60.00 60.00 60.00 60.00 60.00 60.00 60.00 60.00
729.00 1458.00 1458.00 1458.00 1409.00 1360.00 680.50 5.00 44.50 88.00 88.00 88.00 77.50 67.00 67.00 67.00 34.00 5.00 5.00 5.00 5.00 5.00 5.00 5.00 5.00 5.00 5.00 5.00 7.00 13.00 13.00 13.00 7.00 5.00 5.00 5.00 5.00 5.00 5.00 5.00 5.00 5.00 5.00 5.00 5.00 5.00 5.00 5.00 5.00 5.00 5.00 5.00 12.50 24.00 24.00 24.00 32.00 40.00 40.00 40.00 45.00 50.00 50.00 50.00 50.00 50.00 50.00 50.00 55.00 60.00 60.00 60.00 60.00 60.00 60.00 60.00 60.00
729.00 1458.00 1458.00 1458.00 1409.00 1360.00 680.50 5.00 44.50 88.00 88.00 88.00 77.50 67.00 67.00 67.00 34.00 5.00 5.00 5.00 5.00 5.00 5.00 5.00 5.00 5.00 5.00 5.00 7.00 13.00 13.00 13.00 7.00 5.00 5.00 5.00 5.00 5.00 5.00 5.00 5.00 5.00 5.00 5.00 5.00 5.00 5.00 5.00 5.00 5.00 5.00 5.00 12.50 24.00 24.00 24.00 32.00 40.00 40.00 40.00 45.00 50.00 50.00 50.00 50.00 50.00 50.00 50.00 55.00 60.00 60.00 60.00 60.00 60.00 60.00 60.00 60.00
727.08 1454.17 1454.17 1454.17 1293.83 1133.50 567.25 5.00 37.25 73.50 73.50 73.50 66.83 60.17 60.17 60.17 30.58 5.00 5.00 5.00 5.00 5.00 5.00 5.00 5.00 5.00 5.00 5.00 6.00 11.00 11.00 11.00 6.00 5.00 5.00 5.00 5.00 5.00 5.00 5.00 5.00 5.00 5.00 5.00 5.00 5.00 5.00 5.00 5.00 5.00 5.00 5.00 10.92 20.83 20.83 20.83 30.42 40.00 40.00 40.00 44.92 49.83 49.83 49.83 49.83 49.83 49.83 49.83 52.33 54.83 54.83 54.83 54.83 54.83 54.83 54.83 54.92
717.50 1435.00 1435.00 1435.00 718.00 5.00 5.00 5.00 5.00 5.00 5.00 5.00 13.50 26.00 26.00 26.00 13.50 5.00 5.00 5.00 5.00 5.00 5.00 5.00 5.00 5.00 5.00 5.00 5.00 5.00 5.00 5.00 5.00 5.00 5.00 5.00 5.00 5.00 5.00 5.00 5.00 5.00 5.00 5.00 5.00 5.00 5.00 5.00 5.00 5.00 5.00 5.00 3.00 5.00 5.00 5.00 22.50 40.00 40.00 40.00 44.50 49.00 49.00 49.00 49.00 49.00 49.00 49.00 39.00 29.00 29.00 29.00 29.00 29.00 29.00 29.00 29.50
717.50 1435.00 1435.00 1435.00 823.08 211.17 106.08 5.00 5.00 5.00 5.00 5.00 13.50 26.00 26.00 26.00 13.50 5.00 5.00 5.00 5.00 5.00 5.00 5.00 5.00 5.00 5.00 5.00 5.00 5.00 5.00 5.00 5.00 5.00 5.00 5.00 5.00 5.00 5.00 5.00 5.00 5.00 5.00 5.00 5.00 5.00 5.00 5.00 5.00 5.00 5.00 5.00 3.00 5.00 5.00 5.00 22.50 40.00 40.00 40.00 44.50 49.00 49.00 49.00 49.00 49.00 49.00 49.00 39.00 29.00 29.00 29.00 29.00 29.00 29.00 29.00 29.50
