data_processed/THICK2_VM.asc
ncols        168
nrows        136
xllcorner    455000
yllcorner    2107000
cellsize     500
NODATA_value     -99999
[rows 0 to 29 of 136, columns 68 to 135 of 168]
0.00 0.00 0.00 0.00 0.00 0.00 0.00 0.00 0.00 0.00 0.00 0.00 0.00 0.00 0.00 0.00 0.00 0.00 0.00 0.00 0.00 0.00 0.00 0.00 0.00 0.00 0.00 0.00 0.00 0.00 0.00 0.00 0.00 0.00 0.00 0.00 0.00 0.00 0.00 0.00 0.00 0.00 0.00 0.00 0.00 0.00 0.00 0.00 0.00 0.00 0.00 0.00 0.00 0.00 0.00 0.00 0.00 0.00 0.00 0.00 0.00 0.00 0.00 0.00 0.00 0.00 0.00 0.00
118.44 114.98 114.78 114.78 111.89 108.85 108.67 108.67 103.30 97.26 97.26 97.26 92.27 87.56 87.28 87.28 87.85 88.46 88.50 88.50 96.65 105.82 105.82 105.82 111.62 117.11 117.43 117.43 115.32 113.08 112.94 112.94 111.90 110.71 110.71 110.71 112.54 114.27 114.37 114.37 119.57 125.05 125.37 125.37 135.24 146.36 146.36 146.36 161.43 175.66 176.50 176.50 193.05 210.51 211.54 211.54 226.01 242.30 242.30 242.30 252.28 261.71 262.26 262.26 269.77 277.68 278.15 278.15
601.00 584.00 583.00 583.00 568.83 553.88 553.00 553.00 526.65 497.00 497.00 497.00 472.50 449.36 448.00 448.00 450.83 453.82 454.00 454.00 494.00 539.00 539.00 539.00 567.50 594.42 596.00 596.00 585.61 574.65 574.00 574.00 568.82 563.00 563.00 563.00 572.00 580.50 581.00 581.00 606.50 633.41 635.00 635.00 683.47 738.00 738.00 738.00 812.00 881.89 886.00 886.00 967.22 1052.94 1058.00 1058.00 1129.06 1209.00 1209.00 1209.00 1258.00 1304.28 1307.00 1307.00 1343.83 1382.71 1385.00 1385.00
601.00 584.00 583.00 583.00 568.83 553.88 553.00 553.00 526.65 497.00 497.00 497.00 472.50 449.36 448.00 448.00 450.83 453.82 454.00 454.00 494.00 539.00 539.00 539.00 567.50 594.42 596.00 596.00 585.61 574.65 574.00 574.00 568.82 563.00 563.00 563.00 572.00 580.50 581.00 581.00 606.50 633.41 635.00 635.00 683.47 738.00 738.00 738.00 812.00 881.89 886.00 886.00 967.22 1052.94 1058.00 1058.00 1129.06 1209.00 1209.00 1209.00 1258.00 1304.28 1307.00 1307.00 1343.83 1382.71 1385.00 1385.00
601.05 583.99 582.98 582.98 568.81 553.85 552.97 552.97 526.52 496.77 496.77 496.77 472.27 449.13 447.77 447.77 450.58 453.56 453.73 453.73 493.72 538.71 538.71 538.71 567.15 594.01 595.59 595.59 585.18 574.19 573.55 573.55 568.41 562.63 562.63 562.63 571.62 580.12 580.62 580.62 606.14 633.08 634.67 634.67 683.29 737.98 737.98 737.98 812.19 882.28 886.40 886.40 967.74 1053.58 1058.65 1058.65 1129.70 1209.64 1209.64 1209.64 1258.56 1304.75 1307.47 1307.47 1344.26 1383.08 1385.37 1385.37
601.92 583.74 582.67 582.67 568.42 553.39 552.50 552.50 524.42 492.83 492.83 492.83 468.33 445.19 443.83 443.83 446.35 449.01 449.17 449.17 489.01 533.83 533.83 533.83 561.25 587.15 588.67 588.67 577.88 566.50 565.83 565.83 561.36 556.34 556.34 556.34 565.25 573.67 574.17 574.17 600.06 627.39 629.00 629.00 680.13 737.67 737.67 737.67 815.41 888.85 893.17 893.17 976.52 1064.48 1069.67 1069.67 1140.64 1220.50 1220.50 1220.50 1268.00 1312.86 1315.50 1315.50 1351.46 1389.43 1391.67 1391.67
606.50 582.42 581.00 581.00 566.36 550.91 550.00 550.00 513.29 472.00 472.00 472.00 447.50 424.36 423.00 423.00 423.94 424.94 425.00 425.00 464.06 508.00 508.00 508.00 530.00 550.78 552.00 552.00 539.25 525.79 525.00 525.00 524.06 523.00 523.00 523.00 531.50 539.53 540.00 540.00 567.86 597.26 599.00 599.00 663.47 736.00 736.00 736.00 832.50 923.64 929.00 929.00 1022.97 1122.15 1128.00 1128.00 1198.59 1278.00 1278.00 1278.00 1318.00 1355.78 1358.00 1358.00 1389.64 1423.03 1425.00 1425.00
606.50 582.42 581.00 581.00 566.36 550.91 550.00 550.00 513.29 472.00 472.00 472.00 447.50 424.36 423.00 423.00 423.94 424.94 425.00 425.00 464.06 508.00 508.00 508.00 530.00 550.78 552.00 552.00 539.25 525.79 525.00 525.00 524.06 523.00 523.00 523.00 531.50 539.53 540.00 540.00 567.86 597.26 599.00 599.00 663.47 736.00 736.00 736.00 832.50 923.64 929.00 929.00 1022.97 1122.15 1128.00 1128.00 1198.59 1278.00 1278.00 1278.00 1318.00 1355.78 1358.00 1358.00 1389.64 1423.03 1425.00 1425.00
606.50 582.42 581.00 581.00 566.36 550.91 550.00 550.00 513.29 472.00 472.00 472.00 447.50 424.36 423.00 423.00 423.94 424.94 425.00 425.00 464.06 508.00 508.00 508.00 530.00 550.78 552.00 552.00 539.25 525.79 525.00 525.00 524.06 523.00 523.00 523.00 531.50 539.53 540.00 540.00 567.86 597.26 599.00 599.00 663.47 736.00 736.00 736.00 832.50 923.64 929.00 929.00 1022.97 1122.15 1128.00 1128.00 1198.59 1278.00 1278.00 1278.00 1318.00 1355.78 1358.00 1358.00 1389.64 1423.03 1425.00 1425.00
612.92 588.13 586.67 586.67 569.91 552.21 551.17 551.17 513.05 470.17 470.17 470.17 445.50 422.20 420.83 420.83 421.23 421.65 421.67 421.67 456.72 496.17 496.16 496.17 516.25 535.21 536.33 536.33 525.47 514.01 513.33 513.33 513.88 514.50 514.50 514.50 523.75 532.49 533.00 533.00 560.54 589.61 591.33 591.33 658.63 734.33 734.33 734.33 834.50 929.10 934.66 934.66 1029.75 1130.08 1136.00 1136.00 1204.40 1281.33 1281.33 1281.33 1319.59 1355.71 1357.83 1357.83 1390.26 1424.48 1426.50 1426.50
643.22 615.08 613.43 613.43 586.63 558.35 556.68 556.68 511.89 461.51 461.51 461.51 436.06 412.02 410.60 410.60 408.39 406.06 405.93 405.93 422.10 440.29 440.29 440.29 451.32 461.74 462.35 462.35 460.41 458.36 458.24 458.24 465.83 474.36 474.36 474.36 487.15 499.23 499.94 499.94 526.00 553.51 555.13 555.13 635.76 726.46 726.46 726.46 843.94 954.90 961.43 961.43 1061.70 1167.53 1173.78 1173.78 1231.80 1297.07 1297.07 1297.07 1327.06 1355.38 1357.05 1357.05 1393.19 1431.33 1433.58 1433.58
645.00 616.67 615.00 615.00 587.61 558.71 557.00 557.00 511.82 461.00 461.00 461.00 435.50 411.42 410.00 410.00 407.64 405.15 405.00 405.00 417.44 432.06 432.06 432.06 443.40 457.42 458.00 457.49 453.23 452.79 452.76 453.01 463.00 472.00 472.00 472.00 485.00 497.28 498.00 498.00 523.97 551.38 553.00 553.00 634.41 726.00 726.00 726.00 844.50 956.42 963.00 963.00 1063.58 1169.74 1176.00 1176.00 1233.41 1298.00 1298.00 1298.00 1327.50 1355.36 1357.00 1357.00 1393.36 1431.74 1434.00 1434.00
645.00 616.67 615.00 615.00 587.61 558.71 557.00 557.00 511.82 461.00 461.00 461.00 435.50 411.42 410.00 410.00 407.64 399.56 381.47 404.14 416.01 395.00 395.00 395.00 412.10 453.05 453.65 449.81 428.08 435.56 436.00 437.86 461.03 472.00 472.00 472.00 485.00 497.28 498.00 498.00 523.97 551.38 553.00 553.00 634.41 726.00 726.00 726.00 844.50 956.42 963.00 963.00 1063.58 1169.74 1176.00 1176.00 1233.41 1298.00 1298.00 1298.00 1327.50 1355.36 1357.00 1357.00 1393.36 1431.74 1434.00 1434.00
654.98 626.84 625.18 625.18 596.16 565.53 563.72 563.72 516.63 463.65 463.65 463.65 436.83 411.49 410.00 410.00 408.22 370.15 250.30 393.66 398.39 393.57 393.57 393.57 405.35 416.47 417.13 417.13 424.69 432.68 433.15 433.15 443.46 466.16 467.11 467.11 482.35 496.62 496.48 496.61 525.20 554.34 556.06 556.06 640.34 735.17 735.17 735.17 850.40 959.25 965.65 965.65 1057.09 1153.61 1159.30 1159.30 1214.12 1275.79 1275.79 1275.79 1310.60 1343.46 1345.39 1345.39 1385.70 1428.24 1430.75 1430.75
694.00 666.61 665.00 665.00 629.58 592.21 590.00 590.00 535.41 474.00 474.00 474.00 442.00 411.78 410.00 410.00 410.47 410.97 407.12 378.00 382.71 388.00 388.00 388.00 395.00 401.61 402.00 402.00 411.44 421.41 422.00 422.00 432.82 445.31 447.65 447.65 471.35 492.96 488.00 488.94 530.00 565.88 568.00 568.00 663.53 771.00 771.00 771.00 873.50 970.31 976.00 976.00 1031.72 1090.53 1094.00 1094.00 1138.71 1189.00 1189.00 1189.00 1244.50 1296.92 1300.00 1300.00 1355.72 1414.53 1418.00 1418.00
694.00 666.61 665.00 665.00 629.58 592.21 590.00 590.00 535.41 474.00 474.00 474.00 442.00 411.78 410.00 410.00 410.47 410.51 403.69 378.00 382.71 388.00 388.00 388.00 395.00 401.61 402.00 402.00 411.44 421.41 422.00 422.00 432.82 445.00 445.00 445.00 466.50 486.81 488.00 488.94 530.00 565.88 568.00 568.00 663.53 771.00 771.00 771.00 873.50 970.31 976.00 976.00 1031.72 1090.53 1094.00 1094.00 1138.71 1189.00 1189.00 1189.00 1244.50 1296.92 1300.00 1300.00 1355.72 1414.53 1418.00 1418.00
694.26 666.74 665.12 665.12 629.93 592.78 590.59 590.59 535.89 474.35 474.35 474.35 442.23 411.89 410.10 410.10 410.57 407.18 378.17 378.17 382.72 387.85 387.85 387.85 394.84 401.44 401.83 401.83 411.27 421.24 421.82 421.82 432.68 444.89 444.89 444.89 466.45 486.81 488.01 488.96 530.20 566.22 568.34 568.34 663.87 771.33 771.33 771.33 873.49 969.97 975.65 975.65 1030.95 1089.32 1092.77 1092.77 1137.41 1187.64 1187.64 1187.64 1243.20 1295.67 1298.76 1298.76 1354.60 1413.53 1417.01 1417.01
698.59 668.91 667.16 667.16 635.77 602.63 600.67 600.67 544.04 480.33 480.33 480.33 446.08 413.73 411.83 411.83 411.97 405.63 381.00 381.00 383.04 385.33 385.33 385.33 392.17 398.62 399.00 399.00 408.37 418.25 418.83 418.83 430.21 443.00 443.00 443.00 465.58 486.92 488.17 489.25 533.62 571.90 574.16 574.16 669.62 777.00 777.00 777.00 873.34 964.31 969.66 969.66 1017.91 1068.83 1071.84 1071.84 1115.44 1164.50 1164.50 1164.50 1221.08 1274.53 1277.67 1277.67 1335.51 1396.57 1400.17 1400.17
721.50 680.42 678.00 678.00 666.67 654.71 654.00 654.00 587.18 512.00 512.00 512.00 466.50 423.53 421.00 421.00 419.42 396.85 396.00 396.00 384.71 372.00 372.00 372.00 378.00 383.67 384.00 384.00 392.97 402.44 403.00 403.00 417.12 433.00 433.00 433.00 461.00 487.44 489.00 490.76 551.69 602.03 605.00 605.00 700.06 807.00 807.00 807.00 872.50 934.36 938.00 938.00 948.86 960.32 961.00 961.00 999.12 1042.00 1042.00 1042.00 1104.00 1162.56 1166.00 1166.00 1234.47 1306.74 1311.00 1311.00
721.50 680.42 678.00 678.00 666.67 654.71 654.00 654.00 587.18 512.00 512.00 512.00 466.50 423.53 421.00 421.00 419.42 396.85 396.00 396.00 384.71 372.00 372.00 372.00 378.00 383.67 384.00 384.00 392.97 402.44 403.00 403.00 417.12 433.00 433.00 433.00 461.00 487.44 489.00 490.57 550.44 602.03 605.00 605.00 700.06 807.00 807.00 807.00 872.50 934.36 938.00 938.00 948.86 960.32 961.00 961.00 999.12 1042.00 1042.00 1042.00 1104.00 1162.56 1166.00 1166.00 1234.47 1306.74 1311.00 1311.00
721.50 680.42 678.00 678.00 666.67 654.71 654.00 654.00 587.18 512.00 512.00 512.00 466.50 423.53 421.00 421.00 419.42 396.85 396.00 396.00 384.71 372.00 372.00 372.00 378.00 383.67 384.00 384.00 392.97 402.44 403.00 403.00 417.12 433.00 433.00 433.00 461.00 487.44 489.00 489.00 540.28 600.97 605.00 605.00 700.06 807.00 807.00 807.00 872.50 934.36 938.00 938.00 948.86 960.32 961.00 961.00 999.12 1042.00 1042.00 1042.00 1104.00 1162.56 1166.00 1166.00 1234.47 1306.74 1311.00 1311.00
720.16 679.87 677.50 677.50 664.99 651.78 651.00 651.00 585.19 511.17 511.17 511.17 467.17 425.61 423.16 423.16 421.19 397.96 394.33 394.33 383.20 370.67 370.67 370.67 376.33 381.68 382.00 382.00 391.28 401.09 401.67 401.67 415.63 431.33 431.33 431.33 459.17 485.45 487.00 487.00 538.31 593.39 603.50 603.50 697.54 803.33 803.33 803.33 867.75 928.59 932.17 932.17 944.36 957.24 958.00 958.00 995.10 1036.83 1036.83 1036.83 1095.25 1150.42 1153.66 1153.66 1221.67 1293.43 1297.67 1297.67
713.87 677.29 675.14 675.14 657.05 637.96 636.83 636.83 575.84 507.23 507.23 507.23 470.32 435.45 433.40 433.40 431.57 424.58 386.46 386.46 376.07 364.37 364.37 364.37 368.46 372.33 372.56 372.56 383.33 394.70 395.37 395.37 408.59 423.46 423.46 423.46 450.51 476.05 477.56 477.56 534.82 595.01 596.71 596.42 685.64 786.02 786.02 786.02 845.32 901.33 904.62 904.62 923.14 942.68 943.83 943.83 976.12 1012.43 1012.43 1012.43 1053.93 1093.12 1095.43 1095.43 1161.20 1230.61 1234.70 1234.70
713.50 677.14 675.00 675.00 656.58 637.15 636.00 636.00 575.29 507.00 507.00 507.00 470.50 436.03 434.00 434.00 432.11 424.94 386.00 386.00 375.65 364.00 364.00 364.00 368.00 371.78 372.00 372.00 382.86 394.32 395.00 395.00 408.18 423.00 423.00 423.00 450.00 475.50 477.00 477.00 534.61 595.41 598.69 596.31 684.94 785.00 785.00 785.00 844.00 899.72 903.00 903.00 921.89 941.82 943.00 943.00 975.00 1011.00 1011.00 1011.00 1051.50 1089.75 1092.00 1092.00 1157.64 1226.91 1231.00 1231.00
713.50 677.14 675.00 675.00 656.58 637.15 636.00 636.00 575.29 507.00 507.00 507.00 470.50 436.03 434.00 434.00 432.11 424.94 386.00 386.00 375.65 364.00 364.00 364.00 368.00 371.78 372.00 372.00 382.86 394.32 395.00 395.00 408.18 423.00 423.00 423.00 450.00 475.50 477.00 477.00 534.61 595.41 598.96 598.35 684.94 785.00 785.00 785.00 844.00 899.72 903.00 903.00 921.89 941.82 943.00 943.00 975.00 1011.00 1011.00 1011.00 1051.50 1089.75 1092.00 1092.00 1157.64 1226.91 1231.00 1231.00
706.98 670.23 668.07 668.07 646.00 622.71 621.33 621.33 567.44 506.79 506.79 506.79 471.93 438.99 437.06 437.06 434.22 421.50 384.78 384.78 375.58 365.22 365.22 365.22 368.51 371.61 371.79 371.79 381.79 392.34 392.96 392.96 406.14 420.96 420.96 420.96 447.65 472.87 474.35 474.35 532.54 593.95 597.24 594.72 683.12 782.96 782.96 782.96 842.07 897.88 901.17 901.17 921.59 943.16 944.43 944.43 976.62 1012.83 1012.83 1012.83 1056.18 1097.13 1099.54 1099.54 1166.14 1236.43 1240.58 1240.58
681.50 643.25 641.00 641.00 604.64 566.26 564.00 564.00 536.71 506.00 506.00 506.00 477.50 450.58 449.00 448.57 435.03 381.12 380.00 380.00 375.29 370.00 370.00 370.00 370.50 370.97 371.00 371.00 377.61 384.59 385.00 385.00 398.18 413.00 413.00 413.00 438.50 462.58 464.00 464.00 524.44 588.24 592.00 591.56 676.00 775.00 775.00 775.00 834.50 890.69 894.00 894.00 920.44 948.35 950.00 950.00 982.94 1020.00 1020.00 1020.00 1074.50 1125.97 1129.00 1129.00 1199.36 1273.62 1278.00 1278.00
681.50 643.25 641.00 641.00 604.64 566.26 564.00 564.00 536.71 506.00 506.00 506.00 477.50 450.58 448.57 442.13 400.06 381.12 380.00 380.00 375.29 370.00 370.00 370.00 370.50 370.97 371.00 371.00 377.61 384.59 385.00 385.00 398.18 413.00 413.00 413.00 438.50 462.58 464.00 464.00 524.44 588.24 592.00 591.56 676.00 775.00 775.00 775.00 834.50 890.69 894.00 894.00 920.44 948.35 950.00 950.00 982.94 1020.00 1020.00 1020.00 1074.50 1125.97 1129.00 1129.00 1199.36 1273.62 1278.00 1278.00
680.99 642.74 640.49 640.49 604.23 565.96 563.70 563.70 536.59 506.08 506.08 506.08 477.63 450.36 442.30 417.98 400.11 381.24 380.13 380.13 375.40 370.08 370.08 370.08 370.56 371.01 371.04 371.04 377.62 384.57 384.98 384.98 398.12 412.91 412.91 412.91 438.39 462.45 463.87 463.87 524.30 588.08 591.84 591.42 676.13 775.21 775.21 775.21 834.65 890.78 894.08 894.08 920.54 948.45 950.10 950.10 983.38 1020.82 1020.82 1020.82 1075.44 1127.03 1130.06 1130.06 1200.15 1274.11 1278.47 1278.47
672.34 634.08 631.83 631.83 597.28 560.82 558.67 558.67 534.59 507.50 507.50 507.50 479.91 450.02 417.67 417.67 400.98 383.37 382.33 382.33 377.24 371.50 371.50 371.50 371.58 371.67 371.67 371.67 377.81 384.29 384.67 384.67 397.22 411.33 411.33 411.33 436.50 460.27 461.67 461.67 521.88 585.42 589.17 589.13 678.25 778.84 778.84 778.84 837.17 892.26 895.50 895.50 922.10 950.17 951.83 951.83 990.90 1034.83 1034.83 1034.83 1091.50 1145.01 1148.16 1148.16 1213.49 1282.43 1286.50 1286.50
