data_processed/THICK2_VM.asc
ncols        168
nrows        136
xllcorner    455000
yllcorner    2107000
cellsize     500
NODATA_value     -99999
[rows 93 to 123 of 136, columns 0 to 69 of 168]
0.50 1.00 1.00 1.00 1.00 1.00 1.00 1.00 1.00 1.00 1.00 1.00 1.00 1.00 1.00 1.00 901.50 1802.00 1802.00 1802.00 1774.33 1746.67 1746.67 1746.67 1648.67 1550.67 1550.67 1550.67 1534.33 1518.00 1518.00 1518.00 1465.83 1413.67 1413.67 1413.67 1393.92 1374.17 1374.17 1374.17 1429.25 1484.33 1484.33 1484.33 1458.00 1431.67 1431.67 1431.67 1366.92 1302.17 1302.17 1302.17 1275.67 1249.17 1249.17 1249.17 1220.92 1192.67 1192.67 1192.67 1167.08 1141.50 1141.50 1141.50 1137.83 1134.17 1134.17 1134.17 1142.42 1150.67
0.50 1.00 1.00 1.00 1.00 1.00 1.00 1.00 1.00 1.00 1.00 1.00 1.00 1.00 1.00 1.00 946.50 1892.00 1892.00 1892.00 1848.50 1805.00 1805.00 1805.00 1617.00 1429.00 1429.00 1429.00 1428.50 1428.00 1428.00 1428.00 1512.50 1597.00 1597.00 1597.00 1586.00 1575.00 1575.00 1575.00 1613.00 1651.00 1651.00 1651.00 1620.50 1590.00 1590.00 1590.00 1519.00 1448.00 1448.00 1448.00 1411.50 1375.00 1375.00 1375.00 1323.00 1271.00 1271.00 1271.00 1222.50 1174.00 1174.00 1174.00 1167.00 1160.00 1160.00 1160.00 1177.00 1194.00
0.50 1.00 1.00 1.00 1.00 1.00 1.00 1.00 1.00 1.00 1.00 1.00 1.00 1.00 1.00 1.00 788.92 1576.83 1576.83 1576.83 1690.92 1805.00 1805.00 1805.00 1617.00 1429.00 1429.00 1429.00 1428.50 1428.00 1428.00 1428.00 1512.50 1597.00 1597.00 1597.00 1586.00 1575.00 1575.00 1575.00 1613.00 1651.00 1651.00 1651.00 1620.50 1590.00 1590.00 1590.00 1519.00 1448.00 1448.00 1448.00 1411.50 1375.00 1375.00 1375.00 1323.00 1271.00 1271.00 1271.00 1222.50 1174.00 1174.00 1174.00 1167.00 1160.00 1160.00 1160.00 1177.00 1194.00
0.50 1.00 1.00 1.00 1.00 1.00 1.00 1.00 1.00 1.00 1.00 1.00 1.00 1.00 1.00 1.00 1.00 1.00 1.00 1.00 903.00 1805.00 1805.00 1805.00 1617.00 1429.00 1429.00 1429.00 1428.50 1428.00 1428.00 1428.00 1512.50 1597.00 1597.00 1597.00 1586.00 1575.00 1575.00 1575.00 1613.00 1651.00 1651.00 1651.00 1620.50 1590.00 1590.00 1590.00 1519.00 1448.00 1448.00 1448.00 1411.50 1375.00 1375.00 1375.00 1323.00 1271.00 1271.00 1271.00 1222.50 1174.00 1174.00 1174.00 1167.00 1160.00 1160.00 1160.00 1177.00 1194.00
0.50 1.00 1.00 1.00 1.00 1.00 1.00 1.00 1.00 1.00 1.00 1.00 1.00 1.00 1.00 1.00 1.00 1.00 1.00 1.00 752.67 1504.33 1658.17 1812.00 1629.92 1447.83 1447.83 1447.83 1449.25 1450.67 1450.67 1450.67 1540.42 1630.17 1630.17 1630.17 1613.25 1596.33 1596.33 1596.33 1630.42 1664.50 1664.50 1664.50 1637.50 1610.50 1610.50 1610.50 1545.42 1480.33 1480.33 1480.33 1443.75 1407.17 1407.17 1407.17 1353.17 1299.17 1299.17 1299.17 1246.92 1194.67 1194.67 1194.67 1183.42 1172.17 1172.17 1172.17 1190.83 1209.50
0.50 1.00 1.00 1.00 1.00 1.00 1.00 1.00 1.00 1.00 1.00 1.00 1.00 1.00 1.00 1.00 1.00 1.00 1.00 1.00 1.00 1.00 924.00 1847.00 1694.50 1542.00 1542.00 1542.00 1553.00 1564.00 1564.00 1564.00 1680.00 1796.00 1796.00 1796.00 1749.50 1703.00 1703.00 1703.00 1717.50 1732.00 1732.00 1732.00 1722.50 1713.00 1713.00 1713.00 1677.50 1642.00 1642.00 1642.00 1605.00 1568.00 1568.00 1568.00 1504.00 1440.00 1440.00 1440.00 1369.00 1298.00 1298.00 1298.00 1265.50 1233.00 1233.00 1233.00 1260.00 1287.00
0.50 1.00 1.00 1.00 1.00 1.00 1.00 1.00 1.00 1.00 1.00 1.00 1.00 1.00 1.00 1.00 1.00 1.00 1.00 1.00 1.00 1.00 770.17 1539.33 1540.67 1542.00 1542.00 1542.00 1553.00 1564.00 1564.00 1564.00 1680.00 1796.00 1796.00 1796.00 1749.50 1703.00 1703.00 1703.00 1717.50 1732.00 1732.00 1732.00 1722.50 1713.00 1713.00 1713.00 1677.50 1642.00 1642.00 1642.00 1605.00 1568.00 1568.00 1568.00 1504.00 1440.00 1440.00 1440.00 1369.00 1298.00 1298.00 1298.00 1265.50 1233.00 1233.00 1233.00 1260.00 1287.00
0.50 1.00 1.00 1.00 1.00 1.00 1.00 1.00 1.00 1.00 1.00 1.00 1.00 1.00 1.00 1.00 1.00 1.00 1.00 1.00 1.00 1.00 1.00 1.00 771.50 1542.00 1542.00 1542.00 1553.00 1564.00 1564.00 1564.00 1680.00 1796.00 1796.00 1796.00 1749.50 1703.00 1703.00 1703.00 1717.50 1732.00 1732.00 1732.00 1722.50 1713.00 1713.00 1713.00 1677.50 1642.00 1642.00 1642.00 1605.00 1568.00 1568.00 1568.00 1504.00 1440.00 1440.00 1440.00 1369.00 1298.00 1298.00 1298.00 1265.50 1233.00 1233.00 1233.00 1260.00 1287.00
0.50 1.00 1.00 1.00 1.00 1.00 1.00 1.00 1.00 1.00 1.00 1.00 1.00 1.00 1.00 1.00 1.00 1.00 1.00 1.00 1.00 1.00 1.00 1.00 643.08 1285.17 1285.17 1285.17 1459.58 1634.00 1634.00 1634.00 1731.17 1828.33 1828.33 1828.33 1778.92 1729.50 1729.50 1729.50 1736.33 1743.17 1743.17 1743.17 1729.83 1716.50 1716.50 1716.50 1680.83 1645.17 1645.17 1645.17 1610.00 1574.83 1574.83 1574.83 1514.00 1453.17 1453.17 1453.17 1381.83 1310.50 1310.50 1310.50 1281.17 1251.83 1251.83 1251.83 1276.58 1301.33
0.50 1.00 1.00 1.00 1.00 1.00 1.00 1.00 1.00 1.00 1.00 1.00 1.00 1.00 1.00 1.00 1.00 1.00 1.00 1.00 1.00 1.00 1.00 1.00 1.00 1.00 1.00 1.00 992.50 1984.00 1984.00 1984.00 1987.00 1990.00 1990.00 1990.00 1926.00 1862.00 1862.00 1862.00 1830.50 1799.00 1799.00 1799.00 1766.50 1734.00 1734.00 1734.00 1697.50 1661.00 1661.00 1661.00 1635.00 1609.00 1609.00 1609.00 1564.00 1519.00 1519.00 1519.00 1446.00 1373.00 1373.00 1373.00 1359.50 1346.00 1346.00 1346.00 1359.50 1373.00
0.50 1.00 1.00 1.00 1.00 1.00 1.00 1.00 1.00 1.00 1.00 1.00 1.00 1.00 1.00 1.00 1.00 1.00 1.00 1.00 1.00 1.00 1.00 1.00 1.00 1.00 1.00 1.00 827.25 1653.50 1653.50 1653.50 1821.75 1990.00 1990.00 1990.00 1926.00 1862.00 1862.00 1862.00 1830.50 1799.00 1799.00 1799.00 1766.50 1734.00 1734.00 1734.00 1697.50 1661.00 1661.00 1661.00 1635.00 1609.00 1609.00 1609.00 1564.00 1519.00 1519.00 1519.00 1446.00 1373.00 1373.00 1373.00 1359.50 1346.00 1346.00 1346.00 1359.50 1373.00
0.50 1.00 1.00 1.00 1.00 1.00 1.00 1.00 1.00 1.00 1.00 1.00 1.00 1.00 1.00 1.00 1.00 1.00 1.00 1.00 1.00 1.00 1.00 1.00 1.00 1.00 1.00 1.00 1.00 1.00 1.00 1.00 995.50 1990.00 1990.00 1990.00 1926.00 1862.00 1862.00 1862.00 1830.50 1799.00 1799.00 1799.00 1766.50 1734.00 1734.00 1734.00 1697.50 1661.00 1661.00 1661.00 1635.00 1609.00 1609.00 1609.00 1564.00 1519.00 1519.00 1519.00 1446.00 1373.00 1373.00 1373.00 1359.50 1346.00 1346.00 1346.00 1359.50 1373.00
0.50 1.00 1.00 1.00 1.00 1.00 1.00 1.00 1.00 1.00 1.00 1.00 1.00 1.00 1.00 1.00 1.00 1.00 1.00 1.00 1.00 1.00 1.00 1.00 1.00 1.00 1.00 1.00 1.00 1.00 1.00 1.00 829.75 1658.50 1658.50 1658.50 1605.17 1551.83 1551.83 1551.83 1679.17 1806.50 1806.50 1806.50 1769.83 1733.17 1733.17 1733.17 1692.25 1651.33 1651.33 1651.33 1622.00 1592.67 1592.67 1592.67 1547.00 1501.33 1501.33 1501.33 1438.00 1374.67 1374.67 1374.67 1368.75 1362.83 1362.83 1362.83 1373.92 1385.00
0.50 1.00 1.00 1.00 1.00 1.00 1.00 1.00 1.00 1.00 1.00 1.00 1.00 1.00 1.00 1.00 1.00 1.00 1.00 1.00 1.00 1.00 1.00 1.00 1.00 1.00 1.00 1.00 1.00 1.00 1.00 1.00 1.00 1.00 1.00 1.00 1.00 1.00 1.00 1.00 922.50 1844.00 1844.00 1844.00 1786.50 1729.00 1729.00 1729.00 1666.00 1603.00 1603.00 1603.00 1557.00 1511.00 1511.00 1511.00 1462.00 1413.00 1413.00 1413.00 1398.00 1383.00 1383.00 1383.00 1415.00 1447.00 1447.00 1447.00 1446.00 1445.00
0.50 1.00 1.00 1.00 1.00 1.00 1.00 1.00 1.00 1.00 1.00 1.00 1.00 1.00 1.00 1.00 1.00 1.00 1.00 1.00 1.00 1.00 1.00 1.00 1.00 1.00 1.00 1.00 1.00 1.00 1.00 1.00 1.00 1.00 1.00 1.00 1.00 1.00 1.00 1.00 922.50 1844.00 1844.00 1844.00 1786.50 1729.00 1729.00 1729.00 1666.00 1603.00 1603.00 1603.00 1557.00 1511.00 1511.00 1511.00 1462.00 1413.00 1413.00 1413.00 1398.00 1383.00 1383.00 1383.00 1415.00 1447.00 1447.00 1447.00 1446.00 1445.00
0.50 1.00 1.00 1.00 1.00 1.00 1.00 1.00 1.00 1.00 1.00 1.00 1.00 1.00 1.00 1.00 1.00 1.00 1.00 1.00 1.00 1.00 1.00 1.00 1.00 1.00 1.00 1.00 1.00 1.00 1.00 1.00 1.00 1.00 1.00 1.00 1.00 1.00 1.00 1.00 922.50 1844.00 1844.00 1844.00 1786.50 1729.00 1729.00 1729.00 1666.00 1603.00 1603.00 1603.00 1557.00 1511.00 1511.00 1511.00 1462.00 1413.00 1413.00 1413.00 1398.00 1383.00 1383.00 1383.00 1415.00 1447.00 1447.00 1447.00 1446.00 1445.00
0.50 1.00 1.00 1.00 1.00 1.00 1.00 1.00 1.00 1.00 1.00 1.00 1.00 1.00 1.00 1.00 1.00 1.00 1.00 1.00 1.00 1.00 1.00 1.00 1.00 1.00 1.00 1.00 1.00 1.00 1.00 1.00 1.00 1.00 1.00 1.00 1.00 1.00 1.00 1.00 924.42 1847.83 1847.83 1847.83 1791.17 1734.50 1734.50 1734.50 1669.92 1605.33 1605.33 1605.33 1553.08 1500.83 1500.83 1500.83 1453.08 1405.33 1405.33 1405.33 1401.25 1397.17 1397.17 1397.17 1434.58 1472.00 1472.00 1472.00 1469.00 1466.00
0.50 1.00 1.00 1.00 1.00 1.00 1.00 1.00 1.00 1.00 1.00 1.00 1.00 1.00 1.00 1.00 1.00 1.00 1.00 1.00 1.00 1.00 1.00 1.00 1.00 1.00 1.00 1.00 1.00 1.00 1.00 1.00 1.00 1.00 1.00 1.00 1.00 1.00 1.00 1.00 934.00 1867.00 1867.00 1867.00 1814.50 1762.00 1762.00 1762.00 1689.50 1617.00 1617.00 1617.00 1533.50 1450.00 1450.00 1450.00 1408.50 1367.00 1367.00 1367.00 1417.50 1468.00 1468.00 1468.00 1532.50 1597.00 1597.00 1597.00 1584.00 1571.00
0.50 1.00 1.00 1.00 1.00 1.00 1.00 1.00 1.00 1.00 1.00 1.00 1.00 1.00 1.00 1.00 1.00 1.00 1.00 1.00 1.00 1.00 1.00 1.00 1.00 1.00 1.00 1.00 1.00 1.00 1.00 1.00 1.00 1.00 1.00 1.00 1.00 1.00 1.00 1.00 778.50 1556.00 1711.50 1867.00 1814.50 1762.00 1762.00 1762.00 1689.50 1617.00 1617.00 1617.00 1533.50 1450.00 1450.00 1450.00 1408.50 1367.00 1367.00 1367.00 1417.50 1468.00 1468.00 1468.00 1532.50 1597.00 1597.00 1597.00 1584.00 1571.00
0.50 1.00 1.00 1.00 1.00 1.00 1.00 1.00 1.00 1.00 1.00 1.00 1.00 1.00 1.00 1.00 1.00 1.00 1.00 1.00 1.00 1.00 1.00 1.00 1.00 1.00 1.00 1.00 1.00 1.00 1.00 1.00 1.00 1.00 1.00 1.00 1.00 1.00 1.00 1.00 1.00 1.00 934.00 1867.00 1814.50 1762.00 1762.00 1762.00 1689.50 1617.00 1617.00 1617.00 1533.50 1450.00 1450.00 1450.00 1408.50 1367.00 1367.00 1367.00 1417.50 1468.00 1468.00 1468.00 1532.50 1597.00 1597.00 1597.00 1584.00 1571.00
0.50 1.00 1.00 1.00 1.00 1.00 1.00 1.00 1.00 1.00 1.00 1.00 1.00 1.00 1.00 1.00 1.00 1.00 1.00 1.00 1.00 1.00 1.00 1.00 1.00 1.00 1.00 1.00 1.00 1.00 1.00 1.00 1.00 1.00 1.00 1.00 1.00 1.00 1.00 1.00 1.00 1.00 933.83 1866.67 1812.17 1757.67 1757.67 1757.67 1680.00 1602.33 1602.33 1602.33 1520.92 1439.50 1439.50 1439.50 1405.75 1372.00 1372.00 1372.00 1424.58 1477.17 1477.17 1477.17 1537.58 1598.00 1598.00 1598.00 1590.92 1583.83
0.50 1.00 1.00 1.00 1.00 1.00 1.00 1.00 1.00 1.00 1.00 1.00 1.00 1.00 1.00 1.00 1.00 1.00 1.00 1.00 1.00 1.00 1.00 1.00 1.00 1.00 1.00 1.00 1.00 1.00 1.00 1.00 1.00 1.00 1.00 1.00 1.00 1.00 1.00 1.00 1.00 1.00 933.00 1865.00 1800.50 1736.00 1736.00 1736.00 1632.50 1529.00 1529.00 1529.00 1458.00 1387.00 1387.00 1387.00 1392.00 1397.00 1397.00 1397.00 1460.00 1523.00 1523.00 1523.00 1563.00 1603.00 1603.00 1603.00 1625.50 1648.00
0.50 1.00 1.00 1.00 1.00 1.00 1.00 1.00 1.00 1.00 1.00 1.00 1.00 1.00 1.00 1.00 1.00 1.00 1.00 1.00 1.00 1.00 1.00 1.00 1.00 1.00 1.00 1.00 1.00 1.00 1.00 1.00 1.00 1.00 1.00 1.00 1.00 1.00 1.00 1.00 1.00 1.00 777.67 1554.33 1645.17 1736.00 1736.00 1736.00 1632.50 1529.00 1529.00 1529.00 1458.00 1387.00 1387.00 1387.00 1392.00 1397.00 1397.00 1397.00 1460.00 1523.00 1523.00 1523.00 1563.00 1603.00 1603.00 1603.00 1488.25 1373.50
0.50 1.00 1.00 1.00 1.00 1.00 1.00 1.00 1.00 1.00 1.00 1.00 1.00 1.00 1.00 1.00 1.00 1.00 1.00 1.00 1.00 1.00 1.00 1.00 1.00 1.00 1.00 1.00 1.00 1.00 1.00 1.00 1.00 1.00 1.00 1.00 1.00 1.00 1.00 1.00 1.00 1.00 1.00 1.00 868.50 1736.00 1736.00 1736.00 1632.50 1529.00 1529.00 1529.00 1458.00 1387.00 1387.00 1387.00 1392.00 1397.00 1397.00 1397.00 1460.00 1523.00 1523.00 1523.00 1563.00 1603.00 1603.00 1603.00 802.00 1.00
0.50 1.00 1.00 1.00 1.00 1.00 1.00 1.00 1.00 1.00 1.00 1.00 1.00 1.00 1.00 1.00 1.00 1.00 1.00 1.00 1.00 1.00 1.00 1.00 1.00 1.00 1.00 1.00 1.00 1.00 1.00 1.00 1.00 1.00 1.00 1.00 1.00 1.00 1.00 1.00 129.08 257.17 257.17 257.17 980.08 1703.00 1703.00 1703.00 1602.42 1501.83 1501.83 1501.83 1439.50 1377.17 1377.17 1377.17 1386.75 1396.33 1396.33 1396.33 1453.75 1511.17 1511.17 1511.17 1423.58 1336.00 1336.00 1336.00 668.50 1.00
0.50 1.00 1.00 1.00 1.00 1.00 1.00 1.00 1.00 1.00 1.00 1.00 1.00 1.00 1.00 1.00 1.00 1.00 1.00 1.00 1.00 1.00 1.00 1.00 1.00 1.00 1.00 1.00 1.00 1.00 1.00 1.00 1.00 1.00 1.00 1.00 1.00 1.00 1.00 1.00 769.50 1538.00 1538.00 1538.00 1538.00 1538.00 1538.00 1538.00 1452.00 1366.00 1366.00 1366.00 1347.00 1328.00 1328.00 1328.00 1360.50 1393.00 1393.00 1393.00 1422.50 1452.00 1452.00 1452.00 726.50 1.00 1.00 1.00 1.00 1.00
0.50 1.00 1.00 1.00 1.00 1.00 1.00 1.00 1.00 1.00 1.00 1.00 1.00 1.00 1.00 1.00 1.00 1.00 1.00 1.00 1.00 1.00 1.00 1.00 1.00 1.00 1.00 1.00 1.00 1.00 1.00 1.00 1.00 1.00 1.00 1.00 1.00 1.00 1.00 1.00 769.50 1538.00 1538.00 1538.00 1538.00 1538.00 1538.00 1538.00 1452.00 1366.00 1366.00 1366.00 1347.00 1328.00 1328.00 1328.00 1360.50 1393.00 1393.00 1393.00 1422.50 1452.00 1452.00 1452.00 859.00 266.00 133.50 1.00 1.00 1.00
0.50 1.00 1.00 1.00 1.00 1.00 1.00 1.00 1.00 1.00 1.00 1.00 1.00 1.00 1.00 1.00 1.00 1.00 1.00 1.00 1.00 1.00 1.00 1.00 1.00 1.00 1.00 1.00 1.00 1.00 1.00 1.00 1.00 1.00 1.00 1.00 1.00 1.00 1.00 1.00 769.50 1538.00 1538.00 1538.00 1538.00 1538.00 1538.00 1538.00 1452.00 1366.00 1366.00 1366.00 1347.00 1328.00 1328.00 1328.00 1360.50 1393.00 1393.00 1393.00 1422.50 1452.00 1452.00 1452.00 1521.50 1591.00 796.00 1.00 1.00 1.00
0.50 1.00 1.00 1.00 1.00 1.00 1.00 1.00 1.00 1.00 1.00 1.00 1.00 1.00 1.00 1.00 1.00 1.00 1.00 1.00 1.00 1.00 1.00 1.00 1.00 1.00 1.00 1.00 1.00 1.00 1.00 1.00 1.00 1.00 1.00 1.00 1.00 1.00 1.00 1.00 747.00 1493.00 1493.00 1493.00 1492.75 1492.50 1492.50 1492.50 1424.75 1357.00 1357.00 1357.00 1340.83 1324.67 1324.67 1324.67 1354.17 1383.67 1383.67 1383.67 1408.08 1432.50 1432.50 1432.50 1504.50 1576.50 788.75 1.00 1.00 1.00
0.50 1.00 1.00 1.00 1.00 1.00 1.00 1.00 1.00 1.00 1.00 1.00 1.00 1.00 1.00 1.00 1.00 1.00 1.00 1.00 1.00 1.00 1.00 1.00 1.00 1.00 1.00 1.00 1.00 1.00 1.00 1.00 1.00 1.00 1.00 1.00 1.00 1.00 1.00 1.00 634.50 1268.00 1268.00 1268.00 1266.50 1265.00 1265.00 1265.00 1288.50 1312.00 1312.00 1312.00 1310.00 1308.00 1308.00 1308.00 1322.50 1337.00 1337.00 1337.00 1336.00 1335.00 1335.00 1335.00 1419.50 1504.00 752.50 1.00 1.00 1.00
0.50 1.00 1.00 1.00 1.00 1.00 1.00 1.00 1.00 1.00 1.00 1.00 1.00 1.00 1.00 1.00 1.00 1.00 1.00 1.00 1.00 1.00 1.00 1.00 1.00 1.00 1.00 1.00 1.00 1.00 1.00 1.00 1.00 1.00 1.00 1.00 1.00 1.00 1.00 1.00 634.50 1268.00 1268.00 1268.00 1266.50 1265.00 1265.00 1265.00 1288.50 1312.00 1312.00 1312.00 1310.00 1308.00 1308.00 1308.00 1322.50 1337.00 1337.00 1337.00 1336.00 1335.00 1335.00 1335.00 1294.25 1253.50 627.25 1.00 1.00 1.00
