ncols        10
nrows        10
xllcorner    0
yllcorner    0
cellsize     50
NODATA_value     -99999
3500 3400 3300 3200 3100 3000 2900 2800 2700 2600
3400 3300 3200 3100 3000 2900 2800 2700 2600 2550
3300 3200 3110 3020 2930 2840 2750 2660 2570 2500
3200 3100 3020 2940 2860 2780 2700 2620 2540 2450
3100 3000 2930 2860 2780 2700 2620 2540 2560 2400
3000 2900 2840 2780 2700 2630 2560 2490 2420 2350
2900 2800 2750 2700 2620 2560 2500 2440 2380 2300
2800 2700 2660 2620 2540 2490 2440 2380 2320 2250
2700 2600 2570 2540 2560 2420 2380 2320 2260 2200
2600 2550 2500 2450 2400 2350 2300 2250 2200 2150