data_processed/recharge/claymult/PrecipCM_AVGyr.asc
ncols        168
nrows        136
xllcorner    455000
yllcorner    2107000
cellsize     500
NODATA_value     -99999
[rows 58 to 86 of 136, columns 0 to 66 of 168]
1.13175 1.13435 1.13630 1.13804 1.13911 1.13964 1.13957 1.13888 1.13768 1.13599 1.13369 1.13091 1.12776 1.12432 1.12047 1.11618 1.11155 1.10636 1.10094 1.09511 1.08912 1.08280 1.07619 1.06942 1.06259 1.05556 1.04828 1.04080 1.03305 1.02539 1.01764 1.00967 1.00156 0.99344 0.98524 0.97698 0.96848 0.96011 0.95177 0.94332 0.93508 0.92673 0.91848 0.91053 0.90248 0.89474 0.88700 0.87938 0.87171 0.86430 0.85688 0.84944 0.00830 0.00824 0.00814 0.00812 0.00810 0.00796 0.00785 0.00778 0.00770 0.00769 0.00756 0.00743 0.00739 0.00731 0.00723
1.12840 1.13123 1.13364 1.13552 1.13703 1.13757 1.13770 1.13718 1.13613 1.13456 1.13248 1.12994 1.12691 1.12368 1.12000 1.11590 1.11139 1.10645 1.10117 1.09546 1.08958 1.08341 1.07704 1.07052 1.06363 1.05648 1.04927 1.04182 1.03441 1.02661 1.01887 1.01081 1.00294 0.99477 0.98671 0.97837 0.97011 0.96180 0.95346 0.94510 0.93675 0.92836 0.92020 0.91194 0.90395 0.89621 0.88862 0.88099 0.87356 0.86617 0.85871 0.85160 0.00831 0.00822 0.00816 0.00813 0.00810 0.00800 0.00793 0.00781 0.00771 0.00768 0.00757 0.00746 0.00743 0.00730 0.00723
1.12536 1.12856 1.13132 1.13359 1.13520 1.13611 1.13640 1.13591 1.13514 1.13363 1.13158 1.12905 1.12617 1.12300 1.11939 1.11557 1.11116 1.10641 1.10136 1.09583 1.09008 1.08404 1.07789 1.07139 1.06469 1.05774 1.05046 1.04303 1.03557 1.02802 1.02022 1.01219 1.00422 0.99618 0.98803 0.98004 0.97171 0.96341 0.95515 0.94684 0.93857 0.93025 0.92194 0.91380 0.90572 0.89784 0.89038 0.88301 0.87560 0.86840 0.86114 0.85395 0.00834 0.00826 0.00819 0.00812 0.00808 0.00802 0.00796 0.00784 0.00773 0.00770 0.00760 0.00750 0.00742 0.00735 0.00723
1.12272 1.12633 1.12951 1.13177 1.13363 1.13466 1.13518 1.13493 1.13410 1.13280 1.13092 1.12854 1.12573 1.12247 1.11895 1.11516 1.11099 1.10644 1.10143 1.09612 1.09043 1.08458 1.07863 1.07219 1.06576 1.05879 1.05181 1.04442 1.03705 1.02926 1.02175 1.01381 1.00595 0.99785 0.98961 0.98156 0.97351 0.96524 0.95692 0.94870 0.94046 0.93232 0.92412 0.91610 0.90812 0.90027 0.89241 0.88512 0.87794 0.87069 0.86354 0.85648 0.84949 0.00831 0.00823 0.00816 0.00810 0.00804 0.00801 0.00788 0.00778 0.00767 0.00761 0.00746 0.00741 0.00734 0.00721
1.12071 1.12453 1.12761 1.13016 1.13198 1.13318 1.13377 1.13364 1.13302 1.13192 1.13013 1.12796 1.12533 1.12213 1.11887 1.11494 1.11074 1.10629 1.10149 1.09624 1.09083 1.08526 1.07935 1.07313 1.06665 1.05994 1.05304 1.04588 1.03848 1.03096 1.02319 1.01548 1.00767 0.99952 0.99141 0.98327 0.97510 0.96698 0.95907 0.95084 0.94286 0.93473 0.92676 0.91860 0.91070 0.90277 0.89503 0.88745 0.88029 0.87316 0.86607 0.85907 0.85183 0.00834 0.00827 0.00818 0.00813 0.00806 0.00796 0.00792 0.00778 0.00774 0.00761 0.00751 0.00743 0.00734 0.00729
1.11901 1.12271 1.12600 1.12860 1.13054 1.13182 1.13271 1.13272 1.13203 1.13107 1.12950 1.12761 1.12516 1.12214 1.11877 1.11510 1.11096 1.10645 1.10157 1.09653 1.09122 1.08575 1.07996 1.07392 1.06769 1.06113 1.05430 1.04738 1.03997 1.03249 1.02489 1.01712 1.00932 1.00138 0.99347 0.98544 0.97740 0.96929 0.96119 0.95321 0.94524 0.93729 0.92925 0.92122 0.91346 0.90549 0.89780 0.89013 0.88271 0.87571 0.86855 0.86161 0.85433 0.00835 0.00831 0.00819 0.00810 0.00804 0.00797 0.00793 0.00780 0.00776 0.00768 0.00755 0.00743 0.00736 0.00726
1.11760 1.12127 1.12456 1.12711 1.12915 1.13052 1.13134 1.13152 1.13126 1.13041 1.12904 1.12714 1.12467 1.12190 1.11872 1.11531 1.11125 1.10697 1.10218 1.09707 1.09162 1.08624 1.08058 1.07476 1.06859 1.06219 1.05562 1.04868 1.04145 1.03412 1.02651 1.01902 1.01125 1.00358 0.99584 0.98781 0.97987 0.97185 0.96379 0.95560 0.94780 0.93985 0.93195 0.92403 0.91618 0.90837 0.90060 0.89302 0.88555 0.87818 0.87112 0.86408 0.85694 0.00837 0.00831 0.00824 0.00818 0.00802 0.00796 0.00792 0.00782 0.00778 0.00773 0.00755 0.00745 0.00739 0.00728
1.11648 1.12006 1.12303 1.12577 1.12790 1.12935 1.13026 1.13066 1.13050 1.12977 1.12854 1.12681 1.12456 1.12173 1.11894 1.11543 1.11170 1.10744 1.10279 1.09788 1.09246 1.08708 1.08145 1.07551 1.06970 1.06333 1.05678 1.05004 1.04307 1.03605 1.02877 1.02136 1.01370 1.00584 0.99809 0.99028 0.98247 0.97453 0.96640 0.95840 0.95034 0.94244 0.93464 0.92685 0.91900 0.91118 0.90354 0.89594 0.88856 0.88103 0.87369 0.86655 0.85923 0.00839 0.00835 0.00825 0.00818 0.00805 0.00800 0.00790 0.00780 0.00778 0.00767 0.00755 0.00751 0.00740 0.00728
1.11547 1.11907 1.12200 1.12459 1.12664 1.12830 1.12940 1.13006 1.12998 1.12942 1.12827 1.12671 1.12446 1.12197 1.11907 1.11579 1.11219 1.10813 1.10373 1.09888 1.09373 1.08829 1.08265 1.07663 1.07068 1.06452 1.05813 1.05177 1.04497 1.03786 1.03086 1.02348 1.01604 1.00845 1.00053 0.99283 0.98489 0.97713 0.96921 0.96119 0.95329 0.94536 0.93744 0.92971 0.92199 0.91418 0.90660 0.89901 0.89154 0.88394 0.87633 0.86905 0.86166 0.85428 0.00836 0.00830 0.00822 0.00808 0.00801 0.00794 0.00784 0.00780 0.00770 0.00756 0.00750 0.00743 0.00728
1.11468 1.11824 1.12119 1.12363 1.12590 1.12775 1.12895 1.12956 1.12965 1.12925 1.12823 1.12667 1.12472 1.12232 1.11949 1.11631 1.11284 1.10890 1.10464 1.09996 1.09504 1.08971 1.08415 1.07833 1.07235 1.06625 1.06014 1.05365 1.04703 1.04019 1.03314 1.02579 1.01853 1.01082 1.00325 0.99537 0.98757 0.97985 0.97198 0.96404 0.95627 0.94842 0.94046 0.93273 0.92503 0.91736 0.90986 0.90220 0.89460 0.88689 0.87918 0.87154 0.86412 0.85667 0.00837 0.00830 0.00824 0.00815 0.00806 0.00796 0.00787 0.00778 0.00771 0.00760 0.00756 0.00745 0.00733
1.11408 1.11763 1.12062 1.12319 1.12550 1.12727 1.12869 1.12943 1.12956 1.12918 1.12834 1.12697 1.12503 1.12268 1.12011 1.11703 1.11373 1.10986 1.10570 1.10126 1.09640 1.09124 1.08593 1.08044 1.07452 1.06841 1.06221 1.05580 1.04933 1.04254 1.03563 1.02852 1.02119 1.01375 1.00607 0.99820 0.99031 0.98262 0.97484 0.96721 0.95933 0.95161 0.94380 0.93587 0.92816 0.92048 0.91288 0.90538 0.89763 0.88975 0.88209 0.87424 0.86666 0.85920 0.85150 0.00830 0.00825 0.00817 0.00806 0.00799 0.00787 0.00778 0.00776 0.00759 0.00755 0.00751 0.00736
1.11392 1.11748 1.12032 1.12312 1.12543 1.12734 1.12869 1.12949 1.12974 1.12928 1.12849 1.12715 1.12538 1.12324 1.12071 1.11773 1.11450 1.11097 1.10698 1.10256 1.09807 1.09333 1.08818 1.08270 1.07689 1.07093 1.06455 1.05815 1.05166 1.04506 1.03812 1.03114 1.02404 1.01661 1.00904 1.00139 0.99351 0.98561 0.97806 0.97029 0.96264 0.95486 0.94723 0.93932 0.93153 0.92381 0.91609 0.90852 0.90084 0.89291 0.88499 0.87701 0.86913 0.86160 0.85396 0.00833 0.00831 0.00819 0.00810 0.00797 0.00791 0.00779 0.00776 0.00761 0.00759 0.00751 0.00735
1.11418 1.11756 1.12078 1.12354 1.12576 1.12752 1.12888 1.12967 1.12994 1.12966 1.12884 1.12754 1.12587 1.12383 1.12138 1.11874 1.11571 1.11212 1.10839 1.10449 1.10018 1.09546 1.09047 1.08513 1.07950 1.07357 1.06725 1.06074 1.05412 1.04755 1.04082 1.03383 1.02671 1.01961 1.01209 1.00460 0.99686 0.98908 0.98130 0.97363 0.96607 0.95832 0.95077 0.94284 0.93509 0.92709 0.91940 0.91160 0.90392 0.89607 0.88803 0.88006 0.87199 0.86410 0.85646 0.84842 0.84032 0.00822 0.00810 0.00803 0.00793 0.00784 0.00775 0.00767 0.00759 0.00749 0.00733
1.11436 1.11816 1.12131 1.12411 1.12654 1.12824 1.12944 1.13023 1.13037 1.13015 1.12946 1.12829 1.12670 1.12482 1.12247 1.11972 1.11687 1.11358 1.11007 1.10627 1.10212 1.09752 1.09277 1.08754 1.08204 1.07632 1.07022 1.06383 1.05717 1.05019 1.04359 1.03674 1.02961 1.02256 1.01529 1.00791 1.00046 0.99266 0.98479 0.97728 0.96969 0.96194 0.95423 0.94639 0.93872 0.93071 0.92265 0.91494 0.90707 0.89926 0.89113 0.88291 0.87477 0.86681 0.85890 0.85093 0.84292 0.83442 0.00816 0.00805 0.00799 0.00786 0.00781 0.00772 0.00762 0.00750 0.75067
1.11519 1.11897 1.12228 1.12515 1.12744 1.12913 1.13031 1.13106 1.13132 1.13106 1.13051 1.12937 1.12790 1.12598 1.12389 1.12160 1.11866 1.11551 1.11200 1.10817 1.10424 1.09986 1.09514 1.09008 1.08477 1.07893 1.07301 1.06682 1.06022 1.05342 1.04647 1.03977 1.03283 1.02574 1.01849 1.01134 1.00391 0.99630 0.98864 0.98085 0.97323 0.96575 0.95802 0.95016 0.94237 0.93441 0.92641 0.91827 0.91045 0.90243 0.89428 0.88605 0.87798 0.86950 0.86176 0.85362 0.84540 0.83708 0.82844 0.00812 0.00802 0.00787 0.00786 0.00774 0.00762 0.00753 0.75244
1.11617 1.11996 1.12338 1.12624 1.12857 1.13033 1.13157 1.13215 1.13245 1.13231 1.13165 1.13074 1.12936 1.12770 1.12564 1.12313 1.12057 1.11752 1.11407 1.11050 1.10640 1.10217 1.09756 1.09269 1.08741 1.08188 1.07608 1.06992 1.06357 1.05677 1.04998 1.04294 1.03608 1.02912 1.02192 1.01475 1.00750 1.00000 0.99234 0.98473 0.97710 0.96953 0.96196 0.95404 0.94620 0.93807 0.92996 0.92185 0.91377 0.90581 0.89766 0.88948 0.88103 0.87258 0.86462 0.85648 0.84812 0.83973 0.83092 0.82200 0.00807 0.00795 0.00792 0.00774 0.00762 0.00754 0.75442
1.11782 1.12141 1.12466 1.12765 1.13008 1.13163 1.13285 1.13369 1.13384 1.13382 1.13336 1.13252 1.13114 1.12948 1.12767 1.12521 1.12269 1.11965 1.11635 1.11283 1.10897 1.10470 1.10029 1.09550 1.09031 1.08494 1.07902 1.07314 1.06684 1.06041 1.05359 1.04674 1.03950 1.03257 1.02550 1.01841 1.01119 1.00383 0.99641 0.98885 0.98106 0.97343 0.96574 0.95783 0.94994 0.94187 0.93367 0.92557 0.91735 0.90922 0.90105 0.89273 0.88432 0.87588 0.86759 0.85944 0.85097 0.84253 0.83373 0.82471 0.81548 0.00803 0.00794 0.00778 0.00766 0.00751 0.75657
1.11964 1.12305 1.12641 1.12933 1.13155 1.13337 1.13475 1.13540 1.13588 1.13568 1.13530 1.13445 1.13322 1.13152 1.12948 1.12738 1.12487 1.12206 1.11879 1.11525 1.11155 1.10736 1.10302 1.09830 1.09320 1.08789 1.08227 1.07652 1.07032 1.06388 1.05727 1.05047 1.04343 1.03631 1.02931 1.02215 1.01496 1.00770 1.00038 0.99286 0.98506 0.97739 0.96965 0.96189 0.95394 0.94582 0.93769 0.92944 0.92110 0.91290 0.90461 0.89627 0.88787 0.87938 0.87078 0.86262 0.85424 0.84558 0.83672 0.82769 0.81834 0.80903 0.00797 0.00781 0.00768 0.00754 0.00747
1.12169 1.12517 1.12833 1.13133 1.13367 1.13550 1.13680 1.13761 1.13806 1.13786 1.13743 1.13655 1.13542 1.13374 1.13194 1.12968 1.12725 1.12440 1.12128 1.11806 1.11439 1.11032 1.10610 1.10148 1.09654 1.09145 1.08592 1.08010 1.07409 1.06789 1.06137 1.05461 1.04769 1.04052 1.03341 1.02626 1.01903 1.01165 1.00441 0.99693 0.98948 0.98152 0.97370 0.96594 0.95794 0.94995 0.94176 0.93341 0.92502 0.91663 0.90844 0.90007 0.89157 0.88308 0.87419 0.86597 0.85760 0.84886 0.83999 0.83087 0.82153 0.81222 0.00798 0.00786 0.00767 0.00757 0.00752
1.12383 1.12750 1.13088 1.13385 1.13621 1.13804 1.13925 1.14017 1.14052 1.14040 1.13988 1.13903 1.13788 1.13633 1.13460 1.13250 1.13007 1.12740 1.12452 1.12128 1.11773 1.11378 1.10944 1.10499 1.10017 1.09506 1.08963 1.08391 1.07804 1.07200 1.06563 1.05899 1.05215 1.04515 1.03783 1.03058 1.02348 1.01603 1.00855 1.00114 0.99354 0.98581 0.97792 0.97009 0.96224 0.95419 0.94595 0.93757 0.92925 0.92066 0.91238 0.90392 0.89535 0.88680 0.87806 0.86963 0.86112 0.85242 0.84350 0.83409 0.82507 0.81576 0.00801 0.00787 0.00776 0.00757 0.00755
1.12611 1.12998 1.13349 1.13630 1.13877 1.14063 1.14200 1.14306 1.14363 1.14370 1.14325 1.14237 1.14116 1.13968 1.13794 1.13582 1.13340 1.13088 1.12802 1.12471 1.12129 1.11751 1.11326 1.10874 1.10392 1.09895 1.09372 1.08802 1.08229 1.07638 1.07008 1.06355 1.05686 1.04987 1.04265 1.03527 1.02799 1.02071 1.01322 1.00553 0.99784 0.99009 0.98225 0.97428 0.96648 0.95856 0.95031 0.94198 0.93351 0.92495 0.91632 0.90806 0.89949 0.89078 0.88194 0.87344 0.86485 0.85609 0.84713 0.83798 0.82873 0.00807 0.00798 0.00790 0.00779 0.00763 0.00754
1.12863 1.13269 1.13634 1.13926 1.14189 1.14394 1.14554 1.14672 1.14720 1.14740 1.14704 1.14622 1.14505 1.14362 1.14182 1.13973 1.13732 1.13486 1.13198 1.12866 1.12525 1.12141 1.11732 1.11280 1.10801 1.10306 1.09781 1.09237 1.08670 1.08071 1.07453 1.06811 1.06159 1.05476 1.04777 1.04032 1.03273 1.02541 1.01789 1.01019 1.00247 0.99472 0.98686 0.97893 0.97086 0.96305 0.95485 0.94653 0.93798 0.92937 0.92074 0.91219 0.90380 0.89501 0.88630 0.87743 0.86896 0.86007 0.85115 0.84206 0.83279 0.00807 0.00799 0.00791 0.00780 0.00765 0.00758
1.13151 1.13565 1.13943 1.14248 1.14522 1.14765 1.14948 1.15058 1.15119 1.15142 1.15121 1.15038 1.14928 1.14767 1.14588 1.14389 1.14147 1.13894 1.13620 1.13308 1.12958 1.12579 1.12171 1.11717 1.11250 1.10735 1.10224 1.09680 1.09119 1.08516 1.07917 1.07295 1.06641 1.05969 1.05260 1.04542 1.03794 1.03015 1.02269 1.01513 1.00726 0.99940 0.99161 0.98370 0.97568 0.96774 0.95955 0.95118 0.94265 0.93415 0.92527 0.91675 0.90806 0.89938 0.89057 0.88177 0.87318 0.86450 0.85541 0.84644 0.83726 0.00813 0.00803 0.00791 0.00781 0.00773 0.00763
1.13417 1.13854 1.14258 1.14600 1.14892 1.15133 1.15339 1.15480 1.15540 1.15560 1.15539 1.15471 1.15347 1.15202 1.15032 1.14829 1.14602 1.14339 1.14066 1.13759 1.13411 1.13025 1.12633 1.12190 1.11719 1.11226 1.10698 1.10153 1.09583 1.08998 1.08381 1.07783 1.07139 1.06476 1.05777 1.05067 1.04311 1.03537 1.02763 1.02004 1.01218 1.00429 0.99649 0.98857 0.98060 0.97267 0.96448 0.95612 0.94762 0.93904 0.93018 0.92153 0.91293 0.90422 0.89538 0.88645 0.87806 0.86901 0.86019 0.85117 0.00834 0.00818 0.00808 0.00801 0.00787 0.00776 0.00767
1.13682 1.14151 1.14575 1.14947 1.15264 1.15503 1.15718 1.15871 1.15958 1.15994 1.15969 1.15911 1.15797 1.15657 1.15486 1.15290 1.15066 1.14818 1.14540 1.14217 1.13888 1.13520 1.13117 1.12686 1.12202 1.11728 1.11198 1.10645 1.10077 1.09497 1.08883 1.08259 1.07632 1.06980 1.06304 1.05581 1.04837 1.04072 1.03276 1.02515 1.01726 1.00943 1.00146 0.99365 0.98574 0.97765 0.96951 0.96121 0.95274 0.94412 0.93541 0.92659 0.91791 0.90927 0.90035 0.89140 0.88277 0.87410 0.86525 0.85638 0.00835 0.00828 0.00812 0.00807 0.00793 0.00781 0.00769
1.13966 1.14440 1.14888 1.15284 1.15622 1.15875 1.16103 1.16272 1.16380 1.16416 1.16407 1.16358 1.16260 1.16127 1.15969 1.15770 1.15558 1.15297 1.15033 1.14723 1.14386 1.14011 1.13617 1.13169 1.12718 1.12217 1.11714 1.11162 1.10591 1.09992 1.09382 1.08758 1.08147 1.07493 1.06817 1.06119 1.05389 1.04620 1.03829 1.03036 1.02259 1.01461 1.00678 0.99893 0.99101 0.98287 0.97479 0.96661 0.95807 0.94950 0.94072 0.93191 0.92325 0.91457 0.90562 0.89669 0.88804 0.87952 0.87087 0.00848 0.00839 0.00835 0.00820 0.00807 0.00800 0.00789 0.00774
1.14243 1.14730 1.15173 1.15597 1.15958 1.16238 1.16469 1.16653 1.16776 1.16832 1.16859 1.16807 1.16731 1.16606 1.16456 1.16272 1.16056 1.15805 1.15540 1.15242 1.14894 1.14538 1.14128 1.13704 1.13241 1.12752 1.12239 1.11697 1.11123 1.10507 1.09888 1.09262 1.08649 1.08008 1.07351 1.06651 1.05926 1.05174 1.04396 1.03593 1.02799 1.02016 1.01230 1.00426 0.99634 0.98825 0.98027 0.97216 0.96372 0.95510 0.94641 0.93756 0.92875 0.92015 0.91125 0.90217 0.89377 0.88539 0.00860 0.86773 0.00849 0.00838 0.00825 0.00815 0.00803 0.00792 0.00781
1.14517 1.14990 1.15451 1.15888 1.16263 1.16573 1.16826 1.17027 1.17168 1.17261 1.17289 1.17268 1.17206 1.17089 1.16950 1.16780 1.16571 1.16334 1.16060 1.15774 1.15442 1.15067 1.14682 1.14256 1.13793 1.13302 1.12776 1.12236 1.11664 1.11056 1.10412 1.09792 1.09165 1.08534 1.07883 1.07194 1.06483 1.05727 1.04955 1.04172 1.03383 1.02579 1.01792 1.00990 1.00205 0.99401 0.98607 0.97795 0.96946 0.96094 0.95219 0.94342 0.93468 0.92590 0.91701 0.90826 0.89994 0.89157 0.88289 0.87404 0.86489 0.85530 0.84526 0.00822 0.00806 0.00795 0.00786
1.14772 1.15246 1.15724 1.16157 1.16533 1.16879 1.17148 1.17365 1.17548 1.17655 1.17709 1.17722 1.17676 1.17574 1.17437 1.17276 1.17079 1.16856 1.16605 1.16306 1.15988 1.15632 1.15229 1.14821 1.14360 1.13866 1.13339 1.12783 1.12216 1.11617 1.10973 1.10329 1.09695 1.09070 1.08428 1.07761 1.07050 1.06317 1.05555 1.04766 1.03989 1.03174 1.02381 1.01599 1.00803 1.00003 0.99200 0.98401 0.97572 0.96720 0.95860 0.94975 0.94084 0.93222 0.92335 0.91481 0.90650 0.89817 0.88950 0.88071 0.87151 0.86191 0.85186 0.84144 0.00815 0.00807 0.00791
