data_output/IH_1984.asc
ncols        168
nrows        136
xllcorner    455000.000000000000
yllcorner    2107000.000000000000
cellsize     500.000000000000
NODATA_value  -99999
[rows 0 to 17 of 136, columns 82 to 122 of 168]
0 0 0 0 0 0 0 0 0 0 0 0 0 0 0 0 0 0 0 0 0 0 0 0 0 0 0 0 0 0 0 0 0 0 0 0 0 0 0 0 0
0 0 0 0 0 0 0 0 0 0 0 0 0 0 0 0 0 0 0 0 0 0 0 0 0 0 0 0 0 0 0 0 0 0 0 0 0 0 0 0 0
0 0 0 0 0 0 0 0 0 0 0 0 0 0 0 0 0 0 0 0 0 0 0 0 0 0 0 0 0 0 0 0 0 0 0 0 0 0 0 0 0
0 0 0 0 0 0 0 0 0 0 0 0 0 0 0 0 0 0 0 0 0 0 0 0 0 0 0 0 0 0 0 0 0 0 0 0 0 0 0 0 0
2219.5399999999999636 2219.2300000000000182 2219.0900000000001455 2219.1799999999998363 2220.0500000000001819 2220.4499999999998181 2220.9699999999997999 2223.4099999999998545 2224.6199999999998909 2224.9899999999997817 2225.6500000000000909 2226.5599999999999454 2226.8400000000001455 2227.1300000000001091 2227.7399999999997817 2228.6900000000000546 2229.0799999999999272 2229.4800000000000182 2230.1599999999998545 2231.7300000000000182 2232.2199999999997999 2232.8000000000001819 2233.4699999999997999 2233.6199999999998909 2232.3200000000001637 2230.9899999999997817 2229.8899999999998727 2229.1399999999998727 2228.8899999999998727 2229.0999999999999091 2229.6599999999998545 2230.4899999999997817 2232.75 2236.5999999999999091 2238.25 2239.9600000000000364 2249.6799999999998363 2255.0399999999999636 2256.1399999999998727 2257.0199999999999818 2257.7100000000000364
2219.6300000000001091 2219.3400000000001455 2219.1700000000000728 2219.3400000000001455 2220.0900000000001455 2220.3800000000001091 2220.8899999999998727 2223.2399999999997817 2224.4200000000000728 2224.7800000000002001 2225.1999999999998181 2226.0599999999999454 2226.5599999999999454 2226.8299999999999272 2227.2199999999997999 2228.1300000000001091 2228.6500000000000909 2229 2229.5199999999999818 2230.9299999999998363 2231.5 2232.0199999999999818 2232.5199999999999818 2232.4299999999998363 2231.2600000000002183 2229.9200000000000728 2228.7899999999999636 2228.1199999999998909 2228.0399999999999636 2228.4299999999998363 2229.1399999999998727 2230.1100000000001273 2233.1199999999998909 2236.3699999999998909 2238.1199999999998909 2239.9299999999998363 2245.6799999999998363 2253.5500000000001819 2254.6100000000001273 2255.4499999999998181 2256.0799999999999272
2219.4299999999998363 2219.3200000000001637 2219.3600000000001273 2219.8400000000001455 2220.1199999999998909 2220.3099999999999454 2220.6900000000000546 2222.8400000000001455 2224.0100000000002183 2224.3499999999999091 2224.6700000000000728 2225.0500000000001819 2225.7800000000002001 2226.1900000000000546 2226.3899999999998727 2226.6700000000000728 2227.4699999999997999 2227.9600000000000364 2228.2800000000002001 2228.9899999999997817 2229.8099999999999454 2230.2300000000000182 2230.3299999999999272 2229.8899999999998727 2228.9200000000000728 2227.6100000000001273 2226.4299999999998363 2226.0399999999999636 2226.4299999999998363 2227.1900000000000546 2228.1999999999998181 2229.9299999999998363 2233.9099999999998545 2235.9200000000000728 2237.8099999999999454 2239.7300000000000182 2241.9299999999998363 2248.4499999999998181 2251.4099999999998545 2252.1599999999998545 2252.7199999999997999
2219.1999999999998181 2219.1799999999998363 2219.4099999999998545 2219.9299999999998363 2220.1700000000000728 2220.4000000000000909 2220.5100000000002183 2222.4699999999997999 2223.6100000000001273 2223.9200000000000728 2224.2100000000000364 2224.4800000000000182 2224.9299999999998363 2225.5300000000002001 2225.6500000000000909 2225.7300000000000182 2225.8299999999999272 2226.4299999999998363 2227.0599999999999454 2227.3200000000001637 2227.6300000000001091 2228.0999999999999091 2228.0500000000001819 2227.5 2226.6399999999998727 2225.4400000000000546 2224.2600000000002183 2224.2600000000002183 2225.0999999999999091 2226.1700000000000728 2227.4200000000000728 2230.5900000000001455 2233.3899999999998727 2235.2899999999999636 2237.2399999999997817 2239.2399999999997817 2241.3000000000001819 2244.2100000000000364 2247.9099999999998545 2248.6799999999998363 2249.3600000000001273
2218.9400000000000546 2218.9899999999997817 2219.4699999999997999 2219.75 2219.9699999999997999 2220.2899999999999636 2220.4600000000000364 2221.8899999999998727 2223.2199999999997999 2223.5 2223.7600000000002183 2223.9800000000000182 2224.3899999999998727 2224.8800000000001091 2224.8800000000001091 2224.8299999999999272 2224.7300000000000182 2224.6799999999998363 2225.1700000000000728 2225.7300000000000182 2225.7199999999997999 2225.7199999999997999 2225.7600000000002183 2225.3899999999998727 2224.6999999999998181 2223.8299999999999272 2223.1999999999998181 2223.3800000000001091 2224.2399999999997817 2225.4200000000000728 2227.3800000000001091 2230.5900000000001455 2232.5100000000002183 2234.4299999999998363 2236.4099999999998545 2238.4699999999997999 2240.5999999999999091 2242.8000000000001819 2244.7100000000000364 2245.2300000000000182 2246.3400000000001455
2218.5799999999999272 2218.7600000000002183 2219.25 2219.5399999999999636 2219.7699999999999818 2220.1100000000001273 2220.6199999999998909 2221.0399999999999636 2222.4899999999997817 2223.1100000000001273 2223.3299999999999272 2223.5 2223.9400000000000546 2224.25 2224.1300000000001091 2223.9400000000000546 2223.7199999999997999 2223.5 2223.4899999999997817 2224.0999999999999091 2223.9000000000000909 2223.75 2223.6999999999998181 2223.5700000000001637 2223.1199999999998909 2222.6599999999998545 2222.5100000000002183 2222.8499999999999091 2223.6900000000000546 2224.9600000000000364 2227.5500000000001819 2229.6399999999998727 2231.4400000000000546 2233.3400000000001455 2235.3299999999999272 2237.4299999999998363 2239.6500000000000909 2241.9899999999997817 2244.2100000000000364 2242.9899999999997817 2243.7199999999997999
2218.1700000000000728 2218.4299999999998363 2218.9000000000000909 2219.3299999999999272 2219.5700000000001637 2219.9200000000000728 2220.4099999999998545 2220.6799999999998363 2221.3800000000001091 2222.7100000000000364 2222.9400000000000546 2223.0599999999999454 2223.4200000000000728 2223.6399999999998727 2223.4200000000000728 2223.1300000000001091 2222.8000000000001819 2222.4099999999998545 2222.1799999999998363 2222.4800000000000182 2222.1199999999998909 2221.9299999999998363 2221.9400000000000546 2222.0199999999999818 2221.8200000000001637 2221.6999999999998181 2221.8600000000001273 2222.3600000000001273 2223.2399999999997817 2224.8400000000001455 2226.8899999999998727 2228.4800000000000182 2230.1900000000000546 2232.0399999999999636 2234.0700000000001637 2236.2800000000002001 2238.6700000000000728 2241.2300000000000182 2243.9499999999998181 2244.1500000000000909 2241.4800000000000182
2217.6700000000000728 2217.9299999999998363 2218.4400000000000546 2219.0700000000001637 2219.3600000000001273 2219.6999999999998181 2220.1399999999998727 2220.4200000000000728 2220.6700000000000728 2221.7899999999999636 2222.5900000000001455 2222.6599999999998545 2222.9400000000000546 2223.0799999999999272 2222.8000000000001819 2222.4400000000000546 2221.9899999999997817 2221.4600000000000364 2220.9099999999998545 2220.8400000000001455 2220.4000000000000909 2220.2800000000002001 2220.4299999999998363 2220.75 2220.7699999999999818 2220.9099999999998545 2221.2699999999999818 2221.9000000000000909 2222.8600000000001273 2224.3600000000001273 2225.7199999999997999 2227.1700000000000728 2228.8299999999999272 2230.7300000000000182 2232.8699999999998909 2235.2399999999997817 2237.8099999999999454 2240.5700000000001637 2243.5199999999999818 2246.3699999999998909 2242.7600000000002183
2217.0799999999999272 2217.3699999999998909 2217.9800000000000182 2218.6700000000000728 2219.1500000000000909 2219.4600000000000364 2219.8299999999999272 2220.1900000000000546 2220.4200000000000728 2220.7800000000002001 2222.1100000000001273 2222.3200000000001637 2222.5199999999999818 2222.5900000000001455 2222.2800000000002001 2221.8800000000001091 2221.3499999999999091 2220.7100000000000364 2219.9899999999997817 2219.5999999999999091 2218.8600000000001273 2218.9600000000000364 2219.3200000000001637 2219.7899999999999636 2219.9800000000000182 2220.2800000000002001 2220.7600000000002183 2221.4600000000000364 2222.2899999999999636 2223.25 2224.4200000000000728 2225.8600000000001273 2227.5700000000001637 2229.5599999999999454 2231.8000000000001819 2234.3000000000001819 2237.0199999999999818 2239.9699999999997999 2243.1399999999998727 2246.4899999999997817 2247.7399999999997817
2216.4600000000000364 2216.75 2217.5100000000002183 2218.1500000000000909 2218.9299999999998363 2219.2699999999999818 2219.5500000000001819 2219.9600000000000364 2220.1999999999998181 2220.3600000000001273 2221.0199999999999818 2221.8499999999999091 2222.1700000000000728 2222.1999999999998181 2221.8899999999998727 2221.4499999999998181 2220.9000000000000909 2220.2199999999997999 2219.4699999999997999 2219.0500000000001819 2218.4200000000000728 2218.4000000000000909 2218.7199999999997999 2219.1900000000000546 2219.4699999999997999 2219.8200000000001637 2220.3400000000001455 2220.9000000000000909 2221.1999999999998181 2222.0399999999999636 2223.2100000000000364 2224.6900000000000546 2226.4499999999998181 2228.5 2230.8299999999999272 2233.4299999999998363 2236.2899999999999636 2239.4000000000000909 2242.7699999999999818 2246.3600000000001273 2250.1700000000000728
2215.8099999999999454 2216.0700000000001637 2216.9699999999997999 2217.5999999999999091 2218.5500000000001819 2219.0700000000001637 2219.3299999999999272 2219.7100000000000364 2220 2220.1500000000000909 2220.1999999999998181 2220.2600000000002183 2221.0799999999999272 2221.9200000000000728 2221.5999999999999091 2221.1799999999998363 2220.6399999999998727 2219.9899999999997817 2219.3000000000001819 2218.9699999999997999 2218.5799999999999272 2218.4099999999998545 2218.5999999999999091 2218.9800000000000182 2219.2199999999997999 2219.5399999999999636 2219.9800000000000182 2219.8400000000001455 2220.1100000000001273 2220.9699999999997999 2222.1599999999998545 2223.6599999999998545 2225.4499999999998181 2227.5399999999999636 2229.9299999999998363 2232.5999999999999091 2235.5700000000001637 2238.8200000000001637 2242.3699999999998909 2246.1799999999998363 2250.25
2215.1599999999998545 2215.3800000000001091 2216.1700000000000728 2217.1199999999998909 2217.9000000000000909 2218.7800000000002001 2219.1500000000000909 2219.4499999999998181 2219.8400000000001455 2219.9600000000000364 2220.0199999999999818 2220.0199999999999818 2220.1900000000000546 2221.5300000000002001 2221.4499999999998181 2221.0500000000001819 2220.5500000000001819 2219.9600000000000364 2219.3499999999999091 2219.0999999999999091 2218.7699999999999818 2218.5700000000001637 2218.7199999999997999 2219.0399999999999636 2219.1700000000000728 2219.3600000000001273 2219.25 2218.6799999999998363 2219.2100000000000364 2220.0700000000001637 2221.2600000000002183 2222.75 2224.5500000000001819 2226.6500000000000909 2229.0599999999999454 2231.7899999999999636 2234.8299999999999272 2238.1999999999998181 2241.8899999999998727 2245.9000000000000909 2250.2199999999997999
2214.5100000000002183 2214.7600000000002183 2215.5100000000002183 2216.5900000000001455 2217.5999999999999091 2218.4600000000000364 2218.9899999999997817 2219.1999999999998181 2219.6500000000000909 2219.8200000000001637 2219.9000000000000909 2219.9400000000000546 2219.9099999999998545 2220.8400000000001455 2221.4099999999998545 2221.0500000000001819 2220.5999999999999091 2220.0700000000001637 2219.5300000000002001 2219.25 2218.9499999999998181 2218.7899999999999636 2218.9099999999998545 2219.1100000000001273 2219.0999999999999091 2219.1100000000001273 2218.0300000000002001 2217.9400000000000546 2218.4699999999997999 2219.3200000000001637 2220.4899999999997817 2221.9600000000000364 2223.7300000000000182 2225.8099999999999454 2228.2199999999997999 2230.9499999999998181 2234.0399999999999636 2237.4800000000000182 2241.3000000000001819 2245.4800000000000182 2250.0199999999999818
2213.9200000000000728 2214.2199999999997999 2214.9400000000000546 2216 2217.2600000000002183 2218.0900000000001455 2218.8200000000001637 2219.0399999999999636 2219.4299999999998363 2219.7399999999997817 2219.8499999999999091 2219.9099999999998545 2219.9200000000000728 2220.2800000000002001 2221.4299999999998363 2221.1799999999998363 2220.7800000000002001 2220.3099999999999454 2219.8000000000001819 2219.4400000000000546 2219.1700000000000728 2219.0500000000001819 2219.1300000000001091 2219.1300000000001091 2218.9699999999997999 2218.1900000000000546 2217.1700000000000728 2217.3800000000001091 2217.8899999999998727 2218.7199999999997999 2219.8400000000001455 2221.2600000000002183 2222.9800000000000182 2225.0199999999999818 2227.3800000000001091 2230.0799999999999272 2233.1700000000000728 2236.6500000000000909 2240.5500000000001819 2244.8699999999998909 2249.6100000000001273
