data_output/IH_1984.asc
ncols        168
nrows        136
xllcorner    455000
yllcorner    2107000
cellsize     500
NODATA_value     -99999
[rows 29 to 57 of 136, columns 0 to 66 of 168]
2220.00 2805.70 2805.23 2803.13 2799.05 2792.89 2784.65 2774.39 2762.25 2748.41 2733.11 2716.54 2693.43 2655.97 2631.74 2604.02 2574.92 2550.97 2528.06 2505.59 2483.70 2462.50 2442.09 2422.54 2403.91 2384.66 2366.56 2350.54 2335.59 2296.36 2236.51 2216.35 2185.37 2185.34 2185.31 2185.28 2185.26 2185.25 2185.25 2185.25 2185.26 2185.29 2185.34 2185.41 2185.50 2185.97 2186.74 2186.90 2187.00 2187.29 2187.74 2188.37 2188.55 2188.76 2189.70 2190.13 2190.34 2191.30 2193.46 2195.79 2196.51 2196.83 2197.52 2198.05 2198.52 2199.05 2199.39
2220.00 2800.96 2800.36 2798.19 2794.22 2788.34 2780.54 2770.84 2759.35 2746.19 2731.55 2715.59 2698.50 2670.35 2632.55 2609.97 2584.88 2554.44 2528.27 2505.62 2483.48 2461.98 2441.24 2421.34 2402.37 2384.15 2365.28 2348.32 2333.08 2304.24 2232.50 2196.69 2185.33 2185.30 2185.26 2185.23 2185.20 2185.17 2185.16 2185.15 2185.15 2185.17 2185.21 2185.28 2185.37 2185.57 2186.48 2186.77 2186.93 2187.03 2187.66 2188.32 2188.52 2188.72 2189.32 2190.10 2190.33 2190.94 2193.46 2195.75 2196.36 2196.75 2197.54 2198.03 2198.64 2199.12 2199.51
2220.00 2796.05 2795.32 2793.10 2789.28 2783.74 2776.45 2767.40 2756.63 2744.23 2730.32 2715.03 2698.50 2680.90 2646.02 2610.29 2588.41 2565.11 2535.62 2506.42 2483.56 2461.73 2440.62 2420.34 2400.99 2382.63 2364.86 2346.50 2330.68 2303.66 2220.15 2185.33 2185.29 2185.26 2185.22 2185.18 2185.14 2185.10 2185.07 2185.05 2185.04 2185.04 2185.06 2185.12 2185.21 2185.33 2186.00 2186.60 2186.83 2186.86 2187.45 2188.25 2188.48 2188.70 2188.99 2189.96 2190.31 2190.99 2193.35 2195.76 2196.20 2196.75 2197.58 2198.05 2198.74 2199.22 2199.66
2220.00 2791.73 2790.90 2788.70 2785.08 2779.95 2773.22 2764.85 2754.84 2743.21 2730.03 2715.39 2699.40 2682.19 2663.03 2622.31 2589.51 2567.37 2545.14 2517.96 2486.37 2461.83 2440.30 2419.60 2399.83 2381.08 2363.39 2345.89 2328.49 2301.11 2207.62 2185.30 2185.26 2185.22 2185.17 2185.12 2185.08 2185.03 2184.98 2184.94 2184.91 2184.90 2184.90 2184.94 2185.02 2185.14 2185.53 2186.40 2186.67 2186.78 2187.17 2188.14 2188.44 2188.68 2188.90 2189.60 2190.28 2191.17 2193.11 2195.26 2196.02 2196.74 2197.51 2198.12 2198.83 2199.35 2199.94
2220.00 2788.78 2787.94 2785.84 2782.50 2777.82 2771.68 2764.00 2754.73 2743.83 2731.31 2717.23 2701.67 2684.75 2666.62 2644.56 2598.43 2569.22 2546.67 2524.15 2499.95 2469.15 2440.86 2419.18 2398.95 2379.76 2361.68 2344.73 2327.57 2298.39 2216.47 2185.27 2185.23 2185.18 2185.13 2185.07 2185.01 2184.95 2184.89 2184.83 2184.77 2184.74 2184.72 2184.73 2184.80 2184.91 2185.11 2185.98 2186.47 2186.67 2186.92 2187.96 2188.39 2188.65 2188.89 2189.26 2190.17 2191.24 2193.29 2194.72 2195.80 2196.73 2197.44 2198.20 2198.91 2199.50 2200.34
2220.00 2788.91 2787.18 2785.32 2782.37 2778.20 2772.66 2765.64 2757.03 2746.75 2734.77 2721.10 2705.81 2689.00 2670.83 2651.47 2623.98 2575.25 2549.11 2526.06 2503.21 2480.76 2452.32 2421.17 2398.38 2378.71 2360.19 2342.87 2326.60 2281.52 2220.58 2185.31 2185.20 2185.15 2185.09 2185.02 2184.96 2184.88 2184.81 2184.73 2184.65 2184.57 2184.52 2184.50 2184.53 2184.64 2184.82 2185.45 2186.22 2186.52 2186.82 2187.88 2188.33 2188.61 2188.85 2189.09 2189.89 2191.05 2193.15 2194.14 2195.39 2196.72 2197.39 2198.28 2199.02 2199.70 2200.79
2220.00 2805.86 2795.09 2787.84 2785.40 2781.79 2776.86 2770.45 2762.40 2752.60 2740.98 2727.51 2712.26 2695.34 2676.89 2657.12 2636.26 2601.68 2553.71 2528.86 2505.29 2482.14 2459.62 2435.29 2403.88 2377.95 2358.96 2341.23 2313.91 2269.30 2204.07 2186.40 2185.18 2185.12 2185.05 2184.98 2184.90 2184.81 2184.72 2184.62 2184.51 2184.41 2184.31 2184.24 2184.23 2184.30 2184.48 2184.87 2185.87 2186.34 2186.69 2187.72 2188.27 2188.55 2188.77 2189.00 2189.65 2190.94 2192.91 2193.75 2195.03 2196.62 2197.39 2198.35 2199.15 2200.06 2201.29
2220.00 2816.35 2815.62 2800.71 2792.14 2789.19 2784.89 2779.03 2771.43 2761.93 2750.43 2736.92 2721.44 2704.11 2685.10 2664.64 2642.99 2620.45 2577.17 2532.67 2508.19 2484.18 2460.87 2438.41 2416.42 2388.06 2359.60 2339.84 2294.77 2268.50 2208.55 2187.53 2185.90 2185.09 2185.02 2184.94 2184.85 2184.75 2184.64 2184.52 2184.38 2184.24 2184.09 2183.95 2183.88 2183.90 2184.07 2184.39 2185.32 2186.11 2186.54 2187.56 2188.20 2188.45 2188.62 2188.81 2189.53 2190.93 2192.67 2193.41 2194.67 2196.40 2197.39 2198.40 2199.33 2200.52 2201.70
2220.00 2827.03 2828.33 2827.86 2813.50 2800.82 2797.18 2791.84 2784.56 2775.18 2763.58 2749.73 2733.71 2715.63 2695.73 2674.25 2651.51 2627.82 2602.38 2551.23 2511.98 2486.94 2462.69 2439.41 2417.23 2396.24 2372.21 2332.69 2281.64 2268.73 2214.67 2187.69 2187.22 2185.55 2185.00 2184.91 2184.82 2184.71 2184.58 2184.43 2184.27 2184.07 2183.86 2183.66 2183.49 2183.44 2183.59 2183.95 2184.73 2185.84 2186.39 2187.46 2188.12 2188.34 2188.36 2188.45 2189.24 2190.68 2192.50 2193.22 2194.33 2195.97 2197.38 2198.47 2199.56 2201.06 2202.16
2220.00 2855.48 2845.67 2845.51 2845.54 2828.97 2814.04 2809.20 2802.16 2792.71 2780.75 2766.27 2749.35 2730.17 2708.99 2686.12 2661.93 2636.79 2611.05 2581.58 2524.88 2490.43 2465.10 2440.89 2417.91 2396.25 2375.95 2330.79 2290.23 2269.59 2224.64 2187.82 2187.50 2186.85 2185.26 2184.89 2184.79 2184.67 2184.53 2184.37 2184.17 2183.94 2183.67 2183.37 2183.09 2182.95 2183.08 2183.48 2184.14 2185.43 2186.20 2187.24 2188.05 2188.24 2188.06 2187.92 2188.75 2190.70 2192.51 2193.25 2194.19 2195.48 2197.25 2198.57 2199.95 2201.58 2202.97
2220.00 2887.76 2885.19 2869.19 2866.64 2866.23 2849.79 2832.18 2824.46 2814.79 2802.23 2786.78 2768.59 2747.90 2725.03 2700.37 2674.35 2647.40 2619.94 2592.34 2557.79 2499.43 2468.08 2442.81 2418.96 2396.59 2368.69 2318.03 2301.24 2283.03 2228.73 2189.40 2187.64 2187.29 2186.43 2185.04 2184.78 2184.66 2184.51 2184.33 2184.12 2183.86 2183.54 2183.15 2182.76 2182.52 2182.63 2183.11 2183.77 2184.91 2185.96 2187.03 2187.99 2188.26 2188.06 2187.84 2188.86 2190.98 2192.79 2193.27 2193.98 2195.22 2196.96 2198.73 2200.55 2202.23 2203.95
2220.00 2907.97 2911.45 2911.10 2895.31 2892.15 2891.70 2875.91 2852.42 2841.56 2828.16 2811.44 2791.59 2768.94 2743.93 2717.04 2688.78 2659.65 2630.13 2600.64 2571.55 2529.77 2472.80 2445.16 2420.36 2397.23 2351.83 2317.32 2302.39 2288.88 2244.97 2200.53 2189.19 2187.44 2187.07 2186.03 2184.83 2184.66 2184.51 2184.33 2184.12 2183.85 2183.52 2183.10 2182.65 2182.36 2182.47 2182.96 2183.59 2184.28 2185.48 2186.67 2187.83 2188.40 2188.78 2189.25 2190.39 2191.94 2193.15 2193.02 2193.43 2194.91 2196.86 2199.42 2201.30 2202.82 2204.38
2220.00 2929.99 2934.73 2940.87 2941.07 2925.49 2921.52 2919.23 2900.78 2873.87 2858.60 2840.27 2818.36 2793.31 2765.68 2736.08 2705.13 2673.43 2641.53 2609.88 2578.88 2548.82 2498.94 2447.84 2422.05 2391.30 2338.62 2319.13 2303.69 2289.77 2260.91 2206.10 2200.09 2189.43 2187.24 2186.83 2185.62 2184.68 2184.54 2184.37 2184.16 2183.91 2183.61 2183.25 2182.86 2182.62 2182.72 2183.11 2183.53 2183.82 2184.74 2185.98 2187.40 2188.44 2189.66 2190.88 2192.32 2193.36 2193.51 2192.60 2193.02 2194.85 2197.44 2200.18 2201.74 2203.23 2204.48
3000.00 2953.40 2959.61 2967.78 2974.58 2974.86 2959.21 2953.44 2947.99 2929.01 2895.50 2873.19 2848.81 2820.88 2790.14 2757.34 2723.25 2688.59 2653.96 2619.90 2586.79 2554.93 2523.30 2467.05 2423.94 2376.01 2338.80 2321.03 2305.11 2290.81 2270.89 2211.10 2205.88 2201.94 2192.14 2187.02 2186.55 2185.20 2184.58 2184.42 2184.23 2184.02 2183.77 2183.51 2183.26 2183.12 2183.18 2183.37 2183.49 2183.46 2183.68 2184.84 2186.41 2188.19 2189.88 2191.57 2193.55 2194.94 2194.45 2193.41 2193.86 2195.72 2198.36 2200.73 2202.33 2203.26 2204.20
3000.00 2984.13 2987.38 2996.08 3005.07 3011.82 3012.01 2997.50 2985.88 2975.69 2949.90 2914.46 2882.62 2851.34 2816.98 2780.50 2742.83 2704.82 2667.18 2630.46 2595.07 2561.31 2529.36 2495.53 2431.81 2365.28 2341.33 2322.99 2306.64 2292.02 2278.92 2219.40 2207.10 2205.22 2202.86 2195.21 2187.91 2186.23 2184.86 2184.40 2184.26 2184.08 2183.88 2183.71 2183.56 2183.50 2183.54 2183.56 2183.40 2182.95 2182.31 2182.76 2184.58 2186.89 2189.42 2191.52 2193.37 2194.71 2194.69 2194.70 2195.41 2196.95 2199.19 2201.40 2202.78 2203.14 2203.76
2220.00 3018.82 3025.53 3032.28 3038.12 3045.61 3051.17 3050.48 3032.30 3016.01 2997.12 2965.03 2928.49 2885.61 2845.68 2805.06 2763.42 2721.73 2680.81 2641.25 2603.47 2567.75 2534.20 2502.89 2445.49 2373.50 2343.80 2324.96 2308.25 2293.38 2280.09 2227.58 2208.58 2206.60 2204.53 2202.37 2197.78 2189.26 2185.67 2184.35 2184.15 2183.97 2183.76 2183.56 2183.40 2183.40 2183.53 2183.53 2183.19 2182.24 2180.69 2179.81 2180.60 2183.91 2188.94 2191.83 2193.13 2193.79 2194.14 2195.03 2196.30 2197.99 2199.96 2201.71 2202.83 2203.10 2203.56
2220.00 3052.54 3057.10 3067.03 3079.22 3085.53 3088.77 3090.34 3085.15 3063.28 3040.52 3008.19 2972.91 2932.29 2880.71 2830.32 2784.38 2738.77 2694.40 2651.90 2611.68 2573.98 2538.88 2502.22 2441.57 2402.42 2348.60 2326.90 2309.92 2294.87 2281.47 2234.21 2210.34 2208.27 2206.08 2203.78 2201.41 2198.40 2191.70 2185.36 2184.25 2184.03 2183.73 2183.34 2182.96 2182.95 2183.42 2183.79 2183.48 2182.18 2179.60 2175.97 2172.67 2177.47 2189.18 2193.59 2193.40 2194.15 2194.21 2195.44 2197.33 2199.18 2200.83 2201.76 2202.61 2203.09 2203.60
2220.00 3074.80 3086.84 3097.90 3109.67 3123.05 3131.60 3132.28 3126.85 3112.60 3089.43 3054.98 3009.85 2968.46 2922.96 2866.74 2806.74 2755.25 2707.38 2661.95 2619.34 2579.74 2543.17 2491.74 2443.74 2416.96 2373.37 2328.76 2311.60 2296.47 2283.04 2244.14 2212.43 2210.29 2207.98 2205.52 2202.96 2200.35 2197.73 2192.68 2186.01 2184.22 2183.80 2183.09 2182.09 2181.76 2183.19 2184.42 2184.32 2182.90 2179.92 2173.83 2165.92 2170.37 2187.00 2192.90 2192.49 2194.80 2195.92 2196.41 2199.96 2200.65 2201.30 2201.99 2202.40 2203.02 2203.61
2220.00 3092.59 3106.62 3126.24 3140.82 3152.58 3164.41 3170.63 3168.89 3155.93 3130.84 3101.85 3056.82 3000.18 2950.02 2898.52 2842.08 2777.26 2719.11 2670.90 2626.07 2584.73 2543.08 2481.96 2447.50 2420.19 2394.53 2347.66 2313.25 2298.15 2284.80 2246.56 2215.34 2212.99 2210.41 2207.69 2204.93 2202.07 2199.18 2196.31 2191.88 2185.22 2184.06 2183.16 2181.45 2180.48 2183.81 2185.70 2185.49 2184.44 2182.28 2177.44 2172.27 2175.51 2185.73 2190.87 2191.02 2190.84 2194.97 2197.73 2201.67 2201.07 2201.50 2202.38 2202.97 2203.20 2203.59
2220.00 3107.70 3123.24 3145.17 3165.79 3181.35 3192.74 3200.67 3200.85 3192.13 3171.80 3136.86 3095.86 3043.51 2975.68 2917.69 2862.04 2807.33 2744.14 2680.68 2631.48 2588.36 2546.29 2493.48 2450.71 2423.03 2398.38 2372.80 2325.57 2299.87 2286.71 2241.45 2218.53 2216.30 2213.78 2210.87 2207.77 2204.51 2201.19 2197.94 2194.69 2189.12 2184.91 2184.22 2183.48 2184.76 2188.59 2187.71 2186.64 2186.41 2185.49 2183.59 2182.37 2183.84 2188.10 2191.45 2193.11 2193.84 2195.46 2197.40 2198.27 2199.62 2201.68 2203.75 2204.64 2203.98 2203.46
2220.00 3119.46 3136.26 3160.15 3182.88 3202.93 3216.95 3225.38 3226.57 3217.94 3199.15 3170.08 3125.81 3072.18 3014.16 2937.90 2873.69 2816.88 2763.30 2707.48 2638.12 2590.59 2551.80 2516.23 2471.51 2427.23 2400.67 2378.69 2352.17 2307.33 2288.74 2235.05 2221.90 2219.71 2217.18 2214.33 2211.19 2207.81 2204.27 2200.62 2196.99 2192.94 2186.81 2185.69 2186.16 2188.38 2190.08 2187.11 2186.93 2188.33 2188.44 2188.39 2188.91 2189.07 2190.53 2192.55 2194.46 2195.41 2197.40 2198.60 2197.42 2197.85 2201.02 2204.47 2206.21 2204.45 2203.85
2220.00 3127.27 3144.95 3170.26 3194.57 3216.24 3233.29 3243.17 3244.85 3236.31 3216.76 3186.93 3148.52 3097.61 3034.03 2971.22 2891.10 2821.95 2766.80 2707.98 2637.40 2592.94 2553.98 2519.18 2488.09 2452.04 2408.05 2380.71 2361.31 2332.99 2285.12 2229.00 2225.81 2223.74 2221.26 2218.38 2215.11 2211.53 2207.73 2203.85 2200.07 2196.22 2190.92 2186.59 2187.04 2187.73 2187.08 2184.86 2187.27 2190.93 2190.71 2190.89 2191.86 2191.53 2192.06 2193.50 2195.49 2197.72 2200.95 2202.42 2198.62 2194.84 2200.14 2202.85 2202.20 2201.25 2202.94
2220.00 3130.66 3148.76 3174.76 3199.88 3222.46 3240.43 3251.57 3253.75 3245.19 3225.12 3194.25 3154.45 3108.25 3054.75 2985.30 2918.92 2846.97 2775.83 2712.72 2638.73 2593.84 2554.99 2520.32 2489.37 2461.71 2432.41 2392.31 2363.21 2346.29 2292.42 2232.62 2231.29 2229.16 2226.62 2223.58 2220.05 2216.25 2212.18 2207.95 2203.78 2199.88 2195.56 2189.08 2187.42 2187.52 2187.10 2186.68 2189.18 2192.09 2191.50 2191.32 2191.99 2192.03 2192.93 2194.61 2196.95 2199.61 2202.97 2204.95 2203.48 2203.81 2205.62 2202.12 2195.70 2196.35 2202.28
2220.00 3129.44 3147.39 3173.23 3198.26 3220.81 3238.80 3249.97 3252.22 3243.47 3222.90 3191.62 3151.34 3104.69 3054.41 3000.27 2926.45 2859.39 2784.77 2733.40 2666.19 2594.76 2554.93 2520.64 2489.99 2462.57 2438.03 2415.19 2375.35 2348.13 2296.47 2238.73 2236.71 2235.26 2233.30 2230.75 2227.34 2223.32 2218.77 2213.95 2209.08 2204.38 2199.48 2193.84 2188.17 2188.21 2188.17 2188.54 2189.87 2191.18 2191.48 2191.78 2192.21 2192.84 2194.50 2196.89 2198.79 2200.67 2202.67 2204.32 2208.04 2219.51 2215.87 2205.25 2198.63 2198.72 2204.08
2220.00 3123.67 3140.91 3165.70 3189.66 3211.18 3228.25 3238.65 3240.36 3231.82 3210.57 3178.84 3139.09 3093.19 3043.84 2993.39 2937.77 2861.25 2786.19 2729.94 2685.59 2624.19 2558.50 2520.30 2490.05 2462.88 2438.52 2416.73 2394.68 2355.18 2300.26 2255.20 2241.84 2240.92 2239.49 2237.39 2234.54 2230.88 2226.49 2221.58 2216.40 2210.99 2205.63 2200.46 2191.63 2189.09 2189.27 2189.71 2190.47 2191.23 2191.98 2192.75 2193.72 2195.17 2197.62 2199.23 2199.63 2199.97 2201.25 2202.92 2203.76 2211.20 2210.00 2205.76 2203.35 2202.86 2205.68
2220.00 3113.72 3129.73 3152.64 3174.65 3194.21 3209.47 3218.37 3219.04 3210.18 3190.69 3157.94 3118.63 3074.64 3027.44 2979.20 2919.59 2859.23 2808.85 2738.22 2682.85 2643.60 2592.31 2524.68 2490.42 2463.22 2438.78 2416.98 2397.58 2364.80 2291.93 2272.16 2248.04 2247.39 2246.38 2245.01 2242.78 2239.56 2235.47 2230.55 2224.99 2219.13 2213.52 2207.12 2201.54 2192.31 2190.45 2191.03 2191.93 2192.94 2194.14 2195.18 2196.46 2197.88 2199.11 2199.83 2199.41 2197.42 2197.98 2201.55 2201.61 2202.70 2203.70 2204.46 2204.54 2204.28 2205.74
2220.00 3100.23 3114.59 3134.99 3154.32 3171.21 3183.98 3190.83 3190.12 3180.73 3162.43 3134.48 3093.54 3050.71 3006.63 2959.17 2896.25 2847.66 2803.67 2754.90 2681.61 2641.61 2606.48 2558.74 2494.92 2463.69 2439.26 2417.19 2397.49 2360.54 2315.14 2295.02 2265.40 2254.50 2254.97 2254.82 2253.71 2251.07 2246.58 2240.98 2234.51 2227.68 2221.10 2214.81 2209.08 2202.65 2193.09 2193.91 2194.91 2196.05 2196.96 2197.63 2198.24 2199.30 2199.51 2199.33 2197.94 2192.95 2192.58 2200.66 2207.53 2207.10 2204.65 2204.37 2204.47 2204.47 2204.82
2220.00 3084.05 3096.49 3113.94 3130.16 3143.95 3153.86 3158.36 3156.11 3146.24 3128.58 3103.75 3070.27 3024.67 2981.69 2927.48 2878.52 2836.09 2795.39 2756.33 2690.51 2638.31 2604.31 2571.91 2531.01 2470.49 2437.24 2414.50 2394.04 2349.30 2320.08 2313.04 2292.79 2272.58 2263.43 2263.37 2264.10 2263.16 2259.81 2253.77 2246.30 2238.16 2230.06 2222.64 2215.32 2210.08 2196.88 2195.71 2196.88 2198.14 2199.04 2199.75 2200.18 2200.44 2200.07 2199.47 2197.52 2193.55 2193.48 2199.85 2204.70 2205.46 2204.39 2204.16 2203.86 2203.78 2203.49
2220.00 3066.28 3076.67 3091.01 3103.97 3114.42 3121.37 3123.52 3119.80 3109.56 3092.72 3069.85 3042.03 3004.40 2947.47 2901.24 2862.12 2823.94 2786.96 2751.18 2712.53 2648.98 2603.33 2571.43 2540.38 2502.19 2443.29 2411.64 2389.81 2337.19 2318.88 2311.58 2302.81 2284.48 2281.12 2274.25 2275.01 2276.75 2275.34 2270.28 2261.70 2251.22 2240.64 2231.16 2222.10 2215.39 2204.10 2197.60 2198.99 2200.21 2201.57 2202.28 2202.20 2201.72 2201.09 2200.20 2198.68 2197.25 2197.82 2200.50 2202.91 2203.69 2203.41 2203.34 2203.16 2202.79 2202.32
