data_output/recharge/precip/Precip_2003_04.asc
ncols        168
nrows        136
xllcorner    455000
yllcorner    2107000
cellsize     500
NODATA_value     -99999
[rows 70 to 104 of 136, columns 78 to 155 of 168]
9.20 8.87 8.60 8.36 8.18 8.03 7.93 7.86 7.84 7.85 7.89 7.97 8.08 8.23 8.40 8.60 8.82 9.07 9.34 9.64 9.96 10.29 10.63 10.99 11.34 11.71 12.07 12.44 12.80 13.15 13.50 13.83 14.15 14.46 14.75 15.04 15.31 15.57 15.81 16.04 16.26 16.46 16.65 16.82 16.97 17.11 17.24 17.34 17.43 17.50 17.55 17.58 17.60 17.60 17.61 17.62 17.63 17.63 17.64 17.65 17.66 17.67 17.68 17.68 17.69 17.70 17.70 17.70 17.71 17.71 17.70 17.70 17.70 17.69 17.68 17.67 17.65 17.63
8.68 8.35 8.07 7.83 7.64 7.49 7.38 7.31 7.29 7.30 7.35 7.43 7.55 7.69 7.87 8.08 8.32 8.58 8.87 9.18 9.51 9.85 10.20 10.57 10.94 11.31 11.69 12.07 12.45 12.82 13.18 13.53 13.87 14.19 14.51 14.81 15.09 15.36 15.62 15.87 16.09 16.30 16.50 16.68 16.84 16.99 17.12 17.23 17.32 17.39 17.44 17.48 17.49 17.50 17.50 17.51 17.52 17.53 17.54 17.54 17.55 17.56 17.57 17.58 17.58 17.59 17.59 17.60 17.60 17.60 17.60 17.59 17.59 17.58 17.57 17.56 17.55 17.52
8.20 7.86 7.56 7.32 7.12 6.96 6.85 6.79 6.76 6.77 6.82 6.91 7.03 7.18 7.37 7.59 7.83 8.11 8.41 8.73 9.07 9.42 9.78 10.15 10.53 10.92 11.31 11.70 12.09 12.48 12.86 13.23 13.58 13.93 14.26 14.57 14.87 15.16 15.43 15.68 15.92 16.15 16.35 16.54 16.71 16.86 16.99 17.11 17.20 17.28 17.33 17.37 17.38 17.39 17.40 17.40 17.41 17.42 17.43 17.44 17.45 17.45 17.46 17.47 17.48 17.48 17.49 17.49 17.49 17.49 17.49 17.49 17.48 17.48 17.47 17.46 17.43 17.39
7.74 7.39 7.08 6.83 6.63 6.47 6.36 6.29 6.26 6.27 6.32 6.41 6.54 6.70 6.89 7.12 7.38 7.66 7.97 8.30 8.64 9.00 9.37 9.75 10.14 10.54 10.93 11.33 11.74 12.14 12.53 12.92 13.30 13.66 14.00 14.33 14.65 14.95 15.23 15.50 15.75 15.98 16.20 16.39 16.57 16.73 16.87 16.99 17.09 17.17 17.22 17.26 17.27 17.28 17.29 17.29 17.30 17.31 17.32 17.33 17.34 17.35 17.35 17.36 17.37 17.38 17.38 17.38 17.39 17.39 17.39 17.39 17.38 17.38 17.37 17.34 17.30 17.25
7.31 6.95 6.64 6.38 6.16 6.00 5.88 5.81 5.78 5.80 5.85 5.95 6.08 6.24 6.44 6.68 6.94 7.24 7.55 7.89 8.24 8.60 8.98 9.36 9.76 10.16 10.57 10.98 11.39 11.80 12.21 12.61 13.00 13.38 13.74 14.09 14.42 14.73 15.03 15.31 15.57 15.81 16.04 16.24 16.43 16.60 16.74 16.87 16.97 17.05 17.11 17.15 17.16 17.17 17.18 17.19 17.19 17.20 17.21 17.22 17.23 17.24 17.25 17.26 17.26 17.27 17.28 17.28 17.28 17.29 17.29 17.29 17.28 17.27 17.25 17.22 17.17 17.10
6.91 6.54 6.22 5.95 5.73 5.57 5.45 5.37 5.34 5.36 5.41 5.51 5.64 5.82 6.02 6.27 6.54 6.84 7.15 7.49 7.84 8.21 8.59 8.99 9.39 9.80 10.21 10.63 11.05 11.47 11.88 12.30 12.70 13.10 13.48 13.84 14.19 14.52 14.83 15.12 15.39 15.64 15.88 16.09 16.29 16.46 16.61 16.74 16.85 16.93 17.00 17.03 17.05 17.06 17.07 17.08 17.08 17.09 17.10 17.11 17.12 17.13 17.14 17.15 17.16 17.17 17.17 17.18 17.18 17.19 17.19 17.19 17.18 17.16 17.13 17.08 17.02 16.94
6.55 6.17 5.84 5.56 5.34 5.17 5.04 4.97 4.93 4.95 5.01 5.11 5.24 5.42 5.64 5.89 6.16 6.46 6.78 7.11 7.47 7.84 8.23 8.62 9.03 9.44 9.86 10.29 10.71 11.14 11.57 11.99 12.40 12.81 13.21 13.59 13.95 14.29 14.62 14.92 15.21 15.47 15.71 15.94 16.14 16.32 16.48 16.61 16.72 16.81 16.88 16.92 16.94 16.95 16.95 16.96 16.97 16.98 16.99 17.01 17.02 17.03 17.04 17.05 17.06 17.06 17.07 17.08 17.08 17.09 17.09 17.09 17.07 17.04 17.00 16.93 16.86 16.77
6.23 5.83 5.49 5.21 4.98 4.80 4.67 4.60 4.56 4.58 4.64 4.74 4.88 5.06 5.28 5.53 5.80 6.10 6.42 6.76 7.12 7.49 7.88 8.27 8.68 9.10 9.53 9.96 10.39 10.82 11.26 11.68 12.11 12.53 12.94 13.33 13.71 14.06 14.40 14.72 15.02 15.29 15.55 15.78 15.99 16.18 16.34 16.48 16.60 16.69 16.76 16.80 16.82 16.83 16.84 16.85 16.86 16.87 16.88 16.90 16.91 16.92 16.93 16.94 16.95 16.96 16.97 16.98 16.98 16.99 16.99 16.98 16.95 16.91 16.85 16.78 16.69 16.58
5.94 5.54 5.19 4.90 4.66 4.48 4.35 4.26 4.23 4.25 4.30 4.41 4.56 4.74 4.96 5.20 5.47 5.77 6.09 6.42 6.78 7.15 7.54 7.94 8.36 8.78 9.21 9.64 10.08 10.51 10.95 11.39 11.82 12.24 12.66 13.07 13.46 13.83 14.18 14.51 14.82 15.11 15.37 15.62 15.84 16.03 16.20 16.35 16.47 16.57 16.64 16.68 16.71 16.72 16.73 16.74 16.75 16.76 16.77 16.79 16.80 16.81 16.82 16.84 16.85 16.86 16.87 16.88 16.89 16.89 16.88 16.86 16.82 16.76 16.69 16.61 16.51 16.40
5.71 5.29 4.93 4.63 4.39 4.20 4.06 3.98 3.94 3.95 4.02 4.12 4.27 4.45 4.66 4.90 5.17 5.46 5.78 6.11 6.47 6.84 7.23 7.63 8.04 8.47 8.90 9.33 9.77 10.22 10.66 11.10 11.54 11.97 12.39 12.81 13.21 13.59 13.96 14.30 14.63 14.92 15.20 15.45 15.68 15.88 16.06 16.21 16.34 16.44 16.52 16.56 16.59 16.60 16.61 16.62 16.63 16.65 16.66 16.68 16.69 16.70 16.72 16.73 16.75 16.76 16.77 16.78 16.79 16.78 16.76 16.73 16.67 16.61 16.53 16.43 16.32 16.20
5.51 5.09 4.72 4.41 4.16 3.96 3.82 3.73 3.70 3.71 3.77 3.87 4.02 4.19 4.40 4.63 4.89 5.18 5.49 5.83 6.18 6.55 6.94 7.34 7.75 8.17 8.60 9.04 9.48 9.93 10.37 10.82 11.26 11.70 12.13 12.55 12.96 13.35 13.73 14.09 14.42 14.73 15.02 15.28 15.52 15.73 15.91 16.07 16.21 16.31 16.39 16.44 16.46 16.48 16.49 16.50 16.52 16.53 16.55 16.57 16.58 16.60 16.61 16.63 16.64 16.66 16.67 16.68 16.68 16.66 16.63 16.58 16.52 16.44 16.35 16.24 16.12 15.99
5.37 4.93 4.55 4.24 3.98 3.78 3.63 3.54 3.50 3.51 3.57 3.67 3.80 3.96 4.16 4.39 4.65 4.93 5.24 5.57 5.91 6.28 6.67 7.06 7.48 7.90 8.33 8.77 9.21 9.66 10.10 10.55 10.99 11.43 11.87 12.29 12.71 13.11 13.50 13.87 14.22 14.54 14.84 15.11 15.35 15.57 15.77 15.93 16.07 16.18 16.26 16.32 16.34 16.36 16.37 16.39 16.40 16.42 16.44 16.45 16.47 16.49 16.51 16.52 16.54 16.56 16.57 16.57 16.56 16.53 16.48 16.42 16.35 16.26 16.16 16.04 15.92 15.77
5.28 4.83 4.44 4.11 3.85 3.64 3.49 3.39 3.35 3.36 3.41 3.49 3.62 3.77 3.96 4.18 4.43 4.71 5.01 5.33 5.68 6.04 6.42 6.81 7.22 7.64 8.07 8.51 8.95 9.40 9.84 10.29 10.74 11.18 11.62 12.05 12.47 12.87 13.27 13.65 14.01 14.34 14.65 14.93 15.19 15.41 15.61 15.79 15.93 16.04 16.13 16.19 16.22 16.23 16.25 16.27 16.28 16.30 16.32 16.34 16.36 16.38 16.40 16.42 16.44 16.45 16.46 16.45 16.42 16.38 16.32 16.25 16.17 16.07 15.96 15.84 15.70 15.55
5.24 4.78 4.38 4.04 3.77 3.56 3.40 3.30 3.25 3.25 3.28 3.36 3.47 3.62 3.80 4.01 4.25 4.52 4.81 5.13 5.46 5.82 6.20 6.59 6.99 7.41 7.83 8.27 8.71 9.15 9.60 10.05 10.50 10.94 11.38 11.81 12.23 12.64 13.04 13.42 13.79 14.14 14.46 14.75 15.01 15.25 15.46 15.64 15.79 15.91 16.00 16.06 16.09 16.11 16.12 16.14 16.16 16.18 16.21 16.23 16.25 16.27 16.29 16.31 16.33 16.34 16.33 16.31 16.27 16.22 16.15 16.07 15.98 15.87 15.75 15.62 15.47 15.32
5.26 4.79 4.38 4.03 3.75 3.53 3.37 3.26 3.20 3.18 3.20 3.27 3.37 3.50 3.67 3.87 4.10 4.36 4.64 4.95 5.28 5.63 6.00 6.38 6.78 7.19 7.62 8.05 8.48 8.93 9.37 9.82 10.27 10.71 11.15 11.58 12.00 12.42 12.82 13.21 13.58 13.93 14.26 14.56 14.84 15.08 15.30 15.48 15.64 15.77 15.86 15.92 15.96 15.98 16.00 16.02 16.04 16.06 16.09 16.11 16.14 16.16 16.18 16.21 16.22 16.21 16.19 16.16 16.11 16.05 15.97 15.88 15.78 15.66 15.53 15.39 15.24 15.08
5.34 4.85 4.43 4.08 3.79 3.56 3.39 3.27 3.19 3.16 3.17 3.21 3.30 3.42 3.58 3.77 3.99 4.23 4.51 4.81 5.13 5.47 5.83 6.21 6.60 7.00 7.42 7.85 8.28 8.72 9.16 9.61 10.05 10.49 10.93 11.36 11.79 12.20 12.60 12.99 13.37 13.72 14.06 14.37 14.66 14.91 15.14 15.33 15.49 15.62 15.72 15.79 15.82 15.85 15.87 15.89 15.92 15.94 15.97 16.00 16.02 16.05 16.07 16.09 16.08 16.07 16.04 15.99 15.93 15.86 15.78 15.68 15.57 15.44 15.31 15.16 15.00 14.83
5.48 4.99 4.55 4.19 3.89 3.65 3.46 3.32 3.23 3.18 3.17 3.20 3.28 3.38 3.53 3.70 3.91 4.14 4.41 4.69 5.00 5.34 5.69 6.06 6.44 6.84 7.25 7.67 8.10 8.53 8.97 9.41 9.85 10.29 10.73 11.16 11.58 12.00 12.40 12.79 13.16 13.52 13.86 14.18 14.47 14.74 14.97 15.17 15.34 15.48 15.58 15.65 15.69 15.71 15.74 15.77 15.79 15.82 15.85 15.88 15.91 15.93 15.95 15.95 15.94 15.91 15.87 15.82 15.75 15.67 15.57 15.46 15.34 15.21 15.07 14.92 14.75 14.57
5.69 5.18 4.74 4.36 4.05 3.79 3.59 3.43 3.31 3.25 3.22 3.24 3.29 3.39 3.51 3.68 3.87 4.09 4.34 4.62 4.92 5.24 5.58 5.94 6.31 6.70 7.10 7.52 7.94 8.37 8.80 9.23 9.67 10.11 10.54 10.97 11.39 11.80 12.20 12.59 12.97 13.33 13.67 13.99 14.29 14.56 14.80 15.01 15.18 15.33 15.43 15.51 15.55 15.58 15.61 15.64 15.67 15.70 15.73 15.76 15.79 15.81 15.81 15.80 15.78 15.74 15.69 15.63 15.55 15.46 15.35 15.24 15.11 14.97 14.83 14.67 14.49 14.31
5.97 5.44 4.99 4.60 4.27 3.99 3.76 3.58 3.45 3.36 3.32 3.32 3.36 3.43 3.54 3.69 3.87 4.07 4.31 4.57 4.86 5.17 5.50 5.85 6.21 6.59 6.98 7.39 7.80 8.22 8.65 9.08 9.51 9.94 10.37 10.79 11.21 11.62 12.02 12.40 12.78 13.14 13.48 13.80 14.10 14.38 14.63 14.84 15.02 15.17 15.29 15.36 15.41 15.44 15.47 15.50 15.54 15.57 15.60 15.64 15.66 15.67 15.66 15.64 15.61 15.56 15.50 15.42 15.34 15.24 15.13 15.01 14.87 14.73 14.57 14.41 14.23 14.04
6.32 5.78 5.31 4.90 4.54 4.24 3.99 3.79 3.63 3.53 3.47 3.44 3.46 3.52 3.62 3.74 3.91 4.10 4.32 4.57 4.84 5.13 5.45 5.79 6.14 6.51 6.89 7.29 7.69 8.10 8.52 8.94 9.36 9.79 10.21 10.63 11.04 11.45 11.84 12.23 12.60 12.96 13.30 13.62 13.92 14.20 14.45 14.67 14.86 15.01 15.13 15.22 15.27 15.30 15.33 15.37 15.41 15.44 15.48 15.50 15.51 15.51 15.49 15.46 15.42 15.36 15.29 15.21 15.11 15.01 14.89 14.76 14.62 14.47 14.31 14.14 13.96 13.77
6.74 6.18 5.69 5.25 4.87 4.54 4.27 4.05 3.87 3.74 3.66 3.62 3.62 3.66 3.73 3.84 3.99 4.16 4.37 4.60 4.86 5.14 5.44 5.76 6.10 6.46 6.83 7.21 7.61 8.01 8.42 8.83 9.24 9.66 10.07 10.49 10.89 11.29 11.68 12.07 12.43 12.79 13.12 13.44 13.74 14.02 14.27 14.50 14.69 14.85 14.98 15.07 15.12 15.16 15.19 15.23 15.27 15.31 15.34 15.35 15.35 15.34 15.31 15.27 15.22 15.15 15.07 14.98 14.88 14.77 14.64 14.51 14.36 14.21 14.04 13.87 13.68 13.49
7.23 6.65 6.13 5.66 5.26 4.91 4.61 4.36 4.16 4.01 3.90 3.84 3.82 3.84 3.89 3.99 4.11 4.27 4.45 4.67 4.91 5.17 5.46 5.77 6.10 6.44 6.80 7.17 7.55 7.94 8.34 8.74 9.14 9.55 9.96 10.36 10.76 11.16 11.54 11.92 12.28 12.63 12.96 13.28 13.57 13.85 14.10 14.33 14.52 14.69 14.82 14.91 14.97 15.01 15.05 15.09 15.13 15.16 15.18 15.18 15.17 15.15 15.11 15.06 15.00 14.93 14.84 14.74 14.64 14.52 14.39 14.25 14.10 13.93 13.77 13.59 13.40 13.20
7.79 7.18 6.63 6.14 5.70 5.33 5.00 4.73 4.51 4.33 4.20 4.12 4.07 4.07 4.10 4.17 4.28 4.42 4.58 4.78 5.00 5.25 5.52 5.81 6.12 6.45 6.80 7.15 7.52 7.90 8.28 8.67 9.07 9.47 9.86 10.26 10.65 11.03 11.41 11.78 12.14 12.48 12.81 13.12 13.41 13.69 13.93 14.16 14.36 14.52 14.66 14.76 14.82 14.86 14.90 14.95 14.98 15.00 15.01 15.00 14.98 14.95 14.90 14.84 14.77 14.69 14.60 14.50 14.38 14.25 14.12 13.97 13.82 13.65 13.48 13.30 13.11 12.91
8.41 7.77 7.19 6.67 6.21 5.81 5.46 5.16 4.91 4.71 4.55 4.44 4.37 4.35 4.36 4.41 4.49 4.61 4.76 4.93 5.14 5.37 5.62 5.89 6.19 6.50 6.83 7.17 7.52 7.89 8.26 8.64 9.02 9.41 9.79 10.18 10.56 10.93 11.30 11.66 12.01 12.35 12.67 12.98 13.26 13.53 13.78 14.00 14.19 14.36 14.49 14.60 14.66 14.71 14.75 14.79 14.81 14.82 14.82 14.80 14.77 14.73 14.68 14.61 14.53 14.44 14.34 14.23 14.11 13.98 13.84 13.69 13.53 13.37 13.19 13.01 12.81 12.61
9.10 8.43 7.82 7.27 6.78 6.35 5.97 5.64 5.36 5.14 4.96 4.82 4.73 4.68 4.66 4.69 4.75 4.85 4.97 5.13 5.31 5.52 5.76 6.01 6.29 6.58 6.89 7.22 7.56 7.91 8.26 8.63 9.00 9.37 9.74 10.12 10.49 10.85 11.21 11.56 11.90 12.23 12.55 12.85 13.13 13.39 13.63 13.84 14.03 14.20 14.33 14.43 14.50 14.55 14.59 14.62 14.63 14.63 14.61 14.59 14.55 14.50 14.44 14.36 14.28 14.18 14.08 13.96 13.84 13.70 13.56 13.40 13.24 13.07 12.89 12.71 12.51 12.31
9.86 9.16 8.51 7.93 7.41 6.95 6.54 6.18 5.88 5.62 5.42 5.25 5.13 5.06 5.02 5.02 5.06 5.13 5.23 5.37 5.53 5.72 5.93 6.17 6.43 6.70 6.99 7.30 7.62 7.96 8.30 8.65 9.00 9.36 9.72 10.08 10.44 10.79 11.14 11.48 11.81 12.13 12.44 12.73 13.00 13.26 13.49 13.70 13.88 14.04 14.17 14.27 14.34 14.38 14.41 14.43 14.43 14.42 14.40 14.36 14.31 14.26 14.19 14.11 14.02 13.92 13.80 13.68 13.55 13.41 13.27 13.11 12.94 12.77 12.59 12.40 12.21 12.00
10.67 9.94 9.26 8.65 8.10 7.60 7.16 6.77 6.44 6.16 5.92 5.73 5.58 5.48 5.42 5.39 5.41 5.45 5.53 5.64 5.78 5.95 6.14 6.36 6.59 6.85 7.12 7.41 7.72 8.03 8.36 8.69 9.03 9.37 9.72 10.07 10.41 10.75 11.09 11.42 11.74 12.05 12.34 12.62 12.89 13.14 13.36 13.56 13.74 13.89 14.02 14.11 14.18 14.21 14.23 14.24 14.23 14.21 14.18 14.14 14.08 14.02 13.94 13.85 13.76 13.65 13.53 13.41 13.27 13.13 12.98 12.82 12.65 12.48 12.29 12.10 11.91 11.71
11.53 10.76 10.05 9.41 8.82 8.29 7.82 7.40 7.04 6.73 6.46 6.24 6.07 5.94 5.85 5.80 5.78 5.81 5.86 5.95 6.07 6.21 6.38 6.57 6.79 7.03 7.28 7.55 7.83 8.13 8.44 8.76 9.08 9.41 9.74 10.07 10.40 10.73 11.05 11.37 11.68 11.97 12.26 12.53 12.79 13.02 13.24 13.44 13.61 13.75 13.87 13.96 14.02 14.05 14.07 14.06 14.05 14.02 13.98 13.93 13.86 13.79 13.71 13.61 13.51 13.40 13.28 13.15 13.01 12.86 12.70 12.54 12.37 12.19 12.01 11.82 11.62 11.42
12.43 11.63 10.89 10.21 9.59 9.03 8.52 8.07 7.68 7.33 7.04 6.79 6.59 6.43 6.31 6.24 6.20 6.19 6.22 6.28 6.38 6.50 6.64 6.82 7.01 7.22 7.46 7.71 7.97 8.25 8.54 8.84 9.15 9.46 9.77 10.09 10.40 10.72 11.03 11.33 11.63 11.91 12.19 12.45 12.69 12.92 13.13 13.31 13.48 13.62 13.73 13.81 13.87 13.90 13.91 13.90 13.87 13.84 13.79 13.73 13.66 13.58 13.49 13.39 13.28 13.16 13.03 12.90 12.75 12.60 12.44 12.28 12.10 11.92 11.74 11.55 11.35 11.15
13.38 12.54 11.76 11.05 10.39 9.80 9.26 8.78 8.35 7.98 7.65 7.37 7.14 6.95 6.81 6.70 6.64 6.61 6.61 6.65 6.71 6.81 6.93 7.08 7.25 7.45 7.66 7.89 8.13 8.39 8.66 8.94 9.23 9.52 9.82 10.12 10.42 10.72 11.01 11.30 11.59 11.86 12.12 12.37 12.60 12.82 13.02 13.20 13.35 13.48 13.59 13.67 13.73 13.75 13.76 13.74 13.71 13.67 13.61 13.54 13.46 13.37 13.28 13.17 13.06 12.93 12.80 12.66 12.51 12.36 12.19 12.02 11.85 11.67 11.48 11.29 11.09 10.88
14.36 13.49 12.67 11.92 11.24 10.61 10.04 9.52 9.06 8.65 8.30 7.99 7.73 7.51 7.33 7.20 7.10 7.05 7.02 7.03 7.08 7.15 7.25 7.37 7.52 7.69 7.88 8.08 8.31 8.55 8.80 9.06 9.33 9.60 9.88 10.17 10.45 10.73 11.01 11.29 11.56 11.81 12.06 12.30 12.52 12.73 12.92 13.08 13.23 13.36 13.46 13.54 13.59 13.61 13.61 13.60 13.56 13.51 13.44 13.36 13.28 13.18 13.08 12.97 12.84 12.71 12.58 12.43 12.28 12.12 11.95 11.78 11.60 11.42 11.23 11.04 10.84 10.63
15.34 14.46 13.63 12.84 12.12 11.45 10.85 10.30 9.80 9.36 8.97 8.63 8.34 8.09 7.89 7.72 7.60 7.51 7.46 7.45 7.46 7.51 7.58 7.68 7.80 7.95 8.12 8.30 8.50 8.72 8.95 9.19 9.44 9.69 9.96 10.22 10.49 10.75 11.02 11.28 11.53 11.78 12.01 12.23 12.44 12.64 12.81 12.97 13.11 13.23 13.33 13.40 13.45 13.47 13.47 13.45 13.41 13.36 13.28 13.20 13.11 13.00 12.89 12.77 12.64 12.51 12.37 12.22 12.06 11.90 11.73 11.55 11.37 11.19 10.99 10.80 10.60 10.39
16.34 15.45 14.60 13.79 13.03 12.33 11.69 11.11 10.58 10.10 9.68 9.31 8.98 8.70 8.47 8.27 8.12 8.00 7.92 7.88 7.87 7.89 7.93 8.01 8.11 8.23 8.37 8.53 8.71 8.91 9.11 9.33 9.56 9.80 10.04 10.29 10.54 10.78 11.03 11.27 11.51 11.74 11.96 12.17 12.37 12.55 12.72 12.87 13.00 13.12 13.21 13.28 13.32 13.34 13.33 13.31 13.27 13.21 13.13 13.04 12.94 12.83 12.71 12.59 12.45 12.31 12.17 12.01 11.85 11.68 11.51 11.33 11.15 10.96 10.77 10.57 10.37 10.16
17.34 16.45 15.59 14.76 13.98 13.24 12.56 11.94 11.38 10.87 10.42 10.01 9.65 9.34 9.07 8.85 8.66 8.52 8.41 8.33 8.29 8.28 8.30 8.35 8.42 8.52 8.64 8.78 8.93 9.10 9.29 9.49 9.69 9.91 10.13 10.36 10.59 10.82 11.05 11.27 11.50 11.71 11.91 12.11 12.29 12.46 12.62 12.76 12.89 13.00 13.09 13.15 13.19 13.21 13.20 13.18 13.13 13.07 12.99 12.90 12.79 12.67 12.55 12.41 12.27 12.13 11.97 11.82 11.65 11.48 11.30 11.12 10.94 10.75 10.55 10.35 10.15 9.95
18.34 17.44 16.58 15.74 14.94 14.18 13.47 12.81 12.21 11.67 11.18 10.74 10.34 10.00 9.70 9.44 9.23 9.05 8.91 8.81 8.74 8.70 8.69 8.71 8.76 8.83 8.92 9.03 9.17 9.31 9.48 9.65 9.84 10.03 10.23 10.44 10.65 10.86 11.07 11.28 11.48 11.68 11.87 12.05 12.22 12.38 12.53 12.67 12.79 12.89 12.97 13.04 13.07 13.09 13.08 13.05 13.00 12.93 12.85 12.75 12.64 12.52 12.39 12.25 12.10 11.95 11.79 11.63 11.46 11.28 11.10 10.92 10.73 10.54 10.34 10.14 9.94 9.74
