data_output/recharge/precip/Precip_2003_12.asc
ncols        168
nrows        136
xllcorner    455000
yllcorner    2107000
cellsize     500
NODATA_value     -99999
[rows 0 to 37 of 136, columns 0 to 83 of 168]
0.00 0.00 0.00 0.00 0.00 0.00 0.00 0.00 0.00 0.00 0.00 0.00 0.00 0.00 0.00 0.00 0.00 0.00 0.00 0.00 0.00 0.05 0.10 0.14 0.18 0.22 0.26 0.30 0.33 0.36 0.38 0.40 0.43 0.44 0.46 0.47 0.48 0.48 0.49 0.49 0.48 0.48 0.48 0.49 0.49 0.49 0.50 0.51 0.52 0.53 0.54 0.56 0.57 0.59 0.61 0.64 0.66 0.69 0.72 0.75 0.78 0.82 0.85 0.89 0.93 0.97 1.00 1.04 1.08 1.12 1.16 1.19 1.23 1.27 1.30 1.33 1.36 1.39 1.42 1.45 1.48 1.51 1.54 1.57
0.00 0.00 0.00 0.00 0.00 0.00 0.00 0.00 0.00 0.00 0.00 0.00 0.00 0.00 0.00 0.00 0.00 0.00 0.00 0.00 0.00 0.00 0.05 0.10 0.14 0.19 0.22 0.26 0.29 0.33 0.35 0.38 0.40 0.43 0.44 0.46 0.47 0.48 0.49 0.49 0.50 0.50 0.50 0.50 0.50 0.51 0.52 0.53 0.54 0.55 0.57 0.58 0.60 0.62 0.64 0.67 0.70 0.73 0.76 0.79 0.83 0.86 0.90 0.94 0.98 1.02 1.06 1.10 1.14 1.18 1.21 1.25 1.29 1.33 1.36 1.39 1.42 1.46 1.49 1.52 1.55 1.58 1.60 1.63
0.00 0.00 0.00 0.00 0.00 0.00 0.00 0.00 0.00 0.00 0.00 0.00 0.00 0.00 0.00 0.00 0.00 0.00 0.00 0.00 0.00 0.00 0.01 0.06 0.10 0.14 0.19 0.22 0.26 0.29 0.32 0.35 0.38 0.40 0.43 0.44 0.46 0.48 0.49 0.50 0.50 0.51 0.51 0.51 0.52 0.53 0.54 0.55 0.56 0.57 0.59 0.61 0.63 0.65 0.68 0.70 0.73 0.76 0.80 0.83 0.87 0.91 0.95 0.99 1.03 1.07 1.11 1.15 1.19 1.23 1.27 1.31 1.35 1.38 1.42 1.45 1.49 1.52 1.55 1.58 1.61 1.64 1.67 1.70
0.00 0.00 0.00 0.00 0.00 0.00 0.00 0.00 0.00 0.00 0.00 0.00 0.00 0.00 0.00 0.00 0.00 0.00 0.00 0.00 0.00 0.00 0.00 0.01 0.06 0.10 0.14 0.18 0.22 0.26 0.29 0.32 0.35 0.38 0.40 0.43 0.45 0.47 0.48 0.49 0.51 0.51 0.52 0.53 0.53 0.54 0.55 0.56 0.58 0.59 0.61 0.63 0.65 0.68 0.71 0.74 0.77 0.80 0.84 0.87 0.91 0.95 0.99 1.03 1.08 1.12 1.16 1.20 1.24 1.29 1.33 1.37 1.40 1.44 1.48 1.51 1.55 1.58 1.61 1.64 1.67 1.70 1.73 1.76
0.00 0.00 0.00 0.00 0.00 0.00 0.00 0.00 0.00 0.00 0.00 0.00 0.00 0.00 0.00 0.00 0.00 0.00 0.00 0.00 0.00 0.00 0.00 0.00 0.01 0.06 0.10 0.14 0.18 0.22 0.25 0.29 0.32 0.35 0.38 0.40 0.43 0.45 0.47 0.49 0.50 0.52 0.53 0.54 0.55 0.56 0.57 0.58 0.60 0.61 0.63 0.65 0.68 0.71 0.74 0.77 0.80 0.84 0.87 0.91 0.95 0.99 1.04 1.08 1.12 1.17 1.21 1.25 1.30 1.34 1.38 1.42 1.46 1.50 1.54 1.57 1.61 1.64 1.67 1.70 1.73 1.76 1.79 1.82
0.00 0.00 0.00 0.00 0.00 0.00 0.00 0.00 0.00 0.00 0.00 0.00 0.00 0.00 0.00 0.00 0.00 0.00 0.00 0.00 0.00 0.00 0.00 0.00 0.00 0.01 0.05 0.10 0.14 0.18 0.22 0.25 0.29 0.32 0.35 0.38 0.41 0.43 0.45 0.48 0.50 0.51 0.53 0.54 0.56 0.57 0.58 0.59 0.61 0.63 0.65 0.68 0.70 0.73 0.76 0.80 0.83 0.87 0.91 0.95 0.99 1.04 1.08 1.13 1.17 1.22 1.26 1.30 1.35 1.39 1.44 1.48 1.52 1.56 1.59 1.63 1.66 1.70 1.73 1.76 1.79 1.82 1.85 1.88
0.00 0.00 0.00 0.00 0.00 0.00 0.00 0.00 0.00 0.00 0.00 0.00 0.00 0.00 0.00 0.00 0.00 0.00 0.00 0.00 0.00 0.00 0.00 0.00 0.00 0.00 0.01 0.05 0.09 0.13 0.17 0.21 0.25 0.28 0.32 0.35 0.38 0.41 0.43 0.46 0.48 0.51 0.53 0.55 0.56 0.58 0.59 0.61 0.63 0.65 0.67 0.70 0.73 0.76 0.79 0.83 0.87 0.91 0.95 0.99 1.03 1.08 1.12 1.17 1.22 1.26 1.31 1.35 1.40 1.44 1.49 1.53 1.57 1.61 1.65 1.69 1.72 1.75 1.79 1.82 1.85 1.88 1.91 1.94
0.00 0.00 0.00 0.00 0.00 0.00 0.00 0.00 0.00 0.00 0.00 0.00 0.00 0.00 0.00 0.00 0.00 0.00 0.00 0.00 0.00 0.00 0.00 0.00 0.00 0.00 0.00 0.00 0.05 0.09 0.13 0.17 0.21 0.25 0.28 0.32 0.35 0.38 0.41 0.44 0.47 0.49 0.52 0.54 0.56 0.58 0.60 0.62 0.64 0.66 0.69 0.72 0.75 0.78 0.82 0.86 0.90 0.94 0.98 1.03 1.07 1.12 1.17 1.21 1.26 1.31 1.36 1.40 1.45 1.50 1.54 1.58 1.63 1.67 1.71 1.74 1.78 1.81 1.84 1.88 1.91 1.94 1.97 2.00
0.00 0.00 0.00 0.00 0.00 0.00 0.00 0.00 0.00 0.00 0.00 0.00 0.00 0.00 0.00 0.00 0.00 0.00 0.00 0.00 0.00 0.00 0.00 0.00 0.00 0.00 0.00 0.00 0.00 0.04 0.08 0.12 0.16 0.20 0.24 0.28 0.32 0.35 0.38 0.42 0.45 0.48 0.51 0.53 0.56 0.58 0.61 0.63 0.65 0.68 0.71 0.74 0.77 0.81 0.85 0.89 0.93 0.97 1.02 1.06 1.11 1.16 1.21 1.26 1.31 1.35 1.40 1.45 1.50 1.55 1.59 1.64 1.68 1.72 1.76 1.80 1.83 1.87 1.90 1.93 1.97 2.00 2.03 2.06
0.00 0.00 0.00 0.00 0.00 0.00 0.00 0.00 0.00 0.00 0.00 0.00 0.00 0.00 0.00 0.00 0.00 0.00 0.00 0.00 0.00 0.00 0.00 0.00 0.00 0.00 0.00 0.00 0.00 0.00 0.03 0.08 0.12 0.16 0.20 0.24 0.28 0.32 0.35 0.39 0.42 0.46 0.49 0.52 0.55 0.58 0.61 0.64 0.66 0.69 0.72 0.76 0.79 0.83 0.87 0.92 0.96 1.01 1.05 1.10 1.15 1.20 1.25 1.30 1.35 1.40 1.45 1.50 1.55 1.59 1.64 1.69 1.73 1.77 1.81 1.85 1.89 1.92 1.95 1.99 2.02 2.05 2.09 2.12
0.00 0.00 0.00 0.00 0.00 0.00 0.00 0.00 0.00 0.00 0.00 0.00 0.00 0.00 0.00 0.00 0.00 0.00 0.00 0.00 0.00 0.00 0.00 0.00 0.00 0.00 0.00 0.00 0.00 0.00 0.00 0.03 0.07 0.11 0.15 0.20 0.24 0.28 0.32 0.36 0.39 0.43 0.47 0.50 0.54 0.57 0.60 0.64 0.67 0.71 0.74 0.78 0.81 0.86 0.90 0.94 0.99 1.04 1.08 1.13 1.18 1.24 1.29 1.34 1.39 1.44 1.49 1.54 1.59 1.64 1.69 1.74 1.78 1.82 1.86 1.90 1.94 1.97 2.01 2.04 2.08 2.11 2.14 2.17
0.00 0.00 0.00 0.00 0.00 0.00 0.00 0.00 0.00 0.00 0.00 0.00 0.00 0.00 0.00 0.00 0.00 0.00 0.00 0.00 0.00 0.00 0.00 0.00 0.00 0.00 0.00 0.00 0.00 0.00 0.00 0.00 0.02 0.06 0.11 0.15 0.19 0.24 0.28 0.32 0.36 0.40 0.44 0.48 0.52 0.56 0.60 0.64 0.68 0.72 0.75 0.79 0.83 0.88 0.92 0.97 1.02 1.07 1.12 1.17 1.22 1.27 1.33 1.38 1.43 1.48 1.54 1.59 1.64 1.69 1.74 1.78 1.83 1.87 1.91 1.95 1.99 2.02 2.06 2.09 2.13 2.16 2.19 2.22
0.00 0.00 0.00 0.00 0.00 0.00 0.00 0.00 0.00 0.00 0.00 0.00 0.00 0.00 0.00 0.00 0.00 0.00 0.00 0.00 0.00 0.00 0.00 0.00 0.00 0.00 0.00 0.00 0.00 0.00 0.00 0.00 0.00 0.01 0.06 0.10 0.15 0.19 0.23 0.28 0.32 0.37 0.41 0.45 0.50 0.54 0.59 0.63 0.68 0.72 0.76 0.81 0.85 0.90 0.94 0.99 1.04 1.09 1.15 1.20 1.25 1.31 1.36 1.42 1.47 1.52 1.58 1.63 1.68 1.73 1.78 1.83 1.88 1.92 1.96 2.00 2.04 2.07 2.11 2.14 2.18 2.21 2.24 2.28
0.00 0.00 0.00 0.00 0.00 0.00 0.00 0.00 0.00 0.00 0.00 0.00 0.00 0.00 0.00 0.00 0.00 0.00 0.00 0.00 0.00 0.00 0.00 0.00 0.00 0.00 0.00 0.00 0.00 0.00 0.00 0.00 0.00 0.00 0.00 0.05 0.10 0.14 0.19 0.24 0.28 0.33 0.37 0.42 0.47 0.52 0.57 0.62 0.67 0.72 0.77 0.82 0.87 0.92 0.96 1.02 1.07 1.12 1.17 1.23 1.28 1.34 1.40 1.45 1.51 1.56 1.62 1.67 1.72 1.78 1.83 1.87 1.92 1.97 2.01 2.05 2.09 2.12 2.16 2.19 2.23 2.26 2.29 2.32
0.00 0.00 0.00 0.00 0.00 0.00 0.00 0.00 0.00 0.00 0.00 0.00 0.00 0.00 0.00 0.00 0.00 0.00 0.00 0.00 0.00 0.00 0.00 0.00 0.00 0.00 0.00 0.00 0.00 0.00 0.00 0.00 0.00 0.00 0.00 0.00 0.04 0.09 0.14 0.19 0.24 0.29 0.34 0.39 0.44 0.50 0.55 0.61 0.66 0.72 0.77 0.83 0.88 0.93 0.98 1.04 1.09 1.15 1.20 1.26 1.32 1.37 1.43 1.49 1.54 1.60 1.66 1.71 1.77 1.82 1.87 1.92 1.97 2.01 2.05 2.09 2.13 2.17 2.20 2.24 2.27 2.31 2.34 2.37
0.00 0.00 0.00 0.00 0.00 0.00 0.00 0.00 0.00 0.00 0.00 0.00 0.00 0.00 0.00 0.00 0.00 0.00 0.00 0.00 0.00 0.00 0.00 0.00 0.00 0.00 0.00 0.00 0.00 0.00 0.00 0.00 0.00 0.00 0.00 0.00 0.00 0.04 0.09 0.14 0.19 0.24 0.30 0.35 0.41 0.47 0.53 0.59 0.65 0.71 0.77 0.83 0.89 0.95 1.00 1.06 1.11 1.17 1.23 1.29 1.34 1.40 1.46 1.52 1.58 1.64 1.69 1.75 1.80 1.86 1.91 1.96 2.01 2.05 2.10 2.14 2.17 2.21 2.25 2.28 2.32 2.35 2.39 2.42
0.00 0.00 0.00 0.00 0.00 0.00 0.00 0.00 0.00 0.00 0.00 0.00 0.00 0.00 0.00 0.00 0.00 0.00 0.00 0.00 0.00 0.00 0.00 0.00 0.00 0.00 0.00 0.00 0.00 0.00 0.00 0.00 0.00 0.00 0.00 0.00 0.00 0.00 0.03 0.09 0.14 0.20 0.26 0.32 0.38 0.44 0.51 0.57 0.64 0.70 0.77 0.83 0.89 0.96 1.02 1.08 1.13 1.19 1.25 1.31 1.37 1.43 1.49 1.55 1.61 1.67 1.73 1.79 1.84 1.90 1.95 2.00 2.05 2.09 2.14 2.18 2.22 2.25 2.29 2.33 2.36 2.39 2.43 2.46
0.00 0.00 0.00 0.00 0.00 0.00 0.00 0.00 0.00 0.00 0.00 0.00 0.00 0.00 0.00 0.00 0.00 0.00 0.00 0.00 0.00 0.00 0.00 0.00 0.00 0.00 0.00 0.00 0.00 0.00 0.00 0.00 0.00 0.00 0.00 0.00 0.00 0.00 0.00 0.03 0.09 0.15 0.21 0.28 0.34 0.41 0.48 0.55 0.62 0.69 0.76 0.83 0.89 0.96 1.03 1.09 1.15 1.21 1.27 1.33 1.40 1.46 1.52 1.58 1.64 1.70 1.76 1.82 1.88 1.93 1.98 2.04 2.08 2.13 2.18 2.22 2.26 2.29 2.33 2.37 2.40 2.44 2.47 2.50
0.00 0.00 0.00 0.00 0.00 0.00 0.00 0.00 0.00 0.00 0.00 0.00 0.00 0.00 0.00 0.00 0.00 0.00 0.00 0.00 0.00 0.00 0.00 0.00 0.00 0.00 0.00 0.00 0.00 0.00 0.00 0.00 0.00 0.00 0.00 0.00 0.00 0.00 0.00 0.00 0.04 0.10 0.17 0.24 0.31 0.38 0.45 0.52 0.60 0.67 0.74 0.82 0.89 0.96 1.03 1.10 1.17 1.23 1.29 1.36 1.42 1.48 1.55 1.61 1.67 1.73 1.79 1.85 1.91 1.96 2.02 2.07 2.12 2.17 2.21 2.25 2.29 2.33 2.37 2.40 2.44 2.47 2.51 2.54
0.00 0.00 0.00 0.00 0.00 0.00 0.00 0.00 0.00 0.00 0.00 0.00 0.00 0.00 0.00 0.00 0.00 0.00 0.00 0.00 0.00 0.00 0.00 0.00 0.00 0.00 0.00 0.00 0.00 0.00 0.00 0.00 0.00 0.00 0.00 0.00 0.00 0.00 0.00 0.00 0.00 0.05 0.12 0.19 0.27 0.34 0.42 0.50 0.57 0.65 0.73 0.80 0.88 0.96 1.03 1.10 1.18 1.24 1.31 1.38 1.44 1.51 1.57 1.63 1.70 1.76 1.82 1.88 1.94 2.00 2.05 2.10 2.15 2.20 2.25 2.29 2.33 2.37 2.40 2.44 2.48 2.51 2.54 2.58
0.00 0.00 0.00 0.00 0.00 0.00 0.00 0.00 0.00 0.00 0.00 0.00 0.00 0.00 0.00 0.00 0.00 0.00 0.00 0.00 0.00 0.00 0.00 0.00 0.00 0.00 0.00 0.00 0.00 0.00 0.00 0.00 0.00 0.00 0.00 0.00 0.00 0.00 0.00 0.00 0.00 0.00 0.07 0.15 0.23 0.31 0.38 0.47 0.55 0.63 0.71 0.79 0.87 0.95 1.03 1.10 1.18 1.25 1.32 1.39 1.46 1.53 1.59 1.66 1.72 1.79 1.85 1.91 1.97 2.03 2.08 2.13 2.18 2.23 2.28 2.32 2.36 2.40 2.44 2.47 2.51 2.54 2.58 2.61
0.00 0.00 0.00 0.00 0.00 0.00 0.00 0.00 0.00 0.00 0.00 0.00 0.00 0.00 0.00 0.00 0.00 0.00 0.00 0.00 0.00 0.00 0.00 0.00 0.00 0.00 0.00 0.00 0.00 0.00 0.00 0.00 0.00 0.00 0.00 0.00 0.00 0.00 0.00 0.00 0.00 0.00 0.03 0.10 0.18 0.27 0.35 0.43 0.52 0.60 0.69 0.77 0.86 0.94 1.02 1.10 1.18 1.26 1.33 1.41 1.48 1.54 1.61 1.68 1.74 1.81 1.87 1.93 1.99 2.05 2.11 2.16 2.21 2.26 2.31 2.35 2.39 2.43 2.47 2.50 2.54 2.57 2.61 2.64
0.00 0.00 0.00 0.00 0.00 0.00 0.00 0.00 0.00 0.00 0.00 0.00 0.00 0.00 0.00 0.00 0.00 0.00 0.00 0.00 0.00 0.00 0.00 0.00 0.00 0.00 0.00 0.00 0.00 0.00 0.00 0.00 0.00 0.00 0.00 0.00 0.00 0.00 0.00 0.00 0.00 0.00 0.00 0.06 0.14 0.23 0.31 0.40 0.49 0.57 0.66 0.75 0.84 0.92 1.01 1.09 1.18 1.26 1.34 1.42 1.49 1.56 1.63 1.70 1.76 1.83 1.89 1.96 2.02 2.08 2.13 2.19 2.24 2.29 2.34 2.38 2.42 2.46 2.50 2.53 2.57 2.60 2.64 2.67
0.00 0.00 0.00 0.00 0.00 0.00 0.00 0.00 0.00 0.00 0.00 0.00 0.00 0.00 0.00 0.00 0.00 0.00 0.00 0.00 0.00 0.00 0.00 0.00 0.00 0.00 0.00 0.00 0.00 0.00 0.00 0.00 0.00 0.00 0.00 0.00 0.00 0.00 0.00 0.00 0.00 0.00 0.00 0.01 0.10 0.18 0.27 0.36 0.45 0.54 0.64 0.73 0.82 0.91 1.00 1.08 1.17 1.26 1.34 1.42 1.50 1.57 1.64 1.71 1.78 1.85 1.91 1.98 2.04 2.10 2.16 2.21 2.26 2.31 2.36 2.40 2.44 2.48 2.52 2.56 2.59 2.63 2.66 2.70
0.00 0.00 0.00 0.00 0.00 0.00 0.00 0.00 0.00 0.00 0.00 0.00 0.00 0.00 0.00 0.00 0.00 0.00 0.00 0.00 0.00 0.00 0.00 0.00 0.00 0.00 0.00 0.00 0.00 0.00 0.00 0.00 0.00 0.00 0.00 0.00 0.00 0.00 0.00 0.00 0.00 0.00 0.00 0.00 0.05 0.14 0.23 0.32 0.42 0.51 0.61 0.70 0.79 0.89 0.98 1.07 1.16 1.25 1.33 1.42 1.50 1.58 1.65 1.73 1.80 1.86 1.93 1.99 2.06 2.12 2.18 2.23 2.28 2.33 2.38 2.43 2.47 2.50 2.54 2.58 2.62 2.65 2.69 2.72
0.00 0.00 0.00 0.00 0.00 0.00 0.00 0.00 0.00 0.00 0.00 0.00 0.00 0.00 0.00 0.00 0.00 0.00 0.00 0.00 0.00 0.00 0.00 0.00 0.00 0.00 0.00 0.00 0.00 0.00 0.00 0.00 0.00 0.00 0.00 0.00 0.00 0.00 0.00 0.00 0.00 0.00 0.00 0.00 0.01 0.10 0.19 0.29 0.38 0.48 0.57 0.67 0.77 0.86 0.96 1.05 1.15 1.24 1.33 1.41 1.50 1.58 1.66 1.74 1.81 1.88 1.94 2.01 2.07 2.13 2.19 2.25 2.30 2.35 2.40 2.44 2.49 2.52 2.56 2.60 2.64 2.67 2.70 2.74
0.00 0.00 0.00 0.00 0.00 0.00 0.00 0.00 0.00 0.00 0.00 0.00 0.00 0.00 0.00 0.00 0.00 0.00 0.00 0.00 0.00 0.00 0.00 0.00 0.00 0.00 0.00 0.00 0.00 0.00 0.00 0.00 0.00 0.00 0.00 0.00 0.00 0.00 0.00 0.00 0.00 0.00 0.00 0.00 0.00 0.05 0.15 0.25 0.34 0.44 0.54 0.64 0.74 0.84 0.94 1.03 1.13 1.22 1.31 1.40 1.49 1.58 1.66 1.74 1.81 1.89 1.95 2.02 2.09 2.15 2.21 2.26 2.32 2.37 2.42 2.46 2.50 2.54 2.58 2.62 2.65 2.69 2.72 2.75
0.00 0.00 0.00 0.00 0.00 0.00 0.00 0.00 0.00 0.00 0.00 0.00 0.00 0.00 0.00 0.00 0.00 0.00 0.00 0.00 0.00 0.00 0.00 0.00 0.00 0.00 0.00 0.00 0.00 0.00 0.00 0.00 0.00 0.00 0.00 0.00 0.00 0.00 0.00 0.00 0.00 0.00 0.00 0.00 0.00 0.01 0.11 0.20 0.30 0.40 0.51 0.61 0.71 0.81 0.91 1.01 1.11 1.20 1.30 1.39 1.48 1.57 1.66 1.74 1.82 1.89 1.96 2.03 2.10 2.16 2.22 2.28 2.33 2.38 2.43 2.47 2.51 2.55 2.59 2.63 2.67 2.70 2.74 2.77
0.00 0.00 0.00 0.00 0.00 0.00 0.00 0.00 0.00 0.00 0.00 0.00 0.00 0.00 0.00 0.00 0.00 0.00 0.00 0.00 0.00 0.00 0.00 0.00 0.00 0.00 0.00 0.00 0.00 0.00 0.00 0.00 0.00 0.00 0.00 0.00 0.00 0.00 0.00 0.00 0.00 0.00 0.00 0.00 0.00 0.00 0.06 0.16 0.26 0.37 0.47 0.57 0.68 0.78 0.88 0.98 1.08 1.18 1.28 1.38 1.47 1.56 1.65 1.73 1.81 1.89 1.97 2.04 2.10 2.17 2.23 2.28 2.34 2.39 2.44 2.48 2.53 2.56 2.60 2.64 2.68 2.71 2.75 2.78
0.00 0.00 0.00 0.00 0.00 0.00 0.00 0.00 0.00 0.00 0.00 0.00 0.00 0.00 0.00 0.00 0.00 0.00 0.00 0.00 0.00 0.00 0.00 0.00 0.00 0.00 0.00 0.00 0.00 0.00 0.00 0.00 0.00 0.00 0.00 0.00 0.00 0.00 0.00 0.00 0.00 0.00 0.00 0.00 0.00 0.00 0.02 0.12 0.22 0.33 0.43 0.54 0.64 0.75 0.85 0.95 1.06 1.16 1.26 1.36 1.45 1.55 1.64 1.72 1.81 1.89 1.96 2.04 2.11 2.17 2.23 2.29 2.35 2.40 2.45 2.49 2.53 2.57 2.61 2.65 2.68 2.72 2.75 2.78
0.00 0.00 0.00 0.00 0.00 0.00 0.00 0.00 0.00 0.00 0.00 0.00 0.00 0.00 0.00 0.00 0.00 0.00 0.00 0.00 0.00 0.00 0.00 0.00 0.00 0.00 0.00 0.00 0.00 0.00 0.00 0.00 0.00 0.00 0.00 0.00 0.00 0.00 0.00 0.00 0.00 0.00 0.00 0.00 0.00 0.00 0.00 0.08 0.18 0.29 0.39 0.50 0.61 0.71 0.82 0.92 1.03 1.13 1.23 1.33 1.43 1.53 1.62 1.71 1.80 1.88 1.96 2.03 2.10 2.17 2.23 2.29 2.35 2.40 2.45 2.49 2.54 2.58 2.61 2.65 2.69 2.72 2.76 2.78
0.00 0.00 0.00 0.00 0.00 0.00 0.00 0.00 0.00 0.00 0.00 0.00 0.00 0.00 0.00 0.00 0.00 0.00 0.00 0.00 0.00 0.00 0.00 0.00 0.00 0.00 0.00 0.00 0.00 0.00 0.00 0.00 0.00 0.00 0.00 0.00 0.00 0.00 0.00 0.00 0.00 0.00 0.00 0.00 0.00 0.00 0.00 0.03 0.14 0.24 0.35 0.46 0.57 0.68 0.78 0.89 1.00 1.10 1.21 1.31 1.41 1.50 1.60 1.69 1.78 1.87 1.95 2.03 2.10 2.17 2.23 2.29 2.35 2.40 2.45 2.49 2.54 2.58 2.61 2.65 2.69 2.72 2.75 2.77
0.00 0.00 0.00 0.00 0.00 0.00 0.00 0.00 0.00 0.00 0.00 0.00 0.00 0.00 0.00 0.00 0.00 0.00 0.00 0.00 0.00 0.00 0.00 0.00 0.00 0.00 0.00 0.00 0.00 0.00 0.00 0.00 0.00 0.00 0.00 0.00 0.00 0.00 0.00 0.00 0.00 0.00 0.00 0.00 0.00 0.00 0.00 0.00 0.10 0.20 0.31 0.42 0.53 0.64 0.75 0.86 0.96 1.07 1.17 1.28 1.38 1.48 1.58 1.67 1.76 1.85 1.93 2.01 2.09 2.16 2.23 2.29 2.34 2.40 2.45 2.49 2.53 2.57 2.61 2.65 2.68 2.71 2.74 2.75
0.00 0.00 0.00 0.00 0.00 0.00 0.00 0.00 0.00 0.00 0.00 0.00 0.00 0.00 0.00 0.00 0.00 0.00 0.00 0.00 0.00 0.00 0.00 0.00 0.00 0.00 0.00 0.00 0.00 0.00 0.00 0.00 0.00 0.00 0.00 0.00 0.00 0.00 0.00 0.00 0.00 0.00 0.00 0.00 0.00 0.00 0.00 0.00 0.05 0.16 0.27 0.38 0.49 0.60 0.71 0.82 0.93 1.04 1.14 1.25 1.35 1.45 1.55 1.64 1.74 1.83 1.91 1.99 2.07 2.14 2.21 2.28 2.34 2.39 2.44 2.48 2.53 2.57 2.60 2.64 2.67 2.70 2.71 2.72
0.00 0.00 0.00 0.00 0.00 0.00 0.00 0.00 0.00 0.00 0.00 0.00 0.00 0.00 0.00 0.00 0.00 0.00 0.00 0.00 0.00 0.00 0.00 0.00 0.00 0.00 0.00 0.00 0.00 0.00 0.00 0.00 0.00 0.00 0.00 0.00 0.00 0.00 0.00 0.00 0.00 0.00 0.00 0.00 0.00 0.00 0.00 0.00 0.01 0.12 0.23 0.34 0.45 0.56 0.67 0.78 0.89 1.00 1.11 1.21 1.32 1.42 1.52 1.62 1.71 1.80 1.89 1.97 2.05 2.13 2.20 2.26 2.32 2.38 2.43 2.47 2.51 2.55 2.59 2.63 2.65 2.67 2.68 2.68
0.00 0.00 0.00 0.00 0.00 0.00 0.00 0.00 0.00 0.00 0.00 0.00 0.00 0.00 0.00 0.00 0.00 0.00 0.00 0.00 0.00 0.00 0.00 0.00 0.00 0.00 0.00 0.00 0.00 0.00 0.00 0.00 0.00 0.00 0.00 0.00 0.00 0.00 0.00 0.00 0.00 0.00 0.00 0.00 0.00 0.00 0.00 0.00 0.00 0.08 0.19 0.30 0.41 0.52 0.63 0.74 0.85 0.96 1.07 1.18 1.28 1.38 1.49 1.58 1.68 1.77 1.86 1.94 2.03 2.10 2.17 2.24 2.30 2.36 2.41 2.46 2.50 2.54 2.57 2.60 2.62 2.63 2.63 2.63
0.00 0.00 0.00 0.00 0.00 0.00 0.00 0.00 0.00 0.00 0.00 0.00 0.00 0.00 0.00 0.00 0.00 0.00 0.00 0.00 0.00 0.00 0.00 0.00 0.00 0.00 0.00 0.00 0.00 0.00 0.00 0.00 0.00 0.00 0.00 0.00 0.00 0.00 0.00 0.00 0.00 0.00 0.00 0.00 0.00 0.00 0.00 0.00 0.00 0.04 0.14 0.26 0.37 0.48 0.59 0.70 0.81 0.92 1.03 1.14 1.24 1.35 1.45 1.55 1.64 1.74 1.83 1.91 2.00 2.07 2.15 2.22 2.28 2.34 2.39 2.44 2.48 2.52 2.54 2.56 2.58 2.58 2.58 2.57
0.00 0.00 0.00 0.00 0.00 0.00 0.00 0.00 0.00 0.00 0.00 0.00 0.00 0.00 0.00 0.00 0.00 0.00 0.00 0.00 0.00 0.00 0.00 0.00 0.00 0.00 0.00 0.00 0.00 0.00 0.00 0.00 0.00 0.00 0.00 0.00 0.00 0.00 0.00 0.00 0.00 0.00 0.00 0.00 0.00 0.00 0.00 0.00 0.00 0.00 0.10 0.21 0.32 0.44 0.55 0.66 0.77 0.88 0.99 1.10 1.20 1.31 1.41 1.51 1.61 1.70 1.79 1.88 1.96 2.04 2.12 2.19 2.25 2.31 2.37 2.42 2.46 2.49 2.51 2.52 2.53 2.53 2.52 2.50
