data_output/recharge/precip/Precip_1995_04.asc
ncols        168
nrows        136
xllcorner    455000
yllcorner    2107000
cellsize     500
NODATA_value     -99999
[rows 70 to 104 of 136, columns 0 to 79 of 168]
8.70 8.60 8.52 8.45 8.40 8.36 8.34 8.35 8.37 8.41 8.47 8.56 8.67 8.80 8.96 9.14 9.31 9.46 9.61 9.74 9.86 9.97 10.07 10.16 10.25 10.32 10.39 10.46 10.52 10.58 10.63 10.69 10.76 10.82 10.89 10.97 11.04 11.12 11.20 11.29 11.38 11.47 11.56 11.65 11.75 11.84 11.93 12.02 12.11 12.19 12.26 12.34 12.41 12.48 12.54 12.60 12.66 12.72 12.77 12.82 12.87 12.92 12.96 13.01 13.05 13.09 13.13 13.16 13.20 13.23 13.27 13.30 13.33 13.37 13.40 13.43 13.46 13.49 13.53 13.56
9.13 9.00 8.89 8.79 8.71 8.64 8.59 8.55 8.54 8.55 8.57 8.62 8.69 8.79 8.91 9.06 9.22 9.38 9.52 9.66 9.78 9.89 9.99 10.08 10.16 10.24 10.31 10.38 10.44 10.50 10.55 10.61 10.67 10.74 10.81 10.88 10.96 11.04 11.12 11.20 11.29 11.38 11.47 11.56 11.66 11.75 11.84 11.92 12.00 12.08 12.15 12.22 12.28 12.35 12.41 12.47 12.52 12.57 12.63 12.67 12.72 12.76 12.81 12.85 12.89 12.93 12.96 13.00 13.03 13.07 13.10 13.13 13.17 13.20 13.23 13.26 13.29 13.33 13.36 13.39
9.57 9.42 9.28 9.15 9.03 8.93 8.85 8.79 8.74 8.71 8.70 8.72 8.75 8.81 8.89 9.00 9.13 9.28 9.43 9.56 9.68 9.80 9.90 9.99 10.08 10.15 10.22 10.29 10.35 10.41 10.46 10.52 10.58 10.65 10.72 10.79 10.86 10.94 11.03 11.11 11.20 11.29 11.38 11.47 11.56 11.64 11.73 11.80 11.88 11.95 12.02 12.08 12.15 12.21 12.26 12.32 12.37 12.42 12.47 12.51 12.56 12.60 12.64 12.68 12.71 12.75 12.79 12.82 12.85 12.89 12.92 12.95 12.98 13.01 13.05 13.08 13.11 13.14 13.18 13.21
10.03 9.85 9.68 9.52 9.38 9.25 9.14 9.04 8.96 8.90 8.86 8.84 8.84 8.86 8.90 8.97 9.07 9.19 9.33 9.46 9.59 9.70 9.80 9.89 9.98 10.06 10.13 10.19 10.25 10.31 10.36 10.42 10.48 10.55 10.62 10.69 10.76 10.84 10.92 11.01 11.09 11.18 11.27 11.36 11.44 11.53 11.60 11.68 11.75 11.81 11.88 11.94 11.99 12.05 12.10 12.15 12.20 12.25 12.29 12.34 12.38 12.42 12.45 12.49 12.53 12.56 12.59 12.63 12.66 12.69 12.72 12.76 12.79 12.82 12.85 12.88 12.91 12.95 12.98 13.02
10.50 10.29 10.10 9.91 9.74 9.58 9.44 9.31 9.20 9.11 9.04 8.98 8.95 8.93 8.94 8.98 9.03 9.12 9.23 9.35 9.48 9.59 9.69 9.79 9.87 9.95 10.02 10.09 10.15 10.20 10.26 10.31 10.37 10.44 10.51 10.58 10.66 10.73 10.81 10.90 10.98 11.07 11.16 11.24 11.32 11.39 11.46 11.53 11.60 11.66 11.72 11.78 11.83 11.88 11.93 11.98 12.02 12.07 12.11 12.15 12.18 12.22 12.26 12.29 12.32 12.36 12.39 12.42 12.45 12.48 12.51 12.54 12.58 12.61 12.64 12.67 12.70 12.74 12.77 12.81
10.98 10.75 10.53 10.32 10.12 9.93 9.76 9.61 9.47 9.34 9.24 9.15 9.08 9.04 9.01 9.01 9.03 9.08 9.15 9.25 9.36 9.48 9.58 9.67 9.76 9.84 9.91 9.97 10.03 10.09 10.14 10.20 10.26 10.32 10.39 10.46 10.54 10.62 10.70 10.78 10.87 10.95 11.03 11.11 11.18 11.25 11.31 11.38 11.44 11.49 11.55 11.60 11.65 11.70 11.74 11.79 11.83 11.87 11.91 11.94 11.98 12.01 12.04 12.08 12.11 12.14 12.17 12.20 12.23 12.26 12.29 12.32 12.35 12.38 12.41 12.44 12.48 12.51 12.54 12.58
11.47 11.21 10.97 10.73 10.51 10.30 10.10 9.92 9.75 9.59 9.46 9.34 9.24 9.16 9.10 9.07 9.05 9.06 9.10 9.16 9.25 9.35 9.46 9.55 9.64 9.72 9.79 9.85 9.91 9.97 10.02 10.08 10.14 10.20 10.27 10.34 10.41 10.49 10.57 10.65 10.74 10.81 10.89 10.96 11.02 11.09 11.15 11.21 11.26 11.31 11.36 11.41 11.46 11.50 11.54 11.58 11.62 11.65 11.69 11.72 11.76 11.79 11.82 11.85 11.88 11.91 11.93 11.96 11.99 12.02 12.05 12.08 12.11 12.14 12.17 12.20 12.23 12.27 12.30 12.34
11.96 11.69 11.42 11.16 10.91 10.67 10.45 10.24 10.04 9.86 9.70 9.55 9.42 9.31 9.22 9.15 9.10 9.08 9.08 9.10 9.15 9.23 9.33 9.42 9.51 9.59 9.66 9.72 9.78 9.84 9.89 9.95 10.01 10.07 10.14 10.21 10.28 10.36 10.44 10.52 10.59 10.66 10.73 10.79 10.85 10.91 10.97 11.02 11.07 11.12 11.16 11.21 11.25 11.29 11.32 11.36 11.39 11.43 11.46 11.49 11.52 11.55 11.57 11.60 11.63 11.66 11.68 11.71 11.74 11.76 11.79 11.82 11.85 11.88 11.91 11.94 11.98 12.01 12.05 12.08
12.46 12.16 11.87 11.59 11.32 11.06 10.81 10.58 10.35 10.14 9.95 9.78 9.62 9.48 9.36 9.26 9.18 9.12 9.08 9.07 9.09 9.13 9.20 9.28 9.37 9.45 9.52 9.59 9.65 9.70 9.75 9.81 9.87 9.93 10.00 10.07 10.14 10.22 10.29 10.36 10.43 10.49 10.56 10.61 10.67 10.72 10.77 10.82 10.86 10.91 10.95 10.98 11.02 11.06 11.09 11.12 11.15 11.18 11.21 11.24 11.26 11.29 11.32 11.34 11.37 11.39 11.42 11.44 11.47 11.49 11.52 11.55 11.58 11.61 11.64 11.67 11.70 11.74 11.77 11.81
12.96 12.64 12.33 12.03 11.74 11.46 11.18 10.92 10.68 10.44 10.22 10.02 9.83 9.66 9.51 9.38 9.27 9.18 9.11 9.07 9.05 9.06 9.09 9.15 9.23 9.30 9.38 9.44 9.50 9.55 9.61 9.66 9.72 9.78 9.85 9.92 9.99 10.06 10.13 10.19 10.25 10.31 10.37 10.42 10.47 10.52 10.56 10.60 10.64 10.68 10.71 10.75 10.78 10.81 10.84 10.87 10.90 10.92 10.95 10.97 11.00 11.02 11.04 11.07 11.09 11.11 11.13 11.16 11.18 11.21 11.23 11.26 11.29 11.32 11.35 11.38 11.41 11.44 11.48 11.52
13.46 13.13 12.80 12.48 12.16 11.86 11.56 11.28 11.01 10.75 10.50 10.27 10.06 9.86 9.68 9.52 9.38 9.26 9.16 9.09 9.04 9.01 9.00 9.03 9.08 9.15 9.22 9.29 9.35 9.40 9.45 9.50 9.56 9.62 9.69 9.76 9.83 9.89 9.95 10.01 10.06 10.12 10.16 10.21 10.25 10.29 10.33 10.37 10.40 10.44 10.47 10.50 10.52 10.55 10.58 10.60 10.62 10.65 10.67 10.69 10.71 10.73 10.75 10.77 10.79 10.81 10.84 10.86 10.88 10.90 10.93 10.95 10.98 11.01 11.04 11.07 11.10 11.14 11.17 11.21
13.96 13.61 13.26 12.92 12.59 12.26 11.95 11.64 11.35 11.07 10.80 10.54 10.30 10.08 9.87 9.68 9.52 9.37 9.24 9.13 9.04 8.98 8.95 8.94 8.95 8.99 9.06 9.12 9.18 9.24 9.29 9.34 9.40 9.46 9.52 9.59 9.65 9.70 9.76 9.81 9.86 9.90 9.94 9.98 10.02 10.06 10.09 10.12 10.15 10.18 10.20 10.23 10.25 10.27 10.30 10.32 10.34 10.35 10.37 10.39 10.41 10.43 10.44 10.46 10.48 10.50 10.52 10.54 10.56 10.58 10.61 10.63 10.66 10.68 10.71 10.74 10.78 10.81 10.85 10.89
14.46 14.09 13.73 13.37 13.02 12.67 12.34 12.01 11.70 11.39 11.10 10.82 10.56 10.31 10.08 9.86 9.66 9.48 9.33 9.19 9.07 8.98 8.91 8.87 8.85 8.86 8.89 8.95 9.01 9.06 9.11 9.17 9.22 9.28 9.34 9.40 9.45 9.50 9.55 9.59 9.63 9.67 9.71 9.74 9.77 9.80 9.83 9.86 9.88 9.90 9.92 9.94 9.96 9.98 10.00 10.01 10.03 10.05 10.06 10.08 10.09 10.11 10.12 10.14 10.15 10.17 10.19 10.20 10.22 10.25 10.27 10.29 10.32 10.34 10.37 10.40 10.44 10.47 10.51 10.55
14.95 14.57 14.19 13.81 13.45 13.08 12.73 12.38 12.05 11.72 11.41 11.11 10.82 10.55 10.29 10.05 9.82 9.62 9.43 9.27 9.12 9.00 8.90 8.82 8.77 8.75 8.75 8.78 8.83 8.88 8.93 8.98 9.04 9.10 9.15 9.20 9.24 9.28 9.32 9.36 9.39 9.43 9.45 9.48 9.51 9.53 9.55 9.57 9.59 9.61 9.63 9.64 9.66 9.67 9.68 9.69 9.71 9.72 9.73 9.74 9.75 9.77 9.78 9.79 9.81 9.82 9.84 9.85 9.87 9.89 9.91 9.93 9.96 9.98 10.01 10.04 10.07 10.11 10.15 10.19
15.44 15.04 14.65 14.26 13.87 13.49 13.12 12.76 12.40 12.06 11.72 11.40 11.09 10.80 10.51 10.25 10.00 9.77 9.55 9.36 9.19 9.03 8.90 8.80 8.72 8.66 8.63 8.62 8.65 8.69 8.74 8.79 8.84 8.89 8.93 8.97 9.01 9.05 9.08 9.11 9.14 9.16 9.19 9.21 9.23 9.24 9.26 9.27 9.29 9.30 9.31 9.32 9.33 9.34 9.35 9.36 9.37 9.37 9.38 9.39 9.40 9.41 9.42 9.43 9.44 9.45 9.47 9.48 9.50 9.52 9.54 9.56 9.58 9.61 9.63 9.66 9.70 9.73 9.77 9.81
15.91 15.50 15.10 14.69 14.29 13.90 13.51 13.13 12.76 12.39 12.04 11.70 11.37 11.05 10.75 10.46 10.18 9.93 9.69 9.47 9.27 9.09 8.93 8.79 8.68 8.59 8.53 8.49 8.48 8.50 8.54 8.59 8.63 8.67 8.70 8.73 8.77 8.79 8.82 8.84 8.86 8.88 8.90 8.91 8.93 8.94 8.95 8.96 8.97 8.97 8.98 8.98 8.99 8.99 9.00 9.00 9.01 9.01 9.02 9.02 9.03 9.03 9.04 9.05 9.06 9.07 9.08 9.09 9.11 9.12 9.14 9.16 9.19 9.21 9.24 9.27 9.30 9.33 9.37 9.41
16.39 15.97 15.55 15.13 14.72 14.31 13.90 13.51 13.12 12.74 12.37 12.00 11.65 11.31 10.99 10.68 10.38 10.10 9.84 9.59 9.36 9.16 8.97 8.81 8.66 8.55 8.45 8.38 8.34 8.32 8.32 8.35 8.38 8.41 8.44 8.47 8.49 8.51 8.53 8.54 8.56 8.57 8.58 8.59 8.60 8.60 8.61 8.61 8.62 8.62 8.62 8.62 8.62 8.62 8.62 8.62 8.62 8.63 8.63 8.63 8.63 8.63 8.64 8.64 8.65 8.66 8.67 8.68 8.69 8.71 8.73 8.75 8.77 8.79 8.82 8.85 8.88 8.92 8.95 9.00
16.87 16.43 16.00 15.57 15.15 14.73 14.31 13.89 13.49 13.09 12.70 12.32 11.95 11.59 11.25 10.91 10.59 10.29 10.00 9.73 9.48 9.25 9.03 8.84 8.67 8.52 8.40 8.30 8.22 8.15 8.10 8.08 8.10 8.12 8.14 8.16 8.17 8.19 8.20 8.21 8.22 8.22 8.23 8.23 8.23 8.23 8.23 8.23 8.23 8.23 8.23 8.22 8.22 8.22 8.21 8.21 8.21 8.21 8.20 8.20 8.20 8.20 8.21 8.21 8.22 8.22 8.23 8.24 8.25 8.27 8.28 8.30 8.32 8.35 8.37 8.40 8.44 8.47 8.51 8.56
17.35 16.91 16.47 16.03 15.59 15.15 14.72 14.29 13.87 13.46 13.05 12.65 12.26 11.88 11.52 11.16 10.82 10.49 10.18 9.89 9.61 9.35 9.11 8.89 8.69 8.52 8.36 8.23 8.11 7.99 7.88 7.81 7.78 7.78 7.80 7.81 7.82 7.82 7.83 7.83 7.84 7.84 7.84 7.83 7.83 7.83 7.82 7.82 7.81 7.81 7.80 7.79 7.79 7.78 7.77 7.77 7.76 7.76 7.75 7.75 7.75 7.75 7.75 7.75 7.75 7.76 7.77 7.78 7.79 7.80 7.82 7.84 7.86 7.88 7.91 7.94 7.97 8.01 8.05 8.10
17.84 17.39 16.94 16.49 16.03 15.59 15.14 14.70 14.26 13.83 13.41 12.99 12.58 12.19 11.80 11.43 11.06 10.72 10.38 10.06 9.76 9.48 9.21 8.96 8.74 8.53 8.35 8.17 8.00 7.82 7.66 7.54 7.45 7.42 7.41 7.42 7.42 7.42 7.42 7.42 7.42 7.42 7.41 7.40 7.40 7.39 7.38 7.37 7.36 7.35 7.34 7.33 7.32 7.31 7.30 7.29 7.29 7.28 7.27 7.27 7.26 7.26 7.26 7.26 7.27 7.27 7.28 7.29 7.30 7.31 7.33 7.35 7.37 7.40 7.42 7.46 7.49 7.53 7.57 7.62
18.34 17.88 17.41 16.95 16.49 16.03 15.57 15.11 14.66 14.22 13.78 13.35 12.92 12.51 12.10 11.70 11.32 10.95 10.60 10.25 9.93 9.62 9.33 9.05 8.80 8.57 8.34 8.11 7.89 7.67 7.45 7.27 7.14 7.05 7.01 7.00 6.99 6.99 6.99 6.98 6.97 6.96 6.95 6.94 6.93 6.92 6.91 6.89 6.88 6.87 6.85 6.84 6.83 6.82 6.81 6.80 6.79 6.78 6.77 6.76 6.76 6.76 6.75 6.76 6.76 6.76 6.77 6.78 6.79 6.80 6.82 6.84 6.87 6.89 6.92 6.96 6.99 7.03 7.08 7.13
18.84 18.37 17.90 17.42 16.95 16.48 16.01 15.54 15.07 14.61 14.16 13.71 13.27 12.83 12.41 12.00 11.59 11.20 10.82 10.46 10.11 9.78 9.46 9.16 8.88 8.61 8.33 8.06 7.78 7.51 7.25 7.02 6.84 6.70 6.60 6.55 6.53 6.53 6.52 6.51 6.49 6.48 6.47 6.45 6.44 6.42 6.41 6.39 6.37 6.36 6.34 6.33 6.31 6.30 6.29 6.27 6.26 6.25 6.24 6.24 6.23 6.23 6.23 6.23 6.23 6.24 6.24 6.25 6.27 6.28 6.30 6.32 6.35 6.37 6.41 6.44 6.48 6.52 6.57 6.62
19.34 18.86 18.38 17.90 17.42 16.94 16.45 15.97 15.49 15.02 14.55 14.09 13.63 13.18 12.73 12.30 11.88 11.47 11.07 10.68 10.31 9.96 9.61 9.29 8.97 8.65 8.33 8.01 7.69 7.37 7.06 6.78 6.55 6.36 6.21 6.11 6.06 6.03 6.02 6.00 5.99 5.97 5.95 5.94 5.92 5.90 5.88 5.86 5.84 5.83 5.81 5.79 5.78 5.76 5.75 5.73 5.72 5.71 5.70 5.69 5.69 5.69 5.68 5.68 5.69 5.69 5.70 5.71 5.73 5.74 5.76 5.79 5.81 5.84 5.88 5.92 5.96 6.00 6.05 6.11
19.85 19.36 18.88 18.39 17.89 17.40 16.91 16.41 15.92 15.43 14.95 14.47 14.00 13.53 13.07 12.62 12.18 11.75 11.33 10.92 10.53 10.15 9.78 9.42 9.06 8.69 8.32 7.96 7.59 7.23 6.87 6.55 6.27 6.03 5.84 5.69 5.59 5.52 5.50 5.48 5.46 5.44 5.42 5.40 5.38 5.36 5.33 5.31 5.29 5.27 5.25 5.24 5.22 5.20 5.19 5.17 5.16 5.15 5.14 5.13 5.13 5.13 5.13 5.13 5.13 5.14 5.15 5.16 5.18 5.20 5.22 5.24 5.27 5.31 5.34 5.38 5.43 5.48 5.53 5.59
20.36 19.87 19.37 18.87 18.37 17.87 17.37 16.86 16.36 15.86 15.36 14.87 14.38 13.89 13.42 12.95 12.49 12.04 11.60 11.17 10.76 10.35 9.95 9.55 9.14 8.74 8.33 7.92 7.51 7.10 6.69 6.33 6.00 5.72 5.48 5.28 5.13 5.03 4.96 4.93 4.91 4.88 4.86 4.84 4.81 4.79 4.77 4.75 4.73 4.70 4.68 4.67 4.65 4.63 4.61 4.60 4.59 4.58 4.57 4.56 4.56 4.56 4.56 4.56 4.57 4.57 4.58 4.60 4.62 4.64 4.66 4.69 4.72 4.76 4.80 4.85 4.89 4.95 5.01 5.07
20.87 20.38 19.87 19.37 18.86 18.35 17.83 17.32 16.80 16.29 15.78 15.27 14.77 14.27 13.78 13.29 12.81 12.35 11.89 11.44 11.00 10.57 10.13 9.68 9.24 8.79 8.34 7.88 7.43 6.98 6.53 6.12 5.75 5.42 5.14 4.90 4.70 4.55 4.44 4.37 4.34 4.31 4.29 4.26 4.24 4.21 4.19 4.16 4.14 4.12 4.10 4.08 4.06 4.04 4.03 4.02 4.00 3.99 3.99 3.98 3.98 3.98 3.98 3.98 3.99 4.00 4.02 4.03 4.05 4.08 4.10 4.14 4.17 4.21 4.26 4.30 4.36 4.42 4.48 4.54
21.39 20.89 20.38 19.87 19.35 18.83 18.30 17.78 17.25 16.73 16.21 15.69 15.17 14.65 14.15 13.65 13.15 12.67 12.19 11.72 11.25 10.78 10.30 9.82 9.33 8.84 8.35 7.86 7.37 6.87 6.38 5.92 5.51 5.14 4.81 4.53 4.29 4.10 3.94 3.83 3.76 3.72 3.70 3.67 3.64 3.62 3.59 3.57 3.55 3.52 3.50 3.48 3.47 3.45 3.43 3.42 3.41 3.40 3.40 3.39 3.39 3.39 3.39 3.40 3.41 3.42 3.44 3.46 3.49 3.51 3.54 3.58 3.62 3.66 3.71 3.76 3.82 3.88 3.95 4.02
21.91 21.40 20.89 20.37 19.84 19.31 18.78 18.25 17.71 17.18 16.64 16.11 15.58 15.05 14.53 14.01 13.50 13.00 12.50 12.00 11.50 10.99 10.47 9.95 9.43 8.90 8.38 7.84 7.31 6.77 6.24 5.74 5.29 4.88 4.51 4.19 3.90 3.67 3.47 3.31 3.20 3.13 3.10 3.07 3.04 3.01 2.99 2.96 2.94 2.92 2.90 2.88 2.86 2.85 2.83 2.82 2.81 2.80 2.80 2.80 2.80 2.80 2.81 2.82 2.83 2.85 2.87 2.89 2.92 2.95 2.98 3.02 3.07 3.12 3.17 3.23 3.29 3.36 3.43 3.51
22.43 21.91 21.40 20.87 20.34 19.80 19.26 18.72 18.18 17.63 17.08 16.54 16.00 15.45 14.92 14.39 13.86 13.34 12.81 12.28 11.74 11.20 10.65 10.10 9.54 8.97 8.41 7.84 7.27 6.69 6.12 5.58 5.09 4.64 4.23 3.86 3.54 3.26 3.02 2.83 2.67 2.56 2.49 2.46 2.43 2.40 2.38 2.35 2.33 2.31 2.29 2.27 2.25 2.24 2.23 2.22 2.21 2.20 2.20 2.20 2.21 2.21 2.22 2.23 2.25 2.27 2.29 2.32 2.35 2.39 2.43 2.47 2.52 2.57 2.63 2.69 2.76 2.84 2.92 3.00
22.95 22.43 21.91 21.38 20.84 20.30 19.75 19.20 18.65 18.09 17.53 16.98 16.42 15.87 15.32 14.77 14.23 13.68 13.12 12.56 11.99 11.41 10.83 10.24 9.65 9.05 8.45 7.84 7.23 6.62 6.01 5.44 4.90 4.41 3.97 3.56 3.20 2.88 2.60 2.37 2.18 2.02 1.92 1.85 1.81 1.78 1.76 1.74 1.71 1.69 1.67 1.66 1.64 1.63 1.62 1.61 1.61 1.60 1.60 1.61 1.61 1.62 1.64 1.65 1.67 1.70 1.72 1.76 1.79 1.83 1.88 1.93 1.98 2.04 2.10 2.17 2.25 2.33 2.41 2.50
23.47 22.95 22.42 21.89 21.35 20.80 20.24 19.68 19.12 18.56 17.99 17.42 16.86 16.29 15.73 15.16 14.60 14.02 13.44 12.84 12.24 11.63 11.02 10.40 9.77 9.14 8.50 7.86 7.22 6.57 5.92 5.31 4.74 4.21 3.73 3.29 2.89 2.53 2.21 1.94 1.71 1.52 1.37 1.26 1.20 1.16 1.14 1.12 1.10 1.08 1.06 1.05 1.03 1.02 1.02 1.01 1.01 1.01 1.01 1.02 1.03 1.04 1.06 1.08 1.10 1.13 1.16 1.20 1.24 1.29 1.34 1.39 1.45 1.51 1.58 1.66 1.74 1.83 1.92 2.02
23.99 23.47 22.94 22.40 21.85 21.30 20.74 20.17 19.60 19.03 18.45 17.88 17.30 16.72 16.14 15.56 14.96 14.36 13.75 13.13 12.50 11.86 11.21 10.56 9.90 9.24 8.57 7.89 7.22 6.53 5.85 5.20 4.60 4.03 3.51 3.04 2.60 2.21 1.86 1.55 1.28 1.05 0.86 0.72 0.62 0.55 0.52 0.50 0.48 0.46 0.45 0.44 0.43 0.42 0.41 0.41 0.41 0.42 0.42 0.43 0.45 0.46 0.49 0.51 0.54 0.57 0.61 0.65 0.70 0.75 0.81 0.87 0.93 1.00 1.08 1.16 1.25 1.34 1.44 1.55
24.51 23.99 23.46 22.91 22.36 21.80 21.24 20.67 20.09 19.51 18.92 18.34 17.75 17.16 16.56 15.95 15.33 14.70 14.06 13.41 12.75 12.09 11.41 10.73 10.04 9.35 8.65 7.94 7.23 6.51 5.80 5.12 4.48 3.88 3.33 2.81 2.34 1.91 1.53 1.18 0.88 0.61 0.39 0.21 0.07 0.00 0.00 0.00 0.00 0.00 0.00 0.00 0.00 0.00 0.00 0.00 0.00 0.00 0.00 0.00 0.00 0.00 0.00 0.00 0.00 0.03 0.07 0.12 0.17 0.23 0.29 0.36 0.43 0.51 0.59 0.68 0.78 0.88 0.98 1.10
25.03 24.51 23.97 23.43 22.87 22.31 21.74 21.16 20.58 19.99 19.40 18.80 18.20 17.59 16.97 16.34 15.70 15.04 14.38 13.70 13.02 12.32 11.62 10.91 10.20 9.47 8.74 8.00 7.26 6.51 5.77 5.05 4.38 3.75 3.16 2.62 2.11 1.65 1.23 0.85 0.51 0.22 0.00 0.00 0.00 0.00 0.00 0.00 0.00 0.00 0.00 0.00 0.00 0.00 0.00 0.00 0.00 0.00 0.00 0.00 0.00 0.00 0.00 0.00 0.00 0.00 0.00 0.00 0.00 0.00 0.00 0.00 0.00 0.03 0.12 0.22 0.32 0.43 0.55 0.66
25.55 25.03 24.49 23.94 23.39 22.82 22.24 21.66 21.07 20.48 19.88 19.27 18.65 18.02 17.38 16.73 16.06 15.38 14.70 14.00 13.29 12.57 11.84 11.11 10.36 9.61 8.85 8.08 7.31 6.53 5.76 5.01 4.31 3.65 3.03 2.45 1.91 1.42 0.97 0.55 0.18 0.00 0.00 0.00 0.00 0.00 0.00 0.00 0.00 0.00 0.00 0.00 0.00 0.00 0.00 0.00 0.00 0.00 0.00 0.00 0.00 0.00 0.00 0.00 0.00 0.00 0.00 0.00 0.00 0.00 0.00 0.00 0.00 0.00 0.00 0.00 0.00 0.01 0.13 0.24
