data_output/recharge/precip/Precip_1986_02.asc
ncols        168
nrows        136
xllcorner    455000
yllcorner    2107000
cellsize     500
NODATA_value     -99999
[rows 38 to 75 of 136, columns 0 to 83 of 168]
4.79 4.66 4.52 4.38 4.22 4.06 3.89 3.71 3.53 3.34 3.13 2.92 2.69 2.46 2.23 2.00 1.82 1.66 1.53 1.44 1.37 1.33 1.31 1.29 1.27 1.26 1.25 1.25 1.25 1.25 1.25 1.26 1.27 1.28 1.29 1.31 1.32 1.34 1.36 1.38 1.39 1.41 1.43 1.45 1.47 1.48 1.50 1.52 1.53 1.54 1.55 1.56 1.57 1.57 1.57 1.57 1.57 1.56 1.55 1.54 1.52 1.50 1.47 1.44 1.41 1.38 1.34 1.31 1.27 1.24 1.20 1.16 1.12 1.09 1.05 1.01 0.97 0.93 0.89 0.86 0.82 0.78 0.75 0.71
4.74 4.62 4.49 4.34 4.19 4.04 3.88 3.71 3.54 3.36 3.17 2.97 2.76 2.54 2.32 2.11 1.93 1.79 1.68 1.59 1.54 1.50 1.47 1.44 1.42 1.40 1.38 1.37 1.36 1.36 1.36 1.36 1.36 1.36 1.37 1.38 1.39 1.40 1.41 1.42 1.44 1.45 1.47 1.48 1.49 1.51 1.52 1.53 1.54 1.55 1.56 1.57 1.58 1.58 1.58 1.58 1.57 1.56 1.55 1.54 1.52 1.50 1.47 1.44 1.41 1.38 1.35 1.31 1.28 1.24 1.20 1.16 1.13 1.09 1.05 1.01 0.97 0.93 0.90 0.86 0.83 0.79 0.76 0.72
4.70 4.59 4.46 4.33 4.18 4.03 3.88 3.72 3.55 3.39 3.21 3.03 2.83 2.63 2.42 2.22 2.06 1.93 1.83 1.76 1.71 1.67 1.63 1.59 1.56 1.53 1.51 1.49 1.47 1.46 1.45 1.44 1.44 1.44 1.44 1.44 1.44 1.45 1.46 1.46 1.47 1.48 1.49 1.50 1.52 1.53 1.54 1.55 1.55 1.56 1.57 1.57 1.58 1.58 1.58 1.58 1.57 1.56 1.55 1.54 1.52 1.50 1.47 1.44 1.41 1.38 1.35 1.31 1.28 1.24 1.20 1.16 1.13 1.09 1.05 1.01 0.98 0.94 0.90 0.87 0.83 0.80 0.76 0.73
4.68 4.57 4.45 4.32 4.19 4.04 3.90 3.74 3.58 3.42 3.26 3.09 2.91 2.72 2.53 2.35 2.20 2.09 2.00 1.93 1.87 1.82 1.77 1.73 1.69 1.65 1.62 1.59 1.57 1.55 1.53 1.52 1.51 1.50 1.50 1.49 1.49 1.49 1.49 1.50 1.50 1.51 1.52 1.52 1.53 1.54 1.55 1.55 1.56 1.57 1.57 1.57 1.58 1.58 1.58 1.57 1.57 1.56 1.55 1.53 1.52 1.49 1.47 1.44 1.41 1.38 1.35 1.31 1.27 1.24 1.20 1.16 1.13 1.09 1.05 1.01 0.98 0.94 0.91 0.87 0.84 0.80 0.77 0.74
4.67 4.57 4.45 4.33 4.21 4.07 3.93 3.78 3.63 3.48 3.32 3.16 3.00 2.83 2.65 2.48 2.35 2.25 2.17 2.09 2.03 1.96 1.90 1.85 1.80 1.76 1.72 1.69 1.66 1.63 1.61 1.59 1.57 1.56 1.55 1.54 1.53 1.53 1.53 1.52 1.53 1.53 1.53 1.54 1.54 1.54 1.55 1.55 1.56 1.56 1.57 1.57 1.57 1.57 1.57 1.56 1.56 1.55 1.54 1.52 1.51 1.49 1.47 1.44 1.41 1.38 1.34 1.31 1.27 1.24 1.20 1.16 1.12 1.09 1.05 1.02 0.98 0.95 0.91 0.88 0.84 0.81 0.78 0.74
4.67 4.58 4.47 4.36 4.24 4.11 3.98 3.84 3.70 3.55 3.40 3.25 3.10 2.94 2.78 2.63 2.51 2.42 2.33 2.24 2.16 2.09 2.03 1.97 1.91 1.86 1.81 1.77 1.73 1.70 1.67 1.65 1.62 1.60 1.59 1.57 1.56 1.55 1.55 1.54 1.54 1.54 1.54 1.54 1.54 1.54 1.55 1.55 1.55 1.55 1.56 1.56 1.56 1.56 1.55 1.55 1.54 1.54 1.53 1.51 1.50 1.48 1.46 1.43 1.41 1.37 1.34 1.31 1.27 1.23 1.20 1.16 1.12 1.09 1.05 1.02 0.98 0.95 0.91 0.88 0.85 0.82 0.78 0.75
4.69 4.61 4.51 4.41 4.30 4.18 4.05 3.92 3.78 3.64 3.50 3.36 3.21 3.07 2.92 2.79 2.67 2.57 2.47 2.38 2.29 2.21 2.14 2.07 2.00 1.95 1.89 1.84 1.80 1.76 1.72 1.69 1.66 1.64 1.62 1.60 1.58 1.57 1.56 1.55 1.55 1.54 1.54 1.54 1.53 1.53 1.53 1.54 1.54 1.54 1.54 1.54 1.54 1.54 1.53 1.53 1.52 1.52 1.51 1.50 1.48 1.47 1.45 1.42 1.40 1.37 1.34 1.30 1.26 1.23 1.19 1.16 1.12 1.09 1.05 1.02 0.98 0.95 0.92 0.89 0.85 0.82 0.79 0.76
4.73 4.66 4.57 4.47 4.37 4.26 4.14 4.01 3.89 3.75 3.62 3.48 3.35 3.21 3.07 2.94 2.82 2.71 2.60 2.50 2.40 2.32 2.23 2.16 2.09 2.02 1.96 1.90 1.85 1.81 1.77 1.73 1.70 1.67 1.64 1.62 1.60 1.58 1.56 1.55 1.54 1.53 1.53 1.52 1.52 1.52 1.51 1.51 1.51 1.51 1.51 1.51 1.51 1.51 1.51 1.50 1.50 1.49 1.48 1.47 1.46 1.45 1.43 1.41 1.38 1.36 1.33 1.29 1.26 1.22 1.19 1.15 1.12 1.09 1.05 1.02 0.99 0.95 0.92 0.89 0.86 0.82 0.79 0.76
4.79 4.72 4.64 4.55 4.46 4.35 4.24 4.13 4.01 3.88 3.75 3.63 3.50 3.37 3.24 3.10 2.97 2.85 2.73 2.62 2.52 2.42 2.33 2.25 2.17 2.09 2.03 1.96 1.91 1.86 1.81 1.76 1.73 1.69 1.66 1.63 1.61 1.58 1.57 1.55 1.54 1.52 1.52 1.51 1.50 1.50 1.49 1.49 1.49 1.49 1.48 1.48 1.48 1.48 1.48 1.47 1.47 1.46 1.45 1.45 1.43 1.42 1.41 1.39 1.37 1.34 1.32 1.29 1.25 1.22 1.19 1.15 1.12 1.09 1.05 1.02 0.99 0.95 0.92 0.89 0.86 0.83 0.80 0.77
4.85 4.79 4.72 4.64 4.56 4.46 4.36 4.25 4.14 4.02 3.90 3.78 3.66 3.53 3.40 3.27 3.13 3.00 2.87 2.76 2.64 2.54 2.44 2.35 2.26 2.18 2.10 2.04 1.97 1.91 1.86 1.81 1.76 1.72 1.69 1.65 1.62 1.60 1.57 1.55 1.54 1.52 1.51 1.50 1.49 1.48 1.47 1.47 1.47 1.46 1.46 1.46 1.45 1.45 1.45 1.44 1.44 1.43 1.43 1.42 1.41 1.40 1.38 1.37 1.35 1.32 1.30 1.28 1.25 1.22 1.18 1.15 1.12 1.09 1.05 1.02 0.99 0.96 0.93 0.89 0.86 0.83 0.80 0.77
4.93 4.88 4.82 4.75 4.67 4.58 4.48 4.38 4.28 4.17 4.06 3.94 3.82 3.70 3.57 3.44 3.31 3.17 3.03 2.91 2.78 2.67 2.56 2.46 2.37 2.28 2.20 2.12 2.05 1.98 1.92 1.86 1.81 1.77 1.72 1.68 1.65 1.62 1.59 1.57 1.54 1.52 1.51 1.49 1.48 1.47 1.46 1.45 1.45 1.44 1.44 1.43 1.43 1.42 1.42 1.41 1.41 1.40 1.40 1.39 1.38 1.37 1.36 1.34 1.32 1.30 1.28 1.26 1.24 1.21 1.18 1.15 1.12 1.09 1.05 1.02 0.99 0.96 0.93 0.90 0.87 0.84 0.81 0.78
5.02 4.97 4.92 4.86 4.79 4.71 4.62 4.53 4.43 4.33 4.22 4.11 4.00 3.87 3.75 3.62 3.49 3.35 3.21 3.07 2.94 2.82 2.70 2.59 2.49 2.39 2.30 2.21 2.14 2.06 1.99 1.93 1.87 1.82 1.77 1.73 1.68 1.65 1.61 1.58 1.56 1.53 1.51 1.49 1.48 1.46 1.45 1.44 1.43 1.42 1.42 1.41 1.40 1.40 1.39 1.39 1.38 1.37 1.37 1.36 1.35 1.34 1.33 1.31 1.30 1.28 1.26 1.25 1.23 1.20 1.18 1.15 1.12 1.09 1.06 1.03 0.99 0.96 0.93 0.90 0.87 0.84 0.81 0.78
5.11 5.08 5.04 4.98 4.92 4.84 4.77 4.68 4.59 4.50 4.39 4.29 4.17 4.05 3.93 3.80 3.67 3.54 3.40 3.25 3.11 2.98 2.85 2.73 2.62 2.51 2.41 2.32 2.23 2.15 2.08 2.01 1.94 1.88 1.83 1.77 1.73 1.68 1.65 1.61 1.58 1.55 1.52 1.50 1.48 1.46 1.45 1.43 1.42 1.41 1.40 1.39 1.38 1.37 1.37 1.36 1.35 1.34 1.34 1.33 1.32 1.31 1.30 1.28 1.27 1.26 1.24 1.23 1.21 1.19 1.17 1.15 1.12 1.09 1.06 1.03 1.00 0.97 0.94 0.91 0.88 0.85 0.82 0.79
5.22 5.20 5.16 5.11 5.06 4.99 4.92 4.84 4.76 4.67 4.57 4.46 4.35 4.23 4.11 3.99 3.86 3.73 3.59 3.44 3.30 3.15 3.02 2.89 2.77 2.65 2.54 2.44 2.35 2.26 2.17 2.09 2.02 1.95 1.89 1.83 1.78 1.73 1.68 1.64 1.61 1.57 1.54 1.51 1.49 1.47 1.44 1.43 1.41 1.40 1.38 1.37 1.36 1.35 1.34 1.33 1.32 1.32 1.31 1.30 1.29 1.28 1.26 1.25 1.24 1.23 1.22 1.21 1.20 1.18 1.16 1.14 1.12 1.09 1.06 1.03 1.00 0.97 0.94 0.91 0.88 0.85 0.83 0.80
5.34 5.32 5.30 5.26 5.21 5.15 5.09 5.02 4.94 4.85 4.75 4.64 4.53 4.42 4.30 4.18 4.05 3.92 3.78 3.64 3.49 3.35 3.20 3.06 2.93 2.80 2.68 2.57 2.47 2.37 2.28 2.19 2.11 2.03 1.96 1.90 1.84 1.78 1.73 1.68 1.64 1.60 1.56 1.53 1.50 1.47 1.45 1.43 1.41 1.39 1.37 1.36 1.34 1.33 1.32 1.31 1.30 1.29 1.28 1.26 1.25 1.24 1.23 1.22 1.21 1.20 1.19 1.19 1.18 1.17 1.15 1.14 1.12 1.09 1.06 1.03 1.01 0.98 0.95 0.92 0.89 0.86 0.83 0.80
5.47 5.46 5.44 5.41 5.37 5.32 5.27 5.20 5.12 5.03 4.93 4.83 4.72 4.61 4.49 4.37 4.25 4.12 3.98 3.84 3.70 3.55 3.39 3.24 3.10 2.97 2.84 2.72 2.60 2.50 2.39 2.30 2.21 2.13 2.05 1.98 1.91 1.84 1.79 1.73 1.68 1.64 1.59 1.56 1.52 1.49 1.46 1.43 1.41 1.38 1.36 1.34 1.33 1.31 1.30 1.28 1.27 1.26 1.24 1.23 1.22 1.21 1.20 1.19 1.18 1.17 1.16 1.16 1.16 1.15 1.14 1.13 1.11 1.09 1.06 1.04 1.01 0.98 0.95 0.92 0.89 0.87 0.84 0.81
5.61 5.61 5.60 5.57 5.54 5.50 5.45 5.38 5.30 5.22 5.12 5.02 4.91 4.80 4.68 4.57 4.45 4.32 4.18 4.04 3.90 3.75 3.60 3.44 3.29 3.14 3.00 2.87 2.75 2.63 2.52 2.42 2.32 2.23 2.14 2.06 1.99 1.91 1.85 1.79 1.73 1.68 1.63 1.59 1.54 1.51 1.47 1.44 1.41 1.38 1.36 1.33 1.31 1.29 1.28 1.26 1.24 1.23 1.21 1.20 1.19 1.17 1.16 1.15 1.14 1.14 1.13 1.14 1.14 1.13 1.13 1.12 1.10 1.08 1.06 1.04 1.01 0.98 0.96 0.93 0.90 0.87 0.84 0.81
5.76 5.77 5.76 5.75 5.72 5.69 5.63 5.57 5.49 5.40 5.31 5.20 5.10 4.99 4.88 4.77 4.65 4.52 4.39 4.25 4.11 3.96 3.80 3.65 3.49 3.33 3.18 3.04 2.91 2.78 2.66 2.55 2.44 2.34 2.25 2.16 2.07 1.99 1.92 1.85 1.79 1.73 1.67 1.62 1.57 1.53 1.49 1.45 1.42 1.38 1.36 1.33 1.30 1.28 1.26 1.24 1.22 1.20 1.18 1.17 1.15 1.14 1.12 1.11 1.11 1.10 1.10 1.11 1.11 1.11 1.11 1.10 1.09 1.08 1.06 1.04 1.02 0.99 0.96 0.93 0.90 0.88 0.85 0.82
5.92 5.94 5.94 5.93 5.91 5.87 5.82 5.75 5.68 5.59 5.50 5.40 5.29 5.19 5.08 4.97 4.85 4.72 4.59 4.46 4.31 4.17 4.02 3.86 3.70 3.54 3.38 3.23 3.08 2.94 2.81 2.69 2.57 2.46 2.36 2.26 2.17 2.08 2.00 1.92 1.85 1.78 1.72 1.66 1.61 1.56 1.51 1.47 1.43 1.39 1.36 1.32 1.29 1.27 1.24 1.22 1.19 1.17 1.15 1.13 1.11 1.10 1.09 1.08 1.07 1.07 1.07 1.08 1.09 1.09 1.09 1.08 1.08 1.07 1.05 1.03 1.01 0.99 0.96 0.94 0.91 0.88 0.85 0.82
6.09 6.12 6.13 6.12 6.10 6.06 6.01 5.94 5.87 5.78 5.69 5.59 5.49 5.38 5.28 5.17 5.05 4.93 4.80 4.67 4.53 4.38 4.23 4.07 3.91 3.75 3.58 3.42 3.26 3.12 2.98 2.84 2.71 2.59 2.48 2.37 2.27 2.18 2.09 2.00 1.92 1.85 1.78 1.71 1.65 1.59 1.54 1.49 1.44 1.40 1.36 1.32 1.29 1.26 1.23 1.20 1.17 1.14 1.12 1.10 1.08 1.06 1.05 1.04 1.03 1.03 1.04 1.05 1.06 1.06 1.07 1.07 1.06 1.05 1.04 1.03 1.01 0.99 0.97 0.94 0.91 0.88 0.86 0.83
6.27 6.30 6.32 6.31 6.29 6.25 6.20 6.13 6.06 5.97 5.88 5.78 5.68 5.58 5.48 5.37 5.26 5.14 5.01 4.88 4.74 4.59 4.44 4.29 4.13 3.96 3.80 3.63 3.46 3.30 3.15 3.00 2.87 2.74 2.61 2.50 2.39 2.28 2.18 2.09 2.00 1.92 1.84 1.77 1.70 1.63 1.57 1.52 1.46 1.41 1.37 1.33 1.28 1.25 1.21 1.18 1.15 1.12 1.09 1.06 1.04 1.02 1.01 1.00 1.00 1.00 1.00 1.02 1.03 1.04 1.04 1.05 1.04 1.04 1.03 1.02 1.00 0.99 0.97 0.94 0.91 0.89 0.86 0.83
6.46 6.50 6.51 6.50 6.48 6.44 6.39 6.32 6.25 6.17 6.08 5.98 5.88 5.78 5.68 5.58 5.47 5.35 5.22 5.09 4.95 4.81 4.66 4.50 4.34 4.18 4.01 3.84 3.67 3.50 3.33 3.18 3.03 2.89 2.76 2.63 2.51 2.39 2.29 2.18 2.09 1.99 1.91 1.83 1.75 1.68 1.61 1.55 1.49 1.43 1.38 1.33 1.28 1.24 1.20 1.16 1.12 1.09 1.06 1.03 1.01 0.99 0.97 0.96 0.96 0.96 0.97 0.98 1.00 1.01 1.02 1.02 1.02 1.02 1.02 1.01 0.99 0.98 0.96 0.94 0.92 0.89 0.86 0.83
6.66 6.69 6.70 6.70 6.67 6.63 6.58 6.52 6.44 6.36 6.27 6.18 6.08 5.98 5.89 5.79 5.68 5.56 5.44 5.31 5.17 5.03 4.88 4.72 4.56 4.40 4.23 4.06 3.88 3.71 3.53 3.36 3.21 3.05 2.91 2.77 2.64 2.52 2.40 2.29 2.18 2.08 1.98 1.89 1.81 1.73 1.65 1.58 1.52 1.45 1.39 1.34 1.29 1.24 1.19 1.14 1.10 1.06 1.03 1.00 0.97 0.95 0.93 0.92 0.92 0.92 0.93 0.95 0.97 0.98 0.99 1.00 1.00 1.00 1.00 0.99 0.98 0.97 0.95 0.94 0.91 0.89 0.86 0.83
6.86 6.89 6.90 6.89 6.87 6.83 6.77 6.71 6.64 6.55 6.47 6.38 6.28 6.19 6.09 5.99 5.89 5.77 5.65 5.52 5.39 5.24 5.10 4.94 4.78 4.62 4.45 4.28 4.10 3.92 3.74 3.56 3.39 3.23 3.07 2.92 2.78 2.65 2.52 2.40 2.28 2.17 2.07 1.97 1.87 1.79 1.70 1.62 1.55 1.48 1.41 1.35 1.29 1.23 1.18 1.13 1.08 1.04 1.00 0.96 0.93 0.91 0.89 0.88 0.88 0.88 0.89 0.91 0.93 0.95 0.96 0.97 0.98 0.98 0.98 0.98 0.97 0.96 0.94 0.93 0.91 0.89 0.86 0.83
7.05 7.08 7.09 7.08 7.06 7.02 6.97 6.90 6.83 6.75 6.66 6.57 6.48 6.39 6.30 6.20 6.10 5.99 5.87 5.74 5.60 5.46 5.32 5.16 5.00 4.84 4.67 4.50 4.32 4.14 3.96 3.77 3.59 3.41 3.24 3.08 2.93 2.79 2.65 2.52 2.39 2.27 2.16 2.05 1.95 1.85 1.76 1.67 1.59 1.51 1.43 1.36 1.30 1.23 1.17 1.11 1.06 1.01 0.97 0.93 0.90 0.87 0.85 0.84 0.84 0.84 0.86 0.88 0.90 0.92 0.93 0.95 0.95 0.96 0.96 0.96 0.95 0.94 0.93 0.92 0.90 0.88 0.86 0.83
7.25 7.28 7.29 7.28 7.25 7.21 7.16 7.10 7.02 6.94 6.86 6.77 6.68 6.59 6.50 6.41 6.31 6.20 6.08 5.96 5.82 5.68 5.54 5.38 5.22 5.06 4.89 4.72 4.54 4.36 4.17 3.98 3.79 3.61 3.43 3.26 3.09 2.94 2.79 2.64 2.51 2.38 2.25 2.14 2.02 1.92 1.82 1.72 1.63 1.54 1.46 1.38 1.30 1.23 1.16 1.10 1.04 0.99 0.94 0.90 0.86 0.84 0.82 0.80 0.80 0.80 0.82 0.84 0.86 0.89 0.90 0.92 0.93 0.93 0.94 0.94 0.93 0.93 0.92 0.90 0.89 0.87 0.85 0.83
7.45 7.47 7.48 7.47 7.44 7.40 7.35 7.29 7.22 7.14 7.06 6.97 6.88 6.79 6.71 6.62 6.52 6.41 6.30 6.17 6.04 5.90 5.76 5.60 5.45 5.28 5.11 4.94 4.76 4.58 4.39 4.20 4.01 3.81 3.62 3.44 3.26 3.09 2.93 2.78 2.63 2.49 2.36 2.23 2.11 1.99 1.88 1.78 1.68 1.58 1.49 1.40 1.31 1.23 1.16 1.09 1.02 0.96 0.91 0.87 0.83 0.80 0.78 0.76 0.76 0.76 0.78 0.80 0.83 0.85 0.87 0.89 0.90 0.91 0.91 0.91 0.91 0.91 0.90 0.89 0.87 0.86 0.84 0.82
7.64 7.67 7.67 7.66 7.63 7.59 7.54 7.48 7.41 7.33 7.25 7.17 7.08 7.00 6.91 6.83 6.73 6.63 6.51 6.39 6.26 6.12 5.98 5.82 5.67 5.50 5.33 5.16 4.98 4.80 4.61 4.42 4.22 4.02 3.82 3.63 3.44 3.26 3.09 2.92 2.76 2.61 2.47 2.33 2.20 2.07 1.95 1.84 1.73 1.62 1.52 1.42 1.32 1.24 1.15 1.08 1.00 0.94 0.88 0.84 0.79 0.76 0.74 0.72 0.72 0.72 0.74 0.76 0.79 0.82 0.84 0.86 0.87 0.88 0.89 0.89 0.89 0.89 0.88 0.87 0.86 0.84 0.83 0.80
7.83 7.86 7.86 7.85 7.82 7.78 7.73 7.67 7.60 7.53 7.45 7.36 7.28 7.20 7.12 7.03 6.94 6.84 6.73 6.61 6.48 6.34 6.20 6.05 5.89 5.72 5.55 5.38 5.20 5.01 4.83 4.63 4.44 4.24 4.03 3.83 3.63 3.44 3.25 3.07 2.90 2.74 2.58 2.44 2.29 2.16 2.03 1.90 1.78 1.66 1.55 1.44 1.34 1.24 1.15 1.07 0.99 0.92 0.86 0.81 0.76 0.73 0.70 0.68 0.68 0.68 0.70 0.72 0.76 0.78 0.80 0.82 0.84 0.85 0.86 0.86 0.86 0.86 0.86 0.85 0.84 0.83 0.81 0.79
8.03 8.05 8.05 8.04 8.01 7.97 7.92 7.86 7.79 7.72 7.64 7.56 7.48 7.40 7.32 7.24 7.15 7.05 6.94 6.82 6.69 6.56 6.42 6.27 6.11 5.94 5.78 5.60 5.42 5.23 5.04 4.85 4.65 4.45 4.24 4.04 3.83 3.62 3.42 3.23 3.05 2.88 2.71 2.55 2.40 2.25 2.11 1.97 1.83 1.71 1.58 1.46 1.35 1.25 1.15 1.06 0.98 0.90 0.83 0.78 0.73 0.69 0.66 0.64 0.64 0.64 0.66 0.69 0.72 0.75 0.77 0.79 0.81 0.82 0.83 0.84 0.84 0.84 0.83 0.83 0.82 0.81 0.79 0.77
8.22 8.24 8.24 8.23 8.20 8.16 8.11 8.05 7.98 7.91 7.83 7.75 7.68 7.60 7.52 7.45 7.36 7.26 7.15 7.03 6.91 6.78 6.63 6.48 6.33 6.16 6.00 5.82 5.64 5.45 5.26 5.06 4.86 4.66 4.45 4.24 4.03 3.82 3.61 3.40 3.21 3.02 2.84 2.67 2.50 2.34 2.19 2.04 1.89 1.75 1.62 1.49 1.37 1.26 1.15 1.05 0.96 0.88 0.81 0.75 0.70 0.66 0.62 0.61 0.60 0.60 0.62 0.65 0.68 0.71 0.73 0.76 0.77 0.79 0.80 0.81 0.81 0.81 0.81 0.80 0.79 0.78 0.77 0.75
8.40 8.42 8.43 8.41 8.38 8.35 8.29 8.24 8.17 8.10 8.02 7.95 7.87 7.80 7.73 7.65 7.56 7.47 7.36 7.25 7.12 6.99 6.85 6.70 6.55 6.38 6.21 6.04 5.86 5.67 5.48 5.28 5.08 4.87 4.66 4.45 4.23 4.02 3.80 3.58 3.37 3.17 2.98 2.80 2.62 2.45 2.28 2.11 1.96 1.80 1.66 1.52 1.39 1.27 1.15 1.05 0.95 0.87 0.79 0.72 0.67 0.62 0.59 0.57 0.56 0.56 0.58 0.61 0.64 0.67 0.70 0.72 0.74 0.76 0.77 0.78 0.78 0.78 0.78 0.78 0.77 0.76 0.74 0.73
8.59 8.61 8.61 8.60 8.57 8.53 8.48 8.42 8.36 8.29 8.21 8.14 8.06 7.99 7.92 7.85 7.77 7.68 7.57 7.46 7.34 7.21 7.07 6.92 6.76 6.60 6.43 6.25 6.07 5.88 5.69 5.49 5.29 5.08 4.87 4.65 4.44 4.22 3.99 3.77 3.55 3.33 3.13 2.93 2.74 2.55 2.37 2.19 2.02 1.86 1.70 1.55 1.41 1.28 1.16 1.05 0.94 0.85 0.77 0.70 0.64 0.59 0.55 0.53 0.52 0.52 0.54 0.57 0.60 0.64 0.66 0.69 0.71 0.72 0.74 0.74 0.75 0.75 0.75 0.75 0.74 0.73 0.72 0.70
8.77 8.79 8.79 8.78 8.75 8.71 8.66 8.60 8.54 8.47 8.40 8.33 8.25 8.19 8.12 8.05 7.97 7.88 7.78 7.67 7.55 7.42 7.28 7.13 6.98 6.82 6.65 6.47 6.29 6.10 5.90 5.70 5.50 5.29 5.08 4.86 4.64 4.41 4.19 3.96 3.73 3.50 3.28 3.07 2.86 2.66 2.46 2.27 2.09 1.91 1.75 1.59 1.44 1.30 1.17 1.05 0.94 0.84 0.75 0.67 0.61 0.56 0.52 0.49 0.48 0.48 0.50 0.53 0.57 0.60 0.63 0.65 0.67 0.69 0.70 0.71 0.72 0.72 0.72 0.72 0.71 0.70 0.69 0.67
8.95 8.97 8.97 8.95 8.93 8.89 8.84 8.78 8.72 8.65 8.58 8.51 8.44 8.38 8.31 8.25 8.17 8.08 7.98 7.88 7.76 7.63 7.49 7.35 7.19 7.03 6.86 6.68 6.50 6.31 6.11 5.91 5.71 5.50 5.28 5.06 4.84 4.61 4.38 4.15 3.91 3.68 3.44 3.21 2.99 2.77 2.56 2.36 2.16 1.97 1.80 1.63 1.47 1.32 1.18 1.05 0.93 0.83 0.73 0.65 0.58 0.53 0.49 0.46 0.44 0.45 0.46 0.49 0.53 0.56 0.59 0.62 0.64 0.65 0.67 0.68 0.68 0.69 0.69 0.69 0.68 0.67 0.66 0.64
9.13 9.14 9.14 9.13 9.10 9.06 9.01 8.96 8.90 8.83 8.76 8.70 8.63 8.57 8.51 8.44 8.37 8.28 8.19 8.08 7.96 7.84 7.70 7.56 7.40 7.24 7.07 6.89 6.71 6.52 6.32 6.12 5.91 5.70 5.48 5.26 5.03 4.80 4.57 4.34 4.10 3.85 3.60 3.36 3.12 2.89 2.66 2.44 2.24 2.04 1.85 1.67 1.50 1.34 1.19 1.06 0.93 0.82 0.72 0.63 0.56 0.50 0.45 0.42 0.41 0.41 0.42 0.46 0.49 0.52 0.55 0.58 0.60 0.62 0.63 0.64 0.65 0.65 0.65 0.65 0.65 0.64 0.63 0.61
9.30 9.32 9.31 9.30 9.27 9.23 9.18 9.13 9.07 9.01 8.94 8.87 8.81 8.75 8.69 8.63 8.56 8.48 8.39 8.28 8.17 8.04 7.91 7.76 7.61 7.45 7.28 7.10 6.92 6.73 6.53 6.33 6.12 5.90 5.68 5.46 5.23 5.00 4.76 4.52 4.27 4.02 3.77 3.51 3.25 3.01 2.77 2.54 2.32 2.11 1.90 1.71 1.53 1.37 1.21 1.06 0.93 0.81 0.71 0.62 0.54 0.47 0.42 0.39 0.37 0.37 0.39 0.42 0.45 0.49 0.52 0.54 0.56 0.58 0.60 0.61 0.61 0.62 0.62 0.62 0.61 0.60 0.59 0.58
9.47 9.48 9.48 9.47 9.44 9.40 9.35 9.30 9.24 9.18 9.11 9.05 8.99 8.93 8.88 8.82 8.75 8.67 8.58 8.48 8.37 8.24 8.11 7.97 7.82 7.65 7.49 7.31 7.12 6.93 6.73 6.53 6.32 6.10 5.88 5.65 5.42 5.19 4.95 4.70 4.44 4.19 3.92 3.66 3.39 3.13 2.88 2.63 2.40 2.18 1.96 1.76 1.57 1.39 1.23 1.08 0.94 0.81 0.70 0.60 0.52 0.45 0.40 0.36 0.34 0.34 0.35 0.38 0.42 0.45 0.48 0.51 0.53 0.55 0.56 0.57 0.58 0.58 0.58 0.58 0.57 0.57 0.55 0.54
