data_output/recharge/precip/Precip_2012_05.asc
ncols        168
nrows        136
xllcorner    455000
yllcorner    2107000
cellsize     500
NODATA_value     -99999
[rows 68 to 101 of 136, columns 0 to 76 of 168]
44.74 43.76 42.85 42.03 41.28 40.60 39.98 39.42 38.92 38.46 38.05 37.67 37.34 37.02 36.74 36.47 36.21 35.96 35.71 35.44 35.14 34.83 34.51 34.17 33.81 33.44 33.06 32.66 32.26 31.84 31.42 30.99 30.55 30.11 29.66 29.21 28.75 28.30 27.84 27.39 26.93 26.48 26.03 25.58 25.14 24.70 24.26 23.81 23.37 22.93 22.48 22.05 21.62 21.20 20.79 20.39 20.01 19.64 19.29 18.95 18.64 18.34 18.07 17.83 17.61 17.42 17.26 17.13 17.03 16.97 16.94 16.95 17.01 17.10 17.20 17.26 17.28
45.55 44.52 43.58 42.72 41.94 41.23 40.58 40.00 39.48 39.00 38.57 38.19 37.84 37.52 37.23 36.96 36.71 36.46 36.21 35.94 35.66 35.35 35.03 34.69 34.34 33.97 33.59 33.20 32.80 32.38 31.96 31.53 31.09 30.65 30.20 29.75 29.29 28.84 28.38 27.92 27.46 27.00 26.55 26.10 25.65 25.20 24.74 24.27 23.80 23.34 22.87 22.42 21.97 21.53 21.10 20.68 20.27 19.89 19.51 19.16 18.83 18.52 18.23 17.97 17.73 17.52 17.35 17.20 17.09 17.02 16.98 16.97 17.01 17.09 17.18 17.23 17.25
46.35 45.28 44.30 43.40 42.59 41.85 41.18 40.57 40.03 39.53 39.09 38.69 38.33 38.01 37.71 37.44 37.19 36.95 36.71 36.44 36.16 35.86 35.54 35.21 34.86 34.50 34.12 33.73 33.33 32.92 32.50 32.07 31.63 31.19 30.74 30.29 29.83 29.37 28.91 28.45 27.99 27.53 27.07 26.62 26.15 25.68 25.20 24.71 24.22 23.74 23.25 22.78 22.31 21.85 21.40 20.96 20.54 20.13 19.74 19.37 19.02 18.69 18.39 18.11 17.86 17.64 17.44 17.28 17.16 17.07 17.02 17.00 17.03 17.10 17.17 17.22 17.23
47.13 46.02 45.00 44.08 43.23 42.46 41.76 41.13 40.57 40.06 39.60 39.19 38.82 38.49 38.19 37.92 37.66 37.43 37.19 36.94 36.66 36.36 36.05 35.72 35.37 35.01 34.64 34.25 33.85 33.44 33.02 32.60 32.16 31.72 31.27 30.82 30.36 29.90 29.44 28.98 28.51 28.05 27.59 27.12 26.63 26.14 25.64 25.14 24.64 24.13 23.63 23.13 22.64 22.16 21.69 21.24 20.79 20.37 19.96 19.58 19.21 18.86 18.55 18.25 17.99 17.75 17.54 17.37 17.23 17.13 17.07 17.04 17.05 17.11 17.18 17.21 17.22
47.90 46.75 45.70 44.73 43.85 43.06 42.33 41.68 41.09 40.56 40.09 39.67 39.29 38.95 38.65 38.38 38.13 37.90 37.67 37.42 37.15 36.85 36.55 36.22 35.88 35.52 35.15 34.77 34.37 33.96 33.55 33.12 32.68 32.24 31.79 31.34 30.88 30.42 29.96 29.50 29.03 28.57 28.09 27.60 27.10 26.59 26.08 25.56 25.03 24.51 23.99 23.47 22.97 22.47 21.98 21.51 21.05 20.61 20.18 19.78 19.40 19.04 18.70 18.40 18.12 17.87 17.65 17.46 17.31 17.20 17.12 17.08 17.09 17.13 17.19 17.22 17.22
48.65 47.46 46.37 45.37 44.46 43.64 42.89 42.21 41.61 41.06 40.57 40.14 39.75 39.41 39.10 38.83 38.58 38.36 38.13 37.89 37.62 37.34 37.03 36.71 36.37 36.02 35.65 35.27 34.88 34.48 34.06 33.64 33.20 32.76 32.31 31.86 31.40 30.94 30.48 30.01 29.54 29.06 28.57 28.06 27.54 27.02 26.49 25.95 25.42 24.88 24.34 23.81 23.28 22.77 22.26 21.77 21.30 20.84 20.40 19.98 19.59 19.21 18.86 18.54 18.25 17.99 17.76 17.56 17.39 17.27 17.18 17.13 17.13 17.16 17.21 17.24 17.24
49.39 48.16 47.03 46.00 45.06 44.21 43.43 42.73 42.11 41.54 41.04 40.60 40.20 39.85 39.54 39.27 39.03 38.81 38.59 38.35 38.09 37.81 37.51 37.19 36.86 36.51 36.15 35.77 35.38 34.98 34.57 34.14 33.71 33.27 32.82 32.37 31.92 31.45 30.99 30.52 30.04 29.54 29.03 28.50 27.97 27.43 26.89 26.34 25.79 25.23 24.68 24.14 23.59 23.06 22.54 22.03 21.54 21.07 20.62 20.18 19.77 19.38 19.02 18.69 18.38 18.11 17.86 17.66 17.48 17.35 17.25 17.19 17.18 17.20 17.24 17.26 17.26
50.11 48.85 47.68 46.62 45.64 44.76 43.96 43.24 42.59 42.01 41.50 41.04 40.64 40.28 39.97 39.70 39.45 39.24 39.03 38.80 38.54 38.27 37.98 37.67 37.34 36.99 36.63 36.26 35.87 35.47 35.06 34.64 34.21 33.77 33.33 32.88 32.42 31.96 31.49 31.00 30.51 29.99 29.46 28.93 28.38 27.83 27.27 26.70 26.14 25.57 25.01 24.45 23.89 23.35 22.81 22.29 21.78 21.30 20.83 20.38 19.96 19.56 19.18 18.83 18.52 18.23 17.98 17.76 17.57 17.43 17.32 17.25 17.23 17.25 17.28 17.30 17.30
50.82 49.51 48.31 47.21 46.21 45.30 44.47 43.73 43.06 42.47 41.94 41.47 41.06 40.70 40.38 40.11 39.87 39.66 39.46 39.23 38.99 38.72 38.43 38.13 37.80 37.46 37.11 36.74 36.35 35.96 35.55 35.13 34.70 34.27 33.82 33.37 32.91 32.45 31.97 31.47 30.95 30.42 29.88 29.33 28.77 28.20 27.63 27.05 26.47 25.90 25.32 24.75 24.18 23.62 23.07 22.54 22.02 21.52 21.04 20.58 20.14 19.73 19.34 18.98 18.65 18.36 18.09 17.86 17.67 17.51 17.40 17.32 17.29 17.30 17.33 17.35 17.34
51.51 50.16 48.92 47.79 46.76 45.82 44.97 44.20 43.52 42.91 42.36 41.88 41.46 41.10 40.78 40.51 40.27 40.07 39.87 39.66 39.42 39.15 38.87 38.57 38.25 37.92 37.57 37.20 36.82 36.43 36.03 35.61 35.18 34.75 34.31 33.86 33.40 32.92 32.42 31.91 31.38 30.83 30.28 29.71 29.14 28.56 27.97 27.39 26.80 26.21 25.62 25.04 24.46 23.89 23.33 22.78 22.25 21.73 21.24 20.77 20.32 19.89 19.50 19.13 18.79 18.48 18.21 17.97 17.77 17.61 17.48 17.40 17.36 17.37 17.39 17.40 17.40
52.17 50.79 49.52 48.35 47.29 46.32 45.45 44.66 43.96 43.33 42.77 42.28 41.85 41.48 41.16 40.89 40.66 40.47 40.28 40.06 39.83 39.58 39.30 39.01 38.69 38.36 38.02 37.66 37.28 36.89 36.49 36.08 35.65 35.22 34.78 34.33 33.86 33.36 32.85 32.32 31.78 31.22 30.66 30.08 29.49 28.90 28.30 27.70 27.10 26.50 25.90 25.31 24.72 24.14 23.57 23.02 22.47 21.94 21.44 20.95 20.49 20.06 19.65 19.27 18.93 18.61 18.33 18.08 17.87 17.70 17.57 17.48 17.44 17.44 17.46 17.46 17.46
52.78 51.40 50.09 48.89 47.80 46.81 45.91 45.10 44.38 43.73 43.16 42.66 42.23 41.85 41.53 41.26 41.03 40.84 40.66 40.46 40.23 39.98 39.72 39.43 39.12 38.80 38.45 38.10 37.73 37.34 36.94 36.53 36.11 35.68 35.24 34.78 34.29 33.78 33.26 32.72 32.16 31.59 31.01 30.42 29.82 29.22 28.61 28.00 27.39 26.78 26.17 25.57 24.97 24.38 23.81 23.24 22.69 22.15 21.63 21.14 20.67 20.22 19.81 19.42 19.06 18.74 18.45 18.19 17.98 17.80 17.66 17.57 17.52 17.51 17.53 17.53 17.53
53.23 51.95 50.65 49.42 48.29 47.27 46.35 45.52 44.78 44.12 43.54 43.03 42.59 42.21 41.88 41.61 41.39 41.21 41.03 40.84 40.62 40.38 40.12 39.83 39.53 39.21 38.88 38.53 38.16 37.78 37.38 36.98 36.56 36.13 35.67 35.20 34.70 34.18 33.64 33.09 32.52 31.94 31.34 30.74 30.13 29.52 28.90 28.28 27.66 27.04 26.42 25.81 25.21 24.61 24.03 23.45 22.89 22.35 21.82 21.32 20.84 20.38 19.96 19.56 19.20 18.87 18.57 18.31 18.09 17.90 17.76 17.66 17.60 17.59 17.61 17.61 17.61
53.52 52.34 51.14 49.92 48.77 47.72 46.77 45.92 45.16 44.49 43.89 43.37 42.92 42.54 42.22 41.95 41.73 41.55 41.39 41.20 40.99 40.75 40.50 40.22 39.93 39.62 39.29 38.94 38.58 38.20 37.81 37.41 36.99 36.54 36.08 35.59 35.08 34.54 34.00 33.43 32.85 32.26 31.66 31.04 30.43 29.80 29.17 28.54 27.91 27.29 26.66 26.04 25.43 24.83 24.23 23.65 23.09 22.54 22.01 21.49 21.00 20.54 20.11 19.71 19.33 19.00 18.69 18.43 18.20 18.01 17.86 17.76 17.70 17.68 17.69 17.70 17.70
53.64 52.57 51.48 50.36 49.22 48.15 47.18 46.31 45.53 44.84 44.23 43.70 43.24 42.86 42.53 42.26 42.05 41.88 41.73 41.55 41.34 41.12 40.87 40.60 40.31 40.00 39.68 39.34 38.98 38.61 38.22 37.82 37.39 36.93 36.45 35.95 35.43 34.89 34.33 33.75 33.16 32.56 31.95 31.32 30.70 30.06 29.43 28.79 28.15 27.52 26.88 26.26 25.64 25.03 24.43 23.84 23.27 22.72 22.18 21.66 21.17 20.70 20.26 19.85 19.47 19.12 18.82 18.54 18.31 18.12 17.97 17.86 17.79 17.78 17.79 17.79 17.80
53.60 52.64 51.66 50.65 49.61 48.55 47.56 46.67 45.87 45.17 44.55 44.01 43.55 43.15 42.83 42.56 42.35 42.19 42.04 41.87 41.68 41.46 41.22 40.96 40.68 40.37 40.06 39.72 39.37 39.00 38.61 38.20 37.76 37.29 36.80 36.29 35.75 35.20 34.63 34.04 33.44 32.83 32.21 31.58 30.95 30.30 29.66 29.01 28.37 27.73 27.09 26.46 25.83 25.22 24.61 24.02 23.45 22.89 22.34 21.82 21.32 20.85 20.40 19.99 19.60 19.25 18.94 18.66 18.42 18.23 18.07 17.96 17.90 17.88 17.89 17.90 17.91
53.40 52.55 51.67 50.78 49.85 48.89 47.92 47.01 46.19 45.47 44.84 44.30 43.83 43.43 43.11 42.84 42.64 42.49 42.35 42.18 42.00 41.79 41.55 41.30 41.02 40.73 40.42 40.08 39.74 39.37 38.98 38.55 38.10 37.62 37.12 36.60 36.05 35.49 34.91 34.31 33.71 33.09 32.46 31.82 31.17 30.53 29.87 29.22 28.57 27.92 27.28 26.64 26.01 25.39 24.78 24.19 23.61 23.04 22.50 21.98 21.47 21.00 20.54 20.12 19.73 19.38 19.06 18.78 18.54 18.34 18.18 18.07 18.00 17.98 17.99 18.01 18.02
53.06 52.30 51.53 50.74 49.93 49.09 48.22 47.33 46.50 45.76 45.12 44.56 44.09 43.69 43.36 43.10 42.90 42.76 42.63 42.47 42.29 42.09 41.87 41.62 41.35 41.06 40.76 40.43 40.09 39.71 39.31 38.87 38.41 37.92 37.41 36.88 36.32 35.75 35.16 34.56 33.94 33.31 32.68 32.03 31.38 30.73 30.07 29.41 28.75 28.10 27.45 26.81 26.17 25.55 24.94 24.34 23.76 23.19 22.64 22.12 21.61 21.14 20.68 20.26 19.86 19.51 19.18 18.90 18.66 18.46 18.30 18.18 18.12 18.10 18.11 18.12 18.14
52.56 51.90 51.23 50.55 49.85 49.12 48.37 47.58 46.77 46.03 45.37 44.81 44.33 43.92 43.60 43.34 43.15 43.01 42.89 42.74 42.57 42.38 42.16 41.92 41.66 41.38 41.08 40.76 40.41 40.02 39.60 39.16 38.69 38.19 37.67 37.13 36.56 35.98 35.39 34.78 34.15 33.52 32.87 32.22 31.57 30.91 30.24 29.58 28.92 28.26 27.61 26.96 26.32 25.70 25.08 24.48 23.89 23.33 22.78 22.25 21.75 21.27 20.81 20.39 19.99 19.63 19.31 19.02 18.78 18.57 18.41 18.30 18.23 18.21 18.22 18.24 18.27
51.93 51.36 50.79 50.21 49.61 49.00 48.36 47.69 46.99 46.27 45.60 45.03 44.54 44.14 43.81 43.56 43.37 43.24 43.13 42.99 42.83 42.65 42.44 42.21 41.95 41.68 41.38 41.05 40.69 40.29 39.87 39.41 38.93 38.43 37.90 37.35 36.78 36.19 35.59 34.97 34.34 33.70 33.05 32.39 31.73 31.06 30.40 29.73 29.06 28.40 27.75 27.10 26.46 25.83 25.21 24.61 24.02 23.45 22.90 22.37 21.87 21.39 20.94 20.51 20.12 19.75 19.43 19.14 18.90 18.69 18.53 18.42 18.35 18.33 18.35 18.37 18.41
51.17 50.68 50.20 49.72 49.22 48.72 48.19 47.64 47.06 46.44 45.81 45.23 44.74 44.33 44.00 43.75 43.57 43.45 43.35 43.22 43.07 42.89 42.69 42.47 42.22 41.95 41.65 41.31 40.94 40.53 40.10 39.63 39.15 38.63 38.10 37.54 36.96 36.37 35.76 35.13 34.50 33.85 33.20 32.54 31.87 31.20 30.53 29.86 29.19 28.53 27.87 27.22 26.57 25.94 25.32 24.72 24.13 23.56 23.01 22.49 21.98 21.50 21.05 20.63 20.24 19.88 19.55 19.26 19.02 18.81 18.65 18.54 18.47 18.46 18.47 18.50 18.55
50.27 49.87 49.48 49.09 48.69 48.29 47.87 47.43 46.97 46.48 45.95 45.40 44.90 44.50 44.17 43.92 43.74 43.63 43.54 43.43 43.29 43.12 42.93 42.71 42.47 42.19 41.88 41.53 41.15 40.74 40.29 39.82 39.33 38.81 38.26 37.70 37.12 36.52 35.90 35.27 34.63 33.98 33.32 32.66 31.99 31.32 30.64 29.97 29.30 28.63 27.97 27.32 26.67 26.04 25.42 24.82 24.23 23.66 23.11 22.59 22.09 21.61 21.16 20.74 20.35 19.99 19.67 19.38 19.14 18.93 18.77 18.66 18.60 18.58 18.60 18.64 18.69
49.25 48.93 48.62 48.32 48.02 47.72 47.40 47.08 46.73 46.36 45.95 45.51 45.05 44.64 44.31 44.07 43.90 43.80 43.72 43.61 43.48 43.32 43.14 42.93 42.68 42.39 42.07 41.72 41.33 40.91 40.46 39.98 39.48 38.95 38.40 37.83 37.24 36.64 36.02 35.39 34.74 34.09 33.42 32.76 32.08 31.41 30.73 30.06 29.38 28.72 28.06 27.40 26.76 26.13 25.51 24.90 24.32 23.75 23.20 22.68 22.18 21.70 21.26 20.84 20.45 20.10 19.78 19.50 19.25 19.05 18.90 18.79 18.73 18.72 18.74 18.78 18.85
48.10 47.86 47.63 47.42 47.21 47.00 46.79 46.57 46.34 46.08 45.80 45.48 45.13 44.75 44.43 44.19 44.03 43.94 43.87 43.77 43.65 43.50 43.32 43.11 42.85 42.56 42.23 41.86 41.47 41.04 40.58 40.10 39.59 39.06 38.51 37.93 37.34 36.73 36.11 35.47 34.82 34.17 33.50 32.83 32.16 31.48 30.80 30.13 29.45 28.78 28.12 27.47 26.83 26.20 25.58 24.98 24.39 23.83 23.28 22.76 22.26 21.79 21.35 20.93 20.55 20.20 19.89 19.61 19.37 19.18 19.02 18.92 18.86 18.85 18.88 18.93 19.01
46.85 46.67 46.52 46.39 46.27 46.16 46.04 45.93 45.80 45.65 45.49 45.29 45.07 44.81 44.52 44.29 44.13 44.05 43.99 43.91 43.79 43.65 43.47 43.24 42.98 42.68 42.34 41.97 41.57 41.14 40.68 40.19 39.68 39.14 38.58 38.00 37.41 36.79 36.17 35.53 34.88 34.22 33.55 32.88 32.20 31.53 30.85 30.17 29.50 28.83 28.17 27.52 26.88 26.25 25.63 25.03 24.45 23.89 23.35 22.83 22.33 21.87 21.43 21.02 20.64 20.30 19.99 19.72 19.49 19.30 19.15 19.05 18.99 18.99 19.03 19.09 19.17
45.48 45.38 45.30 45.25 45.21 45.18 45.16 45.14 45.12 45.08 45.03 44.96 44.86 44.72 44.55 44.36 44.21 44.14 44.09 44.01 43.91 43.76 43.57 43.34 43.07 42.77 42.42 42.05 41.64 41.20 40.74 40.24 39.72 39.18 38.62 38.04 37.44 36.83 36.20 35.56 34.91 34.25 33.58 32.91 32.23 31.55 30.87 30.20 29.53 28.86 28.20 27.55 26.91 26.28 25.67 25.07 24.50 23.94 23.40 22.88 22.40 21.93 21.50 21.10 20.72 20.39 20.09 19.82 19.60 19.41 19.27 19.18 19.13 19.13 19.17 19.24 19.34
44.01 43.97 43.96 43.98 44.03 44.08 44.15 44.23 44.31 44.38 44.43 44.48 44.49 44.49 44.44 44.36 44.26 44.20 44.16 44.09 43.98 43.83 43.63 43.40 43.12 42.81 42.46 42.08 41.67 41.23 40.76 40.26 39.74 39.20 38.63 38.05 37.45 36.83 36.20 35.56 34.91 34.25 33.58 32.91 32.23 31.55 30.88 30.20 29.53 28.87 28.21 27.56 26.93 26.30 25.69 25.10 24.53 23.97 23.44 22.93 22.45 21.99 21.56 21.16 20.80 20.47 20.17 19.92 19.70 19.53 19.39 19.31 19.26 19.27 19.33 19.40 19.51
42.44 42.46 42.52 42.61 42.73 42.87 43.02 43.19 43.36 43.53 43.70 43.85 43.99 44.10 44.18 44.23 44.25 44.23 44.20 44.13 44.02 43.86 43.66 43.41 43.13 42.82 42.46 42.08 41.66 41.22 40.75 40.25 39.72 39.18 38.61 38.03 37.42 36.81 36.18 35.53 34.88 34.22 33.55 32.88 32.21 31.53 30.86 30.18 29.52 28.85 28.20 27.56 26.92 26.30 25.70 25.11 24.54 23.99 23.47 22.96 22.48 22.03 21.61 21.22 20.87 20.54 20.26 20.01 19.80 19.63 19.51 19.43 19.40 19.42 19.48 19.57 19.69
40.79 40.87 40.99 41.15 41.34 41.56 41.79 42.05 42.31 42.58 42.85 43.11 43.36 43.59 43.79 43.97 44.12 44.23 44.25 44.17 44.05 43.89 43.68 43.43 43.15 42.83 42.47 42.08 41.66 41.21 40.74 40.23 39.71 39.16 38.59 38.01 37.40 36.78 36.15 35.51 34.86 34.20 33.53 32.86 32.19 31.51 30.84 30.17 29.50 28.84 28.19 27.55 26.92 26.31 25.71 25.12 24.56 24.02 23.49 23.00 22.53 22.08 21.67 21.29 20.94 20.62 20.34 20.10 19.90 19.75 19.63 19.56 19.54 19.57 19.64 19.74 19.86
39.13 39.26 39.44 39.66 39.92 40.21 40.52 40.86 41.21 41.57 41.94 42.30 42.66 43.00 43.33 43.63 43.92 44.20 44.37 44.34 44.22 44.04 43.83 43.57 43.28 42.95 42.59 42.19 41.77 41.31 40.83 40.32 39.79 39.24 38.67 38.08 37.47 36.85 36.22 35.57 34.92 34.25 33.59 32.91 32.24 31.57 30.89 30.22 29.56 28.90 28.25 27.61 26.98 26.37 25.77 25.19 24.63 24.09 23.57 23.07 22.61 22.17 21.76 21.38 21.04 20.73 20.45 20.22 20.03 19.88 19.77 19.71 19.70 19.73 19.81 19.92 20.05
37.46 37.64 37.87 38.15 38.47 38.83 39.22 39.64 40.07 40.52 40.98 41.44 41.90 42.35 42.79 43.23 43.68 44.14 44.49 44.61 44.53 44.34 44.12 43.85 43.55 43.21 42.84 42.44 42.00 41.54 41.05 40.54 40.00 39.44 38.86 38.26 37.65 37.02 36.38 35.73 35.07 34.40 33.73 33.06 32.38 31.70 31.02 30.35 29.68 29.02 28.37 27.73 27.10 26.49 25.89 25.31 24.74 24.20 23.69 23.19 22.73 22.29 21.88 21.51 21.17 20.86 20.59 20.36 20.17 20.02 19.92 19.87 19.86 19.91 19.99 20.11 20.25
35.81 36.03 36.31 36.64 37.02 37.44 37.90 38.39 38.90 39.43 39.98 40.54 41.10 41.65 42.22 42.80 43.42 44.06 44.58 44.87 44.93 44.78 44.55 44.27 43.95 43.60 43.22 42.80 42.36 41.89 41.38 40.86 40.31 39.74 39.15 38.55 37.93 37.29 36.64 35.98 35.32 34.64 33.96 33.28 32.60 31.91 31.23 30.55 29.88 29.21 28.56 27.91 27.28 26.66 26.06 25.48 24.91 24.37 23.85 23.35 22.89 22.45 22.04 21.66 21.32 21.02 20.75 20.52 20.33 20.18 20.09 20.04 20.04 20.10 20.19 20.31 20.46
34.16 34.41 34.74 35.12 35.55 36.03 36.55 37.11 37.70 38.31 38.94 39.59 40.24 40.91 41.62 42.37 43.15 43.94 44.63 45.09 45.31 45.31 45.11 44.82 44.49 44.12 43.72 43.29 42.83 42.35 41.83 41.29 40.73 40.15 39.55 38.93 38.30 37.65 36.99 36.32 35.65 34.96 34.27 33.58 32.89 32.20 31.51 30.82 30.14 29.47 28.80 28.15 27.51 26.89 26.28 25.69 25.12 24.57 24.05 23.55 23.08 22.64 22.22 21.84 21.50 21.19 20.92 20.69 20.50 20.36 20.26 20.23 20.24 20.30 20.41 20.54 20.69
32.52 32.81 33.17 33.60 34.08 34.62 35.20 35.82 36.48 37.16 37.87 38.60 39.36 40.17 41.02 41.92 42.85 43.81 44.65 45.27 45.66 45.81 45.75 45.49 45.14 44.76 44.34 43.90 43.42 42.92 42.39 41.83 41.26 40.66 40.04 39.41 38.76 38.10 37.43 36.75 36.06 35.36 34.66 33.96 33.25 32.55 31.85 31.15 30.46 29.77 29.10 28.44 27.79 27.16 26.54 25.94 25.37 24.81 24.28 23.77 23.29 22.85 22.43 22.04 21.69 21.38 21.10 20.87 20.68 20.54 20.46 20.43 20.45 20.53 20.64 20.78 20.94
