data_output/recharge/precip/Precip_1995_10.asc
ncols        168
nrows        136
xllcorner    455000
yllcorner    2107000
cellsize     500
NODATA_value     -99999
[rows 36 to 71 of 136, columns 0 to 79 of 168]
74.85 71.37 67.93 64.53 61.18 57.88 54.63 51.43 48.29 45.20 42.18 39.21 36.30 33.46 30.68 27.97 25.33 22.76 20.26 17.84 15.49 13.23 11.09 9.11 7.28 5.62 4.12 2.79 1.62 0.62 0.00 0.00 0.00 0.00 0.00 0.00 0.00 0.00 0.00 0.55 1.59 2.82 4.19 5.64 7.16 8.74 10.38 12.08 13.83 15.63 17.47 19.35 21.27 23.22 25.20 27.20 29.23 31.27 33.32 35.38 37.44 39.50 41.54 43.53 45.46 47.32 49.12 50.86 52.53 54.13 55.67 57.14 58.54 59.88 61.14 62.33 63.45 64.49 65.46 66.36
75.82 72.22 68.67 65.16 61.70 58.29 54.94 51.64 48.39 45.20 42.07 39.00 36.00 33.06 30.18 27.38 24.64 21.98 19.39 16.88 14.45 12.15 10.00 8.01 6.18 4.52 3.02 1.69 0.53 0.00 0.00 0.00 0.00 0.00 0.00 0.00 0.00 0.00 0.00 0.00 0.86 2.15 3.57 5.07 6.64 8.27 9.96 11.71 13.51 15.35 17.24 19.17 21.13 23.13 25.15 27.20 29.27 31.35 33.44 35.54 37.64 39.75 41.85 43.92 45.93 47.88 49.76 51.57 53.31 54.99 56.60 58.13 59.59 60.98 62.30 63.54 64.70 65.79 66.80 67.74
76.83 73.12 69.45 65.83 62.26 58.74 55.27 51.86 48.51 45.21 41.98 38.80 35.70 32.65 29.68 26.77 23.94 21.18 18.50 15.90 13.42 11.10 8.94 6.94 5.11 3.45 1.95 0.63 0.00 0.00 0.00 0.00 0.00 0.00 0.00 0.00 0.00 0.00 0.00 0.00 0.15 1.49 2.96 4.51 6.13 7.81 9.55 11.34 13.19 15.08 17.01 18.99 21.00 23.04 25.10 27.19 29.30 31.42 33.55 35.69 37.84 39.98 42.11 44.24 46.33 48.37 50.33 52.22 54.04 55.79 57.46 59.06 60.58 62.03 63.40 64.69 65.91 67.04 68.09 69.06
77.90 74.07 70.28 66.54 62.85 59.21 55.63 52.11 48.64 45.23 41.89 38.61 35.39 32.24 29.16 26.15 23.22 20.36 17.58 14.93 12.43 10.09 7.92 5.91 4.08 2.41 0.91 0.00 0.00 0.00 0.00 0.00 0.00 0.00 0.00 0.00 0.00 0.00 0.00 0.00 0.00 0.84 2.36 3.96 5.63 7.36 9.14 10.98 12.87 14.81 16.79 18.81 20.86 22.94 25.05 27.18 29.32 31.49 33.66 35.84 38.02 40.19 42.37 44.53 46.68 48.79 50.83 52.80 54.70 56.52 58.26 59.93 61.51 63.02 64.45 65.79 67.05 68.23 69.33 70.34
79.02 75.05 71.14 67.28 63.47 59.71 56.01 52.36 48.78 45.26 41.80 38.40 35.07 31.81 28.62 25.51 22.46 19.50 16.67 13.99 11.47 9.12 6.94 4.92 3.07 1.40 0.00 0.00 0.00 0.00 0.00 0.00 0.00 0.00 0.00 0.00 0.00 0.00 0.00 0.00 0.00 0.20 1.77 3.42 5.14 6.91 8.74 10.63 12.56 14.54 16.56 18.62 20.72 22.84 24.99 27.16 29.34 31.54 33.75 35.97 38.18 40.40 42.60 44.80 46.98 49.15 51.27 53.32 55.29 57.18 59.00 60.73 62.38 63.95 65.43 66.83 68.14 69.36 70.50 71.55
80.17 76.08 72.04 68.05 64.11 60.22 56.40 52.63 48.93 45.28 41.70 38.19 34.74 31.37 28.06 24.83 21.68 18.66 15.80 13.09 10.56 8.19 5.99 3.96 2.11 0.43 0.00 0.00 0.00 0.00 0.00 0.00 0.00 0.00 0.00 0.00 0.00 0.00 0.00 0.00 0.00 0.00 1.20 2.89 4.65 6.47 8.35 10.28 12.25 14.28 16.34 18.44 20.57 22.74 24.92 27.13 29.36 31.59 33.84 36.09 38.34 40.59 42.83 45.06 47.27 49.47 51.64 53.76 55.81 57.78 59.67 61.47 63.18 64.81 66.35 67.80 69.16 70.44 71.62 72.71
81.36 77.14 72.96 68.83 64.77 60.75 56.80 52.90 49.07 45.30 41.60 37.96 34.39 30.90 27.47 24.13 20.92 17.86 14.97 12.24 9.68 7.29 5.08 3.04 1.17 0.00 0.00 0.00 0.00 0.00 0.00 0.00 0.00 0.00 0.00 0.00 0.00 0.00 0.00 0.00 0.00 0.00 0.63 2.37 4.18 6.04 7.96 9.93 11.95 14.01 16.12 18.26 20.43 22.63 24.86 27.10 29.36 31.63 33.91 36.20 38.48 40.77 43.04 45.30 47.55 49.77 51.97 54.14 56.27 58.31 60.27 62.13 63.91 65.60 67.20 68.71 70.13 71.45 72.68 73.81
82.52 78.22 73.90 69.64 65.44 61.29 57.20 53.17 49.21 45.31 41.48 37.71 34.02 30.40 26.86 23.45 20.19 17.10 14.18 11.43 8.84 6.43 4.20 2.15 0.27 0.00 0.00 0.00 0.00 0.00 0.00 0.00 0.00 0.00 0.00 0.00 0.00 0.00 0.00 0.00 0.00 0.00 0.08 1.86 3.71 5.61 7.58 9.59 11.65 13.75 15.90 18.07 20.28 22.52 24.78 27.06 29.36 31.67 33.98 36.30 38.62 40.93 43.23 45.53 47.80 50.06 52.29 54.49 56.65 58.77 60.80 62.73 64.58 66.33 67.99 69.56 71.03 72.40 73.67 74.85
83.51 79.26 74.86 70.46 66.12 61.83 57.60 53.44 49.34 45.31 41.34 37.44 33.62 29.88 26.26 22.81 19.51 16.39 13.43 10.65 8.05 5.61 3.36 1.29 0.00 0.00 0.00 0.00 0.00 0.00 0.00 0.00 0.00 0.00 0.00 0.00 0.00 0.00 0.00 0.00 0.00 0.00 0.00 1.36 3.25 5.20 7.20 9.25 11.35 13.49 15.67 17.89 20.14 22.41 24.71 27.02 29.35 31.69 34.04 36.39 38.74 41.08 43.42 45.74 48.04 50.32 52.58 54.81 57.00 59.16 61.25 63.26 65.18 66.99 68.71 70.34 71.86 73.28 74.60 75.82
84.29 80.12 75.77 71.29 66.80 62.37 58.00 53.70 49.46 45.28 41.18 37.15 33.20 29.37 25.71 22.21 18.88 15.72 12.73 9.92 7.29 4.83 2.56 0.48 0.00 0.00 0.00 0.00 0.00 0.00 0.00 0.00 0.00 0.00 0.00 0.00 0.00 0.00 0.00 0.00 0.00 0.00 0.00 0.87 2.80 4.79 6.83 8.92 11.06 13.24 15.45 17.71 19.99 22.30 24.63 26.98 29.34 31.71 34.09 36.47 38.85 41.22 43.58 45.93 48.26 50.57 52.85 55.11 57.33 59.51 61.64 63.72 65.70 67.58 69.36 71.04 72.62 74.10 75.47 76.73
84.87 80.78 76.51 72.06 67.48 62.91 58.39 53.94 49.55 45.24 40.99 36.82 32.79 28.91 25.20 21.66 18.29 15.09 12.07 9.23 6.57 4.09 1.80 0.00 0.00 0.00 0.00 0.00 0.00 0.00 0.00 0.00 0.00 0.00 0.00 0.00 0.00 0.00 0.00 0.00 0.00 0.00 0.00 0.39 2.36 4.39 6.46 8.59 10.77 12.98 15.24 17.52 19.84 22.18 24.54 26.92 29.32 31.72 34.13 36.54 38.94 41.35 43.74 46.11 48.47 50.80 53.11 55.39 57.63 59.83 61.99 64.10 66.15 68.10 69.94 71.68 73.32 74.84 76.26 77.55
85.26 81.23 77.03 72.65 68.10 63.43 58.76 54.16 49.62 45.16 40.78 36.52 32.42 28.49 24.73 21.15 17.74 14.50 11.45 8.57 5.89 3.38 1.07 0.00 0.00 0.00 0.00 0.00 0.00 0.00 0.00 0.00 0.00 0.00 0.00 0.00 0.00 0.00 0.00 0.00 0.00 0.00 0.00 0.00 1.93 3.99 6.11 8.27 10.48 12.73 15.02 17.34 19.69 22.06 24.45 26.87 29.29 31.72 34.16 36.60 39.03 41.46 43.87 46.27 48.66 51.01 53.35 55.64 57.91 60.13 62.31 64.45 66.53 68.54 70.45 72.25 73.94 75.52 76.96 78.21
85.44 81.48 77.34 73.02 68.53 63.88 59.11 54.36 49.67 45.06 40.58 36.26 32.11 28.13 24.32 20.69 17.23 13.96 10.87 7.96 5.24 2.71 0.38 0.00 0.00 0.00 0.00 0.00 0.00 0.00 0.00 0.00 0.00 0.00 0.00 0.00 0.00 0.00 0.00 0.00 0.00 0.00 0.00 0.00 1.50 3.60 5.76 7.95 10.20 12.48 14.80 17.15 19.53 21.94 24.36 26.80 29.26 31.72 34.18 36.64 39.11 41.56 44.00 46.42 48.83 51.21 53.56 55.88 58.17 60.41 62.61 64.77 66.87 68.91 70.88 72.74 74.49 76.10 77.51 78.70
85.43 81.53 77.44 73.17 68.73 64.13 59.38 54.52 49.69 44.98 40.43 36.05 31.84 27.81 23.95 20.27 16.78 13.46 10.33 7.39 4.64 2.08 0.00 0.00 0.00 0.00 0.00 0.00 0.00 0.00 0.00 0.00 0.00 0.00 0.00 0.00 0.00 0.00 0.00 0.00 0.00 0.00 0.00 0.00 1.09 3.22 5.41 7.64 9.92 12.23 14.59 16.97 19.38 21.81 24.27 26.73 29.21 31.70 34.19 36.68 39.17 41.64 44.11 46.56 48.98 51.39 53.76 56.10 58.40 60.67 62.89 65.06 67.17 69.24 71.23 73.15 74.93 76.51 77.87 79.01
85.23 81.38 77.33 73.11 68.71 64.16 59.45 54.61 49.72 44.94 40.33 35.89 31.63 27.54 23.63 19.90 16.36 13.00 9.84 6.86 4.08 1.49 0.00 0.00 0.00 0.00 0.00 0.00 0.00 0.00 0.00 0.00 0.00 0.00 0.00 0.00 0.00 0.00 0.00 0.00 0.00 0.00 0.00 0.00 0.68 2.85 5.07 7.34 9.64 11.99 14.37 16.78 19.22 21.69 24.17 26.66 29.17 31.68 34.20 36.71 39.22 41.72 44.21 46.67 49.12 51.54 53.94 56.30 58.62 60.90 63.14 65.32 67.46 69.53 71.54 73.47 75.22 76.75 78.06 79.15
84.85 81.03 77.02 72.84 68.48 63.96 59.30 54.55 49.75 44.96 40.29 35.78 31.46 27.32 23.36 19.58 15.99 12.59 9.38 6.37 3.56 0.94 0.00 0.00 0.00 0.00 0.00 0.00 0.00 0.00 0.00 0.00 0.00 0.00 0.00 0.00 0.00 0.00 0.00 0.00 0.00 0.00 0.00 0.00 0.29 2.49 4.74 7.03 9.37 11.75 14.16 16.60 19.07 21.56 24.06 26.58 29.11 31.65 34.19 36.73 39.26 41.78 44.29 46.78 49.24 51.69 54.10 56.47 58.81 61.11 63.36 65.56 67.71 69.80 71.80 73.65 75.32 76.80 78.07 79.12
84.27 80.49 76.51 72.36 68.03 63.55 58.98 54.35 49.68 44.98 40.29 35.73 31.34 27.14 23.13 19.30 15.66 12.22 8.97 5.92 3.07 0.42 0.00 0.00 0.00 0.00 0.00 0.00 0.00 0.00 0.00 0.00 0.00 0.00 0.00 0.00 0.00 0.00 0.00 0.00 0.00 0.00 0.00 0.00 0.00 2.13 4.41 6.74 9.10 11.51 13.95 16.41 18.91 21.42 23.95 26.50 29.05 31.61 34.18 36.74 39.29 41.83 44.36 46.86 49.35 51.81 54.24 56.63 58.99 61.30 63.56 65.78 67.94 70.01 71.94 73.69 75.28 76.69 77.91 78.93
83.52 79.75 75.80 71.67 67.38 62.98 58.52 54.01 49.47 44.89 40.30 35.72 31.28 27.02 22.95 19.07 15.38 11.89 8.60 5.51 2.63 0.00 0.00 0.00 0.00 0.00 0.00 0.00 0.00 0.00 0.00 0.00 0.00 0.00 0.00 0.00 0.00 0.00 0.00 0.00 0.00 0.00 0.00 0.00 0.00 1.78 4.09 6.44 8.84 11.27 13.74 16.23 18.75 21.29 23.84 26.41 28.99 31.57 34.15 36.73 39.30 41.86 44.41 46.94 49.44 51.91 54.36 56.77 59.14 61.46 63.74 65.97 68.11 70.11 71.94 73.61 75.10 76.43 77.59 78.57
82.58 78.83 74.90 70.79 66.57 62.29 57.94 53.56 49.13 44.67 40.20 35.71 31.26 26.94 22.81 18.88 15.15 11.61 8.28 5.15 2.22 0.00 0.00 0.00 0.00 0.00 0.00 0.00 0.00 0.00 0.00 0.00 0.00 0.00 0.00 0.00 0.00 0.00 0.00 0.00 0.00 0.00 0.00 0.00 0.00 1.44 3.78 6.16 8.58 11.04 13.53 16.05 18.59 21.15 23.73 26.32 28.92 31.52 34.12 36.72 39.31 41.89 44.45 46.99 49.51 52.00 54.46 56.88 59.26 61.60 63.89 66.11 68.17 70.08 71.81 73.39 74.79 76.04 77.13 78.05
81.46 77.73 73.81 69.78 65.66 61.49 57.26 52.98 48.67 44.33 39.97 35.60 31.24 26.91 22.73 18.74 14.95 11.37 7.99 4.82 1.86 0.00 0.00 0.00 0.00 0.00 0.00 0.00 0.00 0.00 0.00 0.00 0.00 0.00 0.00 0.00 0.00 0.00 0.00 0.00 0.00 0.00 0.00 0.00 0.00 1.10 3.47 5.88 8.32 10.81 13.32 15.86 18.42 21.01 23.61 26.22 28.84 31.46 34.08 36.70 39.30 41.90 44.48 47.03 49.57 52.07 54.54 56.98 59.37 61.72 64.00 66.13 68.10 69.91 71.56 73.04 74.37 75.54 76.55 77.40
80.18 76.45 72.60 68.66 64.66 60.59 56.46 52.30 48.10 43.87 39.63 35.37 31.12 26.88 22.69 18.65 14.81 11.17 7.75 4.53 1.53 0.00 0.00 0.00 0.00 0.00 0.00 0.00 0.00 0.00 0.00 0.00 0.00 0.00 0.00 0.00 0.00 0.00 0.00 0.00 0.00 0.00 0.00 0.00 0.00 0.78 3.17 5.60 8.07 10.58 13.11 15.68 18.26 20.87 23.49 26.12 28.75 31.39 34.03 36.66 39.29 41.90 44.49 47.06 49.61 52.12 54.61 57.05 59.46 61.79 63.99 66.02 67.90 69.61 71.17 72.58 73.82 74.92 75.86 76.65
78.72 75.06 71.30 67.46 63.56 59.59 55.57 51.51 47.42 43.30 39.17 35.02 30.88 26.75 22.65 18.60 14.70 11.02 7.55 4.29 1.24 0.00 0.00 0.00 0.00 0.00 0.00 0.00 0.00 0.00 0.00 0.00 0.00 0.00 0.00 0.00 0.00 0.00 0.00 0.00 0.00 0.00 0.00 0.00 0.00 0.46 2.87 5.33 7.82 10.35 12.91 15.49 18.10 20.72 23.36 26.01 28.66 31.32 33.97 36.62 39.26 41.88 44.49 47.07 49.63 52.16 54.65 57.11 59.49 61.75 63.85 65.78 67.57 69.20 70.67 71.99 73.16 74.19 75.06 75.78
77.17 73.59 69.93 66.19 62.38 58.51 54.59 50.64 46.64 42.63 38.60 34.56 30.53 26.51 22.51 18.54 14.64 10.91 7.39 4.08 0.99 0.00 0.00 0.00 0.00 0.00 0.00 0.00 0.00 0.00 0.00 0.00 0.00 0.00 0.00 0.00 0.00 0.00 0.00 0.00 0.00 0.00 0.00 0.00 0.00 0.15 2.58 5.06 7.58 10.13 12.70 15.31 17.93 20.57 23.23 25.89 28.56 31.23 33.90 36.57 39.22 41.85 44.47 47.07 49.64 52.17 54.68 57.12 59.42 61.58 63.57 65.42 67.11 68.66 70.05 71.30 72.39 73.35 74.16 74.82
75.55 72.06 68.49 64.84 61.13 57.35 53.53 49.67 45.78 41.86 37.93 34.00 30.07 26.16 22.27 18.40 14.58 10.84 7.27 3.92 0.79 0.00 0.00 0.00 0.00 0.00 0.00 0.00 0.00 0.00 0.00 0.00 0.00 0.00 0.00 0.00 0.00 0.00 0.00 0.00 0.00 0.00 0.00 0.00 0.00 0.00 2.30 4.80 7.34 9.90 12.50 15.12 17.76 20.42 23.09 25.77 28.46 31.14 33.83 36.50 39.17 41.81 44.44 47.05 49.63 52.17 54.66 57.02 59.22 61.27 63.18 64.93 66.54 68.00 69.32 70.49 71.52 72.41 73.15 73.76
73.88 70.48 66.99 63.43 59.81 56.13 52.40 48.63 44.83 41.01 37.18 33.34 29.52 25.70 21.91 18.15 14.44 10.77 7.19 3.79 0.62 0.00 0.00 0.00 0.00 0.00 0.00 0.00 0.00 0.00 0.00 0.00 0.00 0.00 0.00 0.00 0.00 0.00 0.00 0.00 0.00 0.00 0.00 0.00 0.00 0.00 2.03 4.54 7.10 9.68 12.30 14.94 17.60 20.27 22.96 25.65 28.35 31.05 33.74 36.43 39.10 41.76 44.40 47.01 49.60 52.13 54.53 56.78 58.89 60.85 62.66 64.33 65.85 67.24 68.48 69.58 70.54 71.37 72.06 72.61
72.16 68.84 65.44 61.97 58.43 54.83 51.19 47.51 43.81 40.08 36.34 32.60 28.87 25.15 21.46 17.80 14.18 10.62 7.12 3.71 0.49 0.00 0.00 0.00 0.00 0.00 0.00 0.00 0.00 0.00 0.00 0.00 0.00 0.00 0.00 0.00 0.00 0.00 0.00 0.00 0.00 0.00 0.00 0.00 0.00 0.00 1.76 4.29 6.87 9.47 12.10 14.75 17.43 20.11 22.81 25.52 28.23 30.94 33.65 36.34 39.03 41.70 44.34 46.96 49.53 51.98 54.27 56.43 58.44 60.30 62.03 63.61 65.06 66.36 67.53 68.57 69.47 70.23 70.87 71.37
70.42 67.17 63.85 60.46 57.00 53.49 49.93 46.33 42.71 39.07 35.42 31.77 28.13 24.51 20.91 17.35 13.83 10.36 6.96 3.63 0.40 0.00 0.00 0.00 0.00 0.00 0.00 0.00 0.00 0.00 0.00 0.00 0.00 0.00 0.00 0.00 0.00 0.00 0.00 0.00 0.00 0.00 0.00 0.00 0.00 0.00 1.50 4.05 6.64 9.26 11.90 14.57 17.26 19.96 22.67 25.39 28.11 30.83 33.55 36.25 38.94 41.62 44.27 46.87 49.36 51.70 53.89 55.95 57.86 59.64 61.28 62.78 64.15 65.39 66.49 67.46 68.30 69.01 69.59 70.05
68.64 65.47 62.22 58.91 55.52 52.09 48.61 45.10 41.56 38.00 34.44 30.88 27.32 23.79 20.28 16.81 13.38 10.01 6.70 3.46 0.31 0.00 0.00 0.00 0.00 0.00 0.00 0.00 0.00 0.00 0.00 0.00 0.00 0.00 0.00 0.00 0.00 0.00 0.00 0.00 0.00 0.00 0.00 0.00 0.00 0.00 1.24 3.81 6.41 9.05 11.70 14.39 17.08 19.80 22.52 25.25 27.98 30.71 33.43 36.15 38.85 41.53 44.16 46.68 49.05 51.29 53.39 55.35 57.18 58.87 60.43 61.85 63.14 64.31 65.35 66.25 67.04 67.70 68.23 68.64
66.84 63.75 60.57 57.32 54.01 50.65 47.25 43.82 40.36 36.88 33.40 29.91 26.44 22.99 19.57 16.19 12.85 9.57 6.35 3.20 0.14 0.00 0.00 0.00 0.00 0.00 0.00 0.00 0.00 0.00 0.00 0.00 0.00 0.00 0.00 0.00 0.00 0.00 0.00 0.00 0.00 0.00 0.00 0.00 0.00 0.00 0.99 3.57 6.19 8.84 11.51 14.20 16.91 19.64 22.37 25.11 27.85 30.58 33.31 36.03 38.74 41.40 43.94 46.35 48.63 50.77 52.77 54.64 56.38 57.99 59.46 60.82 62.04 63.14 64.11 64.96 65.69 66.30 66.79 67.16
65.03 62.00 58.89 55.71 52.47 49.18 45.85 42.49 39.11 35.70 32.30 28.89 25.50 22.13 18.79 15.49 12.24 9.04 5.91 2.85 0.00 0.00 0.00 0.00 0.00 0.00 0.00 0.00 0.00 0.00 0.00 0.00 0.00 0.00 0.00 0.00 0.00 0.00 0.00 0.00 0.00 0.00 0.00 0.00 0.00 0.00 0.75 3.35 5.97 8.63 11.32 14.02 16.74 19.47 22.21 24.96 27.71 30.45 33.19 35.91 38.59 41.17 43.60 45.91 48.08 50.12 52.03 53.82 55.47 57.00 58.40 59.68 60.84 61.88 62.79 63.59 64.27 64.83 65.28 65.61
63.22 60.25 57.20 54.08 50.91 47.69 44.43 41.13 37.82 34.49 31.15 27.82 24.51 21.21 17.95 14.73 11.56 8.44 5.39 2.42 0.00 0.00 0.00 0.00 0.00 0.00 0.00 0.00 0.00 0.00 0.00 0.00 0.00 0.00 0.00 0.00 0.00 0.00 0.00 0.00 0.00 0.00 0.00 0.00 0.00 0.00 0.51 3.12 5.76 8.43 11.12 13.84 16.56 19.31 22.05 24.81 27.56 30.31 33.05 35.75 38.35 40.81 43.14 45.35 47.42 49.37 51.19 52.89 54.46 55.91 57.25 58.46 59.55 60.53 61.39 62.13 62.76 63.28 63.69 63.99
61.41 58.49 55.50 52.45 49.34 46.18 42.98 39.75 36.50 33.24 29.97 26.71 23.47 20.24 17.06 13.91 10.81 7.77 4.81 1.91 0.00 0.00 0.00 0.00 0.00 0.00 0.00 0.00 0.00 0.00 0.00 0.00 0.00 0.00 0.00 0.00 0.00 0.00 0.00 0.00 0.00 0.00 0.00 0.00 0.00 0.00 0.28 2.90 5.55 8.23 10.93 13.65 16.39 19.14 21.89 24.65 27.41 30.16 32.88 35.49 37.97 40.33 42.56 44.67 46.65 48.51 50.24 51.86 53.35 54.73 56.00 57.14 58.17 59.09 59.90 60.60 61.18 61.66 62.04 62.30
59.61 56.74 53.81 50.81 47.75 44.65 41.51 38.34 35.16 31.96 28.76 25.56 22.39 19.23 16.11 13.04 10.01 7.05 4.15 1.34 0.00 0.00 0.00 0.00 0.00 0.00 0.00 0.00 0.00 0.00 0.00 0.00 0.00 0.00 0.00 0.00 0.00 0.00 0.00 0.00 0.00 0.00 0.00 0.00 0.00 0.00 0.06 2.69 5.35 8.04 10.74 13.47 16.21 18.97 21.73 24.49 27.25 29.98 32.60 35.11 37.48 39.74 41.87 43.88 45.77 47.54 49.19 50.73 52.15 53.46 54.66 55.74 56.72 57.58 58.34 58.99 59.54 59.98 60.32 60.56
57.82 55.01 52.12 49.17 46.17 43.12 40.04 36.93 33.80 30.66 27.52 24.39 21.27 18.18 15.13 12.12 9.17 6.27 3.45 0.70 0.00 0.00 0.00 0.00 0.00 0.00 0.00 0.00 0.00 0.00 0.00 0.00 0.00 0.00 0.00 0.00 0.00 0.00 0.00 0.00 0.00 0.00 0.00 0.00 0.00 0.00 0.00 2.48 5.15 7.84 10.56 13.29 16.04 18.79 21.56 24.32 27.06 29.69 32.21 34.60 36.88 39.03 41.06 42.98 44.78 46.47 48.05 49.51 50.86 52.10 53.23 54.26 55.18 55.99 56.71 57.32 57.83 58.23 58.55 58.76
56.06 53.29 50.45 47.55 44.60 41.60 38.57 35.51 32.43 29.35 26.27 23.19 20.14 17.11 14.12 11.17 8.28 5.45 2.69 0.02 0.00 0.00 0.00 0.00 0.00 0.00 0.00 0.00 0.00 0.00 0.00 0.00 0.00 0.00 0.00 0.00 0.00 0.00 0.00 0.00 0.00 0.00 0.00 0.00 0.00 0.00 0.00 2.28 4.95 7.65 10.37 13.11 15.86 18.62 21.38 24.12 26.77 29.29 31.70 33.98 36.16 38.21 40.15 41.98 43.70 45.31 46.80 48.19 49.48 50.66 51.73 52.70 53.57 54.34 55.01 55.58 56.05 56.43 56.72 56.91
54.33 51.60 48.81 45.95 43.04 40.09 37.11 34.10 31.07 28.04 25.00 21.98 18.98 16.01 13.08 10.19 7.36 4.59 1.90 0.00 0.00 0.00 0.00 0.00 0.00 0.00 0.00 0.00 0.00 0.00 0.00 0.00 0.00 0.00 0.00 0.00 0.00 0.00 0.00 0.00 0.00 0.00 0.00 0.00 0.00 0.00 0.00 2.08 4.76 7.46 10.19 12.93 15.68 18.44 21.18 23.83 26.36 28.77 31.07 33.25 35.33 37.29 39.14 40.89 42.52 44.05 45.48 46.80 48.02 49.13 50.15 51.07 51.89 52.61 53.24 53.78 54.22 54.57 54.84 55.01
