data_output/recharge/precip/Precip_2001_05.asc
ncols        168
nrows        136
xllcorner    455000
yllcorner    2107000
cellsize     500
NODATA_value     -99999
[rows 32 to 63 of 136, columns 0 to 72 of 168]
60.99 62.17 63.28 64.31 65.26 66.11 66.85 67.48 68.00 68.38 68.62 68.72 68.66 68.44 68.04 67.46 66.70 65.73 64.58 63.27 61.81 60.23 58.66 57.17 55.75 54.39 53.10 51.88 50.72 49.63 48.60 47.64 46.73 45.88 45.09 44.36 43.68 43.06 42.50 41.98 41.52 41.10 40.74 40.42 40.15 39.93 39.75 39.61 39.51 39.46 39.45 39.47 39.53 39.63 39.76 39.93 40.13 40.36 40.63 40.92 41.24 41.58 41.96 42.35 42.77 43.22 43.68 44.17 44.67 45.19 45.73 46.28 46.85
61.92 63.07 64.16 65.17 66.09 66.92 67.64 68.25 68.74 69.11 69.33 69.41 69.33 69.09 68.68 68.09 67.31 66.33 65.14 63.76 62.25 60.75 59.32 57.96 56.66 55.42 54.25 53.14 52.09 51.09 50.16 49.28 48.46 47.69 46.97 46.31 45.70 45.13 44.62 44.15 43.73 43.36 43.02 42.74 42.49 42.28 42.12 41.99 41.89 41.84 41.82 41.83 41.87 41.95 42.06 42.19 42.35 42.54 42.76 43.00 43.26 43.54 43.85 44.17 44.52 44.88 45.25 45.64 46.05 46.47 46.90 47.34 47.79
62.87 64.00 65.06 66.04 66.93 67.74 68.44 69.02 69.49 69.83 70.03 70.09 69.99 69.73 69.30 68.69 67.89 66.90 65.70 64.32 62.90 61.54 60.24 59.01 57.83 56.71 55.65 54.65 53.70 52.80 51.96 51.17 50.43 49.74 49.10 48.50 47.95 47.44 46.98 46.56 46.18 45.85 45.55 45.29 45.06 44.87 44.72 44.59 44.50 44.45 44.42 44.41 44.44 44.49 44.57 44.67 44.80 44.94 45.11 45.29 45.50 45.72 45.95 46.20 46.47 46.74 47.03 47.33 47.64 47.95 48.27 48.60 48.93
64.03 65.12 66.13 67.08 67.93 68.69 69.36 69.91 70.34 70.64 70.81 70.83 70.70 70.40 69.94 69.30 68.46 67.44 66.24 64.96 63.68 62.46 61.30 60.19 59.14 58.14 57.20 56.30 55.46 54.66 53.91 53.21 52.55 51.94 51.37 50.85 50.36 49.91 49.51 49.14 48.80 48.50 48.24 48.00 47.80 47.63 47.49 47.38 47.29 47.23 47.19 47.18 47.19 47.22 47.27 47.34 47.43 47.53 47.65 47.78 47.93 48.09 48.26 48.43 48.62 48.81 49.01 49.22 49.43 49.64 49.85 50.07 50.28
65.43 66.45 67.41 68.30 69.09 69.80 70.41 70.90 71.28 71.53 71.64 71.61 71.43 71.08 70.57 69.87 69.00 67.96 66.85 65.71 64.56 63.47 62.44 61.47 60.54 59.67 58.84 58.05 57.32 56.62 55.97 55.36 54.79 54.26 53.77 53.31 52.89 52.51 52.16 51.84 51.55 51.29 51.06 50.86 50.68 50.53 50.41 50.31 50.23 50.16 50.12 50.10 50.10 50.11 50.13 50.17 50.23 50.29 50.36 50.45 50.54 50.64 50.74 50.85 50.96 51.07 51.19 51.30 51.42 51.53 51.64 51.74 51.84
67.03 67.98 68.86 69.67 70.40 71.03 71.56 71.98 72.29 72.47 72.51 72.41 72.16 71.75 71.16 70.40 69.50 68.54 67.56 66.55 65.53 64.57 63.67 62.83 62.03 61.28 60.57 59.90 59.27 58.68 58.13 57.61 57.13 56.68 56.27 55.89 55.54 55.22 54.92 54.66 54.42 54.20 54.01 53.84 53.70 53.57 53.46 53.37 53.30 53.24 53.20 53.17 53.15 53.15 53.15 53.16 53.18 53.21 53.24 53.28 53.32 53.36 53.40 53.44 53.48 53.51 53.55 53.57 53.59 53.61 53.61 53.60 53.59
68.81 69.66 70.46 71.17 71.81 72.35 72.79 73.12 73.34 73.43 73.39 73.20 72.86 72.36 71.70 70.90 70.07 69.23 68.37 67.48 66.59 65.76 64.98 64.26 63.59 62.97 62.38 61.82 61.31 60.82 60.37 59.95 59.56 59.20 58.87 58.56 58.28 58.03 57.80 57.59 57.40 57.23 57.08 56.94 56.83 56.73 56.64 56.57 56.50 56.45 56.41 56.38 56.35 56.33 56.31 56.30 56.29 56.28 56.27 56.26 56.25 56.24 56.22 56.19 56.16 56.12 56.07 56.01 55.94 55.86 55.76 55.65 55.53
70.74 71.49 72.17 72.77 73.30 73.73 74.07 74.30 74.41 74.39 74.24 73.95 73.51 72.91 72.19 71.45 70.73 70.01 69.27 68.51 67.74 67.03 66.37 65.77 65.22 64.72 64.25 63.82 63.41 63.04 62.69 62.37 62.07 61.80 61.55 61.32 61.12 60.93 60.76 60.61 60.47 60.35 60.25 60.15 60.07 59.99 59.93 59.87 59.82 59.78 59.74 59.70 59.67 59.64 59.60 59.57 59.53 59.49 59.44 59.39 59.33 59.26 59.18 59.10 59.00 58.88 58.76 58.62 58.46 58.28 58.09 57.87 57.62
72.79 73.41 73.97 74.45 74.85 75.16 75.37 75.47 75.46 75.32 75.05 74.64 74.08 73.41 72.74 72.11 71.49 70.89 70.27 69.62 68.98 68.38 67.84 67.35 66.91 66.53 66.18 65.87 65.58 65.32 65.07 64.85 64.65 64.47 64.31 64.16 64.03 63.91 63.81 63.72 63.64 63.57 63.51 63.45 63.40 63.36 63.32 63.28 63.25 63.22 63.18 63.14 63.10 63.06 63.01 62.96 62.89 62.82 62.74 62.65 62.54 62.42 62.29 62.14 61.98 61.79 61.59 61.37 61.12 60.86 60.56 60.23 59.79
74.94 75.42 75.83 76.17 76.42 76.59 76.66 76.62 76.47 76.19 75.79 75.24 74.59 73.96 73.39 72.86 72.35 71.86 71.35 70.82 70.29 69.82 69.39 69.01 68.68 68.40 68.16 67.96 67.79 67.64 67.51 67.39 67.29 67.20 67.13 67.06 67.01 66.97 66.93 66.90 66.88 66.86 66.85 66.84 66.82 66.81 66.80 66.79 66.77 66.75 66.72 66.69 66.64 66.59 66.53 66.46 66.37 66.27 66.16 66.03 65.88 65.71 65.52 65.32 65.09 64.84 64.56 64.26 63.93 63.57 63.17 62.66 62.00
77.16 77.47 77.72 77.90 78.00 78.01 77.92 77.72 77.41 76.98 76.42 75.77 75.15 74.61 74.14 73.71 73.30 72.91 72.52 72.10 71.69 71.33 71.01 70.74 70.51 70.33 70.20 70.10 70.05 70.01 69.99 69.98 69.97 69.98 70.00 70.02 70.05 70.08 70.11 70.15 70.19 70.22 70.26 70.29 70.32 70.34 70.36 70.37 70.38 70.37 70.35 70.32 70.28 70.22 70.15 70.06 69.95 69.82 69.68 69.51 69.32 69.11 68.87 68.61 68.32 68.00 67.65 67.28 66.87 66.41 65.83 65.11 64.24
79.42 79.55 79.62 79.62 79.54 79.38 79.11 78.74 78.26 77.65 76.97 76.34 75.81 75.37 74.98 74.65 74.34 74.06 73.77 73.46 73.16 72.91 72.70 72.53 72.41 72.33 72.29 72.29 72.33 72.41 72.50 72.59 72.69 72.80 72.91 73.02 73.13 73.23 73.34 73.45 73.54 73.64 73.73 73.81 73.88 73.94 73.99 74.03 74.05 74.06 74.06 74.03 73.99 73.93 73.85 73.75 73.62 73.47 73.30 73.10 72.87 72.61 72.33 72.01 71.66 71.28 70.86 70.41 69.90 69.28 68.51 67.58 66.51
81.69 81.63 81.50 81.31 81.03 80.67 80.21 79.65 78.98 78.24 77.57 77.02 76.58 76.21 75.92 75.68 75.47 75.28 75.10 74.90 74.71 74.56 74.45 74.39 74.36 74.38 74.44 74.53 74.66 74.83 75.02 75.23 75.44 75.64 75.84 76.04 76.24 76.43 76.61 76.78 76.95 77.10 77.24 77.37 77.49 77.59 77.67 77.74 77.79 77.82 77.83 77.81 77.77 77.71 77.63 77.51 77.37 77.20 77.00 76.77 76.50 76.21 75.87 75.50 75.10 74.65 74.17 73.63 72.97 72.15 71.19 70.07 68.80
83.95 83.67 83.33 82.93 82.44 81.87 81.20 80.43 79.61 78.87 78.28 77.80 77.43 77.15 76.95 76.80 76.68 76.59 76.51 76.41 76.33 76.28 76.27 76.31 76.38 76.49 76.64 76.82 77.04 77.29 77.57 77.88 78.19 78.50 78.80 79.09 79.37 79.64 79.90 80.15 80.38 80.60 80.79 80.98 81.14 81.28 81.40 81.50 81.58 81.63 81.65 81.65 81.62 81.56 81.47 81.34 81.19 81.00 80.77 80.51 80.22 79.88 79.50 79.08 78.62 78.12 77.56 76.87 76.02 75.02 73.87 72.56 71.11
86.16 85.65 85.08 84.45 83.74 82.94 82.04 81.11 80.28 79.61 79.08 78.68 78.39 78.19 78.06 78.00 77.97 77.98 77.99 78.00 78.01 78.07 78.16 78.28 78.45 78.65 78.88 79.15 79.45 79.78 80.14 80.54 80.95 81.36 81.76 82.15 82.52 82.87 83.21 83.53 83.83 84.11 84.37 84.61 84.82 85.00 85.16 85.30 85.40 85.48 85.52 85.53 85.51 85.45 85.36 85.23 85.06 84.86 84.61 84.32 83.99 83.62 83.20 82.74 82.22 81.65 80.94 80.08 79.06 77.88 76.55 75.06 73.43
88.30 87.55 86.73 85.85 84.89 83.85 82.78 81.83 81.06 80.45 79.99 79.65 79.43 79.31 79.26 79.28 79.34 79.44 79.55 79.65 79.76 79.91 80.10 80.32 80.57 80.86 81.18 81.53 81.91 82.32 82.75 83.22 83.71 84.21 84.72 85.20 85.66 86.10 86.52 86.92 87.29 87.64 87.96 88.25 88.52 88.75 88.95 89.12 89.25 89.35 89.42 89.45 89.43 89.38 89.29 89.16 88.98 88.76 88.50 88.19 87.83 87.42 86.96 86.45 85.87 85.16 84.29 83.26 82.07 80.72 79.22 77.56 75.76
90.34 89.33 88.25 87.10 85.88 84.64 83.55 82.65 81.93 81.38 80.98 80.72 80.56 80.51 80.54 80.64 80.79 80.97 81.17 81.37 81.58 81.82 82.09 82.40 82.74 83.11 83.51 83.94 84.40 84.88 85.39 85.93 86.48 87.06 87.66 88.24 88.79 89.33 89.83 90.31 90.75 91.17 91.55 91.90 92.22 92.50 92.75 92.95 93.12 93.25 93.34 93.38 93.39 93.34 93.26 93.12 92.94 92.71 92.42 92.09 91.70 91.26 90.77 90.20 89.50 88.63 87.60 86.41 85.05 83.54 81.88 80.06 78.09
92.26 90.96 89.60 88.18 86.75 85.48 84.42 83.57 82.91 82.41 82.07 81.87 81.78 81.80 81.91 82.08 82.31 82.57 82.86 83.15 83.45 83.78 84.15 84.54 84.96 85.41 85.89 86.40 86.93 87.48 88.06 88.66 89.28 89.92 90.58 91.25 91.90 92.53 93.12 93.67 94.20 94.68 95.13 95.55 95.92 96.25 96.54 96.79 97.00 97.16 97.27 97.34 97.35 97.32 97.24 97.10 96.92 96.68 96.38 96.02 95.61 95.14 94.60 93.91 93.06 92.04 90.86 89.51 88.01 86.34 84.52 82.55 80.43
94.03 92.43 90.77 89.12 87.65 86.41 85.40 84.59 83.98 83.54 83.25 83.11 83.08 83.17 83.34 83.59 83.90 84.24 84.61 84.99 85.38 85.80 86.25 86.72 87.22 87.75 88.31 88.88 89.48 90.10 90.75 91.41 92.09 92.79 93.51 94.24 94.98 95.70 96.38 97.02 97.62 98.18 98.70 99.17 99.60 99.99 100.33 100.62 100.86 101.06 101.20 101.29 101.32 101.30 101.23 101.10 100.91 100.66 100.35 99.98 99.54 99.03 98.38 97.55 96.56 95.39 94.06 92.57 90.92 89.11 87.14 85.02 82.75
95.61 93.70 91.80 90.10 88.65 87.45 86.48 85.71 85.14 84.75 84.52 84.43 84.46 84.61 84.85 85.17 85.55 85.98 86.43 86.89 87.36 87.87 88.39 88.95 89.53 90.13 90.75 91.40 92.07 92.75 93.46 94.18 94.92 95.68 96.45 97.23 98.02 98.82 99.59 100.32 101.00 101.64 102.23 102.77 103.26 103.70 104.09 104.43 104.71 104.94 105.11 105.23 105.28 105.28 105.21 105.09 104.90 104.64 104.32 103.94 103.47 102.86 102.07 101.11 99.98 98.68 97.21 95.58 93.79 91.84 89.74 87.48 85.07
96.98 94.81 92.86 91.17 89.76 88.59 87.65 86.92 86.40 86.05 85.86 85.83 85.92 86.13 86.44 86.82 87.27 87.77 88.30 88.84 89.40 89.98 90.59 91.22 91.87 92.54 93.23 93.95 94.68 95.43 96.19 96.97 97.76 98.57 99.39 100.22 101.06 101.91 102.76 103.57 104.34 105.05 105.71 106.32 106.88 107.38 107.82 108.21 108.53 108.80 109.00 109.14 109.22 109.24 109.19 109.07 108.88 108.62 108.29 107.88 107.32 106.58 105.67 104.58 103.32 101.89 100.30 98.54 96.62 94.54 92.30 89.91 87.37
98.20 95.96 94.02 92.36 90.97 89.82 88.92 88.23 87.74 87.43 87.29 87.31 87.45 87.72 88.08 88.53 89.05 89.62 90.22 90.85 91.48 92.14 92.82 93.52 94.24 94.99 95.74 96.52 97.31 98.12 98.94 99.77 100.61 101.47 102.34 103.21 104.09 104.98 105.88 106.76 107.61 108.41 109.15 109.83 110.45 111.01 111.50 111.94 112.31 112.62 112.86 113.03 113.13 113.17 113.13 113.02 112.84 112.58 112.23 111.73 111.06 110.20 109.17 107.96 106.58 105.03 103.32 101.44 99.39 97.19 94.83 92.32 89.65
99.44 97.21 95.28 93.64 92.27 91.15 90.27 89.62 89.16 88.90 88.80 88.86 89.06 89.38 89.80 90.31 90.89 91.53 92.20 92.90 93.61 94.34 95.10 95.87 96.65 97.46 98.28 99.11 99.96 100.82 101.70 102.58 103.47 104.37 105.28 106.20 107.12 108.04 108.97 109.90 110.82 111.70 112.52 113.27 113.96 114.58 115.13 115.62 116.04 116.39 116.67 116.87 117.00 117.06 117.04 116.94 116.76 116.49 116.07 115.46 114.68 113.71 112.56 111.24 109.75 108.09 106.26 104.27 102.11 99.79 97.32 94.69 91.91
100.79 98.57 96.65 95.02 93.67 92.57 91.72 91.09 90.67 90.44 90.38 90.49 90.73 91.10 91.58 92.14 92.79 93.49 94.23 95.00 95.78 96.59 97.41 98.24 99.09 99.96 100.84 101.73 102.63 103.54 104.47 105.40 106.33 107.28 108.23 109.18 110.13 111.09 112.05 113.01 113.97 114.91 115.81 116.63 117.39 118.08 118.69 119.24 119.71 120.10 120.42 120.65 120.81 120.90 120.89 120.81 120.63 120.29 119.77 119.06 118.17 117.10 115.85 114.43 112.83 111.07 109.13 107.03 104.77 102.34 99.76 97.02 94.13
102.25 100.02 98.11 96.50 95.16 94.08 93.25 92.65 92.26 92.06 92.04 92.18 92.47 92.88 93.41 94.03 94.73 95.50 96.30 97.14 97.99 98.86 99.75 100.65 101.56 102.48 103.42 104.36 105.31 106.28 107.24 108.22 109.20 110.18 111.16 112.15 113.14 114.13 115.11 116.10 117.08 118.05 119.01 119.92 120.75 121.50 122.18 122.78 123.30 123.74 124.10 124.37 124.56 124.67 124.69 124.61 124.37 123.94 123.32 122.52 121.54 120.37 119.03 117.51 115.82 113.95 111.92 109.72 107.36 104.84 102.16 99.32 96.33
103.80 101.58 99.67 98.07 96.74 95.68 94.86 94.28 93.92 93.75 93.76 93.94 94.27 94.73 95.30 95.98 96.73 97.55 98.42 99.32 100.24 101.18 102.12 103.08 104.05 105.03 106.01 107.01 108.01 109.02 110.03 111.04 112.06 113.07 114.09 115.11 116.13 117.14 118.15 119.16 120.16 121.15 122.14 123.10 124.00 124.83 125.57 126.23 126.80 127.29 127.70 128.01 128.24 128.37 128.40 128.27 127.95 127.43 126.73 125.84 124.77 123.52 122.09 120.48 118.70 116.75 114.62 112.34 109.88 107.27 104.50 101.57 98.48
105.46 103.23 101.33 99.72 98.41 97.36 96.56 96.00 95.65 95.51 95.55 95.77 96.13 96.63 97.25 97.97 98.78 99.65 100.58 101.54 102.53 103.52 104.53 105.54 106.56 107.59 108.63 109.67 110.71 111.76 112.81 113.86 114.91 115.96 117.01 118.06 119.10 120.14 121.17 122.19 123.21 124.21 125.21 126.20 127.16 128.05 128.86 129.58 130.21 130.76 131.21 131.56 131.82 131.98 131.96 131.76 131.36 130.77 129.98 129.02 127.87 126.54 125.02 123.34 121.47 119.44 117.24 114.87 112.33 109.63 106.78 103.76 100.59
107.21 104.98 103.07 101.47 100.15 99.11 98.33 97.78 97.46 97.34 97.41 97.65 98.05 98.59 99.25 100.01 100.87 101.79 102.78 103.80 104.84 105.89 106.95 108.02 109.09 110.17 111.25 112.33 113.42 114.51 115.59 116.68 117.76 118.84 119.92 120.99 122.05 123.11 124.16 125.20 126.22 127.24 128.25 129.24 130.22 131.17 132.04 132.83 133.52 134.11 134.61 135.01 135.30 135.42 135.34 135.06 134.59 133.93 133.08 132.04 130.82 129.42 127.83 126.07 124.14 122.03 119.75 117.31 114.70 111.93 108.99 105.90 102.66
109.05 106.81 104.90 103.30 101.98 100.95 100.17 99.64 99.33 99.23 99.32 99.59 100.02 100.59 101.29 102.10 103.00 103.97 105.01 106.08 107.18 108.29 109.40 110.52 111.64 112.76 113.88 115.01 116.13 117.25 118.37 119.49 120.60 121.70 122.80 123.90 124.98 126.05 127.12 128.17 129.20 130.23 131.24 132.23 133.21 134.17 135.10 135.95 136.70 137.35 137.90 138.33 138.59 138.65 138.52 138.18 137.65 136.92 136.01 134.91 133.63 132.16 130.51 128.69 126.69 124.51 122.17 119.66 116.98 114.14 111.14 107.98 104.67
110.98 108.73 106.81 105.20 103.89 102.86 102.09 101.56 101.27 101.18 101.30 101.59 102.05 102.65 103.38 104.23 105.17 106.19 107.27 108.40 109.55 110.71 111.87 113.03 114.19 115.36 116.52 117.68 118.84 119.99 121.14 122.29 123.42 124.55 125.67 126.78 127.88 128.97 130.04 131.10 132.15 133.18 134.19 135.18 136.16 137.11 138.04 138.94 139.76 140.47 141.05 141.47 141.68 141.69 141.49 141.10 140.52 139.74 138.78 137.62 136.28 134.76 133.06 131.17 129.12 126.89 124.48 121.91 119.18 116.28 113.22 110.00 106.62
113.01 110.74 108.81 107.19 105.87 104.84 104.07 103.55 103.27 103.20 103.33 103.64 104.12 104.75 105.51 106.39 107.37 108.43 109.56 110.74 111.94 113.15 114.35 115.56 116.76 117.97 119.16 120.36 121.55 122.73 123.91 125.07 126.23 127.38 128.52 129.64 130.75 131.85 132.93 134.00 135.05 136.08 137.09 138.08 139.04 139.99 140.91 141.81 142.67 143.42 144.00 144.37 144.54 144.51 144.27 143.84 143.21 142.38 141.37 140.17 138.78 137.21 135.46 133.53 131.42 129.14 126.69 124.07 121.28 118.33 115.22 111.94 108.51
115.11 112.83 110.88 109.25 107.93 106.89 106.12 105.60 105.32 105.26 105.41 105.74 106.24 106.89 107.68 108.60 109.61 110.71 111.88 113.11 114.36 115.60 116.85 118.10 119.34 120.58 121.81 123.03 124.25 125.46 126.66 127.85 129.02 130.19 131.34 132.47 133.60 134.70 135.79 136.85 137.90 138.93 139.93 140.92 141.88 142.81 143.72 144.60 145.44 146.17 146.71 147.05 147.18 147.11 146.84 146.37 145.70 144.84 143.79 142.54 141.12 139.51 137.71 135.74 133.59 131.27 128.78 126.11 123.28 120.29 117.13 113.81 110.34
