data_output/recharge/precip/Precip_1993_01.asc
ncols        168
nrows        136
xllcorner    455000
yllcorner    2107000
cellsize     500
NODATA_value     -99999
[rows 0 to 33 of 136, columns 78 to 155 of 168]
5.51 5.35 5.19 5.03 4.87 4.71 4.56 4.41 4.26 4.12 3.99 3.87 3.75 3.64 3.54 3.45 3.37 3.31 3.26 3.22 3.20 3.19 3.21 3.23 3.28 3.35 3.43 3.50 3.54 3.57 3.57 3.57 3.57 3.58 3.59 3.61 3.65 3.70 3.78 3.87 3.97 4.09 4.22 4.37 4.53 4.71 4.90 5.10 5.31 5.53 5.76 6.00 6.26 6.52 6.79 7.06 7.35 7.64 7.93 8.23 8.54 8.85 9.17 9.49 9.81 10.14 10.46 10.79 11.12 11.45 11.78 12.11 12.44 12.76 13.08 13.40 13.72 14.04
6.03 5.86 5.69 5.51 5.34 5.17 5.00 4.83 4.67 4.50 4.35 4.20 4.06 3.92 3.80 3.68 3.57 3.48 3.39 3.32 3.27 3.23 3.20 3.19 3.20 3.22 3.27 3.33 3.37 3.39 3.40 3.39 3.39 3.40 3.41 3.44 3.49 3.56 3.64 3.74 3.86 3.98 4.13 4.28 4.45 4.63 4.83 5.03 5.25 5.48 5.71 5.96 6.21 6.48 6.75 7.03 7.31 7.60 7.90 8.20 8.51 8.82 9.13 9.45 9.77 10.09 10.41 10.74 11.06 11.39 11.71 12.03 12.35 12.67 12.99 13.30 13.61 13.91
6.59 6.41 6.23 6.04 5.86 5.67 5.48 5.30 5.11 4.93 4.75 4.58 4.41 4.25 4.10 3.95 3.82 3.69 3.58 3.47 3.38 3.31 3.24 3.20 3.16 3.15 3.15 3.17 3.21 3.23 3.23 3.22 3.22 3.23 3.26 3.30 3.36 3.44 3.53 3.64 3.76 3.90 4.05 4.21 4.39 4.58 4.78 4.99 5.21 5.44 5.68 5.93 6.19 6.45 6.72 7.00 7.29 7.58 7.88 8.18 8.48 8.79 9.10 9.42 9.74 10.05 10.37 10.69 11.01 11.33 11.65 11.96 12.28 12.59 12.90 13.20 13.50 13.79
7.20 7.01 6.81 6.61 6.41 6.21 6.01 5.80 5.60 5.40 5.20 5.01 4.82 4.63 4.45 4.28 4.11 3.96 3.81 3.67 3.55 3.44 3.34 3.25 3.18 3.12 3.09 3.06 3.06 3.07 3.07 3.06 3.06 3.08 3.12 3.18 3.25 3.33 3.44 3.55 3.68 3.83 3.99 4.16 4.34 4.53 4.74 4.95 5.18 5.41 5.66 5.91 6.17 6.44 6.71 6.99 7.28 7.57 7.86 8.16 8.47 8.78 9.08 9.40 9.71 10.02 10.34 10.65 10.97 11.28 11.59 11.90 12.20 12.51 12.81 13.10 13.39 13.67
7.84 7.64 7.44 7.23 7.02 6.80 6.58 6.36 6.14 5.92 5.70 5.48 5.26 5.05 4.85 4.65 4.45 4.27 4.09 3.92 3.76 3.62 3.48 3.36 3.25 3.15 3.07 3.01 2.96 2.93 2.92 2.91 2.93 2.96 3.01 3.07 3.15 3.25 3.36 3.49 3.62 3.78 3.94 4.12 4.31 4.51 4.72 4.94 5.16 5.40 5.65 5.90 6.17 6.43 6.71 6.99 7.28 7.57 7.86 8.16 8.46 8.77 9.07 9.38 9.69 10.00 10.31 10.62 10.92 11.23 11.53 11.83 12.13 12.43 12.72 13.00 13.28 13.56
8.53 8.32 8.10 7.88 7.66 7.42 7.19 6.95 6.71 6.47 6.23 5.99 5.76 5.52 5.29 5.06 4.84 4.62 4.42 4.21 4.02 3.84 3.67 3.51 3.36 3.22 3.10 3.00 2.91 2.83 2.77 2.75 2.78 2.82 2.88 2.96 3.05 3.15 3.27 3.41 3.55 3.71 3.88 4.07 4.26 4.47 4.68 4.91 5.14 5.38 5.63 5.89 6.15 6.42 6.70 6.98 7.26 7.55 7.85 8.15 8.45 8.75 9.05 9.36 9.66 9.96 10.27 10.57 10.87 11.17 11.47 11.76 12.05 12.34 12.62 12.90 13.17 13.43
9.24 9.03 8.80 8.57 8.33 8.08 7.83 7.58 7.32 7.06 6.80 6.54 6.28 6.02 5.77 5.51 5.26 5.02 4.78 4.55 4.32 4.10 3.90 3.70 3.51 3.34 3.18 3.03 2.89 2.76 2.62 2.54 2.56 2.61 2.68 2.77 2.87 2.99 3.12 3.26 3.42 3.59 3.77 3.96 4.16 4.37 4.59 4.82 5.06 5.31 5.56 5.82 6.09 6.36 6.64 6.92 7.21 7.50 7.80 8.09 8.39 8.69 8.99 9.30 9.60 9.90 10.20 10.50 10.80 11.09 11.38 11.67 11.95 12.23 12.51 12.77 13.03 13.29
9.99 9.76 9.53 9.28 9.03 8.77 8.51 8.24 7.96 7.69 7.41 7.12 6.84 6.56 6.28 6.00 5.72 5.45 5.18 4.91 4.66 4.41 4.16 3.93 3.71 3.49 3.29 3.10 2.91 2.70 2.48 2.33 2.29 2.33 2.42 2.52 2.63 2.76 2.90 3.06 3.22 3.40 3.59 3.79 4.00 4.22 4.45 4.68 4.93 5.18 5.44 5.71 5.98 6.26 6.54 6.82 7.11 7.41 7.70 8.00 8.30 8.60 8.90 9.20 9.50 9.80 10.10 10.40 10.69 10.98 11.27 11.55 11.83 12.10 12.37 12.63 12.88 13.13
10.76 10.53 10.28 10.03 9.76 9.49 9.21 8.93 8.64 8.34 8.04 7.74 7.43 7.13 6.82 6.52 6.21 5.91 5.61 5.32 5.03 4.74 4.47 4.20 3.94 3.68 3.44 3.19 2.92 2.64 2.35 2.13 2.01 2.00 2.08 2.19 2.32 2.46 2.62 2.78 2.96 3.15 3.35 3.56 3.78 4.01 4.25 4.49 4.75 5.01 5.27 5.54 5.82 6.10 6.39 6.68 6.97 7.27 7.57 7.87 8.17 8.47 8.77 9.08 9.38 9.68 9.97 10.27 10.56 10.85 11.13 11.41 11.68 11.95 12.21 12.47 12.71 12.95
11.56 11.32 11.06 10.80 10.52 10.24 9.95 9.65 9.34 9.02 8.71 8.38 8.06 7.73 7.40 7.07 6.74 6.41 6.08 5.75 5.43 5.12 4.80 4.50 4.20 3.91 3.61 3.29 2.95 2.60 2.24 1.94 1.76 1.67 1.69 1.80 1.94 2.10 2.27 2.45 2.64 2.84 3.05 3.27 3.51 3.74 3.99 4.25 4.51 4.78 5.05 5.33 5.62 5.91 6.20 6.49 6.79 7.09 7.40 7.70 8.00 8.31 8.61 8.92 9.22 9.52 9.82 10.11 10.40 10.69 10.97 11.24 11.52 11.78 12.04 12.29 12.53 12.77
12.38 12.13 11.87 11.60 11.31 11.01 10.71 10.39 10.07 9.74 9.40 9.06 8.71 8.36 8.00 7.65 7.29 6.93 6.58 6.22 5.87 5.52 5.18 4.84 4.50 4.15 3.78 3.39 2.98 2.56 2.13 1.77 1.51 1.36 1.31 1.36 1.50 1.67 1.85 2.05 2.25 2.47 2.70 2.93 3.17 3.43 3.68 3.95 4.22 4.50 4.79 5.07 5.37 5.66 5.96 6.27 6.57 6.88 7.19 7.50 7.80 8.11 8.42 8.73 9.03 9.33 9.63 9.93 10.22 10.50 10.79 11.06 11.33 11.59 11.85 12.10 12.33 12.57
13.22 12.97 12.70 12.42 12.12 11.81 11.49 11.16 10.82 10.48 10.12 9.76 9.39 9.02 8.64 8.26 7.88 7.49 7.11 6.72 6.34 5.96 5.58 5.20 4.81 4.40 3.96 3.50 3.02 2.53 2.04 1.61 1.28 1.07 0.95 0.93 1.01 1.18 1.38 1.59 1.81 2.04 2.28 2.53 2.79 3.05 3.33 3.60 3.89 4.18 4.47 4.77 5.07 5.38 5.69 6.00 6.31 6.63 6.94 7.26 7.57 7.89 8.20 8.51 8.82 9.12 9.42 9.72 10.01 10.30 10.58 10.86 11.13 11.39 11.64 11.89 12.13 12.35
14.09 13.83 13.55 13.26 12.95 12.63 12.30 11.96 11.60 11.24 10.87 10.49 10.10 9.70 9.30 8.90 8.49 8.08 7.67 7.25 6.84 6.43 6.01 5.58 5.13 4.64 4.13 3.61 3.06 2.51 1.95 1.46 1.07 0.79 0.60 0.52 0.54 0.65 0.85 1.07 1.31 1.56 1.82 2.08 2.35 2.63 2.92 3.21 3.51 3.81 4.12 4.43 4.74 5.06 5.37 5.70 6.02 6.34 6.66 6.99 7.31 7.63 7.95 8.26 8.57 8.88 9.19 9.49 9.79 10.08 10.36 10.64 10.91 11.17 11.42 11.67 11.91 12.13
14.98 14.71 14.43 14.13 13.81 13.48 13.14 12.78 12.41 12.03 11.64 11.24 10.83 10.42 9.99 9.56 9.13 8.69 8.25 7.81 7.37 6.92 6.46 5.96 5.44 4.88 4.31 3.72 3.11 2.49 1.87 1.32 0.87 0.52 0.28 0.13 0.08 0.13 0.28 0.50 0.76 1.02 1.30 1.58 1.87 2.16 2.46 2.77 3.08 3.40 3.71 4.04 4.36 4.69 5.02 5.35 5.69 6.02 6.35 6.68 7.01 7.34 7.67 7.99 8.31 8.62 8.93 9.24 9.54 9.83 10.12 10.40 10.67 10.94 11.19 11.44 11.68 11.90
15.88 15.61 15.32 15.01 14.69 14.35 13.99 13.62 13.24 12.84 12.43 12.02 11.59 11.15 10.71 10.26 9.80 9.34 8.87 8.40 7.92 7.43 6.90 6.33 5.74 5.13 4.49 3.84 3.17 2.49 1.81 1.19 0.68 0.28 0.00 0.00 0.00 0.00 0.00 0.00 0.15 0.43 0.72 1.02 1.33 1.64 1.96 2.28 2.61 2.94 3.27 3.61 3.95 4.29 4.63 4.98 5.32 5.67 6.01 6.35 6.69 7.03 7.36 7.69 8.02 8.34 8.66 8.97 9.28 9.58 9.87 10.15 10.43 10.70 10.95 11.20 11.44 11.67
16.81 16.53 16.23 15.92 15.58 15.23 14.86 14.48 14.08 13.67 13.25 12.81 12.37 11.91 11.45 10.97 10.49 10.00 9.51 9.01 8.48 7.92 7.33 6.70 6.05 5.37 4.67 3.95 3.23 2.49 1.75 1.08 0.51 0.04 0.00 0.00 0.00 0.00 0.00 0.00 0.00 0.00 0.10 0.42 0.74 1.07 1.41 1.75 2.09 2.44 2.79 3.14 3.50 3.85 4.21 4.57 4.93 5.28 5.64 5.99 6.34 6.69 7.03 7.37 7.71 8.04 8.36 8.68 9.00 9.30 9.60 9.89 10.17 10.44 10.70 10.96 11.20 11.43
17.75 17.47 17.16 16.84 16.50 16.14 15.76 15.36 14.95 14.53 14.09 13.63 13.17 12.69 12.21 11.71 11.20 10.69 10.17 9.62 9.03 8.41 7.75 7.06 6.35 5.61 4.85 4.08 3.29 2.50 1.70 0.98 0.35 0.00 0.00 0.00 0.00 0.00 0.00 0.00 0.00 0.00 0.00 0.00 0.11 0.46 0.82 1.18 1.54 1.90 2.27 2.64 3.01 3.38 3.76 4.13 4.50 4.87 5.24 5.60 5.96 6.32 6.68 7.03 7.38 7.72 8.05 8.38 8.70 9.01 9.32 9.61 9.90 10.18 10.45 10.70 10.95 11.18
18.70 18.42 18.11 17.78 17.43 17.06 16.67 16.26 15.84 15.40 14.94 14.47 13.99 13.50 12.99 12.47 11.94 11.40 10.83 10.22 9.57 8.89 8.17 7.42 6.64 5.85 5.03 4.20 3.36 2.51 1.67 0.89 0.21 0.00 0.00 0.00 0.00 0.00 0.00 0.00 0.00 0.00 0.00 0.00 0.00 0.00 0.18 0.56 0.94 1.33 1.71 2.10 2.49 2.88 3.27 3.65 4.04 4.43 4.81 5.19 5.56 5.94 6.30 6.67 7.03 7.38 7.72 8.06 8.39 8.71 9.03 9.33 9.63 9.91 10.18 10.45 10.70 10.94
19.67 19.38 19.07 18.73 18.38 18.00 17.60 17.18 16.74 16.29 15.82 15.33 14.83 14.32 13.79 13.25 12.69 12.11 11.48 10.81 10.10 9.36 8.58 7.77 6.94 6.09 5.22 4.33 3.44 2.53 1.64 0.81 0.07 0.00 0.00 0.00 0.00 0.00 0.00 0.00 0.00 0.00 0.00 0.00 0.00 0.00 0.00 0.00 0.31 0.72 1.12 1.53 1.94 2.34 2.75 3.15 3.56 3.96 4.36 4.75 5.14 5.53 5.91 6.29 6.66 7.02 7.38 7.73 8.07 8.40 8.73 9.04 9.34 9.64 9.92 10.19 10.45 10.69
20.66 20.36 20.05 19.70 19.34 18.95 18.54 18.11 17.66 17.20 16.71 16.21 15.69 15.16 14.61 14.04 13.45 12.81 12.12 11.39 10.62 9.81 8.98 8.12 7.23 6.32 5.40 4.46 3.52 2.56 1.62 0.74 0.00 0.00 0.00 0.00 0.00 0.00 0.00 0.00 0.00 0.00 0.00 0.00 0.00 0.00 0.00 0.00 0.00 0.07 0.49 0.92 1.35 1.78 2.20 2.62 3.05 3.47 3.88 4.29 4.70 5.10 5.50 5.89 6.27 6.65 7.02 7.38 7.74 8.08 8.42 8.74 9.05 9.36 9.65 9.93 10.19 10.44
21.65 21.35 21.03 20.68 20.31 19.92 19.50 19.06 18.60 18.12 17.62 17.10 16.56 16.01 15.44 14.84 14.18 13.48 12.73 11.95 11.12 10.26 9.37 8.45 7.51 6.56 5.58 4.59 3.60 2.60 1.61 0.68 0.00 0.00 0.00 0.00 0.00 0.00 0.00 0.00 0.00 0.00 0.00 0.00 0.00 0.00 0.00 0.00 0.00 0.00 0.00 0.28 0.73 1.18 1.63 2.07 2.51 2.95 3.38 3.81 4.24 4.66 5.07 5.48 5.88 6.27 6.65 7.03 7.40 7.75 8.10 8.44 8.76 9.08 9.38 9.66 9.94 10.20
22.65 22.36 22.03 21.68 21.30 20.90 20.47 20.02 19.55 19.05 18.54 18.01 17.45 16.88 16.27 15.61 14.90 14.14 13.34 12.49 11.61 10.70 9.75 8.79 7.80 6.79 5.76 4.73 3.69 2.64 1.60 0.63 0.00 0.00 0.00 0.00 0.00 0.00 0.00 0.00 0.00 0.00 0.00 0.00 0.00 0.00 0.00 0.00 0.00 0.00 0.00 0.00 0.09 0.56 1.03 1.49 1.95 2.41 2.86 3.31 3.76 4.19 4.62 5.05 5.46 5.87 6.27 6.66 7.05 7.42 7.78 8.13 8.47 8.79 9.11 9.40 9.69 9.96
23.67 23.37 23.04 22.68 22.29 21.88 21.45 20.99 20.51 20.00 19.47 18.92 18.35 17.74 17.08 16.36 15.59 14.78 13.92 13.02 12.09 11.12 10.13 9.11 8.07 7.02 5.95 4.87 3.78 2.69 1.61 0.59 0.00 0.00 0.00 0.00 0.00 0.00 0.00 0.00 0.00 0.00 0.00 0.00 0.00 0.00 0.00 0.00 0.00 0.00 0.00 0.00 0.00 0.00 0.40 0.89 1.37 1.85 2.33 2.80 3.26 3.72 4.17 4.61 5.04 5.47 5.89 6.29 6.69 7.08 7.45 7.82 8.17 8.51 8.84 9.15 9.45 9.73
24.69 24.38 24.05 23.69 23.30 22.88 22.44 21.97 21.48 20.96 20.42 19.85 19.25 18.58 17.86 17.09 16.26 15.40 14.49 13.54 12.55 11.54 10.50 9.43 8.35 7.25 6.13 5.01 3.88 2.75 1.62 0.57 0.00 0.00 0.00 0.00 0.00 0.00 0.00 0.00 0.00 0.00 0.00 0.00 0.00 0.00 0.00 0.00 0.00 0.00 0.00 0.00 0.00 0.00 0.00 0.26 0.77 1.27 1.77 2.26 2.75 3.22 3.69 4.16 4.61 5.06 5.49 5.92 6.33 6.74 7.13 7.51 7.87 8.23 8.57 8.90 9.21 9.50
25.71 25.41 25.07 24.71 24.31 23.89 23.44 22.96 22.46 21.93 21.37 20.77 20.11 19.39 18.62 17.79 16.92 16.00 15.04 14.04 13.01 11.94 10.86 9.75 8.62 7.47 6.31 5.15 3.98 2.81 1.65 0.55 0.00 0.00 0.00 0.00 0.00 0.00 0.00 0.00 0.00 0.00 0.00 0.00 0.00 0.00 0.00 0.00 0.00 0.00 0.00 0.00 0.00 0.00 0.00 0.00 0.15 0.68 1.20 1.71 2.22 2.72 3.21 3.70 4.17 4.64 5.09 5.53 5.97 6.39 6.80 7.20 7.58 7.95 8.31 8.65 8.97 9.28
26.74 26.44 26.10 25.73 25.33 24.90 24.44 23.96 23.44 22.90 22.31 21.66 20.95 20.17 19.35 18.47 17.54 16.58 15.57 14.52 13.45 12.34 11.21 10.05 8.88 7.69 6.50 5.29 4.08 2.87 1.68 0.54 0.00 0.00 0.00 0.00 0.00 0.00 0.00 0.00 0.00 0.00 0.00 0.00 0.00 0.00 0.00 0.00 0.00 0.00 0.00 0.00 0.00 0.00 0.00 0.00 0.00 0.07 0.61 1.15 1.68 2.21 2.72 3.23 3.72 4.21 4.69 5.15 5.60 6.04 6.47 6.89 7.29 7.68 8.05 8.41 8.75 9.08
27.77 27.47 27.13 26.76 26.35 25.92 25.45 24.96 24.43 23.86 23.22 22.52 21.75 20.93 20.05 19.12 18.15 17.14 16.08 14.99 13.87 12.72 11.55 10.35 9.14 7.91 6.68 5.44 4.19 2.95 1.71 0.55 0.00 0.00 0.00 0.00 0.00 0.00 0.00 0.00 0.00 0.00 0.00 0.00 0.00 0.00 0.00 0.00 0.00 0.00 0.00 0.00 0.00 0.00 0.00 0.00 0.00 0.00 0.01 0.58 1.13 1.68 2.22 2.75 3.27 3.78 4.28 4.76 5.24 5.70 6.15 6.58 7.01 7.41 7.80 8.18 8.54 8.88
28.81 28.50 28.16 27.79 27.38 26.94 26.47 25.97 25.41 24.79 24.09 23.34 22.52 21.65 20.73 19.76 18.74 17.68 16.58 15.45 14.28 13.09 11.88 10.64 9.39 8.13 6.86 5.58 4.30 3.03 1.76 0.56 0.00 0.00 0.00 0.00 0.00 0.00 0.00 0.00 0.00 0.00 0.00 0.00 0.00 0.00 0.00 0.00 0.00 0.00 0.00 0.00 0.00 0.00 0.00 0.00 0.00 0.00 0.00 0.00 0.58 1.15 1.71 2.27 2.81 3.35 3.87 4.38 4.87 5.36 5.83 6.29 6.73 7.15 7.56 7.96 8.34 8.70
29.84 29.54 29.20 28.82 28.41 27.97 27.49 26.95 26.35 25.67 24.93 24.13 23.27 22.35 21.38 20.36 19.30 18.20 17.06 15.88 14.68 13.45 12.20 10.93 9.64 8.34 7.04 5.73 4.42 3.11 1.81 0.58 0.00 0.00 0.00 0.00 0.00 0.00 0.00 0.00 0.00 0.00 0.00 0.00 0.00 0.00 0.00 0.00 0.00 0.00 0.00 0.00 0.00 0.00 0.00 0.00 0.00 0.00 0.00 0.00 0.01 0.61 1.20 1.78 2.35 2.91 3.46 3.99 4.51 5.02 5.51 5.99 6.46 6.90 7.34 7.75 8.15 8.53
30.88 30.58 30.23 29.86 29.44 28.99 28.48 27.90 27.25 26.53 25.74 24.89 23.98 23.02 22.00 20.94 19.84 18.70 17.52 16.31 15.07 13.80 12.51 11.21 9.89 8.56 7.22 5.88 4.53 3.20 1.87 0.62 0.00 0.00 0.00 0.00 0.00 0.00 0.00 0.00 0.00 0.00 0.00 0.00 0.00 0.00 0.00 0.00 0.00 0.00 0.00 0.00 0.00 0.00 0.00 0.00 0.00 0.00 0.00 0.00 0.00 0.07 0.69 1.30 1.89 2.48 3.05 3.61 4.16 4.69 5.21 5.71 6.20 6.67 7.12 7.56 7.97 8.37
31.91 31.61 31.27 30.89 30.47 29.99 29.44 28.81 28.11 27.34 26.51 25.61 24.66 23.66 22.60 21.50 20.36 19.18 17.96 16.71 15.44 14.14 12.81 11.48 10.12 8.76 7.39 6.02 4.66 3.29 1.94 0.66 0.00 0.00 0.00 0.00 0.00 0.00 0.00 0.00 0.00 0.00 0.00 0.00 0.00 0.00 0.00 0.00 0.00 0.00 0.00 0.00 0.00 0.00 0.00 0.00 0.00 0.00 0.00 0.00 0.00 0.00 0.17 0.81 1.43 2.05 2.65 3.23 3.81 4.36 4.91 5.43 5.94 6.44 6.92 7.38 7.82 8.24
32.94 32.64 32.30 31.92 31.47 30.95 30.35 29.67 28.93 28.12 27.24 26.30 25.31 24.27 23.17 22.04 20.86 19.64 18.39 17.10 15.79 14.46 13.11 11.74 10.36 8.97 7.57 6.17 4.78 3.39 2.02 0.71 0.00 0.00 0.00 0.00 0.00 0.00 0.00 0.00 0.00 0.00 0.00 0.00 0.00 0.00 0.00 0.00 0.00 0.00 0.00 0.00 0.00 0.00 0.00 0.00 0.00 0.00 0.00 0.00 0.00 0.00 0.00 0.32 0.98 1.62 2.25 2.86 3.46 4.05 4.62 5.17 5.71 6.23 6.73 7.21 7.68 8.13
33.97 33.67 33.33 32.92 32.43 31.86 31.22 30.50 29.71 28.86 27.94 26.96 25.93 24.85 23.72 22.54 21.33 20.08 18.79 17.48 16.14 14.77 13.39 11.99 10.58 9.17 7.75 6.32 4.90 3.49 2.10 0.77 0.00 0.00 0.00 0.00 0.00 0.00 0.00 0.00 0.00 0.00 0.00 0.00 0.00 0.00 0.00 0.00 0.00 0.00 0.00 0.00 0.00 0.00 0.00 0.00 0.00 0.00 0.00 0.00 0.00 0.00 0.00 0.00 0.52 1.20 1.85 2.50 3.13 3.74 4.34 4.92 5.48 6.03 6.56 7.07 7.56 8.05
34.99 34.69 34.32 33.87 33.34 32.73 32.04 31.28 30.45 29.56 28.60 27.59 26.52 25.40 24.24 23.03 21.78 20.50 19.18 17.83 16.46 15.07 13.66 12.24 10.80 9.36 7.92 6.47 5.03 3.60 2.18 0.83 0.00 0.00 0.00 0.00 0.00 0.00 0.00 0.00 0.00 0.00 0.00 0.00 0.00 0.00 0.00 0.00 0.00 0.00 0.00 0.00 0.00 0.00 0.00 0.00 0.00 0.00 0.00 0.00 0.00 0.00 0.00 0.00 0.07 0.78 1.47 2.14 2.80 3.45 4.07 4.68 5.27 5.85 6.40 6.94 7.48 8.01
