data_output/recharge/precip/Precip_2013_08.asc
ncols        168
nrows        136
xllcorner    455000
yllcorner    2107000
cellsize     500
NODATA_value     -99999
[rows 0 to 31 of 136, columns 73 to 145 of 168]
94.24 92.84 91.40 89.99 88.62 87.29 86.00 84.76 83.56 82.40 81.29 80.23 79.21 78.25 77.34 76.48 75.67 74.92 74.23 73.59 73.02 72.51 72.10 71.77 71.53 71.37 71.29 71.29 71.36 71.50 71.71 71.98 72.31 72.69 73.13 73.61 74.14 74.70 75.31 75.95 76.63 77.33 78.07 78.83 79.61 80.41 81.22 82.03 82.85 83.67 84.48 85.28 86.06 86.82 87.56 88.27 88.95 89.59 90.19 90.71 91.10 91.36 91.49 91.49 91.38 91.14 90.79 90.34 89.77 89.10 88.33 87.47 86.51
94.87 93.45 92.00 90.58 89.19 87.84 86.54 85.27 84.05 82.87 81.74 80.66 79.62 78.64 77.70 76.82 75.99 75.21 74.49 73.83 73.22 72.68 72.20 71.82 71.52 71.31 71.19 71.14 71.17 71.27 71.43 71.67 71.96 72.32 72.73 73.19 73.70 74.25 74.84 75.47 76.15 76.85 77.60 78.36 79.15 79.96 80.79 81.62 82.46 83.30 84.13 84.96 85.78 86.57 87.35 88.10 88.81 89.50 90.14 90.71 91.15 91.47 91.65 91.72 91.66 91.49 91.21 90.82 90.33 89.73 89.04 88.26 87.39
95.49 94.07 92.60 91.16 89.76 88.40 87.07 85.79 84.55 83.35 82.20 81.10 80.04 79.03 78.07 77.17 76.31 75.51 74.76 74.07 73.44 72.87 72.35 71.91 71.56 71.29 71.11 71.02 71.00 71.05 71.18 71.38 71.64 71.97 72.35 72.78 73.27 73.80 74.38 75.01 75.68 76.39 77.13 77.90 78.70 79.52 80.36 81.21 82.06 82.92 83.78 84.63 85.48 86.30 87.11 87.90 88.65 89.38 90.06 90.68 91.17 91.54 91.78 91.90 91.90 91.80 91.58 91.26 90.84 90.32 89.70 89.00 88.21
96.12 94.68 93.21 91.75 90.33 88.95 87.61 86.31 85.05 83.84 82.67 81.54 80.46 79.43 78.45 77.52 76.64 75.82 75.04 74.33 73.67 73.07 72.53 72.04 71.63 71.31 71.08 70.93 70.86 70.87 70.96 71.12 71.34 71.63 71.98 72.39 72.86 73.37 73.94 74.56 75.22 75.93 76.67 77.45 78.25 79.08 79.93 80.79 81.66 82.54 83.42 84.30 85.16 86.02 86.86 87.68 88.47 89.23 89.96 90.62 91.16 91.57 91.87 92.04 92.11 92.06 91.91 91.65 91.30 90.85 90.31 89.68 88.97
96.75 95.30 93.82 92.35 90.91 89.52 88.16 86.84 85.57 84.33 83.14 82.00 80.90 79.84 78.84 77.89 76.98 76.13 75.34 74.60 73.91 73.28 72.71 72.20 71.75 71.37 71.08 70.88 70.76 70.73 70.77 70.89 71.07 71.33 71.65 72.02 72.46 72.96 73.52 74.13 74.78 75.49 76.23 77.01 77.81 78.65 79.50 80.38 81.26 82.16 83.05 83.95 84.84 85.73 86.59 87.44 88.27 89.07 89.84 90.54 91.12 91.58 91.93 92.16 92.27 92.29 92.19 92.00 91.71 91.33 90.86 90.31 89.67
97.39 95.93 94.43 92.94 91.50 90.08 88.71 87.38 86.08 84.83 83.62 82.46 81.34 80.26 79.24 78.26 77.34 76.46 75.64 74.87 74.16 73.51 72.91 72.37 71.89 71.47 71.13 70.87 70.70 70.62 70.61 70.68 70.83 71.05 71.33 71.68 72.10 72.58 73.12 73.72 74.37 75.06 75.80 76.58 77.38 78.22 79.08 79.97 80.86 81.77 82.69 83.60 84.52 85.42 86.32 87.20 88.06 88.89 89.69 90.43 91.06 91.57 91.96 92.24 92.41 92.47 92.44 92.31 92.09 91.77 91.37 90.89 90.33
98.02 96.55 95.04 93.54 92.08 90.66 89.27 87.92 86.61 85.34 84.11 82.93 81.79 80.69 79.65 78.65 77.70 76.80 75.96 75.16 74.43 73.74 73.12 72.55 72.05 71.60 71.22 70.90 70.68 70.54 70.49 70.51 70.62 70.79 71.04 71.37 71.76 72.23 72.75 73.33 73.97 74.66 75.39 76.16 76.97 77.81 78.68 79.56 80.47 81.39 82.32 83.25 84.18 85.11 86.03 86.94 87.83 88.69 89.53 90.31 90.98 91.53 91.96 92.29 92.51 92.63 92.65 92.58 92.42 92.17 91.84 91.43 90.94
98.66 97.18 95.66 94.15 92.68 91.23 89.83 88.47 87.14 85.85 84.61 83.40 82.24 81.13 80.06 79.04 78.07 77.15 76.28 75.47 74.70 74.00 73.35 72.75 72.22 71.74 71.33 70.98 70.70 70.51 70.40 70.38 70.44 70.58 70.79 71.09 71.46 71.90 72.41 72.98 73.60 74.28 75.00 75.77 76.57 77.41 78.28 79.17 80.08 81.01 81.95 82.90 83.85 84.80 85.74 86.67 87.59 88.49 89.36 90.17 90.87 91.46 91.94 92.32 92.59 92.76 92.84 92.82 92.72 92.53 92.26 91.92 91.50
99.30 97.82 96.28 94.76 93.27 91.82 90.40 89.02 87.68 86.37 85.11 83.89 82.71 81.58 80.49 79.45 78.46 77.52 76.62 75.78 75.00 74.26 73.59 72.97 72.40 71.90 71.46 71.08 70.76 70.52 70.36 70.28 70.30 70.40 70.59 70.86 71.20 71.62 72.10 72.65 73.26 73.92 74.64 75.40 76.19 77.03 77.90 78.79 79.71 80.65 81.60 82.56 83.52 84.49 85.45 86.40 87.34 88.27 89.17 90.02 90.76 91.38 91.90 92.32 92.64 92.86 92.99 93.03 92.98 92.85 92.65 92.37 92.02
99.95 98.46 96.91 95.38 93.88 92.41 90.98 89.58 88.22 86.91 85.63 84.39 83.19 82.04 80.93 79.87 78.86 77.89 76.98 76.11 75.30 74.55 73.84 73.20 72.61 72.08 71.60 71.20 70.85 70.56 70.35 70.23 70.20 70.27 70.42 70.66 70.98 71.37 71.83 72.36 72.95 73.60 74.30 75.05 75.84 76.67 77.53 78.43 79.35 80.29 81.25 82.22 83.20 84.18 85.16 86.13 87.09 88.04 88.97 89.85 90.62 91.29 91.85 92.31 92.67 92.94 93.11 93.20 93.21 93.14 93.00 92.78 92.50
100.60 99.10 97.55 96.00 94.49 93.01 91.56 90.15 88.78 87.45 86.15 84.89 83.68 82.51 81.38 80.30 79.27 78.28 77.35 76.46 75.62 74.84 74.11 73.44 72.83 72.27 71.77 71.33 70.95 70.64 70.39 70.23 70.16 70.19 70.31 70.51 70.80 71.16 71.60 72.11 72.68 73.31 73.99 74.73 75.51 76.33 77.19 78.08 79.00 79.95 80.91 81.89 82.88 83.87 84.87 85.86 86.84 87.82 88.77 89.68 90.48 91.18 91.78 92.27 92.68 92.99 93.21 93.36 93.42 93.40 93.32 93.16 92.94
101.26 99.75 98.19 96.63 95.11 93.62 92.16 90.73 89.35 88.00 86.68 85.41 84.18 82.99 81.85 80.75 79.69 78.69 77.73 76.82 75.96 75.15 74.40 73.70 73.06 72.48 71.95 71.49 71.08 70.74 70.47 70.28 70.18 70.16 70.24 70.41 70.67 71.00 71.41 71.89 72.44 73.05 73.72 74.44 75.20 76.02 76.87 77.76 78.68 79.62 80.59 81.57 82.57 83.57 84.58 85.59 86.59 87.59 88.57 89.50 90.33 91.06 91.69 92.23 92.67 93.03 93.30 93.49 93.60 93.64 93.61 93.51 93.35
101.93 100.41 98.84 97.27 95.74 94.23 92.76 91.32 89.92 88.56 87.23 85.94 84.69 83.49 82.32 81.20 80.13 79.10 78.12 77.19 76.31 75.48 74.71 73.98 73.32 72.71 72.15 71.66 71.23 70.87 70.59 70.38 70.24 70.19 70.23 70.36 70.58 70.88 71.26 71.72 72.24 72.83 73.48 74.18 74.93 75.73 76.58 77.46 78.37 79.32 80.28 81.27 82.27 83.29 84.31 85.33 86.35 87.36 88.36 89.32 90.18 90.94 91.60 92.17 92.65 93.05 93.36 93.60 93.76 93.85 93.87 93.83 93.73
102.60 101.08 99.49 97.92 96.37 94.85 93.37 91.92 90.51 89.13 87.79 86.48 85.22 83.99 82.81 81.68 80.58 79.53 78.53 77.58 76.68 75.83 75.03 74.28 73.59 72.95 72.37 71.86 71.41 71.03 70.73 70.51 70.35 70.27 70.27 70.37 70.55 70.82 71.16 71.59 72.08 72.65 73.27 73.96 74.70 75.48 76.31 77.19 78.09 79.03 80.00 80.99 82.00 83.02 84.05 85.08 86.11 87.14 88.16 89.14 90.02 90.81 91.50 92.10 92.62 93.05 93.41 93.69 93.89 94.03 94.11 94.12 94.08
103.27 101.75 100.15 98.57 97.01 95.49 93.99 92.53 91.10 89.71 88.35 87.03 85.75 84.51 83.32 82.16 81.05 79.98 78.96 77.99 77.06 76.19 75.37 74.60 73.88 73.22 72.62 72.08 71.62 71.23 70.92 70.67 70.50 70.40 70.37 70.43 70.57 70.80 71.11 71.51 71.97 72.51 73.11 73.77 74.49 75.26 76.08 76.94 77.84 78.78 79.74 80.73 81.74 82.76 83.80 84.84 85.88 86.93 87.96 88.96 89.87 90.68 91.40 92.03 92.58 93.05 93.44 93.76 94.02 94.20 94.33 94.39 94.41
103.95 102.43 100.83 99.23 97.67 96.13 94.62 93.15 91.71 90.30 88.93 87.60 86.30 85.05 83.83 82.66 81.53 80.44 79.40 78.41 77.46 76.57 75.72 74.93 74.19 73.51 72.89 72.35 71.87 71.47 71.13 70.87 70.68 70.56 70.52 70.54 70.65 70.84 71.12 71.48 71.91 72.42 72.99 73.63 74.33 75.08 75.89 76.73 77.62 78.55 79.50 80.49 81.50 82.52 83.56 84.61 85.67 86.72 87.78 88.79 89.72 90.55 91.30 91.96 92.54 93.04 93.47 93.83 94.12 94.35 94.53 94.64 94.71
104.65 103.11 101.51 99.90 98.33 96.78 95.27 93.78 92.33 90.91 89.53 88.18 86.87 85.60 84.37 83.17 82.03 80.92 79.86 78.85 77.88 76.97 76.10 75.28 74.52 73.83 73.20 72.65 72.16 71.74 71.39 71.11 70.91 70.77 70.70 70.71 70.78 70.94 71.18 71.50 71.90 72.38 72.92 73.54 74.21 74.94 75.73 76.56 77.43 78.35 79.30 80.28 81.28 82.31 83.35 84.41 85.47 86.53 87.60 88.63 89.57 90.43 91.20 91.88 92.49 93.03 93.49 93.89 94.22 94.49 94.71 94.87 94.99
105.34 103.81 102.19 100.58 99.00 97.44 95.92 94.42 92.96 91.53 90.13 88.77 87.45 86.16 84.91 83.70 82.54 81.42 80.34 79.31 78.32 77.38 76.49 75.66 74.89 74.19 73.55 72.98 72.48 72.05 71.69 71.39 71.17 71.01 70.93 70.91 70.97 71.09 71.29 71.58 71.94 72.39 72.90 73.49 74.14 74.85 75.61 76.42 77.28 78.19 79.12 80.10 81.10 82.12 83.16 84.22 85.29 86.36 87.44 88.48 89.44 90.31 91.10 91.81 92.45 93.01 93.51 93.94 94.31 94.62 94.88 95.09 95.25
106.05 104.51 102.89 101.27 99.68 98.12 96.58 95.08 93.60 92.16 90.75 89.38 88.04 86.74 85.47 84.25 83.07 81.93 80.83 79.78 78.78 77.82 76.91 76.07 75.29 74.58 73.93 73.36 72.85 72.40 72.02 71.72 71.47 71.30 71.20 71.16 71.19 71.29 71.47 71.71 72.04 72.45 72.93 73.49 74.11 74.79 75.53 76.33 77.17 78.06 78.98 79.95 80.94 81.96 83.00 84.06 85.13 86.21 87.29 88.34 89.32 90.21 91.02 91.75 92.41 93.00 93.52 93.99 94.39 94.74 95.04 95.29 95.50
106.77 105.23 103.60 101.98 100.38 98.80 97.26 95.74 94.26 92.80 91.38 90.00 88.64 87.33 86.05 84.81 83.62 82.46 81.34 80.27 79.25 78.28 77.36 76.51 75.73 75.01 74.36 73.77 73.25 72.79 72.40 72.08 71.82 71.63 71.51 71.45 71.46 71.54 71.69 71.91 72.20 72.57 73.02 73.54 74.13 74.79 75.51 76.28 77.10 77.97 78.88 79.83 80.82 81.83 82.86 83.92 84.99 86.07 87.16 88.22 89.21 90.11 90.94 91.69 92.37 92.99 93.54 94.03 94.47 94.86 95.20 95.49 95.74
107.50 105.95 104.32 102.69 101.08 99.50 97.95 96.42 94.93 93.46 92.03 90.63 89.27 87.94 86.65 85.39 84.18 83.01 81.87 80.79 79.75 78.77 77.85 77.00 76.21 75.48 74.82 74.22 73.69 73.22 72.82 72.48 72.21 72.00 71.86 71.79 71.78 71.84 71.96 72.16 72.42 72.75 73.16 73.65 74.21 74.84 75.53 76.27 77.07 77.93 78.82 79.76 80.73 81.73 82.76 83.81 84.88 85.97 87.06 88.13 89.12 90.04 90.88 91.64 92.35 92.98 93.56 94.08 94.55 94.97 95.35 95.68 95.97
108.23 106.68 105.05 103.41 101.80 100.21 98.65 97.12 95.61 94.14 92.69 91.28 89.90 88.56 87.26 85.99 84.76 83.57 82.42 81.32 80.28 79.30 78.38 77.52 76.73 76.00 75.33 74.72 74.18 73.70 73.28 72.93 72.64 72.42 72.26 72.17 72.14 72.18 72.28 72.45 72.69 72.99 73.37 73.82 74.34 74.94 75.60 76.32 77.10 77.92 78.80 79.72 80.68 81.67 82.69 83.74 84.80 85.89 86.98 88.05 89.05 89.98 90.83 91.61 92.33 92.99 93.59 94.14 94.63 95.09 95.49 95.86 96.20
108.98 107.43 105.79 104.15 102.53 100.93 99.36 97.82 96.31 94.82 93.37 91.95 90.56 89.21 87.89 86.60 85.36 84.16 83.00 81.89 80.85 79.87 78.95 78.09 77.29 76.55 75.87 75.26 74.70 74.21 73.79 73.42 73.12 72.88 72.71 72.60 72.55 72.57 72.65 72.80 73.01 73.29 73.63 74.05 74.54 75.10 75.72 76.42 77.17 77.97 78.83 79.73 80.67 81.65 82.66 83.70 84.76 85.84 86.93 88.00 89.01 89.94 90.80 91.60 92.33 93.01 93.63 94.20 94.72 95.20 95.64 96.05 96.42
109.74 108.19 106.54 104.89 103.27 101.67 100.09 98.54 97.02 95.53 94.06 92.63 91.23 89.86 88.53 87.24 85.98 84.76 83.60 82.50 81.46 80.48 79.56 78.69 77.89 77.14 76.46 75.84 75.28 74.78 74.34 73.96 73.65 73.39 73.20 73.07 73.01 73.01 73.07 73.19 73.38 73.64 73.96 74.34 74.79 75.31 75.91 76.57 77.29 78.07 78.90 79.78 80.71 81.67 82.67 83.69 84.74 85.82 86.91 87.98 88.99 89.93 90.80 91.60 92.35 93.04 93.68 94.28 94.82 95.33 95.80 96.23 96.64
110.50 108.95 107.31 105.66 104.03 102.42 100.84 99.28 97.75 96.25 94.77 93.33 91.92 90.54 89.20 87.89 86.62 85.41 84.25 83.15 82.11 81.13 80.21 79.34 78.53 77.78 77.09 76.46 75.89 75.38 74.93 74.55 74.22 73.95 73.74 73.60 73.52 73.49 73.54 73.64 73.81 74.04 74.33 74.69 75.11 75.60 76.15 76.78 77.47 78.22 79.03 79.89 80.79 81.73 82.71 83.73 84.77 85.84 86.92 87.99 89.00 89.94 90.82 91.63 92.39 93.10 93.75 94.36 94.93 95.46 95.96 96.43 96.86
111.29 109.73 108.09 106.43 104.80 103.18 101.59 100.03 98.49 96.98 95.50 94.05 92.63 91.24 89.88 88.57 87.30 86.09 84.94 83.85 82.81 81.82 80.90 80.03 79.22 78.47 77.77 77.14 76.56 76.04 75.58 75.18 74.84 74.56 74.33 74.17 74.07 74.03 74.06 74.14 74.28 74.49 74.76 75.09 75.48 75.94 76.46 77.05 77.71 78.43 79.21 80.04 80.92 81.85 82.81 83.81 84.84 85.89 86.97 88.04 89.04 89.98 90.86 91.69 92.45 93.17 93.84 94.47 95.06 95.61 96.13 96.62 97.10
112.08 110.53 108.88 107.22 105.58 103.96 102.37 100.80 99.25 97.73 96.24 94.78 93.35 91.95 90.59 89.28 88.02 86.82 85.67 84.58 83.54 82.56 81.63 80.76 79.95 79.19 78.50 77.85 77.27 76.74 76.27 75.86 75.51 75.21 74.98 74.80 74.68 74.62 74.63 74.69 74.81 75.00 75.24 75.55 75.91 76.34 76.83 77.39 78.01 78.70 79.45 80.25 81.11 82.01 82.95 83.93 84.95 85.99 87.06 88.12 89.12 90.06 90.94 91.77 92.54 93.27 93.95 94.59 95.20 95.77 96.32 96.84 97.35
112.88 111.34 109.68 108.02 106.38 104.76 103.16 101.58 100.03 98.50 97.01 95.54 94.09 92.69 91.33 90.03 88.78 87.59 86.44 85.35 84.32 83.34 82.42 81.54 80.73 79.97 79.27 78.62 78.03 77.49 77.01 76.59 76.23 75.92 75.67 75.48 75.34 75.27 75.25 75.30 75.40 75.56 75.78 76.06 76.40 76.81 77.27 77.79 78.38 79.03 79.75 80.52 81.35 82.23 83.15 84.11 85.11 86.14 87.19 88.24 89.24 90.17 91.05 91.88 92.66 93.39 94.08 94.74 95.36 95.95 96.52 97.08 97.63
113.70 112.16 110.50 108.84 107.19 105.57 103.96 102.38 100.82 99.29 97.79 96.31 94.86 93.47 92.12 90.83 89.59 88.40 87.26 86.18 85.14 84.17 83.24 82.37 81.56 80.79 80.08 79.43 78.83 78.29 77.80 77.37 77.00 76.68 76.41 76.21 76.06 75.97 75.93 75.96 76.04 76.18 76.38 76.63 76.95 77.33 77.76 78.25 78.81 79.43 80.11 80.85 81.65 82.50 83.40 84.34 85.32 86.33 87.37 88.41 89.40 90.32 91.20 92.03 92.81 93.54 94.24 94.91 95.54 96.16 96.76 97.36 97.94
114.54 112.99 111.34 109.67 108.02 106.39 104.79 103.20 101.64 100.10 98.58 97.10 95.67 94.28 92.95 91.67 90.43 89.25 88.12 87.04 86.01 85.04 84.12 83.25 82.43 81.66 80.95 80.30 79.69 79.14 78.65 78.21 77.82 77.49 77.21 76.99 76.83 76.72 76.67 76.67 76.74 76.85 77.03 77.26 77.56 77.90 78.31 78.78 79.30 79.89 80.53 81.24 82.01 82.83 83.70 84.62 85.58 86.57 87.59 88.62 89.60 90.52 91.39 92.21 92.99 93.73 94.44 95.11 95.76 96.41 97.04 97.67 98.28
115.38 113.84 112.19 110.52 108.87 107.24 105.62 104.03 102.47 100.92 99.41 97.94 96.52 95.15 93.82 92.55 91.33 90.15 89.03 87.95 86.93 85.96 85.04 84.17 83.35 82.59 81.87 81.21 80.60 80.04 79.54 79.09 78.70 78.35 78.07 77.83 77.65 77.53 77.46 77.45 77.49 77.59 77.74 77.95 78.22 78.54 78.93 79.37 79.86 80.42 81.03 81.70 82.43 83.22 84.07 84.96 85.89 86.86 87.87 88.88 89.84 90.75 91.61 92.43 93.21 93.95 94.66 95.35 96.03 96.70 97.36 98.02 98.66
116.25 114.71 113.05 111.38 109.73 108.10 106.48 104.89 103.31 101.77 100.27 98.82 97.41 96.05 94.74 93.48 92.26 91.10 89.98 88.91 87.90 86.93 86.01 85.14 84.32 83.56 82.84 82.18 81.56 81.00 80.49 80.03 79.63 79.27 78.98 78.73 78.54 78.40 78.31 78.28 78.30 78.38 78.52 78.70 78.95 79.25 79.60 80.01 80.48 81.01 81.59 82.23 82.93 83.68 84.49 85.35 86.26 87.21 88.20 89.19 90.14 91.03 91.89 92.70 93.47 94.21 94.93 95.64 96.35 97.05 97.74 98.42 99.09
