data_output/recharge/precip/Precip_1993_06.asc
ncols        168
nrows        136
xllcorner    455000
yllcorner    2107000
cellsize     500
NODATA_value     -99999
[rows 96 to 127 of 136, columns 71 to 141 of 168]
257.79 253.02 248.26 243.52 238.81 234.11 229.44 224.80 220.20 215.62 211.08 206.59 202.13 197.72 193.35 189.04 184.78 180.59 176.53 172.65 168.95 165.45 162.16 159.09 156.25 153.65 151.32 149.25 147.46 145.97 144.79 143.84 142.97 142.12 141.31 140.53 139.78 139.06 138.37 137.71 137.08 136.49 135.93 135.39 134.89 134.44 134.04 133.71 133.44 133.24 133.08 132.99 132.94 132.95 133.00 133.10 133.24 133.43 133.65 133.92 134.21 134.55 134.91 135.30 135.72 136.16 136.62 137.11 137.61 138.13 138.66
262.36 257.43 252.51 247.61 242.73 237.87 233.03 228.22 223.44 218.70 213.98 209.31 204.67 200.08 195.53 191.04 186.61 182.31 178.17 174.21 170.45 166.88 163.53 160.41 157.53 154.90 152.53 150.44 148.64 147.13 145.94 145.00 144.12 143.28 142.46 141.68 140.93 140.21 139.52 138.86 138.24 137.64 137.07 136.54 136.04 135.57 135.14 134.78 134.48 134.24 134.05 133.92 133.85 133.83 133.85 133.92 134.04 134.20 134.40 134.64 134.92 135.23 135.57 135.95 136.35 136.77 137.22 137.69 138.18 138.68 139.20
266.96 261.87 256.78 251.72 246.66 241.63 236.62 231.64 226.68 221.75 216.86 212.00 207.18 202.40 197.66 192.99 188.44 184.06 179.84 175.81 171.97 168.35 164.94 161.77 158.85 156.18 153.78 151.67 149.84 148.33 147.13 146.19 145.31 144.46 143.65 142.87 142.12 141.39 140.70 140.05 139.42 138.82 138.26 137.72 137.22 136.75 136.31 135.91 135.58 135.31 135.09 134.93 134.83 134.78 134.77 134.82 134.91 135.05 135.23 135.45 135.70 135.99 136.31 136.67 137.05 137.46 137.89 138.34 138.82 139.31 139.82
271.60 266.34 261.08 255.84 250.61 245.40 240.20 235.04 229.90 224.78 219.70 214.65 209.64 204.67 199.75 194.96 190.32 185.84 181.54 177.44 173.54 169.85 166.39 163.17 160.20 157.49 155.06 152.92 151.08 149.56 148.35 147.41 146.53 145.68 144.87 144.09 143.33 142.61 141.92 141.26 140.64 140.04 139.47 138.94 138.44 137.96 137.52 137.11 136.75 136.44 136.20 136.01 135.88 135.80 135.77 135.79 135.85 135.97 136.12 136.32 136.55 136.82 137.12 137.46 137.82 138.21 138.63 139.07 139.53 140.01 140.51
276.27 270.83 265.39 259.96 254.55 249.16 243.78 238.42 233.09 227.78 222.50 217.26 212.05 206.89 201.85 196.95 192.22 187.66 183.28 179.10 175.13 171.38 167.86 164.59 161.58 158.84 156.38 154.22 152.36 150.82 149.61 148.66 147.78 146.94 146.12 145.34 144.59 143.86 143.17 142.51 141.89 141.29 140.72 140.19 139.68 139.21 138.77 138.36 137.98 137.65 137.37 137.15 136.99 136.88 136.83 136.82 136.86 136.95 137.08 137.26 137.47 137.72 138.00 138.32 138.66 139.04 139.44 139.87 140.31 140.78 141.27
280.97 275.34 269.71 264.10 258.50 252.91 247.33 241.78 236.25 230.75 225.27 219.82 214.42 209.13 203.98 198.99 194.16 189.51 185.05 180.80 176.76 172.95 169.37 166.06 163.00 160.22 157.73 155.54 153.66 152.11 150.90 149.95 149.07 148.22 147.41 146.62 145.87 145.15 144.46 143.80 143.17 142.57 142.01 141.47 140.97 140.49 140.05 139.64 139.26 138.91 138.61 138.36 138.17 138.03 137.95 137.92 137.94 138.00 138.11 138.26 138.45 138.68 138.95 139.25 139.58 139.93 140.32 140.73 141.17 141.62 142.10
285.68 279.86 274.04 268.23 262.43 256.64 250.87 245.12 239.38 233.67 227.98 222.34 216.80 211.40 206.14 201.05 196.13 191.39 186.85 182.52 178.42 174.54 170.92 167.55 164.45 161.63 159.11 156.90 155.00 153.44 152.22 151.27 150.39 149.54 148.73 147.94 147.19 146.47 145.78 145.12 144.49 143.89 143.32 142.79 142.28 141.81 141.37 140.95 140.57 140.22 139.91 139.63 139.41 139.25 139.14 139.09 139.08 139.12 139.21 139.34 139.51 139.71 139.96 140.24 140.55 140.90 141.27 141.67 142.09 142.53 142.99
290.41 284.39 278.37 272.36 266.35 260.36 254.38 248.42 242.47 236.55 230.66 224.87 219.22 213.70 208.34 203.15 198.13 193.31 188.69 184.29 180.11 176.18 172.49 169.08 165.93 163.08 160.53 158.29 156.38 154.80 153.57 152.62 151.74 150.90 150.08 149.30 148.54 147.82 147.13 146.47 145.84 145.24 144.67 144.13 143.63 143.16 142.71 142.30 141.92 141.57 141.25 140.97 140.72 140.53 140.40 140.32 140.28 140.30 140.36 140.47 140.62 140.81 141.04 141.30 141.60 141.93 142.28 142.67 143.08 143.51 143.96
295.14 288.92 282.69 276.47 270.26 264.05 257.86 251.68 245.52 239.39 233.35 227.44 221.66 216.03 210.57 205.28 200.17 195.26 190.56 186.08 181.84 177.84 174.10 170.64 167.45 164.56 161.98 159.72 157.78 156.20 154.96 154.01 153.13 152.28 151.47 150.68 149.93 149.20 148.51 147.85 147.22 146.62 146.05 145.52 145.01 144.54 144.09 143.68 143.30 142.95 142.63 142.34 142.09 141.87 141.71 141.61 141.55 141.54 141.59 141.67 141.80 141.97 142.18 142.43 142.71 143.02 143.36 143.73 144.13 144.55 144.99
299.88 293.44 287.01 280.57 274.14 267.72 261.30 254.90 248.53 242.24 236.07 230.04 224.14 218.40 212.83 207.44 202.24 197.24 192.46 187.91 183.60 179.54 175.75 172.23 169.00 166.08 163.46 161.17 159.22 157.62 156.38 155.43 154.55 153.70 152.89 152.10 151.35 150.62 149.93 149.27 148.64 148.04 147.47 146.93 146.43 145.95 145.51 145.09 144.71 144.36 144.04 143.76 143.50 143.27 143.09 142.96 142.88 142.85 142.87 142.94 143.04 143.20 143.39 143.62 143.88 144.18 144.51 144.86 145.25 145.65 146.09
304.61 297.96 291.31 284.65 277.99 271.35 264.70 258.09 251.55 245.13 238.83 232.67 226.66 220.80 215.13 209.64 204.34 199.26 194.40 189.77 185.39 181.27 177.42 173.86 170.59 167.62 164.98 162.67 160.70 159.08 157.84 156.89 156.01 155.16 154.34 153.55 152.80 152.07 151.38 150.72 150.09 149.49 148.92 148.38 147.87 147.40 146.95 146.54 146.16 145.81 145.49 145.20 144.94 144.72 144.52 144.37 144.27 144.21 144.21 144.26 144.35 144.48 144.65 144.87 145.11 145.40 145.71 146.05 146.43 146.82 147.24
309.34 302.47 295.58 288.70 281.81 274.93 268.07 261.29 254.61 248.05 241.62 235.33 229.20 223.24 217.46 211.87 206.48 201.31 196.37 191.67 187.22 183.04 179.13 175.52 172.20 169.20 166.53 164.19 162.20 160.58 159.33 158.37 157.49 156.64 155.82 155.04 154.28 153.56 152.86 152.20 151.57 150.97 150.40 149.86 149.36 148.88 148.44 148.02 147.64 147.29 146.97 146.68 146.42 146.19 146.00 145.83 145.71 145.64 145.61 145.64 145.71 145.82 145.98 146.17 146.41 146.67 146.97 147.31 147.67 148.05 148.46
314.06 306.95 299.84 292.72 285.60 278.49 271.46 264.52 257.70 251.00 244.44 238.03 231.78 225.71 219.82 214.13 208.65 203.39 198.37 193.60 189.08 184.84 180.88 177.21 173.85 170.82 168.11 165.75 163.74 162.11 160.85 159.89 159.01 158.16 157.34 156.56 155.80 155.08 154.38 153.72 153.09 152.49 151.92 151.38 150.87 150.39 149.95 149.54 149.15 148.80 148.48 148.19 147.93 147.70 147.51 147.34 147.21 147.12 147.07 147.08 147.13 147.22 147.36 147.54 147.76 148.01 148.30 148.62 148.97 149.34 149.74
318.76 311.41 304.06 296.70 289.35 282.06 274.87 267.78 260.82 253.99 247.30 240.76 234.39 228.21 222.22 216.43 210.85 205.51 200.41 195.56 190.98 186.67 182.65 178.94 175.54 172.46 169.73 167.34 165.32 163.67 162.41 161.45 160.57 159.72 158.90 158.11 157.35 156.63 155.93 155.27 154.64 154.04 153.47 152.93 152.42 151.94 151.50 151.08 150.70 150.35 150.03 149.74 149.48 149.25 149.05 148.89 148.75 148.65 148.59 148.57 148.60 148.68 148.80 148.97 149.17 149.41 149.68 149.99 150.32 150.69 151.08
323.44 315.85 308.24 300.65 293.11 285.66 278.32 271.08 263.97 257.00 250.18 243.53 237.04 230.74 224.64 218.76 213.09 207.66 202.48 197.55 192.90 188.53 184.46 180.70 177.25 174.14 171.37 168.96 166.92 165.26 163.99 163.03 162.15 161.30 160.48 159.69 158.94 158.21 157.52 156.85 156.22 155.62 155.05 154.51 154.00 153.52 153.08 152.66 152.28 151.93 151.60 151.31 151.05 150.83 150.63 150.46 150.33 150.22 150.15 150.12 150.13 150.19 150.30 150.44 150.63 150.86 151.12 151.41 151.74 152.09 152.48
328.09 320.24 312.40 304.62 296.91 289.30 281.80 274.41 267.16 260.06 253.11 246.32 239.72 233.31 227.11 221.12 215.36 209.84 204.58 199.58 194.86 190.43 186.30 182.49 179.00 175.86 173.06 170.62 168.56 166.89 165.62 164.65 163.77 162.92 162.10 161.31 160.56 159.83 159.13 158.47 157.84 157.23 156.66 156.12 155.61 155.14 154.69 154.28 153.89 153.54 153.22 152.93 152.67 152.44 152.24 152.07 151.94 151.83 151.76 151.72 151.72 151.76 151.85 151.98 152.15 152.36 152.61 152.89 153.21 153.55 153.92
332.70 324.62 316.58 308.61 300.74 292.97 285.31 277.78 270.39 263.14 256.06 249.15 242.43 235.91 229.60 223.52 217.66 212.06 206.72 201.64 196.86 192.36 188.18 184.32 180.79 177.60 174.77 172.31 170.23 168.55 167.27 166.31 165.43 164.57 163.75 162.96 162.21 161.48 160.78 160.12 159.49 158.88 158.31 157.77 157.26 156.78 156.34 155.92 155.54 155.18 154.86 154.57 154.31 154.08 153.88 153.72 153.58 153.48 153.40 153.36 153.35 153.38 153.45 153.56 153.72 153.92 154.15 154.43 154.73 155.06 155.37
337.30 329.00 320.78 312.65 304.61 296.67 288.86 281.18 273.64 266.26 259.05 252.02 245.18 238.55 232.13 225.95 220.00 214.31 208.89 203.74 198.88 194.33 190.09 186.18 182.60 179.38 176.52 174.04 171.94 170.24 168.96 167.99 167.11 166.26 165.44 164.65 163.89 163.16 162.47 161.80 161.17 160.57 159.99 159.45 158.94 158.47 158.02 157.60 157.22 156.86 156.54 156.25 155.99 155.76 155.56 155.39 155.26 155.15 155.08 155.03 155.02 155.04 155.10 155.20 155.34 155.53 155.75 156.01 156.30 156.57 156.70
341.90 333.42 325.02 316.71 308.50 300.41 292.44 284.61 276.93 269.41 262.07 254.92 247.96 241.22 234.69 228.41 222.37 216.59 211.09 205.87 200.94 196.33 192.03 188.07 184.45 181.19 178.30 175.80 173.68 171.97 170.68 169.71 168.83 167.98 167.16 166.37 165.61 164.88 164.19 163.52 162.89 162.28 161.71 161.17 160.66 160.18 159.73 159.32 158.93 158.58 158.25 157.96 157.70 157.47 157.27 157.10 156.97 156.86 156.79 156.74 156.73 156.75 156.80 156.89 157.02 157.19 157.40 157.65 157.87 157.96 157.86
346.54 337.88 329.29 320.81 312.43 304.18 296.05 288.07 280.25 272.60 265.13 257.85 250.77 243.92 237.29 230.91 224.78 218.91 213.33 208.03 203.04 198.36 194.01 190.00 186.34 183.04 180.12 177.59 175.45 173.73 172.43 171.47 170.58 169.73 168.91 168.12 167.36 166.63 165.94 165.27 164.63 164.03 163.46 162.92 162.41 161.93 161.48 161.06 160.68 160.32 160.00 159.70 159.44 159.21 159.01 158.84 158.71 158.60 158.53 158.48 158.47 158.49 158.54 158.62 158.74 158.90 159.09 159.27 159.31 159.17 158.86
351.21 342.36 333.60 324.94 316.40 307.98 299.70 291.57 283.61 275.82 268.21 260.81 253.62 246.65 239.92 233.44 227.21 221.26 215.59 210.22 205.16 200.42 196.02 191.96 188.25 184.92 181.97 179.41 177.26 175.53 174.22 173.26 172.37 171.52 170.70 169.91 169.15 168.42 167.72 167.05 166.42 165.81 165.24 164.70 164.19 163.71 163.26 162.84 162.46 162.10 161.78 161.48 161.22 160.99 160.79 160.62 160.48 160.38 160.30 160.26 160.24 160.26 160.31 160.39 160.50 160.65 160.78 160.77 160.58 160.22 159.68
355.92 346.88 337.94 329.11 320.39 311.81 303.38 295.10 286.99 279.07 271.33 263.81 256.50 249.42 242.58 236.00 229.68 223.64 217.90 212.45 207.32 202.52 198.06 193.95 190.20 186.83 183.85 181.27 179.10 177.35 176.04 175.08 174.19 173.34 172.51 171.72 170.96 170.23 169.54 168.87 168.23 167.63 167.06 166.51 166.00 165.52 165.07 164.65 164.27 163.91 163.59 163.29 163.03 162.80 162.60 162.43 162.29 162.19 162.11 162.07 162.05 162.07 162.12 162.20 162.31 162.39 162.33 162.09 161.67 161.09 160.34
360.66 351.43 342.31 333.30 324.42 315.68 307.09 298.67 290.42 282.35 274.49 266.84 259.41 252.22 245.28 238.59 232.18 226.06 220.23 214.71 209.52 204.65 200.14 195.98 192.19 188.78 185.77 183.16 180.97 179.21 177.90 176.93 176.04 175.19 174.37 173.58 172.81 172.08 171.39 170.72 170.08 169.48 168.90 168.36 167.85 167.37 166.92 166.50 166.11 165.76 165.43 165.14 164.88 164.64 164.44 164.27 164.14 164.03 163.95 163.91 163.89 163.91 163.96 164.04 164.09 163.99 163.70 163.22 162.58 161.79 160.84
365.43 356.02 346.72 337.54 328.49 319.59 310.84 302.27 293.87 285.67 277.68 269.90 262.36 255.05 248.01 241.22 234.72 228.51 222.60 217.01 211.74 206.82 202.25 198.04 194.20 190.76 187.71 185.08 182.88 181.11 179.79 178.82 177.93 177.08 176.25 175.46 174.70 173.97 173.27 172.60 171.97 171.36 170.79 170.24 169.73 169.25 168.80 168.38 167.99 167.64 167.31 167.02 166.75 166.52 166.32 166.15 166.01 165.90 165.83 165.78 165.77 165.78 165.83 165.85 165.71 165.39 164.87 164.18 163.32 162.32 161.16
370.23 360.64 351.16 341.80 332.59 323.52 314.62 305.90 297.36 289.02 280.90 273.00 265.34 257.92 250.77 243.89 237.29 230.99 225.00 219.34 214.00 209.02 204.39 200.13 196.25 192.77 189.70 187.04 184.82 183.03 181.71 180.74 179.85 178.99 178.17 177.38 176.62 175.89 175.19 174.52 173.88 173.28 172.70 172.16 171.64 171.16 170.71 170.29 169.91 169.55 169.22 168.93 168.66 168.43 168.23 168.06 167.92 167.81 167.73 167.69 167.67 167.69 167.68 167.51 167.14 166.59 165.85 164.95 163.89 162.67 161.32
375.00 365.29 355.63 346.10 336.72 327.49 318.43 309.56 300.88 292.41 284.15 276.13 268.35 260.82 253.56 246.58 239.89 233.51 227.44 221.70 216.30 211.25 206.56 202.26 198.34 194.82 191.71 189.03 186.79 184.99 183.66 182.69 181.80 180.95 180.12 179.33 178.57 177.84 177.14 176.47 175.83 175.22 174.65 174.11 173.59 173.11 172.66 172.24 171.85 171.49 171.17 170.87 170.61 170.37 170.17 170.00 169.86 169.75 169.68 169.63 169.61 169.57 169.36 168.96 168.37 167.60 166.65 165.54 164.27 162.86 161.32
379.43 369.90 360.13 350.43 340.88 331.49 322.28 313.26 304.44 295.83 287.44 279.29 271.39 263.76 256.39 249.31 242.53 236.06 229.91 224.09 218.62 213.51 208.77 204.42 200.45 196.90 193.76 191.06 188.79 186.99 185.65 184.67 183.79 182.93 182.11 181.31 180.55 179.82 179.12 178.45 177.81 177.21 176.63 176.09 175.57 175.09 174.64 174.22 173.83 173.47 173.15 172.85 172.58 172.35 172.15 171.98 171.84 171.73 171.65 171.60 171.52 171.29 170.85 170.22 169.40 168.41 167.25 165.94 164.48 162.88 161.15
383.34 374.17 364.59 354.79 345.08 335.53 326.16 316.99 308.02 299.28 290.76 282.49 274.47 266.72 259.25 252.07 245.20 238.64 232.41 226.52 220.98 215.81 211.01 206.61 202.60 199.01 195.84 193.11 190.83 189.01 187.67 186.69 185.81 184.95 184.13 183.33 182.57 181.84 181.14 180.47 179.83 179.22 178.65 178.10 177.59 177.10 176.65 176.23 175.84 175.48 175.16 174.86 174.60 174.36 174.16 173.99 173.85 173.74 173.66 173.55 173.28 172.80 172.13 171.27 170.24 169.03 167.67 166.16 164.51 162.72 160.81
386.74 377.93 368.72 359.12 349.31 339.60 330.07 320.75 311.65 302.76 294.12 285.72 277.59 269.72 262.15 254.87 247.90 241.26 234.95 228.98 223.38 218.14 213.29 208.83 204.78 201.16 197.96 195.20 192.91 191.08 189.72 188.75 187.86 187.00 186.18 185.38 184.62 183.89 183.19 182.52 181.88 181.27 180.69 180.15 179.63 179.15 178.70 178.28 177.89 177.53 177.20 176.90 176.64 176.40 176.20 176.03 175.89 175.78 175.64 175.33 174.82 174.11 173.21 172.13 170.88 169.47 167.90 166.20 164.36 162.39 160.31
389.62 381.16 372.32 363.09 353.49 343.70 334.02 324.55 315.30 306.28 297.50 288.98 280.73 272.76 265.08 257.70 250.64 243.91 237.52 231.48 225.80 220.51 215.60 211.09 207.00 203.33 200.11 197.33 195.01 193.17 191.81 190.83 189.95 189.09 188.26 187.47 186.70 185.97 185.27 184.60 183.96 183.35 182.78 182.23 181.71 181.23 180.78 180.36 179.97 179.61 179.28 178.98 178.72 178.48 178.28 178.10 177.96 177.79 177.45 176.90 176.15 175.21 174.09 172.79 171.33 169.72 167.95 166.06 164.03 161.89 159.64
391.98 383.88 375.40 366.55 357.33 347.76 338.00 328.38 318.99 309.83 300.93 292.28 283.91 275.83 268.04 260.56 253.41 246.59 240.12 234.00 228.26 222.90 217.94 213.39 209.25 205.55 202.29 199.48 197.15 195.30 193.93 192.95 192.07 191.21 190.38 189.59 188.82 188.09 187.39 186.72 186.08 185.47 184.89 184.34 183.83 183.34 182.89 182.47 182.08 181.72 181.39 181.09 180.83 180.59 180.39 180.21 180.01 179.63 179.05 178.26 177.28 176.11 174.77 173.26 171.59 169.78 167.82 165.74 163.54 161.22 158.81
393.83 386.07 377.95 369.48 360.65 351.47 341.94 332.25 322.71 313.42 304.38 295.61 287.12 278.93 271.03 263.46 256.21 249.31 242.75 236.57 230.76 225.34 220.32 215.71 211.53 207.79 204.50 201.67 199.32 197.46 196.09 195.11 194.22 193.36 192.53 191.74 190.97 190.24 189.54 188.87 188.23 187.62 187.04 186.49 185.98 185.49 185.04 184.62 184.22 183.86 183.53 183.24 182.97 182.73 182.53 182.29 181.88 181.26 180.43 179.41 178.20 176.81 175.25 173.53 171.66 169.65 167.51 165.25 162.87 160.39 157.81
