data_output/recharge/precip/Precip_2005_02.asc
ncols        168
nrows        136
xllcorner    455000
yllcorner    2107000
cellsize     500
NODATA_value     -99999
[rows 74 to 110 of 136, columns 0 to 82 of 168]
4.29 4.31 4.33 4.33 4.32 4.30 4.27 4.22 4.17 4.11 4.04 3.95 3.86 3.77 3.66 3.55 3.44 3.34 3.24 3.15 3.06 2.97 2.90 2.82 2.76 2.70 2.64 2.59 2.55 2.51 2.48 2.46 2.44 2.43 2.43 2.43 2.44 2.46 2.49 2.53 2.59 2.67 2.77 2.89 3.03 3.17 3.34 3.53 3.72 3.94 4.17 4.41 4.66 4.93 5.21 5.49 5.79 6.09 6.40 6.72 7.04 7.36 7.69 8.03 8.36 8.69 9.03 9.36 9.69 10.00 10.28 10.53 10.75 10.94 11.10 11.24 11.34 11.42 11.48 11.51 11.52 11.51 11.48
3.98 4.00 4.01 4.01 3.99 3.97 3.93 3.88 3.82 3.75 3.67 3.59 3.49 3.38 3.27 3.15 3.04 2.93 2.83 2.73 2.64 2.55 2.47 2.39 2.32 2.26 2.20 2.15 2.11 2.07 2.04 2.02 2.00 1.99 1.99 1.99 2.01 2.03 2.07 2.12 2.20 2.30 2.41 2.55 2.69 2.86 3.03 3.22 3.43 3.65 3.89 4.14 4.40 4.67 4.95 5.24 5.54 5.84 6.15 6.47 6.79 7.12 7.45 7.78 8.11 8.44 8.77 9.10 9.43 9.74 10.01 10.26 10.47 10.66 10.82 10.95 11.06 11.14 11.20 11.23 11.24 11.23 11.20
3.67 3.69 3.69 3.68 3.66 3.63 3.59 3.53 3.47 3.39 3.31 3.22 3.11 3.00 2.88 2.76 2.64 2.53 2.42 2.31 2.22 2.13 2.04 1.96 1.89 1.82 1.76 1.71 1.67 1.63 1.60 1.57 1.56 1.55 1.55 1.56 1.57 1.60 1.66 1.73 1.83 1.94 2.07 2.21 2.37 2.55 2.73 2.94 3.15 3.38 3.62 3.87 4.14 4.41 4.70 4.99 5.29 5.60 5.91 6.23 6.55 6.88 7.20 7.53 7.86 8.19 8.52 8.84 9.17 9.47 9.74 9.98 10.19 10.38 10.53 10.66 10.77 10.85 10.90 10.94 10.95 10.93 10.90
3.36 3.37 3.37 3.36 3.33 3.30 3.25 3.19 3.12 3.04 2.95 2.85 2.74 2.62 2.50 2.37 2.24 2.12 2.01 1.90 1.80 1.70 1.61 1.53 1.46 1.39 1.33 1.27 1.23 1.19 1.16 1.13 1.12 1.11 1.11 1.12 1.15 1.19 1.26 1.35 1.46 1.59 1.73 1.89 2.06 2.25 2.45 2.66 2.88 3.12 3.36 3.62 3.89 4.17 4.45 4.75 5.05 5.36 5.67 5.99 6.31 6.63 6.96 7.29 7.61 7.94 8.26 8.58 8.90 9.19 9.46 9.70 9.91 10.09 10.24 10.37 10.47 10.55 10.60 10.63 10.64 10.63 10.59
3.05 3.06 3.05 3.03 3.00 2.96 2.91 2.84 2.77 2.68 2.58 2.48 2.36 2.24 2.11 1.97 1.84 1.72 1.60 1.48 1.38 1.28 1.19 1.10 1.02 0.95 0.89 0.83 0.79 0.75 0.72 0.69 0.68 0.67 0.68 0.70 0.74 0.80 0.89 0.99 1.11 1.25 1.41 1.58 1.77 1.97 2.18 2.40 2.63 2.87 3.12 3.38 3.65 3.93 4.22 4.52 4.82 5.13 5.44 5.76 6.08 6.40 6.72 7.04 7.37 7.69 8.00 8.32 8.63 8.92 9.18 9.41 9.61 9.79 9.94 10.06 10.16 10.23 10.29 10.31 10.32 10.31 10.27
2.74 2.74 2.73 2.71 2.67 2.63 2.57 2.50 2.41 2.32 2.22 2.11 1.99 1.86 1.72 1.58 1.44 1.31 1.19 1.07 0.96 0.86 0.76 0.67 0.59 0.52 0.46 0.40 0.35 0.31 0.28 0.26 0.24 0.24 0.25 0.29 0.34 0.42 0.52 0.64 0.78 0.93 1.10 1.28 1.48 1.69 1.91 2.14 2.38 2.63 2.88 3.15 3.42 3.70 3.99 4.29 4.59 4.90 5.21 5.53 5.85 6.16 6.48 6.80 7.12 7.44 7.75 8.06 8.36 8.64 8.90 9.12 9.32 9.49 9.63 9.75 9.85 9.92 9.96 9.99 9.99 9.98 9.94
2.43 2.43 2.41 2.39 2.35 2.29 2.23 2.15 2.07 1.97 1.86 1.74 1.62 1.48 1.34 1.19 1.05 0.91 0.78 0.66 0.55 0.44 0.34 0.25 0.17 0.09 0.02 0.00 0.00 0.00 0.00 0.00 0.00 0.00 0.00 0.00 0.00 0.06 0.18 0.31 0.46 0.62 0.81 1.00 1.21 1.43 1.66 1.90 2.15 2.40 2.66 2.93 3.21 3.49 3.78 4.08 4.38 4.69 5.00 5.31 5.62 5.94 6.25 6.57 6.88 7.19 7.49 7.79 8.09 8.36 8.61 8.83 9.02 9.18 9.32 9.43 9.52 9.59 9.63 9.65 9.65 9.64 9.60
2.12 2.12 2.10 2.06 2.02 1.96 1.89 1.81 1.72 1.62 1.50 1.38 1.25 1.11 0.96 0.80 0.65 0.51 0.38 0.25 0.13 0.02 0.00 0.00 0.00 0.00 0.00 0.00 0.00 0.00 0.00 0.00 0.00 0.00 0.00 0.00 0.00 0.00 0.00 0.00 0.15 0.33 0.53 0.73 0.95 1.18 1.42 1.67 1.92 2.19 2.46 2.73 3.01 3.29 3.58 3.87 4.18 4.48 4.79 5.10 5.41 5.72 6.03 6.33 6.64 6.94 7.24 7.53 7.82 8.09 8.32 8.53 8.72 8.87 9.01 9.11 9.20 9.26 9.29 9.31 9.31 9.29 9.24
1.82 1.81 1.78 1.75 1.70 1.63 1.56 1.47 1.38 1.27 1.15 1.02 0.88 0.74 0.58 0.42 0.26 0.12 0.00 0.00 0.00 0.00 0.00 0.00 0.00 0.00 0.00 0.00 0.00 0.00 0.00 0.00 0.00 0.00 0.00 0.00 0.00 0.00 0.00 0.00 0.00 0.06 0.26 0.48 0.71 0.94 1.19 1.45 1.71 1.98 2.26 2.54 2.82 3.10 3.39 3.68 3.98 4.28 4.59 4.89 5.20 5.50 5.81 6.11 6.41 6.70 6.99 7.27 7.55 7.81 8.04 8.24 8.41 8.56 8.69 8.79 8.86 8.92 8.95 8.96 8.95 8.93 8.88
1.52 1.50 1.47 1.43 1.38 1.31 1.23 1.14 1.04 0.92 0.80 0.66 0.52 0.37 0.21 0.04 0.00 0.00 0.00 0.00 0.00 0.00 0.00 0.00 0.00 0.00 0.00 0.00 0.00 0.00 0.00 0.00 0.00 0.00 0.00 0.00 0.00 0.00 0.00 0.00 0.00 0.00 0.01 0.24 0.47 0.72 0.98 1.24 1.51 1.79 2.07 2.35 2.64 2.92 3.21 3.50 3.80 4.10 4.40 4.70 5.00 5.29 5.59 5.89 6.18 6.46 6.74 7.02 7.29 7.53 7.75 7.94 8.11 8.25 8.37 8.46 8.53 8.57 8.60 8.61 8.59 8.56 8.51
1.23 1.20 1.17 1.12 1.06 0.99 0.91 0.81 0.70 0.58 0.45 0.31 0.16 0.00 0.00 0.00 0.00 0.00 0.00 0.00 0.00 0.00 0.00 0.00 0.00 0.00 0.00 0.00 0.00 0.00 0.00 0.00 0.00 0.00 0.00 0.00 0.00 0.00 0.00 0.00 0.00 0.00 0.00 0.01 0.26 0.51 0.78 1.05 1.32 1.61 1.89 2.18 2.47 2.76 3.05 3.34 3.63 3.92 4.22 4.51 4.80 5.10 5.39 5.67 5.95 6.23 6.50 6.77 7.02 7.26 7.47 7.65 7.81 7.94 8.04 8.13 8.19 8.23 8.25 8.24 8.22 8.19 8.13
0.96 0.91 0.87 0.82 0.75 0.67 0.59 0.48 0.37 0.25 0.11 0.00 0.00 0.00 0.00 0.00 0.00 0.00 0.00 0.00 0.00 0.00 0.00 0.00 0.00 0.00 0.00 0.00 0.00 0.00 0.00 0.00 0.00 0.00 0.00 0.00 0.00 0.00 0.00 0.00 0.00 0.00 0.00 0.00 0.05 0.32 0.59 0.86 1.15 1.44 1.73 2.02 2.31 2.60 2.90 3.19 3.47 3.76 4.05 4.34 4.62 4.91 5.19 5.47 5.74 6.01 6.27 6.52 6.76 6.99 7.19 7.36 7.50 7.62 7.72 7.79 7.85 7.88 7.89 7.88 7.85 7.81 7.76
0.72 0.65 0.58 0.52 0.45 0.37 0.27 0.16 0.05 0.00 0.00 0.00 0.00 0.00 0.00 0.00 0.00 0.00 0.00 0.00 0.00 0.00 0.00 0.00 0.00 0.00 0.00 0.00 0.00 0.00 0.00 0.00 0.00 0.00 0.00 0.00 0.00 0.00 0.00 0.00 0.00 0.00 0.00 0.00 0.00 0.13 0.41 0.70 0.98 1.28 1.57 1.87 2.16 2.46 2.75 3.04 3.33 3.61 3.89 4.17 4.45 4.73 5.00 5.27 5.53 5.79 6.04 6.28 6.51 6.72 6.91 7.07 7.20 7.31 7.40 7.46 7.50 7.52 7.53 7.51 7.48 7.43 7.39
0.50 0.41 0.32 0.23 0.15 0.06 0.00 0.00 0.00 0.00 0.00 0.00 0.00 0.00 0.00 0.00 0.00 0.00 0.00 0.00 0.00 0.00 0.00 0.00 0.00 0.00 0.00 0.00 0.00 0.00 0.00 0.00 0.00 0.00 0.00 0.00 0.00 0.00 0.00 0.00 0.00 0.00 0.00 0.00 0.00 0.00 0.25 0.54 0.83 1.13 1.43 1.73 2.03 2.32 2.62 2.91 3.20 3.48 3.75 4.02 4.29 4.56 4.82 5.08 5.33 5.58 5.81 6.04 6.26 6.46 6.63 6.78 6.90 7.00 7.07 7.13 7.16 7.17 7.16 7.14 7.11 7.07 7.03
0.30 0.19 0.08 0.00 0.00 0.00 0.00 0.00 0.00 0.00 0.00 0.00 0.00 0.00 0.00 0.00 0.00 0.00 0.00 0.00 0.00 0.00 0.00 0.00 0.00 0.00 0.00 0.00 0.00 0.00 0.00 0.00 0.00 0.00 0.00 0.00 0.00 0.00 0.00 0.00 0.00 0.00 0.00 0.00 0.00 0.00 0.11 0.40 0.70 1.00 1.30 1.60 1.90 2.20 2.49 2.78 3.07 3.35 3.62 3.89 4.15 4.40 4.66 4.90 5.14 5.38 5.60 5.81 6.02 6.20 6.36 6.49 6.60 6.69 6.75 6.79 6.81 6.82 6.80 6.78 6.75 6.71 6.67
0.13 0.00 0.00 0.00 0.00 0.00 0.00 0.00 0.00 0.00 0.00 0.00 0.00 0.00 0.00 0.00 0.00 0.00 0.00 0.00 0.00 0.00 0.00 0.00 0.00 0.00 0.00 0.00 0.00 0.00 0.00 0.00 0.00 0.00 0.00 0.00 0.00 0.00 0.00 0.00 0.00 0.00 0.00 0.00 0.00 0.00 0.00 0.27 0.57 0.88 1.18 1.48 1.78 2.08 2.38 2.67 2.96 3.23 3.50 3.76 4.01 4.26 4.50 4.74 4.96 5.18 5.39 5.59 5.78 5.95 6.10 6.22 6.31 6.38 6.43 6.46 6.47 6.46 6.45 6.42 6.40 6.37 6.33
0.00 0.00 0.00 0.00 0.00 0.00 0.00 0.00 0.00 0.00 0.00 0.00 0.00 0.00 0.00 0.00 0.00 0.00 0.00 0.00 0.00 0.00 0.00 0.00 0.00 0.00 0.00 0.00 0.00 0.00 0.00 0.00 0.00 0.00 0.00 0.00 0.00 0.00 0.00 0.00 0.00 0.00 0.00 0.00 0.00 0.00 0.00 0.16 0.46 0.77 1.07 1.38 1.68 1.98 2.28 2.57 2.85 3.12 3.39 3.65 3.89 4.13 4.36 4.58 4.79 5.00 5.20 5.38 5.55 5.71 5.84 5.94 6.02 6.08 6.12 6.13 6.13 6.12 6.11 6.09 6.06 6.03 6.00
0.00 0.00 0.00 0.00 0.00 0.00 0.00 0.00 0.00 0.00 0.00 0.00 0.00 0.00 0.00 0.00 0.00 0.00 0.00 0.00 0.00 0.00 0.00 0.00 0.00 0.00 0.00 0.00 0.00 0.00 0.00 0.00 0.00 0.00 0.00 0.00 0.00 0.00 0.00 0.00 0.00 0.00 0.00 0.00 0.00 0.00 0.00 0.06 0.37 0.67 0.98 1.29 1.59 1.89 2.18 2.47 2.75 3.03 3.29 3.54 3.78 4.01 4.23 4.44 4.64 4.83 5.01 5.18 5.33 5.47 5.59 5.67 5.74 5.78 5.81 5.81 5.81 5.80 5.78 5.76 5.74 5.71 5.68
0.00 0.00 0.00 0.00 0.00 0.00 0.00 0.00 0.00 0.00 0.00 0.00 0.00 0.00 0.00 0.00 0.00 0.00 0.00 0.00 0.00 0.00 0.00 0.00 0.00 0.00 0.00 0.00 0.00 0.00 0.00 0.00 0.00 0.00 0.00 0.00 0.00 0.00 0.00 0.00 0.00 0.00 0.00 0.00 0.00 0.00 0.00 0.00 0.29 0.60 0.90 1.21 1.51 1.81 2.10 2.39 2.67 2.94 3.20 3.44 3.68 3.90 4.11 4.31 4.49 4.67 4.83 4.99 5.13 5.25 5.34 5.41 5.46 5.49 5.50 5.50 5.50 5.49 5.48 5.46 5.43 5.40 5.37
0.00 0.00 0.00 0.00 0.00 0.00 0.00 0.00 0.00 0.00 0.00 0.00 0.00 0.00 0.00 0.00 0.00 0.00 0.00 0.00 0.00 0.00 0.00 0.00 0.00 0.00 0.00 0.00 0.00 0.00 0.00 0.00 0.00 0.00 0.00 0.00 0.00 0.00 0.00 0.00 0.00 0.00 0.00 0.00 0.00 0.00 0.00 0.00 0.22 0.53 0.84 1.14 1.45 1.74 2.03 2.32 2.59 2.86 3.11 3.36 3.59 3.80 4.01 4.19 4.36 4.52 4.67 4.80 4.93 5.03 5.11 5.16 5.19 5.21 5.22 5.22 5.21 5.20 5.19 5.17 5.14 5.11 5.08
0.00 0.00 0.00 0.00 0.00 0.00 0.00 0.00 0.00 0.00 0.00 0.00 0.00 0.00 0.00 0.00 0.00 0.00 0.00 0.00 0.00 0.00 0.00 0.00 0.00 0.00 0.00 0.00 0.00 0.00 0.00 0.00 0.00 0.00 0.00 0.00 0.00 0.00 0.00 0.00 0.00 0.00 0.00 0.00 0.00 0.00 0.00 0.00 0.17 0.48 0.79 1.09 1.39 1.69 1.97 2.26 2.53 2.79 3.04 3.28 3.50 3.71 3.91 4.08 4.24 4.39 4.52 4.63 4.74 4.82 4.88 4.92 4.94 4.95 4.95 4.95 4.94 4.93 4.92 4.90 4.87 4.84 4.81
0.00 0.00 0.00 0.00 0.00 0.00 0.00 0.00 0.00 0.00 0.00 0.00 0.00 0.00 0.00 0.00 0.00 0.00 0.00 0.00 0.00 0.00 0.00 0.00 0.00 0.00 0.00 0.00 0.00 0.00 0.00 0.00 0.00 0.00 0.00 0.00 0.00 0.00 0.00 0.00 0.00 0.00 0.00 0.00 0.00 0.00 0.00 0.00 0.14 0.45 0.75 1.06 1.35 1.65 1.93 2.21 2.47 2.73 2.97 3.21 3.42 3.63 3.81 3.98 4.13 4.27 4.38 4.48 4.56 4.62 4.67 4.69 4.70 4.71 4.71 4.71 4.70 4.68 4.67 4.64 4.62 4.59 4.55
0.00 0.00 0.00 0.00 0.00 0.00 0.00 0.00 0.00 0.00 0.00 0.00 0.00 0.00 0.00 0.00 0.00 0.00 0.00 0.00 0.00 0.00 0.00 0.00 0.00 0.00 0.00 0.00 0.00 0.00 0.00 0.00 0.00 0.00 0.00 0.00 0.00 0.00 0.00 0.00 0.00 0.00 0.00 0.00 0.00 0.00 0.00 0.00 0.12 0.43 0.73 1.03 1.33 1.62 1.90 2.17 2.43 2.68 2.92 3.15 3.36 3.55 3.73 3.89 4.03 4.15 4.25 4.33 4.40 4.44 4.46 4.48 4.49 4.49 4.49 4.49 4.48 4.46 4.44 4.42 4.39 4.35 4.32
0.00 0.00 0.00 0.00 0.00 0.00 0.00 0.00 0.00 0.00 0.00 0.00 0.00 0.00 0.00 0.00 0.00 0.00 0.00 0.00 0.00 0.00 0.00 0.00 0.00 0.00 0.00 0.00 0.00 0.00 0.00 0.00 0.00 0.00 0.00 0.00 0.00 0.00 0.00 0.00 0.00 0.00 0.00 0.00 0.00 0.00 0.00 0.00 0.12 0.43 0.73 1.03 1.32 1.60 1.88 2.15 2.40 2.65 2.88 3.10 3.30 3.49 3.66 3.81 3.94 4.05 4.14 4.20 4.25 4.27 4.29 4.30 4.31 4.31 4.30 4.29 4.28 4.26 4.24 4.21 4.18 4.14 4.11
0.00 0.00 0.00 0.00 0.00 0.00 0.00 0.00 0.00 0.00 0.00 0.00 0.00 0.00 0.00 0.00 0.00 0.00 0.00 0.00 0.00 0.00 0.00 0.00 0.00 0.00 0.00 0.00 0.00 0.00 0.00 0.00 0.00 0.00 0.00 0.00 0.00 0.00 0.00 0.00 0.00 0.00 0.00 0.00 0.00 0.00 0.00 0.00 0.14 0.44 0.74 1.03 1.32 1.60 1.87 2.13 2.38 2.62 2.85 3.06 3.25 3.43 3.59 3.73 3.85 3.95 4.03 4.08 4.11 4.13 4.14 4.14 4.15 4.14 4.13 4.12 4.10 4.08 4.05 4.02 3.99 3.95 3.91
0.00 0.00 0.00 0.00 0.00 0.00 0.00 0.00 0.00 0.00 0.00 0.00 0.00 0.00 0.00 0.00 0.00 0.00 0.00 0.00 0.00 0.00 0.00 0.00 0.00 0.00 0.00 0.00 0.00 0.00 0.00 0.00 0.00 0.00 0.00 0.00 0.00 0.00 0.00 0.00 0.00 0.00 0.00 0.00 0.00 0.00 0.00 0.00 0.15 0.45 0.75 1.04 1.32 1.60 1.86 2.12 2.36 2.60 2.81 3.02 3.20 3.37 3.52 3.65 3.76 3.85 3.92 3.96 3.98 3.99 3.99 4.00 3.99 3.98 3.97 3.95 3.93 3.91 3.88 3.84 3.81 3.77 3.72
0.00 0.00 0.00 0.00 0.00 0.00 0.00 0.00 0.00 0.00 0.00 0.00 0.00 0.00 0.00 0.00 0.00 0.00 0.00 0.00 0.00 0.00 0.00 0.00 0.00 0.00 0.00 0.00 0.00 0.00 0.00 0.00 0.00 0.00 0.00 0.00 0.00 0.00 0.00 0.00 0.00 0.00 0.00 0.00 0.00 0.00 0.00 0.00 0.16 0.46 0.75 1.04 1.32 1.59 1.85 2.10 2.34 2.57 2.78 2.97 3.15 3.31 3.45 3.58 3.68 3.75 3.81 3.84 3.85 3.85 3.85 3.85 3.84 3.83 3.81 3.79 3.76 3.73 3.70 3.66 3.62 3.58 3.53
0.00 0.00 0.00 0.00 0.00 0.00 0.00 0.00 0.00 0.00 0.00 0.00 0.00 0.00 0.00 0.00 0.00 0.00 0.00 0.00 0.00 0.00 0.00 0.00 0.00 0.00 0.00 0.00 0.00 0.00 0.00 0.00 0.00 0.00 0.00 0.00 0.00 0.00 0.00 0.00 0.00 0.00 0.00 0.00 0.00 0.00 0.00 0.00 0.16 0.46 0.75 1.04 1.31 1.58 1.84 2.09 2.32 2.54 2.74 2.93 3.10 3.25 3.39 3.50 3.59 3.66 3.70 3.72 3.73 3.72 3.71 3.70 3.69 3.67 3.65 3.62 3.60 3.56 3.53 3.49 3.44 3.39 3.34
0.00 0.00 0.00 0.00 0.00 0.00 0.00 0.00 0.00 0.00 0.00 0.00 0.00 0.00 0.00 0.00 0.00 0.00 0.00 0.00 0.00 0.00 0.00 0.00 0.00 0.00 0.00 0.00 0.00 0.00 0.00 0.00 0.00 0.00 0.00 0.00 0.00 0.00 0.00 0.00 0.00 0.00 0.00 0.00 0.00 0.00 0.00 0.00 0.16 0.46 0.75 1.03 1.31 1.57 1.82 2.07 2.29 2.51 2.70 2.89 3.05 3.19 3.32 3.42 3.50 3.56 3.60 3.61 3.61 3.59 3.57 3.56 3.54 3.52 3.49 3.46 3.43 3.39 3.35 3.31 3.26 3.21 3.16
0.00 0.00 0.00 0.00 0.00 0.00 0.00 0.00 0.00 0.00 0.00 0.00 0.00 0.00 0.00 0.00 0.00 0.00 0.00 0.00 0.00 0.00 0.00 0.00 0.00 0.00 0.00 0.00 0.00 0.00 0.00 0.00 0.00 0.00 0.00 0.00 0.00 0.00 0.00 0.00 0.00 0.00 0.00 0.00 0.00 0.00 0.00 0.00 0.16 0.45 0.74 1.02 1.30 1.56 1.81 2.04 2.27 2.47 2.67 2.84 3.00 3.13 3.25 3.34 3.42 3.47 3.50 3.50 3.49 3.47 3.44 3.42 3.39 3.36 3.33 3.30 3.26 3.22 3.18 3.13 3.08 3.03 2.97
0.00 0.00 0.00 0.00 0.00 0.00 0.00 0.00 0.00 0.00 0.00 0.00 0.00 0.00 0.00 0.00 0.00 0.00 0.00 0.00 0.00 0.00 0.00 0.00 0.00 0.00 0.00 0.00 0.00 0.00 0.00 0.00 0.00 0.00 0.00 0.00 0.00 0.00 0.00 0.00 0.00 0.00 0.00 0.00 0.00 0.00 0.00 0.00 0.15 0.45 0.73 1.01 1.28 1.54 1.79 2.02 2.24 2.44 2.63 2.80 2.94 3.07 3.18 3.27 3.33 3.38 3.40 3.40 3.38 3.35 3.32 3.28 3.25 3.21 3.18 3.14 3.10 3.06 3.01 2.96 2.91 2.85 2.79
0.00 0.00 0.00 0.00 0.00 0.00 0.00 0.00 0.00 0.00 0.00 0.00 0.00 0.00 0.00 0.00 0.00 0.00 0.00 0.00 0.00 0.00 0.00 0.00 0.00 0.00 0.00 0.00 0.00 0.00 0.00 0.00 0.00 0.00 0.00 0.00 0.00 0.00 0.00 0.00 0.00 0.00 0.00 0.00 0.00 0.00 0.00 0.00 0.14 0.43 0.72 1.00 1.27 1.52 1.76 1.99 2.21 2.41 2.59 2.75 2.89 3.01 3.11 3.19 3.25 3.29 3.30 3.29 3.27 3.23 3.19 3.15 3.11 3.07 3.03 2.99 2.94 2.89 2.84 2.79 2.73 2.67 2.61
0.00 0.00 0.00 0.00 0.00 0.00 0.00 0.00 0.00 0.00 0.00 0.00 0.00 0.00 0.00 0.00 0.00 0.00 0.00 0.00 0.00 0.00 0.00 0.00 0.00 0.00 0.00 0.00 0.00 0.00 0.00 0.00 0.00 0.00 0.00 0.00 0.00 0.00 0.00 0.00 0.00 0.00 0.00 0.00 0.00 0.00 0.00 0.00 0.12 0.42 0.71 0.98 1.25 1.50 1.74 1.97 2.18 2.37 2.55 2.70 2.84 2.95 3.05 3.12 3.17 3.20 3.21 3.19 3.16 3.12 3.07 3.03 2.98 2.93 2.88 2.84 2.79 2.73 2.68 2.62 2.56 2.50 2.44
0.05 0.00 0.00 0.00 0.00 0.00 0.00 0.00 0.00 0.00 0.00 0.00 0.00 0.00 0.00 0.00 0.00 0.00 0.00 0.00 0.00 0.00 0.00 0.00 0.00 0.00 0.00 0.00 0.00 0.00 0.00 0.00 0.00 0.00 0.00 0.00 0.00 0.00 0.00 0.00 0.00 0.00 0.00 0.00 0.00 0.00 0.00 0.00 0.11 0.40 0.69 0.96 1.23 1.48 1.72 1.94 2.15 2.34 2.51 2.66 2.79 2.89 2.98 3.05 3.09 3.11 3.11 3.09 3.06 3.01 2.96 2.91 2.85 2.80 2.75 2.69 2.63 2.58 2.52 2.46 2.40 2.33 2.27
0.22 0.00 0.00 0.00 0.00 0.00 0.00 0.00 0.00 0.00 0.00 0.00 0.00 0.00 0.00 0.00 0.00 0.00 0.00 0.00 0.00 0.00 0.00 0.00 0.00 0.00 0.00 0.00 0.00 0.00 0.00 0.00 0.00 0.00 0.00 0.00 0.00 0.00 0.00 0.00 0.00 0.00 0.00 0.00 0.00 0.00 0.00 0.00 0.09 0.38 0.67 0.94 1.21 1.46 1.69 1.91 2.11 2.30 2.47 2.61 2.73 2.83 2.91 2.97 3.01 3.03 3.02 3.00 2.95 2.90 2.84 2.79 2.73 2.67 2.61 2.55 2.49 2.43 2.37 2.30 2.24 2.17 2.10
0.41 0.11 0.00 0.00 0.00 0.00 0.00 0.00 0.00 0.00 0.00 0.00 0.00 0.00 0.00 0.00 0.00 0.00 0.00 0.00 0.00 0.00 0.00 0.00 0.00 0.00 0.00 0.00 0.00 0.00 0.00 0.00 0.00 0.00 0.00 0.00 0.00 0.00 0.00 0.00 0.00 0.00 0.00 0.00 0.00 0.00 0.00 0.00 0.07 0.36 0.65 0.92 1.18 1.43 1.67 1.88 2.08 2.26 2.42 2.56 2.68 2.77 2.85 2.90 2.93 2.94 2.93 2.90 2.85 2.80 2.74 2.67 2.61 2.55 2.48 2.42 2.35 2.29 2.22 2.15 2.08 2.01 1.94
0.61 0.31 0.00 0.00 0.00 0.00 0.00 0.00 0.00 0.00 0.00 0.00 0.00 0.00 0.00 0.00 0.00 0.00 0.00 0.00 0.00 0.00 0.00 0.00 0.00 0.00 0.00 0.00 0.00 0.00 0.00 0.00 0.00 0.00 0.00 0.00 0.00 0.00 0.00 0.00 0.00 0.00 0.00 0.00 0.00 0.00 0.00 0.00 0.04 0.34 0.63 0.90 1.16 1.41 1.64 1.85 2.05 2.23 2.38 2.51 2.62 2.71 2.78 2.83 2.85 2.86 2.84 2.81 2.76 2.69 2.63 2.56 2.50 2.43 2.36 2.29 2.22 2.15 2.08 2.00 1.93 1.86 1.78
