data_output/recharge/precip/Precip_1984_12.asc
ncols        168
nrows        136
xllcorner    455000
yllcorner    2107000
cellsize     500
NODATA_value     -99999
[rows 0 to 35 of 136, columns 81 to 161 of 168]
11.79 11.80 11.79 11.78 11.76 11.72 11.68 11.63 11.57 11.51 11.43 11.35 11.26 11.16 11.06 10.95 10.83 10.71 10.58 10.45 10.32 10.17 10.03 9.88 9.73 9.57 9.41 9.25 9.09 8.92 8.76 8.59 8.43 8.27 8.11 7.95 7.79 7.64 7.49 7.34 7.20 7.06 6.93 6.79 6.66 6.52 6.39 6.27 6.15 6.03 5.92 5.81 5.71 5.62 5.53 5.45 5.38 5.31 5.24 5.18 5.13 5.08 5.03 4.99 4.96 4.92 4.89 4.87 4.84 4.82 4.81 4.79 4.78 4.77 4.76 4.75 4.75 4.74 4.74 4.74 4.74
11.55 11.57 11.58 11.57 11.56 11.54 11.50 11.46 11.41 11.35 11.29 11.21 11.13 11.04 10.94 10.84 10.73 10.61 10.49 10.37 10.24 10.10 9.96 9.81 9.67 9.51 9.36 9.20 9.04 8.88 8.72 8.56 8.40 8.24 8.08 7.93 7.78 7.63 7.48 7.34 7.20 7.06 6.93 6.79 6.66 6.53 6.40 6.27 6.15 6.04 5.93 5.82 5.72 5.63 5.54 5.46 5.39 5.32 5.26 5.20 5.15 5.10 5.06 5.02 4.99 4.96 4.93 4.91 4.89 4.88 4.87 4.86 4.85 4.85 4.85 4.85 4.85 4.85 4.86 4.86 4.87
11.30 11.33 11.35 11.35 11.35 11.34 11.31 11.28 11.24 11.19 11.13 11.06 10.99 10.91 10.82 10.72 10.62 10.51 10.39 10.27 10.15 10.02 9.88 9.74 9.60 9.45 9.30 9.15 8.99 8.83 8.68 8.52 8.37 8.21 8.06 7.91 7.76 7.61 7.47 7.33 7.19 7.06 6.92 6.79 6.66 6.53 6.40 6.28 6.16 6.04 5.93 5.83 5.73 5.64 5.55 5.47 5.40 5.33 5.27 5.22 5.17 5.12 5.08 5.05 5.02 4.99 4.97 4.96 4.94 4.94 4.93 4.93 4.93 4.93 4.93 4.94 4.95 4.96 4.98 4.99 5.01
11.04 11.08 11.10 11.12 11.13 11.12 11.11 11.09 11.05 11.01 10.96 10.90 10.84 10.76 10.68 10.59 10.49 10.39 10.28 10.17 10.05 9.92 9.79 9.66 9.52 9.38 9.23 9.08 8.93 8.78 8.63 8.48 8.33 8.18 8.03 7.88 7.74 7.60 7.46 7.32 7.18 7.05 6.92 6.79 6.66 6.53 6.41 6.28 6.16 6.05 5.94 5.84 5.74 5.64 5.56 5.48 5.41 5.34 5.28 5.23 5.18 5.14 5.11 5.08 5.05 5.03 5.01 5.00 4.99 4.99 4.99 4.99 5.00 5.01 5.02 5.04 5.05 5.07 5.09 5.12 5.14
10.77 10.81 10.85 10.88 10.89 10.90 10.89 10.88 10.86 10.82 10.78 10.73 10.67 10.61 10.53 10.45 10.36 10.27 10.16 10.06 9.94 9.82 9.70 9.57 9.43 9.30 9.16 9.01 8.87 8.72 8.58 8.43 8.29 8.14 8.00 7.85 7.71 7.57 7.44 7.30 7.17 7.04 6.91 6.78 6.66 6.53 6.41 6.28 6.17 6.05 5.94 5.84 5.74 5.65 5.57 5.49 5.42 5.35 5.30 5.25 5.20 5.16 5.13 5.10 5.08 5.06 5.05 5.04 5.04 5.04 5.05 5.06 5.07 5.09 5.11 5.13 5.15 5.18 5.21 5.24 5.27
10.49 10.54 10.58 10.62 10.64 10.66 10.67 10.66 10.65 10.62 10.59 10.55 10.50 10.44 10.37 10.30 10.22 10.13 10.03 9.93 9.83 9.71 9.59 9.47 9.34 9.21 9.07 8.94 8.80 8.66 8.52 8.38 8.24 8.10 7.96 7.82 7.68 7.55 7.42 7.28 7.16 7.03 6.90 6.78 6.65 6.53 6.40 6.28 6.17 6.06 5.95 5.85 5.75 5.66 5.57 5.50 5.43 5.36 5.31 5.26 5.22 5.18 5.15 5.13 5.11 5.10 5.09 5.09 5.09 5.10 5.11 5.12 5.14 5.16 5.19 5.22 5.25 5.29 5.32 5.36 5.39
10.21 10.26 10.31 10.35 10.38 10.41 10.43 10.43 10.43 10.41 10.39 10.36 10.32 10.27 10.21 10.14 10.07 9.98 9.90 9.80 9.70 9.59 9.48 9.36 9.24 9.11 8.99 8.86 8.72 8.59 8.46 8.32 8.19 8.05 7.92 7.78 7.65 7.52 7.39 7.26 7.14 7.01 6.89 6.76 6.64 6.52 6.40 6.28 6.17 6.06 5.95 5.85 5.75 5.66 5.58 5.50 5.43 5.37 5.32 5.27 5.23 5.20 5.17 5.15 5.14 5.13 5.13 5.13 5.13 5.15 5.16 5.18 5.21 5.24 5.27 5.31 5.35 5.39 5.43 5.47 5.51
9.93 9.98 10.03 10.07 10.11 10.15 10.18 10.19 10.20 10.19 10.18 10.15 10.12 10.08 10.03 9.97 9.90 9.83 9.75 9.66 9.57 9.47 9.36 9.25 9.13 9.01 8.89 8.77 8.65 8.52 8.39 8.26 8.13 8.00 7.87 7.74 7.62 7.49 7.36 7.24 7.12 7.00 6.87 6.75 6.63 6.51 6.39 6.28 6.17 6.06 5.95 5.85 5.76 5.67 5.59 5.51 5.44 5.38 5.33 5.28 5.25 5.22 5.19 5.17 5.16 5.16 5.16 5.17 5.18 5.20 5.22 5.24 5.28 5.31 5.35 5.40 5.44 5.49 5.54 5.58 5.62
9.65 9.70 9.75 9.79 9.84 9.88 9.91 9.94 9.95 9.96 9.95 9.94 9.92 9.88 9.84 9.79 9.73 9.67 9.59 9.51 9.43 9.33 9.23 9.13 9.02 8.91 8.80 8.68 8.56 8.44 8.32 8.20 8.07 7.95 7.82 7.70 7.58 7.45 7.33 7.21 7.09 6.97 6.86 6.74 6.62 6.50 6.39 6.27 6.16 6.06 5.95 5.85 5.76 5.67 5.59 5.52 5.45 5.39 5.34 5.29 5.26 5.23 5.21 5.20 5.19 5.19 5.19 5.20 5.22 5.24 5.27 5.30 5.34 5.38 5.43 5.48 5.53 5.58 5.63 5.68 5.72
9.36 9.41 9.46 9.51 9.55 9.60 9.64 9.67 9.70 9.71 9.72 9.71 9.70 9.68 9.64 9.60 9.55 9.49 9.43 9.35 9.27 9.19 9.10 9.00 8.90 8.80 8.69 8.58 8.47 8.36 8.24 8.13 8.01 7.89 7.77 7.65 7.53 7.41 7.30 7.18 7.07 6.95 6.84 6.72 6.60 6.49 6.38 6.27 6.16 6.05 5.95 5.86 5.76 5.68 5.60 5.52 5.45 5.40 5.34 5.30 5.27 5.24 5.23 5.22 5.21 5.21 5.22 5.24 5.26 5.29 5.32 5.36 5.41 5.45 5.51 5.56 5.62 5.67 5.72 5.76 5.81
9.08 9.13 9.18 9.23 9.27 9.32 9.36 9.40 9.43 9.46 9.47 9.48 9.47 9.46 9.44 9.40 9.36 9.31 9.25 9.19 9.12 9.04 8.95 8.87 8.78 8.68 8.58 8.48 8.38 8.27 8.16 8.05 7.94 7.83 7.71 7.60 7.49 7.37 7.26 7.15 7.04 6.92 6.81 6.70 6.59 6.48 6.37 6.26 6.15 6.05 5.95 5.86 5.76 5.68 5.60 5.53 5.46 5.40 5.35 5.31 5.28 5.26 5.24 5.23 5.23 5.24 5.25 5.27 5.30 5.33 5.37 5.42 5.47 5.52 5.58 5.64 5.69 5.75 5.80 5.85 5.89
8.79 8.84 8.89 8.94 8.99 9.03 9.08 9.12 9.16 9.19 9.22 9.23 9.24 9.23 9.22 9.19 9.16 9.12 9.07 9.01 8.95 8.88 8.81 8.73 8.65 8.56 8.47 8.37 8.28 8.18 8.08 7.97 7.87 7.76 7.65 7.55 7.44 7.33 7.22 7.11 7.00 6.89 6.79 6.68 6.57 6.46 6.35 6.25 6.14 6.04 5.95 5.85 5.77 5.68 5.60 5.53 5.47 5.41 5.36 5.32 5.29 5.27 5.25 5.25 5.25 5.26 5.28 5.31 5.34 5.38 5.42 5.47 5.53 5.59 5.65 5.70 5.76 5.82 5.87 5.92 5.97
8.50 8.55 8.60 8.65 8.70 8.75 8.79 8.84 8.88 8.92 8.95 8.98 8.99 9.00 8.99 8.98 8.95 8.92 8.88 8.83 8.78 8.72 8.65 8.58 8.51 8.43 8.35 8.26 8.17 8.08 7.99 7.89 7.79 7.69 7.59 7.49 7.38 7.28 7.17 7.07 6.97 6.86 6.76 6.65 6.55 6.44 6.34 6.24 6.13 6.04 5.94 5.85 5.77 5.68 5.61 5.54 5.47 5.42 5.37 5.33 5.30 5.28 5.27 5.26 5.27 5.29 5.31 5.34 5.37 5.42 5.47 5.52 5.58 5.64 5.70 5.76 5.82 5.88 5.93 5.98 6.03
8.21 8.27 8.32 8.37 8.41 8.46 8.51 8.55 8.59 8.64 8.67 8.71 8.73 8.75 8.75 8.75 8.73 8.71 8.68 8.64 8.60 8.55 8.49 8.43 8.37 8.30 8.22 8.15 8.06 7.98 7.89 7.80 7.71 7.62 7.52 7.42 7.32 7.23 7.13 7.03 6.93 6.83 6.73 6.63 6.52 6.42 6.32 6.22 6.12 6.03 5.94 5.85 5.76 5.68 5.61 5.54 5.48 5.43 5.38 5.34 5.31 5.29 5.28 5.28 5.29 5.31 5.33 5.37 5.41 5.46 5.51 5.57 5.63 5.69 5.75 5.81 5.87 5.93 5.99 6.04 6.09
7.93 7.98 8.03 8.08 8.13 8.18 8.22 8.27 8.31 8.35 8.39 8.43 8.47 8.49 8.51 8.51 8.50 8.49 8.47 8.44 8.41 8.37 8.33 8.28 8.22 8.16 8.09 8.02 7.95 7.87 7.79 7.71 7.62 7.54 7.45 7.36 7.26 7.17 7.07 6.98 6.89 6.79 6.69 6.60 6.50 6.40 6.30 6.21 6.11 6.02 5.93 5.84 5.76 5.68 5.61 5.55 5.49 5.43 5.39 5.35 5.32 5.30 5.29 5.29 5.30 5.32 5.35 5.39 5.44 5.49 5.55 5.61 5.67 5.73 5.80 5.86 5.92 5.98 6.04 6.09 6.15
7.64 7.69 7.74 7.79 7.84 7.89 7.94 7.98 8.03 8.07 8.11 8.15 8.19 8.22 8.25 8.26 8.27 8.27 8.26 8.24 8.22 8.19 8.15 8.11 8.07 8.01 7.96 7.90 7.83 7.76 7.69 7.61 7.53 7.45 7.37 7.28 7.20 7.11 7.02 6.93 6.84 6.75 6.66 6.56 6.47 6.37 6.28 6.19 6.10 6.01 5.92 5.84 5.76 5.68 5.61 5.55 5.49 5.44 5.40 5.36 5.33 5.31 5.30 5.31 5.32 5.34 5.37 5.42 5.47 5.52 5.58 5.64 5.70 5.77 5.83 5.89 5.95 6.02 6.08 6.14 6.19
7.35 7.41 7.46 7.51 7.56 7.60 7.65 7.70 7.74 7.79 7.83 7.87 7.91 7.95 7.98 8.01 8.03 8.04 8.04 8.03 8.02 8.00 7.97 7.94 7.91 7.86 7.82 7.76 7.71 7.64 7.58 7.51 7.44 7.37 7.29 7.21 7.13 7.05 6.96 6.88 6.79 6.71 6.62 6.53 6.44 6.35 6.26 6.17 6.08 5.99 5.91 5.83 5.76 5.68 5.62 5.55 5.50 5.45 5.41 5.37 5.35 5.33 5.32 5.32 5.33 5.36 5.39 5.44 5.49 5.55 5.61 5.67 5.73 5.79 5.86 5.92 5.98 6.05 6.11 6.17 6.23
7.07 7.12 7.17 7.22 7.27 7.32 7.37 7.41 7.46 7.50 7.55 7.59 7.63 7.67 7.71 7.75 7.78 7.80 7.81 7.82 7.81 7.81 7.79 7.77 7.74 7.71 7.67 7.62 7.58 7.52 7.47 7.40 7.34 7.27 7.20 7.13 7.06 6.98 6.90 6.82 6.74 6.66 6.58 6.49 6.41 6.32 6.23 6.15 6.06 5.98 5.90 5.82 5.75 5.68 5.62 5.56 5.50 5.46 5.42 5.38 5.36 5.34 5.34 5.34 5.35 5.38 5.41 5.46 5.51 5.56 5.62 5.68 5.75 5.81 5.87 5.94 6.00 6.07 6.13 6.20 6.26
6.79 6.84 6.89 6.94 6.99 7.04 7.09 7.13 7.18 7.22 7.27 7.31 7.35 7.39 7.44 7.48 7.52 7.55 7.58 7.59 7.60 7.60 7.60 7.59 7.57 7.55 7.52 7.48 7.44 7.40 7.35 7.29 7.24 7.18 7.11 7.05 6.98 6.91 6.84 6.76 6.69 6.61 6.53 6.45 6.37 6.29 6.21 6.12 6.04 5.97 5.89 5.82 5.74 5.68 5.62 5.56 5.51 5.46 5.43 5.39 5.37 5.36 5.35 5.36 5.37 5.39 5.43 5.47 5.52 5.57 5.63 5.69 5.75 5.82 5.88 5.95 6.02 6.08 6.15 6.22 6.28
6.51 6.56 6.61 6.66 6.71 6.76 6.81 6.85 6.90 6.94 6.99 7.03 7.07 7.12 7.16 7.21 7.26 7.30 7.34 7.36 7.38 7.40 7.40 7.40 7.39 7.38 7.36 7.33 7.30 7.26 7.22 7.18 7.13 7.08 7.02 6.96 6.90 6.83 6.77 6.70 6.63 6.56 6.48 6.41 6.33 6.25 6.18 6.10 6.02 5.95 5.88 5.81 5.74 5.67 5.62 5.56 5.51 5.47 5.43 5.41 5.39 5.37 5.37 5.37 5.39 5.41 5.44 5.48 5.52 5.57 5.63 5.69 5.76 5.82 5.89 5.95 6.02 6.09 6.16 6.23 6.29
6.24 6.29 6.34 6.38 6.43 6.48 6.53 6.57 6.62 6.66 6.71 6.75 6.80 6.85 6.89 6.94 6.99 7.04 7.09 7.13 7.16 7.18 7.20 7.21 7.21 7.20 7.19 7.18 7.16 7.13 7.10 7.06 7.02 6.97 6.92 6.87 6.81 6.76 6.70 6.63 6.57 6.50 6.44 6.36 6.29 6.22 6.15 6.07 6.00 5.93 5.86 5.79 5.73 5.67 5.61 5.56 5.52 5.48 5.44 5.42 5.40 5.39 5.39 5.39 5.41 5.43 5.46 5.49 5.53 5.57 5.63 5.69 5.75 5.81 5.88 5.95 6.02 6.09 6.16 6.23 6.30
5.97 6.02 6.06 6.11 6.16 6.21 6.25 6.30 6.34 6.39 6.43 6.48 6.53 6.58 6.63 6.68 6.73 6.78 6.83 6.88 6.93 6.96 6.99 7.01 7.02 7.03 7.03 7.02 7.00 6.99 6.96 6.93 6.90 6.86 6.82 6.78 6.73 6.68 6.62 6.57 6.51 6.45 6.38 6.32 6.25 6.18 6.11 6.04 5.98 5.91 5.84 5.78 5.72 5.67 5.61 5.56 5.52 5.49 5.45 5.43 5.41 5.41 5.41 5.41 5.42 5.44 5.46 5.49 5.53 5.57 5.62 5.67 5.73 5.80 5.87 5.94 6.01 6.08 6.15 6.23 6.30
5.71 5.75 5.80 5.84 5.89 5.93 5.98 6.02 6.07 6.12 6.16 6.21 6.26 6.31 6.36 6.42 6.47 6.53 6.58 6.64 6.69 6.74 6.77 6.80 6.83 6.84 6.85 6.85 6.85 6.84 6.82 6.80 6.78 6.75 6.71 6.68 6.64 6.59 6.54 6.49 6.44 6.39 6.33 6.27 6.21 6.14 6.08 6.01 5.95 5.89 5.83 5.77 5.71 5.66 5.61 5.57 5.53 5.49 5.46 5.44 5.43 5.42 5.42 5.43 5.44 5.45 5.47 5.49 5.52 5.56 5.60 5.66 5.71 5.78 5.85 5.92 5.99 6.07 6.14 6.21 6.29
5.45 5.49 5.53 5.58 5.62 5.67 5.71 5.76 5.80 5.85 5.90 5.95 6.00 6.05 6.10 6.16 6.22 6.27 6.33 6.39 6.45 6.50 6.55 6.59 6.63 6.65 6.67 6.68 6.69 6.69 6.68 6.67 6.65 6.63 6.60 6.57 6.54 6.50 6.46 6.42 6.37 6.32 6.27 6.21 6.16 6.10 6.04 5.98 5.92 5.86 5.81 5.75 5.70 5.65 5.61 5.57 5.53 5.50 5.47 5.46 5.44 5.44 5.44 5.44 5.44 5.46 5.47 5.49 5.52 5.55 5.59 5.64 5.69 5.75 5.82 5.89 5.97 6.04 6.12 6.19 6.27
5.19 5.23 5.28 5.32 5.36 5.40 5.45 5.49 5.54 5.59 5.64 5.69 5.74 5.79 5.85 5.91 5.96 6.02 6.08 6.14 6.20 6.26 6.32 6.38 6.42 6.46 6.48 6.51 6.52 6.53 6.53 6.53 6.52 6.51 6.49 6.47 6.44 6.41 6.38 6.34 6.30 6.26 6.21 6.16 6.11 6.06 6.00 5.95 5.89 5.84 5.79 5.74 5.69 5.64 5.60 5.57 5.53 5.51 5.48 5.47 5.46 5.45 5.45 5.45 5.45 5.46 5.47 5.49 5.51 5.54 5.58 5.62 5.67 5.72 5.79 5.86 5.93 6.01 6.09 6.16 6.24
4.94 4.98 5.02 5.06 5.11 5.15 5.19 5.24 5.28 5.33 5.38 5.43 5.49 5.54 5.60 5.66 5.71 5.77 5.84 5.90 5.96 6.03 6.09 6.15 6.21 6.25 6.29 6.33 6.35 6.37 6.38 6.39 6.39 6.38 6.37 6.36 6.34 6.31 6.29 6.26 6.22 6.19 6.15 6.10 6.06 6.01 5.96 5.91 5.86 5.81 5.77 5.72 5.68 5.64 5.60 5.57 5.54 5.51 5.49 5.48 5.47 5.46 5.45 5.45 5.45 5.46 5.47 5.48 5.50 5.53 5.56 5.59 5.64 5.69 5.75 5.82 5.89 5.97 6.05 6.13 6.21
4.70 4.74 4.78 4.82 4.86 4.90 4.94 4.99 5.03 5.08 5.13 5.19 5.24 5.30 5.35 5.41 5.47 5.53 5.60 5.66 5.72 5.79 5.86 5.92 5.99 6.05 6.10 6.14 6.17 6.20 6.22 6.24 6.25 6.25 6.25 6.24 6.23 6.22 6.20 6.17 6.14 6.11 6.08 6.04 6.00 5.96 5.92 5.87 5.83 5.79 5.74 5.70 5.66 5.63 5.59 5.56 5.54 5.52 5.50 5.49 5.47 5.46 5.46 5.45 5.45 5.45 5.46 5.47 5.49 5.51 5.54 5.57 5.61 5.66 5.71 5.77 5.84 5.92 6.00 6.09 6.17
4.47 4.50 4.54 4.57 4.61 4.65 4.70 4.74 4.79 4.84 4.89 4.94 5.00 5.06 5.11 5.17 5.23 5.30 5.36 5.42 5.49 5.56 5.63 5.70 5.77 5.83 5.89 5.95 5.99 6.03 6.06 6.09 6.10 6.12 6.12 6.12 6.12 6.11 6.10 6.08 6.06 6.04 6.01 5.98 5.95 5.91 5.87 5.83 5.80 5.76 5.72 5.68 5.65 5.62 5.59 5.56 5.54 5.52 5.51 5.49 5.48 5.46 5.46 5.45 5.45 5.45 5.45 5.46 5.47 5.49 5.51 5.54 5.58 5.62 5.67 5.73 5.80 5.87 5.95 6.03 6.12
4.24 4.27 4.31 4.34 4.38 4.42 4.46 4.51 4.56 4.60 4.66 4.71 4.76 4.82 4.88 4.94 5.00 5.06 5.13 5.19 5.26 5.33 5.40 5.47 5.54 5.62 5.69 5.75 5.81 5.85 5.89 5.93 5.96 5.98 5.99 6.00 6.01 6.01 6.00 5.99 5.98 5.96 5.94 5.91 5.89 5.86 5.83 5.79 5.76 5.73 5.69 5.66 5.63 5.61 5.58 5.56 5.54 5.52 5.51 5.49 5.47 5.46 5.45 5.44 5.44 5.44 5.44 5.44 5.45 5.47 5.49 5.52 5.55 5.59 5.63 5.69 5.75 5.81 5.89 5.97 6.06
4.02 4.05 4.08 4.12 4.15 4.19 4.24 4.28 4.33 4.38 4.43 4.48 4.54 4.59 4.65 4.71 4.77 4.84 4.90 4.97 5.04 5.11 5.18 5.25 5.32 5.40 5.47 5.55 5.61 5.67 5.72 5.77 5.80 5.83 5.86 5.88 5.89 5.90 5.90 5.90 5.89 5.88 5.86 5.85 5.82 5.80 5.78 5.75 5.72 5.69 5.67 5.64 5.62 5.59 5.57 5.56 5.54 5.52 5.50 5.49 5.47 5.46 5.44 5.43 5.43 5.42 5.42 5.43 5.43 5.45 5.46 5.49 5.52 5.55 5.59 5.64 5.70 5.76 5.83 5.91 6.00
3.81 3.84 3.87 3.90 3.94 3.98 4.02 4.06 4.11 4.16 4.21 4.26 4.31 4.37 4.43 4.49 4.55 4.62 4.68 4.75 4.82 4.89 4.96 5.03 5.11 5.19 5.26 5.34 5.42 5.48 5.55 5.60 5.65 5.69 5.72 5.74 5.77 5.78 5.79 5.80 5.80 5.79 5.79 5.77 5.76 5.74 5.72 5.70 5.68 5.66 5.64 5.62 5.60 5.58 5.56 5.55 5.53 5.51 5.49 5.48 5.46 5.45 5.43 5.42 5.41 5.41 5.41 5.41 5.41 5.42 5.44 5.46 5.48 5.51 5.55 5.59 5.65 5.70 5.77 5.84 5.93
3.61 3.64 3.66 3.70 3.73 3.77 3.81 3.85 3.90 3.94 3.99 4.05 4.10 4.16 4.22 4.28 4.34 4.40 4.47 4.54 4.61 4.68 4.75 4.82 4.90 4.98 5.05 5.13 5.21 5.29 5.36 5.43 5.48 5.53 5.57 5.61 5.64 5.66 5.68 5.70 5.70 5.71 5.71 5.70 5.69 5.68 5.67 5.66 5.64 5.62 5.61 5.59 5.58 5.57 5.55 5.53 5.52 5.50 5.48 5.47 5.45 5.43 5.42 5.41 5.40 5.39 5.39 5.39 5.39 5.40 5.41 5.42 5.45 5.47 5.51 5.55 5.59 5.65 5.71 5.78 5.86
3.42 3.44 3.47 3.50 3.54 3.57 3.61 3.65 3.70 3.74 3.79 3.84 3.90 3.95 4.01 4.07 4.13 4.20 4.26 4.33 4.40 4.47 4.54 4.62 4.69 4.77 4.85 4.93 5.01 5.10 5.18 5.25 5.32 5.38 5.43 5.47 5.51 5.54 5.57 5.59 5.61 5.62 5.62 5.63 5.62 5.62 5.61 5.61 5.60 5.59 5.58 5.57 5.56 5.55 5.53 5.52 5.50 5.48 5.47 5.45 5.43 5.42 5.40 5.39 5.38 5.37 5.37 5.36 5.36 5.37 5.38 5.39 5.41 5.43 5.46 5.50 5.54 5.59 5.65 5.71 5.79
3.24 3.26 3.29 3.32 3.35 3.38 3.42 3.46 3.50 3.55 3.60 3.65 3.70 3.75 3.81 3.87 3.93 4.00 4.06 4.13 4.20 4.27 4.34 4.42 4.50 4.57 4.65 4.73 4.82 4.90 4.99 5.07 5.15 5.21 5.28 5.33 5.38 5.42 5.45 5.48 5.50 5.52 5.54 5.55 5.55 5.56 5.56 5.56 5.55 5.55 5.54 5.54 5.53 5.52 5.51 5.50 5.48 5.47 5.45 5.43 5.42 5.40 5.38 5.37 5.36 5.35 5.34 5.34 5.34 5.34 5.35 5.36 5.37 5.39 5.42 5.45 5.49 5.54 5.59 5.65 5.72
3.08 3.09 3.12 3.14 3.17 3.21 3.24 3.28 3.32 3.36 3.41 3.46 3.51 3.56 3.62 3.68 3.74 3.80 3.87 3.94 4.01 4.08 4.15 4.23 4.30 4.38 4.46 4.54 4.63 4.71 4.80 4.88 4.97 5.05 5.12 5.18 5.24 5.29 5.33 5.37 5.40 5.43 5.45 5.47 5.48 5.49 5.50 5.50 5.51 5.51 5.51 5.51 5.50 5.49 5.48 5.47 5.46 5.44 5.43 5.41 5.39 5.38 5.36 5.35 5.34 5.33 5.32 5.31 5.31 5.31 5.31 5.32 5.34 5.35 5.38 5.41 5.44 5.48 5.53 5.59 5.65
2.92 2.94 2.96 2.98 3.01 3.04 3.07 3.11 3.15 3.19 3.23 3.28 3.33 3.38 3.44 3.50 3.56 3.62 3.68 3.75 3.82 3.89 3.96 4.04 4.12 4.19 4.28 4.36 4.44 4.53 4.61 4.70 4.79 4.88 4.96 5.03 5.10 5.16 5.21 5.25 5.29 5.33 5.36 5.38 5.40 5.42 5.43 5.45 5.46 5.46 5.47 5.47 5.47 5.46 5.45 5.44 5.43 5.42 5.40 5.38 5.37 5.35 5.34 5.32 5.31 5.30 5.29 5.28 5.28 5.28 5.28 5.29 5.30 5.31 5.33 5.36 5.39 5.43 5.47 5.52 5.58
