data_output/recharge/precip/Precip_1996_06.asc
ncols        168
nrows        136
xllcorner    455000
yllcorner    2107000
cellsize     500
NODATA_value     -99999
[rows 96 to 127 of 136, columns 72 to 143 of 168]
137.48 134.61 131.87 129.28 126.72 124.17 121.69 119.28 116.95 114.70 112.54 110.45 108.45 106.53 104.69 102.93 101.25 99.66 98.15 96.73 95.39 94.14 92.97 91.88 90.88 89.97 89.14 88.41 87.75 87.19 86.71 86.32 86.03 85.81 85.69 85.66 85.72 85.87 86.11 86.44 86.86 87.38 87.98 88.68 89.47 90.36 91.34 92.41 93.58 94.84 96.20 97.65 99.20 100.85 102.59 104.42 106.36 108.39 110.56 113.01 115.68 118.16 120.50 122.87 125.31 127.82 130.38 133.01 135.71 138.47 141.29 144.17
137.86 134.89 132.11 129.49 126.90 124.29 121.69 119.17 116.72 114.36 112.09 109.90 107.80 105.79 103.86 102.02 100.27 98.60 97.03 95.54 94.14 92.83 91.61 90.48 89.44 88.49 87.64 86.87 86.20 85.61 85.12 84.73 84.43 84.22 84.10 84.08 84.15 84.32 84.59 84.95 85.40 85.96 86.61 87.35 88.20 89.14 90.18 91.32 92.56 93.90 95.34 96.88 98.52 100.26 102.10 104.04 106.09 108.27 110.75 113.57 116.61 119.43 121.98 124.41 126.86 129.38 131.96 134.60 137.31 140.07 142.89 145.77
138.21 135.20 132.38 129.73 127.10 124.45 121.80 119.16 116.60 114.13 111.74 109.45 107.25 105.14 103.12 101.19 99.35 97.61 95.96 94.41 92.94 91.57 90.30 89.12 88.04 87.05 86.15 85.36 84.66 84.05 83.55 83.14 82.83 82.62 82.50 82.49 82.57 82.76 83.04 83.43 83.92 84.50 85.19 85.98 86.88 87.87 88.97 90.18 91.48 92.89 94.41 96.03 97.75 99.58 101.52 103.56 105.75 108.24 111.08 114.28 117.66 120.82 123.67 126.27 128.77 131.29 133.87 136.51 139.21 141.96 144.77 147.64
138.58 135.54 132.69 129.99 127.33 124.65 121.95 119.26 116.58 113.99 111.49 109.09 106.78 104.57 102.46 100.44 98.52 96.69 94.96 93.34 91.81 90.37 89.04 87.81 86.67 85.64 84.71 83.88 83.15 82.52 81.99 81.56 81.24 81.02 80.91 80.90 80.99 81.18 81.49 81.89 82.40 83.02 83.75 84.58 85.52 86.56 87.72 88.98 90.35 91.82 93.41 95.11 96.92 98.83 100.86 103.04 105.52 108.37 111.58 115.13 118.85 122.32 125.46 128.32 130.96 133.50 136.07 138.70 141.38 144.11 146.90 149.74
139.00 135.92 133.02 130.29 127.59 124.87 122.14 119.40 116.67 113.97 111.35 108.84 106.42 104.10 101.89 99.77 97.76 95.85 94.04 92.34 90.73 89.23 87.84 86.55 85.36 84.28 83.30 82.43 81.66 81.01 80.45 80.01 79.67 79.44 79.32 79.30 79.40 79.60 79.92 80.34 80.87 81.52 82.27 83.14 84.12 85.21 86.41 87.73 89.16 90.70 92.36 94.13 96.01 98.01 100.17 102.63 105.47 108.67 112.23 116.11 120.16 123.93 127.34 130.45 133.31 135.97 138.54 141.13 143.78 146.48 149.24 152.04
139.46 136.34 133.40 130.63 127.88 125.12 122.35 119.58 116.81 114.05 111.32 108.69 106.16 103.73 101.41 99.20 97.09 95.09 93.20 91.41 89.73 88.16 86.70 85.34 84.10 82.96 81.94 81.03 80.22 79.53 78.95 78.48 78.12 77.87 77.74 77.72 77.81 78.02 78.34 78.78 79.33 80.00 80.78 81.68 82.69 83.82 85.07 86.44 87.92 89.52 91.24 93.08 95.04 97.16 99.59 102.41 105.60 109.15 113.03 117.24 121.59 125.64 129.31 132.66 135.72 138.56 141.21 143.79 146.40 149.05 151.76 154.51
139.97 136.81 133.83 131.01 128.22 125.42 122.61 119.80 116.99 114.18 111.40 108.65 106.00 103.47 101.04 98.72 96.51 94.42 92.43 90.56 88.80 87.16 85.62 84.20 82.90 81.71 80.63 79.67 78.82 78.09 77.47 76.97 76.59 76.33 76.18 76.15 76.24 76.44 76.77 77.21 77.78 78.46 79.27 80.19 81.24 82.41 83.70 85.11 86.64 88.30 90.08 91.98 94.05 96.44 99.23 102.39 105.91 109.79 113.99 118.49 123.14 127.46 131.37 134.94 138.19 141.19 143.98 146.61 149.18 151.78 154.42 157.11
140.54 137.33 134.31 131.44 128.60 125.76 122.90 120.05 117.20 114.36 111.53 108.72 105.97 103.31 100.77 98.34 96.03 93.84 91.76 89.80 87.96 86.23 84.62 83.13 81.76 80.51 79.37 78.36 77.47 76.69 76.04 75.51 75.10 74.81 74.64 74.60 74.67 74.88 75.20 75.65 76.22 76.92 77.75 78.69 79.77 80.97 82.29 83.75 85.33 87.04 88.87 90.88 93.21 95.95 99.07 102.56 106.41 110.59 115.09 119.88 124.81 129.38 133.52 137.28 140.71 143.86 146.77 149.50 152.09 154.64 157.21 159.82
141.17 137.91 134.84 131.92 129.04 126.15 123.25 120.35 117.45 114.57 111.70 108.85 106.03 103.27 100.61 98.08 95.66 93.36 91.19 89.13 87.20 85.39 83.70 82.13 80.69 79.37 78.18 77.11 76.16 75.34 74.65 74.08 73.64 73.32 73.13 73.07 73.13 73.32 73.64 74.09 74.67 75.38 76.22 77.18 78.28 79.51 80.87 82.36 83.98 85.74 87.67 89.93 92.61 95.67 99.12 102.92 107.07 111.55 116.33 121.40 126.58 131.39 135.74 139.69 143.28 146.56 149.58 152.39 155.04 157.58 160.07 162.60
141.86 138.56 135.43 132.47 129.53 126.59 123.64 120.69 117.75 114.83 111.92 109.03 106.17 103.34 100.57 97.92 95.39 92.99 90.71 88.56 86.53 84.63 82.86 81.22 79.70 78.31 77.05 75.92 74.92 74.05 73.31 72.70 72.22 71.87 71.65 71.57 71.61 71.79 72.10 72.55 73.13 73.84 74.69 75.67 76.79 78.04 79.43 80.95 82.62 84.46 86.64 89.23 92.23 95.62 99.37 103.48 107.91 112.67 117.72 123.05 128.47 133.50 138.05 142.17 145.90 149.30 152.41 155.29 157.98 160.52 162.98 165.42
142.63 139.27 136.09 133.07 130.08 127.09 124.09 121.10 118.11 115.13 112.18 109.25 106.34 103.47 100.64 97.88 95.24 92.72 90.34 88.08 85.96 83.97 82.11 80.38 78.79 77.33 76.00 74.80 73.74 72.82 72.02 71.37 70.85 70.46 70.21 70.10 70.12 70.29 70.58 71.02 71.60 72.31 73.17 74.16 75.29 76.56 77.98 79.53 81.27 83.35 85.86 88.78 92.09 95.78 99.83 104.21 108.92 113.94 119.24 124.81 130.47 135.70 140.43 144.70 148.56 152.06 155.25 158.18 160.89 163.44 165.87 168.23
143.46 140.05 136.82 133.74 130.70 127.65 124.60 121.56 118.52 115.50 112.49 109.51 106.57 103.65 100.78 97.95 95.20 92.57 90.08 87.72 85.49 83.40 81.45 79.64 77.96 76.42 75.02 73.76 72.63 71.65 70.80 70.09 69.53 69.10 68.82 68.67 68.67 68.81 69.09 69.52 70.09 70.80 71.65 72.65 73.79 75.08 76.52 78.14 80.12 82.52 85.35 88.57 92.18 96.16 100.48 105.13 110.10 115.36 120.90 126.70 132.57 137.99 142.88 147.29 151.26 154.85 158.10 161.07 163.79 166.32 168.71 171.00
144.38 140.91 137.62 134.49 131.39 128.29 125.18 122.08 118.99 115.92 112.87 109.84 106.84 103.88 100.97 98.09 95.28 92.54 89.93 87.46 85.13 82.94 80.89 78.99 77.23 75.60 74.12 72.79 71.60 70.55 69.64 68.88 68.27 67.80 67.47 67.29 67.26 67.37 67.63 68.04 68.60 69.30 70.15 71.16 72.31 73.61 75.10 76.95 79.25 81.96 85.09 88.61 92.50 96.74 101.33 106.23 111.44 116.93 122.69 128.70 134.77 140.36 145.40 149.94 154.01 157.67 160.96 163.94 166.66 169.16 171.49 173.70
145.38 141.85 138.51 135.31 132.15 128.99 125.83 122.68 119.53 116.41 113.30 110.22 107.18 104.17 101.21 98.29 95.43 92.62 89.91 87.32 84.88 82.59 80.44 78.44 76.59 74.88 73.32 71.90 70.64 69.52 68.56 67.74 67.07 66.55 66.18 65.96 65.89 65.98 66.21 66.60 67.14 67.83 68.68 69.68 70.83 72.18 73.90 76.07 78.66 81.68 85.09 88.88 93.04 97.54 102.37 107.51 112.94 118.65 124.61 130.82 137.06 142.82 147.99 152.63 156.78 160.50 163.82 166.81 169.51 171.96 174.21 176.32
146.47 142.88 139.47 136.22 133.00 129.78 126.56 123.34 120.14 116.96 113.80 110.67 107.58 104.52 101.50 98.54 95.63 92.78 90.00 87.31 84.76 82.35 80.10 78.00 76.05 74.25 72.60 71.11 69.77 68.58 67.55 66.66 65.94 65.37 64.95 64.69 64.58 64.63 64.84 65.20 65.72 66.39 67.23 68.22 69.42 70.99 73.01 75.48 78.36 81.66 85.34 89.39 93.80 98.54 103.60 108.96 114.60 120.51 126.66 133.04 139.46 145.36 150.65 155.38 159.59 163.35 166.69 169.66 172.32 174.71 176.87 178.87
147.65 144.00 140.53 137.21 133.93 130.64 127.36 124.09 120.83 117.59 114.38 111.19 108.04 104.93 101.87 98.85 95.89 93.00 90.17 87.41 84.75 82.23 79.87 77.67 75.62 73.72 71.99 70.41 68.99 67.72 66.62 65.67 64.88 64.25 63.78 63.47 63.32 63.33 63.51 63.84 64.33 64.99 65.81 66.84 68.25 70.12 72.43 75.18 78.34 81.90 85.84 90.14 94.78 99.74 105.02 110.58 116.42 122.51 128.84 135.38 141.94 147.97 153.36 158.17 162.43 166.21 169.55 172.50 175.10 177.41 179.47 181.34
148.94 145.22 141.68 138.30 134.95 131.60 128.25 124.92 121.60 118.30 115.03 111.78 108.58 105.41 102.29 99.23 96.22 93.27 90.39 87.59 84.86 82.24 79.77 77.45 75.30 73.31 71.48 69.81 68.30 66.96 65.78 64.76 63.90 63.21 62.69 62.32 62.13 62.10 62.23 62.53 63.00 63.63 64.48 65.71 67.41 69.57 72.17 75.18 78.60 82.41 86.59 91.11 95.97 101.15 106.62 112.37 118.39 124.64 131.13 137.82 144.52 150.66 156.13 161.00 165.30 169.09 172.41 175.31 177.85 180.06 182.00 183.72
150.32 146.54 142.93 139.48 136.06 132.65 129.24 125.84 122.45 119.09 115.76 112.46 109.19 105.97 102.80 99.68 96.61 93.62 90.69 87.83 85.06 82.37 79.79 77.36 75.10 73.01 71.08 69.31 67.72 66.29 65.03 63.94 63.01 62.25 61.67 61.25 61.00 60.92 61.01 61.28 61.71 62.36 63.41 64.93 66.91 69.34 72.20 75.47 79.14 83.18 87.58 92.32 97.38 102.75 108.40 114.33 120.50 126.91 133.54 140.37 147.18 153.41 158.96 163.87 168.19 171.97 175.26 178.10 180.55 182.66 184.46 186.02
151.82 147.97 144.29 140.76 137.28 133.79 130.31 126.85 123.40 119.98 116.58 113.21 109.89 106.61 103.38 100.20 97.08 94.03 91.05 88.14 85.31 82.57 79.93 77.40 75.02 72.82 70.79 68.93 67.24 65.72 64.38 63.21 62.21 61.38 60.73 60.25 59.95 59.82 59.86 60.09 60.53 61.37 62.70 64.50 66.75 69.44 72.54 76.05 79.95 84.20 88.81 93.75 99.00 104.54 110.36 116.44 122.77 129.31 136.07 143.01 149.93 156.24 161.84 166.78 171.10 174.86 178.10 180.87 183.22 185.19 186.85 188.23
153.43 149.50 145.75 142.15 138.60 135.04 131.49 127.96 124.44 120.95 117.49 114.06 110.67 107.33 104.04 100.80 97.63 94.52 91.48 88.52 85.64 82.85 80.15 77.55 75.08 72.76 70.62 68.66 66.88 65.27 63.83 62.58 61.50 60.60 59.88 59.34 58.97 58.79 58.78 59.01 59.63 60.75 62.35 64.41 66.92 69.85 73.19 76.92 81.02 85.48 90.28 95.40 100.82 106.53 112.50 118.72 125.17 131.84 138.71 145.75 152.76 159.13 164.77 169.72 174.03 177.75 180.92 183.60 185.84 187.67 189.16 190.35
155.15 151.16 147.33 143.66 140.02 136.39 132.77 129.17 125.58 122.02 118.49 115.00 111.55 108.14 104.79 101.49 98.26 95.09 92.00 88.98 86.04 83.20 80.45 77.80 75.25 72.83 70.58 68.52 66.63 64.92 63.40 62.05 60.89 59.91 59.12 58.51 58.08 57.84 57.83 58.23 59.12 60.51 62.37 64.67 67.41 70.57 74.13 78.06 82.37 87.01 91.99 97.27 102.85 108.70 114.81 121.15 127.72 134.50 141.46 148.59 155.66 162.09 167.75 172.70 176.98 180.64 183.73 186.31 188.41 190.09 191.39 192.37
157.00 152.93 149.03 145.28 141.57 137.86 134.17 130.49 126.83 123.20 119.60 116.04 112.52 109.05 105.63 102.27 98.97 95.75 92.59 89.52 86.53 83.63 80.82 78.11 75.51 73.03 70.67 68.50 66.50 64.69 63.07 61.64 60.39 59.33 58.46 57.77 57.28 57.02 57.18 57.84 59.00 60.64 62.74 65.28 68.24 71.61 75.36 79.49 83.97 88.79 93.92 99.36 105.07 111.06 117.28 123.74 130.41 137.27 144.31 151.51 158.64 165.10 170.77 175.70 179.93 183.53 186.53 188.98 190.93 192.44 193.54 194.30
158.98 154.83 150.85 147.02 143.23 139.44 135.67 131.92 128.19 124.49 120.82 117.18 113.60 110.06 106.57 103.15 99.78 96.49 93.28 90.14 87.09 84.13 81.27 78.51 75.86 73.31 70.89 68.61 66.50 64.59 62.87 61.34 60.00 58.85 57.90 57.14 56.62 56.52 56.94 57.86 59.27 61.14 63.46 66.22 69.39 72.95 76.89 81.19 85.84 90.81 96.09 101.66 107.50 113.60 119.93 126.48 133.23 140.17 147.27 154.52 161.70 168.17 173.83 178.73 182.90 186.41 189.30 191.61 193.40 194.72 195.61 196.12
161.09 156.86 152.80 148.88 145.01 141.15 137.30 133.47 129.66 125.88 122.14 118.44 114.78 111.17 107.61 104.12 100.69 97.34 94.06 90.86 87.75 84.73 81.81 78.99 76.28 73.68 71.20 68.85 66.64 64.62 62.79 61.16 59.73 58.49 57.45 56.66 56.30 56.45 57.12 58.28 59.92 62.01 64.54 67.50 70.85 74.60 78.71 83.17 87.96 93.07 98.48 104.17 110.12 116.31 122.74 129.37 136.19 143.18 150.33 157.62 164.82 171.30 176.93 181.78 185.88 189.28 192.04 194.20 195.82 196.93 197.59 197.85
163.33 159.02 154.88 150.88 146.93 142.98 139.05 135.14 131.25 127.40 123.58 119.80 116.07 112.39 108.76 105.20 101.70 98.28 94.93 91.67 88.49 85.41 82.43 79.55 76.78 74.13 71.59 69.18 66.90 64.78 62.84 61.11 59.58 58.24 57.16 56.52 56.41 56.81 57.71 59.10 60.95 63.25 65.97 69.11 72.64 76.55 80.81 85.42 90.34 95.58 101.10 106.89 112.93 119.21 125.70 132.40 139.27 146.31 153.49 160.80 168.01 174.47 180.07 184.85 188.85 192.14 194.76 196.75 198.17 199.06 199.48 199.46
165.72 161.33 157.10 153.01 148.97 144.94 140.93 136.94 132.97 129.04 125.14 121.28 117.47 113.72 110.02 106.38 102.82 99.32 95.91 92.58 89.34 86.19 83.15 80.21 77.38 74.66 72.07 69.60 67.27 65.07 63.03 61.19 59.55 58.17 57.24 56.84 56.96 57.59 58.71 60.31 62.36 64.84 67.75 71.05 74.74 78.80 83.20 87.93 92.98 98.32 103.94 109.82 115.94 122.28 128.83 135.57 142.48 149.55 156.75 164.06 171.26 177.70 183.24 187.93 191.83 194.99 197.45 199.25 200.46 201.12 201.27 200.97
168.26 163.78 159.46 155.29 151.16 147.04 142.94 138.87 134.82 130.80 126.82 122.89 119.00 115.17 111.40 107.69 104.05 100.48 97.00 93.60 90.29 87.08 83.97 80.96 78.07 75.29 72.64 70.11 67.72 65.46 63.35 61.41 59.71 58.47 57.77 57.60 57.95 58.80 60.12 61.91 64.14 66.80 69.86 73.32 77.15 81.34 85.87 90.71 95.86 101.29 106.99 112.94 119.12 125.52 132.11 138.88 145.82 152.89 160.09 167.40 174.58 180.97 186.43 191.03 194.81 197.82 200.10 201.71 202.69 203.10 202.97 202.37
170.95 166.38 161.97 157.71 153.49 149.28 145.10 140.93 136.80 132.70 128.64 124.62 120.66 116.74 112.89 109.11 105.39 101.75 98.20 94.73 91.35 88.07 84.89 81.81 78.86 76.02 73.30 70.71 68.26 65.94 63.77 61.81 60.25 59.24 58.77 58.82 59.38 60.42 61.93 63.90 66.29 69.11 72.32 75.92 79.88 84.18 88.81 93.75 98.99 104.50 110.26 116.27 122.50 128.93 135.55 142.33 149.27 156.34 163.53 170.81 177.95 184.28 189.66 194.14 197.78 200.63 202.72 204.11 204.85 204.99 204.57 203.65
173.80 169.13 164.63 160.27 155.96 151.67 147.39 143.14 138.92 134.73 130.59 126.49 122.44 118.45 114.52 110.65 106.86 103.15 99.51 95.97 92.52 89.16 85.92 82.78 79.75 76.84 74.06 71.41 68.89 66.52 64.34 62.56 61.27 60.49 60.23 60.48 61.23 62.46 64.14 66.27 68.82 71.77 75.12 78.83 82.90 87.31 92.03 97.05 102.36 107.93 113.75 119.79 126.05 132.50 139.13 145.92 152.84 159.89 167.05 174.29 181.38 187.63 192.91 197.26 200.75 203.41 205.30 206.46 206.94 206.80 206.07 204.81
176.80 172.05 167.45 163.00 158.60 154.21 149.84 145.50 141.19 136.91 132.68 128.49 124.36 120.28 116.27 112.33 108.45 104.66 100.95 97.33 93.81 90.38 87.06 83.85 80.75 77.78 74.93 72.21 69.63 67.24 65.25 63.75 62.74 62.21 62.16 62.59 63.52 64.91 66.75 69.02 71.71 74.79 78.25 82.07 86.24 90.73 95.52 100.61 105.97 111.59 117.44 123.51 129.78 136.24 142.86 149.63 156.53 163.55 170.66 177.84 184.86 191.01 196.17 200.39 203.70 206.17 207.83 208.75 208.96 208.51 207.46 205.86
179.98 175.12 170.43 165.88 161.38 156.90 152.44 148.00 143.60 139.24 134.91 130.64 126.42 122.26 118.16 114.13 110.18 106.31 102.52 98.82 95.22 91.71 88.32 85.04 81.87 78.82 75.90 73.12 70.52 68.32 66.61 65.39 64.64 64.36 64.53 65.15 66.23 67.77 69.75 72.15 74.96 78.15 81.71 85.62 89.87 94.43 99.28 104.42 109.82 115.47 121.34 127.42 133.69 140.13 146.73 153.47 160.33 167.30 174.34 181.46 188.39 194.44 199.46 203.51 206.64 208.90 210.33 210.98 210.90 210.14 208.75 206.78
183.32 178.37 173.58 168.93 164.33 159.75 155.19 150.66 146.17 141.71 137.30 132.93 128.62 124.38 120.19 116.08 112.04 108.09 104.22 100.44 96.75 93.18 89.70 86.34 83.10 79.98 77.00 74.19 71.78 69.86 68.43 67.47 66.97 66.93 67.32 68.13 69.37 71.04 73.15 75.66 78.57 81.86 85.50 89.49 93.80 98.41 103.31 108.48 113.91 119.56 125.44 131.51 137.77 144.18 150.75 157.44 164.24 171.14 178.11 185.14 191.97 197.89 202.76 206.64 209.57 211.60 212.77 213.14 212.76 211.67 209.93 207.57
