data_output/recharge/precip/Precip_2011_08.asc
ncols        168
nrows        136
xllcorner    455000
yllcorner    2107000
cellsize     500
NODATA_value     -99999
[rows 32 to 63 of 136, columns 72 to 143 of 168]
116.76 115.50 114.27 113.07 111.91 110.79 109.70 108.65 107.63 106.65 105.70 104.78 103.90 103.04 102.22 101.43 100.67 99.94 99.23 98.56 97.91 97.29 96.69 96.12 95.58 95.06 94.57 94.10 93.65 93.22 92.82 92.44 92.08 91.74 91.41 91.11 90.83 90.56 90.31 90.08 89.86 89.66 89.47 89.30 89.14 89.00 88.86 88.74 88.63 88.55 88.53 88.56 88.67 88.83 89.07 89.37 89.73 90.16 90.63 91.15 91.72 92.33 92.99 93.69 94.44 95.24 96.07 96.93 97.82 98.74 99.68 100.65
117.02 115.77 114.56 113.38 112.24 111.14 110.07 109.04 108.04 107.08 106.14 105.25 104.38 103.54 102.73 101.96 101.21 100.49 99.80 99.13 98.49 97.88 97.30 96.74 96.20 95.69 95.20 94.73 94.29 93.86 93.46 93.08 92.72 92.38 92.05 91.75 91.46 91.19 90.94 90.70 90.47 90.26 90.07 89.89 89.72 89.56 89.42 89.29 89.16 89.05 88.97 88.94 88.97 89.07 89.24 89.47 89.77 90.13 90.54 91.01 91.53 92.09 92.71 93.38 94.10 94.87 95.67 96.51 97.39 98.29 99.23 100.20
117.22 115.99 114.80 113.64 112.52 111.44 110.40 109.39 108.41 107.46 106.55 105.67 104.82 104.00 103.20 102.44 101.71 101.00 100.32 99.66 99.04 98.43 97.86 97.30 96.77 96.27 95.78 95.32 94.88 94.46 94.06 93.68 93.32 92.97 92.65 92.34 92.05 91.77 91.51 91.27 91.04 90.82 90.62 90.43 90.25 90.08 89.92 89.78 89.64 89.51 89.40 89.30 89.27 89.30 89.39 89.55 89.78 90.08 90.43 90.83 91.30 91.82 92.40 93.03 93.71 94.44 95.22 96.03 96.89 97.78 98.71 99.67
117.36 116.16 114.99 113.86 112.76 111.71 110.68 109.69 108.74 107.81 106.91 106.05 105.21 104.41 103.63 102.88 102.16 101.46 100.79 100.15 99.53 98.94 98.37 97.82 97.30 96.80 96.32 95.86 95.42 95.00 94.60 94.22 93.86 93.52 93.19 92.88 92.58 92.30 92.04 91.79 91.55 91.32 91.11 90.91 90.72 90.54 90.37 90.21 90.06 89.92 89.79 89.66 89.56 89.51 89.54 89.62 89.78 90.00 90.28 90.63 91.04 91.51 92.04 92.63 93.27 93.96 94.71 95.50 96.33 97.21 98.13 99.08
117.46 116.28 115.14 114.03 112.96 111.92 110.92 109.95 109.01 108.10 107.23 106.38 105.56 104.77 104.01 103.27 102.56 101.88 101.22 100.59 99.98 99.39 98.83 98.29 97.77 97.28 96.80 96.34 95.91 95.49 95.09 94.71 94.35 94.00 93.67 93.36 93.06 92.78 92.50 92.25 92.00 91.77 91.55 91.33 91.13 90.94 90.76 90.59 90.42 90.27 90.12 89.97 89.84 89.72 89.67 89.68 89.75 89.90 90.11 90.39 90.74 91.16 91.64 92.18 92.78 93.44 94.15 94.91 95.72 96.58 97.48 98.43
117.49 116.35 115.23 114.14 113.10 112.09 111.10 110.16 109.24 108.35 107.49 106.65 105.85 105.07 104.33 103.60 102.91 102.23 101.59 100.96 100.36 99.79 99.23 98.70 98.18 97.69 97.22 96.77 96.34 95.92 95.52 95.14 94.78 94.43 94.10 93.78 93.47 93.18 92.91 92.64 92.39 92.15 91.91 91.69 91.48 91.28 91.08 90.90 90.72 90.55 90.38 90.22 90.06 89.91 89.78 89.71 89.71 89.77 89.91 90.13 90.41 90.77 91.19 91.69 92.24 92.86 93.53 94.27 95.05 95.89 96.78 97.71
117.47 116.35 115.26 114.21 113.18 112.19 111.23 110.30 109.40 108.53 107.69 106.87 106.08 105.32 104.58 103.87 103.19 102.53 101.89 101.28 100.69 100.12 99.57 99.04 98.53 98.05 97.58 97.13 96.70 96.28 95.89 95.50 95.14 94.79 94.45 94.13 93.82 93.52 93.24 92.97 92.71 92.45 92.21 91.98 91.76 91.54 91.33 91.13 90.94 90.75 90.57 90.39 90.21 90.04 89.87 89.73 89.64 89.63 89.69 89.83 90.05 90.34 90.71 91.15 91.66 92.24 92.88 93.58 94.33 95.15 96.02 96.94
117.39 116.30 115.24 114.21 113.21 112.23 111.29 110.38 109.50 108.65 107.82 107.02 106.25 105.50 104.78 104.08 103.41 102.76 102.13 101.52 100.94 100.38 99.84 99.32 98.81 98.33 97.87 97.42 96.99 96.57 96.18 95.79 95.43 95.07 94.73 94.41 94.09 93.79 93.50 93.22 92.95 92.69 92.44 92.19 91.96 91.73 91.51 91.29 91.08 90.88 90.68 90.48 90.29 90.10 89.91 89.72 89.56 89.45 89.44 89.50 89.66 89.89 90.20 90.58 91.04 91.58 92.17 92.84 93.57 94.36 95.21 96.11
117.27 116.19 115.15 114.14 113.16 112.21 111.29 110.40 109.53 108.70 107.89 107.10 106.34 105.61 104.90 104.22 103.55 102.91 102.30 101.70 101.12 100.57 100.03 99.52 99.02 98.54 98.08 97.63 97.20 96.79 96.39 96.01 95.64 95.28 94.94 94.61 94.29 93.98 93.68 93.39 93.11 92.84 92.58 92.33 92.08 91.84 91.60 91.37 91.15 90.92 90.71 90.49 90.28 90.07 89.86 89.65 89.44 89.26 89.17 89.16 89.24 89.41 89.66 89.99 90.40 90.88 91.44 92.07 92.76 93.52 94.35 95.24
117.17 116.05 115.01 114.02 113.07 112.14 111.24 110.36 109.52 108.70 107.90 107.13 106.39 105.67 104.97 104.30 103.65 103.02 102.41 101.82 101.26 100.71 100.18 99.67 99.18 98.70 98.24 97.80 97.37 96.96 96.56 96.17 95.80 95.44 95.09 94.76 94.43 94.12 93.81 93.51 93.23 92.95 92.67 92.41 92.15 91.89 91.64 91.40 91.16 90.92 90.68 90.45 90.22 89.99 89.76 89.53 89.30 89.10 88.93 88.85 88.86 88.96 89.15 89.42 89.77 90.21 90.73 91.32 91.98 92.71 93.52 94.38
117.11 115.94 114.86 113.88 112.94 112.03 111.15 110.30 109.47 108.67 107.89 107.13 106.41 105.70 105.02 104.35 103.71 103.10 102.50 101.92 101.36 100.82 100.30 99.79 99.30 98.83 98.37 97.93 97.51 97.09 96.69 96.31 95.93 95.57 95.22 94.88 94.55 94.23 93.91 93.61 93.31 93.02 92.74 92.46 92.19 91.92 91.66 91.40 91.14 90.89 90.63 90.38 90.13 89.88 89.63 89.39 89.17 88.96 88.77 88.63 88.56 88.59 88.72 88.93 89.24 89.62 90.10 90.65 91.28 91.98 92.76 93.61
117.11 115.88 114.74 113.72 112.78 111.89 111.03 110.20 109.39 108.60 107.84 107.11 106.39 105.70 105.03 104.38 103.75 103.14 102.56 101.99 101.43 100.90 100.38 99.89 99.40 98.93 98.48 98.04 97.62 97.20 96.80 96.42 96.04 95.68 95.32 94.98 94.64 94.31 93.99 93.68 93.37 93.08 92.78 92.49 92.21 91.93 91.65 91.38 91.10 90.83 90.56 90.29 90.03 89.76 89.49 89.25 89.03 88.83 88.65 88.48 88.36 88.32 88.38 88.54 88.79 89.12 89.55 90.06 90.66 91.33 92.08 92.91
117.15 115.86 114.67 113.59 112.61 111.73 110.89 110.07 109.28 108.51 107.77 107.05 106.35 105.67 105.01 104.38 103.76 103.16 102.59 102.03 101.48 100.96 100.45 99.95 99.47 99.01 98.56 98.12 97.70 97.29 96.89 96.50 96.12 95.76 95.40 95.05 94.71 94.37 94.05 93.73 93.41 93.10 92.80 92.50 92.21 91.91 91.62 91.33 91.05 90.76 90.47 90.19 89.90 89.62 89.35 89.12 88.90 88.71 88.53 88.37 88.23 88.14 88.14 88.23 88.43 88.71 89.10 89.57 90.13 90.77 91.50 92.30
117.24 115.89 114.64 113.50 112.48 111.55 110.71 109.92 109.14 108.39 107.67 106.96 106.28 105.61 104.97 104.35 103.74 103.16 102.59 102.04 101.50 100.99 100.48 100.00 99.52 99.06 98.62 98.18 97.76 97.35 96.95 96.56 96.18 95.81 95.45 95.10 94.75 94.41 94.08 93.75 93.43 93.11 92.80 92.49 92.18 91.88 91.57 91.27 90.97 90.66 90.36 90.06 89.76 89.48 89.22 88.99 88.78 88.59 88.42 88.27 88.15 88.04 87.99 88.02 88.16 88.40 88.73 89.16 89.69 90.30 91.00 91.78
117.39 115.97 114.66 113.47 112.38 111.41 110.53 109.74 108.98 108.25 107.54 106.85 106.18 105.53 104.90 104.29 103.70 103.13 102.57 102.03 101.50 100.99 100.50 100.02 99.55 99.09 98.65 98.22 97.80 97.39 96.99 96.60 96.22 95.85 95.48 95.13 94.78 94.43 94.09 93.76 93.43 93.10 92.78 92.46 92.14 91.82 91.50 91.18 90.87 90.55 90.23 89.92 89.62 89.34 89.09 88.86 88.66 88.48 88.33 88.19 88.08 87.99 87.92 87.91 87.99 88.18 88.47 88.85 89.34 89.92 90.59 91.36
117.58 116.11 114.73 113.48 112.34 111.30 110.38 109.54 108.79 108.08 107.39 106.71 106.06 105.43 104.81 104.22 103.64 103.07 102.52 101.99 101.48 100.97 100.49 100.01 99.55 99.10 98.66 98.23 97.81 97.41 97.01 96.62 96.24 95.86 95.50 95.13 94.78 94.43 94.08 93.74 93.40 93.07 92.73 92.40 92.07 91.74 91.41 91.08 90.75 90.42 90.09 89.78 89.49 89.22 88.97 88.75 88.56 88.39 88.24 88.12 88.02 87.95 87.90 87.89 87.92 88.06 88.30 88.64 89.09 89.64 90.28 91.02
117.82 116.29 114.85 113.53 112.33 111.25 110.27 109.38 108.60 107.88 107.21 106.55 105.92 105.30 104.70 104.11 103.55 102.99 102.46 101.94 101.43 100.93 100.45 99.99 99.53 99.08 98.65 98.22 97.81 97.40 97.01 96.62 96.23 95.86 95.49 95.12 94.76 94.41 94.06 93.71 93.36 93.02 92.67 92.33 91.99 91.65 91.31 90.96 90.62 90.27 89.95 89.64 89.36 89.10 88.86 88.65 88.46 88.31 88.18 88.07 87.99 87.93 87.91 87.91 87.95 88.04 88.23 88.54 88.95 89.46 90.07 90.79
118.12 116.52 115.02 113.64 112.38 111.24 110.20 109.27 108.43 107.68 107.01 106.37 105.75 105.15 104.56 103.99 103.43 102.89 102.37 101.86 101.36 100.87 100.40 99.94 99.49 99.05 98.62 98.20 97.78 97.38 96.98 96.59 96.21 95.83 95.46 95.09 94.73 94.37 94.01 93.65 93.30 92.95 92.60 92.24 91.89 91.54 91.18 90.83 90.47 90.13 89.82 89.52 89.24 88.99 88.76 88.56 88.39 88.24 88.13 88.04 87.97 87.94 87.93 87.96 88.02 88.12 88.28 88.53 88.90 89.38 89.97 90.66
118.46 116.80 115.23 113.79 112.48 111.27 110.18 109.19 108.30 107.51 106.80 106.17 105.56 104.97 104.40 103.84 103.30 102.77 102.26 101.76 101.27 100.79 100.33 99.87 99.43 98.99 98.57 98.15 97.74 97.34 96.94 96.55 96.17 95.79 95.41 95.04 94.68 94.31 93.95 93.58 93.22 92.86 92.50 92.14 91.78 91.41 91.05 90.68 90.33 90.00 89.69 89.40 89.13 88.89 88.67 88.48 88.32 88.20 88.10 88.02 87.98 87.97 87.99 88.04 88.13 88.25 88.41 88.64 88.97 89.41 89.97 90.63
118.86 117.13 115.50 114.00 112.62 111.36 110.21 109.17 108.22 107.38 106.62 105.95 105.35 104.78 104.22 103.68 103.15 102.63 102.13 101.64 101.16 100.69 100.24 99.79 99.35 98.92 98.50 98.09 97.68 97.28 96.88 96.49 96.11 95.73 95.35 94.98 94.61 94.24 93.87 93.50 93.13 92.76 92.39 92.02 91.65 91.27 90.90 90.54 90.20 89.87 89.57 89.29 89.03 88.80 88.60 88.42 88.28 88.17 88.08 88.03 88.01 88.02 88.07 88.15 88.26 88.42 88.61 88.84 89.15 89.55 90.08 90.72
119.31 117.51 115.81 114.25 112.81 111.49 110.28 109.18 108.19 107.29 106.49 105.77 105.14 104.56 104.02 103.49 102.98 102.47 101.98 101.50 101.03 100.58 100.13 99.69 99.25 98.83 98.41 98.00 97.60 97.20 96.81 96.42 96.04 95.65 95.28 94.90 94.52 94.15 93.77 93.40 93.03 92.65 92.27 91.89 91.51 91.13 90.76 90.41 90.07 89.76 89.46 89.19 88.95 88.73 88.54 88.38 88.26 88.16 88.10 88.07 88.07 88.10 88.17 88.28 88.43 88.61 88.84 89.11 89.42 89.81 90.30 90.91
119.81 117.95 116.18 114.55 113.05 111.66 110.40 109.25 108.20 107.25 106.40 105.63 104.95 104.35 103.81 103.29 102.79 102.30 101.82 101.35 100.89 100.44 100.00 99.57 99.14 98.72 98.31 97.91 97.51 97.11 96.72 96.33 95.95 95.56 95.18 94.80 94.43 94.05 93.67 93.29 92.91 92.52 92.13 91.75 91.36 90.98 90.62 90.28 89.95 89.65 89.37 89.11 88.88 88.68 88.50 88.36 88.25 88.18 88.13 88.13 88.15 88.21 88.31 88.45 88.63 88.85 89.11 89.42 89.77 90.17 90.64 91.22
120.37 118.43 116.60 114.90 113.33 111.89 110.57 109.35 108.25 107.25 106.35 105.53 104.81 104.16 103.59 103.07 102.58 102.11 101.64 101.18 100.73 100.29 99.86 99.43 99.02 98.60 98.20 97.80 97.40 97.01 96.62 96.23 95.84 95.46 95.08 94.70 94.32 93.93 93.55 93.16 92.77 92.38 91.99 91.60 91.21 90.85 90.50 90.16 89.85 89.56 89.29 89.05 88.83 88.64 88.49 88.36 88.27 88.22 88.20 88.21 88.26 88.35 88.48 88.65 88.86 89.12 89.42 89.76 90.15 90.59 91.08 91.65
120.97 118.97 117.07 115.30 113.67 112.16 110.78 109.51 108.35 107.29 106.34 105.48 104.70 104.01 103.39 102.85 102.36 101.90 101.44 101.00 100.56 100.13 99.70 99.29 98.87 98.47 98.07 97.67 97.28 96.89 96.50 96.11 95.73 95.35 94.96 94.58 94.19 93.81 93.42 93.03 92.63 92.23 91.84 91.45 91.08 90.72 90.38 90.06 89.76 89.48 89.23 89.00 88.80 88.63 88.49 88.39 88.32 88.29 88.29 88.33 88.41 88.53 88.69 88.89 89.13 89.42 89.76 90.15 90.58 91.06 91.60 92.19
121.64 119.56 117.59 115.76 114.06 112.49 111.04 109.71 108.49 107.38 106.38 105.46 104.64 103.90 103.24 102.66 102.14 101.68 101.23 100.80 100.37 99.95 99.53 99.12 98.72 98.32 97.93 97.53 97.14 96.76 96.37 95.99 95.60 95.22 94.83 94.45 94.06 93.67 93.28 92.88 92.48 92.08 91.69 91.31 90.95 90.60 90.28 89.97 89.68 89.42 89.18 88.97 88.79 88.64 88.52 88.44 88.39 88.38 88.41 88.48 88.59 88.73 88.93 89.16 89.44 89.77 90.15 90.58 91.05 91.58 92.16 92.80
122.35 120.20 118.16 116.26 114.49 112.86 111.35 109.96 108.69 107.52 106.46 105.49 104.62 103.83 103.13 102.50 101.95 101.45 101.01 100.59 100.17 99.76 99.35 98.95 98.55 98.16 97.77 97.39 97.00 96.62 96.23 95.85 95.47 95.08 94.70 94.31 93.92 93.52 93.13 92.72 92.32 91.93 91.55 91.18 90.83 90.50 90.19 89.89 89.62 89.38 89.16 88.97 88.80 88.68 88.58 88.52 88.50 88.51 88.57 88.66 88.80 88.98 89.21 89.48 89.80 90.16 90.58 91.05 91.57 92.15 92.78 93.47
123.12 120.90 118.79 116.81 114.98 113.28 111.71 110.26 108.92 107.70 106.58 105.57 104.64 103.81 103.06 102.39 101.79 101.26 100.79 100.36 99.96 99.56 99.16 98.77 98.38 97.99 97.61 97.23 96.85 96.46 96.08 95.70 95.32 94.94 94.55 94.16 93.77 93.37 92.97 92.57 92.17 91.79 91.42 91.07 90.73 90.41 90.11 89.84 89.58 89.35 89.15 88.98 88.84 88.74 88.66 88.63 88.63 88.67 88.75 88.88 89.05 89.26 89.52 89.83 90.19 90.60 91.06 91.57 92.14 92.76 93.45 94.18
123.95 121.65 119.46 117.42 115.52 113.75 112.11 110.60 109.21 107.93 106.75 105.68 104.71 103.83 103.03 102.31 101.67 101.10 100.59 100.14 99.73 99.34 98.96 98.57 98.19 97.81 97.44 97.06 96.68 96.30 95.93 95.55 95.17 94.78 94.39 94.00 93.61 93.21 92.81 92.41 92.03 91.66 91.31 90.97 90.64 90.34 90.06 89.80 89.56 89.35 89.18 89.03 88.91 88.82 88.78 88.77 88.79 88.86 88.98 89.13 89.34 89.59 89.88 90.23 90.63 91.08 91.58 92.14 92.76 93.43 94.17 94.96
124.83 122.46 120.19 118.08 116.11 114.27 112.57 110.99 109.54 108.20 106.97 105.84 104.82 103.89 103.04 102.28 101.59 100.98 100.43 99.95 99.51 99.12 98.75 98.37 98.00 97.63 97.25 96.88 96.51 96.14 95.76 95.39 95.01 94.62 94.23 93.84 93.44 93.05 92.65 92.27 91.90 91.55 91.20 90.88 90.57 90.28 90.02 89.78 89.57 89.38 89.22 89.10 89.00 88.94 88.92 88.94 88.99 89.09 89.24 89.43 89.66 89.95 90.29 90.67 91.11 91.61 92.16 92.77 93.43 94.16 94.94 95.79
125.76 123.32 120.98 118.79 116.75 114.85 113.08 111.44 109.92 108.52 107.23 106.05 104.97 103.99 103.09 102.29 101.56 100.90 100.31 99.79 99.32 98.90 98.53 98.16 97.80 97.43 97.07 96.70 96.33 95.96 95.59 95.22 94.84 94.45 94.07 93.67 93.28 92.89 92.51 92.14 91.79 91.44 91.12 90.81 90.52 90.25 90.01 89.79 89.59 89.43 89.30 89.19 89.13 89.10 89.10 89.15 89.23 89.36 89.54 89.76 90.03 90.36 90.73 91.16 91.65 92.19 92.79 93.44 94.16 94.93 95.77 96.67
126.75 124.23 121.82 119.56 117.44 115.47 113.63 111.93 110.35 108.89 107.54 106.30 105.17 104.13 103.19 102.33 101.56 100.86 100.23 99.67 99.16 98.71 98.31 97.94 97.59 97.23 96.87 96.51 96.15 95.78 95.42 95.04 94.67 94.28 93.90 93.51 93.12 92.75 92.38 92.02 91.68 91.36 91.05 90.76 90.49 90.24 90.02 89.82 89.65 89.51 89.40 89.32 89.28 89.28 89.31 89.39 89.51 89.67 89.88 90.14 90.45 90.81 91.23 91.70 92.23 92.82 93.46 94.17 94.94 95.77 96.66 97.62
127.80 125.20 122.71 120.37 118.19 116.14 114.24 112.47 110.82 109.30 107.89 106.60 105.41 104.32 103.33 102.42 101.60 100.86 100.19 99.58 99.04 98.56 98.12 97.73 97.37 97.02 96.67 96.32 95.96 95.60 95.24 94.87 94.49 94.11 93.73 93.35 92.97 92.61 92.26 91.92 91.60 91.29 91.00 90.73 90.48 90.25 90.05 89.88 89.73 89.62 89.54 89.49 89.48 89.50 89.57 89.67 89.82 90.02 90.26 90.56 90.91 91.31 91.77 92.29 92.87 93.50 94.20 94.95 95.78 96.66 97.61 98.63
