data_output/recharge/precip/Precip_1993_06.asc
ncols        168
nrows        136
xllcorner    455000
yllcorner    2107000
cellsize     500
NODATA_value     -99999
[rows 64 to 95 of 136, columns 0 to 70 of 168]
308.65 309.72 310.60 311.29 311.77 312.05 312.12 311.97 311.60 310.99 310.14 309.05 307.70 306.10 304.24 302.19 300.08 297.95 295.79 293.61 291.40 289.17 286.92 284.64 282.34 280.02 277.67 275.29 272.89 270.47 268.03 265.56 263.06 260.54 257.94 255.26 252.50 249.67 246.78 243.82 240.80 237.72 234.59 231.41 228.18 224.91 221.60 218.26 214.89 211.49 208.06 204.63 201.19 197.78 194.40 191.04 187.72 184.42 181.16 177.94 174.76 171.63 168.54 165.50 162.51 159.57 156.69 153.87 151.11 148.42 145.79
309.87 311.07 312.08 312.91 313.54 313.97 314.20 314.21 314.00 313.57 312.90 311.99 310.84 309.44 307.77 305.84 303.73 301.56 299.37 297.16 294.92 292.66 290.38 288.08 285.75 283.41 281.04 278.65 276.23 273.80 271.34 268.86 266.36 263.82 261.21 258.53 255.76 252.92 250.02 247.05 244.01 240.92 237.78 234.58 231.34 228.06 224.73 221.37 217.98 214.56 211.12 207.69 204.27 200.87 197.50 194.15 190.83 187.54 184.28 181.06 177.88 174.74 171.65 168.60 165.60 162.65 159.76 156.93 154.15 151.44 148.79
310.96 312.28 313.42 314.39 315.16 315.74 316.12 316.29 316.25 315.99 315.50 314.78 313.81 312.60 311.14 309.41 307.43 305.26 303.03 300.78 298.51 296.22 293.91 291.58 289.23 286.86 284.47 282.06 279.63 277.18 274.71 272.22 269.71 267.16 264.55 261.85 259.08 256.23 253.31 250.33 247.28 244.18 241.02 237.81 234.55 231.25 227.90 224.53 221.12 217.68 214.25 210.82 207.42 204.03 200.66 197.32 194.00 190.72 187.46 184.24 181.05 177.91 174.81 171.75 168.74 165.78 162.87 160.02 157.23 154.50 151.83
311.91 313.35 314.62 315.72 316.64 317.36 317.89 318.23 318.35 318.25 317.94 317.40 316.62 315.60 314.34 312.82 311.04 308.99 306.76 304.48 302.18 299.86 297.52 295.16 292.79 290.39 287.98 285.55 283.10 280.63 278.15 275.64 273.12 270.57 267.94 265.23 262.45 259.59 256.66 253.66 250.60 247.48 244.30 241.08 237.80 234.48 231.12 227.72 224.30 220.87 217.44 214.03 210.63 207.25 203.89 200.55 197.24 193.95 190.69 187.47 184.28 181.13 178.01 174.94 171.92 168.95 166.02 163.15 160.34 157.58 154.89
312.72 314.28 315.68 316.91 317.96 318.84 319.52 320.00 320.29 320.36 320.22 319.85 319.26 318.43 317.36 316.05 314.47 312.64 310.54 308.25 305.92 303.57 301.20 298.81 296.41 293.99 291.55 289.10 286.63 284.15 281.65 279.13 276.59 274.03 271.39 268.67 265.87 263.00 260.06 257.05 253.97 250.83 247.64 244.40 241.10 237.76 234.38 230.97 227.55 224.13 220.72 217.31 213.92 210.55 207.19 203.85 200.53 197.24 193.98 190.75 187.55 184.39 181.27 178.18 175.15 172.15 169.21 166.32 163.48 160.70 157.98
313.39 315.07 316.60 317.96 319.15 320.16 320.99 321.63 322.07 322.31 322.34 322.15 321.74 321.10 320.22 319.10 317.73 316.11 314.22 312.07 309.74 307.35 304.95 302.53 300.10 297.66 295.20 292.72 290.23 287.73 285.21 282.68 280.13 277.55 274.90 272.17 269.36 266.47 263.51 260.49 257.39 254.24 251.03 247.77 244.45 241.09 237.70 234.29 230.87 227.46 224.06 220.66 217.28 213.90 210.55 207.21 203.89 200.59 197.33 194.09 190.88 187.70 184.57 181.47 178.41 175.40 172.44 169.52 166.66 163.85 161.11
313.93 315.73 317.37 318.86 320.18 321.33 322.31 323.10 323.69 324.09 324.29 324.28 324.05 323.59 322.90 321.98 320.82 319.40 317.73 315.79 313.60 311.21 308.78 306.33 303.87 301.40 298.91 296.41 293.90 291.38 288.84 286.29 283.73 281.14 278.48 275.73 272.90 270.00 267.03 263.98 260.87 257.70 254.47 251.19 247.85 244.48 241.08 237.68 234.28 230.88 227.48 224.09 220.70 217.33 213.97 210.63 207.31 204.00 200.73 197.48 194.26 191.07 187.91 184.80 181.72 178.69 175.70 172.76 169.87 167.04 164.26
314.33 316.24 318.00 319.62 321.07 322.36 323.47 324.41 325.16 325.72 326.08 326.24 326.19 325.91 325.42 324.69 323.72 322.52 321.06 319.34 317.36 315.11 312.68 310.20 307.71 305.21 302.69 300.17 297.64 295.09 292.54 289.97 287.39 284.79 282.11 279.35 276.51 273.59 270.60 267.53 264.40 261.21 257.96 254.66 251.31 247.93 244.55 241.16 237.76 234.37 230.97 227.58 224.20 220.82 217.46 214.11 210.78 207.47 204.18 200.92 197.68 194.48 191.31 188.17 185.07 182.01 179.00 176.03 173.11 170.25 167.43
314.59 316.61 318.49 320.23 321.81 323.23 324.49 325.57 326.47 327.19 327.71 328.04 328.16 328.07 327.76 327.22 326.45 325.45 324.20 322.70 320.94 318.91 316.62 314.14 311.62 309.09 306.55 304.00 301.44 298.88 296.30 293.71 291.12 288.50 285.81 283.03 280.17 277.24 274.22 271.14 267.99 264.78 261.51 258.19 254.84 251.47 248.10 244.71 241.32 237.93 234.54 231.15 227.76 224.38 221.01 217.66 214.32 211.00 207.69 204.42 201.16 197.94 194.75 191.59 188.46 185.38 182.34 179.34 176.39 173.49 170.64
314.71 316.84 318.84 320.69 322.40 323.95 325.34 326.57 327.62 328.50 329.18 329.67 329.97 330.05 329.93 329.58 329.01 328.20 327.16 325.87 324.33 322.53 320.46 318.13 315.61 313.05 310.48 307.90 305.32 302.73 300.13 297.53 294.91 292.28 289.57 286.78 283.90 280.94 277.91 274.81 271.64 268.41 265.12 261.79 258.45 255.10 251.73 248.35 244.96 241.57 238.18 234.78 231.39 228.01 224.63 221.27 217.91 214.58 211.26 207.96 204.69 201.45 198.23 195.05 191.90 188.79 185.71 182.68 179.70 176.76 173.88
314.70 316.93 319.04 321.01 322.84 324.52 326.05 327.42 328.62 329.64 330.48 331.14 331.60 331.86 331.92 331.76 331.38 330.78 329.94 328.86 327.53 325.95 324.12 322.01 319.64 317.08 314.48 311.88 309.27 306.65 304.03 301.41 298.78 296.12 293.40 290.58 287.69 284.71 281.66 278.54 275.34 272.09 268.80 265.49 262.16 258.81 255.44 252.06 248.68 245.29 241.89 238.49 235.09 231.70 228.31 224.94 221.57 218.22 214.88 211.57 208.27 205.00 201.76 198.55 195.37 192.23 189.13 186.06 183.04 180.07 177.14
314.54 316.88 319.10 321.18 323.13 324.94 326.60 328.11 329.45 330.62 331.62 332.44 333.07 333.51 333.74 333.76 333.58 333.17 332.53 331.66 330.55 329.19 327.58 325.70 323.56 321.15 318.56 315.93 313.29 310.65 308.00 305.36 302.71 300.04 297.29 294.46 291.54 288.54 285.47 282.32 279.11 275.86 272.58 269.27 265.94 262.60 259.24 255.86 252.47 249.08 245.67 242.27 238.86 235.46 232.06 228.67 225.28 221.91 218.56 215.22 211.90 208.61 205.34 202.10 198.89 195.72 192.58 189.47 186.41 183.40 180.43
314.24 316.68 319.01 321.21 323.27 325.21 327.00 328.64 330.12 331.44 332.60 333.57 334.37 334.97 335.38 335.59 335.59 335.38 334.94 334.27 333.37 332.23 330.84 329.20 327.29 325.12 322.68 320.05 317.38 314.72 312.05 309.38 306.70 304.01 301.25 298.39 295.45 292.43 289.34 286.17 282.96 279.72 276.44 273.14 269.82 266.47 263.11 259.73 256.34 252.94 249.53 246.12 242.70 239.28 235.87 232.46 229.06 225.67 222.29 218.93 215.58 212.26 208.96 205.69 202.45 199.24 196.06 192.92 189.82 186.76 183.75
313.81 316.34 318.77 321.08 323.27 325.32 327.24 329.01 330.64 332.10 333.41 334.54 335.50 336.27 336.85 337.24 337.43 337.40 337.16 336.70 336.01 335.08 333.91 332.50 330.82 328.89 326.68 324.21 321.55 318.86 316.16 313.47 310.77 308.06 305.27 302.40 299.44 296.39 293.28 290.11 286.90 283.67 280.40 277.10 273.78 270.44 267.07 263.69 260.29 256.88 253.46 250.04 246.60 243.17 239.74 236.31 232.89 229.48 226.07 222.69 219.31 215.96 212.63 209.33 206.05 202.80 199.58 196.40 193.26 190.15 187.09
313.23 315.86 318.39 320.81 323.11 325.28 327.32 329.23 330.99 332.60 334.05 335.34 336.45 337.39 338.15 338.72 339.08 339.25 339.20 338.94 338.46 337.74 336.79 335.60 334.15 332.45 330.49 328.26 325.76 323.07 320.35 317.63 314.91 312.18 309.37 306.47 303.48 300.42 297.30 294.14 290.94 287.71 284.44 281.15 277.83 274.48 271.11 267.72 264.31 260.89 257.46 254.02 250.58 247.13 243.68 240.23 236.78 233.34 229.91 226.50 223.09 219.71 216.34 213.00 209.69 206.40 203.14 199.91 196.72 193.57 190.46
312.51 315.23 317.86 320.38 322.79 325.09 327.25 329.29 331.18 332.93 334.53 335.97 337.24 338.34 339.27 340.01 340.56 340.91 341.06 340.99 340.71 340.21 339.47 338.50 337.28 335.82 334.09 332.11 329.85 327.32 324.61 321.86 319.12 316.36 313.53 310.61 307.60 304.53 301.42 298.27 295.08 291.85 288.58 285.28 281.96 278.61 275.23 271.83 268.42 264.98 261.54 258.08 254.62 251.15 247.67 244.20 240.73 237.26 233.81 230.36 226.92 223.50 220.10 216.72 213.36 210.03 206.73 203.46 200.22 197.02 193.86
311.64 314.46 317.19 319.81 322.33 324.74 327.02 329.18 331.21 333.10 334.84 336.43 337.86 339.12 340.21 341.12 341.85 342.39 342.73 342.86 342.78 342.48 341.96 341.20 340.21 338.98 337.49 335.74 333.74 331.46 328.91 326.17 323.40 320.62 317.76 314.82 311.81 308.75 305.64 302.49 299.30 296.07 292.81 289.51 286.17 282.82 279.43 276.02 272.59 269.14 265.68 262.21 258.72 255.23 251.73 248.24 244.74 241.24 237.75 234.27 230.80 227.34 223.90 220.48 217.08 213.71 210.36 207.04 203.75 200.50 197.29
310.64 313.54 316.37 319.09 321.72 324.23 326.64 328.92 331.08 333.10 334.98 336.72 338.30 339.72 340.98 342.06 342.96 343.68 344.21 344.53 344.65 344.56 344.25 343.71 342.94 341.93 340.68 339.17 337.41 335.38 333.08 330.51 327.76 324.95 322.07 319.12 316.12 313.07 309.96 306.82 303.62 300.39 297.12 293.82 290.48 287.11 283.71 280.29 276.84 273.38 269.90 266.40 262.90 259.38 255.86 252.33 248.80 245.27 241.75 238.24 234.73 231.23 227.75 224.29 220.84 217.42 214.02 210.66 207.32 204.01 200.74
309.49 312.48 315.40 318.22 320.95 323.58 326.09 328.50 330.78 332.94 334.96 336.84 338.57 340.15 341.57 342.82 343.89 344.79 345.50 346.02 346.33 346.44 346.34 346.02 345.47 344.69 343.66 342.40 340.88 339.10 337.05 334.74 332.15 329.36 326.48 323.53 320.54 317.49 314.39 311.24 308.04 304.81 301.53 298.21 294.87 291.48 288.07 284.64 281.17 277.69 274.19 270.67 267.14 263.60 260.04 256.49 252.93 249.36 245.81 242.25 238.70 235.17 231.64 228.13 224.64 221.17 217.72 214.30 210.91 207.55 204.22
308.23 311.31 314.31 317.23 320.06 322.79 325.42 327.94 330.35 332.64 334.79 336.81 338.69 340.42 342.00 343.41 344.66 345.73 346.63 347.33 347.84 348.15 348.25 348.14 347.80 347.24 346.45 345.42 344.14 342.60 340.81 338.75 336.44 333.90 331.08 328.14 325.14 322.09 318.99 315.83 312.63 309.39 306.10 302.77 299.41 296.01 292.59 289.13 285.65 282.14 278.61 275.07 271.51 267.93 264.35 260.76 257.16 253.56 249.96 246.37 242.78 239.20 235.62 232.07 228.52 225.00 221.50 218.02 214.57 211.15 207.76
306.92 310.08 313.16 316.17 319.09 321.93 324.67 327.30 329.83 332.24 334.52 336.68 338.70 340.58 342.31 343.89 345.30 346.54 347.61 348.50 349.19 349.70 350.00 350.09 349.97 349.63 349.06 348.26 347.21 345.92 344.37 342.58 340.64 338.50 335.96 333.07 330.07 327.01 323.90 320.74 317.52 314.26 310.96 307.62 304.23 300.81 297.36 293.88 290.37 286.83 283.28 279.70 276.10 272.49 268.87 265.24 261.60 257.95 254.31 250.67 247.03 243.39 239.77 236.15 232.55 228.97 225.41 221.87 218.35 214.86 211.40
305.57 308.80 311.96 315.05 318.07 321.00 323.84 326.58 329.22 331.75 334.17 336.45 338.61 340.63 342.51 344.24 345.81 347.22 348.46 349.53 350.41 351.10 351.60 351.89 351.98 351.85 351.50 350.92 350.10 349.04 347.76 346.32 344.78 343.05 340.91 338.29 335.34 332.27 329.14 325.96 322.73 319.44 316.12 312.75 309.34 305.89 302.41 298.90 295.35 291.78 288.18 284.57 280.93 277.28 273.61 269.93 266.24 262.55 258.85 255.15 251.45 247.76 244.08 240.40 236.74 233.09 229.46 225.85 222.26 218.70 215.17
304.18 307.48 310.72 313.89 316.99 320.01 322.95 325.80 328.54 331.19 333.72 336.13 338.42 340.58 342.61 344.48 346.21 347.78 349.19 350.43 351.49 352.36 353.05 353.54 353.83 353.90 353.77 353.40 352.81 352.01 351.06 350.02 348.86 347.53 345.79 343.57 340.88 337.85 334.70 331.49 328.24 324.93 321.57 318.17 314.73 311.25 307.73 304.17 300.59 296.97 293.33 289.67 285.98 282.28 278.56 274.83 271.08 267.33 263.58 259.82 256.06 252.30 248.55 244.80 241.07 237.35 233.65 229.96 226.29 222.65 219.04
302.76 306.12 309.43 312.67 315.86 318.97 321.99 324.94 327.79 330.54 333.19 335.73 338.14 340.44 342.60 344.62 346.50 348.22 349.79 351.20 352.43 353.49 354.36 355.04 355.52 355.80 355.87 355.72 355.37 354.90 354.33 353.66 352.89 351.93 350.58 348.77 346.47 343.70 340.58 337.34 334.05 330.71 327.31 323.88 320.39 316.87 313.31 309.71 306.07 302.41 298.72 295.00 291.26 287.50 283.72 279.93 276.12 272.31 268.49 264.66 260.83 257.00 253.18 249.36 245.55 241.75 237.96 234.19 230.44 226.72 223.01
301.31 304.73 308.10 311.42 314.68 317.87 320.98 324.02 326.97 329.83 332.58 335.24 337.78 340.20 342.49 344.65 346.67 348.55 350.28 351.84 353.25 354.48 355.53 356.39 357.07 357.55 357.82 357.90 357.86 357.75 357.55 357.25 356.85 356.27 355.30 353.86 351.95 349.57 346.70 343.49 340.16 336.78 333.34 329.86 326.33 322.76 319.14 315.49 311.80 308.09 304.34 300.56 296.76 292.93 289.09 285.23 281.36 277.47 273.57 269.67 265.77 261.86 257.96 254.06 250.16 246.28 242.40 238.55 234.70 230.88 227.08
299.84 303.31 306.74 310.12 313.45 316.72 319.92 323.04 326.08 329.04 331.90 334.67 337.32 339.87 342.29 344.58 346.75 348.77 350.65 352.37 353.94 355.33 356.56 357.61 358.47 359.14 359.63 360.02 360.33 360.57 360.73 360.79 360.74 360.52 359.92 358.85 357.33 355.33 352.84 349.88 346.56 343.13 339.65 336.11 332.53 328.90 325.23 321.52 317.77 313.99 310.18 306.34 302.47 298.57 294.66 290.72 286.77 282.81 278.84 274.85 270.86 266.87 262.88 258.89 254.91 250.93 246.96 243.01 239.07 235.15 231.25
298.35 301.87 305.35 308.79 312.19 315.52 318.80 322.01 325.14 328.19 331.15 334.02 336.79 339.45 342.00 344.42 346.72 348.88 350.91 352.78 354.51 356.07 357.47 358.69 359.73 360.61 361.39 362.11 362.78 363.36 363.86 364.27 364.57 364.70 364.44 363.74 362.58 360.96 358.85 356.26 353.19 349.76 346.22 342.63 338.99 335.30 331.57 327.79 323.98 320.13 316.24 312.32 308.38 304.41 300.42 296.40 292.37 288.32 284.26 280.19 276.11 272.03 267.95 263.86 259.78 255.71 251.64 247.58 243.54 239.51 235.50
296.85 300.41 303.94 307.43 310.89 314.29 317.64 320.92 324.14 327.28 330.34 333.31 336.18 338.95 341.62 344.17 346.60 348.90 351.06 353.08 354.96 356.68 358.24 359.64 360.88 362.03 363.14 364.20 365.19 366.11 366.94 367.68 368.32 368.78 368.87 368.52 367.72 366.45 364.72 362.50 359.80 356.61 353.07 349.41 345.70 341.95 338.14 334.30 330.41 326.48 322.52 318.52 314.50 310.44 306.37 302.26 298.14 294.01 289.85 285.69 281.51 277.33 273.15 268.96 264.78 260.60 256.42 252.26 248.10 243.96 239.84
295.33 298.93 302.50 306.05 309.56 313.02 316.44 319.79 323.09 326.31 329.46 332.53 335.50 338.38 341.16 343.83 346.38 348.81 351.11 353.28 355.30 357.18 358.90 360.48 361.98 363.46 364.88 366.26 367.57 368.81 369.97 371.03 371.99 372.78 373.20 373.19 372.73 371.81 370.44 368.59 366.25 363.43 360.12 356.45 352.67 348.84 344.96 341.03 337.06 333.05 329.01 324.92 320.81 316.67 312.50 308.30 304.09 299.85 295.60 291.33 287.06 282.77 278.48 274.19 269.89 265.60 261.31 257.03 252.76 248.50 244.25
293.81 297.44 301.05 304.64 308.20 311.72 315.20 318.62 321.99 325.29 328.53 331.68 334.76 337.74 340.62 343.41 346.08 348.64 351.07 353.37 355.54 357.56 359.46 361.29 363.10 364.88 366.62 368.30 369.92 371.47 372.94 374.31 375.58 376.69 377.43 377.74 377.61 377.03 376.00 374.50 372.53 370.07 367.12 363.68 359.88 355.97 352.00 347.99 343.93 339.84 335.70 331.53 327.32 323.08 318.81 314.51 310.20 305.86 301.50 297.13 292.74 288.34 283.94 279.53 275.12 270.71 266.30 261.89 257.50 253.11 248.74
292.28 295.94 299.59 303.22 306.82 310.39 313.93 317.41 320.85 324.23 327.54 330.78 333.95 337.03 340.02 342.91 345.69 348.37 350.93 353.37 355.67 357.86 360.00 362.12 364.23 366.30 368.33 370.31 372.23 374.08 375.84 377.52 379.09 380.50 381.54 382.17 382.36 382.11 381.41 380.26 378.63 376.53 373.94 370.85 367.27 363.33 359.27 355.17 351.02 346.83 342.59 338.32 334.01 329.67 325.29 320.89 316.46 312.01 307.54 303.06 298.56 294.04 289.52 284.99 280.45 275.91 271.38 266.84 262.32 257.80 253.29
290.76 294.44 298.12 301.78 305.42 309.04 312.63 316.17 319.67 323.12 326.51 329.83 333.08 336.25 339.34 342.33 345.23 348.02 350.70 353.27 355.72 358.14 360.56 362.97 365.35 367.71 370.03 372.29 374.50 376.63 378.68 380.64 382.51 384.20 385.54 386.47 386.97 387.04 386.67 385.84 384.55 382.79 380.55 377.81 374.58 370.85 366.77 362.56 358.31 354.02 349.68 345.30 340.88 336.43 331.94 327.43 322.89 318.32 313.73 309.12 304.50 299.86 295.21 290.55 285.88 281.21 276.54 271.88 267.21 262.55 257.91
