data_output/recharge/precip/Precip_2006_07.asc
ncols        168
nrows        136
xllcorner    455000
yllcorner    2107000
cellsize     500
NODATA_value     -99999
[rows 64 to 95 of 136, columns 0 to 72 of 168]
115.94 113.82 111.84 109.99 108.25 106.62 105.11 103.69 102.36 101.11 99.95 98.86 97.83 96.86 95.95 95.15 94.50 94.01 93.68 93.50 93.47 93.59 93.87 94.30 94.88 95.60 96.48 97.50 98.67 99.99 101.45 103.06 104.81 106.70 108.68 110.73 112.86 115.05 117.31 119.65 122.05 124.51 127.05 129.64 132.30 135.03 137.82 140.67 143.59 146.64 149.85 153.21 156.67 160.20 163.76 167.32 170.84 174.29 177.63 180.82 183.83 186.63 189.17 191.42 193.35 194.92 196.10 196.85 197.22 197.25 196.96 196.35 195.43
107.42 105.40 103.50 101.73 100.08 98.53 97.09 95.74 94.48 93.29 92.19 91.15 90.17 89.25 88.38 87.62 87.02 86.59 86.31 86.20 86.24 86.45 86.81 87.32 88.00 88.83 89.81 90.95 92.24 93.68 95.27 97.02 98.91 100.95 103.14 105.42 107.77 110.20 112.70 115.27 117.91 120.62 123.40 126.25 129.17 132.15 135.19 138.31 141.57 145.01 148.60 152.32 156.11 159.95 163.81 167.64 171.41 175.08 178.62 182.00 185.17 188.11 190.77 193.12 195.13 196.75 197.96 198.72 199.10 199.15 198.89 198.32 197.46
98.96 97.04 95.23 93.55 91.98 90.51 89.13 87.85 86.66 85.54 84.49 83.50 82.57 81.69 80.86 80.14 79.60 79.22 79.00 78.95 79.07 79.35 79.79 80.40 81.17 82.10 83.19 84.44 85.85 87.41 89.14 91.02 93.05 95.24 97.59 100.08 102.66 105.33 108.07 110.89 113.78 116.74 119.77 122.87 126.05 129.29 132.61 136.08 139.74 143.57 147.53 151.59 155.71 159.86 163.99 168.08 172.09 175.99 179.72 183.28 186.60 189.67 192.44 194.88 196.95 198.62 199.85 200.61 200.99 201.06 200.82 200.28 199.47
90.59 88.76 87.04 85.44 83.95 82.56 81.26 80.04 78.91 77.85 76.85 75.92 75.04 74.20 73.41 72.74 72.24 71.91 71.75 71.77 71.96 72.32 72.84 73.54 74.40 75.43 76.63 77.99 79.51 81.20 83.06 85.07 87.25 89.58 92.08 94.74 97.54 100.45 103.44 106.50 109.65 112.86 116.15 119.52 122.95 126.47 130.15 134.03 138.09 142.30 146.63 151.02 155.46 159.91 164.32 168.66 172.90 177.00 180.93 184.64 188.11 191.30 194.17 196.69 198.82 200.53 201.77 202.53 202.90 202.97 202.75 202.24 201.45
82.31 80.56 78.94 77.42 76.01 74.69 73.46 72.32 71.25 70.24 69.31 68.42 67.59 66.79 66.04 65.41 64.96 64.68 64.58 64.66 64.92 65.35 65.96 66.75 67.70 68.83 70.13 71.60 73.25 75.06 77.04 79.19 81.51 83.99 86.64 89.45 92.43 95.56 98.80 102.12 105.52 108.99 112.55 116.18 119.89 123.77 127.88 132.17 136.63 141.22 145.89 150.62 155.37 160.10 164.77 169.36 173.82 178.12 182.23 186.10 189.71 193.01 195.98 198.56 200.74 202.47 203.72 204.47 204.83 204.89 204.67 204.18 203.42
74.13 72.47 70.94 69.50 68.17 66.92 65.77 64.69 63.68 62.74 61.85 61.02 60.23 59.48 58.76 58.17 57.76 57.54 57.50 57.64 57.97 58.48 59.17 60.04 61.08 62.31 63.72 65.30 67.06 68.99 71.10 73.38 75.84 78.47 81.27 84.24 87.38 90.69 94.16 97.73 101.40 105.14 108.96 112.87 116.96 121.28 125.81 130.52 135.36 140.31 145.33 150.38 155.43 160.43 165.37 170.19 174.86 179.36 183.63 187.65 191.39 194.79 197.84 200.49 202.71 204.46 205.71 206.43 206.76 206.81 206.59 206.10 205.36
66.06 64.50 63.04 61.69 60.44 59.27 58.18 57.16 56.22 55.33 54.50 53.72 52.97 52.26 51.59 51.03 50.67 50.50 50.51 50.72 51.12 51.70 52.47 53.42 54.56 55.89 57.39 59.09 60.96 63.01 65.25 67.66 70.26 73.03 75.98 79.11 82.41 85.89 89.54 93.35 97.28 101.30 105.40 109.69 114.23 118.99 123.95 129.05 134.28 139.58 144.93 150.30 155.63 160.91 166.09 171.14 176.02 180.69 185.13 189.29 193.14 196.65 199.77 202.47 204.72 206.48 207.72 208.41 208.71 208.74 208.50 208.01 207.28
58.11 56.64 55.28 54.00 52.82 51.73 50.71 49.76 48.87 48.05 47.27 46.53 45.83 45.16 44.52 44.01 43.69 43.56 43.64 43.91 44.37 45.02 45.87 46.91 48.14 49.56 51.17 52.97 54.96 57.14 59.50 62.04 64.78 67.69 70.79 74.07 77.54 81.18 85.01 89.01 93.18 97.48 101.97 106.73 111.72 116.92 122.28 127.78 133.37 139.02 144.70 150.37 155.99 161.53 166.95 172.21 177.29 182.14 186.73 191.02 194.98 198.57 201.76 204.51 206.78 208.54 209.76 210.41 210.67 210.66 210.40 209.91 209.18
50.31 48.92 47.64 46.45 45.35 44.32 43.37 42.49 41.66 40.89 40.16 39.47 38.81 38.18 37.58 37.10 36.83 36.75 36.88 37.21 37.74 38.47 39.39 40.52 41.84 43.36 45.07 46.98 49.08 51.37 53.86 56.53 59.40 62.46 65.71 69.15 72.77 76.58 80.58 84.76 89.14 93.80 98.77 103.99 109.43 115.05 120.82 126.70 132.65 138.64 144.64 150.60 156.49 162.28 167.93 173.40 178.67 183.68 188.42 192.83 196.89 200.56 203.81 206.59 208.88 210.63 211.82 212.42 212.63 212.58 212.30 211.78 211.04
42.65 41.35 40.15 39.04 38.01 37.06 36.17 35.35 34.58 33.87 33.19 32.55 31.93 31.34 30.77 30.33 30.10 30.07 30.26 30.65 31.24 32.04 33.04 34.25 35.66 37.27 39.09 41.10 43.31 45.73 48.34 51.14 54.15 57.35 60.74 64.33 68.12 72.09 76.26 80.63 85.31 90.38 95.79 101.47 107.35 113.39 119.55 125.80 132.11 138.43 144.73 150.98 157.14 163.17 169.04 174.72 180.16 185.33 190.20 194.73 198.88 202.62 205.92 208.73 211.02 212.76 213.90 214.45 214.60 214.50 214.18 213.63 212.88
35.14 33.93 32.82 31.78 30.83 29.95 29.13 28.37 27.66 27.00 26.37 25.77 25.20 24.65 24.11 23.71 23.52 23.54 23.77 24.22 24.88 25.75 26.83 28.12 29.62 31.33 33.24 35.36 37.69 40.22 42.95 45.89 49.03 52.37 55.91 59.65 63.59 67.73 72.09 76.75 81.83 87.28 93.08 99.18 105.49 111.93 118.48 125.10 131.74 138.39 144.99 151.51 157.93 164.20 170.28 176.15 181.76 187.08 192.07 196.71 200.94 204.75 208.08 210.91 213.20 214.91 216.01 216.49 216.57 216.42 216.04 215.47 214.69
27.81 26.68 25.65 24.69 23.81 23.00 22.25 21.55 20.90 20.29 19.71 19.16 18.63 18.11 17.61 17.24 17.09 17.16 17.45 17.95 18.68 19.62 20.77 22.14 23.73 25.53 27.54 29.77 32.20 34.85 37.71 40.77 44.05 47.53 51.22 55.11 59.21 63.53 68.17 73.24 78.71 84.54 90.69 97.14 103.83 110.68 117.60 124.57 131.56 138.51 145.40 152.20 158.86 165.36 171.65 177.69 183.47 188.93 194.04 198.77 203.08 206.93 210.30 213.14 215.41 217.09 218.14 218.54 218.54 218.33 217.90 217.27 216.46
20.65 19.61 18.66 17.78 16.98 16.23 15.54 14.91 14.31 13.75 13.22 12.72 12.23 11.74 11.28 10.94 10.83 10.94 11.28 11.85 12.63 13.64 14.88 16.33 18.00 19.89 22.00 24.33 26.88 29.64 32.62 35.81 39.22 42.84 46.67 50.72 54.99 59.60 64.65 70.11 75.96 82.15 88.65 95.42 102.43 109.63 116.92 124.24 131.55 138.80 145.98 153.04 159.94 166.65 173.13 179.35 185.28 190.87 196.09 200.91 205.28 209.18 212.57 215.41 217.67 219.30 220.28 220.61 220.52 220.23 219.74 219.06 218.20
13.69 12.73 11.86 11.06 10.32 9.65 9.03 8.45 7.91 7.40 6.92 6.46 6.00 5.56 5.12 4.82 4.75 4.91 5.30 5.92 6.77 7.84 9.15 10.68 12.44 14.42 16.63 19.07 21.72 24.60 27.70 31.02 34.56 38.31 42.29 46.50 51.07 56.08 61.53 67.38 73.59 80.13 86.95 94.03 101.33 108.81 116.43 124.09 131.71 139.26 146.71 154.02 161.15 168.07 174.74 181.13 187.20 192.91 198.23 203.13 207.56 211.50 214.90 217.73 219.95 221.54 222.45 222.68 222.50 222.12 221.56 220.82 219.91
6.93 6.06 5.26 4.54 3.87 3.26 2.70 2.18 1.70 1.24 0.81 0.39 0.00 0.00 0.00 0.00 0.00 0.00 0.00 0.17 1.08 2.23 3.61 5.22 7.06 9.14 11.44 13.98 16.74 19.73 22.95 26.40 30.07 33.97 38.10 42.61 47.58 53.00 58.83 65.05 71.61 78.47 85.61 92.99 100.56 108.30 116.17 124.12 132.04 139.88 147.60 155.15 162.50 169.62 176.47 183.01 189.22 195.04 200.46 205.42 209.90 213.87 217.27 220.09 222.28 223.80 224.63 224.76 224.47 224.00 223.36 222.55 221.58
0.38 0.00 0.00 0.00 0.00 0.00 0.00 0.00 0.00 0.00 0.00 0.00 0.00 0.00 0.00 0.00 0.00 0.00 0.00 0.00 0.00 0.00 0.00 0.00 1.88 4.04 6.45 9.08 11.95 15.06 18.40 21.97 25.77 29.82 34.25 39.16 44.54 50.35 56.56 63.13 70.02 77.20 84.64 92.29 100.13 108.11 116.20 124.36 132.55 140.67 148.64 156.42 163.99 171.30 178.32 185.01 191.34 197.27 202.77 207.79 212.32 216.29 219.70 222.49 224.63 226.09 226.82 226.84 226.45 225.87 225.14 224.25 223.21
0.00 0.00 0.00 0.00 0.00 0.00 0.00 0.00 0.00 0.00 0.00 0.00 0.00 0.00 0.00 0.00 0.00 0.00 0.00 0.00 0.00 0.00 0.00 0.00 0.00 0.00 1.65 4.39 7.37 10.58 14.04 17.73 21.68 26.02 30.86 36.19 41.96 48.15 54.72 61.62 68.84 76.32 84.04 91.95 100.03 108.24 116.54 124.90 133.27 141.62 149.83 157.84 165.61 173.10 180.28 187.12 193.56 199.59 205.16 210.24 214.79 218.78 222.17 224.93 227.01 228.39 229.03 228.93 228.42 227.73 226.90 225.92 224.81
0.00 0.00 0.00 0.00 0.00 0.00 0.00 0.00 0.00 0.00 0.00 0.00 0.00 0.00 0.00 0.00 0.00 0.00 0.00 0.00 0.00 0.00 0.00 0.00 0.00 0.00 0.00 0.00 2.99 6.32 9.89 13.73 17.97 22.72 27.98 33.70 39.86 46.41 53.31 60.54 68.06 75.83 83.82 91.98 100.29 108.71 117.20 125.74 134.27 142.77 151.18 159.40 167.37 175.03 182.37 189.33 195.88 202.00 207.63 212.76 217.33 221.32 224.69 227.40 229.42 230.72 231.25 231.02 230.38 229.58 228.63 227.56 226.36
0.00 0.00 0.00 0.00 0.00 0.00 0.00 0.00 0.00 0.00 0.00 0.00 0.00 0.00 0.00 0.00 0.00 0.00 0.00 0.00 0.00 0.00 0.00 0.00 0.00 0.00 0.00 0.00 0.00 2.28 5.99 10.11 14.77 19.95 25.60 31.71 38.23 45.12 52.36 59.90 67.70 75.75 83.98 92.38 100.91 109.53 118.20 126.89 135.56 144.18 152.71 161.11 169.26 177.09 184.56 191.65 198.30 204.49 210.19 215.34 219.93 223.91 227.25 229.91 231.86 233.06 233.48 233.11 232.33 231.40 230.34 229.16 227.87
0.00 0.00 0.00 0.00 0.00 0.00 0.00 0.00 0.00 0.00 0.00 0.00 0.00 0.00 0.00 0.00 0.00 0.00 0.00 0.00 0.00 0.00 0.00 0.00 0.00 0.00 0.00 0.00 0.00 0.00 2.49 7.03 12.11 17.70 23.74 30.22 37.08 44.31 51.86 59.69 67.77 76.07 84.55 93.17 101.89 110.69 119.53 128.36 137.16 145.89 154.51 162.99 171.28 179.26 186.87 194.07 200.81 207.08 212.82 218.00 222.59 226.56 229.86 232.46 234.33 235.42 235.71 235.20 234.28 233.21 232.03 230.73 229.33
0.00 0.00 0.00 0.00 0.00 0.00 0.00 0.00 0.00 0.00 0.00 0.00 0.00 0.00 0.00 0.00 0.00 0.00 0.00 0.00 0.00 0.00 0.00 0.00 0.00 0.00 0.00 0.00 0.00 0.00 0.00 4.52 10.01 15.98 22.40 29.23 36.43 43.97 51.82 59.93 68.27 76.81 85.51 94.34 103.25 112.22 121.20 130.17 139.08 147.90 156.60 165.13 173.47 181.56 189.29 196.59 203.42 209.74 215.52 220.73 225.32 229.25 232.51 235.04 236.82 237.80 237.96 237.29 236.21 235.00 233.68 232.26 230.75
0.00 0.00 0.00 0.00 0.00 0.00 0.00 0.00 0.00 0.00 0.00 0.00 0.00 0.00 0.00 0.00 0.00 0.00 0.00 0.00 0.00 0.00 0.00 0.00 0.00 0.00 0.00 0.00 0.00 0.00 0.00 2.58 8.46 14.81 21.59 28.76 36.28 44.12 52.25 60.63 69.22 77.98 86.89 95.90 104.99 114.11 123.23 132.31 141.32 150.22 158.97 167.55 175.91 184.02 191.82 199.22 206.12 212.50 218.31 223.52 228.09 232.00 235.20 237.65 239.33 240.19 240.20 239.38 238.13 236.77 235.31 233.76 232.13
0.00 0.00 0.00 0.00 0.00 0.00 0.00 0.00 0.00 0.00 0.00 0.00 0.00 0.00 0.00 0.00 0.00 0.00 0.00 0.00 0.00 0.00 0.00 0.00 0.00 0.00 0.00 0.00 0.00 0.00 0.00 1.22 7.49 14.20 21.31 28.81 36.63 44.76 53.16 61.79 70.61 79.58 88.69 97.88 107.12 116.37 125.61 134.79 143.88 152.85 161.65 170.25 178.62 186.72 194.51 201.95 208.91 215.33 221.16 226.38 230.93 234.79 237.93 240.29 241.86 242.60 242.46 241.46 240.04 238.52 236.91 235.21 233.45
0.00 0.00 0.00 0.00 0.00 0.00 0.00 0.00 0.00 0.00 0.00 0.00 0.00 0.00 0.00 0.00 0.00 0.00 0.00 0.00 0.00 0.00 0.00 0.00 0.00 0.00 0.00 0.00 0.00 0.00 0.00 0.45 7.08 14.14 21.58 29.38 37.50 45.91 54.55 63.42 72.45 81.63 90.91 100.26 109.64 119.02 128.36 137.63 146.79 155.80 164.63 173.25 181.61 189.68 197.43 204.82 211.80 218.25 224.09 229.30 233.82 237.63 240.69 242.96 244.42 245.01 244.71 243.54 241.94 240.24 238.47 236.63 234.73
0.00 0.00 0.00 0.00 0.00 0.00 0.00 0.00 0.00 0.00 0.00 0.00 0.00 0.00 0.00 0.00 0.00 0.00 0.00 0.00 0.00 0.00 0.00 0.00 0.00 0.00 0.00 0.00 0.00 0.00 0.00 0.28 7.26 14.65 22.41 30.50 38.90 47.56 56.44 65.52 74.76 84.12 93.57 103.06 112.57 122.06 131.49 140.83 150.04 159.08 167.93 176.54 184.88 192.91 200.61 207.92 214.81 221.24 227.09 232.28 236.76 240.51 243.49 245.66 246.99 247.44 246.97 245.61 243.82 241.94 240.00 238.00 235.95
0.00 0.00 0.00 0.00 0.00 0.00 0.00 0.00 0.00 0.00 0.00 0.00 0.00 0.00 0.00 0.00 0.00 0.00 0.00 0.00 0.00 0.00 0.00 0.00 0.00 0.00 0.00 0.00 0.00 0.00 0.00 0.71 8.03 15.73 23.79 32.16 40.82 49.72 58.83 68.12 77.54 87.07 96.66 106.29 115.91 125.49 135.00 144.39 153.64 162.71 171.55 180.15 188.45 196.43 204.04 211.26 218.05 224.37 230.16 235.32 239.76 243.44 246.33 248.38 249.58 249.87 249.23 247.67 245.68 243.61 241.49 239.33 237.12
0.00 0.00 0.00 0.00 0.00 0.00 0.00 0.00 0.00 0.00 0.00 0.00 0.00 0.00 0.00 0.00 0.00 0.00 0.00 0.00 0.00 0.00 0.00 0.00 0.00 0.00 0.00 0.00 0.00 0.00 0.00 1.76 9.39 17.40 25.74 34.38 43.28 52.41 61.73 71.21 80.80 90.48 100.21 109.95 119.67 129.33 138.90 148.33 157.61 166.68 175.51 184.07 192.32 200.23 207.75 214.87 221.53 227.70 233.35 238.43 242.80 246.41 249.19 251.13 252.18 252.31 251.48 249.71 247.52 245.26 242.95 240.61 238.24
0.00 0.00 0.00 0.00 0.00 0.00 0.00 0.00 0.00 0.00 0.00 0.00 0.00 0.00 0.00 0.00 0.00 0.00 0.00 0.00 0.00 0.00 0.00 0.00 0.00 0.00 0.00 0.00 0.00 0.00 0.00 3.42 11.37 19.66 28.27 37.16 46.29 55.63 65.14 74.80 84.55 94.37 104.22 114.06 123.86 133.58 143.20 152.66 161.94 171.00 179.80 188.31 196.50 204.32 211.74 218.73 225.25 231.27 236.74 241.64 245.90 249.41 252.09 253.90 254.80 254.76 253.73 251.75 249.34 246.87 244.37 241.84 239.30
0.00 0.00 0.00 0.00 0.00 0.00 0.00 0.00 0.00 0.00 0.00 0.00 0.00 0.00 0.00 0.00 0.00 0.00 0.00 0.00 0.00 0.00 0.00 0.00 0.00 0.00 0.00 0.00 0.00 0.00 0.00 5.72 13.95 22.51 31.38 40.50 49.85 59.39 69.08 78.89 88.79 98.73 108.69 118.61 128.48 138.26 147.90 157.37 166.65 175.68 184.44 192.89 200.99 208.71 216.02 222.87 229.24 235.08 240.36 245.04 249.10 252.46 255.02 256.69 257.43 257.20 255.98 253.77 251.14 248.45 245.75 243.03 240.31
0.00 0.00 0.00 0.00 0.00 0.00 0.00 0.00 0.00 0.00 0.00 0.00 0.00 0.00 0.00 0.00 0.00 0.00 0.00 0.00 0.00 0.00 0.00 0.00 0.00 0.00 0.00 0.00 0.00 0.00 0.48 8.64 17.15 25.98 35.08 44.42 53.97 63.69 73.55 83.51 93.53 103.58 113.63 123.63 133.55 143.36 153.01 162.49 171.74 180.73 189.43 197.80 205.81 213.42 220.59 227.29 233.49 239.14 244.21 248.67 252.48 255.60 257.98 259.50 260.07 259.66 258.21 255.78 252.91 250.00 247.09 244.17 241.25
0.00 0.00 0.00 0.00 0.00 0.00 0.00 0.00 0.00 0.00 0.00 0.00 0.00 0.00 0.00 0.00 0.00 0.00 0.00 0.00 0.00 0.00 0.00 0.00 0.00 0.00 0.00 0.00 0.00 0.00 3.77 12.21 20.98 30.05 39.38 48.92 58.66 68.55 78.56 88.65 98.79 108.93 119.05 129.11 139.07 148.89 158.55 168.01 177.22 186.16 194.79 203.07 210.96 218.44 225.47 232.00 238.01 243.46 248.31 252.53 256.08 258.92 261.03 262.33 262.72 262.11 260.45 257.77 254.66 251.52 248.38 245.25 242.15
0.00 0.00 0.00 0.00 0.00 0.00 0.00 0.00 0.00 0.00 0.00 0.00 0.00 0.00 0.00 0.00 0.00 0.00 0.00 0.00 0.00 0.00 0.00 0.00 0.00 0.00 0.00 0.00 0.00 0.00 7.73 16.43 25.45 34.75 44.28 54.02 63.93 73.97 84.12 94.32 104.56 114.78 124.96 135.06 145.04 154.87 164.52 173.94 183.10 191.97 200.51 208.68 216.45 223.79 230.65 237.00 242.81 248.04 252.65 256.62 259.89 262.44 264.24 265.24 265.39 264.56 262.67 259.74 256.38 253.00 249.63 246.30 243.02
