data_output/recharge/precip/Precip_1984_03.asc
ncols        168
nrows        136
xllcorner    455000
yllcorner    2107000
cellsize     500
NODATA_value     -99999
[rows 0 to 37 of 136, columns 84 to 167 of 168]
5.11 5.24 5.35 5.45 5.54 5.62 5.69 5.75 5.80 5.84 5.87 5.90 5.91 5.92 5.93 5.93 5.92 5.90 5.89 5.86 5.83 5.80 5.77 5.73 5.69 5.65 5.60 5.56 5.51 5.46 5.40 5.34 5.28 5.21 5.15 5.08 5.02 4.95 4.89 4.83 4.78 4.73 4.70 4.69 4.68 4.69 4.72 4.75 4.80 4.86 4.93 5.02 5.12 5.22 5.34 5.45 5.57 5.69 5.82 5.95 6.08 6.21 6.34 6.48 6.61 6.75 6.89 7.03 7.17 7.31 7.46 7.60 7.75 7.89 8.04 8.18 8.33 8.47 8.61 8.76 8.90 9.04 9.18 9.31
5.09 5.23 5.35 5.46 5.57 5.66 5.74 5.81 5.87 5.92 5.97 6.00 6.03 6.04 6.06 6.06 6.06 6.05 6.04 6.02 6.00 5.97 5.94 5.91 5.87 5.83 5.79 5.75 5.69 5.64 5.58 5.51 5.45 5.38 5.31 5.24 5.17 5.10 5.04 4.97 4.91 4.86 4.83 4.80 4.79 4.80 4.82 4.85 4.89 4.95 5.02 5.10 5.19 5.29 5.40 5.52 5.65 5.77 5.90 6.03 6.17 6.30 6.44 6.58 6.72 6.86 7.01 7.15 7.30 7.45 7.59 7.74 7.89 8.04 8.20 8.35 8.50 8.65 8.80 8.95 9.10 9.24 9.38 9.52
5.05 5.20 5.34 5.46 5.58 5.68 5.77 5.86 5.93 5.99 6.04 6.09 6.12 6.15 6.17 6.18 6.19 6.19 6.18 6.17 6.16 6.13 6.11 6.08 6.05 6.01 5.97 5.92 5.86 5.81 5.74 5.68 5.61 5.54 5.46 5.39 5.32 5.24 5.17 5.10 5.04 4.98 4.94 4.92 4.90 4.90 4.92 4.94 4.98 5.03 5.10 5.17 5.26 5.36 5.47 5.59 5.71 5.84 5.98 6.11 6.25 6.39 6.53 6.67 6.82 6.97 7.12 7.27 7.42 7.57 7.73 7.88 8.04 8.19 8.35 8.51 8.67 8.82 8.98 9.14 9.29 9.44 9.58 9.71
5.00 5.16 5.30 5.45 5.57 5.69 5.79 5.89 5.97 6.05 6.11 6.16 6.21 6.24 6.27 6.29 6.31 6.31 6.32 6.31 6.30 6.28 6.26 6.24 6.21 6.17 6.13 6.08 6.02 5.96 5.90 5.83 5.76 5.68 5.61 5.53 5.45 5.38 5.30 5.23 5.16 5.10 5.05 5.02 5.01 5.00 5.01 5.03 5.07 5.12 5.18 5.25 5.33 5.43 5.53 5.65 5.78 5.91 6.05 6.18 6.33 6.47 6.62 6.77 6.92 7.07 7.22 7.38 7.54 7.70 7.86 8.02 8.18 8.34 8.51 8.67 8.83 9.00 9.16 9.32 9.48 9.62 9.77 9.91
4.95 5.11 5.26 5.41 5.55 5.68 5.80 5.90 6.00 6.08 6.16 6.22 6.28 6.32 6.36 6.39 6.41 6.43 6.43 6.44 6.43 6.42 6.41 6.38 6.36 6.32 6.28 6.23 6.17 6.11 6.04 5.97 5.90 5.82 5.74 5.66 5.58 5.50 5.42 5.35 5.27 5.21 5.16 5.13 5.11 5.10 5.10 5.12 5.15 5.20 5.25 5.32 5.40 5.49 5.60 5.71 5.84 5.97 6.11 6.25 6.40 6.55 6.70 6.85 7.01 7.17 7.33 7.49 7.65 7.82 7.98 8.15 8.32 8.49 8.66 8.83 9.00 9.17 9.34 9.50 9.66 9.81 9.95 10.09
4.90 5.05 5.21 5.36 5.51 5.66 5.79 5.91 6.01 6.11 6.19 6.27 6.33 6.39 6.44 6.47 6.50 6.53 6.54 6.55 6.55 6.55 6.54 6.52 6.49 6.45 6.41 6.36 6.30 6.24 6.17 6.10 6.02 5.95 5.87 5.79 5.70 5.62 5.54 5.46 5.38 5.32 5.26 5.22 5.20 5.19 5.19 5.21 5.24 5.28 5.33 5.40 5.47 5.56 5.66 5.77 5.90 6.03 6.17 6.32 6.47 6.62 6.78 6.94 7.10 7.26 7.43 7.60 7.77 7.94 8.11 8.28 8.46 8.63 8.81 8.99 9.16 9.34 9.51 9.67 9.83 9.98 10.13 10.27
4.83 4.99 5.15 5.31 5.46 5.61 5.76 5.89 6.01 6.12 6.21 6.30 6.38 6.44 6.50 6.54 6.58 6.61 6.64 6.65 6.66 6.66 6.66 6.64 6.61 6.58 6.53 6.48 6.42 6.36 6.29 6.22 6.14 6.06 5.98 5.90 5.81 5.73 5.65 5.56 5.48 5.41 5.36 5.32 5.29 5.28 5.28 5.29 5.32 5.35 5.41 5.47 5.54 5.63 5.73 5.84 5.96 6.09 6.23 6.38 6.53 6.69 6.86 7.02 7.19 7.36 7.53 7.70 7.88 8.05 8.23 8.41 8.59 8.78 8.96 9.14 9.33 9.50 9.67 9.83 9.99 10.15 10.29 10.44
4.77 4.93 5.09 5.25 5.40 5.56 5.71 5.86 5.99 6.11 6.22 6.32 6.40 6.48 6.55 6.60 6.65 6.69 6.72 6.74 6.76 6.76 6.76 6.74 6.72 6.68 6.64 6.59 6.53 6.47 6.40 6.33 6.25 6.17 6.09 6.00 5.92 5.83 5.75 5.66 5.58 5.51 5.45 5.40 5.38 5.36 5.36 5.37 5.39 5.43 5.48 5.54 5.61 5.70 5.80 5.90 6.02 6.15 6.29 6.44 6.60 6.76 6.93 7.10 7.27 7.45 7.62 7.80 7.99 8.17 8.36 8.54 8.73 8.92 9.11 9.30 9.48 9.66 9.83 9.99 10.15 10.31 10.46 10.60
4.70 4.86 5.02 5.18 5.34 5.50 5.66 5.81 5.96 6.09 6.21 6.32 6.42 6.50 6.58 6.65 6.70 6.75 6.79 6.82 6.84 6.85 6.85 6.83 6.81 6.78 6.73 6.69 6.63 6.57 6.50 6.43 6.35 6.27 6.19 6.10 6.01 5.93 5.84 5.75 5.67 5.59 5.53 5.49 5.46 5.44 5.44 5.45 5.47 5.50 5.55 5.61 5.68 5.77 5.86 5.97 6.09 6.21 6.35 6.50 6.66 6.83 7.00 7.18 7.35 7.54 7.72 7.91 8.10 8.29 8.48 8.67 8.87 9.06 9.26 9.45 9.63 9.81 9.98 10.14 10.30 10.46 10.61 10.76
4.62 4.79 4.95 5.11 5.27 5.43 5.59 5.75 5.91 6.05 6.18 6.31 6.41 6.51 6.60 6.68 6.74 6.80 6.85 6.89 6.91 6.92 6.92 6.91 6.89 6.85 6.82 6.77 6.71 6.65 6.59 6.51 6.44 6.36 6.27 6.19 6.10 6.01 5.92 5.84 5.75 5.67 5.61 5.57 5.53 5.52 5.51 5.52 5.54 5.58 5.62 5.68 5.75 5.84 5.93 6.04 6.15 6.28 6.42 6.57 6.72 6.89 7.07 7.25 7.44 7.62 7.81 8.01 8.20 8.40 8.60 8.80 9.00 9.20 9.40 9.59 9.77 9.95 10.12 10.29 10.45 10.61 10.76 10.91
4.54 4.71 4.87 5.04 5.20 5.36 5.53 5.69 5.84 6.00 6.14 6.28 6.40 6.51 6.61 6.69 6.77 6.84 6.89 6.93 6.96 6.97 6.98 6.97 6.95 6.92 6.88 6.84 6.79 6.73 6.66 6.59 6.51 6.43 6.35 6.27 6.18 6.09 6.00 5.91 5.83 5.75 5.69 5.64 5.61 5.59 5.58 5.59 5.61 5.65 5.69 5.75 5.82 5.91 6.00 6.11 6.22 6.35 6.49 6.64 6.79 6.96 7.14 7.32 7.52 7.71 7.91 8.11 8.31 8.52 8.72 8.93 9.14 9.34 9.53 9.72 9.90 10.08 10.25 10.42 10.59 10.74 10.90 11.05
4.46 4.63 4.80 4.96 5.13 5.29 5.45 5.62 5.78 5.93 6.09 6.24 6.37 6.49 6.60 6.70 6.79 6.86 6.92 6.96 6.99 7.01 7.02 7.01 7.00 6.97 6.94 6.90 6.85 6.79 6.72 6.66 6.58 6.50 6.42 6.34 6.25 6.16 6.07 5.98 5.90 5.82 5.76 5.71 5.68 5.66 5.65 5.66 5.68 5.71 5.76 5.82 5.89 5.97 6.07 6.18 6.29 6.42 6.56 6.71 6.87 7.04 7.21 7.40 7.60 7.80 8.00 8.21 8.42 8.63 8.85 9.06 9.26 9.46 9.66 9.85 10.03 10.21 10.38 10.55 10.72 10.88 11.03 11.19
4.38 4.55 4.71 4.88 5.05 5.21 5.38 5.54 5.70 5.86 6.02 6.18 6.33 6.46 6.58 6.69 6.78 6.86 6.93 6.97 7.01 7.03 7.04 7.04 7.03 7.01 6.98 6.94 6.89 6.84 6.78 6.71 6.64 6.56 6.48 6.40 6.31 6.23 6.14 6.05 5.96 5.88 5.82 5.77 5.74 5.72 5.72 5.72 5.75 5.78 5.83 5.89 5.96 6.04 6.14 6.25 6.37 6.49 6.63 6.78 6.94 7.11 7.29 7.48 7.68 7.89 8.10 8.31 8.53 8.75 8.97 9.18 9.38 9.58 9.78 9.97 10.15 10.33 10.51 10.68 10.84 11.00 11.16 11.32
4.29 4.46 4.63 4.80 4.97 5.13 5.30 5.46 5.63 5.79 5.95 6.11 6.27 6.41 6.55 6.66 6.76 6.85 6.92 6.97 7.01 7.04 7.06 7.06 7.05 7.04 7.01 6.97 6.93 6.88 6.82 6.76 6.69 6.61 6.53 6.45 6.37 6.28 6.19 6.11 6.02 5.94 5.88 5.83 5.80 5.78 5.78 5.79 5.81 5.85 5.89 5.95 6.03 6.11 6.21 6.32 6.44 6.57 6.71 6.86 7.03 7.20 7.38 7.57 7.77 7.98 8.19 8.42 8.64 8.86 9.08 9.29 9.50 9.70 9.89 10.08 10.26 10.44 10.62 10.79 10.96 11.12 11.28 11.44
4.20 4.37 4.54 4.71 4.88 5.05 5.22 5.38 5.55 5.71 5.88 6.04 6.20 6.35 6.49 6.62 6.72 6.81 6.89 6.95 7.00 7.03 7.05 7.06 7.06 7.05 7.02 6.99 6.95 6.90 6.85 6.79 6.72 6.65 6.57 6.50 6.41 6.33 6.24 6.16 6.07 6.00 5.93 5.89 5.86 5.84 5.84 5.85 5.87 5.91 5.96 6.02 6.10 6.18 6.28 6.39 6.52 6.65 6.79 6.95 7.11 7.28 7.47 7.66 7.86 8.07 8.29 8.52 8.75 8.97 9.19 9.40 9.60 9.80 10.00 10.19 10.37 10.55 10.73 10.90 11.07 11.23 11.39 11.55
4.11 4.28 4.45 4.62 4.79 4.96 5.13 5.30 5.47 5.63 5.80 5.96 6.12 6.28 6.42 6.55 6.67 6.77 6.85 6.92 6.97 7.01 7.03 7.05 7.05 7.04 7.03 7.00 6.96 6.92 6.87 6.81 6.75 6.68 6.61 6.53 6.45 6.37 6.29 6.20 6.12 6.04 5.98 5.94 5.91 5.89 5.89 5.90 5.93 5.97 6.02 6.09 6.17 6.25 6.36 6.47 6.59 6.73 6.88 7.03 7.20 7.38 7.56 7.76 7.96 8.18 8.40 8.63 8.85 9.07 9.29 9.50 9.70 9.90 10.10 10.29 10.47 10.65 10.83 11.00 11.17 11.34 11.50 11.66
4.01 4.19 4.36 4.53 4.70 4.87 5.04 5.21 5.38 5.55 5.72 5.88 6.04 6.19 6.33 6.47 6.59 6.70 6.79 6.86 6.92 6.97 7.00 7.02 7.03 7.03 7.02 6.99 6.96 6.93 6.88 6.83 6.77 6.70 6.63 6.56 6.48 6.40 6.32 6.24 6.16 6.08 6.03 5.98 5.96 5.94 5.95 5.96 5.99 6.03 6.09 6.15 6.23 6.33 6.43 6.55 6.67 6.81 6.96 7.12 7.29 7.47 7.66 7.86 8.07 8.29 8.51 8.73 8.95 9.17 9.38 9.59 9.79 9.99 10.19 10.38 10.56 10.75 10.92 11.10 11.27 11.44 11.60 11.76
3.92 4.09 4.26 4.44 4.61 4.78 4.96 5.13 5.30 5.47 5.63 5.79 5.95 6.10 6.24 6.37 6.50 6.61 6.71 6.79 6.86 6.91 6.95 6.98 7.00 7.00 6.99 6.98 6.95 6.92 6.88 6.83 6.77 6.71 6.65 6.58 6.50 6.43 6.35 6.27 6.19 6.12 6.07 6.03 6.00 5.99 6.00 6.01 6.04 6.09 6.15 6.22 6.30 6.40 6.51 6.63 6.76 6.90 7.05 7.22 7.39 7.57 7.77 7.97 8.18 8.40 8.62 8.83 9.04 9.26 9.47 9.68 9.88 10.08 10.27 10.46 10.65 10.83 11.01 11.19 11.36 11.53 11.69 11.86
3.82 3.99 4.17 4.34 4.52 4.69 4.86 5.04 5.21 5.38 5.54 5.70 5.85 6.00 6.13 6.27 6.39 6.51 6.62 6.71 6.78 6.84 6.89 6.92 6.95 6.96 6.96 6.95 6.93 6.90 6.86 6.82 6.77 6.71 6.65 6.59 6.52 6.45 6.37 6.30 6.22 6.15 6.10 6.06 6.04 6.04 6.04 6.06 6.10 6.15 6.21 6.28 6.37 6.47 6.58 6.71 6.84 6.99 7.14 7.31 7.49 7.68 7.88 8.08 8.30 8.51 8.72 8.93 9.13 9.34 9.55 9.76 9.96 10.16 10.35 10.54 10.73 10.91 11.09 11.27 11.44 11.61 11.78 11.94
3.72 3.90 4.07 4.25 4.42 4.60 4.77 4.94 5.12 5.28 5.44 5.60 5.75 5.89 6.02 6.15 6.28 6.40 6.51 6.61 6.69 6.76 6.81 6.85 6.88 6.90 6.91 6.90 6.89 6.87 6.84 6.80 6.76 6.71 6.65 6.59 6.52 6.46 6.39 6.31 6.24 6.18 6.13 6.10 6.08 6.08 6.09 6.11 6.15 6.20 6.27 6.35 6.44 6.54 6.66 6.79 6.93 7.08 7.24 7.41 7.60 7.79 7.99 8.20 8.41 8.61 8.82 9.02 9.22 9.43 9.63 9.83 10.03 10.23 10.42 10.61 10.80 10.98 11.17 11.34 11.52 11.69 11.86 12.03
3.62 3.80 3.97 4.15 4.32 4.50 4.68 4.85 5.02 5.18 5.34 5.49 5.63 5.77 5.91 6.03 6.16 6.27 6.38 6.49 6.58 6.66 6.72 6.77 6.81 6.83 6.85 6.85 6.84 6.83 6.80 6.77 6.73 6.69 6.64 6.58 6.52 6.46 6.39 6.33 6.26 6.20 6.15 6.13 6.11 6.11 6.13 6.16 6.20 6.26 6.33 6.41 6.51 6.62 6.74 6.87 7.02 7.17 7.34 7.52 7.70 7.90 8.11 8.31 8.51 8.71 8.91 9.11 9.31 9.50 9.70 9.90 10.10 10.29 10.49 10.68 10.87 11.05 11.23 11.41 11.59 11.76 11.93 12.10
3.52 3.70 3.87 4.05 4.23 4.40 4.58 4.75 4.91 5.07 5.23 5.37 5.52 5.65 5.78 5.91 6.03 6.14 6.25 6.36 6.45 6.54 6.61 6.67 6.72 6.75 6.77 6.78 6.78 6.78 6.76 6.73 6.70 6.66 6.62 6.57 6.51 6.46 6.40 6.33 6.27 6.21 6.17 6.15 6.14 6.15 6.17 6.20 6.25 6.31 6.39 6.48 6.58 6.69 6.82 6.96 7.11 7.27 7.44 7.62 7.82 8.02 8.21 8.41 8.61 8.80 9.00 9.19 9.39 9.58 9.77 9.97 10.16 10.35 10.55 10.74 10.93 11.11 11.29 11.47 11.65 11.82 12.00 12.17
3.42 3.60 3.77 3.95 4.13 4.31 4.48 4.64 4.80 4.96 5.11 5.25 5.39 5.52 5.65 5.78 5.89 6.01 6.11 6.22 6.32 6.41 6.49 6.56 6.61 6.65 6.68 6.70 6.71 6.71 6.70 6.69 6.66 6.63 6.59 6.55 6.50 6.45 6.39 6.33 6.27 6.22 6.19 6.17 6.17 6.18 6.20 6.24 6.30 6.36 6.44 6.54 6.65 6.77 6.90 7.04 7.20 7.37 7.55 7.73 7.93 8.12 8.32 8.51 8.70 8.89 9.08 9.27 9.46 9.65 9.84 10.03 10.22 10.41 10.60 10.79 10.98 11.16 11.34 11.53 11.70 11.88 12.05 12.23
3.32 3.50 3.67 3.85 4.03 4.20 4.37 4.53 4.69 4.84 4.99 5.13 5.26 5.39 5.52 5.64 5.75 5.87 5.97 6.07 6.17 6.27 6.35 6.43 6.49 6.55 6.58 6.61 6.63 6.64 6.64 6.63 6.61 6.58 6.55 6.52 6.47 6.43 6.38 6.33 6.27 6.23 6.20 6.19 6.19 6.20 6.24 6.28 6.34 6.41 6.50 6.60 6.72 6.84 6.98 7.13 7.29 7.47 7.65 7.84 8.03 8.22 8.41 8.60 8.78 8.97 9.16 9.34 9.53 9.72 9.90 10.09 10.27 10.46 10.65 10.83 11.02 11.21 11.39 11.57 11.75 11.93 12.11 12.28
3.22 3.40 3.57 3.75 3.93 4.09 4.26 4.41 4.57 4.71 4.86 4.99 5.13 5.25 5.38 5.50 5.61 5.72 5.82 5.93 6.02 6.12 6.21 6.29 6.36 6.42 6.47 6.51 6.54 6.55 6.56 6.56 6.55 6.53 6.51 6.48 6.44 6.40 6.36 6.31 6.27 6.23 6.20 6.20 6.21 6.23 6.27 6.32 6.38 6.46 6.56 6.67 6.79 6.92 7.06 7.22 7.39 7.57 7.76 7.94 8.13 8.31 8.50 8.68 8.86 9.05 9.23 9.41 9.59 9.78 9.96 10.14 10.32 10.51 10.69 10.88 11.06 11.25 11.43 11.61 11.79 11.97 12.15 12.33
3.12 3.30 3.47 3.65 3.82 3.98 4.14 4.29 4.44 4.58 4.72 4.86 4.99 5.11 5.23 5.35 5.46 5.57 5.67 5.77 5.87 5.96 6.05 6.14 6.22 6.29 6.35 6.39 6.43 6.45 6.47 6.48 6.48 6.47 6.45 6.43 6.40 6.37 6.33 6.29 6.25 6.22 6.21 6.20 6.22 6.25 6.29 6.35 6.43 6.51 6.61 6.73 6.86 7.00 7.15 7.31 7.49 7.67 7.85 8.04 8.22 8.40 8.58 8.76 8.93 9.11 9.29 9.47 9.65 9.83 10.01 10.19 10.37 10.55 10.73 10.91 11.10 11.28 11.46 11.65 11.83 12.01 12.19 12.37
3.02 3.20 3.37 3.54 3.70 3.86 4.02 4.16 4.31 4.45 4.58 4.72 4.84 4.96 5.08 5.20 5.31 5.41 5.52 5.62 5.71 5.80 5.89 5.98 6.06 6.14 6.21 6.27 6.31 6.35 6.37 6.39 6.40 6.39 6.39 6.37 6.35 6.33 6.30 6.27 6.24 6.21 6.20 6.21 6.23 6.27 6.32 6.39 6.47 6.56 6.67 6.79 6.93 7.07 7.24 7.41 7.59 7.76 7.94 8.12 8.29 8.47 8.65 8.82 9.00 9.17 9.35 9.53 9.70 9.88 10.05 10.23 10.41 10.59 10.77 10.95 11.13 11.31 11.49 11.67 11.86 12.04 12.22 12.40
2.92 3.09 3.26 3.43 3.58 3.74 3.89 4.03 4.17 4.31 4.44 4.57 4.69 4.81 4.93 5.04 5.15 5.26 5.36 5.46 5.55 5.64 5.73 5.82 5.90 5.98 6.06 6.13 6.18 6.23 6.26 6.29 6.30 6.31 6.32 6.31 6.30 6.28 6.26 6.24 6.21 6.19 6.19 6.21 6.24 6.28 6.34 6.42 6.50 6.61 6.72 6.85 7.00 7.15 7.32 7.50 7.67 7.84 8.02 8.19 8.36 8.54 8.71 8.88 9.05 9.23 9.40 9.57 9.74 9.92 10.09 10.27 10.44 10.62 10.79 10.97 11.15 11.33 11.51 11.69 11.88 12.06 12.24 12.42
2.82 2.99 3.15 3.31 3.46 3.61 3.76 3.90 4.03 4.17 4.29 4.42 4.54 4.66 4.77 4.88 4.99 5.09 5.19 5.29 5.39 5.48 5.57 5.65 5.74 5.82 5.90 5.97 6.04 6.10 6.14 6.18 6.21 6.22 6.23 6.24 6.24 6.23 6.22 6.20 6.18 6.17 6.18 6.20 6.24 6.29 6.36 6.44 6.54 6.65 6.78 6.92 7.07 7.23 7.40 7.57 7.74 7.91 8.08 8.25 8.42 8.59 8.76 8.93 9.10 9.27 9.44 9.61 9.78 9.95 10.12 10.29 10.47 10.64 10.82 10.99 11.17 11.35 11.53 11.71 11.89 12.08 12.26 12.44
2.72 2.88 3.03 3.19 3.34 3.48 3.62 3.76 3.89 4.02 4.14 4.27 4.38 4.50 4.61 4.72 4.83 4.93 5.03 5.13 5.22 5.31 5.40 5.49 5.57 5.66 5.74 5.81 5.89 5.96 6.01 6.06 6.10 6.12 6.15 6.16 6.17 6.17 6.17 6.16 6.15 6.15 6.16 6.19 6.24 6.30 6.38 6.47 6.58 6.70 6.83 6.98 7.14 7.31 7.47 7.64 7.81 7.97 8.14 8.30 8.47 8.64 8.80 8.97 9.14 9.30 9.47 9.64 9.81 9.97 10.14 10.32 10.49 10.66 10.83 11.01 11.18 11.36 11.54 11.72 11.90 12.08 12.27 12.45
2.61 2.76 2.91 3.06 3.21 3.35 3.48 3.61 3.74 3.87 3.99 4.11 4.23 4.34 4.45 4.56 4.66 4.76 4.86 4.96 5.05 5.14 5.23 5.32 5.41 5.49 5.57 5.65 5.73 5.80 5.87 5.93 5.98 6.02 6.05 6.07 6.09 6.10 6.11 6.11 6.11 6.12 6.14 6.18 6.24 6.31 6.39 6.50 6.61 6.74 6.89 7.04 7.21 7.37 7.53 7.69 7.86 8.02 8.18 8.35 8.51 8.67 8.83 9.00 9.16 9.33 9.49 9.66 9.82 9.99 10.16 10.33 10.50 10.67 10.84 11.02 11.19 11.37 11.55 11.72 11.91 12.09 12.27 12.46
2.49 2.64 2.79 2.93 3.07 3.21 3.34 3.47 3.59 3.72 3.84 3.95 4.06 4.18 4.28 4.39 4.49 4.59 4.69 4.79 4.88 4.97 5.06 5.15 5.24 5.32 5.40 5.48 5.57 5.64 5.72 5.79 5.85 5.90 5.94 5.98 6.01 6.03 6.04 6.06 6.06 6.08 6.12 6.17 6.23 6.31 6.41 6.52 6.64 6.78 6.94 7.10 7.26 7.42 7.58 7.74 7.90 8.06 8.21 8.37 8.53 8.69 8.86 9.02 9.18 9.34 9.50 9.67 9.83 10.00 10.17 10.33 10.50 10.67 10.84 11.02 11.19 11.37 11.54 11.72 11.90 12.09 12.27 12.46
2.38 2.52 2.66 2.80 2.94 3.07 3.20 3.32 3.44 3.56 3.68 3.79 3.90 4.01 4.12 4.22 4.32 4.42 4.52 4.61 4.71 4.80 4.89 4.98 5.06 5.15 5.23 5.32 5.40 5.48 5.56 5.64 5.71 5.77 5.83 5.87 5.91 5.95 5.97 5.99 6.01 6.04 6.08 6.14 6.22 6.31 6.42 6.54 6.68 6.82 6.98 7.14 7.29 7.45 7.61 7.76 7.92 8.08 8.23 8.39 8.55 8.71 8.87 9.02 9.18 9.35 9.51 9.67 9.83 10.00 10.16 10.33 10.50 10.67 10.84 11.01 11.18 11.36 11.54 11.72 11.90 12.08 12.26 12.45
2.26 2.40 2.54 2.67 2.80 2.92 3.05 3.17 3.29 3.40 3.52 3.63 3.74 3.84 3.95 4.05 4.15 4.25 4.34 4.44 4.53 4.62 4.71 4.80 4.89 4.98 5.07 5.15 5.24 5.32 5.40 5.48 5.57 5.64 5.71 5.76 5.81 5.86 5.90 5.93 5.96 6.00 6.05 6.12 6.21 6.31 6.43 6.56 6.70 6.86 7.01 7.16 7.32 7.47 7.63 7.78 7.93 8.09 8.24 8.40 8.55 8.71 8.86 9.02 9.18 9.34 9.50 9.66 9.82 9.98 10.15 10.31 10.48 10.65 10.82 10.99 11.17 11.34 11.52 11.70 11.88 12.07 12.25 12.44
2.14 2.27 2.40 2.53 2.66 2.78 2.90 3.02 3.13 3.24 3.35 3.46 3.57 3.67 3.78 3.88 3.98 4.07 4.17 4.26 4.36 4.45 4.54 4.63 4.72 4.81 4.90 4.98 5.07 5.16 5.24 5.33 5.41 5.50 5.58 5.65 5.71 5.76 5.81 5.86 5.90 5.95 6.01 6.09 6.19 6.30 6.43 6.57 6.72 6.88 7.03 7.18 7.33 7.48 7.63 7.78 7.93 8.08 8.23 8.39 8.54 8.69 8.85 9.00 9.16 9.32 9.48 9.64 9.80 9.96 10.13 10.29 10.46 10.63 10.80 10.97 11.14 11.32 11.50 11.68 11.86 12.04 12.23 12.42
2.02 2.15 2.27 2.40 2.52 2.63 2.75 2.86 2.97 3.08 3.19 3.30 3.40 3.50 3.60 3.70 3.80 3.90 3.99 4.09 4.18 4.27 4.37 4.46 4.55 4.64 4.73 4.82 4.90 4.99 5.08 5.17 5.26 5.35 5.44 5.52 5.59 5.66 5.72 5.78 5.83 5.89 5.97 6.06 6.17 6.30 6.43 6.58 6.73 6.88 7.02 7.17 7.32 7.47 7.62 7.76 7.91 8.06 8.21 8.36 8.52 8.67 8.82 8.98 9.13 9.29 9.45 9.61 9.77 9.93 10.09 10.26 10.42 10.59 10.76 10.94 11.11 11.29 11.47 11.65 11.83 12.02 12.20 12.39
1.89 2.02 2.14 2.26 2.37 2.49 2.60 2.71 2.82 2.92 3.03 3.13 3.23 3.33 3.43 3.53 3.63 3.72 3.82 3.91 4.01 4.10 4.19 4.28 4.37 4.47 4.56 4.65 4.74 4.83 4.92 5.01 5.11 5.20 5.29 5.39 5.47 5.55 5.63 5.70 5.76 5.83 5.92 6.03 6.15 6.28 6.43 6.57 6.72 6.86 7.01 7.15 7.30 7.44 7.59 7.73 7.88 8.03 8.18 8.33 8.48 8.63 8.78 8.94 9.09 9.25 9.40 9.56 9.72 9.88 10.05 10.21 10.38 10.55 10.72 10.89 11.07 11.25 11.43 11.61 11.79 11.98 12.17 12.36
1.77 1.89 2.00 2.12 2.23 2.34 2.45 2.55 2.66 2.76 2.86 2.96 3.06 3.16 3.26 3.36 3.45 3.55 3.64 3.74 3.83 3.92 4.02 4.11 4.20 4.29 4.39 4.48 4.57 4.67 4.76 4.86 4.95 5.05 5.15 5.25 5.34 5.44 5.53 5.61 5.68 5.77 5.87 5.99 6.12 6.26 6.40 6.54 6.69 6.83 6.97 7.11 7.26 7.40 7.54 7.69 7.84 7.98 8.13 8.28 8.43 8.58 8.73 8.88 9.03 9.19 9.35 9.51 9.67 9.83 9.99 10.16 10.32 10.49 10.67 10.84 11.02 11.19 11.38 11.56 11.74 11.93 12.12 12.32
