data_output/recharge/precip/Precip_2013_12.asc
ncols        168
nrows        136
xllcorner    455000
yllcorner    2107000
cellsize     500
NODATA_value     -99999
[rows 0 to 36 of 136, columns 84 to 167 of 168]
0.83 0.98 1.13 1.30 1.46 1.64 1.82 2.01 2.21 2.41 2.61 2.82 3.04 3.26 3.49 3.72 3.95 4.19 4.44 4.68 4.93 5.18 5.43 5.69 5.95 6.21 6.47 6.73 7.00 7.27 7.54 7.81 8.09 8.37 8.65 8.93 9.22 9.50 9.79 10.08 10.36 10.65 10.93 11.21 11.50 11.77 12.05 12.32 12.59 12.86 13.12 13.38 13.63 13.87 14.11 14.35 14.58 14.80 15.01 15.21 15.40 15.57 15.72 15.86 15.98 16.08 16.17 16.25 16.30 16.34 16.37 16.38 16.37 16.35 16.31 16.26 16.19 16.11 16.01 15.90 15.78 15.63 15.48 15.31
0.66 0.80 0.95 1.11 1.27 1.44 1.62 1.80 1.99 2.18 2.38 2.59 2.80 3.01 3.23 3.46 3.68 3.91 4.15 4.39 4.63 4.87 5.12 5.37 5.62 5.87 6.12 6.38 6.63 6.89 7.15 7.42 7.68 7.96 8.23 8.50 8.78 9.06 9.33 9.61 9.89 10.17 10.45 10.72 11.00 11.27 11.54 11.81 12.07 12.33 12.59 12.84 13.09 13.33 13.57 13.80 14.03 14.25 14.46 14.66 14.84 15.01 15.16 15.29 15.40 15.50 15.58 15.65 15.70 15.73 15.74 15.74 15.73 15.69 15.64 15.58 15.50 15.40 15.29 15.16 15.02 14.86 14.68 14.49
0.50 0.63 0.78 0.93 1.08 1.25 1.42 1.59 1.78 1.96 2.16 2.36 2.56 2.77 2.98 3.20 3.42 3.64 3.87 4.10 4.34 4.57 4.81 5.05 5.29 5.54 5.78 6.03 6.28 6.53 6.78 7.04 7.29 7.56 7.82 8.09 8.35 8.62 8.89 9.16 9.44 9.71 9.98 10.25 10.52 10.78 11.05 11.31 11.57 11.83 12.08 12.33 12.57 12.81 13.05 13.27 13.50 13.71 13.92 14.12 14.30 14.46 14.61 14.74 14.85 14.94 15.01 15.07 15.11 15.13 15.14 15.13 15.10 15.05 14.99 14.91 14.82 14.71 14.58 14.44 14.28 14.10 13.91 13.70
0.34 0.47 0.60 0.75 0.90 1.06 1.22 1.39 1.57 1.75 1.94 2.13 2.33 2.53 2.74 2.95 3.16 3.38 3.60 3.82 4.05 4.28 4.51 4.74 4.98 5.22 5.45 5.69 5.93 6.18 6.42 6.67 6.92 7.17 7.42 7.68 7.94 8.20 8.47 8.73 9.00 9.26 9.52 9.79 10.05 10.31 10.57 10.83 11.08 11.34 11.59 11.83 12.07 12.31 12.54 12.76 12.98 13.20 13.41 13.60 13.78 13.94 14.08 14.21 14.31 14.40 14.46 14.51 14.55 14.56 14.56 14.53 14.50 14.44 14.37 14.27 14.17 14.04 13.90 13.74 13.56 13.37 13.16 12.93
0.18 0.31 0.44 0.58 0.72 0.88 1.04 1.20 1.37 1.55 1.73 1.91 2.11 2.30 2.50 2.70 2.91 3.12 3.34 3.55 3.77 3.99 4.22 4.44 4.67 4.90 5.13 5.36 5.60 5.84 6.07 6.31 6.55 6.80 7.04 7.29 7.54 7.80 8.05 8.31 8.57 8.83 9.09 9.34 9.60 9.86 10.11 10.37 10.62 10.86 11.11 11.35 11.59 11.82 12.05 12.27 12.49 12.70 12.91 13.10 13.28 13.44 13.57 13.69 13.79 13.87 13.93 13.98 14.00 14.01 13.99 13.96 13.91 13.85 13.76 13.66 13.53 13.39 13.24 13.06 12.87 12.66 12.43 12.19
0.03 0.15 0.28 0.41 0.55 0.70 0.85 1.01 1.18 1.35 1.52 1.70 1.89 2.08 2.27 2.47 2.67 2.87 3.08 3.29 3.50 3.72 3.93 4.15 4.37 4.59 4.82 5.05 5.27 5.50 5.74 5.97 6.20 6.44 6.68 6.92 7.16 7.41 7.66 7.91 8.16 8.41 8.66 8.92 9.17 9.42 9.67 9.92 10.16 10.41 10.65 10.89 11.12 11.35 11.58 11.80 12.01 12.22 12.43 12.62 12.80 12.95 13.09 13.20 13.29 13.37 13.43 13.46 13.48 13.48 13.45 13.41 13.35 13.27 13.18 13.06 12.92 12.77 12.60 12.41 12.20 11.97 11.73 11.47
0.00 0.00 0.12 0.25 0.39 0.53 0.68 0.83 0.99 1.16 1.32 1.50 1.68 1.86 2.05 2.24 2.43 2.63 2.83 3.03 3.24 3.45 3.66 3.87 4.08 4.30 4.52 4.74 4.96 5.18 5.41 5.64 5.86 6.09 6.33 6.56 6.80 7.04 7.28 7.52 7.77 8.01 8.26 8.50 8.75 9.00 9.24 9.49 9.73 9.97 10.21 10.44 10.67 10.90 11.12 11.34 11.56 11.77 11.97 12.16 12.33 12.49 12.62 12.73 12.82 12.89 12.94 12.97 12.98 12.97 12.93 12.88 12.81 12.72 12.61 12.49 12.34 12.17 11.98 11.78 11.55 11.31 11.05 10.77
0.00 0.00 0.00 0.10 0.23 0.36 0.51 0.66 0.81 0.97 1.13 1.30 1.47 1.65 1.83 2.02 2.20 2.39 2.59 2.79 2.98 3.19 3.39 3.59 3.80 4.01 4.22 4.44 4.66 4.87 5.09 5.32 5.54 5.76 5.99 6.21 6.44 6.68 6.91 7.15 7.39 7.63 7.87 8.11 8.35 8.59 8.83 9.07 9.31 9.55 9.78 10.01 10.24 10.47 10.69 10.91 11.12 11.33 11.53 11.72 11.89 12.04 12.17 12.28 12.36 12.43 12.47 12.49 12.50 12.48 12.44 12.38 12.30 12.20 12.08 11.94 11.77 11.59 11.39 11.17 10.93 10.67 10.40 10.12
0.00 0.00 0.00 0.00 0.07 0.21 0.34 0.49 0.63 0.79 0.95 1.11 1.28 1.45 1.62 1.80 1.98 2.17 2.35 2.54 2.74 2.93 3.13 3.33 3.53 3.74 3.94 4.15 4.36 4.58 4.79 5.01 5.22 5.44 5.66 5.89 6.11 6.33 6.56 6.79 7.03 7.26 7.50 7.73 7.97 8.21 8.44 8.68 8.91 9.15 9.38 9.61 9.83 10.06 10.28 10.49 10.70 10.91 11.11 11.30 11.47 11.62 11.74 11.85 11.93 11.99 12.03 12.04 12.04 12.01 11.96 11.89 11.80 11.69 11.56 11.41 11.24 11.04 10.83 10.59 10.34 10.06 9.79 9.52
0.00 0.00 0.00 0.00 0.00 0.05 0.18 0.32 0.47 0.61 0.77 0.92 1.08 1.25 1.42 1.59 1.77 1.95 2.13 2.31 2.50 2.69 2.88 3.07 3.27 3.47 3.67 3.88 4.08 4.29 4.50 4.71 4.92 5.14 5.35 5.57 5.79 6.01 6.23 6.46 6.68 6.91 7.14 7.37 7.61 7.84 8.07 8.30 8.53 8.76 8.99 9.22 9.44 9.66 9.88 10.10 10.31 10.51 10.71 10.90 11.07 11.22 11.34 11.44 11.52 11.57 11.60 11.61 11.60 11.57 11.51 11.44 11.34 11.21 11.07 10.91 10.72 10.51 10.29 10.04 9.77 9.50 9.23 8.97
0.00 0.00 0.00 0.00 0.00 0.00 0.03 0.16 0.30 0.45 0.59 0.75 0.90 1.06 1.22 1.39 1.56 1.73 1.91 2.09 2.27 2.45 2.64 2.83 3.02 3.21 3.41 3.61 3.81 4.01 4.22 4.43 4.64 4.85 5.06 5.27 5.48 5.70 5.92 6.14 6.36 6.58 6.81 7.03 7.26 7.49 7.72 7.95 8.17 8.40 8.63 8.85 9.07 9.29 9.51 9.72 9.93 10.14 10.34 10.52 10.69 10.84 10.96 11.05 11.13 11.18 11.20 11.21 11.19 11.15 11.09 11.00 10.89 10.76 10.60 10.43 10.23 10.01 9.77 9.51 9.24 8.98 8.73 8.48
0.00 0.00 0.00 0.00 0.00 0.00 0.00 0.01 0.15 0.28 0.43 0.57 0.72 0.88 1.04 1.20 1.36 1.53 1.70 1.87 2.05 2.23 2.41 2.59 2.78 2.97 3.16 3.36 3.55 3.75 3.95 4.16 4.36 4.57 4.77 4.98 5.19 5.41 5.62 5.83 6.05 6.27 6.49 6.71 6.93 7.16 7.38 7.61 7.83 8.06 8.28 8.50 8.72 8.94 9.15 9.37 9.57 9.78 9.98 10.17 10.34 10.48 10.60 10.69 10.76 10.81 10.83 10.83 10.80 10.75 10.68 10.59 10.47 10.33 10.16 9.97 9.76 9.53 9.28 9.02 8.77 8.52 8.27 8.04
0.00 0.00 0.00 0.00 0.00 0.00 0.00 0.00 0.00 0.13 0.27 0.41 0.55 0.70 0.86 1.01 1.17 1.33 1.50 1.66 1.83 2.01 2.19 2.37 2.55 2.74 2.92 3.11 3.31 3.50 3.70 3.90 4.10 4.30 4.51 4.71 4.92 5.13 5.34 5.55 5.76 5.97 6.19 6.41 6.63 6.85 7.07 7.29 7.51 7.73 7.95 8.17 8.39 8.61 8.82 9.03 9.24 9.45 9.65 9.83 10.00 10.14 10.26 10.35 10.42 10.46 10.47 10.47 10.44 10.38 10.30 10.20 10.07 9.92 9.74 9.55 9.32 9.08 8.83 8.58 8.34 8.11 7.88 7.66
0.00 0.00 0.00 0.00 0.00 0.00 0.00 0.00 0.00 0.00 0.11 0.25 0.39 0.53 0.68 0.83 0.98 1.14 1.30 1.47 1.63 1.80 1.98 2.15 2.33 2.51 2.70 2.88 3.07 3.27 3.46 3.65 3.85 4.05 4.25 4.46 4.66 4.86 5.07 5.28 5.49 5.70 5.91 6.12 6.34 6.55 6.77 6.99 7.21 7.43 7.65 7.87 8.08 8.30 8.51 8.72 8.93 9.13 9.33 9.52 9.69 9.83 9.94 10.03 10.09 10.13 10.15 10.13 10.10 10.03 9.95 9.84 9.70 9.54 9.35 9.14 8.91 8.67 8.44 8.20 7.98 7.75 7.54 7.33
0.00 0.00 0.00 0.00 0.00 0.00 0.00 0.00 0.00 0.00 0.00 0.10 0.23 0.37 0.51 0.66 0.81 0.96 1.12 1.28 1.44 1.61 1.78 1.95 2.12 2.30 2.48 2.67 2.85 3.04 3.23 3.42 3.62 3.82 4.01 4.21 4.41 4.62 4.82 5.03 5.23 5.44 5.65 5.86 6.07 6.28 6.50 6.71 6.93 7.15 7.36 7.58 7.80 8.01 8.22 8.43 8.64 8.84 9.04 9.23 9.40 9.54 9.65 9.74 9.80 9.83 9.84 9.82 9.78 9.71 9.62 9.50 9.35 9.18 8.99 8.77 8.54 8.32 8.09 7.88 7.66 7.45 7.25 7.05
0.00 0.00 0.00 0.00 0.00 0.00 0.00 0.00 0.00 0.00 0.00 0.00 0.08 0.22 0.36 0.50 0.64 0.79 0.94 1.10 1.26 1.42 1.59 1.76 1.93 2.10 2.28 2.46 2.65 2.83 3.02 3.21 3.40 3.59 3.79 3.99 4.19 4.39 4.59 4.79 4.99 5.20 5.41 5.61 5.82 6.03 6.24 6.46 6.67 6.89 7.10 7.32 7.53 7.74 7.96 8.16 8.37 8.58 8.78 8.97 9.13 9.27 9.38 9.47 9.52 9.55 9.56 9.54 9.49 9.41 9.31 9.18 9.03 8.85 8.65 8.44 8.22 8.01 7.81 7.60 7.40 7.20 7.01 6.83
0.00 0.00 0.00 0.00 0.00 0.00 0.00 0.00 0.00 0.00 0.00 0.00 0.00 0.07 0.20 0.34 0.48 0.63 0.78 0.93 1.09 1.25 1.41 1.58 1.75 1.92 2.09 2.27 2.45 2.63 2.82 3.01 3.20 3.39 3.58 3.78 3.97 4.17 4.37 4.57 4.77 4.98 5.18 5.39 5.59 5.80 6.01 6.22 6.43 6.65 6.86 7.07 7.29 7.50 7.71 7.92 8.13 8.33 8.53 8.73 8.89 9.03 9.14 9.22 9.28 9.30 9.30 9.28 9.22 9.14 9.03 8.90 8.74 8.55 8.35 8.15 7.96 7.76 7.57 7.38 7.19 7.01 6.83 6.66
0.00 0.00 0.00 0.00 0.00 0.00 0.00 0.00 0.00 0.00 0.00 0.00 0.00 0.00 0.06 0.20 0.33 0.48 0.62 0.77 0.93 1.08 1.24 1.41 1.57 1.74 1.92 2.09 2.27 2.45 2.63 2.82 3.01 3.20 3.39 3.58 3.78 3.97 4.17 4.37 4.57 4.77 4.98 5.18 5.39 5.59 5.80 6.01 6.22 6.43 6.64 6.85 7.07 7.28 7.49 7.70 7.91 8.11 8.32 8.51 8.67 8.81 8.92 9.00 9.05 9.08 9.07 9.04 8.98 8.89 8.78 8.64 8.47 8.29 8.11 7.93 7.75 7.57 7.39 7.21 7.04 6.87 6.71 6.55
0.00 0.00 0.00 0.00 0.00 0.00 0.00 0.00 0.00 0.00 0.00 0.00 0.00 0.00 0.00 0.06 0.20 0.34 0.48 0.63 0.78 0.93 1.09 1.25 1.42 1.58 1.75 1.93 2.10 2.28 2.46 2.65 2.83 3.02 3.21 3.40 3.60 3.79 3.99 4.19 4.39 4.59 4.79 4.99 5.20 5.40 5.61 5.81 6.02 6.23 6.44 6.66 6.87 7.08 7.29 7.50 7.71 7.92 8.12 8.31 8.48 8.62 8.72 8.80 8.85 8.87 8.87 8.83 8.77 8.67 8.55 8.40 8.24 8.08 7.92 7.75 7.59 7.42 7.26 7.10 6.94 6.79 6.64 6.49
0.00 0.00 0.00 0.00 0.00 0.00 0.00 0.00 0.00 0.00 0.00 0.00 0.00 0.00 0.00 0.00 0.07 0.20 0.35 0.49 0.64 0.79 0.95 1.11 1.27 1.44 1.60 1.78 1.95 2.13 2.31 2.49 2.68 2.86 3.05 3.24 3.43 3.63 3.83 4.02 4.22 4.42 4.62 4.83 5.03 5.23 5.44 5.64 5.85 6.06 6.27 6.48 6.69 6.90 7.12 7.33 7.54 7.74 7.95 8.14 8.31 8.45 8.55 8.63 8.68 8.70 8.69 8.65 8.58 8.48 8.35 8.21 8.07 7.93 7.78 7.63 7.48 7.33 7.19 7.04 6.90 6.76 6.62 6.49
0.00 0.00 0.00 0.00 0.00 0.00 0.00 0.00 0.00 0.00 0.00 0.00 0.00 0.00 0.00 0.00 0.00 0.08 0.22 0.37 0.51 0.66 0.82 0.98 1.14 1.30 1.47 1.64 1.81 1.99 2.17 2.35 2.53 2.72 2.91 3.10 3.29 3.48 3.68 3.88 4.08 4.28 4.48 4.68 4.88 5.09 5.29 5.50 5.70 5.91 6.12 6.33 6.54 6.75 6.97 7.18 7.39 7.60 7.80 8.00 8.17 8.30 8.41 8.49 8.53 8.55 8.53 8.49 8.42 8.31 8.20 8.08 7.95 7.82 7.69 7.56 7.43 7.30 7.17 7.04 6.91 6.78 6.66 6.54
0.00 0.00 0.00 0.00 0.00 0.00 0.00 0.00 0.00 0.00 0.00 0.00 0.00 0.00 0.00 0.00 0.00 0.00 0.11 0.25 0.40 0.55 0.70 0.86 1.02 1.18 1.35 1.52 1.69 1.87 2.04 2.22 2.41 2.59 2.78 2.97 3.16 3.36 3.55 3.75 3.95 4.15 4.35 4.55 4.75 4.96 5.16 5.37 5.58 5.79 5.99 6.20 6.42 6.63 6.84 7.05 7.26 7.47 7.68 7.88 8.05 8.19 8.29 8.37 8.41 8.43 8.41 8.36 8.28 8.19 8.09 7.99 7.88 7.77 7.66 7.55 7.43 7.32 7.20 7.09 6.97 6.86 6.75 6.64
0.00 0.00 0.00 0.00 0.00 0.00 0.00 0.00 0.00 0.00 0.00 0.00 0.00 0.00 0.00 0.00 0.00 0.00 0.01 0.15 0.30 0.45 0.60 0.75 0.91 1.07 1.24 1.41 1.58 1.76 1.93 2.11 2.30 2.48 2.67 2.86 3.05 3.25 3.44 3.64 3.84 4.04 4.24 4.44 4.65 4.85 5.06 5.27 5.47 5.68 5.89 6.10 6.31 6.53 6.74 6.95 7.16 7.38 7.59 7.79 7.96 8.09 8.20 8.28 8.32 8.33 8.31 8.26 8.19 8.12 8.04 7.96 7.87 7.78 7.68 7.59 7.49 7.39 7.29 7.19 7.09 6.99 6.90 6.81
0.00 0.00 0.00 0.00 0.00 0.00 0.00 0.00 0.00 0.00 0.00 0.00 0.00 0.00 0.00 0.00 0.00 0.00 0.00 0.06 0.21 0.36 0.51 0.66 0.82 0.98 1.15 1.32 1.49 1.66 1.84 2.02 2.20 2.39 2.58 2.77 2.96 3.15 3.35 3.55 3.75 3.95 4.15 4.36 4.56 4.77 4.98 5.18 5.39 5.60 5.81 6.02 6.23 6.45 6.66 6.88 7.09 7.30 7.52 7.72 7.89 8.03 8.14 8.21 8.25 8.26 8.24 8.20 8.15 8.10 8.04 7.98 7.91 7.84 7.76 7.68 7.60 7.52 7.43 7.35 7.27 7.18 7.10 7.02
0.00 0.00 0.00 0.00 0.00 0.00 0.00 0.00 0.00 0.00 0.00 0.00 0.00 0.00 0.00 0.00 0.00 0.00 0.00 0.00 0.13 0.28 0.43 0.58 0.74 0.91 1.07 1.24 1.41 1.59 1.76 1.94 2.13 2.31 2.50 2.69 2.89 3.08 3.28 3.48 3.68 3.88 4.08 4.29 4.50 4.70 4.91 5.12 5.33 5.55 5.76 5.97 6.18 6.40 6.61 6.83 7.04 7.26 7.47 7.68 7.85 7.99 8.10 8.17 8.21 8.22 8.21 8.19 8.17 8.13 8.10 8.05 8.00 7.95 7.89 7.83 7.76 7.70 7.63 7.56 7.49 7.43 7.36 7.30
0.00 0.00 0.00 0.00 0.00 0.00 0.00 0.00 0.00 0.00 0.00 0.00 0.00 0.00 0.00 0.00 0.00 0.00 0.00 0.00 0.07 0.22 0.37 0.52 0.68 0.84 1.01 1.18 1.35 1.53 1.70 1.89 2.07 2.26 2.45 2.64 2.83 3.03 3.23 3.43 3.63 3.83 4.04 4.24 4.45 4.66 4.87 5.09 5.30 5.51 5.73 5.94 6.15 6.37 6.59 6.80 7.02 7.24 7.46 7.66 7.84 7.98 8.09 8.16 8.20 8.22 8.24 8.24 8.23 8.22 8.20 8.18 8.15 8.11 8.07 8.03 7.98 7.93 7.88 7.83 7.78 7.73 7.68 7.63
0.00 0.00 0.00 0.00 0.00 0.00 0.00 0.00 0.00 0.00 0.00 0.00 0.00 0.00 0.00 0.00 0.00 0.00 0.00 0.00 0.02 0.17 0.32 0.47 0.63 0.80 0.96 1.13 1.30 1.48 1.66 1.84 2.03 2.22 2.41 2.60 2.80 2.99 3.19 3.40 3.60 3.80 4.01 4.22 4.43 4.64 4.86 5.07 5.28 5.50 5.72 5.93 6.15 6.37 6.59 6.81 7.03 7.25 7.47 7.68 7.86 8.00 8.11 8.18 8.24 8.28 8.31 8.34 8.35 8.36 8.36 8.36 8.35 8.33 8.31 8.28 8.25 8.22 8.19 8.15 8.12 8.08 8.05 8.01
0.00 0.00 0.00 0.00 0.00 0.00 0.00 0.00 0.00 0.00 0.00 0.00 0.00 0.00 0.00 0.00 0.00 0.00 0.00 0.00 0.00 0.13 0.28 0.44 0.60 0.76 0.93 1.10 1.28 1.45 1.63 1.82 2.01 2.19 2.39 2.58 2.78 2.98 3.18 3.38 3.59 3.80 4.01 4.22 4.43 4.65 4.86 5.08 5.30 5.51 5.73 5.95 6.17 6.39 6.62 6.84 7.06 7.28 7.51 7.72 7.90 8.04 8.15 8.24 8.32 8.39 8.44 8.49 8.52 8.55 8.58 8.59 8.60 8.60 8.60 8.59 8.58 8.57 8.55 8.53 8.51 8.49 8.47 8.45
0.00 0.00 0.00 0.00 0.00 0.00 0.00 0.00 0.00 0.00 0.00 0.00 0.00 0.00 0.00 0.00 0.00 0.00 0.00 0.00 0.00 0.11 0.26 0.42 0.58 0.75 0.92 1.09 1.26 1.44 1.63 1.81 2.00 2.19 2.39 2.58 2.78 2.98 3.19 3.39 3.60 3.81 4.03 4.24 4.45 4.67 4.89 5.11 5.33 5.55 5.77 6.00 6.22 6.45 6.67 6.89 7.12 7.35 7.57 7.79 7.97 8.12 8.24 8.35 8.46 8.54 8.62 8.69 8.75 8.80 8.84 8.88 8.91 8.93 8.94 8.96 8.96 8.97 8.97 8.97 8.96 8.96 8.95 8.95
0.00 0.00 0.00 0.00 0.00 0.00 0.00 0.00 0.00 0.00 0.00 0.00 0.00 0.00 0.00 0.00 0.00 0.00 0.00 0.00 0.00 0.10 0.26 0.42 0.58 0.75 0.92 1.09 1.27 1.45 1.63 1.82 2.01 2.21 2.40 2.60 2.80 3.01 3.22 3.43 3.64 3.85 4.06 4.28 4.50 4.72 4.94 5.16 5.39 5.61 5.84 6.07 6.29 6.52 6.75 6.98 7.21 7.44 7.67 7.89 8.07 8.24 8.38 8.52 8.64 8.76 8.86 8.95 9.03 9.10 9.16 9.22 9.27 9.31 9.34 9.37 9.40 9.42 9.44 9.45 9.47 9.48 9.49 9.50
0.00 0.00 0.00 0.00 0.00 0.00 0.00 0.00 0.00 0.00 0.00 0.00 0.00 0.00 0.00 0.00 0.00 0.00 0.00 0.00 0.00 0.11 0.27 0.43 0.59 0.76 0.94 1.11 1.29 1.48 1.66 1.85 2.05 2.24 2.44 2.64 2.85 3.06 3.26 3.48 3.69 3.91 4.13 4.35 4.57 4.79 5.02 5.24 5.47 5.70 5.93 6.16 6.39 6.62 6.86 7.09 7.32 7.56 7.79 8.01 8.22 8.40 8.58 8.74 8.88 9.02 9.14 9.26 9.36 9.45 9.54 9.61 9.68 9.74 9.80 9.85 9.89 9.93 9.97 10.00 10.03 10.06 10.08 10.11
0.00 0.00 0.00 0.00 0.00 0.00 0.00 0.00 0.00 0.00 0.00 0.00 0.00 0.00 0.00 0.00 0.00 0.00 0.00 0.00 0.00 0.13 0.29 0.45 0.62 0.79 0.97 1.15 1.33 1.51 1.70 1.90 2.09 2.29 2.49 2.70 2.91 3.12 3.33 3.55 3.76 3.98 4.20 4.43 4.65 4.88 5.11 5.34 5.57 5.80 6.04 6.27 6.51 6.75 6.98 7.22 7.46 7.70 7.94 8.17 8.40 8.61 8.81 8.99 9.17 9.32 9.47 9.61 9.73 9.85 9.95 10.05 10.14 10.22 10.29 10.36 10.42 10.48 10.54 10.58 10.63 10.68 10.72 10.76
0.00 0.00 0.00 0.00 0.00 0.00 0.00 0.00 0.00 0.00 0.00 0.00 0.00 0.00 0.00 0.00 0.00 0.00 0.00 0.00 0.00 0.15 0.31 0.48 0.65 0.82 1.00 1.18 1.36 1.55 1.74 1.94 2.14 2.34 2.54 2.75 2.96 3.18 3.39 3.61 3.83 4.05 4.28 4.51 4.74 4.97 5.20 5.43 5.67 5.90 6.14 6.38 6.62 6.86 7.10 7.34 7.59 7.83 8.08 8.32 8.57 8.81 9.03 9.24 9.44 9.62 9.79 9.94 10.09 10.23 10.35 10.47 10.58 10.68 10.78 10.86 10.94 11.02 11.09 11.16 11.22 11.28 11.34 11.40
0.00 0.00 0.00 0.00 0.00 0.00 0.00 0.00 0.00 0.00 0.00 0.00 0.00 0.00 0.00 0.00 0.00 0.00 0.00 0.00 0.01 0.16 0.33 0.49 0.66 0.84 1.02 1.20 1.39 1.58 1.77 1.97 2.17 2.37 2.58 2.79 3.01 3.22 3.44 3.66 3.89 4.11 4.34 4.57 4.80 5.04 5.27 5.51 5.75 5.99 6.23 6.47 6.72 6.96 7.21 7.45 7.70 7.95 8.20 8.46 8.72 8.97 9.22 9.45 9.67 9.88 10.07 10.25 10.42 10.57 10.72 10.86 10.99 11.11 11.22 11.33 11.43 11.52 11.61 11.69 11.77 11.85 11.92 12.00
0.00 0.00 0.00 0.00 0.00 0.00 0.00 0.00 0.00 0.00 0.00 0.00 0.00 0.00 0.00 0.00 0.00 0.00 0.00 0.00 0.01 0.17 0.34 0.50 0.68 0.85 1.03 1.22 1.41 1.60 1.79 1.99 2.20 2.40 2.61 2.82 3.04 3.26 3.48 3.70 3.93 4.16 4.39 4.62 4.86 5.09 5.33 5.57 5.81 6.06 6.30 6.55 6.80 7.04 7.29 7.54 7.79 8.05 8.31 8.58 8.84 9.11 9.38 9.63 9.87 10.10 10.32 10.52 10.71 10.89 11.06 11.21 11.36 11.50 11.63 11.76 11.88 11.99 12.09 12.19 12.29 12.38 12.47 12.56
0.00 0.00 0.00 0.00 0.00 0.00 0.00 0.00 0.00 0.00 0.00 0.00 0.00 0.00 0.00 0.00 0.00 0.00 0.00 0.00 0.02 0.18 0.34 0.51 0.68 0.86 1.04 1.23 1.42 1.61 1.81 2.01 2.21 2.42 2.63 2.85 3.06 3.28 3.51 3.73 3.96 4.19 4.43 4.66 4.90 5.14 5.38 5.62 5.87 6.11 6.36 6.61 6.86 7.11 7.36 7.62 7.88 8.14 8.41 8.68 8.96 9.23 9.51 9.78 10.05 10.30 10.53 10.76 10.97 11.17 11.36 11.53 11.70 11.86 12.01 12.16 12.29 12.42 12.54 12.66 12.77 12.88 12.98 13.09
0.00 0.00 0.00 0.00 0.00 0.00 0.00 0.00 0.00 0.00 0.00 0.00 0.00 0.00 0.00 0.00 0.00 0.00 0.00 0.00 0.02 0.18 0.34 0.51 0.68 0.86 1.04 1.23 1.42 1.62 1.81 2.02 2.22 2.43 2.64 2.86 3.08 3.30 3.53 3.75 3.98 4.22 4.45 4.69 4.93 5.17 5.42 5.66 5.91 6.16 6.41 6.66 6.91 7.17 7.42 7.68 7.95 8.22 8.49 8.77 9.05 9.34 9.62 9.90 10.19 10.46 10.72 10.96 11.19 11.42 11.62 11.82 12.01 12.19 12.36 12.52 12.67 12.82 12.96 13.09 13.22 13.34 13.46 13.58
