data_output/recharge/precip/Precip_1995_05.asc
ncols        168
nrows        136
xllcorner    455000
yllcorner    2107000
cellsize     500
NODATA_value     -99999
[rows 35 to 69 of 136, columns 0 to 76 of 168]
127.63 126.79 125.92 125.02 124.10 123.15 122.18 121.18 120.17 119.14 118.10 117.04 115.98 115.00 114.15 113.43 112.83 112.33 111.93 111.60 111.35 111.15 110.99 110.87 110.76 110.66 110.56 110.43 110.27 110.08 109.82 109.50 109.11 108.69 108.24 107.76 107.26 106.73 106.18 105.60 104.99 104.36 103.70 103.02 102.31 101.58 100.82 100.05 99.25 98.42 97.57 96.70 95.78 94.80 93.77 92.69 91.55 90.37 89.14 87.87 86.56 85.22 83.85 82.44 81.01 79.55 78.07 76.57 75.06 73.54 72.00 70.46 68.91 67.36 65.81 64.27 62.74
129.12 128.10 127.05 125.97 124.86 123.74 122.59 121.42 120.23 119.03 117.82 116.61 115.47 114.49 113.64 112.92 112.32 111.82 111.42 111.09 110.83 110.63 110.47 110.34 110.22 110.12 110.00 109.87 109.70 109.49 109.22 108.89 108.49 108.05 107.59 107.10 106.59 106.05 105.49 104.90 104.28 103.64 102.98 102.29 101.58 100.85 100.09 99.31 98.51 97.68 96.83 95.97 95.07 94.13 93.14 92.09 90.99 89.84 88.65 87.42 86.14 84.83 83.49 82.11 80.70 79.28 77.82 76.35 74.86 73.36 71.85 70.33 68.80 67.27 65.74 64.22 62.70
130.49 129.28 128.03 126.76 125.47 124.15 122.82 121.47 120.10 118.72 117.34 116.05 114.91 113.93 113.08 112.37 111.77 111.27 110.86 110.54 110.27 110.07 109.90 109.77 109.65 109.53 109.41 109.26 109.09 108.87 108.59 108.24 107.83 107.38 106.91 106.41 105.89 105.34 104.76 104.17 103.54 102.90 102.23 101.54 100.82 100.08 99.32 98.54 97.74 96.91 96.07 95.20 94.31 93.40 92.44 91.43 90.37 89.26 88.11 86.91 85.66 84.39 83.07 81.73 80.35 78.95 77.53 76.08 74.62 73.14 71.65 70.15 68.65 67.14 65.63 64.13 62.62
131.71 130.30 128.85 127.38 125.89 124.38 122.86 121.31 119.76 118.20 116.74 115.44 114.31 113.33 112.49 111.77 111.17 110.67 110.27 109.94 109.68 109.47 109.30 109.15 109.03 108.91 108.78 108.62 108.44 108.21 107.92 107.56 107.13 106.67 106.19 105.68 105.15 104.59 104.01 103.40 102.77 102.12 101.45 100.75 100.03 99.29 98.53 97.75 96.94 96.12 95.27 94.40 93.52 92.61 91.68 90.71 89.69 88.62 87.50 86.34 85.13 83.89 82.61 81.29 79.95 78.58 77.18 75.77 74.33 72.88 71.42 69.94 68.46 66.97 65.49 64.00 62.52
132.77 131.14 129.49 127.81 126.12 124.40 122.67 120.93 119.19 117.54 116.08 114.79 113.66 112.68 111.84 111.13 110.53 110.04 109.63 109.30 109.04 108.82 108.65 108.50 108.37 108.24 108.11 107.95 107.75 107.51 107.21 106.84 106.40 105.93 105.44 104.92 104.37 103.81 103.22 102.61 101.97 101.31 100.63 99.93 99.21 98.47 97.70 96.92 96.12 95.29 94.45 93.58 92.70 91.80 90.88 89.93 88.95 87.92 86.84 85.71 84.54 83.34 82.09 80.81 79.50 78.16 76.80 75.41 74.00 72.58 71.14 69.69 68.23 66.77 65.30 63.84 62.37
133.64 131.79 129.92 128.03 126.12 124.19 122.25 120.31 118.48 116.83 115.37 114.09 112.97 111.99 111.16 110.45 109.86 109.36 108.96 108.62 108.36 108.14 107.97 107.81 107.68 107.54 107.40 107.23 107.03 106.78 106.47 106.09 105.64 105.15 104.65 104.12 103.57 102.99 102.40 101.78 101.14 100.47 99.79 99.09 98.36 97.62 96.85 96.07 95.26 94.44 93.59 92.73 91.85 90.96 90.04 89.11 88.15 87.16 86.12 85.03 83.90 82.73 81.52 80.28 79.00 77.69 76.36 75.00 73.63 72.23 70.82 69.40 67.97 66.53 65.09 63.64 62.17
134.31 132.23 130.13 128.01 125.88 123.73 121.59 119.55 117.72 116.08 114.63 113.35 112.23 111.27 110.44 109.73 109.14 108.64 108.24 107.91 107.64 107.42 107.24 107.09 106.95 106.81 106.66 106.48 106.27 106.01 105.69 105.30 104.84 104.34 103.83 103.29 102.73 102.15 101.54 100.92 100.27 99.61 98.92 98.21 97.48 96.74 95.97 95.18 94.38 93.56 92.72 91.86 90.98 90.09 89.18 88.25 87.31 86.34 85.34 84.30 83.21 82.07 80.90 79.69 78.45 77.18 75.88 74.56 73.21 71.84 70.46 69.07 67.67 66.25 64.83 63.39 61.90
134.74 132.43 130.10 127.75 125.38 123.02 120.77 118.73 116.91 115.28 113.84 112.57 111.46 110.50 109.67 108.97 108.38 107.89 107.48 107.15 106.88 106.66 106.48 106.33 106.18 106.04 105.88 105.70 105.48 105.21 104.88 104.48 104.00 103.50 102.97 102.43 101.86 101.27 100.66 100.03 99.38 98.71 98.02 97.31 96.58 95.83 95.06 94.28 93.47 92.65 91.81 90.96 90.09 89.20 88.29 87.37 86.44 85.48 84.51 83.51 82.46 81.36 80.23 79.06 77.85 76.62 75.35 74.06 72.75 71.42 70.07 68.70 67.33 65.94 64.52 63.06 61.57
134.94 132.37 129.80 127.20 124.61 122.15 119.90 117.87 116.06 114.44 113.01 111.74 110.64 109.68 108.86 108.17 107.58 107.09 106.69 106.36 106.09 105.87 105.69 105.53 105.38 105.23 105.06 104.88 104.65 104.37 104.04 103.62 103.14 102.62 102.09 101.53 100.96 100.36 99.75 99.11 98.45 97.78 97.08 96.37 95.64 94.89 94.13 93.34 92.54 91.72 90.89 90.03 89.17 88.28 87.38 86.47 85.54 84.60 83.64 82.66 81.65 80.60 79.51 78.38 77.21 76.01 74.78 73.53 72.25 70.95 69.63 68.30 66.95 65.56 64.14 62.67 61.17
134.86 132.04 129.21 126.39 123.69 121.22 118.99 116.97 115.17 113.56 112.13 110.88 109.78 108.83 108.02 107.33 106.74 106.26 105.86 105.53 105.26 105.04 104.85 104.69 104.54 104.38 104.22 104.02 103.79 103.50 103.16 102.73 102.24 101.72 101.17 100.61 100.03 99.42 98.80 98.16 97.50 96.82 96.13 95.41 94.68 93.93 93.16 92.38 91.58 90.76 89.93 89.09 88.22 87.34 86.45 85.55 84.62 83.69 82.74 81.78 80.80 79.79 78.74 77.65 76.52 75.36 74.17 72.95 71.71 70.44 69.16 67.85 66.51 65.12 63.69 62.22 60.71
134.50 131.42 128.34 125.40 122.70 120.25 118.03 116.03 114.23 112.64 111.22 109.97 108.89 107.94 107.14 106.45 105.87 105.39 104.99 104.66 104.39 104.17 103.98 103.82 103.66 103.51 103.33 103.13 102.89 102.60 102.25 101.81 101.31 100.78 100.23 99.66 99.07 98.46 97.83 97.18 96.52 95.84 95.14 94.42 93.69 92.94 92.18 91.39 90.60 89.78 88.96 88.11 87.26 86.38 85.50 84.60 83.69 82.76 81.82 80.87 79.91 78.93 77.92 76.87 75.78 74.66 73.51 72.33 71.12 69.89 68.64 67.34 66.00 64.61 63.17 61.70 60.19
133.82 130.49 127.30 124.36 121.68 119.24 117.03 115.04 113.26 111.67 110.27 109.03 107.95 107.02 106.21 105.53 104.96 104.48 104.08 103.76 103.49 103.27 103.08 102.91 102.76 102.60 102.42 102.21 101.97 101.67 101.31 100.86 100.35 99.81 99.25 98.67 98.08 97.46 96.83 96.18 95.51 94.83 94.13 93.41 92.68 91.93 91.16 90.38 89.59 88.78 87.96 87.12 86.27 85.40 84.52 83.63 82.73 81.81 80.88 79.94 78.99 78.03 77.05 76.04 75.00 73.92 72.81 71.67 70.50 69.30 68.06 66.77 65.42 64.03 62.60 61.12 59.60
132.85 129.39 126.20 123.28 120.61 118.19 115.99 114.02 112.25 110.67 109.28 108.05 106.98 106.05 105.25 104.58 104.01 103.53 103.14 102.82 102.55 102.33 102.14 101.98 101.82 101.65 101.47 101.26 101.01 100.71 100.33 99.88 99.36 98.81 98.25 97.66 97.06 96.44 95.80 95.15 94.48 93.79 93.09 92.37 91.64 90.89 90.13 89.35 88.56 87.75 86.93 86.10 85.26 84.40 83.53 82.64 81.75 80.84 79.93 79.00 78.06 77.11 76.15 75.17 74.17 73.13 72.06 70.96 69.83 68.65 67.41 66.12 64.78 63.39 61.96 60.48 58.97
131.68 128.23 125.06 122.15 119.50 117.09 114.92 112.95 111.19 109.63 108.24 107.03 105.97 105.05 104.26 103.59 103.02 102.55 102.16 101.84 101.58 101.36 101.17 101.00 100.84 100.68 100.49 100.28 100.02 99.71 99.33 98.87 98.34 97.79 97.21 96.62 96.01 95.39 94.75 94.09 93.42 92.73 92.03 91.31 90.58 89.83 89.07 88.29 87.51 86.71 85.89 85.06 84.23 83.37 82.51 81.64 80.75 79.86 78.95 78.03 77.10 76.17 75.22 74.27 73.30 72.30 71.28 70.21 69.10 67.93 66.70 65.41 64.08 62.69 61.26 59.79 58.28
130.46 127.03 123.88 120.99 118.36 115.96 113.80 111.85 110.10 108.55 107.18 105.97 104.92 104.01 103.23 102.56 102.00 101.54 101.15 100.84 100.57 100.36 100.17 100.00 99.84 99.67 99.48 99.26 99.00 98.68 98.30 97.83 97.30 96.73 96.15 95.56 94.94 94.31 93.67 93.01 92.33 91.64 90.94 90.22 89.49 88.75 87.99 87.22 86.43 85.63 84.83 84.01 83.17 82.33 81.48 80.61 79.74 78.85 77.96 77.05 76.14 75.21 74.28 73.34 72.39 71.43 70.45 69.40 68.30 67.14 65.91 64.64 63.31 61.93 60.51 59.04 57.53
129.20 125.79 122.65 119.78 117.17 114.79 112.64 110.71 108.97 107.43 106.07 104.87 103.83 102.93 102.16 101.50 100.95 100.49 100.11 99.79 99.54 99.32 99.13 98.96 98.80 98.63 98.44 98.22 97.95 97.63 97.24 96.77 96.22 95.65 95.06 94.46 93.84 93.21 92.56 91.90 91.22 90.53 89.83 89.11 88.38 87.64 86.88 86.11 85.34 84.54 83.74 82.93 82.10 81.27 80.42 79.57 78.70 77.83 76.94 76.05 75.15 74.24 73.33 72.40 71.47 70.53 69.55 68.52 67.43 66.28 65.07 63.80 62.48 61.11 59.70 58.24 56.73
127.90 124.51 121.39 118.54 115.94 113.58 111.44 109.52 107.81 106.28 104.93 103.74 102.71 101.82 101.05 100.41 99.86 99.41 99.03 98.72 98.46 98.25 98.07 97.90 97.73 97.56 97.37 97.14 96.87 96.55 96.15 95.67 95.12 94.54 93.95 93.34 92.72 92.08 91.43 90.77 90.09 89.40 88.69 87.98 87.25 86.51 85.76 84.99 84.22 83.43 82.64 81.83 81.01 80.19 79.35 78.50 77.65 76.79 75.92 75.04 74.15 73.26 72.36 71.45 70.53 69.58 68.60 67.57 66.49 65.35 64.15 62.90 61.59 60.24 58.83 57.38 55.89
126.55 123.19 120.09 117.26 114.67 112.33 110.21 108.31 106.60 105.09 103.75 102.58 101.55 100.67 99.92 99.28 98.74 98.29 97.92 97.61 97.36 97.15 96.97 96.80 96.64 96.46 96.27 96.04 95.77 95.44 95.03 94.55 93.99 93.41 92.81 92.20 91.57 90.93 90.28 89.61 88.93 88.24 87.54 86.82 86.10 85.36 84.61 83.85 83.08 82.30 81.51 80.71 79.90 79.09 78.26 77.43 76.58 75.73 74.87 74.01 73.14 72.26 71.37 70.48 69.55 68.59 67.60 66.56 65.49 64.37 63.18 61.94 60.65 59.31 57.91 56.48 55.00
125.07 121.82 118.75 115.94 113.37 111.04 108.94 107.05 105.36 103.86 102.54 101.38 100.36 99.49 98.75 98.11 97.58 97.14 96.78 96.48 96.23 96.02 95.84 95.67 95.51 95.34 95.14 94.91 94.63 94.30 93.89 93.40 92.84 92.25 91.64 91.03 90.40 89.75 89.10 88.43 87.75 87.06 86.36 85.65 84.92 84.19 83.44 82.69 81.92 81.15 80.37 79.58 78.78 77.97 77.15 76.33 75.50 74.66 73.82 72.96 72.11 71.24 70.37 69.47 68.53 67.56 66.56 65.51 64.43 63.32 62.15 60.93 59.65 58.33 56.95 55.53 54.06
123.42 120.33 117.36 114.58 112.03 109.72 107.64 105.76 104.09 102.60 101.29 100.14 99.14 98.28 97.54 96.92 96.40 95.96 95.60 95.31 95.06 94.86 94.68 94.52 94.35 94.18 93.98 93.75 93.47 93.13 92.72 92.23 91.65 91.06 90.45 89.83 89.20 88.55 87.90 87.23 86.55 85.86 85.16 84.45 83.73 83.00 82.26 81.51 80.75 79.98 79.21 78.42 77.63 76.84 76.03 75.22 74.40 73.57 72.74 71.91 71.06 70.21 69.33 68.42 67.48 66.49 65.48 64.43 63.34 62.22 61.07 59.86 58.60 57.29 55.93 54.53 53.08
121.61 118.68 115.87 113.17 110.65 108.36 106.29 104.44 102.78 101.31 100.01 98.87 97.88 97.03 96.31 95.69 95.18 94.75 94.40 94.11 93.87 93.67 93.49 93.33 93.17 93.00 92.80 92.57 92.28 91.94 91.53 91.03 90.45 89.85 89.24 88.61 87.98 87.33 86.67 86.00 85.33 84.64 83.94 83.23 82.51 81.79 81.05 80.31 79.56 78.80 78.03 77.26 76.47 75.69 74.89 74.09 73.29 72.47 71.66 70.83 70.00 69.15 68.26 67.33 66.38 65.39 64.36 63.30 62.21 61.09 59.93 58.74 57.50 56.21 54.87 53.49 52.06
119.65 116.89 114.22 111.67 109.23 106.97 104.92 103.08 101.43 99.98 98.69 97.57 96.59 95.75 95.04 94.43 93.93 93.51 93.16 92.88 92.65 92.45 92.28 92.12 91.96 91.79 91.59 91.35 91.07 90.73 90.31 89.80 89.22 88.61 88.00 87.37 86.73 86.09 85.43 84.76 84.08 83.39 82.70 81.99 81.28 80.56 79.83 79.09 78.35 77.59 76.84 76.07 75.30 74.52 73.74 72.95 72.16 71.36 70.56 69.75 68.91 68.04 67.14 66.21 65.24 64.24 63.21 62.15 61.05 59.93 58.77 57.58 56.35 55.09 53.77 52.40 50.99
117.59 114.97 112.45 110.03 107.72 105.53 103.51 101.68 100.06 98.62 97.35 96.24 95.27 94.45 93.74 93.15 92.65 92.24 91.90 91.62 91.40 91.20 91.03 90.88 90.72 90.55 90.35 90.12 89.83 89.49 89.06 88.55 87.97 87.36 86.74 86.11 85.47 84.82 84.16 83.49 82.82 82.13 81.44 80.74 80.03 79.31 78.59 77.86 77.12 76.38 75.63 74.87 74.11 73.34 72.57 71.80 71.02 70.23 69.44 68.63 67.78 66.90 65.99 65.05 64.07 63.07 62.03 60.96 59.86 58.74 57.58 56.39 55.17 53.91 52.62 51.28 49.89
115.43 112.95 110.56 108.28 106.09 104.01 102.06 100.26 98.65 97.22 95.97 94.87 93.92 93.11 92.41 91.83 91.34 90.94 90.61 90.34 90.12 89.93 89.77 89.61 89.46 89.29 89.09 88.86 88.57 88.22 87.79 87.28 86.69 86.08 85.46 84.82 84.18 83.53 82.88 82.21 81.53 80.85 80.16 79.46 78.76 78.05 77.33 76.61 75.88 75.14 74.40 73.65 72.90 72.15 71.39 70.63 69.86 69.09 68.29 67.47 66.61 65.72 64.80 63.85 62.87 61.86 60.82 59.75 58.65 57.52 56.36 55.17 53.95 52.71 51.43 50.12 48.76
113.20 110.85 108.59 106.43 104.36 102.39 100.53 98.79 97.20 95.79 94.56 93.47 92.54 91.74 91.05 90.48 90.00 89.61 89.29 89.03 88.81 88.63 88.47 88.32 88.17 88.00 87.80 87.57 87.28 86.93 86.50 85.99 85.39 84.78 84.15 83.52 82.88 82.23 81.57 80.90 80.23 79.55 78.86 78.17 77.47 76.77 76.06 75.34 74.62 73.89 73.16 72.42 71.69 70.94 70.20 69.45 68.69 67.91 67.11 66.27 65.40 64.51 63.58 62.62 61.64 60.62 59.58 58.51 57.41 56.28 55.12 53.93 52.72 51.48 50.22 48.92 47.58
110.92 108.70 106.56 104.50 102.54 100.68 98.91 97.26 95.73 94.34 93.11 92.05 91.13 90.34 89.67 89.10 88.64 88.25 87.94 87.69 87.48 87.30 87.15 87.00 86.85 86.69 86.49 86.26 85.97 85.62 85.19 84.67 84.07 83.46 82.83 82.19 81.55 80.90 80.25 79.58 78.91 78.23 77.55 76.86 76.17 75.47 74.77 74.06 73.34 72.63 71.91 71.18 70.45 69.72 68.99 68.25 67.49 66.70 65.89 65.04 64.16 63.26 62.33 61.36 60.37 59.36 58.31 57.24 56.14 55.01 53.86 52.68 51.47 50.24 48.98 47.70 46.38
108.61 106.51 104.48 102.53 100.67 98.90 97.22 95.65 94.19 92.85 91.64 90.59 89.68 88.91 88.25 87.70 87.24 86.87 86.57 86.32 86.12 85.95 85.80 85.66 85.51 85.35 85.16 84.93 84.64 84.29 83.86 83.33 82.73 82.11 81.49 80.85 80.21 79.56 78.90 78.24 77.57 76.90 76.22 75.54 74.85 74.16 73.46 72.76 72.06 71.35 70.64 69.93 69.21 68.49 67.77 67.03 66.26 65.46 64.63 63.77 62.89 61.98 61.04 60.08 59.09 58.07 57.02 55.95 54.85 53.73 52.58 51.41 50.21 48.98 47.73 46.46 45.16
106.31 104.31 102.38 100.53 98.76 97.07 95.48 93.98 92.59 91.31 90.14 89.11 88.21 87.45 86.81 86.27 85.82 85.46 85.17 84.93 84.73 84.57 84.43 84.29 84.15 83.99 83.81 83.57 83.29 82.93 82.50 81.98 81.37 80.75 80.12 79.49 78.84 78.20 77.54 76.88 76.22 75.55 74.88 74.20 73.52 72.83 72.14 71.45 70.76 70.06 69.36 68.66 67.95 67.25 66.52 65.77 64.98 64.18 63.34 62.48 61.59 60.67 59.73 58.77 57.77 56.75 55.71 54.64 53.55 52.43 51.28 50.12 48.93 47.71 46.47 45.21 43.92
104.02 102.12 100.29 98.53 96.84 95.23 93.71 92.28 90.94 89.71 88.60 87.59 86.72 85.97 85.34 84.81 84.38 84.03 83.74 83.51 83.33 83.17 83.04 82.90 82.77 82.61 82.43 82.20 81.91 81.56 81.13 80.60 79.99 79.37 78.74 78.10 77.46 76.82 76.16 75.51 74.85 74.18 73.51 72.84 72.17 71.49 70.81 70.13 69.44 68.76 68.07 67.38 66.68 65.97 65.23 64.47 63.68 62.86 62.02 61.15 60.26 59.34 58.40 57.43 56.44 55.42 54.38 53.31 52.22 51.11 49.97 48.82 47.63 46.43 45.20 43.95 42.68
101.77 99.97 98.22 96.54 94.93 93.39 91.93 90.56 89.28 88.09 87.01 86.04 85.19 84.46 83.84 83.33 82.91 82.57 82.29 82.07 81.89 81.75 81.62 81.49 81.36 81.21 81.03 80.80 80.52 80.16 79.73 79.20 78.60 77.97 77.34 76.70 76.06 75.42 74.77 74.12 73.46 72.80 72.14 71.47 70.81 70.14 69.46 68.79 68.12 67.44 66.76 66.08 65.39 64.66 63.92 63.14 62.34 61.52 60.67 59.80 58.90 57.98 57.04 56.07 55.08 54.07 53.03 51.97 50.88 49.78 48.65 47.50 46.33 45.14 43.92 42.69 41.43
99.58 97.87 96.20 94.59 93.05 91.57 90.17 88.84 87.61 86.46 85.42 84.47 83.64 82.92 82.32 81.82 81.41 81.08 80.82 80.61 80.44 80.30 80.18 80.06 79.93 79.79 79.61 79.38 79.10 78.75 78.32 77.79 77.18 76.55 75.92 75.29 74.65 74.01 73.36 72.71 72.06 71.41 70.75 70.09 69.43 68.77 68.11 67.44 66.78 66.11 65.45 64.76 64.06 63.32 62.57 61.78 60.98 60.15 59.30 58.42 57.53 56.60 55.66 54.69 53.71 52.69 51.66 50.61 49.53 48.44 47.32 46.18 45.02 43.84 42.64 41.42 40.18
97.49 95.85 94.25 92.71 91.22 89.80 88.44 87.16 85.96 84.85 83.82 82.90 82.08 81.37 80.77 80.29 79.89 79.57 79.32 79.12 78.96 78.83 78.72 78.60 78.48 78.34 78.17 77.95 77.67 77.32 76.88 76.36 75.75 75.12 74.49 73.86 73.22 72.58 71.94 71.29 70.64 70.00 69.35 68.70 68.04 67.39 66.74 66.08 65.43 64.78 64.10 63.41 62.69 61.95 61.19 60.40 59.59 58.76 57.90 57.02 56.12 55.20 54.26 53.30 52.31 51.31 50.28 49.24 48.17 47.08 45.98 44.85 43.70 42.54 41.36 40.15 38.93
95.50 93.93 92.39 90.91 89.47 88.09 86.78 85.53 84.36 83.26 82.26 81.35 80.53 79.82 79.22 78.73 78.35 78.04 77.80 77.61 77.46 77.34 77.23 77.13 77.02 76.88 76.71 76.49 76.21 75.87 75.43 74.91 74.30 73.67 73.04 72.41 71.77 71.14 70.50 69.86 69.22 68.57 67.93 67.29 66.64 66.00 65.36 64.71 64.07 63.41 62.73 62.02 61.30 60.55 59.78 58.99 58.17 57.34 56.48 55.60 54.70 53.79 52.85 51.89 50.91 49.91 48.89 47.85 46.80 45.72 44.63 43.52 42.38 41.24 40.07 38.88 37.68
93.64 92.13 90.65 89.21 87.82 86.48 85.20 83.97 82.82 81.74 80.75 79.84 79.02 78.30 77.68 77.18 76.78 76.49 76.26 76.08 75.94 75.83 75.73 75.63 75.53 75.40 75.23 75.02 74.74 74.40 73.97 73.44 72.83 72.20 71.57 70.94 70.31 69.68 69.05 68.41 67.77 67.14 66.50 65.87 65.23 64.60 63.97 63.33 62.68 62.01 61.32 60.61 59.88 59.12 58.34 57.55 56.73 55.89 55.04 54.16 53.27 52.35 51.42 50.46 49.49 48.50 47.49 46.46 45.42 44.36 43.27 42.18 41.06 39.93 38.78 37.62 36.44
91.93 90.48 89.05 87.65 86.29 84.98 83.72 82.52 81.38 80.30 79.31 78.39 77.56 76.82 76.19 75.65 75.23 74.92 74.70 74.53 74.40 74.30 74.21 74.12 74.02 73.90 73.73 73.53 73.26 72.91 72.48 71.96 71.35 70.72 70.10 69.47 68.84 68.21 67.58 66.95 66.32 65.69 65.06 64.44 63.81 63.19 62.56 61.92 61.27 60.59 59.89 59.17 58.43 57.67 56.89 56.09 55.27 54.43 53.58 52.70 51.81 50.90 49.97 49.03 48.06 47.08 46.08 45.07 44.03 42.98 41.92 40.84 39.74 38.63 37.50 36.36 35.20
