data_output/recharge/precip/Precip_1996_09.asc
ncols        168
nrows        136
xllcorner    455000
yllcorner    2107000
cellsize     500
NODATA_value     -99999
[rows 0 to 31 of 136, columns 72 to 143 of 168]
147.84 148.18 148.55 148.94 149.37 149.83 150.32 150.84 151.39 151.94 152.49 153.04 153.59 154.14 154.68 155.21 155.74 156.26 156.77 157.26 157.74 158.20 158.65 159.07 159.48 159.86 160.22 160.55 160.85 161.13 161.37 161.58 161.76 161.90 162.00 162.04 162.03 161.95 161.81 161.62 161.36 161.03 160.63 160.14 159.58 158.93 158.20 157.39 156.50 155.53 154.48 153.35 152.13 150.84 149.47 148.01 146.48 144.86 143.16 141.39 139.53 137.59 135.57 133.48 131.30 129.04 126.70 124.49 122.84 121.80 121.34 121.40
148.13 148.47 148.85 149.25 149.68 150.14 150.64 151.16 151.71 152.26 152.81 153.37 153.92 154.47 155.02 155.56 156.10 156.62 157.14 157.64 158.13 158.60 159.05 159.49 159.91 160.30 160.67 161.01 161.33 161.62 161.88 162.10 162.30 162.45 162.57 162.65 162.67 162.62 162.52 162.34 162.10 161.78 161.37 160.88 160.30 159.64 158.90 158.08 157.17 156.18 155.11 153.95 152.71 151.39 149.99 148.50 146.93 145.28 143.54 141.72 139.82 137.84 135.78 133.63 131.40 129.08 126.69 124.42 122.70 121.58 121.02 120.98
148.38 148.73 149.11 149.51 149.95 150.41 150.90 151.43 151.97 152.53 153.08 153.64 154.19 154.75 155.30 155.84 156.38 156.91 157.43 157.94 158.44 158.92 159.38 159.82 160.25 160.65 161.03 161.39 161.71 162.01 162.29 162.52 162.73 162.90 163.04 163.13 163.19 163.18 163.10 162.95 162.72 162.40 161.99 161.50 160.92 160.26 159.51 158.68 157.76 156.76 155.67 154.50 153.24 151.90 150.47 148.96 147.36 145.67 143.91 142.05 140.11 138.09 135.98 133.79 131.51 129.15 126.71 124.38 122.60 121.40 120.75 120.62
148.59 148.95 149.33 149.73 150.16 150.63 151.12 151.64 152.19 152.74 153.29 153.85 154.40 154.96 155.51 156.06 156.60 157.13 157.66 158.17 158.67 159.15 159.62 160.07 160.51 160.92 161.31 161.67 162.01 162.32 162.60 162.85 163.07 163.25 163.40 163.51 163.58 163.61 163.56 163.42 163.20 162.89 162.49 162.01 161.44 160.78 160.03 159.19 158.27 157.26 156.17 154.98 153.71 152.35 150.90 149.37 147.75 146.04 144.25 142.37 140.40 138.34 136.20 133.97 131.65 129.25 126.76 124.38 122.54 121.27 120.54 120.31
148.77 149.12 149.50 149.90 150.34 150.80 151.28 151.80 152.34 152.89 153.44 154.00 154.55 155.11 155.66 156.21 156.75 157.28 157.81 158.32 158.83 159.32 159.79 160.24 160.68 161.10 161.49 161.86 162.21 162.53 162.82 163.08 163.31 163.50 163.66 163.78 163.87 163.90 163.87 163.76 163.55 163.26 162.88 162.41 161.84 161.19 160.45 159.62 158.70 157.69 156.59 155.40 154.12 152.75 151.29 149.75 148.11 146.38 144.57 142.66 140.67 138.59 136.41 134.15 131.80 129.36 126.83 124.42 122.52 121.19 120.38 120.07
148.90 149.25 149.63 150.03 150.46 150.92 151.40 151.91 152.45 152.99 153.54 154.09 154.64 155.19 155.74 156.29 156.83 157.36 157.89 158.40 158.91 159.40 159.87 160.33 160.77 161.19 161.59 161.97 162.32 162.65 162.94 163.21 163.45 163.65 163.82 163.95 164.04 164.07 164.04 163.95 163.77 163.50 163.14 162.69 162.14 161.50 160.77 159.95 159.04 158.03 156.94 155.75 154.47 153.10 151.63 150.08 148.43 146.69 144.86 142.94 140.93 138.83 136.63 134.34 131.96 129.49 126.93 124.48 122.54 121.15 120.27 119.88
149.00 149.35 149.72 150.12 150.54 150.99 151.47 151.97 152.50 153.04 153.58 154.12 154.67 155.21 155.76 156.30 156.84 157.37 157.90 158.41 158.91 159.40 159.88 160.34 160.78 161.21 161.61 161.99 162.34 162.67 162.98 163.25 163.49 163.70 163.88 164.01 164.09 164.12 164.09 164.00 163.85 163.61 163.27 162.85 162.32 161.71 161.00 160.19 159.29 158.30 157.21 156.03 154.75 153.39 151.92 150.37 148.72 146.97 145.13 143.20 141.17 139.06 136.84 134.54 132.14 129.64 127.06 124.57 122.59 121.15 120.21 119.74
149.06 149.40 149.77 150.16 150.57 151.01 151.48 151.98 152.50 153.02 153.56 154.09 154.63 155.17 155.71 156.25 156.78 157.31 157.83 158.34 158.84 159.33 159.81 160.27 160.71 161.13 161.54 161.92 162.28 162.61 162.91 163.19 163.44 163.65 163.83 163.95 164.03 164.06 164.03 163.94 163.80 163.58 163.28 162.88 162.39 161.80 161.11 160.33 159.45 158.48 157.40 156.24 154.97 153.61 152.16 150.60 148.96 147.21 145.37 143.43 141.40 139.27 137.05 134.73 132.31 129.80 127.20 124.69 122.67 121.18 120.19 119.66
149.08 149.41 149.77 150.15 150.56 150.99 151.45 151.93 152.44 152.96 153.48 154.01 154.54 155.07 155.60 156.13 156.66 157.18 157.70 158.20 158.70 159.18 159.66 160.11 160.55 160.98 161.38 161.76 162.12 162.45 162.76 163.04 163.28 163.50 163.67 163.79 163.86 163.89 163.86 163.77 163.63 163.43 163.16 162.80 162.34 161.78 161.13 160.37 159.52 158.57 157.52 156.37 155.12 153.78 152.33 150.79 149.15 147.41 145.58 143.64 141.61 139.48 137.25 134.92 132.50 129.97 127.36 124.83 122.78 121.25 120.21 119.62
149.06 149.39 149.73 150.10 150.50 150.92 151.37 151.84 152.33 152.84 153.35 153.87 154.39 154.91 155.43 155.95 156.47 156.98 157.49 157.99 158.48 158.96 159.43 159.88 160.32 160.73 161.13 161.51 161.87 162.20 162.51 162.79 163.03 163.24 163.40 163.52 163.59 163.61 163.58 163.50 163.36 163.17 162.91 162.58 162.17 161.65 161.03 160.31 159.49 158.57 157.54 156.42 155.20 153.87 152.45 150.92 149.30 147.57 145.75 143.82 141.79 139.67 137.44 135.11 132.68 130.15 127.53 124.99 122.92 121.36 120.27 119.62
149.00 149.32 149.65 150.01 150.40 150.80 151.24 151.69 152.17 152.66 153.16 153.66 154.17 154.68 155.19 155.70 156.21 156.71 157.21 157.70 158.19 158.66 159.12 159.57 160.00 160.41 160.80 161.18 161.53 161.86 162.17 162.44 162.68 162.87 163.03 163.15 163.22 163.24 163.21 163.13 163.00 162.81 162.56 162.25 161.87 161.40 160.82 160.14 159.36 158.47 157.48 156.39 155.20 153.90 152.50 151.00 149.40 147.69 145.88 143.97 141.95 139.83 137.61 135.29 132.86 130.34 127.71 125.16 123.08 121.49 120.36 119.67
148.91 149.21 149.53 149.88 150.25 150.64 151.06 151.50 151.96 152.44 152.92 153.40 153.90 154.39 154.89 155.39 155.89 156.38 156.87 157.35 157.82 158.28 158.73 159.17 159.59 160.00 160.39 160.76 161.11 161.43 161.73 161.99 162.22 162.41 162.57 162.68 162.75 162.77 162.74 162.67 162.54 162.36 162.12 161.82 161.46 161.03 160.50 159.86 159.13 158.28 157.34 156.28 155.12 153.86 152.49 151.02 149.44 147.76 145.97 144.08 142.08 139.98 137.77 135.46 133.04 130.52 127.90 125.35 123.26 121.65 120.49 119.75
148.78 149.07 149.37 149.70 150.05 150.43 150.83 151.25 151.70 152.15 152.62 153.09 153.57 154.05 154.53 155.01 155.49 155.97 156.45 156.92 157.38 157.83 158.27 158.70 159.11 159.51 159.89 160.25 160.59 160.91 161.20 161.45 161.67 161.86 162.01 162.12 162.19 162.21 162.19 162.12 161.99 161.82 161.59 161.30 160.95 160.54 160.06 159.48 158.79 158.00 157.09 156.09 154.97 153.75 152.41 150.98 149.43 147.78 146.02 144.15 142.18 140.10 137.91 135.62 133.22 130.71 128.10 125.56 123.46 121.84 120.65 119.87
148.61 148.88 149.17 149.48 149.82 150.17 150.55 150.96 151.38 151.82 152.26 152.71 153.17 153.64 154.10 154.57 155.03 155.50 155.96 156.41 156.86 157.30 157.73 158.14 158.55 158.94 159.31 159.66 159.99 160.29 160.57 160.82 161.04 161.22 161.36 161.47 161.54 161.57 161.55 161.48 161.36 161.20 160.98 160.70 160.36 159.97 159.51 158.98 158.35 157.61 156.76 155.80 154.73 153.55 152.27 150.87 149.36 147.75 146.02 144.19 142.25 140.19 138.03 135.76 133.38 130.89 128.30 125.77 123.67 122.04 120.84 120.03
148.41 148.66 148.93 149.22 149.54 149.87 150.23 150.61 151.01 151.43 151.85 152.28 152.72 153.17 153.61 154.06 154.51 154.96 155.40 155.84 156.27 156.70 157.11 157.51 157.90 158.28 158.64 158.98 159.29 159.59 159.86 160.10 160.31 160.49 160.64 160.74 160.81 160.84 160.82 160.76 160.65 160.50 160.29 160.02 159.70 159.32 158.88 158.38 157.80 157.12 156.33 155.42 154.41 153.28 152.05 150.70 149.24 147.66 145.98 144.18 142.28 140.26 138.13 135.89 133.54 131.07 128.50 125.99 123.90 122.27 121.05 120.22
148.17 148.40 148.65 148.92 149.21 149.52 149.86 150.22 150.59 150.98 151.39 151.80 152.21 152.64 153.06 153.49 153.92 154.35 154.77 155.19 155.61 156.02 156.41 156.80 157.18 157.54 157.88 158.21 158.52 158.80 159.07 159.30 159.51 159.68 159.83 159.93 160.00 160.04 160.02 159.97 159.87 159.72 159.52 159.27 158.96 158.60 158.18 157.69 157.14 156.52 155.79 154.95 154.00 152.93 151.75 150.45 149.04 147.52 145.88 144.13 142.27 140.29 138.20 136.00 133.68 131.24 128.70 126.22 124.14 122.51 121.29 120.44
147.89 148.10 148.33 148.57 148.84 149.13 149.44 149.77 150.12 150.49 150.87 151.25 151.65 152.04 152.45 152.86 153.26 153.67 154.08 154.48 154.87 155.26 155.64 156.01 156.37 156.72 157.05 157.36 157.66 157.94 158.19 158.42 158.63 158.80 158.94 159.05 159.12 159.16 159.15 159.11 159.01 158.88 158.69 158.45 158.16 157.81 157.41 156.94 156.42 155.83 155.16 154.39 153.50 152.50 151.38 150.14 148.79 147.32 145.74 144.04 142.22 140.29 138.24 136.08 133.80 131.41 128.90 126.44 124.39 122.77 121.54 120.68
147.58 147.76 147.97 148.19 148.43 148.69 148.97 149.28 149.60 149.94 150.29 150.65 151.02 151.39 151.77 152.16 152.54 152.93 153.31 153.69 154.06 154.43 154.79 155.15 155.49 155.82 156.14 156.44 156.73 157.00 157.25 157.47 157.67 157.84 157.99 158.10 158.17 158.21 158.21 158.17 158.09 157.97 157.79 157.57 157.29 156.96 156.58 156.13 155.63 155.06 154.43 153.72 152.91 151.97 150.92 149.75 148.46 147.06 145.53 143.89 142.13 140.25 138.25 136.14 133.90 131.55 129.09 126.67 124.64 123.04 121.82 120.95
147.23 147.39 147.56 147.76 147.97 148.21 148.46 148.74 149.03 149.34 149.66 149.99 150.34 150.68 151.04 151.39 151.75 152.11 152.47 152.83 153.18 153.53 153.87 154.20 154.53 154.85 155.15 155.45 155.73 155.99 156.23 156.45 156.65 156.82 156.96 157.08 157.16 157.20 157.21 157.18 157.11 156.99 156.83 156.62 156.36 156.05 155.69 155.27 154.79 154.24 153.64 152.97 152.22 151.36 150.38 149.29 148.07 146.73 145.27 143.69 141.99 140.17 138.23 136.17 133.99 131.69 129.27 126.89 124.90 123.31 122.11 121.24
146.84 146.98 147.12 147.29 147.47 147.68 147.90 148.15 148.41 148.69 148.98 149.28 149.59 149.91 150.24 150.57 150.90 151.24 151.57 151.90 152.23 152.55 152.87 153.19 153.50 153.81 154.10 154.39 154.66 154.91 155.15 155.37 155.56 155.74 155.88 156.00 156.08 156.13 156.15 156.13 156.07 155.96 155.82 155.63 155.38 155.09 154.75 154.35 153.89 153.37 152.80 152.15 151.45 150.66 149.76 148.74 147.60 146.33 144.94 143.43 141.80 140.05 138.17 136.17 134.05 131.80 129.43 127.11 125.15 123.60 122.41 121.55
146.42 146.53 146.64 146.78 146.93 147.11 147.30 147.51 147.74 147.99 148.24 148.52 148.80 149.08 149.38 149.68 149.99 150.29 150.60 150.90 151.21 151.51 151.81 152.11 152.41 152.70 152.99 153.26 153.53 153.78 154.01 154.23 154.42 154.59 154.74 154.86 154.95 155.01 155.03 155.02 154.97 154.88 154.75 154.58 154.35 154.08 153.76 153.38 152.95 152.46 151.91 151.29 150.62 149.87 149.05 148.11 147.05 145.87 144.56 143.12 141.56 139.88 138.07 136.14 134.08 131.89 129.59 127.32 125.41 123.89 122.72 121.87
145.97 146.04 146.13 146.23 146.35 146.49 146.65 146.82 147.02 147.23 147.45 147.69 147.94 148.20 148.46 148.73 149.00 149.28 149.56 149.83 150.11 150.40 150.68 150.97 151.26 151.54 151.81 152.08 152.34 152.58 152.81 153.03 153.22 153.39 153.54 153.67 153.77 153.83 153.87 153.87 153.83 153.75 153.64 153.48 153.28 153.02 152.72 152.37 151.96 151.50 150.98 150.39 149.75 149.04 148.26 147.40 146.43 145.33 144.10 142.75 141.27 139.66 137.93 136.07 134.08 131.96 129.72 127.52 125.66 124.18 123.04 122.21
145.48 145.52 145.57 145.64 145.72 145.83 145.95 146.09 146.25 146.42 146.61 146.81 147.03 147.25 147.48 147.72 147.96 148.20 148.45 148.70 148.96 149.23 149.50 149.77 150.05 150.32 150.58 150.84 151.10 151.34 151.56 151.78 151.97 152.15 152.30 152.43 152.53 152.61 152.65 152.67 152.64 152.58 152.48 152.34 152.16 151.93 151.65 151.32 150.94 150.50 150.01 149.46 148.85 148.17 147.43 146.62 145.73 144.72 143.58 142.32 140.92 139.40 137.74 135.96 134.05 132.01 129.84 127.70 125.90 124.47 123.36 122.56
144.95 144.96 144.98 145.01 145.06 145.12 145.21 145.31 145.43 145.56 145.72 145.88 146.06 146.25 146.44 146.64 146.85 147.06 147.28 147.51 147.76 148.01 148.26 148.52 148.78 149.05 149.30 149.56 149.80 150.04 150.27 150.48 150.68 150.85 151.01 151.15 151.26 151.34 151.40 151.42 151.41 151.37 151.29 151.17 151.00 150.79 150.54 150.23 149.88 149.47 149.01 148.49 147.91 147.27 146.56 145.79 144.95 144.03 142.99 141.82 140.51 139.08 137.51 135.81 133.99 132.03 129.94 127.87 126.13 124.75 123.69 122.91
144.40 144.36 144.34 144.34 144.35 144.37 144.42 144.48 144.56 144.66 144.77 144.89 145.03 145.18 145.34 145.51 145.68 145.86 146.06 146.27 146.50 146.73 146.98 147.22 147.48 147.73 147.98 148.23 148.47 148.70 148.93 149.14 149.34 149.52 149.69 149.83 149.95 150.04 150.11 150.15 150.15 150.12 150.06 149.96 149.81 149.63 149.40 149.12 148.79 148.41 147.98 147.50 146.95 146.34 145.68 144.94 144.14 143.27 142.32 141.25 140.04 138.70 137.23 135.62 133.88 132.01 130.01 128.02 126.35 125.03 124.02 123.28
143.80 143.73 143.67 143.63 143.60 143.58 143.58 143.60 143.64 143.70 143.77 143.85 143.95 144.06 144.18 144.31 144.45 144.61 144.79 144.99 145.20 145.42 145.65 145.88 146.12 146.37 146.61 146.85 147.09 147.33 147.55 147.76 147.97 148.15 148.32 148.47 148.60 148.71 148.79 148.84 148.86 148.85 148.80 148.72 148.60 148.44 148.23 147.98 147.68 147.33 146.93 146.48 145.97 145.40 144.77 144.07 143.31 142.49 141.59 140.61 139.51 138.27 136.90 135.39 133.74 131.96 130.05 128.15 126.55 125.30 124.34 123.64
143.20 143.06 142.96 142.88 142.81 142.75 142.71 142.68 142.67 142.69 142.71 142.76 142.81 142.88 142.96 143.06 143.18 143.32 143.48 143.66 143.85 144.06 144.27 144.50 144.73 144.97 145.21 145.45 145.68 145.91 146.14 146.35 146.56 146.75 146.93 147.09 147.22 147.34 147.43 147.50 147.54 147.54 147.52 147.46 147.36 147.22 147.04 146.82 146.55 146.23 145.86 145.44 144.96 144.43 143.84 143.19 142.47 141.69 140.84 139.92 138.91 137.78 136.51 135.10 133.56 131.88 130.06 128.25 126.74 125.55 124.66 124.01
142.63 142.38 142.22 142.09 141.97 141.87 141.78 141.71 141.66 141.63 141.61 141.61 141.62 141.65 141.69 141.77 141.86 141.99 142.13 142.29 142.47 142.66 142.87 143.08 143.31 143.54 143.77 144.01 144.24 144.47 144.70 144.91 145.12 145.32 145.51 145.67 145.82 145.95 146.06 146.14 146.19 146.22 146.21 146.17 146.10 145.99 145.83 145.64 145.40 145.11 144.78 144.39 143.95 143.45 142.90 142.29 141.61 140.88 140.07 139.20 138.25 137.22 136.07 134.77 133.33 131.76 130.04 128.33 126.91 125.80 124.97 124.37
142.14 141.74 141.46 141.26 141.10 140.95 140.82 140.70 140.60 140.52 140.45 140.40 140.37 140.36 140.39 140.44 140.51 140.62 140.74 140.89 141.05 141.24 141.43 141.64 141.85 142.08 142.31 142.54 142.77 143.00 143.23 143.45 143.67 143.87 144.06 144.24 144.40 144.54 144.66 144.76 144.83 144.88 144.89 144.88 144.82 144.74 144.61 144.44 144.24 143.98 143.68 143.33 142.93 142.47 141.96 141.39 140.75 140.06 139.30 138.48 137.58 136.62 135.56 134.38 133.06 131.59 129.99 128.38 127.05 126.02 125.26 124.73
141.72 141.17 140.73 140.41 140.19 139.99 139.81 139.64 139.49 139.36 139.24 139.15 139.08 139.05 139.05 139.08 139.13 139.22 139.33 139.46 139.61 139.78 139.97 140.16 140.37 140.59 140.82 141.05 141.28 141.51 141.74 141.97 142.19 142.40 142.60 142.79 142.96 143.12 143.25 143.37 143.46 143.52 143.56 143.57 143.54 143.48 143.38 143.24 143.07 142.84 142.58 142.26 141.90 141.48 141.01 140.48 139.89 139.24 138.53 137.76 136.91 136.00 135.01 133.94 132.73 131.38 129.89 128.39 127.17 126.23 125.55 125.02
141.36 140.67 140.08 139.61 139.25 138.98 138.75 138.53 138.33 138.15 137.99 137.85 137.76 137.70 137.68 137.69 137.73 137.79 137.89 138.01 138.14 138.30 138.48 138.67 138.87 139.08 139.31 139.54 139.77 140.00 140.24 140.47 140.69 140.91 141.12 141.32 141.51 141.68 141.83 141.96 142.07 142.16 142.22 142.25 142.25 142.21 142.15 142.04 141.89 141.71 141.47 141.19 140.87 140.49 140.06 139.57 139.03 138.43 137.77 137.04 136.25 135.39 134.45 133.45 132.35 131.13 129.76 128.38 127.26 126.41 125.75 125.17
141.06 140.22 139.49 138.86 138.35 137.96 137.65 137.38 137.12 136.89 136.69 136.53 136.41 136.33 136.29 136.28 136.30 136.35 136.43 136.53 136.66 136.81 136.97 137.16 137.35 137.56 137.78 138.01 138.24 138.48 138.72 138.96 139.19 139.42 139.64 139.85 140.05 140.23 140.40 140.55 140.69 140.79 140.87 140.93 140.96 140.95 140.91 140.84 140.72 140.57 140.37 140.13 139.84 139.51 139.12 138.68 138.18 137.62 137.01 136.33 135.59 134.78 133.91 132.96 131.94 130.83 129.58 128.32 127.31 126.50 125.78 125.15
