data_output/recharge/precip/Precip_2005_01.asc
ncols        168
nrows        136
xllcorner    455000
yllcorner    2107000
cellsize     500
NODATA_value     -99999
[rows 0 to 37 of 136, columns 84 to 167 of 168]
3.94 3.93 3.92 3.90 3.88 3.86 3.84 3.80 3.77 3.73 3.69 3.64 3.59 3.54 3.48 3.42 3.35 3.28 3.21 3.13 3.05 2.97 2.88 2.79 2.70 2.60 2.50 2.39 2.28 2.17 2.06 1.94 1.81 1.68 1.56 1.42 1.29 1.16 1.02 0.90 0.79 0.71 0.66 0.63 0.62 0.63 0.66 0.71 0.77 0.86 0.95 1.04 1.14 1.24 1.35 1.46 1.56 1.67 1.78 1.89 1.99 2.10 2.20 2.30 2.39 2.48 2.56 2.64 2.71 2.78 2.84 2.89 2.93 2.96 2.97 2.98 2.98 2.97 2.94 2.90 2.84 2.77 2.69 2.59
3.97 3.96 3.96 3.95 3.94 3.92 3.90 3.87 3.84 3.80 3.77 3.72 3.67 3.62 3.57 3.51 3.44 3.37 3.30 3.22 3.14 3.06 2.97 2.88 2.78 2.68 2.58 2.47 2.36 2.24 2.12 1.99 1.87 1.73 1.60 1.46 1.32 1.19 1.05 0.91 0.80 0.72 0.66 0.62 0.60 0.61 0.63 0.67 0.73 0.81 0.90 0.99 1.09 1.20 1.30 1.41 1.52 1.63 1.74 1.85 1.95 2.06 2.16 2.26 2.35 2.44 2.52 2.60 2.67 2.74 2.79 2.84 2.88 2.91 2.93 2.93 2.93 2.91 2.88 2.84 2.78 2.71 2.63 2.55
3.99 3.99 3.99 3.99 3.98 3.97 3.95 3.93 3.90 3.87 3.84 3.80 3.75 3.70 3.65 3.59 3.53 3.46 3.39 3.31 3.23 3.14 3.05 2.96 2.86 2.76 2.66 2.54 2.43 2.31 2.18 2.05 1.92 1.78 1.64 1.50 1.36 1.21 1.07 0.93 0.82 0.72 0.66 0.61 0.59 0.58 0.60 0.63 0.69 0.75 0.84 0.93 1.04 1.14 1.25 1.36 1.47 1.58 1.69 1.80 1.90 2.01 2.11 2.21 2.30 2.39 2.47 2.55 2.62 2.68 2.74 2.78 2.82 2.85 2.86 2.87 2.86 2.84 2.81 2.76 2.70 2.64 2.57 2.50
4.00 4.01 4.02 4.02 4.02 4.01 4.00 3.98 3.96 3.93 3.90 3.86 3.82 3.77 3.72 3.66 3.60 3.54 3.47 3.39 3.31 3.22 3.13 3.04 2.94 2.84 2.73 2.61 2.49 2.37 2.24 2.10 1.96 1.82 1.68 1.53 1.39 1.24 1.09 0.95 0.83 0.73 0.66 0.61 0.58 0.57 0.57 0.60 0.65 0.71 0.78 0.87 0.97 1.08 1.19 1.30 1.41 1.52 1.63 1.74 1.84 1.95 2.05 2.15 2.24 2.33 2.41 2.49 2.56 2.62 2.67 2.71 2.75 2.77 2.79 2.79 2.78 2.76 2.72 2.67 2.62 2.56 2.50 2.44
4.00 4.02 4.03 4.04 4.05 4.05 4.04 4.03 4.01 3.99 3.96 3.92 3.88 3.84 3.79 3.74 3.68 3.61 3.54 3.47 3.38 3.30 3.21 3.11 3.01 2.91 2.79 2.68 2.55 2.42 2.29 2.15 2.01 1.86 1.72 1.57 1.41 1.26 1.11 0.96 0.84 0.74 0.66 0.60 0.56 0.55 0.55 0.57 0.61 0.66 0.73 0.81 0.90 1.01 1.12 1.23 1.34 1.45 1.56 1.67 1.77 1.88 1.98 2.08 2.17 2.26 2.34 2.41 2.48 2.54 2.59 2.63 2.67 2.69 2.70 2.70 2.69 2.66 2.62 2.58 2.53 2.48 2.43 2.38
3.99 4.02 4.04 4.06 4.07 4.07 4.07 4.06 4.05 4.03 4.01 3.98 3.94 3.90 3.85 3.80 3.74 3.68 3.61 3.54 3.46 3.37 3.28 3.18 3.08 2.97 2.85 2.73 2.61 2.47 2.34 2.19 2.05 1.90 1.75 1.59 1.44 1.28 1.13 0.97 0.85 0.74 0.66 0.59 0.55 0.53 0.53 0.54 0.57 0.62 0.68 0.75 0.84 0.93 1.04 1.15 1.26 1.37 1.48 1.59 1.70 1.80 1.90 2.00 2.09 2.17 2.25 2.33 2.39 2.45 2.50 2.54 2.57 2.59 2.60 2.60 2.58 2.55 2.52 2.48 2.44 2.40 2.36 2.32
3.98 4.01 4.04 4.06 4.08 4.09 4.09 4.09 4.08 4.07 4.05 4.02 3.99 3.95 3.91 3.86 3.80 3.74 3.67 3.60 3.52 3.44 3.34 3.25 3.14 3.03 2.91 2.79 2.66 2.52 2.38 2.23 2.09 1.93 1.78 1.62 1.46 1.30 1.14 0.99 0.85 0.74 0.66 0.59 0.54 0.51 0.50 0.51 0.54 0.57 0.63 0.69 0.77 0.86 0.96 1.07 1.18 1.29 1.40 1.51 1.62 1.72 1.82 1.91 2.00 2.08 2.16 2.23 2.30 2.35 2.40 2.44 2.47 2.48 2.49 2.48 2.46 2.44 2.41 2.38 2.35 2.32 2.29 2.25
3.97 4.00 4.03 4.06 4.08 4.10 4.11 4.11 4.11 4.10 4.09 4.06 4.04 4.00 3.96 3.91 3.86 3.80 3.73 3.66 3.58 3.50 3.40 3.30 3.20 3.08 2.96 2.83 2.70 2.56 2.42 2.27 2.12 1.96 1.81 1.65 1.48 1.32 1.16 1.00 0.86 0.75 0.66 0.58 0.53 0.50 0.48 0.49 0.50 0.54 0.58 0.64 0.71 0.80 0.89 0.99 1.10 1.21 1.32 1.42 1.53 1.63 1.73 1.82 1.91 1.99 2.06 2.13 2.20 2.25 2.29 2.33 2.35 2.37 2.37 2.36 2.34 2.33 2.31 2.28 2.26 2.24 2.21 2.18
3.95 3.99 4.02 4.05 4.08 4.10 4.12 4.13 4.13 4.13 4.12 4.10 4.07 4.04 4.00 3.96 3.91 3.85 3.79 3.71 3.64 3.55 3.46 3.36 3.25 3.13 3.01 2.88 2.74 2.60 2.45 2.30 2.15 1.99 1.83 1.67 1.50 1.34 1.17 1.01 0.87 0.75 0.66 0.58 0.52 0.49 0.47 0.46 0.47 0.50 0.54 0.59 0.66 0.73 0.82 0.91 1.01 1.12 1.23 1.33 1.43 1.53 1.63 1.72 1.81 1.89 1.96 2.03 2.09 2.14 2.18 2.21 2.23 2.24 2.24 2.23 2.23 2.21 2.20 2.18 2.17 2.15 2.13 2.11
3.94 3.97 4.00 4.04 4.07 4.10 4.12 4.14 4.14 4.14 4.14 4.12 4.10 4.08 4.04 4.00 3.95 3.90 3.83 3.76 3.69 3.60 3.50 3.40 3.29 3.17 3.04 2.91 2.78 2.63 2.48 2.33 2.18 2.02 1.85 1.69 1.52 1.35 1.18 1.02 0.88 0.76 0.66 0.58 0.52 0.47 0.45 0.44 0.45 0.47 0.50 0.55 0.60 0.67 0.75 0.84 0.93 1.03 1.13 1.24 1.34 1.44 1.53 1.62 1.70 1.78 1.85 1.92 1.97 2.02 2.06 2.09 2.10 2.11 2.11 2.11 2.11 2.10 2.09 2.08 2.07 2.06 2.05 2.03
3.93 3.96 3.99 4.02 4.05 4.09 4.11 4.14 4.15 4.16 4.15 4.14 4.13 4.10 4.07 4.03 3.99 3.94 3.88 3.81 3.73 3.64 3.54 3.44 3.33 3.21 3.08 2.95 2.81 2.66 2.51 2.36 2.20 2.04 1.87 1.71 1.54 1.37 1.19 1.03 0.88 0.76 0.66 0.57 0.51 0.46 0.43 0.42 0.42 0.44 0.46 0.50 0.56 0.62 0.69 0.77 0.85 0.94 1.04 1.14 1.24 1.34 1.43 1.52 1.60 1.67 1.74 1.80 1.85 1.90 1.93 1.96 1.97 1.98 1.99 1.99 1.99 1.99 1.99 1.98 1.98 1.97 1.96 1.96
3.91 3.94 3.97 4.00 4.04 4.07 4.10 4.13 4.15 4.16 4.16 4.16 4.15 4.13 4.10 4.06 4.02 3.97 3.91 3.84 3.76 3.67 3.57 3.47 3.36 3.23 3.11 2.97 2.83 2.69 2.54 2.38 2.22 2.06 1.89 1.72 1.55 1.38 1.20 1.04 0.89 0.76 0.66 0.57 0.50 0.45 0.42 0.40 0.40 0.41 0.43 0.46 0.51 0.56 0.63 0.70 0.78 0.86 0.95 1.05 1.14 1.24 1.33 1.41 1.49 1.56 1.62 1.68 1.73 1.77 1.80 1.82 1.84 1.85 1.86 1.87 1.88 1.88 1.88 1.88 1.88 1.88 1.88 1.88
3.90 3.93 3.96 3.99 4.02 4.05 4.08 4.11 4.14 4.16 4.16 4.17 4.16 4.14 4.12 4.09 4.05 4.00 3.94 3.87 3.79 3.70 3.60 3.49 3.38 3.26 3.13 2.99 2.85 2.71 2.55 2.40 2.24 2.07 1.91 1.74 1.56 1.39 1.21 1.04 0.89 0.77 0.66 0.57 0.50 0.44 0.41 0.38 0.38 0.38 0.40 0.43 0.47 0.52 0.57 0.64 0.71 0.79 0.87 0.96 1.05 1.14 1.22 1.30 1.38 1.45 1.51 1.56 1.61 1.64 1.67 1.69 1.71 1.73 1.74 1.75 1.76 1.77 1.78 1.78 1.79 1.79 1.79 1.80
3.89 3.91 3.94 3.97 4.00 4.03 4.06 4.09 4.12 4.14 4.16 4.17 4.16 4.15 4.13 4.10 4.07 4.02 3.96 3.89 3.81 3.72 3.62 3.51 3.40 3.28 3.15 3.01 2.87 2.72 2.57 2.41 2.25 2.09 1.92 1.75 1.57 1.40 1.22 1.05 0.90 0.77 0.66 0.57 0.49 0.44 0.39 0.37 0.36 0.36 0.37 0.40 0.43 0.47 0.53 0.58 0.65 0.72 0.80 0.87 0.95 1.04 1.12 1.20 1.27 1.33 1.39 1.44 1.48 1.52 1.54 1.57 1.59 1.61 1.62 1.64 1.65 1.66 1.67 1.68 1.69 1.70 1.71 1.72
3.87 3.90 3.93 3.95 3.98 4.01 4.04 4.07 4.10 4.13 4.15 4.16 4.16 4.15 4.14 4.11 4.08 4.03 3.97 3.90 3.82 3.73 3.63 3.52 3.41 3.29 3.16 3.02 2.88 2.73 2.58 2.42 2.26 2.10 1.93 1.75 1.58 1.40 1.23 1.06 0.90 0.77 0.66 0.56 0.49 0.43 0.38 0.36 0.34 0.34 0.35 0.37 0.39 0.43 0.48 0.53 0.59 0.66 0.72 0.80 0.87 0.94 1.02 1.09 1.16 1.22 1.28 1.32 1.36 1.39 1.42 1.45 1.47 1.49 1.51 1.53 1.55 1.56 1.57 1.59 1.60 1.61 1.62 1.63
3.86 3.88 3.91 3.94 3.97 3.99 4.02 4.05 4.08 4.10 4.13 4.14 4.15 4.15 4.14 4.11 4.08 4.03 3.97 3.90 3.82 3.73 3.64 3.53 3.42 3.29 3.16 3.03 2.89 2.74 2.59 2.43 2.27 2.10 1.93 1.76 1.59 1.41 1.23 1.06 0.91 0.77 0.66 0.56 0.49 0.42 0.38 0.34 0.32 0.32 0.32 0.34 0.36 0.40 0.44 0.49 0.54 0.60 0.66 0.72 0.79 0.86 0.92 0.99 1.05 1.11 1.16 1.20 1.24 1.27 1.30 1.33 1.36 1.38 1.40 1.42 1.44 1.46 1.47 1.49 1.50 1.52 1.53 1.55
3.84 3.87 3.89 3.92 3.95 3.98 4.00 4.03 4.06 4.08 4.10 4.12 4.14 4.14 4.13 4.10 4.07 4.02 3.97 3.90 3.82 3.73 3.63 3.53 3.42 3.29 3.17 3.03 2.89 2.74 2.59 2.43 2.27 2.11 1.94 1.76 1.59 1.41 1.24 1.06 0.91 0.78 0.66 0.56 0.48 0.42 0.37 0.33 0.31 0.30 0.30 0.32 0.34 0.37 0.40 0.44 0.49 0.54 0.60 0.66 0.72 0.78 0.84 0.90 0.95 1.00 1.05 1.09 1.13 1.16 1.19 1.22 1.25 1.27 1.30 1.32 1.34 1.36 1.38 1.40 1.41 1.43 1.45 1.47
3.83 3.85 3.88 3.91 3.93 3.96 3.99 4.01 4.04 4.06 4.08 4.10 4.11 4.12 4.11 4.09 4.05 4.01 3.95 3.88 3.81 3.72 3.63 3.52 3.41 3.29 3.16 3.03 2.89 2.74 2.59 2.43 2.27 2.11 1.94 1.77 1.59 1.42 1.24 1.07 0.91 0.78 0.66 0.56 0.48 0.42 0.36 0.33 0.30 0.29 0.29 0.30 0.31 0.34 0.37 0.41 0.45 0.50 0.55 0.60 0.65 0.71 0.76 0.81 0.86 0.90 0.95 0.99 1.02 1.06 1.09 1.12 1.15 1.17 1.20 1.22 1.24 1.26 1.28 1.30 1.32 1.34 1.36 1.38
3.82 3.84 3.86 3.89 3.92 3.94 3.97 3.99 4.02 4.04 4.06 4.07 4.08 4.09 4.08 4.06 4.03 3.98 3.93 3.86 3.79 3.70 3.61 3.51 3.40 3.28 3.15 3.02 2.88 2.73 2.58 2.43 2.27 2.10 1.94 1.77 1.59 1.42 1.24 1.07 0.91 0.78 0.66 0.56 0.48 0.41 0.36 0.32 0.29 0.28 0.27 0.28 0.29 0.31 0.34 0.37 0.41 0.45 0.50 0.55 0.59 0.64 0.69 0.73 0.77 0.81 0.85 0.89 0.93 0.96 0.99 1.02 1.05 1.08 1.10 1.13 1.15 1.17 1.19 1.21 1.23 1.26 1.28 1.30
3.80 3.83 3.85 3.87 3.90 3.92 3.95 3.97 3.99 4.02 4.03 4.04 4.05 4.05 4.04 4.02 3.99 3.95 3.90 3.84 3.76 3.68 3.59 3.49 3.38 3.26 3.14 3.01 2.87 2.72 2.57 2.42 2.26 2.10 1.93 1.76 1.59 1.42 1.24 1.07 0.91 0.78 0.66 0.56 0.48 0.41 0.36 0.32 0.29 0.27 0.26 0.27 0.28 0.29 0.32 0.35 0.38 0.42 0.46 0.50 0.54 0.58 0.62 0.66 0.70 0.73 0.77 0.81 0.84 0.87 0.91 0.93 0.96 0.99 1.01 1.04 1.06 1.08 1.10 1.13 1.15 1.17 1.19 1.22
3.79 3.81 3.84 3.86 3.88 3.91 3.93 3.95 3.97 3.99 4.00 4.01 4.01 4.01 3.99 3.98 3.95 3.91 3.86 3.80 3.73 3.65 3.56 3.46 3.35 3.24 3.12 2.99 2.85 2.71 2.56 2.41 2.25 2.09 1.93 1.76 1.59 1.41 1.24 1.07 0.92 0.78 0.67 0.57 0.48 0.41 0.36 0.32 0.29 0.27 0.26 0.26 0.26 0.28 0.30 0.32 0.35 0.39 0.42 0.46 0.49 0.53 0.56 0.60 0.63 0.66 0.70 0.73 0.76 0.79 0.82 0.85 0.88 0.90 0.93 0.95 0.97 1.00 1.02 1.04 1.06 1.09 1.11 1.14
3.78 3.80 3.82 3.84 3.87 3.89 3.91 3.93 3.95 3.97 3.97 3.97 3.97 3.96 3.95 3.92 3.90 3.86 3.82 3.76 3.69 3.61 3.52 3.43 3.32 3.21 3.09 2.96 2.83 2.69 2.54 2.39 2.24 2.08 1.92 1.75 1.58 1.41 1.24 1.07 0.92 0.78 0.67 0.57 0.48 0.42 0.36 0.32 0.29 0.26 0.25 0.25 0.25 0.27 0.28 0.31 0.33 0.36 0.39 0.42 0.45 0.48 0.51 0.55 0.58 0.61 0.64 0.66 0.69 0.72 0.75 0.78 0.80 0.83 0.85 0.87 0.89 0.92 0.94 0.96 0.98 1.01 1.03 1.06
3.77 3.79 3.81 3.83 3.85 3.87 3.90 3.91 3.93 3.93 3.94 3.93 3.93 3.91 3.89 3.87 3.84 3.80 3.76 3.71 3.64 3.57 3.48 3.39 3.29 3.18 3.06 2.93 2.80 2.67 2.52 2.38 2.22 2.07 1.90 1.74 1.57 1.40 1.23 1.07 0.92 0.78 0.67 0.57 0.49 0.42 0.36 0.32 0.29 0.26 0.25 0.25 0.25 0.26 0.27 0.29 0.31 0.34 0.37 0.39 0.42 0.45 0.47 0.50 0.53 0.56 0.58 0.61 0.64 0.66 0.69 0.71 0.73 0.76 0.78 0.80 0.82 0.84 0.86 0.88 0.91 0.93 0.95 0.98
3.76 3.78 3.80 3.82 3.84 3.86 3.88 3.89 3.90 3.90 3.90 3.89 3.88 3.86 3.84 3.81 3.78 3.74 3.70 3.65 3.59 3.51 3.43 3.34 3.24 3.14 3.02 2.90 2.77 2.64 2.50 2.35 2.20 2.05 1.89 1.73 1.56 1.40 1.23 1.06 0.92 0.79 0.67 0.57 0.49 0.42 0.37 0.32 0.29 0.27 0.25 0.25 0.25 0.25 0.27 0.28 0.30 0.32 0.35 0.37 0.39 0.42 0.44 0.47 0.49 0.51 0.54 0.56 0.59 0.61 0.63 0.65 0.67 0.69 0.71 0.73 0.75 0.77 0.79 0.81 0.83 0.85 0.88 0.90
3.75 3.77 3.78 3.80 3.82 3.84 3.85 3.86 3.87 3.86 3.86 3.84 3.83 3.81 3.78 3.75 3.71 3.67 3.63 3.58 3.52 3.45 3.38 3.29 3.19 3.09 2.98 2.86 2.74 2.61 2.47 2.33 2.18 2.03 1.87 1.71 1.55 1.39 1.22 1.06 0.91 0.79 0.67 0.58 0.50 0.43 0.37 0.33 0.30 0.27 0.26 0.25 0.25 0.26 0.27 0.28 0.30 0.31 0.33 0.35 0.38 0.40 0.42 0.44 0.46 0.48 0.50 0.52 0.54 0.56 0.58 0.60 0.62 0.64 0.65 0.67 0.69 0.71 0.72 0.74 0.76 0.78 0.80 0.83
3.74 3.76 3.77 3.79 3.81 3.82 3.83 3.83 3.83 3.82 3.81 3.80 3.78 3.75 3.72 3.69 3.65 3.61 3.56 3.51 3.45 3.39 3.31 3.23 3.14 3.04 2.93 2.82 2.70 2.57 2.44 2.30 2.15 2.01 1.85 1.70 1.54 1.38 1.22 1.06 0.91 0.79 0.68 0.58 0.50 0.44 0.38 0.34 0.30 0.28 0.27 0.26 0.26 0.26 0.27 0.28 0.29 0.31 0.33 0.34 0.36 0.38 0.40 0.42 0.44 0.45 0.47 0.49 0.51 0.53 0.54 0.56 0.57 0.59 0.60 0.62 0.63 0.65 0.66 0.68 0.69 0.71 0.73 0.76
3.73 3.75 3.76 3.78 3.79 3.80 3.80 3.80 3.79 3.78 3.76 3.74 3.72 3.69 3.66 3.62 3.58 3.54 3.49 3.43 3.38 3.31 3.24 3.17 3.08 2.98 2.88 2.77 2.65 2.53 2.40 2.26 2.12 1.98 1.83 1.68 1.52 1.37 1.21 1.05 0.91 0.79 0.68 0.59 0.51 0.44 0.39 0.35 0.32 0.29 0.28 0.27 0.27 0.27 0.28 0.29 0.30 0.31 0.33 0.34 0.36 0.37 0.39 0.40 0.42 0.43 0.45 0.47 0.48 0.50 0.51 0.52 0.54 0.55 0.56 0.57 0.58 0.59 0.61 0.62 0.63 0.65 0.67 0.69
3.72 3.74 3.75 3.76 3.77 3.77 3.76 3.76 3.75 3.73 3.71 3.69 3.66 3.63 3.59 3.55 3.51 3.46 3.41 3.36 3.30 3.24 3.17 3.09 3.01 2.92 2.82 2.72 2.60 2.48 2.36 2.23 2.09 1.95 1.81 1.66 1.51 1.35 1.20 1.05 0.91 0.79 0.68 0.59 0.52 0.45 0.40 0.36 0.33 0.30 0.29 0.28 0.28 0.28 0.29 0.30 0.31 0.32 0.33 0.34 0.35 0.37 0.38 0.39 0.41 0.42 0.43 0.44 0.46 0.47 0.48 0.49 0.50 0.51 0.52 0.53 0.54 0.55 0.55 0.56 0.58 0.59 0.60 0.62
3.71 3.73 3.73 3.74 3.74 3.74 3.73 3.72 3.70 3.68 3.66 3.63 3.60 3.56 3.53 3.48 3.44 3.39 3.34 3.28 3.22 3.16 3.09 3.02 2.94 2.85 2.76 2.66 2.55 2.44 2.31 2.19 2.06 1.92 1.78 1.64 1.49 1.34 1.19 1.04 0.91 0.79 0.69 0.60 0.53 0.46 0.41 0.37 0.34 0.32 0.31 0.30 0.30 0.30 0.30 0.31 0.32 0.33 0.33 0.34 0.35 0.36 0.38 0.39 0.40 0.41 0.42 0.43 0.44 0.45 0.46 0.47 0.48 0.48 0.49 0.50 0.50 0.51 0.51 0.52 0.52 0.53 0.55 0.56
3.71 3.71 3.71 3.71 3.71 3.70 3.69 3.67 3.65 3.63 3.60 3.57 3.54 3.50 3.46 3.41 3.36 3.31 3.26 3.20 3.14 3.07 3.01 2.94 2.86 2.78 2.69 2.60 2.49 2.38 2.27 2.14 2.02 1.89 1.75 1.61 1.47 1.32 1.18 1.03 0.90 0.79 0.69 0.61 0.54 0.48 0.43 0.39 0.36 0.34 0.33 0.32 0.32 0.32 0.32 0.33 0.33 0.34 0.34 0.35 0.36 0.37 0.38 0.38 0.39 0.40 0.41 0.42 0.43 0.43 0.44 0.45 0.45 0.46 0.46 0.47 0.47 0.47 0.47 0.47 0.48 0.48 0.49 0.50
3.69 3.69 3.69 3.68 3.67 3.66 3.64 3.62 3.60 3.57 3.54 3.51 3.47 3.43 3.38 3.34 3.29 3.23 3.18 3.12 3.06 2.99 2.92 2.85 2.78 2.70 2.62 2.53 2.43 2.32 2.21 2.10 1.98 1.85 1.72 1.58 1.45 1.31 1.16 1.02 0.90 0.79 0.70 0.62 0.55 0.49 0.44 0.41 0.38 0.36 0.35 0.34 0.34 0.34 0.34 0.34 0.35 0.35 0.36 0.36 0.37 0.37 0.38 0.38 0.39 0.40 0.40 0.41 0.41 0.42 0.43 0.43 0.43 0.44 0.44 0.44 0.44 0.44 0.44 0.44 0.44 0.44 0.44 0.45
3.67 3.67 3.66 3.65 3.63 3.62 3.59 3.57 3.54 3.51 3.48 3.44 3.40 3.36 3.31 3.26 3.21 3.16 3.10 3.04 2.97 2.91 2.84 2.77 2.69 2.62 2.54 2.45 2.36 2.26 2.16 2.05 1.93 1.81 1.68 1.56 1.42 1.29 1.15 1.02 0.90 0.79 0.70 0.62 0.56 0.51 0.46 0.43 0.40 0.39 0.38 0.37 0.37 0.36 0.36 0.36 0.36 0.37 0.37 0.37 0.37 0.38 0.38 0.39 0.39 0.39 0.40 0.40 0.41 0.41 0.41 0.42 0.42 0.42 0.42 0.42 0.42 0.42 0.41 0.41 0.40 0.40 0.40 0.40
3.65 3.64 3.63 3.61 3.59 3.57 3.54 3.51 3.48 3.45 3.41 3.37 3.33 3.28 3.23 3.18 3.13 3.07 3.02 2.95 2.89 2.82 2.76 2.68 2.61 2.53 2.46 2.38 2.29 2.20 2.10 1.99 1.88 1.77 1.65 1.52 1.40 1.27 1.13 1.01 0.89 0.79 0.71 0.63 0.57 0.52 0.48 0.45 0.43 0.41 0.40 0.40 0.39 0.39 0.39 0.38 0.38 0.38 0.38 0.38 0.38 0.39 0.39 0.39 0.39 0.39 0.40 0.40 0.40 0.40 0.40 0.40 0.40 0.40 0.40 0.40 0.40 0.39 0.39 0.38 0.37 0.37 0.36 0.35
3.63 3.61 3.59 3.57 3.55 3.52 3.49 3.46 3.42 3.38 3.34 3.30 3.26 3.21 3.16 3.10 3.05 2.99 2.93 2.87 2.81 2.74 2.67 2.60 2.53 2.45 2.37 2.29 2.21 2.13 2.03 1.93 1.83 1.72 1.61 1.49 1.37 1.25 1.12 1.00 0.89 0.79 0.71 0.64 0.59 0.54 0.50 0.48 0.46 0.44 0.43 0.42 0.42 0.41 0.41 0.40 0.40 0.40 0.39 0.39 0.39 0.39 0.39 0.39 0.39 0.39 0.39 0.39 0.39 0.39 0.39 0.39 0.39 0.39 0.39 0.38 0.38 0.37 0.36 0.36 0.35 0.34 0.32 0.32
3.60 3.58 3.55 3.53 3.50 3.47 3.43 3.40 3.36 3.32 3.27 3.23 3.18 3.13 3.08 3.02 2.97 2.91 2.85 2.78 2.72 2.65 2.58 2.51 2.44 2.37 2.29 2.21 2.13 2.05 1.97 1.87 1.78 1.67 1.57 1.45 1.34 1.22 1.10 0.99 0.88 0.79 0.72 0.65 0.60 0.56 0.53 0.50 0.49 0.47 0.46 0.45 0.44 0.43 0.43 0.42 0.42 0.41 0.41 0.40 0.40 0.40 0.40 0.40 0.39 0.39 0.39 0.39 0.39 0.39 0.38 0.38 0.38 0.37 0.37 0.36 0.36 0.35 0.34 0.33 0.32 0.31 0.30 0.28
3.56 3.54 3.51 3.48 3.44 3.41 3.37 3.33 3.29 3.25 3.20 3.15 3.10 3.05 3.00 2.94 2.88 2.82 2.76 2.70 2.63 2.57 2.50 2.43 2.36 2.28 2.21 2.13 2.05 1.97 1.89 1.81 1.72 1.62 1.52 1.42 1.31 1.20 1.08 0.97 0.88 0.79 0.72 0.66 0.62 0.58 0.55 0.53 0.51 0.50 0.49 0.47 0.46 0.45 0.44 0.44 0.43 0.42 0.42 0.41 0.41 0.40 0.40 0.40 0.40 0.39 0.39 0.39 0.38 0.38 0.38 0.37 0.37 0.36 0.35 0.35 0.34 0.33 0.32 0.31 0.30 0.28 0.27 0.25
3.52 3.49 3.46 3.43 3.39 3.35 3.31 3.26 3.22 3.17 3.12 3.07 3.02 2.97 2.91 2.86 2.80 2.74 2.67 2.61 2.55 2.48 2.41 2.34 2.27 2.20 2.13 2.05 1.98 1.90 1.82 1.74 1.66 1.57 1.47 1.38 1.28 1.17 1.07 0.96 0.87 0.79 0.73 0.67 0.63 0.60 0.58 0.56 0.54 0.52 0.51 0.49 0.48 0.47 0.46 0.45 0.44 0.43 0.43 0.42 0.41 0.41 0.40 0.40 0.39 0.39 0.38 0.38 0.38 0.37 0.37 0.36 0.35 0.35 0.34 0.33 0.32 0.31 0.30 0.29 0.27 0.26 0.24 0.22
3.48 3.45 3.41 3.37 3.33 3.29 3.24 3.19 3.15 3.10 3.05 2.99 2.94 2.88 2.83 2.77 2.71 2.65 2.59 2.52 2.46 2.39 2.32 2.26 2.19 2.12 2.04 1.97 1.90 1.82 1.75 1.67 1.59 1.51 1.43 1.34 1.24 1.15 1.05 0.95 0.86 0.79 0.73 0.69 0.65 0.62 0.60 0.58 0.56 0.54 0.52 0.51 0.49 0.48 0.47 0.46 0.45 0.44 0.43 0.42 0.41 0.41 0.40 0.40 0.39 0.38 0.38 0.37 0.37 0.36 0.35 0.35 0.34 0.33 0.32 0.31 0.30 0.29 0.28 0.26 0.25 0.23 0.21 0.19
