data_output/recharge/precip/Precip_2003_01.asc
ncols        168
nrows        136
xllcorner    455000
yllcorner    2107000
cellsize     500
NODATA_value     -99999
[rows 0 to 35 of 136, columns 0 to 81 of 168]
41.15 43.92 46.54 48.97 51.18 53.18 54.94 56.45 57.71 58.71 59.43 59.86 60.00 59.82 59.33 58.51 57.35 55.95 54.48 52.97 51.43 49.86 48.27 46.67 45.06 43.44 41.82 40.20 38.60 37.01 35.44 33.90 32.37 30.83 29.29 27.75 26.20 24.65 23.11 21.57 20.05 18.54 17.04 15.56 14.10 12.67 11.26 9.88 8.54 7.23 5.95 4.72 3.53 2.39 1.30 0.26 0.00 0.00 0.00 0.00 0.00 0.00 0.00 0.00 0.00 0.00 0.00 0.00 0.00 0.00 0.00 0.00 0.00 0.00 0.00 0.00 0.00 0.00 0.00 0.00 0.00 0.00
42.36 45.09 47.63 49.97 52.10 54.01 55.68 57.12 58.30 59.21 59.85 60.21 60.26 60.01 59.45 58.55 57.32 55.84 54.29 52.71 51.10 49.46 47.80 46.13 44.45 42.76 41.08 39.40 37.73 36.08 34.45 32.84 31.27 29.72 28.16 26.61 25.05 23.51 21.97 20.44 18.92 17.42 15.93 14.47 13.04 11.63 10.25 8.90 7.59 6.32 5.08 3.90 2.76 1.66 0.62 0.00 0.00 0.00 0.00 0.00 0.00 0.00 0.00 0.00 0.00 0.00 0.00 0.00 0.00 0.00 0.00 0.00 0.00 0.00 0.00 0.00 0.00 0.00 0.00 0.00 0.00 0.00
43.51 46.16 48.62 50.88 52.93 54.75 56.35 57.71 58.81 59.65 60.21 60.49 60.48 60.15 59.51 58.55 57.24 55.70 54.08 52.43 50.75 49.05 47.33 45.59 43.85 42.10 40.35 38.61 36.88 35.17 33.48 31.82 30.19 28.60 27.03 25.47 23.92 22.37 20.84 19.31 17.81 16.32 14.85 13.41 12.00 10.62 9.27 7.95 6.68 5.45 4.26 3.12 2.02 0.98 0.00 0.00 0.00 0.00 0.00 0.00 0.00 0.00 0.00 0.00 0.00 0.00 0.00 0.00 0.00 0.00 0.00 0.00 0.00 0.00 0.00 0.00 0.00 0.00 0.00 0.00 0.00 0.00
44.56 47.13 49.51 51.69 53.66 55.42 56.94 58.22 59.25 60.02 60.52 60.73 60.64 60.25 59.54 58.51 57.14 55.53 53.85 52.14 50.40 48.64 46.85 45.06 43.25 41.45 39.64 37.85 36.06 34.30 32.56 30.84 29.16 27.52 25.92 24.35 22.80 21.25 19.72 18.21 16.72 15.25 13.80 12.38 11.00 9.64 8.33 7.05 5.81 4.62 3.48 2.38 1.34 0.36 0.00 0.00 0.00 0.00 0.00 0.00 0.00 0.00 0.00 0.00 0.00 0.00 0.00 0.00 0.00 0.00 0.00 0.00 0.00 0.00 0.00 0.00 0.00 0.00 0.00 0.00 0.00 0.00
45.50 48.00 50.30 52.42 54.32 56.00 57.46 58.67 59.63 60.33 60.76 60.91 60.76 60.30 59.54 58.44 57.01 55.34 53.60 51.83 50.04 48.22 46.38 44.53 42.67 40.81 38.96 37.11 35.27 33.46 31.67 29.91 28.18 26.49 24.85 23.25 21.70 20.16 18.64 17.14 15.66 14.21 12.78 11.39 10.03 8.71 7.43 6.19 4.99 3.84 2.75 1.71 0.72 0.00 0.00 0.00 0.00 0.00 0.00 0.00 0.00 0.00 0.00 0.00 0.00 0.00 0.00 0.00 0.00 0.00 0.00 0.00 0.00 0.00 0.00 0.00 0.00 0.00 0.00 0.00 0.00 0.00
46.34 48.77 51.01 53.06 54.89 56.51 57.90 59.05 59.95 60.59 60.96 61.04 60.83 60.32 59.49 58.34 56.86 55.13 53.34 51.52 49.67 47.80 45.91 44.01 42.10 40.19 38.29 36.40 34.52 32.66 30.82 29.02 27.25 25.52 23.83 22.20 20.62 19.09 17.58 16.09 14.63 13.20 11.80 10.44 9.11 7.82 6.57 5.37 4.22 3.12 2.08 1.09 0.15 0.00 0.00 0.00 0.00 0.00 0.00 0.00 0.00 0.00 0.00 0.00 0.00 0.00 0.00 0.00 0.00 0.00 0.00 0.00 0.00 0.00 0.00 0.00 0.00 0.00 0.00 0.00 0.00 0.00
47.09 49.45 51.63 53.61 55.39 56.94 58.27 59.36 60.21 60.79 61.10 61.13 60.87 60.30 59.42 58.22 56.68 54.91 53.07 51.19 49.30 47.38 45.44 43.50 41.55 39.60 37.65 35.72 33.80 31.90 30.02 28.18 26.37 24.61 22.89 21.22 19.61 18.06 16.56 15.09 13.65 12.24 10.86 9.53 8.23 6.98 5.78 4.62 3.52 2.46 1.47 0.53 0.00 0.00 0.00 0.00 0.00 0.00 0.00 0.00 0.00 0.00 0.00 0.00 0.00 0.00 0.00 0.00 0.00 0.00 0.00 0.00 0.00 0.00 0.00 0.00 0.00 0.00 0.00 0.00 0.00 0.00
47.74 50.04 52.16 54.09 55.80 57.31 58.58 59.62 60.41 60.94 61.20 61.17 60.86 60.25 59.32 58.07 56.49 54.67 52.78 50.87 48.93 46.97 44.99 43.01 41.02 39.03 37.04 35.07 33.11 31.18 29.27 27.39 25.55 23.75 22.00 20.31 18.67 17.09 15.58 14.12 12.71 11.32 9.98 8.67 7.42 6.20 5.04 3.93 2.87 1.87 0.92 0.00 0.00 0.00 0.00 0.00 0.00 0.00 0.00 0.00 0.00 0.00 0.00 0.00 0.00 0.00 0.00 0.00 0.00 0.00 0.00 0.00 0.00 0.00 0.00 0.00 0.00 0.00 0.00 0.00 0.00 0.00
48.30 50.55 52.61 54.48 56.15 57.60 58.83 59.81 60.55 61.04 61.25 61.18 60.82 60.17 59.20 57.90 56.28 54.42 52.49 50.54 48.56 46.56 44.55 42.53 40.51 38.48 36.47 34.46 32.47 30.51 28.57 26.66 24.79 22.97 21.19 19.47 17.81 16.20 14.67 13.21 11.82 10.46 9.15 7.88 6.66 5.48 4.36 3.30 2.29 1.34 0.41 0.00 0.00 0.00 0.00 0.00 0.00 0.00 0.00 0.00 0.00 0.00 0.00 0.00 0.00 0.00 0.00 0.00 0.00 0.00 0.00 0.00 0.00 0.00 0.00 0.00 0.00 0.00 0.00 0.00 0.00 0.00
48.77 50.97 52.99 54.81 56.43 57.83 59.01 59.95 60.65 61.09 61.26 61.15 60.75 60.06 59.05 57.72 56.06 54.16 52.20 50.21 48.20 46.17 44.13 42.08 40.02 37.97 35.92 33.89 31.88 29.89 27.92 25.99 24.10 22.25 20.46 18.71 17.03 15.41 13.86 12.38 10.98 9.66 8.38 7.14 5.96 4.83 3.76 2.75 1.78 0.84 0.00 0.00 0.00 0.00 0.00 0.00 0.00 0.00 0.00 0.00 0.00 0.00 0.00 0.00 0.00 0.00 0.00 0.00 0.00 0.00 0.00 0.00 0.00 0.00 0.00 0.00 0.00 0.00 0.00 0.00 0.00 0.00
49.16 51.31 53.28 55.06 56.64 58.00 59.14 60.04 60.70 61.10 61.23 61.09 60.66 59.92 58.88 57.52 55.83 53.90 51.91 49.89 47.85 45.79 43.72 41.64 39.56 37.49 35.42 33.36 31.33 29.32 27.33 25.38 23.47 21.61 19.79 18.03 16.33 14.70 13.14 11.65 10.24 8.92 7.67 6.48 5.34 4.26 3.23 2.26 1.31 0.37 0.00 0.00 0.00 0.00 0.00 0.00 0.00 0.00 0.00 0.00 0.00 0.00 0.00 0.00 0.00 0.00 0.00 0.00 0.00 0.00 0.00 0.00 0.00 0.00 0.00 0.00 0.00 0.00 0.00 0.00 0.00 0.00
49.46 51.57 53.50 55.24 56.78 58.11 59.21 60.08 60.70 61.07 61.17 61.00 60.53 59.77 58.70 57.31 55.59 53.63 51.62 49.58 47.51 45.43 43.34 41.24 39.14 37.04 34.96 32.88 30.83 28.80 26.80 24.84 22.92 21.04 19.21 17.44 15.73 14.09 12.51 11.02 9.60 8.28 7.04 5.89 4.79 3.76 2.77 1.81 0.86 0.00 0.00 0.00 0.00 0.00 0.00 0.00 0.00 0.00 0.00 0.00 0.00 0.00 0.00 0.00 0.00 0.00 0.00 0.00 0.00 0.00 0.00 0.00 0.00 0.00 0.00 0.00 0.00 0.00 0.00 0.00 0.00 0.00
49.68 51.76 53.66 55.36 56.87 58.16 59.23 60.07 60.67 61.00 61.08 60.88 60.39 59.60 58.50 57.09 55.35 53.37 51.33 49.27 47.19 45.09 42.98 40.87 38.75 36.64 34.54 32.45 30.38 28.34 26.34 24.36 22.43 20.54 18.71 16.93 15.22 13.57 11.99 10.49 9.08 7.75 6.51 5.38 4.33 3.33 2.36 1.39 0.43 0.00 0.00 0.00 0.00 0.00 0.00 0.00 0.00 0.00 0.00 0.00 0.00 0.00 0.00 0.00 0.00 0.00 0.00 0.00 0.00 0.00 0.00 0.00 0.00 0.00 0.00 0.00 0.00 0.00 0.00 0.00 0.00 0.00
49.83 51.87 53.74 55.42 56.90 58.16 59.21 60.02 60.59 60.90 60.96 60.73 60.22 59.41 58.30 56.86 55.10 53.11 51.06 48.98 46.88 44.77 42.65 40.52 38.40 36.27 34.16 32.07 30.00 27.95 25.93 23.96 22.02 20.13 18.29 16.51 14.80 13.15 11.57 10.08 8.66 7.34 6.11 4.98 3.94 2.95 1.96 0.99 0.02 0.00 0.00 0.00 0.00 0.00 0.00 0.00 0.00 0.00 0.00 0.00 0.00 0.00 0.00 0.00 0.00 0.00 0.00 0.00 0.00 0.00 0.00 0.00 0.00 0.00 0.00 0.00 0.00 0.00 0.00 0.00 0.00 0.00
49.90 51.92 53.76 55.42 56.87 58.11 59.14 59.93 60.48 60.77 60.81 60.56 60.04 59.21 58.08 56.64 54.87 52.86 50.80 48.71 46.60 44.48 42.35 40.22 38.08 35.96 33.84 31.74 29.67 27.62 25.60 23.62 21.69 19.80 17.97 16.19 14.48 12.83 11.26 9.77 8.37 7.05 5.83 4.70 3.62 2.60 1.60 0.61 0.00 0.00 0.00 0.00 0.00 0.00 0.00 0.00 0.00 0.00 0.00 0.00 0.00 0.00 0.00 0.00 0.00 0.00 0.00 0.00 0.00 0.00 0.00 0.00 0.00 0.00 0.00 0.00 0.00 0.00 0.00 0.00 0.00 0.00
49.90 51.90 53.72 55.36 56.79 58.02 59.02 59.80 60.33 60.61 60.63 60.38 59.84 59.01 57.87 56.41 54.63 52.62 50.55 48.45 46.34 44.22 42.09 39.95 37.81 35.69 33.57 31.48 29.40 27.36 25.34 23.37 21.44 19.56 17.73 15.96 14.26 12.62 11.06 9.58 8.19 6.89 5.67 4.50 3.38 2.30 1.26 0.26 0.00 0.00 0.00 0.00 0.00 0.00 0.00 0.00 0.00 0.00 0.00 0.00 0.00 0.00 0.00 0.00 0.00 0.00 0.00 0.00 0.00 0.00 0.00 0.00 0.00 0.00 0.00 0.00 0.00 0.00 0.00 0.00 0.00 0.00
49.83 51.81 53.62 55.24 56.66 57.88 58.87 59.63 60.16 60.43 60.44 60.18 59.63 58.79 57.65 56.19 54.40 52.39 50.32 48.22 46.11 43.99 41.86 39.72 37.59 35.47 33.36 31.27 29.20 27.16 25.16 23.19 21.27 19.40 17.59 15.83 14.14 12.52 10.98 9.51 8.14 6.84 5.59 4.38 3.20 2.06 0.97 0.00 0.00 0.00 0.00 0.00 0.00 0.00 0.00 0.00 0.00 0.00 0.00 0.00 0.00 0.00 0.00 0.00 0.00 0.00 0.00 0.00 0.00 0.00 0.00 0.00 0.00 0.00 0.00 0.00 0.00 0.00 0.00 0.00 0.00 0.00
49.70 51.67 53.47 55.08 56.49 57.69 58.68 59.44 59.96 60.22 60.23 59.96 59.42 58.58 57.43 55.97 54.19 52.17 50.11 48.02 45.91 43.79 41.67 39.54 37.42 35.30 33.20 31.12 29.07 27.04 25.05 23.10 21.19 19.34 17.54 15.80 14.13 12.53 11.00 9.56 8.20 6.87 5.58 4.31 3.08 1.90 0.76 0.00 0.00 0.00 0.00 0.00 0.00 0.00 0.00 0.00 0.00 0.00 0.00 0.00 0.00 0.00 0.00 0.00 0.00 0.00 0.00 0.00 0.00 0.00 0.00 0.00 0.00 0.00 0.00 0.00 0.00 0.00 0.00 0.00 0.00 0.00
49.51 51.47 53.26 54.86 56.27 57.47 58.46 59.21 59.73 60.00 60.00 59.74 59.20 58.36 57.22 55.76 53.99 51.98 49.92 47.84 45.74 43.63 41.52 39.41 37.30 35.20 33.11 31.05 29.01 27.00 25.02 23.09 21.21 19.37 17.59 15.88 14.23 12.65 11.15 9.72 8.33 6.96 5.62 4.31 3.03 1.80 0.61 0.00 0.00 0.00 0.00 0.00 0.00 0.00 0.00 0.00 0.00 0.00 0.00 0.00 0.00 0.00 0.00 0.00 0.00 0.00 0.00 0.00 0.00 0.00 0.00 0.00 0.00 0.00 0.00 0.00 0.00 0.00 0.00 0.00 0.00 0.00
49.25 51.21 53.00 54.61 56.02 57.22 58.20 58.96 59.48 59.76 59.77 59.51 58.97 58.14 57.01 55.57 53.80 51.81 49.76 47.69 45.61 43.52 41.42 39.32 37.23 35.15 33.08 31.04 29.02 27.03 25.08 23.17 21.31 19.50 17.75 16.06 14.44 12.89 11.41 9.96 8.53 7.11 5.73 4.37 3.04 1.76 0.52 0.00 0.00 0.00 0.00 0.00 0.00 0.00 0.00 0.00 0.00 0.00 0.00 0.00 0.00 0.00 0.00 0.00 0.00 0.00 0.00 0.00 0.00 0.00 0.00 0.00 0.00 0.00 0.00 0.00 0.00 0.00 0.00 0.00 0.00 0.00
48.94 50.91 52.70 54.31 55.72 56.93 57.92 58.69 59.22 59.50 59.52 59.28 58.75 57.94 56.82 55.39 53.64 51.66 49.63 47.58 45.52 43.45 41.37 39.29 37.22 35.16 33.12 31.10 29.11 27.15 25.23 23.35 21.51 19.73 18.01 16.35 14.77 13.24 11.74 10.25 8.77 7.32 5.89 4.48 3.12 1.79 0.50 0.00 0.00 0.00 0.00 0.00 0.00 0.00 0.00 0.00 0.00 0.00 0.00 0.00 0.00 0.00 0.00 0.00 0.00 0.00 0.00 0.00 0.00 0.00 0.00 0.00 0.00 0.00 0.00 0.00 0.00 0.00 0.00 0.00 0.00 0.00
48.58 50.55 52.35 53.97 55.39 56.61 57.62 58.40 58.94 59.24 59.27 59.04 58.54 57.74 56.64 55.23 53.50 51.54 49.53 47.51 45.47 43.42 41.37 39.32 37.28 35.24 33.23 31.24 29.28 27.35 25.46 23.61 21.81 20.07 18.38 16.76 15.20 13.66 12.12 10.59 9.08 7.58 6.11 4.66 3.25 1.88 0.54 0.00 0.00 0.00 0.00 0.00 0.00 0.00 0.00 0.00 0.00 0.00 0.00 0.00 0.00 0.00 0.00 0.00 0.00 0.00 0.00 0.00 0.00 0.00 0.00 0.00 0.00 0.00 0.00 0.00 0.00 0.00 0.00 0.00 0.00 0.00
48.17 50.15 51.97 53.60 55.03 56.27 57.29 58.09 58.65 58.96 59.02 58.81 58.32 57.55 56.47 55.09 53.38 51.45 49.47 47.47 45.46 43.44 41.42 39.40 37.39 35.39 33.42 31.46 29.53 27.64 25.79 23.98 22.22 20.51 18.87 17.27 15.70 14.12 12.55 10.98 9.43 7.89 6.38 4.89 3.44 2.02 0.65 0.00 0.00 0.00 0.00 0.00 0.00 0.00 0.00 0.00 0.00 0.00 0.00 0.00 0.00 0.00 0.00 0.00 0.00 0.00 0.00 0.00 0.00 0.00 0.00 0.00 0.00 0.00 0.00 0.00 0.00 0.00 0.00 0.00 0.00 0.00
47.71 49.71 51.54 53.19 54.65 55.90 56.94 57.76 58.35 58.69 58.77 58.59 58.12 57.38 56.33 54.97 53.30 51.40 49.45 47.48 45.50 43.52 41.53 39.55 37.58 35.62 33.68 31.76 29.87 28.02 26.21 24.44 22.72 21.06 19.45 17.85 16.24 14.63 13.02 11.42 9.83 8.25 6.70 5.18 3.68 2.23 0.81 0.00 0.00 0.00 0.00 0.00 0.00 0.00 0.00 0.00 0.00 0.00 0.00 0.00 0.00 0.00 0.00 0.00 0.00 0.00 0.00 0.00 0.00 0.00 0.00 0.00 0.00 0.00 0.00 0.00 0.00 0.00 0.00 0.00 0.00 0.00
47.21 49.23 51.08 52.75 54.23 55.51 56.58 57.43 58.04 58.41 58.52 58.37 57.94 57.22 56.21 54.88 53.24 51.38 49.47 47.54 45.60 43.65 41.71 39.76 37.83 35.91 34.02 32.14 30.30 28.49 26.73 25.01 23.34 21.72 20.10 18.47 16.83 15.18 13.54 11.90 10.28 8.67 7.08 5.52 3.99 2.49 1.03 0.00 0.00 0.00 0.00 0.00 0.00 0.00 0.00 0.00 0.00 0.00 0.00 0.00 0.00 0.00 0.00 0.00 0.00 0.00 0.00 0.00 0.00 0.00 0.00 0.00 0.00 0.00 0.00 0.00 0.00 0.00 0.00 0.00 0.00 0.00
46.68 48.71 50.59 52.29 53.80 55.11 56.21 57.09 57.73 58.13 58.28 58.16 57.77 57.09 56.11 54.83 53.23 51.40 49.53 47.64 45.75 43.84 41.94 40.04 38.16 36.29 34.44 32.61 30.82 29.07 27.35 25.68 24.06 22.43 20.78 19.12 17.45 15.78 14.10 12.43 10.77 9.13 7.51 5.91 4.34 2.81 1.31 0.00 0.00 0.00 0.00 0.00 0.00 0.00 0.00 0.00 0.00 0.00 0.00 0.00 0.00 0.00 0.00 0.00 0.00 0.00 0.00 0.00 0.00 0.00 0.00 0.00 0.00 0.00 0.00 0.00 0.00 0.00 0.00 0.00 0.00 0.00
46.15 48.17 50.07 51.80 53.35 54.69 55.82 56.74 57.42 57.86 58.04 57.97 57.61 56.97 56.04 54.80 53.24 51.46 49.64 47.80 45.95 44.10 42.24 40.40 38.56 36.74 34.95 33.17 31.44 29.74 28.08 26.45 24.83 23.17 21.50 19.81 18.11 16.41 14.70 13.00 11.31 9.64 7.98 6.35 4.75 3.18 1.65 0.16 0.00 0.00 0.00 0.00 0.00 0.00 0.00 0.00 0.00 0.00 0.00 0.00 0.00 0.00 0.00 0.00 0.00 0.00 0.00 0.00 0.00 0.00 0.00 0.00 0.00 0.00 0.00 0.00 0.00 0.00 0.00 0.00 0.00 0.00
45.61 47.64 49.54 51.29 52.88 54.26 55.43 56.39 57.11 57.59 57.82 57.79 57.48 56.89 56.00 54.81 53.30 51.57 49.80 48.01 46.21 44.41 42.61 40.82 39.04 37.28 35.54 33.83 32.15 30.51 28.90 27.28 25.63 23.95 22.25 20.54 18.81 17.08 15.35 13.62 11.90 10.19 8.50 6.84 5.20 3.60 2.03 0.51 0.00 0.00 0.00 0.00 0.00 0.00 0.00 0.00 0.00 0.00 0.00 0.00 0.00 0.00 0.00 0.00 0.00 0.00 0.00 0.00 0.00 0.00 0.00 0.00 0.00 0.00 0.00 0.00 0.00 0.00 0.00 0.00 0.00 0.00
45.08 47.11 49.02 50.78 52.39 53.82 55.04 56.04 56.81 57.34 57.62 57.63 57.38 56.83 56.00 54.86 53.41 51.73 50.01 48.28 46.54 44.80 43.06 41.33 39.61 37.91 36.23 34.58 32.96 31.37 29.77 28.13 26.46 24.76 23.04 21.30 19.55 17.79 16.03 14.27 12.53 10.79 9.07 7.38 5.71 4.07 2.47 0.92 0.00 0.00 0.00 0.00 0.00 0.00 0.00 0.00 0.00 0.00 0.00 0.00 0.00 0.00 0.00 0.00 0.00 0.00 0.00 0.00 0.00 0.00 0.00 0.00 0.00 0.00 0.00 0.00 0.00 0.00 0.00 0.00 0.00 0.00
44.55 46.59 48.51 50.28 51.91 53.38 54.64 55.69 56.52 57.10 57.43 57.50 57.30 56.81 56.03 54.95 53.56 51.94 50.28 48.61 46.93 45.25 43.58 41.91 40.26 38.62 37.01 35.43 33.87 32.29 30.66 29.00 27.31 25.59 23.85 22.09 20.32 18.53 16.75 14.97 13.19 11.43 9.68 7.96 6.26 4.59 2.96 1.38 0.00 0.00 0.00 0.00 0.00 0.00 0.00 0.00 0.00 0.00 0.00 0.00 0.00 0.00 0.00 0.00 0.00 0.00 0.00 0.00 0.00 0.00 0.00 0.00 0.00 0.00 0.00 0.00 0.00 0.00 0.00 0.00 0.00 0.00
44.02 46.08 48.01 49.81 51.45 52.94 54.25 55.36 56.23 56.87 57.26 57.39 57.25 56.82 56.11 55.09 53.76 52.21 50.61 49.01 47.39 45.78 44.17 42.58 40.99 39.43 37.89 36.37 34.82 33.22 31.58 29.91 28.19 26.46 24.69 22.91 21.12 19.31 17.51 15.70 13.90 12.11 10.34 8.59 6.86 5.16 3.50 1.89 0.31 0.00 0.00 0.00 0.00 0.00 0.00 0.00 0.00 0.00 0.00 0.00 0.00 0.00 0.00 0.00 0.00 0.00 0.00 0.00 0.00 0.00 0.00 0.00 0.00 0.00 0.00 0.00 0.00 0.00 0.00 0.00 0.00 0.00
43.49 45.57 47.52 49.35 51.02 52.53 53.88 55.03 55.97 56.67 57.12 57.31 57.23 56.88 56.23 55.27 54.01 52.53 51.00 49.47 47.93 46.39 44.85 43.33 41.82 40.33 38.85 37.35 35.79 34.18 32.52 30.83 29.10 27.34 25.56 23.76 21.95 20.12 18.29 16.47 14.64 12.83 11.03 9.26 7.50 5.78 4.09 2.44 0.84 0.00 0.00 0.00 0.00 0.00 0.00 0.00 0.00 0.00 0.00 0.00 0.00 0.00 0.00 0.00 0.00 0.00 0.00 0.00 0.00 0.00 0.00 0.00 0.00 0.00 0.00 0.00 0.00 0.00 0.00 0.00 0.00 0.00
42.95 45.06 47.05 48.90 50.61 52.16 53.53 54.73 55.72 56.48 57.00 57.26 57.26 56.97 56.39 55.51 54.32 52.91 51.46 50.00 48.54 47.07 45.62 44.17 42.74 41.32 39.86 38.34 36.77 35.15 33.48 31.77 30.03 28.26 26.46 24.64 22.81 20.97 19.12 17.27 15.42 13.59 11.77 9.97 8.19 6.44 4.73 3.05 1.42 0.00 0.00 0.00 0.00 0.00 0.00 0.00 0.00 0.00 0.00 0.00 0.00 0.00 0.00 0.00 0.00 0.00 0.00 0.00 0.00 0.00 0.00 0.00 0.00 0.00 0.00 0.00 0.00 0.00 0.00 0.00 0.00 0.00
42.42 44.56 46.59 48.48 50.23 51.81 53.23 54.46 55.50 56.33 56.92 57.25 57.32 57.10 56.60 55.80 54.68 53.35 51.98 50.60 49.22 47.84 46.47 45.10 43.74 42.34 40.88 39.35 37.77 36.13 34.45 32.73 30.98 29.19 27.38 25.55 23.70 21.84 19.97 18.10 16.24 14.38 12.54 10.72 8.92 7.14 5.41 3.71 2.05 0.44 0.00 0.00 0.00 0.00 0.00 0.00 0.00 0.00 0.00 0.00 0.00 0.00 0.00 0.00 0.00 0.00 0.00 0.00 0.00 0.00 0.00 0.00 0.00 0.00 0.00 0.00 0.00 0.00 0.00 0.00 0.00 0.00
41.88 44.07 46.14 48.07 49.86 51.50 52.96 54.24 55.33 56.21 56.87 57.28 57.42 57.29 56.87 56.14 55.11 53.87 52.58 51.28 49.99 48.69 47.41 46.12 44.78 43.37 41.90 40.37 38.78 37.13 35.45 33.71 31.95 30.15 28.32 26.48 24.61 22.74 20.85 18.97 17.09 15.21 13.35 11.51 9.68 7.89 6.13 4.40 2.72 1.09 0.00 0.00 0.00 0.00 0.00 0.00 0.00 0.00 0.00 0.00 0.00 0.00 0.00 0.00 0.00 0.00 0.00 0.00 0.00 0.00 0.00 0.00 0.00 0.00 0.00 0.00 0.00 0.00 0.00 0.00 0.00 0.00
41.35 43.58 45.70 47.68 49.53 51.21 52.73 54.06 55.21 56.14 56.86 57.35 57.57 57.52 57.19 56.55 55.61 54.45 53.25 52.04 50.84 49.63 48.42 47.16 45.82 44.41 42.93 41.39 39.80 38.15 36.45 34.71 32.94 31.13 29.29 27.43 25.55 23.66 21.77 19.86 17.97 16.07 14.19 12.33 10.49 8.68 6.89 5.15 3.44 1.78 0.17 0.00 0.00 0.00 0.00 0.00 0.00 0.00 0.00 0.00 0.00 0.00 0.00 0.00 0.00 0.00 0.00 0.00 0.00 0.00 0.00 0.00 0.00 0.00 0.00 0.00 0.00 0.00 0.00 0.00 0.00 0.00
