data_output/recharge/precip/Precip_1992_03.asc
ncols        168
nrows        136
xllcorner    455000
yllcorner    2107000
cellsize     500
NODATA_value     -99999
[rows 70 to 104 of 136, columns 0 to 78 of 168]
8.81 9.21 9.61 9.99 10.36 10.73 11.08 11.43 11.76 12.09 12.42 12.73 13.04 13.34 13.63 13.92 14.20 14.47 14.74 14.99 15.21 15.41 15.57 15.72 15.83 15.93 16.00 16.05 16.08 16.09 16.08 16.07 16.05 16.03 16.01 15.98 15.95 15.91 15.87 15.83 15.78 15.73 15.68 15.63 15.59 15.55 15.52 15.49 15.46 15.43 15.41 15.39 15.37 15.36 15.35 15.34 15.33 15.33 15.33 15.33 15.34 15.34 15.35 15.37 15.38 15.40 15.42 15.44 15.47 15.49 15.52 15.55 15.58 15.62 15.66 15.69 15.73 15.78 15.82
9.02 9.41 9.79 10.16 10.51 10.86 11.20 11.53 11.85 12.16 12.47 12.77 13.06 13.34 13.61 13.88 14.15 14.40 14.66 14.90 15.13 15.32 15.50 15.64 15.76 15.86 15.94 15.99 16.02 16.04 16.03 16.03 16.01 16.00 15.97 15.95 15.92 15.89 15.85 15.81 15.76 15.72 15.68 15.65 15.61 15.58 15.56 15.53 15.51 15.49 15.47 15.46 15.45 15.44 15.43 15.43 15.43 15.43 15.43 15.44 15.45 15.46 15.47 15.49 15.50 15.52 15.54 15.56 15.59 15.62 15.64 15.67 15.71 15.74 15.77 15.81 15.85 15.89 15.93
9.23 9.60 9.97 10.32 10.66 11.00 11.32 11.64 11.94 12.24 12.53 12.81 13.08 13.35 13.61 13.86 14.10 14.34 14.58 14.81 15.03 15.23 15.41 15.56 15.68 15.79 15.87 15.92 15.96 15.98 15.98 15.97 15.96 15.95 15.93 15.91 15.88 15.85 15.82 15.78 15.75 15.71 15.68 15.65 15.63 15.61 15.59 15.57 15.55 15.54 15.53 15.52 15.52 15.51 15.51 15.51 15.52 15.52 15.53 15.54 15.55 15.56 15.57 15.59 15.61 15.63 15.65 15.67 15.70 15.72 15.75 15.78 15.81 15.84 15.87 15.91 15.94 15.98 16.02
9.43 9.79 10.14 10.48 10.81 11.13 11.44 11.74 12.03 12.31 12.59 12.85 13.11 13.36 13.60 13.84 14.07 14.29 14.51 14.72 14.93 15.12 15.31 15.46 15.59 15.70 15.78 15.84 15.88 15.90 15.91 15.91 15.90 15.89 15.87 15.86 15.83 15.81 15.78 15.75 15.72 15.70 15.67 15.65 15.64 15.62 15.61 15.60 15.59 15.58 15.58 15.58 15.57 15.58 15.58 15.58 15.59 15.60 15.61 15.62 15.63 15.65 15.66 15.68 15.70 15.72 15.74 15.77 15.79 15.81 15.84 15.87 15.90 15.93 15.96 15.99 16.02 16.05 16.09
9.63 9.97 10.31 10.64 10.96 11.26 11.56 11.84 12.12 12.39 12.65 12.90 13.14 13.38 13.60 13.82 14.04 14.25 14.45 14.64 14.83 15.01 15.19 15.35 15.49 15.60 15.69 15.75 15.79 15.82 15.83 15.83 15.82 15.82 15.81 15.79 15.77 15.75 15.73 15.71 15.69 15.67 15.66 15.65 15.64 15.63 15.62 15.62 15.62 15.61 15.62 15.62 15.62 15.63 15.63 15.64 15.65 15.66 15.68 15.69 15.70 15.72 15.74 15.76 15.78 15.80 15.82 15.84 15.86 15.89 15.91 15.94 15.96 15.99 16.02 16.05 16.07 16.10 16.13
9.81 10.15 10.48 10.79 11.09 11.39 11.67 11.94 12.21 12.46 12.71 12.95 13.17 13.39 13.61 13.81 14.01 14.20 14.39 14.57 14.74 14.91 15.07 15.23 15.37 15.48 15.58 15.65 15.69 15.72 15.73 15.74 15.74 15.73 15.73 15.71 15.70 15.68 15.67 15.66 15.65 15.64 15.64 15.63 15.63 15.63 15.63 15.63 15.63 15.64 15.64 15.65 15.66 15.67 15.68 15.69 15.70 15.71 15.73 15.74 15.76 15.78 15.80 15.82 15.83 15.85 15.88 15.90 15.92 15.94 15.96 15.99 16.01 16.03 16.06 16.08 16.11 16.13 16.16
9.99 10.31 10.63 10.93 11.23 11.51 11.78 12.04 12.29 12.53 12.77 12.99 13.21 13.41 13.61 13.80 13.99 14.17 14.34 14.50 14.66 14.81 14.96 15.10 15.24 15.36 15.45 15.53 15.58 15.61 15.62 15.63 15.64 15.64 15.63 15.63 15.62 15.61 15.61 15.61 15.60 15.60 15.60 15.61 15.61 15.61 15.62 15.63 15.64 15.65 15.66 15.67 15.68 15.69 15.70 15.72 15.73 15.75 15.77 15.78 15.80 15.82 15.84 15.86 15.88 15.89 15.91 15.93 15.95 15.97 16.00 16.02 16.04 16.06 16.08 16.10 16.12 16.14 16.15
10.15 10.47 10.77 11.07 11.35 11.62 11.88 12.13 12.37 12.60 12.82 13.03 13.23 13.43 13.62 13.79 13.97 14.13 14.29 14.44 14.58 14.72 14.85 14.98 15.10 15.22 15.32 15.40 15.45 15.49 15.50 15.52 15.53 15.53 15.53 15.53 15.53 15.53 15.54 15.54 15.55 15.55 15.56 15.57 15.58 15.59 15.60 15.62 15.63 15.64 15.66 15.67 15.69 15.70 15.72 15.74 15.75 15.77 15.79 15.81 15.82 15.84 15.86 15.88 15.90 15.92 15.93 15.95 15.97 15.99 16.01 16.02 16.04 16.06 16.07 16.09 16.10 16.12 16.13
10.30 10.61 10.90 11.19 11.46 11.72 11.97 12.21 12.44 12.66 12.87 13.07 13.26 13.44 13.62 13.78 13.94 14.09 14.24 14.37 14.50 14.63 14.75 14.86 14.97 15.07 15.17 15.25 15.31 15.35 15.37 15.39 15.40 15.41 15.42 15.43 15.44 15.45 15.46 15.47 15.48 15.50 15.51 15.53 15.54 15.56 15.57 15.59 15.61 15.63 15.64 15.66 15.68 15.70 15.72 15.74 15.75 15.77 15.79 15.81 15.83 15.85 15.86 15.88 15.90 15.92 15.93 15.95 15.96 15.98 15.99 16.01 16.02 16.03 16.04 16.05 16.06 16.07 16.08
10.43 10.73 11.02 11.29 11.56 11.81 12.05 12.28 12.50 12.71 12.91 13.10 13.28 13.45 13.61 13.77 13.91 14.05 14.19 14.31 14.43 14.54 14.65 14.75 14.84 14.93 15.01 15.09 15.16 15.20 15.22 15.25 15.26 15.28 15.30 15.31 15.33 15.35 15.37 15.39 15.41 15.43 15.45 15.47 15.49 15.51 15.53 15.55 15.57 15.59 15.62 15.64 15.66 15.68 15.70 15.72 15.74 15.76 15.78 15.80 15.81 15.83 15.85 15.87 15.88 15.90 15.91 15.92 15.94 15.95 15.96 15.97 15.98 15.98 15.99 16.00 16.00 16.00 16.00
10.55 10.84 11.12 11.39 11.64 11.89 12.12 12.34 12.55 12.75 12.94 13.12 13.29 13.45 13.60 13.75 13.88 14.01 14.13 14.24 14.35 14.45 14.54 14.63 14.71 14.79 14.86 14.93 14.99 15.03 15.06 15.09 15.11 15.14 15.16 15.19 15.21 15.24 15.27 15.29 15.32 15.34 15.37 15.40 15.42 15.45 15.47 15.50 15.52 15.55 15.57 15.59 15.62 15.64 15.66 15.68 15.70 15.72 15.74 15.76 15.78 15.80 15.81 15.83 15.84 15.85 15.87 15.88 15.89 15.89 15.90 15.91 15.91 15.91 15.91 15.91 15.91 15.91 15.90
10.65 10.93 11.21 11.47 11.71 11.95 12.17 12.39 12.59 12.78 12.96 13.13 13.29 13.44 13.59 13.72 13.85 13.96 14.07 14.18 14.27 14.36 14.44 14.52 14.59 14.65 14.71 14.76 14.81 14.86 14.89 14.92 14.96 14.99 15.02 15.06 15.09 15.12 15.15 15.19 15.22 15.25 15.28 15.31 15.34 15.37 15.40 15.43 15.46 15.48 15.51 15.54 15.56 15.59 15.61 15.63 15.65 15.67 15.69 15.71 15.73 15.74 15.75 15.77 15.78 15.79 15.80 15.80 15.81 15.81 15.82 15.82 15.82 15.81 15.81 15.80 15.79 15.78 15.77
10.73 11.01 11.28 11.53 11.77 12.00 12.21 12.42 12.61 12.80 12.97 13.13 13.28 13.43 13.56 13.69 13.80 13.91 14.01 14.10 14.19 14.26 14.34 14.40 14.46 14.51 14.56 14.60 14.64 14.67 14.70 14.74 14.78 14.82 14.86 14.90 14.94 14.98 15.02 15.06 15.10 15.13 15.17 15.21 15.24 15.27 15.31 15.34 15.37 15.40 15.43 15.46 15.48 15.51 15.53 15.55 15.58 15.60 15.61 15.63 15.65 15.66 15.67 15.68 15.69 15.70 15.70 15.71 15.71 15.71 15.71 15.70 15.69 15.69 15.67 15.66 15.65 15.63 15.61
10.80 11.08 11.34 11.58 11.82 12.04 12.25 12.45 12.63 12.81 12.97 13.13 13.27 13.41 13.53 13.65 13.75 13.85 13.94 14.02 14.10 14.17 14.23 14.28 14.33 14.37 14.40 14.43 14.46 14.47 14.49 14.52 14.57 14.62 14.67 14.72 14.76 14.81 14.86 14.90 14.94 14.99 15.03 15.07 15.11 15.14 15.18 15.22 15.25 15.28 15.31 15.34 15.37 15.40 15.42 15.45 15.47 15.49 15.51 15.52 15.54 15.55 15.56 15.57 15.57 15.58 15.58 15.58 15.58 15.57 15.57 15.56 15.55 15.53 15.51 15.49 15.47 15.45 15.42
10.87 11.14 11.39 11.63 11.86 12.07 12.28 12.47 12.65 12.82 12.97 13.12 13.25 13.38 13.50 13.60 13.70 13.79 13.87 13.94 14.01 14.06 14.11 14.16 14.19 14.22 14.25 14.26 14.27 14.26 14.26 14.28 14.32 14.38 14.44 14.49 14.55 14.60 14.65 14.70 14.75 14.80 14.85 14.89 14.94 14.98 15.02 15.06 15.10 15.13 15.17 15.20 15.23 15.26 15.28 15.31 15.33 15.35 15.37 15.38 15.40 15.41 15.42 15.42 15.43 15.43 15.43 15.42 15.42 15.41 15.40 15.38 15.37 15.35 15.33 15.30 15.27 15.24 15.21
10.93 11.19 11.44 11.67 11.90 12.10 12.30 12.48 12.66 12.82 12.97 13.10 13.23 13.35 13.46 13.56 13.64 13.72 13.79 13.86 13.91 13.96 14.00 14.03 14.06 14.07 14.09 14.09 14.07 14.05 14.02 14.02 14.05 14.10 14.17 14.23 14.29 14.35 14.41 14.47 14.53 14.58 14.63 14.68 14.73 14.78 14.83 14.87 14.91 14.95 14.98 15.02 15.05 15.08 15.11 15.14 15.16 15.18 15.20 15.21 15.23 15.24 15.24 15.25 15.25 15.25 15.25 15.24 15.23 15.22 15.20 15.19 15.16 15.14 15.11 15.08 15.05 15.01 14.97
10.98 11.24 11.48 11.71 11.93 12.13 12.32 12.49 12.66 12.81 12.95 13.08 13.20 13.31 13.41 13.50 13.58 13.65 13.71 13.77 13.81 13.85 13.88 13.90 13.91 13.92 13.92 13.90 13.87 13.82 13.78 13.76 13.77 13.80 13.86 13.93 14.01 14.07 14.14 14.20 14.27 14.33 14.39 14.44 14.50 14.55 14.60 14.65 14.69 14.73 14.77 14.81 14.85 14.88 14.91 14.93 14.96 14.98 15.00 15.01 15.03 15.04 15.04 15.05 15.05 15.05 15.04 15.03 15.02 15.00 14.98 14.96 14.94 14.91 14.87 14.84 14.80 14.75 14.71
11.03 11.28 11.52 11.74 11.95 12.15 12.33 12.50 12.66 12.80 12.94 13.06 13.17 13.27 13.36 13.44 13.52 13.58 13.63 13.67 13.71 13.74 13.75 13.77 13.77 13.76 13.74 13.70 13.65 13.59 13.53 13.49 13.48 13.49 13.54 13.61 13.68 13.76 13.83 13.91 13.98 14.04 14.11 14.17 14.23 14.29 14.34 14.39 14.44 14.49 14.53 14.57 14.61 14.64 14.68 14.70 14.73 14.75 14.77 14.79 14.80 14.81 14.82 14.82 14.82 14.81 14.81 14.80 14.78 14.76 14.74 14.71 14.68 14.65 14.61 14.57 14.53 14.48 14.42
11.07 11.32 11.55 11.76 11.97 12.16 12.33 12.50 12.65 12.79 12.91 13.03 13.13 13.23 13.31 13.38 13.45 13.50 13.54 13.58 13.60 13.62 13.63 13.63 13.61 13.59 13.55 13.49 13.42 13.35 13.27 13.21 13.18 13.18 13.20 13.26 13.33 13.41 13.50 13.58 13.65 13.73 13.80 13.87 13.93 13.99 14.05 14.11 14.16 14.21 14.26 14.30 14.35 14.38 14.42 14.45 14.48 14.50 14.52 14.54 14.55 14.56 14.56 14.57 14.57 14.56 14.55 14.54 14.52 14.50 14.47 14.44 14.41 14.37 14.33 14.28 14.23 14.18 14.12
11.10 11.34 11.57 11.78 11.98 12.16 12.33 12.49 12.63 12.77 12.89 12.99 13.09 13.18 13.25 13.32 13.37 13.41 13.45 13.47 13.49 13.50 13.49 13.48 13.45 13.40 13.35 13.27 13.19 13.10 13.00 12.93 12.88 12.86 12.87 12.90 12.96 13.04 13.13 13.21 13.30 13.38 13.46 13.53 13.60 13.67 13.74 13.80 13.86 13.91 13.96 14.01 14.06 14.10 14.13 14.17 14.20 14.22 14.24 14.26 14.27 14.28 14.29 14.29 14.29 14.28 14.27 14.26 14.24 14.21 14.18 14.15 14.11 14.07 14.03 13.97 13.92 13.86 13.79
11.13 11.36 11.58 11.79 11.98 12.16 12.33 12.48 12.61 12.74 12.85 12.95 13.04 13.12 13.19 13.24 13.29 13.33 13.35 13.37 13.37 13.37 13.35 13.32 13.27 13.21 13.14 13.05 12.95 12.84 12.73 12.64 12.58 12.54 12.53 12.54 12.58 12.64 12.73 12.82 12.92 13.01 13.09 13.17 13.25 13.32 13.39 13.46 13.53 13.58 13.64 13.69 13.74 13.78 13.82 13.86 13.89 13.92 13.94 13.96 13.97 13.98 13.99 13.99 13.99 13.98 13.97 13.95 13.93 13.90 13.87 13.84 13.80 13.75 13.70 13.65 13.59 13.52 13.45
11.15 11.38 11.59 11.79 11.98 12.15 12.31 12.46 12.59 12.71 12.81 12.91 12.99 13.06 13.12 13.17 13.20 13.23 13.25 13.26 13.25 13.24 13.20 13.15 13.09 13.01 12.92 12.82 12.70 12.58 12.45 12.35 12.27 12.22 12.19 12.18 12.20 12.25 12.32 12.41 12.51 12.60 12.70 12.78 12.87 12.95 13.03 13.10 13.17 13.23 13.29 13.35 13.40 13.45 13.49 13.53 13.56 13.59 13.62 13.64 13.65 13.66 13.67 13.67 13.67 13.66 13.65 13.63 13.61 13.58 13.55 13.51 13.46 13.41 13.36 13.30 13.24 13.17 13.09
11.16 11.39 11.60 11.79 11.97 12.14 12.29 12.43 12.56 12.67 12.77 12.86 12.93 12.99 13.05 13.09 13.12 13.13 13.14 13.14 13.12 13.09 13.04 12.98 12.90 12.80 12.70 12.58 12.45 12.31 12.17 12.05 11.96 11.89 11.85 11.82 11.83 11.85 11.90 11.98 12.07 12.18 12.28 12.37 12.46 12.55 12.63 12.71 12.79 12.86 12.92 12.98 13.04 13.09 13.14 13.18 13.21 13.25 13.27 13.29 13.31 13.32 13.33 13.33 13.33 13.32 13.31 13.29 13.26 13.23 13.20 13.16 13.11 13.06 13.00 12.94 12.87 12.80 12.72
11.16 11.39 11.59 11.78 11.96 12.12 12.27 12.40 12.52 12.63 12.72 12.80 12.87 12.92 12.97 13.00 13.02 13.03 13.03 13.01 12.98 12.93 12.87 12.79 12.69 12.59 12.47 12.34 12.19 12.04 11.89 11.76 11.65 11.56 11.50 11.46 11.45 11.46 11.49 11.55 11.63 11.73 11.83 11.94 12.03 12.13 12.22 12.30 12.38 12.46 12.53 12.59 12.65 12.71 12.76 12.80 12.84 12.88 12.91 12.93 12.95 12.96 12.97 12.98 12.97 12.96 12.95 12.93 12.90 12.87 12.84 12.79 12.74 12.69 12.63 12.56 12.49 12.41 12.33
11.16 11.38 11.58 11.77 11.94 12.09 12.24 12.36 12.48 12.58 12.66 12.74 12.80 12.85 12.88 12.91 12.92 12.92 12.91 12.88 12.83 12.77 12.69 12.59 12.49 12.37 12.23 12.09 11.93 11.77 11.60 11.45 11.33 11.23 11.16 11.10 11.07 11.07 11.08 11.12 11.18 11.26 11.37 11.48 11.58 11.68 11.78 11.87 11.96 12.04 12.11 12.18 12.25 12.31 12.36 12.41 12.46 12.49 12.53 12.55 12.57 12.59 12.60 12.60 12.60 12.59 12.58 12.56 12.53 12.50 12.46 12.41 12.36 12.31 12.24 12.17 12.10 12.01 11.92
11.15 11.37 11.56 11.74 11.91 12.06 12.20 12.32 12.43 12.52 12.60 12.67 12.72 12.76 12.79 12.81 12.82 12.80 12.78 12.73 12.67 12.59 12.50 12.39 12.27 12.14 11.99 11.83 11.67 11.49 11.31 11.15 11.02 10.90 10.81 10.74 10.70 10.68 10.67 10.69 10.74 10.80 10.89 11.00 11.11 11.22 11.32 11.42 11.51 11.60 11.68 11.76 11.83 11.89 11.95 12.00 12.05 12.09 12.13 12.15 12.18 12.19 12.21 12.21 12.21 12.20 12.19 12.17 12.14 12.11 12.07 12.02 11.97 11.91 11.84 11.77 11.69 11.60 11.51
11.14 11.35 11.54 11.71 11.88 12.02 12.15 12.27 12.37 12.46 12.53 12.59 12.64 12.68 12.70 12.71 12.70 12.68 12.63 12.57 12.50 12.41 12.30 12.18 12.05 11.90 11.74 11.57 11.40 11.21 11.02 10.85 10.70 10.57 10.47 10.39 10.33 10.29 10.27 10.28 10.30 10.35 10.42 10.51 10.62 10.73 10.85 10.95 11.05 11.14 11.23 11.31 11.39 11.46 11.52 11.58 11.63 11.67 11.71 11.74 11.77 11.79 11.80 11.81 11.80 11.80 11.78 11.76 11.74 11.70 11.66 11.61 11.56 11.50 11.43 11.36 11.27 11.18 11.09
11.11 11.32 11.51 11.68 11.84 11.98 12.10 12.21 12.31 12.39 12.46 12.51 12.56 12.58 12.60 12.60 12.57 12.54 12.48 12.41 12.32 12.21 12.10 11.96 11.82 11.66 11.49 11.31 11.12 10.92 10.72 10.54 10.38 10.25 10.13 10.03 9.96 9.91 9.87 9.86 9.87 9.90 9.95 10.03 10.12 10.23 10.35 10.46 10.57 10.67 10.76 10.85 10.93 11.00 11.07 11.13 11.19 11.24 11.28 11.31 11.34 11.36 11.38 11.39 11.39 11.38 11.37 11.35 11.32 11.29 11.25 11.20 11.14 11.08 11.01 10.93 10.85 10.75 10.65
11.08 11.28 11.47 11.64 11.79 11.92 12.04 12.15 12.24 12.32 12.38 12.43 12.46 12.48 12.49 12.47 12.44 12.39 12.32 12.23 12.13 12.02 11.89 11.74 11.59 11.42 11.24 11.05 10.85 10.64 10.43 10.24 10.07 9.92 9.79 9.68 9.59 9.53 9.48 9.45 9.45 9.46 9.50 9.55 9.63 9.73 9.84 9.96 10.07 10.18 10.28 10.37 10.46 10.54 10.61 10.68 10.74 10.79 10.84 10.87 10.91 10.93 10.95 10.96 10.96 10.95 10.94 10.92 10.90 10.86 10.82 10.77 10.72 10.65 10.58 10.50 10.41 10.31 10.21
11.04 11.24 11.42 11.59 11.73 11.86 11.98 12.08 12.17 12.24 12.29 12.34 12.37 12.37 12.37 12.34 12.29 12.23 12.15 12.05 11.94 11.81 11.67 11.52 11.35 11.17 10.98 10.78 10.57 10.35 10.13 9.93 9.75 9.59 9.45 9.33 9.23 9.15 9.09 9.05 9.03 9.03 9.05 9.09 9.15 9.23 9.33 9.44 9.56 9.67 9.78 9.88 9.97 10.06 10.14 10.21 10.27 10.33 10.38 10.42 10.46 10.48 10.50 10.52 10.52 10.52 10.51 10.49 10.46 10.43 10.39 10.34 10.28 10.21 10.14 10.06 9.97 9.87 9.76
11.00 11.19 11.37 11.53 11.67 11.80 11.91 12.01 12.09 12.15 12.20 12.24 12.26 12.25 12.23 12.19 12.13 12.06 11.97 11.86 11.74 11.60 11.45 11.28 11.11 10.92 10.72 10.51 10.29 10.07 9.84 9.63 9.44 9.27 9.12 8.99 8.88 8.79 8.71 8.66 8.62 8.61 8.61 8.64 8.68 8.74 8.82 8.92 9.04 9.16 9.27 9.38 9.48 9.57 9.65 9.73 9.80 9.86 9.91 9.96 10.00 10.03 10.05 10.07 10.07 10.07 10.06 10.05 10.02 9.99 9.95 9.90 9.84 9.77 9.70 9.61 9.52 9.42 9.31
10.94 11.14 11.31 11.46 11.60 11.73 11.83 11.92 12.00 12.06 12.11 12.13 12.14 12.12 12.09 12.04 11.97 11.88 11.78 11.66 11.53 11.38 11.22 11.05 10.86 10.67 10.46 10.24 10.02 9.78 9.55 9.33 9.13 8.95 8.79 8.65 8.53 8.42 8.34 8.27 8.22 8.19 8.18 8.19 8.22 8.26 8.33 8.41 8.51 8.63 8.75 8.86 8.97 9.07 9.16 9.24 9.31 9.38 9.44 9.49 9.53 9.56 9.59 9.61 9.62 9.62 9.61 9.60 9.57 9.54 9.50 9.45 9.39 9.32 9.25 9.16 9.07 8.97 8.86
10.88 11.07 11.24 11.39 11.53 11.65 11.75 11.84 11.91 11.96 12.00 12.01 12.00 11.98 11.94 11.87 11.79 11.70 11.59 11.46 11.32 11.16 10.99 10.81 10.62 10.41 10.20 9.97 9.74 9.50 9.26 9.03 8.83 8.64 8.47 8.32 8.18 8.07 7.97 7.89 7.83 7.79 7.77 7.76 7.77 7.80 7.85 7.91 8.00 8.10 8.22 8.34 8.45 8.55 8.65 8.74 8.82 8.89 8.95 9.01 9.06 9.09 9.12 9.14 9.16 9.16 9.15 9.14 9.12 9.09 9.05 9.00 8.94 8.87 8.79 8.71 8.61 8.51 8.40
10.82 11.00 11.17 11.32 11.45 11.56 11.66 11.74 11.81 11.85 11.88 11.88 11.86 11.83 11.77 11.70 11.61 11.51 11.39 11.25 11.10 10.93 10.76 10.57 10.37 10.16 9.94 9.70 9.46 9.22 8.97 8.74 8.53 8.33 8.15 7.99 7.85 7.72 7.61 7.52 7.45 7.40 7.36 7.34 7.34 7.35 7.38 7.43 7.50 7.59 7.69 7.80 7.92 8.04 8.14 8.23 8.32 8.40 8.46 8.52 8.57 8.62 8.65 8.67 8.69 8.70 8.69 8.68 8.66 8.63 8.59 8.54 8.48 8.42 8.34 8.25 8.16 8.05 7.95
10.74 10.92 11.08 11.23 11.36 11.47 11.56 11.64 11.70 11.73 11.74 11.74 11.71 11.67 11.60 11.52 11.42 11.31 11.18 11.04 10.88 10.71 10.52 10.33 10.12 9.90 9.67 9.44 9.19 8.94 8.69 8.45 8.23 8.02 7.84 7.67 7.52 7.38 7.27 7.17 7.08 7.01 6.97 6.93 6.92 6.92 6.93 6.97 7.02 7.09 7.17 7.28 7.39 7.51 7.62 7.72 7.81 7.89 7.97 8.03 8.09 8.14 8.17 8.20 8.22 8.23 8.23 8.22 8.20 8.17 8.13 8.08 8.03 7.96 7.88 7.80 7.70 7.60 7.50
