data_output/recharge/precip/Precip_1994_01.asc
ncols        168
nrows        136
xllcorner    455000
yllcorner    2107000
cellsize     500
NODATA_value     -99999
[rows 68 to 101 of 136, columns 77 to 153 of 168]
22.99 22.62 22.24 21.86 21.47 21.09 20.70 20.32 19.93 19.54 19.16 18.77 18.39 18.01 17.65 17.29 16.94 16.60 16.27 15.95 15.64 15.34 15.05 14.77 14.50 14.24 14.00 13.78 13.59 13.44 13.33 13.25 13.20 13.18 13.19 13.23 13.29 13.38 13.50 13.63 13.79 13.95 14.12 14.30 14.48 14.67 14.87 15.07 15.27 15.48 15.70 15.91 16.13 16.36 16.59 16.82 17.05 17.28 17.52 17.75 17.99 18.23 18.47 18.70 18.94 19.18 19.41 19.65 19.88 20.11 20.34 20.57 20.79 21.01 21.22 21.43 21.64
22.94 22.56 22.18 21.79 21.40 21.01 20.62 20.22 19.83 19.44 19.05 18.66 18.28 17.90 17.52 17.15 16.79 16.45 16.11 15.79 15.47 15.17 14.87 14.59 14.32 14.06 13.81 13.59 13.40 13.25 13.14 13.06 13.01 12.99 13.00 13.04 13.10 13.19 13.31 13.44 13.59 13.74 13.90 14.06 14.24 14.42 14.61 14.80 15.00 15.20 15.41 15.62 15.84 16.06 16.29 16.51 16.74 16.98 17.21 17.45 17.69 17.93 18.17 18.42 18.66 18.90 19.14 19.39 19.63 19.87 20.10 20.34 20.57 20.80 21.03 21.26 21.48
22.86 22.47 22.08 21.69 21.29 20.90 20.50 20.10 19.71 19.31 18.92 18.52 18.14 17.75 17.37 17.00 16.63 16.28 15.93 15.60 15.28 14.97 14.68 14.39 14.12 13.85 13.60 13.38 13.19 13.04 12.93 12.84 12.79 12.77 12.78 12.82 12.89 12.98 13.09 13.21 13.35 13.49 13.64 13.79 13.96 14.13 14.31 14.49 14.68 14.88 15.09 15.29 15.51 15.73 15.95 16.18 16.41 16.64 16.88 17.12 17.36 17.60 17.85 18.09 18.34 18.59 18.84 19.09 19.34 19.59 19.83 20.08 20.32 20.57 20.81 21.04 21.28
22.75 22.36 21.96 21.56 21.16 20.76 20.35 19.95 19.55 19.15 18.75 18.36 17.96 17.58 17.19 16.81 16.44 16.08 15.73 15.39 15.07 14.75 14.45 14.16 13.89 13.62 13.37 13.15 12.96 12.81 12.69 12.61 12.56 12.54 12.55 12.59 12.65 12.74 12.84 12.95 13.07 13.20 13.33 13.48 13.64 13.80 13.97 14.15 14.33 14.53 14.73 14.93 15.14 15.36 15.58 15.80 16.03 16.27 16.50 16.74 16.99 17.24 17.49 17.74 17.99 18.24 18.50 18.76 19.01 19.27 19.53 19.79 20.04 20.30 20.55 20.80 21.05
22.61 22.21 21.80 21.40 20.99 20.58 20.18 19.77 19.36 18.96 18.56 18.16 17.76 17.37 16.98 16.60 16.23 15.86 15.51 15.16 14.83 14.51 14.21 13.91 13.63 13.37 13.12 12.89 12.70 12.55 12.43 12.34 12.29 12.27 12.28 12.32 12.38 12.46 12.54 12.64 12.75 12.87 13.00 13.13 13.28 13.43 13.60 13.77 13.95 14.13 14.33 14.53 14.73 14.95 15.17 15.39 15.62 15.85 16.09 16.34 16.58 16.83 17.09 17.34 17.60 17.86 18.12 18.39 18.65 18.92 19.19 19.45 19.72 19.99 20.25 20.52 20.78
22.43 22.02 21.61 21.20 20.79 20.38 19.97 19.56 19.14 18.74 18.33 17.93 17.53 17.14 16.75 16.36 15.99 15.62 15.25 14.90 14.57 14.24 13.93 13.64 13.36 13.09 12.83 12.60 12.41 12.26 12.14 12.06 12.01 11.98 11.99 12.03 12.08 12.14 12.21 12.30 12.39 12.50 12.61 12.74 12.88 13.03 13.18 13.35 13.52 13.70 13.89 14.09 14.29 14.50 14.72 14.94 15.17 15.40 15.64 15.89 16.14 16.39 16.65 16.91 17.17 17.44 17.71 17.98 18.26 18.53 18.81 19.09 19.37 19.64 19.92 20.20 20.48
22.22 21.81 21.39 20.98 20.56 20.14 19.72 19.31 18.89 18.48 18.07 17.67 17.26 16.87 16.48 16.09 15.71 15.34 14.97 14.62 14.28 13.95 13.64 13.34 13.05 12.78 12.52 12.29 12.10 11.95 11.83 11.74 11.69 11.67 11.67 11.69 11.73 11.78 11.84 11.91 11.99 12.09 12.19 12.31 12.44 12.58 12.73 12.88 13.05 13.23 13.41 13.60 13.80 14.01 14.23 14.45 14.68 14.91 15.15 15.40 15.65 15.91 16.17 16.44 16.71 16.98 17.26 17.54 17.82 18.11 18.39 18.68 18.97 19.26 19.55 19.85 20.14
21.98 21.56 21.14 20.72 20.29 19.87 19.45 19.03 18.61 18.19 17.78 17.37 16.97 16.57 16.17 15.78 15.40 15.03 14.66 14.31 13.96 13.63 13.31 13.01 12.72 12.44 12.19 11.96 11.76 11.61 11.49 11.40 11.35 11.32 11.31 11.32 11.34 11.37 11.42 11.48 11.55 11.63 11.73 11.84 11.96 12.09 12.23 12.38 12.54 12.71 12.89 13.08 13.28 13.48 13.70 13.92 14.15 14.38 14.63 14.87 15.13 15.39 15.66 15.93 16.20 16.48 16.77 17.06 17.35 17.64 17.94 18.24 18.54 18.84 19.15 19.45 19.76
21.70 21.27 20.85 20.42 19.99 19.56 19.14 18.71 18.29 17.87 17.45 17.04 16.63 16.23 15.84 15.45 15.06 14.69 14.32 13.96 13.62 13.28 12.96 12.65 12.36 12.08 11.82 11.59 11.39 11.24 11.12 11.03 10.97 10.93 10.91 10.90 10.90 10.92 10.95 11.00 11.06 11.14 11.22 11.32 11.43 11.55 11.69 11.83 11.99 12.15 12.33 12.51 12.71 12.91 13.12 13.34 13.57 13.81 14.05 14.31 14.56 14.83 15.10 15.38 15.66 15.94 16.24 16.53 16.83 17.14 17.44 17.75 18.07 18.38 18.70 19.02 19.34
21.38 20.95 20.52 20.09 19.66 19.22 18.79 18.36 17.94 17.51 17.09 16.68 16.27 15.86 15.46 15.07 14.69 14.31 13.94 13.59 13.24 12.90 12.57 12.26 11.97 11.69 11.43 11.19 11.00 10.84 10.72 10.62 10.55 10.49 10.45 10.43 10.42 10.43 10.45 10.48 10.53 10.59 10.67 10.76 10.86 10.97 11.10 11.24 11.39 11.55 11.72 11.90 12.09 12.30 12.51 12.73 12.96 13.19 13.44 13.69 13.96 14.22 14.50 14.78 15.07 15.36 15.66 15.97 16.27 16.59 16.91 17.23 17.55 17.88 18.21 18.55 18.88
21.03 20.59 20.16 19.72 19.28 18.85 18.41 17.98 17.55 17.12 16.70 16.28 15.87 15.46 15.06 14.66 14.28 13.90 13.53 13.17 12.82 12.49 12.16 11.85 11.55 11.27 11.00 10.77 10.57 10.41 10.28 10.18 10.09 10.01 9.96 9.92 9.89 9.88 9.89 9.92 9.95 10.00 10.07 10.15 10.24 10.35 10.47 10.60 10.75 10.90 11.07 11.25 11.44 11.64 11.85 12.07 12.30 12.54 12.78 13.04 13.30 13.58 13.86 14.14 14.44 14.74 15.04 15.36 15.68 16.00 16.33 16.66 17.00 17.34 17.68 18.03 18.38
20.64 20.20 19.76 19.31 18.87 18.43 17.99 17.55 17.12 16.69 16.26 15.84 15.43 15.02 14.62 14.22 13.83 13.45 13.09 12.73 12.38 12.04 11.71 11.40 11.10 10.81 10.55 10.31 10.11 9.95 9.80 9.68 9.57 9.48 9.41 9.36 9.32 9.30 9.29 9.30 9.33 9.37 9.43 9.50 9.58 9.68 9.79 9.92 10.06 10.21 10.37 10.55 10.73 10.93 11.14 11.36 11.59 11.83 12.08 12.34 12.61 12.88 13.17 13.46 13.76 14.07 14.38 14.70 15.03 15.37 15.71 16.05 16.40 16.75 17.11 17.47 17.84
20.21 19.77 19.32 18.87 18.42 17.98 17.54 17.09 16.66 16.22 15.80 15.37 14.95 14.54 14.14 13.74 13.35 12.97 12.60 12.24 11.89 11.56 11.23 10.92 10.62 10.33 10.06 9.82 9.62 9.44 9.28 9.13 9.01 8.90 8.82 8.75 8.69 8.66 8.64 8.64 8.66 8.69 8.73 8.79 8.87 8.96 9.07 9.19 9.32 9.47 9.63 9.80 9.98 10.18 10.39 10.61 10.84 11.08 11.33 11.59 11.87 12.15 12.44 12.73 13.04 13.36 13.68 14.01 14.34 14.69 15.04 15.39 15.76 16.12 16.50 16.87 17.25
19.74 19.29 18.84 18.39 17.94 17.49 17.04 16.60 16.16 15.72 15.29 14.86 14.44 14.03 13.62 13.22 12.83 12.45 12.08 11.72 11.37 11.03 10.71 10.40 10.10 9.81 9.55 9.30 9.08 8.88 8.70 8.54 8.39 8.27 8.17 8.09 8.02 7.97 7.94 7.93 7.93 7.95 7.99 8.04 8.11 8.20 8.30 8.41 8.54 8.68 8.84 9.01 9.19 9.38 9.59 9.81 10.04 10.28 10.54 10.80 11.08 11.36 11.66 11.96 12.27 12.60 12.93 13.26 13.61 13.96 14.33 14.69 15.07 15.45 15.83 16.23 16.62
19.24 18.79 18.33 17.87 17.42 16.96 16.51 16.06 15.62 15.18 14.75 14.32 13.90 13.48 13.07 12.67 12.28 11.90 11.53 11.17 10.82 10.48 10.16 9.85 9.55 9.27 9.00 8.74 8.50 8.28 8.08 7.90 7.74 7.60 7.49 7.39 7.31 7.25 7.20 7.18 7.17 7.18 7.21 7.25 7.32 7.39 7.49 7.59 7.72 7.85 8.01 8.17 8.35 8.55 8.75 8.97 9.20 9.45 9.70 9.97 10.25 10.54 10.84 11.15 11.47 11.80 12.14 12.48 12.84 13.20 13.58 13.96 14.34 14.74 15.14 15.54 15.96
18.72 18.26 17.80 17.34 16.88 16.42 15.97 15.52 15.07 14.63 14.19 13.76 13.34 12.92 12.51 12.11 11.72 11.34 10.97 10.61 10.26 9.93 9.60 9.29 9.00 8.71 8.44 8.17 7.91 7.67 7.46 7.26 7.09 6.93 6.80 6.68 6.59 6.52 6.46 6.42 6.41 6.41 6.42 6.46 6.51 6.58 6.67 6.77 6.89 7.02 7.17 7.33 7.51 7.70 7.91 8.13 8.36 8.61 8.86 9.14 9.42 9.71 10.02 10.33 10.66 10.99 11.34 11.70 12.06 12.44 12.82 13.21 13.61 14.02 14.43 14.85 15.28
18.18 17.72 17.25 16.79 16.32 15.86 15.41 14.96 14.51 14.06 13.63 13.19 12.77 12.35 11.94 11.54 11.15 10.77 10.40 10.04 9.70 9.36 9.04 8.73 8.44 8.15 7.87 7.59 7.33 7.07 6.84 6.62 6.43 6.26 6.11 5.99 5.88 5.79 5.72 5.67 5.64 5.63 5.64 5.67 5.71 5.77 5.85 5.95 6.06 6.19 6.34 6.50 6.67 6.86 7.07 7.29 7.52 7.77 8.03 8.30 8.59 8.88 9.19 9.51 9.85 10.19 10.55 10.91 11.28 11.67 12.06 12.47 12.88 13.30 13.72 14.16 14.60
17.63 17.16 16.69 16.22 15.76 15.30 14.84 14.38 13.93 13.49 13.05 12.62 12.19 11.78 11.37 10.97 10.58 10.20 9.83 9.47 9.13 8.80 8.48 8.17 7.87 7.58 7.29 7.01 6.74 6.48 6.23 6.00 5.79 5.60 5.44 5.29 5.17 5.07 4.99 4.93 4.89 4.87 4.86 4.88 4.92 4.97 5.04 5.13 5.24 5.37 5.51 5.66 5.84 6.03 6.23 6.45 6.68 6.93 7.19 7.47 7.76 8.06 8.37 8.70 9.04 9.39 9.75 10.12 10.51 10.90 11.31 11.72 12.14 12.58 13.02 13.47 13.93
17.06 16.59 16.12 15.65 15.18 14.72 14.26 13.80 13.35 12.91 12.47 12.04 11.61 11.19 10.79 10.39 10.00 9.62 9.25 8.90 8.56 8.23 7.91 7.60 7.29 7.00 6.70 6.42 6.14 5.88 5.62 5.38 5.15 4.95 4.77 4.61 4.47 4.36 4.26 4.19 4.14 4.11 4.09 4.10 4.13 4.18 4.24 4.33 4.43 4.55 4.68 4.84 5.01 5.19 5.40 5.62 5.85 6.10 6.36 6.64 6.93 7.24 7.56 7.89 8.24 8.59 8.96 9.34 9.74 10.14 10.56 10.98 11.42 11.86 12.32 12.78 13.25
16.48 16.00 15.53 15.06 14.59 14.13 13.67 13.21 12.76 12.32 11.88 11.45 11.02 10.61 10.20 9.80 9.42 9.04 8.68 8.32 7.98 7.66 7.33 7.02 6.71 6.41 6.11 5.82 5.54 5.27 5.01 4.76 4.52 4.30 4.11 3.93 3.78 3.65 3.55 3.46 3.40 3.36 3.33 3.33 3.35 3.39 3.45 3.53 3.62 3.74 3.87 4.02 4.19 4.37 4.57 4.79 5.02 5.27 5.54 5.82 6.12 6.43 6.75 7.09 7.44 7.80 8.18 8.57 8.97 9.39 9.81 10.25 10.69 11.15 11.62 12.10 12.59
15.88 15.41 14.93 14.46 13.99 13.53 13.07 12.61 12.16 11.72 11.28 10.85 10.43 10.01 9.61 9.21 8.83 8.46 8.10 7.75 7.41 7.08 6.75 6.44 6.12 5.82 5.52 5.22 4.94 4.67 4.40 4.15 3.90 3.67 3.46 3.27 3.10 2.96 2.84 2.75 2.67 2.62 2.59 2.57 2.58 2.62 2.67 2.74 2.83 2.94 3.06 3.21 3.38 3.56 3.76 3.98 4.21 4.46 4.73 5.01 5.31 5.62 5.95 6.29 6.65 7.02 7.41 7.80 8.21 8.64 9.07 9.52 9.98 10.45 10.93 11.42 11.93
15.28 14.80 14.33 13.86 13.39 12.92 12.46 12.01 11.56 11.11 10.68 10.25 9.83 9.42 9.01 8.62 8.24 7.87 7.51 7.17 6.83 6.49 6.17 5.85 5.53 5.22 4.92 4.62 4.34 4.06 3.79 3.54 3.29 3.05 2.83 2.62 2.44 2.29 2.15 2.04 1.96 1.89 1.85 1.83 1.83 1.85 1.90 1.96 2.04 2.15 2.27 2.42 2.58 2.76 2.96 3.17 3.41 3.66 3.93 4.21 4.51 4.83 5.16 5.51 5.87 6.25 6.64 7.05 7.47 7.90 8.35 8.80 9.28 9.76 10.25 10.76 11.28
14.66 14.19 13.71 13.24 12.77 12.31 11.85 11.39 10.94 10.50 10.07 9.64 9.23 8.82 8.42 8.03 7.65 7.29 6.93 6.58 6.24 5.91 5.58 5.25 4.93 4.62 4.32 4.02 3.73 3.45 3.18 2.92 2.67 2.43 2.21 1.99 1.80 1.62 1.48 1.36 1.26 1.18 1.13 1.10 1.09 1.11 1.14 1.20 1.28 1.38 1.50 1.63 1.79 1.97 2.17 2.38 2.62 2.87 3.14 3.43 3.73 4.05 4.39 4.74 5.11 5.49 5.89 6.31 6.73 7.18 7.63 8.10 8.58 9.08 9.59 10.10 10.64
14.04 13.56 13.09 12.62 12.15 11.69 11.23 10.78 10.33 9.89 9.46 9.04 8.62 8.22 7.82 7.44 7.06 6.70 6.34 5.99 5.65 5.31 4.98 4.66 4.34 4.02 3.71 3.41 3.12 2.84 2.57 2.31 2.06 1.82 1.59 1.37 1.17 0.98 0.82 0.69 0.58 0.49 0.43 0.39 0.37 0.38 0.40 0.46 0.53 0.62 0.73 0.87 1.03 1.20 1.40 1.61 1.84 2.10 2.37 2.66 2.96 3.29 3.63 3.99 4.36 4.75 5.16 5.58 6.01 6.46 6.93 7.41 7.90 8.41 8.93 9.47 10.01
13.41 12.93 12.46 11.99 11.52 11.06 10.60 10.15 9.71 9.27 8.85 8.43 8.01 7.61 7.22 6.84 6.47 6.11 5.75 5.40 5.06 4.72 4.39 4.06 3.74 3.42 3.11 2.81 2.52 2.24 1.97 1.70 1.45 1.21 0.98 0.76 0.56 0.36 0.19 0.04 0.00 0.00 0.00 0.00 0.00 0.00 0.00 0.00 0.00 0.00 0.00 0.12 0.28 0.45 0.64 0.86 1.09 1.34 1.61 1.90 2.21 2.54 2.88 3.25 3.63 4.02 4.44 4.87 5.31 5.77 6.25 6.74 7.24 7.76 8.29 8.84 9.40
12.77 12.29 11.82 11.35 10.89 10.43 9.98 9.53 9.09 8.66 8.23 7.82 7.41 7.01 6.63 6.25 5.88 5.52 5.16 4.81 4.46 4.12 3.79 3.46 3.14 2.82 2.51 2.21 1.92 1.63 1.36 1.10 0.85 0.61 0.38 0.16 0.00 0.00 0.00 0.00 0.00 0.00 0.00 0.00 0.00 0.00 0.00 0.00 0.00 0.00 0.00 0.00 0.00 0.00 0.00 0.12 0.35 0.61 0.88 1.17 1.48 1.81 2.16 2.53 2.91 3.32 3.74 4.17 4.63 5.10 5.58 6.08 6.60 7.13 7.67 8.23 8.81
12.12 11.65 11.18 10.71 10.25 9.79 9.34 8.90 8.46 8.04 7.62 7.20 6.80 6.41 6.03 5.66 5.29 4.92 4.56 4.21 3.87 3.53 3.19 2.86 2.54 2.23 1.91 1.61 1.32 1.04 0.76 0.50 0.25 0.01 0.00 0.00 0.00 0.00 0.00 0.00 0.00 0.00 0.00 0.00 0.00 0.00 0.00 0.00 0.00 0.00 0.00 0.00 0.00 0.00 0.00 0.00 0.00 0.00 0.17 0.46 0.77 1.11 1.46 1.83 2.22 2.63 3.06 3.50 3.96 4.44 4.94 5.45 5.97 6.52 7.07 7.65 8.24
11.47 11.00 10.53 10.07 9.61 9.16 8.71 8.27 7.84 7.42 7.00 6.60 6.20 5.81 5.43 5.06 4.69 4.33 3.97 3.62 3.27 2.93 2.60 2.27 1.95 1.63 1.32 1.02 0.73 0.44 0.17 0.00 0.00 0.00 0.00 0.00 0.00 0.00 0.00 0.00 0.00 0.00 0.00 0.00 0.00 0.00 0.00 0.00 0.00 0.00 0.00 0.00 0.00 0.00 0.00 0.00 0.00 0.00 0.00 0.00 0.09 0.43 0.78 1.16 1.55 1.97 2.40 2.85 3.32 3.81 4.31 4.83 5.37 5.93 6.50 7.08 7.69
10.81 10.34 9.88 9.42 8.97 8.52 8.08 7.64 7.22 6.80 6.39 5.99 5.60 5.21 4.83 4.46 4.09 3.73 3.38 3.03 2.68 2.34 2.01 1.68 1.36 1.04 0.73 0.43 0.14 0.00 0.00 0.00 0.00 0.00 0.00 0.00 0.00 0.00 0.00 0.00 0.00 0.00 0.00 0.00 0.00 0.00 0.00 0.00 0.00 0.00 0.00 0.00 0.00 0.00 0.00 0.00 0.00 0.00 0.00 0.00 0.00 0.00 0.13 0.51 0.91 1.33 1.77 2.23 2.70 3.20 3.71 4.25 4.79 5.36 5.94 6.54 7.16
10.15 9.69 9.23 8.77 8.33 7.88 7.45 7.02 6.59 6.18 5.78 5.38 4.99 4.61 4.23 3.86 3.50 3.14 2.78 2.43 2.09 1.75 1.42 1.10 0.78 0.46 0.15 0.00 0.00 0.00 0.00 0.00 0.00 0.00 0.00 0.00 0.00 0.00 0.00 0.00 0.00 0.00 0.00 0.00 0.00 0.00 0.00 0.00 0.00 0.00 0.00 0.00 0.00 0.00 0.00 0.00 0.00 0.00 0.00 0.00 0.00 0.00 0.00 0.00 0.29 0.72 1.16 1.63 2.12 2.62 3.14 3.68 4.24 4.82 5.42 6.03 6.66
9.49 9.03 8.58 8.13 7.68 7.24 6.81 6.39 5.97 5.57 5.17 4.78 4.39 4.01 3.64 3.27 2.90 2.55 2.19 1.85 1.51 1.17 0.84 0.52 0.20 0.00 0.00 0.00 0.00 0.00 0.00 0.00 0.00 0.00 0.00 0.00 0.00 0.00 0.00 0.00 0.00 0.00 0.00 0.00 0.00 0.00 0.00 0.00 0.00 0.00 0.00 0.00 0.00 0.00 0.00 0.00 0.00 0.00 0.00 0.00 0.00 0.00 0.00 0.00 0.00 0.14 0.59 1.06 1.55 2.07 2.60 3.15 3.72 4.31 4.92 5.54 6.18
8.83 8.37 7.92 7.48 7.04 6.61 6.18 5.77 5.36 4.96 4.56 4.17 3.79 3.41 3.04 2.68 2.32 1.96 1.61 1.27 0.93 0.60 0.27 0.00 0.00 0.00 0.00 0.00 0.00 0.00 0.00 0.00 0.00 0.00 0.00 0.00 0.00 0.00 0.00 0.00 0.00 0.00 0.00 0.00 0.00 0.00 0.00 0.00 0.00 0.00 0.00 0.00 0.00 0.00 0.00 0.00 0.00 0.00 0.00 0.00 0.00 0.00 0.00 0.00 0.00 0.00 0.05 0.53 1.03 1.55 2.09 2.65 3.23 3.83 4.45 5.09 5.74
8.17 7.72 7.27 6.83 6.40 5.97 5.56 5.15 4.74 4.35 3.96 3.57 3.19 2.82 2.45 2.09 1.73 1.38 1.03 0.69 0.36 0.03 0.00 0.00 0.00 0.00 0.00 0.00 0.00 0.00 0.00 0.00 0.00 0.00 0.00 0.00 0.00 0.00 0.00 0.00 0.00 0.00 0.00 0.00 0.00 0.00 0.00 0.00 0.00 0.00 0.00 0.00 0.00 0.00 0.00 0.00 0.00 0.00 0.00 0.00 0.00 0.00 0.00 0.00 0.00 0.00 0.00 0.02 0.53 1.06 1.61 2.18 2.77 3.38 4.01 4.66 5.33
7.50 7.06 6.62 6.19 5.76 5.34 4.93 4.53 4.13 3.74 3.36 2.97 2.60 2.23 1.87 1.51 1.15 0.81 0.46 0.13 0.00 0.00 0.00 0.00 0.00 0.00 0.00 0.00 0.00 0.00 0.00 0.00 0.00 0.00 0.00 0.00 0.00 0.00 0.00 0.00 0.00 0.00 0.00 0.00 0.00 0.00 0.00 0.00 0.00 0.00 0.00 0.00 0.00 0.00 0.00 0.00 0.00 0.00 0.00 0.00 0.00 0.00 0.00 0.00 0.00 0.00 0.00 0.00 0.07 0.60 1.16 1.74 2.34 2.97 3.61 4.27 4.95
