data_output/recharge/precip/Precip_2011_03.asc
ncols        168
nrows        136
xllcorner    455000
yllcorner    2107000
cellsize     500
NODATA_value     -99999
[rows 0 to 36 of 136, columns 0 to 83 of 168]
2.11 2.15 2.19 2.24 2.30 2.36 2.43 2.51 2.59 2.68 2.79 2.90 3.02 3.16 3.31 3.47 3.64 3.83 4.03 4.24 4.45 4.66 4.87 5.08 5.29 5.50 5.71 5.91 6.11 6.30 6.49 6.67 6.85 7.01 7.17 7.31 7.45 7.57 7.69 7.81 7.92 8.03 8.13 8.22 8.31 8.40 8.47 8.54 8.60 8.64 8.68 8.71 8.72 8.72 8.71 8.69 8.66 8.61 8.57 8.52 8.47 8.41 8.35 8.28 8.20 8.12 8.04 7.94 7.84 7.74 7.62 7.50 7.36 7.22 7.07 6.91 6.74 6.57 6.39 6.21 6.02 5.83 5.63 5.43
2.24 2.28 2.32 2.37 2.42 2.49 2.55 2.63 2.71 2.81 2.91 3.03 3.15 3.29 3.44 3.61 3.79 3.98 4.19 4.40 4.62 4.84 5.06 5.28 5.49 5.71 5.92 6.13 6.33 6.53 6.73 6.91 7.09 7.26 7.42 7.57 7.71 7.84 7.95 8.07 8.17 8.27 8.37 8.46 8.54 8.61 8.68 8.73 8.78 8.82 8.85 8.86 8.86 8.86 8.83 8.80 8.76 8.72 8.67 8.62 8.56 8.50 8.44 8.37 8.29 8.21 8.12 8.03 7.92 7.81 7.70 7.57 7.44 7.29 7.14 6.98 6.81 6.64 6.46 6.27 6.08 5.89 5.69 5.49
2.40 2.43 2.47 2.51 2.56 2.62 2.68 2.76 2.84 2.94 3.04 3.16 3.29 3.43 3.58 3.75 3.94 4.14 4.35 4.57 4.79 5.02 5.24 5.46 5.69 5.91 6.12 6.34 6.55 6.75 6.95 7.14 7.32 7.50 7.66 7.82 7.96 8.09 8.21 8.31 8.41 8.51 8.60 8.68 8.75 8.81 8.87 8.92 8.96 8.98 9.00 9.00 8.99 8.97 8.94 8.90 8.86 8.81 8.76 8.71 8.65 8.59 8.53 8.45 8.38 8.29 8.20 8.11 8.00 7.89 7.77 7.65 7.51 7.36 7.21 7.05 6.88 6.70 6.52 6.33 6.14 5.95 5.75 5.55
2.57 2.59 2.62 2.66 2.71 2.76 2.83 2.90 2.98 3.07 3.18 3.30 3.43 3.57 3.73 3.90 4.09 4.29 4.51 4.73 4.96 5.19 5.42 5.65 5.87 6.10 6.32 6.54 6.75 6.96 7.16 7.35 7.54 7.72 7.89 8.04 8.19 8.32 8.44 8.55 8.65 8.73 8.81 8.88 8.95 9.00 9.05 9.09 9.11 9.13 9.13 9.12 9.10 9.07 9.03 8.99 8.95 8.90 8.85 8.80 8.74 8.68 8.61 8.54 8.46 8.37 8.28 8.18 8.08 7.97 7.85 7.72 7.58 7.43 7.28 7.11 6.94 6.77 6.58 6.40 6.20 6.01 5.81 5.61
2.75 2.77 2.79 2.83 2.87 2.92 2.97 3.04 3.12 3.22 3.32 3.44 3.57 3.71 3.87 4.04 4.23 4.44 4.66 4.89 5.13 5.36 5.59 5.82 6.05 6.28 6.51 6.73 6.94 7.15 7.36 7.56 7.74 7.92 8.09 8.25 8.40 8.54 8.66 8.77 8.86 8.94 9.01 9.08 9.13 9.18 9.22 9.24 9.26 9.26 9.25 9.23 9.20 9.16 9.12 9.08 9.04 8.99 8.94 8.88 8.82 8.76 8.69 8.62 8.54 8.45 8.36 8.26 8.15 8.04 7.92 7.79 7.65 7.50 7.35 7.18 7.01 6.83 6.65 6.46 6.27 6.07 5.87 5.67
2.95 2.96 2.97 3.00 3.03 3.08 3.13 3.20 3.27 3.36 3.47 3.58 3.71 3.85 4.01 4.19 4.38 4.59 4.82 5.05 5.29 5.52 5.76 5.99 6.22 6.46 6.68 6.91 7.13 7.34 7.54 7.74 7.93 8.11 8.29 8.45 8.60 8.73 8.86 8.97 9.06 9.14 9.20 9.26 9.30 9.34 9.37 9.38 9.38 9.38 9.36 9.32 9.29 9.25 9.21 9.17 9.12 9.07 9.02 8.96 8.90 8.84 8.77 8.69 8.61 8.53 8.43 8.33 8.22 8.11 7.99 7.86 7.72 7.57 7.41 7.24 7.07 6.89 6.71 6.52 6.33 6.13 5.93 5.73
3.15 3.16 3.17 3.18 3.21 3.25 3.30 3.36 3.43 3.52 3.62 3.73 3.86 4.00 4.16 4.34 4.53 4.74 4.97 5.20 5.44 5.68 5.92 6.15 6.39 6.62 6.85 7.08 7.30 7.51 7.72 7.92 8.11 8.29 8.46 8.62 8.77 8.91 9.03 9.14 9.24 9.32 9.38 9.42 9.46 9.48 9.50 9.50 9.49 9.47 9.44 9.41 9.37 9.33 9.29 9.24 9.20 9.15 9.10 9.04 8.98 8.91 8.84 8.77 8.68 8.60 8.50 8.40 8.29 8.18 8.06 7.92 7.78 7.63 7.48 7.31 7.14 6.96 6.77 6.58 6.39 6.19 5.99 5.79
3.38 3.37 3.37 3.38 3.40 3.43 3.47 3.53 3.59 3.68 3.77 3.88 4.01 4.15 4.31 4.48 4.68 4.89 5.12 5.35 5.59 5.83 6.07 6.31 6.55 6.78 7.01 7.23 7.45 7.67 7.88 8.08 8.27 8.45 8.62 8.78 8.93 9.07 9.19 9.30 9.39 9.47 9.53 9.57 9.60 9.61 9.62 9.61 9.59 9.55 9.52 9.48 9.44 9.41 9.36 9.32 9.27 9.22 9.17 9.11 9.05 8.98 8.91 8.84 8.75 8.67 8.57 8.47 8.36 8.25 8.12 7.99 7.85 7.70 7.54 7.37 7.20 7.02 6.83 6.65 6.45 6.26 6.06 5.86
3.61 3.59 3.58 3.58 3.60 3.62 3.65 3.70 3.76 3.84 3.93 4.04 4.16 4.30 4.45 4.63 4.82 5.03 5.26 5.50 5.74 5.98 6.22 6.46 6.69 6.93 7.16 7.38 7.60 7.81 8.02 8.22 8.41 8.59 8.76 8.92 9.07 9.20 9.32 9.43 9.52 9.60 9.66 9.70 9.72 9.72 9.71 9.69 9.66 9.63 9.59 9.55 9.52 9.48 9.43 9.39 9.34 9.29 9.24 9.18 9.12 9.05 8.98 8.90 8.82 8.73 8.64 8.54 8.43 8.31 8.19 8.05 7.91 7.76 7.60 7.44 7.26 7.08 6.90 6.71 6.52 6.32 6.12 5.92
3.86 3.83 3.81 3.80 3.80 3.82 3.84 3.88 3.94 4.01 4.09 4.19 4.31 4.45 4.60 4.77 4.96 5.18 5.41 5.64 5.88 6.12 6.36 6.60 6.83 7.07 7.29 7.52 7.74 7.95 8.15 8.35 8.54 8.72 8.89 9.04 9.19 9.32 9.44 9.54 9.63 9.70 9.76 9.80 9.81 9.81 9.79 9.76 9.73 9.69 9.66 9.62 9.58 9.54 9.50 9.45 9.41 9.36 9.30 9.24 9.18 9.12 9.04 8.97 8.88 8.80 8.70 8.60 8.49 8.37 8.25 8.12 7.97 7.82 7.67 7.50 7.32 7.14 6.96 6.77 6.58 6.38 6.19 5.99
4.12 4.08 4.05 4.03 4.02 4.02 4.04 4.07 4.12 4.18 4.26 4.35 4.47 4.60 4.75 4.92 5.11 5.32 5.55 5.78 6.02 6.26 6.49 6.73 6.96 7.19 7.42 7.64 7.86 8.07 8.27 8.47 8.65 8.83 8.99 9.15 9.29 9.42 9.53 9.63 9.72 9.79 9.84 9.87 9.88 9.88 9.86 9.82 9.79 9.75 9.72 9.68 9.64 9.60 9.56 9.51 9.47 9.42 9.36 9.30 9.24 9.18 9.10 9.03 8.94 8.86 8.76 8.66 8.55 8.43 8.31 8.18 8.04 7.89 7.73 7.56 7.38 7.21 7.02 6.83 6.64 6.45 6.25 6.05
4.39 4.34 4.29 4.26 4.24 4.23 4.24 4.27 4.30 4.36 4.43 4.52 4.62 4.75 4.90 5.06 5.25 5.45 5.68 5.92 6.15 6.39 6.62 6.86 7.09 7.31 7.54 7.76 7.97 8.18 8.38 8.57 8.75 8.92 9.08 9.23 9.37 9.49 9.61 9.70 9.78 9.84 9.89 9.92 9.93 9.92 9.90 9.87 9.84 9.81 9.77 9.73 9.70 9.66 9.61 9.57 9.52 9.47 9.42 9.36 9.30 9.23 9.16 9.09 9.00 8.91 8.82 8.72 8.61 8.49 8.37 8.24 8.10 7.95 7.79 7.62 7.45 7.27 7.08 6.90 6.71 6.51 6.32 6.12
4.68 4.61 4.55 4.50 4.47 4.46 4.45 4.46 4.49 4.54 4.60 4.68 4.78 4.90 5.04 5.20 5.38 5.59 5.81 6.04 6.28 6.51 6.74 6.97 7.20 7.42 7.64 7.86 8.07 8.27 8.47 8.65 8.83 9.00 9.15 9.30 9.43 9.55 9.66 9.75 9.82 9.88 9.92 9.94 9.95 9.94 9.93 9.91 9.89 9.85 9.82 9.78 9.75 9.71 9.66 9.62 9.57 9.52 9.47 9.41 9.35 9.29 9.22 9.14 9.06 8.97 8.88 8.77 8.67 8.55 8.43 8.30 8.16 8.01 7.85 7.68 7.51 7.33 7.15 6.96 6.77 6.58 6.39 6.19
4.98 4.89 4.82 4.76 4.71 4.68 4.67 4.67 4.69 4.72 4.78 4.85 4.94 5.06 5.19 5.34 5.52 5.72 5.94 6.17 6.40 6.63 6.85 7.08 7.30 7.52 7.74 7.95 8.15 8.35 8.54 8.72 8.89 9.06 9.21 9.35 9.47 9.59 9.69 9.77 9.84 9.89 9.92 9.94 9.95 9.95 9.95 9.94 9.92 9.90 9.86 9.83 9.79 9.75 9.71 9.67 9.62 9.57 9.52 9.46 9.40 9.34 9.27 9.19 9.11 9.02 8.93 8.83 8.72 8.61 8.48 8.35 8.21 8.06 7.91 7.74 7.57 7.39 7.21 7.02 6.84 6.65 6.45 6.26
5.28 5.18 5.09 5.02 4.96 4.92 4.89 4.88 4.89 4.91 4.96 5.02 5.10 5.21 5.34 5.48 5.65 5.85 6.06 6.29 6.51 6.74 6.96 7.18 7.40 7.61 7.82 8.03 8.23 8.42 8.60 8.78 8.94 9.10 9.24 9.37 9.49 9.60 9.69 9.77 9.83 9.88 9.90 9.92 9.94 9.95 9.95 9.95 9.94 9.92 9.90 9.87 9.83 9.79 9.75 9.71 9.66 9.62 9.56 9.51 9.45 9.39 9.32 9.24 9.16 9.07 8.98 8.88 8.78 8.66 8.54 8.41 8.27 8.12 7.97 7.80 7.63 7.45 7.27 7.09 6.90 6.71 6.52 6.33
5.60 5.49 5.38 5.29 5.22 5.16 5.12 5.10 5.09 5.11 5.14 5.19 5.27 5.36 5.48 5.62 5.78 5.97 6.18 6.40 6.62 6.84 7.05 7.27 7.48 7.69 7.89 8.09 8.28 8.47 8.65 8.81 8.97 9.12 9.26 9.38 9.50 9.59 9.68 9.75 9.80 9.84 9.87 9.90 9.92 9.93 9.95 9.95 9.95 9.94 9.92 9.90 9.86 9.83 9.79 9.75 9.70 9.66 9.61 9.55 9.49 9.43 9.36 9.29 9.21 9.12 9.03 8.93 8.83 8.71 8.59 8.46 8.33 8.18 8.02 7.86 7.69 7.51 7.34 7.15 6.97 6.78 6.59 6.40
5.93 5.80 5.68 5.57 5.48 5.41 5.35 5.32 5.30 5.30 5.32 5.37 5.43 5.51 5.62 5.76 5.91 6.09 6.30 6.51 6.72 6.93 7.14 7.35 7.56 7.76 7.95 8.14 8.33 8.51 8.68 8.84 8.99 9.13 9.26 9.37 9.48 9.57 9.64 9.70 9.75 9.79 9.82 9.86 9.88 9.91 9.93 9.94 9.94 9.94 9.93 9.92 9.89 9.86 9.82 9.78 9.74 9.69 9.64 9.59 9.53 9.47 9.40 9.33 9.25 9.17 9.08 8.98 8.88 8.77 8.65 8.52 8.38 8.24 8.08 7.92 7.75 7.58 7.40 7.22 7.04 6.85 6.67 6.48
6.28 6.12 5.98 5.86 5.75 5.66 5.59 5.54 5.51 5.50 5.51 5.54 5.59 5.67 5.77 5.89 6.04 6.21 6.41 6.61 6.82 7.02 7.22 7.42 7.62 7.81 8.00 8.18 8.36 8.53 8.69 8.84 8.98 9.11 9.23 9.34 9.44 9.52 9.58 9.64 9.68 9.73 9.77 9.81 9.84 9.87 9.90 9.92 9.93 9.94 9.93 9.93 9.91 9.88 9.85 9.81 9.77 9.72 9.68 9.62 9.57 9.51 9.44 9.37 9.30 9.21 9.12 9.03 8.93 8.82 8.70 8.57 8.44 8.29 8.14 7.98 7.81 7.64 7.46 7.29 7.11 6.92 6.74 6.55
6.63 6.45 6.30 6.15 6.03 5.93 5.84 5.77 5.73 5.70 5.70 5.71 5.75 5.82 5.91 6.02 6.16 6.32 6.51 6.71 6.90 7.10 7.29 7.49 7.67 7.86 8.04 8.21 8.38 8.54 8.69 8.83 8.96 9.08 9.19 9.29 9.37 9.44 9.50 9.56 9.61 9.66 9.70 9.75 9.79 9.82 9.86 9.88 9.90 9.92 9.92 9.92 9.91 9.90 9.87 9.83 9.80 9.75 9.71 9.66 9.60 9.54 9.48 9.41 9.34 9.26 9.17 9.07 8.97 8.86 8.75 8.62 8.49 8.35 8.20 8.04 7.87 7.70 7.53 7.35 7.17 6.99 6.81 6.63
6.99 6.80 6.62 6.46 6.32 6.19 6.09 6.01 5.94 5.90 5.89 5.89 5.92 5.97 6.04 6.15 6.27 6.43 6.61 6.80 6.98 7.17 7.36 7.54 7.72 7.89 8.06 8.22 8.38 8.53 8.67 8.80 8.92 9.03 9.13 9.22 9.29 9.35 9.41 9.47 9.52 9.58 9.63 9.68 9.72 9.77 9.80 9.84 9.86 9.89 9.90 9.91 9.91 9.90 9.88 9.85 9.82 9.78 9.73 9.68 9.63 9.58 9.51 9.45 9.37 9.29 9.21 9.12 9.02 8.91 8.80 8.67 8.54 8.40 8.25 8.10 7.93 7.76 7.59 7.42 7.25 7.07 6.89 6.71
7.36 7.15 6.95 6.77 6.61 6.47 6.35 6.25 6.17 6.11 6.08 6.07 6.08 6.12 6.18 6.27 6.39 6.53 6.70 6.88 7.06 7.23 7.41 7.58 7.75 7.91 8.07 8.22 8.37 8.51 8.64 8.76 8.87 8.97 9.05 9.13 9.19 9.25 9.31 9.37 9.43 9.49 9.55 9.60 9.65 9.70 9.74 9.78 9.82 9.85 9.87 9.88 9.89 9.89 9.88 9.86 9.83 9.80 9.76 9.71 9.66 9.61 9.55 9.48 9.41 9.33 9.25 9.16 9.06 8.96 8.85 8.72 8.60 8.46 8.31 8.15 7.99 7.83 7.66 7.49 7.32 7.14 6.97 6.79
7.74 7.51 7.29 7.09 6.91 6.75 6.61 6.49 6.39 6.32 6.27 6.24 6.24 6.26 6.32 6.39 6.50 6.63 6.79 6.96 7.12 7.29 7.45 7.61 7.77 7.92 8.07 8.21 8.34 8.47 8.59 8.69 8.79 8.88 8.95 9.02 9.08 9.14 9.20 9.27 9.33 9.40 9.46 9.52 9.57 9.63 9.68 9.72 9.76 9.80 9.83 9.85 9.86 9.87 9.87 9.86 9.84 9.81 9.78 9.73 9.68 9.63 9.57 9.51 9.44 9.37 9.29 9.20 9.10 9.00 8.89 8.77 8.65 8.51 8.37 8.21 8.05 7.89 7.73 7.56 7.39 7.22 7.04 6.87
8.10 7.87 7.63 7.41 7.21 7.03 6.87 6.73 6.62 6.53 6.46 6.42 6.40 6.41 6.45 6.51 6.60 6.72 6.87 7.02 7.18 7.33 7.48 7.63 7.78 7.92 8.05 8.18 8.30 8.41 8.52 8.61 8.70 8.77 8.83 8.90 8.96 9.03 9.09 9.16 9.23 9.29 9.36 9.42 9.49 9.54 9.60 9.65 9.70 9.74 9.78 9.81 9.83 9.84 9.85 9.85 9.84 9.82 9.79 9.75 9.70 9.66 9.60 9.54 9.47 9.40 9.32 9.24 9.15 9.05 8.94 8.82 8.70 8.57 8.42 8.27 8.12 7.96 7.79 7.63 7.46 7.29 7.12 6.95
8.44 8.21 7.98 7.74 7.52 7.32 7.14 6.98 6.85 6.74 6.65 6.59 6.56 6.55 6.57 6.62 6.70 6.81 6.94 7.09 7.23 7.37 7.51 7.64 7.77 7.90 8.02 8.14 8.24 8.34 8.43 8.51 8.58 8.65 8.71 8.77 8.84 8.90 8.97 9.04 9.12 9.19 9.26 9.32 9.39 9.45 9.52 9.57 9.63 9.67 9.72 9.75 9.78 9.81 9.82 9.83 9.83 9.82 9.80 9.76 9.72 9.68 9.62 9.57 9.50 9.43 9.36 9.28 9.19 9.09 8.98 8.87 8.75 8.62 8.48 8.33 8.18 8.02 7.86 7.70 7.54 7.37 7.21 7.04
8.77 8.54 8.31 8.07 7.84 7.61 7.41 7.23 7.08 6.95 6.85 6.77 6.72 6.69 6.70 6.73 6.80 6.89 7.01 7.14 7.27 7.40 7.52 7.64 7.76 7.87 7.98 8.08 8.17 8.26 8.33 8.40 8.46 8.51 8.58 8.64 8.71 8.78 8.85 8.92 9.00 9.07 9.15 9.22 9.29 9.36 9.42 9.49 9.55 9.60 9.65 9.69 9.73 9.76 9.78 9.80 9.81 9.80 9.79 9.77 9.74 9.69 9.64 9.59 9.53 9.46 9.39 9.31 9.22 9.13 9.03 8.92 8.80 8.67 8.54 8.39 8.24 8.09 7.93 7.77 7.61 7.45 7.29 7.13
9.08 8.86 8.62 8.39 8.15 7.91 7.69 7.49 7.31 7.16 7.04 6.94 6.87 6.83 6.82 6.84 6.89 6.96 7.07 7.19 7.30 7.41 7.52 7.63 7.73 7.83 7.92 8.01 8.08 8.15 8.21 8.27 8.32 8.38 8.44 8.51 8.58 8.65 8.72 8.80 8.88 8.95 9.03 9.11 9.18 9.26 9.33 9.40 9.46 9.52 9.58 9.63 9.67 9.71 9.74 9.76 9.78 9.78 9.78 9.77 9.74 9.71 9.66 9.61 9.55 9.49 9.42 9.35 9.26 9.17 9.07 8.97 8.85 8.73 8.59 8.45 8.30 8.15 8.00 7.85 7.69 7.53 7.37 7.22
9.37 9.15 8.92 8.68 8.44 8.20 7.97 7.74 7.55 7.38 7.23 7.12 7.03 6.97 6.94 6.94 6.97 7.03 7.12 7.22 7.32 7.42 7.52 7.61 7.69 7.78 7.85 7.92 7.98 8.03 8.08 8.13 8.18 8.24 8.30 8.37 8.44 8.52 8.59 8.67 8.75 8.83 8.91 8.99 9.07 9.15 9.23 9.30 9.37 9.43 9.49 9.55 9.60 9.65 9.68 9.71 9.74 9.75 9.76 9.75 9.74 9.71 9.68 9.63 9.58 9.52 9.45 9.38 9.30 9.21 9.12 9.01 8.90 8.78 8.65 8.51 8.37 8.22 8.07 7.92 7.77 7.61 7.46 7.31
9.63 9.42 9.19 8.96 8.72 8.48 8.24 8.00 7.78 7.59 7.43 7.29 7.18 7.10 7.05 7.04 7.05 7.10 7.17 7.26 7.34 7.42 7.50 7.57 7.64 7.71 7.77 7.82 7.86 7.90 7.94 7.99 8.04 8.10 8.16 8.23 8.30 8.38 8.46 8.54 8.62 8.71 8.79 8.87 8.96 9.04 9.12 9.20 9.27 9.34 9.41 9.47 9.53 9.58 9.62 9.66 9.69 9.71 9.73 9.73 9.73 9.71 9.69 9.65 9.60 9.54 9.48 9.41 9.33 9.25 9.16 9.06 8.95 8.83 8.70 8.57 8.43 8.29 8.14 8.00 7.85 7.70 7.55 7.40
9.88 9.66 9.44 9.21 8.97 8.73 8.49 8.26 8.02 7.81 7.62 7.46 7.33 7.23 7.16 7.13 7.12 7.15 7.21 7.28 7.34 7.41 7.47 7.52 7.58 7.62 7.67 7.70 7.73 7.76 7.80 7.85 7.90 7.96 8.02 8.09 8.17 8.24 8.32 8.41 8.49 8.58 8.66 8.75 8.84 8.92 9.01 9.09 9.17 9.24 9.32 9.38 9.45 9.51 9.56 9.60 9.64 9.67 9.69 9.71 9.71 9.70 9.69 9.66 9.62 9.57 9.51 9.44 9.37 9.29 9.20 9.10 9.00 8.88 8.76 8.63 8.49 8.36 8.21 8.07 7.93 7.78 7.64 7.49
10.10 9.88 9.66 9.43 9.20 8.96 8.73 8.49 8.25 8.02 7.81 7.63 7.48 7.36 7.27 7.21 7.19 7.20 7.24 7.29 7.34 7.38 7.43 7.47 7.50 7.53 7.55 7.57 7.59 7.62 7.66 7.70 7.76 7.82 7.88 7.95 8.02 8.10 8.18 8.27 8.36 8.44 8.53 8.62 8.71 8.80 8.89 8.98 9.06 9.14 9.22 9.29 9.36 9.43 9.49 9.54 9.58 9.62 9.65 9.67 9.68 9.69 9.68 9.66 9.63 9.59 9.53 9.47 9.40 9.33 9.24 9.15 9.05 8.94 8.82 8.69 8.56 8.42 8.29 8.15 8.01 7.87 7.73 7.59
10.29 10.08 9.86 9.63 9.40 9.17 8.93 8.70 8.46 8.23 8.00 7.80 7.62 7.48 7.37 7.30 7.25 7.24 7.26 7.29 7.32 7.35 7.37 7.39 7.41 7.42 7.42 7.43 7.45 7.48 7.52 7.56 7.62 7.67 7.74 7.81 7.88 7.96 8.04 8.13 8.22 8.31 8.40 8.49 8.59 8.68 8.77 8.86 8.95 9.04 9.12 9.20 9.27 9.34 9.41 9.47 9.52 9.56 9.60 9.63 9.65 9.66 9.66 9.65 9.63 9.60 9.55 9.50 9.43 9.36 9.28 9.19 9.10 8.99 8.88 8.75 8.62 8.49 8.36 8.23 8.10 7.96 7.83 7.69
10.45 10.25 10.03 9.81 9.58 9.35 9.11 8.88 8.64 8.41 8.18 7.96 7.77 7.60 7.47 7.37 7.31 7.28 7.28 7.29 7.30 7.31 7.31 7.31 7.30 7.30 7.29 7.30 7.32 7.35 7.38 7.42 7.47 7.53 7.60 7.67 7.74 7.82 7.90 7.99 8.08 8.17 8.27 8.36 8.46 8.56 8.65 8.74 8.84 8.93 9.02 9.10 9.18 9.26 9.33 9.39 9.45 9.50 9.55 9.58 9.61 9.63 9.64 9.64 9.63 9.61 9.57 9.52 9.47 9.40 9.32 9.24 9.15 9.04 8.93 8.81 8.69 8.57 8.44 8.31 8.18 8.05 7.93 7.81
10.58 10.38 10.17 9.95 9.73 9.50 9.27 9.03 8.80 8.57 8.34 8.12 7.90 7.72 7.56 7.44 7.35 7.30 7.28 7.27 7.26 7.25 7.23 7.21 7.19 7.17 7.17 7.17 7.19 7.21 7.24 7.29 7.34 7.39 7.46 7.52 7.60 7.68 7.76 7.85 7.94 8.04 8.13 8.23 8.33 8.43 8.53 8.63 8.72 8.82 8.91 9.00 9.08 9.16 9.24 9.31 9.38 9.44 9.49 9.53 9.57 9.60 9.61 9.62 9.62 9.61 9.58 9.54 9.49 9.43 9.36 9.28 9.19 9.10 8.99 8.88 8.76 8.64 8.52 8.39 8.27 8.15 8.04 7.94
10.69 10.49 10.28 10.07 9.85 9.62 9.39 9.16 8.93 8.70 8.47 8.25 8.03 7.83 7.65 7.50 7.39 7.32 7.28 7.25 7.22 7.18 7.14 7.10 7.07 7.05 7.04 7.04 7.06 7.08 7.11 7.15 7.20 7.25 7.32 7.38 7.46 7.54 7.62 7.71 7.81 7.90 8.00 8.10 8.20 8.30 8.40 8.50 8.60 8.70 8.80 8.89 8.98 9.07 9.15 9.23 9.30 9.37 9.43 9.48 9.52 9.56 9.58 9.60 9.61 9.60 9.59 9.56 9.52 9.47 9.40 9.33 9.24 9.15 9.05 8.94 8.83 8.71 8.59 8.48 8.36 8.25 8.16 8.08
10.76 10.57 10.36 10.15 9.93 9.71 9.48 9.25 9.02 8.79 8.57 8.35 8.13 7.92 7.73 7.56 7.43 7.33 7.27 7.22 7.16 7.10 7.05 7.00 6.96 6.93 6.92 6.92 6.93 6.95 6.98 7.02 7.06 7.12 7.18 7.25 7.32 7.40 7.49 7.58 7.67 7.77 7.86 7.97 8.07 8.17 8.28 8.38 8.49 8.59 8.69 8.79 8.88 8.97 9.06 9.14 9.22 9.29 9.36 9.42 9.47 9.51 9.55 9.57 9.59 9.59 9.58 9.57 9.54 9.49 9.44 9.37 9.29 9.21 9.11 9.00 8.90 8.79 8.67 8.56 8.46 8.37 8.30 8.23
10.80 10.61 10.41 10.20 9.99 9.77 9.54 9.32 9.09 8.86 8.64 8.41 8.20 7.99 7.79 7.61 7.45 7.33 7.25 7.17 7.09 7.02 6.95 6.89 6.85 6.82 6.81 6.80 6.81 6.82 6.85 6.89 6.93 6.98 7.04 7.11 7.18 7.26 7.35 7.44 7.53 7.63 7.73 7.83 7.94 8.05 8.15 8.26 8.37 8.47 8.58 8.68 8.78 8.88 8.97 9.06 9.14 9.22 9.29 9.36 9.41 9.46 9.51 9.54 9.56 9.58 9.58 9.57 9.55 9.52 9.47 9.41 9.34 9.26 9.17 9.07 8.97 8.86 8.76 8.66 8.58 8.51 8.44 8.39
10.80 10.62 10.42 10.22 10.01 9.79 9.57 9.35 9.12 8.89 8.67 8.45 8.24 8.03 7.83 7.64 7.47 7.33 7.22 7.12 7.02 6.93 6.86 6.80 6.75 6.72 6.70 6.69 6.69 6.70 6.73 6.76 6.80 6.85 6.91 6.98 7.05 7.13 7.21 7.30 7.40 7.50 7.60 7.70 7.81 7.92 8.03 8.14 8.25 8.36 8.47 8.57 8.68 8.78 8.87 8.97 9.06 9.14 9.22 9.29 9.36 9.41 9.46 9.50 9.54 9.56 9.57 9.57 9.56 9.54 9.50 9.45 9.39 9.32 9.23 9.14 9.04 8.94 8.85 8.78 8.71 8.65 8.60 8.56
