data_output/recharge/precip/Precip_1995_11.asc
ncols        168
nrows        136
xllcorner    455000
yllcorner    2107000
cellsize     500
NODATA_value     -99999
[rows 102 to 135 of 136, columns 77 to 153 of 168]
46.68 45.23 43.81 42.43 41.09 39.79 38.53 37.35 36.23 35.18 34.20 33.30 32.46 31.70 31.00 30.38 29.84 29.37 28.97 28.65 28.40 28.23 28.14 28.12 28.18 28.32 28.54 28.81 29.09 29.39 29.70 30.03 30.38 30.73 31.10 31.48 31.86 32.26 32.67 33.08 33.50 33.93 34.36 34.80 35.25 35.69 36.14 36.59 37.06 37.53 38.02 38.52 39.03 39.55 40.07 40.60 41.13 41.66 42.19 42.72 43.24 43.76 44.27 44.77 45.26 45.74 46.21 46.66 47.09 47.51 47.90 48.28 48.63 48.95 49.25 49.52 49.76
47.63 46.12 44.64 43.19 41.79 40.44 39.15 37.93 36.79 35.71 34.71 33.78 32.92 32.14 31.43 30.79 30.23 29.75 29.34 29.01 28.76 28.59 28.50 28.48 28.55 28.69 28.92 29.19 29.48 29.79 30.11 30.44 30.79 31.15 31.52 31.90 32.29 32.69 33.10 33.51 33.94 34.36 34.80 35.23 35.67 36.12 36.56 37.01 37.46 37.92 38.39 38.87 39.36 39.86 40.37 40.87 41.39 41.90 42.41 42.92 43.43 43.93 44.43 44.91 45.39 45.85 46.30 46.74 47.16 47.56 47.94 48.29 48.63 48.94 49.22 49.47 49.69
48.59 47.01 45.46 43.96 42.50 41.10 39.78 38.53 37.36 36.26 35.23 34.28 33.40 32.59 31.87 31.22 30.65 30.15 29.74 29.40 29.15 28.97 28.87 28.86 28.93 29.08 29.31 29.59 29.89 30.21 30.53 30.87 31.22 31.59 31.96 32.35 32.74 33.14 33.55 33.97 34.39 34.82 35.25 35.69 36.13 36.57 37.01 37.45 37.89 38.34 38.79 39.25 39.73 40.21 40.69 41.19 41.68 42.18 42.67 43.16 43.65 44.14 44.62 45.08 45.54 45.99 46.43 46.84 47.25 47.63 48.00 48.34 48.66 48.95 49.22 49.45 49.64
49.55 47.90 46.28 44.71 43.21 41.79 40.43 39.15 37.95 36.82 35.77 34.79 33.89 33.07 32.33 31.67 31.08 30.58 30.15 29.81 29.55 29.37 29.27 29.26 29.33 29.49 29.73 30.02 30.33 30.65 30.98 31.33 31.68 32.05 32.43 32.82 33.22 33.62 34.03 34.45 34.87 35.30 35.73 36.17 36.60 37.04 37.48 37.92 38.36 38.80 39.23 39.68 40.13 40.59 41.06 41.53 42.01 42.49 42.96 43.44 43.91 44.38 44.84 45.29 45.73 46.16 46.58 46.98 47.37 47.74 48.09 48.41 48.72 48.99 49.23 49.43 49.60
50.50 48.78 47.10 45.49 43.95 42.49 41.10 39.79 38.56 37.40 36.33 35.33 34.41 33.57 32.81 32.13 31.53 31.02 30.59 30.24 29.97 29.79 29.70 29.68 29.76 29.92 30.17 30.47 30.78 31.11 31.45 31.80 32.16 32.54 32.92 33.31 33.71 34.12 34.53 34.95 35.38 35.80 36.24 36.67 37.11 37.54 37.98 38.42 38.85 39.28 39.71 40.14 40.58 41.02 41.47 41.92 42.38 42.84 43.30 43.75 44.21 44.66 45.10 45.53 45.96 46.37 46.77 47.16 47.53 47.88 48.21 48.52 48.80 49.05 49.26 49.44 49.59
51.44 49.65 47.92 46.27 44.70 43.20 41.79 40.45 39.18 38.00 36.90 35.88 34.94 34.08 33.31 32.62 32.01 31.48 31.04 30.69 30.42 30.23 30.14 30.13 30.21 30.37 30.63 30.93 31.26 31.59 31.94 32.30 32.67 33.05 33.43 33.83 34.23 34.64 35.06 35.48 35.90 36.33 36.76 37.20 37.63 38.07 38.50 38.94 39.37 39.80 40.22 40.64 41.06 41.48 41.91 42.35 42.78 43.22 43.66 44.10 44.54 44.97 45.39 45.81 46.22 46.61 46.99 47.36 47.71 48.05 48.36 48.65 48.91 49.13 49.31 49.47 49.59
52.38 50.53 48.77 47.08 45.47 43.94 42.49 41.12 39.83 38.62 37.50 36.45 35.49 34.62 33.83 33.12 32.50 31.96 31.52 31.15 30.88 30.70 30.60 30.59 30.68 30.85 31.11 31.43 31.76 32.10 32.45 32.82 33.19 33.58 33.97 34.37 34.78 35.19 35.61 36.03 36.46 36.89 37.32 37.75 38.19 38.62 39.05 39.48 39.91 40.34 40.76 41.17 41.58 41.99 42.40 42.81 43.23 43.65 44.07 44.49 44.91 45.32 45.72 46.12 46.51 46.89 47.25 47.60 47.94 48.25 48.54 48.80 49.03 49.22 49.38 49.51 49.60
53.32 51.43 49.63 47.90 46.26 44.69 43.21 41.81 40.49 39.26 38.11 37.04 36.07 35.17 34.36 33.64 33.01 32.47 32.01 31.64 31.37 31.18 31.08 31.08 31.17 31.34 31.62 31.94 32.28 32.63 32.99 33.36 33.74 34.13 34.53 34.93 35.34 35.76 36.18 36.61 37.04 37.47 37.90 38.33 38.76 39.20 39.63 40.05 40.48 40.90 41.32 41.73 42.13 42.53 42.92 43.32 43.72 44.12 44.52 44.92 45.31 45.71 46.09 46.47 46.84 47.20 47.55 47.88 48.19 48.49 48.75 48.97 49.17 49.33 49.46 49.57 49.64
54.28 52.35 50.50 48.74 47.06 45.46 43.95 42.52 41.17 39.91 38.74 37.66 36.66 35.75 34.92 34.19 33.54 32.99 32.53 32.15 31.87 31.68 31.59 31.59 31.68 31.86 32.14 32.48 32.82 33.18 33.55 33.93 34.32 34.71 35.11 35.52 35.94 36.36 36.78 37.21 37.64 38.07 38.50 38.94 39.37 39.80 40.23 40.65 41.08 41.49 41.91 42.31 42.71 43.11 43.49 43.87 44.24 44.62 45.00 45.38 45.76 46.13 46.50 46.86 47.21 47.55 47.88 48.19 48.48 48.74 48.97 49.16 49.33 49.46 49.56 49.64 49.69
55.26 53.29 51.40 49.60 47.88 46.25 44.71 43.25 41.87 40.59 39.39 38.29 37.27 36.34 35.50 34.75 34.10 33.53 33.06 32.68 32.40 32.21 32.11 32.12 32.21 32.40 32.69 33.03 33.39 33.76 34.13 34.52 34.91 35.31 35.72 36.14 36.55 36.98 37.40 37.83 38.27 38.70 39.13 39.57 40.00 40.43 40.86 41.28 41.70 42.11 42.52 42.93 43.32 43.71 44.09 44.45 44.81 45.17 45.53 45.89 46.25 46.60 46.95 47.29 47.62 47.94 48.24 48.53 48.79 49.01 49.20 49.37 49.50 49.61 49.68 49.73 49.75
56.25 54.24 52.31 50.48 48.72 47.06 45.48 43.99 42.59 41.29 40.07 38.94 37.90 36.95 36.10 35.34 34.67 34.10 33.62 33.24 32.95 32.76 32.66 32.67 32.77 32.97 33.26 33.62 33.98 34.36 34.74 35.13 35.53 35.94 36.35 36.77 37.20 37.62 38.05 38.49 38.92 39.36 39.79 40.22 40.65 41.08 41.51 41.93 42.35 42.76 43.17 43.57 43.96 44.34 44.71 45.07 45.42 45.76 46.10 46.44 46.78 47.11 47.43 47.75 48.06 48.36 48.64 48.89 49.11 49.30 49.46 49.59 49.69 49.77 49.82 49.84 49.84
57.26 55.21 53.25 51.37 49.58 47.89 46.28 44.76 43.33 42.00 40.76 39.61 38.55 37.59 36.72 35.95 35.27 34.68 34.20 33.81 33.52 33.33 33.24 33.24 33.35 33.55 33.86 34.22 34.60 34.98 35.37 35.77 36.18 36.59 37.01 37.44 37.86 38.30 38.73 39.16 39.60 40.04 40.47 40.91 41.34 41.77 42.19 42.61 43.03 43.44 43.84 44.23 44.62 45.00 45.36 45.72 46.06 46.39 46.71 47.03 47.34 47.66 47.96 48.26 48.55 48.82 49.06 49.27 49.45 49.61 49.73 49.83 49.91 49.95 49.97 49.96 49.93
58.29 56.20 54.20 52.29 50.46 48.73 47.09 45.55 44.09 42.73 41.47 40.30 39.22 38.24 37.36 36.57 35.88 35.29 34.80 34.41 34.11 33.92 33.83 33.84 33.95 34.16 34.48 34.85 35.23 35.63 36.03 36.43 36.85 37.27 37.69 38.12 38.56 38.99 39.43 39.87 40.31 40.74 41.18 41.62 42.05 42.48 42.90 43.32 43.73 44.14 44.54 44.93 45.31 45.68 46.04 46.39 46.73 47.05 47.36 47.66 47.96 48.25 48.53 48.81 49.07 49.30 49.50 49.67 49.82 49.94 50.03 50.09 50.13 50.15 50.14 50.11 50.05
59.34 57.21 55.17 53.22 51.36 49.60 47.93 46.35 44.87 43.49 42.20 41.01 39.92 38.92 38.02 37.22 36.52 35.92 35.42 35.03 34.73 34.54 34.45 34.46 34.58 34.80 35.12 35.50 35.90 36.30 36.71 37.12 37.54 37.97 38.40 38.84 39.27 39.71 40.16 40.60 41.04 41.48 41.92 42.35 42.79 43.22 43.64 44.06 44.47 44.87 45.27 45.65 46.03 46.40 46.75 47.10 47.43 47.75 48.05 48.34 48.61 48.88 49.14 49.39 49.60 49.79 49.96 50.09 50.20 50.28 50.34 50.37 50.38 50.36 50.32 50.26 50.18
60.41 58.24 56.16 54.17 52.28 50.48 48.78 47.18 45.67 44.27 42.95 41.74 40.63 39.62 38.70 37.89 37.18 36.57 36.07 35.67 35.37 35.18 35.09 35.10 35.22 35.45 35.79 36.18 36.58 36.99 37.41 37.83 38.26 38.70 39.13 39.58 40.02 40.46 40.91 41.35 41.80 42.24 42.68 43.12 43.55 43.98 44.40 44.82 45.23 45.63 46.02 46.41 46.78 47.14 47.49 47.83 48.16 48.47 48.76 49.04 49.31 49.55 49.78 49.99 50.16 50.31 50.43 50.53 50.60 50.64 50.67 50.66 50.64 50.59 50.53 50.44 50.33
61.50 59.28 57.16 55.14 53.22 51.39 49.66 48.03 46.49 45.06 43.73 42.50 41.37 40.34 39.41 38.59 37.87 37.25 36.74 36.33 36.03 35.84 35.75 35.77 35.90 36.13 36.48 36.88 37.29 37.71 38.14 38.57 39.01 39.45 39.89 40.34 40.79 41.24 41.69 42.14 42.58 43.03 43.47 43.91 44.34 44.77 45.20 45.61 46.02 46.42 46.81 47.19 47.56 47.92 48.26 48.60 48.92 49.22 49.51 49.78 50.03 50.26 50.45 50.61 50.74 50.85 50.93 50.98 51.02 51.02 51.01 50.98 50.92 50.84 50.74 50.62 50.49
62.60 60.35 58.19 56.13 54.18 52.31 50.55 48.89 47.34 45.88 44.52 43.27 42.12 41.08 40.14 39.30 38.57 37.95 37.43 37.02 36.72 36.52 36.44 36.46 36.59 36.84 37.19 37.61 38.03 38.46 38.89 39.33 39.78 40.23 40.68 41.13 41.59 42.04 42.49 42.95 43.40 43.85 44.29 44.73 45.17 45.59 46.02 46.43 46.84 47.24 47.63 48.00 48.37 48.72 49.06 49.39 49.70 50.00 50.28 50.55 50.78 50.98 51.13 51.25 51.34 51.40 51.44 51.46 51.45 51.42 51.37 51.30 51.21 51.10 50.98 50.83 50.66
63.73 61.43 59.24 57.15 55.15 53.26 51.47 49.78 48.20 46.72 45.34 44.07 42.90 41.84 40.89 40.04 39.30 38.67 38.14 37.73 37.42 37.23 37.15 37.18 37.32 37.57 37.93 38.36 38.79 39.23 39.67 40.12 40.58 41.03 41.49 41.95 42.41 42.87 43.33 43.78 44.24 44.69 45.14 45.58 46.01 46.44 46.87 47.28 47.69 48.08 48.47 48.84 49.21 49.56 49.89 50.22 50.52 50.81 51.09 51.33 51.54 51.70 51.82 51.90 51.95 51.97 51.97 51.95 51.90 51.84 51.75 51.65 51.53 51.38 51.22 51.05 50.85
64.87 62.54 60.31 58.18 56.15 54.23 52.41 50.69 49.08 47.58 46.18 44.89 43.70 42.63 41.66 40.80 40.05 39.41 38.88 38.46 38.16 37.96 37.88 37.91 38.06 38.32 38.70 39.13 39.58 40.02 40.48 40.94 41.40 41.86 42.33 42.79 43.26 43.72 44.19 44.65 45.11 45.56 46.01 46.45 46.89 47.32 47.75 48.16 48.57 48.96 49.34 49.72 50.08 50.42 50.75 51.07 51.37 51.66 51.91 52.13 52.30 52.43 52.52 52.57 52.58 52.57 52.52 52.46 52.38 52.27 52.15 52.01 51.85 51.68 51.49 51.28 51.06
66.04 63.67 61.40 59.23 57.17 55.22 53.37 51.62 49.99 48.46 47.04 45.73 44.53 43.43 42.45 41.58 40.82 40.18 39.64 39.22 38.91 38.72 38.64 38.68 38.83 39.10 39.49 39.93 40.39 40.85 41.31 41.78 42.25 42.72 43.19 43.66 44.14 44.61 45.08 45.54 46.00 46.46 46.91 47.36 47.80 48.23 48.65 49.07 49.47 49.87 50.25 50.62 50.97 51.32 51.65 51.96 52.25 52.52 52.74 52.92 53.06 53.16 53.22 53.24 53.22 53.17 53.09 52.99 52.87 52.72 52.57 52.39 52.20 51.99 51.77 51.53 51.28
67.23 64.81 62.51 60.31 58.21 56.23 54.35 52.58 50.92 49.36 47.92 46.59 45.37 44.27 43.27 42.39 41.62 40.97 40.43 40.00 39.69 39.50 39.43 39.47 39.63 39.91 40.30 40.76 41.22 41.69 42.17 42.64 43.12 43.60 44.08 44.56 45.04 45.52 45.99 46.46 46.93 47.39 47.84 48.29 48.73 49.17 49.59 50.01 50.41 50.80 51.18 51.55 51.90 52.24 52.57 52.88 53.15 53.39 53.58 53.72 53.83 53.90 53.92 53.91 53.87 53.79 53.68 53.53 53.37 53.19 53.00 52.79 52.56 52.32 52.07 51.80 51.52
68.43 65.98 63.64 61.40 59.27 57.26 55.35 53.55 51.86 50.29 48.83 47.48 46.24 45.12 44.11 43.22 42.44 41.78 41.23 40.81 40.50 40.31 40.23 40.28 40.45 40.74 41.14 41.61 42.09 42.57 43.05 43.54 44.03 44.51 45.00 45.49 45.97 46.46 46.94 47.41 47.88 48.35 48.80 49.26 49.70 50.13 50.56 50.97 51.38 51.77 52.15 52.51 52.86 53.20 53.52 53.81 54.06 54.26 54.41 54.53 54.60 54.63 54.63 54.59 54.52 54.41 54.27 54.09 53.90 53.68 53.44 53.20 52.94 52.66 52.38 52.08 51.77
69.66 67.17 64.79 62.52 60.36 58.31 56.37 54.55 52.84 51.24 49.76 48.39 47.13 46.00 44.98 44.07 43.29 42.62 42.07 41.64 41.33 41.14 41.07 41.12 41.30 41.59 42.01 42.49 42.98 43.47 43.96 44.46 44.96 45.45 45.95 46.44 46.93 47.42 47.91 48.39 48.86 49.33 49.79 50.25 50.69 51.13 51.56 51.97 52.37 52.77 53.14 53.51 53.86 54.19 54.49 54.75 54.96 55.13 55.25 55.33 55.37 55.38 55.34 55.27 55.17 55.03 54.86 54.66 54.43 54.18 53.91 53.62 53.33 53.02 52.70 52.37 52.03
70.90 68.38 65.96 63.65 61.46 59.38 57.42 55.57 53.83 52.21 50.71 49.32 48.05 46.90 45.86 44.95 44.15 43.48 42.93 42.49 42.18 41.99 41.93 41.99 42.17 42.47 42.90 43.40 43.89 44.40 44.90 45.41 45.91 46.42 46.92 47.42 47.92 48.42 48.91 49.39 49.87 50.35 50.81 51.27 51.72 52.15 52.58 53.00 53.40 53.79 54.17 54.53 54.88 55.19 55.46 55.68 55.86 56.00 56.09 56.14 56.15 56.12 56.06 55.96 55.82 55.66 55.46 55.23 54.98 54.69 54.39 54.07 53.74 53.39 53.04 52.68 52.31
72.08 69.60 67.15 64.81 62.59 60.48 58.49 56.61 54.85 53.21 51.68 50.28 48.99 47.82 46.78 45.85 45.05 44.37 43.81 43.37 43.06 42.87 42.81 42.88 43.07 43.38 43.82 44.33 44.84 45.35 45.87 46.38 46.90 47.41 47.92 48.43 48.94 49.44 49.94 50.43 50.91 51.39 51.86 52.32 52.77 53.21 53.64 54.06 54.46 54.85 55.23 55.59 55.92 56.20 56.43 56.62 56.77 56.87 56.93 56.94 56.92 56.86 56.77 56.64 56.48 56.28 56.06 55.80 55.52 55.21 54.88 54.53 54.16 53.78 53.40 53.00 52.60
73.12 70.77 68.36 66.00 63.74 61.60 59.58 57.67 55.89 54.22 52.68 51.26 49.95 48.77 47.71 46.78 45.97 45.28 44.72 44.28 43.97 43.78 43.72 43.79 43.99 44.32 44.77 45.29 45.81 46.33 46.86 47.39 47.91 48.43 48.95 49.47 49.98 50.49 51.00 51.49 51.98 52.47 52.94 53.40 53.86 54.30 54.73 55.15 55.55 55.94 56.32 56.66 56.95 57.20 57.40 57.56 57.67 57.74 57.76 57.75 57.70 57.61 57.48 57.33 57.14 56.91 56.66 56.38 56.07 55.74 55.38 55.00 54.60 54.19 53.77 53.34 52.91
74.00 71.79 69.52 67.19 64.91 62.74 60.69 58.76 56.95 55.27 53.70 52.26 50.94 49.75 48.68 47.73 46.91 46.22 45.65 45.21 44.90 44.72 44.66 44.74 44.94 45.28 45.74 46.27 46.81 47.34 47.88 48.42 48.95 49.48 50.01 50.54 51.06 51.58 52.08 52.59 53.08 53.57 54.05 54.51 54.97 55.41 55.85 56.27 56.67 57.06 57.42 57.73 57.99 58.20 58.37 58.49 58.57 58.60 58.60 58.55 58.47 58.35 58.20 58.01 57.79 57.54 57.26 56.95 56.62 56.26 55.88 55.47 55.05 54.60 54.15 53.69 53.23
74.73 72.66 70.53 68.33 66.10 63.91 61.83 59.87 58.04 56.33 54.75 53.29 51.95 50.74 49.66 48.71 47.88 47.18 46.61 46.17 45.86 45.67 45.62 45.71 45.92 46.27 46.74 47.28 47.83 48.38 48.93 49.48 50.02 50.56 51.10 51.63 52.16 52.69 53.20 53.71 54.21 54.70 55.19 55.66 56.12 56.56 57.00 57.42 57.82 58.20 58.52 58.80 59.02 59.20 59.33 59.42 59.47 59.47 59.43 59.36 59.25 59.10 58.91 58.70 58.45 58.17 57.87 57.53 57.17 56.79 56.38 55.95 55.50 55.03 54.55 54.06 53.56
75.31 73.38 71.38 69.33 67.23 65.09 62.99 61.01 59.15 57.42 55.82 54.34 52.99 51.77 50.67 49.71 48.87 48.17 47.59 47.15 46.84 46.66 46.62 46.70 46.92 47.28 47.77 48.33 48.89 49.45 50.01 50.56 51.12 51.67 52.22 52.76 53.30 53.83 54.35 54.87 55.37 55.87 56.35 56.83 57.29 57.74 58.18 58.60 58.99 59.33 59.62 59.86 60.05 60.19 60.29 60.35 60.36 60.33 60.26 60.16 60.02 59.84 59.63 59.38 59.11 58.80 58.47 58.11 57.72 57.31 56.88 56.43 55.96 55.47 54.96 54.44 53.91
75.75 73.94 72.09 70.18 68.22 66.21 64.17 62.17 60.29 58.54 56.91 55.42 54.05 52.82 51.71 50.74 49.89 49.18 48.60 48.16 47.85 47.67 47.63 47.73 47.96 48.32 48.83 49.39 49.97 50.54 51.11 51.68 52.25 52.81 53.36 53.92 54.46 55.00 55.53 56.05 56.56 57.06 57.55 58.03 58.50 58.95 59.39 59.80 60.15 60.46 60.71 60.91 61.07 61.18 61.25 61.27 61.25 61.19 61.09 60.96 60.78 60.58 60.34 60.06 59.76 59.43 59.07 58.68 58.27 57.84 57.38 56.91 56.41 55.90 55.37 54.83 54.27
76.03 74.36 72.64 70.88 69.06 67.20 65.29 63.34 61.45 59.67 58.03 56.52 55.14 53.89 52.77 51.79 50.94 50.22 49.64 49.20 48.89 48.71 48.68 48.78 49.02 49.40 49.91 50.49 51.08 51.66 52.25 52.83 53.40 53.97 54.54 55.10 55.65 56.20 56.74 57.26 57.78 58.29 58.79 59.27 59.74 60.19 60.62 60.99 61.31 61.58 61.79 61.96 62.09 62.16 62.20 62.19 62.14 62.05 61.92 61.75 61.55 61.31 61.04 60.74 60.41 60.06 59.67 59.26 58.82 58.37 57.89 57.39 56.87 56.33 55.78 55.22 54.64
76.17 74.63 73.05 71.43 69.75 68.04 66.27 64.47 62.63 60.84 59.18 57.65 56.25 54.99 53.86 52.87 52.01 51.29 50.71 50.26 49.95 49.78 49.75 49.86 50.11 50.49 51.02 51.62 52.22 52.81 53.41 54.00 54.59 55.17 55.75 56.31 56.88 57.43 57.98 58.51 59.03 59.55 60.05 60.54 61.01 61.45 61.84 62.17 62.46 62.69 62.87 63.01 63.10 63.14 63.14 63.10 63.02 62.90 62.74 62.54 62.31 62.04 61.75 61.42 61.06 60.68 60.27 59.83 59.37 58.89 58.39 57.86 57.32 56.77 56.20 55.61 55.01
76.17 74.76 73.32 71.83 70.30 68.72 67.11 65.45 63.75 62.02 60.35 58.80 57.39 56.11 54.98 53.97 53.11 52.38 51.80 51.35 51.04 50.88 50.85 50.96 51.22 51.62 52.16 52.77 53.38 53.99 54.60 55.20 55.80 56.39 56.98 57.56 58.13 58.69 59.24 59.79 60.32 60.84 61.34 61.83 62.29 62.70 63.05 63.35 63.60 63.79 63.94 64.04 64.10 64.11 64.08 64.00 63.89 63.74 63.55 63.32 63.06 62.77 62.45 62.09 61.71 61.30 60.86 60.40 59.92 59.41 58.89 58.34 57.78 57.20 56.61 56.00 55.38
76.03 74.75 73.44 72.09 70.70 69.27 67.80 66.29 64.74 63.15 61.53 59.98 58.55 57.27 56.12 55.11 54.24 53.51 52.92 52.47 52.16 52.00 51.98 52.10 52.37 52.78 53.33 53.95 54.58 55.20 55.82 56.44 57.05 57.65 58.25 58.84 59.41 59.99 60.55 61.09 61.63 62.16 62.67 63.14 63.57 63.94 64.25 64.52 64.73 64.89 65.00 65.07 65.09 65.07 65.01 64.90 64.76 64.58 64.36 64.10 63.81 63.49 63.14 62.76 62.35 61.91 61.45 60.97 60.46 59.93 59.38 58.81 58.23 57.63 57.02 56.39 55.76
