data_output/recharge/precip/Precip_1999_12.asc
ncols        168
nrows        136
xllcorner    455000
yllcorner    2107000
cellsize     500
NODATA_value     -99999
[rows 37 to 73 of 136, columns 0 to 81 of 168]
0.51 0.49 0.48 0.47 0.47 0.48 0.48 0.50 0.52 0.55 0.58 0.62 0.66 0.72 0.77 0.83 0.88 0.94 0.99 1.05 1.11 1.17 1.23 1.30 1.36 1.42 1.48 1.55 1.61 1.67 1.73 1.79 1.85 1.91 1.98 2.04 2.11 2.18 2.24 2.31 2.39 2.46 2.53 2.60 2.68 2.75 2.83 2.90 2.98 3.05 3.13 3.20 3.28 3.35 3.42 3.50 3.57 3.64 3.71 3.78 3.85 3.92 3.98 4.05 4.11 4.17 4.23 4.29 4.35 4.40 4.45 4.50 4.55 4.59 4.64 4.67 4.71 4.74 4.76 4.78 4.80 4.81
0.41 0.40 0.39 0.39 0.39 0.40 0.42 0.44 0.46 0.50 0.54 0.58 0.64 0.69 0.75 0.80 0.86 0.91 0.97 1.03 1.08 1.14 1.21 1.27 1.33 1.39 1.46 1.52 1.58 1.64 1.70 1.76 1.82 1.88 1.94 2.00 2.07 2.13 2.20 2.27 2.34 2.41 2.48 2.55 2.63 2.70 2.77 2.85 2.92 3.00 3.07 3.15 3.22 3.30 3.37 3.44 3.52 3.59 3.66 3.73 3.80 3.87 3.94 4.00 4.07 4.13 4.19 4.25 4.31 4.37 4.42 4.47 4.52 4.57 4.61 4.65 4.69 4.72 4.75 4.77 4.79 4.80
0.31 0.30 0.30 0.31 0.32 0.33 0.35 0.38 0.41 0.45 0.50 0.55 0.61 0.66 0.72 0.77 0.83 0.88 0.94 1.00 1.05 1.11 1.18 1.24 1.30 1.36 1.42 1.49 1.55 1.61 1.67 1.73 1.79 1.84 1.90 1.96 2.03 2.09 2.16 2.22 2.29 2.36 2.43 2.50 2.57 2.65 2.72 2.79 2.87 2.94 3.01 3.09 3.16 3.24 3.31 3.39 3.46 3.53 3.60 3.67 3.75 3.82 3.88 3.95 4.02 4.08 4.15 4.21 4.27 4.33 4.38 4.44 4.49 4.54 4.58 4.62 4.66 4.69 4.72 4.75 4.77 4.78
0.21 0.21 0.22 0.23 0.24 0.26 0.29 0.33 0.37 0.41 0.47 0.52 0.58 0.63 0.69 0.74 0.80 0.85 0.91 0.97 1.02 1.08 1.14 1.21 1.27 1.33 1.39 1.45 1.51 1.57 1.63 1.69 1.75 1.81 1.87 1.93 1.99 2.05 2.11 2.18 2.24 2.31 2.38 2.45 2.52 2.59 2.66 2.73 2.81 2.88 2.95 3.03 3.10 3.18 3.25 3.32 3.40 3.47 3.54 3.61 3.69 3.76 3.83 3.89 3.96 4.03 4.09 4.16 4.22 4.28 4.34 4.39 4.45 4.50 4.54 4.59 4.62 4.66 4.69 4.71 4.74 4.75
0.11 0.12 0.13 0.15 0.17 0.20 0.24 0.28 0.33 0.38 0.44 0.49 0.55 0.60 0.66 0.71 0.76 0.82 0.88 0.93 0.99 1.05 1.11 1.17 1.23 1.29 1.36 1.42 1.48 1.54 1.60 1.66 1.72 1.77 1.83 1.89 1.95 2.01 2.07 2.13 2.19 2.26 2.32 2.39 2.46 2.53 2.60 2.67 2.74 2.82 2.89 2.96 3.04 3.11 3.18 3.26 3.33 3.40 3.48 3.55 3.62 3.69 3.76 3.83 3.90 3.97 4.04 4.10 4.16 4.23 4.29 4.34 4.40 4.45 4.49 4.54 4.58 4.61 4.64 4.67 4.69 4.71
0.02 0.03 0.05 0.08 0.11 0.14 0.19 0.24 0.29 0.35 0.40 0.46 0.51 0.57 0.62 0.68 0.73 0.78 0.84 0.90 0.95 1.01 1.07 1.14 1.20 1.26 1.32 1.38 1.44 1.50 1.56 1.62 1.68 1.74 1.79 1.85 1.91 1.96 2.02 2.08 2.14 2.21 2.27 2.34 2.40 2.47 2.54 2.61 2.68 2.75 2.82 2.90 2.97 3.04 3.12 3.19 3.26 3.34 3.41 3.48 3.55 3.63 3.70 3.77 3.84 3.90 3.97 4.04 4.10 4.17 4.23 4.28 4.34 4.39 4.44 4.48 4.52 4.56 4.59 4.62 4.64 4.67
0.00 0.00 0.00 0.01 0.05 0.09 0.14 0.20 0.26 0.31 0.37 0.42 0.48 0.53 0.59 0.64 0.69 0.75 0.80 0.86 0.92 0.98 1.04 1.10 1.16 1.22 1.28 1.34 1.40 1.46 1.52 1.58 1.64 1.70 1.75 1.81 1.87 1.92 1.98 2.03 2.09 2.15 2.22 2.28 2.34 2.41 2.48 2.55 2.62 2.69 2.76 2.83 2.90 2.97 3.05 3.12 3.19 3.26 3.34 3.41 3.48 3.55 3.62 3.70 3.77 3.84 3.90 3.97 4.04 4.10 4.16 4.22 4.27 4.32 4.37 4.41 4.46 4.49 4.53 4.56 4.59 4.61
0.00 0.00 0.00 0.00 0.00 0.05 0.11 0.16 0.22 0.28 0.33 0.39 0.44 0.50 0.55 0.60 0.66 0.71 0.77 0.82 0.88 0.94 1.00 1.06 1.12 1.18 1.24 1.30 1.36 1.42 1.48 1.54 1.60 1.66 1.71 1.77 1.82 1.88 1.93 1.99 2.04 2.10 2.16 2.22 2.29 2.35 2.42 2.48 2.55 2.62 2.69 2.76 2.83 2.90 2.97 3.04 3.12 3.19 3.26 3.33 3.41 3.48 3.55 3.62 3.69 3.76 3.83 3.90 3.96 4.03 4.09 4.14 4.20 4.25 4.30 4.34 4.38 4.42 4.46 4.49 4.52 4.55
0.00 0.00 0.00 0.00 0.00 0.01 0.07 0.13 0.19 0.24 0.30 0.35 0.41 0.46 0.51 0.56 0.62 0.67 0.73 0.78 0.84 0.90 0.96 1.02 1.08 1.14 1.20 1.26 1.32 1.38 1.44 1.50 1.55 1.61 1.67 1.73 1.78 1.84 1.89 1.94 2.00 2.05 2.11 2.17 2.23 2.29 2.35 2.42 2.48 2.55 2.62 2.69 2.76 2.83 2.90 2.97 3.04 3.11 3.18 3.26 3.33 3.40 3.47 3.54 3.61 3.68 3.75 3.82 3.88 3.95 4.01 4.06 4.12 4.17 4.22 4.26 4.30 4.34 4.38 4.41 4.44 4.47
0.00 0.00 0.00 0.00 0.00 0.00 0.03 0.09 0.15 0.20 0.26 0.31 0.37 0.42 0.47 0.52 0.58 0.63 0.69 0.74 0.80 0.85 0.91 0.97 1.03 1.09 1.15 1.21 1.27 1.33 1.39 1.45 1.51 1.57 1.62 1.68 1.74 1.79 1.84 1.90 1.95 2.00 2.05 2.11 2.17 2.23 2.29 2.35 2.42 2.48 2.55 2.61 2.68 2.75 2.82 2.89 2.96 3.03 3.10 3.17 3.25 3.32 3.39 3.46 3.53 3.60 3.67 3.74 3.80 3.86 3.92 3.97 4.03 4.08 4.13 4.17 4.22 4.26 4.29 4.33 4.36 4.39
0.00 0.00 0.00 0.00 0.00 0.00 0.00 0.05 0.11 0.16 0.22 0.27 0.33 0.38 0.43 0.48 0.54 0.59 0.64 0.70 0.75 0.81 0.87 0.93 0.99 1.05 1.11 1.17 1.23 1.29 1.34 1.40 1.46 1.52 1.58 1.63 1.69 1.74 1.80 1.85 1.90 1.95 2.00 2.06 2.11 2.17 2.23 2.29 2.35 2.41 2.48 2.54 2.61 2.67 2.74 2.81 2.88 2.95 3.02 3.09 3.16 3.23 3.30 3.37 3.44 3.51 3.58 3.65 3.71 3.77 3.83 3.88 3.93 3.99 4.03 4.08 4.12 4.16 4.20 4.24 4.27 4.30
0.00 0.00 0.00 0.00 0.00 0.00 0.00 0.01 0.07 0.12 0.18 0.23 0.28 0.34 0.39 0.44 0.49 0.55 0.60 0.65 0.71 0.76 0.82 0.88 0.94 1.00 1.06 1.12 1.18 1.24 1.30 1.36 1.41 1.47 1.53 1.58 1.64 1.69 1.75 1.80 1.85 1.90 1.95 2.00 2.05 2.11 2.16 2.22 2.28 2.34 2.40 2.47 2.53 2.60 2.66 2.73 2.80 2.87 2.94 3.01 3.08 3.15 3.22 3.29 3.36 3.42 3.49 3.55 3.61 3.67 3.73 3.78 3.83 3.89 3.93 3.98 4.02 4.07 4.11 4.14 4.18 4.21
0.00 0.00 0.00 0.00 0.00 0.00 0.00 0.00 0.03 0.08 0.14 0.19 0.24 0.29 0.35 0.40 0.45 0.50 0.55 0.61 0.66 0.72 0.78 0.83 0.89 0.95 1.01 1.07 1.13 1.19 1.25 1.31 1.36 1.42 1.48 1.53 1.59 1.64 1.70 1.75 1.80 1.85 1.90 1.95 2.00 2.05 2.10 2.16 2.21 2.27 2.33 2.39 2.46 2.52 2.58 2.65 2.72 2.78 2.85 2.92 2.99 3.06 3.13 3.19 3.26 3.33 3.39 3.45 3.51 3.57 3.62 3.68 3.73 3.78 3.83 3.87 3.92 3.96 4.00 4.04 4.07 4.11
0.00 0.00 0.00 0.00 0.00 0.00 0.00 0.00 0.00 0.04 0.09 0.15 0.20 0.25 0.30 0.35 0.40 0.46 0.51 0.56 0.62 0.67 0.73 0.79 0.84 0.90 0.96 1.02 1.08 1.14 1.20 1.25 1.31 1.37 1.43 1.48 1.54 1.59 1.65 1.70 1.75 1.80 1.85 1.90 1.95 1.99 2.04 2.10 2.15 2.20 2.26 2.32 2.38 2.44 2.50 2.57 2.63 2.70 2.76 2.83 2.90 2.97 3.03 3.10 3.16 3.23 3.29 3.35 3.40 3.46 3.52 3.57 3.62 3.67 3.72 3.76 3.81 3.85 3.89 3.93 3.97 4.00
0.00 0.00 0.00 0.00 0.00 0.00 0.00 0.00 0.00 0.00 0.05 0.10 0.15 0.20 0.26 0.31 0.36 0.41 0.46 0.51 0.57 0.62 0.68 0.74 0.79 0.85 0.91 0.97 1.03 1.09 1.14 1.20 1.26 1.32 1.37 1.43 1.49 1.54 1.59 1.65 1.70 1.75 1.80 1.85 1.89 1.94 1.99 2.03 2.08 2.14 2.19 2.25 2.30 2.36 2.42 2.49 2.55 2.61 2.68 2.74 2.81 2.87 2.94 3.00 3.06 3.12 3.18 3.24 3.30 3.35 3.40 3.46 3.51 3.56 3.60 3.65 3.69 3.74 3.78 3.82 3.85 3.89
0.00 0.00 0.00 0.00 0.00 0.00 0.00 0.00 0.00 0.00 0.00 0.06 0.11 0.16 0.21 0.26 0.31 0.36 0.41 0.46 0.52 0.57 0.63 0.69 0.74 0.80 0.86 0.92 0.97 1.03 1.09 1.15 1.21 1.26 1.32 1.38 1.43 1.49 1.54 1.59 1.64 1.69 1.74 1.79 1.84 1.88 1.93 1.97 2.02 2.07 2.12 2.18 2.23 2.29 2.34 2.40 2.46 2.53 2.59 2.65 2.72 2.78 2.84 2.90 2.96 3.02 3.07 3.13 3.18 3.24 3.29 3.34 3.39 3.44 3.48 3.53 3.57 3.62 3.66 3.70 3.74 3.77
0.00 0.00 0.00 0.00 0.00 0.00 0.00 0.00 0.00 0.00 0.00 0.01 0.06 0.11 0.16 0.21 0.26 0.31 0.36 0.42 0.47 0.52 0.58 0.63 0.69 0.75 0.81 0.86 0.92 0.98 1.04 1.09 1.15 1.21 1.26 1.32 1.38 1.43 1.48 1.54 1.59 1.64 1.69 1.74 1.78 1.83 1.87 1.92 1.96 2.01 2.06 2.11 2.16 2.21 2.27 2.32 2.38 2.44 2.50 2.56 2.62 2.68 2.74 2.79 2.85 2.91 2.96 3.01 3.07 3.12 3.17 3.22 3.27 3.32 3.36 3.41 3.45 3.49 3.53 3.57 3.61 3.65
0.00 0.00 0.00 0.00 0.00 0.00 0.00 0.00 0.00 0.00 0.00 0.00 0.01 0.06 0.11 0.16 0.21 0.26 0.31 0.36 0.42 0.47 0.53 0.58 0.64 0.69 0.75 0.81 0.87 0.92 0.98 1.04 1.10 1.15 1.21 1.26 1.32 1.37 1.43 1.48 1.53 1.58 1.63 1.68 1.73 1.77 1.82 1.86 1.90 1.95 1.99 2.04 2.09 2.14 2.19 2.24 2.30 2.36 2.41 2.47 2.52 2.58 2.63 2.69 2.74 2.79 2.85 2.90 2.95 3.00 3.05 3.10 3.14 3.19 3.24 3.28 3.32 3.37 3.41 3.45 3.49 3.52
0.00 0.00 0.00 0.00 0.00 0.00 0.00 0.00 0.00 0.00 0.00 0.00 0.00 0.02 0.07 0.11 0.16 0.21 0.26 0.31 0.37 0.42 0.47 0.53 0.58 0.64 0.70 0.75 0.81 0.87 0.92 0.98 1.04 1.09 1.15 1.21 1.26 1.32 1.37 1.42 1.47 1.53 1.58 1.62 1.67 1.72 1.76 1.81 1.85 1.89 1.93 1.97 2.02 2.06 2.11 2.16 2.22 2.27 2.32 2.38 2.43 2.48 2.53 2.58 2.63 2.68 2.73 2.78 2.83 2.88 2.92 2.97 3.02 3.06 3.11 3.15 3.19 3.24 3.28 3.32 3.36 3.40
0.00 0.00 0.00 0.00 0.00 0.00 0.00 0.00 0.00 0.00 0.00 0.00 0.00 0.00 0.02 0.07 0.11 0.16 0.21 0.26 0.31 0.37 0.42 0.47 0.53 0.59 0.64 0.70 0.75 0.81 0.87 0.92 0.98 1.04 1.09 1.15 1.20 1.26 1.31 1.36 1.42 1.47 1.52 1.57 1.61 1.66 1.70 1.75 1.79 1.83 1.87 1.91 1.95 1.99 2.04 2.09 2.14 2.18 2.23 2.28 2.33 2.38 2.42 2.47 2.52 2.57 2.61 2.66 2.71 2.75 2.80 2.84 2.89 2.93 2.97 3.02 3.06 3.10 3.14 3.18 3.22 3.26
0.00 0.00 0.00 0.00 0.00 0.00 0.00 0.00 0.00 0.00 0.00 0.00 0.00 0.00 0.00 0.02 0.06 0.11 0.16 0.21 0.26 0.31 0.37 0.42 0.47 0.53 0.59 0.64 0.70 0.75 0.81 0.87 0.92 0.98 1.03 1.09 1.14 1.20 1.25 1.30 1.36 1.41 1.46 1.51 1.55 1.60 1.65 1.69 1.73 1.77 1.81 1.85 1.89 1.93 1.97 2.01 2.06 2.10 2.14 2.19 2.23 2.27 2.32 2.36 2.41 2.45 2.50 2.54 2.58 2.63 2.67 2.71 2.76 2.80 2.84 2.88 2.93 2.97 3.01 3.05 3.09 3.13
0.00 0.00 0.00 0.00 0.00 0.00 0.00 0.00 0.00 0.00 0.00 0.00 0.00 0.00 0.00 0.00 0.01 0.06 0.11 0.16 0.21 0.26 0.31 0.36 0.42 0.47 0.53 0.58 0.64 0.70 0.75 0.81 0.86 0.92 0.97 1.03 1.08 1.14 1.19 1.24 1.30 1.35 1.40 1.45 1.49 1.54 1.59 1.63 1.67 1.71 1.75 1.79 1.82 1.86 1.90 1.94 1.97 2.01 2.05 2.09 2.13 2.17 2.21 2.25 2.29 2.34 2.38 2.42 2.46 2.50 2.54 2.58 2.62 2.67 2.71 2.75 2.79 2.83 2.87 2.91 2.95 2.99
0.00 0.00 0.00 0.00 0.00 0.00 0.00 0.00 0.00 0.00 0.00 0.00 0.00 0.00 0.00 0.00 0.00 0.01 0.06 0.10 0.15 0.20 0.26 0.31 0.36 0.42 0.47 0.53 0.58 0.64 0.69 0.75 0.80 0.86 0.91 0.97 1.02 1.08 1.13 1.18 1.23 1.29 1.34 1.38 1.43 1.48 1.52 1.57 1.61 1.65 1.69 1.73 1.76 1.80 1.83 1.86 1.90 1.93 1.96 2.00 2.03 2.07 2.11 2.14 2.18 2.22 2.26 2.30 2.33 2.37 2.41 2.45 2.49 2.53 2.57 2.61 2.65 2.69 2.73 2.77 2.81 2.85
0.00 0.00 0.00 0.00 0.00 0.00 0.00 0.00 0.00 0.00 0.00 0.00 0.00 0.00 0.00 0.00 0.00 0.00 0.00 0.05 0.10 0.15 0.20 0.25 0.31 0.36 0.41 0.47 0.52 0.58 0.63 0.69 0.74 0.80 0.85 0.91 0.96 1.02 1.07 1.12 1.17 1.22 1.27 1.32 1.37 1.42 1.46 1.51 1.55 1.59 1.63 1.67 1.70 1.73 1.76 1.79 1.82 1.85 1.88 1.91 1.94 1.97 2.00 2.04 2.07 2.10 2.14 2.17 2.21 2.25 2.28 2.32 2.36 2.40 2.43 2.47 2.51 2.55 2.59 2.63 2.67 2.71
0.00 0.00 0.00 0.00 0.00 0.00 0.00 0.00 0.00 0.00 0.00 0.00 0.00 0.00 0.00 0.00 0.00 0.00 0.00 0.00 0.05 0.10 0.15 0.20 0.25 0.30 0.36 0.41 0.46 0.52 0.57 0.63 0.68 0.74 0.79 0.85 0.90 0.95 1.01 1.06 1.11 1.16 1.21 1.26 1.31 1.36 1.40 1.45 1.49 1.53 1.57 1.61 1.64 1.67 1.70 1.72 1.74 1.76 1.79 1.82 1.84 1.87 1.90 1.93 1.96 1.99 2.02 2.05 2.09 2.12 2.15 2.19 2.22 2.26 2.30 2.33 2.37 2.41 2.45 2.49 2.53 2.57
0.00 0.00 0.00 0.00 0.00 0.00 0.00 0.00 0.00 0.00 0.00 0.00 0.00 0.00 0.00 0.00 0.00 0.00 0.00 0.00 0.00 0.04 0.09 0.14 0.19 0.24 0.30 0.35 0.40 0.46 0.51 0.57 0.62 0.68 0.73 0.78 0.84 0.89 0.94 1.00 1.05 1.10 1.15 1.20 1.25 1.29 1.34 1.38 1.43 1.47 1.51 1.54 1.57 1.60 1.63 1.65 1.67 1.69 1.71 1.73 1.75 1.77 1.80 1.82 1.85 1.87 1.90 1.93 1.96 1.99 2.03 2.06 2.09 2.13 2.16 2.20 2.23 2.27 2.31 2.35 2.38 2.42
0.00 0.00 0.00 0.00 0.00 0.00 0.00 0.00 0.00 0.00 0.00 0.00 0.00 0.00 0.00 0.00 0.00 0.00 0.00 0.00 0.00 0.00 0.03 0.08 0.14 0.19 0.24 0.29 0.35 0.40 0.45 0.51 0.56 0.61 0.67 0.72 0.78 0.83 0.88 0.93 0.98 1.04 1.09 1.13 1.18 1.23 1.28 1.32 1.36 1.40 1.44 1.47 1.50 1.53 1.56 1.58 1.59 1.61 1.62 1.64 1.66 1.68 1.70 1.72 1.74 1.76 1.79 1.81 1.84 1.87 1.90 1.93 1.96 1.99 2.02 2.06 2.09 2.13 2.17 2.20 2.24 2.28
0.00 0.00 0.00 0.00 0.00 0.00 0.00 0.00 0.00 0.00 0.00 0.00 0.00 0.00 0.00 0.00 0.00 0.00 0.00 0.00 0.00 0.00 0.00 0.03 0.08 0.13 0.18 0.23 0.29 0.34 0.39 0.45 0.50 0.55 0.61 0.66 0.71 0.77 0.82 0.87 0.92 0.97 1.02 1.07 1.12 1.17 1.21 1.26 1.30 1.34 1.37 1.41 1.43 1.46 1.48 1.50 1.52 1.53 1.55 1.56 1.57 1.58 1.60 1.62 1.63 1.65 1.67 1.70 1.72 1.75 1.77 1.80 1.83 1.86 1.89 1.92 1.96 1.99 2.02 2.06 2.10 2.14
0.00 0.00 0.00 0.00 0.00 0.00 0.00 0.00 0.00 0.00 0.00 0.00 0.00 0.00 0.00 0.00 0.00 0.00 0.00 0.00 0.00 0.00 0.00 0.00 0.02 0.07 0.12 0.17 0.23 0.28 0.33 0.38 0.44 0.49 0.54 0.60 0.65 0.70 0.75 0.81 0.86 0.91 0.96 1.01 1.06 1.10 1.15 1.19 1.23 1.27 1.30 1.33 1.36 1.39 1.41 1.43 1.45 1.46 1.47 1.48 1.48 1.49 1.50 1.52 1.53 1.55 1.56 1.58 1.60 1.62 1.65 1.67 1.70 1.73 1.76 1.79 1.82 1.85 1.89 1.92 1.96 1.99
0.00 0.00 0.00 0.00 0.00 0.00 0.00 0.00 0.00 0.00 0.00 0.00 0.00 0.00 0.00 0.00 0.00 0.00 0.00 0.00 0.00 0.00 0.00 0.00 0.00 0.01 0.06 0.12 0.17 0.22 0.27 0.32 0.38 0.43 0.48 0.53 0.59 0.64 0.69 0.74 0.79 0.84 0.89 0.94 0.99 1.04 1.08 1.12 1.16 1.20 1.23 1.26 1.29 1.31 1.34 1.35 1.37 1.38 1.39 1.40 1.40 1.41 1.41 1.42 1.43 1.44 1.46 1.47 1.49 1.51 1.53 1.55 1.57 1.60 1.62 1.65 1.68 1.71 1.75 1.78 1.82 1.85
0.00 0.00 0.00 0.00 0.00 0.00 0.00 0.00 0.00 0.00 0.00 0.00 0.00 0.00 0.00 0.00 0.00 0.00 0.00 0.00 0.00 0.00 0.00 0.00 0.00 0.00 0.01 0.06 0.11 0.16 0.21 0.26 0.32 0.37 0.42 0.47 0.52 0.58 0.63 0.68 0.73 0.78 0.83 0.88 0.93 0.97 1.01 1.06 1.09 1.13 1.16 1.19 1.21 1.24 1.26 1.28 1.29 1.30 1.31 1.32 1.32 1.32 1.32 1.33 1.33 1.34 1.35 1.36 1.38 1.39 1.41 1.43 1.45 1.47 1.50 1.52 1.55 1.58 1.61 1.64 1.68 1.71
0.00 0.00 0.00 0.00 0.00 0.00 0.00 0.00 0.00 0.00 0.00 0.00 0.00 0.00 0.00 0.00 0.00 0.00 0.00 0.00 0.00 0.00 0.00 0.00 0.00 0.00 0.00 0.00 0.05 0.10 0.15 0.20 0.25 0.31 0.36 0.41 0.46 0.51 0.57 0.62 0.67 0.72 0.77 0.81 0.86 0.90 0.95 0.98 1.02 1.05 1.08 1.11 1.14 1.16 1.18 1.20 1.21 1.22 1.23 1.24 1.24 1.24 1.24 1.24 1.24 1.24 1.25 1.26 1.27 1.28 1.29 1.31 1.33 1.35 1.37 1.39 1.42 1.45 1.48 1.51 1.54 1.58
0.00 0.00 0.00 0.00 0.00 0.00 0.00 0.00 0.00 0.00 0.00 0.00 0.00 0.00 0.00 0.00 0.00 0.00 0.00 0.00 0.00 0.00 0.00 0.00 0.00 0.00 0.00 0.00 0.00 0.04 0.09 0.14 0.19 0.24 0.30 0.35 0.40 0.45 0.50 0.55 0.60 0.65 0.70 0.75 0.79 0.84 0.88 0.91 0.95 0.98 1.01 1.04 1.06 1.08 1.10 1.12 1.13 1.14 1.15 1.16 1.16 1.16 1.16 1.16 1.15 1.15 1.15 1.16 1.16 1.17 1.18 1.19 1.21 1.23 1.25 1.27 1.29 1.32 1.35 1.38 1.41 1.44
0.00 0.00 0.00 0.00 0.00 0.00 0.00 0.00 0.00 0.00 0.00 0.00 0.00 0.00 0.00 0.00 0.00 0.00 0.00 0.00 0.00 0.00 0.00 0.00 0.00 0.00 0.00 0.00 0.00 0.00 0.03 0.08 0.13 0.18 0.24 0.29 0.34 0.39 0.44 0.49 0.54 0.59 0.64 0.68 0.73 0.77 0.80 0.84 0.87 0.90 0.93 0.96 0.98 1.00 1.02 1.04 1.05 1.06 1.07 1.08 1.08 1.08 1.08 1.08 1.07 1.06 1.06 1.06 1.06 1.07 1.07 1.08 1.10 1.11 1.13 1.15 1.17 1.19 1.22 1.25 1.28 1.31
0.00 0.00 0.00 0.00 0.00 0.00 0.00 0.00 0.00 0.00 0.00 0.00 0.00 0.00 0.00 0.00 0.00 0.00 0.00 0.00 0.00 0.00 0.00 0.00 0.00 0.00 0.00 0.00 0.00 0.00 0.00 0.02 0.07 0.12 0.17 0.22 0.28 0.33 0.38 0.43 0.48 0.52 0.57 0.61 0.66 0.69 0.73 0.77 0.80 0.83 0.86 0.88 0.90 0.92 0.94 0.96 0.97 0.98 0.99 1.00 1.00 1.00 1.00 1.00 0.99 0.98 0.97 0.97 0.97 0.97 0.97 0.98 0.99 1.00 1.01 1.03 1.05 1.07 1.09 1.12 1.15 1.18
0.00 0.00 0.00 0.00 0.00 0.00 0.00 0.00 0.00 0.00 0.00 0.00 0.00 0.00 0.00 0.00 0.00 0.00 0.00 0.00 0.00 0.00 0.00 0.00 0.00 0.00 0.00 0.00 0.00 0.00 0.00 0.00 0.01 0.06 0.11 0.16 0.21 0.26 0.31 0.36 0.41 0.46 0.50 0.54 0.58 0.62 0.66 0.69 0.72 0.75 0.78 0.80 0.82 0.84 0.86 0.88 0.89 0.90 0.91 0.92 0.92 0.92 0.92 0.92 0.91 0.90 0.89 0.88 0.88 0.87 0.87 0.88 0.88 0.89 0.90 0.92 0.93 0.95 0.97 1.00 1.03 1.06
0.00 0.00 0.00 0.00 0.00 0.00 0.00 0.00 0.00 0.00 0.00 0.00 0.00 0.00 0.00 0.00 0.00 0.00 0.00 0.00 0.00 0.00 0.00 0.00 0.00 0.00 0.00 0.00 0.00 0.00 0.00 0.00 0.00 0.00 0.05 0.10 0.15 0.20 0.25 0.30 0.35 0.39 0.43 0.47 0.51 0.55 0.58 0.62 0.65 0.67 0.70 0.72 0.74 0.76 0.78 0.80 0.81 0.82 0.83 0.84 0.84 0.84 0.84 0.84 0.83 0.82 0.82 0.80 0.79 0.79 0.78 0.78 0.78 0.79 0.80 0.81 0.82 0.84 0.86 0.88 0.91 0.93
