data_output/recharge/precip/Precip_2006_09.asc
ncols        168
nrows        136
xllcorner    455000
yllcorner    2107000
cellsize     500
NODATA_value     -99999
[rows 64 to 95 of 136, columns 0 to 73 of 168]
78.71 81.26 83.12 84.38 85.11 85.37 85.24 84.78 84.07 83.18 82.17 81.13 80.11 79.18 78.43 77.88 77.55 77.42 77.50 77.77 78.24 78.89 79.73 80.75 81.95 83.31 84.85 86.54 88.39 90.39 92.55 94.84 97.27 99.80 102.40 105.06 107.79 110.58 113.43 116.33 119.29 122.29 125.35 128.45 131.59 134.76 137.98 141.23 144.52 147.97 151.67 155.61 159.74 164.03 168.45 172.95 177.50 182.07 186.62 191.11 195.51 199.77 203.87 207.77 211.43 214.82 217.89 220.50 222.42 223.64 224.19 224.08 223.36 222.03
70.96 73.60 75.56 76.92 77.73 78.07 78.02 77.63 76.99 76.17 75.22 74.23 73.26 72.39 71.68 71.19 70.91 70.84 70.97 71.32 71.85 72.59 73.51 74.61 75.90 77.36 78.99 80.79 82.75 84.87 87.14 89.55 92.11 94.81 97.60 100.46 103.39 106.38 109.43 112.54 115.70 118.91 122.17 125.48 128.83 132.22 135.64 139.12 142.77 146.68 150.83 155.19 159.72 164.39 169.16 173.99 178.85 183.70 188.51 193.23 197.84 202.29 206.56 210.59 214.37 217.84 220.98 223.64 225.62 226.89 227.50 227.45 226.79 225.53
63.22 65.96 68.02 69.46 70.36 70.78 70.80 70.49 69.92 69.16 68.28 67.34 66.43 65.61 64.95 64.50 64.27 64.26 64.46 64.87 65.48 66.29 67.29 68.48 69.86 71.41 73.14 75.05 77.11 79.34 81.73 84.27 86.96 89.79 92.75 95.81 98.94 102.14 105.39 108.71 112.07 115.50 118.97 122.49 126.05 129.66 133.32 137.16 141.27 145.64 150.23 155.00 159.92 164.96 170.07 175.22 180.37 185.49 190.54 195.48 200.29 204.91 209.32 213.49 217.36 220.92 224.11 226.81 228.82 230.14 230.78 230.79 230.17 228.97
55.51 58.34 60.49 62.02 63.01 63.51 63.61 63.38 62.88 62.18 61.36 60.48 59.62 58.85 58.23 57.83 57.66 57.70 57.97 58.44 59.13 60.01 61.09 62.37 63.83 65.48 67.31 69.32 71.50 73.84 76.34 79.00 81.82 84.78 87.88 91.12 94.46 97.86 101.32 104.85 108.43 112.07 115.76 119.49 123.28 127.12 131.15 135.46 140.04 144.86 149.87 155.04 160.34 165.72 171.16 176.61 182.04 187.42 192.70 197.85 202.84 207.63 212.18 216.45 220.42 224.03 227.27 229.99 232.03 233.37 234.05 234.09 233.51 232.34
47.83 50.76 53.01 54.63 55.69 56.28 56.46 56.30 55.86 55.23 54.47 53.65 52.84 52.12 51.55 51.20 51.08 51.18 51.51 52.05 52.80 53.76 54.93 56.29 57.84 59.59 61.52 63.62 65.91 68.36 70.98 73.77 76.71 79.80 83.04 86.42 89.94 93.55 97.23 100.97 104.77 108.63 112.53 116.49 120.52 124.73 129.25 134.04 139.08 144.33 149.75 155.31 160.97 166.69 172.44 178.18 183.88 189.50 195.00 200.35 205.51 210.44 215.11 219.48 223.52 227.19 230.45 233.19 235.24 236.60 237.29 237.35 236.80 235.65
40.20 43.23 45.57 47.28 48.43 49.10 49.35 49.26 48.90 48.33 47.63 46.87 46.11 45.44 44.91 44.61 44.54 44.70 45.09 45.70 46.53 47.56 48.81 50.25 51.90 53.73 55.76 57.97 60.36 62.93 65.67 68.57 71.64 74.86 78.24 81.76 85.43 89.23 93.12 97.08 101.10 105.18 109.31 113.51 117.92 122.63 127.64 132.90 138.38 144.05 149.87 155.80 161.81 167.86 173.91 179.93 185.88 191.72 197.43 202.96 208.27 213.34 218.12 222.58 226.68 230.39 233.66 236.40 238.45 239.81 240.51 240.58 240.03 238.90
32.64 35.76 38.19 39.99 41.23 41.98 42.31 42.29 42.00 41.49 40.85 40.15 39.44 38.81 38.34 38.08 38.07 38.29 38.74 39.41 40.31 41.42 42.74 44.27 46.01 47.94 50.06 52.38 54.88 57.55 60.41 63.43 66.63 69.98 73.49 77.15 80.96 84.92 89.01 93.19 97.43 101.74 106.11 110.70 115.61 120.83 126.31 132.03 137.95 144.02 150.23 156.52 162.86 169.22 175.56 181.84 188.03 194.09 199.99 205.69 211.15 216.33 221.21 225.74 229.89 233.62 236.90 239.62 241.65 243.00 243.70 243.75 243.21 242.08
25.14 28.37 30.89 32.78 34.10 34.93 35.34 35.39 35.16 34.73 34.15 33.50 32.84 32.26 31.83 31.62 31.66 31.94 32.45 33.19 34.16 35.34 36.75 38.36 40.18 42.21 44.43 46.85 49.46 52.25 55.22 58.36 61.68 65.16 68.81 72.61 76.56 80.67 84.91 89.29 93.77 98.32 103.09 108.20 113.62 119.32 125.28 131.44 137.77 144.24 150.81 157.45 164.11 170.77 177.38 183.92 190.33 196.60 202.67 208.53 214.12 219.41 224.37 228.96 233.15 236.89 240.15 242.84 244.85 246.18 246.85 246.89 246.32 245.18
17.74 21.06 23.67 25.65 27.06 27.97 28.45 28.58 28.42 28.04 27.52 26.93 26.33 25.80 25.41 25.25 25.34 25.67 26.25 27.05 28.09 29.35 30.83 32.53 34.44 36.56 38.88 41.40 44.12 47.02 50.10 53.37 56.81 60.43 64.21 68.15 72.24 76.50 80.90 85.44 90.13 95.08 100.38 106.01 111.94 118.12 124.52 131.11 137.85 144.70 151.63 158.60 165.57 172.51 179.39 186.16 192.79 199.24 205.48 211.48 217.18 222.57 227.60 232.24 236.44 240.19 243.42 246.08 248.04 249.33 249.96 249.97 249.38 248.21
10.43 13.85 16.56 18.62 20.11 21.10 21.66 21.86 21.77 21.46 21.00 20.46 19.91 19.43 19.08 18.97 19.11 19.50 20.14 21.01 22.12 23.45 25.02 26.80 28.80 31.01 33.43 36.05 38.87 41.88 45.09 48.47 52.04 55.78 59.70 63.77 68.02 72.42 76.97 81.69 86.72 92.18 98.01 104.15 110.56 117.20 124.04 131.05 138.18 145.40 152.67 159.96 167.23 174.44 181.56 188.56 195.39 202.02 208.41 214.53 220.35 225.81 230.90 235.57 239.79 243.51 246.71 249.31 251.22 252.46 253.04 253.01 252.37 251.16
3.24 6.75 9.55 11.70 13.28 14.35 14.98 15.25 15.23 14.98 14.58 14.10 13.61 13.17 12.87 12.80 13.00 13.44 14.14 15.08 16.25 17.66 19.31 21.17 23.26 25.56 28.08 30.80 33.73 36.85 40.17 43.68 47.37 51.24 55.29 59.51 63.89 68.44 73.16 78.21 83.71 89.64 95.96 102.60 109.48 116.58 123.85 131.25 138.76 146.33 153.93 161.53 169.08 176.55 183.91 191.12 198.13 204.93 211.46 217.70 223.60 229.13 234.26 238.95 243.17 246.86 250.01 252.54 254.38 255.56 256.08 255.99 255.29 254.03
0.00 0.00 2.67 4.91 6.57 7.72 8.43 8.77 8.82 8.63 8.29 7.86 7.42 7.03 6.77 6.76 7.00 7.50 8.26 9.26 10.51 11.99 13.71 15.67 17.84 20.24 22.85 25.68 28.71 31.94 35.38 39.00 42.82 46.82 51.00 55.36 59.88 64.60 69.65 75.17 81.14 87.52 94.28 101.37 108.71 116.24 123.92 131.72 139.59 147.50 155.42 163.31 171.13 178.85 186.43 193.83 201.02 207.96 214.62 220.96 226.94 232.53 237.69 242.39 246.58 250.24 253.32 255.77 257.53 258.63 259.08 258.91 258.15 256.82
0.00 0.00 0.00 0.00 0.00 1.23 2.01 2.43 2.54 2.42 2.13 1.76 1.37 1.02 0.81 0.84 1.14 1.70 2.51 3.58 4.90 6.46 8.26 10.29 12.55 15.04 17.75 20.68 23.82 27.16 30.71 34.46 38.40 42.53 46.84 51.34 56.03 61.07 66.59 72.59 79.01 85.83 93.00 100.48 108.24 116.19 124.27 132.44 140.66 148.91 157.13 165.30 173.37 181.32 189.11 196.70 204.05 211.13 217.90 224.33 230.37 236.00 241.18 245.87 250.03 253.63 256.64 258.99 260.66 261.67 262.03 261.77 260.93 259.52
0.00 0.00 0.00 0.00 0.00 0.00 0.00 0.00 0.00 0.00 0.00 0.00 0.00 0.00 0.00 0.00 0.00 0.00 0.00 0.00 0.00 1.06 2.94 5.06 7.41 9.99 12.80 15.83 19.07 22.53 26.19 30.06 34.12 38.38 42.82 47.48 52.50 58.01 64.02 70.47 77.33 84.56 92.12 99.98 108.09 116.42 124.89 133.42 141.98 150.54 159.05 167.49 175.81 183.97 191.96 199.71 207.21 214.42 221.29 227.79 233.89 239.54 244.72 249.39 253.51 257.04 259.96 262.20 263.77 264.67 264.93 264.58 263.64 262.13
0.00 0.00 0.00 0.00 0.00 0.00 0.00 0.00 0.00 0.00 0.00 0.00 0.00 0.00 0.00 0.00 0.00 0.00 0.00 0.00 0.00 0.00 0.00 0.00 2.42 5.10 8.00 11.13 14.48 18.04 21.82 25.81 30.00 34.38 38.99 43.96 49.46 55.46 61.92 68.81 76.09 83.71 91.65 99.87 108.32 116.97 125.77 134.65 143.54 152.40 161.19 169.88 178.43 186.80 194.96 202.88 210.51 217.82 224.78 231.35 237.48 243.15 248.32 252.96 257.02 260.47 263.28 265.41 266.85 267.63 267.78 267.32 266.27 264.66
0.00 0.00 0.00 0.00 0.00 0.00 0.00 0.00 0.00 0.00 0.00 0.00 0.00 0.00 0.00 0.00 0.00 0.00 0.00 0.00 0.00 0.00 0.00 0.00 0.00 0.37 3.37 6.60 10.06 13.73 17.62 21.73 26.04 30.58 35.50 40.97 46.95 53.41 60.31 67.62 75.30 83.31 91.60 100.16 108.93 117.87 126.96 136.14 145.33 154.48 163.53 172.46 181.23 189.80 198.13 206.19 213.94 221.35 228.38 234.99 241.15 246.83 251.98 256.56 260.55 263.91 266.60 268.59 269.91 270.56 270.58 269.99 268.82 267.09
0.00 0.00 0.00 0.00 0.00 0.00 0.00 0.00 0.00 0.00 0.00 0.00 0.00 0.00 0.00 0.00 0.00 0.00 0.00 0.00 0.00 0.00 0.00 0.00 0.00 0.00 0.00 2.25 5.81 9.60 13.61 17.83 22.29 27.15 32.56 38.51 44.95 51.86 59.19 66.90 74.96 83.33 91.97 100.85 109.91 119.14 128.48 137.91 147.37 156.78 166.09 175.25 184.22 192.96 201.45 209.64 217.50 224.99 232.08 238.73 244.90 250.57 255.68 260.21 264.11 267.36 269.92 271.77 272.93 273.44 273.32 272.59 271.28 269.42
0.00 0.00 0.00 0.00 0.00 0.00 0.00 0.00 0.00 0.00 0.00 0.00 0.00 0.00 0.00 0.00 0.00 0.00 0.00 0.00 0.00 0.00 0.00 0.00 0.00 0.00 0.00 0.00 1.76 5.66 9.78 14.15 18.93 24.28 30.18 36.59 43.49 50.82 58.56 66.66 75.08 83.80 92.76 101.94 111.29 120.77 130.36 140.00 149.67 159.31 168.85 178.22 187.38 196.29 204.92 213.23 221.19 228.75 235.88 242.56 248.73 254.36 259.43 263.88 267.69 270.82 273.23 274.92 275.92 276.27 276.00 275.12 273.66 271.65
0.00 0.00 0.00 0.00 0.00 0.00 0.00 0.00 0.00 0.00 0.00 0.00 0.00 0.00 0.00 0.00 0.00 0.00 0.00 0.00 0.00 0.00 0.00 0.00 0.00 0.00 0.00 0.00 0.00 1.93 6.19 10.87 16.14 21.99 28.36 35.23 42.56 50.30 58.42 66.89 75.67 84.71 93.98 103.44 113.05 122.78 132.59 142.43 152.28 162.09 171.82 181.39 190.72 199.79 208.54 216.96 224.99 232.62 239.78 246.46 252.62 258.22 263.22 267.59 271.29 274.28 276.54 278.05 278.88 279.06 278.62 277.58 275.96 273.79
0.00 0.00 0.00 0.00 0.00 0.00 0.00 0.00 0.00 0.00 0.00 0.00 0.00 0.00 0.00 0.00 0.00 0.00 0.00 0.00 0.00 0.00 0.00 0.00 0.00 0.00 0.00 0.00 0.00 0.00 3.02 8.20 13.97 20.28 27.11 34.41 42.15 50.29 58.79 67.61 76.71 86.06 95.62 105.34 115.20 125.16 135.17 145.20 155.21 165.17 175.02 184.74 194.24 203.44 212.32 220.82 228.93 236.59 243.78 250.45 256.58 262.13 267.05 271.32 274.90 277.75 279.83 281.16 281.80 281.80 281.17 279.95 278.16 275.82
0.00 0.00 0.00 0.00 0.00 0.00 0.00 0.00 0.00 0.00 0.00 0.00 0.00 0.00 0.00 0.00 0.00 0.00 0.00 0.00 0.00 0.00 0.00 0.00 0.00 0.00 0.00 0.00 0.00 0.00 0.47 6.15 12.39 19.17 26.43 34.15 42.29 50.80 59.65 68.80 78.22 87.86 97.69 107.66 117.75 127.92 138.12 148.31 158.47 168.55 178.51 188.32 197.93 207.26 216.23 224.82 232.97 240.67 247.86 254.52 260.61 266.09 270.93 275.08 278.52 281.21 283.11 284.23 284.68 284.48 283.66 282.25 280.27 277.74
0.00 0.00 0.00 0.00 0.00 0.00 0.00 0.00 0.00 0.00 0.00 0.00 0.00 0.00 0.00 0.00 0.00 0.00 0.00 0.00 0.00 0.00 0.00 0.00 0.00 0.00 0.00 0.00 0.00 0.00 0.00 4.72 11.43 18.65 26.33 34.45 42.96 51.83 61.02 70.49 80.20 90.11 100.19 110.40 120.70 131.06 141.42 151.77 162.05 172.24 182.29 192.16 201.82 211.23 220.29 228.94 237.14 244.85 252.04 258.67 264.70 270.10 274.84 278.87 282.16 284.67 286.37 287.28 287.52 287.11 286.08 284.47 282.28 279.56
0.00 0.00 0.00 0.00 0.00 0.00 0.00 0.00 0.00 0.00 0.00 0.00 0.00 0.00 0.00 0.00 0.00 0.00 0.00 0.00 0.00 0.00 0.00 0.00 0.00 0.00 0.00 0.00 0.00 0.00 0.00 3.93 11.08 18.72 26.81 35.31 44.18 53.39 62.89 72.66 82.65 92.82 103.13 113.56 124.05 134.58 145.10 155.58 165.97 176.25 186.36 196.28 205.97 215.39 224.49 233.19 241.42 249.13 256.30 262.89 268.85 274.16 278.78 282.67 285.80 288.12 289.61 290.30 290.31 289.68 288.43 286.60 284.20 281.26
0.00 0.00 0.00 0.00 0.00 0.00 0.00 0.00 0.00 0.00 0.00 0.00 0.00 0.00 0.00 0.00 0.00 0.00 0.00 0.00 0.00 0.00 0.00 0.00 0.00 0.00 0.00 0.00 0.00 0.00 0.00 3.77 11.35 19.39 27.86 36.73 45.94 55.47 65.28 75.32 85.57 95.98 106.51 117.14 127.81 138.49 149.14 159.73 170.22 180.57 190.74 200.69 210.39 219.79 228.87 237.57 245.80 253.51 260.65 267.18 273.06 278.27 282.76 286.49 289.44 291.57 292.84 293.28 293.05 292.18 290.70 288.64 286.01 282.85
0.00 0.00 0.00 0.00 0.00 0.00 0.00 0.00 0.00 0.00 0.00 0.00 0.00 0.00 0.00 0.00 0.00 0.00 0.00 0.00 0.00 0.00 0.00 0.00 0.00 0.00 0.00 0.00 0.00 0.00 0.00 4.25 12.23 20.66 29.50 38.71 48.25 58.09 68.18 78.49 88.97 99.60 110.34 121.14 131.97 142.79 153.56 164.24 174.81 185.21 195.41 205.37 215.06 224.44 233.47 242.10 250.30 257.99 265.08 271.53 277.33 282.41 286.76 290.33 293.09 295.00 296.03 296.23 295.74 294.63 292.90 290.59 287.72 284.32
0.00 0.00 0.00 0.00 0.00 0.00 0.00 0.00 0.00 0.00 0.00 0.00 0.00 0.00 0.00 0.00 0.00 0.00 0.00 0.00 0.00 0.00 0.00 0.00 0.00 0.00 0.00 0.00 0.00 0.00 0.00 5.36 13.74 22.54 31.73 41.27 51.12 61.24 71.59 82.15 92.86 103.69 114.61 125.57 136.54 147.48 158.35 169.11 179.73 190.17 200.39 210.35 220.01 229.34 238.30 246.85 254.95 262.56 269.58 275.96 281.64 286.60 290.79 294.18 296.74 298.43 299.20 299.13 298.38 297.00 295.02 292.45 289.33 285.67
0.00 0.00 0.00 0.00 0.00 0.00 0.00 0.00 0.00 0.00 0.00 0.00 0.00 0.00 0.00 0.00 0.00 0.00 0.00 0.00 0.00 0.00 0.00 0.00 0.00 0.00 0.00 0.00 0.00 0.00 0.00 7.12 15.87 25.03 34.55 44.40 54.53 64.92 75.53 86.31 97.23 108.25 119.33 130.43 141.53 152.57 163.52 174.34 185.00 195.46 205.68 215.61 225.23 234.50 243.37 251.81 259.79 267.25 274.17 280.44 286.01 290.82 294.84 298.04 300.39 301.83 302.34 301.99 300.97 299.31 297.05 294.21 290.82 286.90
0.00 0.00 0.00 0.00 0.00 0.00 0.00 0.00 0.00 0.00 0.00 0.00 0.00 0.00 0.00 0.00 0.00 0.00 0.00 0.00 0.00 0.00 0.00 0.00 0.00 0.00 0.00 0.00 0.00 0.00 0.85 9.53 18.64 28.12 37.96 48.10 58.51 69.15 79.98 90.97 102.08 113.27 124.50 135.73 146.93 158.05 169.07 179.94 190.62 201.08 211.27 221.17 230.73 239.91 248.68 257.00 264.83 272.13 278.87 284.99 290.42 295.07 298.92 301.91 304.02 305.22 305.45 304.81 303.49 301.54 299.00 295.88 292.20 288.01
0.00 0.00 0.00 0.00 0.00 0.00 0.00 0.00 0.00 0.00 0.00 0.00 0.00 0.00 0.00 0.00 0.00 0.00 0.00 0.00 0.00 0.00 0.00 0.00 0.00 0.00 0.00 0.00 0.00 0.00 3.54 12.59 22.03 31.84 41.97 52.38 63.05 73.92 84.97 96.15 107.43 118.77 130.12 141.47 152.75 163.94 175.01 185.90 196.59 207.03 217.19 227.03 236.51 245.59 254.24 262.42 270.08 277.20 283.73 289.64 294.88 299.36 303.01 305.79 307.65 308.58 308.53 307.58 305.95 303.70 300.86 297.44 293.47 289.02
0.00 0.00 0.00 0.00 0.00 0.00 0.00 0.00 0.00 0.00 0.00 0.00 0.00 0.00 0.00 0.00 0.00 0.00 0.00 0.00 0.00 0.00 0.00 0.00 0.00 0.00 0.00 0.00 0.00 0.00 6.91 16.29 26.06 36.16 46.57 57.25 68.15 79.24 90.48 101.84 113.27 124.74 136.21 147.64 159.00 170.24 181.33 192.23 202.90 213.31 223.42 233.18 242.56 251.53 260.04 268.06 275.55 282.46 288.78 294.44 299.43 303.68 307.12 309.66 311.27 311.92 311.56 310.30 308.35 305.79 302.63 298.90 294.67 290.09
0.00 0.00 0.00 0.00 0.00 0.00 0.00 0.00 0.00 0.00 0.00 0.00 0.00 0.00 0.00 0.00 0.00 0.00 0.00 0.00 0.00 0.00 0.00 0.00 0.00 0.00 0.00 0.00 0.00 1.64 10.95 20.66 30.72 41.11 51.78 62.69 73.82 85.10 96.52 108.04 119.61 131.19 142.76 154.26 165.67 176.94 188.04 198.94 209.58 219.93 229.97 239.64 248.91 257.74 266.09 273.93 281.22 287.92 294.00 299.40 304.11 308.07 311.24 313.54 314.88 315.23 314.56 312.96 310.68 307.79 304.31 300.29 295.92 291.29
0.00 0.00 0.00 0.00 0.00 0.00 0.00 0.00 0.00 0.00 0.00 0.00 0.00 0.00 0.00 0.00 0.00 0.00 0.00 0.00 0.00 0.00 0.00 0.00 0.00 0.00 0.00 0.00 0.00 6.03 15.67 25.68 36.03 46.68 57.60 68.73 80.05 91.52 103.10 114.76 126.44 138.13 149.77 161.33 172.77 184.06 195.15 206.02 216.61 226.90 236.84 246.40 255.54 264.22 272.40 280.04 287.12 293.58 299.40 304.53 308.93 312.58 315.42 317.41 318.47 318.52 317.51 315.57 312.95 309.71 305.93 301.77 297.33 292.64
