data_output/recharge/precip/Precip_2004_08.asc
ncols        168
nrows        136
xllcorner    455000
yllcorner    2107000
cellsize     500
NODATA_value     -99999
[rows 96 to 127 of 136, columns 0 to 71 of 168]
233.07 233.24 233.52 233.90 234.37 234.93 235.57 236.29 237.08 237.93 238.83 239.79 240.80 241.84 242.92 244.02 245.15 246.25 247.29 248.21 248.98 249.59 250.06 250.38 250.56 250.60 250.51 250.29 249.94 249.46 248.86 248.14 247.31 246.36 245.30 244.13 242.86 241.49 240.01 238.45 236.78 235.03 233.20 231.28 229.27 227.19 225.04 222.81 220.51 218.15 215.73 213.24 210.70 208.10 205.45 202.76 200.02 197.23 194.41 191.55 188.66 185.74 182.79 179.81 176.82 173.80 170.78 167.73 164.68 161.62 158.56 155.50
229.92 230.28 230.76 231.33 232.01 232.78 233.63 234.56 235.57 236.64 237.78 238.97 240.21 241.50 242.82 244.17 245.51 246.80 248.03 249.14 250.11 250.91 251.55 252.05 252.40 252.61 252.69 252.63 252.44 252.12 251.67 251.10 250.41 249.60 248.68 247.65 246.51 245.26 243.91 242.47 240.92 239.29 237.56 235.75 233.85 231.87 229.81 227.68 225.48 223.20 220.86 218.45 215.99 213.47 210.89 208.26 205.58 202.86 200.10 197.29 194.45 191.57 188.67 185.73 182.77 179.79 176.79 173.78 170.75 167.71 164.66 161.61
226.87 227.42 228.09 228.86 229.74 230.71 231.77 232.92 234.14 235.44 236.80 238.22 239.70 241.23 242.79 244.35 245.87 247.34 248.74 250.05 251.20 252.20 253.04 253.71 254.24 254.62 254.87 254.97 254.94 254.77 254.48 254.06 253.52 252.86 252.08 251.18 250.18 249.06 247.84 246.52 245.09 243.58 241.96 240.26 238.47 236.59 234.64 232.60 230.49 228.30 226.05 223.73 221.34 218.89 216.39 213.83 211.22 208.56 205.85 203.10 200.31 197.49 194.63 191.74 188.82 185.87 182.90 179.92 176.91 173.90 170.87 167.84
223.93 224.67 225.53 226.49 227.57 228.74 230.01 231.37 232.81 234.32 235.91 237.56 239.27 241.03 242.79 244.52 246.21 247.85 249.43 250.92 252.26 253.46 254.49 255.35 256.06 256.62 257.03 257.30 257.43 257.43 257.29 257.03 256.64 256.12 255.48 254.73 253.86 252.88 251.78 250.59 249.29 247.89 246.39 244.80 243.12 241.35 239.50 237.56 235.54 233.45 231.28 229.05 226.74 224.38 221.95 219.46 216.92 214.32 211.68 208.99 206.25 203.48 200.67 197.82 194.94 192.03 189.10 186.14 183.17 180.18 177.17 174.16
221.10 222.03 223.07 224.23 225.50 226.87 228.34 229.91 231.56 233.29 235.10 236.98 238.91 240.86 242.79 244.68 246.53 248.34 250.10 251.75 253.28 254.66 255.89 256.96 257.86 258.59 259.18 259.62 259.91 260.07 260.10 259.99 259.75 259.38 258.89 258.28 257.54 256.70 255.74 254.67 253.50 252.22 250.84 249.37 247.80 246.13 244.38 242.55 240.63 238.63 236.56 234.41 232.19 229.91 227.55 225.14 222.67 220.14 217.56 214.93 212.26 209.53 206.77 203.97 201.14 198.27 195.38 192.45 189.51 186.54 183.56 180.57
218.39 219.49 220.72 222.06 223.53 225.10 226.77 228.54 230.40 232.35 234.37 236.47 238.59 240.69 242.77 244.82 246.84 248.80 250.72 252.55 254.26 255.83 257.25 258.51 259.61 260.53 261.29 261.91 262.37 262.70 262.88 262.93 262.85 262.63 262.29 261.82 261.23 260.52 259.70 258.76 257.71 256.56 255.30 253.94 252.49 250.94 249.30 247.56 245.75 243.85 241.87 239.81 237.68 235.47 233.20 230.87 228.47 226.01 223.50 220.93 218.31 215.65 212.94 210.19 207.40 204.58 201.72 198.84 195.92 192.99 190.03 187.05
215.78 217.06 218.47 220.00 221.65 223.42 225.29 227.27 229.33 231.49 233.73 236.00 238.27 240.52 242.75 244.95 247.11 249.24 251.32 253.31 255.19 256.94 258.54 260.00 261.30 262.42 263.38 264.16 264.80 265.29 265.64 265.85 265.92 265.86 265.67 265.35 264.90 264.33 263.65 262.84 261.93 260.90 259.77 258.53 257.19 255.75 254.22 252.59 250.88 249.08 247.19 245.23 243.19 241.07 238.88 236.63 234.30 231.92 229.48 226.97 224.42 221.81 219.16 216.46 213.72 210.95 208.13 205.28 202.41 199.50 196.56 193.60
213.29 214.74 216.33 218.05 219.89 221.84 223.91 226.09 228.36 230.72 233.13 235.54 237.94 240.33 242.70 245.04 247.36 249.64 251.87 254.03 256.07 257.99 259.78 261.42 262.91 264.24 265.40 266.38 267.19 267.85 268.37 268.74 268.97 269.07 269.03 268.86 268.56 268.13 267.58 266.92 266.13 265.24 264.23 263.11 261.89 260.57 259.15 257.63 256.02 254.33 252.54 250.67 248.72 246.69 244.59 242.41 240.17 237.86 235.49 233.05 230.56 228.02 225.43 222.78 220.09 217.36 214.59 211.79 208.94 206.06 203.14 200.19
210.91 212.53 214.30 216.20 218.22 220.37 222.63 225.00 227.47 230.00 232.53 235.07 237.60 240.13 242.63 245.12 247.58 250.00 252.39 254.70 256.90 258.99 260.95 262.78 264.46 265.99 267.35 268.53 269.53 270.37 271.05 271.59 271.98 272.24 272.35 272.33 272.18 271.90 271.50 270.97 270.32 269.55 268.68 267.68 266.59 265.38 264.08 262.67 261.17 259.58 257.89 256.12 254.26 252.33 250.31 248.22 246.06 243.83 241.53 239.16 236.74 234.26 231.73 229.14 226.51 223.83 221.10 218.33 215.52 212.66 209.76 206.81
208.64 210.44 212.38 214.45 216.66 218.99 221.44 224.01 226.63 229.28 231.93 234.59 237.25 239.91 242.54 245.16 247.76 250.33 252.86 255.32 257.68 259.93 262.06 264.07 265.93 267.65 269.21 270.59 271.80 272.83 273.69 274.39 274.95 275.37 275.64 275.78 275.78 275.64 275.38 274.99 274.48 273.85 273.10 272.24 271.26 270.18 268.99 267.70 266.31 264.82 263.24 261.57 259.81 257.97 256.04 254.04 251.96 249.81 247.58 245.30 242.94 240.53 238.06 235.53 232.95 230.32 227.64 224.90 222.12 219.28 216.39 213.45
206.50 208.46 210.56 212.81 215.20 217.72 220.35 223.06 225.80 228.56 231.33 234.11 236.89 239.66 242.43 245.18 247.91 250.61 253.28 255.88 258.40 260.81 263.11 265.28 267.32 269.23 270.98 272.56 273.98 275.22 276.26 277.14 277.87 278.45 278.88 279.17 279.32 279.34 279.23 278.98 278.61 278.12 277.50 276.77 275.92 274.96 273.89 272.72 271.44 270.06 268.59 267.02 265.36 263.61 261.78 259.86 257.87 255.80 253.65 251.44 249.16 246.81 244.41 241.94 239.42 236.83 234.19 231.49 228.73 225.91 223.03 220.09
204.46 206.59 208.86 211.29 213.85 216.54 219.32 222.13 224.98 227.84 230.72 233.61 236.50 239.40 242.28 245.16 248.01 250.85 253.65 256.40 259.05 261.62 264.08 266.42 268.64 270.72 272.65 274.44 276.05 277.50 278.76 279.82 280.72 281.47 282.06 282.51 282.82 282.99 283.03 282.93 282.70 282.34 281.86 281.26 280.54 279.71 278.76 277.71 276.54 275.28 273.91 272.45 270.89 269.24 267.50 265.68 263.77 261.79 259.72 257.59 255.38 253.11 250.77 248.36 245.89 243.35 240.74 238.07 235.33 232.53 229.66 226.72
202.55 204.83 207.28 209.87 212.60 215.43 218.30 221.21 224.15 227.11 230.09 233.09 236.09 239.10 242.10 245.10 248.08 251.04 253.97 256.85 259.65 262.36 264.97 267.48 269.86 272.12 274.24 276.21 278.02 279.67 281.14 282.42 283.50 284.42 285.18 285.79 286.26 286.59 286.77 286.82 286.74 286.52 286.18 285.72 285.13 284.42 283.60 282.66 281.62 280.47 279.21 277.85 276.40 274.85 273.21 271.48 269.67 267.77 265.79 263.73 261.60 259.40 257.13 254.78 252.36 249.86 247.28 244.64 241.92 239.13 236.26 233.33
200.75 203.20 205.80 208.56 211.41 214.33 217.29 220.28 223.31 226.37 229.46 232.55 235.66 238.78 241.89 245.00 248.10 251.18 254.23 257.24 260.18 263.03 265.79 268.45 271.00 273.43 275.72 277.88 279.88 281.73 283.40 284.89 286.19 287.30 288.23 289.00 289.63 290.12 290.46 290.66 290.72 290.65 290.45 290.12 289.66 289.09 288.39 287.58 286.65 285.62 284.48 283.23 281.88 280.44 278.90 277.26 275.54 273.73 271.84 269.87 267.82 265.69 263.47 261.18 258.80 256.34 253.80 251.18 248.47 245.69 242.83 239.89
199.07 201.68 204.44 207.31 210.25 213.24 216.28 219.36 222.48 225.62 228.80 231.99 235.20 238.42 241.64 244.86 248.07 251.26 254.44 257.57 260.63 263.63 266.53 269.34 272.05 274.64 277.11 279.44 281.63 283.67 285.54 287.23 288.75 290.07 291.19 292.14 292.93 293.57 294.07 294.42 294.63 294.71 294.65 294.46 294.14 293.70 293.13 292.45 291.64 290.73 289.70 288.57 287.33 285.99 284.55 283.02 281.39 279.67 277.87 275.98 274.01 271.94 269.79 267.54 265.20 262.78 260.27 257.67 254.98 252.21 249.35 246.40
197.52 200.27 203.14 206.08 209.09 212.15 215.27 218.43 221.63 224.86 228.12 231.41 234.71 238.03 241.35 244.67 247.98 251.29 254.58 257.83 261.02 264.14 267.19 270.14 273.00 275.76 278.39 280.90 283.27 285.49 287.55 289.45 291.17 292.71 294.04 295.18 296.14 296.95 297.60 298.11 298.48 298.70 298.79 298.74 298.56 298.25 297.82 297.26 296.58 295.79 294.88 293.86 292.73 291.50 290.17 288.73 287.20 285.58 283.87 282.06 280.16 278.15 276.05 273.85 271.56 269.17 266.68 264.10 261.43 258.66 255.79 252.84
196.08 198.93 201.86 204.87 207.94 211.07 214.25 217.49 220.76 224.08 227.42 230.79 234.19 237.59 241.01 244.43 247.85 251.26 254.65 258.02 261.33 264.58 267.76 270.86 273.86 276.77 279.56 282.24 284.78 287.19 289.44 291.53 293.46 295.20 296.75 298.11 299.26 300.23 301.05 301.72 302.23 302.61 302.84 302.94 302.90 302.73 302.43 302.00 301.45 300.78 300.00 299.10 298.08 296.96 295.73 294.40 292.98 291.45 289.82 288.09 286.25 284.31 282.26 280.11 277.85 275.49 273.03 270.46 267.80 265.03 262.16 259.19
194.71 197.62 200.60 203.66 206.79 209.98 213.23 216.54 219.88 223.27 226.69 230.15 233.62 237.12 240.62 244.14 247.65 251.16 254.66 258.13 261.56 264.93 268.24 271.47 274.62 277.68 280.63 283.47 286.18 288.76 291.20 293.48 295.60 297.55 299.31 300.88 302.25 303.42 304.40 305.23 305.90 306.43 306.82 307.06 307.17 307.14 306.97 306.68 306.26 305.71 305.05 304.27 303.37 302.36 301.25 300.02 298.69 297.26 295.71 294.05 292.28 290.39 288.39 286.28 284.06 281.73 279.28 276.73 274.07 271.31 268.43 265.45
193.37 196.32 199.35 202.46 205.65 208.90 212.21 215.57 218.98 222.44 225.94 229.47 233.02 236.60 240.19 243.79 247.40 251.00 254.60 258.17 261.71 265.20 268.63 271.99 275.28 278.48 281.58 284.57 287.45 290.20 292.82 295.29 297.60 299.75 301.72 303.50 305.09 306.47 307.65 308.64 309.48 310.16 310.70 311.09 311.34 311.45 311.43 311.27 310.98 310.57 310.03 309.37 308.59 307.70 306.69 305.58 304.35 303.00 301.52 299.93 298.22 296.38 294.43 292.36 290.17 287.87 285.44 282.90 280.25 277.48 274.59 271.59
192.05 195.04 198.11 201.27 204.50 207.80 211.17 214.59 218.06 221.59 225.15 228.75 232.38 236.03 239.70 243.38 247.08 250.77 254.46 258.13 261.77 265.37 268.92 272.41 275.83 279.17 282.41 285.56 288.60 291.52 294.30 296.95 299.45 301.79 303.96 305.95 307.76 309.36 310.76 311.94 312.94 313.79 314.48 315.02 315.42 315.68 315.79 315.78 315.62 315.34 314.93 314.39 313.74 312.96 312.07 311.05 309.91 308.64 307.24 305.71 304.06 302.28 300.37 298.34 296.18 293.89 291.49 288.96 286.30 283.53 280.63 277.61
190.75 193.77 196.88 200.08 203.35 206.70 210.11 213.59 217.12 220.70 224.32 227.99 231.68 235.41 239.15 242.92 246.69 250.47 254.24 258.01 261.75 265.45 269.12 272.73 276.27 279.74 283.13 286.42 289.62 292.69 295.65 298.47 301.15 303.68 306.05 308.24 310.25 312.07 313.69 315.10 316.29 317.30 318.15 318.85 319.40 319.80 320.06 320.18 320.17 320.02 319.74 319.33 318.80 318.14 317.35 316.43 315.37 314.18 312.85 311.39 309.79 308.06 306.19 304.19 302.06 299.80 297.40 294.88 292.22 289.44 286.52 283.48
189.46 192.51 195.65 198.88 202.19 205.58 209.04 212.56 216.14 219.78 223.46 227.18 230.94 234.73 238.55 242.38 246.23 250.09 253.95 257.80 261.63 265.44 269.21 272.93 276.60 280.20 283.72 287.16 290.50 293.73 296.85 299.85 302.70 305.41 307.97 310.36 312.58 314.61 316.44 318.07 319.49 320.69 321.70 322.56 323.26 323.81 324.22 324.48 324.61 324.60 324.45 324.17 323.76 323.22 322.53 321.70 320.72 319.60 318.34 316.94 315.39 313.70 311.88 309.91 307.80 305.56 303.17 300.65 297.99 295.20 292.27 289.20
188.18 191.25 194.42 197.68 201.03 204.45 207.95 211.51 215.14 218.82 222.55 226.33 230.15 234.00 237.88 241.78 245.70 249.63 253.57 257.50 261.43 265.33 269.20 273.03 276.82 280.54 284.19 287.77 291.25 294.63 297.91 301.07 304.09 306.98 309.72 312.31 314.72 316.96 319.00 320.85 322.50 323.92 325.13 326.14 327.00 327.71 328.26 328.67 328.94 329.06 329.05 328.90 328.61 328.17 327.58 326.83 325.93 324.89 323.69 322.34 320.85 319.21 317.42 315.48 313.40 311.16 308.79 306.27 303.60 300.79 297.84 294.75
186.90 190.00 193.19 196.47 199.85 203.30 206.83 210.43 214.10 217.83 221.60 225.43 229.30 233.21 237.15 241.11 245.10 249.10 253.10 257.11 261.12 265.11 269.08 273.02 276.91 280.75 284.53 288.24 291.86 295.39 298.82 302.13 305.33 308.39 311.31 314.08 316.69 319.12 321.38 323.44 325.30 326.96 328.39 329.60 330.62 331.48 332.18 332.74 333.15 333.42 333.54 333.52 333.33 332.99 332.48 331.82 331.00 330.03 328.89 327.60 326.15 324.55 322.80 320.88 318.82 316.60 314.23 311.71 309.03 306.21 303.23 300.11
185.64 188.74 191.95 195.25 198.65 202.13 205.69 209.32 213.02 216.79 220.61 224.48 228.40 232.36 236.35 240.37 244.41 248.47 252.55 256.63 260.72 264.79 268.86 272.89 276.89 280.85 284.74 288.57 292.33 296.00 299.57 303.04 306.40 309.63 312.72 315.67 318.47 321.10 323.56 325.83 327.91 329.78 331.44 332.88 334.09 335.11 335.97 336.68 337.24 337.65 337.90 337.98 337.90 337.65 337.24 336.66 335.91 335.00 333.93 332.69 331.29 329.72 328.00 326.11 324.06 321.86 319.49 316.96 314.27 311.43 308.43 305.27
184.37 187.48 190.70 194.02 197.43 200.93 204.51 208.17 211.91 215.70 219.56 223.47 227.43 231.43 235.47 239.55 243.65 247.77 251.90 256.05 260.21 264.37 268.52 272.65 276.75 280.81 284.82 288.77 292.65 296.46 300.18 303.79 307.30 310.70 313.96 317.09 320.06 322.88 325.54 328.01 330.30 332.39 334.28 335.95 337.39 338.60 339.62 340.48 341.19 341.73 342.10 342.29 342.31 342.15 341.82 341.32 340.64 339.80 338.78 337.59 336.23 334.71 333.01 331.14 329.11 326.91 324.54 322.01 319.31 316.44 313.41 310.22
183.10 186.22 189.44 192.77 196.19 199.71 203.31 206.99 210.75 214.57 218.46 222.40 226.40 230.44 234.53 238.65 242.79 246.97 251.16 255.37 259.59 263.83 268.06 272.28 276.47 280.64 284.76 288.83 292.83 296.77 300.62 304.38 308.04 311.59 315.02 318.31 321.47 324.47 327.32 329.99 332.49 334.79 336.89 338.79 340.46 341.90 343.12 344.13 344.98 345.64 346.12 346.42 346.53 346.47 346.22 345.79 345.19 344.40 343.44 342.30 340.98 339.49 337.82 335.97 333.95 331.75 329.38 326.84 324.12 321.23 318.17 314.94
181.83 184.94 188.17 191.50 194.93 198.45 202.07 205.76 209.54 213.39 217.30 221.27 225.30 229.38 233.50 237.66 241.85 246.07 250.32 254.58 258.87 263.18 267.48 271.78 276.07 280.33 284.56 288.73 292.86 296.92 300.90 304.80 308.61 312.31 315.89 319.36 322.68 325.87 328.90 331.77 334.46 336.97 339.29 341.40 343.30 344.98 346.42 347.62 348.59 349.37 349.96 350.36 350.57 350.59 350.42 350.07 349.53 348.80 347.89 346.80 345.52 344.05 342.41 340.57 338.56 336.37 333.99 331.43 328.70 325.78 322.69 319.41
180.55 183.65 186.87 190.20 193.63 197.16 200.79 204.49 208.28 212.15 216.08 220.08 224.13 228.24 232.40 236.59 240.82 245.09 249.37 253.69 258.04 262.41 266.79 271.16 275.54 279.89 284.21 288.50 292.73 296.91 301.02 305.05 309.00 312.85 316.59 320.21 323.70 327.06 330.27 333.33 336.22 338.93 341.45 343.78 345.90 347.81 349.47 350.87 352.00 352.90 353.59 354.09 354.39 354.50 354.41 354.13 353.65 352.98 352.12 351.07 349.82 348.39 346.76 344.94 342.94 340.74 338.36 335.79 333.03 330.08 326.95 323.63
179.26 182.35 185.56 188.88 192.31 195.84 199.46 203.18 206.97 210.85 214.80 218.81 222.89 227.02 231.21 235.43 239.70 244.00 248.33 252.69 257.09 261.52 265.96 270.41 274.86 279.30 283.72 288.11 292.45 296.74 300.97 305.13 309.21 313.20 317.09 320.87 324.52 328.05 331.44 334.68 337.75 340.66 343.39 345.93 348.27 350.38 352.24 353.84 355.16 356.21 357.01 357.60 357.99 358.18 358.17 357.96 357.54 356.93 356.11 355.10 353.88 352.47 350.86 349.06 347.06 344.86 342.46 339.87 337.09 334.11 330.94 327.58
177.95 181.03 184.22 187.53 190.95 194.47 198.10 201.81 205.61 209.49 213.45 217.48 221.57 225.73 229.93 234.18 238.48 242.81 247.17 251.58 256.02 260.50 265.01 269.53 274.06 278.58 283.08 287.56 292.01 296.41 300.76 305.04 309.25 313.37 317.40 321.33 325.14 328.83 332.39 335.81 339.07 342.17 345.09 347.83 350.37 352.67 354.72 356.50 358.02 359.25 360.19 360.88 361.36 361.63 361.69 361.54 361.19 360.62 359.85 358.87 357.69 356.30 354.71 352.91 350.91 348.70 346.30 343.69 340.88 337.86 334.65 331.24
176.63 179.68 182.86 186.15 189.55 193.07 196.68 200.39 204.19 208.07 212.04 216.07 220.18 224.34 228.57 232.84 237.16 241.52 245.91 250.35 254.84 259.37 263.93 268.51 273.10 277.70 282.29 286.86 291.40 295.91 300.36 304.76 309.10 313.35 317.52 321.59 325.56 329.41 333.13 336.72 340.16 343.44 346.56 349.48 352.19 354.66 356.89 358.85 360.55 361.97 363.09 363.91 364.48 364.82 364.95 364.87 364.57 364.05 363.32 362.38 361.22 359.85 358.27 356.48 354.48 352.27 349.84 347.21 344.37 341.32 338.06 334.60
