data_output/recharge/precip/Precip_2000_11.asc
ncols        168
nrows        136
xllcorner    455000
yllcorner    2107000
cellsize     500
NODATA_value     -99999
[rows 0 to 34 of 136, columns 0 to 78 of 168]
12.41 11.98 11.54 11.11 10.68 10.26 9.84 9.44 9.04 8.66 8.29 7.93 7.60 7.28 6.98 6.71 6.45 6.23 6.02 5.85 5.70 5.58 5.50 5.44 5.42 5.43 5.48 5.57 5.69 5.84 6.01 6.20 6.41 6.64 6.88 7.15 7.43 7.72 8.04 8.36 8.70 9.05 9.41 9.79 10.17 10.56 10.96 11.37 11.79 12.22 12.66 13.10 13.55 14.00 14.45 14.91 15.37 15.83 16.29 16.75 17.20 17.66 18.11 18.55 18.99 19.42 19.84 20.25 20.66 21.05 21.43 21.80 22.15 22.49 22.82 23.13 23.42 23.69 23.95
12.09 11.64 11.19 10.75 10.32 9.89 9.47 9.06 8.66 8.27 7.89 7.53 7.19 6.87 6.57 6.29 6.04 5.81 5.61 5.43 5.28 5.17 5.08 5.03 5.02 5.04 5.09 5.18 5.31 5.47 5.64 5.84 6.06 6.29 6.54 6.81 7.10 7.40 7.72 8.05 8.40 8.76 9.13 9.51 9.90 10.29 10.70 11.12 11.55 11.99 12.43 12.88 13.34 13.80 14.26 14.73 15.20 15.66 16.13 16.60 17.06 17.52 17.98 18.43 18.87 19.31 19.74 20.16 20.57 20.97 21.36 21.73 22.09 22.44 22.77 23.08 23.38 23.66 23.92
11.74 11.28 10.82 10.37 9.93 9.49 9.07 8.65 8.25 7.86 7.48 7.11 6.77 6.44 6.14 5.86 5.60 5.37 5.17 4.99 4.85 4.74 4.65 4.61 4.59 4.62 4.68 4.78 4.91 5.08 5.26 5.46 5.68 5.93 6.19 6.46 6.76 7.07 7.39 7.73 8.08 8.45 8.82 9.21 9.60 10.01 10.43 10.86 11.30 11.74 12.20 12.65 13.12 13.59 14.06 14.53 15.01 15.48 15.96 16.43 16.90 17.37 17.84 18.29 18.75 19.19 19.63 20.05 20.47 20.88 21.27 21.65 22.02 22.37 22.71 23.03 23.33 23.61 23.87
11.36 10.89 10.43 9.97 9.52 9.08 8.64 8.22 7.81 7.42 7.04 6.67 6.32 6.00 5.69 5.41 5.15 4.92 4.71 4.54 4.39 4.28 4.20 4.16 4.15 4.18 4.25 4.35 4.50 4.66 4.85 5.06 5.29 5.54 5.81 6.09 6.39 6.71 7.04 7.39 7.74 8.11 8.50 8.89 9.30 9.71 10.14 10.58 11.02 11.48 11.94 12.41 12.88 13.36 13.84 14.32 14.80 15.29 15.77 16.25 16.73 17.21 17.68 18.14 18.60 19.05 19.50 19.93 20.36 20.77 21.17 21.56 21.93 22.29 22.63 22.95 23.26 23.55 23.82
10.96 10.48 10.01 9.54 9.08 8.63 8.20 7.77 7.36 6.96 6.57 6.21 5.86 5.53 5.22 4.93 4.67 4.44 4.24 4.06 3.92 3.81 3.73 3.69 3.69 3.72 3.80 3.91 4.06 4.23 4.43 4.65 4.88 5.14 5.41 5.70 6.01 6.33 6.67 7.02 7.39 7.77 8.15 8.56 8.97 9.40 9.84 10.28 10.74 11.20 11.67 12.15 12.63 13.11 13.60 14.09 14.59 15.08 15.57 16.06 16.54 17.03 17.51 17.98 18.44 18.90 19.35 19.79 20.22 20.64 21.05 21.44 21.82 22.19 22.54 22.87 23.18 23.47 23.75
10.53 10.04 9.56 9.09 8.62 8.17 7.73 7.29 6.88 6.47 6.09 5.72 5.37 5.04 4.73 4.44 4.18 3.94 3.74 3.57 3.43 3.32 3.25 3.21 3.21 3.25 3.32 3.44 3.60 3.78 3.99 4.21 4.45 4.72 5.00 5.30 5.61 5.94 6.28 6.64 7.01 7.40 7.80 8.21 8.63 9.07 9.51 9.97 10.44 10.91 11.39 11.87 12.36 12.86 13.35 13.85 14.35 14.85 15.35 15.85 16.34 16.83 17.32 17.80 18.27 18.74 19.19 19.64 20.08 20.50 20.92 21.32 21.70 22.07 22.43 22.76 23.08 23.38 23.66
10.07 9.58 9.09 8.61 8.14 7.68 7.23 6.79 6.37 5.97 5.58 5.21 4.85 4.52 4.21 3.93 3.66 3.43 3.23 3.05 2.91 2.81 2.74 2.70 2.71 2.75 2.83 2.96 3.12 3.31 3.52 3.76 4.01 4.28 4.56 4.87 5.19 5.53 5.88 6.24 6.62 7.02 7.42 7.84 8.28 8.72 9.18 9.64 10.12 10.60 11.09 11.58 12.08 12.58 13.09 13.59 14.10 14.61 15.12 15.62 16.12 16.62 17.11 17.60 18.08 18.55 19.02 19.47 19.92 20.35 20.77 21.18 21.57 21.94 22.30 22.65 22.97 23.28 23.56
9.59 9.09 8.59 8.10 7.62 7.16 6.71 6.27 5.84 5.43 5.04 4.67 4.32 3.99 3.68 3.39 3.13 2.89 2.69 2.52 2.38 2.28 2.21 2.18 2.19 2.24 2.33 2.46 2.63 2.83 3.04 3.28 3.54 3.82 4.11 4.42 4.75 5.09 5.45 5.83 6.21 6.62 7.03 7.47 7.91 8.36 8.83 9.30 9.78 10.28 10.77 11.27 11.78 12.29 12.81 13.32 13.84 14.35 14.87 15.38 15.89 16.39 16.90 17.39 17.88 18.36 18.83 19.29 19.74 20.18 20.61 21.02 21.42 21.80 22.17 22.51 22.85 23.16 23.45
9.08 8.57 8.07 7.57 7.09 6.62 6.16 5.71 5.29 4.88 4.48 4.11 3.76 3.42 3.12 2.83 2.57 2.34 2.14 1.97 1.83 1.73 1.66 1.64 1.65 1.70 1.80 1.94 2.12 2.32 2.54 2.79 3.05 3.34 3.64 3.96 4.29 4.64 5.01 5.39 5.79 6.20 6.63 7.07 7.52 7.99 8.46 8.94 9.44 9.94 10.44 10.95 11.47 11.99 12.51 13.03 13.56 14.08 14.60 15.12 15.64 16.15 16.66 17.16 17.66 18.15 18.62 19.09 19.55 20.00 20.43 20.85 21.25 21.64 22.01 22.37 22.70 23.02 23.32
8.55 8.03 7.51 7.01 6.52 6.05 5.58 5.14 4.71 4.29 3.90 3.52 3.17 2.84 2.53 2.25 1.99 1.76 1.56 1.39 1.26 1.16 1.10 1.07 1.09 1.15 1.25 1.40 1.58 1.79 2.02 2.28 2.55 2.84 3.15 3.47 3.82 4.17 4.55 4.94 5.35 5.77 6.21 6.66 7.12 7.60 8.08 8.57 9.07 9.58 10.10 10.62 11.14 11.67 12.20 12.73 13.26 13.79 14.32 14.85 15.38 15.90 16.41 16.92 17.42 17.92 18.40 18.88 19.34 19.80 20.23 20.66 21.07 21.47 21.84 22.21 22.55 22.87 23.17
7.98 7.46 6.94 6.43 5.93 5.45 4.98 4.53 4.10 3.68 3.29 2.91 2.56 2.23 1.92 1.64 1.39 1.16 0.96 0.80 0.66 0.57 0.51 0.49 0.51 0.58 0.68 0.84 1.03 1.25 1.49 1.75 2.03 2.32 2.64 2.97 3.32 3.69 4.08 4.48 4.90 5.33 5.78 6.24 6.71 7.19 7.68 8.18 8.69 9.21 9.74 10.26 10.80 11.33 11.87 12.41 12.95 13.49 14.03 14.57 15.10 15.63 16.15 16.67 17.18 17.68 18.17 18.65 19.12 19.58 20.03 20.46 20.88 21.28 21.66 22.03 22.38 22.70 23.01
7.39 6.86 6.33 5.82 5.32 4.83 4.36 3.90 3.47 3.05 2.65 2.28 1.92 1.59 1.29 1.01 0.76 0.54 0.34 0.18 0.05 0.00 0.00 0.00 0.00 0.00 0.10 0.26 0.46 0.68 0.93 1.20 1.48 1.79 2.11 2.45 2.81 3.19 3.59 4.00 4.43 4.87 5.33 5.80 6.28 6.77 7.27 7.78 8.30 8.83 9.36 9.90 10.44 10.98 11.53 12.08 12.63 13.17 13.72 14.26 14.80 15.34 15.87 16.39 16.91 17.42 17.92 18.41 18.89 19.35 19.80 20.24 20.67 21.07 21.46 21.84 22.19 22.52 22.84
6.78 6.23 5.70 5.18 4.67 4.18 3.71 3.25 2.81 2.39 1.99 1.61 1.26 0.93 0.63 0.35 0.11 0.00 0.00 0.00 0.00 0.00 0.00 0.00 0.00 0.00 0.00 0.00 0.00 0.10 0.35 0.63 0.92 1.23 1.57 1.92 2.29 2.67 3.08 3.50 3.94 4.39 4.86 5.34 5.83 6.33 6.84 7.36 7.89 8.43 8.97 9.51 10.06 10.62 11.17 11.73 12.29 12.84 13.40 13.95 14.50 15.04 15.58 16.11 16.63 17.15 17.65 18.15 18.63 19.11 19.57 20.01 20.44 20.85 21.25 21.63 21.99 22.33 22.65
6.13 5.58 5.04 4.51 4.00 3.51 3.03 2.57 2.12 1.70 1.30 0.93 0.57 0.25 0.00 0.00 0.00 0.00 0.00 0.00 0.00 0.00 0.00 0.00 0.00 0.00 0.00 0.00 0.00 0.00 0.00 0.04 0.34 0.66 1.00 1.36 1.75 2.14 2.56 2.99 3.44 3.90 4.38 4.87 5.37 5.88 6.40 6.93 7.47 8.01 8.56 9.12 9.67 10.24 10.80 11.36 11.93 12.49 13.06 13.62 14.17 14.72 15.27 15.81 16.34 16.86 17.37 17.88 18.37 18.85 19.31 19.76 20.20 20.62 21.02 21.41 21.77 22.12 22.44
5.45 4.90 4.35 3.82 3.30 2.80 2.32 1.86 1.41 0.99 0.59 0.21 0.00 0.00 0.00 0.00 0.00 0.00 0.00 0.00 0.00 0.00 0.00 0.00 0.00 0.00 0.00 0.00 0.00 0.00 0.00 0.00 0.00 0.07 0.43 0.80 1.19 1.60 2.02 2.47 2.93 3.40 3.88 4.38 4.89 5.41 5.94 6.48 7.03 7.58 8.14 8.70 9.27 9.84 10.41 10.99 11.56 12.13 12.70 13.27 13.83 14.39 14.94 15.49 16.03 16.56 17.08 17.59 18.09 18.57 19.04 19.50 19.94 20.37 20.78 21.17 21.54 21.89 22.22
4.75 4.18 3.63 3.10 2.58 2.07 1.59 1.12 0.67 0.25 0.00 0.00 0.00 0.00 0.00 0.00 0.00 0.00 0.00 0.00 0.00 0.00 0.00 0.00 0.00 0.00 0.00 0.00 0.00 0.00 0.00 0.00 0.00 0.00 0.00 0.22 0.62 1.04 1.47 1.93 2.39 2.88 3.37 3.88 4.40 4.93 5.47 6.02 6.57 7.14 7.70 8.28 8.85 9.43 10.01 10.59 11.17 11.75 12.33 12.91 13.48 14.04 14.60 15.16 15.70 16.24 16.77 17.29 17.79 18.28 18.76 19.23 19.68 20.11 20.52 20.92 21.30 21.65 21.99
4.02 3.45 2.89 2.35 1.82 1.31 0.82 0.35 0.00 0.00 0.00 0.00 0.00 0.00 0.00 0.00 0.00 0.00 0.00 0.00 0.00 0.00 0.00 0.00 0.00 0.00 0.00 0.00 0.00 0.00 0.00 0.00 0.00 0.00 0.00 0.00 0.03 0.46 0.91 1.37 1.85 2.34 2.85 3.36 3.89 4.43 4.98 5.54 6.10 6.67 7.25 7.83 8.42 9.00 9.59 10.18 10.77 11.36 11.95 12.53 13.11 13.68 14.25 14.81 15.37 15.91 16.44 16.97 17.48 17.98 18.46 18.93 19.39 19.83 20.25 20.65 21.04 21.40 21.74
3.25 2.68 2.11 1.57 1.04 0.53 0.03 0.00 0.00 0.00 0.00 0.00 0.00 0.00 0.00 0.00 0.00 0.00 0.00 0.00 0.00 0.00 0.00 0.00 0.00 0.00 0.00 0.00 0.00 0.00 0.00 0.00 0.00 0.00 0.00 0.00 0.00 0.00 0.33 0.80 1.29 1.79 2.31 2.83 3.37 3.92 4.48 5.04 5.62 6.20 6.78 7.37 7.97 8.56 9.16 9.76 10.36 10.95 11.55 12.14 12.73 13.31 13.88 14.45 15.01 15.56 16.10 16.63 17.15 17.66 18.15 18.63 19.09 19.54 19.96 20.37 20.76 21.13 21.48
2.46 1.88 1.31 0.76 0.22 0.00 0.00 0.00 0.00 0.00 0.00 0.00 0.00 0.00 0.00 0.00 0.00 0.00 0.00 0.00 0.00 0.00 0.00 0.00 0.00 0.00 0.00 0.00 0.00 0.00 0.00 0.00 0.00 0.00 0.00 0.00 0.00 0.00 0.00 0.21 0.71 1.22 1.75 2.29 2.83 3.39 3.96 4.54 5.12 5.71 6.30 6.90 7.50 8.11 8.71 9.32 9.93 10.53 11.13 11.73 12.33 12.92 13.50 14.08 14.64 15.20 15.75 16.29 16.81 17.33 17.82 18.31 18.78 19.23 19.66 20.08 20.47 20.85 21.20
1.63 1.04 0.47 0.00 0.00 0.00 0.00 0.00 0.00 0.00 0.00 0.00 0.00 0.00 0.00 0.00 0.00 0.00 0.00 0.00 0.00 0.00 0.00 0.00 0.00 0.00 0.00 0.00 0.00 0.00 0.00 0.00 0.00 0.00 0.00 0.00 0.00 0.00 0.00 0.00 0.14 0.66 1.19 1.74 2.30 2.87 3.44 4.03 4.62 5.22 5.82 6.43 7.04 7.65 8.27 8.88 9.50 10.11 10.72 11.33 11.93 12.52 13.11 13.70 14.27 14.84 15.39 15.94 16.47 16.99 17.50 17.99 18.46 18.92 19.36 19.78 20.18 20.56 20.92
0.74 0.15 0.00 0.00 0.00 0.00 0.00 0.00 0.00 0.00 0.00 0.00 0.00 0.00 0.00 0.00 0.00 0.00 0.00 0.00 0.00 0.00 0.00 0.00 0.00 0.00 0.00 0.00 0.00 0.00 0.00 0.00 0.00 0.00 0.00 0.00 0.00 0.00 0.00 0.00 0.00 0.12 0.66 1.22 1.78 2.36 2.95 3.54 4.14 4.75 5.36 5.97 6.59 7.22 7.84 8.46 9.08 9.70 10.32 10.93 11.54 12.15 12.75 13.34 13.92 14.49 15.05 15.60 16.14 16.67 17.18 17.68 18.16 18.62 19.07 19.49 19.90 20.29 20.65
0.00 0.00 0.00 0.00 0.00 0.00 0.00 0.00 0.00 0.00 0.00 0.00 0.00 0.00 0.00 0.00 0.00 0.00 0.00 0.00 0.00 0.00 0.00 0.00 0.00 0.00 0.00 0.00 0.00 0.00 0.00 0.00 0.00 0.00 0.00 0.00 0.00 0.00 0.00 0.00 0.00 0.00 0.15 0.71 1.29 1.88 2.47 3.07 3.68 4.30 4.92 5.54 6.17 6.80 7.43 8.06 8.69 9.32 9.94 10.56 11.18 11.79 12.40 12.99 13.58 14.16 14.73 15.29 15.83 16.36 16.88 17.38 17.87 18.34 18.79 19.22 19.63 20.03 20.39
0.00 0.00 0.00 0.00 0.00 0.00 0.00 0.00 0.00 0.00 0.00 0.00 0.00 0.00 0.00 0.00 0.00 0.00 0.00 0.00 0.00 0.00 0.00 0.00 0.00 0.00 0.00 0.00 0.00 0.00 0.00 0.00 0.00 0.00 0.00 0.00 0.00 0.00 0.00 0.00 0.00 0.00 0.00 0.23 0.82 1.41 2.02 2.63 3.24 3.87 4.50 5.13 5.76 6.40 7.04 7.68 8.31 8.95 9.58 10.21 10.83 11.45 12.06 12.67 13.26 13.85 14.42 14.98 15.54 16.07 16.60 17.10 17.60 18.07 18.53 18.96 19.38 19.78 20.15
0.00 0.00 0.00 0.00 0.00 0.00 0.00 0.00 0.00 0.00 0.00 0.00 0.00 0.00 0.00 0.00 0.00 0.00 0.00 0.00 0.00 0.00 0.00 0.00 0.00 0.00 0.00 0.00 0.00 0.00 0.00 0.00 0.00 0.00 0.00 0.00 0.00 0.00 0.00 0.00 0.00 0.00 0.00 0.00 0.37 0.97 1.58 2.20 2.83 3.46 4.10 4.74 5.38 6.02 6.67 7.31 7.96 8.60 9.24 9.87 10.50 11.13 11.75 12.36 12.96 13.55 14.13 14.70 15.26 15.80 16.33 16.84 17.34 17.82 18.28 18.72 19.14 19.54 19.92
0.00 0.00 0.00 0.00 0.00 0.00 0.00 0.00 0.00 0.00 0.00 0.00 0.00 0.00 0.00 0.00 0.00 0.00 0.00 0.00 0.00 0.00 0.00 0.00 0.00 0.00 0.00 0.00 0.00 0.00 0.00 0.00 0.00 0.00 0.00 0.00 0.00 0.00 0.00 0.00 0.00 0.00 0.00 0.00 0.00 0.55 1.17 1.80 2.43 3.07 3.72 4.36 5.01 5.66 6.32 6.97 7.62 8.27 8.91 9.56 10.19 10.82 11.45 12.06 12.67 13.27 13.85 14.43 14.99 15.54 16.07 16.59 17.09 17.58 18.04 18.49 18.92 19.32 19.71
0.00 0.00 0.00 0.00 0.00 0.00 0.00 0.00 0.00 0.00 0.00 0.00 0.00 0.00 0.00 0.00 0.00 0.00 0.00 0.00 0.00 0.00 0.00 0.00 0.00 0.00 0.00 0.00 0.00 0.00 0.00 0.00 0.00 0.00 0.00 0.00 0.00 0.00 0.00 0.00 0.00 0.00 0.00 0.00 0.00 0.16 0.78 1.42 2.06 2.71 3.36 4.01 4.67 5.33 5.98 6.64 7.30 7.96 8.61 9.26 9.90 10.53 11.16 11.79 12.40 13.00 13.59 14.17 14.74 15.30 15.83 16.36 16.86 17.35 17.82 18.28 18.71 19.12 19.50
0.00 0.00 0.00 0.00 0.00 0.00 0.00 0.00 0.00 0.00 0.00 0.00 0.00 0.00 0.00 0.00 0.00 0.00 0.00 0.00 0.00 0.00 0.00 0.00 0.00 0.00 0.00 0.00 0.00 0.00 0.00 0.00 0.00 0.00 0.00 0.00 0.00 0.00 0.00 0.00 0.00 0.00 0.00 0.00 0.00 0.00 0.42 1.06 1.71 2.36 3.02 3.68 4.34 5.01 5.67 6.34 7.00 7.66 8.32 8.97 9.62 10.26 10.90 11.53 12.15 12.75 13.35 13.94 14.51 15.07 15.61 16.14 16.65 17.14 17.62 18.07 18.51 18.92 19.31
0.00 0.00 0.00 0.00 0.00 0.00 0.00 0.00 0.00 0.00 0.00 0.00 0.00 0.00 0.00 0.00 0.00 0.00 0.00 0.00 0.00 0.00 0.00 0.00 0.00 0.00 0.00 0.00 0.00 0.00 0.00 0.00 0.00 0.00 0.00 0.00 0.00 0.00 0.00 0.00 0.00 0.00 0.00 0.00 0.00 0.00 0.07 0.72 1.37 2.03 2.70 3.37 4.04 4.71 5.38 6.05 6.72 7.39 8.05 8.71 9.36 10.01 10.65 11.29 11.91 12.52 13.12 13.71 14.29 14.85 15.40 15.93 16.45 16.95 17.43 17.88 18.32 18.74 19.13
0.00 0.00 0.00 0.00 0.00 0.00 0.00 0.00 0.00 0.00 0.00 0.00 0.00 0.00 0.00 0.00 0.00 0.00 0.00 0.00 0.00 0.00 0.00 0.00 0.00 0.00 0.00 0.00 0.00 0.00 0.00 0.00 0.00 0.00 0.00 0.00 0.00 0.00 0.00 0.00 0.00 0.00 0.00 0.00 0.00 0.00 0.00 0.40 1.06 1.73 2.40 3.07 3.75 4.43 5.10 5.78 6.46 7.13 7.80 8.46 9.12 9.78 10.42 11.06 11.69 12.31 12.91 13.51 14.09 14.66 15.21 15.74 16.26 16.76 17.25 17.71 18.15 18.57 18.97
0.00 0.00 0.00 0.00 0.00 0.00 0.00 0.00 0.00 0.00 0.00 0.00 0.00 0.00 0.00 0.00 0.00 0.00 0.00 0.00 0.00 0.00 0.00 0.00 0.00 0.00 0.00 0.00 0.00 0.00 0.00 0.00 0.00 0.00 0.00 0.00 0.00 0.00 0.00 0.00 0.00 0.00 0.00 0.00 0.00 0.00 0.00 0.10 0.77 1.44 2.12 2.80 3.48 4.17 4.85 5.53 6.21 6.89 7.57 8.24 8.90 9.56 10.21 10.85 11.48 12.11 12.72 13.32 13.90 14.47 15.03 15.57 16.09 16.60 17.08 17.55 17.99 18.42 18.82
0.00 0.00 0.00 0.00 0.00 0.00 0.00 0.00 0.00 0.00 0.00 0.00 0.00 0.00 0.00 0.00 0.00 0.00 0.00 0.00 0.00 0.00 0.00 0.00 0.00 0.00 0.00 0.00 0.00 0.00 0.00 0.00 0.00 0.00 0.00 0.00 0.00 0.00 0.00 0.00 0.00 0.00 0.00 0.00 0.00 0.00 0.00 0.00 0.50 1.18 1.86 2.55 3.24 3.93 4.61 5.30 5.99 6.67 7.35 8.03 8.70 9.36 10.01 10.66 11.30 11.92 12.54 13.14 13.73 14.30 14.86 15.41 15.93 16.44 16.93 17.40 17.85 18.27 18.68
0.00 0.00 0.00 0.00 0.00 0.00 0.00 0.00 0.00 0.00 0.00 0.00 0.00 0.00 0.00 0.00 0.00 0.00 0.00 0.00 0.00 0.00 0.00 0.00 0.00 0.00 0.00 0.00 0.00 0.00 0.00 0.00 0.00 0.00 0.00 0.00 0.00 0.00 0.00 0.00 0.00 0.00 0.00 0.00 0.00 0.00 0.00 0.00 0.25 0.94 1.62 2.32 3.01 3.70 4.40 5.09 5.78 6.47 7.15 7.83 8.51 9.17 9.83 10.48 11.13 11.76 12.37 12.98 13.57 14.15 14.72 15.26 15.79 16.30 16.79 17.27 17.72 18.15 18.55
0.00 0.00 0.00 0.00 0.00 0.00 0.00 0.00 0.00 0.00 0.00 0.00 0.00 0.00 0.00 0.00 0.00 0.00 0.00 0.00 0.00 0.00 0.00 0.00 0.00 0.00 0.00 0.00 0.00 0.00 0.00 0.00 0.00 0.00 0.00 0.00 0.00 0.00 0.00 0.00 0.00 0.00 0.00 0.00 0.00 0.00 0.00 0.00 0.02 0.71 1.41 2.10 2.80 3.50 4.20 4.90 5.59 6.29 6.98 7.66 8.34 9.01 9.67 10.33 10.97 11.60 12.23 12.84 13.43 14.01 14.58 15.13 15.66 16.18 16.67 17.15 17.60 18.03 18.44
0.00 0.00 0.00 0.00 0.00 0.00 0.00 0.00 0.00 0.00 0.00 0.00 0.00 0.00 0.00 0.00 0.00 0.00 0.00 0.00 0.00 0.00 0.00 0.00 0.00 0.00 0.00 0.00 0.00 0.00 0.00 0.00 0.00 0.00 0.00 0.00 0.00 0.00 0.00 0.00 0.00 0.00 0.00 0.00 0.00 0.00 0.00 0.00 0.00 0.51 1.21 1.91 2.61 3.32 4.02 4.72 5.42 6.12 6.81 7.50 8.18 8.86 9.53 10.18 10.83 11.47 12.10 12.71 13.31 13.89 14.46 15.01 15.55 16.06 16.56 17.04 17.49 17.93 18.34
0.00 0.00 0.00 0.00 0.00 0.00 0.00 0.00 0.00 0.00 0.00 0.00 0.00 0.00 0.00 0.00 0.00 0.00 0.00 0.00 0.00 0.00 0.00 0.00 0.00 0.00 0.00 0.00 0.00 0.00 0.00 0.00 0.00 0.00 0.00 0.00 0.00 0.00 0.00 0.00 0.00 0.00 0.00 0.00 0.00 0.00 0.00 0.00 0.00 0.33 1.03 1.74 2.45 3.15 3.86 4.57 5.27 5.97 6.67 7.36 8.05 8.73 9.40 10.06 10.71 11.35 11.98 12.60 13.20 13.78 14.36 14.91 15.45 15.97 16.47 16.94 17.40 17.84 18.25
