data_output/recharge/precip/Precip_1999_12.asc
ncols        168
nrows        136
xllcorner    455000
yllcorner    2107000
cellsize     500
NODATA_value     -99999
[rows 74 to 110 of 136, columns 82 to 163 of 168]
0.85 0.88 0.90 0.91 0.90 0.90 0.88 0.87 0.86 0.85 0.85 0.86 0.89 0.93 0.99 1.07 1.17 1.29 1.44 1.60 1.78 1.98 2.21 2.45 2.71 3.00 3.30 3.63 3.98 4.35 4.75 5.16 5.60 6.06 6.55 7.06 7.59 8.15 8.74 9.34 9.98 10.64 11.32 12.03 12.77 13.53 14.32 15.13 15.97 16.81 17.67 18.54 19.42 20.30 21.20 22.10 23.01 23.93 24.84 25.77 26.69 27.61 28.54 29.45 30.35 31.24 32.11 32.97 33.80 34.62 35.41 36.18 36.92 37.63 38.31 38.96 39.58 40.11 40.44 40.54 40.41 40.05
0.74 0.76 0.78 0.79 0.79 0.79 0.78 0.77 0.77 0.77 0.78 0.80 0.83 0.89 0.96 1.05 1.17 1.30 1.45 1.62 1.80 2.01 2.24 2.48 2.75 3.03 3.34 3.66 4.01 4.38 4.77 5.18 5.62 6.07 6.55 7.05 7.58 8.13 8.70 9.30 9.92 10.57 11.24 11.93 12.65 13.40 14.17 14.97 15.80 16.64 17.49 18.35 19.22 20.10 20.99 21.88 22.78 23.68 24.59 25.50 26.41 27.32 28.23 29.13 30.02 30.89 31.75 32.59 33.41 34.20 34.98 35.72 36.44 37.14 37.80 38.43 38.97 39.31 39.43 39.32 38.99 38.43
0.63 0.66 0.68 0.68 0.69 0.68 0.68 0.68 0.68 0.69 0.71 0.74 0.79 0.85 0.94 1.04 1.16 1.30 1.45 1.62 1.81 2.02 2.25 2.50 2.76 3.04 3.35 3.67 4.02 4.38 4.77 5.17 5.60 6.05 6.52 7.01 7.53 8.07 8.63 9.21 9.82 10.45 11.11 11.79 12.49 13.22 13.98 14.76 15.56 16.39 17.24 18.09 18.95 19.83 20.70 21.59 22.48 23.37 24.26 25.16 26.06 26.96 27.85 28.74 29.61 30.46 31.30 32.12 32.92 33.70 34.46 35.18 35.89 36.56 37.19 37.75 38.11 38.24 38.15 37.84 37.30 36.54
0.53 0.55 0.57 0.58 0.59 0.59 0.59 0.59 0.60 0.61 0.64 0.68 0.74 0.82 0.91 1.02 1.14 1.29 1.44 1.62 1.81 2.02 2.25 2.49 2.76 3.04 3.34 3.66 4.00 4.36 4.74 5.13 5.55 5.99 6.45 6.94 7.44 7.97 8.51 9.09 9.68 10.29 10.93 11.60 12.28 12.99 13.73 14.49 15.27 16.08 16.91 17.76 18.61 19.47 20.34 21.22 22.09 22.97 23.86 24.74 25.62 26.51 27.39 28.26 29.11 29.95 30.77 31.58 32.36 33.12 33.85 34.56 35.24 35.88 36.45 36.82 36.97 36.89 36.60 36.08 35.35 34.40
0.43 0.46 0.47 0.48 0.49 0.49 0.50 0.51 0.52 0.54 0.58 0.63 0.70 0.78 0.88 1.00 1.12 1.27 1.43 1.60 1.80 2.00 2.23 2.47 2.73 3.01 3.31 3.62 3.95 4.30 4.68 5.07 5.47 5.90 6.35 6.82 7.31 7.83 8.36 8.91 9.49 10.09 10.71 11.35 12.02 12.71 13.42 14.16 14.92 15.71 16.52 17.35 18.19 19.05 19.90 20.76 21.63 22.50 23.37 24.24 25.11 25.97 26.84 27.69 28.53 29.35 30.16 30.94 31.70 32.44 33.15 33.84 34.49 35.07 35.45 35.61 35.55 35.27 34.78 34.06 33.14 32.00
0.34 0.37 0.38 0.39 0.40 0.41 0.42 0.43 0.45 0.48 0.53 0.59 0.66 0.75 0.85 0.97 1.10 1.24 1.40 1.58 1.77 1.97 2.20 2.44 2.69 2.96 3.25 3.56 3.88 4.23 4.59 4.97 5.36 5.78 6.22 6.67 7.15 7.65 8.16 8.70 9.26 9.84 10.44 11.06 11.71 12.38 13.07 13.78 14.52 15.28 16.06 16.87 17.70 18.54 19.38 20.23 21.08 21.94 22.79 23.65 24.50 25.36 26.20 27.04 27.86 28.66 29.45 30.21 30.95 31.67 32.36 33.03 33.61 34.00 34.18 34.13 33.87 33.39 32.69 31.79 30.67 29.35
0.26 0.28 0.30 0.31 0.32 0.33 0.34 0.36 0.38 0.42 0.48 0.54 0.62 0.71 0.81 0.93 1.06 1.21 1.36 1.54 1.73 1.93 2.15 2.38 2.63 2.89 3.17 3.47 3.79 4.12 4.47 4.84 5.22 5.62 6.05 6.49 6.95 7.43 7.92 8.44 8.98 9.54 10.12 10.72 11.34 11.99 12.65 13.34 14.05 14.79 15.54 16.32 17.12 17.95 18.78 19.62 20.45 21.29 22.13 22.97 23.81 24.65 25.48 26.30 27.10 27.88 28.65 29.39 30.11 30.81 31.48 32.07 32.47 32.65 32.62 32.37 31.91 31.23 30.35 29.26 27.96 26.45
0.19 0.21 0.22 0.23 0.24 0.25 0.27 0.29 0.33 0.37 0.43 0.50 0.58 0.67 0.77 0.89 1.02 1.16 1.32 1.49 1.67 1.87 2.08 2.30 2.54 2.80 3.07 3.36 3.66 3.98 4.32 4.67 5.04 5.43 5.84 6.26 6.70 7.16 7.64 8.14 8.66 9.20 9.75 10.33 10.93 11.55 12.19 12.85 13.53 14.23 14.96 15.71 16.48 17.28 18.09 18.91 19.74 20.56 21.39 22.21 23.03 23.85 24.66 25.46 26.25 27.01 27.76 28.48 29.18 29.85 30.44 30.85 31.05 31.03 30.79 30.34 29.69 28.82 27.75 26.47 25.00 23.32
0.12 0.14 0.15 0.16 0.17 0.19 0.21 0.24 0.27 0.32 0.38 0.45 0.53 0.62 0.73 0.84 0.97 1.11 1.26 1.42 1.60 1.79 1.99 2.21 2.44 2.69 2.95 3.22 3.51 3.82 4.14 4.48 4.83 5.21 5.59 6.00 6.42 6.86 7.32 7.80 8.29 8.80 9.34 9.89 10.46 11.05 11.66 12.30 12.95 13.62 14.32 15.04 15.78 16.54 17.32 18.12 18.93 19.74 20.55 21.36 22.16 22.96 23.75 24.53 25.30 26.04 26.76 27.47 28.14 28.74 29.16 29.36 29.35 29.12 28.69 28.05 27.20 26.15 24.90 23.44 21.79 19.94
0.06 0.08 0.09 0.10 0.11 0.13 0.15 0.19 0.23 0.28 0.34 0.41 0.49 0.58 0.68 0.79 0.91 1.04 1.19 1.34 1.51 1.69 1.89 2.09 2.32 2.55 2.80 3.06 3.34 3.63 3.93 4.25 4.59 4.94 5.31 5.70 6.10 6.52 6.95 7.40 7.87 8.36 8.87 9.40 9.94 10.50 11.09 11.69 12.31 12.95 13.61 14.30 15.00 15.73 16.48 17.25 18.03 18.83 19.62 20.41 21.19 21.97 22.75 23.51 24.25 24.97 25.68 26.35 26.95 27.37 27.58 27.58 27.37 26.95 26.32 25.49 24.46 23.23 21.80 20.17 18.35 16.34
0.01 0.03 0.04 0.05 0.06 0.08 0.11 0.14 0.18 0.23 0.29 0.36 0.44 0.52 0.62 0.72 0.84 0.97 1.10 1.25 1.41 1.58 1.77 1.96 2.17 2.39 2.62 2.87 3.13 3.40 3.69 3.99 4.31 4.64 4.99 5.36 5.73 6.13 6.54 6.97 7.41 7.87 8.35 8.85 9.37 9.90 10.45 11.02 11.61 12.22 12.85 13.50 14.17 14.85 15.56 16.30 17.05 17.82 18.59 19.36 20.13 20.89 21.64 22.38 23.11 23.81 24.48 25.09 25.51 25.73 25.73 25.53 25.12 24.51 23.69 22.68 21.47 20.06 18.46 16.66 14.67 12.50
0.00 0.00 0.00 0.01 0.02 0.04 0.07 0.10 0.14 0.19 0.25 0.31 0.38 0.46 0.55 0.65 0.76 0.88 1.01 1.14 1.29 1.45 1.62 1.81 2.00 2.20 2.42 2.65 2.90 3.15 3.42 3.70 4.00 4.31 4.63 4.97 5.33 5.70 6.08 6.49 6.90 7.34 7.79 8.25 8.74 9.24 9.76 10.30 10.85 11.42 12.02 12.63 13.26 13.91 14.58 15.27 15.99 16.72 17.47 18.22 18.97 19.71 20.44 21.16 21.86 22.53 23.14 23.56 23.78 23.79 23.60 23.20 22.60 21.80 20.81 19.61 18.22 16.64 14.87 12.91 10.76 8.43
0.00 0.00 0.00 0.00 0.00 0.01 0.03 0.06 0.10 0.15 0.20 0.26 0.32 0.40 0.48 0.57 0.67 0.78 0.90 1.02 1.16 1.31 1.46 1.63 1.81 2.00 2.20 2.41 2.63 2.87 3.12 3.38 3.65 3.94 4.24 4.55 4.88 5.23 5.58 5.96 6.35 6.75 7.17 7.60 8.06 8.52 9.01 9.51 10.03 10.57 11.12 11.70 12.29 12.90 13.53 14.18 14.85 15.54 16.25 16.97 17.70 18.42 19.13 19.83 20.50 21.10 21.53 21.76 21.77 21.59 21.20 20.61 19.82 18.84 17.66 16.30 14.74 12.99 11.05 8.93 6.63 4.14
0.00 0.00 0.00 0.00 0.00 0.00 0.00 0.03 0.07 0.11 0.15 0.20 0.26 0.33 0.40 0.48 0.57 0.67 0.77 0.89 1.01 1.14 1.28 1.43 1.59 1.76 1.94 2.14 2.34 2.55 2.78 3.02 3.27 3.53 3.80 4.09 4.39 4.71 5.04 5.38 5.74 6.11 6.50 6.90 7.32 7.75 8.20 8.67 9.15 9.65 10.17 10.70 11.25 11.82 12.41 13.02 13.64 14.29 14.95 15.63 16.33 17.03 17.72 18.39 18.99 19.42 19.64 19.66 19.48 19.10 18.52 17.75 16.78 15.62 14.27 12.73 11.00 9.09 7.00 4.73 2.27 0.00
0.00 0.00 0.00 0.00 0.00 0.00 0.00 0.00 0.03 0.06 0.10 0.15 0.20 0.25 0.32 0.38 0.46 0.54 0.64 0.73 0.84 0.96 1.08 1.21 1.35 1.50 1.66 1.83 2.02 2.21 2.41 2.62 2.85 3.08 3.33 3.59 3.86 4.15 4.45 4.76 5.08 5.42 5.78 6.14 6.53 6.92 7.34 7.76 8.21 8.67 9.14 9.64 10.15 10.67 11.22 11.78 12.36 12.96 13.57 14.21 14.86 15.53 16.20 16.79 17.22 17.45 17.47 17.29 16.92 16.35 15.59 14.63 13.48 12.15 10.63 8.92 7.04 4.97 2.72 0.29 0.00 0.00
0.00 0.00 0.00 0.00 0.00 0.00 0.00 0.00 0.00 0.02 0.05 0.09 0.13 0.17 0.22 0.28 0.34 0.41 0.48 0.57 0.66 0.75 0.86 0.97 1.09 1.22 1.36 1.51 1.67 1.83 2.01 2.20 2.39 2.60 2.82 3.05 3.29 3.55 3.81 4.09 4.39 4.69 5.01 5.34 5.68 6.04 6.42 6.81 7.21 7.63 8.06 8.51 8.98 9.46 9.96 10.48 11.01 11.56 12.13 12.71 13.32 13.94 14.54 14.96 15.18 15.21 15.04 14.67 14.10 13.35 12.41 11.27 9.95 8.45 6.77 4.90 2.85 0.63 0.00 0.00 0.00 0.00
0.00 0.00 0.00 0.00 0.00 0.00 0.00 0.00 0.00 0.00 0.01 0.03 0.06 0.10 0.14 0.18 0.23 0.28 0.34 0.41 0.48 0.56 0.65 0.74 0.84 0.95 1.07 1.19 1.32 1.47 1.62 1.78 1.95 2.13 2.32 2.52 2.73 2.96 3.19 3.44 3.70 3.97 4.25 4.54 4.85 5.17 5.51 5.86 6.22 6.60 6.99 7.40 7.82 8.26 8.71 9.18 9.67 10.17 10.69 11.23 11.78 12.35 12.87 13.13 13.15 12.97 12.60 12.04 11.29 10.35 9.23 7.92 6.43 4.75 2.90 0.87 0.00 0.00 0.00 0.00 0.00 0.00
0.00 0.00 0.00 0.00 0.00 0.00 0.00 0.00 0.00 0.00 0.00 0.00 0.02 0.04 0.07 0.10 0.14 0.18 0.22 0.28 0.33 0.40 0.46 0.54 0.62 0.71 0.81 0.91 1.02 1.14 1.27 1.40 1.55 1.70 1.87 2.04 2.22 2.42 2.62 2.83 3.06 3.30 3.55 3.81 4.08 4.37 4.66 4.97 5.30 5.64 5.99 6.35 6.73 7.13 7.54 7.96 8.41 8.86 9.33 9.82 10.33 10.85 11.31 11.47 11.32 10.94 10.37 9.61 8.67 7.54 6.23 4.74 3.08 1.23 0.00 0.00 0.00 0.00 0.00 0.00 0.00 0.00
0.00 0.00 0.00 0.00 0.00 0.00 0.00 0.00 0.00 0.00 0.00 0.00 0.00 0.00 0.02 0.04 0.07 0.09 0.13 0.17 0.21 0.26 0.31 0.37 0.43 0.50 0.58 0.66 0.75 0.85 0.96 1.07 1.19 1.32 1.46 1.60 1.76 1.92 2.10 2.28 2.48 2.68 2.90 3.13 3.37 3.62 3.88 4.15 4.44 4.74 5.05 5.38 5.72 6.07 6.44 6.82 7.22 7.63 8.05 8.50 8.95 9.43 9.83 9.92 9.66 9.10 8.33 7.37 6.23 4.91 3.42 1.74 0.00 0.00 0.00 0.00 0.00 0.00 0.00 0.00 0.00 0.00
0.00 0.00 0.00 0.00 0.00 0.00 0.00 0.00 0.00 0.00 0.00 0.00 0.00 0.00 0.00 0.00 0.01 0.03 0.05 0.08 0.11 0.14 0.18 0.22 0.27 0.33 0.38 0.45 0.52 0.60 0.68 0.77 0.87 0.98 1.09 1.21 1.34 1.48 1.62 1.78 1.95 2.12 2.31 2.50 2.71 2.92 3.15 3.39 3.64 3.90 4.18 4.47 4.77 5.08 5.41 5.75 6.10 6.47 6.85 7.25 7.66 8.08 8.44 8.46 8.10 7.41 6.46 5.30 3.96 2.44 0.76 0.00 0.00 0.00 0.00 0.00 0.00 0.00 0.00 0.00 0.00 0.00
0.00 0.00 0.00 0.00 0.00 0.00 0.00 0.00 0.00 0.00 0.00 0.00 0.00 0.00 0.00 0.00 0.00 0.00 0.00 0.01 0.03 0.05 0.08 0.11 0.14 0.18 0.22 0.27 0.32 0.38 0.44 0.51 0.59 0.67 0.76 0.86 0.96 1.08 1.20 1.33 1.46 1.61 1.77 1.93 2.10 2.29 2.48 2.69 2.91 3.13 3.37 3.62 3.88 4.16 4.44 4.74 5.06 5.38 5.72 6.07 6.44 6.81 7.12 7.07 6.62 5.82 4.72 3.37 1.83 0.12 0.00 0.00 0.00 0.00 0.00 0.00 0.00 0.00 0.00 0.00 0.00 0.00
0.00 0.00 0.00 0.00 0.00 0.00 0.00 0.00 0.00 0.00 0.00 0.00 0.00 0.00 0.00 0.00 0.00 0.00 0.00 0.00 0.00 0.00 0.00 0.01 0.03 0.06 0.08 0.11 0.15 0.19 0.24 0.29 0.34 0.41 0.47 0.55 0.63 0.72 0.81 0.92 1.03 1.15 1.27 1.41 1.55 1.71 1.87 2.04 2.23 2.42 2.62 2.84 3.06 3.30 3.55 3.81 4.08 4.36 4.66 4.97 5.29 5.62 5.88 5.76 5.23 4.32 3.08 1.57 0.00 0.00 0.00 0.00 0.00 0.00 0.00 0.00 0.00 0.00 0.00 0.00 0.00 0.00
0.00 0.00 0.00 0.00 0.00 0.00 0.00 0.00 0.00 0.00 0.00 0.00 0.00 0.00 0.00 0.00 0.00 0.00 0.00 0.00 0.00 0.00 0.00 0.00 0.00 0.00 0.00 0.00 0.01 0.03 0.06 0.09 0.13 0.18 0.22 0.28 0.34 0.40 0.47 0.55 0.64 0.73 0.83 0.94 1.05 1.18 1.31 1.45 1.60 1.76 1.93 2.11 2.30 2.50 2.72 2.94 3.17 3.42 3.67 3.94 4.22 4.51 4.71 4.53 3.91 2.89 1.52 0.00 0.00 0.00 0.00 0.00 0.00 0.00 0.00 0.00 0.00 0.00 0.00 0.00 0.00 0.00
0.00 0.00 0.00 0.00 0.00 0.00 0.00 0.00 0.00 0.00 0.00 0.00 0.00 0.00 0.00 0.00 0.00 0.00 0.00 0.00 0.00 0.00 0.00 0.00 0.00 0.00 0.00 0.00 0.00 0.00 0.00 0.00 0.00 0.00 0.01 0.04 0.08 0.12 0.17 0.23 0.29 0.36 0.43 0.51 0.60 0.70 0.80 0.92 1.04 1.16 1.30 1.45 1.61 1.77 1.95 2.13 2.33 2.53 2.75 2.97 3.21 3.46 3.62 3.37 2.66 1.54 0.04 0.00 0.00 0.00 0.00 0.00 0.00 0.00 0.00 0.00 0.00 0.00 0.00 0.00 0.00 0.00
0.00 0.00 0.00 0.00 0.00 0.00 0.00 0.00 0.00 0.00 0.00 0.00 0.00 0.00 0.00 0.00 0.00 0.00 0.00 0.00 0.00 0.00 0.00 0.00 0.00 0.00 0.00 0.00 0.00 0.00 0.00 0.00 0.00 0.00 0.00 0.00 0.00 0.00 0.00 0.00 0.00 0.03 0.08 0.14 0.20 0.27 0.35 0.43 0.52 0.62 0.73 0.84 0.96 1.10 1.24 1.39 1.55 1.71 1.89 2.08 2.28 2.48 2.60 2.29 1.49 0.26 0.00 0.00 0.00 0.00 0.00 0.00 0.00 0.00 0.00 0.00 0.00 0.00 0.00 0.00 0.00 0.00
0.00 0.00 0.00 0.00 0.00 0.00 0.00 0.00 0.00 0.00 0.00 0.00 0.00 0.00 0.00 0.00 0.00 0.00 0.00 0.00 0.00 0.00 0.00 0.00 0.00 0.00 0.00 0.00 0.00 0.00 0.00 0.00 0.00 0.00 0.00 0.00 0.00 0.00 0.00 0.00 0.00 0.00 0.00 0.00 0.00 0.00 0.00 0.00 0.05 0.12 0.20 0.29 0.38 0.48 0.59 0.70 0.83 0.96 1.10 1.25 1.41 1.57 1.65 1.27 0.40 0.00 0.00 0.00 0.00 0.00 0.00 0.00 0.00 0.00 0.00 0.00 0.00 0.00 0.00 0.00 0.00 0.00
0.00 0.00 0.00 0.00 0.00 0.00 0.00 0.00 0.00 0.00 0.00 0.00 0.00 0.00 0.00 0.00 0.00 0.00 0.00 0.00 0.00 0.00 0.00 0.00 0.00 0.00 0.00 0.00 0.00 0.00 0.00 0.00 0.00 0.00 0.00 0.00 0.00 0.00 0.00 0.00 0.00 0.00 0.00 0.00 0.00 0.00 0.00 0.00 0.00 0.00 0.00 0.00 0.00 0.00 0.00 0.07 0.16 0.26 0.37 0.48 0.60 0.73 0.76 0.33 0.00 0.00 0.00 0.00 0.00 0.00 0.00 0.00 0.00 0.00 0.00 0.00 0.00 0.00 0.00 0.00 0.00 0.00
0.01 0.01 0.01 0.01 0.01 0.01 0.01 0.01 0.01 0.01 0.01 0.01 0.01 0.01 0.01 0.00 0.00 0.00 0.00 0.00 0.00 0.00 0.00 0.00 0.00 0.00 0.00 0.00 0.00 0.00 0.00 0.00 0.00 0.00 0.00 0.00 0.00 0.00 0.00 0.00 0.00 0.00 0.00 0.00 0.00 0.00 0.00 0.00 0.00 0.00 0.00 0.00 0.00 0.00 0.00 0.00 0.00 0.00 0.00 0.00 0.00 0.00 0.00 0.00 0.00 0.00 0.00 0.00 0.00 0.00 0.00 0.00 0.00 0.00 0.00 0.00 0.00 0.00 0.00 0.00 0.00 0.00
0.01 0.02 0.02 0.02 0.02 0.02 0.02 0.02 0.02 0.02 0.02 0.02 0.02 0.02 0.02 0.02 0.01 0.00 0.00 0.00 0.00 0.00 0.00 0.00 0.00 0.00 0.00 0.00 0.00 0.00 0.00 0.00 0.00 0.00 0.00 0.00 0.00 0.00 0.00 0.00 0.00 0.00 0.00 0.00 0.00 0.00 0.00 0.00 0.00 0.00 0.00 0.00 0.00 0.00 0.00 0.00 0.00 0.00 0.00 0.00 0.00 0.00 0.00 0.00 0.00 0.00 0.00 0.00 0.00 0.00 0.00 0.00 0.00 0.00 0.00 0.00 0.00 0.00 0.00 0.00 0.00 0.00
0.02 0.02 0.02 0.03 0.03 0.03 0.03 0.03 0.03 0.03 0.03 0.03 0.03 0.03 0.03 0.03 0.03 0.02 0.00 0.00 0.00 0.00 0.00 0.00 0.00 0.00 0.00 0.00 0.00 0.00 0.00 0.00 0.00 0.00 0.00 0.00 0.00 0.00 0.00 0.00 0.00 0.00 0.00 0.00 0.00 0.00 0.00 0.00 0.00 0.00 0.00 0.00 0.00 0.00 0.00 0.00 0.00 0.00 0.00 0.00 0.00 0.00 0.00 0.00 0.00 0.00 0.00 0.00 0.00 0.00 0.00 0.00 0.00 0.00 0.00 0.00 0.00 0.00 0.00 0.00 0.00 0.00
0.03 0.03 0.03 0.03 0.03 0.04 0.04 0.04 0.04 0.04 0.04 0.04 0.04 0.04 0.04 0.04 0.04 0.04 0.03 0.01 0.00 0.00 0.00 0.00 0.00 0.00 0.00 0.00 0.00 0.00 0.00 0.00 0.00 0.00 0.00 0.00 0.00 0.00 0.00 0.00 0.00 0.00 0.00 0.00 0.00 0.00 0.00 0.00 0.00 0.00 0.00 0.00 0.00 0.00 0.00 0.00 0.00 0.00 0.00 0.00 0.00 0.00 0.00 0.00 0.00 0.00 0.00 0.00 0.00 0.00 0.00 0.00 0.00 0.00 0.00 0.00 0.00 0.00 0.00 0.00 0.00 0.00
0.04 0.04 0.04 0.04 0.04 0.04 0.04 0.05 0.05 0.05 0.05 0.05 0.05 0.05 0.05 0.05 0.05 0.05 0.04 0.03 0.02 0.00 0.00 0.00 0.00 0.00 0.00 0.00 0.00 0.00 0.00 0.00 0.00 0.00 0.00 0.00 0.00 0.00 0.00 0.00 0.00 0.00 0.00 0.00 0.00 0.00 0.00 0.00 0.00 0.00 0.00 0.00 0.00 0.00 0.00 0.00 0.00 0.00 0.00 0.00 0.00 0.00 0.00 0.00 0.00 0.00 0.00 0.00 0.00 0.00 0.00 0.00 0.00 0.00 0.00 0.00 0.00 0.00 0.00 0.00 0.00 0.00
0.05 0.05 0.05 0.05 0.05 0.05 0.05 0.05 0.05 0.05 0.06 0.06 0.06 0.06 0.06 0.06 0.06 0.06 0.06 0.05 0.04 0.02 0.00 0.00 0.00 0.00 0.00 0.00 0.00 0.00 0.00 0.00 0.00 0.00 0.00 0.00 0.00 0.00 0.00 0.00 0.00 0.00 0.00 0.00 0.00 0.00 0.00 0.00 0.00 0.00 0.00 0.00 0.00 0.00 0.00 0.00 0.00 0.00 0.00 0.00 0.00 0.00 0.00 0.00 0.00 0.00 0.00 0.00 0.00 0.00 0.00 0.00 0.00 0.00 0.00 0.00 0.00 0.00 0.00 0.00 0.00 0.00
0.06 0.06 0.06 0.06 0.06 0.06 0.06 0.06 0.06 0.06 0.06 0.06 0.06 0.07 0.07 0.07 0.07 0.07 0.07 0.07 0.06 0.05 0.03 0.00 0.00 0.00 0.00 0.00 0.00 0.00 0.00 0.00 0.00 0.00 0.00 0.00 0.00 0.00 0.00 0.00 0.00 0.00 0.00 0.00 0.00 0.00 0.00 0.00 0.00 0.00 0.00 0.00 0.00 0.00 0.00 0.00 0.00 0.00 0.00 0.00 0.00 0.00 0.00 0.00 0.00 0.00 0.00 0.00 0.00 0.00 0.00 0.00 0.00 0.00 0.00 0.00 0.00 0.00 0.00 0.00 0.00 0.00
0.07 0.07 0.07 0.07 0.07 0.07 0.07 0.07 0.07 0.07 0.07 0.07 0.07 0.07 0.07 0.07 0.08 0.08 0.08 0.08 0.08 0.07 0.06 0.04 0.01 0.00 0.00 0.00 0.00 0.00 0.00 0.00 0.00 0.00 0.00 0.00 0.00 0.00 0.00 0.00 0.00 0.00 0.00 0.00 0.00 0.00 0.00 0.00 0.00 0.00 0.00 0.00 0.00 0.00 0.00 0.00 0.00 0.00 0.00 0.00 0.00 0.00 0.00 0.00 0.00 0.00 0.00 0.00 0.00 0.00 0.00 0.00 0.00 0.00 0.00 0.00 0.00 0.00 0.00 0.00 0.00 0.00
0.07 0.08 0.08 0.08 0.08 0.08 0.08 0.08 0.08 0.08 0.08 0.08 0.08 0.08 0.08 0.08 0.08 0.08 0.08 0.08 0.09 0.08 0.08 0.06 0.04 0.01 0.00 0.00 0.00 0.00 0.00 0.00 0.00 0.00 0.00 0.00 0.00 0.00 0.00 0.00 0.00 0.00 0.00 0.00 0.00 0.00 0.00 0.00 0.00 0.00 0.00 0.00 0.00 0.00 0.00 0.00 0.00 0.00 0.00 0.00 0.00 0.00 0.00 0.00 0.00 0.00 0.00 0.00 0.00 0.00 0.00 0.00 0.00 0.00 0.00 0.00 0.00 0.00 0.00 0.00 0.00 0.00
0.08 0.08 0.08 0.08 0.08 0.08 0.09 0.09 0.09 0.09 0.09 0.09 0.09 0.09 0.09 0.09 0.09 0.09 0.09 0.09 0.09 0.09 0.09 0.09 0.07 0.05 0.01 0.00 0.00 0.00 0.00 0.00 0.00 0.00 0.00 0.00 0.00 0.00 0.00 0.00 0.00 0.00 0.00 0.00 0.00 0.00 0.00 0.00 0.00 0.00 0.00 0.00 0.00 0.00 0.00 0.00 0.00 0.00 0.00 0.00 0.00 0.00 0.00 0.00 0.00 0.00 0.00 0.00 0.00 0.00 0.00 0.00 0.00 0.00 0.00 0.00 0.00 0.00 0.00 0.00 0.00 0.00
