data_output/recharge/precip/Precip_1985_12.asc
ncols        168
nrows        136
xllcorner    455000
yllcorner    2107000
cellsize     500
NODATA_value     -99999
[rows 38 to 75 of 136, columns 0 to 83 of 168]
6.84 6.62 6.40 6.17 5.94 5.71 5.48 5.25 5.03 4.80 4.56 4.33 4.10 3.86 3.63 3.40 3.19 3.00 2.83 2.68 2.54 2.42 2.31 2.20 2.09 1.99 1.89 1.79 1.69 1.60 1.51 1.43 1.35 1.27 1.19 1.11 1.04 0.97 0.90 0.84 0.77 0.71 0.65 0.59 0.54 0.48 0.43 0.38 0.33 0.28 0.24 0.19 0.15 0.11 0.07 0.03 0.00 0.00 0.00 0.00 0.00 0.00 0.00 0.00 0.00 0.00 0.00 0.00 0.00 0.00 0.00 0.00 0.00 0.00 0.00 0.00 0.00 0.00 0.00 0.00 0.00 0.00 0.00 0.00
6.74 6.52 6.30 6.08 5.85 5.63 5.41 5.18 4.96 4.74 4.51 4.29 4.06 3.84 3.61 3.39 3.19 3.01 2.84 2.70 2.57 2.44 2.33 2.21 2.10 1.99 1.89 1.79 1.69 1.59 1.50 1.41 1.33 1.25 1.17 1.09 1.01 0.94 0.87 0.81 0.74 0.68 0.62 0.56 0.51 0.45 0.40 0.35 0.30 0.26 0.21 0.17 0.13 0.09 0.05 0.01 0.00 0.00 0.00 0.00 0.00 0.00 0.00 0.00 0.00 0.00 0.00 0.00 0.00 0.00 0.00 0.00 0.00 0.00 0.00 0.00 0.00 0.00 0.00 0.00 0.00 0.00 0.00 0.00
6.62 6.41 6.20 5.98 5.77 5.55 5.33 5.12 4.90 4.68 4.46 4.25 4.03 3.81 3.59 3.38 3.19 3.01 2.86 2.72 2.58 2.46 2.33 2.22 2.10 1.99 1.88 1.78 1.67 1.58 1.48 1.39 1.30 1.22 1.14 1.06 0.98 0.91 0.84 0.77 0.70 0.64 0.58 0.52 0.47 0.41 0.36 0.31 0.27 0.22 0.18 0.14 0.10 0.06 0.03 0.00 0.00 0.00 0.00 0.00 0.00 0.00 0.00 0.00 0.00 0.00 0.00 0.00 0.00 0.00 0.00 0.00 0.00 0.00 0.00 0.00 0.00 0.00 0.00 0.00 0.00 0.00 0.00 0.00
6.51 6.31 6.10 5.89 5.68 5.47 5.26 5.05 4.84 4.63 4.42 4.21 4.00 3.79 3.58 3.37 3.19 3.02 2.87 2.73 2.60 2.46 2.34 2.21 2.09 1.98 1.86 1.76 1.65 1.55 1.45 1.36 1.27 1.18 1.10 1.02 0.94 0.87 0.79 0.72 0.66 0.60 0.54 0.48 0.42 0.37 0.32 0.27 0.23 0.18 0.14 0.10 0.07 0.03 0.00 0.00 0.00 0.00 0.00 0.00 0.00 0.00 0.00 0.00 0.00 0.00 0.00 0.00 0.00 0.00 0.00 0.00 0.00 0.00 0.00 0.00 0.00 0.00 0.00 0.00 0.00 0.00 0.00 0.00
6.40 6.20 6.00 5.80 5.59 5.39 5.19 4.98 4.78 4.57 4.37 4.17 3.97 3.77 3.56 3.37 3.19 3.03 2.88 2.74 2.60 2.46 2.33 2.20 2.08 1.96 1.84 1.73 1.62 1.52 1.42 1.32 1.23 1.14 1.05 0.97 0.89 0.82 0.74 0.67 0.61 0.54 0.48 0.43 0.37 0.32 0.27 0.22 0.18 0.14 0.10 0.06 0.03 0.00 0.00 0.00 0.00 0.00 0.00 0.00 0.00 0.00 0.00 0.00 0.00 0.00 0.00 0.00 0.00 0.00 0.00 0.00 0.00 0.00 0.00 0.00 0.00 0.00 0.00 0.00 0.00 0.00 0.00 0.00
6.29 6.10 5.90 5.71 5.51 5.31 5.12 4.92 4.72 4.53 4.33 4.13 3.94 3.75 3.55 3.37 3.20 3.04 2.88 2.73 2.59 2.44 2.31 2.18 2.05 1.92 1.81 1.69 1.58 1.47 1.37 1.27 1.18 1.09 1.00 0.91 0.83 0.76 0.68 0.61 0.55 0.48 0.42 0.37 0.31 0.26 0.21 0.17 0.13 0.09 0.05 0.01 0.00 0.00 0.00 0.00 0.00 0.00 0.00 0.00 0.00 0.00 0.00 0.00 0.00 0.00 0.00 0.00 0.00 0.00 0.00 0.00 0.00 0.00 0.00 0.00 0.00 0.00 0.00 0.00 0.00 0.00 0.00 0.00
6.18 5.99 5.80 5.61 5.43 5.24 5.05 4.86 4.67 4.48 4.29 4.10 3.92 3.73 3.55 3.37 3.20 3.03 2.87 2.72 2.57 2.42 2.28 2.14 2.01 1.88 1.76 1.64 1.53 1.42 1.31 1.21 1.12 1.02 0.94 0.85 0.77 0.69 0.62 0.55 0.48 0.42 0.36 0.30 0.25 0.20 0.15 0.11 0.07 0.03 0.00 0.00 0.00 0.00 0.00 0.00 0.00 0.00 0.00 0.00 0.00 0.00 0.00 0.00 0.00 0.00 0.00 0.00 0.00 0.00 0.00 0.00 0.00 0.00 0.00 0.00 0.00 0.00 0.00 0.00 0.00 0.00 0.00 0.00
6.03 5.86 5.68 5.50 5.32 5.14 4.96 4.78 4.61 4.43 4.25 4.07 3.90 3.72 3.55 3.37 3.19 3.02 2.85 2.69 2.54 2.39 2.24 2.10 1.97 1.84 1.71 1.59 1.47 1.36 1.25 1.15 1.05 0.96 0.87 0.78 0.70 0.62 0.55 0.48 0.41 0.35 0.29 0.23 0.18 0.13 0.08 0.04 0.00 0.00 0.00 0.00 0.00 0.00 0.00 0.00 0.00 0.00 0.00 0.00 0.00 0.00 0.00 0.00 0.00 0.00 0.00 0.00 0.00 0.00 0.00 0.00 0.00 0.00 0.00 0.00 0.00 0.00 0.00 0.00 0.00 0.00 0.00 0.00
5.78 5.63 5.47 5.31 5.15 4.99 4.83 4.67 4.51 4.35 4.19 4.04 3.88 3.72 3.55 3.37 3.19 3.02 2.85 2.68 2.52 2.37 2.22 2.07 1.93 1.80 1.67 1.54 1.43 1.31 1.20 1.10 0.99 0.90 0.81 0.72 0.64 0.56 0.48 0.41 0.34 0.28 0.22 0.17 0.11 0.07 0.02 0.00 0.00 0.00 0.00 0.00 0.00 0.00 0.00 0.00 0.00 0.00 0.00 0.00 0.00 0.00 0.00 0.00 0.00 0.00 0.00 0.00 0.00 0.00 0.00 0.00 0.00 0.00 0.00 0.00 0.00 0.00 0.00 0.00 0.00 0.00 0.00 0.00
5.42 5.30 5.17 5.04 4.91 4.78 4.65 4.52 4.39 4.26 4.14 4.01 3.88 3.73 3.56 3.38 3.20 3.02 2.85 2.68 2.51 2.35 2.20 2.05 1.91 1.77 1.64 1.51 1.39 1.27 1.16 1.05 0.95 0.85 0.76 0.67 0.58 0.50 0.43 0.36 0.29 0.23 0.17 0.11 0.06 0.01 0.00 0.00 0.00 0.00 0.00 0.00 0.00 0.00 0.00 0.00 0.00 0.00 0.00 0.00 0.00 0.00 0.00 0.00 0.00 0.00 0.00 0.00 0.00 0.00 0.00 0.00 0.00 0.00 0.00 0.00 0.00 0.00 0.00 0.00 0.00 0.00 0.00 0.00
4.97 4.89 4.80 4.71 4.62 4.54 4.45 4.36 4.27 4.18 4.10 4.00 3.89 3.75 3.58 3.40 3.22 3.04 2.86 2.68 2.51 2.35 2.19 2.04 1.89 1.75 1.62 1.49 1.36 1.24 1.12 1.01 0.91 0.81 0.71 0.62 0.54 0.46 0.38 0.31 0.24 0.18 0.12 0.07 0.01 0.00 0.00 0.00 0.00 0.00 0.00 0.00 0.00 0.00 0.00 0.00 0.00 0.00 0.00 0.00 0.00 0.00 0.00 0.00 0.00 0.00 0.00 0.00 0.00 0.00 0.00 0.00 0.00 0.00 0.00 0.00 0.00 0.00 0.00 0.00 0.00 0.00 0.00 0.00
4.45 4.42 4.38 4.35 4.31 4.27 4.23 4.20 4.16 4.13 4.08 4.01 3.91 3.77 3.60 3.42 3.24 3.06 2.88 2.70 2.53 2.36 2.20 2.04 1.89 1.74 1.60 1.47 1.34 1.22 1.10 0.99 0.88 0.78 0.68 0.59 0.50 0.42 0.34 0.27 0.20 0.14 0.08 0.03 0.00 0.00 0.00 0.00 0.00 0.00 0.00 0.00 0.00 0.00 0.00 0.00 0.00 0.00 0.00 0.00 0.00 0.00 0.00 0.00 0.00 0.00 0.00 0.00 0.00 0.00 0.00 0.00 0.00 0.00 0.00 0.00 0.00 0.00 0.00 0.00 0.00 0.00 0.00 0.00
3.88 3.91 3.93 3.96 3.98 4.01 4.03 4.06 4.09 4.10 4.09 4.03 3.93 3.80 3.63 3.45 3.27 3.09 2.91 2.73 2.55 2.38 2.21 2.05 1.89 1.75 1.60 1.46 1.33 1.21 1.09 0.97 0.86 0.76 0.66 0.57 0.48 0.40 0.32 0.24 0.18 0.11 0.05 0.00 0.00 0.00 0.00 0.00 0.00 0.00 0.00 0.00 0.00 0.00 0.00 0.00 0.00 0.00 0.00 0.00 0.00 0.00 0.00 0.00 0.00 0.00 0.00 0.00 0.00 0.00 0.00 0.00 0.00 0.00 0.00 0.00 0.00 0.00 0.00 0.00 0.00 0.00 0.00 0.00
3.27 3.37 3.47 3.57 3.66 3.76 3.86 3.96 4.05 4.10 4.10 4.05 3.96 3.83 3.67 3.49 3.30 3.12 2.94 2.76 2.58 2.41 2.23 2.07 1.91 1.76 1.61 1.47 1.33 1.21 1.08 0.96 0.85 0.75 0.65 0.55 0.46 0.38 0.30 0.22 0.16 0.09 0.03 0.00 0.00 0.00 0.00 0.00 0.00 0.00 0.00 0.00 0.00 0.00 0.00 0.00 0.00 0.00 0.00 0.00 0.00 0.00 0.00 0.00 0.00 0.00 0.00 0.00 0.00 0.00 0.00 0.00 0.00 0.00 0.00 0.00 0.00 0.00 0.00 0.00 0.00 0.00 0.00 0.00
2.64 2.82 3.01 3.19 3.37 3.55 3.73 3.91 4.03 4.10 4.11 4.08 3.99 3.87 3.71 3.53 3.34 3.16 2.98 2.80 2.62 2.44 2.27 2.10 1.93 1.78 1.63 1.48 1.34 1.21 1.09 0.97 0.85 0.74 0.64 0.54 0.45 0.37 0.29 0.21 0.14 0.08 0.02 0.00 0.00 0.00 0.00 0.00 0.00 0.00 0.00 0.00 0.00 0.00 0.00 0.00 0.00 0.00 0.00 0.00 0.00 0.00 0.00 0.00 0.00 0.00 0.00 0.00 0.00 0.02 0.03 0.02 0.01 0.00 0.00 0.00 0.00 0.00 0.00 0.00 0.00 0.00 0.00 0.00
2.01 2.29 2.57 2.84 3.12 3.40 3.66 3.88 4.02 4.11 4.14 4.11 4.03 3.91 3.75 3.57 3.38 3.20 3.02 2.84 2.66 2.48 2.31 2.14 1.97 1.81 1.65 1.50 1.36 1.23 1.10 0.98 0.86 0.75 0.64 0.55 0.45 0.37 0.28 0.21 0.14 0.07 0.02 0.00 0.00 0.00 0.00 0.00 0.00 0.00 0.00 0.00 0.00 0.00 0.00 0.00 0.00 0.00 0.00 0.00 0.00 0.00 0.00 0.00 0.00 0.00 0.00 0.01 0.05 0.07 0.08 0.08 0.07 0.05 0.02 0.00 0.00 0.00 0.00 0.00 0.00 0.00 0.00 0.00
1.41 1.79 2.17 2.55 2.93 3.30 3.61 3.85 4.02 4.12 4.16 4.14 4.07 3.96 3.80 3.62 3.43 3.25 3.07 2.88 2.71 2.53 2.35 2.18 2.01 1.85 1.69 1.54 1.39 1.25 1.12 0.99 0.87 0.76 0.66 0.55 0.46 0.37 0.29 0.21 0.14 0.08 0.02 0.00 0.00 0.00 0.00 0.00 0.00 0.00 0.00 0.00 0.00 0.00 0.00 0.00 0.00 0.00 0.00 0.00 0.00 0.00 0.00 0.00 0.00 0.00 0.03 0.06 0.10 0.12 0.13 0.14 0.13 0.11 0.09 0.06 0.01 0.00 0.00 0.00 0.00 0.00 0.00 0.00
0.84 1.33 1.83 2.33 2.81 3.23 3.57 3.83 4.02 4.14 4.19 4.18 4.12 4.01 3.85 3.67 3.48 3.30 3.12 2.94 2.76 2.58 2.40 2.23 2.06 1.89 1.73 1.57 1.43 1.28 1.15 1.02 0.90 0.78 0.67 0.57 0.48 0.39 0.30 0.22 0.15 0.09 0.03 0.00 0.00 0.00 0.00 0.00 0.00 0.00 0.00 0.00 0.00 0.00 0.00 0.00 0.00 0.00 0.00 0.00 0.00 0.00 0.00 0.00 0.00 0.04 0.08 0.11 0.15 0.18 0.19 0.20 0.20 0.18 0.16 0.13 0.09 0.05 0.00 0.00 0.00 0.00 0.00 0.00
0.32 0.94 1.57 2.18 2.72 3.17 3.54 3.82 4.02 4.16 4.22 4.23 4.17 4.07 3.91 3.73 3.54 3.36 3.17 2.99 2.81 2.63 2.46 2.28 2.11 1.95 1.78 1.62 1.47 1.32 1.19 1.05 0.93 0.81 0.70 0.60 0.50 0.41 0.32 0.24 0.17 0.10 0.04 0.00 0.00 0.00 0.00 0.00 0.00 0.00 0.00 0.00 0.00 0.00 0.00 0.00 0.00 0.00 0.00 0.00 0.00 0.00 0.00 0.01 0.05 0.09 0.13 0.17 0.20 0.23 0.25 0.26 0.26 0.25 0.24 0.21 0.18 0.14 0.09 0.03 0.00 0.00 0.00 0.00
0.00 0.64 1.38 2.06 2.63 3.11 3.50 3.81 4.03 4.18 4.26 4.28 4.23 4.13 3.97 3.79 3.60 3.41 3.23 3.05 2.87 2.69 2.51 2.34 2.17 2.00 1.84 1.68 1.52 1.37 1.23 1.10 0.97 0.85 0.73 0.63 0.53 0.44 0.35 0.27 0.20 0.13 0.07 0.01 0.00 0.00 0.00 0.00 0.00 0.00 0.00 0.00 0.00 0.00 0.00 0.00 0.00 0.00 0.00 0.00 0.00 0.00 0.02 0.06 0.10 0.14 0.18 0.22 0.26 0.29 0.32 0.33 0.33 0.33 0.31 0.29 0.26 0.23 0.18 0.13 0.07 0.01 0.00 0.00
0.00 0.42 1.23 1.94 2.55 3.06 3.47 3.80 4.05 4.21 4.30 4.33 4.29 4.19 4.04 3.85 3.66 3.48 3.29 3.11 2.93 2.75 2.57 2.40 2.23 2.06 1.90 1.74 1.58 1.43 1.28 1.14 1.01 0.89 0.78 0.67 0.57 0.47 0.38 0.30 0.23 0.16 0.10 0.04 0.00 0.00 0.00 0.00 0.00 0.00 0.00 0.00 0.00 0.00 0.00 0.00 0.00 0.00 0.00 0.00 0.00 0.04 0.07 0.11 0.15 0.20 0.24 0.28 0.32 0.36 0.38 0.40 0.40 0.40 0.39 0.37 0.35 0.32 0.28 0.23 0.18 0.12 0.06 0.00
0.00 0.24 1.09 1.83 2.47 3.01 3.45 3.80 4.06 4.24 4.35 4.38 4.35 4.26 4.11 3.92 3.73 3.54 3.36 3.18 2.99 2.82 2.64 2.47 2.29 2.13 1.96 1.80 1.64 1.49 1.34 1.20 1.07 0.94 0.82 0.71 0.61 0.51 0.42 0.34 0.26 0.20 0.13 0.08 0.03 0.00 0.00 0.00 0.00 0.00 0.00 0.00 0.00 0.00 0.00 0.00 0.00 0.00 0.00 0.02 0.05 0.09 0.13 0.17 0.21 0.25 0.30 0.34 0.38 0.42 0.45 0.47 0.48 0.48 0.47 0.46 0.44 0.41 0.37 0.33 0.29 0.23 0.18 0.12
0.00 0.06 0.95 1.72 2.39 2.96 3.42 3.80 4.08 4.28 4.40 4.44 4.42 4.33 4.18 3.99 3.80 3.61 3.43 3.24 3.06 2.88 2.71 2.53 2.36 2.19 2.03 1.87 1.71 1.56 1.41 1.26 1.13 1.00 0.88 0.76 0.66 0.56 0.47 0.38 0.31 0.24 0.18 0.12 0.07 0.03 0.00 0.00 0.00 0.00 0.00 0.00 0.00 0.00 0.00 0.00 0.00 0.01 0.04 0.07 0.11 0.14 0.18 0.22 0.27 0.31 0.36 0.40 0.45 0.49 0.52 0.54 0.55 0.55 0.55 0.54 0.52 0.50 0.47 0.43 0.39 0.35 0.29 0.24
0.00 0.00 0.81 1.62 2.32 2.91 3.41 3.80 4.10 4.32 4.45 4.51 4.49 4.40 4.25 4.07 3.88 3.69 3.50 3.31 3.13 2.95 2.78 2.60 2.43 2.26 2.10 1.94 1.78 1.63 1.48 1.33 1.19 1.06 0.94 0.82 0.71 0.61 0.52 0.44 0.36 0.29 0.22 0.17 0.12 0.08 0.04 0.01 0.00 0.00 0.00 0.00 0.00 0.00 0.00 0.01 0.04 0.06 0.09 0.13 0.16 0.20 0.24 0.28 0.33 0.37 0.42 0.47 0.51 0.55 0.59 0.61 0.62 0.63 0.63 0.63 0.61 0.59 0.57 0.54 0.50 0.46 0.41 0.36
0.00 0.00 0.67 1.52 2.25 2.87 3.39 3.81 4.13 4.36 4.51 4.57 4.56 4.48 4.33 4.14 3.95 3.76 3.57 3.39 3.21 3.03 2.85 2.68 2.50 2.34 2.17 2.01 1.85 1.70 1.55 1.41 1.27 1.13 1.00 0.89 0.78 0.67 0.58 0.49 0.41 0.34 0.28 0.22 0.17 0.13 0.09 0.07 0.04 0.03 0.02 0.02 0.03 0.04 0.05 0.07 0.09 0.12 0.15 0.18 0.22 0.26 0.30 0.34 0.39 0.44 0.48 0.53 0.58 0.62 0.66 0.68 0.70 0.71 0.71 0.71 0.70 0.69 0.67 0.64 0.61 0.57 0.53 0.49
0.00 0.00 0.54 1.42 2.18 2.83 3.38 3.82 4.16 4.40 4.56 4.64 4.64 4.56 4.41 4.22 4.03 3.84 3.65 3.47 3.28 3.10 2.92 2.75 2.58 2.41 2.25 2.09 1.93 1.78 1.63 1.48 1.34 1.21 1.08 0.96 0.84 0.74 0.64 0.55 0.47 0.40 0.34 0.28 0.23 0.19 0.15 0.12 0.10 0.09 0.08 0.08 0.09 0.10 0.11 0.13 0.15 0.18 0.21 0.24 0.28 0.32 0.36 0.41 0.45 0.50 0.55 0.60 0.65 0.69 0.73 0.76 0.78 0.79 0.80 0.80 0.79 0.78 0.76 0.74 0.71 0.68 0.65 0.61
0.00 0.00 0.41 1.33 2.12 2.80 3.37 3.83 4.19 4.45 4.62 4.71 4.71 4.64 4.50 4.31 4.11 3.92 3.73 3.54 3.36 3.18 3.00 2.83 2.66 2.49 2.32 2.16 2.01 1.85 1.70 1.56 1.42 1.29 1.16 1.03 0.92 0.81 0.71 0.62 0.54 0.47 0.40 0.34 0.29 0.25 0.21 0.18 0.16 0.15 0.14 0.14 0.15 0.16 0.17 0.19 0.21 0.24 0.27 0.30 0.34 0.38 0.42 0.47 0.52 0.57 0.62 0.67 0.72 0.76 0.80 0.83 0.86 0.87 0.88 0.88 0.88 0.87 0.86 0.84 0.82 0.80 0.77 0.73
0.00 0.00 0.28 1.23 2.06 2.76 3.36 3.84 4.22 4.50 4.69 4.78 4.79 4.73 4.58 4.39 4.19 4.00 3.81 3.63 3.44 3.26 3.08 2.91 2.73 2.57 2.40 2.24 2.08 1.93 1.78 1.64 1.50 1.37 1.24 1.11 1.00 0.89 0.79 0.69 0.61 0.53 0.47 0.41 0.36 0.31 0.28 0.25 0.23 0.22 0.21 0.21 0.21 0.22 0.23 0.25 0.27 0.30 0.33 0.37 0.41 0.45 0.49 0.54 0.58 0.63 0.68 0.74 0.79 0.84 0.88 0.91 0.93 0.95 0.96 0.97 0.97 0.97 0.96 0.95 0.93 0.91 0.88 0.85
0.00 0.00 0.16 1.14 2.00 2.73 3.35 3.86 4.26 4.55 4.75 4.86 4.88 4.81 4.67 4.48 4.28 4.09 3.90 3.71 3.52 3.34 3.16 2.99 2.81 2.65 2.48 2.32 2.17 2.01 1.87 1.72 1.58 1.45 1.32 1.20 1.08 0.97 0.86 0.77 0.68 0.61 0.54 0.48 0.43 0.38 0.35 0.32 0.30 0.28 0.28 0.27 0.28 0.28 0.30 0.32 0.34 0.37 0.40 0.43 0.47 0.51 0.56 0.60 0.65 0.70 0.75 0.81 0.86 0.91 0.95 0.98 1.01 1.03 1.05 1.06 1.06 1.06 1.06 1.05 1.03 1.02 1.00 0.97
0.00 0.00 0.04 1.05 1.94 2.70 3.35 3.88 4.29 4.61 4.82 4.93 4.96 4.90 4.76 4.56 4.37 4.17 3.98 3.79 3.61 3.42 3.24 3.07 2.90 2.73 2.56 2.40 2.25 2.10 1.95 1.80 1.67 1.53 1.41 1.28 1.16 1.05 0.95 0.85 0.76 0.69 0.62 0.55 0.50 0.46 0.42 0.39 0.37 0.35 0.34 0.34 0.34 0.35 0.37 0.38 0.41 0.43 0.46 0.50 0.54 0.58 0.62 0.67 0.72 0.77 0.82 0.88 0.93 0.98 1.02 1.06 1.09 1.11 1.13 1.14 1.15 1.15 1.15 1.15 1.14 1.13 1.11 1.09
0.00 0.00 0.00 0.97 1.89 2.68 3.35 3.90 4.33 4.66 4.89 5.01 5.04 4.99 4.85 4.65 4.46 4.26 4.07 3.88 3.69 3.51 3.33 3.15 2.98 2.81 2.65 2.49 2.33 2.18 2.03 1.89 1.75 1.62 1.49 1.37 1.25 1.14 1.03 0.94 0.85 0.77 0.70 0.63 0.58 0.54 0.50 0.47 0.44 0.43 0.42 0.41 0.41 0.42 0.43 0.45 0.47 0.50 0.53 0.57 0.60 0.65 0.69 0.74 0.79 0.84 0.89 0.95 1.00 1.05 1.10 1.13 1.17 1.19 1.21 1.23 1.24 1.24 1.25 1.25 1.24 1.23 1.22 1.21
0.00 0.00 0.00 0.88 1.83 2.65 3.34 3.92 4.37 4.72 4.96 5.09 5.13 5.08 4.94 4.74 4.54 4.35 4.15 3.96 3.78 3.59 3.41 3.24 3.06 2.90 2.73 2.57 2.41 2.26 2.12 1.97 1.84 1.70 1.58 1.46 1.34 1.23 1.12 1.03 0.94 0.85 0.78 0.72 0.66 0.62 0.58 0.54 0.52 0.50 0.49 0.49 0.49 0.49 0.50 0.52 0.54 0.57 0.60 0.63 0.67 0.71 0.76 0.81 0.86 0.91 0.96 1.02 1.08 1.13 1.17 1.21 1.24 1.27 1.29 1.31 1.32 1.33 1.34 1.34 1.34 1.34 1.33 1.33
0.00 0.00 0.00 0.80 1.78 2.63 3.34 3.94 4.41 4.77 5.03 5.17 5.22 5.17 5.03 4.84 4.64 4.44 4.24 4.05 3.86 3.68 3.50 3.32 3.15 2.98 2.82 2.65 2.50 2.35 2.20 2.06 1.92 1.79 1.66 1.54 1.43 1.32 1.21 1.12 1.03 0.94 0.87 0.80 0.75 0.70 0.66 0.62 0.60 0.58 0.57 0.56 0.56 0.57 0.58 0.59 0.61 0.64 0.67 0.70 0.74 0.78 0.83 0.88 0.93 0.98 1.03 1.09 1.15 1.20 1.24 1.28 1.32 1.35 1.37 1.39 1.41 1.42 1.43 1.44 1.44 1.44 1.44 1.44
0.00 0.00 0.00 0.71 1.73 2.60 3.35 3.96 4.46 4.83 5.10 5.25 5.31 5.26 5.12 4.93 4.73 4.53 4.33 4.14 3.95 3.77 3.59 3.41 3.23 3.07 2.90 2.74 2.58 2.43 2.29 2.14 2.01 1.88 1.75 1.63 1.52 1.41 1.31 1.21 1.12 1.03 0.96 0.89 0.83 0.78 0.74 0.71 0.68 0.66 0.64 0.64 0.63 0.64 0.65 0.67 0.69 0.71 0.74 0.77 0.81 0.85 0.90 0.95 1.00 1.05 1.10 1.16 1.22 1.27 1.32 1.36 1.39 1.43 1.45 1.48 1.50 1.51 1.52 1.53 1.54 1.55 1.55 1.55
0.00 0.00 0.00 0.63 1.68 2.58 3.35 3.99 4.50 4.89 5.17 5.34 5.40 5.36 5.22 5.02 4.82 4.62 4.42 4.23 4.04 3.85 3.67 3.49 3.32 3.15 2.99 2.83 2.67 2.52 2.37 2.23 2.09 1.96 1.84 1.72 1.61 1.50 1.40 1.30 1.21 1.13 1.05 0.98 0.92 0.87 0.83 0.79 0.76 0.74 0.72 0.71 0.71 0.71 0.72 0.74 0.76 0.78 0.81 0.84 0.88 0.92 0.97 1.01 1.06 1.12 1.17 1.23 1.29 1.34 1.39 1.43 1.47 1.50 1.53 1.56 1.58 1.60 1.61 1.63 1.64 1.65 1.65 1.66
0.00 0.00 0.00 0.55 1.63 2.56 3.35 4.01 4.54 4.95 5.24 5.42 5.49 5.45 5.31 5.11 4.91 4.71 4.51 4.32 4.13 3.94 3.76 3.58 3.41 3.24 3.07 2.91 2.75 2.60 2.46 2.32 2.18 2.05 1.93 1.81 1.69 1.59 1.49 1.39 1.30 1.22 1.15 1.08 1.01 0.96 0.91 0.87 0.84 0.82 0.80 0.79 0.79 0.79 0.80 0.81 0.83 0.85 0.88 0.92 0.95 0.99 1.04 1.08 1.13 1.19 1.24 1.30 1.36 1.41 1.46 1.50 1.54 1.58 1.61 1.64 1.66 1.68 1.70 1.72 1.73 1.74 1.76 1.77
0.00 0.00 0.00 0.47 1.58 2.53 3.35 4.04 4.59 5.01 5.31 5.50 5.58 5.54 5.41 5.21 5.00 4.80 4.60 4.41 4.22 4.03 3.85 3.67 3.49 3.32 3.16 3.00 2.84 2.69 2.54 2.40 2.27 2.14 2.01 1.89 1.78 1.68 1.58 1.48 1.40 1.31 1.24 1.17 1.10 1.05 1.00 0.96 0.93 0.90 0.88 0.87 0.87 0.87 0.87 0.89 0.90 0.93 0.95 0.99 1.02 1.06 1.11 1.15 1.20 1.25 1.31 1.37 1.42 1.48 1.53 1.57 1.61 1.65 1.68 1.71 1.74 1.76 1.78 1.80 1.82 1.84 1.86 1.87
0.00 0.00 0.00 0.39 1.53 2.51 3.36 4.06 4.63 5.07 5.39 5.58 5.66 5.64 5.50 5.30 5.09 4.89 4.69 4.50 4.30 4.12 3.93 3.75 3.58 3.41 3.24 3.08 2.92 2.77 2.63 2.49 2.35 2.22 2.10 1.98 1.87 1.76 1.67 1.57 1.49 1.40 1.33 1.26 1.20 1.14 1.09 1.05 1.01 0.98 0.96 0.95 0.94 0.94 0.95 0.96 0.98 1.00 1.02 1.06 1.09 1.13 1.17 1.22 1.27 1.32 1.38 1.43 1.49 1.55 1.60 1.64 1.68 1.72 1.76 1.79 1.82 1.84 1.87 1.89 1.91 1.93 1.95 1.97
