data_output/recharge/precip/Precip_1993_11.asc
ncols        168
nrows        136
xllcorner    455000
yllcorner    2107000
cellsize     500
NODATA_value     -99999
[rows 0 to 34 of 136, columns 80 to 159 of 168]
10.95 10.83 10.70 10.57 10.44 10.31 10.18 10.05 9.92 9.80 9.68 9.57 9.46 9.36 9.27 9.18 9.10 9.03 8.97 8.91 8.85 8.79 8.74 8.68 8.63 8.57 8.52 8.47 8.42 8.37 8.32 8.28 8.23 8.19 8.16 8.14 8.13 8.12 8.12 8.13 8.15 8.16 8.19 8.22 8.25 8.28 8.32 8.36 8.41 8.45 8.49 8.54 8.58 8.62 8.66 8.70 8.74 8.77 8.80 8.83 8.85 8.86 8.87 8.88 8.87 8.86 8.84 8.82 8.78 8.73 8.68 8.61 8.53 8.43 8.31 8.18 8.03 7.86 7.68 7.47
10.89 10.77 10.65 10.52 10.39 10.25 10.12 9.99 9.86 9.74 9.62 9.50 9.39 9.29 9.20 9.11 9.03 8.96 8.89 8.83 8.77 8.71 8.65 8.59 8.54 8.48 8.43 8.38 8.33 8.28 8.23 8.18 8.14 8.11 8.08 8.07 8.06 8.06 8.07 8.08 8.10 8.13 8.16 8.19 8.23 8.27 8.31 8.35 8.40 8.45 8.50 8.54 8.59 8.64 8.68 8.72 8.76 8.80 8.83 8.86 8.88 8.90 8.91 8.91 8.91 8.90 8.88 8.86 8.82 8.77 8.72 8.65 8.57 8.48 8.37 8.24 8.09 7.93 7.74 7.54
10.82 10.71 10.59 10.46 10.33 10.20 10.06 9.93 9.80 9.68 9.55 9.44 9.33 9.22 9.12 9.03 8.95 8.88 8.82 8.75 8.69 8.63 8.57 8.51 8.45 8.39 8.34 8.29 8.23 8.18 8.13 8.09 8.05 8.03 8.01 8.00 8.00 8.01 8.02 8.04 8.07 8.10 8.13 8.17 8.21 8.26 8.31 8.36 8.41 8.46 8.51 8.56 8.61 8.66 8.71 8.75 8.80 8.83 8.87 8.90 8.92 8.94 8.96 8.96 8.96 8.95 8.94 8.91 8.87 8.83 8.77 8.71 8.63 8.54 8.43 8.30 8.16 8.00 7.82 7.62
10.75 10.64 10.52 10.40 10.27 10.14 10.01 9.87 9.74 9.61 9.49 9.37 9.26 9.15 9.05 8.96 8.88 8.80 8.74 8.67 8.61 8.54 8.48 8.42 8.36 8.31 8.25 8.19 8.14 8.09 8.04 8.00 7.98 7.96 7.95 7.95 7.95 7.97 7.99 8.01 8.04 8.08 8.12 8.17 8.21 8.26 8.32 8.37 8.42 8.48 8.54 8.59 8.65 8.70 8.75 8.80 8.84 8.88 8.92 8.95 8.98 9.00 9.02 9.03 9.03 9.02 9.00 8.98 8.94 8.90 8.84 8.78 8.70 8.61 8.50 8.38 8.24 8.09 7.91 7.71
10.68 10.56 10.45 10.33 10.21 10.08 9.95 9.81 9.68 9.55 9.42 9.30 9.19 9.08 8.98 8.89 8.80 8.73 8.66 8.59 8.53 8.46 8.40 8.34 8.28 8.22 8.16 8.10 8.05 8.00 7.96 7.93 7.91 7.90 7.90 7.90 7.92 7.94 7.96 7.99 8.03 8.07 8.12 8.17 8.22 8.28 8.34 8.39 8.45 8.52 8.58 8.64 8.69 8.75 8.80 8.86 8.90 8.95 8.99 9.02 9.05 9.08 9.09 9.10 9.11 9.10 9.09 9.06 9.03 8.99 8.93 8.86 8.79 8.70 8.59 8.48 8.34 8.19 8.01 7.82
10.59 10.48 10.37 10.25 10.13 10.01 9.88 9.75 9.62 9.49 9.36 9.24 9.12 9.01 8.91 8.81 8.73 8.65 8.58 8.51 8.44 8.38 8.31 8.25 8.19 8.13 8.07 8.01 7.96 7.92 7.89 7.86 7.85 7.85 7.86 7.87 7.89 7.92 7.95 7.99 8.03 8.08 8.13 8.19 8.25 8.31 8.37 8.43 8.50 8.56 8.63 8.69 8.75 8.81 8.87 8.93 8.98 9.03 9.07 9.11 9.14 9.17 9.19 9.20 9.20 9.20 9.19 9.16 9.13 9.09 9.03 8.97 8.89 8.80 8.70 8.58 8.45 8.30 8.13 7.94
10.50 10.39 10.28 10.17 10.05 9.93 9.81 9.68 9.55 9.42 9.29 9.17 9.05 8.94 8.83 8.74 8.65 8.57 8.50 8.43 8.36 8.29 8.23 8.16 8.10 8.04 7.98 7.92 7.88 7.85 7.82 7.81 7.81 7.81 7.82 7.85 7.87 7.91 7.95 7.99 8.04 8.10 8.16 8.22 8.28 8.35 8.42 8.48 8.55 8.62 8.69 8.76 8.83 8.89 8.96 9.01 9.07 9.12 9.17 9.21 9.24 9.27 9.29 9.31 9.31 9.31 9.30 9.28 9.25 9.21 9.15 9.09 9.01 8.92 8.82 8.70 8.57 8.43 8.26 8.07
10.39 10.29 10.18 10.07 9.96 9.85 9.73 9.61 9.48 9.35 9.22 9.10 8.98 8.87 8.76 8.66 8.57 8.49 8.42 8.35 8.28 8.21 8.14 8.08 8.01 7.95 7.89 7.84 7.81 7.79 7.77 7.77 7.77 7.78 7.81 7.83 7.87 7.91 7.96 8.01 8.07 8.13 8.19 8.26 8.33 8.40 8.48 8.55 8.63 8.70 8.77 8.85 8.92 8.99 9.05 9.12 9.18 9.23 9.28 9.32 9.36 9.39 9.42 9.43 9.44 9.44 9.43 9.41 9.38 9.34 9.29 9.23 9.15 9.06 8.96 8.85 8.71 8.57 8.40 8.22
10.28 10.18 10.07 9.97 9.86 9.75 9.64 9.52 9.40 9.28 9.16 9.03 8.91 8.79 8.69 8.59 8.49 8.41 8.34 8.27 8.19 8.12 8.06 7.99 7.92 7.86 7.81 7.78 7.75 7.74 7.73 7.74 7.75 7.77 7.80 7.83 7.88 7.93 7.98 8.04 8.10 8.17 8.24 8.32 8.39 8.47 8.55 8.63 8.71 8.79 8.87 8.95 9.02 9.10 9.17 9.23 9.30 9.36 9.41 9.46 9.50 9.53 9.56 9.58 9.59 9.59 9.58 9.57 9.54 9.50 9.45 9.39 9.31 9.22 9.12 9.00 8.87 8.73 8.57 8.39
10.16 10.06 9.96 9.86 9.75 9.65 9.54 9.43 9.32 9.20 9.08 8.96 8.84 8.72 8.61 8.51 8.42 8.33 8.26 8.18 8.11 8.04 7.97 7.90 7.84 7.79 7.75 7.72 7.71 7.70 7.70 7.72 7.74 7.77 7.80 7.85 7.90 7.95 8.02 8.08 8.15 8.23 8.31 8.39 8.47 8.55 8.64 8.72 8.81 8.90 8.98 9.06 9.14 9.22 9.30 9.37 9.43 9.50 9.55 9.60 9.65 9.69 9.72 9.74 9.75 9.76 9.75 9.74 9.71 9.67 9.62 9.56 9.49 9.40 9.30 9.18 9.05 8.91 8.75 8.57
10.03 9.93 9.83 9.73 9.63 9.53 9.43 9.32 9.22 9.11 9.00 8.88 8.76 8.65 8.54 8.43 8.34 8.26 8.18 8.10 8.03 7.95 7.88 7.82 7.77 7.73 7.70 7.68 7.67 7.68 7.69 7.71 7.74 7.78 7.82 7.88 7.93 8.00 8.07 8.14 8.22 8.30 8.38 8.47 8.56 8.65 8.74 8.83 8.93 9.02 9.11 9.19 9.28 9.36 9.44 9.52 9.59 9.65 9.72 9.77 9.82 9.86 9.89 9.92 9.93 9.94 9.94 9.92 9.90 9.86 9.82 9.76 9.69 9.60 9.50 9.38 9.25 9.11 8.95 8.77
9.88 9.79 9.69 9.60 9.50 9.40 9.31 9.21 9.11 9.00 8.90 8.79 8.68 8.57 8.46 8.36 8.26 8.18 8.10 8.02 7.94 7.87 7.80 7.75 7.71 7.68 7.66 7.65 7.65 7.66 7.69 7.72 7.76 7.80 7.86 7.92 7.98 8.05 8.13 8.21 8.30 8.39 8.48 8.57 8.67 8.76 8.86 8.96 9.06 9.15 9.25 9.34 9.43 9.52 9.60 9.68 9.76 9.83 9.89 9.95 10.00 10.05 10.09 10.11 10.13 10.14 10.14 10.13 10.11 10.08 10.03 9.97 9.90 9.82 9.72 9.60 9.47 9.33 9.17 8.99
9.73 9.64 9.54 9.45 9.36 9.27 9.17 9.08 8.99 8.89 8.79 8.69 8.59 8.49 8.38 8.28 8.18 8.10 8.02 7.94 7.86 7.79 7.73 7.69 7.66 7.64 7.63 7.63 7.64 7.67 7.70 7.74 7.78 7.84 7.90 7.97 8.05 8.13 8.21 8.30 8.39 8.49 8.59 8.69 8.79 8.89 9.00 9.10 9.20 9.31 9.41 9.51 9.60 9.70 9.78 9.87 9.95 10.02 10.09 10.16 10.21 10.26 10.30 10.33 10.35 10.36 10.37 10.36 10.34 10.31 10.26 10.21 10.14 10.05 9.96 9.84 9.71 9.57 9.41 9.23
9.56 9.47 9.38 9.29 9.21 9.12 9.03 8.94 8.85 8.76 8.67 8.58 8.49 8.40 8.30 8.20 8.10 8.02 7.93 7.85 7.78 7.72 7.68 7.64 7.62 7.61 7.62 7.63 7.65 7.68 7.72 7.77 7.83 7.89 7.96 8.04 8.12 8.21 8.30 8.40 8.50 8.61 8.71 8.82 8.93 9.04 9.15 9.26 9.37 9.48 9.58 9.69 9.79 9.89 9.98 10.07 10.16 10.24 10.31 10.38 10.44 10.49 10.53 10.57 10.59 10.61 10.61 10.61 10.59 10.56 10.52 10.46 10.40 10.31 10.22 10.11 9.98 9.83 9.67 9.50
9.38 9.30 9.21 9.12 9.04 8.96 8.87 8.79 8.71 8.63 8.54 8.46 8.37 8.29 8.20 8.11 8.02 7.93 7.85 7.78 7.72 7.67 7.63 7.61 7.60 7.60 7.62 7.64 7.67 7.71 7.76 7.82 7.89 7.96 8.04 8.13 8.22 8.31 8.42 8.52 8.63 8.74 8.85 8.97 9.08 9.20 9.32 9.44 9.55 9.67 9.78 9.89 10.00 10.10 10.20 10.29 10.38 10.47 10.55 10.62 10.68 10.74 10.78 10.82 10.85 10.87 10.88 10.87 10.86 10.83 10.79 10.74 10.68 10.60 10.50 10.39 10.26 10.12 9.96 9.78
9.19 9.11 9.02 8.94 8.86 8.78 8.71 8.63 8.55 8.48 8.40 8.32 8.25 8.17 8.09 8.01 7.93 7.85 7.77 7.71 7.66 7.63 7.60 7.59 7.59 7.60 7.63 7.66 7.70 7.75 7.81 7.88 7.96 8.04 8.13 8.22 8.32 8.43 8.54 8.65 8.77 8.89 9.01 9.13 9.25 9.38 9.50 9.63 9.75 9.87 9.99 10.11 10.22 10.33 10.43 10.53 10.63 10.72 10.80 10.87 10.94 11.00 11.05 11.09 11.13 11.15 11.16 11.16 11.15 11.13 11.09 11.04 10.97 10.90 10.80 10.69 10.57 10.43 10.27 10.09
9.00 8.92 8.84 8.76 8.68 8.61 8.54 8.46 8.39 8.32 8.26 8.19 8.12 8.05 7.98 7.91 7.84 7.76 7.68 7.63 7.59 7.57 7.56 7.56 7.57 7.59 7.62 7.67 7.72 7.78 7.85 7.93 8.02 8.11 8.21 8.31 8.42 8.53 8.65 8.77 8.90 9.02 9.15 9.28 9.41 9.55 9.68 9.81 9.94 10.07 10.19 10.31 10.43 10.55 10.66 10.76 10.86 10.96 11.04 11.12 11.20 11.26 11.31 11.36 11.40 11.42 11.44 11.44 11.43 11.41 11.38 11.33 11.27 11.19 11.10 10.99 10.87 10.73 10.57 10.40
8.82 8.74 8.66 8.58 8.51 8.44 8.37 8.30 8.24 8.18 8.11 8.05 7.99 7.93 7.87 7.81 7.74 7.66 7.57 7.52 7.49 7.48 7.48 7.49 7.51 7.55 7.59 7.65 7.71 7.78 7.86 7.95 8.05 8.15 8.26 8.37 8.49 8.61 8.74 8.87 9.00 9.14 9.27 9.41 9.55 9.69 9.83 9.96 10.10 10.23 10.37 10.49 10.62 10.74 10.86 10.97 11.07 11.17 11.26 11.35 11.43 11.50 11.56 11.61 11.65 11.67 11.69 11.70 11.70 11.68 11.65 11.60 11.54 11.47 11.38 11.27 11.15 11.01 10.86 10.68
8.64 8.56 8.48 8.41 8.34 8.28 8.21 8.15 8.09 8.03 7.98 7.92 7.87 7.82 7.77 7.71 7.63 7.54 7.45 7.39 7.36 7.36 7.37 7.39 7.43 7.48 7.53 7.60 7.67 7.75 7.84 7.94 8.05 8.16 8.28 8.40 8.53 8.66 8.80 8.93 9.08 9.22 9.36 9.51 9.66 9.80 9.95 10.09 10.24 10.38 10.52 10.65 10.78 10.91 11.03 11.15 11.26 11.37 11.46 11.55 11.64 11.71 11.77 11.83 11.87 11.91 11.93 11.94 11.94 11.92 11.89 11.85 11.80 11.72 11.64 11.53 11.41 11.28 11.12 10.95
8.47 8.39 8.32 8.25 8.18 8.12 8.06 8.00 7.95 7.89 7.84 7.80 7.75 7.71 7.65 7.59 7.50 7.41 7.31 7.25 7.22 7.21 7.23 7.27 7.32 7.37 7.44 7.52 7.60 7.70 7.80 7.91 8.02 8.14 8.27 8.40 8.54 8.68 8.83 8.97 9.13 9.28 9.43 9.59 9.74 9.89 10.05 10.20 10.35 10.50 10.65 10.79 10.93 11.06 11.19 11.31 11.43 11.54 11.64 11.74 11.82 11.90 11.97 12.03 12.08 12.12 12.14 12.16 12.16 12.15 12.12 12.08 12.03 11.96 11.88 11.78 11.66 11.52 11.37 11.20
8.30 8.23 8.16 8.09 8.02 7.96 7.91 7.85 7.81 7.76 7.72 7.67 7.63 7.59 7.53 7.45 7.37 7.26 7.17 7.10 7.06 7.05 7.07 7.11 7.17 7.24 7.32 7.41 7.51 7.61 7.72 7.84 7.97 8.10 8.24 8.38 8.53 8.68 8.83 8.99 9.15 9.31 9.47 9.64 9.80 9.96 10.12 10.28 10.44 10.60 10.75 10.90 11.04 11.18 11.32 11.45 11.57 11.69 11.79 11.90 11.99 12.07 12.15 12.21 12.26 12.30 12.34 12.35 12.36 12.35 12.33 12.29 12.24 12.18 12.10 12.00 11.88 11.75 11.60 11.43
8.15 8.07 8.00 7.93 7.87 7.82 7.76 7.71 7.67 7.63 7.59 7.55 7.51 7.46 7.39 7.31 7.21 7.11 7.01 6.93 6.89 6.87 6.89 6.93 7.00 7.08 7.17 7.27 7.38 7.50 7.62 7.75 7.89 8.03 8.18 8.33 8.49 8.65 8.81 8.98 9.15 9.32 9.49 9.66 9.83 10.00 10.17 10.34 10.51 10.67 10.83 10.99 11.14 11.29 11.43 11.56 11.69 11.81 11.93 12.04 12.13 12.22 12.30 12.37 12.43 12.47 12.51 12.53 12.54 12.54 12.52 12.49 12.44 12.38 12.30 12.20 12.09 11.96 11.81 11.65
8.00 7.92 7.85 7.79 7.73 7.67 7.62 7.58 7.54 7.50 7.47 7.43 7.38 7.32 7.24 7.15 7.05 6.94 6.84 6.76 6.71 6.69 6.70 6.74 6.81 6.90 7.00 7.11 7.23 7.36 7.49 7.64 7.78 7.94 8.10 8.26 8.43 8.60 8.77 8.95 9.12 9.30 9.48 9.66 9.84 10.02 10.20 10.38 10.55 10.72 10.89 11.05 11.21 11.37 11.52 11.66 11.79 11.92 12.04 12.15 12.26 12.35 12.44 12.51 12.57 12.63 12.67 12.69 12.71 12.71 12.69 12.66 12.62 12.56 12.49 12.39 12.28 12.16 12.01 11.84
7.85 7.78 7.71 7.64 7.59 7.54 7.49 7.45 7.41 7.38 7.34 7.29 7.23 7.16 7.08 6.98 6.88 6.76 6.65 6.57 6.52 6.50 6.50 6.54 6.60 6.69 6.80 6.92 7.06 7.20 7.34 7.49 7.65 7.82 7.99 8.16 8.34 8.52 8.70 8.89 9.08 9.26 9.45 9.64 9.83 10.02 10.21 10.39 10.57 10.75 10.93 11.10 11.27 11.43 11.58 11.73 11.87 12.01 12.14 12.25 12.36 12.46 12.55 12.63 12.70 12.76 12.80 12.84 12.85 12.86 12.85 12.82 12.78 12.73 12.66 12.57 12.46 12.33 12.19 12.03
7.71 7.64 7.57 7.51 7.45 7.40 7.36 7.32 7.29 7.25 7.20 7.14 7.07 6.99 6.90 6.80 6.69 6.57 6.46 6.38 6.32 6.29 6.30 6.33 6.38 6.47 6.58 6.71 6.85 7.01 7.16 7.33 7.50 7.67 7.85 8.04 8.23 8.42 8.61 8.81 9.01 9.20 9.40 9.60 9.80 10.00 10.19 10.39 10.58 10.76 10.95 11.13 11.30 11.47 11.63 11.79 11.94 12.08 12.21 12.34 12.45 12.56 12.65 12.74 12.81 12.87 12.92 12.96 12.98 12.99 12.99 12.97 12.93 12.88 12.81 12.72 12.62 12.50 12.36 12.20
7.58 7.51 7.44 7.38 7.32 7.28 7.24 7.20 7.16 7.11 7.05 6.98 6.90 6.82 6.72 6.61 6.50 6.38 6.26 6.17 6.12 6.08 6.08 6.11 6.16 6.24 6.34 6.48 6.63 6.79 6.96 7.14 7.32 7.51 7.70 7.89 8.09 8.29 8.50 8.71 8.91 9.12 9.33 9.54 9.75 9.95 10.16 10.36 10.56 10.75 10.94 11.13 11.31 11.49 11.66 11.82 11.98 12.13 12.27 12.40 12.52 12.63 12.74 12.83 12.91 12.97 13.03 13.07 13.10 13.11 13.11 13.09 13.06 13.01 12.95 12.87 12.77 12.65 12.51 12.35
7.46 7.38 7.31 7.25 7.20 7.16 7.12 7.07 7.02 6.96 6.89 6.81 6.72 6.63 6.52 6.41 6.29 6.17 6.05 5.96 5.90 5.87 5.86 5.88 5.93 6.00 6.10 6.23 6.38 6.56 6.74 6.93 7.12 7.32 7.52 7.73 7.94 8.15 8.36 8.58 8.80 9.02 9.24 9.45 9.67 9.89 10.10 10.31 10.52 10.72 10.92 11.12 11.31 11.49 11.67 11.84 12.00 12.16 12.31 12.45 12.57 12.69 12.80 12.90 12.98 13.06 13.12 13.16 13.20 13.22 13.22 13.21 13.18 13.14 13.08 13.00 12.90 12.78 12.65 12.49
7.34 7.26 7.20 7.14 7.08 7.04 6.99 6.94 6.87 6.80 6.72 6.63 6.53 6.43 6.32 6.20 6.08 5.95 5.84 5.74 5.68 5.64 5.63 5.65 5.69 5.76 5.86 5.98 6.13 6.30 6.49 6.69 6.90 7.11 7.32 7.54 7.76 7.98 8.21 8.44 8.66 8.89 9.12 9.35 9.58 9.80 10.02 10.24 10.46 10.67 10.88 11.09 11.28 11.48 11.66 11.84 12.01 12.18 12.33 12.48 12.61 12.74 12.85 12.95 13.04 13.12 13.19 13.24 13.28 13.30 13.31 13.31 13.28 13.24 13.19 13.11 13.02 12.90 12.77 12.61
7.23 7.15 7.08 7.02 6.97 6.92 6.86 6.79 6.71 6.63 6.53 6.44 6.33 6.22 6.10 5.98 5.86 5.73 5.61 5.52 5.45 5.41 5.40 5.41 5.45 5.52 5.61 5.72 5.87 6.03 6.22 6.43 6.65 6.87 7.10 7.33 7.56 7.80 8.03 8.27 8.51 8.75 8.99 9.23 9.46 9.70 9.93 10.16 10.39 10.61 10.83 11.04 11.24 11.45 11.64 11.83 12.00 12.18 12.34 12.49 12.63 12.76 12.88 12.99 13.09 13.18 13.25 13.31 13.35 13.38 13.39 13.39 13.37 13.34 13.29 13.22 13.12 13.01 12.88 12.73
7.12 7.04 6.97 6.91 6.85 6.79 6.71 6.63 6.54 6.44 6.34 6.23 6.12 6.00 5.88 5.76 5.63 5.50 5.38 5.28 5.21 5.17 5.16 5.17 5.20 5.27 5.35 5.47 5.60 5.76 5.95 6.16 6.39 6.62 6.86 7.10 7.34 7.59 7.84 8.09 8.34 8.59 8.84 9.08 9.33 9.58 9.82 10.06 10.29 10.52 10.75 10.97 11.19 11.40 11.60 11.79 11.98 12.16 12.33 12.49 12.64 12.78 12.90 13.02 13.12 13.22 13.29 13.36 13.41 13.44 13.46 13.46 13.45 13.42 13.37 13.31 13.22 13.11 12.98 12.83
7.02 6.94 6.87 6.80 6.73 6.64 6.55 6.46 6.35 6.25 6.14 6.02 5.90 5.78 5.65 5.52 5.39 5.26 5.14 5.04 4.97 4.93 4.91 4.92 4.95 5.01 5.09 5.20 5.34 5.49 5.67 5.88 6.10 6.35 6.60 6.85 7.11 7.36 7.62 7.88 8.15 8.41 8.67 8.93 9.18 9.44 9.69 9.94 10.18 10.42 10.66 10.89 11.11 11.33 11.54 11.75 11.94 12.13 12.30 12.47 12.63 12.77 12.91 13.03 13.14 13.24 13.33 13.40 13.45 13.49 13.52 13.52 13.52 13.49 13.45 13.38 13.30 13.20 13.07 12.92
6.93 6.85 6.77 6.68 6.59 6.49 6.39 6.28 6.16 6.05 5.92 5.80 5.67 5.54 5.41 5.28 5.15 5.02 4.89 4.80 4.73 4.68 4.66 4.67 4.70 4.75 4.83 4.94 5.07 5.22 5.39 5.59 5.81 6.06 6.32 6.58 6.85 7.12 7.39 7.66 7.94 8.21 8.48 8.75 9.02 9.28 9.54 9.80 10.06 10.31 10.55 10.79 11.03 11.25 11.47 11.68 11.89 12.08 12.27 12.44 12.61 12.76 12.90 13.03 13.15 13.25 13.34 13.42 13.48 13.53 13.56 13.57 13.57 13.55 13.51 13.45 13.37 13.27 13.14 13.00
6.84 6.75 6.65 6.55 6.44 6.33 6.21 6.09 5.96 5.83 5.70 5.57 5.44 5.30 5.17 5.03 4.90 4.77 4.64 4.55 4.48 4.43 4.41 4.41 4.44 4.49 4.57 4.67 4.80 4.94 5.12 5.31 5.52 5.76 6.02 6.30 6.58 6.86 7.14 7.43 7.71 7.99 8.27 8.56 8.83 9.11 9.38 9.65 9.92 10.18 10.43 10.68 10.92 11.16 11.39 11.61 11.82 12.02 12.22 12.40 12.57 12.73 12.88 13.02 13.14 13.26 13.35 13.44 13.50 13.56 13.59 13.61 13.62 13.60 13.57 13.51 13.43 13.33 13.21 13.06
6.75 6.64 6.53 6.41 6.28 6.15 6.02 5.89 5.75 5.61 5.48 5.34 5.20 5.06 4.92 4.78 4.65 4.51 4.39 4.29 4.22 4.17 4.15 4.15 4.18 4.23 4.31 4.40 4.52 4.67 4.84 5.02 5.24 5.47 5.72 6.00 6.29 6.58 6.88 7.17 7.47 7.76 8.05 8.35 8.64 8.92 9.21 9.49 9.76 10.03 10.30 10.55 10.81 11.05 11.29 11.52 11.74 11.95 12.15 12.34 12.52 12.69 12.85 13.00 13.13 13.25 13.35 13.44 13.51 13.57 13.62 13.64 13.65 13.64 13.61 13.56 13.48 13.39 13.27 13.12
6.65 6.52 6.39 6.25 6.11 5.97 5.83 5.68 5.53 5.39 5.24 5.09 4.95 4.80 4.66 4.52 4.39 4.25 4.13 4.03 3.96 3.91 3.89 3.89 3.92 3.97 4.04 4.13 4.25 4.39 4.56 4.74 4.95 5.17 5.42 5.69 5.98 6.29 6.59 6.90 7.21 7.51 7.82 8.12 8.42 8.72 9.02 9.31 9.59 9.87 10.15 10.42 10.68 10.93 11.18 11.42 11.65 11.87 12.08 12.28 12.47 12.64 12.81 12.96 13.10 13.22 13.34 13.43 13.52 13.58 13.63 13.66 13.68 13.67 13.64 13.60 13.53 13.43 13.31 13.17
