data_output/recharge/precip/Precip_2011_08.asc
ncols        168
nrows        136
xllcorner    455000
yllcorner    2107000
cellsize     500
NODATA_value     -99999
[rows 0 to 31 of 136, columns 0 to 71 of 168]
76.30 78.39 80.52 82.64 84.71 86.74 88.70 90.60 92.41 94.13 95.75 97.25 98.63 99.88 100.99 101.94 102.73 103.35 103.91 104.44 104.95 105.44 105.91 106.36 106.79 107.21 107.62 108.02 108.42 108.80 109.19 109.57 109.95 110.32 110.66 110.95 111.19 111.38 111.53 111.62 111.67 111.66 111.61 111.51 111.36 111.17 110.92 110.63 110.28 109.89 109.45 108.97 108.43 107.85 107.22 106.54 105.81 105.04 104.26 103.48 102.70 101.92 101.13 100.33 99.53 98.72 97.89 97.06 96.21 95.35 94.47 93.57
80.53 82.66 84.77 86.86 88.90 90.90 92.83 94.69 96.47 98.16 99.75 101.22 102.57 103.78 104.85 105.77 106.52 107.12 107.64 108.13 108.59 109.03 109.45 109.85 110.22 110.58 110.93 111.27 111.59 111.90 112.21 112.51 112.81 113.11 113.40 113.65 113.86 114.01 114.11 114.15 114.15 114.10 114.00 113.85 113.64 113.39 113.08 112.73 112.32 111.87 111.36 110.81 110.20 109.55 108.84 108.08 107.29 106.48 105.67 104.86 104.04 103.23 102.41 101.58 100.74 99.90 99.04 98.17 97.29 96.39 95.47 94.54
84.93 87.03 89.12 91.17 93.18 95.14 97.04 98.87 100.62 102.27 103.82 105.26 106.57 107.75 108.79 109.67 110.39 110.94 111.42 111.87 112.29 112.68 113.04 113.38 113.70 114.00 114.29 114.55 114.80 115.04 115.27 115.50 115.71 115.92 116.13 116.33 116.49 116.60 116.65 116.65 116.60 116.50 116.34 116.14 115.87 115.56 115.20 114.78 114.31 113.78 113.21 112.58 111.90 111.17 110.39 109.56 108.72 107.89 107.05 106.21 105.37 104.52 103.67 102.81 101.95 101.07 100.18 99.28 98.36 97.43 96.48 95.50
89.43 91.50 93.55 95.57 97.54 99.47 101.33 103.13 104.84 106.46 107.97 109.37 110.65 111.79 112.79 113.63 114.30 114.82 115.26 115.66 116.03 116.37 116.68 116.97 117.23 117.46 117.68 117.87 118.05 118.21 118.36 118.50 118.63 118.76 118.88 118.99 119.09 119.15 119.16 119.11 119.01 118.85 118.64 118.37 118.05 117.67 117.25 116.76 116.22 115.63 114.98 114.28 113.53 112.72 111.87 111.00 110.14 109.28 108.41 107.55 106.68 105.81 104.93 104.04 103.14 102.24 101.32 100.38 99.43 98.47 97.48 96.48
94.00 96.04 98.05 100.03 101.97 103.87 105.69 107.45 109.12 110.70 112.18 113.54 114.77 115.88 116.83 117.64 118.27 118.75 119.14 119.50 119.82 120.11 120.36 120.58 120.78 120.95 121.10 121.22 121.32 121.41 121.48 121.53 121.57 121.60 121.63 121.65 121.66 121.66 121.61 121.51 121.35 121.14 120.87 120.54 120.16 119.72 119.22 118.67 118.06 117.40 116.68 115.90 115.07 114.19 113.30 112.41 111.53 110.64 109.75 108.86 107.97 107.07 106.17 105.25 104.33 103.39 102.44 101.48 100.50 99.50 98.49 97.45
98.65 100.64 102.62 104.57 106.47 108.32 110.11 111.83 113.46 115.00 116.43 117.75 118.95 120.01 120.93 121.69 122.28 122.71 123.06 123.37 123.64 123.87 124.06 124.23 124.36 124.46 124.53 124.58 124.61 124.61 124.60 124.57 124.52 124.46 124.39 124.30 124.21 124.12 124.01 123.85 123.64 123.36 123.03 122.64 122.20 121.69 121.12 120.50 119.82 119.08 118.29 117.43 116.53 115.61 114.70 113.79 112.89 111.98 111.07 110.16 109.24 108.32 107.39 106.45 105.50 104.54 103.56 102.57 101.56 100.54 99.49 98.42
103.36 105.31 107.25 109.16 111.02 112.83 114.58 116.25 117.84 119.34 120.73 122.01 123.17 124.18 125.05 125.77 126.32 126.71 127.01 127.26 127.48 127.65 127.79 127.89 127.95 127.98 127.98 127.96 127.90 127.83 127.73 127.60 127.46 127.31 127.14 126.95 126.76 126.56 126.35 126.12 125.85 125.51 125.12 124.66 124.15 123.57 122.94 122.24 121.49 120.67 119.79 118.87 117.93 117.00 116.07 115.14 114.22 113.29 112.36 111.43 110.49 109.55 108.59 107.63 106.66 105.67 104.67 103.65 102.62 101.57 100.49 99.40
108.12 110.04 111.93 113.80 115.62 117.39 119.09 120.72 122.27 123.72 125.07 126.30 127.41 128.38 129.21 129.88 130.38 130.72 130.97 131.17 131.33 131.45 131.52 131.55 131.55 131.51 131.44 131.33 131.20 131.03 130.85 130.63 130.40 130.15 129.88 129.59 129.29 128.97 128.65 128.32 127.97 127.57 127.11 126.59 126.01 125.36 124.65 123.88 123.05 122.15 121.21 120.25 119.30 118.35 117.40 116.46 115.52 114.57 113.63 112.67 111.72 110.75 109.78 108.79 107.80 106.79 105.76 104.72 103.66 102.59 101.49 100.36
112.93 114.80 116.65 118.47 120.25 121.97 123.63 125.22 126.72 128.13 129.43 130.62 131.68 132.60 133.38 134.00 134.45 134.74 134.94 135.09 135.19 135.25 135.26 135.22 135.15 135.03 134.88 134.70 134.48 134.23 133.95 133.65 133.32 132.97 132.59 132.20 131.79 131.37 130.93 130.48 130.02 129.54 129.01 128.42 127.77 127.05 126.26 125.41 124.50 123.53 122.56 121.59 120.62 119.66 118.70 117.74 116.78 115.82 114.86 113.89 112.92 111.93 110.94 109.94 108.92 107.89 106.84 105.78 104.70 103.60 102.47 101.33
117.77 119.60 121.41 123.18 124.91 126.59 128.20 129.74 131.20 132.56 133.81 134.95 135.96 136.83 137.56 138.13 138.53 138.77 138.92 139.01 139.05 139.04 138.98 138.88 138.73 138.54 138.32 138.05 137.74 137.41 137.04 136.64 136.21 135.76 135.28 134.78 134.26 133.72 133.17 132.60 132.01 131.42 130.81 130.14 129.41 128.62 127.75 126.82 125.84 124.85 123.86 122.88 121.90 120.93 119.96 118.99 118.02 117.04 116.06 115.08 114.09 113.09 112.08 111.06 110.02 108.97 107.91 106.82 105.72 104.60 103.45 102.28
122.65 124.43 126.19 127.92 129.60 131.23 132.79 134.28 135.68 136.99 138.20 139.28 140.24 141.07 141.74 142.26 142.61 142.80 142.89 142.92 142.90 142.82 142.70 142.52 142.30 142.03 141.72 141.37 140.98 140.55 140.09 139.59 139.07 138.51 137.93 137.32 136.68 136.03 135.36 134.66 133.96 133.24 132.51 131.75 130.94 130.07 129.12 128.13 127.11 126.11 125.12 124.13 123.14 122.16 121.18 120.20 119.21 118.23 117.23 116.24 115.23 114.22 113.19 112.15 111.10 110.04 108.95 107.85 106.73 105.58 104.42 103.23
127.54 129.27 130.98 132.66 134.29 135.87 137.38 138.82 140.18 141.43 142.58 143.62 144.52 145.29 145.92 146.38 146.68 146.81 146.84 146.81 146.73 146.58 146.39 146.14 145.84 145.49 145.10 144.66 144.18 143.66 143.10 142.51 141.88 141.22 140.53 139.80 139.06 138.28 137.49 136.67 135.84 134.99 134.12 133.25 132.34 131.39 130.37 129.35 128.33 127.32 126.32 125.33 124.33 123.34 122.35 121.36 120.37 119.37 118.37 117.36 116.34 115.32 114.28 113.23 112.16 111.08 109.98 108.86 107.72 106.56 105.37 104.16
132.45 134.13 135.79 137.41 138.99 140.52 141.98 143.36 144.66 145.86 146.96 147.94 148.79 149.51 150.07 150.48 150.72 150.79 150.77 150.68 150.52 150.31 150.04 149.72 149.34 148.92 148.44 147.91 147.34 146.73 146.07 145.37 144.64 143.87 143.07 142.23 141.37 140.48 139.56 138.62 137.66 136.67 135.67 134.65 133.62 132.58 131.54 130.52 129.50 128.48 127.48 126.48 125.48 124.48 123.49 122.49 121.49 120.48 119.47 118.45 117.42 116.38 115.33 114.27 113.19 112.09 110.98 109.84 108.69 107.51 106.31 105.08
137.35 138.98 140.59 142.16 143.69 145.16 146.56 147.89 149.13 150.28 151.32 152.24 153.04 153.70 154.20 154.55 154.73 154.75 154.66 154.50 154.28 154.00 153.66 153.26 152.80 152.29 151.72 151.11 150.44 149.73 148.98 148.18 147.34 146.46 145.55 144.60 143.61 142.60 141.56 140.49 139.39 138.28 137.14 135.98 134.82 133.71 132.65 131.62 130.60 129.59 128.58 127.58 126.58 125.57 124.57 123.57 122.56 121.55 120.53 119.50 118.47 117.42 116.36 115.28 114.19 113.08 111.96 110.81 109.64 108.45 107.23 105.99
142.26 143.83 145.38 146.90 148.37 149.78 151.13 152.40 153.59 154.67 155.66 156.52 157.26 157.85 158.30 158.59 158.71 158.66 158.51 158.29 158.00 157.65 157.23 156.75 156.21 155.61 154.95 154.25 153.49 152.68 151.82 150.92 149.97 148.98 147.95 146.88 145.78 144.64 143.47 142.27 141.05 139.79 138.51 137.23 135.99 134.82 133.72 132.67 131.65 130.64 129.63 128.62 127.62 126.62 125.61 124.61 123.59 122.58 121.55 120.52 119.47 118.42 117.35 116.27 115.17 114.05 112.91 111.75 110.57 109.37 108.14 106.88
147.14 148.66 150.15 151.61 153.02 154.38 155.67 156.88 158.01 159.04 159.96 160.76 161.43 161.97 162.36 162.58 162.64 162.53 162.31 162.02 161.66 161.23 160.73 160.17 159.55 158.86 158.12 157.31 156.46 155.55 154.59 153.58 152.52 151.42 150.27 149.09 147.86 146.60 145.30 143.97 142.60 141.21 139.81 138.45 137.15 135.92 134.76 133.67 132.64 131.63 130.62 129.62 128.61 127.61 126.60 125.59 124.58 123.56 122.53 121.49 120.44 119.38 118.31 117.22 116.11 114.98 113.84 112.67 111.48 110.26 109.02 107.75
152.01 153.47 154.90 156.30 157.65 158.94 160.17 161.32 162.39 163.35 164.21 164.95 165.57 166.04 166.36 166.52 166.52 166.34 166.06 165.69 165.26 164.75 164.17 163.53 162.82 162.04 161.20 160.31 159.35 158.34 157.27 156.15 154.98 153.77 152.50 151.20 149.84 148.45 147.02 145.56 144.06 142.54 141.06 139.65 138.30 137.02 135.81 134.66 133.58 132.56 131.55 130.55 129.55 128.55 127.54 126.53 125.52 124.50 123.47 122.43 121.37 120.31 119.23 118.13 117.02 115.89 114.73 113.56 112.36 111.13 109.88 108.60
156.84 158.24 159.61 160.94 162.23 163.47 164.63 165.72 166.72 167.62 168.42 169.09 169.64 170.05 170.31 170.40 170.33 170.08 169.73 169.30 168.79 168.20 167.54 166.81 166.01 165.14 164.21 163.21 162.16 161.04 159.87 158.64 157.35 156.02 154.63 153.20 151.73 150.21 148.64 147.04 145.42 143.83 142.31 140.85 139.45 138.12 136.85 135.65 134.51 133.44 132.43 131.43 130.43 129.43 128.43 127.42 126.41 125.39 124.36 123.31 122.26 121.19 120.11 119.01 117.89 116.76 115.60 114.42 113.21 111.98 110.72 109.43
161.63 162.97 164.27 165.55 166.77 167.94 169.04 170.06 171.00 171.84 172.56 173.17 173.65 173.99 174.18 174.21 174.07 173.76 173.33 172.82 172.23 171.56 170.82 170.00 169.11 168.15 167.12 166.03 164.87 163.64 162.36 161.02 159.62 158.16 156.66 155.10 153.50 151.84 150.15 148.43 146.73 145.10 143.53 142.03 140.58 139.20 137.88 136.63 135.44 134.32 133.26 132.25 131.25 130.26 129.26 128.26 127.25 126.23 125.20 124.16 123.10 122.04 120.95 119.85 118.73 117.59 116.43 115.24 114.03 112.80 111.53 110.24
166.37 167.64 168.89 170.09 171.25 172.35 173.39 174.34 175.21 175.98 176.64 177.18 177.59 177.86 177.98 177.94 177.73 177.34 176.84 176.26 175.59 174.84 174.01 173.10 172.12 171.06 169.93 168.74 167.47 166.14 164.74 163.29 161.77 160.20 158.57 156.88 155.15 153.36 151.54 149.76 148.03 146.36 144.75 143.20 141.71 140.28 138.91 137.61 136.37 135.19 134.07 133.02 132.02 131.03 130.04 129.04 128.03 127.02 125.99 124.95 123.90 122.84 121.75 120.65 119.53 118.39 117.23 116.04 114.83 113.59 112.32 111.02
171.06 172.26 173.44 174.58 175.67 176.70 177.67 178.55 179.35 180.05 180.64 181.11 181.45 181.65 181.69 181.58 181.30 180.84 180.26 179.60 178.85 178.01 177.10 176.10 175.02 173.87 172.64 171.33 169.96 168.52 167.01 165.44 163.80 162.10 160.35 158.53 156.67 154.76 152.88 151.06 149.30 147.59 145.94 144.35 142.82 141.35 139.93 138.58 137.29 136.06 134.89 133.78 132.74 131.74 130.75 129.76 128.76 127.75 126.73 125.70 124.65 123.59 122.51 121.41 120.29 119.15 117.99 116.80 115.59 114.34 113.07 111.77
175.68 176.81 177.92 178.99 180.01 180.97 181.87 182.68 183.41 184.03 184.55 184.95 185.21 185.34 185.31 185.13 184.77 184.23 183.58 182.84 182.00 181.08 180.07 178.98 177.81 176.55 175.22 173.81 172.33 170.78 169.15 167.46 165.70 163.88 162.00 160.05 158.07 156.10 154.20 152.34 150.54 148.80 147.12 145.49 143.91 142.40 140.94 139.54 138.20 136.92 135.70 134.54 133.44 132.40 131.41 130.43 129.44 128.44 127.42 126.40 125.35 124.30 123.22 122.13 121.01 119.87 118.71 117.52 116.31 115.07 113.80 112.49
180.22 181.28 182.32 183.32 184.27 185.16 185.98 186.72 187.37 187.93 188.37 188.69 188.88 188.93 188.83 188.57 188.13 187.52 186.79 185.96 185.04 184.03 182.93 181.74 180.47 179.12 177.68 176.16 174.57 172.90 171.16 169.35 167.46 165.52 163.50 161.44 159.40 157.41 155.48 153.60 151.77 149.99 148.27 146.60 144.99 143.44 141.94 140.50 139.11 137.79 136.52 135.30 134.15 133.06 132.02 131.03 130.05 129.06 128.06 127.04 126.00 124.95 123.88 122.80 121.69 120.55 119.39 118.21 117.00 115.76 114.49 113.18
184.68 185.67 186.63 187.56 188.43 189.25 190.00 190.66 191.24 191.72 192.08 192.33 192.44 192.42 192.24 191.90 191.38 190.69 189.88 188.97 187.96 186.86 185.66 184.38 183.00 181.54 180.00 178.38 176.67 174.88 173.02 171.09 169.08 167.00 164.87 162.76 160.70 158.69 156.73 154.82 152.96 151.16 149.40 147.70 146.06 144.46 142.93 141.44 140.01 138.64 137.32 136.06 134.86 133.71 132.63 131.60 130.61 129.63 128.63 127.63 126.60 125.56 124.50 123.42 122.31 121.19 120.04 118.86 117.65 116.41 115.14 113.84
189.05 189.97 190.85 191.70 192.50 193.24 193.91 194.50 195.00 195.40 195.69 195.85 195.89 195.78 195.52 195.10 194.51 193.74 192.84 191.84 190.74 189.55 188.26 186.87 185.40 183.83 182.18 180.44 178.62 176.72 174.74 172.68 170.54 168.35 166.18 164.05 161.96 159.93 157.95 156.01 154.13 152.30 150.51 148.78 147.10 145.47 143.90 142.37 140.90 139.49 138.13 136.82 135.57 134.37 133.23 132.15 131.12 130.14 129.15 128.16 127.14 126.11 125.06 123.99 122.90 121.78 120.63 119.46 118.26 117.03 115.76 114.47
193.31 194.15 194.97 195.74 196.46 197.12 197.71 198.22 198.64 198.96 199.17 199.25 199.21 199.02 198.68 198.18 197.50 196.65 195.66 194.58 193.39 192.10 190.71 189.22 187.64 185.97 184.21 182.36 180.42 178.39 176.29 174.10 171.86 169.62 167.43 165.29 163.19 161.14 159.13 157.18 155.27 153.41 151.60 149.83 148.12 146.46 144.85 143.29 141.78 140.33 138.92 137.57 136.27 135.03 133.84 132.70 131.62 130.60 129.61 128.63 127.63 126.61 125.57 124.51 123.43 122.32 121.18 120.02 118.83 117.60 116.35 115.06
197.45 198.23 198.96 199.66 200.30 200.88 201.39 201.82 202.16 202.40 202.52 202.53 202.40 202.12 201.70 201.11 200.35 199.41 198.34 197.16 195.88 194.49 193.01 191.42 189.73 187.95 186.07 184.10 182.05 179.90 177.67 175.38 173.09 170.84 168.64 166.49 164.37 162.30 160.28 158.30 156.37 154.49 152.65 150.87 149.12 147.43 145.79 144.19 142.65 141.15 139.71 138.32 136.98 135.69 134.45 133.26 132.13 131.05 130.03 129.05 128.06 127.05 126.03 124.98 123.91 122.81 121.69 120.53 119.35 118.14 116.89 115.61
201.47 202.17 202.83 203.45 204.01 204.51 204.94 205.29 205.54 205.69 205.74 205.66 205.44 205.09 204.57 203.90 203.05 202.03 200.87 199.60 198.22 196.73 195.14 193.45 191.65 189.76 187.77 185.68 183.50 181.23 178.90 176.56 174.27 172.02 169.81 167.64 165.51 163.43 161.39 159.40 157.45 155.54 153.68 151.87 150.10 148.38 146.71 145.08 143.50 141.97 140.49 139.05 137.67 136.34 135.06 133.82 132.64 131.51 130.44 129.41 128.43 127.44 126.43 125.40 124.34 123.25 122.14 121.00 119.83 118.63 117.39 116.12
205.34 205.97 206.56 207.11 207.59 208.01 208.35 208.61 208.78 208.85 208.80 208.64 208.34 207.89 207.29 206.53 205.60 204.48 203.23 201.87 200.39 198.80 197.11 195.31 193.40 191.39 189.29 187.08 184.78 182.41 180.03 177.70 175.40 173.14 170.93 168.75 166.61 164.52 162.47 160.46 158.49 156.57 154.68 152.85 151.05 149.31 147.60 145.95 144.34 142.77 141.25 139.78 138.36 136.99 135.66 134.38 133.16 131.98 130.85 129.78 128.75 127.76 126.77 125.75 124.71 123.64 122.55 121.42 120.26 119.07 117.85 116.58
209.07 209.63 210.14 210.61 211.02 211.35 211.61 211.79 211.87 211.85 211.72 211.46 211.07 210.54 209.85 209.00 207.97 206.77 205.42 203.96 202.39 200.70 198.89 196.98 194.97 192.84 190.62 188.29 185.89 183.48 181.11 178.77 176.48 174.22 172.00 169.81 167.67 165.57 163.50 161.48 159.50 157.55 155.65 153.80 151.98 150.21 148.48 146.79 145.15 143.56 142.01 140.50 139.04 137.63 136.26 134.94 133.67 132.45 131.27 130.15 129.07 128.04 127.05 126.05 125.03 123.98 122.90 121.79 120.64 119.47 118.26 117.01
212.64 213.12 213.56 213.95 214.28 214.54 214.72 214.81 214.80 214.69 214.47 214.12 213.64 213.02 212.24 211.29 210.17 208.88 207.44 205.88 204.20 202.40 200.49 198.47 196.34 194.10 191.75 189.33 186.89 184.49 182.12 179.79 177.50 175.24 173.01 170.83 168.68 166.57 164.49 162.46 160.46 158.51 156.59 154.71 152.88 151.08 149.33 147.62 145.95 144.33 142.74 141.21 139.71 138.26 136.86 135.50 134.18 132.92 131.70 130.52 129.40 128.32 127.29 126.29 125.29 124.26 123.19 122.10 120.98 119.82 118.62 117.39
216.04 216.45 216.82 217.13 217.38 217.56 217.65 217.66 217.56 217.36 217.05 216.61 216.03 215.32 214.44 213.40 212.19 210.80 209.26 207.60 205.82 203.92 201.90 199.76 197.51 195.15 192.71 190.25 187.83 185.44 183.08 180.75 178.46 176.21 173.98 171.79 169.64 167.52 165.44 163.40 161.39 159.43 157.49 155.60 153.75 151.93 150.16 148.43 146.73 145.08 143.47 141.90 140.37 138.89 137.45 136.05 134.70 133.39 132.12 130.90 129.73 128.60 127.52 126.49 125.49 124.48 123.43 122.36 121.25 120.11 118.93 117.72
