data_output/recharge/precip/Precip_1989_02.asc
ncols        168
nrows        136
xllcorner    455000
yllcorner    2107000
cellsize     500
NODATA_value     -99999
[rows 37 to 73 of 136, columns 0 to 83 of 168]
7.69 7.51 7.32 7.12 6.92 6.72 6.51 6.29 6.07 5.85 5.62 5.38 5.14 4.90 4.68 4.46 4.25 4.05 3.85 3.66 3.47 3.29 3.10 2.92 2.73 2.55 2.36 2.18 2.00 1.82 1.65 1.48 1.31 1.14 0.99 0.83 0.69 0.55 0.41 0.29 0.17 0.05 0.00 0.00 0.00 0.00 0.00 0.00 0.00 0.00 0.00 0.00 0.00 0.00 0.00 0.00 0.00 0.00 0.00 0.00 0.00 0.00 0.00 0.00 0.00 0.00 0.00 0.00 0.00 0.00 0.00 0.00 0.11 0.24 0.37 0.50 0.63 0.75 0.88 1.01 1.13 1.25 1.38 1.49
8.00 7.80 7.59 7.38 7.16 6.94 6.71 6.48 6.24 6.00 5.75 5.50 5.25 5.01 4.78 4.57 4.36 4.16 3.97 3.78 3.59 3.40 3.22 3.03 2.85 2.67 2.48 2.30 2.13 1.95 1.78 1.61 1.44 1.27 1.11 0.96 0.81 0.67 0.53 0.40 0.28 0.17 0.06 0.00 0.00 0.00 0.00 0.00 0.00 0.00 0.00 0.00 0.00 0.00 0.00 0.00 0.00 0.00 0.00 0.00 0.00 0.00 0.00 0.00 0.00 0.00 0.00 0.00 0.00 0.00 0.00 0.08 0.19 0.31 0.44 0.56 0.68 0.80 0.92 1.03 1.15 1.26 1.38 1.49
8.31 8.09 7.86 7.63 7.40 7.15 6.91 6.65 6.40 6.14 5.87 5.61 5.36 5.12 4.89 4.68 4.47 4.27 4.08 3.89 3.71 3.52 3.34 3.16 2.97 2.79 2.61 2.43 2.25 2.08 1.90 1.73 1.57 1.40 1.24 1.09 0.94 0.79 0.66 0.53 0.40 0.29 0.18 0.08 0.00 0.00 0.00 0.00 0.00 0.00 0.00 0.00 0.00 0.00 0.00 0.00 0.00 0.00 0.00 0.00 0.00 0.00 0.00 0.00 0.00 0.00 0.00 0.00 0.00 0.00 0.06 0.17 0.28 0.39 0.51 0.62 0.73 0.84 0.95 1.06 1.17 1.27 1.38 1.48
8.62 8.38 8.13 7.88 7.62 7.36 7.09 6.82 6.54 6.26 5.98 5.72 5.47 5.23 5.01 4.79 4.59 4.39 4.20 4.01 3.83 3.64 3.46 3.28 3.10 2.92 2.74 2.56 2.38 2.21 2.04 1.87 1.70 1.54 1.38 1.22 1.07 0.93 0.79 0.66 0.53 0.41 0.30 0.20 0.10 0.01 0.00 0.00 0.00 0.00 0.00 0.00 0.00 0.00 0.00 0.00 0.00 0.00 0.00 0.00 0.00 0.00 0.00 0.00 0.00 0.00 0.00 0.00 0.00 0.06 0.15 0.26 0.36 0.47 0.57 0.68 0.78 0.88 0.99 1.09 1.19 1.28 1.38 1.47
8.92 8.66 8.39 8.11 7.83 7.55 7.26 6.96 6.67 6.37 6.09 5.83 5.58 5.35 5.12 4.91 4.71 4.51 4.32 4.13 3.95 3.77 3.59 3.41 3.22 3.04 2.87 2.69 2.51 2.34 2.17 2.00 1.84 1.67 1.52 1.36 1.21 1.06 0.92 0.79 0.66 0.54 0.43 0.33 0.23 0.14 0.05 0.00 0.00 0.00 0.00 0.00 0.00 0.00 0.00 0.00 0.00 0.00 0.00 0.00 0.00 0.00 0.00 0.00 0.00 0.00 0.00 0.00 0.07 0.16 0.25 0.35 0.45 0.55 0.64 0.74 0.83 0.93 1.02 1.11 1.20 1.29 1.38 1.47
9.21 8.93 8.63 8.33 8.03 7.72 7.41 7.09 6.78 6.49 6.21 5.95 5.70 5.47 5.24 5.03 4.83 4.63 4.44 4.26 4.07 3.89 3.71 3.53 3.35 3.18 3.00 2.82 2.65 2.47 2.30 2.14 1.97 1.81 1.65 1.50 1.35 1.20 1.06 0.93 0.80 0.68 0.56 0.46 0.36 0.26 0.18 0.10 0.03 0.00 0.00 0.00 0.00 0.00 0.00 0.00 0.00 0.00 0.00 0.00 0.00 0.00 0.00 0.00 0.00 0.00 0.02 0.09 0.17 0.26 0.35 0.44 0.53 0.62 0.71 0.80 0.88 0.97 1.06 1.14 1.22 1.30 1.39 1.46
9.49 9.18 8.86 8.54 8.21 7.88 7.54 7.21 6.90 6.60 6.33 6.07 5.82 5.59 5.36 5.15 4.95 4.76 4.57 4.38 4.20 4.02 3.84 3.66 3.49 3.31 3.13 2.96 2.78 2.61 2.44 2.28 2.11 1.95 1.79 1.64 1.49 1.35 1.20 1.07 0.94 0.82 0.70 0.59 0.49 0.40 0.31 0.23 0.16 0.09 0.03 0.00 0.00 0.00 0.00 0.00 0.00 0.00 0.00 0.00 0.00 0.00 0.00 0.00 0.01 0.07 0.13 0.21 0.29 0.37 0.45 0.53 0.61 0.69 0.77 0.85 0.93 1.01 1.09 1.17 1.24 1.32 1.39 1.46
9.76 9.42 9.07 8.72 8.37 8.01 7.66 7.33 7.02 6.72 6.45 6.19 5.94 5.71 5.49 5.28 5.08 4.88 4.69 4.51 4.33 4.15 3.97 3.80 3.62 3.44 3.27 3.09 2.92 2.75 2.58 2.41 2.25 2.09 1.94 1.78 1.63 1.49 1.35 1.21 1.08 0.96 0.84 0.73 0.63 0.53 0.44 0.36 0.29 0.22 0.16 0.11 0.07 0.03 0.00 0.00 0.00 0.00 0.00 0.00 0.00 0.01 0.04 0.08 0.13 0.19 0.25 0.32 0.39 0.47 0.54 0.62 0.69 0.76 0.84 0.91 0.98 1.05 1.12 1.19 1.26 1.33 1.39 1.46
10.00 9.64 9.26 8.89 8.51 8.13 7.78 7.45 7.14 6.84 6.57 6.31 6.06 5.83 5.61 5.40 5.20 5.01 4.82 4.64 4.46 4.28 4.11 3.93 3.75 3.58 3.40 3.23 3.06 2.89 2.72 2.56 2.39 2.23 2.08 1.93 1.78 1.63 1.49 1.36 1.23 1.10 0.98 0.87 0.77 0.67 0.58 0.50 0.42 0.36 0.30 0.24 0.20 0.16 0.13 0.11 0.09 0.09 0.09 0.10 0.11 0.14 0.17 0.21 0.25 0.31 0.37 0.44 0.50 0.57 0.63 0.70 0.77 0.83 0.90 0.96 1.03 1.09 1.16 1.22 1.28 1.34 1.40 1.46
10.23 9.83 9.43 9.03 8.63 8.25 7.90 7.57 7.26 6.97 6.69 6.43 6.19 5.96 5.74 5.53 5.33 5.14 4.95 4.77 4.59 4.42 4.24 4.07 3.89 3.72 3.54 3.37 3.20 3.03 2.86 2.70 2.54 2.38 2.22 2.07 1.92 1.78 1.64 1.50 1.37 1.25 1.13 1.02 0.91 0.81 0.72 0.64 0.56 0.49 0.43 0.38 0.33 0.30 0.26 0.24 0.23 0.22 0.22 0.22 0.24 0.26 0.29 0.33 0.38 0.43 0.49 0.55 0.61 0.66 0.72 0.78 0.84 0.90 0.96 1.02 1.07 1.13 1.19 1.24 1.30 1.35 1.40 1.46
10.43 10.00 9.57 9.15 8.75 8.37 8.02 7.69 7.38 7.09 6.82 6.56 6.32 6.08 5.87 5.66 5.46 5.27 5.08 4.90 4.73 4.55 4.38 4.20 4.03 3.85 3.68 3.51 3.34 3.17 3.00 2.84 2.68 2.52 2.37 2.21 2.07 1.92 1.78 1.65 1.52 1.40 1.28 1.16 1.06 0.96 0.87 0.78 0.70 0.63 0.57 0.52 0.47 0.43 0.40 0.38 0.36 0.35 0.35 0.36 0.37 0.39 0.42 0.46 0.51 0.56 0.61 0.66 0.71 0.76 0.81 0.86 0.91 0.96 1.02 1.07 1.12 1.17 1.22 1.27 1.32 1.36 1.41 1.45
10.60 10.14 9.70 9.27 8.87 8.50 8.15 7.82 7.51 7.22 6.94 6.68 6.44 6.21 6.00 5.79 5.59 5.40 5.21 5.04 4.86 4.69 4.51 4.34 4.16 3.99 3.82 3.65 3.48 3.31 3.15 2.98 2.82 2.67 2.51 2.36 2.21 2.07 1.93 1.80 1.67 1.54 1.42 1.31 1.20 1.10 1.01 0.92 0.85 0.78 0.71 0.66 0.61 0.57 0.54 0.51 0.49 0.48 0.48 0.49 0.50 0.53 0.56 0.59 0.63 0.67 0.72 0.76 0.80 0.85 0.89 0.94 0.98 1.03 1.07 1.12 1.16 1.21 1.25 1.29 1.33 1.38 1.42 1.45
10.75 10.27 9.82 9.39 9.00 8.62 8.27 7.94 7.63 7.34 7.07 6.81 6.57 6.34 6.12 5.92 5.72 5.53 5.35 5.17 4.99 4.82 4.65 4.48 4.30 4.13 3.96 3.79 3.62 3.45 3.29 3.13 2.97 2.81 2.66 2.51 2.36 2.22 2.08 1.94 1.81 1.69 1.57 1.46 1.35 1.25 1.16 1.07 0.99 0.92 0.85 0.80 0.75 0.71 0.67 0.65 0.63 0.62 0.62 0.63 0.64 0.66 0.69 0.72 0.75 0.79 0.82 0.86 0.90 0.93 0.97 1.01 1.05 1.09 1.13 1.17 1.20 1.24 1.28 1.32 1.35 1.39 1.42 1.45
10.87 10.39 9.94 9.52 9.12 8.75 8.40 8.07 7.76 7.47 7.20 6.94 6.70 6.47 6.25 6.05 5.85 5.66 5.48 5.30 5.13 4.96 4.78 4.61 4.44 4.27 4.10 3.93 3.76 3.60 3.43 3.27 3.11 2.96 2.80 2.65 2.51 2.36 2.22 2.09 1.96 1.84 1.72 1.61 1.50 1.40 1.30 1.21 1.13 1.06 1.00 0.94 0.89 0.85 0.81 0.79 0.77 0.76 0.76 0.76 0.78 0.80 0.82 0.84 0.87 0.90 0.93 0.96 0.99 1.02 1.05 1.08 1.12 1.15 1.18 1.21 1.25 1.28 1.31 1.34 1.37 1.40 1.43 1.46
11.00 10.52 10.07 9.64 9.25 8.87 8.52 8.19 7.89 7.60 7.32 7.07 6.83 6.60 6.38 6.18 5.98 5.80 5.61 5.44 5.26 5.09 4.92 4.75 4.58 4.41 4.24 4.07 3.91 3.74 3.58 3.42 3.26 3.10 2.95 2.80 2.65 2.51 2.37 2.24 2.11 1.98 1.87 1.75 1.64 1.54 1.45 1.36 1.28 1.21 1.14 1.08 1.03 0.99 0.96 0.93 0.91 0.90 0.90 0.90 0.91 0.93 0.94 0.96 0.98 1.00 1.03 1.05 1.07 1.10 1.13 1.15 1.18 1.20 1.23 1.26 1.28 1.31 1.34 1.36 1.39 1.41 1.43 1.46
11.12 10.64 10.19 9.77 9.37 9.00 8.65 8.32 8.01 7.72 7.45 7.20 6.96 6.73 6.52 6.31 6.12 5.93 5.75 5.57 5.40 5.23 5.06 4.89 4.72 4.55 4.38 4.21 4.05 3.88 3.72 3.56 3.40 3.25 3.09 2.94 2.80 2.66 2.52 2.38 2.25 2.13 2.01 1.90 1.79 1.69 1.59 1.51 1.43 1.35 1.28 1.23 1.18 1.13 1.10 1.07 1.05 1.04 1.03 1.04 1.05 1.05 1.07 1.08 1.09 1.11 1.12 1.14 1.16 1.18 1.20 1.22 1.24 1.26 1.28 1.30 1.32 1.34 1.36 1.38 1.40 1.42 1.44 1.46
11.25 10.77 10.32 9.89 9.50 9.12 8.77 8.45 8.14 7.85 7.58 7.33 7.09 6.86 6.65 6.44 6.25 6.06 5.88 5.71 5.53 5.36 5.20 5.03 4.86 4.69 4.52 4.35 4.19 4.02 3.86 3.70 3.54 3.39 3.24 3.09 2.94 2.80 2.66 2.53 2.40 2.28 2.16 2.04 1.94 1.84 1.74 1.65 1.57 1.50 1.43 1.37 1.32 1.27 1.24 1.21 1.19 1.18 1.17 1.17 1.17 1.18 1.18 1.19 1.19 1.20 1.21 1.23 1.24 1.25 1.27 1.28 1.30 1.31 1.33 1.34 1.36 1.37 1.39 1.40 1.42 1.43 1.45 1.46
11.37 10.89 10.44 10.02 9.62 9.25 8.90 8.57 8.27 7.98 7.71 7.45 7.22 6.99 6.78 6.57 6.38 6.19 6.01 5.84 5.67 5.50 5.33 5.16 5.00 4.83 4.66 4.49 4.33 4.17 4.00 3.84 3.69 3.53 3.38 3.23 3.09 2.95 2.81 2.67 2.55 2.42 2.30 2.19 2.08 1.98 1.88 1.80 1.71 1.64 1.57 1.51 1.46 1.41 1.38 1.35 1.33 1.32 1.31 1.30 1.29 1.29 1.29 1.29 1.29 1.30 1.30 1.31 1.31 1.32 1.33 1.34 1.35 1.36 1.37 1.38 1.39 1.40 1.41 1.42 1.43 1.44 1.45 1.46
11.50 11.02 10.57 10.14 9.75 9.38 9.03 8.70 8.39 8.11 7.84 7.58 7.34 7.12 6.91 6.70 6.51 6.32 6.15 5.97 5.80 5.63 5.47 5.30 5.13 4.97 4.80 4.63 4.47 4.31 4.15 3.99 3.83 3.68 3.52 3.37 3.23 3.09 2.95 2.82 2.69 2.57 2.45 2.33 2.23 2.12 2.03 1.94 1.86 1.78 1.71 1.65 1.60 1.55 1.52 1.49 1.47 1.45 1.43 1.42 1.41 1.40 1.40 1.39 1.39 1.39 1.38 1.39 1.39 1.39 1.39 1.40 1.40 1.41 1.41 1.42 1.43 1.43 1.44 1.44 1.45 1.45 1.46 1.46
11.62 11.14 10.69 10.27 9.87 9.50 9.15 8.83 8.52 8.23 7.96 7.71 7.47 7.25 7.03 6.83 6.64 6.46 6.28 6.10 5.93 5.77 5.60 5.44 5.27 5.10 4.94 4.77 4.61 4.45 4.29 4.13 3.97 3.82 3.66 3.52 3.37 3.23 3.09 2.96 2.83 2.71 2.59 2.47 2.37 2.26 2.17 2.08 2.00 1.92 1.85 1.79 1.74 1.69 1.66 1.63 1.60 1.58 1.56 1.54 1.52 1.51 1.50 1.48 1.48 1.47 1.46 1.46 1.46 1.45 1.45 1.45 1.45 1.45 1.45 1.45 1.46 1.46 1.46 1.46 1.46 1.46 1.46 1.46
11.74 11.27 10.82 10.39 10.00 9.63 9.28 8.95 8.64 8.36 8.09 7.84 7.60 7.37 7.16 6.96 6.77 6.58 6.41 6.24 6.07 5.90 5.73 5.57 5.40 5.24 5.07 4.91 4.75 4.58 4.42 4.27 4.11 3.96 3.80 3.66 3.51 3.37 3.23 3.10 2.97 2.85 2.73 2.62 2.51 2.40 2.31 2.22 2.14 2.06 1.99 1.93 1.87 1.83 1.79 1.76 1.73 1.70 1.67 1.65 1.63 1.61 1.59 1.57 1.56 1.55 1.54 1.53 1.52 1.51 1.51 1.50 1.50 1.49 1.49 1.49 1.48 1.48 1.48 1.48 1.47 1.47 1.47 1.46
11.87 11.39 10.94 10.52 10.12 9.75 9.40 9.07 8.77 8.48 8.21 7.96 7.72 7.50 7.29 7.09 6.90 6.71 6.54 6.36 6.20 6.03 5.87 5.70 5.54 5.37 5.21 5.04 4.88 4.72 4.56 4.40 4.25 4.09 3.94 3.80 3.65 3.51 3.37 3.24 3.11 2.99 2.87 2.75 2.65 2.54 2.45 2.36 2.27 2.20 2.13 2.06 2.01 1.96 1.92 1.88 1.84 1.81 1.78 1.75 1.72 1.70 1.68 1.66 1.64 1.62 1.61 1.59 1.58 1.57 1.56 1.55 1.54 1.53 1.53 1.52 1.51 1.50 1.50 1.49 1.48 1.48 1.47 1.46
11.99 11.51 11.06 10.64 10.24 9.87 9.52 9.20 8.89 8.61 8.34 8.09 7.85 7.63 7.41 7.21 7.02 6.84 6.66 6.49 6.33 6.16 6.00 5.83 5.67 5.50 5.34 5.18 5.02 4.86 4.70 4.54 4.38 4.23 4.08 3.93 3.79 3.65 3.51 3.38 3.25 3.12 3.00 2.89 2.78 2.68 2.58 2.49 2.41 2.33 2.26 2.20 2.14 2.09 2.04 2.00 1.96 1.92 1.88 1.85 1.82 1.79 1.76 1.74 1.71 1.69 1.67 1.65 1.64 1.62 1.61 1.59 1.58 1.57 1.56 1.55 1.54 1.53 1.52 1.51 1.49 1.48 1.47 1.46
12.11 11.63 11.18 10.76 10.36 9.99 9.64 9.32 9.01 8.73 8.46 8.21 7.97 7.75 7.54 7.34 7.15 6.97 6.79 6.62 6.45 6.29 6.13 5.96 5.80 5.64 5.47 5.31 5.15 4.99 4.83 4.67 4.52 4.36 4.21 4.07 3.92 3.78 3.64 3.51 3.38 3.26 3.14 3.02 2.91 2.81 2.71 2.62 2.54 2.46 2.39 2.33 2.27 2.21 2.16 2.11 2.06 2.02 1.98 1.94 1.90 1.87 1.84 1.81 1.78 1.76 1.73 1.71 1.69 1.67 1.65 1.63 1.62 1.60 1.59 1.57 1.56 1.54 1.53 1.52 1.50 1.49 1.48 1.46
12.23 11.75 11.30 10.88 10.48 10.11 9.76 9.44 9.13 8.85 8.58 8.33 8.09 7.87 7.66 7.46 7.27 7.09 6.91 6.74 6.58 6.41 6.25 6.09 5.93 5.76 5.60 5.44 5.28 5.12 4.96 4.80 4.65 4.50 4.35 4.20 4.05 3.91 3.78 3.64 3.51 3.39 3.27 3.16 3.05 2.94 2.84 2.75 2.67 2.59 2.52 2.45 2.39 2.32 2.27 2.21 2.16 2.11 2.07 2.02 1.98 1.95 1.91 1.88 1.85 1.82 1.79 1.76 1.74 1.71 1.69 1.67 1.65 1.63 1.61 1.60 1.58 1.56 1.54 1.53 1.51 1.49 1.48 1.46
12.34 11.87 11.42 10.99 10.60 10.23 9.88 9.56 9.25 8.97 8.70 8.45 8.21 7.99 7.78 7.58 7.39 7.21 7.04 6.87 6.70 6.54 6.38 6.21 6.05 5.89 5.73 5.57 5.41 5.25 5.09 4.93 4.78 4.62 4.47 4.33 4.18 4.04 3.91 3.77 3.64 3.52 3.40 3.28 3.17 3.07 2.97 2.88 2.79 2.71 2.64 2.57 2.50 2.43 2.37 2.31 2.25 2.20 2.15 2.10 2.06 2.01 1.98 1.94 1.90 1.87 1.84 1.81 1.78 1.75 1.73 1.70 1.68 1.66 1.64 1.62 1.60 1.58 1.56 1.54 1.52 1.50 1.48 1.46
12.46 11.98 11.53 11.11 10.71 10.34 10.00 9.67 9.37 9.08 8.81 8.56 8.33 8.11 7.90 7.70 7.51 7.33 7.15 6.99 6.82 6.66 6.50 6.34 6.17 6.01 5.85 5.69 5.53 5.37 5.21 5.06 4.90 4.75 4.60 4.45 4.31 4.17 4.03 3.90 3.77 3.64 3.52 3.41 3.30 3.19 3.10 3.00 2.92 2.83 2.75 2.68 2.60 2.53 2.46 2.40 2.34 2.28 2.22 2.17 2.12 2.08 2.04 1.99 1.96 1.92 1.88 1.85 1.82 1.79 1.76 1.73 1.71 1.68 1.66 1.63 1.61 1.59 1.57 1.54 1.52 1.50 1.48 1.46
12.57 12.09 11.64 11.22 10.83 10.46 10.11 9.78 9.48 9.19 8.93 8.68 8.44 8.22 8.01 7.81 7.62 7.44 7.27 7.10 6.94 6.78 6.62 6.46 6.29 6.13 5.97 5.81 5.65 5.49 5.34 5.18 5.03 4.87 4.72 4.58 4.43 4.29 4.15 4.02 3.89 3.77 3.65 3.53 3.42 3.32 3.22 3.12 3.03 2.95 2.86 2.78 2.70 2.62 2.55 2.48 2.41 2.35 2.29 2.24 2.18 2.14 2.09 2.05 2.00 1.96 1.93 1.89 1.86 1.82 1.79 1.76 1.73 1.70 1.68 1.65 1.62 1.60 1.57 1.55 1.53 1.50 1.48 1.45
12.68 12.20 11.75 11.33 10.94 10.57 10.22 9.89 9.59 9.31 9.04 8.79 8.55 8.33 8.12 7.93 7.74 7.56 7.38 7.22 7.05 6.89 6.73 6.57 6.41 6.25 6.09 5.93 5.77 5.61 5.46 5.30 5.15 4.99 4.84 4.70 4.55 4.41 4.27 4.14 4.01 3.89 3.77 3.65 3.54 3.43 3.33 3.24 3.14 3.05 2.96 2.88 2.79 2.71 2.63 2.56 2.49 2.42 2.36 2.30 2.24 2.19 2.14 2.09 2.05 2.00 1.96 1.92 1.89 1.85 1.82 1.78 1.75 1.72 1.69 1.66 1.64 1.61 1.58 1.55 1.53 1.50 1.48 1.45
12.79 12.31 11.86 11.44 11.04 10.67 10.33 10.00 9.70 9.41 9.15 8.90 8.66 8.44 8.23 8.04 7.85 7.67 7.49 7.33 7.16 7.00 6.84 6.69 6.53 6.37 6.21 6.05 5.89 5.73 5.57 5.42 5.26 5.11 4.96 4.81 4.67 4.53 4.39 4.26 4.13 4.00 3.88 3.76 3.65 3.55 3.44 3.34 3.24 3.15 3.06 2.96 2.88 2.79 2.71 2.63 2.56 2.48 2.42 2.35 2.29 2.23 2.18 2.13 2.08 2.04 1.99 1.95 1.91 1.87 1.84 1.80 1.77 1.74 1.70 1.67 1.64 1.61 1.58 1.56 1.53 1.50 1.47 1.44
12.86 12.41 11.97 11.54 11.15 10.78 10.43 10.11 9.80 9.52 9.25 9.00 8.77 8.55 8.34 8.14 7.95 7.77 7.60 7.44 7.27 7.11 6.95 6.79 6.64 6.48 6.32 6.16 6.00 5.84 5.68 5.53 5.37 5.22 5.07 4.93 4.78 4.64 4.50 4.37 4.24 4.11 3.99 3.88 3.76 3.65 3.55 3.44 3.34 3.24 3.14 3.05 2.96 2.87 2.78 2.70 2.62 2.54 2.47 2.40 2.33 2.27 2.22 2.16 2.11 2.06 2.02 1.97 1.93 1.89 1.85 1.82 1.78 1.75 1.71 1.68 1.65 1.62 1.59 1.56 1.53 1.50 1.47 1.44
12.89 12.48 12.06 11.65 11.25 10.88 10.53 10.21 9.90 9.62 9.35 9.10 8.87 8.65 8.44 8.24 8.06 7.88 7.71 7.54 7.38 7.22 7.06 6.90 6.74 6.58 6.42 6.26 6.11 5.95 5.79 5.64 5.48 5.33 5.18 5.04 4.89 4.75 4.61 4.48 4.35 4.22 4.10 3.98 3.87 3.75 3.64 3.53 3.43 3.32 3.22 3.12 3.03 2.94 2.85 2.76 2.67 2.59 2.52 2.44 2.37 2.31 2.25 2.19 2.14 2.09 2.04 1.99 1.95 1.91 1.87 1.83 1.79 1.75 1.72 1.68 1.65 1.62 1.59 1.55 1.52 1.49 1.46 1.43
12.89 12.52 12.13 11.74 11.35 10.98 10.63 10.31 10.00 9.72 9.45 9.20 8.97 8.75 8.54 8.34 8.16 7.98 7.81 7.64 7.48 7.32 7.16 7.00 6.84 6.69 6.53 6.37 6.21 6.05 5.90 5.74 5.59 5.44 5.29 5.14 5.00 4.85 4.72 4.58 4.45 4.32 4.20 4.08 3.96 3.85 3.73 3.62 3.51 3.40 3.30 3.20 3.10 3.00 2.90 2.81 2.73 2.64 2.56 2.48 2.41 2.34 2.28 2.21 2.16 2.10 2.05 2.01 1.96 1.92 1.87 1.83 1.79 1.76 1.72 1.68 1.65 1.62 1.58 1.55 1.52 1.49 1.46 1.42
12.86 12.52 12.16 11.81 11.44 11.07 10.72 10.40 10.10 9.81 9.55 9.30 9.06 8.84 8.63 8.44 8.25 8.07 7.90 7.74 7.57 7.42 7.26 7.10 6.94 6.78 6.63 6.47 6.31 6.15 6.00 5.84 5.69 5.54 5.39 5.24 5.10 4.95 4.82 4.68 4.55 4.42 4.30 4.17 4.05 3.93 3.81 3.70 3.59 3.47 3.37 3.26 3.16 3.06 2.96 2.86 2.77 2.68 2.60 2.52 2.44 2.37 2.30 2.23 2.17 2.12 2.06 2.01 1.97 1.92 1.88 1.84 1.79 1.76 1.72 1.68 1.65 1.61 1.58 1.54 1.51 1.48 1.45 1.42
12.79 12.48 12.16 11.84 11.50 11.16 10.81 10.49 10.19 9.90 9.64 9.39 9.15 8.93 8.72 8.53 8.34 8.16 7.99 7.83 7.67 7.51 7.35 7.19 7.04 6.88 6.72 6.56 6.41 6.25 6.09 5.94 5.78 5.63 5.48 5.34 5.19 5.05 4.91 4.78 4.64 4.51 4.39 4.26 4.13 4.01 3.89 3.77 3.65 3.54 3.43 3.32 3.21 3.11 3.01 2.91 2.81 2.72 2.63 2.55 2.47 2.39 2.32 2.25 2.19 2.12 2.07 2.02 1.97 1.92 1.88 1.83 1.79 1.75 1.71 1.68 1.64 1.60 1.57 1.54 1.50 1.47 1.44 1.40
12.70 12.42 12.13 11.83 11.53 11.22 10.90 10.58 10.27 9.99 9.72 9.47 9.24 9.02 8.81 8.62 8.43 8.25 8.08 7.92 7.75 7.60 7.44 7.28 7.13 6.97 6.81 6.65 6.50 6.34 6.18 6.03 5.87 5.72 5.57 5.43 5.28 5.14 5.00 4.86 4.73 4.60 4.47 4.34 4.21 4.08 3.96 3.84 3.72 3.60 3.48 3.37 3.26 3.15 3.05 2.95 2.85 2.76 2.66 2.58 2.49 2.41 2.34 2.26 2.19 2.13 2.07 2.02 1.96 1.92 1.87 1.83 1.78 1.74 1.70 1.67 1.63 1.59 1.56 1.52 1.49 1.46 1.43 1.39
12.58 12.32 12.06 11.80 11.52 11.24 10.95 10.65 10.35 10.07 9.80 9.55 9.32 9.10 8.89 8.70 8.51 8.33 8.16 8.00 7.84 7.68 7.52 7.37 7.21 7.05 6.90 6.74 6.58 6.42 6.27 6.11 5.96 5.81 5.66 5.51 5.37 5.22 5.08 4.95 4.81 4.68 4.54 4.41 4.28 4.15 4.02 3.90 3.77 3.65 3.54 3.42 3.31 3.20 3.09 2.98 2.88 2.79 2.69 2.60 2.51 2.43 2.35 2.27 2.20 2.13 2.07 2.01 1.96 1.91 1.86 1.82 1.77 1.73 1.69 1.65 1.62 1.58 1.55 1.51 1.48 1.44 1.41 1.38
