data_output/recharge/precip/Precip_2003_06.asc
ncols        168
nrows        136
xllcorner    455000
yllcorner    2107000
cellsize     500
NODATA_value     -99999
[rows 0 to 31 of 136, columns 0 to 70 of 168]
121.44 130.60 139.71 148.53 156.97 165.03 172.68 179.89 186.64 192.93 198.71 203.98 208.70 212.87 216.45 219.43 221.78 223.56 224.87 225.74 226.18 226.20 225.82 225.04 223.87 222.32 220.42 218.16 215.55 212.62 209.37 205.82 202.08 198.33 194.58 190.85 187.14 183.45 179.78 176.13 172.52 168.94 165.40 161.90 158.44 155.03 151.67 148.36 145.11 141.92 138.79 135.73 132.74 129.82 126.98 124.23 121.55 118.98 116.56 114.31 112.24 110.32 108.56 106.94 105.46 104.10 102.86 101.74 100.71 99.79 98.94
125.99 135.19 144.14 152.76 161.03 168.92 176.42 183.51 190.16 196.35 202.07 207.28 211.97 216.12 219.71 222.71 225.10 226.93 228.30 229.23 229.73 229.81 229.49 228.77 227.67 226.20 224.37 222.18 219.66 216.81 213.64 210.16 206.40 202.46 198.52 194.59 190.68 186.79 182.94 179.11 175.32 171.57 167.85 164.19 160.57 157.00 153.48 150.02 146.62 143.29 140.02 136.83 133.71 130.67 127.70 124.83 122.05 119.44 117.01 114.76 112.68 110.76 109.00 107.38 105.90 104.54 103.31 102.19 101.18 100.26 99.42
131.03 140.04 148.76 157.17 165.25 172.97 180.32 187.27 193.80 199.89 205.52 210.67 215.32 219.44 223.02 226.03 228.45 230.32 231.73 232.70 233.25 233.38 233.11 232.45 231.41 230.00 228.23 226.11 223.65 220.86 217.76 214.36 210.66 206.69 202.56 198.43 194.32 190.24 186.18 182.17 178.19 174.26 170.36 166.52 162.73 158.99 155.32 151.70 148.15 144.66 141.25 137.91 134.66 131.48 128.39 125.40 122.58 119.96 117.52 115.26 113.18 111.26 109.49 107.87 106.38 105.03 103.80 102.69 101.68 100.77 99.94
136.34 145.09 153.58 161.76 169.64 177.18 184.36 191.16 197.56 203.54 209.07 214.15 218.74 222.82 226.37 229.38 231.82 233.71 235.15 236.16 236.75 236.92 236.69 236.07 235.07 233.71 231.99 229.92 227.52 224.79 221.75 218.41 214.77 210.86 206.68 202.36 198.04 193.75 189.50 185.29 181.12 176.99 172.91 168.89 164.92 161.01 157.16 153.38 149.66 146.02 142.46 138.97 135.56 132.24 129.03 126.00 123.17 120.53 118.08 115.82 113.73 111.80 110.02 108.40 106.92 105.57 104.34 103.23 102.22 101.32 100.50
141.86 150.35 158.58 166.53 174.19 181.53 188.53 195.17 201.43 207.28 212.71 217.70 222.22 226.25 229.77 232.76 235.20 237.12 238.58 239.60 240.21 240.41 240.21 239.63 238.66 237.33 235.65 233.62 231.26 228.58 225.58 222.29 218.71 214.85 210.72 206.35 201.84 197.33 192.87 188.45 184.08 179.76 175.49 171.27 167.12 163.02 159.00 155.04 151.16 147.35 143.62 139.98 136.42 132.97 129.70 126.65 123.80 121.16 118.70 116.42 114.32 112.39 110.61 108.98 107.50 106.14 104.92 103.81 102.81 101.90 101.10
147.59 155.79 163.75 171.46 178.89 186.03 192.84 199.30 205.41 211.13 216.44 221.32 225.76 229.73 233.21 236.17 238.60 240.52 241.99 243.03 243.65 243.86 243.68 243.11 242.17 240.86 239.20 237.20 234.87 232.22 229.27 226.01 222.47 218.65 214.57 210.23 205.66 200.96 196.28 191.65 187.07 182.54 178.07 173.65 169.31 165.03 160.81 156.68 152.62 148.63 144.74 140.93 137.23 133.72 130.43 127.36 124.50 121.84 119.37 117.08 114.97 113.03 111.25 109.61 108.12 106.77 105.54 104.43 103.43 102.54 101.73
153.51 161.42 169.11 176.56 183.75 190.66 197.27 203.55 209.49 215.06 220.24 225.02 229.36 233.25 236.67 239.60 242.01 243.92 245.38 246.42 247.04 247.26 247.08 246.52 245.59 244.29 242.65 240.67 238.35 235.73 232.79 229.56 226.04 222.26 218.21 213.90 209.36 204.60 199.72 194.86 190.07 185.32 180.64 176.03 171.48 167.00 162.59 158.27 154.02 149.86 145.78 141.82 138.06 134.53 131.22 128.13 125.26 122.58 120.10 117.80 115.68 113.72 111.93 110.29 108.80 107.44 106.21 105.10 104.10 103.21 102.41
159.63 167.23 174.64 181.82 188.76 195.44 201.83 207.91 213.67 219.08 224.13 228.78 233.01 236.82 240.17 243.04 245.42 247.31 248.76 249.78 250.39 250.60 250.42 249.85 248.92 247.62 245.98 244.00 241.70 239.08 236.15 232.93 229.43 225.66 221.63 217.35 212.84 208.09 203.14 198.08 193.06 188.10 183.20 178.37 173.61 168.93 164.32 159.80 155.36 151.01 146.77 142.74 138.95 135.40 132.07 128.96 126.07 123.38 120.88 118.57 116.43 114.47 112.67 111.02 109.52 108.16 106.93 105.81 104.82 103.92 103.13
165.94 173.23 180.33 187.23 193.91 200.34 206.50 212.38 217.95 223.19 228.08 232.59 236.71 240.42 243.69 246.50 248.83 250.69 252.11 253.11 253.70 253.88 253.68 253.10 252.15 250.84 249.19 247.20 244.89 242.27 239.35 236.13 232.63 228.87 224.85 220.58 216.07 211.34 206.40 201.26 196.03 190.84 185.72 180.67 175.69 170.80 165.98 161.26 156.62 152.10 147.79 143.72 139.91 136.33 132.98 129.86 126.94 124.23 121.71 119.39 117.24 115.27 113.46 111.80 110.29 108.92 107.69 106.57 105.57 104.68 103.88
172.44 179.39 186.18 192.79 199.19 205.37 211.30 216.95 222.32 227.38 232.10 236.46 240.46 244.05 247.23 249.96 252.24 254.06 255.44 256.40 256.95 257.10 256.87 256.25 255.28 253.95 252.28 250.27 247.94 245.30 242.37 239.14 235.64 231.87 227.84 223.57 219.07 214.34 209.40 204.26 198.94 193.54 188.19 182.91 177.71 172.59 167.57 162.63 157.81 153.20 148.86 144.77 140.93 137.33 133.96 130.81 127.87 125.14 122.61 120.27 118.11 116.12 114.30 112.63 111.12 109.74 108.50 107.38 106.37 105.48 104.68
179.11 185.73 192.20 198.50 204.61 210.52 216.20 221.62 226.77 231.63 236.18 240.39 244.24 247.71 250.78 253.43 255.64 257.40 258.73 259.64 260.14 260.25 259.97 259.32 258.31 256.94 255.23 253.20 250.84 248.17 245.21 241.96 238.44 234.65 230.61 226.33 221.82 217.08 212.14 206.99 201.66 196.16 190.59 185.08 179.65 174.30 169.05 163.92 159.01 154.38 150.00 145.89 142.02 138.39 134.99 131.82 128.86 126.11 123.56 121.20 119.03 117.03 115.19 113.51 111.99 110.60 109.35 108.23 107.22 106.32 105.53
185.97 192.23 198.36 204.35 210.16 215.79 221.20 226.38 231.31 235.96 240.32 244.35 248.05 251.39 254.34 256.89 259.02 260.71 261.98 262.83 263.27 263.32 262.99 262.29 261.22 259.81 258.06 255.98 253.58 250.87 247.88 244.59 241.04 237.22 233.15 228.85 224.31 219.55 214.59 209.43 204.09 198.57 192.89 187.16 181.49 175.91 170.46 165.23 160.29 155.62 151.21 147.07 143.17 139.51 136.09 132.90 129.92 127.14 124.57 122.20 120.00 117.99 116.14 114.45 112.91 111.52 110.26 109.13 108.11 107.21 106.41
192.99 198.89 204.67 210.33 215.83 221.17 226.31 231.23 235.92 240.35 244.51 248.36 251.89 255.08 257.91 260.35 262.39 264.00 265.19 265.96 266.34 266.32 265.92 265.15 264.03 262.55 260.74 258.61 256.16 253.40 250.35 247.03 243.43 239.57 235.46 231.12 226.54 221.76 216.76 211.58 206.21 200.67 194.96 189.12 183.22 177.43 171.88 166.62 161.64 156.93 152.49 148.32 144.39 140.71 137.26 134.03 131.03 128.24 125.64 123.25 121.04 119.00 117.14 115.43 113.88 112.48 111.21 110.07 109.05 108.15 107.34
200.18 205.70 211.13 216.44 221.63 226.65 231.51 236.17 240.60 244.80 248.74 252.40 255.76 258.79 261.48 263.80 265.73 267.25 268.35 269.04 269.33 269.23 268.75 267.91 266.71 265.16 263.28 261.08 258.57 255.75 252.64 249.26 245.60 241.69 237.53 233.14 228.52 223.69 218.65 213.42 208.02 202.44 196.71 190.82 184.84 178.97 173.37 168.07 163.05 158.31 153.84 149.63 145.67 141.96 138.48 135.23 132.21 129.39 126.77 124.36 122.12 120.07 118.19 116.47 114.91 113.49 112.21 111.07 110.04 109.13 108.32
207.54 212.67 217.72 222.68 227.53 232.25 236.80 241.18 245.35 249.31 253.03 256.48 259.64 262.50 265.04 267.22 269.04 270.46 271.46 272.05 272.25 272.05 271.49 270.56 269.27 267.64 265.68 263.40 260.81 257.91 254.74 251.28 247.56 243.58 239.36 234.90 230.23 225.34 220.25 214.97 209.51 203.89 198.11 192.22 186.34 180.56 174.94 169.60 164.55 159.77 155.26 151.02 147.03 143.28 139.78 136.50 133.44 130.60 127.96 125.52 123.27 121.20 119.30 117.57 115.99 114.56 113.27 112.11 111.07 110.15 109.34
215.05 219.78 224.45 229.05 233.55 237.93 242.18 246.26 250.17 253.87 257.35 260.58 263.54 266.22 268.59 270.63 272.32 273.62 274.51 275.00 275.08 274.79 274.12 273.08 271.70 269.98 267.92 265.55 262.87 259.89 256.63 253.09 249.29 245.23 240.94 236.41 231.66 226.71 221.55 216.21 210.69 205.01 199.21 193.42 187.72 182.10 176.57 171.21 166.11 161.30 156.75 152.47 148.45 144.67 141.14 137.83 134.75 131.88 129.21 126.75 124.48 122.39 120.47 118.72 117.12 115.68 114.37 113.20 112.16 111.23 110.41
222.72 227.03 231.31 235.53 239.67 243.72 247.64 251.42 255.04 258.47 261.70 264.70 267.45 269.94 272.13 274.01 275.56 276.74 277.50 277.87 277.83 277.42 276.64 275.49 274.00 272.17 270.01 267.53 264.75 261.68 258.32 254.69 250.79 246.65 242.26 237.65 232.82 227.79 222.55 217.14 211.55 205.83 200.13 194.50 188.97 183.51 178.14 172.87 167.75 162.90 158.32 154.00 149.94 146.13 142.56 139.22 136.11 133.21 130.53 128.04 125.74 123.63 121.69 119.92 118.31 116.85 115.53 114.34 113.29 112.35 111.52
230.53 234.42 238.29 242.12 245.90 249.59 253.18 256.64 259.96 263.12 266.08 268.84 271.37 273.65 275.65 277.36 278.76 279.80 280.43 280.66 280.50 279.96 279.04 277.78 276.16 274.21 271.93 269.34 266.45 263.26 259.80 256.06 252.06 247.82 243.33 238.63 233.70 228.57 223.25 217.75 212.11 206.48 200.94 195.48 190.10 184.81 179.60 174.48 169.44 164.57 159.95 155.60 151.50 147.66 144.05 140.68 137.54 134.62 131.90 129.39 127.06 124.93 122.97 121.18 119.55 118.07 116.74 115.54 114.47 113.52 112.68
238.49 241.94 245.39 248.82 252.22 255.54 258.79 261.92 264.94 267.80 270.49 273.00 275.29 277.35 279.15 280.68 281.91 282.80 283.28 283.37 283.06 282.38 281.33 279.93 278.18 276.10 273.69 270.98 267.96 264.65 261.06 257.21 253.10 248.74 244.14 239.33 234.30 229.06 223.64 218.08 212.52 207.05 201.66 196.36 191.14 186.00 180.95 175.98 171.09 166.30 161.66 157.26 153.13 149.25 145.61 142.21 139.04 136.08 133.34 130.80 128.45 126.29 124.31 122.49 120.84 119.35 118.00 116.78 115.70 114.74 113.89
246.59 249.59 252.61 255.63 258.63 261.58 264.46 267.26 269.95 272.51 274.92 277.16 279.20 281.03 282.62 283.96 285.02 285.74 286.06 285.99 285.53 284.70 283.50 281.95 280.05 277.83 275.28 272.43 269.27 265.83 262.11 258.13 253.89 249.40 244.69 239.75 234.60 229.25 223.76 218.27 212.86 207.54 202.30 197.15 192.08 187.10 182.19 177.38 172.64 167.98 163.42 159.00 154.83 150.91 147.24 143.81 140.60 137.61 134.84 132.27 129.89 127.71 125.70 123.87 122.19 120.68 119.31 118.08 116.98 116.00 115.14
254.82 257.36 259.94 262.54 265.13 267.69 270.20 272.65 275.01 277.25 279.37 281.32 283.11 284.69 286.06 287.19 288.06 288.61 288.76 288.52 287.90 286.90 285.54 283.83 281.77 279.39 276.69 273.69 270.38 266.80 262.93 258.81 254.43 249.81 244.96 239.89 234.61 229.18 223.75 218.40 213.14 207.96 202.87 197.87 192.94 188.10 183.35 178.67 174.08 169.57 165.14 160.80 156.60 152.65 148.94 145.47 142.23 139.21 136.40 133.80 131.40 129.19 127.15 125.30 123.60 122.06 120.68 119.43 118.31 117.32 116.45
263.18 265.25 267.37 269.53 271.71 273.87 276.00 278.09 280.10 282.02 283.82 285.49 287.00 288.33 289.46 290.38 291.05 291.41 291.38 290.96 290.15 288.98 287.44 285.56 283.34 280.79 277.93 274.76 271.30 267.55 263.53 259.25 254.72 249.95 244.96 239.74 234.37 228.99 223.70 218.49 213.37 208.34 203.39 198.52 193.74 189.04 184.42 179.89 175.43 171.06 166.77 162.56 158.43 154.45 150.70 147.20 143.92 140.87 138.03 135.40 132.97 130.73 128.67 126.78 125.07 123.51 122.10 120.83 119.70 118.69 117.80
271.67 273.25 274.91 276.62 278.36 280.12 281.86 283.57 285.22 286.80 288.28 289.65 290.87 291.94 292.82 293.51 293.97 294.13 293.90 293.29 292.30 290.93 289.21 287.15 284.74 282.02 278.98 275.63 272.00 268.08 263.90 259.45 254.76 249.83 244.67 239.35 234.02 228.78 223.62 218.55 213.57 208.67 203.85 199.12 194.47 189.91 185.42 181.02 176.70 172.46 168.31 164.23 160.23 156.31 152.54 148.99 145.68 142.59 139.72 137.06 134.60 132.33 130.24 128.33 126.59 125.01 123.58 122.29 121.14 120.11 119.20
280.28 281.37 282.55 283.80 285.10 286.42 287.76 289.08 290.37 291.59 292.74 293.80 294.73 295.51 296.14 296.58 296.81 296.77 296.34 295.52 294.32 292.76 290.84 288.58 285.98 283.07 279.84 276.31 272.49 268.39 264.02 259.40 254.53 249.43 244.16 238.87 233.67 228.56 223.53 218.59 213.74 208.97 204.28 199.68 195.16 190.72 186.37 182.09 177.90 173.79 169.76 165.81 161.94 158.14 154.43 150.86 147.51 144.39 141.48 138.79 136.29 133.99 131.88 129.94 128.17 126.56 125.11 123.80 122.63 121.58 120.66
288.99 289.58 290.27 291.05 291.90 292.79 293.71 294.63 295.53 296.40 297.20 297.93 298.55 299.05 299.40 299.59 299.59 299.32 298.67 297.64 296.22 294.45 292.32 289.85 287.05 283.93 280.50 276.77 272.76 268.47 263.91 259.10 254.05 248.81 243.56 238.40 233.33 228.34 223.44 218.62 213.89 209.25 204.68 200.20 195.81 191.50 187.26 183.11 179.04 175.06 171.15 167.32 163.57 159.89 156.30 152.78 149.41 146.25 143.31 140.58 138.05 135.72 133.57 131.60 129.81 128.18 126.70 125.36 124.17 123.11 122.16
297.64 297.88 298.09 298.38 298.76 299.21 299.69 300.20 300.72 301.21 301.66 302.04 302.34 302.54 302.61 302.53 302.29 301.78 300.90 299.64 298.00 296.00 293.65 290.96 287.95 284.61 280.97 277.03 272.81 268.31 263.55 258.54 253.34 248.13 243.00 237.96 233.00 228.13 223.35 218.65 214.04 209.51 205.07 200.71 196.43 192.24 188.12 184.09 180.14 176.27 172.47 168.76 165.12 161.57 158.09 154.69 151.36 148.18 145.20 142.43 139.87 137.50 135.33 133.33 131.51 129.85 128.34 126.99 125.77 124.68 123.72
306.02 306.12 305.97 305.78 305.68 305.67 305.72 305.80 305.91 306.01 306.10 306.13 306.10 305.99 305.76 305.41 304.90 304.15 303.02 301.52 299.65 297.41 294.83 291.91 288.66 285.10 281.23 277.07 272.63 267.92 262.94 257.77 252.58 247.48 242.47 237.54 232.70 227.95 223.28 218.70 214.20 209.78 205.45 201.21 197.04 192.96 188.95 185.03 181.19 177.43 173.75 170.15 166.62 163.18 159.81 156.51 153.30 150.16 147.16 144.35 141.76 139.36 137.15 135.12 133.27 131.58 130.05 128.66 127.42 126.31 125.33
314.06 314.06 313.77 313.24 312.66 312.18 311.77 311.42 311.11 310.82 310.52 310.19 309.82 309.38 308.84 308.20 307.42 306.41 305.04 303.28 301.15 298.67 295.84 292.68 289.19 285.39 281.29 276.90 272.22 267.28 262.13 256.97 251.89 246.89 241.99 237.17 232.44 227.80 223.24 218.76 214.37 210.06 205.84 201.70 197.64 193.67 189.77 185.96 182.22 178.57 174.99 171.49 168.07 164.73 161.47 158.28 155.17 152.13 149.17 146.34 143.71 141.27 139.03 136.97 135.09 133.37 131.81 130.40 129.13 128.00 126.99
321.74 321.64 321.26 320.59 319.68 318.72 317.85 317.05 316.32 315.61 314.92 314.22 313.49 312.71 311.86 310.91 309.85 308.57 306.93 304.91 302.52 299.78 296.70 293.28 289.54 285.49 281.13 276.49 271.58 266.45 261.30 256.24 251.26 246.37 241.57 236.86 232.23 227.69 223.23 218.86 214.57 210.37 206.25 202.21 198.25 194.38 190.58 186.87 183.23 179.68 176.20 172.81 169.49 166.24 163.08 159.99 156.98 154.04 151.17 148.39 145.73 143.26 140.98 138.88 136.97 135.22 133.63 132.19 130.90 129.74 128.71
329.04 328.86 328.39 327.62 326.58 325.29 323.95 322.70 321.52 320.39 319.29 318.21 317.11 315.98 314.80 313.54 312.18 310.62 308.70 306.40 303.74 300.73 297.38 293.69 289.69 285.37 280.76 275.86 270.75 265.61 260.56 255.59 250.72 245.93 241.23 236.61 232.08 227.64 223.28 219.00 214.81 210.70 206.68 202.74 198.88 195.10 191.40 187.78 184.24 180.78 177.40 174.10 170.87 167.72 164.65 161.66 158.74 155.89 153.12 150.42 147.80 145.30 142.99 140.86 138.91 137.13 135.51 134.04 132.72 131.54 130.48
335.95 335.69 335.13 334.28 333.14 331.72 330.06 328.34 326.71 325.15 323.64 322.16 320.68 319.19 317.66 316.08 314.41 312.56 310.35 307.76 304.82 301.52 297.88 293.92 289.64 285.05 280.17 275.06 269.93 264.88 259.92 255.05 250.27 245.57 240.96 236.44 232.00 227.65 223.38 219.20 215.10 211.09 207.15 203.30 199.53 195.84 192.23 188.70 185.25 181.88 178.59 175.38 172.24 169.18 166.20 163.29 160.46 157.70 155.01 152.40 149.87 147.41 145.07 142.90 140.91 139.10 137.45 135.95 134.60 133.39 132.31
342.45 342.12 341.48 340.55 339.32 337.81 336.01 333.98 331.89 329.89 327.95 326.05 324.19 322.32 320.44 318.52 316.54 314.38 311.86 308.98 305.73 302.14 298.21 293.96 289.39 284.51 279.41 274.27 269.23 264.27 259.40 254.61 249.92 245.31 240.79 236.36 232.01 227.74 223.56 219.46 215.45 211.52 207.67 203.91 200.22 196.62 193.09 189.65 186.28 183.00 179.79 176.66 173.60 170.63 167.73 164.90 162.15 159.47 156.87 154.34 151.89 149.50 147.20 145.00 142.98 141.13 139.45 137.92 136.54 135.30 134.19
