data_output/recharge/precip/Precip_2011_10.asc
ncols        168
nrows        136
xllcorner    455000
yllcorner    2107000
cellsize     500
NODATA_value     -99999
[rows 0 to 33 of 136, columns 75 to 149 of 168]
60.06 60.57 61.07 61.57 62.06 62.53 62.99 63.44 63.88 64.30 64.70 65.09 65.46 65.80 66.13 66.44 66.73 67.03 67.33 67.64 67.94 68.24 68.54 68.84 69.14 69.44 69.73 70.02 70.31 70.59 70.86 71.13 71.40 71.65 71.90 72.13 72.36 72.58 72.77 72.91 72.98 72.99 72.95 72.85 72.70 72.52 72.29 72.03 71.74 71.43 71.09 70.74 70.37 70.00 69.62 69.22 68.78 68.30 67.78 67.21 66.60 65.96 65.28 64.56 63.81 63.03 62.22 61.38 60.51 59.61 58.69 57.75 56.79 55.84 54.90
61.65 62.14 62.63 63.10 63.57 64.02 64.46 64.90 65.31 65.71 66.10 66.47 66.82 67.15 67.46 67.75 68.01 68.27 68.53 68.80 69.06 69.33 69.59 69.86 70.13 70.39 70.66 70.92 71.18 71.43 71.68 71.93 72.17 72.40 72.63 72.85 73.06 73.25 73.38 73.44 73.45 73.40 73.31 73.16 72.98 72.75 72.49 72.21 71.90 71.56 71.22 70.86 70.49 70.12 69.75 69.36 68.94 68.48 67.98 67.45 66.87 66.27 65.63 64.96 64.26 63.53 62.77 61.99 61.19 60.36 59.52 58.65 57.77 56.88 56.00
63.25 63.72 64.18 64.63 65.08 65.51 65.94 66.35 66.74 67.13 67.50 67.85 68.18 68.49 68.79 69.06 69.31 69.54 69.76 69.98 70.20 70.43 70.66 70.89 71.12 71.36 71.59 71.82 72.05 72.27 72.50 72.72 72.93 73.14 73.35 73.55 73.72 73.85 73.90 73.90 73.85 73.74 73.59 73.40 73.18 72.91 72.62 72.31 71.98 71.63 71.27 70.90 70.54 70.17 69.81 69.44 69.04 68.60 68.13 67.62 67.08 66.51 65.92 65.29 64.64 63.97 63.27 62.55 61.82 61.06 60.29 59.50 58.70 57.89 57.08
64.83 65.28 65.72 66.16 66.58 67.00 67.40 67.80 68.17 68.54 68.89 69.22 69.54 69.84 70.11 70.37 70.60 70.82 71.00 71.18 71.37 71.55 71.75 71.94 72.13 72.33 72.53 72.72 72.92 73.12 73.31 73.51 73.69 73.88 74.06 74.22 74.33 74.37 74.36 74.29 74.17 74.01 73.81 73.57 73.30 73.01 72.69 72.35 71.99 71.63 71.26 70.89 70.52 70.16 69.81 69.45 69.07 68.65 68.21 67.73 67.23 66.70 66.15 65.57 64.97 64.35 63.71 63.06 62.39 61.70 61.00 60.30 59.58 58.85 58.12
66.42 66.84 67.26 67.68 68.08 68.48 68.86 69.24 69.60 69.95 70.28 70.60 70.89 71.18 71.44 71.68 71.90 72.09 72.27 72.42 72.56 72.70 72.85 73.00 73.16 73.32 73.48 73.64 73.80 73.97 74.13 74.29 74.45 74.61 74.75 74.84 74.86 74.83 74.74 74.61 74.43 74.21 73.96 73.68 73.37 73.04 72.69 72.32 71.95 71.57 71.19 70.81 70.44 70.09 69.74 69.41 69.04 68.65 68.23 67.79 67.32 66.83 66.32 65.79 65.24 64.68 64.10 63.51 62.90 62.29 61.67 61.04 60.41 59.77 59.13
67.99 68.40 68.80 69.19 69.58 69.95 70.32 70.67 71.02 71.35 71.66 71.96 72.24 72.51 72.75 72.98 73.18 73.37 73.52 73.66 73.77 73.87 73.97 74.08 74.20 74.32 74.44 74.57 74.69 74.82 74.95 75.08 75.21 75.32 75.38 75.38 75.33 75.22 75.06 74.86 74.62 74.35 74.05 73.72 73.37 73.00 72.62 72.23 71.84 71.45 71.06 70.68 70.31 69.96 69.63 69.30 68.96 68.59 68.20 67.79 67.36 66.91 66.44 65.96 65.46 64.95 64.44 63.91 63.37 62.83 62.29 61.74 61.19 60.64 60.09
69.55 69.94 70.32 70.69 71.06 71.42 71.76 72.10 72.43 72.74 73.04 73.32 73.59 73.83 74.06 74.27 74.46 74.63 74.77 74.89 74.99 75.06 75.12 75.19 75.26 75.33 75.42 75.50 75.59 75.69 75.78 75.88 75.95 75.98 75.95 75.87 75.73 75.54 75.32 75.05 74.76 74.43 74.08 73.70 73.31 72.91 72.50 72.09 71.67 71.27 70.87 70.48 70.12 69.77 69.45 69.15 68.83 68.48 68.12 67.74 67.34 66.94 66.51 66.08 65.64 65.19 64.73 64.26 63.80 63.33 62.86 62.39 61.93 61.47 61.01
71.10 71.47 71.83 72.18 72.53 72.87 73.20 73.52 73.83 74.12 74.40 74.67 74.92 75.15 75.36 75.56 75.73 75.89 76.02 76.12 76.20 76.26 76.29 76.31 76.34 76.37 76.41 76.45 76.50 76.56 76.61 76.66 76.65 76.58 76.46 76.29 76.07 75.81 75.51 75.19 74.83 74.45 74.05 73.63 73.20 72.76 72.32 71.89 71.46 71.04 70.63 70.24 69.88 69.54 69.23 68.94 68.64 68.32 67.99 67.64 67.29 66.92 66.54 66.16 65.77 65.37 64.98 64.58 64.18 63.78 63.39 63.01 62.63 62.25 61.89
72.64 72.98 73.32 73.66 73.99 74.31 74.62 74.92 75.21 75.49 75.75 76.00 76.24 76.45 76.65 76.83 76.99 77.13 77.25 77.34 77.41 77.45 77.47 77.46 77.44 77.42 77.42 77.42 77.43 77.44 77.44 77.39 77.28 77.12 76.91 76.65 76.35 76.02 75.66 75.26 74.85 74.41 73.96 73.50 73.03 72.56 72.10 71.64 71.19 70.75 70.34 69.95 69.59 69.26 68.96 68.69 68.41 68.12 67.82 67.50 67.18 66.86 66.52 66.19 65.85 65.52 65.18 64.85 64.52 64.20 63.89 63.58 63.29 63.01 62.74
74.15 74.48 74.80 75.12 75.43 75.73 76.02 76.31 76.58 76.84 77.09 77.32 77.54 77.74 77.93 78.09 78.24 78.36 78.46 78.54 78.60 78.63 78.63 78.61 78.56 78.50 78.45 78.40 78.36 78.31 78.22 78.06 77.86 77.60 77.30 76.96 76.58 76.18 75.74 75.29 74.81 74.32 73.83 73.32 72.82 72.32 71.82 71.34 70.87 70.43 70.00 69.61 69.25 68.93 68.65 68.40 68.14 67.87 67.60 67.32 67.04 66.76 66.47 66.19 65.90 65.63 65.35 65.09 64.83 64.58 64.35 64.13 63.92 63.73 63.55
75.65 75.96 76.26 76.56 76.85 77.13 77.41 77.68 77.93 78.18 78.41 78.63 78.83 79.02 79.18 79.34 79.47 79.58 79.67 79.73 79.78 79.79 79.79 79.75 79.69 79.60 79.50 79.40 79.30 79.15 78.94 78.68 78.38 78.03 77.64 77.22 76.76 76.28 75.78 75.26 74.73 74.19 73.64 73.10 72.56 72.02 71.50 71.00 70.51 70.05 69.63 69.23 68.88 68.57 68.30 68.07 67.83 67.59 67.35 67.10 66.86 66.62 66.38 66.15 65.92 65.70 65.49 65.29 65.11 64.93 64.78 64.64 64.52 64.42 64.34
77.13 77.42 77.70 77.98 78.25 78.52 78.78 79.03 79.27 79.49 79.71 79.91 80.10 80.27 80.42 80.56 80.68 80.78 80.85 80.91 80.94 80.94 80.92 80.88 80.80 80.70 80.56 80.40 80.20 79.93 79.62 79.26 78.85 78.41 77.93 77.43 76.90 76.34 75.78 75.19 74.60 74.01 73.42 72.83 72.25 71.69 71.14 70.61 70.11 69.64 69.21 68.82 68.46 68.16 67.91 67.70 67.48 67.27 67.06 66.85 66.65 66.45 66.26 66.08 65.90 65.75 65.60 65.47 65.35 65.26 65.18 65.12 65.09 65.08 65.10
78.59 78.85 79.12 79.38 79.63 79.88 80.12 80.36 80.58 80.79 80.99 81.17 81.35 81.50 81.64 81.77 81.87 81.95 82.02 82.06 82.08 82.07 82.04 81.98 81.90 81.78 81.62 81.37 81.04 80.67 80.25 79.78 79.28 78.75 78.18 77.59 76.99 76.36 75.73 75.08 74.44 73.79 73.15 72.52 71.91 71.31 70.74 70.19 69.68 69.20 68.76 68.36 68.02 67.72 67.49 67.29 67.10 66.92 66.74 66.57 66.40 66.25 66.11 65.98 65.86 65.76 65.68 65.62 65.57 65.55 65.56 65.58 65.64 65.72 65.83
80.01 80.26 80.51 80.75 80.99 81.22 81.44 81.66 81.87 82.06 82.25 82.42 82.57 82.72 82.84 82.95 83.04 83.11 83.16 83.19 83.20 83.18 83.14 83.07 82.97 82.83 82.60 82.27 81.85 81.36 80.83 80.26 79.66 79.04 78.39 77.72 77.03 76.34 75.64 74.93 74.23 73.53 72.85 72.18 71.53 70.90 70.30 69.74 69.21 68.72 68.27 67.88 67.54 67.25 67.03 66.86 66.70 66.54 66.39 66.26 66.13 66.02 65.93 65.85 65.79 65.75 65.74 65.74 65.77 65.83 65.91 66.03 66.17 66.34 66.55
81.42 81.65 81.88 82.10 82.32 82.53 82.74 82.94 83.13 83.31 83.48 83.63 83.77 83.90 84.01 84.11 84.19 84.25 84.28 84.30 84.29 84.27 84.21 84.13 84.00 83.79 83.48 83.08 82.58 82.01 81.37 80.70 80.01 79.29 78.56 77.80 77.04 76.28 75.51 74.74 73.99 73.24 72.51 71.80 71.12 70.46 69.83 69.25 68.70 68.21 67.76 67.36 67.03 66.76 66.55 66.40 66.26 66.13 66.02 65.92 65.84 65.78 65.73 65.71 65.70 65.73 65.77 65.85 65.95 66.09 66.25 66.45 66.68 66.95 67.26
82.79 83.00 83.21 83.42 83.62 83.82 84.01 84.19 84.36 84.53 84.68 84.82 84.95 85.06 85.16 85.24 85.31 85.35 85.38 85.38 85.37 85.33 85.26 85.15 84.95 84.66 84.27 83.80 83.24 82.59 81.88 81.11 80.32 79.51 78.69 77.86 77.02 76.18 75.35 74.53 73.71 72.92 72.14 71.39 70.67 69.99 69.34 68.73 68.18 67.67 67.22 66.82 66.50 66.24 66.05 65.92 65.80 65.71 65.63 65.57 65.53 65.51 65.51 65.54 65.60 65.68 65.80 65.94 66.12 66.33 66.57 66.86 67.18 67.54 67.95
84.13 84.32 84.52 84.71 84.89 85.07 85.24 85.41 85.57 85.72 85.85 85.98 86.10 86.19 86.28 86.35 86.40 86.43 86.45 86.44 86.41 86.36 86.26 86.08 85.80 85.43 84.97 84.43 83.80 83.10 82.32 81.48 80.59 79.69 78.79 77.88 76.97 76.06 75.16 74.28 73.41 72.57 71.75 70.96 70.20 69.49 68.82 68.20 67.62 67.11 66.65 66.26 65.94 65.69 65.52 65.41 65.33 65.26 65.22 65.19 65.19 65.22 65.28 65.36 65.48 65.62 65.80 66.02 66.27 66.56 66.89 67.26 67.67 68.13 68.63
85.44 85.61 85.79 85.96 86.13 86.29 86.45 86.60 86.74 86.87 87.00 87.11 87.21 87.30 87.37 87.42 87.46 87.48 87.48 87.47 87.43 87.34 87.17 86.91 86.55 86.11 85.58 84.97 84.28 83.52 82.69 81.79 80.84 79.85 78.86 77.87 76.88 75.91 74.95 74.00 73.08 72.19 71.33 70.50 69.71 68.97 68.28 67.64 67.05 66.53 66.07 65.68 65.37 65.13 64.98 64.90 64.84 64.80 64.79 64.81 64.85 64.92 65.03 65.17 65.34 65.55 65.80 66.08 66.41 66.78 67.19 67.65 68.15 68.70 69.31
86.71 86.87 87.03 87.18 87.33 87.48 87.62 87.75 87.88 88.00 88.11 88.21 88.29 88.36 88.42 88.46 88.49 88.50 88.49 88.46 88.39 88.23 87.98 87.63 87.20 86.68 86.09 85.41 84.67 83.85 82.97 82.03 81.03 79.98 78.91 77.84 76.78 75.73 74.71 73.71 72.73 71.79 70.89 70.02 69.20 68.43 67.72 67.06 66.46 65.93 65.47 65.09 64.78 64.56 64.43 64.36 64.33 64.33 64.35 64.41 64.49 64.62 64.77 64.97 65.20 65.47 65.79 66.15 66.55 67.00 67.49 68.04 68.63 69.28 69.98
87.95 88.09 88.23 88.36 88.50 88.63 88.75 88.87 88.98 89.09 89.18 89.27 89.34 89.40 89.44 89.47 89.49 89.48 89.46 89.40 89.25 89.01 88.68 88.26 87.75 87.17 86.50 85.77 84.97 84.10 83.17 82.19 81.15 80.06 78.93 77.78 76.65 75.54 74.45 73.39 72.37 71.38 70.43 69.53 68.68 67.88 67.14 66.46 65.86 65.32 64.86 64.48 64.18 63.98 63.86 63.82 63.82 63.84 63.90 64.00 64.13 64.30 64.51 64.76 65.05 65.39 65.77 66.20 66.68 67.21 67.79 68.42 69.11 69.85 70.65
89.14 89.26 89.39 89.51 89.62 89.74 89.85 89.95 90.05 90.14 90.22 90.29 90.35 90.39 90.43 90.44 90.45 90.43 90.38 90.24 90.00 89.68 89.27 88.77 88.20 87.55 86.82 86.03 85.18 84.26 83.29 82.26 81.19 80.07 78.90 77.71 76.51 75.33 74.18 73.06 71.98 70.95 69.96 69.02 68.14 67.31 66.55 65.86 65.24 64.70 64.24 63.86 63.57 63.38 63.29 63.27 63.30 63.36 63.45 63.59 63.77 63.98 64.25 64.55 64.91 65.31 65.76 66.26 66.82 67.42 68.09 68.81 69.59 70.43 71.32
90.30 90.40 90.50 90.61 90.71 90.81 90.90 90.99 91.07 91.15 91.22 91.27 91.32 91.35 91.37 91.38 91.37 91.32 91.19 90.96 90.64 90.24 89.75 89.19 88.54 87.83 87.05 86.20 85.30 84.34 83.32 82.26 81.15 80.00 78.81 77.59 76.34 75.10 73.89 72.72 71.59 70.51 69.47 68.50 67.59 66.74 65.96 65.25 64.62 64.07 63.61 63.24 62.96 62.78 62.71 62.72 62.77 62.87 63.00 63.18 63.40 63.67 63.98 64.35 64.76 65.23 65.75 66.32 66.96 67.65 68.39 69.21 70.08 71.00 71.93
91.40 91.49 91.58 91.67 91.75 91.84 91.92 91.99 92.06 92.12 92.17 92.21 92.25 92.27 92.27 92.27 92.22 92.10 91.88 91.57 91.17 90.69 90.13 89.49 88.79 88.02 87.18 86.28 85.33 84.32 83.27 82.17 81.03 79.86 78.65 77.41 76.14 74.86 73.59 72.36 71.18 70.06 68.98 67.97 67.03 66.16 65.35 64.63 63.99 63.44 62.98 62.61 62.35 62.19 62.13 62.17 62.25 62.38 62.55 62.77 63.03 63.35 63.72 64.14 64.62 65.15 65.74 66.39 67.10 67.87 68.71 69.61 70.56 71.52 72.48
92.47 92.54 92.61 92.68 92.75 92.82 92.88 92.94 93.00 93.04 93.08 93.11 93.13 93.14 93.13 93.09 92.97 92.75 92.45 92.05 91.58 91.03 90.40 89.70 88.93 88.10 87.21 86.27 85.27 84.22 83.13 82.00 80.84 79.64 78.41 77.16 75.88 74.59 73.29 72.00 70.77 69.60 68.49 67.44 66.47 65.57 64.75 64.01 63.37 62.81 62.35 61.99 61.73 61.59 61.56 61.62 61.73 61.89 62.10 62.36 62.68 63.04 63.47 63.95 64.49 65.09 65.75 66.47 67.26 68.11 69.03 70.01 71.00 71.98 72.96
93.48 93.54 93.59 93.65 93.70 93.75 93.80 93.85 93.89 93.92 93.95 93.96 93.97 93.96 93.93 93.80 93.59 93.29 92.90 92.43 91.88 91.25 90.56 89.79 88.97 88.09 87.15 86.15 85.12 84.03 82.91 81.75 80.56 79.34 78.10 76.83 75.55 74.25 72.95 71.64 70.36 69.14 67.99 66.91 65.91 64.99 64.15 63.40 62.74 62.18 61.72 61.37 61.13 61.00 60.99 61.07 61.22 61.41 61.66 61.97 62.33 62.75 63.23 63.76 64.37 65.03 65.76 66.56 67.43 68.37 69.36 70.37 71.38 72.38 73.38
94.45 94.49 94.53 94.56 94.60 94.64 94.68 94.71 94.73 94.75 94.76 94.77 94.76 94.72 94.60 94.39 94.08 93.70 93.23 92.68 92.06 91.36 90.61 89.78 88.90 87.97 86.98 85.95 84.87 83.76 82.60 81.42 80.21 78.97 77.71 76.44 75.15 73.85 72.55 71.25 69.95 68.69 67.50 66.39 65.36 64.41 63.55 62.79 62.12 61.56 61.10 60.76 60.52 60.41 60.43 60.54 60.72 60.95 61.24 61.58 61.99 62.46 63.00 63.60 64.26 64.99 65.80 66.67 67.62 68.62 69.65 70.68 71.70 72.73 73.75
95.36 95.38 95.41 95.43 95.45 95.48 95.50 95.51 95.53 95.53 95.53 95.52 95.48 95.36 95.14 94.84 94.45 93.98 93.43 92.81 92.12 91.36 90.55 89.67 88.74 87.75 86.72 85.65 84.54 83.39 82.21 81.00 79.77 78.52 77.25 75.97 74.68 73.38 72.09 70.80 69.51 68.24 67.01 65.87 64.81 63.84 62.96 62.19 61.51 60.95 60.49 60.15 59.94 59.84 59.88 60.02 60.23 60.50 60.82 61.22 61.67 62.19 62.78 63.44 64.17 64.97 65.85 66.80 67.81 68.85 69.89 70.93 71.97 73.01 74.05
96.22 96.23 96.23 96.24 96.25 96.26 96.27 96.27 96.27 96.26 96.24 96.20 96.07 95.86 95.55 95.16 94.69 94.14 93.52 92.83 92.07 91.25 90.38 89.44 88.46 87.43 86.36 85.25 84.11 82.93 81.73 80.50 79.25 77.99 76.71 75.43 74.14 72.85 71.57 70.29 69.02 67.76 66.53 65.36 64.27 63.28 62.38 61.59 60.91 60.35 59.90 59.57 59.36 59.29 59.35 59.52 59.76 60.06 60.43 60.87 61.37 61.95 62.59 63.31 64.11 64.98 65.92 66.94 67.97 69.02 70.07 71.13 72.19 73.24 74.30
97.02 97.01 97.00 97.00 96.99 96.99 96.98 96.97 96.95 96.93 96.88 96.75 96.53 96.22 95.83 95.35 94.80 94.18 93.48 92.72 91.90 91.03 90.09 89.11 88.08 87.01 85.91 84.76 83.59 82.39 81.16 79.92 78.65 77.38 76.10 74.82 73.53 72.25 70.98 69.71 68.47 67.24 66.03 64.85 63.74 62.73 61.82 61.02 60.33 59.76 59.32 59.00 58.81 58.75 58.83 59.03 59.31 59.65 60.06 60.54 61.09 61.72 62.43 63.21 64.07 65.00 66.01 67.05 68.09 69.15 70.21 71.28 72.35 73.42 74.49
97.77 97.74 97.72 97.70 97.68 97.66 97.63 97.61 97.58 97.52 97.39 97.16 96.85 96.45 95.97 95.41 94.78 94.09 93.32 92.50 91.62 90.69 89.70 88.67 87.60 86.49 85.35 84.17 82.97 81.75 80.50 79.24 77.97 76.70 75.41 74.13 72.86 71.58 70.33 69.08 67.86 66.66 65.48 64.34 63.23 62.20 61.27 60.46 59.77 59.20 58.76 58.45 58.27 58.23 58.34 58.57 58.88 59.26 59.71 60.24 60.84 61.52 62.28 63.13 64.05 65.05 66.07 67.12 68.17 69.23 70.31 71.38 72.46 73.55 74.62
98.45 98.41 98.37 98.33 98.30 98.27 98.23 98.19 98.13 97.98 97.75 97.43 97.02 96.53 95.97 95.34 94.64 93.87 93.04 92.16 91.22 90.23 89.20 88.12 87.01 85.87 84.69 83.49 82.26 81.02 79.76 78.49 77.21 75.93 74.65 73.37 72.11 70.85 69.61 68.39 67.19 66.02 64.88 63.77 62.71 61.69 60.75 59.93 59.23 58.66 58.22 57.92 57.76 57.74 57.88 58.14 58.48 58.90 59.39 59.96 60.62 61.35 62.17 63.08 64.06 65.07 66.10 67.15 68.21 69.28 70.36 71.44 72.53 73.62 74.71
99.07 99.01 98.96 98.91 98.86 98.81 98.76 98.69 98.54 98.29 97.96 97.55 97.05 96.48 95.84 95.13 94.36 93.53 92.63 91.69 90.70 89.66 88.58 87.47 86.32 85.14 83.93 82.70 81.46 80.20 78.93 77.65 76.37 75.09 73.81 72.54 71.29 70.05 68.83 67.63 66.46 65.32 64.22 63.16 62.14 61.16 60.24 59.42 58.71 58.14 57.71 57.42 57.28 57.28 57.44 57.73 58.11 58.57 59.10 59.72 60.43 61.22 62.10 63.05 64.04 65.06 66.09 67.14 68.20 69.28 70.36 71.45 72.55 73.65 74.75
99.63 99.56 99.49 99.42 99.36 99.30 99.21 99.05 98.79 98.45 98.03 97.52 96.94 96.29 95.58 94.79 93.95 93.05 92.10 91.10 90.06 88.98 87.86 86.70 85.52 84.31 83.07 81.82 80.56 79.29 78.00 76.72 75.44 74.16 72.89 71.63 70.39 69.17 67.98 66.81 65.67 64.57 63.51 62.49 61.52 60.60 59.73 58.93 58.23 57.66 57.23 56.95 56.83 56.85 57.04 57.36 57.77 58.27 58.85 59.52 60.27 61.12 62.04 63.01 64.00 65.01 66.05 67.10 68.16 69.24 70.33 71.42 72.53 73.63 74.74
100.12 100.03 99.95 99.87 99.79 99.69 99.51 99.25 98.89 98.46 97.94 97.35 96.69 95.96 95.17 94.32 93.41 92.46 91.45 90.40 89.30 88.18 87.01 85.82 84.61 83.37 82.11 80.84 79.57 78.28 76.99 75.71 74.43 73.15 71.89 70.65 69.43 68.23 67.06 65.93 64.83 63.76 62.75 61.78 60.86 59.99 59.19 58.44 57.77 57.21 56.79 56.52 56.41 56.46 56.67 57.03 57.47 58.01 58.63 59.35 60.16 61.05 61.98 62.94 63.93 64.94 65.97 67.02 68.09 69.16 70.25 71.35 72.46 73.57 74.68
