data_output/recharge/precip/Precip_2007_08.asc
ncols        168
nrows        136
xllcorner    455000
yllcorner    2107000
cellsize     500
NODATA_value     -99999
[rows 34 to 67 of 136, columns 76 to 151 of 168]
135.97 136.32 136.67 137.00 137.26 137.45 137.56 137.60 137.58 137.49 137.35 137.16 136.93 136.65 136.35 136.01 135.64 135.26 134.86 134.45 134.04 133.63 133.22 132.83 132.45 132.09 131.75 131.45 131.18 130.96 130.78 130.65 130.53 130.36 130.11 129.79 129.41 128.97 128.48 127.94 127.36 126.75 126.11 125.45 124.64 123.45 121.87 119.98 117.82 115.47 112.97 110.39 107.79 105.23 102.76 100.44 98.27 96.17 94.16 92.25 90.45 88.78 87.26 85.91 84.74 83.77 83.01 82.50 82.23 82.23 82.52 83.11 84.03 85.28 86.88 88.86
136.04 136.37 136.68 136.92 137.09 137.18 137.20 137.15 137.04 136.88 136.67 136.41 136.12 135.79 135.43 135.04 134.64 134.22 133.79 133.35 132.92 132.49 132.07 131.67 131.29 130.93 130.61 130.32 130.07 129.86 129.71 129.61 129.58 129.57 129.51 129.38 129.18 128.93 128.63 128.29 127.90 127.49 127.04 126.58 125.97 124.96 123.58 121.88 119.92 117.76 115.46 113.07 110.66 108.29 106.00 103.81 101.67 99.57 97.54 95.58 93.73 91.99 90.38 88.92 87.62 86.52 85.61 84.92 84.46 84.26 84.32 84.68 85.33 86.31 87.62 89.29
136.10 136.39 136.61 136.74 136.81 136.80 136.73 136.60 136.41 136.17 135.89 135.57 135.21 134.83 134.41 133.98 133.54 133.08 132.62 132.16 131.71 131.26 130.84 130.43 130.05 129.69 129.38 129.10 128.87 128.70 128.57 128.51 128.52 128.59 128.70 128.77 128.77 128.72 128.62 128.47 128.29 128.08 127.84 127.58 127.17 126.37 125.20 123.70 121.94 119.98 117.88 115.69 113.48 111.30 109.16 107.03 104.92 102.83 100.80 98.82 96.93 95.13 93.45 91.91 90.51 89.28 88.23 87.39 86.76 86.37 86.23 86.36 86.78 87.50 88.54 89.92
136.12 136.31 136.42 136.46 136.42 136.32 136.16 135.94 135.68 135.37 135.01 134.63 134.21 133.77 133.31 132.84 132.35 131.86 131.37 130.89 130.41 129.96 129.52 129.11 128.72 128.38 128.07 127.82 127.61 127.45 127.36 127.34 127.38 127.50 127.71 127.95 128.16 128.32 128.42 128.49 128.52 128.51 128.48 128.44 128.24 127.66 126.69 125.41 123.86 122.11 120.22 118.24 116.23 114.22 112.17 110.11 108.04 105.99 103.97 101.99 100.08 98.25 96.51 94.90 93.42 92.08 90.92 89.94 89.16 88.59 88.27 88.20 88.39 88.88 89.67 90.78
136.06 136.13 136.14 136.07 135.93 135.74 135.49 135.19 134.85 134.46 134.04 133.59 133.12 132.63 132.12 131.60 131.08 130.55 130.04 129.53 129.04 128.57 128.12 127.71 127.33 126.99 126.70 126.45 126.27 126.14 126.08 126.10 126.18 126.35 126.61 126.95 127.35 127.72 128.04 128.33 128.57 128.79 128.98 129.15 129.18 128.82 128.07 127.01 125.68 124.14 122.47 120.70 118.88 116.99 115.05 113.07 111.07 109.07 107.08 105.12 103.20 101.36 99.59 97.92 96.37 94.96 93.69 92.59 91.68 90.96 90.47 90.21 90.21 90.47 91.03 91.89
135.89 135.85 135.75 135.58 135.34 135.06 134.72 134.34 133.92 133.46 132.98 132.47 131.94 131.39 130.84 130.28 129.72 129.16 128.62 128.09 127.58 127.10 126.65 126.23 125.85 125.52 125.25 125.02 124.86 124.76 124.74 124.79 124.92 125.14 125.44 125.85 126.35 126.92 127.47 127.98 128.45 128.89 129.31 129.71 129.97 129.84 129.32 128.48 127.38 126.07 124.62 123.06 121.40 119.65 117.82 115.95 114.03 112.09 110.15 108.23 106.33 104.49 102.71 101.01 99.41 97.92 96.58 95.38 94.35 93.50 92.86 92.43 92.25 92.31 92.65 93.28
135.61 135.46 135.25 134.98 134.66 134.28 133.86 133.40 132.90 132.37 131.82 131.25 130.66 130.07 129.47 128.87 128.27 127.69 127.12 126.57 126.05 125.55 125.10 124.68 124.31 123.99 123.72 123.52 123.38 123.32 123.32 123.41 123.59 123.86 124.22 124.69 125.26 125.94 126.69 127.43 128.14 128.82 129.47 130.11 130.61 130.71 130.44 129.83 128.97 127.89 126.66 125.29 123.80 122.20 120.52 118.76 116.95 115.10 113.23 111.36 109.50 107.67 105.89 104.18 102.55 101.02 99.61 98.33 97.20 96.24 95.46 94.89 94.54 94.43 94.57 94.98
135.23 134.98 134.66 134.29 133.87 133.41 132.90 132.36 131.79 131.19 130.58 129.95 129.31 128.66 128.02 127.38 126.75 126.13 125.54 124.97 124.43 123.93 123.47 123.05 122.69 122.38 122.13 121.95 121.84 121.80 121.85 121.98 122.20 122.52 122.94 123.46 124.10 124.85 125.73 126.68 127.63 128.56 129.46 130.34 131.09 131.44 131.40 131.04 130.42 129.59 128.58 127.42 126.12 124.69 123.16 121.54 119.85 118.11 116.33 114.52 112.72 110.93 109.18 107.47 105.83 104.27 102.81 101.47 100.26 99.20 98.32 97.61 97.12 96.84 96.80 97.01
134.75 134.39 133.97 133.50 132.99 132.44 131.85 131.23 130.58 129.92 129.24 128.55 127.86 127.17 126.48 125.80 125.14 124.50 123.88 123.30 122.75 122.24 121.77 121.36 121.00 120.70 120.47 120.31 120.23 120.23 120.31 120.48 120.75 121.12 121.60 122.19 122.89 123.72 124.67 125.75 126.92 128.10 129.25 130.40 131.39 132.00 132.22 132.11 131.75 131.17 130.41 129.47 128.37 127.14 125.78 124.32 122.77 121.15 119.47 117.76 116.03 114.30 112.58 110.90 109.26 107.69 106.21 104.82 103.55 102.42 101.44 100.63 100.00 99.58 99.38 99.41
134.18 133.71 133.19 132.62 132.01 131.37 130.70 130.01 129.29 128.56 127.82 127.08 126.33 125.59 124.86 124.15 123.46 122.79 122.15 121.55 120.99 120.47 120.00 119.59 119.24 118.96 118.75 118.61 118.56 118.59 118.71 118.93 119.24 119.67 120.20 120.86 121.63 122.53 123.56 124.73 126.03 127.44 128.86 130.26 131.52 132.39 132.87 133.04 132.97 132.67 132.16 131.47 130.60 129.57 128.41 127.12 125.73 124.25 122.70 121.10 119.46 117.80 116.15 114.50 112.89 111.33 109.83 108.42 107.11 105.92 104.86 103.96 103.22 102.68 102.33 102.21
133.50 132.92 132.30 131.64 130.95 130.22 129.47 128.70 127.91 127.12 126.32 125.52 124.72 123.94 123.17 122.42 121.69 121.00 120.34 119.72 119.15 118.63 118.17 117.76 117.42 117.15 116.96 116.85 116.82 116.89 117.05 117.31 117.68 118.16 118.75 119.47 120.31 121.29 122.40 123.65 125.05 126.60 128.26 129.93 131.46 132.60 133.38 133.88 134.11 134.11 133.88 133.44 132.82 132.02 131.07 129.97 128.76 127.44 126.04 124.56 123.03 121.47 119.89 118.30 116.74 115.20 113.72 112.30 110.96 109.73 108.62 107.64 106.81 106.16 105.69 105.42
132.73 132.05 131.33 130.58 129.79 128.98 128.15 127.30 126.45 125.59 124.73 123.88 123.03 122.20 121.39 120.61 119.86 119.14 118.46 117.83 117.25 116.72 116.26 115.86 115.53 115.28 115.11 115.02 115.03 115.13 115.33 115.64 116.06 116.60 117.25 118.04 118.95 120.00 121.19 122.53 124.02 125.67 127.47 129.40 131.21 132.67 133.80 134.64 135.21 135.52 135.58 135.43 135.06 134.51 133.79 132.91 131.89 130.75 129.51 128.18 126.78 125.33 123.84 122.33 120.83 119.34 117.88 116.47 115.13 113.88 112.73 111.69 110.79 110.05 109.48 109.09
131.85 131.07 130.25 129.41 128.53 127.64 126.73 125.81 124.89 123.97 123.05 122.15 121.25 120.38 119.54 118.72 117.94 117.20 116.51 115.86 115.27 114.75 114.29 113.89 113.58 113.34 113.20 113.14 113.18 113.32 113.56 113.92 114.39 114.98 115.70 116.55 117.54 118.67 119.94 121.37 122.95 124.70 126.61 128.69 130.79 132.63 134.15 135.35 136.27 136.91 137.29 137.43 137.35 137.06 136.58 135.93 135.13 134.18 133.12 131.96 130.70 129.38 128.01 126.60 125.17 123.75 122.34 120.96 119.63 118.37 117.20 116.13 115.18 114.36 113.70 113.21
130.73 129.85 128.94 128.01 127.05 126.08 125.11 124.12 123.14 122.16 121.19 120.24 119.30 118.40 117.52 116.68 115.88 115.12 114.42 113.77 113.18 112.65 112.20 111.82 111.53 111.32 111.20 111.17 111.25 111.43 111.73 112.14 112.67 113.33 114.12 115.04 116.11 117.32 118.69 120.21 121.89 123.74 125.76 127.92 130.18 132.37 134.28 135.86 137.14 138.13 138.84 139.29 139.50 139.50 139.28 138.88 138.30 137.57 136.70 135.72 134.63 133.45 132.21 130.91 129.58 128.23 126.88 125.55 124.25 123.00 121.82 120.73 119.74 118.87 118.13 117.55
129.25 128.29 127.30 126.29 125.26 124.23 123.19 122.15 121.11 120.09 119.08 118.09 117.12 116.19 115.29 114.43 113.62 112.86 112.15 111.51 110.93 110.42 109.98 109.63 109.36 109.19 109.11 109.13 109.25 109.49 109.85 110.32 110.92 111.65 112.52 113.53 114.69 115.99 117.46 119.08 120.87 122.83 124.94 127.16 129.47 131.80 134.06 136.04 137.69 139.03 140.09 140.87 141.39 141.67 141.73 141.59 141.26 140.75 140.09 139.30 138.38 137.36 136.26 135.09 133.86 132.61 131.33 130.06 128.80 127.58 126.40 125.30 124.28 123.37 122.58 121.92
127.44 126.40 125.34 124.26 123.18 122.08 120.99 119.91 118.83 117.77 116.73 115.71 114.73 113.78 112.87 112.01 111.19 110.44 109.74 109.11 108.55 108.06 107.66 107.34 107.11 106.98 106.95 107.02 107.21 107.51 107.93 108.48 109.16 109.98 110.93 112.04 113.29 114.70 116.28 118.02 119.93 121.98 124.14 126.41 128.76 131.14 133.54 135.86 137.90 139.61 141.02 142.14 142.99 143.57 143.92 144.05 143.97 143.70 143.27 142.68 141.95 141.10 140.15 139.12 138.01 136.86 135.67 134.47 133.26 132.08 130.93 129.83 128.80 127.85 127.01 126.29
125.31 124.20 123.08 121.95 120.81 119.68 118.54 117.42 116.32 115.23 114.17 113.14 112.14 111.19 110.28 109.42 108.61 107.87 107.19 106.58 106.05 105.60 105.23 104.96 104.78 104.70 104.73 104.87 105.13 105.50 106.01 106.64 107.41 108.32 109.38 110.58 111.95 113.48 115.17 117.03 119.03 121.14 123.35 125.66 128.04 130.47 132.92 135.38 137.76 139.86 141.64 143.11 144.28 145.19 145.84 146.25 146.44 146.42 146.22 145.85 145.32 144.65 143.87 142.99 142.02 140.98 139.89 138.77 137.64 136.50 135.38 134.30 133.27 132.30 131.43 130.66
122.88 121.72 120.55 119.37 118.19 117.02 115.86 114.71 113.58 112.48 111.41 110.37 109.38 108.42 107.52 106.68 105.89 105.18 104.53 103.95 103.46 103.06 102.74 102.52 102.40 102.39 102.49 102.70 103.03 103.49 104.09 104.81 105.68 106.70 107.87 109.19 110.67 112.32 114.14 116.11 118.16 120.32 122.56 124.91 127.34 129.80 132.29 134.80 137.33 139.76 141.92 143.75 145.27 146.51 147.47 148.18 148.65 148.90 148.94 148.80 148.48 148.02 147.41 146.69 145.87 144.96 143.98 142.96 141.90 140.83 139.75 138.70 137.68 136.72 135.82 135.01
120.18 118.97 117.76 116.54 115.34 114.14 112.95 111.79 110.65 109.55 108.47 107.44 106.45 105.52 104.64 103.82 103.06 102.38 101.77 101.24 100.80 100.45 100.19 100.03 99.99 100.05 100.22 100.52 100.95 101.50 102.19 103.03 104.01 105.14 106.42 107.87 109.49 111.27 113.19 115.21 117.31 119.50 121.78 124.17 126.63 129.13 131.67 134.22 136.79 139.37 141.85 144.06 145.95 147.53 148.82 149.83 150.59 151.12 151.42 151.52 151.43 151.17 150.76 150.22 149.55 148.79 147.94 147.02 146.05 145.05 144.04 143.03 142.03 141.08 140.17 139.33
117.22 115.97 114.73 113.49 112.26 111.05 109.85 108.69 107.55 106.44 105.38 104.36 103.40 102.49 101.63 100.85 100.13 99.49 98.93 98.46 98.08 97.79 97.61 97.53 97.56 97.70 97.97 98.36 98.89 99.55 100.35 101.30 102.40 103.65 105.07 106.65 108.40 110.29 112.27 114.33 116.47 118.70 121.02 123.43 125.93 128.47 131.04 133.63 136.24 138.87 141.50 144.03 146.29 148.23 149.85 151.19 152.26 153.07 153.65 154.00 154.15 154.12 153.91 153.55 153.06 152.45 151.74 150.94 150.08 149.17 148.23 147.27 146.31 145.37 144.47 143.63
114.02 112.75 111.48 110.23 108.99 107.77 106.58 105.41 104.28 103.20 102.15 101.16 100.22 99.35 98.54 97.79 97.13 96.54 96.05 95.64 95.32 95.11 95.01 95.01 95.13 95.37 95.74 96.24 96.87 97.65 98.57 99.64 100.87 102.26 103.82 105.55 107.41 109.35 111.37 113.46 115.64 117.91 120.26 122.71 125.24 127.81 130.41 133.05 135.70 138.36 141.04 143.72 146.30 148.60 150.58 152.25 153.64 154.75 155.61 156.24 156.64 156.84 156.85 156.69 156.38 155.94 155.38 154.72 153.97 153.16 152.30 151.41 150.51 149.60 148.72 147.87
110.60 109.31 108.04 106.78 105.54 104.32 103.14 101.99 100.88 99.82 98.81 97.85 96.95 96.12 95.36 94.67 94.07 93.55 93.12 92.79 92.55 92.43 92.41 92.51 92.73 93.08 93.56 94.17 94.92 95.83 96.88 98.09 99.46 100.99 102.70 104.53 106.45 108.43 110.49 112.62 114.83 117.13 119.52 121.99 124.55 127.15 129.79 132.46 135.15 137.85 140.57 143.30 146.02 148.64 150.98 153.01 154.72 156.15 157.31 158.21 158.88 159.32 159.57 159.62 159.51 159.25 158.85 158.34 157.72 157.03 156.26 155.45 154.61 153.75 152.90 152.06
107.04 105.69 104.41 103.16 101.93 100.73 99.57 98.44 97.36 96.34 95.36 94.45 93.60 92.83 92.13 91.50 90.97 90.53 90.18 89.93 89.79 89.76 89.84 90.04 90.38 90.84 91.44 92.18 93.06 94.10 95.29 96.64 98.16 99.85 101.67 103.56 105.52 107.54 109.63 111.80 114.04 116.37 118.79 121.29 123.88 126.51 129.18 131.87 134.60 137.34 140.10 142.87 145.63 148.39 151.06 153.44 155.50 157.25 158.72 159.92 160.86 161.57 162.05 162.34 162.43 162.36 162.14 161.79 161.32 160.75 160.09 159.37 158.61 157.81 157.00 156.19
103.49 101.96 100.63 99.39 98.18 97.00 95.87 94.78 93.74 92.76 91.84 90.98 90.20 89.48 88.85 88.31 87.85 87.50 87.24 87.08 87.04 87.12 87.31 87.63 88.08 88.67 89.40 90.27 91.30 92.48 93.83 95.34 97.01 98.82 100.69 102.62 104.61 106.67 108.80 111.00 113.27 115.63 118.07 120.60 123.21 125.87 128.56 131.29 134.05 136.83 139.62 142.43 145.24 148.05 150.84 153.54 155.96 158.05 159.84 161.34 162.58 163.56 164.30 164.82 165.14 165.28 165.25 165.06 164.75 164.32 163.78 163.17 162.49 161.76 161.01 160.24
99.99 98.26 96.77 95.49 94.31 93.17 92.08 91.03 90.05 89.12 88.26 87.47 86.75 86.11 85.56 85.10 84.74 84.48 84.32 84.27 84.34 84.53 84.85 85.29 85.88 86.60 87.47 88.49 89.66 91.00 92.51 94.18 95.98 97.84 99.75 101.72 103.74 105.83 107.99 110.22 112.53 114.91 117.37 119.93 122.56 125.24 127.96 130.72 133.50 136.32 139.15 141.99 144.84 147.69 150.53 153.36 156.09 158.54 160.66 162.48 164.02 165.28 166.29 167.07 167.62 167.98 168.15 168.15 168.00 167.72 167.33 166.83 166.25 165.61 164.92 164.20
96.57 94.64 92.96 91.54 90.34 89.25 88.20 87.22 86.29 85.43 84.64 83.92 83.28 82.73 82.27 81.91 81.65 81.49 81.44 81.51 81.70 82.02 82.46 83.05 83.77 84.64 85.66 86.83 88.17 89.68 91.35 93.14 95.00 96.89 98.84 100.85 102.91 105.03 107.21 109.47 111.80 114.21 116.69 119.27 121.92 124.62 127.36 130.15 132.96 135.80 138.67 141.54 144.43 147.32 150.20 153.08 155.94 158.70 161.17 163.32 165.17 166.74 168.03 169.07 169.87 170.46 170.84 171.04 171.08 170.96 170.71 170.35 169.88 169.34 168.73 168.07
93.24 91.13 89.28 87.68 86.35 85.25 84.27 83.35 82.49 81.70 80.99 80.36 79.82 79.37 79.01 78.75 78.60 78.55 78.63 78.82 79.14 79.60 80.18 80.91 81.79 82.81 83.99 85.33 86.84 88.52 90.32 92.17 94.06 95.99 97.97 100.01 102.10 104.25 106.46 108.75 111.10 113.53 116.03 118.62 121.29 124.01 126.78 129.58 132.42 135.29 138.19 141.10 144.02 146.94 149.87 152.79 155.70 158.58 161.36 163.86 166.03 167.91 169.49 170.81 171.88 172.71 173.32 173.73 173.96 174.02 173.93 173.71 173.37 172.93 172.42 171.84
90.01 87.73 85.72 83.96 82.48 81.27 80.29 79.45 78.67 77.97 77.35 76.82 76.37 76.03 75.78 75.64 75.61 75.69 75.89 76.23 76.69 77.28 78.02 78.91 79.94 81.13 82.49 84.01 85.69 87.50 89.35 91.24 93.16 95.13 97.15 99.21 101.33 103.51 105.74 108.05 110.42 112.87 115.39 118.00 120.68 123.42 126.20 129.03 131.89 134.79 137.71 140.65 143.60 146.56 149.52 152.48 155.43 158.36 161.27 164.07 166.59 168.78 170.68 172.29 173.62 174.71 175.56 176.20 176.63 176.88 176.96 176.90 176.70 176.39 175.98 175.49
86.89 84.47 82.30 80.40 78.78 77.43 76.36 75.54 74.85 74.25 73.73 73.30 72.97 72.74 72.61 72.59 72.69 72.91 73.26 73.74 74.35 75.11 76.01 77.06 78.26 79.63 81.16 82.87 84.68 86.54 88.43 90.36 92.32 94.32 96.36 98.45 100.60 102.80 105.06 107.38 109.77 112.24 114.77 117.39 120.09 122.84 125.64 128.48 131.37 134.29 137.23 140.20 143.18 146.17 149.17 152.17 155.15 158.13 161.09 164.01 166.83 169.36 171.57 173.48 175.11 176.46 177.57 178.44 179.09 179.54 179.81 179.92 179.87 179.70 179.41 179.02
83.91 81.35 79.05 77.02 75.26 73.78 72.59 71.69 71.05 70.55 70.14 69.83 69.62 69.52 69.52 69.64 69.88 70.25 70.75 71.38 72.16 73.08 74.15 75.37 76.76 78.32 80.04 81.87 83.75 85.65 87.57 89.52 91.51 93.54 95.61 97.73 99.90 102.12 104.40 106.74 109.15 111.63 114.18 116.81 119.51 122.27 125.09 127.95 130.85 133.79 136.76 139.75 142.76 145.79 148.81 151.84 154.87 157.88 160.88 163.85 166.80 169.62 172.17 174.39 176.32 177.96 179.33 180.44 181.33 182.00 182.47 182.75 182.87 182.84 182.68 182.41
81.06 78.38 75.96 73.81 71.94 70.36 69.06 68.05 67.35 66.91 66.62 66.43 66.35 66.38 66.53 66.80 67.19 67.71 68.37 69.17 70.12 71.22 72.47 73.88 75.46 77.21 79.07 80.96 82.87 84.80 86.76 88.74 90.76 92.82 94.91 97.05 99.24 101.48 103.78 106.14 108.56 111.05 113.61 116.24 118.95 121.73 124.55 127.43 130.35 133.31 136.30 139.31 142.35 145.40 148.45 151.51 154.57 157.62 160.66 163.67 166.66 169.62 172.45 175.01 177.24 179.18 180.82 182.20 183.33 184.23 184.91 185.39 185.69 185.82 185.80 185.66
78.38 75.59 73.06 70.81 68.84 67.16 65.76 64.67 63.87 63.38 63.17 63.12 63.18 63.36 63.66 64.08 64.64 65.33 66.16 67.13 68.26 69.55 70.99 72.60 74.38 76.27 78.18 80.11 82.05 84.01 86.00 88.01 90.06 92.14 94.25 96.41 98.62 100.88 103.19 105.56 107.99 110.49 113.06 115.70 118.42 121.20 124.04 126.92 129.86 132.83 135.84 138.87 141.93 145.00 148.09 151.18 154.27 157.35 160.43 163.48 166.51 169.51 172.47 175.31 177.87 180.11 182.05 183.71 185.09 186.23 187.13 187.82 188.31 188.62 188.76 188.75
75.87 72.98 70.36 68.03 65.97 64.20 62.73 61.55 60.68 60.12 59.88 59.92 60.13 60.46 60.92 61.51 62.24 63.11 64.12 65.28 66.60 68.09 69.73 71.54 73.47 75.41 77.36 79.32 81.29 83.29 85.30 87.34 89.40 91.50 93.64 95.82 98.04 100.32 102.64 105.02 107.46 109.97 112.54 115.19 117.91 120.69 123.53 126.43 129.38 132.36 135.39 138.44 141.52 144.61 147.72 150.84 153.96 157.08 160.18 163.27 166.34 169.38 172.39 175.36 178.20 180.76 183.00 184.94 186.60 187.99 189.13 190.04 190.73 191.22 191.53 191.68
73.54 70.58 67.88 65.47 63.34 61.50 59.96 58.72 57.79 57.17 56.87 56.90 57.21 57.71 58.35 59.11 60.02 61.08 62.28 63.64 65.16 66.85 68.71 70.67 72.64 74.62 76.60 78.59 80.60 82.62 84.65 86.71 88.80 90.92 93.08 95.27 97.51 99.79 102.13 104.52 106.97 109.48 112.05 114.70 117.42 120.20 123.05 125.96 128.91 131.91 134.94 138.01 141.11 144.23 147.36 150.50 153.65 156.79 159.93 163.05 166.16 169.24 172.29 175.30 178.27 181.11 183.66 185.91 187.85 189.50 190.89 192.03 192.94 193.63 194.12 194.46
