data_output/recharge/precip/Precip_2001_05.asc
ncols        168
nrows        136
xllcorner    455000
yllcorner    2107000
cellsize     500
NODATA_value     -99999
[rows 32 to 63 of 136, columns 73 to 145 of 168]
47.43 48.02 48.63 49.22 49.73 50.14 50.54 50.96 51.42 51.91 52.43 52.98 53.56 54.17 54.80 55.46 56.14 56.85 57.57 58.31 59.07 59.85 60.65 61.45 62.27 63.10 63.94 64.79 65.64 66.50 67.36 68.23 69.09 69.96 70.83 71.69 72.55 73.40 74.24 75.08 75.91 76.72 77.53 78.32 79.09 79.85 80.58 81.30 82.00 82.68 83.33 83.96 84.56 85.13 85.68 86.19 86.67 87.12 87.54 87.92 88.26 88.56 88.84 89.12 89.41 89.73 90.07 90.44 90.83 91.24 91.67 92.12 92.58
48.24 48.71 49.18 49.65 50.11 50.53 50.97 51.44 51.94 52.47 53.04 53.63 54.25 54.89 55.56 56.25 56.97 57.70 58.45 59.23 60.01 60.81 61.63 62.46 63.29 64.14 65.00 65.86 66.73 67.60 68.47 69.34 70.22 71.09 71.96 72.82 73.68 74.53 75.37 76.21 77.03 77.83 78.63 79.41 80.17 80.91 81.63 82.34 83.02 83.67 84.30 84.91 85.48 86.03 86.55 87.03 87.48 87.90 88.28 88.62 88.92 89.18 89.41 89.61 89.84 90.10 90.39 90.70 91.04 91.40 91.78 92.18 92.59
49.26 49.59 49.93 50.26 50.58 50.94 51.42 51.93 52.47 53.05 53.65 54.28 54.93 55.61 56.32 57.04 57.78 58.55 59.33 60.12 60.93 61.76 62.59 63.44 64.30 65.16 66.03 66.90 67.78 68.66 69.54 70.42 71.30 72.17 73.05 73.91 74.77 75.61 76.45 77.28 78.09 78.89 79.67 80.44 81.18 81.91 82.62 83.30 83.96 84.59 85.20 85.78 86.33 86.85 87.33 87.79 88.20 88.58 88.93 89.23 89.49 89.71 89.90 90.06 90.22 90.42 90.64 90.90 91.18 91.48 91.81 92.16 92.52
50.49 50.69 50.90 51.08 51.17 51.30 51.71 52.26 52.85 53.47 54.11 54.78 55.47 56.19 56.93 57.69 58.46 59.26 60.07 60.89 61.73 62.57 63.43 64.30 65.17 66.05 66.94 67.83 68.72 69.61 70.50 71.39 72.28 73.16 74.03 74.90 75.75 76.60 77.43 78.26 79.06 79.85 80.63 81.38 82.12 82.83 83.52 84.19 84.83 85.44 86.03 86.58 87.11 87.60 88.06 88.48 88.86 89.21 89.52 89.79 90.01 90.20 90.36 90.52 90.65 90.78 90.94 91.13 91.35 91.60 91.87 92.17 92.48
51.92 52.01 52.06 52.02 51.85 51.72 51.91 52.40 53.03 53.70 54.39 55.10 55.83 56.59 57.37 58.16 58.97 59.80 60.64 61.50 62.36 63.24 64.12 65.01 65.91 66.81 67.72 68.62 69.53 70.44 71.34 72.24 73.13 74.02 74.90 75.77 76.63 77.48 78.32 79.14 79.94 80.73 81.50 82.24 82.97 83.67 84.35 85.00 85.63 86.22 86.79 87.33 87.83 88.30 88.73 89.12 89.48 89.80 90.08 90.31 90.51 90.68 90.84 90.99 91.12 91.21 91.31 91.44 91.60 91.79 92.00 92.24 92.50
53.56 53.50 53.34 53.05 52.63 52.25 52.19 52.46 53.04 53.75 54.48 55.24 56.02 56.82 57.64 58.47 59.32 60.19 61.06 61.95 62.85 63.75 64.67 65.58 66.51 67.43 68.36 69.29 70.21 71.14 72.06 72.97 73.88 74.78 75.67 76.55 77.42 78.27 79.11 79.93 80.74 81.52 82.29 83.03 83.75 84.44 85.11 85.75 86.37 86.95 87.50 88.02 88.50 88.95 89.36 89.73 90.06 90.35 90.60 90.81 90.99 91.16 91.32 91.48 91.60 91.69 91.75 91.82 91.92 92.04 92.20 92.38 92.59
55.36 55.10 54.70 54.16 53.50 52.87 52.57 52.60 52.97 53.62 54.40 55.21 56.04 56.89 57.75 58.63 59.52 60.42 61.34 62.26 63.19 64.13 65.08 66.02 66.98 67.93 68.88 69.83 70.78 71.73 72.67 73.60 74.52 75.44 76.34 77.23 78.11 78.97 79.81 80.64 81.45 82.24 83.00 83.74 84.46 85.15 85.81 86.44 87.05 87.62 88.16 88.66 89.13 89.56 89.95 90.30 90.61 90.88 91.11 91.30 91.48 91.65 91.81 91.96 92.09 92.18 92.24 92.27 92.30 92.37 92.47 92.59 92.74
57.26 56.76 56.13 55.35 54.45 53.59 53.05 52.85 52.98 53.44 54.17 55.02 55.90 56.80 57.71 58.63 59.57 60.51 61.47 62.43 63.40 64.38 65.36 66.34 67.32 68.31 69.29 70.27 71.24 72.21 73.17 74.12 75.07 76.00 76.92 77.82 78.71 79.59 80.44 81.28 82.09 82.88 83.65 84.39 85.11 85.80 86.46 87.09 87.68 88.25 88.78 89.27 89.72 90.14 90.52 90.85 91.14 91.39 91.61 91.80 91.97 92.14 92.30 92.46 92.58 92.68 92.73 92.76 92.76 92.76 92.80 92.86 92.96
59.21 58.48 57.62 56.62 55.49 54.40 53.62 53.19 53.10 53.33 53.87 54.68 55.61 56.56 57.52 58.49 59.47 60.47 61.47 62.47 63.49 64.50 65.52 66.54 67.56 68.57 69.59 70.60 71.60 72.59 73.58 74.56 75.52 76.47 77.41 78.34 79.24 80.13 81.00 81.84 82.67 83.46 84.24 84.99 85.71 86.40 87.06 87.68 88.28 88.84 89.36 89.84 90.29 90.70 91.06 91.38 91.66 91.90 92.11 92.30 92.47 92.64 92.80 92.95 93.08 93.17 93.23 93.26 93.26 93.22 93.20 93.20 93.24
61.20 60.25 59.17 57.95 56.60 55.28 54.29 53.64 53.33 53.34 53.67 54.29 55.18 56.18 57.19 58.22 59.25 60.29 61.34 62.39 63.45 64.51 65.57 66.62 67.68 68.73 69.78 70.82 71.86 72.88 73.90 74.90 75.89 76.87 77.83 78.77 79.70 80.60 81.49 82.35 83.18 83.99 84.78 85.53 86.26 86.95 87.62 88.25 88.84 89.40 89.92 90.40 90.84 91.23 91.59 91.90 92.17 92.40 92.61 92.80 92.97 93.13 93.30 93.45 93.58 93.67 93.73 93.76 93.76 93.72 93.66 93.61 93.58
63.23 62.07 60.78 59.34 57.78 56.25 55.05 54.19 53.66 53.46 53.58 53.99 54.71 55.67 56.73 57.81 58.90 59.99 61.09 62.19 63.30 64.40 65.51 66.61 67.70 68.80 69.88 70.96 72.03 73.09 74.14 75.17 76.19 77.19 78.18 79.15 80.09 81.02 81.92 82.80 83.65 84.47 85.27 86.04 86.77 87.48 88.14 88.78 89.38 89.93 90.45 90.93 91.37 91.76 92.11 92.41 92.68 92.91 93.11 93.30 93.47 93.63 93.79 93.95 94.08 94.17 94.24 94.27 94.26 94.23 94.16 94.07 93.99
65.29 63.93 62.43 60.79 59.02 57.29 55.88 54.82 54.09 53.69 53.60 53.82 54.33 55.12 56.15 57.29 58.43 59.58 60.73 61.89 63.04 64.19 65.35 66.49 67.63 68.77 69.90 71.02 72.12 73.22 74.30 75.37 76.42 77.45 78.46 79.46 80.43 81.38 82.30 83.20 84.07 84.91 85.73 86.51 87.25 87.97 88.65 89.29 89.89 90.45 90.98 91.46 91.89 92.28 92.63 92.92 93.18 93.41 93.61 93.80 93.97 94.13 94.29 94.45 94.58 94.67 94.74 94.77 94.77 94.74 94.67 94.58 94.46
67.39 65.83 64.14 62.30 60.33 58.40 56.80 55.54 54.61 54.02 53.73 53.76 54.07 54.67 55.55 56.65 57.85 59.06 60.27 61.48 62.69 63.89 65.09 66.29 67.48 68.66 69.83 70.99 72.14 73.27 74.39 75.50 76.58 77.65 78.69 79.72 80.72 81.69 82.64 83.56 84.46 85.32 86.15 86.95 87.71 88.44 89.13 89.78 90.40 90.97 91.49 91.98 92.42 92.80 93.14 93.43 93.69 93.91 94.11 94.29 94.46 94.63 94.79 94.94 95.07 95.17 95.24 95.27 95.27 95.24 95.18 95.09 94.96
69.51 67.77 65.88 63.86 61.70 59.58 57.78 56.34 55.22 54.44 53.97 53.81 53.94 54.36 55.05 56.00 57.17 58.44 59.71 60.97 62.24 63.50 64.75 66.00 67.24 68.47 69.69 70.90 72.09 73.27 74.43 75.57 76.69 77.79 78.87 79.93 80.96 81.97 82.95 83.89 84.81 85.70 86.55 87.37 88.15 88.90 89.60 90.27 90.89 91.48 92.01 92.50 92.94 93.32 93.65 93.94 94.19 94.41 94.61 94.79 94.96 95.12 95.28 95.44 95.57 95.67 95.73 95.77 95.77 95.74 95.68 95.59 95.47
71.65 69.73 67.66 65.46 63.12 60.82 58.84 57.21 55.92 54.96 54.31 53.97 53.92 54.16 54.67 55.45 56.48 57.73 59.05 60.38 61.71 63.03 64.34 65.64 66.93 68.22 69.49 70.74 71.98 73.20 74.41 75.59 76.76 77.90 79.01 80.11 81.17 82.21 83.22 84.20 85.14 86.06 86.94 87.78 88.58 89.35 90.07 90.76 91.40 91.99 92.54 93.03 93.46 93.83 94.16 94.44 94.69 94.91 95.10 95.28 95.44 95.61 95.77 95.93 96.06 96.16 96.23 96.26 96.26 96.24 96.18 96.09 95.97
73.81 71.71 69.47 67.09 64.58 62.11 59.96 58.16 56.69 55.56 54.74 54.23 54.01 54.08 54.43 55.04 55.90 57.01 58.32 59.71 61.10 62.48 63.85 65.21 66.56 67.90 69.22 70.53 71.82 73.09 74.34 75.57 76.78 77.96 79.12 80.25 81.36 82.43 83.47 84.48 85.46 86.40 87.31 88.18 89.01 89.80 90.54 91.25 91.91 92.52 93.06 93.55 93.97 94.34 94.66 94.94 95.18 95.40 95.59 95.76 95.93 96.09 96.25 96.41 96.54 96.64 96.71 96.75 96.76 96.73 96.67 96.59 96.47
75.98 73.72 71.31 68.77 66.09 63.45 61.14 59.17 57.54 56.24 55.26 54.59 54.21 54.12 54.31 54.76 55.46 56.41 57.59 58.97 60.42 61.86 63.30 64.72 66.13 67.52 68.90 70.27 71.61 72.93 74.23 75.51 76.77 78.00 79.20 80.37 81.52 82.63 83.71 84.76 85.77 86.75 87.68 88.58 89.44 90.25 91.03 91.75 92.43 93.04 93.58 94.06 94.47 94.84 95.15 95.43 95.67 95.88 96.07 96.24 96.40 96.56 96.73 96.89 97.02 97.12 97.19 97.23 97.24 97.22 97.16 97.08 96.97
78.15 75.74 73.18 70.47 67.64 64.84 62.37 60.24 58.46 57.00 55.87 55.04 54.51 54.27 54.30 54.60 55.15 55.95 56.98 58.24 59.68 61.19 62.69 64.17 65.65 67.10 68.54 69.96 71.36 72.74 74.10 75.43 76.73 78.01 79.26 80.48 81.67 82.82 83.94 85.03 86.08 87.09 88.06 88.99 89.88 90.72 91.52 92.27 92.95 93.56 94.09 94.56 94.97 95.33 95.64 95.91 96.14 96.35 96.54 96.71 96.87 97.03 97.19 97.35 97.49 97.59 97.66 97.70 97.71 97.69 97.64 97.56 97.45
80.33 77.77 75.06 72.20 69.22 66.27 63.65 61.37 59.44 57.84 56.56 55.58 54.91 54.52 54.41 54.56 54.97 55.63 56.52 57.63 58.96 60.46 62.03 63.58 65.12 66.64 68.14 69.62 71.08 72.52 73.93 75.32 76.68 78.00 79.30 80.57 81.81 83.01 84.17 85.30 86.39 87.44 88.45 89.42 90.34 91.22 92.04 92.80 93.47 94.07 94.59 95.05 95.45 95.81 96.11 96.37 96.61 96.81 97.00 97.16 97.33 97.49 97.65 97.81 97.95 98.05 98.13 98.17 98.18 98.16 98.11 98.03 97.93
82.51 79.80 76.95 73.96 70.83 67.74 64.97 62.56 60.49 58.74 57.32 56.21 55.40 54.87 54.62 54.64 54.92 55.44 56.19 57.17 58.37 59.76 61.33 62.95 64.56 66.15 67.71 69.26 70.78 72.28 73.75 75.19 76.61 77.99 79.34 80.66 81.95 83.20 84.41 85.58 86.72 87.81 88.86 89.86 90.82 91.73 92.57 93.31 93.98 94.56 95.08 95.53 95.93 96.27 96.57 96.83 97.06 97.26 97.44 97.61 97.77 97.93 98.10 98.26 98.40 98.50 98.58 98.62 98.64 98.62 98.57 98.50 98.39
84.68 81.84 78.85 75.72 72.46 69.24 66.34 63.79 61.58 59.71 58.16 56.91 55.97 55.32 54.94 54.83 54.98 55.37 56.00 56.86 57.92 59.20 60.66 62.29 63.96 65.62 67.26 68.87 70.46 72.02 73.56 75.06 76.53 77.98 79.39 80.76 82.10 83.40 84.66 85.88 87.06 88.20 89.29 90.34 91.34 92.25 93.08 93.81 94.47 95.05 95.55 96.00 96.39 96.73 97.02 97.28 97.50 97.70 97.88 98.05 98.21 98.37 98.53 98.70 98.83 98.94 99.02 99.06 99.08 99.07 99.02 98.95 98.84
86.83 83.87 80.76 77.50 74.11 70.76 67.74 65.07 62.74 60.74 59.06 57.69 56.63 55.85 55.35 55.12 55.15 55.43 55.94 56.68 57.63 58.78 60.14 61.67 63.35 65.08 66.79 68.47 70.13 71.76 73.36 74.93 76.46 77.97 79.44 80.87 82.26 83.62 84.93 86.21 87.44 88.62 89.76 90.85 91.85 92.76 93.57 94.30 94.94 95.51 96.01 96.45 96.84 97.17 97.46 97.71 97.93 98.13 98.30 98.47 98.63 98.79 98.95 99.12 99.26 99.37 99.45 99.49 99.51 99.50 99.46 99.39 99.29
88.97 85.89 82.66 79.29 75.78 72.31 69.17 66.38 63.93 61.82 60.03 58.54 57.36 56.47 55.86 55.52 55.44 55.60 56.00 56.63 57.47 58.52 59.76 61.19 62.79 64.53 66.31 68.07 69.80 71.50 73.16 74.80 76.40 77.97 79.50 80.99 82.45 83.86 85.23 86.56 87.84 89.08 90.26 91.36 92.36 93.25 94.05 94.77 95.41 95.97 96.46 96.89 97.27 97.59 97.88 98.13 98.34 98.53 98.71 98.87 99.03 99.19 99.36 99.52 99.67 99.78 99.86 99.91 99.93 99.92 99.88 99.81 99.71
91.09 87.90 84.56 81.08 77.46 73.88 70.63 67.73 65.17 62.95 61.05 59.46 58.17 57.18 56.46 56.01 55.83 55.89 56.19 56.71 57.45 58.40 59.54 60.87 62.37 64.04 65.83 67.66 69.47 71.24 72.98 74.69 76.36 77.99 79.59 81.15 82.66 84.14 85.57 86.95 88.29 89.58 90.77 91.86 92.84 93.73 94.52 95.22 95.85 96.40 96.89 97.31 97.68 98.00 98.28 98.52 98.74 98.93 99.10 99.26 99.42 99.58 99.75 99.92 100.06 100.17 100.25 100.31 100.33 100.32 100.28 100.22 100.12
93.18 89.89 86.45 82.87 79.14 75.46 72.10 69.10 66.45 64.12 62.12 60.43 59.05 57.96 57.14 56.60 56.32 56.28 56.49 56.92 57.57 58.42 59.47 60.71 62.12 63.69 65.42 67.27 69.15 71.00 72.81 74.59 76.34 78.04 79.71 81.33 82.91 84.45 85.94 87.39 88.78 90.08 91.26 92.34 93.31 94.18 94.96 95.66 96.28 96.82 97.30 97.72 98.08 98.39 98.67 98.91 99.12 99.30 99.47 99.64 99.79 99.95 100.12 100.29 100.44 100.55 100.63 100.69 100.71 100.71 100.67 100.61 100.52
95.24 91.86 88.32 84.65 80.83 77.05 73.60 70.50 67.75 65.34 63.25 61.47 59.99 58.81 57.90 57.27 56.90 56.78 56.90 57.24 57.80 58.57 59.54 60.69 62.02 63.51 65.16 66.95 68.85 70.78 72.67 74.53 76.34 78.12 79.86 81.55 83.20 84.81 86.37 87.87 89.28 90.57 91.74 92.80 93.76 94.62 95.39 96.08 96.68 97.22 97.69 98.10 98.46 98.77 99.03 99.27 99.48 99.66 99.83 99.99 100.15 100.31 100.47 100.65 100.79 100.91 100.99 101.05 101.08 101.07 101.04 100.98 100.89
97.27 93.80 90.18 86.41 82.51 78.64 75.11 71.92 69.09 66.59 64.41 62.55 60.99 59.72 58.74 58.03 57.58 57.37 57.41 57.68 58.17 58.86 59.75 60.83 62.08 63.50 65.07 66.78 68.63 70.59 72.56 74.50 76.39 78.25 80.06 81.83 83.55 85.22 86.84 88.36 89.76 91.03 92.19 93.24 94.18 95.03 95.79 96.47 97.07 97.60 98.06 98.46 98.81 99.12 99.38 99.61 99.82 100.00 100.16 100.32 100.48 100.64 100.81 100.98 101.13 101.25 101.34 101.39 101.42 101.42 101.39 101.34 101.25
99.26 95.71 92.01 88.16 84.18 80.24 76.62 73.36 70.45 67.87 65.62 63.68 62.05 60.71 59.65 58.86 58.34 58.06 58.03 58.23 58.64 59.27 60.09 61.10 62.28 63.63 65.14 66.79 68.58 70.49 72.49 74.51 76.48 78.42 80.31 82.15 83.95 85.69 87.33 88.83 90.21 91.47 92.62 93.65 94.59 95.43 96.18 96.84 97.43 97.95 98.41 98.80 99.15 99.45 99.71 99.93 100.13 100.31 100.48 100.63 100.79 100.95 101.12 101.30 101.45 101.57 101.66 101.72 101.75 101.75 101.73 101.67 101.59
101.20 97.58 93.81 89.90 85.84 81.82 78.14 74.81 71.82 69.18 66.86 64.85 63.15 61.74 60.62 59.77 59.18 58.84 58.75 58.88 59.24 59.80 60.56 61.51 62.63 63.93 65.38 66.97 68.70 70.55 72.52 74.57 76.63 78.64 80.61 82.54 84.40 86.16 87.79 89.28 90.65 91.89 93.02 94.05 94.97 95.80 96.54 97.19 97.77 98.28 98.73 99.12 99.46 99.75 100.01 100.23 100.43 100.60 100.77 100.92 101.08 101.24 101.41 101.59 101.74 101.86 101.96 102.02 102.05 102.06 102.03 101.98 101.90
103.09 99.41 95.58 91.60 87.48 83.40 79.65 76.26 73.21 70.51 68.12 66.06 64.30 62.83 61.65 60.75 60.10 59.71 59.56 59.63 59.93 60.44 61.15 62.05 63.12 64.37 65.76 67.31 68.99 70.79 72.71 74.73 76.83 78.93 80.99 82.98 84.87 86.62 88.23 89.70 91.05 92.28 93.40 94.41 95.33 96.14 96.87 97.52 98.09 98.59 99.03 99.41 99.75 100.04 100.29 100.50 100.70 100.87 101.03 101.19 101.34 101.51 101.68 101.86 102.01 102.14 102.23 102.30 102.33 102.34 102.32 102.27 102.20
104.93 101.19 97.31 93.27 89.10 84.96 81.16 77.71 74.61 71.85 69.42 67.30 65.49 63.97 62.74 61.79 61.09 60.65 60.45 60.48 60.74 61.20 61.87 62.72 63.75 64.95 66.30 67.81 69.45 71.21 73.09 75.07 77.15 79.29 81.42 83.44 85.31 87.04 88.64 90.10 91.43 92.65 93.76 94.76 95.66 96.46 97.18 97.82 98.38 98.87 99.31 99.68 100.01 100.29 100.54 100.75 100.94 101.12 101.28 101.43 101.58 101.75 101.92 102.10 102.26 102.38 102.48 102.55 102.59 102.60 102.58 102.54 102.46
106.71 102.93 98.99 94.91 90.69 86.51 82.65 79.16 76.02 73.21 70.73 68.57 66.72 65.16 63.88 62.88 62.15 61.67 61.43 61.42 61.64 62.07 62.69 63.51 64.50 65.67 66.99 68.46 70.06 71.80 73.64 75.59 77.64 79.76 81.87 83.87 85.73 87.44 89.02 90.47 91.79 92.99 94.08 95.07 95.96 96.75 97.46 98.09 98.64 99.13 99.55 99.92 100.24 100.52 100.76 100.97 101.16 101.33 101.49 101.64 101.80 101.96 102.14 102.32 102.48 102.60 102.70 102.78 102.82 102.83 102.82 102.77 102.71
