data_output/recharge/precip/Precip_1997_07.asc
ncols        168
nrows        136
xllcorner    455000
yllcorner    2107000
cellsize     500
NODATA_value     -99999
[rows 0 to 32 of 136, columns 73 to 145 of 168]
92.73 91.15 89.61 88.09 86.61 85.18 83.83 82.62 81.55 80.60 79.79 79.10 78.54 78.09 77.75 77.53 77.41 77.40 77.48 77.66 77.93 78.29 78.73 79.26 79.86 80.53 81.27 82.08 82.95 83.88 84.87 85.90 86.98 88.11 89.27 90.47 91.70 92.97 94.25 95.55 96.82 98.00 99.10 100.10 101.01 101.83 102.56 103.19 103.73 103.97 102.10 97.16 89.36 78.97 66.23 51.42 34.79 16.59 0.00 0.00 0.00 0.00 0.00 0.00 0.00 0.00 0.00 0.00 0.00 0.00 0.00 0.00 0.00
93.42 91.83 90.27 88.73 87.24 85.78 84.37 83.05 81.87 80.82 79.91 79.13 78.47 77.94 77.53 77.23 77.04 76.96 76.99 77.11 77.33 77.65 78.05 78.54 79.11 79.76 80.49 81.28 82.14 83.06 84.05 85.09 86.18 87.32 88.51 89.73 90.99 92.29 93.61 94.90 96.12 97.26 98.32 99.29 100.19 101.00 101.72 102.36 102.92 103.17 101.35 96.47 88.76 78.47 65.86 51.20 34.74 16.73 0.00 0.00 0.00 0.00 0.00 0.00 0.00 0.00 0.00 0.00 0.00 0.00 0.00 0.00 0.00
94.17 92.56 90.98 89.43 87.92 86.45 85.02 83.63 82.34 81.19 80.17 79.29 78.55 77.93 77.43 77.05 76.79 76.65 76.61 76.68 76.84 77.11 77.47 77.92 78.46 79.08 79.78 80.56 81.41 82.32 83.30 84.34 85.44 86.59 87.79 89.04 90.33 91.65 92.96 94.20 95.36 96.46 97.48 98.43 99.30 100.10 100.82 101.47 102.04 102.32 100.54 95.72 88.09 77.91 65.43 50.92 34.63 16.81 0.00 0.00 0.00 0.00 0.00 0.00 0.00 0.00 0.00 0.00 0.00 0.00 0.00 0.00 0.00
94.97 93.35 91.75 90.19 88.66 87.17 85.72 84.32 82.96 81.70 80.58 79.60 78.76 78.05 77.46 77.00 76.67 76.45 76.34 76.35 76.46 76.68 76.99 77.40 77.90 78.49 79.16 79.92 80.75 81.65 82.63 83.67 84.77 85.93 87.14 88.41 89.71 91.01 92.25 93.43 94.54 95.59 96.58 97.50 98.35 99.14 99.86 100.51 101.10 101.40 99.66 94.90 87.36 77.28 64.94 50.57 34.46 16.84 0.00 0.00 0.00 0.00 0.00 0.00 0.00 0.00 0.00 0.00 0.00 0.00 0.00 0.00 0.00
95.83 94.19 92.57 91.00 89.45 87.95 86.48 85.06 83.68 82.36 81.13 80.05 79.10 78.30 77.62 77.08 76.67 76.37 76.20 76.14 76.19 76.35 76.61 76.98 77.44 77.99 78.63 79.36 80.17 81.06 82.02 83.06 84.16 85.32 86.54 87.82 89.09 90.31 91.49 92.60 93.66 94.67 95.62 96.51 97.35 98.12 98.84 99.50 100.10 100.43 98.73 94.04 86.58 76.61 64.39 50.18 34.23 16.81 0.00 0.00 0.00 0.00 0.00 0.00 0.00 0.00 0.00 0.00 0.00 0.00 0.00 0.00 0.00
96.73 95.07 93.45 91.85 90.29 88.77 87.29 85.85 84.46 83.12 81.83 80.64 79.59 78.68 77.92 77.29 76.79 76.41 76.16 76.04 76.02 76.12 76.33 76.65 77.06 77.58 78.19 78.89 79.67 80.54 81.49 82.51 83.61 84.77 86.00 87.23 88.42 89.57 90.67 91.73 92.73 93.70 94.61 95.48 96.29 97.06 97.78 98.44 99.06 99.41 97.75 93.12 85.74 75.88 63.79 49.73 33.95 16.72 0.00 0.00 0.00 0.00 0.00 0.00 0.00 0.00 0.00 0.00 0.00 0.00 0.00 0.00 0.00
97.68 96.01 94.37 92.76 91.19 89.65 88.15 86.70 85.29 83.93 82.62 81.36 80.21 79.21 78.34 77.62 77.03 76.57 76.25 76.05 75.97 76.00 76.16 76.42 76.79 77.26 77.83 78.49 79.25 80.10 81.03 82.04 83.13 84.28 85.45 86.60 87.70 88.77 89.81 90.80 91.76 92.68 93.55 94.39 95.19 95.95 96.66 97.33 97.96 98.34 96.72 92.15 84.86 75.11 63.14 49.23 33.63 16.59 0.00 0.00 0.00 0.00 0.00 0.00 0.00 0.00 0.00 0.00 0.00 0.00 0.00 0.00 0.00
98.68 97.00 95.34 93.71 92.12 90.57 89.06 87.59 86.16 84.78 83.46 82.18 80.97 79.86 78.90 78.08 77.40 76.86 76.45 76.17 76.02 75.99 76.08 76.29 76.60 77.03 77.56 78.19 78.91 79.73 80.64 81.63 82.70 83.80 84.87 85.92 86.94 87.94 88.90 89.83 90.74 91.61 92.46 93.27 94.05 94.79 95.50 96.18 96.83 97.23 95.65 91.15 83.94 74.29 62.46 48.70 33.27 16.43 0.00 0.00 0.00 0.00 0.00 0.00 0.00 0.00 0.00 0.00 0.00 0.00 0.00 0.00 0.00
99.73 98.02 96.35 94.71 93.10 91.53 90.01 88.52 87.08 85.69 84.34 83.05 81.82 80.65 79.58 78.66 77.89 77.26 76.76 76.41 76.18 76.08 76.11 76.25 76.51 76.89 77.37 77.96 78.65 79.44 80.32 81.29 82.29 83.28 84.26 85.21 86.15 87.06 87.96 88.83 89.68 90.51 91.32 92.10 92.86 93.60 94.31 95.00 95.66 96.08 94.54 90.10 82.98 73.44 61.73 48.12 32.87 16.22 0.00 0.00 0.00 0.00 0.00 0.00 0.00 0.00 0.00 0.00 0.00 0.00 0.00 0.00 0.00
100.81 99.09 97.40 95.75 94.13 92.54 91.00 89.50 88.04 86.63 85.27 83.97 82.72 81.52 80.40 79.38 78.51 77.78 77.20 76.76 76.45 76.28 76.24 76.32 76.52 76.84 77.28 77.82 78.47 79.23 80.07 80.97 81.86 82.74 83.61 84.47 85.31 86.15 86.98 87.79 88.59 89.38 90.15 90.91 91.65 92.37 93.08 93.78 94.45 94.90 93.40 89.02 81.99 72.55 60.98 47.52 32.43 15.98 0.00 0.00 0.00 0.00 0.00 0.00 0.00 0.00 0.00 0.00 0.00 0.00 0.00 0.00 0.00
101.94 100.20 98.50 96.83 95.19 93.59 92.03 90.51 89.04 87.61 86.24 84.92 83.65 82.44 81.30 80.22 79.25 78.42 77.75 77.22 76.83 76.58 76.47 76.48 76.62 76.89 77.27 77.76 78.37 79.08 79.85 80.62 81.39 82.16 82.92 83.69 84.45 85.21 85.97 86.72 87.47 88.21 88.95 89.68 90.40 91.12 91.83 92.53 93.22 93.69 92.24 87.92 80.97 71.64 60.19 46.88 31.97 15.71 0.00 0.00 0.00 0.00 0.00 0.00 0.00 0.00 0.00 0.00 0.00 0.00 0.00 0.00 0.00
103.10 101.35 99.63 97.94 96.29 94.68 93.10 91.57 90.08 88.64 87.25 85.91 84.63 83.40 82.24 81.14 80.11 79.19 78.42 77.80 77.33 77.00 76.80 76.75 76.82 77.02 77.35 77.79 78.35 78.97 79.60 80.24 80.89 81.55 82.22 82.89 83.57 84.25 84.94 85.63 86.32 87.02 87.72 88.43 89.13 89.84 90.54 91.25 91.96 92.45 91.04 86.79 79.92 70.70 59.38 46.22 31.48 15.42 0.00 0.00 0.00 0.00 0.00 0.00 0.00 0.00 0.00 0.00 0.00 0.00 0.00 0.00 0.00
104.30 102.53 100.80 99.10 97.43 95.80 94.21 92.66 91.15 89.70 88.29 86.94 85.64 84.40 83.22 82.10 81.05 80.07 79.21 78.49 77.93 77.51 77.24 77.11 77.11 77.25 77.52 77.90 78.36 78.84 79.33 79.85 80.38 80.93 81.49 82.07 82.66 83.26 83.88 84.51 85.16 85.81 86.48 87.16 87.84 88.54 89.24 89.96 90.68 91.20 89.83 85.64 78.86 69.74 58.55 45.55 30.98 15.11 0.00 0.00 0.00 0.00 0.00 0.00 0.00 0.00 0.00 0.00 0.00 0.00 0.00 0.00 0.00
105.53 103.75 102.00 100.28 98.60 96.95 95.35 93.78 92.26 90.79 89.37 88.00 86.69 85.43 84.23 83.10 82.03 81.03 80.11 79.30 78.65 78.14 77.79 77.57 77.50 77.57 77.77 78.04 78.35 78.69 79.05 79.44 79.85 80.28 80.74 81.23 81.73 82.26 82.81 83.38 83.98 84.59 85.22 85.87 86.54 87.22 87.93 88.65 89.38 89.93 88.60 84.47 77.78 68.77 57.71 44.85 30.46 14.78 0.00 0.00 0.00 0.00 0.00 0.00 0.00 0.00 0.00 0.00 0.00 0.00 0.00 0.00 0.00
106.79 105.00 103.23 101.50 99.80 98.14 96.52 94.94 93.40 91.92 90.48 89.09 87.76 86.49 85.28 84.13 83.05 82.03 81.09 80.22 79.47 78.88 78.43 78.14 77.99 77.98 78.06 78.18 78.34 78.53 78.75 79.01 79.30 79.63 79.99 80.38 80.80 81.25 81.73 82.24 82.78 83.35 83.95 84.57 85.22 85.90 86.60 87.32 88.08 88.65 87.36 83.30 76.69 67.79 56.86 44.15 29.93 14.45 0.00 0.00 0.00 0.00 0.00 0.00 0.00 0.00 0.00 0.00 0.00 0.00 0.00 0.00 0.00
108.08 106.27 104.49 102.75 101.03 99.36 97.72 96.13 94.58 93.07 91.62 90.22 88.87 87.59 86.36 85.19 84.09 83.06 82.10 81.21 80.41 79.72 79.18 78.81 78.57 78.43 78.35 78.31 78.31 78.36 78.45 78.58 78.75 78.97 79.22 79.52 79.85 80.23 80.64 81.09 81.58 82.11 82.67 83.26 83.90 84.56 85.26 86.00 86.76 87.36 86.12 82.12 75.59 66.80 56.00 43.44 29.39 14.11 0.00 0.00 0.00 0.00 0.00 0.00 0.00 0.00 0.00 0.00 0.00 0.00 0.00 0.00 0.00
109.40 107.58 105.78 104.02 102.29 100.60 98.95 97.34 95.77 94.26 92.79 91.37 90.01 88.71 87.46 86.28 85.17 84.12 83.14 82.24 81.41 80.67 80.04 79.57 79.20 78.89 78.63 78.43 78.28 78.18 78.14 78.14 78.20 78.30 78.46 78.66 78.91 79.20 79.55 79.94 80.38 80.86 81.38 81.95 82.57 83.23 83.93 84.67 85.45 86.07 84.87 80.93 74.49 65.81 55.13 42.73 28.85 13.76 0.00 0.00 0.00 0.00 0.00 0.00 0.00 0.00 0.00 0.00 0.00 0.00 0.00 0.00 0.00
110.75 108.91 107.10 105.32 103.58 101.87 100.21 98.58 97.00 95.47 93.98 92.55 91.17 89.85 88.59 87.40 86.27 85.20 84.21 83.29 82.45 81.68 80.99 80.38 79.83 79.34 78.92 78.56 78.25 78.01 77.83 77.71 77.64 77.64 77.69 77.80 77.96 78.18 78.46 78.79 79.17 79.61 80.10 80.65 81.24 81.89 82.59 83.34 84.14 84.78 83.62 79.75 73.40 64.82 54.27 42.02 28.32 13.42 0.00 0.00 0.00 0.00 0.00 0.00 0.00 0.00 0.00 0.00 0.00 0.00 0.00 0.00 0.00
112.11 110.26 108.44 106.65 104.89 103.17 101.48 99.84 98.25 96.70 95.20 93.75 92.36 91.02 89.75 88.54 87.39 86.31 85.30 84.37 83.51 82.72 81.96 81.20 80.47 79.81 79.21 78.69 78.23 77.85 77.53 77.28 77.10 76.98 76.93 76.94 77.02 77.17 77.37 77.64 77.98 78.37 78.83 79.35 79.93 80.56 81.26 82.02 82.83 83.50 82.38 78.57 72.31 63.84 53.42 41.32 27.79 13.09 0.00 0.00 0.00 0.00 0.00 0.00 0.00 0.00 0.00 0.00 0.00 0.00 0.00 0.00 0.00
113.50 111.64 109.80 107.99 106.22 104.48 102.78 101.13 99.52 97.95 96.44 94.98 93.57 92.22 90.93 89.70 88.54 87.44 86.42 85.46 84.58 83.73 82.86 81.99 81.11 80.27 79.51 78.83 78.22 77.69 77.24 76.86 76.56 76.33 76.18 76.10 76.09 76.16 76.30 76.51 76.79 77.14 77.57 78.06 78.62 79.25 79.94 80.71 81.54 82.23 81.16 77.41 71.23 62.87 52.58 40.63 27.27 12.77 0.00 0.00 0.00 0.00 0.00 0.00 0.00 0.00 0.00 0.00 0.00 0.00 0.00 0.00 0.00
114.91 113.03 111.18 109.35 107.57 105.82 104.10 102.43 100.81 99.23 97.70 96.22 94.80 93.43 92.12 90.88 89.70 88.59 87.55 86.58 85.63 84.67 83.69 82.71 81.73 80.75 79.83 78.98 78.22 77.55 76.96 76.45 76.03 75.70 75.44 75.27 75.18 75.17 75.24 75.39 75.62 75.93 76.32 76.78 77.33 77.95 78.64 79.41 80.26 80.98 79.94 76.26 70.17 61.91 51.75 39.96 26.77 12.46 0.00 0.00 0.00 0.00 0.00 0.00 0.00 0.00 0.00 0.00 0.00 0.00 0.00 0.00 0.00
116.34 114.44 112.57 110.74 108.93 107.17 105.44 103.75 102.11 100.52 98.97 97.48 96.04 94.66 93.34 92.08 90.89 89.76 88.70 87.66 86.60 85.53 84.45 83.37 82.29 81.21 80.15 79.15 78.24 77.42 76.70 76.07 75.53 75.08 74.72 74.46 74.28 74.20 74.20 74.29 74.47 74.74 75.09 75.53 76.05 76.66 77.36 78.14 79.00 79.75 78.75 75.14 69.12 60.98 50.95 39.30 26.29 12.18 0.00 0.00 0.00 0.00 0.00 0.00 0.00 0.00 0.00 0.00 0.00 0.00 0.00 0.00 0.00
117.77 115.86 113.98 112.13 110.31 108.53 106.79 105.09 103.43 101.83 100.26 98.76 97.30 95.91 94.57 93.29 92.08 90.94 89.81 88.66 87.50 86.33 85.14 83.96 82.78 81.62 80.47 79.34 78.28 77.32 76.46 75.70 75.05 74.49 74.03 73.67 73.41 73.25 73.18 73.21 73.34 73.56 73.88 74.30 74.80 75.41 76.10 76.89 77.76 78.54 77.59 74.03 68.11 60.07 50.17 38.68 25.84 11.92 0.00 0.00 0.00 0.00 0.00 0.00 0.00 0.00 0.00 0.00 0.00 0.00 0.00 0.00 0.00
119.23 117.30 115.40 113.54 111.71 109.91 108.16 106.44 104.77 103.15 101.57 100.05 98.58 97.17 95.81 94.52 93.29 92.08 90.85 89.59 88.33 87.05 85.77 84.49 83.22 81.97 80.73 79.52 78.35 77.25 76.25 75.37 74.59 73.92 73.36 72.91 72.57 72.33 72.19 72.17 72.24 72.42 72.71 73.09 73.58 74.18 74.87 75.66 76.56 77.36 76.45 72.96 67.12 59.19 49.42 38.08 25.41 11.69 0.00 0.00 0.00 0.00 0.00 0.00 0.00 0.00 0.00 0.00 0.00 0.00 0.00 0.00 0.00
120.69 118.75 116.84 114.96 113.11 111.30 109.53 107.80 106.12 104.48 102.89 101.35 99.86 98.44 97.07 95.76 94.46 93.14 91.80 90.45 89.08 87.70 86.33 84.96 83.60 82.26 80.95 79.66 78.41 77.20 76.08 75.06 74.17 73.39 72.73 72.18 71.75 71.44 71.24 71.15 71.18 71.31 71.56 71.93 72.40 72.98 73.67 74.47 75.38 76.21 75.34 71.92 66.16 58.34 48.70 37.51 25.02 11.49 0.00 0.00 0.00 0.00 0.00 0.00 0.00 0.00 0.00 0.00 0.00 0.00 0.00 0.00 0.00
122.16 120.20 118.28 116.39 114.53 112.70 110.92 109.17 107.47 105.82 104.21 102.66 101.16 99.72 98.33 96.95 95.55 94.13 92.68 91.22 89.76 88.29 86.82 85.37 83.93 82.51 81.12 79.76 78.43 77.15 75.93 74.80 73.78 72.89 72.13 71.49 70.98 70.59 70.32 70.17 70.15 70.24 70.46 70.79 71.25 71.82 72.51 73.32 74.25 75.10 74.28 70.91 65.25 57.53 48.02 36.98 24.67 11.34 0.00 0.00 0.00 0.00 0.00 0.00 0.00 0.00 0.00 0.00 0.00 0.00 0.00 0.00 0.00
123.63 121.67 119.73 117.82 115.95 114.11 112.31 110.55 108.83 107.16 105.54 103.97 102.46 101.00 99.55 98.07 96.56 95.03 93.48 91.93 90.37 88.81 87.26 85.72 84.20 82.70 81.24 79.81 78.42 77.08 75.79 74.56 73.44 72.44 71.58 70.84 70.24 69.78 69.44 69.23 69.16 69.21 69.39 69.70 70.14 70.71 71.40 72.21 73.16 74.03 73.25 69.95 64.37 56.77 47.39 36.50 24.36 11.22 0.00 0.00 0.00 0.00 0.00 0.00 0.00 0.00 0.00 0.00 0.00 0.00 0.00 0.00 0.00
125.12 123.13 121.18 119.26 117.37 115.52 113.70 111.93 110.20 108.51 106.88 105.30 103.76 102.24 100.68 99.09 97.48 95.85 94.21 92.56 90.91 89.27 87.64 86.02 84.42 82.85 81.32 79.82 78.37 76.97 75.63 74.34 73.13 72.03 71.07 70.24 69.56 69.01 68.61 68.34 68.22 68.23 68.37 68.66 69.08 69.63 70.33 71.15 72.11 73.01 72.27 69.04 63.55 56.05 46.80 36.06 24.10 11.15 0.00 0.00 0.00 0.00 0.00 0.00 0.00 0.00 0.00 0.00 0.00 0.00 0.00 0.00 0.00
126.60 124.60 122.64 120.70 118.80 116.93 115.10 113.31 111.57 109.87 108.22 106.62 105.02 103.39 101.73 100.04 98.33 96.60 94.87 93.13 91.40 89.67 87.96 86.26 84.59 82.96 81.35 79.80 78.29 76.83 75.43 74.10 72.85 71.67 70.60 69.69 68.92 68.30 67.83 67.50 67.32 67.29 67.41 67.66 68.07 68.62 69.31 70.14 71.12 72.04 71.35 68.18 62.77 55.38 46.26 35.68 23.88 11.14 0.00 0.00 0.00 0.00 0.00 0.00 0.00 0.00 0.00 0.00 0.00 0.00 0.00 0.00 0.00
128.08 126.07 124.09 122.14 120.22 118.34 116.50 114.70 112.94 111.22 109.55 107.89 106.19 104.45 102.69 100.90 99.09 97.28 95.45 93.63 91.81 90.01 88.22 86.45 84.72 83.01 81.35 79.74 78.17 76.66 75.22 73.84 72.54 71.32 70.19 69.19 68.34 67.64 67.10 66.72 66.49 66.41 66.49 66.73 67.11 67.65 68.34 69.18 70.18 71.13 70.48 67.37 62.05 54.77 45.78 35.35 23.73 11.18 0.00 0.00 0.00 0.00 0.00 0.00 0.00 0.00 0.00 0.00 0.00 0.00 0.00 0.00 0.00
129.56 127.54 125.54 123.58 121.65 119.75 117.89 116.08 114.30 112.57 110.84 109.07 107.26 105.43 103.56 101.68 99.78 97.88 95.97 94.07 92.17 90.29 88.43 86.60 84.80 83.03 81.31 79.64 78.03 76.47 74.98 73.57 72.23 70.97 69.81 68.74 67.81 67.04 66.43 65.99 65.71 65.59 65.64 65.85 66.22 66.75 67.44 68.29 69.30 70.28 69.66 66.63 61.39 54.22 45.36 35.08 23.63 11.28 0.00 0.00 0.00 0.00 0.00 0.00 0.00 0.00 0.00 0.00 0.00 0.00 0.00 0.00 0.00
131.04 129.00 126.99 125.01 123.07 121.16 119.29 117.46 115.66 113.87 112.03 110.16 108.25 106.32 104.36 102.39 100.40 98.41 96.42 94.44 92.47 90.52 88.59 86.69 84.83 83.01 81.24 79.52 77.85 76.25 74.72 73.27 71.90 70.61 69.42 68.33 67.35 66.50 65.83 65.33 65.00 64.84 64.85 65.03 65.38 65.91 66.60 67.46 68.48 69.49 68.92 65.94 60.80 53.73 45.00 34.87 23.60 11.44 0.00 0.00 0.00 0.00 0.00 0.00 0.00 0.00 0.00 0.00 0.00 0.00 0.00 0.00 0.00
132.51 130.46 128.44 126.44 124.48 122.56 120.67 118.82 116.97 115.07 113.13 111.16 109.15 107.12 105.08 103.01 100.95 98.87 96.81 94.75 92.71 90.69 88.70 86.75 84.83 82.95 81.13 79.36 77.65 76.01 74.45 72.96 71.56 70.25 69.03 67.92 66.92 66.03 65.29 64.73 64.35 64.15 64.13 64.29 64.62 65.13 65.82 66.69 67.73 68.77 68.24 65.33 60.27 53.31 44.72 34.74 23.64 11.68 0.00 0.00 0.00 0.00 0.00 0.00 0.00 0.00 0.00 0.00 0.00 0.00 0.00 0.00 0.00
