data_output/recharge/precip/Precip_2006_07.asc
ncols        168
nrows        136
xllcorner    455000
yllcorner    2107000
cellsize     500
NODATA_value     -99999
[rows 64 to 95 of 136, columns 73 to 145 of 168]
194.22 192.72 190.94 188.89 186.58 184.03 181.24 178.21 174.97 171.51 167.85 164.00 159.97 155.82 151.72 147.78 144.00 140.41 137.00 133.79 130.78 127.97 125.38 123.01 120.87 118.96 117.30 115.89 114.73 113.78 112.98 112.33 111.82 111.47 111.27 111.21 111.31 111.56 111.95 112.50 113.19 114.04 115.03 116.18 117.48 118.92 120.52 122.26 124.09 125.95 127.86 129.79 131.75 133.74 135.75 137.78 139.83 141.88 143.94 146.00 148.06 150.12 152.17 154.20 156.22 158.22 160.16 161.91 163.44 164.74 165.84 166.77 167.53
196.31 194.88 193.19 191.24 189.04 186.60 183.94 181.05 177.96 174.66 171.18 167.51 163.67 159.67 155.57 151.54 147.68 144.01 140.53 137.26 134.20 131.35 128.72 126.33 124.18 122.27 120.61 119.20 118.01 116.97 116.09 115.36 114.80 114.38 114.13 114.03 114.08 114.29 114.66 115.18 115.86 116.70 117.70 118.85 120.16 121.62 123.24 125.01 126.87 128.77 130.71 132.68 134.68 136.70 138.75 140.82 142.90 144.99 147.09 149.20 151.30 153.40 155.49 157.57 159.63 161.68 163.70 165.66 167.43 168.98 170.31 171.44 172.40
198.37 197.01 195.39 193.53 191.43 189.10 186.56 183.80 180.85 177.71 174.39 170.89 167.24 163.44 159.49 155.46 151.52 147.77 144.22 140.89 137.77 134.88 132.22 129.80 127.63 125.71 124.04 122.59 121.31 120.18 119.22 118.42 117.79 117.32 117.00 116.86 116.87 117.05 117.39 117.89 118.55 119.38 120.37 121.53 122.85 124.33 125.98 127.78 129.67 131.60 133.57 135.57 137.61 139.67 141.76 143.86 145.98 148.12 150.26 152.40 154.54 156.68 158.82 160.94 163.05 165.14 167.21 169.25 171.22 173.02 174.58 175.94 177.10
200.41 199.10 197.55 195.77 193.76 191.53 189.10 186.47 183.64 180.65 177.48 174.15 170.67 167.06 163.31 159.44 155.50 151.68 148.06 144.66 141.48 138.54 135.85 133.40 131.21 129.27 127.55 126.00 124.62 123.41 122.37 121.50 120.80 120.26 119.90 119.70 119.67 119.81 120.12 120.60 121.25 122.07 123.06 124.22 125.55 127.05 128.72 130.55 132.47 134.44 136.44 138.48 140.55 142.65 144.77 146.91 149.07 151.24 153.42 155.61 157.79 159.97 162.15 164.32 166.47 168.60 170.71 172.80 174.86 176.85 178.66 180.24 181.62
202.41 201.16 199.67 197.95 196.02 193.89 191.56 189.04 186.34 183.48 180.45 177.28 173.97 170.53 166.97 163.30 159.53 155.72 152.03 148.56 145.33 142.34 139.60 137.12 134.90 132.90 131.07 129.43 127.95 126.66 125.54 124.59 123.82 123.22 122.80 122.55 122.48 122.59 122.87 123.33 123.96 124.77 125.76 126.92 128.26 129.78 131.47 133.33 135.28 137.28 139.32 141.39 143.50 145.63 147.79 149.97 152.16 154.37 156.59 158.81 161.04 163.26 165.48 167.69 169.88 172.06 174.22 176.35 178.46 180.53 182.53 184.35 185.95
204.38 203.17 201.73 200.08 198.22 196.17 193.93 191.51 188.93 186.20 183.31 180.29 177.14 173.87 170.49 167.01 163.44 159.79 156.11 152.58 149.29 146.25 143.47 140.95 138.65 136.54 134.61 132.86 131.29 129.91 128.70 127.68 126.84 126.18 125.71 125.41 125.30 125.37 125.62 126.06 126.68 127.48 128.46 129.62 130.97 132.50 134.22 136.11 138.09 140.12 142.19 144.30 146.44 148.61 150.80 153.02 155.25 157.50 159.75 162.02 164.28 166.55 168.81 171.06 173.29 175.52 177.72 179.89 182.04 184.16 186.24 188.26 190.09
206.32 205.14 203.74 202.14 200.35 198.37 196.22 193.90 191.42 188.80 186.05 183.16 180.16 177.05 173.84 170.55 167.17 163.73 160.22 156.71 153.36 150.26 147.43 144.82 142.41 140.18 138.15 136.30 134.64 133.16 131.88 130.78 129.87 129.15 128.62 128.27 128.12 128.15 128.37 128.78 129.39 130.17 131.15 132.32 133.68 135.23 136.96 138.88 140.89 142.96 145.06 147.20 149.37 151.58 153.81 156.06 158.33 160.61 162.91 165.21 167.51 169.82 172.12 174.41 176.69 178.96 181.20 183.42 185.62 187.78 189.91 192.00 194.02
208.23 207.07 205.70 204.15 202.41 200.50 198.42 196.19 193.81 191.30 188.66 185.91 183.05 180.09 177.04 173.92 170.73 167.48 164.18 160.84 157.51 154.36 151.43 148.70 146.17 143.83 141.68 139.73 137.98 136.41 135.05 133.87 132.89 132.11 131.52 131.13 130.93 130.93 131.12 131.51 132.09 132.87 133.84 135.01 136.38 137.94 139.70 141.64 143.69 145.78 147.92 150.09 152.30 154.54 156.80 159.09 161.39 163.71 166.05 168.39 170.73 173.08 175.42 177.75 180.07 182.38 184.67 186.94 189.18 191.39 193.56 195.70 197.80
210.10 208.95 207.61 206.09 204.40 202.54 200.53 198.38 196.09 193.68 191.15 188.52 185.79 182.98 180.09 177.13 174.11 171.05 167.94 164.81 161.66 158.49 155.44 152.58 149.93 147.47 145.22 143.16 141.31 139.66 138.21 136.96 135.91 135.06 134.42 133.98 133.73 133.69 133.85 134.22 134.78 135.55 136.52 137.69 139.07 140.64 142.42 144.39 146.47 148.59 150.76 152.97 155.21 157.48 159.78 162.10 164.44 166.80 169.17 171.55 173.93 176.32 178.70 181.07 183.44 185.79 188.12 190.43 192.71 194.97 197.19 199.37 201.52
211.93 210.79 209.46 207.97 206.31 204.51 202.55 200.47 198.26 195.94 193.52 191.00 188.40 185.72 182.97 180.17 177.32 174.43 171.52 168.58 165.59 162.53 159.43 156.45 153.68 151.10 148.74 146.58 144.64 142.89 141.36 140.03 138.92 138.01 137.30 136.81 136.52 136.44 136.57 136.91 137.46 138.22 139.18 140.35 141.74 143.33 145.13 147.12 149.23 151.39 153.58 155.82 158.09 160.40 162.73 165.09 167.47 169.86 172.27 174.68 177.11 179.53 181.95 184.37 186.77 189.16 191.54 193.89 196.22 198.52 200.79 203.02 205.20
213.72 212.57 211.26 209.78 208.15 206.39 204.49 202.46 200.33 198.09 195.76 193.34 190.86 188.30 185.69 183.04 180.35 177.63 174.89 172.10 169.25 166.32 163.33 160.31 157.41 154.72 152.25 149.99 147.95 146.11 144.50 143.09 141.90 140.93 140.17 139.62 139.29 139.18 139.28 139.59 140.12 140.86 141.82 142.99 144.38 145.99 147.81 149.83 151.97 154.15 156.38 158.65 160.96 163.29 165.66 168.05 170.47 172.90 175.34 177.79 180.25 182.71 185.18 187.63 190.08 192.51 194.93 197.32 199.70 202.04 204.35 206.62 208.78
215.47 214.31 213.00 211.53 209.92 208.18 206.32 204.35 202.28 200.12 197.87 195.55 193.17 190.73 188.25 185.73 183.19 180.63 178.03 175.36 172.63 169.83 166.97 164.05 161.12 158.32 155.74 153.38 151.24 149.31 147.61 146.13 144.87 143.83 143.01 142.42 142.04 141.89 141.95 142.24 142.75 143.48 144.43 145.61 147.01 148.62 150.46 152.51 154.68 156.89 159.15 161.45 163.79 166.16 168.56 170.99 173.43 175.90 178.38 180.87 183.37 185.87 188.37 190.86 193.35 195.82 198.28 200.72 203.14 205.52 207.87 210.12 212.21
217.18 216.00 214.67 213.21 211.61 209.90 208.07 206.14 204.13 202.03 199.86 197.62 195.34 193.01 190.65 188.26 185.85 183.41 180.91 178.35 175.73 173.06 170.33 167.55 164.73 161.90 159.21 156.74 154.50 152.49 150.70 149.14 147.81 146.71 145.83 145.18 144.76 144.57 144.60 144.86 145.35 146.07 147.02 148.19 149.60 151.23 153.09 155.16 157.36 159.60 161.89 164.22 166.59 168.99 171.42 173.88 176.36 178.87 181.38 183.91 186.44 188.98 191.52 194.05 196.58 199.09 201.59 204.08 206.53 208.96 211.28 213.45 215.46
218.85 217.64 216.29 214.82 213.22 211.52 209.72 207.83 205.85 203.81 201.71 199.55 197.36 195.13 192.88 190.61 188.30 185.95 183.54 181.08 178.56 176.01 173.41 170.76 168.08 165.36 162.64 160.08 157.74 155.63 153.76 152.13 150.72 149.55 148.62 147.92 147.45 147.22 147.22 147.45 147.92 148.63 149.57 150.74 152.15 153.80 155.67 157.78 160.00 162.27 164.59 166.95 169.35 171.78 174.25 176.74 179.26 181.79 184.34 186.90 189.48 192.05 194.63 197.20 199.77 202.32 204.86 207.39 209.88 212.27 214.52 216.61 218.55
220.47 219.22 217.85 216.35 214.75 213.06 211.27 209.40 207.47 205.47 203.43 201.34 199.23 197.09 194.93 192.75 190.52 188.24 185.91 183.55 181.14 178.69 176.21 173.69 171.14 168.56 165.96 163.37 160.94 158.74 156.79 155.07 153.60 152.36 151.37 150.61 150.10 149.83 149.80 150.01 150.46 151.15 152.08 153.25 154.67 156.32 158.22 160.35 162.60 164.90 167.24 169.64 172.07 174.53 177.03 179.55 182.10 184.67 187.26 189.86 192.46 195.08 197.69 200.30 202.91 205.50 208.08 210.64 213.10 215.42 217.58 219.60 221.45
222.04 220.75 219.34 217.82 216.20 214.50 212.72 210.87 208.97 207.01 205.02 202.99 200.95 198.89 196.80 194.67 192.50 190.29 188.05 185.77 183.45 181.11 178.74 176.34 173.92 171.48 169.02 166.55 164.10 161.82 159.78 157.98 156.43 155.13 154.08 153.27 152.71 152.40 152.33 152.51 152.94 153.62 154.54 155.72 157.14 158.81 160.72 162.87 165.15 167.48 169.85 172.27 174.73 177.23 179.76 182.32 184.90 187.50 190.12 192.75 195.40 198.05 200.70 203.35 205.99 208.63 211.24 213.76 216.15 218.38 220.46 222.39 224.17
223.57 222.22 220.76 219.21 217.57 215.85 214.07 212.23 210.35 208.42 206.47 204.49 202.51 200.50 198.46 196.38 194.26 192.12 189.94 187.74 185.52 183.27 181.01 178.72 176.43 174.12 171.80 169.47 167.14 164.84 162.72 160.85 159.23 157.86 156.74 155.88 155.28 154.92 154.82 154.98 155.38 156.05 156.96 158.13 159.56 161.24 163.17 165.35 167.65 170.01 172.41 174.86 177.35 179.88 182.44 185.03 187.64 190.28 192.93 195.60 198.28 200.96 203.65 206.34 209.02 211.68 214.27 216.71 219.00 221.15 223.15 225.00 226.71
225.05 223.63 222.12 220.52 218.85 217.12 215.32 213.48 211.61 209.70 207.78 205.85 203.90 201.92 199.90 197.87 195.80 193.71 191.60 189.48 187.34 185.18 183.01 180.84 178.66 176.47 174.29 172.10 169.92 167.74 165.61 163.66 161.97 160.53 159.36 158.44 157.79 157.39 157.26 157.39 157.77 158.42 159.33 160.50 161.93 163.62 165.57 167.77 170.09 172.48 174.91 177.39 179.91 182.46 185.06 187.68 190.32 192.99 195.68 198.38 201.10 203.82 206.54 209.27 211.98 214.61 217.10 219.46 221.66 223.73 225.65 227.42 229.05
226.47 224.98 223.41 221.76 220.05 218.28 216.47 214.62 212.75 210.86 208.96 207.04 205.10 203.14 201.15 199.15 197.12 195.09 193.04 190.98 188.91 186.84 184.77 182.70 180.62 178.56 176.50 174.45 172.41 170.38 168.37 166.42 164.66 163.15 161.92 160.95 160.25 159.81 159.64 159.74 160.10 160.74 161.63 162.80 164.23 165.93 167.90 170.12 172.48 174.89 177.35 179.86 182.40 184.99 187.61 190.26 192.94 195.64 198.36 201.10 203.85 206.61 209.37 212.12 214.79 217.34 219.74 222.00 224.13 226.11 227.94 229.64 231.19
227.84 226.27 224.63 222.92 221.16 219.35 217.51 215.65 213.77 211.88 209.98 208.06 206.12 204.17 202.20 200.22 198.24 196.25 194.25 192.25 190.26 188.26 186.28 184.30 182.33 180.37 178.43 176.51 174.61 172.73 170.87 169.04 167.28 165.72 164.42 163.40 162.64 162.17 161.96 162.03 162.37 162.99 163.88 165.04 166.48 168.19 170.17 172.42 174.80 177.24 179.72 182.26 184.83 187.45 190.10 192.78 195.49 198.23 200.98 203.75 206.53 209.32 212.11 214.82 217.41 219.86 222.17 224.35 226.38 228.28 230.04 231.65 233.13
229.16 227.50 225.77 224.00 222.18 220.32 218.45 216.56 214.66 212.75 210.83 208.90 206.96 205.01 203.06 201.11 199.15 197.20 195.25 193.30 191.37 189.45 187.54 185.65 183.78 181.93 180.10 178.30 176.53 174.79 173.08 171.41 169.77 168.21 166.86 165.78 164.98 164.46 164.22 164.26 164.58 165.18 166.06 167.22 168.66 170.38 172.38 174.64 177.05 179.51 182.03 184.59 187.19 189.84 192.52 195.23 197.97 200.74 203.52 206.32 209.14 211.96 214.70 217.33 219.82 222.17 224.39 226.48 228.43 230.24 231.92 233.45 234.85
230.43 228.66 226.85 224.99 223.11 221.20 219.27 217.35 215.42 213.48 211.53 209.58 207.63 205.68 203.74 201.79 199.86 197.94 196.03 194.14 192.26 190.41 188.57 186.76 184.98 183.23 181.51 179.82 178.18 176.57 175.00 173.47 171.99 170.57 169.22 168.09 167.24 166.68 166.40 166.41 166.71 167.29 168.16 169.32 170.76 172.49 174.51 176.80 179.23 181.71 184.25 186.84 189.47 192.15 194.86 197.60 200.37 203.17 205.98 208.82 211.66 214.44 217.09 219.61 222.01 224.27 226.40 228.40 230.26 231.99 233.58 235.04 236.37
231.63 229.76 227.85 225.91 223.94 221.97 219.99 218.01 216.03 214.05 212.07 210.10 208.13 206.18 204.23 202.30 200.38 198.49 196.61 194.76 192.93 191.14 189.37 187.64 185.94 184.28 182.66 181.08 179.55 178.07 176.63 175.25 173.92 172.65 171.44 170.33 169.43 168.83 168.51 168.49 168.77 169.33 170.19 171.34 172.79 174.53 176.56 178.87 181.32 183.84 186.40 189.02 191.68 194.38 197.12 199.89 202.69 205.52 208.37 211.22 214.02 216.70 219.25 221.68 223.98 226.14 228.18 230.09 231.87 233.52 235.03 236.41 237.66
232.78 230.79 228.77 226.74 224.69 222.64 220.59 218.55 216.52 214.49 212.47 210.46 208.47 206.50 204.55 202.62 200.72 198.84 196.99 195.17 193.39 191.65 189.94 188.28 186.66 185.08 183.56 182.08 180.66 179.30 177.99 176.75 175.56 174.44 173.39 172.41 171.54 170.90 170.55 170.49 170.74 171.29 172.14 173.29 174.73 176.48 178.53 180.86 183.34 185.88 188.47 191.11 193.79 196.52 199.29 202.09 204.92 207.78 210.65 213.46 216.16 218.74 221.19 223.52 225.72 227.79 229.74 231.56 233.26 234.82 236.25 237.56 238.73
233.87 231.75 229.62 227.48 225.34 223.20 221.08 218.97 216.87 214.78 212.72 210.68 208.66 206.67 204.70 202.77 200.87 199.00 197.18 195.39 193.64 191.95 190.29 188.69 187.14 185.65 184.21 182.83 181.52 180.26 179.08 177.96 176.92 175.95 175.05 174.23 173.50 172.88 172.49 172.41 172.64 173.17 174.00 175.14 176.59 178.35 180.41 182.76 185.26 187.83 190.44 193.11 195.82 198.58 201.37 204.20 207.06 209.94 212.76 215.48 218.07 220.54 222.89 225.12 227.23 229.21 231.07 232.80 234.41 235.89 237.24 238.47 239.56
234.89 232.65 230.39 228.14 225.89 223.66 221.45 219.26 217.09 214.95 212.83 210.75 208.69 206.67 204.69 202.75 200.84 198.98 197.17 195.41 193.70 192.04 190.43 188.89 187.40 185.98 184.62 183.34 182.12 180.97 179.90 178.91 177.99 177.16 176.41 175.75 175.18 174.70 174.35 174.24 174.44 174.95 175.78 176.91 178.36 180.13 182.20 184.57 187.10 189.68 192.32 195.02 197.75 200.54 203.36 206.22 209.09 211.92 214.65 217.25 219.74 222.11 224.36 226.49 228.50 230.39 232.16 233.81 235.33 236.73 238.00 239.15 240.17
235.86 233.47 231.08 228.70 226.35 224.02 221.72 219.45 217.20 214.99 212.82 210.68 208.58 206.53 204.52 202.56 200.65 198.79 196.99 195.24 193.55 191.92 190.36 188.87 187.44 186.08 184.80 183.60 182.47 181.43 180.46 179.59 178.80 178.10 177.49 176.98 176.57 176.26 176.04 175.97 176.15 176.64 177.45 178.58 180.04 181.81 183.90 186.29 188.83 191.44 194.11 196.83 199.59 202.40 205.25 208.12 210.95 213.67 216.28 218.78 221.16 223.43 225.58 227.62 229.53 231.33 233.01 234.57 236.00 237.32 238.51 239.58 240.53
236.76 234.21 231.69 229.19 226.72 224.29 221.89 219.52 217.20 214.91 212.67 210.48 208.33 206.24 204.20 202.22 200.29 198.42 196.62 194.88 193.21 191.61 190.09 188.64 187.26 185.97 184.75 183.62 182.58 181.63 180.77 180.00 179.33 178.76 178.29 177.92 177.66 177.51 177.47 177.54 177.76 178.23 179.03 180.16 181.61 183.39 185.49 187.90 190.47 193.10 195.79 198.53 201.32 204.15 207.02 209.84 212.56 215.17 217.68 220.07 222.34 224.51 226.56 228.50 230.32 232.02 233.61 235.08 236.44 237.67 238.78 239.78 240.65
237.59 234.89 232.23 229.60 227.01 224.47 221.96 219.50 217.08 214.72 212.41 210.15 207.95 205.81 203.73 201.72 199.77 197.89 196.08 194.35 192.69 191.11 189.61 188.20 186.87 185.63 184.48 183.42 182.46 181.59 180.83 180.16 179.61 179.15 178.81 178.58 178.47 178.47 178.59 178.83 179.20 179.72 180.51 181.63 183.08 184.86 186.98 189.41 192.00 194.65 197.36 200.13 202.94 205.79 208.60 211.32 213.92 216.42 218.81 221.10 223.27 225.33 227.28 229.12 230.85 232.46 233.96 235.35 236.61 237.77 238.80 239.72 240.51
238.37 235.52 232.71 229.94 227.23 224.56 221.94 219.38 216.87 214.42 212.03 209.70 207.44 205.25 203.12 201.07 199.10 197.20 195.38 193.64 191.99 190.43 188.95 187.57 186.28 185.08 183.99 182.99 182.10 181.32 180.64 180.07 179.62 179.28 179.07 178.97 178.99 179.14 179.41 179.82 180.36 181.03 181.87 182.98 184.44 186.22 188.35 190.80 193.41 196.09 198.83 201.61 204.44 207.24 209.94 212.53 215.02 217.41 219.69 221.87 223.94 225.90 227.75 229.49 231.12 232.65 234.06 235.35 236.54 237.61 238.56 239.40 240.12
239.10 236.09 233.13 230.22 227.37 224.57 221.84 219.16 216.56 214.01 211.54 209.14 206.81 204.55 202.38 200.29 198.28 196.35 194.52 192.77 191.12 189.56 188.10 186.74 185.48 184.33 183.28 182.34 181.52 180.81 180.22 179.74 179.39 179.16 179.06 179.08 179.24 179.53 179.95 180.52 181.22 182.07 183.06 184.23 185.68 187.47 189.61 192.08 194.72 197.41 200.17 202.97 205.74 208.42 211.00 213.48 215.86 218.13 220.31 222.38 224.34 226.20 227.95 229.60 231.14 232.57 233.89 235.10 236.20 237.18 238.06 238.82 239.47
239.79 236.61 233.49 230.44 227.45 224.52 221.66 218.87 216.15 213.51 210.94 208.46 206.06 203.74 201.51 199.36 197.31 195.36 193.50 191.73 190.07 188.52 187.07 185.72 184.49 183.37 182.37 181.48 180.72 180.08 179.56 179.17 178.91 178.78 178.79 178.93 179.21 179.64 180.20 180.92 181.78 182.80 183.97 185.29 186.80 188.61 190.76 193.24 195.90 198.62 201.39 204.13 206.78 209.34 211.80 214.16 216.43 218.59 220.65 222.61 224.47 226.23 227.89 229.43 230.88 232.22 233.45 234.57 235.59 236.50 237.29 237.98 238.55
