data_output/recharge/precip/Precip_2011_03.asc
ncols        168
nrows        136
xllcorner    455000
yllcorner    2107000
cellsize     500
NODATA_value     -99999
[rows 74 to 110 of 136, columns 84 to 167 of 168]
3.77 3.89 4.03 4.18 4.34 4.50 4.67 4.85 5.04 5.22 5.41 5.61 5.80 5.98 6.16 6.34 6.51 6.68 6.84 7.00 7.14 7.29 7.43 7.56 7.68 7.80 7.92 8.02 8.11 8.19 8.26 8.32 8.36 8.39 8.42 8.43 8.44 8.44 8.43 8.41 8.39 8.37 8.34 8.31 8.27 8.23 8.19 8.15 8.11 8.07 8.03 8.00 7.96 7.93 7.90 7.86 7.83 7.80 7.77 7.74 7.71 7.67 7.64 7.61 7.58 7.54 7.51 7.47 7.45 7.50 7.69 8.02 8.49 9.08 9.79 10.61 11.53 12.54 13.64 14.82 16.07 17.38 18.74 20.15
3.55 3.68 3.82 3.97 4.13 4.29 4.47 4.65 4.83 5.02 5.21 5.40 5.59 5.77 5.94 6.12 6.28 6.45 6.60 6.76 6.90 7.05 7.18 7.31 7.43 7.55 7.66 7.77 7.87 7.95 8.02 8.09 8.13 8.17 8.20 8.22 8.23 8.23 8.23 8.22 8.20 8.18 8.15 8.12 8.09 8.05 8.02 7.98 7.94 7.90 7.86 7.83 7.80 7.76 7.73 7.70 7.67 7.64 7.61 7.58 7.55 7.52 7.49 7.46 7.43 7.40 7.37 7.34 7.40 7.60 7.94 8.41 9.02 9.74 10.58 11.52 12.55 13.68 14.88 16.15 17.49 18.88 20.33 21.81
3.34 3.47 3.61 3.77 3.93 4.09 4.27 4.45 4.63 4.82 5.01 5.20 5.38 5.55 5.73 5.89 6.06 6.22 6.37 6.52 6.67 6.80 6.94 7.07 7.19 7.30 7.41 7.52 7.62 7.71 7.78 7.85 7.91 7.95 7.98 8.01 8.02 8.03 8.03 8.02 8.01 7.99 7.97 7.94 7.91 7.87 7.84 7.80 7.76 7.73 7.69 7.66 7.63 7.60 7.57 7.54 7.51 7.48 7.46 7.43 7.40 7.37 7.35 7.32 7.29 7.26 7.24 7.30 7.50 7.85 8.34 8.96 9.70 10.55 11.51 12.57 13.71 14.94 16.24 17.61 19.03 20.51 22.02 23.57
3.14 3.27 3.42 3.57 3.73 3.90 4.08 4.26 4.44 4.63 4.81 4.99 5.17 5.34 5.51 5.68 5.84 5.99 6.14 6.29 6.43 6.57 6.70 6.82 6.94 7.06 7.17 7.27 7.37 7.46 7.54 7.61 7.68 7.72 7.76 7.79 7.81 7.82 7.83 7.83 7.82 7.80 7.78 7.76 7.73 7.70 7.66 7.63 7.59 7.56 7.53 7.50 7.47 7.44 7.41 7.38 7.36 7.33 7.31 7.28 7.26 7.23 7.21 7.18 7.15 7.14 7.20 7.41 7.77 8.27 8.90 9.65 10.52 11.50 12.58 13.75 15.00 16.33 17.72 19.18 20.69 22.24 23.82 25.44
2.94 3.08 3.22 3.38 3.54 3.71 3.89 4.07 4.26 4.44 4.62 4.79 4.97 5.13 5.30 5.46 5.61 5.77 5.91 6.06 6.20 6.33 6.46 6.58 6.70 6.82 6.92 7.03 7.12 7.21 7.30 7.38 7.44 7.50 7.54 7.58 7.60 7.62 7.63 7.63 7.62 7.61 7.59 7.57 7.55 7.52 7.49 7.46 7.42 7.39 7.36 7.33 7.30 7.28 7.25 7.23 7.21 7.18 7.16 7.14 7.12 7.09 7.07 7.05 7.03 7.10 7.32 7.69 8.20 8.84 9.61 10.50 11.49 12.59 13.78 15.06 16.41 17.84 19.32 20.86 22.45 24.08 25.73 27.41
2.76 2.90 3.04 3.20 3.37 3.54 3.72 3.90 4.08 4.25 4.43 4.60 4.76 4.93 5.09 5.24 5.40 5.55 5.69 5.83 5.97 6.10 6.23 6.35 6.46 6.58 6.68 6.78 6.88 6.97 7.06 7.13 7.21 7.27 7.32 7.36 7.39 7.41 7.42 7.43 7.43 7.42 7.41 7.39 7.37 7.34 7.31 7.28 7.25 7.22 7.20 7.17 7.15 7.12 7.10 7.08 7.06 7.04 7.02 7.00 6.98 6.96 6.94 6.93 7.00 7.23 7.61 8.12 8.78 9.56 10.47 11.48 12.60 13.81 15.12 16.50 17.95 19.47 21.04 22.67 24.33 26.02 27.74 29.47
2.58 2.72 2.87 3.03 3.20 3.37 3.55 3.72 3.90 4.07 4.24 4.40 4.56 4.72 4.88 5.03 5.18 5.33 5.47 5.61 5.74 5.87 5.99 6.11 6.23 6.34 6.45 6.55 6.64 6.73 6.82 6.90 6.97 7.04 7.09 7.14 7.18 7.20 7.22 7.23 7.23 7.23 7.22 7.21 7.19 7.17 7.14 7.12 7.09 7.06 7.04 7.01 6.99 6.97 6.95 6.93 6.91 6.90 6.88 6.86 6.85 6.83 6.83 6.90 7.14 7.52 8.05 8.72 9.52 10.44 11.47 12.61 13.85 15.18 16.58 18.07 19.62 21.22 22.88 24.58 26.31 28.07 29.85 31.63
2.41 2.55 2.71 2.87 3.04 3.21 3.38 3.55 3.72 3.89 4.05 4.21 4.37 4.52 4.68 4.82 4.97 5.11 5.25 5.39 5.52 5.64 5.77 5.88 6.00 6.11 6.21 6.31 6.41 6.50 6.58 6.66 6.74 6.81 6.87 6.92 6.96 6.99 7.02 7.03 7.04 7.04 7.04 7.03 7.01 7.00 6.97 6.95 6.92 6.90 6.88 6.86 6.84 6.82 6.81 6.79 6.78 6.76 6.75 6.74 6.72 6.72 6.80 7.04 7.44 7.98 8.66 9.47 10.41 11.46 12.62 13.88 15.23 16.67 18.18 19.76 21.40 23.09 24.83 26.60 28.40 30.22 32.05 33.89
2.25 2.40 2.55 2.72 2.89 3.05 3.22 3.38 3.55 3.71 3.87 4.02 4.18 4.33 4.47 4.62 4.76 4.90 5.04 5.17 5.30 5.42 5.54 5.66 5.77 5.88 5.98 6.08 6.18 6.27 6.35 6.43 6.51 6.58 6.64 6.70 6.75 6.78 6.81 6.84 6.85 6.85 6.85 6.85 6.84 6.82 6.81 6.79 6.76 6.74 6.72 6.71 6.69 6.68 6.67 6.65 6.64 6.63 6.62 6.61 6.61 6.70 6.95 7.35 7.90 8.60 9.42 10.38 11.45 12.63 13.91 15.29 16.75 18.29 19.91 21.58 23.31 25.08 26.89 28.73 30.59 32.47 34.35 36.23
2.11 2.26 2.41 2.58 2.74 2.90 3.06 3.22 3.38 3.53 3.68 3.84 3.98 4.13 4.28 4.42 4.56 4.69 4.82 4.95 5.08 5.20 5.32 5.44 5.55 5.66 5.76 5.86 5.95 6.04 6.13 6.21 6.28 6.35 6.42 6.48 6.53 6.58 6.61 6.64 6.66 6.67 6.67 6.67 6.67 6.66 6.64 6.62 6.61 6.59 6.57 6.56 6.55 6.54 6.53 6.52 6.51 6.51 6.50 6.51 6.60 6.85 7.26 7.82 8.53 9.37 10.35 11.44 12.64 13.94 15.35 16.84 18.41 20.05 21.76 23.52 25.33 27.18 29.06 30.97 32.89 34.82 36.75 38.67
1.97 2.12 2.28 2.44 2.59 2.75 2.90 3.06 3.21 3.36 3.51 3.65 3.80 3.94 4.08 4.22 4.35 4.49 4.62 4.74 4.87 4.99 5.11 5.22 5.33 5.44 5.54 5.64 5.73 5.82 5.91 5.99 6.06 6.14 6.20 6.26 6.32 6.37 6.41 6.44 6.47 6.48 6.49 6.50 6.50 6.49 6.48 6.47 6.45 6.44 6.43 6.42 6.41 6.40 6.40 6.39 6.39 6.39 6.40 6.49 6.75 7.17 7.75 8.47 9.32 10.31 11.42 12.64 13.97 15.40 16.92 18.52 20.19 21.93 23.73 25.57 27.46 29.39 31.34 33.30 35.28 37.26 39.24 41.20
1.85 2.00 2.15 2.30 2.45 2.60 2.75 2.90 3.04 3.19 3.33 3.47 3.61 3.75 3.89 4.02 4.16 4.29 4.41 4.54 4.66 4.78 4.89 5.01 5.11 5.22 5.32 5.42 5.51 5.60 5.69 5.77 5.85 5.92 5.99 6.05 6.11 6.16 6.21 6.25 6.28 6.30 6.32 6.32 6.33 6.33 6.32 6.31 6.30 6.29 6.28 6.28 6.27 6.27 6.27 6.27 6.27 6.28 6.39 6.65 7.08 7.67 8.40 9.27 10.28 11.40 12.65 14.00 15.45 17.00 18.63 20.33 22.10 23.94 25.82 27.75 29.71 31.71 33.72 35.75 37.78 39.80 41.81 43.81
1.74 1.88 2.03 2.17 2.31 2.46 2.60 2.74 2.88 3.02 3.16 3.30 3.43 3.57 3.70 3.83 3.96 4.09 4.21 4.33 4.45 4.57 4.68 4.80 4.90 5.01 5.11 5.21 5.30 5.39 5.48 5.56 5.64 5.71 5.78 5.85 5.91 5.96 6.01 6.05 6.09 6.12 6.14 6.15 6.16 6.17 6.17 6.16 6.15 6.15 6.15 6.14 6.15 6.15 6.15 6.15 6.17 6.28 6.55 6.99 7.58 8.33 9.22 10.24 11.39 12.65 14.03 15.51 17.08 18.73 20.47 22.28 24.14 26.07 28.03 30.04 32.08 34.13 36.21 38.29 40.36 42.43 44.48 46.50
1.63 1.77 1.90 2.04 2.18 2.31 2.45 2.59 2.72 2.86 2.99 3.13 3.26 3.39 3.52 3.64 3.77 3.89 4.02 4.14 4.25 4.37 4.48 4.59 4.70 4.80 4.90 5.00 5.09 5.18 5.27 5.35 5.43 5.51 5.58 5.65 5.71 5.76 5.82 5.86 5.91 5.94 5.97 5.99 6.00 6.01 6.01 6.01 6.01 6.01 6.01 6.02 6.02 6.03 6.03 6.06 6.17 6.45 6.89 7.50 8.26 9.16 10.20 11.37 12.65 14.05 15.55 17.15 18.84 20.61 22.45 24.35 26.31 28.32 30.36 32.44 34.55 36.67 38.80 40.92 43.04 45.15 47.23 49.28
1.52 1.65 1.78 1.91 2.04 2.18 2.31 2.44 2.57 2.70 2.83 2.96 3.08 3.21 3.34 3.46 3.58 3.70 3.82 3.94 4.06 4.17 4.28 4.39 4.50 4.60 4.70 4.80 4.89 4.98 5.07 5.15 5.23 5.31 5.38 5.45 5.51 5.57 5.63 5.68 5.72 5.76 5.80 5.82 5.84 5.86 5.87 5.87 5.87 5.88 5.88 5.89 5.90 5.91 5.94 6.05 6.34 6.80 7.41 8.19 9.10 10.16 11.34 12.65 14.07 15.60 17.23 18.94 20.74 22.61 24.55 26.55 28.60 30.68 32.81 34.96 37.12 39.30 41.48 43.66 45.82 47.96 50.07 52.14
1.42 1.54 1.67 1.79 1.92 2.04 2.17 2.29 2.42 2.54 2.67 2.79 2.92 3.04 3.16 3.28 3.40 3.52 3.64 3.75 3.87 3.98 4.09 4.19 4.30 4.40 4.50 4.60 4.69 4.78 4.87 4.96 5.04 5.12 5.19 5.26 5.33 5.39 5.45 5.50 5.55 5.59 5.63 5.66 5.69 5.71 5.72 5.73 5.74 5.75 5.76 5.77 5.79 5.82 5.94 6.23 6.70 7.32 8.11 9.04 10.11 11.32 12.65 14.09 15.65 17.30 19.04 20.87 22.78 24.75 26.79 28.87 31.00 33.17 35.36 37.58 39.81 42.04 44.27 46.48 48.68 50.85 52.98 55.07
1.32 1.43 1.55 1.67 1.79 1.91 2.03 2.15 2.27 2.39 2.51 2.63 2.75 2.87 2.99 3.11 3.22 3.34 3.45 3.57 3.68 3.79 3.90 4.00 4.11 4.21 4.31 4.41 4.50 4.59 4.68 4.77 4.85 4.93 5.00 5.08 5.14 5.21 5.27 5.33 5.38 5.42 5.47 5.51 5.54 5.56 5.58 5.60 5.61 5.62 5.64 5.66 5.69 5.82 6.12 6.59 7.23 8.03 8.98 10.07 11.29 12.64 14.11 15.69 17.37 19.14 21.00 22.94 24.95 27.02 29.15 31.32 33.53 35.77 38.03 40.31 42.59 44.88 47.15 49.40 51.63 53.83 55.98 58.08
1.22 1.33 1.44 1.55 1.67 1.78 1.90 2.01 2.13 2.24 2.36 2.47 2.59 2.71 2.82 2.94 3.05 3.16 3.28 3.39 3.50 3.60 3.71 3.82 3.92 4.02 4.12 4.22 4.31 4.40 4.49 4.58 4.66 4.75 4.82 4.90 4.97 5.03 5.10 5.16 5.21 5.26 5.31 5.35 5.39 5.42 5.45 5.47 5.49 5.51 5.53 5.56 5.70 6.00 6.49 7.14 7.95 8.91 10.02 11.26 12.63 14.12 15.73 17.43 19.24 21.13 23.10 25.15 27.26 29.42 31.63 33.89 36.17 38.48 40.81 43.15 45.48 47.81 50.12 52.41 54.67 56.88 59.05 61.17
1.13 1.23 1.34 1.44 1.55 1.66 1.77 1.88 1.99 2.10 2.21 2.32 2.43 2.55 2.66 2.77 2.88 2.99 3.10 3.21 3.32 3.43 3.53 3.64 3.74 3.84 3.94 4.03 4.13 4.22 4.31 4.40 4.49 4.57 4.65 4.72 4.80 4.87 4.93 5.00 5.05 5.11 5.16 5.21 5.25 5.29 5.32 5.34 5.37 5.39 5.43 5.57 5.89 6.38 7.04 7.86 8.84 9.96 11.23 12.62 14.13 15.76 17.50 19.33 21.25 23.26 25.34 27.49 29.69 31.94 34.24 36.57 38.93 41.31 43.69 46.08 48.47 50.84 53.18 55.50 57.78 60.02 62.20 64.32
1.04 1.14 1.23 1.33 1.44 1.54 1.64 1.75 1.85 1.96 2.07 2.17 2.28 2.39 2.50 2.61 2.72 2.83 2.93 3.04 3.15 3.25 3.36 3.46 3.56 3.66 3.76 3.86 3.95 4.05 4.14 4.23 4.31 4.40 4.48 4.56 4.63 4.70 4.77 4.84 4.90 4.96 5.02 5.07 5.11 5.16 5.19 5.23 5.26 5.30 5.44 5.76 6.26 6.94 7.77 8.77 9.91 11.19 12.60 14.14 15.79 17.56 19.42 21.37 23.41 25.53 27.71 29.96 32.25 34.59 36.97 39.38 41.80 44.24 46.68 49.12 51.55 53.96 56.34 58.68 60.98 63.23 65.43 67.55
0.95 1.04 1.14 1.23 1.33 1.42 1.52 1.62 1.72 1.82 1.93 2.03 2.14 2.24 2.35 2.45 2.56 2.66 2.77 2.87 2.98 3.08 3.19 3.29 3.39 3.49 3.59 3.69 3.78 3.88 3.97 4.06 4.15 4.23 4.32 4.40 4.47 4.55 4.62 4.69 4.76 4.82 4.88 4.93 4.98 5.03 5.07 5.11 5.16 5.31 5.64 6.15 6.83 7.68 8.69 9.85 11.15 12.58 14.14 15.82 17.61 19.51 21.49 23.56 25.71 27.94 30.22 32.56 34.94 37.36 39.82 42.29 44.78 47.28 49.77 52.26 54.73 57.17 59.58 61.95 64.26 66.52 68.72 70.84
0.87 0.96 1.04 1.13 1.22 1.31 1.41 1.50 1.60 1.69 1.79 1.89 1.99 2.10 2.20 2.30 2.40 2.51 2.61 2.71 2.82 2.92 3.02 3.12 3.22 3.32 3.42 3.52 3.62 3.71 3.80 3.90 3.99 4.07 4.16 4.24 4.32 4.40 4.48 4.55 4.62 4.68 4.75 4.81 4.86 4.91 4.96 5.01 5.14 5.48 6.00 6.69 7.55 8.58 9.75 11.07 12.53 14.11 15.82 17.64 19.56 21.58 23.68 25.87 28.13 30.45 32.83 35.26 37.73 40.23 42.75 45.29 47.85 50.40 52.94 55.47 57.97 60.44 62.88 65.26 67.60 69.86 72.06 74.18
0.80 0.88 0.96 1.04 1.12 1.21 1.30 1.39 1.48 1.57 1.67 1.76 1.86 1.96 2.06 2.16 2.26 2.36 2.46 2.56 2.66 2.76 2.86 2.96 3.06 3.16 3.26 3.36 3.46 3.55 3.65 3.74 3.83 3.92 4.01 4.09 4.17 4.25 4.33 4.41 4.48 4.55 4.62 4.68 4.74 4.80 4.85 4.92 5.12 5.61 6.31 7.19 8.23 9.43 10.77 12.25 13.86 15.59 17.43 19.39 21.44 23.58 25.80 28.10 30.46 32.89 35.36 37.88 40.43 43.00 45.60 48.21 50.81 53.42 56.01 58.57 61.11 63.61 66.07 68.47 70.81 73.09 75.28 77.39
0.74 0.81 0.88 0.96 1.04 1.12 1.20 1.28 1.37 1.46 1.55 1.64 1.73 1.83 1.92 2.02 2.12 2.21 2.31 2.41 2.51 2.61 2.71 2.81 2.91 3.01 3.11 3.20 3.30 3.40 3.49 3.58 3.68 3.77 3.86 3.94 4.03 4.11 4.19 4.27 4.35 4.42 4.49 4.56 4.62 4.69 4.76 4.85 5.08 5.63 6.48 7.54 8.76 10.12 11.63 13.26 15.02 16.90 18.89 20.97 23.15 25.42 27.76 30.16 32.63 35.15 37.72 40.32 42.95 45.60 48.26 50.93 53.60 56.25 58.88 61.49 64.06 66.59 69.07 71.48 73.83 76.11 78.30 80.40
0.69 0.75 0.82 0.89 0.96 1.03 1.11 1.19 1.27 1.35 1.44 1.52 1.61 1.70 1.80 1.89 1.98 2.08 2.17 2.27 2.37 2.47 2.56 2.66 2.76 2.86 2.96 3.05 3.15 3.25 3.34 3.43 3.53 3.62 3.71 3.80 3.89 3.97 4.05 4.14 4.21 4.29 4.37 4.44 4.51 4.59 4.68 4.81 5.07 5.64 6.55 7.75 9.14 10.67 12.33 14.13 16.04 18.06 20.18 22.40 24.70 27.09 29.54 32.06 34.63 37.24 39.90 42.59 45.30 48.02 50.75 53.48 56.20 58.90 61.57 64.22 66.82 69.37 71.87 74.30 76.65 78.93 81.11 83.20
0.65 0.70 0.76 0.83 0.89 0.96 1.03 1.10 1.18 1.26 1.34 1.42 1.50 1.59 1.68 1.77 1.86 1.95 2.04 2.14 2.23 2.33 2.42 2.52 2.62 2.71 2.81 2.91 3.00 3.10 3.19 3.29 3.38 3.47 3.57 3.66 3.75 3.83 3.92 4.00 4.08 4.16 4.24 4.32 4.40 4.50 4.63 4.79 5.07 5.67 6.60 7.84 9.36 11.06 12.89 14.83 16.89 19.05 21.31 23.66 26.09 28.59 31.16 33.78 36.45 39.16 41.91 44.68 47.46 50.26 53.05 55.84 58.61 61.36 64.08 66.75 69.38 71.96 74.47 76.91 79.27 81.55 83.73 85.80
0.62 0.67 0.72 0.77 0.83 0.89 0.96 1.02 1.09 1.17 1.24 1.32 1.40 1.48 1.57 1.65 1.74 1.83 1.92 2.01 2.10 2.19 2.29 2.38 2.48 2.57 2.67 2.76 2.86 2.96 3.05 3.15 3.24 3.33 3.43 3.52 3.61 3.70 3.79 3.87 3.96 4.04 4.12 4.21 4.32 4.44 4.60 4.78 5.10 5.72 6.66 7.92 9.48 11.30 13.29 15.38 17.59 19.89 22.29 24.76 27.32 29.93 32.61 35.34 38.11 40.91 43.74 46.59 49.45 52.31 55.17 58.02 60.84 63.63 66.39 69.10 71.76 74.35 76.88 79.33 81.70 83.97 86.14 88.20
0.60 0.64 0.68 0.73 0.78 0.84 0.90 0.96 1.02 1.09 1.16 1.23 1.31 1.38 1.46 1.54 1.63 1.71 1.80 1.89 1.98 2.07 2.16 2.25 2.34 2.44 2.53 2.63 2.72 2.82 2.91 3.01 3.10 3.20 3.29 3.38 3.47 3.57 3.66 3.74 3.83 3.92 4.01 4.12 4.24 4.40 4.58 4.79 5.13 5.78 6.74 8.01 9.58 11.43 13.53 15.78 18.13 20.57 23.10 25.70 28.38 31.11 33.89 36.72 39.59 42.49 45.40 48.33 51.26 54.19 57.11 60.01 62.88 65.72 68.51 71.26 73.94 76.56 79.10 81.56 83.92 86.19 88.35 90.40
0.59 0.62 0.66 0.70 0.75 0.79 0.84 0.90 0.96 1.02 1.08 1.15 1.22 1.29 1.37 1.44 1.52 1.60 1.69 1.77 1.86 1.95 2.03 2.13 2.22 2.31 2.40 2.50 2.59 2.68 2.78 2.87 2.97 3.06 3.16 3.25 3.34 3.44 3.53 3.62 3.71 3.80 3.91 4.04 4.19 4.37 4.57 4.81 5.18 5.85 6.83 8.11 9.68 11.54 13.67 16.03 18.52 21.10 23.75 26.48 29.27 32.12 35.01 37.94 40.90 43.89 46.89 49.89 52.90 55.89 58.87 61.83 64.74 67.62 70.45 73.23 75.93 78.57 81.12 83.58 85.95 88.21 90.36 92.39
0.60 0.62 0.65 0.68 0.72 0.76 0.80 0.85 0.90 0.96 1.01 1.08 1.14 1.21 1.28 1.35 1.43 1.50 1.58 1.66 1.75 1.83 1.92 2.01 2.09 2.19 2.28 2.37 2.46 2.56 2.65 2.74 2.84 2.93 3.03 3.12 3.22 3.31 3.40 3.49 3.59 3.70 3.83 3.97 4.15 4.35 4.58 4.85 5.24 5.93 6.93 8.22 9.80 11.65 13.77 16.15 18.75 21.46 24.25 27.10 30.01 32.97 35.96 38.99 42.05 45.12 48.20 51.28 54.36 57.42 60.45 63.46 66.42 69.34 72.20 75.00 77.73 80.38 82.95 85.41 87.78 90.03 92.17 94.18
0.61 0.62 0.64 0.67 0.70 0.73 0.77 0.81 0.86 0.90 0.96 1.01 1.07 1.13 1.20 1.27 1.34 1.41 1.48 1.56 1.64 1.72 1.81 1.89 1.98 2.07 2.16 2.25 2.34 2.43 2.52 2.62 2.71 2.81 2.90 3.00 3.09 3.19 3.28 3.38 3.49 3.61 3.75 3.92 4.11 4.33 4.59 4.89 5.31 6.02 7.03 8.33 9.92 11.77 13.89 16.25 18.86 21.67 24.58 27.56 30.58 33.65 36.75 39.88 43.02 46.18 49.34 52.50 55.64 58.76 61.85 64.91 67.92 70.87 73.77 76.60 79.35 82.01 84.58 87.05 89.41 91.66 93.78 95.76
0.63 0.64 0.65 0.67 0.69 0.72 0.75 0.78 0.82 0.86 0.91 0.96 1.01 1.07 1.13 1.19 1.25 1.32 1.39 1.47 1.54 1.62 1.70 1.78 1.87 1.95 2.04 2.13 2.22 2.31 2.40 2.50 2.59 2.69 2.78 2.87 2.97 3.07 3.16 3.27 3.39 3.53 3.69 3.87 4.09 4.33 4.61 4.93 5.39 6.12 7.14 8.45 10.04 11.89 14.00 16.35 18.94 21.76 24.76 27.85 30.99 34.17 37.37 40.59 43.83 47.07 50.31 53.54 56.75 59.93 63.07 66.18 69.23 72.22 75.15 78.00 80.77 83.44 86.02 88.49 90.85 93.08 95.18 97.15
0.66 0.67 0.67 0.68 0.69 0.71 0.73 0.76 0.79 0.83 0.87 0.91 0.96 1.01 1.06 1.12 1.18 1.24 1.31 1.38 1.45 1.53 1.60 1.68 1.76 1.85 1.93 2.02 2.11 2.20 2.29 2.38 2.47 2.57 2.66 2.76 2.85 2.95 3.06 3.17 3.31 3.46 3.63 3.83 4.07 4.33 4.64 4.99 5.46 6.22 7.26 8.58 10.17 12.02 14.11 16.45 19.03 21.82 24.82 27.99 31.24 34.52 37.83 41.14 44.47 47.79 51.11 54.41 57.68 60.92 64.12 67.27 70.36 73.39 76.34 79.22 82.00 84.69 87.27 89.74 92.09 94.31 96.39 98.33
0.70 0.70 0.70 0.70 0.70 0.71 0.73 0.75 0.77 0.80 0.83 0.87 0.91 0.96 1.01 1.06 1.11 1.17 1.23 1.30 1.37 1.44 1.51 1.59 1.67 1.75 1.83 1.91 2.00 2.09 2.18 2.27 2.36 2.45 2.55 2.64 2.74 2.84 2.95 3.08 3.22 3.39 3.58 3.80 4.05 4.34 4.66 5.04 5.54 6.31 7.37 8.70 10.29 12.14 14.23 16.55 19.10 21.87 24.84 28.01 31.33 34.72 38.12 41.53 44.94 48.34 51.73 55.10 58.44 61.73 64.98 68.18 71.31 74.37 77.35 80.24 83.04 85.74 88.33 90.79 93.13 95.34 97.40 99.31
0.74 0.74 0.73 0.73 0.73 0.73 0.74 0.75 0.76 0.79 0.81 0.84 0.88 0.92 0.96 1.00 1.05 1.11 1.17 1.23 1.29 1.36 1.43 1.50 1.57 1.65 1.73 1.81 1.90 1.98 2.07 2.16 2.25 2.34 2.44 2.53 2.63 2.74 2.85 2.99 3.14 3.32 3.52 3.76 4.03 4.34 4.69 5.09 5.62 6.41 7.48 8.82 10.41 12.26 14.34 16.65 19.18 21.92 24.86 27.99 31.30 34.75 38.24 41.75 45.24 48.73 52.19 55.62 59.02 62.37 65.67 68.90 72.07 75.17 78.17 81.09 83.90 86.60 89.19 91.65 93.98 96.17 98.21 100.10
0.79 0.78 0.77 0.77 0.76 0.75 0.75 0.76 0.77 0.78 0.80 0.82 0.85 0.88 0.92 0.96 1.00 1.05 1.10 1.16 1.22 1.28 1.35 1.42 1.49 1.56 1.64 1.72 1.80 1.88 1.97 2.06 2.15 2.24 2.33 2.42 2.52 2.63 2.76 2.90 3.06 3.25 3.47 3.72 4.01 4.34 4.72 5.14 5.69 6.50 7.59 8.93 10.53 12.37 14.44 16.73 19.24 21.95 24.86 27.95 31.22 34.65 38.21 41.80 45.38 48.94 52.47 55.97 59.43 62.83 66.18 69.45 72.66 75.78 78.81 81.74 84.57 87.28 89.86 92.32 94.64 96.81 98.82 100.68
0.85 0.83 0.82 0.81 0.80 0.79 0.78 0.77 0.78 0.78 0.79 0.81 0.83 0.86 0.89 0.92 0.96 1.00 1.05 1.10 1.16 1.21 1.28 1.34 1.41 1.48 1.55 1.63 1.71 1.79 1.87 1.96 2.05 2.13 2.22 2.31 2.42 2.53 2.66 2.81 2.98 3.18 3.41 3.68 3.99 4.34 4.74 5.18 5.76 6.59 7.69 9.04 10.64 12.47 14.53 16.81 19.30 21.98 24.86 27.91 31.13 34.51 38.04 41.69 45.35 48.98 52.58 56.15 59.66 63.12 66.51 69.83 73.06 76.21 79.26 82.21 85.05 87.76 90.34 92.79 95.10 97.25 99.24 101.06
