data_output/recharge/precip/Precip_1986_06.asc
ncols        168
nrows        136
xllcorner    455000
yllcorner    2107000
cellsize     500
NODATA_value     -99999
[rows 64 to 95 of 136, columns 0 to 70 of 168]
329.32 336.19 341.77 346.18 349.56 352.02 353.68 354.67 355.11 355.11 354.81 354.33 353.77 353.28 352.93 352.53 351.94 351.17 350.23 349.11 347.83 346.39 344.79 343.04 341.15 339.12 336.96 334.66 332.25 329.72 327.08 324.33 321.48 318.54 315.53 312.56 309.68 306.89 304.18 301.54 298.97 296.47 294.03 291.63 289.28 286.98 284.70 282.44 280.16 277.84 275.48 273.09 270.69 268.27 265.85 263.44 261.04 258.66 256.31 254.00 251.73 249.51 247.36 245.27 243.26 241.34 239.51 237.76 235.99 234.18 232.31
329.20 336.36 342.22 346.91 350.54 353.24 355.13 356.33 356.97 357.15 357.02 356.69 356.27 355.90 355.66 355.35 354.86 354.18 353.31 352.26 351.05 349.66 348.11 346.41 344.56 342.56 340.42 338.14 335.74 333.21 330.56 327.80 324.93 321.97 318.90 315.77 312.67 309.66 306.74 303.89 301.11 298.41 295.76 293.16 290.62 288.12 285.64 283.15 280.62 278.06 275.48 272.88 270.28 267.69 265.10 262.54 260.00 257.49 255.03 252.62 250.27 247.98 245.77 243.64 241.61 239.67 237.83 236.10 234.35 232.56 230.73
329.08 336.54 342.69 347.65 351.53 354.47 356.59 358.00 358.83 359.20 359.23 359.05 358.77 358.52 358.39 358.18 357.78 357.18 356.39 355.42 354.26 352.93 351.44 349.78 347.96 345.99 343.87 341.61 339.21 336.69 334.04 331.26 328.38 325.38 322.28 319.09 315.82 312.59 309.44 306.38 303.38 300.46 297.60 294.80 292.05 289.33 286.61 283.85 281.07 278.27 275.47 272.67 269.87 267.10 264.34 261.62 258.95 256.31 253.74 251.23 248.79 246.44 244.17 242.00 239.93 237.98 236.14 234.42 232.69 230.93 229.12
328.97 336.73 343.16 348.38 352.52 355.70 358.04 359.66 360.69 361.24 361.44 361.40 361.26 361.14 361.11 361.00 360.69 360.18 359.47 358.56 357.47 356.20 354.75 353.14 351.35 349.41 347.32 345.07 342.68 340.16 337.50 334.72 331.81 328.79 325.66 322.42 319.08 315.68 312.30 309.00 305.79 302.64 299.56 296.54 293.57 290.59 287.58 284.56 281.53 278.49 275.47 272.45 269.47 266.51 263.59 260.71 257.89 255.13 252.45 249.84 247.32 244.89 242.56 240.35 238.25 236.28 234.44 232.73 231.02 229.28 227.50
328.85 336.91 343.62 349.12 353.51 356.93 359.49 361.32 362.54 363.27 363.64 363.76 363.75 363.75 363.83 363.82 363.60 363.17 362.53 361.70 360.67 359.46 358.06 356.48 354.74 352.82 350.75 348.52 346.14 343.61 340.95 338.15 335.23 332.18 329.01 325.73 322.35 318.86 315.31 311.78 308.32 304.95 301.64 298.38 295.13 291.85 288.57 285.28 282.00 278.73 275.48 272.25 269.07 265.93 262.84 259.81 256.85 253.96 251.16 248.45 245.84 243.34 240.96 238.70 236.57 234.58 232.74 231.03 229.34 227.62 225.87
328.73 337.08 344.08 349.84 354.49 358.15 360.94 362.98 364.39 365.30 365.83 366.10 366.23 366.35 366.53 366.62 366.49 366.15 365.59 364.82 363.86 362.70 361.35 359.82 358.10 356.22 354.16 351.95 349.58 347.05 344.38 341.57 338.62 335.55 332.35 329.03 325.59 322.05 318.41 314.69 311.00 307.38 303.83 300.28 296.72 293.15 289.58 286.03 282.49 278.98 275.51 272.07 268.69 265.36 262.10 258.92 255.81 252.80 249.88 247.08 244.38 241.81 239.36 237.06 234.90 232.89 231.04 229.34 227.67 225.97 224.25
328.60 337.25 344.53 350.56 355.46 359.36 362.37 364.62 366.23 367.32 368.01 368.43 368.70 368.93 369.23 369.41 369.37 369.11 368.63 367.93 367.03 365.92 364.62 363.13 361.45 359.59 357.56 355.36 352.99 350.47 347.79 344.96 342.00 338.89 335.66 332.30 328.81 325.22 321.51 317.70 313.82 309.94 306.08 302.21 298.34 294.47 290.63 286.81 283.02 279.26 275.56 271.92 268.33 264.82 261.39 258.05 254.80 251.66 248.63 245.72 242.93 240.29 237.78 235.43 233.24 231.21 229.36 227.67 226.01 224.33 222.64
328.46 337.41 344.97 351.27 356.42 360.55 363.79 366.25 368.05 369.32 370.17 370.74 371.15 371.50 371.90 372.18 372.23 372.05 371.65 371.02 370.18 369.13 367.87 366.42 364.78 362.95 360.93 358.75 356.39 353.86 351.17 348.33 345.35 342.21 338.94 335.54 332.01 328.35 324.59 320.70 316.71 312.57 308.37 304.18 300.00 295.84 291.71 287.62 283.58 279.58 275.66 271.80 268.01 264.32 260.72 257.22 253.82 250.55 247.40 244.39 241.52 238.79 236.23 233.83 231.60 229.56 227.70 226.01 224.37 222.71 221.04
328.30 337.55 345.39 351.96 357.36 361.73 365.19 367.85 369.85 371.30 372.32 373.04 373.57 374.05 374.55 374.93 375.07 374.97 374.64 374.08 373.30 372.31 371.10 369.69 368.08 366.27 364.28 362.10 359.75 357.22 354.53 351.67 348.66 345.50 342.20 338.75 335.17 331.46 327.63 323.66 319.52 315.19 310.71 306.20 301.71 297.25 292.84 288.48 284.18 279.95 275.79 271.72 267.74 263.85 260.08 256.42 252.88 249.48 246.21 243.10 240.13 237.33 234.71 232.26 230.00 227.93 226.07 224.39 222.75 221.11 219.47
328.13 337.67 345.79 352.62 358.28 362.89 366.57 369.44 371.63 373.25 374.44 375.30 375.97 376.57 377.18 377.65 377.88 377.86 377.61 377.12 376.40 375.45 374.30 372.92 371.35 369.57 367.59 365.43 363.08 360.55 357.85 354.98 351.95 348.76 345.41 341.92 338.29 334.53 330.61 326.51 322.21 317.71 313.06 308.27 303.47 298.72 294.03 289.40 284.84 280.36 275.98 271.69 267.51 263.44 259.49 255.67 251.99 248.45 245.07 241.85 238.79 235.92 233.23 230.73 228.43 226.34 224.47 222.80 221.18 219.55 217.93
327.93 337.77 346.17 353.27 359.17 364.02 367.92 371.00 373.38 375.18 376.53 377.54 378.35 379.06 379.78 380.35 380.66 380.72 380.54 380.12 379.46 378.57 377.46 376.13 374.58 372.83 370.87 368.72 366.38 363.85 361.14 358.25 355.19 351.97 348.59 345.06 341.38 337.54 333.49 329.23 324.77 320.12 315.31 310.36 305.30 300.25 295.27 290.37 285.56 280.84 276.23 271.72 267.34 263.08 258.96 254.98 251.15 247.48 243.98 240.65 237.50 234.55 231.79 229.25 226.91 224.80 222.92 221.25 219.64 218.04 216.44
327.70 337.83 346.52 353.88 360.04 365.12 369.24 372.53 375.10 377.08 378.59 379.75 380.69 381.52 382.34 383.00 383.41 383.55 383.44 383.09 382.49 381.65 380.59 379.29 377.78 376.05 374.12 371.97 369.64 367.10 364.38 361.48 358.40 355.15 351.73 348.15 344.41 340.44 336.24 331.82 327.20 322.41 317.45 312.36 307.15 301.86 296.59 291.42 286.35 281.39 276.54 271.82 267.23 262.79 258.49 254.35 250.37 246.57 242.94 239.51 236.27 233.24 230.42 227.82 225.45 223.32 221.43 219.76 218.16 216.57 215.00
327.45 337.87 346.84 354.46 360.87 366.19 370.53 374.02 376.79 378.94 380.62 381.93 382.99 383.95 384.87 385.63 386.12 386.34 386.30 386.01 385.47 384.69 383.67 382.42 380.94 379.23 377.31 375.18 372.85 370.31 367.58 364.66 361.56 358.28 354.82 351.19 347.31 343.19 338.84 334.27 329.51 324.57 319.48 314.26 308.92 303.48 297.99 292.54 287.21 282.01 276.93 271.99 267.20 262.56 258.09 253.79 249.66 245.72 241.98 238.44 235.11 231.99 229.11 226.46 224.05 221.89 219.99 218.32 216.74 215.16 213.61
327.16 337.88 347.12 355.01 361.67 367.22 371.78 375.48 378.44 380.77 382.60 384.06 385.26 386.33 387.35 388.21 388.78 389.09 389.12 388.90 388.42 387.69 386.71 385.50 384.05 382.37 380.47 378.35 376.02 373.48 370.74 367.80 364.67 361.36 357.85 354.09 350.07 345.80 341.30 336.59 331.69 326.63 321.41 316.06 310.60 305.04 299.41 293.75 288.16 282.71 277.40 272.25 267.25 262.42 257.77 253.30 249.03 244.96 241.09 237.44 234.02 230.82 227.87 225.17 222.72 220.54 218.62 216.96 215.38 213.82 212.29
326.83 337.84 347.36 355.52 362.43 368.21 373.00 376.90 380.04 382.55 384.55 386.15 387.48 388.67 389.80 390.74 391.40 391.79 391.90 391.74 391.32 390.64 389.71 388.53 387.11 385.46 383.57 381.46 379.13 376.59 373.84 370.88 367.73 364.37 360.75 356.84 352.67 348.26 343.63 338.78 333.76 328.56 323.22 317.76 312.18 306.52 300.78 295.00 289.21 283.51 277.97 272.59 267.39 262.37 257.54 252.91 248.48 244.27 240.29 236.53 233.01 229.73 226.71 223.96 221.47 219.26 217.34 215.67 214.10 212.55 211.04
326.46 337.77 347.57 355.98 363.14 369.16 374.16 378.27 381.61 384.29 386.45 388.19 389.66 390.96 392.19 393.23 393.98 394.44 394.62 394.53 394.17 393.54 392.65 391.51 390.12 388.49 386.62 384.52 382.20 379.65 376.89 373.91 370.72 367.25 363.48 359.43 355.13 350.58 345.81 340.85 335.70 330.39 324.93 319.36 313.67 307.91 302.07 296.20 290.29 284.40 278.63 273.03 267.62 262.41 257.40 252.61 248.03 243.68 239.57 235.71 232.09 228.73 225.65 222.83 220.30 218.07 216.13 214.47 212.90 211.37 209.87
326.05 337.64 347.72 356.40 363.81 370.06 375.28 379.60 383.12 385.98 388.29 390.19 391.78 393.20 394.53 395.66 396.50 397.04 397.29 397.26 396.96 396.38 395.54 394.43 393.08 391.47 389.62 387.52 385.20 382.65 379.87 376.86 373.56 369.95 366.04 361.86 357.43 352.76 347.87 342.78 337.52 332.10 326.54 320.86 315.08 309.22 303.29 297.33 291.34 285.35 279.39 273.58 267.96 262.56 257.37 252.41 247.68 243.20 238.96 234.98 231.27 227.83 224.67 221.80 219.23 216.97 215.02 213.35 211.79 210.27 208.79
325.58 337.47 347.83 356.77 364.43 370.91 376.35 380.87 384.58 387.61 390.09 392.13 393.85 395.39 396.82 398.04 398.96 399.58 399.91 399.94 399.69 399.17 398.37 397.30 395.97 394.39 392.55 390.47 388.14 385.59 382.78 379.67 376.23 372.48 368.45 364.14 359.58 354.79 349.79 344.59 339.22 333.70 328.04 322.26 316.39 310.44 304.43 298.39 292.33 286.26 280.22 274.24 268.42 262.82 257.45 252.32 247.44 242.82 238.45 234.36 230.55 227.03 223.80 220.88 218.27 215.97 214.01 212.34 210.79 209.28 207.81
325.07 337.25 347.88 357.09 364.99 371.71 377.36 382.08 385.99 389.19 391.83 394.01 395.87 397.52 399.05 400.36 401.37 402.06 402.46 402.56 402.37 401.89 401.13 400.10 398.80 397.24 395.42 393.34 391.02 388.44 385.54 382.29 378.72 374.85 370.69 366.26 361.59 356.69 351.57 346.27 340.80 335.18 329.43 323.57 317.61 311.59 305.50 299.39 293.26 287.13 281.03 274.97 268.99 263.20 257.65 252.35 247.32 242.55 238.06 233.86 229.95 226.35 223.05 220.07 217.41 215.09 213.11 211.43 209.88 208.39 206.94
324.54 336.97 347.88 357.34 365.49 372.44 378.32 383.24 387.33 390.71 393.51 395.83 397.82 399.58 401.22 402.62 403.71 404.48 404.95 405.11 404.98 404.55 403.83 402.84 401.57 400.02 398.22 396.15 393.81 391.14 388.10 384.73 381.04 377.04 372.77 368.23 363.45 358.44 353.23 347.83 342.27 336.56 330.73 324.78 318.75 312.65 306.50 300.32 294.13 287.94 281.79 275.68 269.64 263.70 257.97 252.51 247.32 242.41 237.80 233.48 229.47 225.78 222.41 219.37 216.67 214.32 212.32 210.64 209.10 207.61 206.17
324.50 336.67 347.81 357.54 365.93 373.12 379.21 384.33 388.61 392.17 395.12 397.59 399.70 401.58 403.32 404.81 405.98 406.83 407.37 407.59 407.51 407.14 406.46 405.50 404.26 402.74 400.95 398.87 396.44 393.64 390.48 386.99 383.18 379.07 374.69 370.04 365.16 360.06 354.75 349.27 343.62 337.83 331.92 325.90 319.80 313.64 307.43 301.19 294.94 288.71 282.51 276.36 270.28 264.29 258.43 252.80 247.45 242.41 237.66 233.23 229.13 225.34 221.90 218.80 216.06 213.67 211.66 209.98 208.43 206.95 205.53
325.51 336.81 347.72 357.67 366.31 373.73 380.04 385.36 389.83 393.55 396.66 399.28 401.52 403.51 405.35 406.93 408.19 409.11 409.72 410.00 409.98 409.65 409.02 408.09 406.88 405.38 403.58 401.42 398.86 395.94 392.67 389.06 385.15 380.93 376.45 371.71 366.73 361.54 356.15 350.58 344.86 339.00 333.01 326.93 320.77 314.55 308.28 301.99 295.70 289.43 283.19 277.01 270.90 264.88 258.98 253.23 247.73 242.54 237.67 233.12 228.91 225.05 221.53 218.37 215.58 213.16 211.13 209.44 207.90 206.43 205.02
327.50 337.89 348.02 357.77 366.62 374.26 380.79 386.32 390.97 394.87 398.14 400.89 403.26 405.37 407.30 408.98 410.32 411.32 411.99 412.34 412.37 412.09 411.50 410.61 409.42 407.92 406.04 403.76 401.09 398.05 394.67 390.96 386.94 382.63 378.05 373.22 368.16 362.88 357.42 351.78 345.98 340.05 334.01 327.87 321.65 315.38 309.07 302.74 296.41 290.10 283.83 277.62 271.49 265.45 259.54 253.76 248.15 242.82 237.82 233.16 228.85 224.89 221.30 218.08 215.24 212.79 210.74 209.05 207.51 206.04 204.64
330.28 339.86 349.17 358.21 366.89 374.73 381.47 387.20 392.04 396.11 399.53 402.43 404.93 407.15 409.18 410.95 412.37 413.44 414.18 414.60 414.68 414.45 413.90 413.04 411.86 410.28 408.29 405.89 403.11 399.97 396.48 392.67 388.56 384.16 379.49 374.58 369.44 364.09 358.56 352.85 346.99 341.01 334.91 328.72 322.45 316.14 309.79 303.42 297.06 290.73 284.44 278.21 272.06 266.01 260.09 254.31 248.68 243.26 238.13 233.35 228.93 224.89 221.22 217.94 215.06 212.57 210.50 208.80 207.26 205.80 204.41
333.65 342.50 351.08 359.40 367.45 375.15 382.07 388.00 393.03 397.27 400.85 403.89 406.52 408.85 410.98 412.83 414.33 415.49 416.30 416.77 416.91 416.72 416.21 415.36 414.11 412.42 410.32 407.81 404.93 401.69 398.11 394.21 390.01 385.53 380.78 375.80 370.59 365.17 359.57 353.80 347.89 341.86 335.71 329.48 323.17 316.82 310.44 304.05 297.66 291.31 285.00 278.76 272.61 266.56 260.63 254.85 249.24 243.80 238.59 233.70 229.18 225.05 221.30 217.96 215.03 212.51 210.41 208.70 207.16 205.71 204.33
337.43 345.63 353.57 361.25 368.67 375.82 382.62 388.73 393.94 398.35 402.09 405.27 408.02 410.46 412.69 414.63 416.22 417.44 418.32 418.85 419.05 418.90 418.41 417.50 416.14 414.34 412.13 409.53 406.56 403.22 399.56 395.57 391.29 386.74 381.92 376.86 371.59 366.12 360.46 354.64 348.68 342.60 336.42 330.15 323.81 317.43 311.03 304.62 298.22 291.85 285.53 279.29 273.13 267.09 261.17 255.40 249.80 244.39 239.18 234.22 229.60 225.37 221.55 218.15 215.16 212.61 210.49 208.77 207.23 205.78 204.41
341.42 349.06 356.44 363.56 370.43 377.03 383.38 389.39 394.76 399.34 403.24 406.56 409.44 411.99 414.32 416.35 418.01 419.31 420.25 420.85 421.09 420.98 420.42 419.40 417.94 416.04 413.74 411.05 407.98 404.57 400.82 396.76 392.41 387.78 382.90 377.79 372.46 366.93 361.23 355.36 349.36 343.25 337.03 330.73 324.37 317.97 311.55 305.13 298.72 292.35 286.03 279.79 273.64 267.61 261.71 255.96 250.38 244.99 239.82 234.87 230.19 225.88 221.98 218.51 215.47 212.88 210.74 209.01 207.47 206.02 204.66
345.42 352.58 359.49 366.15 372.55 378.69 384.58 390.20 395.51 400.25 404.29 407.76 410.76 413.43 415.85 417.97 419.71 421.08 422.09 422.75 423.02 422.85 422.19 421.07 419.51 417.52 415.13 412.35 409.21 405.72 401.90 397.77 393.35 388.67 383.73 378.56 373.18 367.61 361.87 355.97 349.94 343.79 337.55 331.23 324.85 318.44 312.01 305.58 299.17 292.80 286.49 280.26 274.13 268.11 262.23 256.51 250.97 245.61 240.48 235.57 230.92 226.56 222.59 219.05 215.97 213.34 211.17 209.43 207.89 206.44 205.09
349.24 356.01 362.53 368.80 374.83 380.60 386.11 391.37 396.37 401.07 405.26 408.86 411.99 414.77 417.29 419.49 421.31 422.76 423.84 424.52 424.75 424.47 423.72 422.51 420.86 418.79 416.32 413.46 410.24 406.68 402.80 398.61 394.14 389.40 384.41 379.20 373.78 368.17 362.39 356.46 350.41 344.24 337.98 331.64 325.26 318.84 312.41 305.98 299.58 293.22 286.92 280.71 274.60 268.61 262.76 257.07 251.56 246.25 241.16 236.31 231.71 227.39 223.38 219.78 216.65 213.98 211.79 210.04 208.49 207.04 205.70
352.69 359.15 365.37 371.34 377.07 382.55 387.78 392.76 397.49 401.96 406.14 409.87 413.12 416.01 418.62 420.91 422.82 424.34 425.45 426.09 426.22 425.85 425.01 423.72 421.98 419.84 417.29 414.36 411.08 407.46 403.52 399.28 394.75 389.97 384.94 379.69 374.23 368.60 362.79 356.84 350.77 344.58 338.31 331.98 325.59 319.17 312.74 306.33 299.94 293.60 287.32 281.14 275.05 269.10 263.29 257.64 252.18 246.92 241.88 237.08 232.54 228.29 224.33 220.71 217.53 214.82 212.60 210.84 209.28 207.84 206.50
355.56 361.80 367.80 373.57 379.09 384.37 389.40 394.18 398.72 403.00 407.03 410.78 414.15 417.14 419.86 422.23 424.21 425.78 426.86 427.40 427.44 426.99 426.07 424.69 422.89 420.67 418.05 415.07 411.73 408.05 404.06 399.77 395.21 390.38 385.32 380.04 374.56 368.90 363.07 357.11 351.02 344.84 338.56 332.23 325.84 319.44 313.02 306.62 300.25 293.94 287.69 281.54 275.49 269.58 263.81 258.21 252.80 247.60 242.62 237.89 233.42 229.24 225.36 221.80 218.61 215.86 213.62 211.84 210.28 208.83 207.47
357.67 363.78 369.65 375.28 380.68 385.84 390.76 395.43 399.86 404.05 407.98 411.66 415.08 418.18 420.98 423.44 425.48 427.01 427.99 428.46 428.41 427.88 426.88 425.44 423.57 421.28 418.61 415.57 412.18 408.46 404.42 400.10 395.50 390.64 385.55 380.25 374.75 369.07 363.24 357.27 351.18 344.99 338.72 332.39 326.03 319.63 313.24 306.87 300.53 294.24 288.03 281.92 275.92 270.05 264.34 258.80 253.45 248.31 243.40 238.74 234.35 230.24 226.45 222.98 219.85 217.12 214.85 213.06 211.49 210.00 208.51
