data_output/recharge/precip/Precip_2000_07.asc
ncols        168
nrows        136
xllcorner    455000
yllcorner    2107000
cellsize     500
NODATA_value     -99999
[rows 96 to 127 of 136, columns 73 to 145 of 168]
108.57 108.77 108.97 109.18 109.39 109.61 109.82 110.02 110.21 110.40 110.60 110.82 111.07 111.35 111.68 112.06 112.44 112.80 113.15 113.47 113.77 114.04 114.30 114.52 114.72 114.89 115.01 115.09 115.11 115.09 115.02 114.91 114.75 114.54 114.29 114.00 113.67 113.29 112.87 112.42 111.92 111.39 110.81 110.20 109.55 108.87 108.15 107.40 106.61 105.79 104.93 104.05 103.13 102.18 101.21 100.20 99.17 98.10 97.02 95.90 94.76 93.59 92.40 91.19 89.96 88.70 87.42 86.12 84.80 83.50 82.30 81.23 80.30
108.01 108.21 108.42 108.63 108.85 109.05 109.23 109.40 109.56 109.72 109.89 110.08 110.30 110.55 110.85 111.20 111.55 111.88 112.19 112.48 112.75 113.00 113.22 113.42 113.59 113.74 113.86 113.92 113.94 113.92 113.84 113.72 113.55 113.34 113.08 112.78 112.44 112.06 111.63 111.17 110.66 110.11 109.53 108.91 108.25 107.56 106.82 106.06 105.26 104.42 103.56 102.66 101.73 100.77 99.77 98.75 97.70 96.63 95.52 94.39 93.23 92.05 90.84 89.61 88.36 87.08 85.78 84.47 83.17 81.97 80.90 79.96 79.15
107.47 107.69 107.91 108.13 108.33 108.51 108.66 108.79 108.92 109.04 109.18 109.34 109.52 109.75 110.01 110.33 110.64 110.94 111.22 111.48 111.72 111.94 112.13 112.30 112.44 112.56 112.65 112.71 112.72 112.69 112.61 112.48 112.30 112.08 111.81 111.51 111.15 110.76 110.32 109.85 109.33 108.77 108.17 107.54 106.87 106.16 105.42 104.64 103.82 102.97 102.09 101.18 100.23 99.25 98.25 97.21 96.14 95.05 93.92 92.77 91.60 90.40 89.17 87.92 86.65 85.35 84.03 82.73 81.53 80.46 79.52 78.70 78.02
106.98 107.21 107.45 107.66 107.84 107.98 108.09 108.19 108.28 108.38 108.48 108.60 108.75 108.94 109.17 109.45 109.73 110.00 110.25 110.47 110.68 110.86 111.02 111.16 111.27 111.36 111.42 111.46 111.46 111.41 111.32 111.18 111.00 110.76 110.49 110.17 109.80 109.40 108.95 108.46 107.93 107.36 106.75 106.10 105.41 104.69 103.93 103.13 102.30 101.44 100.54 99.61 98.64 97.65 96.62 95.57 94.48 93.37 92.23 91.06 89.86 88.64 87.39 86.12 84.83 83.51 82.21 81.00 79.93 78.98 78.16 77.47 76.90
106.55 106.80 107.03 107.22 107.36 107.46 107.54 107.61 107.66 107.72 107.79 107.87 107.99 108.14 108.33 108.58 108.82 109.05 109.26 109.45 109.62 109.77 109.90 110.01 110.09 110.14 110.17 110.18 110.15 110.09 109.99 109.84 109.64 109.39 109.11 108.77 108.39 107.97 107.51 107.01 106.46 105.87 105.25 104.58 103.88 103.14 102.36 101.55 100.70 99.82 98.90 97.95 96.97 95.96 94.91 93.83 92.73 91.59 90.43 89.24 88.02 86.78 85.51 84.21 82.90 81.59 80.39 79.31 78.36 77.53 76.83 76.26 75.80
106.20 106.45 106.65 106.79 106.90 106.96 107.01 107.03 107.05 107.07 107.10 107.15 107.23 107.34 107.50 107.70 107.91 108.10 108.27 108.43 108.56 108.68 108.77 108.84 108.89 108.91 108.90 108.87 108.82 108.73 108.61 108.45 108.23 107.98 107.67 107.32 106.93 106.49 106.01 105.49 104.93 104.33 103.68 103.00 102.28 101.52 100.73 99.90 99.03 98.12 97.19 96.22 95.21 94.18 93.11 92.01 90.88 89.73 88.54 87.33 86.08 84.82 83.52 82.20 80.90 79.69 78.61 77.65 76.82 76.11 75.53 75.06 74.72
105.91 106.13 106.28 106.39 106.46 106.49 106.49 106.48 106.46 106.44 106.43 106.44 106.47 106.55 106.67 106.83 107.00 107.15 107.28 107.40 107.50 107.57 107.63 107.66 107.67 107.66 107.62 107.55 107.46 107.34 107.19 107.01 106.78 106.51 106.19 105.82 105.41 104.96 104.46 103.92 103.34 102.72 102.06 101.36 100.61 99.84 99.02 98.17 97.28 96.35 95.39 94.40 93.37 92.32 91.23 90.10 88.95 87.77 86.56 85.32 84.05 82.76 81.44 80.13 78.92 77.83 76.87 76.03 75.31 74.72 74.25 73.89 73.66
105.65 105.83 105.95 106.02 106.04 106.03 105.99 105.94 105.88 105.82 105.77 105.74 105.73 105.76 105.84 105.96 106.09 106.20 106.29 106.37 106.43 106.46 106.48 106.47 106.45 106.39 106.32 106.22 106.09 105.93 105.75 105.54 105.29 105.00 104.66 104.27 103.85 103.37 102.86 102.30 101.70 101.05 100.37 99.65 98.88 98.08 97.24 96.37 95.46 94.51 93.53 92.51 91.46 90.37 89.26 88.11 86.93 85.72 84.49 83.22 81.93 80.61 79.30 78.08 76.99 76.02 75.17 74.45 73.85 73.36 73.00 72.75 72.62
105.43 105.57 105.64 105.67 105.65 105.60 105.52 105.42 105.32 105.22 105.12 105.05 105.00 104.99 105.02 105.10 105.18 105.25 105.30 105.34 105.35 105.35 105.33 105.28 105.21 105.12 105.01 104.87 104.70 104.51 104.29 104.04 103.76 103.44 103.09 102.68 102.23 101.74 101.20 100.62 100.00 99.33 98.62 97.88 97.09 96.27 95.40 94.50 93.57 92.59 91.59 90.54 89.47 88.36 87.21 86.04 84.83 83.60 82.33 81.04 79.71 78.40 77.18 76.08 75.11 74.25 73.52 72.91 72.41 72.03 71.77 71.63 71.59
105.24 105.33 105.37 105.35 105.29 105.19 105.07 104.93 104.78 104.63 104.49 104.37 104.28 104.23 104.21 104.25 104.29 104.31 104.32 104.31 104.28 104.24 104.17 104.08 103.97 103.84 103.68 103.50 103.30 103.07 102.81 102.52 102.20 101.86 101.47 101.05 100.57 100.06 99.50 98.89 98.24 97.56 96.82 96.05 95.24 94.39 93.50 92.58 91.61 90.61 89.58 88.51 87.40 86.26 85.09 83.89 82.65 81.39 80.09 78.77 77.45 76.23 75.12 74.14 73.28 72.54 71.91 71.41 71.02 70.74 70.58 70.53 70.59
105.09 105.13 105.12 105.06 104.95 104.81 104.64 104.46 104.26 104.07 103.88 103.72 103.58 103.48 103.42 103.40 103.40 103.38 103.34 103.28 103.21 103.12 103.01 102.88 102.73 102.55 102.35 102.13 101.88 101.61 101.31 100.98 100.63 100.24 99.82 99.37 98.88 98.33 97.75 97.12 96.45 95.73 94.97 94.18 93.34 92.46 91.54 90.59 89.60 88.57 87.50 86.40 85.27 84.10 82.90 81.66 80.40 79.10 77.77 76.45 75.22 74.11 73.12 72.26 71.50 70.87 70.35 69.95 69.66 69.48 69.41 69.46 69.61
104.97 104.97 104.91 104.80 104.65 104.46 104.24 104.01 103.77 103.53 103.30 103.08 102.90 102.74 102.64 102.58 102.52 102.45 102.37 102.26 102.15 102.01 101.85 101.68 101.48 101.26 101.02 100.75 100.46 100.15 99.80 99.43 99.04 98.61 98.15 97.66 97.14 96.57 95.96 95.30 94.60 93.86 93.07 92.25 91.38 90.47 89.53 88.54 87.52 86.46 85.37 84.23 83.07 81.87 80.63 79.37 78.07 76.74 75.41 74.18 73.06 72.07 71.19 70.43 69.78 69.25 68.83 68.53 68.33 68.25 68.28 68.41 68.65
104.90 104.85 104.74 104.58 104.38 104.14 103.88 103.59 103.30 103.01 102.73 102.47 102.23 102.03 101.87 101.76 101.66 101.54 101.40 101.25 101.08 100.90 100.70 100.47 100.23 99.96 99.68 99.37 99.03 98.67 98.28 97.87 97.43 96.96 96.46 95.93 95.37 94.77 94.13 93.44 92.72 91.94 91.13 90.27 89.37 88.44 87.46 86.44 85.39 84.30 83.17 82.00 80.80 79.57 78.30 77.00 75.67 74.34 73.10 71.98 70.97 70.08 69.31 68.65 68.11 67.68 67.36 67.15 67.05 67.06 67.17 67.39 67.72
104.86 104.77 104.61 104.40 104.15 103.86 103.54 103.21 102.87 102.52 102.19 101.88 101.59 101.33 101.13 100.96 100.81 100.63 100.45 100.25 100.03 99.80 99.55 99.27 98.98 98.67 98.33 97.98 97.59 97.19 96.76 96.30 95.81 95.30 94.75 94.18 93.58 92.94 92.27 91.55 90.79 89.99 89.14 88.25 87.32 86.35 85.34 84.29 83.20 82.08 80.91 79.71 78.48 77.21 75.91 74.57 73.24 71.99 70.86 69.85 68.95 68.17 67.50 66.94 66.49 66.16 65.93 65.81 65.80 65.90 66.10 66.40 66.81
104.87 104.73 104.52 104.25 103.95 103.61 103.24 102.85 102.46 102.06 101.68 101.31 100.97 100.66 100.40 100.18 99.97 99.75 99.51 99.26 98.99 98.70 98.40 98.08 97.74 97.37 96.99 96.58 96.15 95.70 95.22 94.72 94.18 93.62 93.03 92.41 91.77 91.08 90.37 89.62 88.83 87.99 87.11 86.19 85.22 84.22 83.17 82.09 80.97 79.80 78.61 77.37 76.10 74.79 73.45 72.11 70.86 69.72 68.70 67.79 67.00 66.32 65.75 65.29 64.93 64.69 64.55 64.52 64.60 64.77 65.05 65.44 65.92
104.93 104.73 104.47 104.15 103.79 103.40 102.97 102.53 102.08 101.63 101.19 100.77 100.37 100.01 99.70 99.42 99.16 98.88 98.59 98.28 97.96 97.62 97.27 96.89 96.50 96.08 95.65 95.19 94.71 94.21 93.68 93.13 92.55 91.94 91.30 90.64 89.94 89.21 88.45 87.66 86.83 85.96 85.04 84.09 83.09 82.05 80.96 79.84 78.68 77.48 76.25 74.97 73.66 72.32 70.97 69.71 68.57 67.54 66.62 65.81 65.12 64.54 64.06 63.69 63.43 63.27 63.22 63.28 63.43 63.69 64.05 64.50 65.06
105.04 104.78 104.46 104.09 103.67 103.22 102.75 102.25 101.74 101.24 100.74 100.26 99.81 99.39 99.02 98.69 98.36 98.03 97.68 97.32 96.94 96.55 96.14 95.71 95.27 94.80 94.31 93.80 93.27 92.72 92.14 91.53 90.90 90.24 89.56 88.84 88.10 87.33 86.52 85.68 84.81 83.90 82.95 81.95 80.91 79.83 78.71 77.55 76.35 75.11 73.84 72.52 71.17 69.82 68.56 67.40 66.36 65.44 64.62 63.91 63.31 62.82 62.44 62.16 61.98 61.91 61.94 62.07 62.31 62.64 63.07 63.60 64.22
105.19 104.88 104.50 104.08 103.60 103.09 102.56 102.00 101.44 100.88 100.32 99.78 99.27 98.80 98.36 97.97 97.59 97.20 96.80 96.38 95.94 95.49 95.03 94.55 94.04 93.52 92.98 92.42 91.83 91.22 90.59 89.94 89.25 88.55 87.81 87.04 86.25 85.43 84.57 83.68 82.76 81.81 80.81 79.78 78.70 77.58 76.42 75.22 73.98 72.70 71.38 70.03 68.67 67.40 66.24 65.19 64.25 63.42 62.70 62.08 61.58 61.17 60.88 60.68 60.59 60.60 60.71 60.92 61.22 61.63 62.13 62.72 63.41
105.40 105.03 104.60 104.11 103.57 103.01 102.41 101.80 101.18 100.55 99.94 99.34 98.77 98.23 97.74 97.29 96.85 96.40 95.93 95.45 94.96 94.45 93.93 93.39 92.83 92.25 91.66 91.04 90.40 89.74 89.05 88.34 87.60 86.84 86.05 85.24 84.39 83.51 82.61 81.67 80.70 79.69 78.66 77.58 76.46 75.30 74.10 72.86 71.57 70.25 68.89 67.53 66.24 65.07 64.01 63.06 62.22 61.49 60.86 60.33 59.91 59.60 59.38 59.27 59.26 59.34 59.53 59.81 60.18 60.66 61.22 61.88 62.63
105.67 105.23 104.74 104.19 103.60 102.97 102.31 101.64 100.95 100.27 99.59 98.93 98.30 97.70 97.14 96.63 96.13 95.62 95.09 94.55 94.00 93.43 92.85 92.25 91.63 91.00 90.34 89.67 88.97 88.25 87.51 86.74 85.95 85.14 84.29 83.42 82.52 81.59 80.64 79.65 78.62 77.57 76.48 75.35 74.19 72.99 71.74 70.45 69.13 67.76 66.39 65.10 63.92 62.85 61.89 61.03 60.28 59.64 59.10 58.66 58.33 58.09 57.96 57.92 57.98 58.14 58.40 58.74 59.19 59.72 60.35 61.07 61.87
105.98 105.49 104.93 104.32 103.66 102.97 102.25 101.52 100.77 100.02 99.28 98.56 97.86 97.20 96.58 96.01 95.44 94.86 94.28 93.68 93.06 92.43 91.79 91.13 90.45 89.76 89.04 88.31 87.55 86.77 85.97 85.15 84.30 83.43 82.53 81.61 80.65 79.67 78.65 77.61 76.53 75.43 74.28 73.11 71.90 70.65 69.35 68.02 66.65 65.27 63.97 62.78 61.70 60.73 59.86 59.09 58.43 57.88 57.42 57.07 56.81 56.66 56.60 56.63 56.77 57.00 57.32 57.73 58.23 58.83 59.51 60.29 61.14
106.36 105.80 105.18 104.51 103.79 103.03 102.25 101.44 100.63 99.82 99.02 98.23 97.46 96.74 96.05 95.41 94.78 94.14 93.49 92.82 92.15 91.45 90.75 90.02 89.29 88.53 87.75 86.96 86.14 85.31 84.45 83.56 82.66 81.73 80.77 79.79 78.78 77.74 76.67 75.57 74.44 73.27 72.08 70.85 69.58 68.28 66.94 65.56 64.18 62.87 61.67 60.58 59.59 58.71 57.93 57.25 56.68 56.20 55.83 55.55 55.37 55.29 55.30 55.41 55.61 55.91 56.29 56.76 57.33 57.98 58.71 59.54 60.45
106.80 106.17 105.49 104.75 103.96 103.14 102.29 101.42 100.54 99.66 98.79 97.94 97.11 96.31 95.56 94.85 94.16 93.45 92.73 92.00 91.26 90.50 89.73 88.94 88.14 87.32 86.48 85.62 84.75 83.85 82.93 81.99 81.02 80.03 79.01 77.97 76.90 75.80 74.68 73.52 72.33 71.11 69.86 68.57 67.25 65.90 64.51 63.11 61.80 60.58 59.48 58.48 57.58 56.79 56.10 55.50 55.01 54.62 54.32 54.12 54.01 54.00 54.08 54.25 54.52 54.87 55.31 55.85 56.46 57.17 57.95 58.83 59.78
107.30 106.61 105.85 105.04 104.19 103.30 102.38 101.45 100.50 99.55 98.61 97.69 96.79 95.93 95.11 94.33 93.56 92.79 92.00 91.20 90.39 89.57 88.73 87.88 87.01 86.13 85.23 84.30 83.36 82.40 81.42 80.42 79.39 78.33 77.26 76.15 75.02 73.87 72.68 71.46 70.22 68.94 67.63 66.29 64.91 63.50 62.09 60.76 59.54 58.42 57.41 56.49 55.68 54.97 54.36 53.85 53.44 53.12 52.89 52.76 52.73 52.78 52.93 53.16 53.48 53.90 54.39 54.98 55.65 56.40 57.23 58.15 59.14
107.86 107.10 106.28 105.40 104.48 103.52 102.53 101.52 100.51 99.49 98.48 97.49 96.52 95.59 94.69 93.85 93.01 92.16 91.31 90.44 89.56 88.67 87.77 86.85 85.91 84.96 83.99 83.00 82.00 80.97 79.93 78.86 77.76 76.65 75.51 74.34 73.15 71.93 70.69 69.41 68.10 66.76 65.40 63.99 62.56 61.13 59.77 58.53 57.40 56.37 55.45 54.62 53.89 53.26 52.73 52.30 51.96 51.71 51.55 51.49 51.52 51.63 51.84 52.13 52.51 52.98 53.53 54.16 54.88 55.67 56.55 57.50 58.54
108.49 107.66 106.77 105.82 104.82 103.79 102.73 101.66 100.57 99.48 98.40 97.33 96.29 95.29 94.32 93.40 92.50 91.58 90.65 89.71 88.76 87.80 86.83 85.84 84.84 83.82 82.78 81.72 80.65 79.56 78.45 77.31 76.15 74.97 73.77 72.54 71.28 70.00 68.69 67.35 65.98 64.58 63.15 61.69 60.23 58.86 57.59 56.44 55.39 54.45 53.60 52.86 52.21 51.66 51.20 50.84 50.57 50.39 50.30 50.30 50.39 50.56 50.83 51.17 51.60 52.12 52.72 53.39 54.15 54.99 55.90 56.90 57.96
109.19 108.29 107.32 106.30 105.23 104.13 103.00 101.85 100.69 99.52 98.37 97.23 96.12 95.03 94.00 93.00 92.02 91.03 90.03 89.02 88.00 86.97 85.92 84.86 83.79 82.70 81.59 80.47 79.33 78.16 76.98 75.78 74.56 73.31 72.04 70.74 69.42 68.08 66.70 65.30 63.87 62.40 60.91 59.42 58.02 56.73 55.55 54.48 53.51 52.64 51.88 51.21 50.64 50.16 49.77 49.48 49.27 49.16 49.13 49.19 49.34 49.57 49.88 50.28 50.76 51.32 51.96 52.68 53.48 54.35 55.30 56.33 57.42
109.96 108.98 107.94 106.84 105.70 104.52 103.32 102.09 100.86 99.62 98.39 97.18 95.99 94.83 93.72 92.65 91.59 90.52 89.45 88.37 87.27 86.16 85.05 83.91 82.77 81.61 80.43 79.23 78.02 76.79 75.54 74.27 72.98 71.66 70.32 68.96 67.57 66.16 64.72 63.25 61.75 60.22 58.70 57.27 55.95 54.74 53.64 52.64 51.75 50.96 50.27 49.68 49.18 48.77 48.45 48.22 48.07 48.02 48.05 48.16 48.36 48.65 49.01 49.45 49.98 50.58 51.26 52.02 52.85 53.76 54.74 55.79 56.92
110.80 109.74 108.63 107.46 106.24 104.98 103.70 102.40 101.09 99.77 98.47 97.18 95.91 94.68 93.49 92.34 91.20 90.06 88.91 87.75 86.58 85.40 84.20 83.00 81.78 80.54 79.29 78.03 76.74 75.44 74.12 72.77 71.41 70.03 68.62 67.19 65.73 64.25 62.74 61.20 59.64 58.08 56.61 55.26 54.02 52.88 51.86 50.94 50.12 49.41 48.79 48.26 47.83 47.48 47.23 47.06 46.97 46.97 47.06 47.22 47.47 47.80 48.21 48.70 49.26 49.90 50.62 51.41 52.27 53.21 54.22 55.30 56.44
111.71 110.58 109.39 108.14 106.84 105.51 104.15 102.77 101.38 99.99 98.60 97.23 95.89 94.57 93.30 92.08 90.87 89.64 88.41 87.18 85.93 84.67 83.40 82.12 80.82 79.51 78.19 76.85 75.49 74.11 72.72 71.30 69.87 68.41 66.93 65.43 63.90 62.35 60.77 59.17 57.57 56.06 54.67 53.39 52.23 51.17 50.22 49.37 48.62 47.97 47.42 46.96 46.59 46.30 46.11 45.99 45.96 46.02 46.15 46.37 46.66 47.03 47.48 48.01 48.61 49.29 50.04 50.86 51.75 52.71 53.74 54.84 56.00
112.70 111.49 110.22 108.89 107.52 106.11 104.66 103.20 101.73 100.26 98.80 97.35 95.92 94.53 93.18 91.87 90.57 89.27 87.96 86.65 85.32 83.98 82.64 81.28 79.90 78.52 77.12 75.70 74.26 72.81 71.34 69.85 68.34 66.81 65.26 63.69 62.09 60.46 58.81 57.18 55.63 54.19 52.88 51.67 50.58 49.59 48.71 47.93 47.24 46.66 46.17 45.77 45.46 45.23 45.09 45.03 45.05 45.16 45.34 45.60 45.93 46.34 46.83 47.39 48.03 48.73 49.51 50.36 51.27 52.26 53.31 54.42 55.60
113.77 112.48 111.13 109.72 108.26 106.77 105.25 103.71 102.15 100.60 99.05 97.52 96.01 94.53 93.10 91.71 90.34 88.95 87.56 86.16 84.76 83.34 81.91 80.47 79.02 77.56 76.08 74.58 73.07 71.54 70.00 68.43 66.85 65.24 63.61 61.96 60.29 58.59 56.91 55.31 53.84 52.48 51.23 50.09 49.07 48.15 47.33 46.61 45.99 45.47 45.04 44.69 44.44 44.27 44.18 44.17 44.24 44.39 44.61 44.91 45.28 45.73 46.25 46.85 47.51 48.24 49.04 49.91 50.85 51.85 52.91 54.04 55.23
