data_output/recharge/precip/Precip_2001_08.asc
ncols        168
nrows        136
xllcorner    455000
yllcorner    2107000
cellsize     500
NODATA_value     -99999
[rows 96 to 127 of 136, columns 72 to 143 of 168]
113.63 110.66 107.85 105.23 102.83 100.66 98.66 96.70 94.73 92.78 90.88 89.11 87.52 86.12 84.88 83.82 82.92 82.19 81.61 81.18 80.90 80.77 80.77 80.91 81.18 81.57 82.09 82.72 83.46 84.32 85.27 86.33 87.48 88.72 90.05 91.46 92.95 94.51 96.14 97.83 99.58 101.39 103.24 105.15 107.09 109.08 111.09 113.14 115.21 117.30 119.40 121.52 123.64 125.77 127.89 130.01 132.11 134.20 136.27 138.32 140.35 142.38 144.42 146.46 148.45 150.25 151.83 153.18 154.31 155.33 156.29 157.20
115.71 112.74 109.92 107.29 104.87 102.69 100.69 98.71 96.74 94.78 92.83 90.92 89.16 87.58 86.18 84.95 83.90 83.01 82.28 81.71 81.30 81.03 80.91 80.93 81.09 81.37 81.79 82.32 82.97 83.74 84.62 85.60 86.68 87.86 89.13 90.48 91.92 93.44 95.03 96.69 98.42 100.20 102.04 103.94 105.88 107.87 109.89 111.95 114.03 116.15 118.28 120.43 122.59 124.76 126.94 129.11 131.28 133.43 135.58 137.72 139.86 142.01 144.18 146.36 148.50 150.45 152.19 153.70 154.98 156.05 157.00 157.90
118.02 115.03 112.20 109.55 107.12 104.93 102.92 100.93 98.95 96.97 95.00 93.05 91.15 89.39 87.81 86.41 85.19 84.14 83.26 82.54 81.99 81.58 81.33 81.22 81.25 81.42 81.72 82.15 82.71 83.38 84.17 85.07 86.07 87.17 88.38 89.67 91.05 92.52 94.07 95.69 97.38 99.14 100.96 102.83 104.76 106.74 108.76 110.83 112.92 115.05 117.21 119.38 121.58 123.79 126.00 128.22 130.44 132.66 134.88 137.11 139.36 141.62 143.91 146.22 148.50 150.60 152.49 154.16 155.60 156.82 157.82 158.70
120.55 117.54 114.68 112.02 109.57 107.37 105.35 103.35 101.35 99.35 97.37 95.40 93.45 91.54 89.78 88.21 86.81 85.60 84.55 83.68 82.97 82.42 82.02 81.78 81.68 81.73 81.91 82.23 82.67 83.24 83.93 84.74 85.66 86.68 87.81 89.03 90.35 91.76 93.25 94.83 96.48 98.20 99.99 101.84 103.75 105.71 107.72 109.78 111.88 114.02 116.19 118.38 120.60 122.84 125.09 127.35 129.61 131.89 134.19 136.51 138.85 141.22 143.62 146.06 148.47 150.71 152.74 154.55 156.15 157.53 158.67 159.60
123.30 120.26 117.38 114.69 112.22 110.01 107.98 105.96 103.95 101.94 99.93 97.94 95.97 94.01 92.10 90.34 88.77 87.37 86.16 85.12 84.25 83.54 83.00 82.61 82.38 82.29 82.35 82.54 82.87 83.33 83.92 84.62 85.45 86.38 87.43 88.58 89.82 91.16 92.60 94.11 95.71 97.39 99.14 100.96 102.84 104.78 106.78 108.82 110.92 113.05 115.22 117.43 119.66 121.92 124.20 126.49 128.80 131.14 133.51 135.90 138.33 140.80 143.31 145.86 148.39 150.76 152.93 154.89 156.63 158.16 159.46 160.53
126.25 123.19 120.28 117.57 115.09 112.86 110.81 108.78 106.74 104.72 102.69 100.68 98.68 96.70 94.73 92.82 91.06 89.48 88.09 86.88 85.84 84.97 84.27 83.73 83.35 83.12 83.04 83.11 83.31 83.66 84.13 84.73 85.45 86.29 87.24 88.30 89.47 90.74 92.10 93.55 95.09 96.72 98.42 100.20 102.04 103.95 105.92 107.95 110.03 112.15 114.32 116.53 118.77 121.04 123.34 125.66 128.02 130.41 132.84 135.30 137.81 140.37 142.98 145.63 148.29 150.78 153.07 155.16 157.04 158.71 160.16 161.39
129.42 126.33 123.40 120.66 118.16 115.91 113.84 111.79 109.74 107.69 105.65 103.61 101.58 99.57 97.58 95.61 93.70 91.93 90.35 88.95 87.74 86.70 85.84 85.14 84.60 84.23 84.00 83.93 84.01 84.22 84.57 85.05 85.67 86.40 87.25 88.22 89.30 90.48 91.77 93.15 94.63 96.19 97.84 99.56 101.36 103.24 105.17 107.17 109.23 111.34 113.50 115.70 117.94 120.22 122.53 124.88 127.27 129.70 132.18 134.71 137.29 139.93 142.63 145.39 148.14 150.75 153.16 155.38 157.39 159.20 160.79 162.16
132.81 129.68 126.72 123.96 121.44 119.17 117.08 115.01 112.94 110.86 108.79 106.73 104.68 102.64 100.62 98.61 96.64 94.71 92.94 91.36 89.96 88.74 87.70 86.84 86.14 85.61 85.23 85.02 84.95 85.03 85.25 85.61 86.10 86.73 87.47 88.34 89.32 90.41 91.61 92.92 94.32 95.81 97.40 99.06 100.81 102.64 104.53 106.50 108.52 110.61 112.74 114.93 117.17 119.44 121.76 124.13 126.54 129.01 131.54 134.13 136.77 139.48 142.26 145.11 147.97 150.68 153.21 155.54 157.68 159.61 161.34 162.85
136.40 133.25 130.26 127.47 124.92 122.63 120.52 118.43 116.33 114.24 112.14 110.05 107.97 105.90 103.84 101.80 99.79 97.80 95.87 94.09 92.50 91.10 89.88 88.84 87.97 87.27 86.74 86.37 86.15 86.09 86.18 86.40 86.77 87.27 87.90 88.66 89.54 90.53 91.64 92.85 94.17 95.59 97.10 98.70 100.39 102.16 104.01 105.93 107.91 109.97 112.08 114.24 116.46 118.72 121.05 123.42 125.86 128.36 130.92 133.55 136.26 139.03 141.89 144.82 147.77 150.58 153.21 155.65 157.90 159.95 161.81 163.45
140.22 137.03 134.01 131.19 128.61 126.30 124.17 122.05 119.93 117.80 115.68 113.56 111.45 109.34 107.25 105.18 103.13 101.10 99.10 97.16 95.37 93.78 92.37 91.14 90.10 89.23 88.53 87.99 87.62 87.41 87.35 87.44 87.67 88.04 88.55 89.19 89.95 90.84 91.85 92.97 94.19 95.53 96.96 98.49 100.11 101.81 103.60 105.47 107.41 109.42 111.49 113.63 115.82 118.07 120.38 122.76 125.21 127.73 130.32 132.99 135.75 138.58 141.50 144.51 147.54 150.44 153.17 155.71 158.07 160.23 162.20 163.97
144.25 141.02 137.97 135.12 132.51 130.17 128.02 125.88 123.73 121.57 119.42 117.27 115.12 112.98 110.86 108.75 106.66 104.59 102.55 100.53 98.58 96.78 95.18 93.76 92.53 91.48 90.60 89.90 89.36 88.99 88.78 88.72 88.81 89.04 89.42 89.93 90.58 91.35 92.25 93.26 94.39 95.63 96.97 98.42 99.96 101.60 103.32 105.13 107.02 108.98 111.00 113.09 115.25 117.48 119.78 122.15 124.60 127.13 129.75 132.45 135.24 138.13 141.11 144.18 147.29 150.27 153.09 155.72 158.18 160.45 162.53 164.41
148.50 145.23 142.14 139.26 136.62 134.25 132.07 129.90 127.72 125.54 123.35 121.17 118.99 116.81 114.65 112.50 110.37 108.26 106.17 104.11 102.09 100.12 98.31 96.70 95.27 94.03 92.97 92.09 91.38 90.84 90.47 90.25 90.19 90.28 90.52 90.90 91.41 92.06 92.84 93.74 94.77 95.91 97.15 98.51 99.97 101.53 103.18 104.91 106.74 108.64 110.60 112.64 114.76 116.95 119.23 121.59 124.04 126.57 129.20 131.93 134.75 137.68 140.71 143.84 147.02 150.08 152.97 155.69 158.24 160.61 162.79 164.78
152.96 149.66 146.53 143.61 140.94 138.54 136.33 134.14 131.93 129.71 127.49 125.27 123.05 120.84 118.63 116.44 114.27 112.11 109.98 107.88 105.80 103.76 101.78 99.96 98.33 96.89 95.64 94.57 93.68 92.97 92.43 92.05 91.83 91.76 91.85 92.09 92.47 92.99 93.64 94.42 95.33 96.36 97.51 98.76 100.13 101.60 103.17 104.83 106.57 108.39 110.30 112.28 114.34 116.50 118.74 121.08 123.52 126.05 128.69 131.43 134.27 137.23 140.30 143.49 146.73 149.85 152.82 155.62 158.25 160.70 162.98 165.07
157.65 154.30 151.13 148.18 145.47 143.04 140.80 138.57 136.33 134.08 131.82 129.56 127.30 125.05 122.81 120.57 118.36 116.15 113.98 111.82 109.69 107.60 105.54 103.54 101.71 100.06 98.61 97.35 96.28 95.38 94.66 94.10 93.72 93.49 93.43 93.51 93.75 94.13 94.65 95.30 96.09 97.00 98.03 99.18 100.45 101.82 103.30 104.87 106.52 108.26 110.08 112.00 114.01 116.11 118.32 120.63 123.04 125.57 128.20 130.95 133.81 136.80 139.90 143.13 146.43 149.60 152.63 155.50 158.21 160.74 163.11 165.29
162.55 159.15 155.94 152.95 150.21 147.75 145.48 143.21 140.93 138.65 136.35 134.05 131.76 129.46 127.17 124.89 122.63 120.38 118.15 115.95 113.77 111.62 109.50 107.42 105.41 103.56 101.90 100.44 99.16 98.07 97.16 96.43 95.87 95.48 95.25 95.18 95.26 95.49 95.87 96.39 97.04 97.83 98.74 99.78 100.94 102.20 103.57 105.03 106.58 108.23 109.97 111.81 113.75 115.80 117.96 120.23 122.62 125.12 127.75 130.49 133.37 136.37 139.50 142.77 146.11 149.34 152.42 155.35 158.12 160.73 163.17 165.44
167.67 164.23 160.97 157.94 155.16 152.66 150.36 148.06 145.74 143.42 141.08 138.74 136.40 134.06 131.73 129.41 127.09 124.79 122.51 120.25 118.02 115.81 113.64 111.50 109.40 107.37 105.50 103.83 102.35 101.06 99.96 99.04 98.30 97.72 97.32 97.08 97.01 97.08 97.31 97.68 98.20 98.85 99.64 100.55 101.59 102.74 103.98 105.32 106.76 108.30 109.95 111.71 113.58 115.57 117.67 119.90 122.25 124.72 127.33 130.07 132.94 135.95 139.11 142.40 145.77 149.05 152.18 155.16 157.99 160.67 163.18 165.52
173.00 169.52 166.22 163.14 160.32 157.79 155.45 153.11 150.76 148.39 146.01 143.63 141.25 138.86 136.48 134.11 131.74 129.39 127.06 124.74 122.45 120.19 117.96 115.76 113.60 111.47 109.42 107.53 105.84 104.35 103.04 101.93 100.99 100.24 99.66 99.24 99.00 98.91 98.98 99.20 99.57 100.08 100.73 101.51 102.41 103.41 104.52 105.73 107.05 108.49 110.04 111.71 113.50 115.41 117.45 119.63 121.93 124.37 126.95 129.67 132.54 135.55 138.72 142.03 145.43 148.74 151.91 154.94 157.83 160.56 163.13 165.54
178.56 175.02 171.68 168.56 165.70 163.12 160.74 158.37 155.97 153.57 151.15 148.72 146.29 143.85 141.42 139.00 136.58 134.18 131.79 129.42 127.07 124.75 122.45 120.19 117.97 115.78 113.63 111.56 109.65 107.94 106.42 105.10 103.97 103.02 102.25 101.66 101.23 100.98 100.88 100.94 101.15 101.52 102.02 102.65 103.39 104.23 105.19 106.27 107.47 108.79 110.23 111.80 113.50 115.34 117.31 119.42 121.67 124.07 126.62 129.31 132.16 135.17 138.34 141.67 145.09 148.42 151.62 154.69 157.62 160.40 163.03 165.49
184.34 180.75 177.36 174.19 171.29 168.67 166.25 163.83 161.40 158.94 156.48 154.01 151.53 149.04 146.56 144.08 141.61 139.15 136.71 134.28 131.87 129.49 127.13 124.80 122.51 120.25 118.04 115.87 113.77 111.84 110.11 108.58 107.24 106.08 105.12 104.33 103.72 103.29 103.02 102.91 102.96 103.16 103.50 103.95 104.51 105.20 106.01 106.94 108.01 109.20 110.53 111.99 113.60 115.35 117.24 119.28 121.47 123.82 126.32 128.99 131.82 134.81 137.97 141.30 144.74 148.09 151.32 154.41 157.38 160.20 162.87 165.39
190.34 186.70 183.25 180.04 177.09 174.43 171.96 169.50 167.02 164.53 162.01 159.49 156.96 154.43 151.89 149.36 146.83 144.31 141.81 139.32 136.85 134.40 131.98 129.59 127.23 124.90 122.62 120.37 118.18 116.06 114.10 112.35 110.79 109.43 108.26 107.28 106.48 105.85 105.40 105.11 104.99 105.01 105.15 105.41 105.80 106.32 106.97 107.75 108.67 109.73 110.94 112.29 113.79 115.44 117.25 119.21 121.33 123.62 126.08 128.70 131.50 134.47 137.62 140.95 144.39 147.75 150.99 154.11 157.10 159.95 162.67 165.23
196.56 192.86 189.36 186.10 183.10 180.39 177.89 175.38 172.86 170.31 167.75 165.18 162.59 160.01 157.42 154.83 152.24 149.67 147.10 144.55 142.01 139.50 137.01 134.55 132.12 129.73 127.37 125.05 122.78 120.55 118.41 116.42 114.65 113.07 111.69 110.50 109.49 108.67 108.03 107.56 107.23 107.04 106.98 107.04 107.24 107.58 108.07 108.69 109.46 110.38 111.46 112.69 114.07 115.62 117.33 119.21 121.26 123.48 125.88 128.45 131.21 134.15 137.28 140.60 144.03 147.40 150.65 153.78 156.79 159.67 162.41 165.02
203.00 199.24 195.69 192.37 189.33 186.58 184.02 181.47 178.90 176.30 173.69 171.06 168.43 165.78 163.14 160.49 157.84 155.21 152.58 149.96 147.36 144.78 142.22 139.69 137.19 134.72 132.29 129.90 127.55 125.24 122.99 120.81 118.81 117.00 115.40 114.00 112.78 111.76 110.91 110.23 109.67 109.26 108.98 108.84 108.85 109.01 109.31 109.77 110.38 111.16 112.09 113.19 114.46 115.89 117.50 119.29 121.25 123.40 125.73 128.25 130.96 133.86 136.96 140.26 143.69 147.05 150.30 153.44 156.46 159.35 162.12 164.75
209.66 205.85 202.24 198.87 195.77 192.97 190.37 187.77 185.14 182.50 179.83 177.15 174.46 171.76 169.05 166.34 163.64 160.94 158.24 155.56 152.89 150.24 147.62 145.01 142.44 139.89 137.39 134.91 132.48 130.10 127.76 125.48 123.27 121.24 119.41 117.78 116.35 115.11 114.03 113.10 112.31 111.66 111.17 110.82 110.62 110.58 110.71 110.99 111.44 112.05 112.84 113.80 114.94 116.26 117.76 119.44 121.32 123.38 125.64 128.09 130.75 133.61 136.67 139.94 143.34 146.69 149.93 153.07 156.10 159.00 161.78 164.43
216.55 212.67 209.00 205.58 202.43 199.58 196.93 194.28 191.60 188.90 186.18 183.44 180.69 177.93 175.16 172.39 169.62 166.86 164.10 161.35 158.61 155.89 153.19 150.51 147.86 145.24 142.65 140.10 137.59 135.12 132.70 130.33 128.01 125.78 123.71 121.85 120.20 118.71 117.37 116.18 115.14 114.26 113.53 112.97 112.56 112.32 112.25 112.35 112.63 113.08 113.71 114.53 115.53 116.72 118.10 119.68 121.45 123.42 125.60 127.98 130.57 133.38 136.40 139.63 143.01 146.33 149.56 152.69 155.71 158.62 161.40 164.07
223.66 219.72 215.99 212.51 209.30 206.40 203.70 200.99 198.26 195.51 192.73 189.93 187.12 184.30 181.47 178.64 175.80 172.97 170.14 167.32 164.51 161.72 158.94 156.19 153.46 150.76 148.10 145.46 142.87 140.32 137.81 135.35 132.94 130.59 128.32 126.22 124.30 122.54 120.93 119.47 118.18 117.05 116.09 115.29 114.67 114.22 113.95 113.86 113.95 114.23 114.70 115.37 116.22 117.28 118.53 119.99 121.66 123.53 125.62 127.92 130.44 133.18 136.15 139.34 142.68 145.98 149.19 152.30 155.30 158.20 160.99 163.66
230.99 226.99 223.20 219.65 216.39 213.43 210.68 207.92 205.13 202.32 199.48 196.63 193.76 190.87 187.98 185.08 182.18 179.27 176.37 173.48 170.60 167.73 164.88 162.05 159.24 156.46 153.71 151.00 148.32 145.68 143.08 140.53 138.04 135.59 133.20 130.86 128.65 126.59 124.70 122.97 121.42 120.04 118.83 117.80 116.95 116.28 115.81 115.52 115.42 115.52 115.82 116.32 117.02 117.94 119.06 120.39 121.94 123.71 125.70 127.91 130.36 133.03 135.93 139.07 142.37 145.63 148.81 151.89 154.88 157.76 160.54 163.20
238.55 234.48 230.62 227.02 223.69 220.68 217.87 215.06 212.21 209.34 206.44 203.53 200.59 197.64 194.68 191.71 188.74 185.77 182.80 179.83 176.87 173.93 171.00 168.09 165.20 162.34 159.50 156.70 153.94 151.21 148.52 145.88 143.29 140.75 138.23 135.71 133.23 130.88 128.70 126.69 124.86 123.22 121.76 120.48 119.40 118.51 117.82 117.32 117.03 116.94 117.06 117.39 117.94 118.70 119.68 120.88 122.30 123.96 125.84 127.96 130.32 132.91 135.75 138.83 142.08 145.29 148.43 151.48 154.44 157.30 160.06 162.71
246.33 242.19 238.27 234.60 231.22 228.14 225.28 222.41 219.50 216.57 213.61 210.63 207.63 204.61 201.58 198.54 195.50 192.45 189.41 186.37 183.33 180.31 177.30 174.31 171.34 168.39 165.47 162.58 159.73 156.91 154.13 151.40 148.71 146.03 143.35 140.68 138.01 135.39 132.92 130.62 128.52 126.60 124.88 123.36 122.03 120.91 119.99 119.28 118.79 118.50 118.43 118.59 118.96 119.56 120.39 121.45 122.75 124.28 126.05 128.07 130.33 132.84 135.60 138.61 141.80 144.96 148.05 151.06 153.98 156.81 159.55 162.18
254.34 250.13 246.14 242.40 238.96 235.82 232.90 229.97 227.00 224.01 220.98 217.93 214.87 211.78 208.68 205.57 202.46 199.33 196.21 193.09 189.98 186.88 183.79 180.71 177.65 174.62 171.61 168.63 165.69 162.78 159.91 157.08 154.25 151.42 148.57 145.73 142.90 140.10 137.36 134.77 132.38 130.19 128.20 126.42 124.84 123.48 122.33 121.40 120.69 120.20 119.94 119.90 120.10 120.54 121.21 122.12 123.28 124.68 126.33 128.23 130.39 132.80 135.48 138.42 141.54 144.64 147.68 150.63 153.51 156.31 159.01 161.61
262.57 258.29 254.23 250.43 246.91 243.72 240.74 237.74 234.71 231.65 228.56 225.45 222.31 219.15 215.98 212.80 209.61 206.41 203.21 200.01 196.82 193.63 190.45 187.29 184.15 181.03 177.93 174.86 171.82 168.82 165.85 162.88 159.89 156.89 153.87 150.87 147.88 144.92 141.99 139.14 136.46 133.98 131.71 129.66 127.83 126.22 124.83 123.67 122.74 122.04 121.57 121.35 121.36 121.62 122.13 122.88 123.89 125.15 126.67 128.46 130.50 132.82 135.40 138.26 141.31 144.34 147.31 150.21 153.04 155.78 158.44 161.01
271.03 266.67 262.54 258.67 255.09 251.83 248.79 245.73 242.63 239.51 236.35 233.16 229.95 226.73 223.48 220.22 216.95 213.68 210.40 207.12 203.84 200.57 197.31 194.06 190.83 187.62 184.43 181.26 178.13 175.03 171.92 168.78 165.62 162.44 159.26 156.09 152.94 149.81 146.73 143.69 140.75 137.98 135.43 133.10 131.01 129.14 127.50 126.10 124.94 124.02 123.35 122.92 122.74 122.82 123.15 123.74 124.59 125.71 127.09 128.75 130.68 132.88 135.37 138.13 141.10 144.05 146.95 149.79 152.55 155.24 157.86 160.38
279.72 275.28 271.08 267.13 263.49 260.16 257.05 253.93 250.77 247.57 244.34 241.08 237.80 234.50 231.18 227.84 224.49 221.14 217.78 214.41 211.05 207.69 204.35 201.01 197.69 194.38 191.10 187.84 184.61 181.36 178.08 174.77 171.43 168.08 164.73 161.39 158.07 154.78 151.54 148.35 145.22 142.19 139.35 136.74 134.37 132.23 130.34 128.70 127.30 126.15 125.26 124.62 124.24 124.13 124.28 124.70 125.39 126.35 127.59 129.11 130.91 133.00 135.37 138.04 140.91 143.78 146.60 149.37 152.06 154.69 157.25 159.73
