data_output/recharge/precip/Precip_2007_01.asc
ncols        168
nrows        136
xllcorner    455000
yllcorner    2107000
cellsize     500
NODATA_value     -99999
[rows 72 to 107 of 136, columns 0 to 79 of 168]
37.87 37.40 36.94 36.50 36.08 35.66 35.26 34.86 34.47 34.08 33.69 33.30 32.90 32.50 32.06 31.58 31.06 30.50 29.91 29.28 28.62 27.93 27.22 26.48 25.72 24.93 24.13 23.31 22.48 21.64 20.79 19.93 19.06 18.20 17.33 16.46 15.60 14.74 13.91 13.11 12.33 11.59 10.87 10.18 9.52 8.89 8.28 7.71 7.17 6.67 6.20 5.77 5.37 5.01 4.69 4.41 4.18 3.98 3.83 3.73 3.67 3.66 3.69 3.78 3.91 4.08 4.24 4.38 4.50 4.60 4.68 4.75 4.80 4.84 4.87 4.88 4.89 4.88 4.87 4.85
37.88 37.43 36.99 36.58 36.17 35.78 35.40 35.02 34.64 34.27 33.90 33.52 33.14 32.75 32.33 31.86 31.35 30.80 30.22 29.60 28.95 28.27 27.56 26.83 26.07 25.29 24.50 23.68 22.86 22.02 21.17 20.31 19.45 18.58 17.71 16.84 15.98 15.12 14.27 13.44 12.64 11.87 11.13 10.42 9.73 9.07 8.45 7.86 7.30 6.78 6.29 5.84 5.43 5.05 4.72 4.43 4.18 3.97 3.81 3.70 3.63 3.61 3.64 3.72 3.86 4.02 4.18 4.31 4.43 4.53 4.61 4.68 4.73 4.77 4.80 4.82 4.82 4.82 4.81 4.79
37.87 37.45 37.04 36.64 36.26 35.89 35.53 35.17 34.81 34.46 34.10 33.74 33.38 33.00 32.58 32.13 31.63 31.09 30.52 29.91 29.27 28.59 27.89 27.17 26.42 25.65 24.86 24.05 23.22 22.39 21.54 20.68 19.82 18.96 18.09 17.22 16.35 15.49 14.63 13.79 12.97 12.17 11.40 10.66 9.95 9.27 8.63 8.01 7.43 6.89 6.39 5.92 5.49 5.10 4.75 4.45 4.19 3.97 3.80 3.67 3.60 3.57 3.60 3.67 3.80 3.96 4.11 4.25 4.36 4.46 4.54 4.61 4.66 4.70 4.73 4.75 4.76 4.76 4.75 4.74
37.85 37.45 37.07 36.70 36.34 35.99 35.65 35.31 34.97 34.63 34.29 33.95 33.60 33.23 32.83 32.39 31.90 31.37 30.81 30.21 29.58 28.91 28.22 27.50 26.76 25.99 25.21 24.40 23.58 22.75 21.91 21.05 20.19 19.33 18.46 17.59 16.72 15.86 15.00 14.14 13.30 12.47 11.68 10.91 10.18 9.48 8.81 8.17 7.57 7.01 6.49 6.00 5.56 5.15 4.79 4.47 4.20 3.97 3.79 3.66 3.57 3.54 3.55 3.62 3.75 3.90 4.05 4.18 4.29 4.39 4.47 4.54 4.59 4.63 4.66 4.68 4.70 4.70 4.70 4.69
37.82 37.45 37.09 36.74 36.41 36.08 35.76 35.44 35.12 34.80 34.48 34.15 33.81 33.46 33.07 32.64 32.16 31.65 31.09 30.50 29.88 29.22 28.54 27.83 27.09 26.33 25.55 24.75 23.94 23.11 22.26 21.41 20.55 19.69 18.82 17.95 17.08 16.22 15.35 14.49 13.63 12.79 11.96 11.17 10.42 9.69 9.00 8.34 7.72 7.14 6.60 6.09 5.63 5.21 4.84 4.50 4.22 3.98 3.78 3.64 3.55 3.51 3.52 3.58 3.70 3.85 4.00 4.12 4.23 4.33 4.41 4.47 4.53 4.57 4.60 4.62 4.63 4.64 4.64 4.63
37.78 37.43 37.10 36.78 36.46 36.16 35.86 35.56 35.26 34.95 34.65 34.33 34.01 33.67 33.30 32.88 32.41 31.91 31.37 30.79 30.17 29.52 28.85 28.14 27.41 26.66 25.88 25.09 24.28 23.45 22.61 21.77 20.91 20.04 19.18 18.31 17.44 16.57 15.69 14.82 13.96 13.10 12.26 11.44 10.66 9.91 9.20 8.52 7.88 7.28 6.72 6.19 5.72 5.28 4.89 4.54 4.24 3.99 3.79 3.63 3.53 3.48 3.48 3.54 3.65 3.80 3.94 4.07 4.17 4.26 4.34 4.41 4.46 4.50 4.53 4.56 4.57 4.58 4.58 4.58
37.72 37.40 37.10 36.80 36.51 36.22 35.94 35.66 35.38 35.10 34.81 34.51 34.20 33.88 33.52 33.11 32.66 32.16 31.63 31.06 30.45 29.82 29.15 28.45 27.73 26.98 26.21 25.42 24.61 23.79 22.96 22.11 21.25 20.39 19.53 18.65 17.78 16.90 16.02 15.15 14.28 13.41 12.56 11.72 10.92 10.14 9.40 8.70 8.04 7.42 6.84 6.30 5.81 5.35 4.95 4.59 4.27 4.01 3.79 3.63 3.52 3.46 3.45 3.50 3.61 3.75 3.89 4.01 4.12 4.21 4.28 4.35 4.40 4.44 4.47 4.50 4.51 4.52 4.53 4.53
37.65 37.36 37.08 36.81 36.54 36.28 36.02 35.76 35.50 35.23 34.96 34.68 34.38 34.07 33.72 33.33 32.89 32.40 31.88 31.32 30.73 30.10 29.44 28.75 28.03 27.29 26.53 25.74 24.94 24.12 23.29 22.45 21.59 20.73 19.86 18.99 18.11 17.23 16.34 15.46 14.58 13.71 12.85 12.01 11.18 10.38 9.62 8.90 8.22 7.57 6.97 6.42 5.90 5.43 5.01 4.64 4.31 4.03 3.81 3.63 3.51 3.44 3.43 3.47 3.57 3.71 3.85 3.96 4.06 4.15 4.22 4.29 4.34 4.38 4.41 4.44 4.45 4.46 4.47 4.48
37.57 37.31 37.05 36.80 36.56 36.32 36.08 35.84 35.60 35.35 35.09 34.83 34.55 34.25 33.92 33.53 33.11 32.63 32.12 31.57 30.99 30.37 29.71 29.03 28.32 27.59 26.83 26.05 25.25 24.44 23.61 22.77 21.92 21.06 20.19 19.31 18.42 17.54 16.65 15.76 14.88 14.00 13.14 12.29 11.45 10.63 9.85 9.10 8.40 7.74 7.12 6.54 6.01 5.52 5.08 4.69 4.35 4.06 3.83 3.64 3.51 3.43 3.41 3.45 3.54 3.68 3.81 3.92 4.02 4.10 4.17 4.23 4.28 4.32 4.35 4.38 4.40 4.41 4.42 4.43
37.47 37.23 37.00 36.78 36.56 36.34 36.13 35.91 35.68 35.45 35.22 34.97 34.70 34.42 34.10 33.73 33.31 32.85 32.35 31.81 31.24 30.62 29.98 29.31 28.61 27.88 27.13 26.35 25.56 24.75 23.92 23.09 22.24 21.37 20.50 19.61 18.73 17.83 16.94 16.05 15.16 14.28 13.41 12.55 11.71 10.89 10.08 9.32 8.59 7.91 7.27 6.67 6.12 5.62 5.16 4.76 4.41 4.10 3.85 3.66 3.51 3.43 3.40 3.43 3.52 3.65 3.77 3.88 3.97 4.05 4.12 4.18 4.23 4.27 4.30 4.32 4.34 4.36 4.37 4.38
37.36 37.15 36.94 36.75 36.55 36.36 36.16 35.96 35.76 35.55 35.32 35.09 34.84 34.58 34.27 33.91 33.51 33.06 32.57 32.04 31.47 30.87 30.24 29.57 28.88 28.15 27.41 26.64 25.85 25.05 24.23 23.39 22.54 21.67 20.79 19.91 19.01 18.12 17.22 16.33 15.44 14.55 13.68 12.81 11.97 11.13 10.32 9.54 8.79 8.09 7.43 6.81 6.24 5.72 5.25 4.83 4.46 4.15 3.89 3.68 3.53 3.43 3.39 3.41 3.50 3.62 3.74 3.84 3.93 4.01 4.08 4.13 4.18 4.22 4.25 4.27 4.29 4.31 4.32 4.33
37.24 37.05 36.87 36.70 36.52 36.35 36.18 36.00 35.82 35.62 35.42 35.20 34.97 34.72 34.42 34.08 33.69 33.25 32.77 32.25 31.70 31.10 30.48 29.82 29.13 28.42 27.68 26.92 26.13 25.33 24.51 23.68 22.82 21.95 21.07 20.18 19.29 18.39 17.49 16.59 15.70 14.81 13.93 13.06 12.21 11.38 10.56 9.77 9.00 8.27 7.59 6.96 6.38 5.84 5.35 4.92 4.53 4.20 3.93 3.71 3.54 3.44 3.39 3.41 3.48 3.60 3.71 3.81 3.90 3.97 4.04 4.09 4.13 4.17 4.20 4.23 4.25 4.26 4.28 4.29
37.09 36.93 36.78 36.63 36.48 36.33 36.18 36.02 35.86 35.69 35.50 35.30 35.08 34.84 34.56 34.23 33.85 33.43 32.96 32.45 31.91 31.32 30.71 30.06 29.38 28.67 27.94 27.18 26.40 25.61 24.79 23.95 23.09 22.22 21.34 20.45 19.55 18.65 17.75 16.84 15.95 15.06 14.17 13.30 12.45 11.61 10.79 9.99 9.22 8.47 7.77 7.12 6.52 5.96 5.46 5.01 4.61 4.26 3.98 3.74 3.57 3.46 3.40 3.41 3.48 3.59 3.69 3.79 3.87 3.94 4.00 4.05 4.09 4.13 4.16 4.18 4.20 4.22 4.23 4.25
36.93 36.80 36.67 36.55 36.42 36.30 36.17 36.03 35.89 35.73 35.56 35.38 35.18 34.96 34.69 34.37 34.00 33.59 33.14 32.64 32.10 31.53 30.92 30.28 29.61 28.91 28.18 27.43 26.66 25.86 25.04 24.20 23.34 22.47 21.59 20.70 19.80 18.89 17.99 17.09 16.18 15.29 14.41 13.53 12.67 11.83 11.01 10.21 9.43 8.68 7.96 7.29 6.67 6.09 5.57 5.11 4.69 4.33 4.03 3.79 3.61 3.48 3.42 3.41 3.48 3.58 3.68 3.77 3.85 3.91 3.97 4.02 4.06 4.09 4.12 4.14 4.16 4.18 4.19 4.21
36.75 36.65 36.55 36.45 36.35 36.25 36.14 36.02 35.90 35.76 35.61 35.45 35.26 35.05 34.80 34.49 34.14 33.74 33.30 32.81 32.29 31.72 31.12 30.49 29.83 29.13 28.41 27.67 26.90 26.10 25.28 24.44 23.58 22.71 21.82 20.93 20.03 19.13 18.22 17.31 16.41 15.52 14.63 13.75 12.89 12.05 11.22 10.41 9.63 8.88 8.16 7.47 6.83 6.24 5.70 5.21 4.79 4.41 4.10 3.84 3.65 3.51 3.44 3.43 3.48 3.58 3.68 3.76 3.83 3.89 3.95 3.99 4.03 4.06 4.08 4.11 4.13 4.14 4.16 4.17
36.55 36.48 36.41 36.33 36.26 36.18 36.09 36.00 35.89 35.78 35.64 35.50 35.33 35.13 34.89 34.60 34.26 33.87 33.44 32.97 32.45 31.90 31.31 30.68 30.03 29.34 28.63 27.89 27.11 26.32 25.50 24.66 23.80 22.93 22.04 21.15 20.25 19.34 18.44 17.53 16.63 15.73 14.84 13.96 13.10 12.25 11.42 10.62 9.83 9.08 8.35 7.66 7.00 6.39 5.83 5.33 4.89 4.50 4.18 3.91 3.70 3.55 3.47 3.45 3.50 3.59 3.68 3.76 3.82 3.88 3.93 3.97 4.00 4.03 4.06 4.08 4.10 4.11 4.13 4.14
36.31 36.29 36.25 36.20 36.15 36.09 36.03 35.96 35.87 35.77 35.66 35.53 35.37 35.19 34.97 34.69 34.37 33.99 33.57 33.11 32.60 32.06 31.48 30.86 30.22 29.54 28.83 28.08 27.31 26.52 25.70 24.86 24.00 23.13 22.25 21.35 20.45 19.55 18.64 17.73 16.83 15.93 15.04 14.16 13.30 12.45 11.62 10.81 10.02 9.26 8.54 7.84 7.18 6.55 5.98 5.46 5.00 4.60 4.26 3.98 3.76 3.60 3.51 3.48 3.52 3.60 3.69 3.76 3.82 3.87 3.92 3.95 3.98 4.01 4.03 4.05 4.07 4.08 4.09 4.10
36.00 36.06 36.06 36.04 36.02 35.99 35.95 35.89 35.83 35.75 35.66 35.54 35.40 35.24 35.03 34.77 34.45 34.09 33.68 33.23 32.74 32.20 31.63 31.03 30.39 29.71 29.00 28.26 27.49 26.70 25.88 25.05 24.19 23.32 22.44 21.54 20.64 19.74 18.83 17.92 17.02 16.12 15.23 14.35 13.48 12.63 11.80 10.99 10.21 9.45 8.71 8.02 7.35 6.72 6.14 5.60 5.13 4.71 4.35 4.06 3.83 3.66 3.56 3.52 3.55 3.63 3.70 3.77 3.82 3.87 3.91 3.94 3.97 4.00 4.02 4.03 4.05 4.06 4.06 4.06
35.61 35.76 35.84 35.87 35.87 35.86 35.84 35.81 35.77 35.71 35.64 35.54 35.42 35.27 35.07 34.82 34.52 34.17 33.78 33.34 32.85 32.33 31.77 31.17 30.53 29.86 29.16 28.42 27.65 26.86 26.05 25.21 24.36 23.49 22.61 21.72 20.82 19.91 19.01 18.10 17.20 16.30 15.41 14.53 13.66 12.81 11.98 11.17 10.38 9.62 8.89 8.19 7.52 6.89 6.30 5.75 5.26 4.83 4.46 4.15 3.91 3.73 3.61 3.57 3.59 3.66 3.73 3.79 3.84 3.88 3.91 3.94 3.97 3.99 4.00 4.02 4.03 4.03 4.03 4.03
35.17 35.39 35.55 35.65 35.70 35.72 35.72 35.72 35.69 35.65 35.59 35.51 35.41 35.28 35.10 34.86 34.57 34.24 33.85 33.43 32.95 32.44 31.89 31.29 30.66 29.99 29.29 28.56 27.80 27.01 26.20 25.36 24.51 23.65 22.77 21.88 20.98 20.08 19.17 18.27 17.36 16.47 15.58 14.70 13.83 12.98 12.15 11.34 10.55 9.79 9.05 8.35 7.68 7.05 6.46 5.91 5.41 4.96 4.57 4.25 4.00 3.80 3.68 3.62 3.64 3.70 3.76 3.81 3.86 3.89 3.92 3.95 3.97 3.99 4.00 4.01 4.01 4.01 4.00 3.99
34.68 34.96 35.20 35.37 35.49 35.55 35.58 35.60 35.59 35.58 35.54 35.47 35.39 35.27 35.10 34.88 34.61 34.28 33.91 33.50 33.04 32.53 31.98 31.40 30.77 30.10 29.41 28.68 27.92 27.13 26.32 25.49 24.65 23.78 22.91 22.02 21.12 20.22 19.32 18.42 17.52 16.62 15.73 14.85 13.99 13.14 12.31 11.50 10.71 9.95 9.21 8.51 7.84 7.21 6.62 6.06 5.56 5.10 4.70 4.36 4.09 3.89 3.76 3.69 3.69 3.75 3.80 3.85 3.89 3.92 3.94 3.96 3.98 3.99 4.00 4.00 3.99 3.99 3.97 3.96
34.14 34.49 34.79 35.03 35.22 35.35 35.42 35.46 35.48 35.48 35.46 35.41 35.34 35.24 35.09 34.88 34.62 34.31 33.95 33.55 33.10 32.60 32.06 31.47 30.85 30.19 29.50 28.77 28.02 27.24 26.43 25.61 24.76 23.90 23.03 22.15 21.25 20.36 19.46 18.56 17.66 16.76 15.88 15.00 14.14 13.29 12.46 11.65 10.86 10.10 9.37 8.66 8.00 7.36 6.77 6.22 5.71 5.25 4.84 4.49 4.20 3.99 3.84 3.77 3.76 3.81 3.85 3.89 3.92 3.95 3.97 3.98 3.99 4.00 4.00 3.99 3.98 3.97 3.95 3.93
33.57 33.98 34.33 34.64 34.89 35.08 35.22 35.29 35.34 35.36 35.35 35.33 35.27 35.19 35.05 34.86 34.61 34.32 33.97 33.58 33.13 32.64 32.11 31.53 30.91 30.26 29.57 28.85 28.10 27.33 26.53 25.70 24.87 24.01 23.14 22.26 21.37 20.48 19.58 18.68 17.78 16.89 16.01 15.13 14.27 13.43 12.60 11.79 11.00 10.24 9.51 8.81 8.14 7.51 6.92 6.36 5.86 5.39 4.98 4.62 4.33 4.10 3.94 3.85 3.84 3.88 3.92 3.95 3.97 3.99 4.00 4.01 4.01 4.01 4.00 3.99 3.97 3.95 3.93 3.91
32.98 33.43 33.84 34.20 34.51 34.76 34.96 35.09 35.17 35.22 35.23 35.22 35.19 35.12 35.00 34.82 34.59 34.31 33.97 33.58 33.15 32.66 32.14 31.56 30.95 30.31 29.62 28.91 28.16 27.39 26.60 25.78 24.95 24.10 23.23 22.36 21.47 20.58 19.69 18.79 17.90 17.01 16.13 15.26 14.40 13.55 12.73 11.92 11.14 10.38 9.65 8.95 8.28 7.65 7.06 6.51 6.00 5.54 5.12 4.76 4.46 4.22 4.05 3.95 3.93 3.96 3.99 4.01 4.03 4.04 4.04 4.05 4.04 4.03 4.01 3.99 3.97 3.94 3.92 3.88
32.37 32.87 33.32 33.73 34.09 34.39 34.64 34.84 34.97 35.05 35.09 35.10 35.08 35.03 34.92 34.76 34.54 34.27 33.94 33.57 33.14 32.66 32.14 31.57 30.97 30.33 29.65 28.94 28.21 27.44 26.65 25.84 25.01 24.17 23.31 22.44 21.55 20.67 19.78 18.89 18.00 17.12 16.24 15.37 14.51 13.67 12.85 12.05 11.26 10.51 9.78 9.08 8.42 7.79 7.20 6.65 6.14 5.68 5.27 4.90 4.60 4.35 4.17 4.06 4.03 4.05 4.07 4.08 4.09 4.10 4.09 4.09 4.07 4.05 4.03 4.00 3.97 3.94 3.91 3.87
31.75 32.29 32.79 33.24 33.64 33.99 34.29 34.53 34.72 34.85 34.92 34.95 34.95 34.91 34.82 34.67 34.47 34.21 33.89 33.52 33.10 32.63 32.12 31.56 30.96 30.33 29.66 28.96 28.23 27.47 26.69 25.88 25.06 24.22 23.36 22.50 21.62 20.74 19.86 18.97 18.09 17.21 16.33 15.47 14.62 13.78 12.96 12.16 11.38 10.63 9.90 9.21 8.55 7.92 7.33 6.78 6.28 5.82 5.41 5.04 4.74 4.49 4.30 4.18 4.14 4.15 4.16 4.17 4.17 4.16 4.15 4.13 4.11 4.09 4.05 4.02 3.98 3.94 3.90 3.86
31.13 31.70 32.24 32.72 33.16 33.56 33.90 34.19 34.42 34.60 34.72 34.78 34.80 34.78 34.70 34.57 34.37 34.12 33.81 33.45 33.04 32.58 32.07 31.53 30.94 30.31 29.65 28.95 28.23 27.48 26.70 25.91 25.09 24.25 23.41 22.55 21.68 20.80 19.92 19.04 18.16 17.29 16.42 15.56 14.71 13.88 13.06 12.27 11.49 10.74 10.02 9.33 8.67 8.04 7.46 6.91 6.41 5.95 5.54 5.18 4.88 4.63 4.44 4.31 4.26 4.26 4.26 4.26 4.25 4.24 4.22 4.19 4.16 4.12 4.09 4.04 4.00 3.95 3.90 3.86
30.53 31.12 31.68 32.20 32.68 33.10 33.48 33.81 34.08 34.31 34.47 34.57 34.62 34.62 34.56 34.43 34.25 34.01 33.71 33.36 32.95 32.50 32.01 31.47 30.89 30.27 29.61 28.93 28.21 27.47 26.70 25.91 25.10 24.27 23.43 22.58 21.72 20.85 19.97 19.10 18.22 17.35 16.49 15.64 14.79 13.97 13.15 12.36 11.59 10.85 10.13 9.44 8.78 8.16 7.58 7.04 6.54 6.08 5.67 5.32 5.01 4.77 4.58 4.45 4.39 4.38 4.38 4.36 4.34 4.32 4.29 4.25 4.22 4.17 4.13 4.08 4.02 3.97 3.92 3.86
29.93 30.55 31.14 31.68 32.18 32.64 33.04 33.41 33.72 33.97 34.18 34.32 34.41 34.43 34.38 34.27 34.10 33.87 33.58 33.24 32.84 32.40 31.91 31.38 30.81 30.20 29.56 28.88 28.17 27.44 26.68 25.90 25.09 24.27 23.44 22.59 21.74 20.87 20.01 19.14 18.27 17.41 16.55 15.70 14.87 14.04 13.24 12.45 11.68 10.94 10.23 9.54 8.89 8.28 7.70 7.16 6.66 6.21 5.80 5.45 5.15 4.91 4.72 4.59 4.53 4.52 4.50 4.48 4.45 4.41 4.37 4.33 4.28 4.23 4.17 4.12 4.06 4.00 3.94 3.87
29.33 29.97 30.57 31.14 31.66 32.14 32.58 32.97 33.31 33.60 33.84 34.02 34.15 34.21 34.19 34.09 33.92 33.70 33.43 33.09 32.71 32.28 31.80 31.28 30.72 30.12 29.49 28.82 28.12 27.39 26.64 25.87 25.07 24.26 23.44 22.60 21.75 20.89 20.04 19.17 18.31 17.46 16.61 15.76 14.93 14.12 13.32 12.53 11.77 11.04 10.33 9.65 9.00 8.39 7.81 7.28 6.79 6.34 5.94 5.59 5.29 5.05 4.87 4.74 4.68 4.66 4.64 4.60 4.56 4.52 4.47 4.42 4.36 4.30 4.24 4.17 4.10 4.04 3.97 3.90
28.71 29.36 29.98 30.57 31.11 31.62 32.08 32.50 32.87 33.19 33.47 33.68 33.84 33.94 33.95 33.88 33.73 33.52 33.25 32.93 32.56 32.14 31.68 31.17 30.61 30.02 29.40 28.74 28.05 27.34 26.59 25.83 25.04 24.24 23.42 22.59 21.75 20.91 20.06 19.20 18.35 17.50 16.66 15.82 15.00 14.19 13.39 12.62 11.86 11.13 10.43 9.76 9.12 8.51 7.94 7.41 6.92 6.48 6.08 5.73 5.44 5.20 5.02 4.90 4.84 4.81 4.78 4.74 4.69 4.64 4.58 4.52 4.45 4.38 4.31 4.24 4.16 4.09 4.01 3.94
28.07 28.73 29.37 29.97 30.54 31.06 31.55 31.99 32.39 32.75 33.05 33.30 33.49 33.62 33.67 33.63 33.51 33.31 33.06 32.75 32.39 31.98 31.53 31.03 30.49 29.91 29.30 28.65 27.97 27.26 26.53 25.78 25.00 24.21 23.40 22.58 21.75 20.91 20.07 19.22 18.38 17.54 16.70 15.87 15.06 14.25 13.47 12.70 11.95 11.23 10.53 9.87 9.23 8.63 8.06 7.54 7.06 6.62 6.23 5.89 5.60 5.37 5.19 5.07 5.00 4.97 4.94 4.89 4.83 4.77 4.70 4.63 4.55 4.48 4.40 4.32 4.24 4.15 4.07 3.99
27.40 28.08 28.73 29.35 29.93 30.48 30.99 31.46 31.88 32.26 32.59 32.87 33.10 33.26 33.35 33.34 33.25 33.08 32.84 32.55 32.20 31.80 31.36 30.87 30.35 29.78 29.18 28.54 27.87 27.18 26.46 25.71 24.95 24.16 23.37 22.56 21.73 20.91 20.07 19.24 18.40 17.57 16.74 15.92 15.11 14.32 13.54 12.78 12.04 11.32 10.64 9.98 9.35 8.75 8.19 7.68 7.20 6.77 6.38 6.05 5.76 5.53 5.36 5.24 5.17 5.13 5.10 5.05 4.98 4.91 4.83 4.75 4.67 4.58 4.50 4.41 4.32 4.23 4.14 4.06
26.72 27.41 28.07 28.70 29.30 29.87 30.40 30.89 31.34 31.74 32.10 32.40 32.66 32.86 32.98 33.01 32.96 32.82 32.60 32.32 31.99 31.60 31.17 30.70 30.19 29.63 29.04 28.42 27.76 27.08 26.37 25.63 24.88 24.11 23.32 22.52 21.71 20.89 20.07 19.24 18.42 17.59 16.77 15.96 15.17 14.38 13.61 12.86 12.13 11.42 10.74 10.08 9.46 8.88 8.33 7.81 7.34 6.92 6.54 6.21 5.93 5.71 5.53 5.41 5.33 5.30 5.26 5.20 5.14 5.06 4.98 4.89 4.80 4.70 4.61 4.51 4.42 4.32 4.22 4.13
26.02 26.72 27.39 28.04 28.65 29.23 29.78 30.29 30.76 31.18 31.56 31.90 32.18 32.41 32.56 32.63 32.61 32.51 32.33 32.07 31.75 31.38 30.97 30.51 30.00 29.46 28.88 28.27 27.63 26.96 26.26 25.54 24.80 24.04 23.26 22.47 21.67 20.86 20.05 19.24 18.42 17.61 16.80 16.00 15.21 14.43 13.67 12.93 12.21 11.51 10.84 10.19 9.58 9.00 8.46 7.95 7.49 7.07 6.70 6.38 6.10 5.88 5.71 5.58 5.51 5.47 5.42 5.36 5.30 5.22 5.13 5.03 4.93 4.83 4.73 4.62 4.52 4.42 4.32 4.22
25.31 26.01 26.70 27.35 27.98 28.57 29.13 29.66 30.15 30.59 30.99 31.35 31.66 31.92 32.11 32.20 32.22 32.15 32.01 31.79 31.49 31.14 30.74 30.29 29.80 29.27 28.71 28.11 27.48 26.82 26.14 25.43 24.70 23.95 23.19 22.41 21.62 20.83 20.03 19.22 18.42 17.62 16.82 16.03 15.25 14.48 13.73 13.00 12.29 11.60 10.93 10.30 9.69 9.12 8.59 8.09 7.64 7.23 6.86 6.55 6.28 6.06 5.88 5.76 5.68 5.64 5.59 5.53 5.46 5.37 5.28 5.18 5.08 4.97 4.86 4.74 4.63 4.53 4.42 4.31
