data_output/recharge/precip/Precip_2005_11.asc
ncols        168
nrows        136
xllcorner    455000
yllcorner    2107000
cellsize     500
NODATA_value     -99999
[rows 36 to 71 of 136, columns 80 to 159 of 168]
14.50 14.89 15.30 15.70 16.12 16.53 16.95 17.37 17.79 18.21 18.63 19.05 19.47 19.89 20.31 20.73 21.14 21.55 21.95 22.35 22.75 23.13 23.51 23.89 24.25 24.61 24.96 25.30 25.63 25.95 26.26 26.55 26.83 27.10 27.36 27.60 27.83 28.04 28.24 28.42 28.58 28.73 28.85 28.96 29.05 29.12 29.17 29.19 29.20 29.18 29.14 29.06 28.95 28.81 28.64 28.44 28.21 27.96 27.69 27.40 27.08 26.75 26.39 26.02 25.63 25.22 24.80 24.37 23.92 23.46 22.99 22.51 22.02 21.52 21.02 20.51 20.00 19.49 18.97 18.45
14.40 14.80 15.20 15.61 16.02 16.44 16.85 17.27 17.69 18.12 18.54 18.96 19.38 19.80 20.22 20.64 21.05 21.46 21.86 22.26 22.65 23.04 23.42 23.80 24.16 24.52 24.87 25.21 25.54 25.85 26.16 26.46 26.74 27.01 27.26 27.50 27.73 27.94 28.14 28.31 28.48 28.62 28.75 28.85 28.94 29.01 29.05 29.08 29.08 29.06 29.02 28.95 28.85 28.71 28.55 28.37 28.15 27.91 27.65 27.36 27.06 26.73 26.38 26.01 25.63 25.23 24.82 24.39 23.94 23.49 23.02 22.55 22.06 21.57 21.07 20.56 20.05 19.54 19.02 18.50
14.29 14.69 15.09 15.50 15.91 16.33 16.74 17.16 17.59 18.01 18.43 18.85 19.27 19.69 20.11 20.53 20.94 21.35 21.75 22.15 22.54 22.93 23.31 23.68 24.05 24.40 24.75 25.09 25.42 25.73 26.04 26.33 26.61 26.88 27.14 27.38 27.60 27.81 28.00 28.18 28.34 28.48 28.61 28.71 28.80 28.86 28.91 28.93 28.93 28.91 28.86 28.80 28.70 28.58 28.43 28.26 28.05 27.83 27.57 27.30 27.00 26.68 26.34 25.98 25.61 25.21 24.81 24.38 23.95 23.50 23.04 22.56 22.08 21.59 21.10 20.59 20.09 19.58 19.06 18.54
14.13 14.53 14.94 15.35 15.76 16.18 16.60 17.02 17.44 17.86 18.28 18.71 19.13 19.55 19.96 20.38 20.79 21.20 21.60 22.00 22.39 22.78 23.16 23.53 23.90 24.25 24.60 24.94 25.26 25.58 25.88 26.18 26.46 26.72 26.98 27.21 27.44 27.65 27.84 28.01 28.17 28.31 28.43 28.54 28.62 28.68 28.73 28.75 28.75 28.72 28.68 28.61 28.52 28.41 28.27 28.11 27.92 27.70 27.46 27.19 26.91 26.60 26.27 25.92 25.55 25.17 24.76 24.35 23.92 23.47 23.02 22.55 22.08 21.59 21.10 20.60 20.10 19.59 19.08 18.56
13.93 14.33 14.74 15.15 15.56 15.98 16.40 16.82 17.24 17.66 18.09 18.51 18.93 19.35 19.77 20.18 20.60 21.00 21.41 21.81 22.20 22.59 22.97 23.34 23.70 24.06 24.41 24.74 25.07 25.38 25.69 25.98 26.26 26.53 26.78 27.02 27.24 27.45 27.64 27.81 27.97 28.11 28.23 28.33 28.41 28.48 28.52 28.54 28.54 28.51 28.46 28.39 28.31 28.20 28.08 27.92 27.74 27.54 27.31 27.05 26.78 26.48 26.16 25.82 25.46 25.08 24.69 24.28 23.86 23.42 22.97 22.51 22.04 21.56 21.07 20.58 20.08 19.57 19.06 18.55
13.67 14.07 14.48 14.89 15.31 15.73 16.15 16.57 16.99 17.42 17.84 18.27 18.69 19.11 19.53 19.95 20.36 20.77 21.17 21.57 21.97 22.35 22.73 23.11 23.47 23.83 24.17 24.51 24.84 25.15 25.46 25.75 26.03 26.30 26.55 26.79 27.01 27.22 27.41 27.58 27.74 27.88 28.00 28.10 28.18 28.24 28.28 28.30 28.30 28.27 28.22 28.15 28.06 27.96 27.84 27.70 27.53 27.34 27.12 26.87 26.61 26.32 26.01 25.68 25.33 24.96 24.58 24.18 23.76 23.33 22.89 22.44 21.97 21.50 21.02 20.53 20.03 19.53 19.02 18.51
13.36 13.76 14.17 14.59 15.01 15.43 15.85 16.27 16.70 17.13 17.55 17.98 18.40 18.83 19.25 19.66 20.08 20.49 20.90 21.30 21.69 22.08 22.46 22.83 23.20 23.56 23.91 24.24 24.57 24.89 25.19 25.49 25.77 26.03 26.28 26.52 26.75 26.95 27.14 27.32 27.48 27.61 27.73 27.84 27.92 27.98 28.02 28.04 28.03 28.01 27.96 27.89 27.80 27.69 27.57 27.43 27.28 27.10 26.89 26.66 26.40 26.13 25.83 25.51 25.17 24.81 24.43 24.04 23.63 23.21 22.78 22.33 21.87 21.41 20.93 20.44 19.95 19.45 18.95 18.45
13.00 13.41 13.82 14.24 14.66 15.08 15.51 15.93 16.36 16.79 17.22 17.65 18.08 18.50 18.92 19.34 19.76 20.17 20.58 20.98 21.38 21.77 22.15 22.53 22.89 23.25 23.60 23.94 24.27 24.59 24.89 25.19 25.47 25.74 25.99 26.23 26.45 26.66 26.85 27.03 27.19 27.33 27.45 27.55 27.63 27.69 27.73 27.75 27.75 27.72 27.67 27.60 27.50 27.40 27.27 27.14 26.99 26.82 26.63 26.41 26.16 25.90 25.61 25.30 24.97 24.62 24.26 23.87 23.47 23.06 22.63 22.19 21.74 21.28 20.81 20.33 19.85 19.35 18.86 18.35
12.60 13.01 13.42 13.84 14.27 14.69 15.12 15.55 15.98 16.42 16.85 17.28 17.71 18.14 18.56 18.98 19.40 19.82 20.23 20.63 21.03 21.42 21.81 22.19 22.56 22.92 23.27 23.61 23.94 24.26 24.57 24.86 25.15 25.41 25.67 25.91 26.14 26.35 26.54 26.72 26.87 27.01 27.14 27.24 27.32 27.38 27.42 27.44 27.44 27.41 27.36 27.28 27.19 27.08 26.96 26.82 26.67 26.50 26.32 26.12 25.89 25.63 25.36 25.06 24.74 24.40 24.05 23.67 23.28 22.88 22.46 22.03 21.58 21.13 20.66 20.19 19.71 19.22 18.73 18.23
12.19 12.57 12.98 13.41 13.83 14.26 14.70 15.13 15.57 16.00 16.44 16.87 17.30 17.73 18.16 18.59 19.01 19.43 19.84 20.25 20.65 21.05 21.43 21.81 22.19 22.55 22.90 23.25 23.58 23.90 24.21 24.51 24.79 25.07 25.32 25.57 25.79 26.00 26.20 26.38 26.54 26.68 26.80 26.91 26.99 27.05 27.09 27.11 27.11 27.08 27.02 26.95 26.85 26.74 26.62 26.48 26.33 26.16 25.99 25.79 25.57 25.33 25.07 24.78 24.47 24.15 23.80 23.44 23.06 22.66 22.25 21.83 21.39 20.95 20.49 20.02 19.55 19.07 18.58 18.09
11.77 12.12 12.51 12.93 13.36 13.80 14.23 14.67 15.11 15.55 15.99 16.43 16.86 17.30 17.73 18.16 18.58 19.01 19.42 19.83 20.24 20.64 21.03 21.41 21.79 22.15 22.51 22.86 23.19 23.52 23.83 24.13 24.42 24.69 24.95 25.20 25.43 25.64 25.84 26.02 26.18 26.33 26.45 26.56 26.64 26.70 26.74 26.76 26.75 26.72 26.67 26.59 26.49 26.38 26.25 26.11 25.96 25.80 25.62 25.43 25.23 25.00 24.75 24.47 24.18 23.86 23.53 23.17 22.80 22.42 22.02 21.60 21.17 20.74 20.29 19.83 19.36 18.88 18.40 17.92
11.33 11.66 12.02 12.42 12.85 13.29 13.73 14.17 14.62 15.06 15.50 15.95 16.39 16.83 17.26 17.70 18.13 18.55 18.97 19.39 19.80 20.20 20.59 20.98 21.36 21.73 22.09 22.44 22.78 23.11 23.43 23.73 24.02 24.30 24.56 24.81 25.04 25.26 25.46 25.64 25.81 25.95 26.08 26.19 26.27 26.34 26.37 26.39 26.38 26.35 26.29 26.21 26.11 26.00 25.87 25.73 25.58 25.41 25.23 25.04 24.84 24.63 24.39 24.13 23.84 23.54 23.22 22.88 22.52 22.14 21.75 21.34 20.93 20.50 20.05 19.60 19.14 18.67 18.20 17.72
10.89 11.19 11.53 11.90 12.31 12.75 13.19 13.64 14.09 14.54 14.99 15.44 15.88 16.33 16.77 17.21 17.64 18.07 18.50 18.92 19.33 19.74 20.14 20.53 20.91 21.28 21.65 22.00 22.35 22.68 23.00 23.31 23.60 23.88 24.15 24.40 24.64 24.86 25.06 25.25 25.42 25.57 25.70 25.80 25.89 25.95 25.99 26.00 25.99 25.96 25.90 25.82 25.72 25.60 25.47 25.33 25.17 25.01 24.83 24.64 24.44 24.22 24.00 23.75 23.48 23.19 22.88 22.55 22.20 21.83 21.45 21.06 20.65 20.23 19.80 19.35 18.90 18.44 17.97 17.50
10.45 10.72 11.03 11.38 11.76 12.18 12.63 13.08 13.53 13.99 14.44 14.90 15.35 15.80 16.24 16.69 17.13 17.56 17.99 18.42 18.84 19.25 19.65 20.05 20.44 20.81 21.18 21.54 21.89 22.23 22.55 22.86 23.16 23.45 23.72 23.98 24.22 24.44 24.65 24.84 25.01 25.16 25.29 25.40 25.48 25.54 25.58 25.60 25.58 25.55 25.49 25.40 25.30 25.18 25.05 24.91 24.75 24.58 24.40 24.21 24.01 23.80 23.58 23.34 23.08 22.80 22.51 22.19 21.85 21.50 21.13 20.74 20.34 19.93 19.51 19.07 18.63 18.18 17.72 17.25
9.99 10.25 10.53 10.86 11.22 11.61 12.03 12.49 12.95 13.41 13.87 14.33 14.79 15.24 15.69 16.14 16.59 17.03 17.47 17.90 18.32 18.74 19.15 19.55 19.94 20.33 20.70 21.06 21.42 21.76 22.09 22.41 22.71 23.00 23.28 23.54 23.78 24.01 24.22 24.42 24.59 24.74 24.87 24.98 25.06 25.12 25.16 25.17 25.16 25.12 25.06 24.97 24.87 24.75 24.61 24.47 24.31 24.14 23.96 23.77 23.56 23.35 23.13 22.90 22.65 22.39 22.10 21.80 21.47 21.13 20.77 20.40 20.01 19.61 19.19 18.77 18.33 17.89 17.44 16.98
9.54 9.77 10.03 10.33 10.67 11.04 11.44 11.87 12.33 12.80 13.27 13.73 14.20 14.66 15.12 15.58 16.03 16.47 16.92 17.35 17.78 18.21 18.62 19.03 19.43 19.82 20.20 20.57 20.93 21.27 21.61 21.93 22.24 22.54 22.82 23.08 23.33 23.57 23.79 23.98 24.16 24.31 24.44 24.54 24.63 24.69 24.72 24.73 24.72 24.68 24.62 24.53 24.42 24.30 24.16 24.01 23.85 23.68 23.50 23.30 23.10 22.89 22.67 22.43 22.20 21.94 21.67 21.38 21.07 20.74 20.39 20.03 19.65 19.26 18.85 18.44 18.01 17.58 17.13 16.68
9.08 9.29 9.53 9.81 10.12 10.47 10.85 11.26 11.70 12.17 12.64 13.12 13.59 14.06 14.52 14.99 15.44 15.90 16.35 16.79 17.23 17.66 18.08 18.49 18.90 19.30 19.68 20.06 20.42 20.78 21.12 21.45 21.76 22.06 22.35 22.62 22.88 23.12 23.34 23.53 23.71 23.86 23.99 24.10 24.18 24.24 24.27 24.28 24.26 24.22 24.16 24.07 23.95 23.83 23.69 23.54 23.38 23.21 23.02 22.83 22.62 22.41 22.18 21.95 21.71 21.47 21.21 20.93 20.63 20.31 19.98 19.63 19.26 18.88 18.49 18.08 17.66 17.24 16.80 16.36
8.62 8.81 9.03 9.29 9.58 9.91 10.26 10.65 11.07 11.52 12.00 12.48 12.96 13.43 13.91 14.38 14.84 15.31 15.76 16.21 16.66 17.09 17.52 17.94 18.36 18.76 19.15 19.54 19.91 20.27 20.61 20.95 21.27 21.58 21.87 22.15 22.41 22.65 22.87 23.07 23.25 23.40 23.53 23.63 23.72 23.77 23.81 23.81 23.80 23.75 23.68 23.59 23.48 23.35 23.21 23.06 22.89 22.72 22.53 22.33 22.13 21.91 21.69 21.46 21.22 20.97 20.71 20.45 20.16 19.86 19.54 19.20 18.84 18.48 18.09 17.70 17.29 16.88 16.45 16.02
8.16 8.33 8.53 8.77 9.04 9.35 9.68 10.05 10.45 10.88 11.34 11.82 12.31 12.79 13.28 13.75 14.23 14.70 15.16 15.62 16.07 16.51 16.95 17.38 17.80 18.21 18.61 19.00 19.38 19.75 20.10 20.44 20.77 21.09 21.39 21.67 21.94 22.18 22.40 22.60 22.77 22.93 23.05 23.16 23.24 23.30 23.33 23.33 23.31 23.27 23.20 23.10 22.98 22.85 22.71 22.56 22.39 22.21 22.03 21.83 21.62 21.40 21.18 20.94 20.70 20.46 20.20 19.94 19.67 19.38 19.07 18.74 18.40 18.05 17.67 17.29 16.90 16.49 16.07 15.65
7.70 7.85 8.04 8.26 8.51 8.80 9.11 9.46 9.84 10.25 10.69 11.15 11.64 12.14 12.63 13.11 13.60 14.07 14.55 15.01 15.47 15.92 16.37 16.81 17.23 17.65 18.06 18.46 18.85 19.22 19.58 19.93 20.27 20.59 20.90 21.19 21.45 21.70 21.92 22.11 22.29 22.44 22.57 22.67 22.75 22.81 22.84 22.84 22.82 22.77 22.70 22.60 22.48 22.35 22.20 22.04 21.88 21.70 21.51 21.31 21.10 20.88 20.65 20.42 20.18 19.93 19.67 19.41 19.15 18.87 18.57 18.26 17.93 17.59 17.23 16.86 16.47 16.08 15.67 15.26
7.24 7.38 7.55 7.75 7.98 8.25 8.55 8.88 9.24 9.63 10.05 10.49 10.97 11.47 11.96 12.46 12.95 13.44 13.92 14.39 14.86 15.33 15.78 16.22 16.66 17.09 17.50 17.91 18.31 18.69 19.06 19.42 19.76 20.09 20.40 20.69 20.96 21.20 21.42 21.62 21.80 21.95 22.08 22.18 22.26 22.31 22.34 22.34 22.32 22.27 22.19 22.09 21.96 21.83 21.68 21.52 21.35 21.17 20.98 20.78 20.56 20.35 20.12 19.88 19.64 19.39 19.13 18.87 18.61 18.33 18.05 17.75 17.44 17.11 16.76 16.40 16.03 15.64 15.25 14.84
6.79 6.91 7.06 7.25 7.47 7.72 8.00 8.31 8.65 9.02 9.42 9.85 10.31 10.79 11.29 11.80 12.30 12.79 13.28 13.77 14.25 14.72 15.18 15.64 16.08 16.52 16.94 17.36 17.76 18.15 18.53 18.90 19.25 19.59 19.90 20.19 20.45 20.70 20.92 21.12 21.29 21.45 21.57 21.68 21.75 21.80 21.83 21.83 21.80 21.75 21.67 21.57 21.44 21.30 21.15 20.99 20.81 20.63 20.44 20.23 20.02 19.80 19.57 19.33 19.09 18.84 18.58 18.32 18.05 17.78 17.50 17.22 16.92 16.60 16.27 15.92 15.56 15.19 14.80 14.41
6.34 6.44 6.58 6.75 6.96 7.19 7.46 7.75 8.08 8.43 8.81 9.22 9.66 10.13 10.62 11.12 11.64 12.14 12.64 13.14 13.63 14.11 14.58 15.04 15.50 15.94 16.38 16.80 17.22 17.62 18.01 18.38 18.74 19.07 19.39 19.68 19.94 20.19 20.41 20.61 20.79 20.94 21.06 21.16 21.24 21.29 21.31 21.31 21.28 21.23 21.14 21.03 20.90 20.76 20.61 20.44 20.27 20.08 19.88 19.68 19.46 19.24 19.01 18.77 18.53 18.28 18.02 17.76 17.49 17.22 16.94 16.66 16.37 16.07 15.75 15.41 15.07 14.71 14.34 13.95
5.89 5.99 6.11 6.27 6.46 6.68 6.93 7.21 7.52 7.86 8.22 8.62 9.04 9.48 9.96 10.45 10.97 11.48 12.00 12.50 13.00 13.49 13.97 14.45 14.91 15.37 15.81 16.25 16.67 17.08 17.48 17.86 18.22 18.55 18.87 19.16 19.43 19.67 19.90 20.09 20.27 20.42 20.54 20.64 20.72 20.77 20.79 20.78 20.75 20.69 20.61 20.49 20.36 20.22 20.06 19.89 19.71 19.52 19.32 19.12 18.90 18.68 18.44 18.20 17.96 17.70 17.45 17.18 16.91 16.64 16.37 16.09 15.80 15.51 15.21 14.89 14.55 14.20 13.84 13.47
5.45 5.53 5.65 5.79 5.97 6.18 6.41 6.68 6.97 7.30 7.65 8.03 8.43 8.86 9.32 9.80 10.30 10.82 11.35 11.86 12.37 12.87 13.37 13.85 14.33 14.80 15.25 15.70 16.13 16.55 16.95 17.33 17.69 18.03 18.35 18.64 18.91 19.15 19.38 19.57 19.75 19.90 20.02 20.12 20.19 20.24 20.26 20.25 20.22 20.15 20.07 19.95 19.81 19.66 19.50 19.33 19.15 18.96 18.76 18.55 18.33 18.10 17.87 17.63 17.38 17.12 16.86 16.60 16.33 16.06 15.78 15.50 15.22 14.93 14.64 14.33 14.01 13.68 13.33 12.98
5.02 5.09 5.19 5.33 5.49 5.69 5.91 6.17 6.45 6.76 7.10 7.46 7.85 8.26 8.71 9.17 9.66 10.17 10.70 11.22 11.74 12.26 12.76 13.26 13.75 14.22 14.69 15.15 15.59 16.02 16.42 16.80 17.16 17.50 17.82 18.11 18.38 18.63 18.85 19.05 19.22 19.37 19.49 19.59 19.66 19.70 19.72 19.71 19.67 19.61 19.52 19.40 19.26 19.10 18.94 18.77 18.58 18.39 18.18 17.97 17.75 17.52 17.28 17.04 16.79 16.53 16.27 16.01 15.74 15.46 15.19 14.91 14.62 14.34 14.05 13.76 13.45 13.13 12.80 12.46
4.60 4.66 4.75 4.88 5.03 5.21 5.43 5.67 5.94 6.24 6.56 6.91 7.29 7.69 8.12 8.57 9.04 9.54 10.05 10.59 11.12 11.65 12.16 12.67 13.17 13.66 14.14 14.61 15.05 15.48 15.89 16.27 16.63 16.97 17.29 17.58 17.85 18.10 18.32 18.52 18.69 18.84 18.96 19.05 19.12 19.16 19.18 19.17 19.13 19.06 18.96 18.84 18.69 18.54 18.37 18.19 18.01 17.81 17.60 17.39 17.16 16.93 16.69 16.45 16.20 15.94 15.68 15.41 15.14 14.86 14.59 14.31 14.02 13.74 13.45 13.16 12.87 12.56 12.25 11.91
4.19 4.24 4.32 4.44 4.58 4.76 4.96 5.19 5.45 5.74 6.05 6.39 6.75 7.14 7.56 7.99 8.45 8.93 9.44 9.96 10.50 11.04 11.57 12.09 12.60 13.10 13.59 14.06 14.51 14.94 15.35 15.74 16.10 16.44 16.76 17.05 17.32 17.57 17.79 17.99 18.16 18.30 18.42 18.52 18.58 18.62 18.63 18.62 18.58 18.51 18.40 18.28 18.13 17.97 17.80 17.62 17.43 17.23 17.02 16.80 16.57 16.34 16.10 15.85 15.60 15.34 15.07 14.81 14.53 14.26 13.98 13.70 13.41 13.13 12.84 12.56 12.27 11.98 11.67 11.35
3.78 3.83 3.91 4.01 4.15 4.32 4.51 4.73 4.98 5.26 5.56 5.89 6.24 6.62 7.02 7.45 7.89 8.36 8.85 9.36 9.89 10.44 10.98 11.51 12.04 12.55 13.05 13.52 13.97 14.41 14.82 15.20 15.57 15.91 16.23 16.52 16.79 17.04 17.26 17.45 17.62 17.77 17.88 17.98 18.04 18.08 18.09 18.07 18.02 17.95 17.84 17.71 17.56 17.40 17.22 17.04 16.84 16.64 16.43 16.20 15.98 15.74 15.50 15.25 14.99 14.73 14.47 14.20 13.92 13.65 13.37 13.08 12.80 12.51 12.23 11.94 11.65 11.37 11.08 10.77
3.39 3.43 3.50 3.60 3.73 3.89 4.08 4.29 4.53 4.80 5.10 5.41 5.76 6.12 6.52 6.93 7.36 7.82 8.30 8.80 9.32 9.85 10.40 10.95 11.49 12.01 12.50 12.98 13.44 13.87 14.28 14.67 15.03 15.38 15.69 15.99 16.26 16.50 16.72 16.92 17.09 17.23 17.35 17.44 17.50 17.53 17.54 17.52 17.47 17.39 17.28 17.14 16.99 16.82 16.64 16.45 16.26 16.05 15.83 15.61 15.38 15.14 14.89 14.64 14.38 14.12 13.85 13.58 13.31 13.03 12.75 12.47 12.18 11.89 11.61 11.32 11.03 10.75 10.46 10.17
3.02 3.05 3.12 3.21 3.34 3.49 3.67 3.88 4.11 4.37 4.66 4.97 5.30 5.66 6.04 6.44 6.87 7.32 7.78 8.27 8.78 9.30 9.85 10.40 10.94 11.46 11.96 12.44 12.90 13.33 13.75 14.14 14.50 14.84 15.16 15.46 15.73 15.97 16.19 16.38 16.55 16.69 16.81 16.89 16.95 16.99 16.99 16.97 16.91 16.83 16.72 16.58 16.42 16.24 16.06 15.87 15.67 15.46 15.24 15.01 14.78 14.53 14.29 14.03 13.77 13.51 13.24 12.97 12.69 12.41 12.13 11.84 11.56 11.27 10.98 10.70 10.41 10.12 9.84 9.56
2.65 2.69 2.75 2.84 2.96 3.10 3.28 3.48 3.71 3.96 4.24 4.54 4.87 5.22 5.59 5.99 6.41 6.84 7.30 7.78 8.27 8.79 9.32 9.86 10.40 10.92 11.43 11.91 12.37 12.80 13.22 13.61 13.97 14.32 14.63 14.93 15.20 15.44 15.66 15.85 16.02 16.16 16.27 16.35 16.41 16.44 16.44 16.41 16.36 16.27 16.15 16.01 15.84 15.67 15.48 15.28 15.08 14.86 14.64 14.41 14.17 13.93 13.68 13.42 13.16 12.89 12.62 12.35 12.07 11.79 11.50 11.22 10.93 10.64 10.36 10.07 9.78 9.50 9.21 8.94
2.31 2.34 2.39 2.48 2.60 2.74 2.91 3.11 3.33 3.58 3.85 4.15 4.47 4.82 5.18 5.57 5.98 6.41 6.86 7.32 7.81 8.31 8.83 9.34 9.87 10.39 10.89 11.37 11.84 12.27 12.69 13.08 13.45 13.79 14.11 14.40 14.67 14.91 15.13 15.32 15.49 15.62 15.73 15.82 15.87 15.90 15.89 15.86 15.80 15.71 15.59 15.44 15.27 15.09 14.90 14.70 14.49 14.27 14.05 13.81 13.57 13.32 13.07 12.81 12.55 12.28 12.00 11.73 11.45 11.16 10.88 10.59 10.30 10.02 9.73 9.44 9.15 8.87 8.59 8.34
1.98 2.00 2.06 2.15 2.26 2.40 2.57 2.76 2.98 3.23 3.50 3.79 4.10 4.44 4.80 5.18 5.59 6.01 6.45 6.91 7.39 7.87 8.36 8.86 9.36 9.86 10.36 10.85 11.31 11.75 12.16 12.56 12.92 13.27 13.59 13.88 14.15 14.39 14.61 14.80 14.96 15.09 15.20 15.28 15.33 15.36 15.35 15.32 15.25 15.16 15.03 14.88 14.70 14.52 14.32 14.12 13.90 13.68 13.45 13.21 12.97 12.72 12.46 12.20 11.93 11.66 11.39 11.11 10.83 10.54 10.25 9.97 9.68 9.39 9.10 8.81 8.52 8.24 7.99 7.76
1.66 1.69 1.75 1.83 1.95 2.09 2.25 2.44 2.66 2.90 3.17 3.46 3.77 4.10 4.46 4.83 5.23 5.65 6.08 6.53 6.99 7.46 7.93 8.40 8.88 9.36 9.85 10.33 10.79 11.23 11.65 12.04 12.41 12.75 13.07 13.36 13.63 13.87 14.09 14.27 14.43 14.57 14.67 14.75 14.80 14.82 14.81 14.77 14.70 14.60 14.47 14.31 14.13 13.94 13.75 13.54 13.32 13.09 12.86 12.62 12.37 12.12 11.86 11.59 11.32 11.05 10.77 10.49 10.20 9.92 9.63 9.34 9.05 8.76 8.47 8.18 7.90 7.64 7.41 7.20
1.37 1.40 1.46 1.54 1.65 1.79 1.96 2.15 2.37 2.61 2.87 3.16 3.46 3.79 4.15 4.52 4.91 5.32 5.75 6.19 6.63 7.08 7.53 7.98 8.44 8.89 9.36 9.82 10.28 10.72 11.14 11.53 11.90 12.24 12.56 12.85 13.12 13.36 13.57 13.76 13.92 14.05 14.15 14.22 14.27 14.29 14.27 14.23 14.16 14.05 13.92 13.76 13.57 13.38 13.17 12.96 12.74 12.51 12.27 12.02 11.77 11.52 11.25 10.98 10.71 10.44 10.15 9.87 9.58 9.30 9.01 8.71 8.42 8.13 7.84 7.56 7.30 7.06 6.86 6.67
