data_output/recharge/precip/Precip_1984_06.asc
ncols        168
nrows        136
xllcorner    455000
yllcorner    2107000
cellsize     500
NODATA_value     -99999
[rows 64 to 95 of 136, columns 0 to 70 of 168]
339.68 340.16 340.40 340.40 340.17 339.70 338.99 338.06 336.88 335.48 333.84 331.96 329.86 327.52 324.95 322.14 319.11 315.86 312.41 308.77 304.94 300.94 296.78 292.46 287.99 283.39 278.66 273.81 268.86 263.81 258.67 253.46 248.17 242.83 237.43 232.00 226.53 221.05 215.55 210.06 204.60 199.21 193.90 188.66 183.50 178.43 173.45 168.57 163.83 159.25 154.84 150.60 146.53 142.65 138.96 135.45 132.15 129.04 126.14 123.46 120.99 118.74 116.72 114.93 113.38 112.08 111.02 110.21 109.66 109.37 109.34
342.29 342.74 342.95 342.94 342.69 342.20 341.49 340.55 339.37 337.97 336.33 334.47 332.37 330.05 327.50 324.72 321.71 318.49 315.06 311.44 307.63 303.64 299.49 295.18 290.72 286.12 281.39 276.55 271.59 266.53 261.39 256.16 250.86 245.50 240.08 234.63 229.14 223.63 218.10 212.57 207.05 201.57 196.16 190.83 185.59 180.43 175.38 170.45 165.69 161.09 156.65 152.39 148.31 144.41 140.70 137.18 133.86 130.75 127.84 125.15 122.67 120.42 118.40 116.61 115.06 113.75 112.70 111.89 111.35 111.07 111.05
344.84 345.26 345.45 345.41 345.14 344.65 343.93 342.98 341.80 340.40 338.77 336.91 334.83 332.53 329.99 327.24 324.26 321.07 317.66 314.06 310.27 306.29 302.15 297.85 293.40 288.80 284.08 279.23 274.27 269.21 264.05 258.82 253.50 248.12 242.69 237.21 231.70 226.16 220.60 215.04 209.48 203.94 198.44 193.02 187.69 182.45 177.35 172.40 167.61 162.98 158.52 154.24 150.14 146.22 142.49 138.96 135.62 132.50 129.58 126.87 124.39 122.13 120.11 118.31 116.76 115.45 114.40 113.60 113.06 112.78 112.77
347.33 347.72 347.88 347.82 347.54 347.03 346.30 345.35 344.17 342.77 341.15 339.30 337.23 334.95 332.44 329.71 326.76 323.59 320.20 316.62 312.85 308.89 304.76 300.47 296.03 291.44 286.72 281.87 276.91 271.84 266.68 261.43 256.10 250.71 245.26 239.76 234.22 228.65 223.07 217.47 211.88 206.29 200.73 195.22 189.81 184.52 179.38 174.40 169.58 164.93 160.45 156.14 152.01 148.08 144.33 140.78 137.43 134.28 131.35 128.64 126.14 123.88 121.84 120.04 118.49 117.18 116.12 115.32 114.78 114.51 114.51
349.74 350.11 350.25 350.17 349.87 349.35 348.62 347.66 346.48 345.08 343.46 341.63 339.58 337.31 334.82 332.11 329.19 326.05 322.69 319.13 315.38 311.44 307.32 303.04 298.61 294.02 289.31 284.46 279.49 274.42 269.25 263.99 258.65 253.24 247.77 242.25 236.69 231.10 225.49 219.86 214.24 208.61 203.01 197.44 191.98 186.65 181.48 176.47 171.62 166.93 162.42 158.09 153.94 149.98 146.21 142.64 139.27 136.11 133.16 130.43 127.92 125.65 123.60 121.80 120.23 118.92 117.86 117.06 116.52 116.25 116.25
352.09 352.43 352.55 352.45 352.14 351.61 350.86 349.90 348.72 347.33 345.72 343.90 341.86 339.61 337.14 334.46 331.57 328.46 325.12 321.59 317.85 313.93 309.83 305.56 301.13 296.56 291.84 286.99 282.03 276.95 271.77 266.51 261.15 255.73 250.25 244.71 239.12 233.51 227.86 222.21 216.55 210.89 205.26 199.68 194.20 188.84 183.63 178.59 173.70 168.99 164.45 160.08 155.91 151.92 148.13 144.53 141.14 137.96 135.00 132.25 129.73 127.44 125.39 123.57 122.00 120.68 119.61 118.80 118.26 117.99 117.99
354.37 354.68 354.78 354.67 354.34 353.80 353.05 352.08 350.90 349.51 347.91 346.10 344.08 341.85 339.40 336.75 333.89 330.80 327.50 323.98 320.27 316.36 312.28 308.02 303.60 299.03 294.32 289.48 284.51 279.43 274.25 268.97 263.61 258.17 252.67 247.11 241.50 235.86 230.19 224.51 218.81 213.13 207.49 201.93 196.46 191.08 185.84 180.76 175.84 171.09 166.52 162.12 157.92 153.90 150.08 146.47 143.05 139.85 136.87 134.10 131.57 129.26 127.19 125.36 123.78 122.45 121.37 120.56 120.01 119.74 119.74
356.58 356.87 356.94 356.81 356.47 355.92 355.16 354.19 353.01 351.63 350.04 348.24 346.23 344.02 341.60 338.98 336.14 333.09 329.81 326.31 322.62 318.73 314.66 310.42 306.01 301.45 296.75 291.90 286.94 281.85 276.66 271.38 266.01 260.55 255.04 249.46 243.83 238.17 232.47 226.76 221.04 215.36 209.74 204.19 198.73 193.36 188.10 182.98 178.02 173.24 168.63 164.20 159.97 155.92 152.07 148.43 144.99 141.77 138.76 135.98 133.42 131.10 129.01 127.17 125.57 124.23 123.14 122.32 121.77 121.49 121.48
358.71 358.97 359.03 358.88 358.53 357.97 357.20 356.23 355.06 353.68 352.09 350.31 348.32 346.13 343.74 341.14 338.34 335.31 332.05 328.59 324.91 321.05 316.99 312.76 308.37 303.81 299.11 294.27 289.31 284.22 279.03 273.73 268.35 262.89 257.35 251.76 246.11 240.42 234.70 228.96 223.25 217.59 211.98 206.45 201.00 195.64 190.38 185.24 180.25 175.43 170.78 166.32 162.05 157.98 154.10 150.42 146.96 143.71 140.68 137.87 135.29 132.95 130.84 128.98 127.37 126.02 124.92 124.09 123.53 123.24 123.23
360.77 361.01 361.04 360.88 360.51 359.94 359.17 358.20 357.03 355.66 354.08 352.31 350.34 348.17 345.80 343.23 340.46 337.46 334.24 330.79 327.14 323.29 319.26 315.04 310.66 306.11 301.42 296.58 291.62 286.53 281.33 276.03 270.64 265.16 259.61 254.00 248.33 242.62 236.88 231.15 225.46 219.82 214.23 208.71 203.27 197.92 192.67 187.53 182.51 177.65 172.97 168.48 164.17 160.06 156.15 152.44 148.95 145.67 142.61 139.78 137.18 134.81 132.69 130.81 129.18 127.81 126.70 125.85 125.28 124.98 124.96
362.75 362.96 362.98 362.80 362.42 361.84 361.07 360.10 358.93 357.56 356.00 354.24 352.29 350.14 347.80 345.26 342.52 339.55 336.35 332.93 329.31 325.48 321.46 317.26 312.88 308.35 303.66 298.83 293.87 288.78 283.58 278.27 272.87 267.38 261.82 256.19 250.50 244.77 239.05 233.34 227.67 222.04 216.47 210.96 205.53 200.19 194.95 189.81 184.80 179.92 175.20 170.66 166.32 162.17 158.22 154.49 150.96 147.65 144.56 141.70 139.08 136.69 134.54 132.64 130.99 129.60 128.48 127.62 127.03 126.72 126.69
364.65 364.84 364.84 364.64 364.25 363.67 362.89 361.92 360.75 359.39 357.84 356.10 354.16 352.04 349.72 347.21 344.51 341.57 338.40 335.01 331.40 327.59 323.59 319.41 315.05 310.52 305.84 301.01 296.05 290.96 285.76 280.45 275.04 269.54 263.96 258.31 252.62 246.90 241.20 235.52 229.86 224.26 218.70 213.21 207.79 202.46 197.22 192.09 187.08 182.19 177.45 172.87 168.49 164.30 160.32 156.55 152.99 149.65 146.53 143.64 140.99 138.57 136.40 134.47 132.81 131.40 130.25 129.37 128.77 128.45 128.40
366.46 366.64 366.62 366.41 366.00 365.41 364.63 363.66 362.50 361.15 359.61 357.88 355.96 353.86 351.57 349.09 346.42 343.51 340.37 337.01 333.43 329.64 325.66 321.49 317.14 312.63 307.95 303.13 298.17 293.09 287.88 282.56 277.14 271.63 266.04 260.39 254.71 249.02 243.34 237.68 232.05 226.46 220.92 215.44 210.04 204.71 199.48 194.36 189.35 184.46 179.71 175.11 170.69 166.46 162.44 158.63 155.03 151.66 148.51 145.59 142.90 140.46 138.26 136.31 134.62 133.18 132.02 131.12 130.50 130.16 130.10
368.20 368.35 368.31 368.09 367.68 367.08 366.29 365.32 364.17 362.82 361.30 359.59 357.69 355.61 353.35 350.90 348.26 345.39 342.28 338.94 335.38 331.62 327.65 323.50 319.17 314.66 310.00 305.19 300.23 295.14 289.93 284.61 279.19 273.67 268.07 262.43 256.78 251.12 245.47 239.83 234.23 228.65 223.13 217.67 212.27 206.96 201.73 196.61 191.60 186.72 181.96 177.36 172.91 168.64 164.58 160.72 157.09 153.68 150.49 147.54 144.82 142.35 140.12 138.14 136.42 134.96 133.77 132.86 132.22 131.86 131.78
369.85 369.98 369.92 369.68 369.26 368.66 367.87 366.90 365.75 364.42 362.91 361.21 359.34 357.28 355.05 352.63 350.03 347.19 344.11 340.79 337.26 333.52 329.58 325.44 321.12 316.63 311.98 307.17 302.22 297.13 291.92 286.59 281.16 275.64 270.07 264.46 258.84 253.21 247.58 241.97 236.38 230.83 225.32 219.87 214.49 209.18 203.96 198.85 193.84 188.95 184.20 179.58 175.12 170.83 166.72 162.83 159.16 155.70 152.48 149.49 146.74 144.23 141.97 139.97 138.22 136.74 135.52 134.58 133.92 133.54 133.44
371.41 371.52 371.45 371.20 370.77 370.16 369.37 368.40 367.26 365.94 364.44 362.76 360.90 358.87 356.67 354.29 351.71 348.91 345.86 342.57 339.07 335.35 331.43 327.31 323.00 318.53 313.88 309.08 304.13 299.05 293.84 288.51 283.08 277.58 272.04 266.47 260.88 255.27 249.67 244.08 238.51 232.98 227.49 222.05 216.68 211.38 206.17 201.06 196.06 191.17 186.41 181.79 177.32 173.02 168.88 164.95 161.23 157.74 154.47 151.45 148.66 146.11 143.82 141.78 140.01 138.49 137.25 136.28 135.60 135.19 135.08
372.85 372.97 372.88 372.62 372.18 371.57 370.78 369.82 368.68 367.37 365.88 364.22 362.39 360.38 358.21 355.86 353.32 350.55 347.53 344.28 340.80 337.10 333.20 329.10 324.81 320.35 315.71 310.92 305.98 300.90 295.68 290.36 284.95 279.49 273.99 268.45 262.89 257.31 251.74 246.17 240.62 235.11 229.63 224.21 218.85 213.56 208.36 203.25 198.25 193.36 188.60 183.97 179.50 175.18 171.03 167.07 163.31 159.77 156.47 153.40 150.57 147.99 145.66 143.59 141.78 140.23 138.96 137.97 137.25 136.83 136.69
374.07 374.30 374.23 373.96 373.51 372.89 372.10 371.14 370.01 368.71 367.24 365.60 363.79 361.81 359.66 357.35 354.85 352.11 349.12 345.90 342.45 338.78 334.89 330.81 326.54 322.09 317.47 312.68 307.75 302.67 297.46 292.17 286.80 281.38 275.91 270.40 264.87 259.33 253.78 248.23 242.71 237.21 231.75 226.34 220.99 215.71 210.52 205.41 200.41 195.52 190.76 186.13 181.65 177.32 173.16 169.17 165.38 161.80 158.45 155.34 152.48 149.86 147.49 145.38 143.53 141.96 140.65 139.63 138.89 138.43 138.27
375.02 375.41 375.45 375.20 374.75 374.13 373.34 372.38 371.26 369.97 368.51 366.89 365.11 363.15 361.04 358.75 356.29 353.59 350.64 347.44 344.02 340.37 336.51 332.45 328.19 323.76 319.15 314.37 309.44 304.37 299.20 293.94 288.62 283.23 277.80 272.32 266.82 261.31 255.78 250.26 244.76 239.28 233.84 228.44 223.10 217.83 212.64 207.54 202.54 197.65 192.89 188.25 183.76 179.42 175.25 171.25 167.44 163.83 160.44 157.28 154.37 151.71 149.30 147.15 145.27 143.66 142.32 141.26 140.49 140.01 139.81
375.67 376.23 376.45 376.32 375.89 375.27 374.48 373.53 372.42 371.14 369.70 368.10 366.33 364.41 362.32 360.08 357.65 354.98 352.06 348.90 345.50 341.88 338.04 334.00 329.77 325.34 320.74 315.98 311.06 306.03 300.90 295.69 290.40 285.05 279.65 274.21 268.74 263.25 257.75 252.26 246.77 241.31 235.89 230.51 225.18 219.92 214.74 209.64 204.64 199.75 194.98 190.34 185.84 181.50 177.31 173.30 169.47 165.83 162.41 159.21 156.25 153.54 151.10 148.91 146.99 145.34 143.96 142.87 142.06 141.55 141.32
376.03 376.75 377.14 377.20 376.91 376.32 375.53 374.58 373.48 372.22 370.79 369.21 367.47 365.57 363.52 361.31 358.92 356.29 353.40 350.27 346.90 343.31 339.49 335.47 331.26 326.85 322.26 317.51 312.63 307.65 302.56 297.39 292.14 286.83 281.47 276.06 270.62 265.16 259.69 254.22 248.75 243.31 237.90 232.53 227.22 221.97 216.79 211.70 206.70 201.81 197.04 192.39 187.89 183.53 179.33 175.31 171.46 167.80 164.35 161.12 158.11 155.36 152.87 150.64 148.67 146.98 145.57 144.44 143.60 143.05 142.80
376.09 376.97 377.54 377.78 377.68 377.23 376.48 375.55 374.45 373.20 371.79 370.23 368.52 366.65 364.63 362.45 360.10 357.51 354.66 351.56 348.22 344.65 340.86 336.86 332.66 328.27 323.70 318.99 314.16 309.22 304.18 299.05 293.85 288.58 283.25 277.87 272.46 267.03 261.58 256.13 250.69 245.27 239.87 234.52 229.22 223.97 218.80 213.72 208.72 203.83 199.06 194.41 189.89 185.52 181.31 177.27 173.41 169.73 166.26 163.00 159.96 157.16 154.62 152.34 150.34 148.60 147.15 145.98 145.10 144.52 144.23
375.85 376.89 377.63 378.05 378.15 377.90 377.31 376.41 375.32 374.09 372.70 371.16 369.47 367.63 365.64 363.50 361.19 358.64 355.82 352.75 349.44 345.90 342.14 338.16 333.98 329.61 325.09 320.43 315.65 310.75 305.76 300.67 295.51 290.27 284.98 279.64 274.26 268.85 263.43 258.01 252.59 247.18 241.80 236.46 231.17 225.94 220.77 215.69 210.70 205.81 201.03 196.37 191.85 187.47 183.25 179.19 175.31 171.62 168.12 164.83 161.77 158.93 156.34 154.02 151.96 150.19 148.69 147.48 146.56 145.94 145.62
375.29 376.49 377.40 378.01 378.30 378.26 377.87 377.14 376.10 374.88 373.51 371.99 370.33 368.52 366.56 364.46 362.19 359.67 356.89 353.86 350.58 347.07 343.33 339.37 335.22 330.89 326.42 321.81 317.08 312.24 307.29 302.24 297.12 291.92 286.66 281.35 276.01 270.63 265.23 259.83 254.43 249.04 243.68 238.36 233.08 227.85 222.69 217.62 212.62 207.73 202.95 198.29 193.76 189.37 185.14 181.07 177.17 173.45 169.94 166.62 163.53 160.66 158.03 155.66 153.56 151.74 150.20 148.94 147.98 147.32 146.95
374.40 375.76 376.85 377.64 378.12 378.29 378.12 377.61 376.74 375.57 374.22 372.73 371.09 369.31 367.39 365.32 363.09 360.62 357.87 354.87 351.62 348.14 344.42 340.50 336.39 332.12 327.71 323.15 318.47 313.67 308.76 303.76 298.68 293.52 288.30 283.02 277.70 272.35 266.98 261.60 256.23 250.86 245.51 240.20 234.93 229.72 224.56 219.49 214.50 209.61 204.82 200.16 195.62 191.22 186.97 182.89 178.97 175.24 171.70 168.36 165.24 162.34 159.68 157.27 155.12 153.25 151.66 150.36 149.36 148.65 148.24
373.19 374.71 375.97 376.94 377.61 377.98 378.03 377.75 377.11 376.12 374.83 373.36 371.75 370.00 368.11 366.09 363.90 361.46 358.75 355.79 352.57 349.11 345.43 341.56 337.51 333.30 328.93 324.43 319.80 315.05 310.19 305.23 300.18 295.06 289.87 284.63 279.34 274.02 268.68 263.32 257.97 252.62 247.29 241.99 236.73 231.52 226.38 221.31 216.32 211.43 206.64 201.97 197.43 193.02 188.76 184.66 180.72 176.97 173.41 170.05 166.90 163.97 161.28 158.83 156.64 154.72 153.08 151.73 150.68 149.93 149.48
371.65 373.33 374.75 375.90 376.77 377.34 377.61 377.55 377.15 376.40 375.30 373.89 372.31 370.59 368.74 366.75 364.61 362.21 359.54 356.61 353.42 350.00 346.37 342.56 338.57 334.41 330.11 325.66 321.07 316.37 311.55 306.64 301.63 296.55 291.39 286.18 280.93 275.64 270.32 264.98 259.65 254.32 249.00 243.72 238.47 233.27 228.14 223.07 218.09 213.19 208.40 203.73 199.17 194.75 190.48 186.37 182.42 178.64 175.06 171.67 168.50 165.54 162.82 160.34 158.11 156.14 154.45 153.05 151.95 151.16 150.66
369.77 371.60 373.19 374.52 375.58 376.36 376.84 377.00 376.84 376.34 375.49 374.28 372.77 371.08 369.27 367.32 365.21 362.86 360.22 357.33 354.18 350.82 347.25 343.50 339.57 335.47 331.22 326.82 322.28 317.63 312.86 307.98 303.02 297.97 292.85 287.68 282.45 277.19 271.89 266.58 261.27 255.96 250.66 245.39 240.15 234.96 229.83 224.77 219.79 214.90 210.10 205.42 200.86 196.43 192.15 188.01 184.05 180.26 176.65 173.24 170.04 167.05 164.30 161.78 159.51 157.51 155.77 154.32 153.17 152.33 151.79
367.54 369.53 371.29 372.80 374.05 375.02 375.71 376.10 376.18 375.92 375.33 374.39 373.08 371.47 369.69 367.78 365.72 363.40 360.81 357.95 354.87 351.57 348.06 344.37 340.50 336.46 332.26 327.91 323.43 318.82 314.09 309.26 304.34 299.33 294.25 289.10 283.91 278.67 273.41 268.12 262.82 257.53 252.25 246.99 241.77 236.59 231.47 226.41 221.43 216.53 211.74 207.05 202.48 198.04 193.74 189.60 185.61 181.80 178.17 174.74 171.51 168.50 165.71 163.16 160.86 158.81 157.03 155.54 154.34 153.44 152.85
364.95 367.10 369.02 370.71 372.15 373.33 374.23 374.84 375.15 375.15 374.81 374.13 373.10 371.70 370.00 368.14 366.12 363.85 361.30 358.50 355.48 352.25 348.81 345.18 341.37 337.38 333.24 328.94 324.51 319.95 315.27 310.48 305.59 300.62 295.57 290.46 285.30 280.09 274.85 269.59 264.31 259.04 253.77 248.53 243.32 238.15 233.03 227.98 223.00 218.10 213.30 208.61 204.03 199.59 195.28 191.11 187.11 183.28 179.63 176.17 172.92 169.88 167.06 164.47 162.13 160.05 158.23 156.69 155.44 154.49 153.84
362.01 364.31 366.40 368.27 369.89 371.27 372.38 373.22 373.76 374.00 373.92 373.51 372.76 371.65 370.17 368.39 366.41 364.19 361.70 358.98 356.03 352.86 349.48 345.92 342.16 338.24 334.14 329.90 325.52 321.00 316.37 311.62 306.77 301.84 296.83 291.75 286.62 281.44 276.22 270.98 265.73 260.47 255.22 249.99 244.79 239.63 234.52 229.47 224.50 219.60 214.80 210.10 205.52 201.06 196.74 192.56 188.54 184.69 181.02 177.54 174.25 171.18 168.33 165.71 163.34 161.21 159.35 157.77 156.47 155.47 154.77
358.70 361.16 363.41 365.45 367.27 368.84 370.17 371.22 372.00 372.48 372.66 372.52 372.04 371.22 370.04 368.49 366.60 364.44 362.03 359.38 356.49 353.39 350.08 346.58 342.88 339.01 334.98 330.78 326.45 321.98 317.39 312.69 307.88 302.99 298.01 292.96 287.86 282.71 277.52 272.30 267.07 261.83 256.60 251.39 246.20 241.04 235.94 230.90 225.92 221.02 216.22 211.52 206.92 202.46 198.12 193.93 189.89 186.02 182.33 178.82 175.51 172.41 169.53 166.88 164.46 162.30 160.40 158.78 157.43 156.38 155.63
