data_output/recharge/precip/Precip_1998_09.asc
ncols        168
nrows        136
xllcorner    455000
yllcorner    2107000
cellsize     500
NODATA_value     -99999
[rows 32 to 63 of 136, columns 71 to 141 of 168]
241.05 238.77 236.53 234.32 232.14 230.00 227.90 225.84 223.83 221.87 219.99 218.19 216.49 214.89 213.38 211.97 210.66 209.45 208.34 207.33 206.42 205.62 204.93 204.34 203.86 203.50 203.24 203.09 203.05 203.13 203.33 203.64 204.07 204.61 205.28 206.07 206.98 208.01 209.17 210.46 211.87 213.40 215.07 216.87 218.80 220.89 223.12 225.51 228.05 230.74 233.59 236.58 239.72 243.01 246.34 249.24 251.58 253.36 254.60 255.31 255.51 255.21 254.42 253.16 251.51 249.66 247.71 245.67 243.54 241.34 239.08
240.87 238.57 236.30 234.07 231.87 229.71 227.59 225.51 223.49 221.54 219.68 217.91 216.23 214.65 213.16 211.77 210.48 209.29 208.20 207.22 206.33 205.55 204.88 204.31 203.85 203.50 203.25 203.12 203.11 203.20 203.41 203.74 204.18 204.74 205.42 206.23 207.15 208.20 209.37 210.66 212.08 213.63 215.31 217.12 219.06 221.14 223.36 225.74 228.27 230.96 233.79 236.78 239.92 243.20 246.52 249.42 251.73 253.48 254.68 255.34 255.48 255.10 254.24 252.96 251.46 249.84 248.10 246.26 244.33 242.31 240.23
240.69 238.37 236.08 233.82 231.60 229.42 227.28 225.19 223.17 221.24 219.40 217.65 216.00 214.44 212.97 211.60 210.33 209.16 208.09 207.12 206.26 205.50 204.84 204.29 203.84 203.51 203.28 203.17 203.16 203.27 203.50 203.84 204.29 204.87 205.56 206.37 207.31 208.37 209.55 210.85 212.29 213.84 215.53 217.35 219.30 221.38 223.59 225.96 228.48 231.15 233.98 236.96 240.08 243.36 246.68 249.56 251.85 253.56 254.72 255.32 255.40 254.95 254.07 252.95 251.69 250.29 248.77 247.13 245.40 243.57 241.66
240.52 238.17 235.85 233.57 231.33 229.13 226.98 224.89 222.89 220.98 219.16 217.43 215.80 214.26 212.81 211.46 210.21 209.06 208.00 207.05 206.20 205.45 204.81 204.28 203.85 203.53 203.31 203.21 203.22 203.34 203.58 203.93 204.40 204.98 205.69 206.51 207.46 208.52 209.71 211.03 212.47 214.03 215.73 217.55 219.51 221.59 223.81 226.16 228.67 231.33 234.14 237.11 240.23 243.50 246.80 249.66 251.92 253.60 254.71 255.26 255.27 254.82 254.11 253.23 252.20 251.03 249.73 248.30 246.76 245.12 243.38
240.35 237.98 235.64 233.33 231.07 228.85 226.70 224.63 222.65 220.76 218.96 217.25 215.63 214.11 212.68 211.35 210.11 208.97 207.94 207.00 206.16 205.43 204.80 204.28 203.86 203.55 203.35 203.26 203.28 203.42 203.66 204.02 204.50 205.10 205.81 206.64 207.59 208.67 209.86 211.18 212.63 214.20 215.90 217.73 219.69 221.78 224.00 226.35 228.85 231.49 234.29 237.24 240.34 243.60 246.89 249.73 251.97 253.60 254.66 255.16 255.16 254.89 254.44 253.81 253.01 252.07 250.98 249.76 248.42 246.96 245.41
240.19 237.79 235.42 233.10 230.81 228.60 226.46 224.41 222.45 220.57 218.79 217.10 215.50 213.99 212.57 211.26 210.03 208.91 207.89 206.96 206.14 205.42 204.80 204.29 203.88 203.59 203.40 203.32 203.35 203.49 203.74 204.11 204.60 205.20 205.92 206.76 207.71 208.79 209.99 211.32 212.77 214.35 216.05 217.88 219.84 221.93 224.15 226.51 229.00 231.63 234.41 237.34 240.43 243.68 246.95 249.77 251.97 253.56 254.57 255.07 255.27 255.27 255.07 254.68 254.12 253.41 252.53 251.52 250.38 249.11 247.73
240.03 237.61 235.22 232.87 230.59 228.38 226.26 224.23 222.28 220.42 218.66 216.98 215.39 213.90 212.50 211.19 209.98 208.87 207.86 206.94 206.13 205.42 204.81 204.31 203.92 203.63 203.44 203.37 203.41 203.56 203.82 204.20 204.69 205.29 206.02 206.86 207.82 208.90 210.11 211.44 212.89 214.47 216.17 218.00 219.97 222.06 224.28 226.64 229.12 231.75 234.51 237.43 240.50 243.72 246.98 249.77 251.93 253.48 254.51 255.21 255.68 255.94 256.00 255.86 255.54 255.05 254.40 253.59 252.65 251.57 250.37
239.89 237.43 235.02 232.67 230.40 228.21 226.11 224.09 222.16 220.31 218.55 216.89 215.31 213.83 212.44 211.15 209.95 208.85 207.85 206.94 206.14 205.44 204.84 204.34 203.96 203.67 203.50 203.43 203.47 203.63 203.89 204.27 204.77 205.38 206.11 206.95 207.92 209.00 210.21 211.54 212.99 214.57 216.27 218.10 220.06 222.15 224.37 226.73 229.21 231.83 234.59 237.49 240.53 243.74 246.97 249.73 251.86 253.44 254.67 255.65 256.40 256.93 257.25 257.36 257.28 257.01 256.58 255.98 255.23 254.34 253.32
239.75 237.27 234.85 232.51 230.26 228.08 225.99 223.98 222.06 220.23 218.49 216.83 215.27 213.79 212.42 211.13 209.94 208.85 207.85 206.96 206.16 205.47 204.87 204.39 204.00 203.72 203.55 203.49 203.54 203.69 203.96 204.35 204.84 205.45 206.18 207.03 207.99 209.08 210.28 211.61 213.06 214.64 216.34 218.17 220.13 222.21 224.43 226.78 229.26 231.88 234.63 237.52 240.54 243.72 246.93 249.67 251.82 253.62 255.14 256.42 257.44 258.24 258.81 259.17 259.33 259.29 259.08 258.69 258.14 257.44 256.60
239.62 237.13 234.73 232.40 230.16 227.99 225.91 223.92 222.01 220.18 218.45 216.80 215.25 213.78 212.41 211.13 209.95 208.87 207.88 206.99 206.20 205.51 204.92 204.43 204.05 203.78 203.61 203.55 203.60 203.76 204.03 204.41 204.91 205.52 206.25 207.09 208.06 209.14 210.34 211.67 213.12 214.69 216.39 218.21 220.16 222.25 224.46 226.80 229.27 231.88 234.63 237.50 240.52 243.68 246.87 249.64 252.02 254.12 255.94 257.50 258.81 259.87 260.71 261.31 261.71 261.91 261.91 261.73 261.38 260.87 260.21
239.50 237.03 234.63 232.32 230.08 227.93 225.86 223.87 221.97 220.15 218.43 216.79 215.24 213.78 212.42 211.15 209.97 208.89 207.91 207.02 206.23 205.55 204.96 204.48 204.10 203.83 203.66 203.60 203.65 203.81 204.08 204.46 204.96 205.57 206.29 207.14 208.10 209.18 210.38 211.70 213.14 214.71 216.40 218.22 220.17 222.24 224.44 226.78 229.25 231.85 234.58 237.45 240.46 243.60 246.82 249.83 252.53 254.93 257.06 258.91 260.49 261.83 262.92 263.77 264.41 264.83 265.06 265.09 264.94 264.62 264.14
239.15 236.66 234.28 231.98 229.76 227.62 225.57 223.59 221.71 219.90 218.19 216.56 215.03 213.58 212.23 210.96 209.80 208.73 207.75 206.87 206.09 205.42 204.84 204.36 203.99 203.73 203.56 203.51 203.56 203.73 204.00 204.39 204.89 205.50 206.23 207.07 208.03 209.11 210.31 211.64 213.08 214.65 216.34 218.16 220.10 222.17 224.37 226.71 229.17 231.76 234.50 237.36 240.36 243.51 246.80 250.06 253.08 255.80 258.22 260.36 262.23 263.83 265.19 266.30 267.17 267.83 268.28 268.52 268.58 268.45 268.15
238.49 235.80 233.42 231.14 228.95 226.83 224.80 222.85 220.99 219.21 217.52 215.91 214.40 212.97 211.64 210.40 209.25 208.20 207.25 206.39 205.63 204.97 204.41 203.95 203.59 203.34 203.20 203.16 203.23 203.41 203.69 204.09 204.61 205.23 205.97 206.83 207.80 208.89 210.10 211.44 212.89 214.47 216.17 217.99 219.94 222.03 224.23 226.57 229.04 231.64 234.38 237.25 240.27 243.45 246.79 250.15 253.42 256.45 259.18 261.61 263.76 265.64 267.26 268.63 269.75 270.65 271.32 271.78 272.04 272.11 272.00
237.73 234.65 232.07 229.81 227.65 225.57 223.57 221.66 219.82 218.08 216.42 214.85 213.37 211.97 210.67 209.46 208.34 207.32 206.40 205.57 204.84 204.20 203.67 203.24 202.91 202.69 202.57 202.56 202.65 202.85 203.17 203.59 204.13 204.77 205.54 206.42 207.41 208.53 209.76 211.11 212.58 214.18 215.90 217.75 219.72 221.81 224.04 226.40 228.88 231.50 234.26 237.15 240.21 243.44 246.83 250.23 253.60 256.87 259.91 262.64 265.08 267.24 269.13 270.75 272.13 273.26 274.16 274.85 275.32 275.59 275.67
236.89 233.41 230.46 228.01 225.87 223.84 221.89 220.02 218.23 216.53 214.91 213.38 211.94 210.59 209.33 208.16 207.09 206.11 205.22 204.43 203.74 203.14 202.65 202.26 201.97 201.78 201.70 201.72 201.85 202.09 202.44 202.90 203.47 204.15 204.94 205.86 206.88 208.03 209.29 210.68 212.18 213.81 215.56 217.43 219.43 221.56 223.81 226.20 228.71 231.36 234.14 237.08 240.20 243.48 246.91 250.35 253.77 257.14 260.41 263.45 266.18 268.62 270.78 272.67 274.30 275.68 276.81 277.72 278.41 278.88 279.16
235.98 232.11 228.78 225.98 223.67 221.66 219.77 217.95 216.22 214.57 213.01 211.54 210.15 208.85 207.64 206.53 205.50 204.57 203.74 203.00 202.35 201.81 201.36 201.02 200.78 200.64 200.60 200.67 200.85 201.13 201.53 202.03 202.64 203.37 204.21 205.16 206.23 207.42 208.73 210.15 211.70 213.37 215.16 217.07 219.11 221.28 223.57 225.99 228.54 231.23 234.07 237.07 240.23 243.56 247.03 250.52 253.97 257.39 260.76 264.03 267.05 269.78 272.22 274.38 276.27 277.89 279.27 280.40 281.31 281.99 282.47
235.01 230.76 227.06 223.90 221.25 219.09 217.23 215.48 213.82 212.24 210.74 209.33 208.00 206.77 205.62 204.57 203.60 202.73 201.96 201.28 200.70 200.21 199.83 199.54 199.36 199.27 199.30 199.42 199.66 200.00 200.45 201.00 201.67 202.45 203.35 204.36 205.48 206.72 208.08 209.56 211.15 212.87 214.71 216.68 218.77 220.98 223.33 225.80 228.40 231.15 234.04 237.10 240.31 243.68 247.19 250.72 254.21 257.67 261.08 264.45 267.71 270.72 273.44 275.87 278.02 279.90 281.51 282.88 284.01 284.91 285.59
233.98 229.38 225.32 221.80 218.80 216.33 214.33 212.63 211.04 209.53 208.11 206.77 205.52 204.36 203.28 202.30 201.41 200.61 199.91 199.30 198.79 198.37 198.06 197.84 197.73 197.71 197.80 198.00 198.30 198.70 199.22 199.84 200.58 201.42 202.38 203.45 204.64 205.95 207.37 208.91 210.56 212.34 214.25 216.27 218.42 220.70 223.10 225.63 228.30 231.11 234.06 237.17 240.43 243.84 247.39 250.95 254.49 257.98 261.44 264.85 268.20 271.44 274.44 277.15 279.56 281.70 283.56 285.16 286.52 287.63 288.52
232.91 227.96 223.56 219.70 216.37 213.56 211.25 209.43 207.90 206.47 205.14 203.88 202.72 201.64 200.65 199.75 198.94 198.23 197.60 197.08 196.65 196.31 196.07 195.94 195.90 195.97 196.13 196.41 196.78 197.27 197.86 198.56 199.37 200.29 201.33 202.47 203.73 205.11 206.61 208.22 209.95 211.80 213.77 215.87 218.09 220.44 222.91 225.51 228.24 231.11 234.12 237.28 240.58 244.04 247.62 251.22 254.79 258.33 261.82 265.27 268.66 272.00 275.23 278.21 280.89 283.28 285.40 287.24 288.82 290.16 291.26
231.80 226.51 221.78 217.59 213.94 210.81 208.20 206.08 204.44 203.09 201.85 200.69 199.62 198.63 197.74 196.93 196.21 195.59 195.06 194.63 194.28 194.04 193.90 193.85 193.90 194.06 194.31 194.67 195.14 195.71 196.39 197.18 198.07 199.08 200.20 201.43 202.78 204.24 205.81 207.51 209.32 211.26 213.31 215.49 217.79 220.22 222.76 225.43 228.23 231.16 234.23 237.43 240.78 244.27 247.89 251.53 255.13 258.70 262.23 265.72 269.15 272.53 275.84 279.04 282.00 284.66 287.02 289.11 290.93 292.49 293.80
230.65 225.05 220.00 215.50 211.54 208.10 205.19 202.78 200.86 199.41 198.25 197.20 196.23 195.35 194.56 193.86 193.25 192.73 192.30 191.96 191.72 191.58 191.54 191.59 191.74 192.00 192.35 192.81 193.38 194.05 194.82 195.71 196.70 197.80 199.02 200.34 201.78 203.34 205.01 206.80 208.71 210.74 212.88 215.15 217.54 220.05 222.67 225.40 228.27 231.25 234.37 237.62 241.01 244.54 248.19 251.86 255.50 259.10 262.67 266.19 269.67 273.08 276.44 279.72 282.89 285.81 288.44 290.77 292.83 294.62 296.15
229.49 223.57 218.22 213.42 209.16 205.43 202.23 199.54 197.34 195.64 194.39 193.43 192.58 191.82 191.14 190.55 190.05 189.65 189.33 189.11 188.98 188.95 189.02 189.18 189.45 189.81 190.28 190.84 191.52 192.29 193.18 194.17 195.27 196.48 197.80 199.23 200.78 202.44 204.21 206.11 208.12 210.25 212.50 214.87 217.34 219.92 222.61 225.42 228.34 231.38 234.55 237.85 241.28 244.84 248.52 252.22 255.89 259.53 263.13 266.69 270.20 273.65 277.04 280.37 283.62 286.75 289.64 292.23 294.53 296.55 298.30
228.31 222.10 216.45 211.36 206.82 202.82 199.34 196.38 193.92 191.95 190.47 189.43 188.68 188.05 187.49 187.03 186.66 186.37 186.18 186.08 186.08 186.17 186.36 186.64 187.03 187.51 188.10 188.78 189.57 190.47 191.47 192.58 193.80 195.13 196.56 198.11 199.77 201.55 203.44 205.45 207.57 209.82 212.17 214.63 217.19 219.84 222.60 225.47 228.45 231.55 234.76 238.11 241.57 245.17 248.88 252.61 256.31 259.98 263.61 267.20 270.74 274.23 277.66 281.02 284.32 287.53 290.62 293.46 296.01 298.27 300.25
227.13 220.63 214.70 209.34 204.53 200.26 196.52 193.30 190.58 188.37 186.64 185.39 184.58 184.05 183.64 183.31 183.07 182.92 182.86 182.90 183.03 183.25 183.57 183.99 184.50 185.12 185.83 186.65 187.57 188.60 189.73 190.96 192.31 193.76 195.33 197.00 198.79 200.69 202.71 204.84 207.09 209.45 211.90 214.44 217.08 219.80 222.63 225.56 228.60 231.75 235.01 238.40 241.90 245.53 249.27 253.02 256.75 260.44 264.11 267.73 271.30 274.83 278.29 281.69 285.02 288.27 291.44 294.49 297.28 299.78 301.99
225.94 219.17 212.98 207.36 202.29 197.77 193.78 190.31 187.36 184.91 182.94 181.46 180.45 179.88 179.59 179.41 179.31 179.31 179.39 179.57 179.84 180.21 180.67 181.23 181.89 182.64 183.50 184.46 185.52 186.68 187.95 189.33 190.81 192.41 194.11 195.92 197.84 199.88 202.03 204.30 206.68 209.14 211.68 214.30 217.01 219.81 222.70 225.69 228.79 231.98 235.29 238.71 242.25 245.91 249.67 253.45 257.20 260.93 264.62 268.27 271.88 275.43 278.93 282.36 285.73 289.02 292.23 295.35 298.34 301.08 303.53
224.77 217.74 211.30 205.43 200.11 195.35 191.12 187.42 184.24 181.57 179.39 177.69 176.47 175.72 175.39 175.34 175.40 175.55 175.79 176.13 176.55 177.07 177.69 178.40 179.21 180.11 181.12 182.23 183.44 184.76 186.18 187.70 189.33 191.07 192.92 194.88 196.95 199.14 201.44 203.84 206.32 208.87 211.49 214.20 216.98 219.85 222.81 225.86 229.00 232.25 235.60 239.06 242.63 246.32 250.11 253.90 257.68 261.43 265.15 268.83 272.46 276.05 279.58 283.04 286.44 289.76 293.01 296.17 299.24 302.17 304.85
223.61 216.34 209.66 203.55 198.00 193.01 188.56 184.65 181.25 178.37 175.98 174.08 172.67 171.71 171.22 171.15 171.36 171.67 172.08 172.58 173.17 173.85 174.63 175.50 176.47 177.54 178.71 179.98 181.35 182.83 184.41 186.09 187.88 189.78 191.79 193.91 196.14 198.48 200.92 203.43 206.01 208.65 211.35 214.13 216.99 219.93 222.95 226.05 229.25 232.55 235.94 239.43 243.04 246.75 250.55 254.37 258.17 261.95 265.69 269.40 273.06 276.67 280.23 283.72 287.15 290.51 293.79 296.99 300.09 303.10 305.97
222.48 214.98 208.06 201.73 195.97 190.76 186.11 181.98 178.39 175.30 172.73 170.64 169.04 167.91 167.24 167.02 167.22 167.69 168.27 168.94 169.71 170.56 171.52 172.56 173.71 174.95 176.29 177.73 179.27 180.92 182.67 184.52 186.48 188.55 190.73 193.01 195.41 197.90 200.46 203.07 205.74 208.47 211.25 214.11 217.04 220.04 223.12 226.28 229.53 232.87 236.30 239.83 243.46 247.20 251.02 254.86 258.68 262.48 266.24 269.97 273.66 277.30 280.88 284.41 287.87 291.25 294.57 297.79 300.93 303.98 306.92
221.38 213.66 206.53 199.99 194.02 188.62 183.76 179.44 175.66 172.39 169.63 167.37 165.60 164.30 163.47 163.09 163.15 163.64 164.38 165.24 166.19 167.23 168.37 169.60 170.92 172.35 173.87 175.50 177.22 179.05 180.98 183.01 185.15 187.40 189.75 192.22 194.78 197.39 200.05 202.76 205.51 208.32 211.19 214.12 217.12 220.18 223.32 226.54 229.83 233.21 236.68 240.25 243.90 247.66 251.51 255.36 259.20 263.02 266.80 270.55 274.26 277.93 281.54 285.09 288.58 291.99 295.34 298.60 301.77 304.85 307.83
220.32 212.39 205.07 198.33 192.17 186.57 181.53 177.04 173.08 169.64 166.71 164.29 162.36 160.90 159.92 159.40 159.32 159.68 160.45 161.48 162.63 163.87 165.20 166.62 168.14 169.76 171.48 173.29 175.21 177.23 179.35 181.57 183.90 186.34 188.88 191.52 194.21 196.93 199.68 202.48 205.33 208.22 211.17 214.17 217.23 220.36 223.55 226.82 230.16 233.58 237.09 240.68 244.37 248.14 252.00 255.88 259.73 263.57 267.37 271.14 274.87 278.56 282.19 285.77 289.28 292.73 296.10 299.39 302.59 305.70 308.71
219.31 211.19 203.68 196.75 190.41 184.64 179.43 174.77 170.65 167.05 163.97 161.40 159.32 157.72 156.60 155.95 155.74 155.98 156.65 157.72 159.05 160.49 162.02 163.65 165.38 167.20 169.12 171.14 173.26 175.48 177.80 180.23 182.76 185.39 188.12 190.89 193.68 196.50 199.36 202.25 205.18 208.15 211.17 214.25 217.38 220.56 223.81 227.13 230.52 233.98 237.52 241.14 244.84 248.64 252.51 256.40 260.27 264.12 267.94 271.73 275.48 279.19 282.84 286.44 289.98 293.45 296.85 300.17 303.40 306.54 309.58
218.35 210.06 202.37 195.28 188.77 182.84 177.47 172.65 168.38 164.63 161.41 158.70 156.49 154.77 153.52 152.75 152.43 152.55 153.11 154.10 155.48 157.12 158.87 160.71 162.65 164.69 166.82 169.05 171.39 173.82 176.35 178.99 181.73 184.56 187.42 190.30 193.20 196.12 199.07 202.05 205.07 208.12 211.21 214.36 217.55 220.79 224.09 227.46 230.89 234.39 237.96 241.61 245.33 249.15 253.03 256.93 260.81 264.68 268.52 272.32 276.09 279.82 283.49 287.11 290.67 294.17 297.59 300.93 304.19 307.36 310.43
