data_output/recharge/precip/Precip_1989_05.asc
ncols        168
nrows        136
xllcorner    455000
yllcorner    2107000
cellsize     500
NODATA_value     -99999
[rows 0 to 33 of 136, columns 0 to 76 of 168]
59.79 58.86 57.92 56.96 56.00 55.04 54.09 53.15 52.22 51.31 50.43 49.58 48.77 48.00 47.27 46.60 45.98 45.42 44.94 44.52 44.18 43.92 43.76 43.66 43.59 43.52 43.45 43.38 43.32 43.25 43.18 43.11 43.04 42.96 42.88 42.79 42.70 42.60 42.49 42.37 42.24 42.10 41.94 41.78 41.59 41.40 41.19 40.96 40.71 40.45 40.17 39.89 39.61 39.32 39.03 38.74 38.45 38.16 37.87 37.59 37.32 37.08 36.84 36.63 36.43 36.25 36.08 35.94 35.81 35.70 35.61 35.54 35.49 35.46 35.46 35.47 35.51
60.47 59.52 58.56 57.59 56.61 55.64 54.67 53.71 52.77 51.85 50.96 50.10 49.28 48.49 47.76 47.08 46.45 45.89 45.40 44.98 44.63 44.37 44.20 44.10 44.03 43.95 43.88 43.81 43.74 43.66 43.59 43.51 43.43 43.35 43.26 43.16 43.05 42.94 42.82 42.69 42.54 42.39 42.22 42.04 41.84 41.63 41.40 41.16 40.90 40.62 40.34 40.06 39.77 39.48 39.19 38.90 38.61 38.32 38.02 37.73 37.46 37.19 36.95 36.72 36.51 36.32 36.14 35.98 35.85 35.73 35.63 35.55 35.50 35.46 35.45 35.45 35.49
61.17 60.20 59.22 58.23 57.24 56.25 55.26 54.29 53.34 52.41 51.50 50.63 49.79 49.00 48.26 47.56 46.93 46.36 45.86 45.43 45.09 44.82 44.64 44.54 44.46 44.39 44.31 44.23 44.15 44.07 43.99 43.91 43.82 43.72 43.62 43.51 43.40 43.27 43.14 43.00 42.84 42.67 42.49 42.29 42.08 41.85 41.61 41.34 41.07 40.79 40.51 40.22 39.93 39.64 39.35 39.06 38.77 38.47 38.18 37.89 37.60 37.32 37.07 36.83 36.60 36.40 36.21 36.04 35.90 35.77 35.66 35.57 35.51 35.47 35.44 35.45 35.47
61.88 60.90 59.90 58.89 57.88 56.87 55.87 54.88 53.91 52.97 52.05 51.16 50.32 49.51 48.76 48.06 47.42 46.84 46.33 45.89 45.54 45.27 45.09 44.99 44.90 44.82 44.73 44.65 44.57 44.48 44.39 44.30 44.20 44.09 43.98 43.86 43.74 43.60 43.45 43.29 43.12 42.94 42.74 42.53 42.30 42.05 41.79 41.52 41.24 40.95 40.67 40.38 40.09 39.80 39.51 39.21 38.92 38.63 38.33 38.04 37.75 37.47 37.20 36.94 36.71 36.49 36.29 36.11 35.96 35.82 35.70 35.61 35.53 35.48 35.45 35.45 35.46
62.61 61.61 60.59 59.56 58.53 57.51 56.49 55.48 54.50 53.54 52.60 51.71 50.85 50.03 49.27 48.55 47.90 47.32 46.80 46.36 46.00 45.72 45.54 45.43 45.34 45.25 45.16 45.07 44.98 44.88 44.78 44.68 44.57 44.46 44.33 44.20 44.06 43.91 43.75 43.58 43.39 43.19 42.98 42.75 42.50 42.24 41.97 41.69 41.40 41.12 40.83 40.54 40.25 39.95 39.66 39.37 39.07 38.78 38.49 38.19 37.90 37.62 37.34 37.07 36.82 36.59 36.38 36.19 36.03 35.88 35.75 35.65 35.56 35.50 35.47 35.45 35.46
63.32 62.33 61.29 60.24 59.19 58.15 57.12 56.09 55.09 54.12 53.17 52.26 51.38 50.56 49.78 49.06 48.39 47.80 47.27 46.82 46.45 46.17 45.98 45.87 45.77 45.68 45.58 45.48 45.38 45.28 45.17 45.06 44.94 44.81 44.67 44.53 44.38 44.21 44.04 43.85 43.65 43.43 43.20 42.96 42.69 42.42 42.14 41.85 41.57 41.28 40.99 40.69 40.40 40.10 39.81 39.51 39.22 38.93 38.63 38.34 38.05 37.77 37.48 37.21 36.95 36.71 36.49 36.28 36.11 35.95 35.81 35.70 35.60 35.54 35.49 35.47 35.47
63.97 63.03 62.00 60.94 59.87 58.81 57.75 56.72 55.70 54.70 53.74 52.81 51.93 51.09 50.30 49.56 48.89 48.28 47.75 47.29 46.91 46.62 46.42 46.30 46.20 46.10 45.99 45.89 45.78 45.67 45.55 45.42 45.29 45.15 45.01 44.85 44.68 44.50 44.31 44.11 43.89 43.66 43.41 43.15 42.87 42.59 42.30 42.02 41.73 41.43 41.14 40.84 40.55 40.25 39.96 39.66 39.36 39.07 38.78 38.49 38.20 37.91 37.63 37.35 37.08 36.83 36.60 36.39 36.19 36.03 35.88 35.75 35.65 35.58 35.52 35.49 35.49
64.56 63.67 62.69 61.64 60.56 59.47 58.40 57.34 56.31 55.30 54.32 53.38 52.47 51.62 50.82 50.07 49.39 48.77 48.22 47.75 47.37 47.07 46.87 46.74 46.63 46.52 46.41 46.29 46.17 46.05 45.92 45.78 45.64 45.49 45.33 45.16 44.98 44.78 44.58 44.36 44.12 43.87 43.60 43.33 43.04 42.76 42.47 42.18 41.88 41.59 41.29 40.99 40.69 40.40 40.10 39.80 39.50 39.21 38.92 38.63 38.34 38.06 37.78 37.50 37.23 36.96 36.72 36.50 36.29 36.11 35.96 35.82 35.71 35.62 35.56 35.53 35.51
65.07 64.24 63.32 62.32 61.25 60.15 59.06 57.98 56.93 55.90 54.90 53.94 53.03 52.16 51.34 50.58 49.88 49.25 48.70 48.22 47.83 47.52 47.31 47.17 47.05 46.93 46.81 46.69 46.56 46.42 46.28 46.13 45.98 45.81 45.64 45.45 45.26 45.05 44.82 44.59 44.33 44.06 43.79 43.50 43.21 42.92 42.63 42.33 42.03 41.74 41.44 41.14 40.84 40.53 40.24 39.94 39.64 39.34 39.05 38.76 38.48 38.19 37.91 37.64 37.37 37.11 36.85 36.62 36.40 36.21 36.04 35.90 35.78 35.68 35.61 35.57 35.55
65.52 64.74 63.88 62.94 61.92 60.83 59.72 58.63 57.55 56.51 55.49 54.52 53.58 52.70 51.87 51.09 50.38 49.74 49.17 48.68 48.28 47.96 47.74 47.60 47.47 47.34 47.21 47.08 46.94 46.79 46.64 46.48 46.31 46.13 45.94 45.74 45.52 45.30 45.06 44.80 44.53 44.25 43.96 43.67 43.38 43.08 42.78 42.48 42.18 41.88 41.58 41.27 40.97 40.67 40.37 40.07 39.77 39.48 39.18 38.89 38.61 38.33 38.05 37.78 37.51 37.25 36.99 36.75 36.52 36.32 36.14 35.98 35.85 35.75 35.67 35.61 35.59
65.90 65.16 64.36 63.47 62.52 61.48 60.39 59.28 58.18 57.12 56.09 55.09 54.14 53.24 52.40 51.61 50.88 50.23 49.65 49.15 48.73 48.40 48.17 48.02 47.89 47.75 47.61 47.46 47.31 47.15 46.98 46.81 46.62 46.43 46.22 46.01 45.78 45.53 45.27 45.00 44.72 44.43 44.14 43.84 43.54 43.24 42.94 42.63 42.33 42.02 41.72 41.41 41.10 40.80 40.50 40.20 39.90 39.60 39.31 39.02 38.73 38.45 38.18 37.91 37.64 37.38 37.13 36.88 36.65 36.44 36.25 36.08 35.94 35.82 35.73 35.67 35.63
66.20 65.52 64.76 63.93 63.03 62.07 61.03 59.93 58.82 57.74 56.69 55.67 54.71 53.79 52.93 52.12 51.38 50.71 50.12 49.61 49.18 48.84 48.60 48.44 48.29 48.15 47.99 47.83 47.67 47.50 47.32 47.13 46.93 46.72 46.50 46.26 46.02 45.75 45.48 45.19 44.90 44.60 44.30 44.00 43.70 43.39 43.08 42.78 42.47 42.16 41.85 41.54 41.23 40.93 40.62 40.32 40.02 39.72 39.43 39.14 38.86 38.58 38.30 38.03 37.77 37.51 37.26 37.02 36.78 36.56 36.36 36.18 36.03 35.91 35.81 35.74 35.69
66.42 65.79 65.09 64.31 63.47 62.57 61.59 60.55 59.46 58.36 57.29 56.26 55.27 54.34 53.46 52.64 51.88 51.20 50.59 50.07 49.63 49.28 49.02 48.85 48.70 48.54 48.37 48.20 48.02 47.83 47.64 47.44 47.22 47.00 46.76 46.51 46.24 45.96 45.67 45.37 45.08 44.77 44.47 44.16 43.85 43.54 43.23 42.91 42.60 42.29 41.98 41.66 41.35 41.05 40.74 40.44 40.13 39.84 39.54 39.26 38.97 38.69 38.42 38.15 37.89 37.64 37.39 37.15 36.92 36.69 36.48 36.30 36.14 36.00 35.89 35.81 35.75
66.57 65.99 65.33 64.61 63.83 62.98 62.07 61.10 60.06 58.98 57.89 56.84 55.84 54.88 53.99 53.15 52.38 51.68 51.06 50.52 50.07 49.71 49.44 49.26 49.09 48.92 48.74 48.55 48.36 48.16 47.95 47.73 47.50 47.26 47.00 46.73 46.45 46.16 45.86 45.55 45.25 44.94 44.63 44.31 44.00 43.68 43.36 43.05 42.73 42.41 42.10 41.78 41.47 41.16 40.85 40.55 40.24 39.95 39.65 39.36 39.08 38.80 38.53 38.26 38.00 37.75 37.51 37.27 37.04 36.82 36.62 36.42 36.25 36.10 35.98 35.89 35.83
66.64 66.10 65.50 64.83 64.10 63.31 62.46 61.55 60.59 59.56 58.50 57.43 56.40 55.43 54.52 53.66 52.88 52.16 51.52 50.97 50.50 50.13 49.85 49.66 49.48 49.29 49.10 48.90 48.69 48.48 48.25 48.02 47.77 47.51 47.23 46.95 46.65 46.34 46.04 45.73 45.41 45.10 44.78 44.46 44.14 43.82 43.50 43.17 42.85 42.53 42.21 41.90 41.58 41.27 40.96 40.65 40.35 40.05 39.76 39.47 39.18 38.91 38.63 38.37 38.11 37.86 37.62 37.39 37.16 36.95 36.74 36.55 36.37 36.21 36.08 35.98 35.90
66.63 66.14 65.58 64.96 64.29 63.55 62.76 61.92 61.02 60.07 59.06 58.01 56.97 55.98 55.04 54.17 53.37 52.64 51.98 51.41 50.93 50.54 50.26 50.05 49.86 49.66 49.45 49.24 49.02 48.78 48.54 48.29 48.02 47.74 47.45 47.15 46.84 46.53 46.21 45.89 45.57 45.25 44.93 44.60 44.28 43.95 43.62 43.30 42.97 42.65 42.32 42.00 41.68 41.37 41.06 40.75 40.45 40.15 39.85 39.56 39.28 39.00 38.73 38.47 38.21 37.97 37.73 37.50 37.28 37.06 36.86 36.67 36.49 36.33 36.19 36.07 35.99
66.54 66.09 65.58 65.01 64.38 63.71 62.98 62.19 61.36 60.47 59.54 58.55 57.53 56.52 55.57 54.68 53.86 53.11 52.44 51.85 51.36 50.95 50.65 50.43 50.22 50.01 49.79 49.56 49.32 49.08 48.82 48.54 48.26 47.96 47.65 47.34 47.02 46.70 46.38 46.06 45.73 45.40 45.07 44.74 44.40 44.07 43.74 43.41 43.08 42.75 42.43 42.10 41.78 41.46 41.15 40.84 40.54 40.24 39.94 39.65 39.37 39.09 38.82 38.56 38.31 38.06 37.83 37.60 37.38 37.17 36.98 36.79 36.61 36.45 36.30 36.18 36.09
66.36 65.95 65.48 64.97 64.39 63.77 63.10 62.37 61.60 60.78 59.92 59.01 58.05 57.07 56.09 55.18 54.34 53.58 52.89 52.29 51.77 51.36 51.04 50.81 50.58 50.36 50.12 49.88 49.62 49.35 49.08 48.79 48.48 48.17 47.85 47.53 47.20 46.88 46.55 46.21 45.88 45.54 45.20 44.87 44.53 44.19 43.85 43.52 43.18 42.85 42.52 42.20 41.87 41.55 41.24 40.93 40.62 40.32 40.02 39.73 39.45 39.18 38.91 38.65 38.40 38.15 37.92 37.69 37.48 37.27 37.08 36.90 36.73 36.57 36.42 36.29 36.19
66.10 65.73 65.31 64.83 64.31 63.74 63.12 62.46 61.75 61.00 60.20 59.36 58.48 57.56 56.61 55.68 54.82 54.04 53.33 52.71 52.18 51.75 51.42 51.17 50.93 50.69 50.44 50.18 49.90 49.62 49.32 49.01 48.70 48.37 48.04 47.71 47.38 47.04 46.70 46.36 46.02 45.68 45.33 44.99 44.64 44.30 43.96 43.62 43.28 42.95 42.61 42.28 41.96 41.63 41.32 41.00 40.69 40.39 40.10 39.81 39.53 39.25 38.98 38.72 38.47 38.23 38.00 37.78 37.57 37.37 37.18 37.00 36.83 36.68 36.54 36.41 36.30
65.75 65.42 65.04 64.61 64.14 63.62 63.05 62.45 61.80 61.11 60.38 59.61 58.80 57.96 57.08 56.18 55.30 54.49 53.77 53.13 52.59 52.14 51.79 51.52 51.27 51.01 50.74 50.46 50.17 49.87 49.55 49.23 48.90 48.57 48.23 47.89 47.55 47.20 46.85 46.50 46.15 45.80 45.45 45.10 44.75 44.41 44.06 43.71 43.37 43.03 42.69 42.36 42.03 41.71 41.39 41.07 40.76 40.46 40.16 39.87 39.59 39.32 39.05 38.79 38.54 38.30 38.08 37.86 37.65 37.45 37.26 37.09 36.93 36.78 36.64 36.52 36.41
65.31 65.01 64.67 64.29 63.87 63.40 62.89 62.34 61.75 61.12 60.46 59.76 59.02 58.25 57.45 56.62 55.77 54.94 54.20 53.54 52.98 52.51 52.15 51.87 51.60 51.32 51.04 50.74 50.43 50.11 49.77 49.44 49.10 48.75 48.41 48.06 47.71 47.35 47.00 46.64 46.28 45.93 45.57 45.21 44.86 44.50 44.15 43.80 43.45 43.11 42.77 42.43 42.10 41.77 41.45 41.13 40.82 40.52 40.22 39.93 39.65 39.38 39.11 38.85 38.61 38.37 38.14 37.92 37.72 37.53 37.34 37.17 37.02 36.87 36.74 36.63 36.52
64.78 64.52 64.22 63.88 63.50 63.08 62.62 62.13 61.60 61.03 60.43 59.80 59.13 58.44 57.71 56.96 56.18 55.38 54.62 53.95 53.36 52.88 52.50 52.20 51.91 51.62 51.31 51.00 50.67 50.33 49.99 49.64 49.29 48.93 48.58 48.22 47.86 47.50 47.13 46.77 46.40 46.04 45.67 45.31 44.95 44.59 44.23 43.88 43.53 43.18 42.83 42.49 42.16 41.83 41.50 41.19 40.87 40.57 40.27 39.98 39.70 39.42 39.16 38.90 38.66 38.42 38.20 37.98 37.78 37.59 37.41 37.25 37.09 36.96 36.83 36.72 36.62
64.15 63.93 63.67 63.37 63.03 62.66 62.25 61.81 61.34 60.83 60.30 59.73 59.14 58.51 57.87 57.19 56.49 55.77 55.03 54.34 53.74 53.23 52.83 52.52 52.22 51.90 51.58 51.24 50.90 50.55 50.19 49.83 49.47 49.11 48.74 48.37 48.00 47.63 47.26 46.89 46.52 46.14 45.77 45.40 45.04 44.67 44.31 43.95 43.59 43.24 42.89 42.55 42.21 41.88 41.55 41.23 40.92 40.61 40.31 40.02 39.74 39.47 39.20 38.95 38.70 38.47 38.25 38.04 37.84 37.65 37.47 37.31 37.16 37.03 36.91 36.80 36.71
63.43 63.24 63.02 62.76 62.47 62.14 61.79 61.40 60.98 60.53 60.06 59.56 59.03 58.48 57.90 57.30 56.69 56.05 55.39 54.72 54.10 53.58 53.16 52.83 52.50 52.17 51.83 51.48 51.12 50.76 50.39 50.02 49.65 49.27 48.90 48.52 48.14 47.76 47.38 47.00 46.62 46.24 45.86 45.49 45.11 44.74 44.38 44.01 43.65 43.29 42.94 42.59 42.25 41.92 41.59 41.27 40.95 40.64 40.34 40.05 39.77 39.50 39.23 38.98 38.74 38.51 38.28 38.08 37.88 37.70 37.52 37.37 37.22 37.09 36.98 36.88 36.79
62.62 62.46 62.27 62.05 61.80 61.52 61.21 60.87 60.51 60.12 59.71 59.27 58.81 58.33 57.82 57.30 56.76 56.21 55.63 55.04 54.45 53.91 53.47 53.12 52.78 52.43 52.07 51.70 51.33 50.96 50.58 50.20 49.82 49.43 49.05 48.66 48.27 47.88 47.49 47.10 46.72 46.33 45.95 45.56 45.18 44.81 44.43 44.06 43.70 43.34 42.98 42.63 42.29 41.95 41.62 41.29 40.98 40.67 40.37 40.07 39.79 39.52 39.26 39.00 38.76 38.53 38.31 38.11 37.91 37.73 37.56 37.41 37.27 37.15 37.04 36.94 36.86
61.70 61.58 61.42 61.24 61.03 60.79 60.53 60.24 59.93 59.60 59.24 58.87 58.47 58.06 57.63 57.18 56.72 56.24 55.75 55.25 54.74 54.23 53.77 53.40 53.04 52.67 52.30 51.92 51.53 51.15 50.76 50.37 49.98 49.58 49.18 48.79 48.39 47.99 47.59 47.20 46.80 46.41 46.02 45.63 45.24 44.86 44.48 44.11 43.74 43.37 43.01 42.66 42.31 41.97 41.63 41.31 40.99 40.68 40.38 40.09 39.80 39.53 39.27 39.02 38.78 38.55 38.33 38.13 37.94 37.76 37.59 37.44 37.31 37.19 37.08 37.00 36.92
60.69 60.59 60.47 60.33 60.16 59.96 59.74 59.50 59.25 58.97 58.67 58.35 58.02 57.68 57.32 56.94 56.56 56.16 55.75 55.34 54.91 54.48 54.05 53.67 53.29 52.90 52.52 52.13 51.73 51.33 50.93 50.53 50.13 49.72 49.31 48.91 48.50 48.09 47.69 47.28 46.88 46.48 46.08 45.69 45.29 44.91 44.52 44.14 43.77 43.40 43.03 42.68 42.32 41.98 41.64 41.31 40.99 40.68 40.38 40.09 39.80 39.53 39.27 39.02 38.78 38.55 38.34 38.14 37.95 37.77 37.61 37.47 37.34 37.22 37.12 37.04 36.97
59.59 59.52 59.44 59.32 59.19 59.04 58.87 58.68 58.47 58.24 58.00 57.75 57.48 57.20 56.91 56.61 56.30 55.98 55.65 55.32 54.99 54.64 54.30 53.92 53.53 53.13 52.73 52.33 51.92 51.51 51.10 50.69 50.27 49.86 49.44 49.02 48.61 48.19 47.78 47.36 46.95 46.54 46.14 45.74 45.34 44.94 44.55 44.17 43.79 43.41 43.05 42.68 42.33 41.98 41.64 41.31 40.99 40.68 40.37 40.08 39.80 39.52 39.26 39.01 38.77 38.55 38.34 38.14 37.95 37.78 37.62 37.48 37.35 37.24 37.15 37.07 37.01
58.48 58.45 58.40 58.32 58.23 58.12 58.00 57.86 57.70 57.53 57.35 57.16 56.96 56.75 56.53 56.30 56.07 55.83 55.59 55.35 55.10 54.85 54.56 54.18 53.78 53.37 52.95 52.54 52.12 51.70 51.27 50.85 50.42 49.99 49.57 49.14 48.71 48.29 47.87 47.45 47.03 46.61 46.20 45.79 45.38 44.98 44.59 44.19 43.81 43.43 43.06 42.69 42.33 41.98 41.64 41.31 40.98 40.67 40.36 40.07 39.78 39.51 39.25 39.00 38.76 38.54 38.33 38.13 37.95 37.78 37.62 37.49 37.36 37.26 37.16 37.09 37.04
57.41 57.41 57.40 57.37 57.32 57.26 57.18 57.10 57.00 56.89 56.77 56.65 56.51 56.38 56.23 56.08 55.93 55.78 55.63 55.48 55.32 55.12 54.83 54.45 54.04 53.62 53.19 52.76 52.33 51.89 51.46 51.02 50.58 50.14 49.71 49.27 48.83 48.40 47.97 47.53 47.11 46.68 46.26 45.84 45.43 45.02 44.62 44.23 43.83 43.45 43.07 42.70 42.34 41.99 41.64 41.30 40.98 40.66 40.35 40.06 39.77 39.50 39.24 38.99 38.75 38.53 38.32 38.12 37.94 37.77 37.62 37.48 37.36 37.26 37.18 37.11 37.06
56.37 56.41 56.44 56.45 56.45 56.44 56.42 56.40 56.36 56.31 56.26 56.21 56.15 56.09 56.02 55.96 55.89 55.83 55.77 55.70 55.60 55.40 55.10 54.72 54.30 53.88 53.44 53.00 52.55 52.10 51.65 51.20 50.75 50.30 49.85 49.41 48.96 48.51 48.07 47.63 47.20 46.76 46.33 45.91 45.49 45.07 44.66 44.26 43.86 43.47 43.09 42.72 42.35 41.99 41.64 41.30 40.97 40.65 40.34 40.04 39.76 39.48 39.22 38.97 38.73 38.51 38.30 38.11 37.93 37.76 37.61 37.48 37.36 37.26 37.18 37.11 37.07
55.37 55.45 55.53 55.59 55.64 55.69 55.73 55.76 55.79 55.81 55.83 55.85 55.87 55.88 55.90 55.92 55.95 55.98 56.00 55.99 55.89 55.68 55.38 54.99 54.57 54.14 53.70 53.24 52.78 52.32 51.86 51.40 50.93 50.47 50.01 49.55 49.09 48.64 48.19 47.74 47.29 46.85 46.41 45.98 45.55 45.13 44.71 44.30 43.90 43.50 43.11 42.73 42.36 42.00 41.64 41.30 40.97 40.64 40.33 40.03 39.74 39.47 39.20 38.95 38.71 38.49 38.28 38.09 37.91 37.74 37.60 37.47 37.35 37.25 37.17 37.11 37.07
54.41 54.55 54.67 54.78 54.89 55.00 55.10 55.20 55.29 55.38 55.48 55.57 55.67 55.77 55.88 55.99 56.11 56.23 56.31 56.29 56.18 55.97 55.66 55.26 54.84 54.41 53.96 53.50 53.03 52.55 52.08 51.60 51.13 50.65 50.18 49.71 49.24 48.77 48.31 47.85 47.39 46.94 46.50 46.05 45.62 45.19 44.76 44.35 43.94 43.53 43.14 42.75 42.37 42.01 41.65 41.30 40.96 40.64 40.32 40.02 39.73 39.45 39.18 38.93 38.69 38.47 38.26 38.06 37.89 37.72 37.58 37.45 37.34 37.24 37.16 37.11 37.07
53.51 53.69 53.87 54.04 54.21 54.37 54.54 54.71 54.87 55.04 55.21 55.39 55.57 55.76 55.96 56.16 56.37 56.54 56.62 56.59 56.47 56.25 55.94 55.54 55.11 54.68 54.22 53.76 53.29 52.80 52.31 51.82 51.33 50.85 50.36 49.88 49.40 48.92 48.44 47.97 47.51 47.04 46.59 46.14 45.69 45.25 44.82 44.40 43.98 43.57 43.17 42.77 42.39 42.02 41.66 41.30 40.96 40.63 40.31 40.00 39.71 39.43 39.16 38.91 38.67 38.44 38.23 38.04 37.86 37.70 37.55 37.43 37.31 37.22 37.15 37.09 37.06
