data_output/recharge/precip/Precip_1995_11.asc
ncols        168
nrows        136
xllcorner    455000
yllcorner    2107000
cellsize     500
NODATA_value     -99999
[rows 102 to 135 of 136, columns 0 to 76 of 168]
30.52 30.71 30.97 31.29 31.68 32.12 32.61 33.17 33.77 34.42 35.12 35.87 36.66 37.50 38.43 39.46 40.61 41.85 43.20 44.66 46.21 47.86 49.61 51.45 53.39 55.42 57.54 59.75 62.04 64.42 66.88 69.42 72.04 74.74 77.43 79.91 82.17 84.20 86.01 87.59 88.95 90.09 91.00 91.70 92.18 92.44 92.49 92.32 91.94 91.35 90.55 89.54 88.32 86.90 85.29 83.58 81.85 80.12 78.37 76.63 74.88 73.13 71.38 69.63 67.90 66.16 64.44 62.73 61.03 59.35 57.68 56.04 54.41 52.81 51.24 49.69 48.17
29.71 29.88 30.12 30.42 30.78 31.21 31.69 32.23 32.82 33.47 34.16 34.91 35.70 36.59 37.58 38.69 39.90 41.22 42.64 44.17 45.79 47.52 49.34 51.25 53.26 55.36 57.56 59.84 62.20 64.66 67.19 69.81 72.50 75.28 78.04 80.60 82.94 85.06 86.95 88.61 90.06 91.28 92.29 93.07 93.65 94.00 94.15 94.08 93.80 93.31 92.61 91.71 90.60 89.29 87.77 86.07 84.27 82.46 80.64 78.82 76.99 75.17 73.35 71.53 69.72 67.92 66.12 64.34 62.57 60.82 59.09 57.38 55.69 54.02 52.38 50.77 49.18
28.99 29.13 29.34 29.62 29.97 30.37 30.84 31.37 31.95 32.58 33.27 34.02 34.85 35.80 36.86 38.03 39.31 40.69 42.18 43.77 45.46 47.25 49.14 51.13 53.20 55.37 57.63 59.98 62.42 64.94 67.54 70.23 72.99 75.84 78.67 81.31 83.72 85.91 87.87 89.62 91.14 92.45 93.54 94.42 95.08 95.52 95.76 95.78 95.60 95.20 94.61 93.80 92.80 91.59 90.17 88.56 86.77 84.89 82.99 81.09 79.18 77.28 75.38 73.49 71.60 69.72 67.86 66.00 64.16 62.34 60.53 58.75 56.99 55.25 53.54 51.86 50.21
28.35 28.46 28.65 28.91 29.23 29.62 30.07 30.58 31.15 31.77 32.46 33.24 34.13 35.14 36.26 37.49 38.83 40.27 41.82 43.47 45.22 47.08 49.02 51.07 53.21 55.44 57.76 60.17 62.67 65.26 67.92 70.67 73.50 76.41 79.31 82.01 84.50 86.75 88.79 90.61 92.21 93.60 94.77 95.72 96.46 96.99 97.31 97.43 97.33 97.03 96.52 95.82 94.91 93.79 92.48 90.97 89.27 87.38 85.41 83.43 81.44 79.46 77.48 75.50 73.54 71.58 69.63 67.70 65.78 63.88 62.00 60.14 58.31 56.50 54.72 52.96 51.24
27.79 27.88 28.04 28.28 28.58 28.94 29.38 29.87 30.42 31.04 31.76 32.59 33.54 34.60 35.78 37.06 38.45 39.95 41.55 43.26 45.07 46.97 48.98 51.08 53.28 55.56 57.94 60.41 62.97 65.61 68.34 71.15 74.03 77.00 79.96 82.72 85.27 87.59 89.70 91.58 93.25 94.71 95.95 96.98 97.80 98.41 98.81 99.01 99.00 98.78 98.36 97.74 96.92 95.91 94.69 93.28 91.67 89.87 87.89 85.83 83.76 81.69 79.62 77.57 75.51 73.47 71.45 69.43 67.43 65.45 63.49 61.56 59.64 57.75 55.89 54.06 52.27
27.33 27.39 27.52 27.73 28.01 28.35 28.76 29.24 29.78 30.43 31.19 32.07 33.07 34.18 35.40 36.73 38.17 39.72 41.37 43.13 44.99 46.94 49.00 51.15 53.40 55.74 58.17 60.69 63.30 65.99 68.77 71.63 74.58 77.60 80.61 83.43 86.03 88.41 90.58 92.53 94.27 95.79 97.10 98.20 99.09 99.77 100.25 100.52 100.59 100.45 100.12 99.58 98.85 97.92 96.79 95.47 93.95 92.25 90.35 88.28 86.13 83.97 81.82 79.67 77.53 75.40 73.29 71.19 69.11 67.04 65.00 62.98 60.98 59.01 57.07 55.16 53.29
26.96 26.99 27.09 27.27 27.52 27.84 28.23 28.69 29.26 29.94 30.75 31.67 32.71 33.86 35.13 36.50 37.99 39.58 41.28 43.08 44.98 46.98 49.08 51.28 53.57 55.96 58.44 61.00 63.66 66.40 69.23 72.14 75.13 78.19 81.26 84.13 86.78 89.22 91.44 93.45 95.24 96.83 98.20 99.36 100.32 101.07 101.62 101.96 102.10 102.04 101.78 101.33 100.67 99.82 98.78 97.54 96.12 94.50 92.69 90.70 88.54 86.29 84.05 81.81 79.58 77.36 75.16 72.97 70.80 68.64 66.51 64.41 62.32 60.27 58.24 56.25 54.29
26.68 26.67 26.75 26.89 27.12 27.41 27.79 28.27 28.87 29.59 30.43 31.39 32.46 33.65 34.96 36.37 37.89 39.52 41.26 43.10 45.04 47.08 49.22 51.46 53.79 56.22 58.74 61.35 64.04 66.83 69.70 72.65 75.68 78.79 81.90 84.81 87.51 90.00 92.27 94.33 96.18 97.82 99.25 100.47 101.49 102.31 102.92 103.33 103.53 103.54 103.36 102.97 102.39 101.62 100.66 99.50 98.15 96.62 94.90 92.99 90.90 88.65 86.31 83.98 81.65 79.34 77.04 74.76 72.49 70.25 68.03 65.83 63.66 61.51 59.40 57.32 55.28
26.49 26.45 26.49 26.61 26.80 27.08 27.46 27.97 28.60 29.36 30.23 31.22 32.33 33.55 34.88 36.33 37.88 39.55 41.32 43.19 45.16 47.24 49.42 51.69 54.06 56.52 59.07 61.72 64.45 67.27 70.17 73.16 76.23 79.38 82.52 85.48 88.22 90.75 93.07 95.18 97.07 98.76 100.24 101.52 102.60 103.47 104.14 104.61 104.88 104.95 104.83 104.51 104.00 103.30 102.41 101.33 100.06 98.60 96.96 95.14 93.13 90.95 88.59 86.17 83.74 81.33 78.93 76.55 74.19 71.85 69.54 67.24 64.98 62.74 60.54 58.38 56.29
26.40 26.32 26.33 26.41 26.58 26.87 27.27 27.81 28.46 29.24 30.14 31.16 32.29 33.54 34.90 36.37 37.96 39.65 41.44 43.34 45.35 47.45 49.66 51.96 54.36 56.85 59.43 62.11 64.87 67.72 70.66 73.68 76.78 79.96 83.13 86.13 88.90 91.47 93.83 95.98 97.92 99.65 101.18 102.51 103.63 104.55 105.27 105.80 106.13 106.26 106.20 105.95 105.50 104.86 104.04 103.03 101.83 100.45 98.88 97.13 95.21 93.10 90.81 88.36 85.84 83.33 80.83 78.35 75.89 73.45 71.03 68.64 66.28 63.95 61.66 59.44 57.31
26.41 26.29 26.26 26.32 26.49 26.79 27.21 27.77 28.44 29.24 30.16 31.20 32.35 33.62 35.00 36.50 38.10 39.82 41.63 43.56 45.59 47.71 49.94 52.27 54.69 57.21 59.81 62.51 65.30 68.18 71.14 74.19 77.31 80.52 83.72 86.74 89.55 92.15 94.54 96.73 98.71 100.48 102.05 103.42 104.59 105.56 106.33 106.90 107.28 107.47 107.46 107.26 106.88 106.30 105.54 104.59 103.46 102.14 100.65 98.97 97.12 95.08 92.87 90.49 87.94 85.33 82.73 80.14 77.58 75.03 72.51 70.02 67.56 65.14 62.79 60.52 58.35
26.51 26.35 26.29 26.34 26.53 26.84 27.28 27.85 28.54 29.35 30.28 31.34 32.51 33.79 35.19 36.70 38.32 40.05 41.89 43.83 45.87 48.02 50.27 52.61 55.05 57.59 60.21 62.93 65.74 68.64 71.62 74.69 77.84 81.06 84.29 87.33 90.17 92.79 95.21 97.43 99.44 101.24 102.85 104.26 105.46 106.47 107.29 107.91 108.33 108.57 108.61 108.47 108.13 107.61 106.91 106.02 104.95 103.69 102.26 100.65 98.86 96.89 94.75 92.44 89.96 87.32 84.61 81.92 79.24 76.59 73.97 71.37 68.81 66.33 63.94 61.63 59.40
26.71 26.51 26.44 26.50 26.69 27.02 27.46 28.04 28.74 29.56 30.51 31.57 32.75 34.04 35.45 36.97 38.61 40.35 42.20 44.15 46.21 48.37 50.62 52.98 55.44 57.98 60.63 63.36 66.18 69.09 72.09 75.17 78.34 81.58 84.82 87.88 90.74 93.39 95.83 98.07 100.11 101.94 103.58 105.02 106.26 107.30 108.15 108.81 109.28 109.56 109.64 109.54 109.26 108.79 108.13 107.30 106.28 105.08 103.71 102.16 100.43 98.53 96.46 94.21 91.80 89.21 86.47 83.68 80.89 78.13 75.39 72.70 70.08 67.55 65.10 62.74 60.47
27.01 26.80 26.73 26.80 26.99 27.31 27.77 28.35 29.05 29.87 30.82 31.89 33.07 34.37 35.79 37.32 38.95 40.70 42.56 44.52 46.58 48.74 51.01 53.38 55.84 58.39 61.05 63.79 66.62 69.54 72.55 75.64 78.81 82.07 85.32 88.39 91.26 93.93 96.39 98.65 100.71 102.56 104.23 105.69 106.96 108.04 108.92 109.61 110.11 110.43 110.56 110.50 110.25 109.83 109.22 108.43 107.46 106.32 104.99 103.50 101.83 99.98 97.97 95.79 93.43 90.92 88.23 85.40 82.50 79.63 76.79 74.03 71.36 68.78 66.29 63.88 61.57
27.44 27.23 27.16 27.22 27.41 27.73 28.18 28.76 29.46 30.28 31.23 32.29 33.48 34.78 36.19 37.72 39.36 41.11 42.96 44.92 46.99 49.15 51.42 53.79 56.25 58.81 61.47 64.21 67.05 69.97 72.98 76.08 79.26 82.52 85.78 88.86 91.74 94.41 96.89 99.16 101.23 103.11 104.79 106.28 107.57 108.67 109.58 110.30 110.83 111.18 111.34 111.32 111.11 110.72 110.15 109.41 108.48 107.38 106.11 104.66 103.04 101.25 99.29 97.17 94.87 92.41 89.79 87.00 84.07 81.10 78.20 75.39 72.66 70.03 67.49 65.04 62.68
28.01 27.79 27.71 27.76 27.94 28.26 28.70 29.27 29.96 30.78 31.72 32.78 33.96 35.25 36.66 38.18 39.81 41.56 43.41 45.37 47.43 49.59 51.86 54.22 56.68 59.24 61.89 64.63 67.47 70.39 73.40 76.49 79.67 82.93 86.19 89.27 92.16 94.84 97.32 99.60 101.68 103.57 105.27 106.77 108.08 109.20 110.13 110.88 111.43 111.80 111.99 112.00 111.82 111.47 110.94 110.23 109.34 108.28 107.05 105.65 104.07 102.33 100.42 98.34 96.10 93.70 91.13 88.40 85.54 82.58 79.63 76.76 73.98 71.30 68.71 66.21 63.81
28.71 28.48 28.39 28.42 28.59 28.89 29.32 29.88 30.56 31.36 32.29 33.34 34.50 35.79 37.18 38.70 40.32 42.05 43.89 45.84 47.89 50.05 52.30 54.66 57.11 59.66 62.30 65.04 67.87 70.78 73.79 76.87 80.05 83.30 86.55 89.63 92.51 95.19 97.68 99.96 102.05 103.95 105.65 107.17 108.49 109.62 110.57 111.33 111.91 112.30 112.51 112.54 112.39 112.07 111.56 110.88 110.03 109.01 107.81 106.45 104.91 103.21 101.35 99.32 97.12 94.77 92.25 89.59 86.84 83.99 81.06 78.15 75.32 72.58 69.95 67.40 64.95
29.47 29.29 29.18 29.20 29.35 29.63 30.04 30.58 31.24 32.03 32.94 33.97 35.12 36.38 37.76 39.26 40.87 42.58 44.41 46.34 48.38 50.52 52.76 55.10 57.54 60.08 62.71 65.43 68.25 71.15 74.14 77.22 80.38 83.62 86.86 89.93 92.81 95.48 97.96 100.24 102.33 104.23 105.94 107.46 108.79 109.93 110.89 111.66 112.25 112.66 112.89 112.94 112.81 112.50 112.03 111.37 110.55 109.56 108.39 107.06 105.56 103.90 102.07 100.08 97.92 95.61 93.16 90.61 87.97 85.25 82.43 79.55 76.67 73.89 71.20 68.61 66.12
30.25 30.15 30.08 30.08 30.21 30.46 30.85 31.36 32.00 32.77 33.65 34.66 35.79 37.03 38.39 39.87 41.45 43.15 44.95 46.87 48.88 51.00 53.22 55.55 57.97 60.48 63.10 65.80 68.60 71.48 74.46 77.52 80.66 83.89 87.11 90.17 93.03 95.69 98.16 100.44 102.53 104.42 106.12 107.64 108.97 110.12 111.08 111.86 112.46 112.88 113.12 113.18 113.07 112.78 112.32 111.69 110.89 109.92 108.78 107.48 106.01 104.37 102.58 100.62 98.51 96.25 93.90 91.47 88.95 86.34 83.66 80.88 78.04 75.21 72.48 69.84 67.31
31.06 31.03 31.02 31.06 31.16 31.39 31.75 32.23 32.84 33.58 34.44 35.42 36.52 37.73 39.07 40.51 42.07 43.74 45.52 47.41 49.40 51.49 53.69 55.99 58.38 60.88 63.46 66.15 68.92 71.78 74.73 77.77 80.89 84.10 87.30 90.34 93.18 95.83 98.28 100.55 102.62 104.51 106.20 107.71 109.04 110.18 111.15 111.93 112.53 112.95 113.20 113.27 113.17 112.89 112.45 111.83 111.05 110.10 108.98 107.70 106.25 104.64 102.87 100.95 98.89 96.73 94.49 92.17 89.77 87.28 84.72 82.07 79.35 76.55 73.78 71.10 68.52
31.89 31.91 31.98 32.07 32.21 32.41 32.73 33.18 33.76 34.46 35.28 36.23 37.30 38.48 39.78 41.19 42.72 44.36 46.11 47.96 49.92 51.99 54.15 56.42 58.79 61.25 63.81 66.46 69.20 72.04 74.96 77.97 81.06 84.24 87.42 90.43 93.25 95.88 98.31 100.56 102.61 104.49 106.17 107.67 108.99 110.12 111.08 111.86 112.46 112.88 113.13 113.20 113.10 112.83 112.40 111.79 111.02 110.08 108.98 107.71 106.28 104.70 102.95 101.07 99.10 97.05 94.92 92.71 90.43 88.06 85.62 83.10 80.50 77.83 75.08 72.37 69.74
32.71 32.81 32.93 33.09 33.27 33.50 33.79 34.20 34.74 35.40 36.19 37.09 38.12 39.27 40.53 41.90 43.39 44.99 46.71 48.52 50.45 52.48 54.61 56.84 59.17 61.60 64.12 66.74 69.45 72.25 75.14 78.11 81.18 84.32 87.47 90.45 93.24 95.84 98.25 100.47 102.50 104.35 106.02 107.50 108.81 109.93 110.87 111.64 112.23 112.65 112.89 112.97 112.87 112.60 112.16 111.56 110.80 109.87 108.77 107.52 106.10 104.53 102.83 101.03 99.16 97.22 95.20 93.10 90.93 88.69 86.37 83.97 81.50 78.95 76.33 73.65 70.99
33.55 33.70 33.88 34.09 34.33 34.60 34.91 35.29 35.78 36.40 37.14 38.00 38.99 40.09 41.31 42.64 44.09 45.65 47.31 49.09 50.97 52.96 55.05 57.24 59.53 61.92 64.40 66.98 69.65 72.41 75.26 78.20 81.22 84.32 87.43 90.38 93.14 95.70 98.08 100.27 102.28 104.11 105.75 107.21 108.50 109.60 110.53 111.28 111.86 112.26 112.50 112.56 112.46 112.18 111.75 111.14 110.38 109.45 108.36 107.11 105.71 104.17 102.54 100.85 99.08 97.24 95.33 93.34 91.29 89.16 86.96 84.68 82.34 79.92 77.43 74.87 72.25
34.37 34.58 34.81 35.08 35.37 35.69 36.04 36.43 36.88 37.45 38.14 38.96 39.89 40.94 42.11 43.40 44.80 46.31 47.93 49.65 51.49 53.43 55.47 57.62 59.86 62.20 64.64 67.17 69.80 72.52 75.32 78.21 81.19 84.25 87.32 90.22 92.94 95.47 97.81 99.97 101.95 103.74 105.36 106.79 108.05 109.13 110.03 110.77 111.32 111.71 111.93 111.98 111.87 111.58 111.14 110.53 109.76 108.83 107.74 106.49 105.11 103.65 102.12 100.52 98.85 97.11 95.31 93.43 91.49 89.48 87.40 85.24 83.03 80.74 78.38 75.95 73.45
35.19 35.45 35.73 36.04 36.38 36.75 37.14 37.57 38.03 38.55 39.19 39.94 40.82 41.82 42.94 44.17 45.51 46.97 48.54 50.21 52.00 53.88 55.87 57.97 60.16 62.45 64.84 67.32 69.89 72.56 75.32 78.16 81.09 84.10 87.12 89.98 92.65 95.13 97.44 99.55 101.49 103.25 104.83 106.23 107.46 108.51 109.39 110.09 110.63 111.00 111.19 111.23 111.09 110.80 110.34 109.72 108.93 108.00 106.90 105.67 104.37 102.99 101.55 100.05 98.48 96.84 95.14 93.38 91.54 89.65 87.68 85.65 83.56 81.39 79.17 76.87 74.51
35.99 36.30 36.63 36.98 37.36 37.77 38.21 38.67 39.16 39.68 40.27 40.97 41.79 42.72 43.78 44.95 46.24 47.64 49.14 50.76 52.49 54.32 56.25 58.29 60.42 62.66 64.99 67.41 69.93 72.54 75.24 78.03 80.90 83.86 86.83 89.63 92.25 94.69 96.95 99.02 100.91 102.63 104.17 105.53 106.72 107.74 108.58 109.26 109.77 110.10 110.28 110.29 110.13 109.81 109.33 108.70 107.90 106.95 105.87 104.70 103.48 102.20 100.85 99.44 97.97 96.43 94.84 93.18 91.45 89.67 87.82 85.91 83.94 81.90 79.80 77.64 75.41
36.77 37.12 37.49 37.89 38.31 38.75 39.22 39.72 40.24 40.79 41.37 42.02 42.77 43.64 44.63 45.74 46.96 48.30 49.74 51.29 52.96 54.72 56.59 58.57 60.64 62.81 65.08 67.45 69.90 72.45 75.09 77.82 80.64 83.53 86.44 89.19 91.75 94.13 96.34 98.36 100.21 101.88 103.37 104.69 105.84 106.81 107.62 108.26 108.73 109.04 109.18 109.16 108.97 108.63 108.13 107.47 106.65 105.71 104.68 103.60 102.46 101.27 100.01 98.69 97.32 95.88 94.39 92.83 91.22 89.55 87.82 86.02 84.17 82.26 80.28 78.25 76.16
37.52 37.91 38.32 38.75 39.21 39.69 40.19 40.72 41.27 41.84 42.45 43.08 43.77 44.58 45.50 46.53 47.68 48.95 50.32 51.81 53.40 55.10 56.90 58.81 60.81 62.92 65.12 67.42 69.81 72.29 74.86 77.53 80.28 83.11 85.95 88.63 91.14 93.46 95.61 97.57 99.37 100.98 102.43 103.70 104.80 105.73 106.49 107.09 107.52 107.79 107.89 107.84 107.62 107.24 106.71 106.02 105.21 104.32 103.37 102.37 101.32 100.21 99.04 97.81 96.53 95.20 93.80 92.35 90.85 89.28 87.66 85.99 84.26 82.47 80.62 78.71 76.75
38.24 38.66 39.11 39.57 40.06 40.57 41.10 41.65 42.23 42.83 43.45 44.10 44.78 45.52 46.36 47.32 48.40 49.59 50.89 52.30 53.82 55.44 57.17 59.00 60.93 62.96 65.09 67.32 69.64 72.05 74.55 77.14 79.82 82.58 85.35 87.97 90.41 92.67 94.75 96.66 98.39 99.95 101.33 102.55 103.60 104.48 105.19 105.74 106.13 106.35 106.41 106.32 106.06 105.65 105.08 104.39 103.62 102.81 101.94 101.02 100.04 99.01 97.93 96.80 95.61 94.37 93.08 91.73 90.33 88.88 87.37 85.81 84.20 82.53 80.81 79.03 77.20
38.91 39.37 39.85 40.34 40.85 41.39 41.94 42.52 43.12 43.74 44.38 45.04 45.73 46.45 47.22 48.10 49.10 50.21 51.43 52.76 54.20 55.74 57.39 59.14 61.00 62.95 65.00 67.15 69.39 71.73 74.15 76.67 79.27 81.95 84.65 87.19 89.56 91.75 93.76 95.60 97.27 98.76 100.09 101.24 102.23 103.06 103.72 104.21 104.55 104.72 104.74 104.60 104.30 103.84 103.26 102.62 101.92 101.17 100.38 99.53 98.64 97.69 96.70 95.66 94.56 93.42 92.22 90.98 89.68 88.34 86.94 85.49 84.00 82.45 80.85 79.20 77.50
39.54 40.03 40.53 41.05 41.59 42.15 42.72 43.32 43.93 44.56 45.22 45.90 46.60 47.32 48.07 48.87 49.78 50.80 51.94 53.18 54.54 56.00 57.56 59.23 61.00 62.87 64.84 66.90 69.06 71.31 73.66 76.09 78.61 81.21 83.83 86.29 88.58 90.69 92.63 94.40 96.00 97.42 98.68 99.77 100.70 101.46 102.06 102.50 102.78 102.90 102.86 102.67 102.32 101.85 101.31 100.73 100.10 99.42 98.70 97.93 97.11 96.25 95.34 94.38 93.38 92.33 91.23 90.09 88.90 87.66 86.37 85.04 83.66 82.23 80.75 79.22 77.65
40.12 40.63 41.16 41.70 42.26 42.83 43.42 44.03 44.66 45.31 45.97 46.66 47.36 48.09 48.84 49.61 50.44 51.37 52.41 53.57 54.83 56.20 57.68 59.26 60.94 62.72 64.60 66.57 68.65 70.81 73.06 75.41 77.84 80.36 82.89 85.27 87.47 89.51 91.37 93.06 94.58 95.93 97.12 98.14 98.99 99.69 100.22 100.60 100.82 100.87 100.78 100.53 100.16 99.72 99.24 98.72 98.15 97.55 96.90 96.20 95.46 94.68 93.85 92.98 92.07 91.11 90.11 89.07 87.98 86.84 85.67 84.44 83.18 81.86 80.51 79.11 77.66
40.64 41.17 41.72 42.28 42.85 43.44 44.04 44.67 45.30 45.96 46.63 47.32 48.03 48.76 49.50 50.27 51.06 51.91 52.85 53.91 55.08 56.35 57.74 59.22 60.81 62.49 64.28 66.16 68.14 70.21 72.37 74.62 76.96 79.39 81.82 84.11 86.23 88.18 89.95 91.56 93.00 94.27 95.38 96.33 97.11 97.73 98.20 98.50 98.65 98.64 98.49 98.21 97.86 97.48 97.06 96.60 96.10 95.56 94.98 94.35 93.69 92.99 92.25 91.46 90.64 89.77 88.87 87.92 86.93 85.90 84.83 83.72 82.56 81.37 80.13 78.85 77.53
41.10 41.65 42.21 42.78 43.37 43.97 44.58 45.21 45.85 46.51 47.18 47.87 48.58 49.31 50.05 50.81 51.59 52.40 53.25 54.21 55.27 56.45 57.73 59.11 60.60 62.18 63.87 65.65 67.53 69.50 71.57 73.72 75.96 78.29 80.63 82.83 84.85 86.70 88.39 89.91 91.26 92.45 93.47 94.34 95.04 95.59 95.97 96.21 96.28 96.21 96.01 95.76 95.46 95.14 94.77 94.37 93.93 93.46 92.94 92.39 91.81 91.18 90.52 89.82 89.08 88.31 87.49 86.64 85.75 84.83 83.86 82.86 81.81 80.73 79.62 78.46 77.26
