data_output/recharge/precip/Precip_1997_07.asc
ncols        168
nrows        136
xllcorner    455000
yllcorner    2107000
cellsize     500
NODATA_value     -99999
[rows 0 to 32 of 136, columns 0 to 72 of 168]
99.98 102.48 105.18 108.07 111.15 114.42 117.88 121.54 125.43 129.55 133.93 138.58 143.52 148.77 154.34 160.04 165.13 169.35 172.74 175.30 177.07 178.06 178.29 177.78 176.55 174.83 173.00 171.18 169.36 167.55 165.75 163.95 162.16 160.37 158.59 156.81 155.04 153.27 151.51 149.75 148.00 146.24 144.49 142.75 141.00 139.26 137.52 135.78 134.04 132.30 130.56 128.82 127.08 125.35 123.61 121.86 120.12 118.38 116.63 114.92 113.27 111.70 110.17 108.68 107.20 105.71 104.19 102.62 100.98 99.29 97.62 95.97 94.34
95.54 98.19 101.06 104.14 107.43 110.93 114.66 118.62 122.83 127.32 132.10 137.18 142.58 148.32 154.42 160.68 166.32 171.10 175.04 178.15 180.47 182.00 182.77 182.79 182.09 180.70 178.82 176.83 174.85 172.88 170.91 168.96 167.00 165.06 163.12 161.19 159.26 157.33 155.42 153.50 151.59 149.69 147.79 145.89 143.99 142.10 140.21 138.32 136.43 134.54 132.66 130.77 128.89 127.01 125.12 123.24 121.35 119.47 117.62 115.86 114.19 112.60 111.05 109.54 108.04 106.53 104.99 103.40 101.75 100.05 98.36 96.69 95.04
91.82 94.59 97.59 100.82 104.29 107.99 111.94 116.17 120.68 125.50 130.64 136.12 141.95 148.15 154.74 161.52 167.69 172.99 177.45 181.09 183.92 185.96 187.24 187.77 187.57 186.66 185.08 183.02 180.86 178.70 176.56 174.42 172.29 170.16 168.05 165.94 163.83 161.73 159.64 157.55 155.47 153.39 151.31 149.24 147.18 145.11 143.05 140.99 138.94 136.88 134.83 132.78 130.73 128.69 126.64 124.59 122.55 120.54 118.65 116.86 115.17 113.55 111.99 110.45 108.93 107.40 105.85 104.24 102.57 100.86 99.15 97.47 95.81
88.82 91.66 94.75 98.10 101.70 105.56 109.72 114.18 118.96 124.08 129.55 135.39 141.62 148.25 155.30 162.57 169.24 175.03 179.98 184.10 187.41 189.93 191.68 192.68 192.96 192.52 191.39 189.59 187.34 184.98 182.64 180.30 177.97 175.64 173.33 171.02 168.72 166.42 164.13 161.85 159.57 157.30 155.03 152.77 150.51 148.26 146.01 143.76 141.52 139.28 137.04 134.81 132.57 130.34 128.11 125.88 123.70 121.65 119.73 117.92 116.20 114.56 112.98 111.42 109.88 108.33 106.76 105.14 103.45 101.72 100.00 98.30 96.62
86.51 89.39 92.53 95.95 99.65 103.65 107.98 112.64 117.65 123.03 128.80 134.98 141.57 148.60 156.08 163.81 170.94 177.19 182.59 187.16 190.92 193.89 196.09 197.53 198.24 198.24 197.54 196.17 194.15 191.67 189.11 186.55 184.00 181.46 178.92 176.40 173.88 171.37 168.86 166.36 163.87 161.39 158.91 156.44 153.97 151.50 149.04 146.59 144.14 141.69 139.24 136.80 134.36 131.93 129.49 127.12 124.88 122.80 120.86 119.03 117.29 115.62 114.02 112.44 110.88 109.31 107.72 106.08 104.38 102.64 100.90 99.19 97.49
84.90 87.76 90.91 94.36 98.13 102.24 106.70 111.53 116.74 122.36 128.40 134.87 141.80 149.19 157.07 165.23 172.78 179.46 185.29 190.28 194.46 197.84 200.45 202.30 203.41 203.81 203.51 202.53 200.90 198.63 195.93 193.13 190.34 187.56 184.79 182.02 179.27 176.52 173.78 171.05 168.32 165.61 162.89 160.19 157.49 154.79 152.11 149.42 146.74 144.07 141.40 138.73 136.07 133.41 130.81 128.38 126.12 124.01 122.04 120.18 118.42 116.74 115.11 113.51 111.93 110.34 108.74 107.08 105.36 103.60 101.85 100.12 98.41
83.94 86.74 89.86 93.32 97.13 101.31 105.87 110.84 116.22 122.04 128.31 135.05 142.28 150.01 158.26 166.80 174.75 181.83 188.04 193.42 197.99 201.75 204.74 206.97 208.46 209.22 209.29 208.68 207.40 205.49 202.95 200.00 196.95 193.91 190.88 187.86 184.85 181.84 178.85 175.86 172.88 169.91 166.95 163.99 161.04 158.10 155.16 152.23 149.30 146.38 143.46 140.55 137.64 134.80 132.14 129.68 127.39 125.26 123.27 121.39 119.60 117.89 116.24 114.63 113.03 111.42 109.80 108.13 106.39 104.62 102.85 101.11 99.38
83.61 86.32 89.38 92.82 96.63 100.85 105.48 110.55 116.07 122.06 128.54 135.51 143.01 151.04 159.62 168.53 176.84 184.28 190.85 196.59 201.51 205.62 208.95 211.53 213.35 214.46 214.86 214.58 213.64 212.04 209.83 207.01 203.78 200.46 197.16 193.86 190.57 187.29 184.02 180.76 177.51 174.26 171.03 167.80 164.58 161.36 158.16 154.96 151.76 148.57 145.39 142.21 139.11 136.21 133.52 131.03 128.72 126.56 124.54 122.63 120.83 119.10 117.42 115.79 114.17 112.55 110.90 109.22 107.47 105.68 103.90 102.14 100.40
83.90 86.49 89.46 92.83 96.62 100.84 105.52 110.66 116.29 122.41 129.06 136.24 143.97 152.26 161.15 170.38 179.03 186.80 193.70 199.76 205.00 209.43 213.08 215.96 218.10 219.51 220.21 220.23 219.58 218.28 216.36 213.82 210.70 207.18 203.58 199.98 196.40 192.82 189.26 185.70 182.16 178.62 175.09 171.57 168.06 164.56 161.06 157.57 154.09 150.61 147.15 143.76 140.59 137.66 134.94 132.42 130.08 127.90 125.85 123.93 122.10 120.34 118.65 116.99 115.36 113.72 112.05 110.35 108.59 106.78 104.99 103.21 101.46
84.80 87.23 90.08 93.36 97.09 101.28 105.96 111.15 116.84 123.08 129.86 137.21 145.14 153.68 162.83 172.36 181.31 189.37 196.57 202.92 208.45 213.16 217.10 220.26 222.67 224.36 225.33 225.62 225.23 224.19 222.53 220.25 217.37 213.93 210.10 206.19 202.29 198.40 194.52 190.65 186.79 182.94 179.10 175.27 171.45 167.63 163.83 160.03 156.24 152.46 148.77 145.31 142.11 139.15 136.40 133.86 131.49 129.28 127.21 125.26 123.41 121.63 119.92 118.24 116.58 114.93 113.25 111.53 109.75 107.93 106.12 104.32 102.56
86.29 88.53 91.22 94.37 98.01 102.15 106.81 112.00 117.73 124.04 130.93 138.42 146.52 155.26 164.65 174.45 183.66 191.99 199.45 206.06 211.84 216.81 220.99 224.40 227.06 228.99 230.20 230.72 230.57 229.76 228.32 226.26 223.61 220.38 216.60 212.44 208.20 203.98 199.76 195.56 191.37 187.18 183.01 178.85 174.69 170.55 166.42 162.29 158.18 154.16 150.39 146.90 143.67 140.67 137.90 135.33 132.93 130.70 128.61 126.63 124.75 122.96 121.22 119.53 117.85 116.17 114.48 112.74 110.95 109.11 107.29 105.48 103.70
88.35 90.37 92.87 95.87 99.39 103.44 108.03 113.20 118.95 125.29 132.25 139.85 148.09 157.00 166.60 176.63 186.08 194.64 202.33 209.17 215.17 220.36 224.76 228.39 231.25 233.39 234.81 235.53 235.58 234.97 233.72 231.85 229.39 226.34 222.74 218.60 214.09 209.51 204.94 200.38 195.84 191.30 186.78 182.26 177.76 173.27 168.78 164.31 159.94 155.84 152.04 148.52 145.26 142.24 139.44 136.84 134.42 132.16 130.04 128.04 126.14 124.32 122.57 120.85 119.15 117.46 115.75 113.99 112.18 110.33 108.49 106.67 104.87
90.98 92.74 95.02 97.84 101.20 105.12 109.63 114.74 120.46 126.82 133.82 141.49 149.84 158.89 168.66 178.88 188.54 197.30 205.19 212.22 218.42 223.80 228.38 232.19 235.24 237.55 239.14 240.03 240.25 239.80 238.71 237.01 234.70 231.80 228.35 224.35 219.83 214.96 210.02 205.09 200.17 195.26 190.36 185.48 180.60 175.74 170.89 166.15 161.70 157.56 153.73 150.18 146.89 143.84 141.01 138.38 135.93 133.65 131.50 129.48 127.56 125.72 123.94 122.21 120.49 118.78 117.05 115.28 113.46 111.59 109.74 107.90 106.09
94.16 95.64 97.66 100.25 103.43 107.20 111.58 116.60 122.27 128.60 135.61 143.32 151.75 160.91 170.81 181.21 191.03 199.96 208.02 215.21 221.57 227.10 231.84 235.80 239.00 241.45 243.19 244.22 244.57 244.25 243.29 241.71 239.52 236.75 233.41 229.53 225.12 220.21 214.95 209.62 204.31 199.01 193.72 188.45 183.18 177.93 172.80 167.97 163.48 159.32 155.45 151.87 148.55 145.47 142.61 139.95 137.48 135.17 133.00 130.96 129.01 127.15 125.35 123.60 121.87 120.13 118.39 116.60 114.76 112.88 111.01 109.16 107.33
97.87 99.03 100.77 103.11 106.06 109.65 113.88 118.78 124.35 130.63 137.62 145.34 153.81 163.04 173.05 183.58 193.55 202.62 210.80 218.13 224.61 230.27 235.13 239.21 242.52 245.08 246.93 248.06 248.52 248.30 247.44 245.95 243.86 241.17 237.92 234.12 229.78 224.94 219.61 213.95 208.23 202.52 196.82 191.13 185.46 179.91 174.68 169.82 165.30 161.10 157.20 153.59 150.23 147.13 144.24 141.56 139.06 136.72 134.53 132.46 130.50 128.61 126.80 125.02 123.27 121.52 119.75 117.95 116.10 114.20 112.32 110.45 108.61
102.11 102.92 104.34 106.39 109.10 112.46 116.51 121.25 126.70 132.89 139.83 147.52 156.00 165.28 175.37 186.00 196.07 205.24 213.53 220.95 227.53 233.28 238.23 242.39 245.79 248.43 250.35 251.56 252.09 251.94 251.14 249.72 247.68 245.05 241.85 238.10 233.81 229.01 223.72 217.96 211.88 205.73 199.60 193.49 187.50 181.86 176.59 171.69 167.14 162.91 158.98 155.33 151.95 148.81 145.90 143.19 140.67 138.31 136.09 134.00 132.01 130.11 128.27 126.47 124.70 122.93 121.15 119.33 117.46 115.55 113.66 111.78 109.92
106.85 107.28 108.35 110.09 112.51 115.62 119.45 124.00 129.31 135.37 142.22 149.86 158.32 167.60 177.74 188.44 198.59 207.83 216.18 223.67 230.31 236.13 241.13 245.35 248.79 251.49 253.45 254.70 255.26 255.15 254.39 252.99 250.98 248.38 245.20 241.46 237.19 232.40 227.12 221.35 215.14 208.61 202.04 195.60 189.51 183.83 178.53 173.59 169.01 164.74 160.78 157.11 153.69 150.53 147.59 144.85 142.30 139.91 137.67 135.56 133.55 131.62 129.76 127.95 126.16 124.37 122.58 120.74 118.86 116.93 115.02 113.12 111.25
112.09 112.10 112.80 114.18 116.28 119.11 122.69 127.03 132.14 138.06 144.78 152.34 160.74 170.01 180.15 190.89 201.08 210.36 218.76 226.28 232.95 238.79 243.82 248.05 251.52 254.23 256.20 257.47 258.03 257.92 257.16 255.76 253.74 251.13 247.94 244.19 239.90 235.09 229.78 223.99 217.74 211.06 204.21 197.66 191.54 185.82 180.49 175.52 170.90 166.60 162.61 158.90 155.46 152.27 149.30 146.54 143.96 141.55 139.28 137.14 135.11 133.16 131.28 129.45 127.64 125.84 124.02 122.17 120.27 118.33 116.41 114.50 112.61
117.81 117.38 117.66 118.66 120.41 122.93 126.22 130.31 135.21 140.94 147.51 154.95 163.26 172.47 182.60 193.34 203.54 212.83 221.23 228.75 235.42 241.25 246.28 250.50 253.95 256.64 258.60 259.84 260.38 260.24 259.45 258.01 255.96 253.30 250.07 246.27 241.93 237.07 231.70 225.85 219.55 212.93 206.27 199.75 193.59 187.83 182.47 177.46 172.81 168.48 164.46 160.72 157.25 154.03 151.03 148.24 145.64 143.20 140.91 138.75 136.69 134.73 132.83 130.97 129.15 127.33 125.49 123.63 121.71 119.76 117.82 115.90 113.99
124.01 123.09 122.92 123.51 124.88 127.05 130.02 133.83 138.48 143.99 150.38 157.67 165.86 174.99 185.06 195.78 205.96 215.22 223.59 231.08 237.71 243.51 248.49 252.67 256.08 258.72 260.63 261.81 262.29 262.10 261.24 259.73 257.61 254.88 251.57 247.69 243.27 238.32 232.87 226.93 220.67 214.36 208.06 201.79 195.66 189.87 184.46 179.43 174.74 170.38 166.32 162.56 159.06 155.81 152.78 149.96 147.34 144.88 142.56 140.38 138.30 136.31 134.39 132.52 130.67 128.83 126.98 125.10 123.17 121.21 119.25 117.31 115.40
130.65 129.22 128.58 128.72 129.68 131.46 134.09 137.58 141.95 147.21 153.38 160.48 168.53 177.54 187.52 198.18 208.31 217.51 225.82 233.25 239.82 245.55 250.45 254.56 257.89 260.45 262.27 263.36 263.76 263.47 262.51 260.91 258.68 255.85 252.42 248.44 243.90 238.83 233.27 227.36 221.38 215.43 209.49 203.57 197.68 191.92 186.48 181.41 176.69 172.29 168.21 164.41 160.88 157.60 154.55 151.71 149.05 146.57 144.23 142.02 139.92 137.91 135.97 134.08 132.21 130.36 128.49 126.60 124.65 122.67 120.70 118.75 116.82
137.74 135.77 134.61 134.27 134.78 136.16 138.41 141.55 145.60 150.58 156.50 163.39 171.25 180.11 189.97 200.54 210.58 219.70 227.91 235.25 241.72 247.34 252.15 256.15 259.36 261.81 263.51 264.49 264.76 264.34 263.26 261.52 259.16 256.19 252.63 248.49 243.81 238.60 233.03 227.40 221.78 216.17 210.58 205.01 199.46 193.92 188.51 183.41 178.65 174.23 170.11 166.28 162.72 159.41 156.33 153.47 150.78 148.27 145.91 143.68 141.56 139.53 137.57 135.66 133.77 131.90 130.02 128.11 126.15 124.15 122.17 120.20 118.26
145.25 142.70 141.00 140.16 140.19 141.12 142.95 145.72 149.42 154.09 159.73 166.37 174.01 182.69 192.40 202.85 212.77 221.76 229.85 237.06 243.40 248.89 253.56 257.42 260.49 262.79 264.35 265.17 265.29 264.71 263.46 261.57 259.04 255.90 252.16 247.85 243.00 237.76 232.46 227.16 221.88 216.62 211.36 206.13 200.90 195.69 190.49 185.41 180.63 176.17 172.02 168.16 164.58 161.24 158.13 155.24 152.53 150.00 147.61 145.36 143.21 141.16 139.18 137.25 135.35 133.46 131.56 129.63 127.66 125.65 123.65 121.67 119.71
153.18 150.02 147.74 146.36 145.88 146.33 147.72 150.07 153.40 157.72 163.05 169.40 176.80 185.26 194.79 205.09 214.85 223.70 231.63 238.67 244.85 250.18 254.67 258.36 261.26 263.38 264.76 265.40 265.32 264.56 263.12 261.02 258.30 254.95 251.01 246.50 241.60 236.61 231.64 226.68 221.73 216.79 211.86 206.94 202.03 197.14 192.25 187.38 182.61 178.12 173.95 170.06 166.44 163.08 159.94 157.02 154.29 151.73 149.32 147.04 144.88 142.80 140.80 138.85 136.93 135.03 133.11 131.17 129.18 127.16 125.14 123.15 121.18
161.50 157.71 154.82 152.86 151.84 151.78 152.69 154.60 157.52 161.46 166.44 172.49 179.60 187.81 197.13 207.24 216.82 225.48 233.22 240.07 246.06 251.18 255.48 258.96 261.65 263.57 264.73 265.15 264.86 263.87 262.20 259.88 256.92 253.34 249.17 244.59 239.92 235.26 230.61 225.97 221.34 216.71 212.09 207.49 202.88 198.29 193.70 189.12 184.56 180.09 175.88 171.96 168.32 164.92 161.76 158.81 156.05 153.47 151.04 148.74 146.55 144.46 142.43 140.47 138.53 136.61 134.67 132.72 130.71 128.68 126.65 124.64 122.65
170.22 165.75 162.22 159.65 158.06 157.46 157.86 159.29 161.77 165.30 169.90 175.60 182.41 190.34 199.41 209.29 218.66 227.10 234.62 241.25 247.00 251.90 255.96 259.21 261.66 263.33 264.24 264.42 263.88 262.63 260.71 258.13 254.90 251.06 246.80 242.44 238.09 233.74 229.40 225.07 220.74 216.41 212.10 207.78 203.48 199.17 194.87 190.58 186.29 182.01 177.82 173.87 170.20 166.77 163.59 160.61 157.83 155.22 152.76 150.44 148.23 146.12 144.08 142.09 140.13 138.19 136.24 134.27 132.25 130.20 128.16 126.14 124.14
179.30 174.13 169.93 166.72 164.52 163.34 163.21 164.13 166.13 169.22 173.41 178.73 185.19 192.81 201.61 211.24 220.36 228.54 235.81 242.18 247.68 252.31 256.11 259.09 261.26 262.66 263.30 263.19 262.36 260.83 258.62 255.74 252.23 248.28 244.22 240.17 236.12 232.07 228.03 223.99 219.96 215.92 211.89 207.86 203.84 199.81 195.79 191.77 187.75 183.73 179.71 175.78 172.08 168.63 165.42 162.41 159.61 156.97 154.49 152.15 149.92 147.78 145.72 143.71 141.74 139.78 137.82 135.83 133.80 131.73 129.68 127.64 125.63
188.75 182.84 177.93 174.05 171.21 169.43 168.72 169.10 170.59 173.20 176.96 181.87 187.95 195.23 203.71 213.06 221.90 229.80 236.78 242.87 248.07 252.41 255.91 258.58 260.45 261.54 261.87 261.45 260.31 258.46 255.92 252.73 249.08 245.32 241.56 237.80 234.04 230.29 226.53 222.78 219.02 215.26 211.51 207.75 203.99 200.23 196.47 192.71 188.95 185.19 181.42 177.66 173.97 170.49 167.25 164.22 161.39 158.73 156.23 153.86 151.61 149.45 147.37 145.34 143.35 141.38 139.40 137.40 135.35 133.27 131.20 129.15 127.12
198.54 191.86 186.22 181.63 178.12 175.70 174.39 174.19 175.14 177.25 180.53 185.00 190.67 197.57 205.71 214.74 223.27 230.86 237.52 243.28 248.16 252.17 255.34 257.68 259.22 259.97 259.95 259.19 257.69 255.49 252.61 249.25 245.79 242.31 238.84 235.36 231.89 228.41 224.92 221.44 217.95 214.46 210.97 207.47 203.97 200.46 196.95 193.44 189.92 186.40 182.88 179.35 175.82 172.35 169.08 166.03 163.17 160.49 157.96 155.57 153.30 151.12 149.02 146.98 144.97 142.98 140.98 138.96 136.90 134.81 132.73 130.66 128.62
208.65 201.18 194.77 189.45 185.23 182.14 180.19 179.39 179.77 181.33 184.11 188.10 193.33 199.82 207.59 216.27 224.45 231.69 238.01 243.41 247.93 251.59 254.39 256.37 257.54 257.92 257.52 256.38 254.51 251.93 248.86 245.68 242.49 239.29 236.09 232.89 229.67 226.46 223.24 220.01 216.78 213.54 210.30 207.05 203.79 200.53 197.26 193.98 190.70 187.41 184.11 180.80 177.49 174.17 170.92 167.84 164.95 162.25 159.70 157.28 154.99 152.79 150.67 148.61 146.58 144.57 142.56 140.53 138.45 136.35 134.25 132.17 130.12
218.79 210.77 203.58 197.49 192.54 188.74 186.12 184.68 184.45 185.45 187.68 191.17 195.93 201.98 209.33 217.63 225.44 232.30 238.23 243.25 247.39 250.65 253.06 254.64 255.40 255.38 254.58 253.03 250.75 247.96 245.05 242.14 239.21 236.28 233.34 230.39 227.43 224.47 221.50 218.52 215.53 212.53 209.53 206.51 203.49 200.45 197.41 194.36 191.29 188.22 185.14 182.05 178.94 175.83 172.71 169.64 166.73 164.00 161.43 158.99 156.68 154.46 152.32 150.24 148.19 146.17 144.14 142.09 140.00 137.88 135.77 133.68 131.61
228.49 220.35 212.60 205.73 200.01 195.48 192.16 190.05 189.19 189.58 191.24 194.19 198.44 204.02 210.93 218.82 226.22 232.67 238.18 242.78 246.50 249.33 251.32 252.46 252.80 252.34 251.10 249.11 246.60 243.96 241.31 238.65 235.98 233.30 230.61 227.90 225.19 222.47 219.73 216.99 214.23 211.46 208.68 205.89 203.08 200.27 197.44 194.60 191.74 188.88 186.00 183.10 180.20 177.28 174.35 171.40 168.50 165.75 163.15 160.70 158.36 156.12 153.96 151.86 149.80 147.76 145.71 143.65 141.55 139.41 137.29 135.19 133.10
237.61 229.45 221.58 214.15 207.65 202.35 198.29 195.49 193.95 193.70 194.76 197.14 200.86 205.93 212.37 219.81 226.77 232.77 237.84 241.99 245.25 247.63 249.16 249.84 249.71 248.78 247.08 244.84 242.46 240.07 237.67 235.25 232.82 230.38 227.92 225.45 222.97 220.47 217.96 215.44 212.90 210.35 207.78 205.20 202.60 199.99 197.37 194.72 192.07 189.39 186.71 184.00 181.28 178.54 175.79 173.02 170.24 167.49 164.87 162.39 160.03 157.77 155.60 153.48 151.40 149.34 147.28 145.20 143.08 140.94 138.80 136.68 134.59
