data_output/recharge/precip/Precip_1989_03.asc
ncols        168
nrows        136
xllcorner    455000
yllcorner    2107000
cellsize     500
NODATA_value     -99999
[rows 0 to 35 of 136, columns 82 to 163 of 168]
7.79 7.71 7.65 7.59 7.54 7.49 7.45 7.42 7.39 7.38 7.36 7.36 7.36 7.38 7.40 7.43 7.48 7.53 7.60 7.68 7.77 7.87 7.99 8.12 8.26 8.43 8.60 8.79 9.00 9.22 9.46 9.69 9.93 10.18 10.42 10.67 10.93 11.19 11.45 11.71 11.97 12.21 12.42 12.61 12.77 12.91 13.02 13.10 13.15 13.18 13.17 13.14 13.08 12.99 12.86 12.71 12.53 12.31 12.06 11.77 11.46 11.11 10.72 10.30 9.84 9.35 8.88 8.45 8.08 7.75 7.48 7.25 7.07 6.93 6.83 6.77 6.75 6.77 6.82 6.90 7.02 7.16
7.51 7.43 7.37 7.31 7.26 7.21 7.17 7.14 7.11 7.09 7.07 7.07 7.07 7.09 7.11 7.14 7.18 7.24 7.30 7.38 7.47 7.57 7.69 7.82 7.96 8.12 8.30 8.49 8.70 8.91 9.13 9.35 9.58 9.81 10.04 10.28 10.52 10.76 11.01 11.27 11.52 11.77 11.99 12.20 12.37 12.52 12.64 12.74 12.80 12.84 12.85 12.83 12.78 12.70 12.59 12.45 12.27 12.07 11.83 11.55 11.25 10.91 10.53 10.12 9.68 9.20 8.73 8.31 7.95 7.63 7.36 7.14 6.97 6.84 6.74 6.69 6.68 6.70 6.76 6.85 6.97 7.11
7.23 7.15 7.08 7.02 6.97 6.92 6.88 6.85 6.82 6.80 6.79 6.78 6.78 6.79 6.82 6.85 6.89 6.94 7.01 7.08 7.17 7.27 7.39 7.52 7.66 7.82 8.00 8.18 8.38 8.58 8.79 9.00 9.21 9.43 9.65 9.87 10.10 10.33 10.57 10.81 11.05 11.30 11.53 11.75 11.94 12.10 12.24 12.35 12.43 12.48 12.50 12.50 12.46 12.39 12.30 12.17 12.01 11.81 11.59 11.33 11.03 10.70 10.34 9.94 9.51 9.04 8.58 8.17 7.82 7.51 7.26 7.05 6.88 6.76 6.67 6.63 6.62 6.65 6.71 6.81 6.93 7.09
6.95 6.87 6.80 6.74 6.69 6.64 6.60 6.56 6.53 6.51 6.50 6.49 6.49 6.50 6.52 6.55 6.59 6.65 6.71 6.79 6.87 6.97 7.09 7.22 7.36 7.52 7.69 7.87 8.05 8.24 8.43 8.63 8.83 9.04 9.25 9.46 9.67 9.89 10.12 10.34 10.57 10.81 11.04 11.27 11.48 11.66 11.81 11.93 12.03 12.10 12.14 12.15 12.12 12.07 11.99 11.87 11.73 11.55 11.33 11.09 10.81 10.49 10.14 9.76 9.33 8.88 8.43 8.04 7.70 7.40 7.16 6.96 6.80 6.69 6.61 6.58 6.58 6.62 6.69 6.79 6.92 7.09
6.67 6.59 6.52 6.46 6.40 6.35 6.31 6.27 6.24 6.22 6.21 6.20 6.20 6.21 6.23 6.26 6.30 6.35 6.41 6.49 6.57 6.67 6.79 6.91 7.06 7.21 7.37 7.54 7.71 7.89 8.07 8.26 8.45 8.64 8.84 9.04 9.24 9.45 9.66 9.88 10.10 10.32 10.54 10.77 10.99 11.19 11.36 11.50 11.61 11.70 11.75 11.78 11.77 11.73 11.67 11.57 11.44 11.27 11.07 10.84 10.58 10.28 9.94 9.57 9.16 8.72 8.29 7.91 7.58 7.30 7.06 6.87 6.73 6.63 6.56 6.54 6.55 6.60 6.68 6.79 6.93 7.10
6.40 6.31 6.24 6.17 6.12 6.07 6.03 5.99 5.96 5.93 5.92 5.91 5.91 5.92 5.94 5.96 6.00 6.05 6.11 6.19 6.27 6.37 6.49 6.61 6.75 6.90 7.05 7.21 7.37 7.53 7.70 7.88 8.05 8.24 8.42 8.61 8.80 9.00 9.20 9.41 9.61 9.83 10.04 10.26 10.48 10.69 10.88 11.04 11.17 11.27 11.34 11.39 11.40 11.38 11.33 11.25 11.13 10.99 10.80 10.59 10.34 10.06 9.74 9.38 8.99 8.56 8.15 7.78 7.46 7.20 6.98 6.80 6.67 6.58 6.53 6.52 6.54 6.60 6.69 6.81 6.97 7.14
6.12 6.03 5.96 5.89 5.84 5.79 5.74 5.70 5.67 5.65 5.63 5.62 5.62 5.63 5.64 5.67 5.71 5.76 5.82 5.89 5.98 6.07 6.18 6.31 6.44 6.58 6.72 6.86 7.01 7.17 7.33 7.49 7.66 7.83 8.00 8.18 8.37 8.55 8.74 8.94 9.13 9.33 9.54 9.75 9.96 10.17 10.37 10.55 10.70 10.82 10.92 10.98 11.01 11.01 10.98 10.91 10.82 10.69 10.53 10.33 10.10 9.83 9.53 9.19 8.81 8.41 8.01 7.66 7.36 7.10 6.90 6.74 6.62 6.54 6.51 6.51 6.55 6.62 6.72 6.86 7.02 7.21
5.85 5.76 5.68 5.61 5.56 5.51 5.46 5.42 5.39 5.36 5.34 5.33 5.33 5.34 5.35 5.38 5.42 5.46 5.52 5.59 5.68 5.77 5.88 6.00 6.12 6.25 6.38 6.51 6.65 6.80 6.95 7.10 7.26 7.42 7.58 7.75 7.93 8.10 8.28 8.47 8.66 8.85 9.04 9.24 9.44 9.64 9.85 10.04 10.22 10.36 10.47 10.55 10.60 10.63 10.61 10.57 10.49 10.38 10.24 10.06 9.85 9.60 9.32 9.00 8.64 8.25 7.87 7.54 7.25 7.02 6.83 6.68 6.58 6.52 6.50 6.52 6.57 6.65 6.77 6.92 7.09 7.30
5.58 5.48 5.40 5.34 5.28 5.23 5.18 5.14 5.10 5.08 5.06 5.05 5.04 5.05 5.06 5.09 5.12 5.17 5.23 5.30 5.38 5.48 5.58 5.68 5.80 5.91 6.03 6.16 6.29 6.43 6.57 6.71 6.86 7.01 7.16 7.32 7.49 7.66 7.83 8.00 8.18 8.36 8.55 8.73 8.93 9.12 9.32 9.52 9.71 9.87 10.01 10.11 10.18 10.23 10.24 10.21 10.16 10.07 9.95 9.79 9.60 9.37 9.10 8.80 8.47 8.10 7.73 7.42 7.15 6.94 6.77 6.64 6.56 6.51 6.51 6.54 6.61 6.71 6.84 7.00 7.19 7.41
5.31 5.21 5.13 5.06 5.01 4.95 4.90 4.86 4.83 4.80 4.78 4.76 4.76 4.76 4.78 4.80 4.84 4.88 4.94 5.01 5.09 5.17 5.27 5.36 5.47 5.58 5.69 5.80 5.93 6.05 6.18 6.32 6.46 6.60 6.75 6.90 7.05 7.21 7.37 7.54 7.71 7.88 8.06 8.24 8.42 8.61 8.80 8.99 9.18 9.36 9.52 9.65 9.75 9.81 9.84 9.84 9.81 9.74 9.64 9.51 9.34 9.13 8.89 8.61 8.29 7.94 7.60 7.31 7.06 6.87 6.72 6.61 6.54 6.52 6.53 6.58 6.66 6.78 6.93 7.10 7.31 7.54
5.04 4.95 4.86 4.79 4.73 4.68 4.63 4.59 4.55 4.52 4.50 4.48 4.48 4.48 4.49 4.52 4.55 4.59 4.65 4.72 4.79 4.87 4.95 5.04 5.14 5.24 5.34 5.45 5.56 5.68 5.80 5.93 6.06 6.19 6.33 6.48 6.62 6.77 6.93 7.09 7.25 7.41 7.58 7.75 7.93 8.10 8.28 8.47 8.65 8.84 9.02 9.17 9.30 9.38 9.44 9.47 9.46 9.41 9.34 9.22 9.08 8.89 8.67 8.42 8.12 7.79 7.47 7.20 6.98 6.80 6.67 6.59 6.54 6.53 6.56 6.63 6.73 6.87 7.04 7.23 7.45 7.70
4.78 4.68 4.60 4.53 4.47 4.41 4.36 4.32 4.28 4.25 4.22 4.21 4.20 4.20 4.21 4.24 4.27 4.31 4.36 4.42 4.49 4.56 4.64 4.72 4.81 4.90 4.99 5.09 5.20 5.31 5.42 5.54 5.67 5.79 5.93 6.06 6.20 6.34 6.49 6.64 6.79 6.95 7.11 7.28 7.44 7.61 7.79 7.96 8.14 8.32 8.51 8.68 8.83 8.94 9.03 9.08 9.09 9.07 9.02 8.93 8.81 8.65 8.46 8.22 7.95 7.65 7.35 7.10 6.90 6.75 6.64 6.57 6.55 6.56 6.62 6.70 6.83 6.98 7.17 7.38 7.62 7.86
4.53 4.43 4.34 4.27 4.20 4.15 4.10 4.05 4.01 3.98 3.95 3.94 3.93 3.93 3.94 3.96 3.99 4.03 4.08 4.13 4.19 4.25 4.32 4.40 4.48 4.56 4.65 4.74 4.84 4.94 5.05 5.16 5.28 5.40 5.52 5.65 5.78 5.92 6.06 6.20 6.35 6.50 6.66 6.81 6.97 7.14 7.30 7.47 7.65 7.82 8.00 8.18 8.35 8.49 8.60 8.67 8.72 8.73 8.70 8.64 8.54 8.41 8.24 8.03 7.79 7.51 7.23 7.01 6.83 6.70 6.62 6.57 6.57 6.61 6.68 6.79 6.94 7.11 7.32 7.55 7.78 8.01
4.28 4.17 4.09 4.01 3.95 3.89 3.84 3.79 3.75 3.71 3.69 3.67 3.66 3.66 3.67 3.69 3.71 3.75 3.79 3.84 3.89 3.95 4.01 4.08 4.15 4.23 4.31 4.40 4.49 4.58 4.69 4.79 4.90 5.01 5.13 5.25 5.38 5.51 5.64 5.78 5.92 6.07 6.21 6.36 6.52 6.68 6.84 7.00 7.17 7.33 7.51 7.68 7.86 8.02 8.16 8.26 8.33 8.37 8.37 8.34 8.27 8.16 8.02 7.84 7.62 7.37 7.12 6.92 6.77 6.67 6.61 6.59 6.61 6.67 6.77 6.90 7.07 7.26 7.49 7.72 7.94 8.16
4.03 3.93 3.84 3.76 3.70 3.64 3.58 3.53 3.49 3.46 3.43 3.41 3.40 3.39 3.40 3.42 3.44 3.47 3.51 3.55 3.59 3.64 3.70 3.76 3.83 3.90 3.98 4.06 4.14 4.23 4.33 4.43 4.53 4.64 4.75 4.87 4.99 5.11 5.24 5.37 5.51 5.64 5.79 5.93 6.08 6.23 6.39 6.54 6.71 6.87 7.04 7.20 7.38 7.55 7.71 7.84 7.94 8.01 8.04 8.03 7.99 7.92 7.80 7.65 7.46 7.23 7.02 6.84 6.72 6.64 6.61 6.61 6.66 6.75 6.87 7.02 7.21 7.43 7.65 7.87 8.09 8.30
3.80 3.69 3.60 3.52 3.45 3.39 3.33 3.28 3.24 3.20 3.17 3.15 3.14 3.14 3.14 3.15 3.17 3.20 3.22 3.26 3.30 3.35 3.40 3.45 3.51 3.58 3.65 3.73 3.81 3.89 3.98 4.08 4.17 4.28 4.38 4.49 4.61 4.73 4.85 4.98 5.11 5.24 5.38 5.52 5.66 5.81 5.96 6.11 6.27 6.42 6.59 6.75 6.92 7.09 7.26 7.42 7.55 7.64 7.70 7.73 7.72 7.67 7.58 7.46 7.30 7.10 6.91 6.77 6.68 6.63 6.62 6.65 6.73 6.84 6.99 7.17 7.38 7.60 7.81 8.02 8.23 8.43
3.57 3.45 3.36 3.28 3.21 3.15 3.09 3.04 3.00 2.96 2.93 2.90 2.89 2.88 2.89 2.89 2.91 2.92 2.95 2.98 3.01 3.05 3.10 3.15 3.21 3.27 3.33 3.41 3.48 3.56 3.65 3.74 3.83 3.93 4.03 4.14 4.25 4.36 4.48 4.60 4.72 4.85 4.99 5.12 5.26 5.40 5.55 5.70 5.85 6.00 6.16 6.32 6.48 6.65 6.81 6.98 7.14 7.27 7.36 7.42 7.44 7.42 7.37 7.28 7.15 6.98 6.82 6.71 6.64 6.62 6.64 6.70 6.81 6.94 7.12 7.32 7.54 7.75 7.95 8.15 8.35 8.54
3.34 3.23 3.13 3.05 2.98 2.92 2.86 2.81 2.76 2.72 2.69 2.66 2.65 2.64 2.63 2.64 2.64 2.66 2.68 2.70 2.73 2.77 2.81 2.86 2.91 2.97 3.03 3.10 3.17 3.24 3.32 3.41 3.50 3.59 3.69 3.79 3.90 4.01 4.12 4.24 4.36 4.49 4.62 4.75 4.88 5.02 5.16 5.31 5.46 5.61 5.76 5.92 6.08 6.24 6.40 6.57 6.73 6.89 7.02 7.10 7.16 7.17 7.15 7.09 6.99 6.86 6.73 6.65 6.62 6.63 6.68 6.77 6.90 7.07 7.27 7.48 7.68 7.88 8.08 8.27 8.46 8.65
3.13 3.01 2.91 2.83 2.76 2.69 2.63 2.58 2.53 2.49 2.45 2.43 2.41 2.39 2.39 2.39 2.39 2.40 2.42 2.44 2.47 2.50 2.54 2.58 2.63 2.68 2.74 2.80 2.87 2.94 3.02 3.10 3.19 3.28 3.37 3.47 3.57 3.68 3.79 3.90 4.02 4.14 4.27 4.40 4.53 4.67 4.80 4.95 5.09 5.24 5.39 5.54 5.70 5.86 6.02 6.18 6.34 6.51 6.67 6.79 6.88 6.93 6.94 6.91 6.85 6.75 6.65 6.60 6.60 6.64 6.73 6.85 7.01 7.20 7.41 7.61 7.81 8.00 8.19 8.38 8.56 8.73
2.92 2.80 2.70 2.62 2.55 2.48 2.41 2.36 2.31 2.26 2.23 2.20 2.18 2.16 2.15 2.15 2.15 2.15 2.17 2.18 2.21 2.24 2.27 2.31 2.36 2.41 2.46 2.52 2.59 2.66 2.73 2.81 2.89 2.98 3.07 3.17 3.27 3.37 3.48 3.59 3.71 3.83 3.95 4.07 4.20 4.34 4.47 4.61 4.75 4.90 5.05 5.20 5.35 5.50 5.66 5.82 5.99 6.15 6.32 6.47 6.59 6.68 6.73 6.74 6.71 6.64 6.58 6.57 6.60 6.67 6.79 6.94 7.13 7.33 7.53 7.72 7.91 8.10 8.28 8.46 8.63 8.80
2.72 2.60 2.50 2.41 2.34 2.27 2.21 2.15 2.10 2.05 2.01 1.98 1.95 1.94 1.92 1.91 1.91 1.92 1.93 1.94 1.96 1.99 2.02 2.06 2.10 2.15 2.20 2.26 2.32 2.39 2.46 2.54 2.62 2.70 2.79 2.89 2.98 3.09 3.19 3.30 3.41 3.53 3.65 3.78 3.90 4.03 4.17 4.30 4.44 4.59 4.73 4.88 5.03 5.19 5.34 5.50 5.66 5.83 5.99 6.16 6.31 6.44 6.52 6.56 6.57 6.54 6.52 6.54 6.60 6.71 6.86 7.05 7.24 7.44 7.63 7.81 8.00 8.18 8.35 8.52 8.69 8.86
2.54 2.41 2.31 2.22 2.14 2.07 2.01 1.95 1.89 1.85 1.80 1.77 1.74 1.72 1.71 1.70 1.69 1.69 1.70 1.72 1.74 1.76 1.79 1.83 1.87 1.91 1.96 2.02 2.08 2.14 2.21 2.29 2.37 2.45 2.54 2.63 2.73 2.83 2.93 3.04 3.15 3.27 3.38 3.51 3.63 3.76 3.89 4.03 4.17 4.31 4.45 4.60 4.75 4.90 5.06 5.22 5.38 5.54 5.70 5.87 6.04 6.19 6.31 6.40 6.44 6.45 6.46 6.52 6.62 6.77 6.95 7.14 7.33 7.51 7.70 7.88 8.06 8.23 8.40 8.57 8.73 8.89
2.36 2.23 2.13 2.04 1.96 1.88 1.82 1.75 1.70 1.65 1.61 1.57 1.54 1.52 1.50 1.49 1.49 1.49 1.49 1.51 1.52 1.55 1.58 1.61 1.65 1.69 1.74 1.80 1.86 1.92 1.99 2.06 2.14 2.22 2.31 2.40 2.49 2.59 2.70 2.80 2.91 3.03 3.15 3.27 3.39 3.52 3.65 3.79 3.93 4.07 4.21 4.36 4.51 4.66 4.81 4.97 5.13 5.29 5.45 5.62 5.79 5.96 6.11 6.23 6.32 6.36 6.42 6.51 6.65 6.83 7.02 7.20 7.39 7.57 7.75 7.92 8.10 8.26 8.43 8.59 8.75 8.90
2.19 2.06 1.95 1.86 1.78 1.71 1.64 1.57 1.52 1.47 1.42 1.39 1.36 1.33 1.31 1.30 1.30 1.30 1.30 1.31 1.33 1.35 1.38 1.41 1.45 1.50 1.54 1.60 1.66 1.72 1.79 1.86 1.94 2.02 2.11 2.20 2.29 2.39 2.49 2.60 2.71 2.82 2.94 3.06 3.19 3.31 3.45 3.58 3.72 3.86 4.00 4.15 4.30 4.45 4.60 4.76 4.92 5.08 5.25 5.41 5.58 5.75 5.92 6.08 6.20 6.29 6.38 6.51 6.69 6.87 7.06 7.24 7.42 7.59 7.77 7.94 8.11 8.27 8.43 8.59 8.74 8.89
2.03 1.90 1.79 1.70 1.62 1.54 1.47 1.41 1.35 1.30 1.26 1.22 1.19 1.16 1.14 1.13 1.13 1.12 1.13 1.14 1.16 1.18 1.21 1.24 1.28 1.32 1.37 1.42 1.48 1.55 1.61 1.69 1.76 1.85 1.93 2.02 2.12 2.22 2.32 2.43 2.54 2.65 2.77 2.89 3.01 3.14 3.27 3.41 3.55 3.69 3.83 3.98 4.13 4.28 4.44 4.59 4.75 4.92 5.08 5.25 5.41 5.59 5.76 5.93 6.09 6.22 6.35 6.52 6.70 6.89 7.07 7.24 7.42 7.59 7.76 7.93 8.09 8.25 8.41 8.56 8.71 8.86
1.86 1.75 1.64 1.55 1.47 1.39 1.32 1.25 1.20 1.15 1.10 1.07 1.04 1.01 0.99 0.98 0.97 0.97 0.98 0.99 1.01 1.03 1.06 1.09 1.13 1.17 1.22 1.28 1.34 1.40 1.47 1.54 1.62 1.70 1.79 1.88 1.97 2.07 2.18 2.29 2.40 2.51 2.63 2.75 2.88 3.01 3.14 3.28 3.42 3.56 3.70 3.85 4.00 4.15 4.31 4.47 4.63 4.79 4.96 5.13 5.30 5.47 5.64 5.82 5.99 6.16 6.33 6.51 6.69 6.87 7.04 7.22 7.39 7.56 7.72 7.89 8.05 8.21 8.36 8.51 8.66 8.80
1.70 1.59 1.50 1.41 1.33 1.25 1.18 1.12 1.06 1.01 0.97 0.93 0.90 0.88 0.86 0.85 0.84 0.84 0.85 0.86 0.88 0.90 0.93 0.97 1.01 1.05 1.10 1.16 1.22 1.28 1.35 1.43 1.50 1.59 1.68 1.77 1.86 1.97 2.07 2.18 2.29 2.41 2.53 2.65 2.78 2.91 3.04 3.18 3.32 3.47 3.61 3.76 3.91 4.07 4.23 4.39 4.55 4.71 4.88 5.05 5.22 5.40 5.57 5.75 5.93 6.11 6.29 6.46 6.64 6.82 6.99 7.16 7.33 7.50 7.66 7.82 7.98 8.13 8.28 8.43 8.57 8.71
1.53 1.44 1.35 1.28 1.21 1.13 1.06 1.00 0.95 0.90 0.85 0.82 0.79 0.77 0.75 0.74 0.73 0.73 0.74 0.75 0.77 0.80 0.83 0.86 0.90 0.95 1.00 1.06 1.12 1.18 1.25 1.33 1.41 1.49 1.58 1.68 1.78 1.88 1.98 2.09 2.21 2.32 2.45 2.57 2.70 2.83 2.97 3.11 3.25 3.39 3.54 3.69 3.85 4.00 4.16 4.32 4.49 4.66 4.83 5.00 5.17 5.35 5.52 5.70 5.88 6.06 6.24 6.41 6.58 6.76 6.93 7.09 7.26 7.42 7.58 7.74 7.90 8.05 8.20 8.34 8.48 8.62
1.36 1.28 1.21 1.15 1.10 1.04 0.97 0.91 0.85 0.80 0.76 0.72 0.70 0.67 0.66 0.65 0.64 0.64 0.65 0.67 0.68 0.71 0.74 0.78 0.82 0.86 0.92 0.97 1.03 1.10 1.17 1.25 1.33 1.42 1.51 1.60 1.70 1.80 1.91 2.02 2.14 2.26 2.38 2.50 2.63 2.77 2.90 3.04 3.19 3.33 3.48 3.64 3.79 3.95 4.11 4.27 4.44 4.61 4.78 4.95 5.13 5.30 5.48 5.66 5.84 6.01 6.19 6.36 6.53 6.70 6.86 7.03 7.19 7.35 7.51 7.67 7.82 7.97 8.11 8.25 8.39 8.53
1.19 1.12 1.07 1.03 0.99 0.95 0.89 0.83 0.78 0.73 0.69 0.65 0.62 0.60 0.58 0.57 0.57 0.57 0.58 0.59 0.61 0.64 0.67 0.71 0.75 0.80 0.85 0.91 0.97 1.04 1.11 1.18 1.27 1.35 1.44 1.54 1.64 1.74 1.85 1.96 2.08 2.20 2.32 2.45 2.58 2.71 2.85 2.99 3.14 3.29 3.44 3.59 3.75 3.91 4.07 4.23 4.40 4.57 4.74 4.92 5.09 5.27 5.45 5.63 5.80 5.97 6.14 6.31 6.47 6.64 6.80 6.97 7.13 7.28 7.44 7.59 7.74 7.89 8.03 8.17 8.30 8.43
1.02 0.97 0.93 0.91 0.89 0.86 0.82 0.77 0.72 0.67 0.63 0.59 0.57 0.54 0.53 0.52 0.51 0.52 0.52 0.54 0.56 0.58 0.62 0.65 0.69 0.74 0.80 0.85 0.92 0.98 1.06 1.13 1.22 1.30 1.39 1.49 1.59 1.70 1.80 1.92 2.03 2.15 2.28 2.41 2.54 2.67 2.81 2.95 3.10 3.25 3.40 3.55 3.71 3.87 4.03 4.20 4.37 4.54 4.71 4.89 5.06 5.24 5.42 5.59 5.76 5.93 6.09 6.26 6.42 6.58 6.74 6.90 7.06 7.21 7.37 7.52 7.66 7.81 7.95 8.08 8.21 8.34
0.86 0.83 0.81 0.80 0.80 0.78 0.76 0.72 0.68 0.63 0.59 0.56 0.53 0.51 0.49 0.48 0.48 0.48 0.49 0.50 0.52 0.55 0.58 0.61 0.66 0.70 0.76 0.81 0.88 0.95 1.02 1.10 1.18 1.27 1.36 1.45 1.56 1.66 1.77 1.88 2.00 2.12 2.25 2.37 2.51 2.64 2.78 2.92 3.07 3.22 3.37 3.53 3.68 3.85 4.01 4.18 4.34 4.52 4.69 4.87 5.04 5.22 5.39 5.56 5.73 5.89 6.05 6.21 6.37 6.53 6.69 6.84 7.00 7.15 7.30 7.44 7.59 7.73 7.86 8.00 8.13 8.25
0.71 0.69 0.68 0.69 0.70 0.70 0.70 0.68 0.65 0.61 0.57 0.54 0.51 0.48 0.47 0.46 0.45 0.46 0.46 0.48 0.50 0.52 0.55 0.59 0.63 0.68 0.73 0.79 0.85 0.92 0.99 1.07 1.16 1.24 1.33 1.43 1.53 1.64 1.75 1.86 1.98 2.10 2.22 2.35 2.48 2.62 2.76 2.90 3.05 3.20 3.35 3.51 3.67 3.83 3.99 4.16 4.33 4.50 4.68 4.85 5.03 5.20 5.37 5.53 5.70 5.86 6.01 6.17 6.32 6.48 6.63 6.78 6.93 7.08 7.23 7.37 7.51 7.65 7.78 7.91 8.04 8.16
0.56 0.56 0.56 0.59 0.61 0.63 0.64 0.63 0.62 0.60 0.57 0.53 0.50 0.48 0.46 0.45 0.45 0.45 0.46 0.47 0.49 0.51 0.54 0.58 0.62 0.67 0.72 0.78 0.84 0.91 0.98 1.06 1.14 1.23 1.32 1.42 1.52 1.62 1.73 1.85 1.96 2.09 2.21 2.34 2.47 2.61 2.75 2.89 3.04 3.19 3.34 3.50 3.66 3.82 3.98 4.15 4.32 4.49 4.67 4.84 5.01 5.18 5.34 5.51 5.67 5.82 5.97 6.13 6.28 6.43 6.58 6.73 6.87 7.02 7.16 7.30 7.44 7.57 7.70 7.83 7.95 8.07
0.42 0.43 0.45 0.49 0.53 0.56 0.58 0.59 0.59 0.59 0.57 0.54 0.52 0.49 0.47 0.46 0.46 0.46 0.46 0.48 0.50 0.52 0.55 0.59 0.63 0.67 0.72 0.78 0.84 0.91 0.98 1.06 1.14 1.23 1.32 1.42 1.52 1.62 1.73 1.84 1.96 2.08 2.21 2.34 2.47 2.60 2.74 2.89 3.03 3.18 3.34 3.49 3.65 3.81 3.98 4.15 4.32 4.49 4.66 4.83 5.00 5.16 5.32 5.48 5.64 5.79 5.94 6.09 6.23 6.38 6.53 6.67 6.82 6.96 7.10 7.23 7.37 7.50 7.63 7.75 7.87 7.99
0.29 0.31 0.34 0.39 0.45 0.49 0.53 0.55 0.57 0.57 0.57 0.56 0.54 0.52 0.50 0.49 0.48 0.48 0.49 0.50 0.51 0.54 0.57 0.60 0.64 0.69 0.74 0.80 0.86 0.92 1.00 1.07 1.15 1.24 1.33 1.43 1.53 1.63 1.74 1.85 1.97 2.09 2.21 2.34 2.47 2.61 2.75 2.89 3.04 3.19 3.34 3.50 3.65 3.82 3.98 4.15 4.32 4.49 4.66 4.82 4.98 5.14 5.30 5.46 5.61 5.76 5.90 6.05 6.19 6.34 6.48 6.62 6.76 6.90 7.04 7.17 7.30 7.43 7.55 7.67 7.79 7.90
